"","AGB_Change","Plot","PercentRemoved"
"1",-32414.4226852564,"ACDG_P015",25
"2",-39421.0682099248,"ACDG_P015",50
"3",-96347.8763748878,"ACDG_P015",100
"4",-21938.7135446342,"ACDG_P015",25
"5",-67162.1785402544,"ACDG_P015",50
"6",-85347.3807378167,"ACDG_P015",100
"7",-29113.6797677943,"ACDG_P015",25
"8",-53421.9641147284,"ACDG_P015",50
"9",-96067.1290923015,"ACDG_P015",100
"10",-4634.4992748386,"ACDG_P015",25
"11",-33724.0948626689,"ACDG_P015",50
"12",-77331.1282363238,"ACDG_P015",100
"13",-35388.2059829818,"ACDG_P015",25
"14",-36069.8692886313,"ACDG_P015",50
"15",-97928.5492262896,"ACDG_P015",100
"16",-14934.0768036871,"ACDG_P015",25
"17",-31552.6042323491,"ACDG_P015",50
"18",-101504.916440286,"ACDG_P015",100
"19",-15943.7528794848,"ACDG_P015",25
"20",-42472.7150429934,"ACDG_P015",50
"21",-101557.0603137,"ACDG_P015",100
"22",-17608.8077725898,"ACDG_P015",25
"23",-59061.6369289036,"ACDG_P015",50
"24",-87452.3339435961,"ACDG_P015",100
"25",-39014.1917658721,"ACDG_P015",25
"26",-57128.8244089493,"ACDG_P015",50
"27",-85828.1057960465,"ACDG_P015",100
"28",-22854.1945274999,"ACDG_P015",25
"29",-54390.5359596729,"ACDG_P015",50
"30",-96768.1067783023,"ACDG_P015",100
"31",-26266.0143550294,"ACDG_P015",25
"32",-37733.3833783921,"ACDG_P015",50
"33",-92156.3873986027,"ACDG_P015",100
"34",-17161.1855955343,"ACDG_P015",25
"35",-52973.0716765334,"ACDG_P015",50
"36",-99149.8269002567,"ACDG_P015",100
"37",-13766.3445426957,"ACDG_P015",25
"38",-53683.6572011016,"ACDG_P015",50
"39",-100000.214658817,"ACDG_P015",100
"40",-25379.2907218028,"ACDG_P015",25
"41",-28644.2535942007,"ACDG_P015",50
"42",-79554.2871708701,"ACDG_P015",100
"43",-32696.277652096,"ACDG_P015",25
"44",-39083.3838678295,"ACDG_P015",50
"45",-94916.3325183748,"ACDG_P015",100
"46",-22921.0883826779,"ACDG_P015",25
"47",-42834.3011399809,"ACDG_P015",50
"48",-98224.9822362843,"ACDG_P015",100
"49",-32284.5698690694,"ACDG_P015",25
"50",-52172.6021441894,"ACDG_P015",50
"51",-95828.5152216986,"ACDG_P015",100
"52",-20701.0293583792,"ACDG_P015",25
"53",-42739.8407156657,"ACDG_P015",50
"54",-104897.339061936,"ACDG_P015",100
"55",-31738.7322249801,"ACDG_P015",25
"56",-60543.7742234599,"ACDG_P015",50
"57",-93019.0241378623,"ACDG_P015",100
"58",-27495.929186022,"ACDG_P015",25
"59",-52900.184553269,"ACDG_P015",50
"60",-87253.8365196969,"ACDG_P015",100
"61",-13794.6387561374,"ACDG_P015",25
"62",-37315.2834612072,"ACDG_P015",50
"63",-88792.8226339676,"ACDG_P015",100
"64",-26999.1553615271,"ACDG_P015",25
"65",-37306.9268969354,"ACDG_P015",50
"66",-80573.1077008906,"ACDG_P015",100
"67",-25859.2302576697,"ACDG_P015",25
"68",-36575.9662030411,"ACDG_P015",50
"69",-87504.2246619537,"ACDG_P015",100
"70",-32643.6881852925,"ACDG_P015",25
"71",-40868.1419179658,"ACDG_P015",50
"72",-92965.1662443533,"ACDG_P015",100
"73",-19280.3188034618,"ACDG_P015",25
"74",-51573.5160944107,"ACDG_P015",50
"75",-91774.3880178445,"ACDG_P015",100
"76",-15827.6427270949,"ACDG_P015",25
"77",-44540.7835901208,"ACDG_P015",50
"78",-103514.185532224,"ACDG_P015",100
"79",-21688.0756429756,"ACDG_P015",25
"80",-48783.6864276306,"ACDG_P015",50
"81",-86950.4342722151,"ACDG_P015",100
"82",-40679.2234801831,"ACDG_P015",25
"83",-48995.0320046941,"ACDG_P015",50
"84",-103480.444501405,"ACDG_P015",100
"85",-29964.4241336999,"ACDG_P015",25
"86",-39393.3660217243,"ACDG_P015",50
"87",-94717.7000068623,"ACDG_P015",100
"88",-22664.0370248384,"ACDG_P015",25
"89",-42070.4691953557,"ACDG_P015",50
"90",-99974.3322848326,"ACDG_P015",100
"91",-29835.578498977,"ACDG_P015",25
"92",-51865.8657759802,"ACDG_P015",50
"93",-82493.9961762928,"ACDG_P015",100
"94",-38351.6640546221,"ACDG_P015",25
"95",-37062.8370313584,"ACDG_P015",50
"96",-82733.5230724873,"ACDG_P015",100
"97",-27831.9918507567,"ACDG_P015",25
"98",-41866.518310503,"ACDG_P015",50
"99",-97638.584907786,"ACDG_P015",100
"100",-32444.8685780068,"ACDG_P015",25
"101",-61058.453909272,"ACDG_P015",50
"102",-74417.516948059,"ACDG_P015",100
"103",-25411.7636916772,"ACDG_P015",25
"104",-68975.5282475483,"ACDG_P015",50
"105",-95209.6644088966,"ACDG_P015",100
"106",-14749.0013639379,"ACDG_P015",25
"107",-47867.492773582,"ACDG_P015",50
"108",-101970.63184234,"ACDG_P015",100
"109",-15798.0553311351,"ACDG_P015",25
"110",-35920.4595275958,"ACDG_P015",50
"111",-83530.0293578081,"ACDG_P015",100
"112",-23931.0143697385,"ACDG_P015",25
"113",-39097.9728882019,"ACDG_P015",50
"114",-98731.9744020722,"ACDG_P015",100
"115",-39198.3343497222,"ACDG_P015",25
"116",-21139.3620516667,"ACDG_P015",50
"117",-106002.476347542,"ACDG_P015",100
"118",-14560.3621575118,"ACDG_P015",25
"119",-42082.5293798256,"ACDG_P015",50
"120",-102094.073184237,"ACDG_P015",100
"121",-19920.4561711761,"ACDG_P015",25
"122",-58655.196522238,"ACDG_P015",50
"123",-84953.9169975522,"ACDG_P015",100
"124",-27813.9144119686,"ACDG_P015",25
"125",-42609.3778128683,"ACDG_P015",50
"126",-96267.235463025,"ACDG_P015",100
"127",-15422.7463181885,"ACDG_P015",25
"128",-26512.7449131421,"ACDG_P015",50
"129",-90950.5159536656,"ACDG_P015",100
"130",-24228.4281457982,"ACDG_P015",25
"131",-45102.8549629169,"ACDG_P015",50
"132",-95378.5252482796,"ACDG_P015",100
"133",-21361.776965638,"ACDG_P015",25
"134",-55049.7391744046,"ACDG_P015",50
"135",-91433.9985670042,"ACDG_P015",100
"136",-26374.4459904069,"ACDG_P015",25
"137",-28003.8603343759,"ACDG_P015",50
"138",-85268.7015700526,"ACDG_P015",100
"139",-25318.2628376502,"ACDG_P015",25
"140",-49148.2486425438,"ACDG_P015",50
"141",-91719.4221152768,"ACDG_P015",100
"142",-22215.766704931,"ACDG_P015",25
"143",-43396.6518438173,"ACDG_P015",50
"144",-81992.2260374262,"ACDG_P015",100
"145",-31299.603893238,"ACDG_P015",25
"146",-62176.3299084363,"ACDG_P015",50
"147",-102010.288876645,"ACDG_P015",100
"148",-14851.8609916488,"ACDG_P015",25
"149",-48702.8536404413,"ACDG_P015",50
"150",-93153.3951941999,"ACDG_P015",100
"151",-15408.0980369335,"ACDG_P015",25
"152",-29864.6372373719,"ACDG_P015",50
"153",-93533.7579116047,"ACDG_P015",100
"154",-28727.9878575646,"ACDG_P015",25
"155",-39756.5423590467,"ACDG_P015",50
"156",-94777.2620824136,"ACDG_P015",100
"157",-26753.6089836793,"ACDG_P015",25
"158",-41116.102734255,"ACDG_P015",50
"159",-109193.648912178,"ACDG_P015",100
"160",-22102.3044346077,"ACDG_P015",25
"161",-66564.9731305013,"ACDG_P015",50
"162",-100309.149222576,"ACDG_P015",100
"163",-17293.5139924281,"ACDG_P015",25
"164",-43168.777972761,"ACDG_P015",50
"165",-73379.1891569315,"ACDG_P015",100
"166",-17845.0794625926,"ACDG_P015",25
"167",-58795.5817872895,"ACDG_P015",50
"168",-93326.1128088286,"ACDG_P015",100
"169",-21917.2835447046,"ACDG_P015",25
"170",-37758.7237248616,"ACDG_P015",50
"171",-98303.925213996,"ACDG_P015",100
"172",-12533.1131558918,"ACDG_P015",25
"173",-69761.0563475529,"ACDG_P015",50
"174",-94598.9796025185,"ACDG_P015",100
"175",-26119.8499598997,"ACDG_P015",25
"176",-51378.6623379892,"ACDG_P015",50
"177",-102376.496076339,"ACDG_P015",100
"178",-20390.2350082178,"ACDG_P015",25
"179",-38836.0848725717,"ACDG_P015",50
"180",-102083.796330941,"ACDG_P015",100
"181",-24862.503649629,"ACDG_P015",25
"182",-48761.0105333989,"ACDG_P015",50
"183",-89497.7883422628,"ACDG_P015",100
"184",-17677.1924173938,"ACDG_P015",25
"185",-51003.6322751491,"ACDG_P015",50
"186",-82365.1582827391,"ACDG_P015",100
"187",-22469.4313698647,"ACDG_P015",25
"188",-57012.8118398429,"ACDG_P015",50
"189",-94265.8165891536,"ACDG_P015",100
"190",-21854.4208067839,"ACDG_P015",25
"191",-37458.8264440029,"ACDG_P015",50
"192",-83418.2500722891,"ACDG_P015",100
"193",-24594.9669747046,"ACDG_P015",25
"194",-59489.7042830248,"ACDG_P015",50
"195",-78680.6093938736,"ACDG_P015",100
"196",-10848.7727287601,"ACDG_P015",25
"197",-51306.0605483487,"ACDG_P015",50
"198",-93721.676337555,"ACDG_P015",100
"199",-21733.1469117757,"ACDG_P015",25
"200",-60312.1898789762,"ACDG_P015",50
"201",-83880.5951462791,"ACDG_P015",100
"202",-12356.9348922783,"ACDG_P015",25
"203",-49235.6283003419,"ACDG_P015",50
"204",-82710.8996563586,"ACDG_P015",100
"205",-36953.3510653637,"ACDG_P015",25
"206",-58183.7694811531,"ACDG_P015",50
"207",-87820.7335701754,"ACDG_P015",100
"208",-17119.7168878268,"ACDG_P015",25
"209",-33878.6852827954,"ACDG_P015",50
"210",-90998.3396214098,"ACDG_P015",100
"211",-11704.0883198385,"ACDG_P015",25
"212",-59455.5082146699,"ACDG_P015",50
"213",-93343.4645780275,"ACDG_P015",100
"214",-15494.2537044913,"ACDG_P015",25
"215",-47912.8444175951,"ACDG_P015",50
"216",-89346.1778421197,"ACDG_P015",100
"217",-1030.40078275395,"ACDG_P015",25
"218",-60646.9697930788,"ACDG_P015",50
"219",-91336.256450393,"ACDG_P015",100
"220",-25580.3825950904,"ACDG_P015",25
"221",-60880.7077108928,"ACDG_P015",50
"222",-96778.0826276916,"ACDG_P015",100
"223",-22344.2295968933,"ACDG_P015",25
"224",-42069.3650318441,"ACDG_P015",50
"225",-102673.056116636,"ACDG_P015",100
"226",-11002.1579770318,"ACDG_P015",25
"227",-68174.1110239433,"ACDG_P015",50
"228",-75951.6506831176,"ACDG_P015",100
"229",-16868.7281236796,"ACDG_P015",25
"230",-33152.0398025418,"ACDG_P015",50
"231",-95584.8034034516,"ACDG_P015",100
"232",-24542.0460738919,"ACDG_P015",25
"233",-38528.119044454,"ACDG_P015",50
"234",-96738.2064532372,"ACDG_P015",100
"235",-19705.5750580169,"ACDG_P015",25
"236",-41411.2507720185,"ACDG_P015",50
"237",-95487.4539891757,"ACDG_P015",100
"238",-9213.50221726735,"ACDG_P015",25
"239",-27490.9197120412,"ACDG_P015",50
"240",-93663.8714289806,"ACDG_P015",100
"241",-30707.072338515,"ACDG_P015",25
"242",-31640.9517522753,"ACDG_P015",50
"243",-81595.4898761084,"ACDG_P015",100
"244",-23456.8421191841,"ACDG_P015",25
"245",-35900.0173442554,"ACDG_P015",50
"246",-79312.510066481,"ACDG_P015",100
"247",-24835.5624169399,"ACDG_P015",25
"248",-40466.6131407694,"ACDG_P015",50
"249",-94753.6894558703,"ACDG_P015",100
"250",-24880.7168322755,"ACDG_P015",25
"251",-63363.5979390454,"ACDG_P015",50
"252",-106007.469080175,"ACDG_P015",100
"253",-23379.3009917662,"ACDG_P015",25
"254",-40675.8176625834,"ACDG_P015",50
"255",-95114.0706765458,"ACDG_P015",100
"256",-30716.3021643542,"ACDG_P015",25
"257",-35376.8809173436,"ACDG_P015",50
"258",-84960.990133818,"ACDG_P015",100
"259",-10945.6677901307,"ACDG_P015",25
"260",-48465.7865743664,"ACDG_P015",50
"261",-95169.1494889847,"ACDG_P015",100
"262",-12321.0301605224,"ACDG_P015",25
"263",-49116.345792513,"ACDG_P015",50
"264",-93506.3022169455,"ACDG_P015",100
"265",-20691.0364697331,"ACDG_P015",25
"266",-49752.221065843,"ACDG_P015",50
"267",-87858.3997448525,"ACDG_P015",100
"268",-15893.0027709304,"ACDG_P015",25
"269",-50310.9230738907,"ACDG_P015",50
"270",-104532.335804805,"ACDG_P015",100
"271",-18315.714577884,"ACDG_P015",25
"272",-47971.3876643712,"ACDG_P015",50
"273",-82022.7183703958,"ACDG_P015",100
"274",-30228.3924374258,"ACDG_P015",25
"275",-46288.2191679389,"ACDG_P015",50
"276",-97395.7529699173,"ACDG_P015",100
"277",-28587.4209746317,"ACDG_P015",25
"278",-37719.8237541277,"ACDG_P015",50
"279",-92432.049133797,"ACDG_P015",100
"280",-30795.3253170506,"ACDG_P015",25
"281",-40452.97011942,"ACDG_P015",50
"282",-94248.3861244435,"ACDG_P015",100
"283",-14837.3302402387,"ACDG_P015",25
"284",-51307.5862925434,"ACDG_P015",50
"285",-89908.8656632966,"ACDG_P015",100
"286",-21186.9272371927,"ACDG_P015",25
"287",-43357.6274462273,"ACDG_P015",50
"288",-91170.7807114289,"ACDG_P015",100
"289",-22606.285194166,"ACDG_P015",25
"290",-40014.9031824909,"ACDG_P015",50
"291",-90857.0377559497,"ACDG_P015",100
"292",-14837.3063422265,"ACDG_P015",25
"293",-53254.8071701652,"ACDG_P015",50
"294",-103427.597731573,"ACDG_P015",100
"295",-12977.4633806878,"ACDG_P015",25
"296",-46809.4318300546,"ACDG_P015",50
"297",-84554.897957647,"ACDG_P015",100
"298",-24532.2197115718,"ACDG_P015",25
"299",-36089.4430231509,"ACDG_P015",50
"300",-93421.1336238803,"ACDG_P015",100
"301",-4635.43011797385,"ACDG_P016",25
"302",-3983.53630888148,"ACDG_P016",50
"303",7888.28685116422,"ACDG_P016",100
"304",2536.89858802615,"ACDG_P016",25
"305",-7700.2650283674,"ACDG_P016",50
"306",-6953.38221797335,"ACDG_P016",100
"307",-7359.43786817376,"ACDG_P016",25
"308",-12227.4384875265,"ACDG_P016",50
"309",-4265.48655276865,"ACDG_P016",100
"310",-10123.1803929514,"ACDG_P016",25
"311",4539.68712761824,"ACDG_P016",50
"312",-9142.21218008167,"ACDG_P016",100
"313",-1436.71857002453,"ACDG_P016",25
"314",14235.481128551,"ACDG_P016",50
"315",10992.3816302155,"ACDG_P016",100
"316",-4454.87059963713,"ACDG_P016",25
"317",8183.2459290305,"ACDG_P016",50
"318",-2260.16848245438,"ACDG_P016",100
"319",-148.924561353895,"ACDG_P016",25
"320",10788.4299430485,"ACDG_P016",50
"321",-6502.51810165716,"ACDG_P016",100
"322",954.803724889061,"ACDG_P016",25
"323",-17368.1991118341,"ACDG_P016",50
"324",-14619.158238727,"ACDG_P016",100
"325",-9058.09161952636,"ACDG_P016",25
"326",-7402.77122719286,"ACDG_P016",50
"327",-439.405000705534,"ACDG_P016",100
"328",-7137.99106243681,"ACDG_P016",25
"329",2788.95155756231,"ACDG_P016",50
"330",-12899.803759431,"ACDG_P016",100
"331",-1261.24148134116,"ACDG_P016",25
"332",-11704.991885782,"ACDG_P016",50
"333",-5641.26667774987,"ACDG_P016",100
"334",4764.03679440095,"ACDG_P016",25
"335",18772.9280591268,"ACDG_P016",50
"336",-2633.56855449366,"ACDG_P016",100
"337",-3806.66196566861,"ACDG_P016",25
"338",-852.760612315848,"ACDG_P016",50
"339",1635.42022128185,"ACDG_P016",100
"340",8257.77527632704,"ACDG_P016",25
"341",-7850.61279623702,"ACDG_P016",50
"342",4726.40346432966,"ACDG_P016",100
"343",5742.36474013235,"ACDG_P016",25
"344",-1666.40925941803,"ACDG_P016",50
"345",-14023.2170233284,"ACDG_P016",100
"346",-1071.50677132845,"ACDG_P016",25
"347",5724.4235792541,"ACDG_P016",50
"348",-9163.5780398385,"ACDG_P016",100
"349",2287.07733022582,"ACDG_P016",25
"350",-11888.6251089063,"ACDG_P016",50
"351",-8371.44716573934,"ACDG_P016",100
"352",1978.525739479,"ACDG_P016",25
"353",3987.8556627518,"ACDG_P016",50
"354",12105.9750096378,"ACDG_P016",100
"355",961.492781720328,"ACDG_P016",25
"356",-9561.32063234202,"ACDG_P016",50
"357",5603.95145513085,"ACDG_P016",100
"358",-4918.45092426692,"ACDG_P016",25
"359",9102.16031991239,"ACDG_P016",50
"360",-24.9607921208371,"ACDG_P016",100
"361",558.462760378548,"ACDG_P016",25
"362",1565.06163505628,"ACDG_P016",50
"363",12165.7247034363,"ACDG_P016",100
"364",6238.44406089539,"ACDG_P016",25
"365",791.936215250898,"ACDG_P016",50
"366",-11964.6888853403,"ACDG_P016",100
"367",6154.9994736099,"ACDG_P016",25
"368",107.568095540482,"ACDG_P016",50
"369",-7446.90740346891,"ACDG_P016",100
"370",-162.720528563688,"ACDG_P016",25
"371",-10294.0908642302,"ACDG_P016",50
"372",-15760.4126955611,"ACDG_P016",100
"373",-2664.59778146507,"ACDG_P016",25
"374",1157.3612010935,"ACDG_P016",50
"375",9220.65805129573,"ACDG_P016",100
"376",1082.45227706942,"ACDG_P016",25
"377",-7723.55530817853,"ACDG_P016",50
"378",4103.04182974997,"ACDG_P016",100
"379",-8911.61792028532,"ACDG_P016",25
"380",-3030.41743493878,"ACDG_P016",50
"381",-10414.0137450655,"ACDG_P016",100
"382",315.294913760503,"ACDG_P016",25
"383",-15200.2885182655,"ACDG_P016",50
"384",-4840.66732277028,"ACDG_P016",100
"385",-5183.55580142111,"ACDG_P016",25
"386",-8174.25000293675,"ACDG_P016",50
"387",-12449.1758586798,"ACDG_P016",100
"388",-3263.24288590404,"ACDG_P016",25
"389",-750.714318700106,"ACDG_P016",50
"390",1685.38448589548,"ACDG_P016",100
"391",-10067.4951642331,"ACDG_P016",25
"392",10631.0404124292,"ACDG_P016",50
"393",-9576.54012844447,"ACDG_P016",100
"394",-9093.62940770612,"ACDG_P016",25
"395",9133.17558162395,"ACDG_P016",50
"396",-452.16111375179,"ACDG_P016",100
"397",-59.0719549232745,"ACDG_P016",25
"398",7739.60659614063,"ACDG_P016",50
"399",-17918.7476278621,"ACDG_P016",100
"400",-5034.46194196848,"ACDG_P016",25
"401",-10880.735447716,"ACDG_P016",50
"402",-17782.1401340295,"ACDG_P016",100
"403",-1660.26458799065,"ACDG_P016",25
"404",-371.63505472496,"ACDG_P016",50
"405",-12833.7780257826,"ACDG_P016",100
"406",3151.67584362612,"ACDG_P016",25
"407",-4342.70120082473,"ACDG_P016",50
"408",-12245.8538376514,"ACDG_P016",100
"409",-4528.21971523139,"ACDG_P016",25
"410",-4865.17198658184,"ACDG_P016",50
"411",6379.78514559797,"ACDG_P016",100
"412",-5589.24859542152,"ACDG_P016",25
"413",5454.08314327939,"ACDG_P016",50
"414",-4568.54919983272,"ACDG_P016",100
"415",3782.0556518895,"ACDG_P016",25
"416",-9220.60207487553,"ACDG_P016",50
"417",-12162.872919934,"ACDG_P016",100
"418",2057.21079816515,"ACDG_P016",25
"419",-16586.5075310548,"ACDG_P016",50
"420",6981.00815256947,"ACDG_P016",100
"421",-8049.97713214063,"ACDG_P016",25
"422",-4197.59161173069,"ACDG_P016",50
"423",328.028402706404,"ACDG_P016",100
"424",228.406577816,"ACDG_P016",25
"425",-1165.4905785567,"ACDG_P016",50
"426",-6046.89964395945,"ACDG_P016",100
"427",-717.992346358835,"ACDG_P016",25
"428",-8455.00725647245,"ACDG_P016",50
"429",-4168.16425263791,"ACDG_P016",100
"430",-6060.35320878209,"ACDG_P016",25
"431",1612.38606450276,"ACDG_P016",50
"432",7009.30402262599,"ACDG_P016",100
"433",1257.69156626071,"ACDG_P016",25
"434",-5726.73286545099,"ACDG_P016",50
"435",14388.3674885817,"ACDG_P016",100
"436",3264.82095716137,"ACDG_P016",25
"437",4073.684311822,"ACDG_P016",50
"438",-12521.4509151672,"ACDG_P016",100
"439",476.395713909471,"ACDG_P016",25
"440",-9101.83830349942,"ACDG_P016",50
"441",-11088.4431846993,"ACDG_P016",100
"442",-1005.58405201661,"ACDG_P016",25
"443",-2590.56537488534,"ACDG_P016",50
"444",3477.62975730357,"ACDG_P016",100
"445",-11702.3268733743,"ACDG_P016",25
"446",-4204.8345754054,"ACDG_P016",50
"447",-2522.24642097187,"ACDG_P016",100
"448",-6035.55814026433,"ACDG_P016",25
"449",496.297526176553,"ACDG_P016",50
"450",-8600.04945740686,"ACDG_P016",100
"451",8597.60137764559,"ACDG_P016",25
"452",-10843.7064812194,"ACDG_P016",50
"453",674.32086828578,"ACDG_P016",100
"454",4900.59274377563,"ACDG_P016",25
"455",-1909.18646365672,"ACDG_P016",50
"456",3482.73817107023,"ACDG_P016",100
"457",6433.33269834716,"ACDG_P016",25
"458",-9070.9298176275,"ACDG_P016",50
"459",9910.83745183781,"ACDG_P016",100
"460",-5937.50916195559,"ACDG_P016",25
"461",10755.2507235174,"ACDG_P016",50
"462",-8655.70429285549,"ACDG_P016",100
"463",9155.59746224986,"ACDG_P016",25
"464",4384.42280697412,"ACDG_P016",50
"465",516.53643863817,"ACDG_P016",100
"466",-151.01000451119,"ACDG_P016",25
"467",-3016.94590058256,"ACDG_P016",50
"468",-4873.7092679303,"ACDG_P016",100
"469",-10747.2435722333,"ACDG_P016",25
"470",-839.545360199147,"ACDG_P016",50
"471",-7340.36733738717,"ACDG_P016",100
"472",4941.16028387652,"ACDG_P016",25
"473",3660.32974525736,"ACDG_P016",50
"474",-6667.14391430077,"ACDG_P016",100
"475",-1088.26750248135,"ACDG_P016",25
"476",-1859.48705621381,"ACDG_P016",50
"477",-18211.6622268422,"ACDG_P016",100
"478",10554.8894747848,"ACDG_P016",25
"479",5144.84632073803,"ACDG_P016",50
"480",-579.237163966405,"ACDG_P016",100
"481",-6152.85261773717,"ACDG_P016",25
"482",-1569.60107537365,"ACDG_P016",50
"483",-13291.1586179638,"ACDG_P016",100
"484",8795.97830933481,"ACDG_P016",25
"485",-6659.28606904767,"ACDG_P016",50
"486",-6934.08036014644,"ACDG_P016",100
"487",-19566.253512771,"ACDG_P016",25
"488",2569.27768813039,"ACDG_P016",50
"489",2234.86881743782,"ACDG_P016",100
"490",-4083.4822685252,"ACDG_P016",25
"491",-5866.44992103067,"ACDG_P016",50
"492",-10384.0043924455,"ACDG_P016",100
"493",222.995628871606,"ACDG_P016",25
"494",-10498.6979781156,"ACDG_P016",50
"495",10053.8673180072,"ACDG_P016",100
"496",-6209.3575740158,"ACDG_P016",25
"497",17894.6573698373,"ACDG_P016",50
"498",10163.686781045,"ACDG_P016",100
"499",-2398.54148119118,"ACDG_P016",25
"500",-8773.14661919279,"ACDG_P016",50
"501",-997.312787775794,"ACDG_P016",100
"502",6575.27797496144,"ACDG_P016",25
"503",-6690.54231714574,"ACDG_P016",50
"504",1337.76599845145,"ACDG_P016",100
"505",5440.31743367034,"ACDG_P016",25
"506",2585.79807805023,"ACDG_P016",50
"507",3081.38018853773,"ACDG_P016",100
"508",-1654.72735736478,"ACDG_P016",25
"509",-6828.78987320553,"ACDG_P016",50
"510",-15133.0444758924,"ACDG_P016",100
"511",2484.42836888842,"ACDG_P016",25
"512",-7141.28831901413,"ACDG_P016",50
"513",-10733.2753215316,"ACDG_P016",100
"514",-8115.25805404733,"ACDG_P016",25
"515",-10046.8147290068,"ACDG_P016",50
"516",-7739.69456004672,"ACDG_P016",100
"517",6609.54987072066,"ACDG_P016",25
"518",18808.2711376519,"ACDG_P016",50
"519",1544.66857528652,"ACDG_P016",100
"520",508.1836969961,"ACDG_P016",25
"521",-8645.26096459819,"ACDG_P016",50
"522",-1237.52211344877,"ACDG_P016",100
"523",-2738.13147101755,"ACDG_P016",25
"524",4888.10811140115,"ACDG_P016",50
"525",-15862.3408296372,"ACDG_P016",100
"526",-1431.91573627235,"ACDG_P016",25
"527",-7477.936333783,"ACDG_P016",50
"528",-1087.59818598544,"ACDG_P016",100
"529",-950.855955454201,"ACDG_P016",25
"530",-11764.8966223689,"ACDG_P016",50
"531",-5339.21947639622,"ACDG_P016",100
"532",258.554557518364,"ACDG_P016",25
"533",4606.72262368092,"ACDG_P016",50
"534",-2229.96485338002,"ACDG_P016",100
"535",1443.98329679092,"ACDG_P016",25
"536",-1830.34908947322,"ACDG_P016",50
"537",10771.6342671647,"ACDG_P016",100
"538",-5308.94260990791,"ACDG_P016",25
"539",-9264.58193236912,"ACDG_P016",50
"540",6293.22342719857,"ACDG_P016",100
"541",1404.31171813884,"ACDG_P016",25
"542",-6807.4194610565,"ACDG_P016",50
"543",-11491.4758164538,"ACDG_P016",100
"544",857.277810168482,"ACDG_P016",25
"545",-9419.62656431412,"ACDG_P016",50
"546",-3927.44162926302,"ACDG_P016",100
"547",8622.65269638706,"ACDG_P016",25
"548",1672.30883752418,"ACDG_P016",50
"549",27077.0074901142,"ACDG_P016",100
"550",128.05598287264,"ACDG_P016",25
"551",-7494.40531652293,"ACDG_P016",50
"552",4587.98035242487,"ACDG_P016",100
"553",-13739.7707487268,"ACDG_P016",25
"554",-6096.31154077669,"ACDG_P016",50
"555",-2055.94294186181,"ACDG_P016",100
"556",-10849.5547268066,"ACDG_P016",25
"557",4662.03713435523,"ACDG_P016",50
"558",-14397.8773705934,"ACDG_P016",100
"559",-8917.52424960374,"ACDG_P016",25
"560",484.940974533209,"ACDG_P016",50
"561",-4638.97495029829,"ACDG_P016",100
"562",1794.14281076076,"ACDG_P016",25
"563",-7186.14542916711,"ACDG_P016",50
"564",1920.95725486916,"ACDG_P016",100
"565",-2210.44900382028,"ACDG_P016",25
"566",9849.08929336691,"ACDG_P016",50
"567",-13499.2911403805,"ACDG_P016",100
"568",2254.30339770435,"ACDG_P016",25
"569",-3712.82377114572,"ACDG_P016",50
"570",7765.35945136452,"ACDG_P016",100
"571",1554.81534670916,"ACDG_P016",25
"572",-10614.5767974493,"ACDG_P016",50
"573",-16060.8977733486,"ACDG_P016",100
"574",5536.10730974615,"ACDG_P016",25
"575",-7006.92180979328,"ACDG_P016",50
"576",-6743.41249218167,"ACDG_P016",100
"577",-2368.5521614399,"ACDG_P016",25
"578",-10498.1790287349,"ACDG_P016",50
"579",4216.73761476111,"ACDG_P016",100
"580",6203.14181001476,"ACDG_P016",25
"581",-413.676108404121,"ACDG_P016",50
"582",8969.89235281263,"ACDG_P016",100
"583",-4990.27675411609,"ACDG_P016",25
"584",-1504.36838296187,"ACDG_P016",50
"585",-10702.3695692933,"ACDG_P016",100
"586",3269.99435959506,"ACDG_P016",25
"587",-6012.23029961571,"ACDG_P016",50
"588",-14182.6649617175,"ACDG_P016",100
"589",-2866.69552203667,"ACDG_P016",25
"590",-4848.6047729952,"ACDG_P016",50
"591",-8511.44060611195,"ACDG_P016",100
"592",10329.5184155795,"ACDG_P016",25
"593",118.584581671108,"ACDG_P016",50
"594",-9059.72829746589,"ACDG_P016",100
"595",776.264799077559,"ACDG_P016",25
"596",-1983.40101105362,"ACDG_P016",50
"597",-13800.2486009652,"ACDG_P016",100
"598",-8596.63305089841,"ACDG_P016",25
"599",8344.73828069685,"ACDG_P016",50
"600",-1250.45892092949,"ACDG_P016",100
"601",-19243.3377159367,"ACDG_P041",25
"602",17759.3510949801,"ACDG_P041",50
"603",-24853.5730771828,"ACDG_P041",100
"604",26083.09533558,"ACDG_P041",25
"605",30769.9461472866,"ACDG_P041",50
"606",-25890.0938422735,"ACDG_P041",100
"607",-20258.1758432405,"ACDG_P041",25
"608",-15516.3416771139,"ACDG_P041",50
"609",-31466.6151116589,"ACDG_P041",100
"610",6826.87282351177,"ACDG_P041",25
"611",-22923.4507207444,"ACDG_P041",50
"612",-12087.0713765586,"ACDG_P041",100
"613",12169.8409519881,"ACDG_P041",25
"614",504.244642551348,"ACDG_P041",50
"615",-19964.6973325879,"ACDG_P041",100
"616",-11352.3146927762,"ACDG_P041",25
"617",912.766586151614,"ACDG_P041",50
"618",-744.457587830198,"ACDG_P041",100
"619",-23652.7814993325,"ACDG_P041",25
"620",-887.691631939611,"ACDG_P041",50
"621",-4116.24712733767,"ACDG_P041",100
"622",5080.19446224411,"ACDG_P041",25
"623",-309.068796731066,"ACDG_P041",50
"624",13957.2064890303,"ACDG_P041",100
"625",505.711600129842,"ACDG_P041",25
"626",20781.1137618472,"ACDG_P041",50
"627",-14295.4630739631,"ACDG_P041",100
"628",14443.8100827659,"ACDG_P041",25
"629",8882.15511842404,"ACDG_P041",50
"630",17369.0730255393,"ACDG_P041",100
"631",4906.26340326126,"ACDG_P041",25
"632",-3903.52113831457,"ACDG_P041",50
"633",3585.78975657781,"ACDG_P041",100
"634",-18104.1068937755,"ACDG_P041",25
"635",-21167.3074870315,"ACDG_P041",50
"636",-8089.97616489866,"ACDG_P041",100
"637",-1197.57091441326,"ACDG_P041",25
"638",-20058.7851987346,"ACDG_P041",50
"639",6103.88570086472,"ACDG_P041",100
"640",-8875.92223893869,"ACDG_P041",25
"641",-3805.68216213753,"ACDG_P041",50
"642",-8334.65757946268,"ACDG_P041",100
"643",28101.5940841081,"ACDG_P041",25
"644",30520.1825066358,"ACDG_P041",50
"645",-7530.96023418009,"ACDG_P041",100
"646",345.003829924972,"ACDG_P041",25
"647",-12820.624221785,"ACDG_P041",50
"648",-2896.99539043353,"ACDG_P041",100
"649",-22744.4482690209,"ACDG_P041",25
"650",8253.25808041077,"ACDG_P041",50
"651",-38792.7874081553,"ACDG_P041",100
"652",-19486.1348903316,"ACDG_P041",25
"653",5426.57787921891,"ACDG_P041",50
"654",-9197.18473451736,"ACDG_P041",100
"655",10828.7543236387,"ACDG_P041",25
"656",25708.0302447776,"ACDG_P041",50
"657",9939.9488453542,"ACDG_P041",100
"658",82.7709932445432,"ACDG_P041",25
"659",6861.5875282872,"ACDG_P041",50
"660",24469.5706634437,"ACDG_P041",100
"661",9311.69225103664,"ACDG_P041",25
"662",-9794.8562040492,"ACDG_P041",50
"663",-11595.3444104712,"ACDG_P041",100
"664",-12593.7427000751,"ACDG_P041",25
"665",19133.2368494311,"ACDG_P041",50
"666",26494.5698119165,"ACDG_P041",100
"667",-16946.5605507483,"ACDG_P041",25
"668",-23394.5303023066,"ACDG_P041",50
"669",-8106.27796468715,"ACDG_P041",100
"670",9981.91858722561,"ACDG_P041",25
"671",15094.9628491003,"ACDG_P041",50
"672",-8397.1751931457,"ACDG_P041",100
"673",6723.56056668318,"ACDG_P041",25
"674",-33199.7989118541,"ACDG_P041",50
"675",-5825.70690019778,"ACDG_P041",100
"676",-21672.3537311365,"ACDG_P041",25
"677",11773.9580627905,"ACDG_P041",50
"678",4581.29367755115,"ACDG_P041",100
"679",6885.72845005395,"ACDG_P041",25
"680",38691.5044554619,"ACDG_P041",50
"681",20763.8602669915,"ACDG_P041",100
"682",2327.53447151638,"ACDG_P041",25
"683",-9140.57387960021,"ACDG_P041",50
"684",52157.1639094007,"ACDG_P041",100
"685",1437.59747837012,"ACDG_P041",25
"686",-30801.8285753142,"ACDG_P041",50
"687",-16970.757928315,"ACDG_P041",100
"688",-6422.30216534471,"ACDG_P041",25
"689",-9646.05333408731,"ACDG_P041",50
"690",-22583.3524554081,"ACDG_P041",100
"691",3839.68328665773,"ACDG_P041",25
"692",9182.69232710148,"ACDG_P041",50
"693",-3282.26518373156,"ACDG_P041",100
"694",12549.4944984888,"ACDG_P041",25
"695",-6468.37523718923,"ACDG_P041",50
"696",-18167.3508911059,"ACDG_P041",100
"697",13741.5151943555,"ACDG_P041",25
"698",-14715.2944461963,"ACDG_P041",50
"699",23582.7616800505,"ACDG_P041",100
"700",-3577.97414267657,"ACDG_P041",25
"701",-36.7816591788433,"ACDG_P041",50
"702",-1582.30381671072,"ACDG_P041",100
"703",22777.8614724444,"ACDG_P041",25
"704",-557.67131918919,"ACDG_P041",50
"705",-13371.0446123216,"ACDG_P041",100
"706",-3200.2787538229,"ACDG_P041",25
"707",9887.81815630023,"ACDG_P041",50
"708",12233.6383360205,"ACDG_P041",100
"709",6621.15636054613,"ACDG_P041",25
"710",-7565.33953864611,"ACDG_P041",50
"711",-17104.9543901335,"ACDG_P041",100
"712",-10296.9030200554,"ACDG_P041",25
"713",439.678104343824,"ACDG_P041",50
"714",-34811.600723106,"ACDG_P041",100
"715",3000.85198529373,"ACDG_P041",25
"716",-8187.81501416647,"ACDG_P041",50
"717",-19273.882572285,"ACDG_P041",100
"718",2814.65974943957,"ACDG_P041",25
"719",53260.0137237147,"ACDG_P041",50
"720",6860.91069669434,"ACDG_P041",100
"721",-6743.55471199861,"ACDG_P041",25
"722",-22502.7549608639,"ACDG_P041",50
"723",37518.8782131068,"ACDG_P041",100
"724",-6242.91042284947,"ACDG_P041",25
"725",-27375.7929180175,"ACDG_P041",50
"726",-25163.9811096926,"ACDG_P041",100
"727",-1646.89126821636,"ACDG_P041",25
"728",-25237.1209646185,"ACDG_P041",50
"729",8475.90146803024,"ACDG_P041",100
"730",5621.35745511751,"ACDG_P041",25
"731",6753.9569364551,"ACDG_P041",50
"732",-16184.9513769725,"ACDG_P041",100
"733",-18808.1679635341,"ACDG_P041",25
"734",-27344.6207878957,"ACDG_P041",50
"735",-12554.0203180396,"ACDG_P041",100
"736",-11963.3058473555,"ACDG_P041",25
"737",7781.45202298166,"ACDG_P041",50
"738",-4525.67370653758,"ACDG_P041",100
"739",20205.1222647135,"ACDG_P041",25
"740",-14463.3835900808,"ACDG_P041",50
"741",-22118.1839459768,"ACDG_P041",100
"742",4920.81545868749,"ACDG_P041",25
"743",-13005.0919647429,"ACDG_P041",50
"744",13251.721846282,"ACDG_P041",100
"745",-12229.571776732,"ACDG_P041",25
"746",-15240.2171561469,"ACDG_P041",50
"747",-28859.8219242474,"ACDG_P041",100
"748",-15876.281108602,"ACDG_P041",25
"749",20771.7935718541,"ACDG_P041",50
"750",-9973.88577016396,"ACDG_P041",100
"751",676.149605883984,"ACDG_P041",25
"752",-23103.0359394838,"ACDG_P041",50
"753",-13514.4809931764,"ACDG_P041",100
"754",21112.1403057331,"ACDG_P041",25
"755",-5332.30270782788,"ACDG_P041",50
"756",-20561.5764595384,"ACDG_P041",100
"757",7320.15620528132,"ACDG_P041",25
"758",-26478.9722606943,"ACDG_P041",50
"759",17863.5265203834,"ACDG_P041",100
"760",-24266.7712002458,"ACDG_P041",25
"761",25129.9907620237,"ACDG_P041",50
"762",22564.308451546,"ACDG_P041",100
"763",6523.9849856419,"ACDG_P041",25
"764",-4539.59604444943,"ACDG_P041",50
"765",-1339.93191143661,"ACDG_P041",100
"766",-3474.78677325847,"ACDG_P041",25
"767",27822.6962009055,"ACDG_P041",50
"768",-12477.7523766216,"ACDG_P041",100
"769",-16937.4023176154,"ACDG_P041",25
"770",7884.14512788103,"ACDG_P041",50
"771",-17849.5031303493,"ACDG_P041",100
"772",-19280.9579042362,"ACDG_P041",25
"773",6510.57021100365,"ACDG_P041",50
"774",-10152.7042065691,"ACDG_P041",100
"775",8798.25229179853,"ACDG_P041",25
"776",-14381.562182756,"ACDG_P041",50
"777",21826.0385038962,"ACDG_P041",100
"778",-1463.67948248406,"ACDG_P041",25
"779",-16297.2785893763,"ACDG_P041",50
"780",-2381.40594388091,"ACDG_P041",100
"781",17534.907218519,"ACDG_P041",25
"782",-2465.67680088745,"ACDG_P041",50
"783",-11818.2298821625,"ACDG_P041",100
"784",-12349.821151023,"ACDG_P041",25
"785",6675.38905347011,"ACDG_P041",50
"786",-24880.985908727,"ACDG_P041",100
"787",-4883.53935414483,"ACDG_P041",25
"788",62644.7731375816,"ACDG_P041",50
"789",16589.842546445,"ACDG_P041",100
"790",-15581.1636793555,"ACDG_P041",25
"791",-8423.5765595155,"ACDG_P041",50
"792",20443.6192336691,"ACDG_P041",100
"793",-21526.5230110217,"ACDG_P041",25
"794",8744.98960691987,"ACDG_P041",50
"795",-497.789061022864,"ACDG_P041",100
"796",-17555.9782442364,"ACDG_P041",25
"797",558.894530321297,"ACDG_P041",50
"798",-19599.2963455035,"ACDG_P041",100
"799",23838.6809379125,"ACDG_P041",25
"800",6589.10699156037,"ACDG_P041",50
"801",3753.59552198526,"ACDG_P041",100
"802",12467.1026138627,"ACDG_P041",25
"803",-3705.26828165445,"ACDG_P041",50
"804",3228.19830754155,"ACDG_P041",100
"805",-16797.645991316,"ACDG_P041",25
"806",28542.6652263994,"ACDG_P041",50
"807",46731.039075245,"ACDG_P041",100
"808",-12119.3359434681,"ACDG_P041",25
"809",-4197.26648262137,"ACDG_P041",50
"810",2997.9638407813,"ACDG_P041",100
"811",331.177925653057,"ACDG_P041",25
"812",-15057.3025326331,"ACDG_P041",50
"813",-10641.5064019702,"ACDG_P041",100
"814",-13010.2592890941,"ACDG_P041",25
"815",-20691.5026834884,"ACDG_P041",50
"816",-15764.6464821532,"ACDG_P041",100
"817",1485.64422177215,"ACDG_P041",25
"818",10690.3068216648,"ACDG_P041",50
"819",-8524.40855645918,"ACDG_P041",100
"820",3348.78669594892,"ACDG_P041",25
"821",-26824.2349985816,"ACDG_P041",50
"822",5492.14528078563,"ACDG_P041",100
"823",-10665.9646064126,"ACDG_P041",25
"824",-2529.64282763982,"ACDG_P041",50
"825",3688.0330067969,"ACDG_P041",100
"826",-351.416003879043,"ACDG_P041",25
"827",-35080.6134523307,"ACDG_P041",50
"828",4868.85813925788,"ACDG_P041",100
"829",1931.46671079524,"ACDG_P041",25
"830",12410.8935356457,"ACDG_P041",50
"831",-14789.2299815576,"ACDG_P041",100
"832",-10418.6241827438,"ACDG_P041",25
"833",10581.7105916789,"ACDG_P041",50
"834",-6761.52621294942,"ACDG_P041",100
"835",-5471.97224582447,"ACDG_P041",25
"836",16898.5957066583,"ACDG_P041",50
"837",25212.099933361,"ACDG_P041",100
"838",14667.3495080716,"ACDG_P041",25
"839",-2622.7445702742,"ACDG_P041",50
"840",22754.5990895681,"ACDG_P041",100
"841",4638.34169864014,"ACDG_P041",25
"842",-29566.2506155039,"ACDG_P041",50
"843",32466.2832853749,"ACDG_P041",100
"844",-8677.84910863603,"ACDG_P041",25
"845",-8570.67917766731,"ACDG_P041",50
"846",-21821.3627992608,"ACDG_P041",100
"847",-17832.0666253784,"ACDG_P041",25
"848",42971.4440253724,"ACDG_P041",50
"849",12808.2702961543,"ACDG_P041",100
"850",-11171.2770257465,"ACDG_P041",25
"851",-2244.37834307208,"ACDG_P041",50
"852",25858.3757940669,"ACDG_P041",100
"853",-3171.60810040002,"ACDG_P041",25
"854",7841.28882676334,"ACDG_P041",50
"855",8290.56942326017,"ACDG_P041",100
"856",-5682.08174469112,"ACDG_P041",25
"857",5112.93306823849,"ACDG_P041",50
"858",5329.15487863368,"ACDG_P041",100
"859",40595.7263721483,"ACDG_P041",25
"860",-11203.3982212556,"ACDG_P041",50
"861",-29303.5309172069,"ACDG_P041",100
"862",787.316899021214,"ACDG_P041",25
"863",-14718.4321400882,"ACDG_P041",50
"864",-4982.28187150601,"ACDG_P041",100
"865",11806.758674395,"ACDG_P041",25
"866",3832.45599106594,"ACDG_P041",50
"867",-10891.2142257973,"ACDG_P041",100
"868",-4858.42440321611,"ACDG_P041",25
"869",-15020.8859640497,"ACDG_P041",50
"870",-15341.1960002447,"ACDG_P041",100
"871",-3593.71825484477,"ACDG_P041",25
"872",4884.70637759281,"ACDG_P041",50
"873",16066.7031196532,"ACDG_P041",100
"874",-77.3170605188934,"ACDG_P041",25
"875",-28204.3545609855,"ACDG_P041",50
"876",-16021.0926770651,"ACDG_P041",100
"877",3617.40524368919,"ACDG_P041",25
"878",-36117.0317444466,"ACDG_P041",50
"879",32696.5168741076,"ACDG_P041",100
"880",-7669.17171720549,"ACDG_P041",25
"881",-20638.3083669007,"ACDG_P041",50
"882",-13141.7414961384,"ACDG_P041",100
"883",-15954.3244423768,"ACDG_P041",25
"884",3891.88533615239,"ACDG_P041",50
"885",17572.7367577379,"ACDG_P041",100
"886",-6895.72528321267,"ACDG_P041",25
"887",-41785.0221867503,"ACDG_P041",50
"888",5259.59711680125,"ACDG_P041",100
"889",-28372.0826653369,"ACDG_P041",25
"890",745.706213996978,"ACDG_P041",50
"891",-35983.1580260345,"ACDG_P041",100
"892",2926.37309473229,"ACDG_P041",25
"893",8592.65816689702,"ACDG_P041",50
"894",-17151.2382536476,"ACDG_P041",100
"895",-4410.85224123829,"ACDG_P041",25
"896",-29886.3533660103,"ACDG_P041",50
"897",6066.33268744423,"ACDG_P041",100
"898",6450.22485076875,"ACDG_P041",25
"899",2874.41889560805,"ACDG_P041",50
"900",48710.6253719042,"ACDG_P041",100
"901",-4130.93882091535,"ACDG_P052",25
"902",51983.0496020135,"ACDG_P052",50
"903",-23837.784665629,"ACDG_P052",100
"904",9989.84026334196,"ACDG_P052",25
"905",737.035470449133,"ACDG_P052",50
"906",-26829.039502067,"ACDG_P052",100
"907",57024.2102832785,"ACDG_P052",25
"908",55618.7465265126,"ACDG_P052",50
"909",-20586.747778714,"ACDG_P052",100
"910",1163.91738223273,"ACDG_P052",25
"911",-15804.2445020296,"ACDG_P052",50
"912",-19071.7957259358,"ACDG_P052",100
"913",-1686.3962422309,"ACDG_P052",25
"914",-16157.35318307,"ACDG_P052",50
"915",47203.4727461268,"ACDG_P052",100
"916",-10547.1512083794,"ACDG_P052",25
"917",-8909.67305064769,"ACDG_P052",50
"918",-14223.7407355791,"ACDG_P052",100
"919",64328.4262122941,"ACDG_P052",25
"920",50128.3189551325,"ACDG_P052",50
"921",-20698.5492210659,"ACDG_P052",100
"922",-342.582111871889,"ACDG_P052",25
"923",-14004.966771552,"ACDG_P052",50
"924",-8335.53544728507,"ACDG_P052",100
"925",-1161.71885714988,"ACDG_P052",25
"926",-26234.4447784155,"ACDG_P052",50
"927",-16388.6290156247,"ACDG_P052",100
"928",-16748.1049701833,"ACDG_P052",25
"929",-18824.386226035,"ACDG_P052",50
"930",-9809.65409126418,"ACDG_P052",100
"931",-1569.51260272934,"ACDG_P052",25
"932",-9125.34828779733,"ACDG_P052",50
"933",-25702.2457258022,"ACDG_P052",100
"934",-12422.1661679348,"ACDG_P052",25
"935",6587.82690146845,"ACDG_P052",50
"936",-25872.455453576,"ACDG_P052",100
"937",-420.949467649218,"ACDG_P052",25
"938",-10378.1664639266,"ACDG_P052",50
"939",-8899.76168516904,"ACDG_P052",100
"940",-7087.64689143229,"ACDG_P052",25
"941",-17372.4207313222,"ACDG_P052",50
"942",-22272.3488486924,"ACDG_P052",100
"943",1150.69177713542,"ACDG_P052",25
"944",-11583.6701508471,"ACDG_P052",50
"945",-24437.1710061388,"ACDG_P052",100
"946",-6615.57928043819,"ACDG_P052",25
"947",1238.8043420125,"ACDG_P052",50
"948",-14748.2629794752,"ACDG_P052",100
"949",1289.74765650532,"ACDG_P052",25
"950",-12156.9960891713,"ACDG_P052",50
"951",101032.124234581,"ACDG_P052",100
"952",-13050.4092161578,"ACDG_P052",25
"953",51712.9624892317,"ACDG_P052",50
"954",105155.137338708,"ACDG_P052",100
"955",51113.3485839355,"ACDG_P052",25
"956",-24063.5814824188,"ACDG_P052",50
"957",-25208.1385232708,"ACDG_P052",100
"958",-7574.68425999925,"ACDG_P052",25
"959",-17418.9788024199,"ACDG_P052",50
"960",-29182.6134698894,"ACDG_P052",100
"961",-13471.2446003581,"ACDG_P052",25
"962",689.192905364704,"ACDG_P052",50
"963",35266.2244367463,"ACDG_P052",100
"964",1891.59848730511,"ACDG_P052",25
"965",-23672.4067484808,"ACDG_P052",50
"966",-34328.3430989774,"ACDG_P052",100
"967",-1871.34185057666,"ACDG_P052",25
"968",-14902.6376234051,"ACDG_P052",50
"969",-23720.6250453607,"ACDG_P052",100
"970",-4962.15097073297,"ACDG_P052",25
"971",-12802.2251872695,"ACDG_P052",50
"972",-23635.8126209328,"ACDG_P052",100
"973",-125.684396729805,"ACDG_P052",25
"974",53371.4474704699,"ACDG_P052",50
"975",-23760.0480381949,"ACDG_P052",100
"976",-2327.66502250169,"ACDG_P052",25
"977",58203.7792520954,"ACDG_P052",50
"978",-25981.0959115312,"ACDG_P052",100
"979",-15930.7303358595,"ACDG_P052",25
"980",-15772.6495613581,"ACDG_P052",50
"981",-21255.4001009754,"ACDG_P052",100
"982",55070.5225734448,"ACDG_P052",25
"983",790.024747207877,"ACDG_P052",50
"984",10173.9835309771,"ACDG_P052",100
"985",-7181.86459321907,"ACDG_P052",25
"986",65123.7581299352,"ACDG_P052",50
"987",-23428.7598545475,"ACDG_P052",100
"988",-6808.90712319725,"ACDG_P052",25
"989",-18463.727263365,"ACDG_P052",50
"990",-5315.95681044282,"ACDG_P052",100
"991",-18349.8069875827,"ACDG_P052",25
"992",-14679.392392307,"ACDG_P052",50
"993",34103.8857344928,"ACDG_P052",100
"994",-3309.00016118743,"ACDG_P052",25
"995",-6080.33910449187,"ACDG_P052",50
"996",51398.5088252428,"ACDG_P052",100
"997",2215.79662392763,"ACDG_P052",25
"998",-15262.6327161739,"ACDG_P052",50
"999",-8575.91307981653,"ACDG_P052",100
"1000",-4736.08705141363,"ACDG_P052",25
"1001",51794.6782249609,"ACDG_P052",50
"1002",-31770.2513687453,"ACDG_P052",100
"1003",-3289.6047820026,"ACDG_P052",25
"1004",41118.8978217331,"ACDG_P052",50
"1005",-13334.8450627129,"ACDG_P052",100
"1006",12061.0873557902,"ACDG_P052",25
"1007",-17976.7620453335,"ACDG_P052",50
"1008",-36368.6237062546,"ACDG_P052",100
"1009",-4039.09701114867,"ACDG_P052",25
"1010",49767.004780705,"ACDG_P052",50
"1011",112309.239808545,"ACDG_P052",100
"1012",-6561.08448291727,"ACDG_P052",25
"1013",-6772.97139521182,"ACDG_P052",50
"1014",-21463.1320161551,"ACDG_P052",100
"1015",52888.4904260687,"ACDG_P052",25
"1016",62185.0674324817,"ACDG_P052",50
"1017",35748.7097652727,"ACDG_P052",100
"1018",-5718.58207804227,"ACDG_P052",25
"1019",-6891.3126567099,"ACDG_P052",50
"1020",-3450.75542265279,"ACDG_P052",100
"1021",-5492.48207579993,"ACDG_P052",25
"1022",-14106.2447326469,"ACDG_P052",50
"1023",-30372.1447739812,"ACDG_P052",100
"1024",8502.16182021389,"ACDG_P052",25
"1025",-14092.3099156009,"ACDG_P052",50
"1026",57524.1673333518,"ACDG_P052",100
"1027",-1871.79715623872,"ACDG_P052",25
"1028",-15335.6621897024,"ACDG_P052",50
"1029",-5237.03721786983,"ACDG_P052",100
"1030",1658.04373757317,"ACDG_P052",25
"1031",5373.75282597294,"ACDG_P052",50
"1032",-25149.3637980622,"ACDG_P052",100
"1033",5982.15444925154,"ACDG_P052",25
"1034",-18845.580448432,"ACDG_P052",50
"1035",42711.2434726416,"ACDG_P052",100
"1036",179.883084854344,"ACDG_P052",25
"1037",-17887.9941625947,"ACDG_P052",50
"1038",38337.0944128884,"ACDG_P052",100
"1039",-3606.76753347239,"ACDG_P052",25
"1040",15116.354693211,"ACDG_P052",50
"1041",-21473.7274514174,"ACDG_P052",100
"1042",-8059.64685394996,"ACDG_P052",25
"1043",-4491.13424058721,"ACDG_P052",50
"1044",-17556.5881907706,"ACDG_P052",100
"1045",-1324.91227479241,"ACDG_P052",25
"1046",-15843.6022296078,"ACDG_P052",50
"1047",-30842.0863224875,"ACDG_P052",100
"1048",3843.32392955723,"ACDG_P052",25
"1049",-18905.1971549693,"ACDG_P052",50
"1050",-32689.0097513806,"ACDG_P052",100
"1051",1360.4894513498,"ACDG_P052",25
"1052",-13949.2852564,"ACDG_P052",50
"1053",-8261.36239777552,"ACDG_P052",100
"1054",10939.6520732085,"ACDG_P052",25
"1055",1551.87244139958,"ACDG_P052",50
"1056",-17416.188075247,"ACDG_P052",100
"1057",-4657.30433036812,"ACDG_P052",25
"1058",-17518.4634680316,"ACDG_P052",50
"1059",-10964.6699908666,"ACDG_P052",100
"1060",-3628.22592919765,"ACDG_P052",25
"1061",-3799.36885127492,"ACDG_P052",50
"1062",30428.0270978577,"ACDG_P052",100
"1063",-8269.93672675785,"ACDG_P052",25
"1064",-14646.1182576465,"ACDG_P052",50
"1065",-6696.61508249844,"ACDG_P052",100
"1066",-1946.82435930453,"ACDG_P052",25
"1067",-6925.5615567381,"ACDG_P052",50
"1068",-4786.07937727385,"ACDG_P052",100
"1069",-2011.30271478431,"ACDG_P052",25
"1070",-10650.8341781773,"ACDG_P052",50
"1071",-27488.9712492079,"ACDG_P052",100
"1072",-4037.56996242603,"ACDG_P052",25
"1073",-9356.65272088931,"ACDG_P052",50
"1074",-25608.6094898455,"ACDG_P052",100
"1075",-6691.66082013134,"ACDG_P052",25
"1076",-15845.3187431158,"ACDG_P052",50
"1077",-16766.9372425908,"ACDG_P052",100
"1078",62724.5743365433,"ACDG_P052",25
"1079",-15335.6419261555,"ACDG_P052",50
"1080",69256.229245525,"ACDG_P052",100
"1081",-5559.13114703452,"ACDG_P052",25
"1082",-15305.456818818,"ACDG_P052",50
"1083",48949.1250138349,"ACDG_P052",100
"1084",-5100.46386668095,"ACDG_P052",25
"1085",47531.7915707353,"ACDG_P052",50
"1086",-32665.7269102191,"ACDG_P052",100
"1087",638.840672453662,"ACDG_P052",25
"1088",-12869.4340923232,"ACDG_P052",50
"1089",98419.5548111979,"ACDG_P052",100
"1090",-7801.80846499233,"ACDG_P052",25
"1091",-12799.4204660455,"ACDG_P052",50
"1092",-15031.9386438747,"ACDG_P052",100
"1093",1234.32177173026,"ACDG_P052",25
"1094",-20394.5027109257,"ACDG_P052",50
"1095",-18717.7643254435,"ACDG_P052",100
"1096",-9859.81506704859,"ACDG_P052",25
"1097",-23315.6916398166,"ACDG_P052",50
"1098",55264.0525447956,"ACDG_P052",100
"1099",-9804.81785774653,"ACDG_P052",25
"1100",-11676.5408711638,"ACDG_P052",50
"1101",-24569.2425061357,"ACDG_P052",100
"1102",-5847.53804317355,"ACDG_P052",25
"1103",-15597.2873608462,"ACDG_P052",50
"1104",-13538.7587265354,"ACDG_P052",100
"1105",-18769.6983793851,"ACDG_P052",25
"1106",-17688.2260376564,"ACDG_P052",50
"1107",-21351.7959034368,"ACDG_P052",100
"1108",-6866.84819705097,"ACDG_P052",25
"1109",109.680604782247,"ACDG_P052",50
"1110",-7330.4577125771,"ACDG_P052",100
"1111",63496.6735632113,"ACDG_P052",25
"1112",-1789.80603635724,"ACDG_P052",50
"1113",-19515.2303995514,"ACDG_P052",100
"1114",57893.1895677691,"ACDG_P052",25
"1115",-15330.5719729375,"ACDG_P052",50
"1116",115242.160332731,"ACDG_P052",100
"1117",2371.84057897775,"ACDG_P052",25
"1118",4212.9838508408,"ACDG_P052",50
"1119",-25126.3072423129,"ACDG_P052",100
"1120",-6625.1205016282,"ACDG_P052",25
"1121",-7772.77509143893,"ACDG_P052",50
"1122",-14661.0544499162,"ACDG_P052",100
"1123",-10531.3093570753,"ACDG_P052",25
"1124",-8330.17449308746,"ACDG_P052",50
"1125",-30838.0806653432,"ACDG_P052",100
"1126",-5701.65739400487,"ACDG_P052",25
"1127",-8250.87866000412,"ACDG_P052",50
"1128",-5641.95596313773,"ACDG_P052",100
"1129",-6305.51311132323,"ACDG_P052",25
"1130",-1069.42737366506,"ACDG_P052",50
"1131",-32643.5650069706,"ACDG_P052",100
"1132",19094.6100549038,"ACDG_P052",25
"1133",-21322.7245071628,"ACDG_P052",50
"1134",46294.3231983241,"ACDG_P052",100
"1135",-8291.56150657378,"ACDG_P052",25
"1136",-19013.9590700526,"ACDG_P052",50
"1137",42270.1107413386,"ACDG_P052",100
"1138",-9977.89567963162,"ACDG_P052",25
"1139",-7038.84660242111,"ACDG_P052",50
"1140",-5157.4232297609,"ACDG_P052",100
"1141",-4878.8316093781,"ACDG_P052",25
"1142",47599.6899272645,"ACDG_P052",50
"1143",-34577.0100280975,"ACDG_P052",100
"1144",-3882.64884696092,"ACDG_P052",25
"1145",-21007.9292572203,"ACDG_P052",50
"1146",-21808.9954767188,"ACDG_P052",100
"1147",-10667.3088060809,"ACDG_P052",25
"1148",-23027.5127243906,"ACDG_P052",50
"1149",-22534.5011069516,"ACDG_P052",100
"1150",-12647.6258556531,"ACDG_P052",25
"1151",-11687.0320886947,"ACDG_P052",50
"1152",-13480.464177953,"ACDG_P052",100
"1153",-2494.46292759542,"ACDG_P052",25
"1154",-7189.23126706821,"ACDG_P052",50
"1155",-5513.77264167395,"ACDG_P052",100
"1156",-5050.62726141323,"ACDG_P052",25
"1157",-2977.7588311772,"ACDG_P052",50
"1158",39561.2277695538,"ACDG_P052",100
"1159",-16026.9740990765,"ACDG_P052",25
"1160",5791.9982585673,"ACDG_P052",50
"1161",-9979.58596473985,"ACDG_P052",100
"1162",-4252.0491689046,"ACDG_P052",25
"1163",-11184.4595409835,"ACDG_P052",50
"1164",-38893.460071158,"ACDG_P052",100
"1165",-7831.11881221781,"ACDG_P052",25
"1166",12061.8226659431,"ACDG_P052",50
"1167",-22803.942026958,"ACDG_P052",100
"1168",-5411.76580329525,"ACDG_P052",25
"1169",6767.08382326824,"ACDG_P052",50
"1170",66078.3618679245,"ACDG_P052",100
"1171",-20254.4881567625,"ACDG_P052",25
"1172",-19839.6170463318,"ACDG_P052",50
"1173",-23163.5196296664,"ACDG_P052",100
"1174",-3357.0987828463,"ACDG_P052",25
"1175",-11515.4185853635,"ACDG_P052",50
"1176",41691.7576382874,"ACDG_P052",100
"1177",-7668.60191911005,"ACDG_P052",25
"1178",-17633.3864437469,"ACDG_P052",50
"1179",-22978.0060914626,"ACDG_P052",100
"1180",-3483.22528187797,"ACDG_P052",25
"1181",-15476.4944301404,"ACDG_P052",50
"1182",-14283.5522530215,"ACDG_P052",100
"1183",-617.673365909868,"ACDG_P052",25
"1184",14461.9994651578,"ACDG_P052",50
"1185",52513.8608980599,"ACDG_P052",100
"1186",-11282.8323319599,"ACDG_P052",25
"1187",-7545.71695147094,"ACDG_P052",50
"1188",-26180.9059571735,"ACDG_P052",100
"1189",-1862.99236437102,"ACDG_P052",25
"1190",-15476.4740736268,"ACDG_P052",50
"1191",-22268.6533807181,"ACDG_P052",100
"1192",-7752.05746639287,"ACDG_P052",25
"1193",131561.098451876,"ACDG_P052",50
"1194",-13833.4549220436,"ACDG_P052",100
"1195",-6719.57671958822,"ACDG_P052",25
"1196",-17109.5355564239,"ACDG_P052",50
"1197",-28190.5053766958,"ACDG_P052",100
"1198",-5086.36197641338,"ACDG_P052",25
"1199",-17245.0507574161,"ACDG_P052",50
"1200",40337.2530127309,"ACDG_P052",100
"1201",6326.66596070171,"ACDG_P053",25
"1202",14795.0283470052,"ACDG_P053",50
"1203",8845.41964846884,"ACDG_P053",100
"1204",296.029977045342,"ACDG_P053",25
"1205",5121.48487810808,"ACDG_P053",50
"1206",17768.8503542036,"ACDG_P053",100
"1207",1007.40736804417,"ACDG_P053",25
"1208",21233.3262370776,"ACDG_P053",50
"1209",31905.3666879047,"ACDG_P053",100
"1210",845.505336354196,"ACDG_P053",25
"1211",-7910.34658870482,"ACDG_P053",50
"1212",2693.31644731818,"ACDG_P053",100
"1213",-597.125803931296,"ACDG_P053",25
"1214",11735.2926039847,"ACDG_P053",50
"1215",-1018.15908420269,"ACDG_P053",100
"1216",14570.9092821682,"ACDG_P053",25
"1217",21200.2052163892,"ACDG_P053",50
"1218",7796.60530178109,"ACDG_P053",100
"1219",11808.0415509324,"ACDG_P053",25
"1220",-1008.54902071389,"ACDG_P053",50
"1221",1243.45382213389,"ACDG_P053",100
"1222",2282.28621373634,"ACDG_P053",25
"1223",8432.09778441541,"ACDG_P053",50
"1224",7141.85134932282,"ACDG_P053",100
"1225",-7172.52114647688,"ACDG_P053",25
"1226",-4088.53092486906,"ACDG_P053",50
"1227",-14666.1603842021,"ACDG_P053",100
"1228",4018.2960697065,"ACDG_P053",25
"1229",14172.5949114676,"ACDG_P053",50
"1230",43333.2327579868,"ACDG_P053",100
"1231",-6006.11067782986,"ACDG_P053",25
"1232",3374.45816111178,"ACDG_P053",50
"1233",-908.064418003894,"ACDG_P053",100
"1234",2899.55109222312,"ACDG_P053",25
"1235",8344.64421800777,"ACDG_P053",50
"1236",16598.8612057277,"ACDG_P053",100
"1237",1906.57135344006,"ACDG_P053",25
"1238",-7456.62938195473,"ACDG_P053",50
"1239",11620.256013235,"ACDG_P053",100
"1240",182.662495777331,"ACDG_P053",25
"1241",12824.4575882682,"ACDG_P053",50
"1242",19577.7131586811,"ACDG_P053",100
"1243",4307.95955402087,"ACDG_P053",25
"1244",15248.7203760536,"ACDG_P053",50
"1245",2160.44861084654,"ACDG_P053",100
"1246",-3455.38859551074,"ACDG_P053",25
"1247",5153.39743926731,"ACDG_P053",50
"1248",-6038.3858931149,"ACDG_P053",100
"1249",7039.83294926654,"ACDG_P053",25
"1250",-2032.00609415054,"ACDG_P053",50
"1251",3843.52196434196,"ACDG_P053",100
"1252",-1583.40979532892,"ACDG_P053",25
"1253",11276.151802087,"ACDG_P053",50
"1254",2516.36207066735,"ACDG_P053",100
"1255",3906.29532399509,"ACDG_P053",25
"1256",11468.9791718434,"ACDG_P053",50
"1257",11028.5780769659,"ACDG_P053",100
"1258",-6157.69454564899,"ACDG_P053",25
"1259",-26.901375403686,"ACDG_P053",50
"1260",-8347.26763115445,"ACDG_P053",100
"1261",18590.7898122249,"ACDG_P053",25
"1262",10845.7103218438,"ACDG_P053",50
"1263",13827.0657469452,"ACDG_P053",100
"1264",7609.67517020545,"ACDG_P053",25
"1265",6935.42469724087,"ACDG_P053",50
"1266",2273.06914174662,"ACDG_P053",100
"1267",1580.17453570152,"ACDG_P053",25
"1268",4008.72095691357,"ACDG_P053",50
"1269",17742.1038109381,"ACDG_P053",100
"1270",-6997.07489295519,"ACDG_P053",25
"1271",-10693.3376002578,"ACDG_P053",50
"1272",1432.3895007594,"ACDG_P053",100
"1273",1456.30838456276,"ACDG_P053",25
"1274",13545.0476123462,"ACDG_P053",50
"1275",-1110.83994992197,"ACDG_P053",100
"1276",13022.2298121181,"ACDG_P053",25
"1277",14345.9211275683,"ACDG_P053",50
"1278",3953.85476271456,"ACDG_P053",100
"1279",-1608.38767911802,"ACDG_P053",25
"1280",21332.8921441446,"ACDG_P053",50
"1281",29164.5250683939,"ACDG_P053",100
"1282",15461.3999381845,"ACDG_P053",25
"1283",11551.7907968365,"ACDG_P053",50
"1284",13835.8422760649,"ACDG_P053",100
"1285",13003.0429891435,"ACDG_P053",25
"1286",-8729.75216007151,"ACDG_P053",50
"1287",731.98285988011,"ACDG_P053",100
"1288",10989.4077642829,"ACDG_P053",25
"1289",2896.91888397682,"ACDG_P053",50
"1290",11942.8020084222,"ACDG_P053",100
"1291",6528.97105567332,"ACDG_P053",25
"1292",210.153042045888,"ACDG_P053",50
"1293",6724.93347557855,"ACDG_P053",100
"1294",5168.25525729137,"ACDG_P053",25
"1295",-4940.19534988271,"ACDG_P053",50
"1296",21653.4175432539,"ACDG_P053",100
"1297",9504.73640177102,"ACDG_P053",25
"1298",12797.4723336765,"ACDG_P053",50
"1299",6641.25795281632,"ACDG_P053",100
"1300",3283.6603995678,"ACDG_P053",25
"1301",9394.95064101196,"ACDG_P053",50
"1302",31683.3113934455,"ACDG_P053",100
"1303",1994.24952870811,"ACDG_P053",25
"1304",35033.0460742677,"ACDG_P053",50
"1305",774.815974868834,"ACDG_P053",100
"1306",544.964302068925,"ACDG_P053",25
"1307",-7892.26347105813,"ACDG_P053",50
"1308",7661.98992111278,"ACDG_P053",100
"1309",11283.0398310322,"ACDG_P053",25
"1310",-5670.73271013465,"ACDG_P053",50
"1311",17360.1934401154,"ACDG_P053",100
"1312",10116.3007081537,"ACDG_P053",25
"1313",8170.28000908188,"ACDG_P053",50
"1314",36351.1883362811,"ACDG_P053",100
"1315",-1718.30635823295,"ACDG_P053",25
"1316",1050.33137837265,"ACDG_P053",50
"1317",-9877.6227771971,"ACDG_P053",100
"1318",8019.07813117263,"ACDG_P053",25
"1319",-2670.23925047726,"ACDG_P053",50
"1320",-21.1815468212299,"ACDG_P053",100
"1321",-426.058297975193,"ACDG_P053",25
"1322",10388.419010619,"ACDG_P053",50
"1323",9101.58295621898,"ACDG_P053",100
"1324",4270.70863008354,"ACDG_P053",25
"1325",9637.85549811958,"ACDG_P053",50
"1326",1811.45217755364,"ACDG_P053",100
"1327",9172.48592278681,"ACDG_P053",25
"1328",6658.78634437415,"ACDG_P053",50
"1329",29932.0436490272,"ACDG_P053",100
"1330",9393.69890523775,"ACDG_P053",25
"1331",5133.41297985034,"ACDG_P053",50
"1332",-1864.0632587859,"ACDG_P053",100
"1333",1475.16120622877,"ACDG_P053",25
"1334",4613.90225202171,"ACDG_P053",50
"1335",12142.2618514431,"ACDG_P053",100
"1336",-9733.95317365957,"ACDG_P053",25
"1337",-3564.63992427636,"ACDG_P053",50
"1338",23663.8956769578,"ACDG_P053",100
"1339",5819.01935748401,"ACDG_P053",25
"1340",11293.1108941786,"ACDG_P053",50
"1341",-2945.73531249521,"ACDG_P053",100
"1342",4286.24174894622,"ACDG_P053",25
"1343",-3144.73330701064,"ACDG_P053",50
"1344",-10628.4327838545,"ACDG_P053",100
"1345",11385.4664857728,"ACDG_P053",25
"1346",8664.65327577855,"ACDG_P053",50
"1347",8717.44713976397,"ACDG_P053",100
"1348",10002.9461808921,"ACDG_P053",25
"1349",18251.2399598529,"ACDG_P053",50
"1350",13155.3433993043,"ACDG_P053",100
"1351",9460.08067544337,"ACDG_P053",25
"1352",-1103.3899618288,"ACDG_P053",50
"1353",16430.8932458329,"ACDG_P053",100
"1354",11513.8952667878,"ACDG_P053",25
"1355",24997.9220274542,"ACDG_P053",50
"1356",-4083.90653391162,"ACDG_P053",100
"1357",-2668.38143495371,"ACDG_P053",25
"1358",687.097066898801,"ACDG_P053",50
"1359",-5805.77490168635,"ACDG_P053",100
"1360",66.9306880880031,"ACDG_P053",25
"1361",11430.4205505796,"ACDG_P053",50
"1362",14555.6355104111,"ACDG_P053",100
"1363",15873.0193199362,"ACDG_P053",25
"1364",14529.6813887205,"ACDG_P053",50
"1365",6269.56502937779,"ACDG_P053",100
"1366",-1686.69143354491,"ACDG_P053",25
"1367",25074.4987470628,"ACDG_P053",50
"1368",7727.34359705006,"ACDG_P053",100
"1369",-4583.82897621629,"ACDG_P053",25
"1370",14398.1496210471,"ACDG_P053",50
"1371",11294.4524882541,"ACDG_P053",100
"1372",-3873.06030698755,"ACDG_P053",25
"1373",8776.18641664938,"ACDG_P053",50
"1374",4831.40389424781,"ACDG_P053",100
"1375",6802.20462727512,"ACDG_P053",25
"1376",-3010.63421508254,"ACDG_P053",50
"1377",2533.12314064434,"ACDG_P053",100
"1378",4284.71792859136,"ACDG_P053",25
"1379",-746.672320018697,"ACDG_P053",50
"1380",10057.294738694,"ACDG_P053",100
"1381",-471.108057731122,"ACDG_P053",25
"1382",734.862134081079,"ACDG_P053",50
"1383",11268.7709025118,"ACDG_P053",100
"1384",4616.80542465905,"ACDG_P053",25
"1385",20931.7987067713,"ACDG_P053",50
"1386",3944.56347174212,"ACDG_P053",100
"1387",-3696.9346878349,"ACDG_P053",25
"1388",11128.2520567219,"ACDG_P053",50
"1389",-7049.19367763173,"ACDG_P053",100
"1390",2147.28513505909,"ACDG_P053",25
"1391",-1815.68991482412,"ACDG_P053",50
"1392",40580.5256399114,"ACDG_P053",100
"1393",-1413.86730190302,"ACDG_P053",25
"1394",4946.42616635468,"ACDG_P053",50
"1395",17418.6190662846,"ACDG_P053",100
"1396",4305.43804459763,"ACDG_P053",25
"1397",5705.40242023117,"ACDG_P053",50
"1398",6954.0401413017,"ACDG_P053",100
"1399",2426.73439637435,"ACDG_P053",25
"1400",24397.7800834609,"ACDG_P053",50
"1401",-9053.16741218758,"ACDG_P053",100
"1402",-753.24980696835,"ACDG_P053",25
"1403",-3114.22215411111,"ACDG_P053",50
"1404",18756.0333667615,"ACDG_P053",100
"1405",-5954.53309235137,"ACDG_P053",25
"1406",-6209.55556133616,"ACDG_P053",50
"1407",25012.7543459473,"ACDG_P053",100
"1408",-26.4172313812596,"ACDG_P053",25
"1409",747.94606388011,"ACDG_P053",50
"1410",11543.3087702034,"ACDG_P053",100
"1411",-1875.37385126069,"ACDG_P053",25
"1412",15680.19406803,"ACDG_P053",50
"1413",-2673.98171970664,"ACDG_P053",100
"1414",360.275356376544,"ACDG_P053",25
"1415",-5930.77585371828,"ACDG_P053",50
"1416",20919.5657117814,"ACDG_P053",100
"1417",6418.98175694427,"ACDG_P053",25
"1418",13388.8209626213,"ACDG_P053",50
"1419",38484.4164939798,"ACDG_P053",100
"1420",9438.38804994727,"ACDG_P053",25
"1421",4301.92412622823,"ACDG_P053",50
"1422",12711.8284626872,"ACDG_P053",100
"1423",1590.11539123693,"ACDG_P053",25
"1424",3587.70893778832,"ACDG_P053",50
"1425",22460.4016261345,"ACDG_P053",100
"1426",-2359.68909795466,"ACDG_P053",25
"1427",-10393.9311972498,"ACDG_P053",50
"1428",-8476.92542759579,"ACDG_P053",100
"1429",722.489347829105,"ACDG_P053",25
"1430",7773.21257083668,"ACDG_P053",50
"1431",14656.4520687823,"ACDG_P053",100
"1432",5182.64931909426,"ACDG_P053",25
"1433",-6467.8657438849,"ACDG_P053",50
"1434",12889.5827819846,"ACDG_P053",100
"1435",-61.1585760120361,"ACDG_P053",25
"1436",-7477.07622358174,"ACDG_P053",50
"1437",2692.78976380295,"ACDG_P053",100
"1438",-6440.00982216626,"ACDG_P053",25
"1439",1730.91862503535,"ACDG_P053",50
"1440",5034.17900631987,"ACDG_P053",100
"1441",4447.29315663848,"ACDG_P053",25
"1442",6329.12433156988,"ACDG_P053",50
"1443",32242.8082176606,"ACDG_P053",100
"1444",-6463.75221821968,"ACDG_P053",25
"1445",6719.57574631542,"ACDG_P053",50
"1446",3358.45104735953,"ACDG_P053",100
"1447",5389.73989394435,"ACDG_P053",25
"1448",11188.5391944041,"ACDG_P053",50
"1449",864.988167710922,"ACDG_P053",100
"1450",8487.31434117508,"ACDG_P053",25
"1451",6079.40757405732,"ACDG_P053",50
"1452",2693.26726099255,"ACDG_P053",100
"1453",-552.081374692818,"ACDG_P053",25
"1454",9719.89985978976,"ACDG_P053",50
"1455",-4651.60249545035,"ACDG_P053",100
"1456",-3219.90464827715,"ACDG_P053",25
"1457",12198.8365253832,"ACDG_P053",50
"1458",11957.8314947657,"ACDG_P053",100
"1459",-6165.33336456207,"ACDG_P053",25
"1460",8392.36263729038,"ACDG_P053",50
"1461",-2159.16605351915,"ACDG_P053",100
"1462",2911.48149459882,"ACDG_P053",25
"1463",5958.09534094107,"ACDG_P053",50
"1464",3871.30971047026,"ACDG_P053",100
"1465",-1962.80038700311,"ACDG_P053",25
"1466",-7340.35505357967,"ACDG_P053",50
"1467",4662.38067572584,"ACDG_P053",100
"1468",3947.47439749635,"ACDG_P053",25
"1469",-5693.67862802255,"ACDG_P053",50
"1470",-7821.98039677733,"ACDG_P053",100
"1471",2290.97822685537,"ACDG_P053",25
"1472",14955.8173195686,"ACDG_P053",50
"1473",-4354.2711833815,"ACDG_P053",100
"1474",11968.8072987895,"ACDG_P053",25
"1475",-5160.34514744041,"ACDG_P053",50
"1476",11572.0468905688,"ACDG_P053",100
"1477",4109.88462662269,"ACDG_P053",25
"1478",-3741.384791321,"ACDG_P053",50
"1479",5446.35109687355,"ACDG_P053",100
"1480",10705.7225641079,"ACDG_P053",25
"1481",15939.4649181142,"ACDG_P053",50
"1482",24134.9972192777,"ACDG_P053",100
"1483",16945.0602424648,"ACDG_P053",25
"1484",13298.3280602305,"ACDG_P053",50
"1485",-14066.703578784,"ACDG_P053",100
"1486",-2443.98381830647,"ACDG_P053",25
"1487",13300.6148675104,"ACDG_P053",50
"1488",13208.6041638974,"ACDG_P053",100
"1489",-456.293224192021,"ACDG_P053",25
"1490",1197.90172460984,"ACDG_P053",50
"1491",24243.586166663,"ACDG_P053",100
"1492",13436.4729664374,"ACDG_P053",25
"1493",3983.19689980187,"ACDG_P053",50
"1494",12520.4598910956,"ACDG_P053",100
"1495",4918.26894584857,"ACDG_P053",25
"1496",12801.4473812364,"ACDG_P053",50
"1497",17266.3725904421,"ACDG_P053",100
"1498",15616.7829775,"ACDG_P053",25
"1499",11415.2040260669,"ACDG_P053",50
"1500",-1852.93383319152,"ACDG_P053",100
"1501",-13483.5019510135,"ACDG_P055",25
"1502",-32506.660208394,"ACDG_P055",50
"1503",-62165.5858364873,"ACDG_P055",100
"1504",-10131.975386459,"ACDG_P055",25
"1505",-30357.468218298,"ACDG_P055",50
"1506",-53473.3171114648,"ACDG_P055",100
"1507",-3089.63935860666,"ACDG_P055",25
"1508",-35361.7508013859,"ACDG_P055",50
"1509",-52284.0887627568,"ACDG_P055",100
"1510",-21149.5168421571,"ACDG_P055",25
"1511",-34991.585603042,"ACDG_P055",50
"1512",-51268.8591013,"ACDG_P055",100
"1513",-19311.7757215902,"ACDG_P055",25
"1514",-32908.8337127329,"ACDG_P055",50
"1515",-47554.8555435868,"ACDG_P055",100
"1516",-4485.26867469709,"ACDG_P055",25
"1517",-33545.6137956922,"ACDG_P055",50
"1518",-34189.4866579579,"ACDG_P055",100
"1519",-16305.8810773212,"ACDG_P055",25
"1520",-45144.0847298342,"ACDG_P055",50
"1521",-48888.9952737539,"ACDG_P055",100
"1522",-5726.2033138611,"ACDG_P055",25
"1523",-23068.0883891064,"ACDG_P055",50
"1524",-55603.1919813578,"ACDG_P055",100
"1525",-14367.4095110151,"ACDG_P055",25
"1526",-46358.3929375971,"ACDG_P055",50
"1527",-49748.1349302701,"ACDG_P055",100
"1528",-19920.1372451227,"ACDG_P055",25
"1529",-28053.2815010659,"ACDG_P055",50
"1530",-57536.0900327568,"ACDG_P055",100
"1531",-22403.8957134587,"ACDG_P055",25
"1532",-9667.29659407993,"ACDG_P055",50
"1533",-56438.0093016929,"ACDG_P055",100
"1534",-24807.4357340901,"ACDG_P055",25
"1535",-25257.9619246083,"ACDG_P055",50
"1536",-65260.0795473579,"ACDG_P055",100
"1537",-18663.8080402142,"ACDG_P055",25
"1538",-44832.2137077608,"ACDG_P055",50
"1539",-32545.9919595332,"ACDG_P055",100
"1540",-16733.5942818547,"ACDG_P055",25
"1541",-40426.4416329206,"ACDG_P055",50
"1542",-45955.7586233022,"ACDG_P055",100
"1543",-23901.1530430187,"ACDG_P055",25
"1544",-32453.0646131173,"ACDG_P055",50
"1545",-41170.4050053413,"ACDG_P055",100
"1546",-9030.34624774498,"ACDG_P055",25
"1547",-5389.86105405865,"ACDG_P055",50
"1548",-58464.9191369747,"ACDG_P055",100
"1549",-14943.1177280659,"ACDG_P055",25
"1550",-35021.5608345314,"ACDG_P055",50
"1551",-52928.9944024814,"ACDG_P055",100
"1552",-9694.88393090852,"ACDG_P055",25
"1553",-6593.26080694376,"ACDG_P055",50
"1554",-55212.3350098101,"ACDG_P055",100
"1555",-4743.33252085641,"ACDG_P055",25
"1556",-29340.2957396061,"ACDG_P055",50
"1557",-57040.918992859,"ACDG_P055",100
"1558",-6936.28217739391,"ACDG_P055",25
"1559",-16870.0351585884,"ACDG_P055",50
"1560",-44600.3920710767,"ACDG_P055",100
"1561",-28950.8709888729,"ACDG_P055",25
"1562",-46138.5164333475,"ACDG_P055",50
"1563",-43282.509935727,"ACDG_P055",100
"1564",-23478.5139614001,"ACDG_P055",25
"1565",-24938.0111669145,"ACDG_P055",50
"1566",-57800.1787156173,"ACDG_P055",100
"1567",-18699.1412785597,"ACDG_P055",25
"1568",-16566.907823937,"ACDG_P055",50
"1569",-56503.378145251,"ACDG_P055",100
"1570",-18278.5812333404,"ACDG_P055",25
"1571",-33365.3740868938,"ACDG_P055",50
"1572",-61156.1734582113,"ACDG_P055",100
"1573",-903.369812069926,"ACDG_P055",25
"1574",-14954.7459394654,"ACDG_P055",50
"1575",-31600.1552503206,"ACDG_P055",100
"1576",-17245.7158476863,"ACDG_P055",25
"1577",-14644.231064123,"ACDG_P055",50
"1578",-38941.090239141,"ACDG_P055",100
"1579",-29306.1225901863,"ACDG_P055",25
"1580",-21008.2186249893,"ACDG_P055",50
"1581",-57512.7675578341,"ACDG_P055",100
"1582",-2918.75136556331,"ACDG_P055",25
"1583",-24633.8995473235,"ACDG_P055",50
"1584",-47303.5345456846,"ACDG_P055",100
"1585",-3204.65665465838,"ACDG_P055",25
"1586",-17243.4381067783,"ACDG_P055",50
"1587",-53592.7018674919,"ACDG_P055",100
"1588",-11454.5296798482,"ACDG_P055",25
"1589",-32935.8034564007,"ACDG_P055",50
"1590",-54073.9117464329,"ACDG_P055",100
"1591",-6385.29932225851,"ACDG_P055",25
"1592",-26446.2209633565,"ACDG_P055",50
"1593",-53890.9137864059,"ACDG_P055",100
"1594",-12964.75636777,"ACDG_P055",25
"1595",-8028.44172468828,"ACDG_P055",50
"1596",-39878.9722040497,"ACDG_P055",100
"1597",-18127.0775757707,"ACDG_P055",25
"1598",-35935.72485727,"ACDG_P055",50
"1599",-46987.1742527744,"ACDG_P055",100
"1600",-23583.4433022914,"ACDG_P055",25
"1601",-30056.1581282741,"ACDG_P055",50
"1602",-44444.2344163177,"ACDG_P055",100
"1603",-18697.9449629406,"ACDG_P055",25
"1604",-51386.3731914837,"ACDG_P055",50
"1605",-59731.8460683323,"ACDG_P055",100
"1606",-7455.95061727247,"ACDG_P055",25
"1607",-27395.1895295919,"ACDG_P055",50
"1608",-58356.8200706583,"ACDG_P055",100
"1609",12082.029386531,"ACDG_P055",25
"1610",-42212.0250724207,"ACDG_P055",50
"1611",-61405.4301570947,"ACDG_P055",100
"1612",-29831.7709825533,"ACDG_P055",25
"1613",-5055.372905411,"ACDG_P055",50
"1614",-45662.3446083741,"ACDG_P055",100
"1615",-3518.76636120619,"ACDG_P055",25
"1616",3397.21434326592,"ACDG_P055",50
"1617",-49087.6738153107,"ACDG_P055",100
"1618",19748.1379211673,"ACDG_P055",25
"1619",-26150.9481564433,"ACDG_P055",50
"1620",-43248.4452962363,"ACDG_P055",100
"1621",-17889.561639472,"ACDG_P055",25
"1622",-25403.3224562949,"ACDG_P055",50
"1623",-48627.9492668914,"ACDG_P055",100
"1624",-1692.03185295116,"ACDG_P055",25
"1625",-31295.5162188941,"ACDG_P055",50
"1626",-63381.4421409124,"ACDG_P055",100
"1627",-10002.9376216682,"ACDG_P055",25
"1628",-34914.2379450071,"ACDG_P055",50
"1629",-58015.0900002086,"ACDG_P055",100
"1630",-11463.4170418619,"ACDG_P055",25
"1631",-32057.3722212334,"ACDG_P055",50
"1632",-66186.6270443135,"ACDG_P055",100
"1633",780.583099772106,"ACDG_P055",25
"1634",-42493.6420042888,"ACDG_P055",50
"1635",-51261.7264185005,"ACDG_P055",100
"1636",-25649.3643924455,"ACDG_P055",25
"1637",-9024.37982146477,"ACDG_P055",50
"1638",-55210.3414291461,"ACDG_P055",100
"1639",-6194.45658783364,"ACDG_P055",25
"1640",-19943.9750623681,"ACDG_P055",50
"1641",-49600.3200847993,"ACDG_P055",100
"1642",-13413.4913091426,"ACDG_P055",25
"1643",-20882.3943800793,"ACDG_P055",50
"1644",-52232.0416357503,"ACDG_P055",100
"1645",-22994.7051148342,"ACDG_P055",25
"1646",-31108.0884287299,"ACDG_P055",50
"1647",-59859.5790504329,"ACDG_P055",100
"1648",-17070.9843223053,"ACDG_P055",25
"1649",-29449.6942854269,"ACDG_P055",50
"1650",-51597.7757142594,"ACDG_P055",100
"1651",-12751.0775425185,"ACDG_P055",25
"1652",-29516.8819346316,"ACDG_P055",50
"1653",-55299.1420143518,"ACDG_P055",100
"1654",-4274.23999133467,"ACDG_P055",25
"1655",-25003.7401062595,"ACDG_P055",50
"1656",-49077.409134752,"ACDG_P055",100
"1657",-10536.7426413163,"ACDG_P055",25
"1658",-30154.9475925375,"ACDG_P055",50
"1659",-48029.7354575348,"ACDG_P055",100
"1660",-18959.7747536638,"ACDG_P055",25
"1661",-32771.1644387954,"ACDG_P055",50
"1662",-27938.9009383839,"ACDG_P055",100
"1663",-14341.6854711563,"ACDG_P055",25
"1664",-14437.4570540535,"ACDG_P055",50
"1665",-48954.29488247,"ACDG_P055",100
"1666",-10549.4122302769,"ACDG_P055",25
"1667",-43863.9581813819,"ACDG_P055",50
"1668",-55685.6697489596,"ACDG_P055",100
"1669",-15934.5936160266,"ACDG_P055",25
"1670",-3042.30316117674,"ACDG_P055",50
"1671",-35384.5354857689,"ACDG_P055",100
"1672",-1432.18285447353,"ACDG_P055",25
"1673",-26552.8532014159,"ACDG_P055",50
"1674",-44016.1318644479,"ACDG_P055",100
"1675",-11492.9219869937,"ACDG_P055",25
"1676",-16415.6302923551,"ACDG_P055",50
"1677",-54693.9373454737,"ACDG_P055",100
"1678",-16066.4503558564,"ACDG_P055",25
"1679",-21112.5238111344,"ACDG_P055",50
"1680",-46549.8757325107,"ACDG_P055",100
"1681",-17373.3028596259,"ACDG_P055",25
"1682",-26000.2785029192,"ACDG_P055",50
"1683",-34459.4736667318,"ACDG_P055",100
"1684",-14921.7543023414,"ACDG_P055",25
"1685",-34478.4251140629,"ACDG_P055",50
"1686",-48326.6595801922,"ACDG_P055",100
"1687",-4038.93262132909,"ACDG_P055",25
"1688",-28191.6949683578,"ACDG_P055",50
"1689",-50987.1968625371,"ACDG_P055",100
"1690",-8508.11126606271,"ACDG_P055",25
"1691",-23910.3499692565,"ACDG_P055",50
"1692",-51771.3944886253,"ACDG_P055",100
"1693",-15364.2458058452,"ACDG_P055",25
"1694",-35278.7152402412,"ACDG_P055",50
"1695",-59313.3595633947,"ACDG_P055",100
"1696",-4611.4722138333,"ACDG_P055",25
"1697",-22576.9035983169,"ACDG_P055",50
"1698",-45556.7232249598,"ACDG_P055",100
"1699",-20365.2826492158,"ACDG_P055",25
"1700",-19446.6374295942,"ACDG_P055",50
"1701",-51312.9289514255,"ACDG_P055",100
"1702",-20331.9194555011,"ACDG_P055",25
"1703",-25093.1648321804,"ACDG_P055",50
"1704",-42854.8333339782,"ACDG_P055",100
"1705",-8070.74978514889,"ACDG_P055",25
"1706",-22221.7597517258,"ACDG_P055",50
"1707",-38162.6142523848,"ACDG_P055",100
"1708",-2252.24607173202,"ACDG_P055",25
"1709",-22684.7792488353,"ACDG_P055",50
"1710",-53056.3316103034,"ACDG_P055",100
"1711",5326.27248289488,"ACDG_P055",25
"1712",-38471.109316473,"ACDG_P055",50
"1713",-31809.1852131598,"ACDG_P055",100
"1714",-20092.8792369273,"ACDG_P055",25
"1715",-20605.7282801552,"ACDG_P055",50
"1716",-45734.2369381126,"ACDG_P055",100
"1717",-25356.1462195725,"ACDG_P055",25
"1718",-13463.3995728519,"ACDG_P055",50
"1719",-35688.8214067627,"ACDG_P055",100
"1720",-5243.78863803175,"ACDG_P055",25
"1721",-28978.1358027625,"ACDG_P055",50
"1722",-49701.7905419405,"ACDG_P055",100
"1723",-699.806426441472,"ACDG_P055",25
"1724",9839.75775499386,"ACDG_P055",50
"1725",-64184.7492253405,"ACDG_P055",100
"1726",-10060.5788689537,"ACDG_P055",25
"1727",-26018.5930359104,"ACDG_P055",50
"1728",-61460.6404924604,"ACDG_P055",100
"1729",-5848.28624083317,"ACDG_P055",25
"1730",-20487.6195409083,"ACDG_P055",50
"1731",-33401.7581808376,"ACDG_P055",100
"1732",-7672.87976720947,"ACDG_P055",25
"1733",-22874.1358982002,"ACDG_P055",50
"1734",-55559.9821278799,"ACDG_P055",100
"1735",-5750.33651125396,"ACDG_P055",25
"1736",-17367.6015673663,"ACDG_P055",50
"1737",-41729.9322101499,"ACDG_P055",100
"1738",-32478.5490574044,"ACDG_P055",25
"1739",-31903.550062794,"ACDG_P055",50
"1740",-59258.5947256722,"ACDG_P055",100
"1741",-21288.5399802543,"ACDG_P055",25
"1742",-23917.6469393653,"ACDG_P055",50
"1743",-58371.990436459,"ACDG_P055",100
"1744",-4369.10257970507,"ACDG_P055",25
"1745",-33461.3007684307,"ACDG_P055",50
"1746",-52650.2880908515,"ACDG_P055",100
"1747",2988.51880693238,"ACDG_P055",25
"1748",-5399.52437469311,"ACDG_P055",50
"1749",-52820.5152389143,"ACDG_P055",100
"1750",-28582.1442299162,"ACDG_P055",25
"1751",-23364.2460163859,"ACDG_P055",50
"1752",-53460.4585762549,"ACDG_P055",100
"1753",-12641.1132399128,"ACDG_P055",25
"1754",-40690.2233617744,"ACDG_P055",50
"1755",-39883.6934542887,"ACDG_P055",100
"1756",-15969.3237401737,"ACDG_P055",25
"1757",-2640.85487460339,"ACDG_P055",50
"1758",-60247.5892453441,"ACDG_P055",100
"1759",-21565.3129187104,"ACDG_P055",25
"1760",-22699.2635787943,"ACDG_P055",50
"1761",-52777.7909897773,"ACDG_P055",100
"1762",-31.6914838978555,"ACDG_P055",25
"1763",-18381.5163263915,"ACDG_P055",50
"1764",-57179.6207389364,"ACDG_P055",100
"1765",-9854.19614729233,"ACDG_P055",25
"1766",-27919.215555235,"ACDG_P055",50
"1767",-57721.8712894424,"ACDG_P055",100
"1768",-15581.1208481792,"ACDG_P055",25
"1769",-24374.3702446728,"ACDG_P055",50
"1770",-54260.2363763332,"ACDG_P055",100
"1771",-7866.01869210409,"ACDG_P055",25
"1772",-16160.2858236675,"ACDG_P055",50
"1773",-57968.126302384,"ACDG_P055",100
"1774",-22227.2774002838,"ACDG_P055",25
"1775",-44818.0790764729,"ACDG_P055",50
"1776",-45582.4040851826,"ACDG_P055",100
"1777",-3804.39292744762,"ACDG_P055",25
"1778",-21120.4563802136,"ACDG_P055",50
"1779",-48927.8073908429,"ACDG_P055",100
"1780",-25912.3625162939,"ACDG_P055",25
"1781",-15961.0151667387,"ACDG_P055",50
"1782",-52856.7453808562,"ACDG_P055",100
"1783",-9758.68229746429,"ACDG_P055",25
"1784",-48955.6014132263,"ACDG_P055",50
"1785",-46017.0127587747,"ACDG_P055",100
"1786",-22821.6565039287,"ACDG_P055",25
"1787",-15354.0425737629,"ACDG_P055",50
"1788",-54034.7898596843,"ACDG_P055",100
"1789",-16253.9735976453,"ACDG_P055",25
"1790",-20355.9621322016,"ACDG_P055",50
"1791",-41009.745279198,"ACDG_P055",100
"1792",-14041.9793913655,"ACDG_P055",25
"1793",-8262.16283288487,"ACDG_P055",50
"1794",-35723.755818208,"ACDG_P055",100
"1795",-20214.168045887,"ACDG_P055",25
"1796",-37216.1313127511,"ACDG_P055",50
"1797",-62535.2891633451,"ACDG_P055",100
"1798",-22753.1893272636,"ACDG_P055",25
"1799",-44805.7579655253,"ACDG_P055",50
"1800",-46386.0453767241,"ACDG_P055",100
"1801",3521.02538256571,"CAFI_P001",25
"1802",-5199.04110186195,"CAFI_P001",50
"1803",44396.3687854242,"CAFI_P001",100
"1804",9523.65821860867,"CAFI_P001",25
"1805",5901.17753458695,"CAFI_P001",50
"1806",61755.1314592696,"CAFI_P001",100
"1807",17735.0029057846,"CAFI_P001",25
"1808",6546.53912905572,"CAFI_P001",50
"1809",20450.0291606987,"CAFI_P001",100
"1810",-10892.7193277872,"CAFI_P001",25
"1811",21433.5480409457,"CAFI_P001",50
"1812",28206.9350985295,"CAFI_P001",100
"1813",15347.0266878431,"CAFI_P001",25
"1814",-11221.6155515841,"CAFI_P001",50
"1815",22295.7991038943,"CAFI_P001",100
"1816",34652.2483178822,"CAFI_P001",25
"1817",-5461.14439185901,"CAFI_P001",50
"1818",35417.3490975417,"CAFI_P001",100
"1819",9301.21048660352,"CAFI_P001",25
"1820",25352.8491444782,"CAFI_P001",50
"1821",24107.0112771999,"CAFI_P001",100
"1822",4932.9130892414,"CAFI_P001",25
"1823",10391.0003071177,"CAFI_P001",50
"1824",6554.78086895778,"CAFI_P001",100
"1825",-515.576494266395,"CAFI_P001",25
"1826",-729.031129910669,"CAFI_P001",50
"1827",25624.2373926199,"CAFI_P001",100
"1828",-8670.37508493059,"CAFI_P001",25
"1829",467.531961695408,"CAFI_P001",50
"1830",-7293.88767422055,"CAFI_P001",100
"1831",11302.3413592505,"CAFI_P001",25
"1832",6492.04449332543,"CAFI_P001",50
"1833",-9671.35402352849,"CAFI_P001",100
"1834",-7903.57741240712,"CAFI_P001",25
"1835",10550.5907682692,"CAFI_P001",50
"1836",31928.6997580102,"CAFI_P001",100
"1837",11573.1618009641,"CAFI_P001",25
"1838",11704.0727806343,"CAFI_P001",50
"1839",25626.2404087311,"CAFI_P001",100
"1840",5122.70299639172,"CAFI_P001",25
"1841",4904.80847940358,"CAFI_P001",50
"1842",5271.39831061198,"CAFI_P001",100
"1843",-3916.8642520108,"CAFI_P001",25
"1844",19578.9071309435,"CAFI_P001",50
"1845",43839.9363048976,"CAFI_P001",100
"1846",-12015.5575011006,"CAFI_P001",25
"1847",2079.1143747278,"CAFI_P001",50
"1848",22949.7551108894,"CAFI_P001",100
"1849",-1245.78592793594,"CAFI_P001",25
"1850",2119.22426152791,"CAFI_P001",50
"1851",16451.0533153974,"CAFI_P001",100
"1852",16763.4547277271,"CAFI_P001",25
"1853",-14952.917584966,"CAFI_P001",50
"1854",4736.9707747772,"CAFI_P001",100
"1855",22231.632360931,"CAFI_P001",25
"1856",-2767.72237229356,"CAFI_P001",50
"1857",5371.01169457872,"CAFI_P001",100
"1858",16029.4963077958,"CAFI_P001",25
"1859",5733.44658534575,"CAFI_P001",50
"1860",8927.07870016675,"CAFI_P001",100
"1861",-4476.32322674285,"CAFI_P001",25
"1862",11227.7471114548,"CAFI_P001",50
"1863",-21452.9825185162,"CAFI_P001",100
"1864",26645.8419287894,"CAFI_P001",25
"1865",1199.89807387188,"CAFI_P001",50
"1866",33996.0212093279,"CAFI_P001",100
"1867",15486.9851909545,"CAFI_P001",25
"1868",-7528.12768172048,"CAFI_P001",50
"1869",24758.5423247761,"CAFI_P001",100
"1870",8584.30783981379,"CAFI_P001",25
"1871",2770.87352241288,"CAFI_P001",50
"1872",30101.8150756555,"CAFI_P001",100
"1873",-6253.72858024415,"CAFI_P001",25
"1874",-21540.5379581969,"CAFI_P001",50
"1875",-24106.849340996,"CAFI_P001",100
"1876",-1205.38087573709,"CAFI_P001",25
"1877",6122.2897524033,"CAFI_P001",50
"1878",5407.0117040895,"CAFI_P001",100
"1879",12241.0452853722,"CAFI_P001",25
"1880",-4343.97049465112,"CAFI_P001",50
"1881",19585.429107016,"CAFI_P001",100
"1882",-7322.91027573869,"CAFI_P001",25
"1883",10510.3530228803,"CAFI_P001",50
"1884",-14745.3262076881,"CAFI_P001",100
"1885",6217.52991915893,"CAFI_P001",25
"1886",-97.0614842576324,"CAFI_P001",50
"1887",40260.708124499,"CAFI_P001",100
"1888",11081.9463047635,"CAFI_P001",25
"1889",25688.8668174664,"CAFI_P001",50
"1890",59354.0224213975,"CAFI_P001",100
"1891",-5155.95362298028,"CAFI_P001",25
"1892",13607.5280773659,"CAFI_P001",50
"1893",44978.2471907028,"CAFI_P001",100
"1894",361.175224482897,"CAFI_P001",25
"1895",3253.28804761401,"CAFI_P001",50
"1896",42706.2534495098,"CAFI_P001",100
"1897",5597.58563216813,"CAFI_P001",25
"1898",1962.71175079272,"CAFI_P001",50
"1899",-6130.44966890701,"CAFI_P001",100
"1900",-10102.3357520145,"CAFI_P001",25
"1901",7129.41492478098,"CAFI_P001",50
"1902",27.3476316884335,"CAFI_P001",100
"1903",4094.85510684727,"CAFI_P001",25
"1904",23858.2746780195,"CAFI_P001",50
"1905",9847.67709448593,"CAFI_P001",100
"1906",905.762432783376,"CAFI_P001",25
"1907",12267.9279331644,"CAFI_P001",50
"1908",20721.12991551,"CAFI_P001",100
"1909",13014.7308044461,"CAFI_P001",25
"1910",1380.76866736394,"CAFI_P001",50
"1911",61626.4141491326,"CAFI_P001",100
"1912",15121.7595875842,"CAFI_P001",25
"1913",11562.8145662653,"CAFI_P001",50
"1914",23925.6431851483,"CAFI_P001",100
"1915",22338.2819875239,"CAFI_P001",25
"1916",6667.90061769777,"CAFI_P001",50
"1917",-5932.44772436796,"CAFI_P001",100
"1918",-7443.91744557495,"CAFI_P001",25
"1919",-1412.95283323148,"CAFI_P001",50
"1920",18419.2442604772,"CAFI_P001",100
"1921",13544.4820479352,"CAFI_P001",25
"1922",9810.53617641181,"CAFI_P001",50
"1923",1007.05308056218,"CAFI_P001",100
"1924",5861.31278477047,"CAFI_P001",25
"1925",-8972.71139586548,"CAFI_P001",50
"1926",12533.839199082,"CAFI_P001",100
"1927",3515.6026561296,"CAFI_P001",25
"1928",31290.3376875242,"CAFI_P001",50
"1929",2335.57209872143,"CAFI_P001",100
"1930",2028.44533220216,"CAFI_P001",25
"1931",11791.0425165902,"CAFI_P001",50
"1932",9927.58583692249,"CAFI_P001",100
"1933",-6549.99542023073,"CAFI_P001",25
"1934",-14046.8445396936,"CAFI_P001",50
"1935",24789.8743375905,"CAFI_P001",100
"1936",9262.66096658536,"CAFI_P001",25
"1937",16793.2488052687,"CAFI_P001",50
"1938",35397.5780211143,"CAFI_P001",100
"1939",-592.617152568098,"CAFI_P001",25
"1940",14269.4196627806,"CAFI_P001",50
"1941",14950.6457299299,"CAFI_P001",100
"1942",-4815.44132725132,"CAFI_P001",25
"1943",-12985.301609113,"CAFI_P001",50
"1944",5392.98172807283,"CAFI_P001",100
"1945",9186.05169838885,"CAFI_P001",25
"1946",22190.5918192115,"CAFI_P001",50
"1947",15792.6121943836,"CAFI_P001",100
"1948",4212.92329316153,"CAFI_P001",25
"1949",11017.6200093697,"CAFI_P001",50
"1950",23107.8093490675,"CAFI_P001",100
"1951",-10636.672702447,"CAFI_P001",25
"1952",-18379.5141167125,"CAFI_P001",50
"1953",14804.0225061188,"CAFI_P001",100
"1954",13799.3324391012,"CAFI_P001",25
"1955",39389.9943161916,"CAFI_P001",50
"1956",49699.6359971696,"CAFI_P001",100
"1957",1582.56974762832,"CAFI_P001",25
"1958",12647.7037569604,"CAFI_P001",50
"1959",43514.7903658342,"CAFI_P001",100
"1960",-11193.9180646442,"CAFI_P001",25
"1961",10724.9273335579,"CAFI_P001",50
"1962",26865.4049847265,"CAFI_P001",100
"1963",9013.35469284226,"CAFI_P001",25
"1964",1956.68728408028,"CAFI_P001",50
"1965",23624.5990637765,"CAFI_P001",100
"1966",-1692.03656809239,"CAFI_P001",25
"1967",-15704.3675475367,"CAFI_P001",50
"1968",-13355.3849573444,"CAFI_P001",100
"1969",-1152.07844995972,"CAFI_P001",25
"1970",-54.661322334432,"CAFI_P001",50
"1971",38914.4535140434,"CAFI_P001",100
"1972",2531.22063944439,"CAFI_P001",25
"1973",18018.5498175327,"CAFI_P001",50
"1974",27355.9194305337,"CAFI_P001",100
"1975",3401.66305448094,"CAFI_P001",25
"1976",6942.25196323133,"CAFI_P001",50
"1977",24905.1571643603,"CAFI_P001",100
"1978",13471.5142735439,"CAFI_P001",25
"1979",28788.2600150945,"CAFI_P001",50
"1980",30366.9291597138,"CAFI_P001",100
"1981",19116.7199618239,"CAFI_P001",25
"1982",10391.8979223773,"CAFI_P001",50
"1983",32016.3802891517,"CAFI_P001",100
"1984",6508.31174671979,"CAFI_P001",25
"1985",-2250.22039706766,"CAFI_P001",50
"1986",25862.9241119985,"CAFI_P001",100
"1987",6577.45185547866,"CAFI_P001",25
"1988",-3886.16672992249,"CAFI_P001",50
"1989",17119.4052777409,"CAFI_P001",100
"1990",-9626.56141699632,"CAFI_P001",25
"1991",19402.9742285868,"CAFI_P001",50
"1992",19173.481257483,"CAFI_P001",100
"1993",1218.85903469348,"CAFI_P001",25
"1994",38734.178237245,"CAFI_P001",50
"1995",21934.3492538367,"CAFI_P001",100
"1996",7463.38033660708,"CAFI_P001",25
"1997",9235.05749803004,"CAFI_P001",50
"1998",16205.2234730136,"CAFI_P001",100
"1999",7468.81998899256,"CAFI_P001",25
"2000",2111.23022229594,"CAFI_P001",50
"2001",19214.2755013187,"CAFI_P001",100
"2002",1786.79686867548,"CAFI_P001",25
"2003",11038.3175243771,"CAFI_P001",50
"2004",7121.16372367946,"CAFI_P001",100
"2005",5670.55947137755,"CAFI_P001",25
"2006",-5130.43651352212,"CAFI_P001",50
"2007",10375.8235994894,"CAFI_P001",100
"2008",29100.2146983158,"CAFI_P001",25
"2009",2550.82637468012,"CAFI_P001",50
"2010",27213.7527896831,"CAFI_P001",100
"2011",19289.7388770979,"CAFI_P001",25
"2012",4218.98626853139,"CAFI_P001",50
"2013",60551.9070777083,"CAFI_P001",100
"2014",-9632.98535498045,"CAFI_P001",25
"2015",12741.1620152765,"CAFI_P001",50
"2016",13770.8719624352,"CAFI_P001",100
"2017",7327.26728219163,"CAFI_P001",25
"2018",35495.1823971671,"CAFI_P001",50
"2019",10128.8324415433,"CAFI_P001",100
"2020",10759.1012877845,"CAFI_P001",25
"2021",-4126.03924150328,"CAFI_P001",50
"2022",-14036.133560183,"CAFI_P001",100
"2023",5992.01582707444,"CAFI_P001",25
"2024",6139.77647371081,"CAFI_P001",50
"2025",10823.0004327212,"CAFI_P001",100
"2026",1202.17953876042,"CAFI_P001",25
"2027",30078.8869119133,"CAFI_P001",50
"2028",10531.6722359686,"CAFI_P001",100
"2029",-3775.32469806439,"CAFI_P001",25
"2030",-8385.2126471645,"CAFI_P001",50
"2031",-5861.86144127007,"CAFI_P001",100
"2032",-11400.7294959798,"CAFI_P001",25
"2033",28647.4228666987,"CAFI_P001",50
"2034",32585.4721681449,"CAFI_P001",100
"2035",15753.0875017666,"CAFI_P001",25
"2036",16054.7389259216,"CAFI_P001",50
"2037",1471.78966486969,"CAFI_P001",100
"2038",12842.3020121694,"CAFI_P001",25
"2039",1706.81138502629,"CAFI_P001",50
"2040",40875.5462720368,"CAFI_P001",100
"2041",6816.960527744,"CAFI_P001",25
"2042",4118.08367369356,"CAFI_P001",50
"2043",7970.81820149525,"CAFI_P001",100
"2044",-13176.8901310521,"CAFI_P001",25
"2045",9554.14804191302,"CAFI_P001",50
"2046",-4258.66773128073,"CAFI_P001",100
"2047",4818.53838527171,"CAFI_P001",25
"2048",-2364.85153121353,"CAFI_P001",50
"2049",3164.96453722418,"CAFI_P001",100
"2050",3243.77084304221,"CAFI_P001",25
"2051",-4429.30812704127,"CAFI_P001",50
"2052",15686.8180263547,"CAFI_P001",100
"2053",-1506.26949507676,"CAFI_P001",25
"2054",11072.1676173671,"CAFI_P001",50
"2055",7085.24361472626,"CAFI_P001",100
"2056",-7057.29145637492,"CAFI_P001",25
"2057",-23649.1253989489,"CAFI_P001",50
"2058",33486.2804497492,"CAFI_P001",100
"2059",-7906.64727213746,"CAFI_P001",25
"2060",11422.7355544702,"CAFI_P001",50
"2061",36927.0372317792,"CAFI_P001",100
"2062",17531.5650439862,"CAFI_P001",25
"2063",-2690.62823018737,"CAFI_P001",50
"2064",15990.7400240429,"CAFI_P001",100
"2065",-3764.09909058435,"CAFI_P001",25
"2066",-9521.52130850547,"CAFI_P001",50
"2067",-8749.76158273462,"CAFI_P001",100
"2068",-6397.84936664277,"CAFI_P001",25
"2069",18458.9511801523,"CAFI_P001",50
"2070",23787.7876554028,"CAFI_P001",100
"2071",-11476.9466641947,"CAFI_P001",25
"2072",-2085.35925817845,"CAFI_P001",50
"2073",17374.941769696,"CAFI_P001",100
"2074",12003.8802236741,"CAFI_P001",25
"2075",12398.5383979822,"CAFI_P001",50
"2076",34166.2681454548,"CAFI_P001",100
"2077",2155.65973261694,"CAFI_P001",25
"2078",11105.8870761242,"CAFI_P001",50
"2079",17056.3694233661,"CAFI_P001",100
"2080",28672.7066872244,"CAFI_P001",25
"2081",3601.99477762575,"CAFI_P001",50
"2082",-959.654549038911,"CAFI_P001",100
"2083",10167.008690529,"CAFI_P001",25
"2084",8313.73125042804,"CAFI_P001",50
"2085",16960.4393757421,"CAFI_P001",100
"2086",-3459.53957830134,"CAFI_P001",25
"2087",22461.9737477575,"CAFI_P001",50
"2088",-13467.866792635,"CAFI_P001",100
"2089",4824.1943120161,"CAFI_P001",25
"2090",10584.9149900279,"CAFI_P001",50
"2091",13372.9464435263,"CAFI_P001",100
"2092",1151.42382466956,"CAFI_P001",25
"2093",3835.72025880692,"CAFI_P001",50
"2094",-3256.55687266326,"CAFI_P001",100
"2095",-3588.2390426675,"CAFI_P001",25
"2096",-4112.02222029341,"CAFI_P001",50
"2097",21982.3728821804,"CAFI_P001",100
"2098",-3988.134278685,"CAFI_P001",25
"2099",32308.9441119256,"CAFI_P001",50
"2100",7083.85473318599,"CAFI_P001",100
"2101",23499.8885507744,"CAFI_P002",25
"2102",738.634177416563,"CAFI_P002",50
"2103",-13289.5144438317,"CAFI_P002",100
"2104",-2459.53741100128,"CAFI_P002",25
"2105",950.702161736524,"CAFI_P002",50
"2106",7412.75953377807,"CAFI_P002",100
"2107",-6761.00051320548,"CAFI_P002",25
"2108",6020.64355488392,"CAFI_P002",50
"2109",921.940601564158,"CAFI_P002",100
"2110",-1229.23005431634,"CAFI_P002",25
"2111",-14292.0290192286,"CAFI_P002",50
"2112",34021.9197529471,"CAFI_P002",100
"2113",2032.75815175846,"CAFI_P002",25
"2114",8283.22502955134,"CAFI_P002",50
"2115",19608.1316029979,"CAFI_P002",100
"2116",-9527.68631956275,"CAFI_P002",25
"2117",44123.0091713013,"CAFI_P002",50
"2118",-6576.88477671513,"CAFI_P002",100
"2119",20573.2535008655,"CAFI_P002",25
"2120",12576.0495571672,"CAFI_P002",50
"2121",11238.2784623149,"CAFI_P002",100
"2122",-1460.48950289987,"CAFI_P002",25
"2123",18885.3730642409,"CAFI_P002",50
"2124",10139.7566450708,"CAFI_P002",100
"2125",20435.150935992,"CAFI_P002",25
"2126",20171.7499116058,"CAFI_P002",50
"2127",56151.9645191213,"CAFI_P002",100
"2128",4876.53395848096,"CAFI_P002",25
"2129",-5495.31419506669,"CAFI_P002",50
"2130",27482.5630300543,"CAFI_P002",100
"2131",-979.986298428586,"CAFI_P002",25
"2132",8778.48014952175,"CAFI_P002",50
"2133",73389.8442817324,"CAFI_P002",100
"2134",-1549.63746871104,"CAFI_P002",25
"2135",19347.2354450869,"CAFI_P002",50
"2136",11701.0022745454,"CAFI_P002",100
"2137",7553.89406015305,"CAFI_P002",25
"2138",21475.6411943133,"CAFI_P002",50
"2139",6298.05002576028,"CAFI_P002",100
"2140",13258.6539914039,"CAFI_P002",25
"2141",2062.04351026658,"CAFI_P002",50
"2142",-18841.3537894005,"CAFI_P002",100
"2143",-2018.83457796939,"CAFI_P002",25
"2144",28480.7019090373,"CAFI_P002",50
"2145",22018.9018524871,"CAFI_P002",100
"2146",8709.34750426115,"CAFI_P002",25
"2147",20602.3161858925,"CAFI_P002",50
"2148",-11341.9971606432,"CAFI_P002",100
"2149",14945.6005803312,"CAFI_P002",25
"2150",574.550256045652,"CAFI_P002",50
"2151",13659.5405342182,"CAFI_P002",100
"2152",-4244.08930503816,"CAFI_P002",25
"2153",-11951.0105637154,"CAFI_P002",50
"2154",34595.8171001679,"CAFI_P002",100
"2155",-12411.6657616067,"CAFI_P002",25
"2156",-2214.83259442641,"CAFI_P002",50
"2157",-10836.4721360072,"CAFI_P002",100
"2158",-10631.6595235651,"CAFI_P002",25
"2159",-6007.04053994353,"CAFI_P002",50
"2160",-6306.76722356165,"CAFI_P002",100
"2161",21481.7932190166,"CAFI_P002",25
"2162",-6483.66123407366,"CAFI_P002",50
"2163",-3605.38633905453,"CAFI_P002",100
"2164",11630.2921160503,"CAFI_P002",25
"2165",-11182.3688999688,"CAFI_P002",50
"2166",58464.7634950007,"CAFI_P002",100
"2167",-6993.13841138178,"CAFI_P002",25
"2168",-14252.3193552279,"CAFI_P002",50
"2169",15398.1087424991,"CAFI_P002",100
"2170",4991.42031610283,"CAFI_P002",25
"2171",-3041.27374375187,"CAFI_P002",50
"2172",-1962.84074087735,"CAFI_P002",100
"2173",3151.16127059629,"CAFI_P002",25
"2174",14551.9126876695,"CAFI_P002",50
"2175",-13957.6471130533,"CAFI_P002",100
"2176",-2254.62375596838,"CAFI_P002",25
"2177",-12148.6503863854,"CAFI_P002",50
"2178",31538.7396506439,"CAFI_P002",100
"2179",26421.5490677601,"CAFI_P002",25
"2180",-970.575337216054,"CAFI_P002",50
"2181",19025.445997651,"CAFI_P002",100
"2182",20812.1646211419,"CAFI_P002",25
"2183",29572.6321928245,"CAFI_P002",50
"2184",33598.8819202662,"CAFI_P002",100
"2185",10707.4245540037,"CAFI_P002",25
"2186",7559.46462529877,"CAFI_P002",50
"2187",12949.7911293574,"CAFI_P002",100
"2188",22677.9778034044,"CAFI_P002",25
"2189",-5159.19243829782,"CAFI_P002",50
"2190",54330.0364696832,"CAFI_P002",100
"2191",-2008.85034364017,"CAFI_P002",25
"2192",-7064.94919822901,"CAFI_P002",50
"2193",27432.515946998,"CAFI_P002",100
"2194",-11273.9259811185,"CAFI_P002",25
"2195",-4710.29225220182,"CAFI_P002",50
"2196",-3428.95338845445,"CAFI_P002",100
"2197",-3030.9483646322,"CAFI_P002",25
"2198",1041.92882967918,"CAFI_P002",50
"2199",-26522.985471876,"CAFI_P002",100
"2200",-5472.00223226796,"CAFI_P002",25
"2201",-4795.88197128667,"CAFI_P002",50
"2202",18183.5231369195,"CAFI_P002",100
"2203",-8781.47378684088,"CAFI_P002",25
"2204",-906.150349153293,"CAFI_P002",50
"2205",-1613.71280814556,"CAFI_P002",100
"2206",-16968.0486739036,"CAFI_P002",25
"2207",-7777.7962936956,"CAFI_P002",50
"2208",-7986.59576797925,"CAFI_P002",100
"2209",-3971.08618512642,"CAFI_P002",25
"2210",-16194.3379404307,"CAFI_P002",50
"2211",-17349.5984665216,"CAFI_P002",100
"2212",2098.77770585046,"CAFI_P002",25
"2213",-12812.7891871493,"CAFI_P002",50
"2214",19365.2731093859,"CAFI_P002",100
"2215",-6561.78937084571,"CAFI_P002",25
"2216",-4566.53595199206,"CAFI_P002",50
"2217",23490.582507836,"CAFI_P002",100
"2218",-1744.07667113273,"CAFI_P002",25
"2219",5536.26018074769,"CAFI_P002",50
"2220",34501.142587473,"CAFI_P002",100
"2221",1650.15559895441,"CAFI_P002",25
"2222",21438.5886210031,"CAFI_P002",50
"2223",17928.7056396728,"CAFI_P002",100
"2224",22813.6319995197,"CAFI_P002",25
"2225",19758.1441180905,"CAFI_P002",50
"2226",8988.58938002971,"CAFI_P002",100
"2227",-959.685386490455,"CAFI_P002",25
"2228",1155.72601073296,"CAFI_P002",50
"2229",-5987.3441464541,"CAFI_P002",100
"2230",12602.5951074343,"CAFI_P002",25
"2231",-747.29618960197,"CAFI_P002",50
"2232",-11754.2292140702,"CAFI_P002",100
"2233",-379.400012084079,"CAFI_P002",25
"2234",28453.5152115964,"CAFI_P002",50
"2235",38507.2501506323,"CAFI_P002",100
"2236",-5958.51364419007,"CAFI_P002",25
"2237",11019.7873683313,"CAFI_P002",50
"2238",29436.1621913488,"CAFI_P002",100
"2239",-12209.8990903125,"CAFI_P002",25
"2240",-9485.88224371098,"CAFI_P002",50
"2241",26418.7517534378,"CAFI_P002",100
"2242",5824.60603782837,"CAFI_P002",25
"2243",5434.02731849861,"CAFI_P002",50
"2244",4197.0295927476,"CAFI_P002",100
"2245",-721.910238352808,"CAFI_P002",25
"2246",-18309.7325826336,"CAFI_P002",50
"2247",-17540.041506315,"CAFI_P002",100
"2248",8606.15151539314,"CAFI_P002",25
"2249",17859.9412707658,"CAFI_P002",50
"2250",-750.495540791424,"CAFI_P002",100
"2251",-5353.83357958967,"CAFI_P002",25
"2252",-2812.99166398309,"CAFI_P002",50
"2253",14020.6652945291,"CAFI_P002",100
"2254",21340.4930643069,"CAFI_P002",25
"2255",-4908.9263206014,"CAFI_P002",50
"2256",-5892.37881580004,"CAFI_P002",100
"2257",24137.7570008411,"CAFI_P002",25
"2258",5510.46053941359,"CAFI_P002",50
"2259",32527.9958428326,"CAFI_P002",100
"2260",46569.2315391955,"CAFI_P002",25
"2261",16388.2501445629,"CAFI_P002",50
"2262",43031.3293373983,"CAFI_P002",100
"2263",-332.762795657909,"CAFI_P002",25
"2264",6083.93665323846,"CAFI_P002",50
"2265",-21442.229966675,"CAFI_P002",100
"2266",17065.1139561038,"CAFI_P002",25
"2267",15507.9174339084,"CAFI_P002",50
"2268",16395.139131979,"CAFI_P002",100
"2269",-5695.11106806115,"CAFI_P002",25
"2270",47957.6717470805,"CAFI_P002",50
"2271",-990.737086944573,"CAFI_P002",100
"2272",12353.3256666597,"CAFI_P002",25
"2273",3507.48799919861,"CAFI_P002",50
"2274",12312.9918725218,"CAFI_P002",100
"2275",-350.965466340509,"CAFI_P002",25
"2276",-12524.6288726344,"CAFI_P002",50
"2277",-24418.8506531515,"CAFI_P002",100
"2278",7516.03723373404,"CAFI_P002",25
"2279",-7731.31489508203,"CAFI_P002",50
"2280",46570.4332455474,"CAFI_P002",100
"2281",-3176.65866774163,"CAFI_P002",25
"2282",15640.448044626,"CAFI_P002",50
"2283",-1117.19438652924,"CAFI_P002",100
"2284",21944.825705425,"CAFI_P002",25
"2285",-10083.7661737036,"CAFI_P002",50
"2286",22198.8758852998,"CAFI_P002",100
"2287",-4298.50848581071,"CAFI_P002",25
"2288",39303.1333977406,"CAFI_P002",50
"2289",-6125.25423845119,"CAFI_P002",100
"2290",15489.6161941077,"CAFI_P002",25
"2291",10833.6940621204,"CAFI_P002",50
"2292",-17104.548190927,"CAFI_P002",100
"2293",15088.4611946016,"CAFI_P002",25
"2294",11356.3241580369,"CAFI_P002",50
"2295",47868.5439254885,"CAFI_P002",100
"2296",8833.68268155109,"CAFI_P002",25
"2297",17682.1199878419,"CAFI_P002",50
"2298",71645.1823239951,"CAFI_P002",100
"2299",-6581.81185768367,"CAFI_P002",25
"2300",-7109.26124383771,"CAFI_P002",50
"2301",6565.69684856897,"CAFI_P002",100
"2302",-5509.9881605542,"CAFI_P002",25
"2303",-7055.67417475133,"CAFI_P002",50
"2304",44398.5016624614,"CAFI_P002",100
"2305",684.643115875049,"CAFI_P002",25
"2306",-3542.10392744458,"CAFI_P002",50
"2307",20879.2485879307,"CAFI_P002",100
"2308",3517.42563558929,"CAFI_P002",25
"2309",-5884.2382224921,"CAFI_P002",50
"2310",35925.2968717565,"CAFI_P002",100
"2311",-10365.463960702,"CAFI_P002",25
"2312",12277.1646147037,"CAFI_P002",50
"2313",62799.5808498792,"CAFI_P002",100
"2314",-8996.62502395848,"CAFI_P002",25
"2315",28603.877590548,"CAFI_P002",50
"2316",15840.7330178036,"CAFI_P002",100
"2317",2868.08030222985,"CAFI_P002",25
"2318",-5381.51953250702,"CAFI_P002",50
"2319",-4123.61011428721,"CAFI_P002",100
"2320",12308.554338143,"CAFI_P002",25
"2321",7744.07165240185,"CAFI_P002",50
"2322",-16225.5419197939,"CAFI_P002",100
"2323",-8169.80877473645,"CAFI_P002",25
"2324",-391.999317351962,"CAFI_P002",50
"2325",15739.4129410418,"CAFI_P002",100
"2326",-557.634724043193,"CAFI_P002",25
"2327",-16451.5796769584,"CAFI_P002",50
"2328",41116.0861527572,"CAFI_P002",100
"2329",-11843.2629160704,"CAFI_P002",25
"2330",4161.0733310798,"CAFI_P002",50
"2331",5870.26779941135,"CAFI_P002",100
"2332",17859.1479728603,"CAFI_P002",25
"2333",35348.856028357,"CAFI_P002",50
"2334",16118.5351267419,"CAFI_P002",100
"2335",-5016.99168122798,"CAFI_P002",25
"2336",-6190.35359858186,"CAFI_P002",50
"2337",-1965.20410864081,"CAFI_P002",100
"2338",-7598.23164077455,"CAFI_P002",25
"2339",14880.8936123282,"CAFI_P002",50
"2340",7211.38067169196,"CAFI_P002",100
"2341",24311.3352952097,"CAFI_P002",25
"2342",20448.3639859277,"CAFI_P002",50
"2343",37916.8939351429,"CAFI_P002",100
"2344",7111.50070371141,"CAFI_P002",25
"2345",-8692.10321553223,"CAFI_P002",50
"2346",17936.1289528416,"CAFI_P002",100
"2347",14462.8761742433,"CAFI_P002",25
"2348",7243.83324462618,"CAFI_P002",50
"2349",16015.897754916,"CAFI_P002",100
"2350",-8497.61583941706,"CAFI_P002",25
"2351",28068.9652833267,"CAFI_P002",50
"2352",-11202.6932987304,"CAFI_P002",100
"2353",-6002.25184458803,"CAFI_P002",25
"2354",36052.0485556739,"CAFI_P002",50
"2355",30238.7643763341,"CAFI_P002",100
"2356",11153.4566914531,"CAFI_P002",25
"2357",8525.00558531532,"CAFI_P002",50
"2358",63977.0093610363,"CAFI_P002",100
"2359",-10840.1930606258,"CAFI_P002",25
"2360",3358.31944185795,"CAFI_P002",50
"2361",44988.4677321084,"CAFI_P002",100
"2362",13848.905434699,"CAFI_P002",25
"2363",-4529.48639378854,"CAFI_P002",50
"2364",8241.69379032971,"CAFI_P002",100
"2365",-5584.43063978196,"CAFI_P002",25
"2366",19693.5159526409,"CAFI_P002",50
"2367",20262.9767367397,"CAFI_P002",100
"2368",5103.96501880311,"CAFI_P002",25
"2369",13326.4819195637,"CAFI_P002",50
"2370",-5154.28663802613,"CAFI_P002",100
"2371",264.125118067837,"CAFI_P002",25
"2372",22004.3905164984,"CAFI_P002",50
"2373",15543.6432799351,"CAFI_P002",100
"2374",-14934.5350231527,"CAFI_P002",25
"2375",-10807.2934752226,"CAFI_P002",50
"2376",28144.0733141095,"CAFI_P002",100
"2377",-1584.29217990898,"CAFI_P002",25
"2378",57838.2837798793,"CAFI_P002",50
"2379",-8988.1824612662,"CAFI_P002",100
"2380",2129.05372488298,"CAFI_P002",25
"2381",-6219.43951478822,"CAFI_P002",50
"2382",18033.6896125987,"CAFI_P002",100
"2383",-4176.04301567181,"CAFI_P002",25
"2384",-10796.1096345037,"CAFI_P002",50
"2385",15424.7338750022,"CAFI_P002",100
"2386",-5306.94548324606,"CAFI_P002",25
"2387",-3944.17306150848,"CAFI_P002",50
"2388",-14290.565657402,"CAFI_P002",100
"2389",19886.1277753327,"CAFI_P002",25
"2390",17011.8187988349,"CAFI_P002",50
"2391",62144.5238949035,"CAFI_P002",100
"2392",-3243.03173390107,"CAFI_P002",25
"2393",12949.3856140071,"CAFI_P002",50
"2394",38205.4925941983,"CAFI_P002",100
"2395",6193.7512369105,"CAFI_P002",25
"2396",-14014.4056859747,"CAFI_P002",50
"2397",28202.9026375666,"CAFI_P002",100
"2398",3261.18106713492,"CAFI_P002",25
"2399",-11675.8833480213,"CAFI_P002",50
"2400",-6886.10743753039,"CAFI_P002",100
"2401",-17741.2010203612,"CAFI_P003",25
"2402",28431.6347873923,"CAFI_P003",50
"2403",-7318.68707398232,"CAFI_P003",100
"2404",-5659.69167413644,"CAFI_P003",25
"2405",11816.2945155145,"CAFI_P003",50
"2406",-15755.4956252576,"CAFI_P003",100
"2407",21459.5432562213,"CAFI_P003",25
"2408",9756.55018700642,"CAFI_P003",50
"2409",32061.2880985608,"CAFI_P003",100
"2410",18256.2160852359,"CAFI_P003",25
"2411",76586.2434943114,"CAFI_P003",50
"2412",36323.5893567557,"CAFI_P003",100
"2413",-35475.7968568737,"CAFI_P003",25
"2414",22.4502052838798,"CAFI_P003",50
"2415",-1945.40323440294,"CAFI_P003",100
"2416",5319.26252333104,"CAFI_P003",25
"2417",-20567.341703733,"CAFI_P003",50
"2418",6699.59799375763,"CAFI_P003",100
"2419",2172.14985802758,"CAFI_P003",25
"2420",14498.7585202093,"CAFI_P003",50
"2421",100200.149685445,"CAFI_P003",100
"2422",5965.47126935417,"CAFI_P003",25
"2423",-12561.3286037723,"CAFI_P003",50
"2424",7144.14403447771,"CAFI_P003",100
"2425",-27237.1759242722,"CAFI_P003",25
"2426",38535.5405043852,"CAFI_P003",50
"2427",27489.664230305,"CAFI_P003",100
"2428",32408.086656893,"CAFI_P003",25
"2429",44941.0022804996,"CAFI_P003",50
"2430",-22453.2391398731,"CAFI_P003",100
"2431",18802.2507149531,"CAFI_P003",25
"2432",-8810.21847581491,"CAFI_P003",50
"2433",13658.9763490833,"CAFI_P003",100
"2434",-24653.105927916,"CAFI_P003",25
"2435",39396.1442976772,"CAFI_P003",50
"2436",65635.6244212185,"CAFI_P003",100
"2437",-22930.5081097693,"CAFI_P003",25
"2438",-30135.6822296933,"CAFI_P003",50
"2439",99214.3396322311,"CAFI_P003",100
"2440",-611.940634668048,"CAFI_P003",25
"2441",42425.9974242876,"CAFI_P003",50
"2442",6244.82685874798,"CAFI_P003",100
"2443",7442.35570846143,"CAFI_P003",25
"2444",10838.4396346373,"CAFI_P003",50
"2445",-2981.18901266798,"CAFI_P003",100
"2446",12255.9640811034,"CAFI_P003",25
"2447",6023.83053082041,"CAFI_P003",50
"2448",69156.228678792,"CAFI_P003",100
"2449",2491.76501681883,"CAFI_P003",25
"2450",-18315.6823536669,"CAFI_P003",50
"2451",50667.7595591154,"CAFI_P003",100
"2452",-205.548051102262,"CAFI_P003",25
"2453",4221.87933243677,"CAFI_P003",50
"2454",14629.2320669304,"CAFI_P003",100
"2455",12178.0172797717,"CAFI_P003",25
"2456",23623.6862083848,"CAFI_P003",50
"2457",55668.9878757207,"CAFI_P003",100
"2458",15224.9423775285,"CAFI_P003",25
"2459",13578.658317182,"CAFI_P003",50
"2460",9547.44021860679,"CAFI_P003",100
"2461",-5112.62906354904,"CAFI_P003",25
"2462",7734.18750622164,"CAFI_P003",50
"2463",47312.445875068,"CAFI_P003",100
"2464",13313.0506281531,"CAFI_P003",25
"2465",37868.7519003543,"CAFI_P003",50
"2466",70808.9556732472,"CAFI_P003",100
"2467",-3891.27844058629,"CAFI_P003",25
"2468",-26862.2654123722,"CAFI_P003",50
"2469",12944.543270913,"CAFI_P003",100
"2470",-5234.45085562824,"CAFI_P003",25
"2471",19555.7968007924,"CAFI_P003",50
"2472",-1692.3655679939,"CAFI_P003",100
"2473",-14042.3995720766,"CAFI_P003",25
"2474",1002.64163117338,"CAFI_P003",50
"2475",90880.603860283,"CAFI_P003",100
"2476",4245.03731453425,"CAFI_P003",25
"2477",50101.161591801,"CAFI_P003",50
"2478",-38011.5708767892,"CAFI_P003",100
"2479",29816.0840587253,"CAFI_P003",25
"2480",53255.9831451989,"CAFI_P003",50
"2481",-28157.1754010943,"CAFI_P003",100
"2482",29915.9082870447,"CAFI_P003",25
"2483",-4597.77811028057,"CAFI_P003",50
"2484",14061.4933466053,"CAFI_P003",100
"2485",3065.50000493572,"CAFI_P003",25
"2486",2501.45460048236,"CAFI_P003",50
"2487",38218.9277803717,"CAFI_P003",100
"2488",25876.3452486675,"CAFI_P003",25
"2489",12061.1384042553,"CAFI_P003",50
"2490",12665.9827203209,"CAFI_P003",100
"2491",13017.5380428496,"CAFI_P003",25
"2492",13640.7916715347,"CAFI_P003",50
"2493",60696.6840981354,"CAFI_P003",100
"2494",11844.142384249,"CAFI_P003",25
"2495",17442.8923241743,"CAFI_P003",50
"2496",49676.299033628,"CAFI_P003",100
"2497",-28238.5807213865,"CAFI_P003",25
"2498",83716.017775125,"CAFI_P003",50
"2499",16105.8966699667,"CAFI_P003",100
"2500",-13330.4580261483,"CAFI_P003",25
"2501",14792.5135695871,"CAFI_P003",50
"2502",39835.4426528933,"CAFI_P003",100
"2503",12503.4622053603,"CAFI_P003",25
"2504",36388.2179414928,"CAFI_P003",50
"2505",63364.7867787229,"CAFI_P003",100
"2506",1084.57489549217,"CAFI_P003",25
"2507",42177.5605348756,"CAFI_P003",50
"2508",3447.72026859439,"CAFI_P003",100
"2509",-37704.9585779523,"CAFI_P003",25
"2510",-23857.4862728555,"CAFI_P003",50
"2511",89565.7347084073,"CAFI_P003",100
"2512",5100.35539846955,"CAFI_P003",25
"2513",27546.4000805332,"CAFI_P003",50
"2514",31650.0171748672,"CAFI_P003",100
"2515",48969.5436048962,"CAFI_P003",25
"2516",21375.131171876,"CAFI_P003",50
"2517",33909.7693088661,"CAFI_P003",100
"2518",2891.75965421437,"CAFI_P003",25
"2519",-16653.6445817272,"CAFI_P003",50
"2520",53608.2112438519,"CAFI_P003",100
"2521",-2311.18227880768,"CAFI_P003",25
"2522",10146.7317684108,"CAFI_P003",50
"2523",48807.9253054698,"CAFI_P003",100
"2524",26788.8948695713,"CAFI_P003",25
"2525",-51340.9378315088,"CAFI_P003",50
"2526",21508.0381093301,"CAFI_P003",100
"2527",5096.74669538793,"CAFI_P003",25
"2528",35479.0971381687,"CAFI_P003",50
"2529",-2282.92435805791,"CAFI_P003",100
"2530",-20033.5836262779,"CAFI_P003",25
"2531",46743.6810486585,"CAFI_P003",50
"2532",47211.6867390921,"CAFI_P003",100
"2533",-2342.11508742376,"CAFI_P003",25
"2534",107372.536830221,"CAFI_P003",50
"2535",40583.7322885261,"CAFI_P003",100
"2536",31535.1119217881,"CAFI_P003",25
"2537",54798.9832845709,"CAFI_P003",50
"2538",42217.0926145502,"CAFI_P003",100
"2539",54304.2815162071,"CAFI_P003",25
"2540",-2511.23897999543,"CAFI_P003",50
"2541",6166.71712308872,"CAFI_P003",100
"2542",-4741.6528966747,"CAFI_P003",25
"2543",-2921.72356843093,"CAFI_P003",50
"2544",99956.2385023212,"CAFI_P003",100
"2545",77.9294783744845,"CAFI_P003",25
"2546",-18416.4421303684,"CAFI_P003",50
"2547",28399.1727909946,"CAFI_P003",100
"2548",1001.13036004984,"CAFI_P003",25
"2549",-11584.6234341071,"CAFI_P003",50
"2550",34762.5562645064,"CAFI_P003",100
"2551",-1371.33531507914,"CAFI_P003",25
"2552",23245.4147987285,"CAFI_P003",50
"2553",47522.7484831742,"CAFI_P003",100
"2554",19402.7069849749,"CAFI_P003",25
"2555",7330.40012290556,"CAFI_P003",50
"2556",40069.2104437576,"CAFI_P003",100
"2557",-22363.2066153123,"CAFI_P003",25
"2558",-13032.5144576217,"CAFI_P003",50
"2559",-9321.80923542206,"CAFI_P003",100
"2560",22095.9330561919,"CAFI_P003",25
"2561",14324.0723621394,"CAFI_P003",50
"2562",58841.4137525625,"CAFI_P003",100
"2563",16931.6555748779,"CAFI_P003",25
"2564",25129.3749246549,"CAFI_P003",50
"2565",11815.6662971526,"CAFI_P003",100
"2566",57642.8795140503,"CAFI_P003",25
"2567",31297.4460401392,"CAFI_P003",50
"2568",-25991.9925901481,"CAFI_P003",100
"2569",19294.1515574551,"CAFI_P003",25
"2570",19442.2901028777,"CAFI_P003",50
"2571",54800.4691466975,"CAFI_P003",100
"2572",27556.0494927931,"CAFI_P003",25
"2573",32358.0638647338,"CAFI_P003",50
"2574",85473.8340257484,"CAFI_P003",100
"2575",36733.2610674742,"CAFI_P003",25
"2576",-9738.05145850807,"CAFI_P003",50
"2577",23612.7201221683,"CAFI_P003",100
"2578",29855.0581673371,"CAFI_P003",25
"2579",4147.01147269172,"CAFI_P003",50
"2580",121392.451168081,"CAFI_P003",100
"2581",-29230.0498497332,"CAFI_P003",25
"2582",30857.912397842,"CAFI_P003",50
"2583",56627.5742128078,"CAFI_P003",100
"2584",-15214.365839162,"CAFI_P003",25
"2585",-2817.34035058587,"CAFI_P003",50
"2586",103237.922599114,"CAFI_P003",100
"2587",7995.33320771047,"CAFI_P003",25
"2588",51621.9984299408,"CAFI_P003",50
"2589",75480.643752304,"CAFI_P003",100
"2590",-4168.78934805928,"CAFI_P003",25
"2591",-20228.5643062685,"CAFI_P003",50
"2592",23436.9661567834,"CAFI_P003",100
"2593",-10910.2922089756,"CAFI_P003",25
"2594",31388.4063224113,"CAFI_P003",50
"2595",47207.9414723904,"CAFI_P003",100
"2596",-5477.11201961699,"CAFI_P003",25
"2597",13902.2657449964,"CAFI_P003",50
"2598",-14463.3512600483,"CAFI_P003",100
"2599",29583.8766336697,"CAFI_P003",25
"2600",7971.8191240778,"CAFI_P003",50
"2601",3119.02004713274,"CAFI_P003",100
"2602",-14520.6954950788,"CAFI_P003",25
"2603",37978.8400354813,"CAFI_P003",50
"2604",64034.7236938112,"CAFI_P003",100
"2605",10294.2003735806,"CAFI_P003",25
"2606",18512.0897471699,"CAFI_P003",50
"2607",62369.0286325333,"CAFI_P003",100
"2608",11732.32904819,"CAFI_P003",25
"2609",-19142.5893978758,"CAFI_P003",50
"2610",12858.3649521578,"CAFI_P003",100
"2611",729.071763692482,"CAFI_P003",25
"2612",61696.9532330902,"CAFI_P003",50
"2613",45828.1532685097,"CAFI_P003",100
"2614",-22994.0151999123,"CAFI_P003",25
"2615",51071.4073084161,"CAFI_P003",50
"2616",24043.2649627475,"CAFI_P003",100
"2617",-15760.6828156356,"CAFI_P003",25
"2618",27021.2877583851,"CAFI_P003",50
"2619",-12521.4832587442,"CAFI_P003",100
"2620",-20847.920596778,"CAFI_P003",25
"2621",-13998.7769293896,"CAFI_P003",50
"2622",102644.96277325,"CAFI_P003",100
"2623",38030.3783034164,"CAFI_P003",25
"2624",20596.8829066824,"CAFI_P003",50
"2625",10014.2440973856,"CAFI_P003",100
"2626",13018.4739629836,"CAFI_P003",25
"2627",14097.3096737066,"CAFI_P003",50
"2628",35051.2292264433,"CAFI_P003",100
"2629",4747.05893895071,"CAFI_P003",25
"2630",20912.5496604519,"CAFI_P003",50
"2631",28901.1352914107,"CAFI_P003",100
"2632",22501.9554856176,"CAFI_P003",25
"2633",26057.2211789819,"CAFI_P003",50
"2634",51675.2916164879,"CAFI_P003",100
"2635",-6996.08778396202,"CAFI_P003",25
"2636",50271.659779689,"CAFI_P003",50
"2637",75643.6203988601,"CAFI_P003",100
"2638",8979.56251725287,"CAFI_P003",25
"2639",14474.4995024157,"CAFI_P003",50
"2640",-16408.1649681908,"CAFI_P003",100
"2641",16952.5261526483,"CAFI_P003",25
"2642",-37237.9924397554,"CAFI_P003",50
"2643",45239.8482023687,"CAFI_P003",100
"2644",35059.8353905369,"CAFI_P003",25
"2645",97720.0536177256,"CAFI_P003",50
"2646",37265.9251026859,"CAFI_P003",100
"2647",-23182.5313444337,"CAFI_P003",25
"2648",-14769.4071965686,"CAFI_P003",50
"2649",14827.3336534277,"CAFI_P003",100
"2650",23647.5215643561,"CAFI_P003",25
"2651",47629.8356635189,"CAFI_P003",50
"2652",7542.96811902884,"CAFI_P003",100
"2653",32590.7138245844,"CAFI_P003",25
"2654",13822.4129293319,"CAFI_P003",50
"2655",65873.0342883185,"CAFI_P003",100
"2656",-24811.013833435,"CAFI_P003",25
"2657",48378.1064801517,"CAFI_P003",50
"2658",-7072.46965561213,"CAFI_P003",100
"2659",-35685.0160348566,"CAFI_P003",25
"2660",-24627.5835968311,"CAFI_P003",50
"2661",36093.2241479048,"CAFI_P003",100
"2662",-36235.3008698346,"CAFI_P003",25
"2663",50140.6780634921,"CAFI_P003",50
"2664",28362.7467273104,"CAFI_P003",100
"2665",16923.3976024517,"CAFI_P003",25
"2666",68844.9202263897,"CAFI_P003",50
"2667",4148.42894138023,"CAFI_P003",100
"2668",5613.14424539509,"CAFI_P003",25
"2669",25437.0086509619,"CAFI_P003",50
"2670",41778.7975705256,"CAFI_P003",100
"2671",-4639.45519682497,"CAFI_P003",25
"2672",-17102.6740526366,"CAFI_P003",50
"2673",26831.472075513,"CAFI_P003",100
"2674",-15539.9595890497,"CAFI_P003",25
"2675",-6343.90278350061,"CAFI_P003",50
"2676",4440.01904211874,"CAFI_P003",100
"2677",4823.33311496675,"CAFI_P003",25
"2678",81451.4172127749,"CAFI_P003",50
"2679",49652.2278247445,"CAFI_P003",100
"2680",-20920.7774907282,"CAFI_P003",25
"2681",27536.3765146437,"CAFI_P003",50
"2682",2488.22774504137,"CAFI_P003",100
"2683",-6915.88194072904,"CAFI_P003",25
"2684",46082.4196148816,"CAFI_P003",50
"2685",51877.1501129451,"CAFI_P003",100
"2686",-5711.36283522745,"CAFI_P003",25
"2687",17994.5145954262,"CAFI_P003",50
"2688",45654.319946561,"CAFI_P003",100
"2689",66265.5079715716,"CAFI_P003",25
"2690",24519.9235946541,"CAFI_P003",50
"2691",76616.9059221891,"CAFI_P003",100
"2692",-4035.2152818453,"CAFI_P003",25
"2693",-1641.10581431864,"CAFI_P003",50
"2694",103848.578671718,"CAFI_P003",100
"2695",26950.3387546154,"CAFI_P003",25
"2696",55352.2698655966,"CAFI_P003",50
"2697",46059.8559563296,"CAFI_P003",100
"2698",54372.7326993523,"CAFI_P003",25
"2699",30950.7801838574,"CAFI_P003",50
"2700",100862.734706758,"CAFI_P003",100
"2701",-4494.34993513994,"CAFI_P005",25
"2702",-10820.2454635722,"CAFI_P005",50
"2703",5743.96841831406,"CAFI_P005",100
"2704",-16474.5551552392,"CAFI_P005",25
"2705",-19828.5905292625,"CAFI_P005",50
"2706",-4424.33071976548,"CAFI_P005",100
"2707",-11004.1760477023,"CAFI_P005",25
"2708",-2651.22416989075,"CAFI_P005",50
"2709",14710.443999314,"CAFI_P005",100
"2710",2298.66328080691,"CAFI_P005",25
"2711",-2865.57614050948,"CAFI_P005",50
"2712",-15478.6498387719,"CAFI_P005",100
"2713",-6019.4187684262,"CAFI_P005",25
"2714",6371.17328349568,"CAFI_P005",50
"2715",11015.3385361002,"CAFI_P005",100
"2716",-5198.30095777736,"CAFI_P005",25
"2717",22293.4727299193,"CAFI_P005",50
"2718",2828.13518327088,"CAFI_P005",100
"2719",7148.1882750323,"CAFI_P005",25
"2720",-2343.85650312016,"CAFI_P005",50
"2721",-22006.8711972966,"CAFI_P005",100
"2722",5293.60409193274,"CAFI_P005",25
"2723",-4412.60914460674,"CAFI_P005",50
"2724",3035.39310093175,"CAFI_P005",100
"2725",7654.48267523208,"CAFI_P005",25
"2726",-8511.77122247141,"CAFI_P005",50
"2727",-16039.3736046967,"CAFI_P005",100
"2728",-4878.94593293959,"CAFI_P005",25
"2729",-2449.66710168091,"CAFI_P005",50
"2730",5370.19654791569,"CAFI_P005",100
"2731",-18962.8530166963,"CAFI_P005",25
"2732",-21258.2266658694,"CAFI_P005",50
"2733",-1416.46776719255,"CAFI_P005",100
"2734",-181.787693311082,"CAFI_P005",25
"2735",10944.6697472387,"CAFI_P005",50
"2736",39622.5367130421,"CAFI_P005",100
"2737",9709.8046580294,"CAFI_P005",25
"2738",17815.3955715431,"CAFI_P005",50
"2739",-18536.451784951,"CAFI_P005",100
"2740",5731.40477267656,"CAFI_P005",25
"2741",-10147.1955685477,"CAFI_P005",50
"2742",-17100.9226533037,"CAFI_P005",100
"2743",-4098.29804534404,"CAFI_P005",25
"2744",3142.16318982237,"CAFI_P005",50
"2745",-10028.4165800287,"CAFI_P005",100
"2746",9531.70713763227,"CAFI_P005",25
"2747",-6592.08046746638,"CAFI_P005",50
"2748",-6186.98094705169,"CAFI_P005",100
"2749",-5738.31809666954,"CAFI_P005",25
"2750",569.856271722791,"CAFI_P005",50
"2751",-4879.41779432134,"CAFI_P005",100
"2752",7495.28504104895,"CAFI_P005",25
"2753",-7236.55288776779,"CAFI_P005",50
"2754",21825.4738951203,"CAFI_P005",100
"2755",-10634.5642166653,"CAFI_P005",25
"2756",15986.5880520774,"CAFI_P005",50
"2757",-8935.18179793807,"CAFI_P005",100
"2758",-1138.62195119233,"CAFI_P005",25
"2759",-8159.00487641562,"CAFI_P005",50
"2760",-6340.83484097681,"CAFI_P005",100
"2761",-7087.15321221686,"CAFI_P005",25
"2762",-13851.7046675422,"CAFI_P005",50
"2763",-2124.36003360531,"CAFI_P005",100
"2764",-4627.67312863146,"CAFI_P005",25
"2765",-25929.5045968421,"CAFI_P005",50
"2766",3483.76351655202,"CAFI_P005",100
"2767",-5459.69688887708,"CAFI_P005",25
"2768",6411.86686816296,"CAFI_P005",50
"2769",-15515.6987814171,"CAFI_P005",100
"2770",7218.08195623802,"CAFI_P005",25
"2771",-13490.8763198094,"CAFI_P005",50
"2772",-3271.52501805002,"CAFI_P005",100
"2773",-3979.05045509469,"CAFI_P005",25
"2774",-4386.2853735394,"CAFI_P005",50
"2775",-19541.8141335963,"CAFI_P005",100
"2776",1511.64169483937,"CAFI_P005",25
"2777",9259.2723531744,"CAFI_P005",50
"2778",4339.61819609001,"CAFI_P005",100
"2779",9375.1007166373,"CAFI_P005",25
"2780",-17567.7431771642,"CAFI_P005",50
"2781",-13985.0044110497,"CAFI_P005",100
"2782",20303.4657377107,"CAFI_P005",25
"2783",-5316.39336888798,"CAFI_P005",50
"2784",-16381.1564995678,"CAFI_P005",100
"2785",1066.37570827617,"CAFI_P005",25
"2786",-165.700757100858,"CAFI_P005",50
"2787",-15552.0796105293,"CAFI_P005",100
"2788",2211.60821293155,"CAFI_P005",25
"2789",-7884.6165585354,"CAFI_P005",50
"2790",-15258.0907976724,"CAFI_P005",100
"2791",-14640.5605683784,"CAFI_P005",25
"2792",6745.12146537047,"CAFI_P005",50
"2793",-6446.69576904981,"CAFI_P005",100
"2794",5822.93186204642,"CAFI_P005",25
"2795",-6138.74765838165,"CAFI_P005",50
"2796",-3511.1729148351,"CAFI_P005",100
"2797",-4804.1660487527,"CAFI_P005",25
"2798",-12904.9692834536,"CAFI_P005",50
"2799",-4109.00489327635,"CAFI_P005",100
"2800",-7236.06142720135,"CAFI_P005",25
"2801",-13916.0481394354,"CAFI_P005",50
"2802",513.847572526429,"CAFI_P005",100
"2803",-4930.50137544193,"CAFI_P005",25
"2804",-19225.5963299419,"CAFI_P005",50
"2805",-3188.43732181983,"CAFI_P005",100
"2806",-4710.84534848353,"CAFI_P005",25
"2807",-3158.70098688296,"CAFI_P005",50
"2808",20658.2678746404,"CAFI_P005",100
"2809",1613.59417547501,"CAFI_P005",25
"2810",4265.25103095983,"CAFI_P005",50
"2811",-12652.5052590358,"CAFI_P005",100
"2812",5597.6585386575,"CAFI_P005",25
"2813",8750.37673412281,"CAFI_P005",50
"2814",4606.2762530827,"CAFI_P005",100
"2815",-2065.87954910457,"CAFI_P005",25
"2816",-17988.1521121689,"CAFI_P005",50
"2817",-11814.2918734917,"CAFI_P005",100
"2818",1408.407873466,"CAFI_P005",25
"2819",636.885153832351,"CAFI_P005",50
"2820",-12954.4053820537,"CAFI_P005",100
"2821",6629.87657660418,"CAFI_P005",25
"2822",39189.3245202977,"CAFI_P005",50
"2823",-14614.7858087188,"CAFI_P005",100
"2824",-6405.42666332994,"CAFI_P005",25
"2825",-22068.3908167152,"CAFI_P005",50
"2826",-4195.2936790454,"CAFI_P005",100
"2827",-993.804463153618,"CAFI_P005",25
"2828",-6682.2961911452,"CAFI_P005",50
"2829",-15531.0169713303,"CAFI_P005",100
"2830",7994.29387953377,"CAFI_P005",25
"2831",-22340.0166934572,"CAFI_P005",50
"2832",-3415.28629530073,"CAFI_P005",100
"2833",-1049.17670357905,"CAFI_P005",25
"2834",-6698.51521598379,"CAFI_P005",50
"2835",-28414.0299379353,"CAFI_P005",100
"2836",273.025899991306,"CAFI_P005",25
"2837",-2142.35284187453,"CAFI_P005",50
"2838",-16517.5336563793,"CAFI_P005",100
"2839",-8731.21564278984,"CAFI_P005",25
"2840",-13859.9939416549,"CAFI_P005",50
"2841",6384.72465809455,"CAFI_P005",100
"2842",1496.20456402685,"CAFI_P005",25
"2843",-10348.0574889415,"CAFI_P005",50
"2844",-23298.5402933865,"CAFI_P005",100
"2845",-7570.26786069883,"CAFI_P005",25
"2846",-4300.31330132473,"CAFI_P005",50
"2847",2185.32664282905,"CAFI_P005",100
"2848",9506.83670824938,"CAFI_P005",25
"2849",-10341.436021762,"CAFI_P005",50
"2850",-1591.98632023003,"CAFI_P005",100
"2851",-13647.5817840165,"CAFI_P005",25
"2852",-9751.71456193435,"CAFI_P005",50
"2853",-4064.41787708286,"CAFI_P005",100
"2854",2395.60244375473,"CAFI_P005",25
"2855",997.308072602493,"CAFI_P005",50
"2856",-19413.3705516349,"CAFI_P005",100
"2857",3171.85350705305,"CAFI_P005",25
"2858",23870.0475875789,"CAFI_P005",50
"2859",-652.5357396373,"CAFI_P005",100
"2860",-6400.06286937167,"CAFI_P005",25
"2861",-19585.0624506245,"CAFI_P005",50
"2862",1546.55522452318,"CAFI_P005",100
"2863",4382.71024475974,"CAFI_P005",25
"2864",-20872.1699841294,"CAFI_P005",50
"2865",4353.59596895747,"CAFI_P005",100
"2866",-9731.70375514132,"CAFI_P005",25
"2867",-12119.599311157,"CAFI_P005",50
"2868",-16823.7755179876,"CAFI_P005",100
"2869",-11268.8528477224,"CAFI_P005",25
"2870",-30697.2429963681,"CAFI_P005",50
"2871",-5141.15366581173,"CAFI_P005",100
"2872",320.679933530366,"CAFI_P005",25
"2873",-4751.96931789361,"CAFI_P005",50
"2874",6532.10771241813,"CAFI_P005",100
"2875",-11363.4726179563,"CAFI_P005",25
"2876",-15936.0986960883,"CAFI_P005",50
"2877",1983.57250552028,"CAFI_P005",100
"2878",-2747.63482689008,"CAFI_P005",25
"2879",1326.10859510986,"CAFI_P005",50
"2880",-4640.786863163,"CAFI_P005",100
"2881",-4929.84437883357,"CAFI_P005",25
"2882",1607.21228491142,"CAFI_P005",50
"2883",14493.6587109923,"CAFI_P005",100
"2884",-1505.89586197227,"CAFI_P005",25
"2885",-1946.39972826702,"CAFI_P005",50
"2886",3123.02750917574,"CAFI_P005",100
"2887",-5560.3165210257,"CAFI_P005",25
"2888",2444.29432043893,"CAFI_P005",50
"2889",-13602.7620730766,"CAFI_P005",100
"2890",11378.246652255,"CAFI_P005",25
"2891",5540.28816603066,"CAFI_P005",50
"2892",-16778.1334868475,"CAFI_P005",100
"2893",7716.00947230743,"CAFI_P005",25
"2894",4461.50040057825,"CAFI_P005",50
"2895",-24559.309769983,"CAFI_P005",100
"2896",5017.08529831315,"CAFI_P005",25
"2897",-28773.4254195647,"CAFI_P005",50
"2898",2270.26862977055,"CAFI_P005",100
"2899",-6478.34746055061,"CAFI_P005",25
"2900",-22884.6201891485,"CAFI_P005",50
"2901",4176.53311908411,"CAFI_P005",100
"2902",2996.75084709606,"CAFI_P005",25
"2903",-3629.07464018144,"CAFI_P005",50
"2904",-17381.5946416909,"CAFI_P005",100
"2905",-6996.87799560497,"CAFI_P005",25
"2906",3151.40486839239,"CAFI_P005",50
"2907",23060.0435791468,"CAFI_P005",100
"2908",-18744.6871146227,"CAFI_P005",25
"2909",-7031.29950144512,"CAFI_P005",50
"2910",-13416.4904876096,"CAFI_P005",100
"2911",-15876.4512363493,"CAFI_P005",25
"2912",-6061.38159934391,"CAFI_P005",50
"2913",-3750.09464066091,"CAFI_P005",100
"2914",-1512.21997676766,"CAFI_P005",25
"2915",-12564.6947220528,"CAFI_P005",50
"2916",-8938.25181251249,"CAFI_P005",100
"2917",2104.33626260824,"CAFI_P005",25
"2918",1684.0764477191,"CAFI_P005",50
"2919",-20614.9850799409,"CAFI_P005",100
"2920",-3575.65488001305,"CAFI_P005",25
"2921",-15070.9999543849,"CAFI_P005",50
"2922",7348.03995388537,"CAFI_P005",100
"2923",6564.91635396422,"CAFI_P005",25
"2924",-10443.7672232609,"CAFI_P005",50
"2925",-11368.3511557502,"CAFI_P005",100
"2926",25228.9906488262,"CAFI_P005",25
"2927",-7008.97261457393,"CAFI_P005",50
"2928",-7621.64526292699,"CAFI_P005",100
"2929",2941.29988042946,"CAFI_P005",25
"2930",-15989.0049902636,"CAFI_P005",50
"2931",-25015.0690827695,"CAFI_P005",100
"2932",-4487.02870420201,"CAFI_P005",25
"2933",-17710.17748094,"CAFI_P005",50
"2934",-11577.4571278874,"CAFI_P005",100
"2935",7313.75112303116,"CAFI_P005",25
"2936",-15738.3369592584,"CAFI_P005",50
"2937",7490.18586173898,"CAFI_P005",100
"2938",-9517.70181597746,"CAFI_P005",25
"2939",18859.3790687503,"CAFI_P005",50
"2940",-20755.2190230288,"CAFI_P005",100
"2941",-14293.761303679,"CAFI_P005",25
"2942",-6393.56117978701,"CAFI_P005",50
"2943",-21404.014601763,"CAFI_P005",100
"2944",-1795.97306609087,"CAFI_P005",25
"2945",-24501.3188887743,"CAFI_P005",50
"2946",-9095.62360395744,"CAFI_P005",100
"2947",15123.2460153216,"CAFI_P005",25
"2948",4422.08631748258,"CAFI_P005",50
"2949",406.238304385857,"CAFI_P005",100
"2950",-849.310729453806,"CAFI_P005",25
"2951",5160.81314290295,"CAFI_P005",50
"2952",-9742.30718191736,"CAFI_P005",100
"2953",1465.01746710297,"CAFI_P005",25
"2954",15334.4038333686,"CAFI_P005",50
"2955",-23910.1490681675,"CAFI_P005",100
"2956",6422.81803100117,"CAFI_P005",25
"2957",-9427.4340467274,"CAFI_P005",50
"2958",-21374.8699919966,"CAFI_P005",100
"2959",20131.1456653176,"CAFI_P005",25
"2960",-3265.71208929055,"CAFI_P005",50
"2961",-2968.79692888915,"CAFI_P005",100
"2962",-1429.50458210625,"CAFI_P005",25
"2963",24533.1633768191,"CAFI_P005",50
"2964",-18133.3336511286,"CAFI_P005",100
"2965",-7186.44774158657,"CAFI_P005",25
"2966",20009.5274694845,"CAFI_P005",50
"2967",-8187.85803614021,"CAFI_P005",100
"2968",-4776.21536347139,"CAFI_P005",25
"2969",-7875.69790108351,"CAFI_P005",50
"2970",-29804.9631995407,"CAFI_P005",100
"2971",3937.72159779206,"CAFI_P005",25
"2972",-5762.76754630805,"CAFI_P005",50
"2973",-6230.78997856056,"CAFI_P005",100
"2974",533.300270730426,"CAFI_P005",25
"2975",7865.99529961342,"CAFI_P005",50
"2976",12762.2823722853,"CAFI_P005",100
"2977",-10179.9332807996,"CAFI_P005",25
"2978",-18781.5174675887,"CAFI_P005",50
"2979",-17725.4540404706,"CAFI_P005",100
"2980",-3506.56663198626,"CAFI_P005",25
"2981",-3792.72174708365,"CAFI_P005",50
"2982",-15071.5757152371,"CAFI_P005",100
"2983",-3439.42367889697,"CAFI_P005",25
"2984",-3727.90557981853,"CAFI_P005",50
"2985",-21301.2066319085,"CAFI_P005",100
"2986",-10497.9616763338,"CAFI_P005",25
"2987",-13317.2102323953,"CAFI_P005",50
"2988",-16848.072830272,"CAFI_P005",100
"2989",-11604.8148654169,"CAFI_P005",25
"2990",-1016.54736885303,"CAFI_P005",50
"2991",-11344.8098625744,"CAFI_P005",100
"2992",7290.33690525862,"CAFI_P005",25
"2993",-3669.72773421597,"CAFI_P005",50
"2994",-34619.0676638278,"CAFI_P005",100
"2995",-1029.85562869572,"CAFI_P005",25
"2996",-6433.14489761836,"CAFI_P005",50
"2997",-2649.69659846759,"CAFI_P005",100
"2998",11136.4212592569,"CAFI_P005",25
"2999",14780.3785838084,"CAFI_P005",50
"3000",-14984.7314597596,"CAFI_P005",100
"3001",-13243.2999204724,"CAFI_P006",25
"3002",-43793.0417136403,"CAFI_P006",50
"3003",-88239.7004615984,"CAFI_P006",100
"3004",-27175.5377866717,"CAFI_P006",25
"3005",-53133.2963153023,"CAFI_P006",50
"3006",-106140.971471022,"CAFI_P006",100
"3007",-13435.5984718231,"CAFI_P006",25
"3008",-14211.0755404755,"CAFI_P006",50
"3009",-100366.727644001,"CAFI_P006",100
"3010",-14224.1984594005,"CAFI_P006",25
"3011",-54016.9099079582,"CAFI_P006",50
"3012",-101721.362897009,"CAFI_P006",100
"3013",-18337.8317190604,"CAFI_P006",25
"3014",-66322.9960833655,"CAFI_P006",50
"3015",-101182.469641498,"CAFI_P006",100
"3016",-17983.7655151466,"CAFI_P006",25
"3017",-30387.4324708841,"CAFI_P006",50
"3018",-98621.8349846584,"CAFI_P006",100
"3019",-15547.7403684589,"CAFI_P006",25
"3020",-55830.0153915957,"CAFI_P006",50
"3021",-87267.8146881162,"CAFI_P006",100
"3022",-19912.0801079142,"CAFI_P006",25
"3023",-65408.0817813673,"CAFI_P006",50
"3024",-95488.6474368846,"CAFI_P006",100
"3025",-26777.3622620694,"CAFI_P006",25
"3026",-49251.4906262098,"CAFI_P006",50
"3027",-80376.095613136,"CAFI_P006",100
"3028",-36340.4219749557,"CAFI_P006",25
"3029",-27655.3011917486,"CAFI_P006",50
"3030",-89396.7905243444,"CAFI_P006",100
"3031",-25569.5919855475,"CAFI_P006",25
"3032",-28356.9226545368,"CAFI_P006",50
"3033",-90796.1504851172,"CAFI_P006",100
"3034",-11581.778097007,"CAFI_P006",25
"3035",-67989.3259048727,"CAFI_P006",50
"3036",-98582.229595756,"CAFI_P006",100
"3037",-45899.9575268956,"CAFI_P006",25
"3038",-29301.369996282,"CAFI_P006",50
"3039",-90689.8410315008,"CAFI_P006",100
"3040",-37865.9464728749,"CAFI_P006",25
"3041",-48871.5571717368,"CAFI_P006",50
"3042",-93448.8038000094,"CAFI_P006",100
"3043",-17076.5461789131,"CAFI_P006",25
"3044",-52318.1856377643,"CAFI_P006",50
"3045",-74426.5314538555,"CAFI_P006",100
"3046",-6554.19253508933,"CAFI_P006",25
"3047",-23743.5616252209,"CAFI_P006",50
"3048",-91488.7291885658,"CAFI_P006",100
"3049",-25149.0222206099,"CAFI_P006",25
"3050",-61401.3982133275,"CAFI_P006",50
"3051",-95940.8713990919,"CAFI_P006",100
"3052",-32284.6453216891,"CAFI_P006",25
"3053",-43727.3074130203,"CAFI_P006",50
"3054",-82764.4295798331,"CAFI_P006",100
"3055",-37484.4497058634,"CAFI_P006",25
"3056",-56844.04180168,"CAFI_P006",50
"3057",-96764.5781819952,"CAFI_P006",100
"3058",-11974.3878264456,"CAFI_P006",25
"3059",-29757.1098996987,"CAFI_P006",50
"3060",-83470.8396759832,"CAFI_P006",100
"3061",-28025.2490895917,"CAFI_P006",25
"3062",-64883.8927420122,"CAFI_P006",50
"3063",-100273.873895224,"CAFI_P006",100
"3064",-7183.61626880872,"CAFI_P006",25
"3065",-41278.7595057748,"CAFI_P006",50
"3066",-83027.7143132813,"CAFI_P006",100
"3067",-8289.53747050278,"CAFI_P006",25
"3068",-45953.2824011833,"CAFI_P006",50
"3069",-84895.4440395964,"CAFI_P006",100
"3070",-34778.8177589223,"CAFI_P006",25
"3071",-76572.5677640115,"CAFI_P006",50
"3072",-94517.8997333253,"CAFI_P006",100
"3073",-9888.70710899465,"CAFI_P006",25
"3074",-39928.7581677231,"CAFI_P006",50
"3075",-93731.1944816549,"CAFI_P006",100
"3076",-25573.6085103277,"CAFI_P006",25
"3077",-41658.2343990727,"CAFI_P006",50
"3078",-70247.5715378915,"CAFI_P006",100
"3079",-12676.4027728631,"CAFI_P006",25
"3080",-43358.8553559572,"CAFI_P006",50
"3081",-77310.7118089961,"CAFI_P006",100
"3082",-11166.1329975189,"CAFI_P006",25
"3083",-29961.5173858593,"CAFI_P006",50
"3084",-93213.9750192574,"CAFI_P006",100
"3085",-14445.4322271484,"CAFI_P006",25
"3086",-21225.6269838237,"CAFI_P006",50
"3087",-91153.7343135262,"CAFI_P006",100
"3088",-11682.4589783099,"CAFI_P006",25
"3089",-49784.8563903134,"CAFI_P006",50
"3090",-98092.1380557881,"CAFI_P006",100
"3091",-25385.8534532636,"CAFI_P006",25
"3092",-71344.7668411719,"CAFI_P006",50
"3093",-97256.2465123459,"CAFI_P006",100
"3094",-23254.8109378933,"CAFI_P006",25
"3095",-55342.6755066329,"CAFI_P006",50
"3096",-91044.8209790398,"CAFI_P006",100
"3097",-30446.7660602942,"CAFI_P006",25
"3098",-39759.4731795278,"CAFI_P006",50
"3099",-93515.6156963451,"CAFI_P006",100
"3100",-21270.6152530313,"CAFI_P006",25
"3101",-34792.8067522257,"CAFI_P006",50
"3102",-86854.4011502542,"CAFI_P006",100
"3103",-37321.7866589589,"CAFI_P006",25
"3104",-35255.5406305002,"CAFI_P006",50
"3105",-98420.6823988045,"CAFI_P006",100
"3106",-36220.0127390328,"CAFI_P006",25
"3107",-28984.7085777139,"CAFI_P006",50
"3108",-83313.6908054638,"CAFI_P006",100
"3109",-9361.56318677316,"CAFI_P006",25
"3110",-42244.9009274408,"CAFI_P006",50
"3111",-91065.6771347807,"CAFI_P006",100
"3112",-27973.463528442,"CAFI_P006",25
"3113",-53725.09574883,"CAFI_P006",50
"3114",-99191.969718928,"CAFI_P006",100
"3115",-46206.2691096639,"CAFI_P006",25
"3116",-53299.0421066254,"CAFI_P006",50
"3117",-83911.0287671184,"CAFI_P006",100
"3118",-14055.2857743258,"CAFI_P006",25
"3119",-40132.6130806514,"CAFI_P006",50
"3120",-102785.059289655,"CAFI_P006",100
"3121",-36898.6509521547,"CAFI_P006",25
"3122",-45095.524834021,"CAFI_P006",50
"3123",-88813.141493843,"CAFI_P006",100
"3124",-23999.1472169903,"CAFI_P006",25
"3125",-37829.3576890129,"CAFI_P006",50
"3126",-97182.422351616,"CAFI_P006",100
"3127",-14560.9756351316,"CAFI_P006",25
"3128",-38723.1441871259,"CAFI_P006",50
"3129",-71079.6205663027,"CAFI_P006",100
"3130",-21190.982200577,"CAFI_P006",25
"3131",-50255.4162257476,"CAFI_P006",50
"3132",-75423.7049081646,"CAFI_P006",100
"3133",-6539.82938448101,"CAFI_P006",25
"3134",-57329.9360916376,"CAFI_P006",50
"3135",-81636.9806254925,"CAFI_P006",100
"3136",-20449.7213921749,"CAFI_P006",25
"3137",-27249.3007149902,"CAFI_P006",50
"3138",-99159.3083623851,"CAFI_P006",100
"3139",-19577.3153891909,"CAFI_P006",25
"3140",-50736.9257092682,"CAFI_P006",50
"3141",-87569.9172993525,"CAFI_P006",100
"3142",-20861.3350950937,"CAFI_P006",25
"3143",-59849.1784380218,"CAFI_P006",50
"3144",-94393.4162274817,"CAFI_P006",100
"3145",-13198.2018283005,"CAFI_P006",25
"3146",-50293.6725365593,"CAFI_P006",50
"3147",-95427.1235806196,"CAFI_P006",100
"3148",-24372.6406762601,"CAFI_P006",25
"3149",-47832.1208496614,"CAFI_P006",50
"3150",-75036.4674208114,"CAFI_P006",100
"3151",-7851.81090961536,"CAFI_P006",25
"3152",-20439.0247723521,"CAFI_P006",50
"3153",-88103.9302253932,"CAFI_P006",100
"3154",-17760.5992119504,"CAFI_P006",25
"3155",-46654.1881908543,"CAFI_P006",50
"3156",-99644.339678775,"CAFI_P006",100
"3157",-22875.7069127689,"CAFI_P006",25
"3158",-68054.3438470935,"CAFI_P006",50
"3159",-91937.6456928106,"CAFI_P006",100
"3160",-39253.7255502795,"CAFI_P006",25
"3161",-51199.8539841364,"CAFI_P006",50
"3162",-96743.5820696572,"CAFI_P006",100
"3163",-52103.8453177511,"CAFI_P006",25
"3164",-47831.2768114278,"CAFI_P006",50
"3165",-63013.3326366286,"CAFI_P006",100
"3166",-9540.17886118102,"CAFI_P006",25
"3167",-62164.0770126071,"CAFI_P006",50
"3168",-94342.9519565033,"CAFI_P006",100
"3169",-24180.1344059229,"CAFI_P006",25
"3170",-51047.3896501577,"CAFI_P006",50
"3171",-97414.8932489054,"CAFI_P006",100
"3172",-23885.7497610184,"CAFI_P006",25
"3173",-36102.5933500311,"CAFI_P006",50
"3174",-92855.3272282749,"CAFI_P006",100
"3175",-8341.19895020727,"CAFI_P006",25
"3176",-52330.3378328524,"CAFI_P006",50
"3177",-75537.5904764864,"CAFI_P006",100
"3178",-27581.5496437582,"CAFI_P006",25
"3179",-55786.8240981353,"CAFI_P006",50
"3180",-77579.6623252253,"CAFI_P006",100
"3181",-19433.5109773459,"CAFI_P006",25
"3182",-18232.1369928248,"CAFI_P006",50
"3183",-69123.3607722337,"CAFI_P006",100
"3184",-31378.0155241415,"CAFI_P006",25
"3185",-46308.1047380897,"CAFI_P006",50
"3186",-87921.6921629836,"CAFI_P006",100
"3187",-11610.325544028,"CAFI_P006",25
"3188",-35648.8348615105,"CAFI_P006",50
"3189",-86202.8447874756,"CAFI_P006",100
"3190",-11753.7485516356,"CAFI_P006",25
"3191",-46598.0534155869,"CAFI_P006",50
"3192",-101350.625050356,"CAFI_P006",100
"3193",-52099.546692505,"CAFI_P006",25
"3194",-35165.3347603963,"CAFI_P006",50
"3195",-94340.6529859726,"CAFI_P006",100
"3196",-28554.7872690906,"CAFI_P006",25
"3197",-32381.1697140528,"CAFI_P006",50
"3198",-90458.3841503463,"CAFI_P006",100
"3199",-22902.1177907698,"CAFI_P006",25
"3200",-23823.3742698115,"CAFI_P006",50
"3201",-83672.964762165,"CAFI_P006",100
"3202",-18185.0463211262,"CAFI_P006",25
"3203",-35768.417574752,"CAFI_P006",50
"3204",-103713.18025774,"CAFI_P006",100
"3205",-37848.3529676034,"CAFI_P006",25
"3206",-19946.1103639507,"CAFI_P006",50
"3207",-84881.351799111,"CAFI_P006",100
"3208",-24088.6073155873,"CAFI_P006",25
"3209",-66040.9430651869,"CAFI_P006",50
"3210",-92846.1581954983,"CAFI_P006",100
"3211",-23054.2520826933,"CAFI_P006",25
"3212",-31581.8523405424,"CAFI_P006",50
"3213",-104090.462876806,"CAFI_P006",100
"3214",-29639.7374175048,"CAFI_P006",25
"3215",-61639.010519204,"CAFI_P006",50
"3216",-83502.7935993762,"CAFI_P006",100
"3217",-14698.5757459161,"CAFI_P006",25
"3218",-14642.1453709663,"CAFI_P006",50
"3219",-112031.319858124,"CAFI_P006",100
"3220",-26652.3528179366,"CAFI_P006",25
"3221",-37884.7974488047,"CAFI_P006",50
"3222",-84378.2093454625,"CAFI_P006",100
"3223",-28038.1466320757,"CAFI_P006",25
"3224",-38745.0184534152,"CAFI_P006",50
"3225",-110597.78867467,"CAFI_P006",100
"3226",-27594.0891123698,"CAFI_P006",25
"3227",-15826.8051902988,"CAFI_P006",50
"3228",-94998.3550651595,"CAFI_P006",100
"3229",-22873.0086038154,"CAFI_P006",25
"3230",-29643.6415301028,"CAFI_P006",50
"3231",-85179.2224549678,"CAFI_P006",100
"3232",-16287.4290613362,"CAFI_P006",25
"3233",-43348.532018107,"CAFI_P006",50
"3234",-93795.6551127598,"CAFI_P006",100
"3235",-26453.6217551167,"CAFI_P006",25
"3236",-37668.2928937527,"CAFI_P006",50
"3237",-76477.7731199205,"CAFI_P006",100
"3238",-41656.4021956874,"CAFI_P006",25
"3239",-9097.26484726876,"CAFI_P006",50
"3240",-90034.6475822058,"CAFI_P006",100
"3241",-24104.1050355899,"CAFI_P006",25
"3242",-40694.2579441282,"CAFI_P006",50
"3243",-78826.5390360184,"CAFI_P006",100
"3244",-23506.0468470806,"CAFI_P006",25
"3245",-62883.4549457271,"CAFI_P006",50
"3246",-75044.8642210279,"CAFI_P006",100
"3247",-9596.03286211152,"CAFI_P006",25
"3248",-57124.3223598771,"CAFI_P006",50
"3249",-100079.234155758,"CAFI_P006",100
"3250",-43747.9682347362,"CAFI_P006",25
"3251",-46657.7626642532,"CAFI_P006",50
"3252",-94164.7798760674,"CAFI_P006",100
"3253",-1641.30155500752,"CAFI_P006",25
"3254",-66763.4897143182,"CAFI_P006",50
"3255",-95015.7025107403,"CAFI_P006",100
"3256",-14254.4648250692,"CAFI_P006",25
"3257",-44104.2449412761,"CAFI_P006",50
"3258",-94015.5891048237,"CAFI_P006",100
"3259",-12429.8619176617,"CAFI_P006",25
"3260",-31080.2134042522,"CAFI_P006",50
"3261",-91788.5745292797,"CAFI_P006",100
"3262",-13536.2983382508,"CAFI_P006",25
"3263",-64911.5412671774,"CAFI_P006",50
"3264",-93302.8998371509,"CAFI_P006",100
"3265",-32211.7938971566,"CAFI_P006",25
"3266",-52726.5299717205,"CAFI_P006",50
"3267",-97790.4416191343,"CAFI_P006",100
"3268",-19480.0185046623,"CAFI_P006",25
"3269",-25298.2272657314,"CAFI_P006",50
"3270",-90437.3992702761,"CAFI_P006",100
"3271",-26718.940335499,"CAFI_P006",25
"3272",-33792.5221754401,"CAFI_P006",50
"3273",-92267.2407716854,"CAFI_P006",100
"3274",-7336.26400274964,"CAFI_P006",25
"3275",-49083.7061082185,"CAFI_P006",50
"3276",-109957.846019325,"CAFI_P006",100
"3277",-23248.0382701615,"CAFI_P006",25
"3278",-47153.9227162543,"CAFI_P006",50
"3279",-98238.9611692919,"CAFI_P006",100
"3280",-7389.76077553455,"CAFI_P006",25
"3281",-71660.6772542072,"CAFI_P006",50
"3282",-94712.1038508192,"CAFI_P006",100
"3283",-8047.44806252763,"CAFI_P006",25
"3284",-61159.776195392,"CAFI_P006",50
"3285",-90839.2208004364,"CAFI_P006",100
"3286",-23367.9989540389,"CAFI_P006",25
"3287",-55439.6893596331,"CAFI_P006",50
"3288",-89228.8394221992,"CAFI_P006",100
"3289",-21090.6910036495,"CAFI_P006",25
"3290",-62249.3005331388,"CAFI_P006",50
"3291",-81662.3322338104,"CAFI_P006",100
"3292",-15493.1046771568,"CAFI_P006",25
"3293",-70306.3022795245,"CAFI_P006",50
"3294",-95340.1909811831,"CAFI_P006",100
"3295",-32839.8696506372,"CAFI_P006",25
"3296",-45925.9009726202,"CAFI_P006",50
"3297",-96186.0935804941,"CAFI_P006",100
"3298",-22622.532112506,"CAFI_P006",25
"3299",-36797.5017171426,"CAFI_P006",50
"3300",-88889.9503656465,"CAFI_P006",100
"3301",887.557680960395,"CAFI_P007",25
"3302",189.184459504497,"CAFI_P007",50
"3303",5169.2625208543,"CAFI_P007",100
"3304",584.754431406094,"CAFI_P007",25
"3305",3167.3868408518,"CAFI_P007",50
"3306",3331.140164349,"CAFI_P007",100
"3307",451.117865205335,"CAFI_P007",25
"3308",709.851824706479,"CAFI_P007",50
"3309",-958.49517718819,"CAFI_P007",100
"3310",-139.219340310898,"CAFI_P007",25
"3311",-304.032201585011,"CAFI_P007",50
"3312",1152.9390081616,"CAFI_P007",100
"3313",-389.330368663941,"CAFI_P007",25
"3314",7876.61042715958,"CAFI_P007",50
"3315",6321.69451029453,"CAFI_P007",100
"3316",-695.370307962992,"CAFI_P007",25
"3317",-47.354714344372,"CAFI_P007",50
"3318",-2035.41145215661,"CAFI_P007",100
"3319",-606.909313893819,"CAFI_P007",25
"3320",-1310.5819711205,"CAFI_P007",50
"3321",-2509.33704649511,"CAFI_P007",100
"3322",-434.814682419703,"CAFI_P007",25
"3323",-1428.40706641547,"CAFI_P007",50
"3324",-2302.31684786559,"CAFI_P007",100
"3325",1922.2569891552,"CAFI_P007",25
"3326",2690.42078028852,"CAFI_P007",50
"3327",-1700.33930830978,"CAFI_P007",100
"3328",-943.752797933412,"CAFI_P007",25
"3329",-1001.75654527638,"CAFI_P007",50
"3330",12547.6682268704,"CAFI_P007",100
"3331",488.492878433608,"CAFI_P007",25
"3332",1151.50517472014,"CAFI_P007",50
"3333",-2540.46541935665,"CAFI_P007",100
"3334",3915.31006239215,"CAFI_P007",25
"3335",-2354.37443180475,"CAFI_P007",50
"3336",8003.71509128116,"CAFI_P007",100
"3337",3165.70937624568,"CAFI_P007",25
"3338",6069.43617916631,"CAFI_P007",50
"3339",-1954.72656356602,"CAFI_P007",100
"3340",3029.82137736672,"CAFI_P007",25
"3341",279.986303705606,"CAFI_P007",50
"3342",-1315.07931407384,"CAFI_P007",100
"3343",-1065.22902700066,"CAFI_P007",25
"3344",-670.079493048892,"CAFI_P007",50
"3345",2032.04067820573,"CAFI_P007",100
"3346",7911.42735284189,"CAFI_P007",25
"3347",-661.520612422086,"CAFI_P007",50
"3348",333.590671490587,"CAFI_P007",100
"3349",8316.33795989008,"CAFI_P007",25
"3350",-828.711722459411,"CAFI_P007",50
"3351",-1015.20281039458,"CAFI_P007",100
"3352",7170.3062903781,"CAFI_P007",25
"3353",-332.090152619872,"CAFI_P007",50
"3354",4714.53627891914,"CAFI_P007",100
"3355",306.257200615597,"CAFI_P007",25
"3356",-1053.46735091216,"CAFI_P007",50
"3357",-2617.58016799367,"CAFI_P007",100
"3358",-1094.61121662386,"CAFI_P007",25
"3359",-1211.37431252259,"CAFI_P007",50
"3360",9638.01021951239,"CAFI_P007",100
"3361",-300.608241549053,"CAFI_P007",25
"3362",-1015.85032739432,"CAFI_P007",50
"3363",-2385.53248068603,"CAFI_P007",100
"3364",-492.459499749413,"CAFI_P007",25
"3365",-153.743719133199,"CAFI_P007",50
"3366",2687.37135958765,"CAFI_P007",100
"3367",703.628233908501,"CAFI_P007",25
"3368",-1070.99998935632,"CAFI_P007",50
"3369",4943.54977865267,"CAFI_P007",100
"3370",-321.203779725358,"CAFI_P007",25
"3371",-867.742471126316,"CAFI_P007",50
"3372",377.883416338474,"CAFI_P007",100
"3373",-854.514880610979,"CAFI_P007",25
"3374",4508.34255656798,"CAFI_P007",50
"3375",-2318.54004459176,"CAFI_P007",100
"3376",-132.100920977828,"CAFI_P007",25
"3377",715.220532544656,"CAFI_P007",50
"3378",3300.17315505591,"CAFI_P007",100
"3379",1479.10879390157,"CAFI_P007",25
"3380",32.8379177465104,"CAFI_P007",50
"3381",7186.16989397234,"CAFI_P007",100
"3382",8030.37536293053,"CAFI_P007",25
"3383",-1078.33049559483,"CAFI_P007",50
"3384",-2679.37766074768,"CAFI_P007",100
"3385",278.860639410093,"CAFI_P007",25
"3386",771.504453824542,"CAFI_P007",50
"3387",1965.71957671025,"CAFI_P007",100
"3388",-23.4234963136259,"CAFI_P007",25
"3389",-992.867125524033,"CAFI_P007",50
"3390",10292.7243802726,"CAFI_P007",100
"3391",2103.57372231426,"CAFI_P007",25
"3392",14.6744523640955,"CAFI_P007",50
"3393",3361.84721405577,"CAFI_P007",100
"3394",6678.73420480872,"CAFI_P007",25
"3395",5404.07571424032,"CAFI_P007",50
"3396",2608.53571163211,"CAFI_P007",100
"3397",604.48821191123,"CAFI_P007",25
"3398",-387.974561591982,"CAFI_P007",50
"3399",-336.42429941881,"CAFI_P007",100
"3400",-559.269709375571,"CAFI_P007",25
"3401",-1335.43593671784,"CAFI_P007",50
"3402",12197.631067564,"CAFI_P007",100
"3403",1001.43845315545,"CAFI_P007",25
"3404",-823.796813354536,"CAFI_P007",50
"3405",-329.094210336974,"CAFI_P007",100
"3406",1508.88004041923,"CAFI_P007",25
"3407",-813.23901698488,"CAFI_P007",50
"3408",-2159.31608373963,"CAFI_P007",100
"3409",39.982843806094,"CAFI_P007",25
"3410",1320.50099345483,"CAFI_P007",50
"3411",139.335487133823,"CAFI_P007",100
"3412",591.149629257212,"CAFI_P007",25
"3413",-975.568748972146,"CAFI_P007",50
"3414",6952.22428017104,"CAFI_P007",100
"3415",-531.17887046939,"CAFI_P007",25
"3416",2258.11395292752,"CAFI_P007",50
"3417",8872.31326252158,"CAFI_P007",100
"3418",-359.184437887801,"CAFI_P007",25
"3419",8854.74637947278,"CAFI_P007",50
"3420",-822.84705593501,"CAFI_P007",100
"3421",10651.8515031482,"CAFI_P007",25
"3422",2549.48714079557,"CAFI_P007",50
"3423",-1244.49296064681,"CAFI_P007",100
"3424",-6.35427988081938,"CAFI_P007",25
"3425",1078.5905836437,"CAFI_P007",50
"3426",1016.49025647185,"CAFI_P007",100
"3427",-53.5164483586559,"CAFI_P007",25
"3428",-505.535056720721,"CAFI_P007",50
"3429",9106.65622946667,"CAFI_P007",100
"3430",91.5638951711007,"CAFI_P007",25
"3431",7149.66099322779,"CAFI_P007",50
"3432",3069.74256078247,"CAFI_P007",100
"3433",-899.636569429655,"CAFI_P007",25
"3434",153.707073441707,"CAFI_P007",50
"3435",-1894.58536682004,"CAFI_P007",100
"3436",3238.86842632631,"CAFI_P007",25
"3437",-340.828800536343,"CAFI_P007",50
"3438",-426.408201939892,"CAFI_P007",100
"3439",-1021.33771843143,"CAFI_P007",25
"3440",0.00534996227361262,"CAFI_P007",50
"3441",13667.8785489827,"CAFI_P007",100
"3442",-683.12332130695,"CAFI_P007",25
"3443",548.429742679233,"CAFI_P007",50
"3444",-1866.34785295936,"CAFI_P007",100
"3445",4427.68094303628,"CAFI_P007",25
"3446",-832.711139987863,"CAFI_P007",50
"3447",-2450.34344016667,"CAFI_P007",100
"3448",29.2003839043318,"CAFI_P007",25
"3449",3845.22587210737,"CAFI_P007",50
"3450",-2654.86924237327,"CAFI_P007",100
"3451",794.356894424418,"CAFI_P007",25
"3452",1178.81777333823,"CAFI_P007",50
"3453",3373.40176974784,"CAFI_P007",100
"3454",-1106.21219944634,"CAFI_P007",25
"3455",-855.733257963613,"CAFI_P007",50
"3456",3081.22401672509,"CAFI_P007",100
"3457",2255.62396236596,"CAFI_P007",25
"3458",1305.50770790089,"CAFI_P007",50
"3459",1390.70149300969,"CAFI_P007",100
"3460",-448.451209820458,"CAFI_P007",25
"3461",730.896256677457,"CAFI_P007",50
"3462",-1934.70059244789,"CAFI_P007",100
"3463",-776.349267686193,"CAFI_P007",25
"3464",11026.8846067684,"CAFI_P007",50
"3465",9081.94118289731,"CAFI_P007",100
"3466",683.374980088091,"CAFI_P007",25
"3467",-885.751752916141,"CAFI_P007",50
"3468",3687.2801493404,"CAFI_P007",100
"3469",7106.09146923304,"CAFI_P007",25
"3470",5948.23521479458,"CAFI_P007",50
"3471",7779.9538282915,"CAFI_P007",100
"3472",249.034291915887,"CAFI_P007",25
"3473",-297.620675121958,"CAFI_P007",50
"3474",-479.601268080238,"CAFI_P007",100
"3475",-928.40911157662,"CAFI_P007",25
"3476",1337.59941636835,"CAFI_P007",50
"3477",11118.1172549821,"CAFI_P007",100
"3478",4.7563529626932,"CAFI_P007",25
"3479",648.790335625352,"CAFI_P007",50
"3480",829.043037047086,"CAFI_P007",100
"3481",-164.163171924301,"CAFI_P007",25
"3482",1268.15388897958,"CAFI_P007",50
"3483",1850.59358903283,"CAFI_P007",100
"3484",312.879015263286,"CAFI_P007",25
"3485",-438.355583768105,"CAFI_P007",50
"3486",1585.62563371914,"CAFI_P007",100
"3487",-879.979200498899,"CAFI_P007",25
"3488",-645.399529302958,"CAFI_P007",50
"3489",962.465836865944,"CAFI_P007",100
"3490",3464.8328909931,"CAFI_P007",25
"3491",836.955229873012,"CAFI_P007",50
"3492",300.631996174576,"CAFI_P007",100
"3493",-718.586763119849,"CAFI_P007",25
"3494",127.472143668507,"CAFI_P007",50
"3495",717.606674389972,"CAFI_P007",100
"3496",1652.08771307056,"CAFI_P007",25
"3497",-1610.74137610337,"CAFI_P007",50
"3498",-2664.77085060114,"CAFI_P007",100
"3499",-363.064194846549,"CAFI_P007",25
"3500",-477.931948371697,"CAFI_P007",50
"3501",2125.57267313276,"CAFI_P007",100
"3502",-163.094283100509,"CAFI_P007",25
"3503",2034.47226030967,"CAFI_P007",50
"3504",473.922629635432,"CAFI_P007",100
"3505",796.366120784369,"CAFI_P007",25
"3506",3815.81081917987,"CAFI_P007",50
"3507",460.537104913732,"CAFI_P007",100
"3508",-11.0143046152662,"CAFI_P007",25
"3509",3420.96277132101,"CAFI_P007",50
"3510",206.2370942735,"CAFI_P007",100
"3511",1623.19993884483,"CAFI_P007",25
"3512",158.89492197358,"CAFI_P007",50
"3513",2249.28975258366,"CAFI_P007",100
"3514",-571.205875478103,"CAFI_P007",25
"3515",616.2089784001,"CAFI_P007",50
"3516",1947.86283656297,"CAFI_P007",100
"3517",332.986915062822,"CAFI_P007",25
"3518",-931.026767023955,"CAFI_P007",50
"3519",8565.25758973905,"CAFI_P007",100
"3520",-882.552551341127,"CAFI_P007",25
"3521",-1579.1297973094,"CAFI_P007",50
"3522",-1039.13580842561,"CAFI_P007",100
"3523",-623.320147798047,"CAFI_P007",25
"3524",702.06673952227,"CAFI_P007",50
"3525",-1586.45111846254,"CAFI_P007",100
"3526",1.40284559049178,"CAFI_P007",25
"3527",-1316.53126947297,"CAFI_P007",50
"3528",311.057107109169,"CAFI_P007",100
"3529",-668.738503706991,"CAFI_P007",25
"3530",-237.472094670055,"CAFI_P007",50
"3531",4670.8619228286,"CAFI_P007",100
"3532",-625.533822611382,"CAFI_P007",25
"3533",1011.64245081169,"CAFI_P007",50
"3534",2082.38222694676,"CAFI_P007",100
"3535",11076.7412974979,"CAFI_P007",25
"3536",7577.41877288837,"CAFI_P007",50
"3537",3796.44457134145,"CAFI_P007",100
"3538",-463.164062702272,"CAFI_P007",25
"3539",-558.583016888471,"CAFI_P007",50
"3540",1462.53141124616,"CAFI_P007",100
"3541",-875.269782430725,"CAFI_P007",25
"3542",510.501093525265,"CAFI_P007",50
"3543",1039.29670778872,"CAFI_P007",100
"3544",-736.268402965099,"CAFI_P007",25
"3545",-1353.76212309656,"CAFI_P007",50
"3546",-226.695428856765,"CAFI_P007",100
"3547",230.115360454016,"CAFI_P007",25
"3548",5426.27269685798,"CAFI_P007",50
"3549",5210.47276887519,"CAFI_P007",100
"3550",1171.41098677478,"CAFI_P007",25
"3551",-1499.47926788795,"CAFI_P007",50
"3552",-1495.36905050272,"CAFI_P007",100
"3553",-615.214061634906,"CAFI_P007",25
"3554",-1130.74112569698,"CAFI_P007",50
"3555",192.705893941515,"CAFI_P007",100
"3556",286.264158036327,"CAFI_P007",25
"3557",2069.77150037105,"CAFI_P007",50
"3558",-2120.23485474585,"CAFI_P007",100
"3559",7470.65089292591,"CAFI_P007",25
"3560",-1769.14864607743,"CAFI_P007",50
"3561",-2770.27722873224,"CAFI_P007",100
"3562",-516.46694083343,"CAFI_P007",25
"3563",3372.70407207473,"CAFI_P007",50
"3564",-1709.5841333422,"CAFI_P007",100
"3565",-55.8920815800084,"CAFI_P007",25
"3566",9297.10296100593,"CAFI_P007",50
"3567",-1738.52408394823,"CAFI_P007",100
"3568",-178.16847120499,"CAFI_P007",25
"3569",-38.4603447577683,"CAFI_P007",50
"3570",-866.086283459153,"CAFI_P007",100
"3571",-563.033165458823,"CAFI_P007",25
"3572",-199.479563342873,"CAFI_P007",50
"3573",755.914481687942,"CAFI_P007",100
"3574",-295.530080750701,"CAFI_P007",25
"3575",-1625.55848023144,"CAFI_P007",50
"3576",6680.65750197112,"CAFI_P007",100
"3577",-722.337374928291,"CAFI_P007",25
"3578",840.503809214919,"CAFI_P007",50
"3579",4094.32315546484,"CAFI_P007",100
"3580",-947.915284928458,"CAFI_P007",25
"3581",1982.21098336345,"CAFI_P007",50
"3582",559.085524702852,"CAFI_P007",100
"3583",1706.16915068933,"CAFI_P007",25
"3584",-406.21679318964,"CAFI_P007",50
"3585",6799.04316888622,"CAFI_P007",100
"3586",-271.523692782037,"CAFI_P007",25
"3587",-1577.85789909784,"CAFI_P007",50
"3588",9397.27748743235,"CAFI_P007",100
"3589",10837.7923434664,"CAFI_P007",25
"3590",3868.51857020042,"CAFI_P007",50
"3591",-2143.20830233133,"CAFI_P007",100
"3592",-315.226877095061,"CAFI_P007",25
"3593",114.924994901463,"CAFI_P007",50
"3594",2402.91796806577,"CAFI_P007",100
"3595",-1575.05838809744,"CAFI_P007",25
"3596",3248.84275318572,"CAFI_P007",50
"3597",541.327301170269,"CAFI_P007",100
"3598",-909.687662065553,"CAFI_P007",25
"3599",-1134.82010573283,"CAFI_P007",50
"3600",8829.8462511187,"CAFI_P007",100
"3601",89338.7714075926,"CAFI_P008",25
"3602",83056.618715235,"CAFI_P008",50
"3603",244485.24955347,"CAFI_P008",100
"3604",6674.94856908498,"CAFI_P008",25
"3605",78792.6678251858,"CAFI_P008",50
"3606",119235.032824408,"CAFI_P008",100
"3607",-15557.7244180294,"CAFI_P008",25
"3608",53795.2868959497,"CAFI_P008",50
"3609",101077.063056249,"CAFI_P008",100
"3610",60275.5685355665,"CAFI_P008",25
"3611",123250.497999287,"CAFI_P008",50
"3612",29736.1270774036,"CAFI_P008",100
"3613",53702.2776363243,"CAFI_P008",25
"3614",92448.1228730318,"CAFI_P008",50
"3615",114717.420143802,"CAFI_P008",100
"3616",7747.90832850325,"CAFI_P008",25
"3617",96662.7304230919,"CAFI_P008",50
"3618",84275.8533380596,"CAFI_P008",100
"3619",-1814.02860556787,"CAFI_P008",25
"3620",93516.2046807904,"CAFI_P008",50
"3621",204924.389902746,"CAFI_P008",100
"3622",11068.0498614549,"CAFI_P008",25
"3623",8944.02883439808,"CAFI_P008",50
"3624",158786.035986145,"CAFI_P008",100
"3625",2107.20431207377,"CAFI_P008",25
"3626",56936.9349160954,"CAFI_P008",50
"3627",194907.513817783,"CAFI_P008",100
"3628",64113.9738311459,"CAFI_P008",25
"3629",124836.894984826,"CAFI_P008",50
"3630",165302.9980536,"CAFI_P008",100
"3631",31530.8899099462,"CAFI_P008",25
"3632",39311.6284519569,"CAFI_P008",50
"3633",135340.301716828,"CAFI_P008",100
"3634",51921.6726873646,"CAFI_P008",25
"3635",98503.0814486516,"CAFI_P008",50
"3636",94172.2715825118,"CAFI_P008",100
"3637",39052.2002247105,"CAFI_P008",25
"3638",93645.0222216032,"CAFI_P008",50
"3639",97767.4647284344,"CAFI_P008",100
"3640",24215.459488245,"CAFI_P008",25
"3641",111049.224236448,"CAFI_P008",50
"3642",290757.132339529,"CAFI_P008",100
"3643",57394.1229462923,"CAFI_P008",25
"3644",-7289.94509868848,"CAFI_P008",50
"3645",90763.1609283768,"CAFI_P008",100
"3646",12337.6100668247,"CAFI_P008",25
"3647",2930.27178619814,"CAFI_P008",50
"3648",103585.431981397,"CAFI_P008",100
"3649",45057.0233781715,"CAFI_P008",25
"3650",102767.398373393,"CAFI_P008",50
"3651",191577.970890254,"CAFI_P008",100
"3652",-5978.21243212518,"CAFI_P008",25
"3653",106030.272346572,"CAFI_P008",50
"3654",113790.164912305,"CAFI_P008",100
"3655",81441.8575247886,"CAFI_P008",25
"3656",66063.268348098,"CAFI_P008",50
"3657",210935.325873533,"CAFI_P008",100
"3658",41489.5556459596,"CAFI_P008",25
"3659",115541.221109329,"CAFI_P008",50
"3660",279138.890442783,"CAFI_P008",100
"3661",22994.1722127887,"CAFI_P008",25
"3662",37547.1383934743,"CAFI_P008",50
"3663",159720.06180583,"CAFI_P008",100
"3664",8439.63617529115,"CAFI_P008",25
"3665",71284.7931001916,"CAFI_P008",50
"3666",82185.5874320786,"CAFI_P008",100
"3667",60014.0785668543,"CAFI_P008",25
"3668",61281.1007290459,"CAFI_P008",50
"3669",104573.733991658,"CAFI_P008",100
"3670",33427.057319442,"CAFI_P008",25
"3671",66527.069127713,"CAFI_P008",50
"3672",56591.102115286,"CAFI_P008",100
"3673",72407.4110740378,"CAFI_P008",25
"3674",83458.1805746796,"CAFI_P008",50
"3675",55859.1803572222,"CAFI_P008",100
"3676",73238.4581031052,"CAFI_P008",25
"3677",24092.9774717252,"CAFI_P008",50
"3678",190997.106692198,"CAFI_P008",100
"3679",43104.7666212171,"CAFI_P008",25
"3680",170505.679269277,"CAFI_P008",50
"3681",184051.735227697,"CAFI_P008",100
"3682",30922.3418284765,"CAFI_P008",25
"3683",76729.1105762215,"CAFI_P008",50
"3684",135318.812246141,"CAFI_P008",100
"3685",25847.4861679724,"CAFI_P008",25
"3686",58375.4334901572,"CAFI_P008",50
"3687",223402.544220882,"CAFI_P008",100
"3688",32453.8344719775,"CAFI_P008",25
"3689",147280.991810299,"CAFI_P008",50
"3690",111211.851462633,"CAFI_P008",100
"3691",29550.2742905607,"CAFI_P008",25
"3692",179658.80918527,"CAFI_P008",50
"3693",158953.65578726,"CAFI_P008",100
"3694",22406.3206470318,"CAFI_P008",25
"3695",89792.0125249884,"CAFI_P008",50
"3696",89155.8020987575,"CAFI_P008",100
"3697",55352.9882120884,"CAFI_P008",25
"3698",105706.0585603,"CAFI_P008",50
"3699",154114.360372562,"CAFI_P008",100
"3700",-1050.75838181417,"CAFI_P008",25
"3701",-5576.93893314991,"CAFI_P008",50
"3702",250954.505813801,"CAFI_P008",100
"3703",111063.475831928,"CAFI_P008",25
"3704",44862.7504949727,"CAFI_P008",50
"3705",152218.083762323,"CAFI_P008",100
"3706",58481.9032033182,"CAFI_P008",25
"3707",108814.021533289,"CAFI_P008",50
"3708",154460.297051193,"CAFI_P008",100
"3709",16638.7833953142,"CAFI_P008",25
"3710",104320.760906243,"CAFI_P008",50
"3711",144300.76397303,"CAFI_P008",100
"3712",18434.9289553224,"CAFI_P008",25
"3713",22703.2432874113,"CAFI_P008",50
"3714",197566.397267759,"CAFI_P008",100
"3715",44472.0907992276,"CAFI_P008",25
"3716",73454.9905022983,"CAFI_P008",50
"3717",178761.034071167,"CAFI_P008",100
"3718",54023.0078514281,"CAFI_P008",25
"3719",123321.428441106,"CAFI_P008",50
"3720",201553.284144842,"CAFI_P008",100
"3721",-31068.3747114667,"CAFI_P008",25
"3722",60131.7109204009,"CAFI_P008",50
"3723",293102.471242988,"CAFI_P008",100
"3724",-4369.06913764909,"CAFI_P008",25
"3725",103721.865184231,"CAFI_P008",50
"3726",203316.173580365,"CAFI_P008",100
"3727",63691.0219079983,"CAFI_P008",25
"3728",31998.9055497464,"CAFI_P008",50
"3729",165308.850541979,"CAFI_P008",100
"3730",27698.3576701515,"CAFI_P008",25
"3731",27390.3550622964,"CAFI_P008",50
"3732",82637.1407246298,"CAFI_P008",100
"3733",50312.98865853,"CAFI_P008",25
"3734",84142.3628510573,"CAFI_P008",50
"3735",249158.202051753,"CAFI_P008",100
"3736",28571.6270310489,"CAFI_P008",25
"3737",111865.394615934,"CAFI_P008",50
"3738",113266.152899357,"CAFI_P008",100
"3739",39986.3801498496,"CAFI_P008",25
"3740",83570.6775605155,"CAFI_P008",50
"3741",153086.494375395,"CAFI_P008",100
"3742",70622.2379316086,"CAFI_P008",25
"3743",107293.334467773,"CAFI_P008",50
"3744",162377.276676524,"CAFI_P008",100
"3745",30462.2071968598,"CAFI_P008",25
"3746",78270.4563227509,"CAFI_P008",50
"3747",181987.216532361,"CAFI_P008",100
"3748",80281.0679131609,"CAFI_P008",25
"3749",84834.7398721004,"CAFI_P008",50
"3750",208750.892502016,"CAFI_P008",100
"3751",-19364.5001155186,"CAFI_P008",25
"3752",93639.0134076937,"CAFI_P008",50
"3753",133533.605747861,"CAFI_P008",100
"3754",54292.216437044,"CAFI_P008",25
"3755",53589.2753907542,"CAFI_P008",50
"3756",145786.767304551,"CAFI_P008",100
"3757",66146.6101183328,"CAFI_P008",25
"3758",59519.9889200265,"CAFI_P008",50
"3759",61749.9096906938,"CAFI_P008",100
"3760",68569.4327335841,"CAFI_P008",25
"3761",37454.867850936,"CAFI_P008",50
"3762",148933.243887928,"CAFI_P008",100
"3763",88290.1236226412,"CAFI_P008",25
"3764",59326.49926149,"CAFI_P008",50
"3765",127290.515234917,"CAFI_P008",100
"3766",34289.432718218,"CAFI_P008",25
"3767",201155.431006951,"CAFI_P008",50
"3768",101213.144064406,"CAFI_P008",100
"3769",35491.6181629449,"CAFI_P008",25
"3770",81056.88730441,"CAFI_P008",50
"3771",73779.9284286278,"CAFI_P008",100
"3772",72648.4898626963,"CAFI_P008",25
"3773",52209.3764464387,"CAFI_P008",50
"3774",226340.172135043,"CAFI_P008",100
"3775",23205.5437944236,"CAFI_P008",25
"3776",76961.4228251851,"CAFI_P008",50
"3777",110376.303009482,"CAFI_P008",100
"3778",85902.7295797382,"CAFI_P008",25
"3779",97532.7544331157,"CAFI_P008",50
"3780",95550.0151968507,"CAFI_P008",100
"3781",16381.3131952243,"CAFI_P008",25
"3782",109485.35280595,"CAFI_P008",50
"3783",216113.199056008,"CAFI_P008",100
"3784",48489.8917911645,"CAFI_P008",25
"3785",71152.1572957231,"CAFI_P008",50
"3786",126865.69220047,"CAFI_P008",100
"3787",80394.8888765203,"CAFI_P008",25
"3788",87851.9854919488,"CAFI_P008",50
"3789",68925.6984466477,"CAFI_P008",100
"3790",45800.9757262619,"CAFI_P008",25
"3791",71609.9249976329,"CAFI_P008",50
"3792",187515.740668469,"CAFI_P008",100
"3793",-13747.4069847025,"CAFI_P008",25
"3794",34252.0907463352,"CAFI_P008",50
"3795",194555.460123822,"CAFI_P008",100
"3796",40275.9956174563,"CAFI_P008",25
"3797",64182.4475791056,"CAFI_P008",50
"3798",151093.436986658,"CAFI_P008",100
"3799",26327.539974197,"CAFI_P008",25
"3800",58712.2639451966,"CAFI_P008",50
"3801",156015.520306786,"CAFI_P008",100
"3802",80219.5206800638,"CAFI_P008",25
"3803",21024.3371292372,"CAFI_P008",50
"3804",82480.6233568869,"CAFI_P008",100
"3805",-24795.8259528977,"CAFI_P008",25
"3806",140491.664551176,"CAFI_P008",50
"3807",115365.403339031,"CAFI_P008",100
"3808",86431.2231609572,"CAFI_P008",25
"3809",131330.275640183,"CAFI_P008",50
"3810",114227.488470011,"CAFI_P008",100
"3811",5560.50805627176,"CAFI_P008",25
"3812",88578.9585576579,"CAFI_P008",50
"3813",167997.648381016,"CAFI_P008",100
"3814",14427.5138384501,"CAFI_P008",25
"3815",82795.1221949988,"CAFI_P008",50
"3816",179494.981999798,"CAFI_P008",100
"3817",92908.4414211371,"CAFI_P008",25
"3818",60838.0583625807,"CAFI_P008",50
"3819",178882.730548896,"CAFI_P008",100
"3820",17000.0593813951,"CAFI_P008",25
"3821",149520.639886981,"CAFI_P008",50
"3822",87121.0176028207,"CAFI_P008",100
"3823",26239.6388289645,"CAFI_P008",25
"3824",94659.6431805226,"CAFI_P008",50
"3825",151884.824820975,"CAFI_P008",100
"3826",42556.9541463373,"CAFI_P008",25
"3827",159438.747839314,"CAFI_P008",50
"3828",99619.8140329694,"CAFI_P008",100
"3829",42050.8101249423,"CAFI_P008",25
"3830",116944.487193457,"CAFI_P008",50
"3831",217388.555864629,"CAFI_P008",100
"3832",772.743683094042,"CAFI_P008",25
"3833",46918.644134039,"CAFI_P008",50
"3834",120408.2891767,"CAFI_P008",100
"3835",111285.937241986,"CAFI_P008",25
"3836",127512.555474994,"CAFI_P008",50
"3837",179082.135462576,"CAFI_P008",100
"3838",29841.6903736252,"CAFI_P008",25
"3839",93694.7810390121,"CAFI_P008",50
"3840",167053.362705651,"CAFI_P008",100
"3841",52082.894981851,"CAFI_P008",25
"3842",57559.5381563946,"CAFI_P008",50
"3843",268224.791239,"CAFI_P008",100
"3844",64181.0516682336,"CAFI_P008",25
"3845",52504.9029151804,"CAFI_P008",50
"3846",246564.679789165,"CAFI_P008",100
"3847",43676.3132024024,"CAFI_P008",25
"3848",110655.977936785,"CAFI_P008",50
"3849",167485.507256182,"CAFI_P008",100
"3850",72810.9616128207,"CAFI_P008",25
"3851",47612.3763809113,"CAFI_P008",50
"3852",176037.490498237,"CAFI_P008",100
"3853",17384.592547383,"CAFI_P008",25
"3854",74311.0378987773,"CAFI_P008",50
"3855",157103.270363212,"CAFI_P008",100
"3856",-12472.6392988961,"CAFI_P008",25
"3857",57258.825916821,"CAFI_P008",50
"3858",125489.68848968,"CAFI_P008",100
"3859",27808.4783753445,"CAFI_P008",25
"3860",42371.2476540113,"CAFI_P008",50
"3861",104805.375992542,"CAFI_P008",100
"3862",26082.6025171847,"CAFI_P008",25
"3863",100825.917361297,"CAFI_P008",50
"3864",189125.570507509,"CAFI_P008",100
"3865",75104.741243139,"CAFI_P008",25
"3866",82925.4509509296,"CAFI_P008",50
"3867",110951.787441964,"CAFI_P008",100
"3868",70080.932945527,"CAFI_P008",25
"3869",67231.3824853079,"CAFI_P008",50
"3870",211832.496026421,"CAFI_P008",100
"3871",4550.22214784293,"CAFI_P008",25
"3872",58062.4475511236,"CAFI_P008",50
"3873",177685.175997534,"CAFI_P008",100
"3874",-16177.3999802166,"CAFI_P008",25
"3875",116692.458844429,"CAFI_P008",50
"3876",116388.737363151,"CAFI_P008",100
"3877",35120.0901038909,"CAFI_P008",25
"3878",90203.5739387681,"CAFI_P008",50
"3879",255978.756287862,"CAFI_P008",100
"3880",13514.58193979,"CAFI_P008",25
"3881",66732.5756577382,"CAFI_P008",50
"3882",205443.891927003,"CAFI_P008",100
"3883",30465.9537442688,"CAFI_P008",25
"3884",49050.5141954237,"CAFI_P008",50
"3885",153043.823692409,"CAFI_P008",100
"3886",67080.8319552119,"CAFI_P008",25
"3887",114419.424737444,"CAFI_P008",50
"3888",149089.725925446,"CAFI_P008",100
"3889",22413.5214142907,"CAFI_P008",25
"3890",86496.9978930144,"CAFI_P008",50
"3891",165784.625158215,"CAFI_P008",100
"3892",59437.2519034356,"CAFI_P008",25
"3893",81805.2108081215,"CAFI_P008",50
"3894",183251.61871089,"CAFI_P008",100
"3895",-4706.20948863757,"CAFI_P008",25
"3896",122479.236124155,"CAFI_P008",50
"3897",263226.378671176,"CAFI_P008",100
"3898",66787.3320994843,"CAFI_P008",25
"3899",86596.0927491735,"CAFI_P008",50
"3900",208391.7786348,"CAFI_P008",100
"3901",-9117.77753117337,"CAFI_P009",25
"3902",33991.3921035401,"CAFI_P009",50
"3903",96110.9593037931,"CAFI_P009",100
"3904",-169.715526777261,"CAFI_P009",25
"3905",34787.5992527375,"CAFI_P009",50
"3906",149303.345027185,"CAFI_P009",100
"3907",34248.9400600212,"CAFI_P009",25
"3908",86742.336300072,"CAFI_P009",50
"3909",102249.200303022,"CAFI_P009",100
"3910",36390.3608090931,"CAFI_P009",25
"3911",40565.1131327893,"CAFI_P009",50
"3912",82829.3392727578,"CAFI_P009",100
"3913",26424.710191138,"CAFI_P009",25
"3914",22629.4357869414,"CAFI_P009",50
"3915",34047.1155074922,"CAFI_P009",100
"3916",52824.1232256374,"CAFI_P009",25
"3917",80471.5843370557,"CAFI_P009",50
"3918",60860.1526219173,"CAFI_P009",100
"3919",7402.53428350616,"CAFI_P009",25
"3920",31233.6933683556,"CAFI_P009",50
"3921",49487.9725221431,"CAFI_P009",100
"3922",20203.9573104494,"CAFI_P009",25
"3923",36797.0041906145,"CAFI_P009",50
"3924",-8314.00813516561,"CAFI_P009",100
"3925",53686.5307172635,"CAFI_P009",25
"3926",57472.5522397453,"CAFI_P009",50
"3927",71020.8591181426,"CAFI_P009",100
"3928",18566.7882884872,"CAFI_P009",25
"3929",31372.7198275587,"CAFI_P009",50
"3930",40139.1940914318,"CAFI_P009",100
"3931",-4541.67756982113,"CAFI_P009",25
"3932",70394.6836839911,"CAFI_P009",50
"3933",91190.5185778519,"CAFI_P009",100
"3934",6978.44016145816,"CAFI_P009",25
"3935",25914.2161260722,"CAFI_P009",50
"3936",64751.1257079361,"CAFI_P009",100
"3937",222.076041706547,"CAFI_P009",25
"3938",34549.9749691095,"CAFI_P009",50
"3939",44210.5738347049,"CAFI_P009",100
"3940",14140.60369301,"CAFI_P009",25
"3941",31262.1783457749,"CAFI_P009",50
"3942",43549.9828921324,"CAFI_P009",100
"3943",27875.5552064306,"CAFI_P009",25
"3944",26455.3840770533,"CAFI_P009",50
"3945",24078.0712689815,"CAFI_P009",100
"3946",24867.3293982023,"CAFI_P009",25
"3947",12301.7007516218,"CAFI_P009",50
"3948",43739.0828939656,"CAFI_P009",100
"3949",15151.9869624592,"CAFI_P009",25
"3950",30070.7702981158,"CAFI_P009",50
"3951",50342.8537136432,"CAFI_P009",100
"3952",27884.0134290039,"CAFI_P009",25
"3953",11292.2319036798,"CAFI_P009",50
"3954",65599.9455152871,"CAFI_P009",100
"3955",28158.4880587297,"CAFI_P009",25
"3956",9455.69514453498,"CAFI_P009",50
"3957",25776.9486700376,"CAFI_P009",100
"3958",14196.9459127148,"CAFI_P009",25
"3959",11719.2096701674,"CAFI_P009",50
"3960",93508.5637740476,"CAFI_P009",100
"3961",32183.4337418919,"CAFI_P009",25
"3962",44380.7056594153,"CAFI_P009",50
"3963",38175.6059627103,"CAFI_P009",100
"3964",6144.94130872574,"CAFI_P009",25
"3965",6553.35335389507,"CAFI_P009",50
"3966",85104.3246986806,"CAFI_P009",100
"3967",-14680.4084608434,"CAFI_P009",25
"3968",9207.05771544855,"CAFI_P009",50
"3969",52300.875216803,"CAFI_P009",100
"3970",8295.60873194318,"CAFI_P009",25
"3971",26328.1912452641,"CAFI_P009",50
"3972",42221.8883831059,"CAFI_P009",100
"3973",19522.1373333753,"CAFI_P009",25
"3974",41201.8828466026,"CAFI_P009",50
"3975",57615.458287557,"CAFI_P009",100
"3976",22289.9938364262,"CAFI_P009",25
"3977",58187.4589842258,"CAFI_P009",50
"3978",87033.4036485876,"CAFI_P009",100
"3979",36410.6086115666,"CAFI_P009",25
"3980",78566.8621644328,"CAFI_P009",50
"3981",64533.9452080992,"CAFI_P009",100
"3982",9255.98966546723,"CAFI_P009",25
"3983",9580.76138460194,"CAFI_P009",50
"3984",27444.1426773687,"CAFI_P009",100
"3985",18722.647762869,"CAFI_P009",25
"3986",45877.2537269882,"CAFI_P009",50
"3987",22907.925558978,"CAFI_P009",100
"3988",29784.9067774696,"CAFI_P009",25
"3989",59515.1443286647,"CAFI_P009",50
"3990",85291.1279984773,"CAFI_P009",100
"3991",16342.0718601346,"CAFI_P009",25
"3992",27993.7437818054,"CAFI_P009",50
"3993",60253.2549403108,"CAFI_P009",100
"3994",26585.1229990445,"CAFI_P009",25
"3995",23267.6412678725,"CAFI_P009",50
"3996",72799.7895248686,"CAFI_P009",100
"3997",-3111.99761909083,"CAFI_P009",25
"3998",19665.4513511839,"CAFI_P009",50
"3999",35893.4663941021,"CAFI_P009",100
"4000",8128.74852664577,"CAFI_P009",25
"4001",-3243.27054759546,"CAFI_P009",50
"4002",71913.6533219356,"CAFI_P009",100
"4003",-5744.77010405972,"CAFI_P009",25
"4004",39137.7355679533,"CAFI_P009",50
"4005",24666.1410600959,"CAFI_P009",100
"4006",7598.13180968724,"CAFI_P009",25
"4007",17244.9656989916,"CAFI_P009",50
"4008",120608.384410274,"CAFI_P009",100
"4009",-3419.11382579687,"CAFI_P009",25
"4010",41777.7582022814,"CAFI_P009",50
"4011",44079.2819976928,"CAFI_P009",100
"4012",36823.4307436894,"CAFI_P009",25
"4013",10220.2372620087,"CAFI_P009",50
"4014",12592.8083132705,"CAFI_P009",100
"4015",-775.873667111504,"CAFI_P009",25
"4016",44359.4426840401,"CAFI_P009",50
"4017",91555.2909205097,"CAFI_P009",100
"4018",27935.3662338645,"CAFI_P009",25
"4019",12795.1952747184,"CAFI_P009",50
"4020",106534.660687606,"CAFI_P009",100
"4021",5484.83827019093,"CAFI_P009",25
"4022",16658.6884810518,"CAFI_P009",50
"4023",67736.5938484001,"CAFI_P009",100
"4024",5744.19293004478,"CAFI_P009",25
"4025",40930.926199019,"CAFI_P009",50
"4026",72641.3819687368,"CAFI_P009",100
"4027",2273.38041895773,"CAFI_P009",25
"4028",24547.4880346029,"CAFI_P009",50
"4029",74624.4968965282,"CAFI_P009",100
"4030",38275.0573636382,"CAFI_P009",25
"4031",13905.177709019,"CAFI_P009",50
"4032",59318.4856492768,"CAFI_P009",100
"4033",377.431262588128,"CAFI_P009",25
"4034",-1714.94942027039,"CAFI_P009",50
"4035",110492.796313886,"CAFI_P009",100
"4036",6114.43578635313,"CAFI_P009",25
"4037",31864.4539891151,"CAFI_P009",50
"4038",87651.4298918333,"CAFI_P009",100
"4039",43127.714183777,"CAFI_P009",25
"4040",29765.6029323184,"CAFI_P009",50
"4041",14279.1370995751,"CAFI_P009",100
"4042",46689.5915044851,"CAFI_P009",25
"4043",36583.2487646459,"CAFI_P009",50
"4044",86424.1117143325,"CAFI_P009",100
"4045",35145.7591016596,"CAFI_P009",25
"4046",24846.477431594,"CAFI_P009",50
"4047",83779.7238750699,"CAFI_P009",100
"4048",1560.34959936951,"CAFI_P009",25
"4049",20114.2166172683,"CAFI_P009",50
"4050",96449.1258284979,"CAFI_P009",100
"4051",39548.8448848924,"CAFI_P009",25
"4052",-13084.2993873899,"CAFI_P009",50
"4053",17972.2873303316,"CAFI_P009",100
"4054",-6028.50495639164,"CAFI_P009",25
"4055",26711.9908767531,"CAFI_P009",50
"4056",96254.7525787333,"CAFI_P009",100
"4057",4888.36411152402,"CAFI_P009",25
"4058",12461.6584800195,"CAFI_P009",50
"4059",-3229.43613305542,"CAFI_P009",100
"4060",16062.1735572751,"CAFI_P009",25
"4061",72003.8448112857,"CAFI_P009",50
"4062",79822.4466534992,"CAFI_P009",100
"4063",33154.169085313,"CAFI_P009",25
"4064",55059.2154319293,"CAFI_P009",50
"4065",17227.2792995787,"CAFI_P009",100
"4066",39083.0453118091,"CAFI_P009",25
"4067",42014.7023527747,"CAFI_P009",50
"4068",12773.9119443315,"CAFI_P009",100
"4069",42060.3606960094,"CAFI_P009",25
"4070",107857.728856994,"CAFI_P009",50
"4071",14622.8262592126,"CAFI_P009",100
"4072",3463.44970065053,"CAFI_P009",25
"4073",26736.7347508698,"CAFI_P009",50
"4074",44637.5485315267,"CAFI_P009",100
"4075",157.257067157945,"CAFI_P009",25
"4076",42861.0904005606,"CAFI_P009",50
"4077",12290.4305629288,"CAFI_P009",100
"4078",11777.3788710743,"CAFI_P009",25
"4079",5232.13788044179,"CAFI_P009",50
"4080",32122.5872966248,"CAFI_P009",100
"4081",10468.0618375232,"CAFI_P009",25
"4082",43309.929978342,"CAFI_P009",50
"4083",73747.3435293915,"CAFI_P009",100
"4084",-13014.6051455875,"CAFI_P009",25
"4085",52817.8378953867,"CAFI_P009",50
"4086",72634.0809759612,"CAFI_P009",100
"4087",-145.886203158239,"CAFI_P009",25
"4088",46021.2298100446,"CAFI_P009",50
"4089",62418.2703193659,"CAFI_P009",100
"4090",39793.7744700968,"CAFI_P009",25
"4091",24888.2137142102,"CAFI_P009",50
"4092",56094.5560174389,"CAFI_P009",100
"4093",-10596.5562094853,"CAFI_P009",25
"4094",24148.1379057652,"CAFI_P009",50
"4095",94097.6842058069,"CAFI_P009",100
"4096",9841.55007590051,"CAFI_P009",25
"4097",52636.0474364387,"CAFI_P009",50
"4098",54060.2287796732,"CAFI_P009",100
"4099",13434.1958592695,"CAFI_P009",25
"4100",14403.1721720048,"CAFI_P009",50
"4101",27585.9429722548,"CAFI_P009",100
"4102",66636.2075983527,"CAFI_P009",25
"4103",43670.5257974454,"CAFI_P009",50
"4104",87186.298416408,"CAFI_P009",100
"4105",13502.2013326226,"CAFI_P009",25
"4106",44718.4006309255,"CAFI_P009",50
"4107",36532.2201611451,"CAFI_P009",100
"4108",30918.5285040521,"CAFI_P009",25
"4109",-7050.36691326828,"CAFI_P009",50
"4110",72979.1778768853,"CAFI_P009",100
"4111",33897.4556387457,"CAFI_P009",25
"4112",-2073.17156096606,"CAFI_P009",50
"4113",25011.8704046156,"CAFI_P009",100
"4114",36738.3120239746,"CAFI_P009",25
"4115",32855.3834709746,"CAFI_P009",50
"4116",46493.7413000638,"CAFI_P009",100
"4117",1245.19998290797,"CAFI_P009",25
"4118",41907.7905708972,"CAFI_P009",50
"4119",54570.8186060323,"CAFI_P009",100
"4120",7749.22278733604,"CAFI_P009",25
"4121",47389.6755836321,"CAFI_P009",50
"4122",27604.815081313,"CAFI_P009",100
"4123",35641.1162084487,"CAFI_P009",25
"4124",-10511.0763093897,"CAFI_P009",50
"4125",18182.380637412,"CAFI_P009",100
"4126",23703.4715423788,"CAFI_P009",25
"4127",73120.4064538357,"CAFI_P009",50
"4128",44447.6108699442,"CAFI_P009",100
"4129",18047.4634785498,"CAFI_P009",25
"4130",14677.2687137355,"CAFI_P009",50
"4131",24789.5387765699,"CAFI_P009",100
"4132",56753.5392861463,"CAFI_P009",25
"4133",39908.0624287481,"CAFI_P009",50
"4134",59496.4756864435,"CAFI_P009",100
"4135",21223.1971462533,"CAFI_P009",25
"4136",3920.23832519702,"CAFI_P009",50
"4137",127894.425453186,"CAFI_P009",100
"4138",20553.2043628813,"CAFI_P009",25
"4139",32746.5847464431,"CAFI_P009",50
"4140",7993.08212006645,"CAFI_P009",100
"4141",11479.0375286248,"CAFI_P009",25
"4142",50848.7821097529,"CAFI_P009",50
"4143",84562.2711465357,"CAFI_P009",100
"4144",13975.66763512,"CAFI_P009",25
"4145",-3915.51777711825,"CAFI_P009",50
"4146",42783.2181443686,"CAFI_P009",100
"4147",19269.375330676,"CAFI_P009",25
"4148",57345.7837040022,"CAFI_P009",50
"4149",42272.9891037042,"CAFI_P009",100
"4150",4602.42896189616,"CAFI_P009",25
"4151",48918.1479724585,"CAFI_P009",50
"4152",75071.868735831,"CAFI_P009",100
"4153",-6716.53541953507,"CAFI_P009",25
"4154",-17384.9718798626,"CAFI_P009",50
"4155",77019.4932611271,"CAFI_P009",100
"4156",45109.6167371652,"CAFI_P009",25
"4157",7307.69666450348,"CAFI_P009",50
"4158",5037.9436872626,"CAFI_P009",100
"4159",4219.81713095505,"CAFI_P009",25
"4160",13729.019609537,"CAFI_P009",50
"4161",57114.3570239662,"CAFI_P009",100
"4162",11240.9276752361,"CAFI_P009",25
"4163",81909.0357686679,"CAFI_P009",50
"4164",38904.9344889998,"CAFI_P009",100
"4165",1643.02859481709,"CAFI_P009",25
"4166",21340.1374508406,"CAFI_P009",50
"4167",16110.2660181707,"CAFI_P009",100
"4168",-8279.71751690662,"CAFI_P009",25
"4169",-14074.0826678433,"CAFI_P009",50
"4170",23452.425519645,"CAFI_P009",100
"4171",-16378.489694858,"CAFI_P009",25
"4172",1049.83342765423,"CAFI_P009",50
"4173",88860.197005156,"CAFI_P009",100
"4174",6860.13200428983,"CAFI_P009",25
"4175",29260.4866957529,"CAFI_P009",50
"4176",31841.8940984483,"CAFI_P009",100
"4177",9839.21497352544,"CAFI_P009",25
"4178",26186.9554820078,"CAFI_P009",50
"4179",115955.309473696,"CAFI_P009",100
"4180",20119.8138937251,"CAFI_P009",25
"4181",44159.8690073842,"CAFI_P009",50
"4182",52744.0616933621,"CAFI_P009",100
"4183",-14356.8358596806,"CAFI_P009",25
"4184",43543.3770751549,"CAFI_P009",50
"4185",65545.0835498947,"CAFI_P009",100
"4186",482.310570405214,"CAFI_P009",25
"4187",55771.6612830177,"CAFI_P009",50
"4188",51472.8375542567,"CAFI_P009",100
"4189",10932.9645138587,"CAFI_P009",25
"4190",33558.8707857375,"CAFI_P009",50
"4191",55361.5175767757,"CAFI_P009",100
"4192",2285.9386149557,"CAFI_P009",25
"4193",15771.3466521482,"CAFI_P009",50
"4194",49579.286766207,"CAFI_P009",100
"4195",40375.7058589724,"CAFI_P009",25
"4196",17052.1571933191,"CAFI_P009",50
"4197",88009.3358907599,"CAFI_P009",100
"4198",41828.634962882,"CAFI_P009",25
"4199",15571.4187287135,"CAFI_P009",50
"4200",106955.42884126,"CAFI_P009",100
"4201",-12984.6623580514,"CAFI_P010",25
"4202",-2410.90993209096,"CAFI_P010",50
"4203",-5356.59274528184,"CAFI_P010",100
"4204",-4289.68575216323,"CAFI_P010",25
"4205",3425.66906547311,"CAFI_P010",50
"4206",4667.06510855522,"CAFI_P010",100
"4207",-12688.2904471536,"CAFI_P010",25
"4208",-2138.43614268876,"CAFI_P010",50
"4209",-11868.0228761795,"CAFI_P010",100
"4210",-9078.10129112552,"CAFI_P010",25
"4211",-11470.7550097179,"CAFI_P010",50
"4212",-5326.91867988414,"CAFI_P010",100
"4213",-3806.86648008827,"CAFI_P010",25
"4214",-1048.81544486529,"CAFI_P010",50
"4215",-20150.4015811016,"CAFI_P010",100
"4216",-3376.59635008709,"CAFI_P010",25
"4217",-12121.6863829167,"CAFI_P010",50
"4218",-16618.0436531581,"CAFI_P010",100
"4219",-452.499660060217,"CAFI_P010",25
"4220",10229.5320959366,"CAFI_P010",50
"4221",-13205.0228965723,"CAFI_P010",100
"4222",-8914.10914976723,"CAFI_P010",25
"4223",-1452.42832151108,"CAFI_P010",50
"4224",-6874.96836087099,"CAFI_P010",100
"4225",-8591.61826617725,"CAFI_P010",25
"4226",-10965.2468210978,"CAFI_P010",50
"4227",-3655.34889122724,"CAFI_P010",100
"4228",2291.89210237723,"CAFI_P010",25
"4229",-16472.7953450672,"CAFI_P010",50
"4230",-5852.03769886619,"CAFI_P010",100
"4231",3889.67633889138,"CAFI_P010",25
"4232",-7972.60753350865,"CAFI_P010",50
"4233",-16772.5697567004,"CAFI_P010",100
"4234",-10336.021159049,"CAFI_P010",25
"4235",-5752.3476188308,"CAFI_P010",50
"4236",-10341.5403082806,"CAFI_P010",100
"4237",-3190.41281596251,"CAFI_P010",25
"4238",2159.07172482577,"CAFI_P010",50
"4239",-17308.1636809328,"CAFI_P010",100
"4240",-169.665190994332,"CAFI_P010",25
"4241",-12040.6150180274,"CAFI_P010",50
"4242",-19807.8028598572,"CAFI_P010",100
"4243",-2732.72862878081,"CAFI_P010",25
"4244",1664.15105183277,"CAFI_P010",50
"4245",-2453.75609801483,"CAFI_P010",100
"4246",-1708.4613382075,"CAFI_P010",25
"4247",2476.64557566104,"CAFI_P010",50
"4248",-11562.8421010181,"CAFI_P010",100
"4249",-1244.16574881671,"CAFI_P010",25
"4250",-8777.53200201067,"CAFI_P010",50
"4251",-17676.0456166877,"CAFI_P010",100
"4252",-1935.13548796051,"CAFI_P010",25
"4253",3199.12634202518,"CAFI_P010",50
"4254",-20706.0424797556,"CAFI_P010",100
"4255",-6678.72092632164,"CAFI_P010",25
"4256",-14647.6103980662,"CAFI_P010",50
"4257",5260.84961295177,"CAFI_P010",100
"4258",10875.5773169414,"CAFI_P010",25
"4259",-3691.20242612611,"CAFI_P010",50
"4260",-15172.5940548723,"CAFI_P010",100
"4261",5850.33055677608,"CAFI_P010",25
"4262",707.748145976511,"CAFI_P010",50
"4263",-859.704258921207,"CAFI_P010",100
"4264",-6537.83651692444,"CAFI_P010",25
"4265",-8749.49996644389,"CAFI_P010",50
"4266",8914.18690656987,"CAFI_P010",100
"4267",-11691.5012941249,"CAFI_P010",25
"4268",-4796.36273480862,"CAFI_P010",50
"4269",-1663.80783464888,"CAFI_P010",100
"4270",5876.32410505571,"CAFI_P010",25
"4271",-2500.73982940437,"CAFI_P010",50
"4272",-12000.3056363283,"CAFI_P010",100
"4273",1743.05662912855,"CAFI_P010",25
"4274",-4561.31059704797,"CAFI_P010",50
"4275",-19980.2525526669,"CAFI_P010",100
"4276",3048.63921645583,"CAFI_P010",25
"4277",8851.94987663403,"CAFI_P010",50
"4278",2028.25558990665,"CAFI_P010",100
"4279",-1142.18072001179,"CAFI_P010",25
"4280",-4851.46982981171,"CAFI_P010",50
"4281",-13475.6186334498,"CAFI_P010",100
"4282",-2216.81389642946,"CAFI_P010",25
"4283",-19054.5688226257,"CAFI_P010",50
"4284",-7502.73471868999,"CAFI_P010",100
"4285",-10213.7265568072,"CAFI_P010",25
"4286",5175.96479764857,"CAFI_P010",50
"4287",-8714.84322527304,"CAFI_P010",100
"4288",-3086.58242454749,"CAFI_P010",25
"4289",-16038.7873473177,"CAFI_P010",50
"4290",2009.91443756211,"CAFI_P010",100
"4291",11612.5352549713,"CAFI_P010",25
"4292",-14028.0843402722,"CAFI_P010",50
"4293",-1117.57068483453,"CAFI_P010",100
"4294",-448.133651838842,"CAFI_P010",25
"4295",-1085.94940282204,"CAFI_P010",50
"4296",-10314.8661622528,"CAFI_P010",100
"4297",-12966.3680154198,"CAFI_P010",25
"4298",-8143.17900604612,"CAFI_P010",50
"4299",-3496.05077044485,"CAFI_P010",100
"4300",-15828.4717881542,"CAFI_P010",25
"4301",-5565.29472763475,"CAFI_P010",50
"4302",-15497.4523004598,"CAFI_P010",100
"4303",-9952.14443252204,"CAFI_P010",25
"4304",122.785519523721,"CAFI_P010",50
"4305",-14551.4637720746,"CAFI_P010",100
"4306",-1449.01035610776,"CAFI_P010",25
"4307",-4654.9691625174,"CAFI_P010",50
"4308",3235.18285985448,"CAFI_P010",100
"4309",2728.83508239218,"CAFI_P010",25
"4310",-18225.4293867608,"CAFI_P010",50
"4311",-9822.49733954415,"CAFI_P010",100
"4312",3120.65879384446,"CAFI_P010",25
"4313",-11231.8054344242,"CAFI_P010",50
"4314",-18324.1998096006,"CAFI_P010",100
"4315",-6717.46297725139,"CAFI_P010",25
"4316",-14625.015913603,"CAFI_P010",50
"4317",-21573.5685735151,"CAFI_P010",100
"4318",-3483.2888925361,"CAFI_P010",25
"4319",-4372.80695464599,"CAFI_P010",50
"4320",2981.22127431131,"CAFI_P010",100
"4321",-3518.29078826329,"CAFI_P010",25
"4322",6647.86983293956,"CAFI_P010",50
"4323",-8578.93768234373,"CAFI_P010",100
"4324",4456.59000102649,"CAFI_P010",25
"4325",-8190.84228892886,"CAFI_P010",50
"4326",-6947.62828955895,"CAFI_P010",100
"4327",789.397342692071,"CAFI_P010",25
"4328",-3370.90846675771,"CAFI_P010",50
"4329",-12366.4394602123,"CAFI_P010",100
"4330",2452.38440226592,"CAFI_P010",25
"4331",-3396.99452878398,"CAFI_P010",50
"4332",-9778.61133742196,"CAFI_P010",100
"4333",-2271.26003296254,"CAFI_P010",25
"4334",-501.521515699395,"CAFI_P010",50
"4335",-14750.1961020063,"CAFI_P010",100
"4336",3671.2079772962,"CAFI_P010",25
"4337",14555.4549667808,"CAFI_P010",50
"4338",-7607.64091420278,"CAFI_P010",100
"4339",-4924.85528623921,"CAFI_P010",25
"4340",2288.89106924794,"CAFI_P010",50
"4341",-460.282627371897,"CAFI_P010",100
"4342",-7575.36550093885,"CAFI_P010",25
"4343",-6827.58483704607,"CAFI_P010",50
"4344",-13477.2038565818,"CAFI_P010",100
"4345",3713.80015308061,"CAFI_P010",25
"4346",-5884.42633014166,"CAFI_P010",50
"4347",-3868.67888681687,"CAFI_P010",100
"4348",3390.14960185406,"CAFI_P010",25
"4349",-14858.8289949578,"CAFI_P010",50
"4350",-16113.9984491387,"CAFI_P010",100
"4351",-4477.07845683303,"CAFI_P010",25
"4352",4625.59836021511,"CAFI_P010",50
"4353",-13934.2147118348,"CAFI_P010",100
"4354",-3663.33859343387,"CAFI_P010",25
"4355",23962.6399527997,"CAFI_P010",50
"4356",-5885.96577970459,"CAFI_P010",100
"4357",5143.61818675837,"CAFI_P010",25
"4358",3044.23049589427,"CAFI_P010",50
"4359",256.7607722088,"CAFI_P010",100
"4360",-287.234979282715,"CAFI_P010",25
"4361",-381.993051437108,"CAFI_P010",50
"4362",-13235.6405192105,"CAFI_P010",100
"4363",-10204.3237258388,"CAFI_P010",25
"4364",-8020.36634946539,"CAFI_P010",50
"4365",-16370.5328409284,"CAFI_P010",100
"4366",-3924.47498932414,"CAFI_P010",25
"4367",12061.3205190043,"CAFI_P010",50
"4368",1555.79285774418,"CAFI_P010",100
"4369",-11600.5707872907,"CAFI_P010",25
"4370",-6759.4908441616,"CAFI_P010",50
"4371",-13057.5897747772,"CAFI_P010",100
"4372",-6859.34659259146,"CAFI_P010",25
"4373",-5579.11561858866,"CAFI_P010",50
"4374",-2595.92434804456,"CAFI_P010",100
"4375",-9411.06168377385,"CAFI_P010",25
"4376",13224.7874224969,"CAFI_P010",50
"4377",9867.02700776682,"CAFI_P010",100
"4378",-8280.08428397609,"CAFI_P010",25
"4379",2553.23161173213,"CAFI_P010",50
"4380",-12498.7754435024,"CAFI_P010",100
"4381",1800.75466613407,"CAFI_P010",25
"4382",-11568.5372066197,"CAFI_P010",50
"4383",-5817.75937230044,"CAFI_P010",100
"4384",3269.99052935079,"CAFI_P010",25
"4385",-1031.54781327621,"CAFI_P010",50
"4386",-14266.5591022508,"CAFI_P010",100
"4387",-14643.0268393481,"CAFI_P010",25
"4388",13709.8294951238,"CAFI_P010",50
"4389",-7775.18770317044,"CAFI_P010",100
"4390",-8285.37950363374,"CAFI_P010",25
"4391",-5479.72182227558,"CAFI_P010",50
"4392",-8878.33090309412,"CAFI_P010",100
"4393",4893.63488053691,"CAFI_P010",25
"4394",1286.44753814189,"CAFI_P010",50
"4395",5249.47267437496,"CAFI_P010",100
"4396",2896.8782009416,"CAFI_P010",25
"4397",-1252.16364677771,"CAFI_P010",50
"4398",-15515.1613631312,"CAFI_P010",100
"4399",-12318.4865827377,"CAFI_P010",25
"4400",-6177.80444107851,"CAFI_P010",50
"4401",-19437.0489444464,"CAFI_P010",100
"4402",-622.834466444008,"CAFI_P010",25
"4403",2246.82960192184,"CAFI_P010",50
"4404",-14298.222787407,"CAFI_P010",100
"4405",-12103.6327681162,"CAFI_P010",25
"4406",-9923.32547262954,"CAFI_P010",50
"4407",343.215408703167,"CAFI_P010",100
"4408",581.335838979314,"CAFI_P010",25
"4409",-247.815696570644,"CAFI_P010",50
"4410",-18251.3389679643,"CAFI_P010",100
"4411",-788.293784958747,"CAFI_P010",25
"4412",11729.9074549637,"CAFI_P010",50
"4413",-14353.9559448038,"CAFI_P010",100
"4414",-2144.68837915597,"CAFI_P010",25
"4415",-17632.9385310543,"CAFI_P010",50
"4416",-8795.48575978508,"CAFI_P010",100
"4417",-4583.53848358366,"CAFI_P010",25
"4418",-10218.6843997859,"CAFI_P010",50
"4419",-14801.8192781951,"CAFI_P010",100
"4420",-5599.79570273359,"CAFI_P010",25
"4421",-5703.71624815627,"CAFI_P010",50
"4422",-1961.34392627934,"CAFI_P010",100
"4423",-2158.03862879332,"CAFI_P010",25
"4424",-16165.7806513424,"CAFI_P010",50
"4425",-23374.77398288,"CAFI_P010",100
"4426",-3347.58536098589,"CAFI_P010",25
"4427",-6397.20308328595,"CAFI_P010",50
"4428",-9445.83731810687,"CAFI_P010",100
"4429",1387.6392448066,"CAFI_P010",25
"4430",-13062.115039642,"CAFI_P010",50
"4431",-17820.4644983532,"CAFI_P010",100
"4432",-6419.32661871967,"CAFI_P010",25
"4433",-3346.40978215972,"CAFI_P010",50
"4434",-12912.6425374258,"CAFI_P010",100
"4435",626.991341675748,"CAFI_P010",25
"4436",-5696.95095524364,"CAFI_P010",50
"4437",-909.257475098188,"CAFI_P010",100
"4438",-8842.09731318816,"CAFI_P010",25
"4439",-16146.5218612109,"CAFI_P010",50
"4440",-8888.5749299509,"CAFI_P010",100
"4441",286.32186395544,"CAFI_P010",25
"4442",-14673.7000038282,"CAFI_P010",50
"4443",3515.87969219015,"CAFI_P010",100
"4444",-2891.15871827534,"CAFI_P010",25
"4445",-17666.959886719,"CAFI_P010",50
"4446",-10222.3993203255,"CAFI_P010",100
"4447",1126.78199256159,"CAFI_P010",25
"4448",-21200.4797398333,"CAFI_P010",50
"4449",-3428.96849977298,"CAFI_P010",100
"4450",-548.617384551762,"CAFI_P010",25
"4451",-4941.43739146163,"CAFI_P010",50
"4452",-10717.1071318337,"CAFI_P010",100
"4453",93.758038567059,"CAFI_P010",25
"4454",-7382.65250163115,"CAFI_P010",50
"4455",-4084.26275385442,"CAFI_P010",100
"4456",78.6045298344106,"CAFI_P010",25
"4457",-7394.35630418672,"CAFI_P010",50
"4458",-13584.9019082418,"CAFI_P010",100
"4459",-7103.65132859081,"CAFI_P010",25
"4460",-12656.324577919,"CAFI_P010",50
"4461",-9380.19232436261,"CAFI_P010",100
"4462",4891.58452526559,"CAFI_P010",25
"4463",-3252.81059821125,"CAFI_P010",50
"4464",-14095.6766884824,"CAFI_P010",100
"4465",5849.84604853461,"CAFI_P010",25
"4466",486.875001757784,"CAFI_P010",50
"4467",-8898.87118732685,"CAFI_P010",100
"4468",3688.06131448649,"CAFI_P010",25
"4469",-1512.83889323947,"CAFI_P010",50
"4470",14231.755890667,"CAFI_P010",100
"4471",-7093.61571295027,"CAFI_P010",25
"4472",9713.0937755116,"CAFI_P010",50
"4473",-4780.18299890196,"CAFI_P010",100
"4474",-4469.25247506899,"CAFI_P010",25
"4475",-3465.59587491982,"CAFI_P010",50
"4476",-17341.5016388169,"CAFI_P010",100
"4477",2607.98014015102,"CAFI_P010",25
"4478",-3695.21571097194,"CAFI_P010",50
"4479",-14194.6902278096,"CAFI_P010",100
"4480",9935.92098571081,"CAFI_P010",25
"4481",-3836.074756202,"CAFI_P010",50
"4482",-6385.76605440609,"CAFI_P010",100
"4483",-11749.5724313554,"CAFI_P010",25
"4484",-4413.63571877973,"CAFI_P010",50
"4485",-24460.2450989981,"CAFI_P010",100
"4486",5834.18127524352,"CAFI_P010",25
"4487",-10362.77763352,"CAFI_P010",50
"4488",2181.48653556663,"CAFI_P010",100
"4489",-3817.51483555767,"CAFI_P010",25
"4490",2179.26890956439,"CAFI_P010",50
"4491",-3172.74029126973,"CAFI_P010",100
"4492",2085.32457484535,"CAFI_P010",25
"4493",8897.10303622624,"CAFI_P010",50
"4494",-5087.00289933389,"CAFI_P010",100
"4495",-8680.37293072493,"CAFI_P010",25
"4496",-4044.47754724105,"CAFI_P010",50
"4497",-22401.3534327818,"CAFI_P010",100
"4498",1063.49540872112,"CAFI_P010",25
"4499",-9573.52392987855,"CAFI_P010",50
"4500",-5922.98598189745,"CAFI_P010",100
"4501",9455.38928123697,"CAFI_P011",25
"4502",16369.7767087911,"CAFI_P011",50
"4503",94235.3330158183,"CAFI_P011",100
"4504",2941.14675905602,"CAFI_P011",25
"4505",21530.8839481768,"CAFI_P011",50
"4506",63226.8902838731,"CAFI_P011",100
"4507",13235.0409266011,"CAFI_P011",25
"4508",37203.9638225312,"CAFI_P011",50
"4509",74935.7500191109,"CAFI_P011",100
"4510",27014.3692656482,"CAFI_P011",25
"4511",32190.4791961436,"CAFI_P011",50
"4512",84968.4288852922,"CAFI_P011",100
"4513",19099.4263199308,"CAFI_P011",25
"4514",40109.3342895412,"CAFI_P011",50
"4515",28747.5155339579,"CAFI_P011",100
"4516",30378.7420854122,"CAFI_P011",25
"4517",62183.5573742904,"CAFI_P011",50
"4518",66510.8013042393,"CAFI_P011",100
"4519",38363.295157684,"CAFI_P011",25
"4520",54061.8762381842,"CAFI_P011",50
"4521",96446.4061903537,"CAFI_P011",100
"4522",-2379.82328670385,"CAFI_P011",25
"4523",27429.5649596183,"CAFI_P011",50
"4524",92526.7494070689,"CAFI_P011",100
"4525",8826.49043307052,"CAFI_P011",25
"4526",22553.1621812843,"CAFI_P011",50
"4527",81064.6722986579,"CAFI_P011",100
"4528",41100.8552012263,"CAFI_P011",25
"4529",10646.6365711835,"CAFI_P011",50
"4530",86879.6558677272,"CAFI_P011",100
"4531",33765.2784104979,"CAFI_P011",25
"4532",38621.1823687042,"CAFI_P011",50
"4533",91252.5842436068,"CAFI_P011",100
"4534",3873.78330387943,"CAFI_P011",25
"4535",28613.6568055538,"CAFI_P011",50
"4536",78582.2272800896,"CAFI_P011",100
"4537",17558.2079350002,"CAFI_P011",25
"4538",34678.3949815935,"CAFI_P011",50
"4539",75249.6188241419,"CAFI_P011",100
"4540",24468.6946866113,"CAFI_P011",25
"4541",63413.4795735981,"CAFI_P011",50
"4542",47785.8201901309,"CAFI_P011",100
"4543",11895.6878629686,"CAFI_P011",25
"4544",26978.3033972789,"CAFI_P011",50
"4545",67054.5918239745,"CAFI_P011",100
"4546",17917.1708957022,"CAFI_P011",25
"4547",5388.10379140457,"CAFI_P011",50
"4548",110908.143875898,"CAFI_P011",100
"4549",9344.95048514887,"CAFI_P011",25
"4550",54675.2517106625,"CAFI_P011",50
"4551",97903.7753538162,"CAFI_P011",100
"4552",30446.7371424788,"CAFI_P011",25
"4553",30743.4239191872,"CAFI_P011",50
"4554",125220.865392915,"CAFI_P011",100
"4555",14935.2669868613,"CAFI_P011",25
"4556",63139.0314340661,"CAFI_P011",50
"4557",99067.8127882584,"CAFI_P011",100
"4558",26998.8247745761,"CAFI_P011",25
"4559",55485.3591754834,"CAFI_P011",50
"4560",53333.0331870557,"CAFI_P011",100
"4561",1581.62968505273,"CAFI_P011",25
"4562",54614.267753285,"CAFI_P011",50
"4563",117973.357664576,"CAFI_P011",100
"4564",21876.466476165,"CAFI_P011",25
"4565",44550.4791097213,"CAFI_P011",50
"4566",95311.7073360333,"CAFI_P011",100
"4567",22765.895270862,"CAFI_P011",25
"4568",38787.0867472593,"CAFI_P011",50
"4569",46318.0825636124,"CAFI_P011",100
"4570",17058.3034141958,"CAFI_P011",25
"4571",21600.2560486271,"CAFI_P011",50
"4572",73772.4560361605,"CAFI_P011",100
"4573",8279.99076469435,"CAFI_P011",25
"4574",61924.1546238379,"CAFI_P011",50
"4575",55200.6706272905,"CAFI_P011",100
"4576",409.621553376608,"CAFI_P011",25
"4577",26415.6318232846,"CAFI_P011",50
"4578",69236.0702182328,"CAFI_P011",100
"4579",21212.6679236869,"CAFI_P011",25
"4580",50914.7700512691,"CAFI_P011",50
"4581",94745.8937073316,"CAFI_P011",100
"4582",16238.1034737492,"CAFI_P011",25
"4583",78121.4147758057,"CAFI_P011",50
"4584",77130.9871779024,"CAFI_P011",100
"4585",15820.3663670103,"CAFI_P011",25
"4586",45032.7853551137,"CAFI_P011",50
"4587",68832.457805505,"CAFI_P011",100
"4588",23876.2523292961,"CAFI_P011",25
"4589",35238.6974382785,"CAFI_P011",50
"4590",77912.696778625,"CAFI_P011",100
"4591",20218.7460897655,"CAFI_P011",25
"4592",36205.5012126144,"CAFI_P011",50
"4593",61718.1309206344,"CAFI_P011",100
"4594",40686.0260659003,"CAFI_P011",25
"4595",19514.2311046229,"CAFI_P011",50
"4596",70015.3723062947,"CAFI_P011",100
"4597",1493.55842201662,"CAFI_P011",25
"4598",30488.7725045491,"CAFI_P011",50
"4599",95725.4098116957,"CAFI_P011",100
"4600",12030.486828965,"CAFI_P011",25
"4601",54733.9532027589,"CAFI_P011",50
"4602",56779.2572738896,"CAFI_P011",100
"4603",31114.688099397,"CAFI_P011",25
"4604",48282.3759931345,"CAFI_P011",50
"4605",87148.265911949,"CAFI_P011",100
"4606",3317.41408354929,"CAFI_P011",25
"4607",30630.344916446,"CAFI_P011",50
"4608",50158.2623874838,"CAFI_P011",100
"4609",3590.77183877717,"CAFI_P011",25
"4610",39401.8477697892,"CAFI_P011",50
"4611",81937.158577258,"CAFI_P011",100
"4612",5132.30296773964,"CAFI_P011",25
"4613",41738.3069768915,"CAFI_P011",50
"4614",66470.5162867336,"CAFI_P011",100
"4615",15791.6851990312,"CAFI_P011",25
"4616",54210.7341285895,"CAFI_P011",50
"4617",82619.8716482146,"CAFI_P011",100
"4618",12714.2516702567,"CAFI_P011",25
"4619",47872.1584678221,"CAFI_P011",50
"4620",129046.666500854,"CAFI_P011",100
"4621",32102.9135723569,"CAFI_P011",25
"4622",18989.8132066334,"CAFI_P011",50
"4623",96296.1305523734,"CAFI_P011",100
"4624",29017.537086919,"CAFI_P011",25
"4625",46101.0368808445,"CAFI_P011",50
"4626",69067.7251732227,"CAFI_P011",100
"4627",23059.8436434928,"CAFI_P011",25
"4628",53303.0747367614,"CAFI_P011",50
"4629",111821.912613623,"CAFI_P011",100
"4630",12266.0154727624,"CAFI_P011",25
"4631",34690.8816201664,"CAFI_P011",50
"4632",83657.4542852819,"CAFI_P011",100
"4633",7161.44291850249,"CAFI_P011",25
"4634",46809.9759497269,"CAFI_P011",50
"4635",79781.8667568508,"CAFI_P011",100
"4636",34031.1173446045,"CAFI_P011",25
"4637",65461.636720755,"CAFI_P011",50
"4638",70892.4108534934,"CAFI_P011",100
"4639",25689.9066719272,"CAFI_P011",25
"4640",46949.0935747104,"CAFI_P011",50
"4641",70098.9384642204,"CAFI_P011",100
"4642",455.987806634221,"CAFI_P011",25
"4643",42249.2665952476,"CAFI_P011",50
"4644",76355.3298465021,"CAFI_P011",100
"4645",-69.4278053361923,"CAFI_P011",25
"4646",40031.9176637161,"CAFI_P011",50
"4647",114417.829548988,"CAFI_P011",100
"4648",25495.4578986909,"CAFI_P011",25
"4649",35569.4184888723,"CAFI_P011",50
"4650",96134.4084609314,"CAFI_P011",100
"4651",30231.1972980752,"CAFI_P011",25
"4652",11933.1000066807,"CAFI_P011",50
"4653",62022.37489969,"CAFI_P011",100
"4654",7330.76765831024,"CAFI_P011",25
"4655",42082.4639006571,"CAFI_P011",50
"4656",83035.8961117415,"CAFI_P011",100
"4657",10835.9056085665,"CAFI_P011",25
"4658",52649.9220649317,"CAFI_P011",50
"4659",87068.6130373853,"CAFI_P011",100
"4660",22045.53885443,"CAFI_P011",25
"4661",59562.9858277146,"CAFI_P011",50
"4662",80249.1388325571,"CAFI_P011",100
"4663",14228.2331391578,"CAFI_P011",25
"4664",27676.2053052575,"CAFI_P011",50
"4665",101141.244370099,"CAFI_P011",100
"4666",25966.401067737,"CAFI_P011",25
"4667",27411.5462367747,"CAFI_P011",50
"4668",89959.5876109918,"CAFI_P011",100
"4669",13683.7201103427,"CAFI_P011",25
"4670",30492.7707184716,"CAFI_P011",50
"4671",74148.4996972549,"CAFI_P011",100
"4672",6346.29540171172,"CAFI_P011",25
"4673",63655.4656959205,"CAFI_P011",50
"4674",96658.436628823,"CAFI_P011",100
"4675",23630.0878794539,"CAFI_P011",25
"4676",47653.2647714032,"CAFI_P011",50
"4677",110764.147667711,"CAFI_P011",100
"4678",13235.6515135324,"CAFI_P011",25
"4679",89296.2525753452,"CAFI_P011",50
"4680",75305.0799428196,"CAFI_P011",100
"4681",21134.8474153291,"CAFI_P011",25
"4682",29431.5252551046,"CAFI_P011",50
"4683",39950.0406298335,"CAFI_P011",100
"4684",-8915.21775411535,"CAFI_P011",25
"4685",43357.4997176522,"CAFI_P011",50
"4686",40068.2393541618,"CAFI_P011",100
"4687",16053.7041812926,"CAFI_P011",25
"4688",33735.8407562637,"CAFI_P011",50
"4689",118682.176740859,"CAFI_P011",100
"4690",21384.0384083048,"CAFI_P011",25
"4691",43066.0525424653,"CAFI_P011",50
"4692",87351.0024553101,"CAFI_P011",100
"4693",11704.3233030347,"CAFI_P011",25
"4694",53302.1593051635,"CAFI_P011",50
"4695",101833.23333634,"CAFI_P011",100
"4696",27110.8497016911,"CAFI_P011",25
"4697",48694.733717653,"CAFI_P011",50
"4698",80444.6595918511,"CAFI_P011",100
"4699",32896.0508842308,"CAFI_P011",25
"4700",16668.7461021961,"CAFI_P011",50
"4701",64496.8370950634,"CAFI_P011",100
"4702",19981.665614852,"CAFI_P011",25
"4703",46130.4395385491,"CAFI_P011",50
"4704",111972.823548711,"CAFI_P011",100
"4705",16523.0749249963,"CAFI_P011",25
"4706",48040.6495271479,"CAFI_P011",50
"4707",59440.7026646303,"CAFI_P011",100
"4708",-5361.90458490566,"CAFI_P011",25
"4709",28294.8783134996,"CAFI_P011",50
"4710",57866.7396711761,"CAFI_P011",100
"4711",29840.9739575342,"CAFI_P011",25
"4712",53810.2589548221,"CAFI_P011",50
"4713",108148.194327489,"CAFI_P011",100
"4714",15129.9731001946,"CAFI_P011",25
"4715",54373.5321168163,"CAFI_P011",50
"4716",96899.0705745769,"CAFI_P011",100
"4717",32860.0476706467,"CAFI_P011",25
"4718",39265.568160665,"CAFI_P011",50
"4719",73918.4371462245,"CAFI_P011",100
"4720",20332.0947841192,"CAFI_P011",25
"4721",57074.353004018,"CAFI_P011",50
"4722",66621.6049768597,"CAFI_P011",100
"4723",33550.6895150972,"CAFI_P011",25
"4724",41976.2996669826,"CAFI_P011",50
"4725",103725.59235699,"CAFI_P011",100
"4726",32044.4083672343,"CAFI_P011",25
"4727",27856.6546766344,"CAFI_P011",50
"4728",73527.1870473701,"CAFI_P011",100
"4729",19089.6904011073,"CAFI_P011",25
"4730",40280.0158496318,"CAFI_P011",50
"4731",100580.190048481,"CAFI_P011",100
"4732",15861.1714294526,"CAFI_P011",25
"4733",50074.8031091722,"CAFI_P011",50
"4734",89293.7126040959,"CAFI_P011",100
"4735",12739.4746392641,"CAFI_P011",25
"4736",45258.1926602828,"CAFI_P011",50
"4737",87874.6377702237,"CAFI_P011",100
"4738",1649.7202499308,"CAFI_P011",25
"4739",38109.3305707012,"CAFI_P011",50
"4740",77777.6375669481,"CAFI_P011",100
"4741",14511.7214624017,"CAFI_P011",25
"4742",62889.516990161,"CAFI_P011",50
"4743",55919.1122425785,"CAFI_P011",100
"4744",20516.521949759,"CAFI_P011",25
"4745",39233.9669851275,"CAFI_P011",50
"4746",85257.900018144,"CAFI_P011",100
"4747",27402.6440220238,"CAFI_P011",25
"4748",31321.3739542225,"CAFI_P011",50
"4749",62070.0200011292,"CAFI_P011",100
"4750",32722.2010588238,"CAFI_P011",25
"4751",61535.6046879704,"CAFI_P011",50
"4752",64595.8501793525,"CAFI_P011",100
"4753",6371.86663623172,"CAFI_P011",25
"4754",45165.8083528649,"CAFI_P011",50
"4755",101404.566475618,"CAFI_P011",100
"4756",17565.8629563574,"CAFI_P011",25
"4757",29551.7954407503,"CAFI_P011",50
"4758",79130.0606068365,"CAFI_P011",100
"4759",3072.21696488635,"CAFI_P011",25
"4760",26595.1703786287,"CAFI_P011",50
"4761",112266.634835213,"CAFI_P011",100
"4762",27840.2783580818,"CAFI_P011",25
"4763",18118.1021719165,"CAFI_P011",50
"4764",28634.4996791286,"CAFI_P011",100
"4765",30757.8178182485,"CAFI_P011",25
"4766",64318.3405702764,"CAFI_P011",50
"4767",86259.4859552324,"CAFI_P011",100
"4768",8208.00708575081,"CAFI_P011",25
"4769",-7938.60836123937,"CAFI_P011",50
"4770",50712.2809192222,"CAFI_P011",100
"4771",23807.4824449154,"CAFI_P011",25
"4772",69338.6873089659,"CAFI_P011",50
"4773",88279.9160438142,"CAFI_P011",100
"4774",17577.2052428269,"CAFI_P011",25
"4775",28812.1921312786,"CAFI_P011",50
"4776",67484.3095302927,"CAFI_P011",100
"4777",11673.1969050748,"CAFI_P011",25
"4778",68530.7417918061,"CAFI_P011",50
"4779",82824.9187311627,"CAFI_P011",100
"4780",20818.9896117781,"CAFI_P011",25
"4781",45490.9681750471,"CAFI_P011",50
"4782",68110.1069443963,"CAFI_P011",100
"4783",29968.4253356653,"CAFI_P011",25
"4784",12247.6621430434,"CAFI_P011",50
"4785",98997.0068938546,"CAFI_P011",100
"4786",14208.8445235402,"CAFI_P011",25
"4787",44648.3309967828,"CAFI_P011",50
"4788",50709.0442301221,"CAFI_P011",100
"4789",26437.1206206565,"CAFI_P011",25
"4790",47990.5589666764,"CAFI_P011",50
"4791",97941.7310059677,"CAFI_P011",100
"4792",17426.7708509223,"CAFI_P011",25
"4793",54080.1044265994,"CAFI_P011",50
"4794",95573.5061830619,"CAFI_P011",100
"4795",15803.7554104994,"CAFI_P011",25
"4796",41626.4694672562,"CAFI_P011",50
"4797",77535.6882165266,"CAFI_P011",100
"4798",-3878.39699411602,"CAFI_P011",25
"4799",40851.8350713721,"CAFI_P011",50
"4800",92161.6272918776,"CAFI_P011",100
"4801",-6005.53788565175,"CAFI_P012",25
"4802",41861.8255869181,"CAFI_P012",50
"4803",199755.843889275,"CAFI_P012",100
"4804",33649.0990381975,"CAFI_P012",25
"4805",-36177.2000625602,"CAFI_P012",50
"4806",-3623.20365912444,"CAFI_P012",100
"4807",-10112.5543214001,"CAFI_P012",25
"4808",49074.4333372829,"CAFI_P012",50
"4809",22708.2870296027,"CAFI_P012",100
"4810",-20721.0362796591,"CAFI_P012",25
"4811",112198.583269277,"CAFI_P012",50
"4812",130279.009596973,"CAFI_P012",100
"4813",28289.8836727111,"CAFI_P012",25
"4814",-14421.2971582687,"CAFI_P012",50
"4815",143456.781306351,"CAFI_P012",100
"4816",81336.4154514635,"CAFI_P012",25
"4817",-21683.3674427206,"CAFI_P012",50
"4818",163286.424586732,"CAFI_P012",100
"4819",-41379.9440552249,"CAFI_P012",25
"4820",105247.20785948,"CAFI_P012",50
"4821",29803.433622192,"CAFI_P012",100
"4822",-78.2682289975346,"CAFI_P012",25
"4823",71432.0410250578,"CAFI_P012",50
"4824",33536.0951663522,"CAFI_P012",100
"4825",-24112.5084025299,"CAFI_P012",25
"4826",33058.6620829721,"CAFI_P012",50
"4827",151200.058822319,"CAFI_P012",100
"4828",122300.954792971,"CAFI_P012",25
"4829",-7575.49977437075,"CAFI_P012",50
"4830",227851.974273636,"CAFI_P012",100
"4831",22220.9105953861,"CAFI_P012",25
"4832",8389.95694001386,"CAFI_P012",50
"4833",62420.7062177645,"CAFI_P012",100
"4834",11965.6258459403,"CAFI_P012",25
"4835",143272.718274211,"CAFI_P012",50
"4836",48712.3929699215,"CAFI_P012",100
"4837",-15459.0554868171,"CAFI_P012",25
"4838",100083.462834426,"CAFI_P012",50
"4839",2153.44551385945,"CAFI_P012",100
"4840",-2574.73330518167,"CAFI_P012",25
"4841",9476.56397455145,"CAFI_P012",50
"4842",210153.872731961,"CAFI_P012",100
"4843",23664.3982337231,"CAFI_P012",25
"4844",32685.6739687239,"CAFI_P012",50
"4845",112063.339549663,"CAFI_P012",100
"4846",21827.0955516893,"CAFI_P012",25
"4847",-4414.74879419943,"CAFI_P012",50
"4848",144251.201946301,"CAFI_P012",100
"4849",8456.66505878553,"CAFI_P012",25
"4850",177202.200619533,"CAFI_P012",50
"4851",256403.450472563,"CAFI_P012",100
"4852",13272.4341947114,"CAFI_P012",25
"4853",1362.53990479995,"CAFI_P012",50
"4854",92310.3348880166,"CAFI_P012",100
"4855",-11807.6305538004,"CAFI_P012",25
"4856",12133.6647507317,"CAFI_P012",50
"4857",31250.0761561287,"CAFI_P012",100
"4858",-42192.8356194789,"CAFI_P012",25
"4859",71780.2035505806,"CAFI_P012",50
"4860",7396.23924962076,"CAFI_P012",100
"4861",21230.4698995139,"CAFI_P012",25
"4862",90378.5052896521,"CAFI_P012",50
"4863",302786.641723236,"CAFI_P012",100
"4864",25783.5592286798,"CAFI_P012",25
"4865",44332.4908712775,"CAFI_P012",50
"4866",500.563856133027,"CAFI_P012",100
"4867",46155.4023774324,"CAFI_P012",25
"4868",164055.34392736,"CAFI_P012",50
"4869",153520.155804885,"CAFI_P012",100
"4870",-31690.0372954413,"CAFI_P012",25
"4871",83219.140309016,"CAFI_P012",50
"4872",54666.3555585394,"CAFI_P012",100
"4873",-33834.5556850554,"CAFI_P012",25
"4874",43983.1655858948,"CAFI_P012",50
"4875",117055.408012244,"CAFI_P012",100
"4876",-705.079798462277,"CAFI_P012",25
"4877",45187.3463951696,"CAFI_P012",50
"4878",103267.389498982,"CAFI_P012",100
"4879",-9603.03878940298,"CAFI_P012",25
"4880",140938.889760066,"CAFI_P012",50
"4881",177809.060160678,"CAFI_P012",100
"4882",-38173.8899663767,"CAFI_P012",25
"4883",41253.6000465567,"CAFI_P012",50
"4884",64064.1897828368,"CAFI_P012",100
"4885",23351.7591071625,"CAFI_P012",25
"4886",-18049.8283618281,"CAFI_P012",50
"4887",42269.7990465994,"CAFI_P012",100
"4888",3856.98321093334,"CAFI_P012",25
"4889",-30091.0771863544,"CAFI_P012",50
"4890",8756.15294399153,"CAFI_P012",100
"4891",21800.7602801605,"CAFI_P012",25
"4892",12334.5615673033,"CAFI_P012",50
"4893",26488.3620845625,"CAFI_P012",100
"4894",-19204.6753493997,"CAFI_P012",25
"4895",-37061.3638309263,"CAFI_P012",50
"4896",116367.762422013,"CAFI_P012",100
"4897",50463.1130144027,"CAFI_P012",25
"4898",-872.780517776322,"CAFI_P012",50
"4899",148916.385260446,"CAFI_P012",100
"4900",40189.6288911075,"CAFI_P012",25
"4901",110756.997227158,"CAFI_P012",50
"4902",3393.78624796408,"CAFI_P012",100
"4903",-16678.0214082145,"CAFI_P012",25
"4904",45363.406133041,"CAFI_P012",50
"4905",69686.0360191062,"CAFI_P012",100
"4906",20442.6507044316,"CAFI_P012",25
"4907",94038.9664488871,"CAFI_P012",50
"4908",20653.8632451589,"CAFI_P012",100
"4909",5779.68911690812,"CAFI_P012",25
"4910",29727.1133631463,"CAFI_P012",50
"4911",251574.561273948,"CAFI_P012",100
"4912",60117.148428507,"CAFI_P012",25
"4913",66486.7337386757,"CAFI_P012",50
"4914",239618.137154292,"CAFI_P012",100
"4915",59380.7615278843,"CAFI_P012",25
"4916",75076.8144195792,"CAFI_P012",50
"4917",106866.319506484,"CAFI_P012",100
"4918",39725.8089132412,"CAFI_P012",25
"4919",123362.708263843,"CAFI_P012",50
"4920",96562.0289024128,"CAFI_P012",100
"4921",60386.0196799678,"CAFI_P012",25
"4922",7787.35713662306,"CAFI_P012",50
"4923",33586.3580163278,"CAFI_P012",100
"4924",107597.038992562,"CAFI_P012",25
"4925",52459.5841625489,"CAFI_P012",50
"4926",39588.3275631036,"CAFI_P012",100
"4927",1285.45763421652,"CAFI_P012",25
"4928",83008.8507313305,"CAFI_P012",50
"4929",127743.373848865,"CAFI_P012",100
"4930",-5382.28464904602,"CAFI_P012",25
"4931",44582.7082413935,"CAFI_P012",50
"4932",176673.377135919,"CAFI_P012",100
"4933",25115.1514517608,"CAFI_P012",25
"4934",37604.4041306817,"CAFI_P012",50
"4935",59085.4332302067,"CAFI_P012",100
"4936",49561.8254189666,"CAFI_P012",25
"4937",78211.4160638193,"CAFI_P012",50
"4938",16122.5332153813,"CAFI_P012",100
"4939",31738.3445423582,"CAFI_P012",25
"4940",27475.1113839175,"CAFI_P012",50
"4941",133024.686449691,"CAFI_P012",100
"4942",22420.8303667585,"CAFI_P012",25
"4943",-4350.85570343793,"CAFI_P012",50
"4944",62823.4174673908,"CAFI_P012",100
"4945",9829.52209981269,"CAFI_P012",25
"4946",117256.459261904,"CAFI_P012",50
"4947",-30509.4231594518,"CAFI_P012",100
"4948",-14090.5282601052,"CAFI_P012",25
"4949",28527.3767294931,"CAFI_P012",50
"4950",49359.6417342398,"CAFI_P012",100
"4951",67913.2529724078,"CAFI_P012",25
"4952",142096.317836593,"CAFI_P012",50
"4953",118472.094822965,"CAFI_P012",100
"4954",47840.4704437929,"CAFI_P012",25
"4955",99483.2387166132,"CAFI_P012",50
"4956",165053.533102678,"CAFI_P012",100
"4957",51356.1770193756,"CAFI_P012",25
"4958",12394.4409855847,"CAFI_P012",50
"4959",23103.6810684922,"CAFI_P012",100
"4960",-42022.6273700332,"CAFI_P012",25
"4961",58422.817148588,"CAFI_P012",50
"4962",94178.3903545979,"CAFI_P012",100
"4963",42727.8518739368,"CAFI_P012",25
"4964",29514.65435027,"CAFI_P012",50
"4965",33316.7299831962,"CAFI_P012",100
"4966",15064.7683155805,"CAFI_P012",25
"4967",29533.5065297993,"CAFI_P012",50
"4968",134807.987806926,"CAFI_P012",100
"4969",-15758.8181029016,"CAFI_P012",25
"4970",3583.51713953447,"CAFI_P012",50
"4971",81583.1670652133,"CAFI_P012",100
"4972",35528.36255971,"CAFI_P012",25
"4973",8493.24565200595,"CAFI_P012",50
"4974",82073.1017056942,"CAFI_P012",100
"4975",-5873.23021827673,"CAFI_P012",25
"4976",64406.1563092726,"CAFI_P012",50
"4977",29326.8986478308,"CAFI_P012",100
"4978",90952.5160588925,"CAFI_P012",25
"4979",210994.105144561,"CAFI_P012",50
"4980",19862.232099462,"CAFI_P012",100
"4981",731.830328137206,"CAFI_P012",25
"4982",103967.265803876,"CAFI_P012",50
"4983",22296.9691036202,"CAFI_P012",100
"4984",89161.4777386768,"CAFI_P012",25
"4985",100314.657538693,"CAFI_P012",50
"4986",105946.76342325,"CAFI_P012",100
"4987",3694.97004460823,"CAFI_P012",25
"4988",114630.162795146,"CAFI_P012",50
"4989",26741.1533992073,"CAFI_P012",100
"4990",5771.53276280011,"CAFI_P012",25
"4991",69971.7505401625,"CAFI_P012",50
"4992",69322.7900292787,"CAFI_P012",100
"4993",39014.2170132737,"CAFI_P012",25
"4994",187911.801103728,"CAFI_P012",50
"4995",301883.760945655,"CAFI_P012",100
"4996",-18380.2648675925,"CAFI_P012",25
"4997",32918.0947814596,"CAFI_P012",50
"4998",-3075.31893785996,"CAFI_P012",100
"4999",20705.2845017122,"CAFI_P012",25
"5000",33630.2177686646,"CAFI_P012",50
"5001",114688.622614642,"CAFI_P012",100
"5002",123450.643772805,"CAFI_P012",25
"5003",91094.8138355079,"CAFI_P012",50
"5004",48404.9820346987,"CAFI_P012",100
"5005",77635.4238055638,"CAFI_P012",25
"5006",102783.598874574,"CAFI_P012",50
"5007",-5888.68778529571,"CAFI_P012",100
"5008",88540.3880053952,"CAFI_P012",25
"5009",16303.0181641699,"CAFI_P012",50
"5010",43593.1322443036,"CAFI_P012",100
"5011",-23400.1022664512,"CAFI_P012",25
"5012",-9280.8304961815,"CAFI_P012",50
"5013",138546.455768775,"CAFI_P012",100
"5014",-36383.1628838439,"CAFI_P012",25
"5015",81095.7640587509,"CAFI_P012",50
"5016",67174.9289550366,"CAFI_P012",100
"5017",74334.3073575263,"CAFI_P012",25
"5018",29660.9671898119,"CAFI_P012",50
"5019",5597.57710430428,"CAFI_P012",100
"5020",-7215.75595532061,"CAFI_P012",25
"5021",6733.48300905846,"CAFI_P012",50
"5022",-18938.5578372765,"CAFI_P012",100
"5023",-5197.64276532881,"CAFI_P012",25
"5024",26864.8160451324,"CAFI_P012",50
"5025",142717.711585702,"CAFI_P012",100
"5026",60758.134677212,"CAFI_P012",25
"5027",68504.8684719712,"CAFI_P012",50
"5028",206012.455696864,"CAFI_P012",100
"5029",-8236.14866518625,"CAFI_P012",25
"5030",66997.4931317043,"CAFI_P012",50
"5031",20994.7839040855,"CAFI_P012",100
"5032",-26605.1322299601,"CAFI_P012",25
"5033",-3939.46534363291,"CAFI_P012",50
"5034",54931.3413022186,"CAFI_P012",100
"5035",-7055.06026830419,"CAFI_P012",25
"5036",42931.4717424694,"CAFI_P012",50
"5037",107391.388354597,"CAFI_P012",100
"5038",64044.8721177526,"CAFI_P012",25
"5039",27992.0679459576,"CAFI_P012",50
"5040",31140.0664252673,"CAFI_P012",100
"5041",-12373.4749557276,"CAFI_P012",25
"5042",13179.7932251759,"CAFI_P012",50
"5043",74602.5776815878,"CAFI_P012",100
"5044",35092.8612218715,"CAFI_P012",25
"5045",11898.1494343151,"CAFI_P012",50
"5046",-9517.25633831904,"CAFI_P012",100
"5047",10963.2958889937,"CAFI_P012",25
"5048",87319.8852411588,"CAFI_P012",50
"5049",117616.750775981,"CAFI_P012",100
"5050",23316.9107267431,"CAFI_P012",25
"5051",22009.8542251683,"CAFI_P012",50
"5052",57035.3090374192,"CAFI_P012",100
"5053",41955.7805896651,"CAFI_P012",25
"5054",5498.65191523387,"CAFI_P012",50
"5055",-32613.2693505589,"CAFI_P012",100
"5056",-11305.5538124153,"CAFI_P012",25
"5057",-48436.387303663,"CAFI_P012",50
"5058",1721.7463035314,"CAFI_P012",100
"5059",-11727.3751772013,"CAFI_P012",25
"5060",61917.5102266316,"CAFI_P012",50
"5061",29705.4692410578,"CAFI_P012",100
"5062",-17947.3834851162,"CAFI_P012",25
"5063",17282.1138603818,"CAFI_P012",50
"5064",213731.777669887,"CAFI_P012",100
"5065",-19138.4604480935,"CAFI_P012",25
"5066",-58416.1376338985,"CAFI_P012",50
"5067",49253.2942926421,"CAFI_P012",100
"5068",32688.6487852717,"CAFI_P012",25
"5069",-49070.2092249612,"CAFI_P012",50
"5070",109191.308939992,"CAFI_P012",100
"5071",-1236.53622087964,"CAFI_P012",25
"5072",-43194.9258905499,"CAFI_P012",50
"5073",179261.73684615,"CAFI_P012",100
"5074",-44942.5498517645,"CAFI_P012",25
"5075",61610.5610877448,"CAFI_P012",50
"5076",111746.260110062,"CAFI_P012",100
"5077",1194.67779441935,"CAFI_P012",25
"5078",173091.994684434,"CAFI_P012",50
"5079",205414.178289235,"CAFI_P012",100
"5080",5600.23464105465,"CAFI_P012",25
"5081",1604.82842045347,"CAFI_P012",50
"5082",-52227.6790329252,"CAFI_P012",100
"5083",26869.0702073704,"CAFI_P012",25
"5084",-9155.97669282038,"CAFI_P012",50
"5085",136102.35121554,"CAFI_P012",100
"5086",-18175.0904658966,"CAFI_P012",25
"5087",96533.9063468116,"CAFI_P012",50
"5088",179629.430075074,"CAFI_P012",100
"5089",44472.3872741799,"CAFI_P012",25
"5090",31429.6783993811,"CAFI_P012",50
"5091",91844.8018232131,"CAFI_P012",100
"5092",-11983.1205686996,"CAFI_P012",25
"5093",113872.275367212,"CAFI_P012",50
"5094",12560.0005547722,"CAFI_P012",100
"5095",929.742710258812,"CAFI_P012",25
"5096",68691.0461076954,"CAFI_P012",50
"5097",1341.50571040239,"CAFI_P012",100
"5098",-9846.55415094062,"CAFI_P012",25
"5099",64801.594788802,"CAFI_P012",50
"5100",92144.581168401,"CAFI_P012",100
"5101",-4386.26019778356,"CAFI_P013",25
"5102",-38888.3963118756,"CAFI_P013",50
"5103",3989.21999194013,"CAFI_P013",100
"5104",7511.34020340285,"CAFI_P013",25
"5105",-22659.5078683479,"CAFI_P013",50
"5106",-35171.7954642096,"CAFI_P013",100
"5107",-1940.58972950955,"CAFI_P013",25
"5108",-2897.33048697928,"CAFI_P013",50
"5109",-14939.8327640956,"CAFI_P013",100
"5110",-12223.5018994701,"CAFI_P013",25
"5111",1982.45236166357,"CAFI_P013",50
"5112",-16495.268487934,"CAFI_P013",100
"5113",7662.66372994694,"CAFI_P013",25
"5114",-27975.5207088837,"CAFI_P013",50
"5115",-18423.0267887789,"CAFI_P013",100
"5116",-4988.96273363804,"CAFI_P013",25
"5117",4016.13651069126,"CAFI_P013",50
"5118",-21173.7458678006,"CAFI_P013",100
"5119",1246.02167286002,"CAFI_P013",25
"5120",-14515.2035648014,"CAFI_P013",50
"5121",-15487.964052924,"CAFI_P013",100
"5122",923.84708728292,"CAFI_P013",25
"5123",10931.8088443457,"CAFI_P013",50
"5124",-575.919403315522,"CAFI_P013",100
"5125",11389.4357338274,"CAFI_P013",25
"5126",-16500.9239265016,"CAFI_P013",50
"5127",-22800.5633233495,"CAFI_P013",100
"5128",7367.08151558542,"CAFI_P013",25
"5129",-5557.40271596628,"CAFI_P013",50
"5130",-23911.2901065302,"CAFI_P013",100
"5131",17954.4320518768,"CAFI_P013",25
"5132",8928.81399187853,"CAFI_P013",50
"5133",-12219.7098398339,"CAFI_P013",100
"5134",-6794.38342555298,"CAFI_P013",25
"5135",-20740.5897041075,"CAFI_P013",50
"5136",-19886.0718023339,"CAFI_P013",100
"5137",-15981.9325640437,"CAFI_P013",25
"5138",23391.6911489331,"CAFI_P013",50
"5139",11505.9038779915,"CAFI_P013",100
"5140",8999.08433780837,"CAFI_P013",25
"5141",3551.29380201251,"CAFI_P013",50
"5142",-2799.87831274781,"CAFI_P013",100
"5143",26116.465419998,"CAFI_P013",25
"5144",1924.21325741324,"CAFI_P013",50
"5145",-13906.9428271611,"CAFI_P013",100
"5146",8582.65681840951,"CAFI_P013",25
"5147",21445.7612414953,"CAFI_P013",50
"5148",17.1546522452263,"CAFI_P013",100
"5149",-12091.9005924859,"CAFI_P013",25
"5150",-39163.0588661793,"CAFI_P013",50
"5151",929.995336670603,"CAFI_P013",100
"5152",3281.90577920421,"CAFI_P013",25
"5153",-18634.840125413,"CAFI_P013",50
"5154",2297.22409504239,"CAFI_P013",100
"5155",-3899.35505867258,"CAFI_P013",25
"5156",12738.2176363484,"CAFI_P013",50
"5157",-1786.76096885203,"CAFI_P013",100
"5158",3512.9486919326,"CAFI_P013",25
"5159",-9688.80257761147,"CAFI_P013",50
"5160",-25798.0902380313,"CAFI_P013",100
"5161",25948.0948778691,"CAFI_P013",25
"5162",1815.50865793519,"CAFI_P013",50
"5163",10892.7854313862,"CAFI_P013",100
"5164",-20273.6299033774,"CAFI_P013",25
"5165",-11124.1594242858,"CAFI_P013",50
"5166",-8752.64839219197,"CAFI_P013",100
"5167",-1637.71331587801,"CAFI_P013",25
"5168",-5209.6885265118,"CAFI_P013",50
"5169",-25581.504930137,"CAFI_P013",100
"5170",14061.8721062241,"CAFI_P013",25
"5171",-2112.31721738173,"CAFI_P013",50
"5172",-16064.9375391104,"CAFI_P013",100
"5173",-13104.6837980525,"CAFI_P013",25
"5174",-28335.5843454329,"CAFI_P013",50
"5175",-2751.0378128711,"CAFI_P013",100
"5176",-8017.33536273477,"CAFI_P013",25
"5177",-25887.3650615424,"CAFI_P013",50
"5178",-37254.7356656017,"CAFI_P013",100
"5179",462.444038293324,"CAFI_P013",25
"5180",29998.8594590112,"CAFI_P013",50
"5181",-25967.8427370268,"CAFI_P013",100
"5182",-7162.77686268202,"CAFI_P013",25
"5183",-2486.56466989359,"CAFI_P013",50
"5184",2030.3763691053,"CAFI_P013",100
"5185",23649.421447643,"CAFI_P013",25
"5186",-11456.9440524745,"CAFI_P013",50
"5187",-14326.6583778498,"CAFI_P013",100
"5188",-17199.9799646642,"CAFI_P013",25
"5189",-6642.11740961904,"CAFI_P013",50
"5190",10899.1844051135,"CAFI_P013",100
"5191",7786.97661882412,"CAFI_P013",25
"5192",-25810.6279807776,"CAFI_P013",50
"5193",7519.36554148898,"CAFI_P013",100
"5194",13602.5845657447,"CAFI_P013",25
"5195",-3759.34272109595,"CAFI_P013",50
"5196",-38407.0189793249,"CAFI_P013",100
"5197",6632.00410057144,"CAFI_P013",25
"5198",-29248.5296225629,"CAFI_P013",50
"5199",32894.5445637306,"CAFI_P013",100
"5200",25553.6412845462,"CAFI_P013",25
"5201",7023.48737886071,"CAFI_P013",50
"5202",-2931.87670103385,"CAFI_P013",100
"5203",-19852.3889742288,"CAFI_P013",25
"5204",-26390.7435424943,"CAFI_P013",50
"5205",-26059.9283107284,"CAFI_P013",100
"5206",-1602.36086983717,"CAFI_P013",25
"5207",-17826.0797694841,"CAFI_P013",50
"5208",-30305.2780398691,"CAFI_P013",100
"5209",7568.86659150379,"CAFI_P013",25
"5210",-25308.804598441,"CAFI_P013",50
"5211",-19829.5670360477,"CAFI_P013",100
"5212",-3687.55493226345,"CAFI_P013",25
"5213",-38118.172995557,"CAFI_P013",50
"5214",-23039.8051676459,"CAFI_P013",100
"5215",11292.6859070237,"CAFI_P013",25
"5216",13321.108868962,"CAFI_P013",50
"5217",-11349.817631888,"CAFI_P013",100
"5218",-9653.98294001725,"CAFI_P013",25
"5219",-74.883708767069,"CAFI_P013",50
"5220",1725.09597050975,"CAFI_P013",100
"5221",-4962.99530782097,"CAFI_P013",25
"5222",-17342.3762294088,"CAFI_P013",50
"5223",-9233.42467797478,"CAFI_P013",100
"5224",14560.2616308631,"CAFI_P013",25
"5225",11960.7558377692,"CAFI_P013",50
"5226",31295.3870720688,"CAFI_P013",100
"5227",5006.58019998553,"CAFI_P013",25
"5228",20879.2863334208,"CAFI_P013",50
"5229",-10647.5850192626,"CAFI_P013",100
"5230",4135.68779568514,"CAFI_P013",25
"5231",-14521.1980435198,"CAFI_P013",50
"5232",-24046.5091040669,"CAFI_P013",100
"5233",-1556.70907345723,"CAFI_P013",25
"5234",127.741849421815,"CAFI_P013",50
"5235",-1379.55671607103,"CAFI_P013",100
"5236",-14767.2646722129,"CAFI_P013",25
"5237",9758.24450974603,"CAFI_P013",50
"5238",17180.3703792008,"CAFI_P013",100
"5239",-22923.3472658068,"CAFI_P013",25
"5240",51032.1201075439,"CAFI_P013",50
"5241",-15866.3007763558,"CAFI_P013",100
"5242",23022.1828582734,"CAFI_P013",25
"5243",-3634.03828672133,"CAFI_P013",50
"5244",-14594.642468694,"CAFI_P013",100
"5245",15915.1293495462,"CAFI_P013",25
"5246",3347.08620609582,"CAFI_P013",50
"5247",26967.9386617034,"CAFI_P013",100
"5248",-19566.5476243958,"CAFI_P013",25
"5249",-4480.64749512717,"CAFI_P013",50
"5250",-38503.1342879129,"CAFI_P013",100
"5251",-15753.8447085581,"CAFI_P013",25
"5252",-7191.99302292251,"CAFI_P013",50
"5253",-27351.7890778241,"CAFI_P013",100
"5254",1573.55183982092,"CAFI_P013",25
"5255",3364.43171230744,"CAFI_P013",50
"5256",-5934.55931198699,"CAFI_P013",100
"5257",13565.2945314529,"CAFI_P013",25
"5258",-32906.2439004139,"CAFI_P013",50
"5259",-29984.1552667893,"CAFI_P013",100
"5260",-1404.05013657484,"CAFI_P013",25
"5261",677.193667365762,"CAFI_P013",50
"5262",-13195.0451087425,"CAFI_P013",100
"5263",-2924.09032796603,"CAFI_P013",25
"5264",-6582.0717266523,"CAFI_P013",50
"5265",4473.42936236499,"CAFI_P013",100
"5266",-18327.9514015256,"CAFI_P013",25
"5267",8359.53806696978,"CAFI_P013",50
"5268",40899.1431372686,"CAFI_P013",100
"5269",-9832.13639114279,"CAFI_P013",25
"5270",2493.05985194084,"CAFI_P013",50
"5271",-21625.2269541198,"CAFI_P013",100
"5272",2023.79239592183,"CAFI_P013",25
"5273",-26968.8661804851,"CAFI_P013",50
"5274",-19131.4675339705,"CAFI_P013",100
"5275",15317.2960468984,"CAFI_P013",25
"5276",-28180.1257459333,"CAFI_P013",50
"5277",-17769.8586222912,"CAFI_P013",100
"5278",725.569963299495,"CAFI_P013",25
"5279",9340.47167487588,"CAFI_P013",50
"5280",8246.79476582108,"CAFI_P013",100
"5281",6050.64238165604,"CAFI_P013",25
"5282",5857.58211502334,"CAFI_P013",50
"5283",-11746.4967148433,"CAFI_P013",100
"5284",-13462.0431033556,"CAFI_P013",25
"5285",-11003.0527641012,"CAFI_P013",50
"5286",-33631.8179771707,"CAFI_P013",100
"5287",-10381.3904135899,"CAFI_P013",25
"5288",-12201.4400414329,"CAFI_P013",50
"5289",19192.3943541095,"CAFI_P013",100
"5290",185.36904259061,"CAFI_P013",25
"5291",18154.8415355591,"CAFI_P013",50
"5292",-29524.636231225,"CAFI_P013",100
"5293",-4826.30250322822,"CAFI_P013",25
"5294",33165.0998559115,"CAFI_P013",50
"5295",-8434.50551222672,"CAFI_P013",100
"5296",2744.74367521139,"CAFI_P013",25
"5297",-9377.9362035899,"CAFI_P013",50
"5298",-11868.5587653161,"CAFI_P013",100
"5299",-28475.0199797142,"CAFI_P013",25
"5300",-11488.7209185928,"CAFI_P013",50
"5301",-1314.39304367895,"CAFI_P013",100
"5302",24208.9180941724,"CAFI_P013",25
"5303",-7883.96304343251,"CAFI_P013",50
"5304",12136.5211427041,"CAFI_P013",100
"5305",-18512.4667823068,"CAFI_P013",25
"5306",-32767.3853821922,"CAFI_P013",50
"5307",9264.1388111086,"CAFI_P013",100
"5308",-4621.64446874356,"CAFI_P013",25
"5309",-10277.6762983627,"CAFI_P013",50
"5310",-5167.53539681237,"CAFI_P013",100
"5311",3269.50412288838,"CAFI_P013",25
"5312",-11432.7520639783,"CAFI_P013",50
"5313",-8343.08214445517,"CAFI_P013",100
"5314",-6915.74092603975,"CAFI_P013",25
"5315",-13979.0983862937,"CAFI_P013",50
"5316",9626.54530773649,"CAFI_P013",100
"5317",4618.50274708326,"CAFI_P013",25
"5318",-17439.1094567961,"CAFI_P013",50
"5319",-11215.9647890418,"CAFI_P013",100
"5320",680.970632836223,"CAFI_P013",25
"5321",29355.3632165054,"CAFI_P013",50
"5322",-37911.8140154567,"CAFI_P013",100
"5323",-3236.07152632775,"CAFI_P013",25
"5324",-43914.7893585339,"CAFI_P013",50
"5325",-26221.2783745009,"CAFI_P013",100
"5326",-21760.1295465475,"CAFI_P013",25
"5327",-6553.1394157715,"CAFI_P013",50
"5328",-2727.99051496829,"CAFI_P013",100
"5329",-8898.26303346734,"CAFI_P013",25
"5330",-2289.68661064585,"CAFI_P013",50
"5331",-24285.7507939294,"CAFI_P013",100
"5332",-7391.35612378738,"CAFI_P013",25
"5333",-39387.6064923808,"CAFI_P013",50
"5334",-23158.5525604737,"CAFI_P013",100
"5335",-14938.7694094077,"CAFI_P013",25
"5336",-17751.3518860331,"CAFI_P013",50
"5337",-10514.3417189303,"CAFI_P013",100
"5338",-14878.2857301722,"CAFI_P013",25
"5339",7083.68149482034,"CAFI_P013",50
"5340",-27104.6482672499,"CAFI_P013",100
"5341",-2873.14557137713,"CAFI_P013",25
"5342",-13535.5975360656,"CAFI_P013",50
"5343",-24042.8575866029,"CAFI_P013",100
"5344",-1471.07718032185,"CAFI_P013",25
"5345",-7986.78397913798,"CAFI_P013",50
"5346",138.137395836704,"CAFI_P013",100
"5347",-4558.67753462092,"CAFI_P013",25
"5348",3946.40711950377,"CAFI_P013",50
"5349",-9165.09726779113,"CAFI_P013",100
"5350",8066.37994895165,"CAFI_P013",25
"5351",-42054.149626288,"CAFI_P013",50
"5352",-4823.35547207121,"CAFI_P013",100
"5353",-9968.19625951839,"CAFI_P013",25
"5354",4645.24193828588,"CAFI_P013",50
"5355",-30453.7556037887,"CAFI_P013",100
"5356",-326.560690818937,"CAFI_P013",25
"5357",13470.853926868,"CAFI_P013",50
"5358",-23733.4812779756,"CAFI_P013",100
"5359",-38491.2111166472,"CAFI_P013",25
"5360",-5170.22665055661,"CAFI_P013",50
"5361",1025.47135523841,"CAFI_P013",100
"5362",1728.10930605413,"CAFI_P013",25
"5363",-20329.8072556336,"CAFI_P013",50
"5364",-16392.5905221002,"CAFI_P013",100
"5365",-7409.82651480689,"CAFI_P013",25
"5366",-13461.05197876,"CAFI_P013",50
"5367",-44728.867812355,"CAFI_P013",100
"5368",10432.935341977,"CAFI_P013",25
"5369",-4707.03940127217,"CAFI_P013",50
"5370",-34077.19261561,"CAFI_P013",100
"5371",28953.8926433069,"CAFI_P013",25
"5372",-2891.92614170478,"CAFI_P013",50
"5373",-4549.91894159187,"CAFI_P013",100
"5374",-673.525071459298,"CAFI_P013",25
"5375",26088.6493556844,"CAFI_P013",50
"5376",-17467.8062811942,"CAFI_P013",100
"5377",6590.42556381703,"CAFI_P013",25
"5378",7395.22827490233,"CAFI_P013",50
"5379",8170.62303680117,"CAFI_P013",100
"5380",218.090113755141,"CAFI_P013",25
"5381",609.858914795856,"CAFI_P013",50
"5382",-2321.87254267302,"CAFI_P013",100
"5383",-13510.8140067926,"CAFI_P013",25
"5384",-5716.72339655226,"CAFI_P013",50
"5385",-18441.6458684914,"CAFI_P013",100
"5386",-18491.0256282263,"CAFI_P013",25
"5387",3822.63867965876,"CAFI_P013",50
"5388",-23857.602705562,"CAFI_P013",100
"5389",3598.02733391948,"CAFI_P013",25
"5390",-14446.0909379901,"CAFI_P013",50
"5391",-12104.5939942262,"CAFI_P013",100
"5392",-10796.4502081716,"CAFI_P013",25
"5393",-26867.602489587,"CAFI_P013",50
"5394",15467.9955989121,"CAFI_P013",100
"5395",14216.4927249911,"CAFI_P013",25
"5396",-15160.6594740629,"CAFI_P013",50
"5397",-12451.0535169492,"CAFI_P013",100
"5398",-8225.64829536411,"CAFI_P013",25
"5399",-11906.4737181,"CAFI_P013",50
"5400",-32708.9843293736,"CAFI_P013",100
"5401",-4844.42709762105,"CAFI_P014",25
"5402",-35198.5946458876,"CAFI_P014",50
"5403",-31980.8672354474,"CAFI_P014",100
"5404",-9001.01257428847,"CAFI_P014",25
"5405",4083.40812080185,"CAFI_P014",50
"5406",-52305.4794287474,"CAFI_P014",100
"5407",-34624.0136686187,"CAFI_P014",25
"5408",-52085.9166562319,"CAFI_P014",50
"5409",3056.19007524863,"CAFI_P014",100
"5410",7823.18745898848,"CAFI_P014",25
"5411",-17546.9481427535,"CAFI_P014",50
"5412",-32011.9920942919,"CAFI_P014",100
"5413",-5527.44408482572,"CAFI_P014",25
"5414",-5277.8849837,"CAFI_P014",50
"5415",-23020.1716484301,"CAFI_P014",100
"5416",-17113.8630446742,"CAFI_P014",25
"5417",9209.0467577712,"CAFI_P014",50
"5418",-25485.3580262396,"CAFI_P014",100
"5419",10600.6002691649,"CAFI_P014",25
"5420",-32312.3894988915,"CAFI_P014",50
"5421",-23462.4249347249,"CAFI_P014",100
"5422",-27614.5023695259,"CAFI_P014",25
"5423",-6836.44883844251,"CAFI_P014",50
"5424",6158.70340554958,"CAFI_P014",100
"5425",-18865.0860221764,"CAFI_P014",25
"5426",-24035.7760864991,"CAFI_P014",50
"5427",-14590.7424739394,"CAFI_P014",100
"5428",-3860.34901302643,"CAFI_P014",25
"5429",-5499.33650226815,"CAFI_P014",50
"5430",-25570.5081612273,"CAFI_P014",100
"5431",-2668.37919319834,"CAFI_P014",25
"5432",-24201.3290280278,"CAFI_P014",50
"5433",-36968.1358772365,"CAFI_P014",100
"5434",-8776.17107410467,"CAFI_P014",25
"5435",-3562.15584007531,"CAFI_P014",50
"5436",2259.00001625146,"CAFI_P014",100
"5437",898.825334790105,"CAFI_P014",25
"5438",-32585.2186888177,"CAFI_P014",50
"5439",-23015.0248848754,"CAFI_P014",100
"5440",-15062.6651110855,"CAFI_P014",25
"5441",-20449.965259163,"CAFI_P014",50
"5442",-32126.8241945704,"CAFI_P014",100
"5443",831.162894696521,"CAFI_P014",25
"5444",-20368.828045485,"CAFI_P014",50
"5445",-19588.4249257381,"CAFI_P014",100
"5446",10919.0492890816,"CAFI_P014",25
"5447",-16003.6706487414,"CAFI_P014",50
"5448",-42489.4592300521,"CAFI_P014",100
"5449",-1976.95129683899,"CAFI_P014",25
"5450",1757.46035624351,"CAFI_P014",50
"5451",-35191.7674258926,"CAFI_P014",100
"5452",-11393.4981668957,"CAFI_P014",25
"5453",-13297.0774608237,"CAFI_P014",50
"5454",-36824.8006983139,"CAFI_P014",100
"5455",-7810.04384784703,"CAFI_P014",25
"5456",14884.4800924945,"CAFI_P014",50
"5457",-7980.14330370049,"CAFI_P014",100
"5458",-2279.5040602459,"CAFI_P014",25
"5459",-24551.2827999159,"CAFI_P014",50
"5460",-18121.4711839636,"CAFI_P014",100
"5461",-18384.5384906181,"CAFI_P014",25
"5462",-8942.7576850864,"CAFI_P014",50
"5463",11588.4467374427,"CAFI_P014",100
"5464",1818.4827474484,"CAFI_P014",25
"5465",-19129.8881343052,"CAFI_P014",50
"5466",-26707.4638619277,"CAFI_P014",100
"5467",-23531.3985524725,"CAFI_P014",25
"5468",-23778.1468838305,"CAFI_P014",50
"5469",-2074.33818950632,"CAFI_P014",100
"5470",2328.7735039868,"CAFI_P014",25
"5471",-6550.56671624881,"CAFI_P014",50
"5472",-47099.0016891029,"CAFI_P014",100
"5473",-18514.9545301071,"CAFI_P014",25
"5474",-2950.58214965856,"CAFI_P014",50
"5475",-21075.2837198671,"CAFI_P014",100
"5476",-2222.55448616814,"CAFI_P014",25
"5477",-40113.9510542908,"CAFI_P014",50
"5478",-14637.9095177737,"CAFI_P014",100
"5479",-19337.8509166733,"CAFI_P014",25
"5480",-27966.0551830879,"CAFI_P014",50
"5481",-18258.8848837932,"CAFI_P014",100
"5482",-17469.5348465288,"CAFI_P014",25
"5483",-17221.6978200742,"CAFI_P014",50
"5484",-14347.9543459374,"CAFI_P014",100
"5485",-1274.57076708198,"CAFI_P014",25
"5486",13416.4977902521,"CAFI_P014",50
"5487",-36830.3925690676,"CAFI_P014",100
"5488",-6028.98553053869,"CAFI_P014",25
"5489",-15293.7126526755,"CAFI_P014",50
"5490",-35515.0200318107,"CAFI_P014",100
"5491",-4010.43047158056,"CAFI_P014",25
"5492",-28128.9241517745,"CAFI_P014",50
"5493",-12811.2821363924,"CAFI_P014",100
"5494",-9740.83278365908,"CAFI_P014",25
"5495",-8126.42475907414,"CAFI_P014",50
"5496",-36653.3129372477,"CAFI_P014",100
"5497",6318.42380760593,"CAFI_P014",25
"5498",-3230.17299729536,"CAFI_P014",50
"5499",-28238.2260252137,"CAFI_P014",100
"5500",11958.5360216051,"CAFI_P014",25
"5501",-14260.7155961664,"CAFI_P014",50
"5502",-24982.1995712935,"CAFI_P014",100
"5503",-27887.4822463992,"CAFI_P014",25
"5504",-20721.4362445166,"CAFI_P014",50
"5505",-36861.0750945517,"CAFI_P014",100
"5506",-25165.1133920636,"CAFI_P014",25
"5507",-12521.9905893351,"CAFI_P014",50
"5508",-55266.3430006044,"CAFI_P014",100
"5509",11746.2792965642,"CAFI_P014",25
"5510",-14317.103641229,"CAFI_P014",50
"5511",-37955.3605163976,"CAFI_P014",100
"5512",12085.4816131901,"CAFI_P014",25
"5513",-4927.02233310411,"CAFI_P014",50
"5514",-18216.2866309966,"CAFI_P014",100
"5515",20892.1149647736,"CAFI_P014",25
"5516",-17055.8690016944,"CAFI_P014",50
"5517",-40938.7794657387,"CAFI_P014",100
"5518",15195.1872206312,"CAFI_P014",25
"5519",-4371.23264098674,"CAFI_P014",50
"5520",-4466.7902004369,"CAFI_P014",100
"5521",-6689.71188644093,"CAFI_P014",25
"5522",-39134.9306570062,"CAFI_P014",50
"5523",-11240.064729467,"CAFI_P014",100
"5524",-1790.16845319505,"CAFI_P014",25
"5525",-20142.1883673046,"CAFI_P014",50
"5526",-35464.9477986607,"CAFI_P014",100
"5527",8272.63106862927,"CAFI_P014",25
"5528",-2435.55801953861,"CAFI_P014",50
"5529",-23298.1407979365,"CAFI_P014",100
"5530",-3245.66599136681,"CAFI_P014",25
"5531",-16159.7463019802,"CAFI_P014",50
"5532",-56957.9959542675,"CAFI_P014",100
"5533",8622.27103129137,"CAFI_P014",25
"5534",-23452.47389738,"CAFI_P014",50
"5535",2127.77561177587,"CAFI_P014",100
"5536",-1766.60355704455,"CAFI_P014",25
"5537",-14139.2411142168,"CAFI_P014",50
"5538",-19481.3882490549,"CAFI_P014",100
"5539",7078.69592452381,"CAFI_P014",25
"5540",33618.5028361923,"CAFI_P014",50
"5541",-33086.1880266861,"CAFI_P014",100
"5542",-1339.62180333951,"CAFI_P014",25
"5543",-18969.8235306508,"CAFI_P014",50
"5544",-34948.3134049152,"CAFI_P014",100
"5545",-26492.8349573463,"CAFI_P014",25
"5546",-20223.7847772754,"CAFI_P014",50
"5547",-22710.0694607956,"CAFI_P014",100
"5548",-4378.6418718854,"CAFI_P014",25
"5549",332.661246652773,"CAFI_P014",50
"5550",-9314.68701463597,"CAFI_P014",100
"5551",-2988.97271652622,"CAFI_P014",25
"5552",-7521.55645383563,"CAFI_P014",50
"5553",-12405.4488086552,"CAFI_P014",100
"5554",-13813.6520094674,"CAFI_P014",25
"5555",-13960.5389801814,"CAFI_P014",50
"5556",-37801.7391286271,"CAFI_P014",100
"5557",17096.0135115694,"CAFI_P014",25
"5558",-21362.5921530072,"CAFI_P014",50
"5559",-11857.1862429734,"CAFI_P014",100
"5560",-17288.7591414634,"CAFI_P014",25
"5561",9490.6876119067,"CAFI_P014",50
"5562",-41630.8330738787,"CAFI_P014",100
"5563",-10715.5016885123,"CAFI_P014",25
"5564",-30595.9174669238,"CAFI_P014",50
"5565",-34770.4172572723,"CAFI_P014",100
"5566",16305.150361642,"CAFI_P014",25
"5567",-17677.5493181092,"CAFI_P014",50
"5568",-37807.8099202228,"CAFI_P014",100
"5569",-14744.9871866362,"CAFI_P014",25
"5570",-6723.59061192884,"CAFI_P014",50
"5571",-22661.5950970167,"CAFI_P014",100
"5572",-12321.3510422912,"CAFI_P014",25
"5573",-12204.0139146407,"CAFI_P014",50
"5574",-25923.7489581656,"CAFI_P014",100
"5575",-23702.8856698193,"CAFI_P014",25
"5576",-17101.0168631812,"CAFI_P014",50
"5577",808.097254889261,"CAFI_P014",100
"5578",2837.80850641383,"CAFI_P014",25
"5579",-19167.1213792254,"CAFI_P014",50
"5580",-12169.4695553781,"CAFI_P014",100
"5581",-8652.73050910293,"CAFI_P014",25
"5582",-29648.594345275,"CAFI_P014",50
"5583",-12168.7921662321,"CAFI_P014",100
"5584",16573.1657896292,"CAFI_P014",25
"5585",1822.3094014753,"CAFI_P014",50
"5586",-22065.5882586822,"CAFI_P014",100
"5587",-6312.07510764184,"CAFI_P014",25
"5588",-37740.6936664368,"CAFI_P014",50
"5589",-40861.613986054,"CAFI_P014",100
"5590",1890.36299797223,"CAFI_P014",25
"5591",10061.4039725521,"CAFI_P014",50
"5592",-30474.3573425592,"CAFI_P014",100
"5593",535.208032169961,"CAFI_P014",25
"5594",-29012.9705971128,"CAFI_P014",50
"5595",-25648.5804338781,"CAFI_P014",100
"5596",12342.7458864082,"CAFI_P014",25
"5597",4315.12856909956,"CAFI_P014",50
"5598",-17298.1822406823,"CAFI_P014",100
"5599",-3356.91922458811,"CAFI_P014",25
"5600",-27381.8539328202,"CAFI_P014",50
"5601",-13088.2820543504,"CAFI_P014",100
"5602",-7520.97328699043,"CAFI_P014",25
"5603",-56.7007068117091,"CAFI_P014",50
"5604",-20932.5820918889,"CAFI_P014",100
"5605",-31318.4787166814,"CAFI_P014",25
"5606",-22362.4745958345,"CAFI_P014",50
"5607",-22657.303015214,"CAFI_P014",100
"5608",8897.14418366182,"CAFI_P014",25
"5609",-23766.3102433721,"CAFI_P014",50
"5610",-26498.1111901267,"CAFI_P014",100
"5611",7518.60985963888,"CAFI_P014",25
"5612",14043.6610287905,"CAFI_P014",50
"5613",-43703.5528486717,"CAFI_P014",100
"5614",-6061.74015354007,"CAFI_P014",25
"5615",-26421.0464289876,"CAFI_P014",50
"5616",-24315.4337894715,"CAFI_P014",100
"5617",-2545.66554588627,"CAFI_P014",25
"5618",-24369.9862046033,"CAFI_P014",50
"5619",-33111.1371253152,"CAFI_P014",100
"5620",-7752.45830992475,"CAFI_P014",25
"5621",-26217.7554684222,"CAFI_P014",50
"5622",-33639.8422878706,"CAFI_P014",100
"5623",-22693.9248410177,"CAFI_P014",25
"5624",-29833.2183230069,"CAFI_P014",50
"5625",-21666.209631985,"CAFI_P014",100
"5626",7649.93523167522,"CAFI_P014",25
"5627",-15513.9707537314,"CAFI_P014",50
"5628",-29127.8159334563,"CAFI_P014",100
"5629",4036.14399867065,"CAFI_P014",25
"5630",-2145.51141092298,"CAFI_P014",50
"5631",-8249.68640397137,"CAFI_P014",100
"5632",-2140.77845919001,"CAFI_P014",25
"5633",8758.55045513707,"CAFI_P014",50
"5634",-44098.8357257608,"CAFI_P014",100
"5635",-22488.7217476279,"CAFI_P014",25
"5636",105.432787712343,"CAFI_P014",50
"5637",-35077.9644675321,"CAFI_P014",100
"5638",-5009.48786313523,"CAFI_P014",25
"5639",-8866.55125785735,"CAFI_P014",50
"5640",-34631.2385828282,"CAFI_P014",100
"5641",5677.23585007121,"CAFI_P014",25
"5642",-10144.5464724886,"CAFI_P014",50
"5643",-23789.6101828485,"CAFI_P014",100
"5644",-16618.8274978986,"CAFI_P014",25
"5645",-42353.6183402135,"CAFI_P014",50
"5646",-42775.7182899383,"CAFI_P014",100
"5647",-19813.7948773356,"CAFI_P014",25
"5648",3821.07565060549,"CAFI_P014",50
"5649",-20439.744906676,"CAFI_P014",100
"5650",-13455.4219810107,"CAFI_P014",25
"5651",-28958.1102924656,"CAFI_P014",50
"5652",-13873.5167762686,"CAFI_P014",100
"5653",-11358.2339889421,"CAFI_P014",25
"5654",2735.9827359459,"CAFI_P014",50
"5655",-32254.4801662177,"CAFI_P014",100
"5656",6994.9283298314,"CAFI_P014",25
"5657",-25265.8288247959,"CAFI_P014",50
"5658",10960.5255053596,"CAFI_P014",100
"5659",-5309.07128316897,"CAFI_P014",25
"5660",-14174.1848763053,"CAFI_P014",50
"5661",-34825.2069446063,"CAFI_P014",100
"5662",-19722.8650916935,"CAFI_P014",25
"5663",-18914.7286735712,"CAFI_P014",50
"5664",-36368.4052790214,"CAFI_P014",100
"5665",-6397.37122418734,"CAFI_P014",25
"5666",714.024417556298,"CAFI_P014",50
"5667",-29066.5277406744,"CAFI_P014",100
"5668",-3307.6229653414,"CAFI_P014",25
"5669",-21128.5656403772,"CAFI_P014",50
"5670",-53084.7787293414,"CAFI_P014",100
"5671",-16440.6482421639,"CAFI_P014",25
"5672",-17490.2528956155,"CAFI_P014",50
"5673",-14555.0376461531,"CAFI_P014",100
"5674",-19225.9208212618,"CAFI_P014",25
"5675",18361.4596293208,"CAFI_P014",50
"5676",2817.02683968889,"CAFI_P014",100
"5677",-20447.2759544651,"CAFI_P014",25
"5678",-2152.7490488179,"CAFI_P014",50
"5679",-38110.5693815559,"CAFI_P014",100
"5680",-3595.11832425714,"CAFI_P014",25
"5681",5687.74576683913,"CAFI_P014",50
"5682",-24776.2442784647,"CAFI_P014",100
"5683",-9941.12142258059,"CAFI_P014",25
"5684",-13012.2315214888,"CAFI_P014",50
"5685",-10948.1877802842,"CAFI_P014",100
"5686",-407.722626241855,"CAFI_P014",25
"5687",-3944.88901023546,"CAFI_P014",50
"5688",-24177.7876248831,"CAFI_P014",100
"5689",-3361.88952236864,"CAFI_P014",25
"5690",6622.722550493,"CAFI_P014",50
"5691",-30801.3104433418,"CAFI_P014",100
"5692",-2459.47091752081,"CAFI_P014",25
"5693",-25929.7833919004,"CAFI_P014",50
"5694",-16593.4844150989,"CAFI_P014",100
"5695",960.022985422984,"CAFI_P014",25
"5696",-19571.2260850604,"CAFI_P014",50
"5697",-36381.8759949697,"CAFI_P014",100
"5698",-5840.67086479353,"CAFI_P014",25
"5699",-7357.86367925035,"CAFI_P014",50
"5700",-22690.6997500792,"CAFI_P014",100
"5701",22278.4515385313,"CAFI_P015",25
"5702",-9615.43735437532,"CAFI_P015",50
"5703",5868.22009416251,"CAFI_P015",100
"5704",-12080.1091678512,"CAFI_P015",25
"5705",5343.46434594615,"CAFI_P015",50
"5706",5432.29668251507,"CAFI_P015",100
"5707",-11720.671766508,"CAFI_P015",25
"5708",-14979.9845226092,"CAFI_P015",50
"5709",-10736.7091093701,"CAFI_P015",100
"5710",1353.34916032938,"CAFI_P015",25
"5711",10931.2021127068,"CAFI_P015",50
"5712",21063.0022356518,"CAFI_P015",100
"5713",-21539.2047185396,"CAFI_P015",25
"5714",-18407.1061747445,"CAFI_P015",50
"5715",-31591.3995342314,"CAFI_P015",100
"5716",-23490.7470691963,"CAFI_P015",25
"5717",2162.99981032847,"CAFI_P015",50
"5718",-16394.1902055532,"CAFI_P015",100
"5719",-11790.370556519,"CAFI_P015",25
"5720",-46140.8753049286,"CAFI_P015",50
"5721",4463.63188708929,"CAFI_P015",100
"5722",-25618.1229307075,"CAFI_P015",25
"5723",62943.7775034652,"CAFI_P015",50
"5724",14619.2623315456,"CAFI_P015",100
"5725",-15070.2440654135,"CAFI_P015",25
"5726",7986.71977571881,"CAFI_P015",50
"5727",-36817.4310278571,"CAFI_P015",100
"5728",-11343.2349451652,"CAFI_P015",25
"5729",4779.55561165442,"CAFI_P015",50
"5730",1044.08972235199,"CAFI_P015",100
"5731",4767.29192458716,"CAFI_P015",25
"5732",-4790.79897511727,"CAFI_P015",50
"5733",17006.3291848134,"CAFI_P015",100
"5734",5190.49095920246,"CAFI_P015",25
"5735",12043.9201930648,"CAFI_P015",50
"5736",29974.6338453564,"CAFI_P015",100
"5737",-954.6854993577,"CAFI_P015",25
"5738",-20529.8412874279,"CAFI_P015",50
"5739",2122.46220288402,"CAFI_P015",100
"5740",-10150.5857082266,"CAFI_P015",25
"5741",24776.2353832953,"CAFI_P015",50
"5742",-10927.5900783771,"CAFI_P015",100
"5743",-7837.90883587551,"CAFI_P015",25
"5744",-45881.0699748791,"CAFI_P015",50
"5745",-15384.6867347079,"CAFI_P015",100
"5746",-1371.61737373518,"CAFI_P015",25
"5747",12203.5341181653,"CAFI_P015",50
"5748",-38536.8785887348,"CAFI_P015",100
"5749",-14271.3135635644,"CAFI_P015",25
"5750",-28680.1048572994,"CAFI_P015",50
"5751",-9352.72712741978,"CAFI_P015",100
"5752",3380.10060872062,"CAFI_P015",25
"5753",-4711.62720359035,"CAFI_P015",50
"5754",32571.6212225262,"CAFI_P015",100
"5755",-16051.2797769603,"CAFI_P015",25
"5756",17892.9134804084,"CAFI_P015",50
"5757",-4949.94725191349,"CAFI_P015",100
"5758",6997.90552637831,"CAFI_P015",25
"5759",34723.6697061958,"CAFI_P015",50
"5760",32889.046923467,"CAFI_P015",100
"5761",8239.75270890497,"CAFI_P015",25
"5762",26262.0894224193,"CAFI_P015",50
"5763",-9541.33075233293,"CAFI_P015",100
"5764",-30679.7892807081,"CAFI_P015",25
"5765",-6243.69131354673,"CAFI_P015",50
"5766",-26732.8465502547,"CAFI_P015",100
"5767",9340.71018932434,"CAFI_P015",25
"5768",7200.33964632312,"CAFI_P015",50
"5769",-41762.2955047623,"CAFI_P015",100
"5770",13179.6317699004,"CAFI_P015",25
"5771",-34085.1711344906,"CAFI_P015",50
"5772",-21011.609789364,"CAFI_P015",100
"5773",-11340.7427825602,"CAFI_P015",25
"5774",-48687.4995908401,"CAFI_P015",50
"5775",-14315.7802881553,"CAFI_P015",100
"5776",-1343.78182473552,"CAFI_P015",25
"5777",-30841.6266498707,"CAFI_P015",50
"5778",25608.7276016696,"CAFI_P015",100
"5779",-347.150686129811,"CAFI_P015",25
"5780",-30632.1790655095,"CAFI_P015",50
"5781",-9625.28450770769,"CAFI_P015",100
"5782",2497.6189179853,"CAFI_P015",25
"5783",1146.46739720914,"CAFI_P015",50
"5784",-22396.2032759203,"CAFI_P015",100
"5785",-5440.36442898895,"CAFI_P015",25
"5786",2237.06721803005,"CAFI_P015",50
"5787",-43139.2717012785,"CAFI_P015",100
"5788",-17503.1411024145,"CAFI_P015",25
"5789",-7283.92672653659,"CAFI_P015",50
"5790",3659.85746681486,"CAFI_P015",100
"5791",-12791.6346313449,"CAFI_P015",25
"5792",39949.178306767,"CAFI_P015",50
"5793",-11057.7969779122,"CAFI_P015",100
"5794",32706.0477421163,"CAFI_P015",25
"5795",3629.40029814374,"CAFI_P015",50
"5796",3074.99643644033,"CAFI_P015",100
"5797",-27265.3696385862,"CAFI_P015",25
"5798",-43436.5894875893,"CAFI_P015",50
"5799",-2658.35792956187,"CAFI_P015",100
"5800",-7215.71480886498,"CAFI_P015",25
"5801",-3830.49712769227,"CAFI_P015",50
"5802",-34259.4545814457,"CAFI_P015",100
"5803",4082.50972397364,"CAFI_P015",25
"5804",-6584.0722420633,"CAFI_P015",50
"5805",9835.34059032932,"CAFI_P015",100
"5806",7959.25592139957,"CAFI_P015",25
"5807",10750.6929743621,"CAFI_P015",50
"5808",20544.7774282357,"CAFI_P015",100
"5809",-7817.79334377352,"CAFI_P015",25
"5810",27153.3806977441,"CAFI_P015",50
"5811",-15885.320002782,"CAFI_P015",100
"5812",-16656.4820216985,"CAFI_P015",25
"5813",11777.3018477292,"CAFI_P015",50
"5814",-37875.1782119565,"CAFI_P015",100
"5815",19517.6244010326,"CAFI_P015",25
"5816",10550.3508676685,"CAFI_P015",50
"5817",-6005.1913397382,"CAFI_P015",100
"5818",-3528.79078629811,"CAFI_P015",25
"5819",35148.1279373654,"CAFI_P015",50
"5820",-895.211287647835,"CAFI_P015",100
"5821",-14760.8594131412,"CAFI_P015",25
"5822",3186.60008907481,"CAFI_P015",50
"5823",-11262.7649658069,"CAFI_P015",100
"5824",-23501.1112914253,"CAFI_P015",25
"5825",-8514.56809153018,"CAFI_P015",50
"5826",-19914.0443827707,"CAFI_P015",100
"5827",-1330.33066405053,"CAFI_P015",25
"5828",-18871.8770669574,"CAFI_P015",50
"5829",-9377.25523472973,"CAFI_P015",100
"5830",2054.58994685253,"CAFI_P015",25
"5831",17371.6867827367,"CAFI_P015",50
"5832",224.215556680458,"CAFI_P015",100
"5833",-12245.565201701,"CAFI_P015",25
"5834",-19407.8195722645,"CAFI_P015",50
"5835",-17664.8390047538,"CAFI_P015",100
"5836",19666.5080116462,"CAFI_P015",25
"5837",-26981.5835762623,"CAFI_P015",50
"5838",22755.5679081157,"CAFI_P015",100
"5839",31178.9040132613,"CAFI_P015",25
"5840",32595.5197441198,"CAFI_P015",50
"5841",26773.0889698655,"CAFI_P015",100
"5842",-28024.5443109063,"CAFI_P015",25
"5843",18851.8612353649,"CAFI_P015",50
"5844",1955.7141706199,"CAFI_P015",100
"5845",15084.5736776174,"CAFI_P015",25
"5846",-12531.1820742703,"CAFI_P015",50
"5847",7465.73535655637,"CAFI_P015",100
"5848",29559.1444309244,"CAFI_P015",25
"5849",23842.0960754857,"CAFI_P015",50
"5850",-7809.88181909063,"CAFI_P015",100
"5851",35832.7530121107,"CAFI_P015",25
"5852",18483.5577597722,"CAFI_P015",50
"5853",-4365.08437436266,"CAFI_P015",100
"5854",24876.6292747919,"CAFI_P015",25
"5855",5845.62266612722,"CAFI_P015",50
"5856",-39864.9339005962,"CAFI_P015",100
"5857",3432.26791496057,"CAFI_P015",25
"5858",-18245.0501609724,"CAFI_P015",50
"5859",-33818.1001115737,"CAFI_P015",100
"5860",17536.2834215934,"CAFI_P015",25
"5861",1987.82656251756,"CAFI_P015",50
"5862",-2945.26236796193,"CAFI_P015",100
"5863",-13815.0680922187,"CAFI_P015",25
"5864",22945.1213814584,"CAFI_P015",50
"5865",-10614.1488518466,"CAFI_P015",100
"5866",-37137.1447859862,"CAFI_P015",25
"5867",-17326.6819871377,"CAFI_P015",50
"5868",-20993.9698887074,"CAFI_P015",100
"5869",-4394.01254336856,"CAFI_P015",25
"5870",22834.1308477244,"CAFI_P015",50
"5871",-29531.4146440336,"CAFI_P015",100
"5872",3556.18740950449,"CAFI_P015",25
"5873",-11151.1958635272,"CAFI_P015",50
"5874",-8389.76527667069,"CAFI_P015",100
"5875",9432.05054958165,"CAFI_P015",25
"5876",-11322.7748847854,"CAFI_P015",50
"5877",-20025.9379593144,"CAFI_P015",100
"5878",-21581.1141668821,"CAFI_P015",25
"5879",-9447.86132942495,"CAFI_P015",50
"5880",703.159045790671,"CAFI_P015",100
"5881",10508.8933051823,"CAFI_P015",25
"5882",-25469.4018058478,"CAFI_P015",50
"5883",7767.04613969009,"CAFI_P015",100
"5884",20569.973402036,"CAFI_P015",25
"5885",20331.5684250459,"CAFI_P015",50
"5886",3191.29379657982,"CAFI_P015",100
"5887",-3370.00738249207,"CAFI_P015",25
"5888",22167.3162971553,"CAFI_P015",50
"5889",-5948.60455831263,"CAFI_P015",100
"5890",-18748.2607736179,"CAFI_P015",25
"5891",-12146.9056984392,"CAFI_P015",50
"5892",-20003.1233395546,"CAFI_P015",100
"5893",-9683.74541272834,"CAFI_P015",25
"5894",26634.9538947606,"CAFI_P015",50
"5895",-27851.0258891678,"CAFI_P015",100
"5896",2045.4743099928,"CAFI_P015",25
"5897",-20530.4019035078,"CAFI_P015",50
"5898",-41341.3932967412,"CAFI_P015",100
"5899",6087.97701129987,"CAFI_P015",25
"5900",13615.7124778636,"CAFI_P015",50
"5901",-19009.1945343689,"CAFI_P015",100
"5902",1099.68017665803,"CAFI_P015",25
"5903",27787.0312783432,"CAFI_P015",50
"5904",-11823.1475921012,"CAFI_P015",100
"5905",-3714.1769306811,"CAFI_P015",25
"5906",-9253.56310399005,"CAFI_P015",50
"5907",17713.0401515769,"CAFI_P015",100
"5908",-6433.26063665061,"CAFI_P015",25
"5909",-19354.1653576796,"CAFI_P015",50
"5910",20888.6141350818,"CAFI_P015",100
"5911",2954.84780123149,"CAFI_P015",25
"5912",-5615.97289893619,"CAFI_P015",50
"5913",-17631.918760864,"CAFI_P015",100
"5914",16070.906318674,"CAFI_P015",25
"5915",-34649.1676324451,"CAFI_P015",50
"5916",-2733.25254116725,"CAFI_P015",100
"5917",1750.69439640385,"CAFI_P015",25
"5918",15636.5997765913,"CAFI_P015",50
"5919",59.7814607163891,"CAFI_P015",100
"5920",-20836.1851175199,"CAFI_P015",25
"5921",3933.51582719962,"CAFI_P015",50
"5922",18909.8636729259,"CAFI_P015",100
"5923",14577.198430644,"CAFI_P015",25
"5924",-11810.2210652433,"CAFI_P015",50
"5925",26633.141905746,"CAFI_P015",100
"5926",-24906.9452139653,"CAFI_P015",25
"5927",-2430.43056954659,"CAFI_P015",50
"5928",-2321.5109029719,"CAFI_P015",100
"5929",-13598.5954476226,"CAFI_P015",25
"5930",-29970.0621196391,"CAFI_P015",50
"5931",-20851.855822118,"CAFI_P015",100
"5932",-7699.1134443949,"CAFI_P015",25
"5933",-15502.9275595109,"CAFI_P015",50
"5934",-25768.2349295376,"CAFI_P015",100
"5935",-29969.3848037767,"CAFI_P015",25
"5936",1738.01832418621,"CAFI_P015",50
"5937",-2420.78171402542,"CAFI_P015",100
"5938",14279.8249300414,"CAFI_P015",25
"5939",-2135.65209773881,"CAFI_P015",50
"5940",-33582.8782695877,"CAFI_P015",100
"5941",1355.27878476813,"CAFI_P015",25
"5942",-26694.3940826376,"CAFI_P015",50
"5943",16378.7953160636,"CAFI_P015",100
"5944",13836.811591191,"CAFI_P015",25
"5945",-8673.16019537253,"CAFI_P015",50
"5946",-26726.2834014315,"CAFI_P015",100
"5947",-17234.3352571878,"CAFI_P015",25
"5948",-22573.4670819084,"CAFI_P015",50
"5949",-3316.85800130921,"CAFI_P015",100
"5950",34079.2465866875,"CAFI_P015",25
"5951",-26485.4617826369,"CAFI_P015",50
"5952",839.205571593076,"CAFI_P015",100
"5953",-32476.1158465744,"CAFI_P015",25
"5954",-54097.596188636,"CAFI_P015",50
"5955",-3168.98760721297,"CAFI_P015",100
"5956",6577.92110682419,"CAFI_P015",25
"5957",3132.90943754226,"CAFI_P015",50
"5958",-9965.55985221884,"CAFI_P015",100
"5959",-11881.9234264962,"CAFI_P015",25
"5960",-2066.47683698265,"CAFI_P015",50
"5961",-4903.99406799243,"CAFI_P015",100
"5962",25875.7668126121,"CAFI_P015",25
"5963",-28258.7393823892,"CAFI_P015",50
"5964",4069.06139512447,"CAFI_P015",100
"5965",-8974.63152884843,"CAFI_P015",25
"5966",-9030.78650593176,"CAFI_P015",50
"5967",-25354.1643906417,"CAFI_P015",100
"5968",-1666.72454971808,"CAFI_P015",25
"5969",1576.5570484132,"CAFI_P015",50
"5970",-32255.0853393328,"CAFI_P015",100
"5971",-9065.21128548105,"CAFI_P015",25
"5972",-12694.6354859588,"CAFI_P015",50
"5973",2504.64478522452,"CAFI_P015",100
"5974",-1112.34157889767,"CAFI_P015",25
"5975",4091.36460827617,"CAFI_P015",50
"5976",-25521.4002173495,"CAFI_P015",100
"5977",12595.1472545944,"CAFI_P015",25
"5978",33590.6621036041,"CAFI_P015",50
"5979",-16060.7748284497,"CAFI_P015",100
"5980",12076.147934686,"CAFI_P015",25
"5981",-25840.8893539291,"CAFI_P015",50
"5982",31126.8210780713,"CAFI_P015",100
"5983",-8030.12407746352,"CAFI_P015",25
"5984",1550.80102406273,"CAFI_P015",50
"5985",-4094.39600639843,"CAFI_P015",100
"5986",-26405.5043739997,"CAFI_P015",25
"5987",-2154.65855117555,"CAFI_P015",50
"5988",-912.530895189208,"CAFI_P015",100
"5989",7482.83433867694,"CAFI_P015",25
"5990",-11887.0940004096,"CAFI_P015",50
"5991",-7360.96788736252,"CAFI_P015",100
"5992",5522.12807942904,"CAFI_P015",25
"5993",15169.8141546721,"CAFI_P015",50
"5994",-1564.34009089292,"CAFI_P015",100
"5995",-4878.56879781652,"CAFI_P015",25
"5996",9817.31531260855,"CAFI_P015",50
"5997",-37825.118702111,"CAFI_P015",100
"5998",16647.7588064716,"CAFI_P015",25
"5999",-5667.71890063322,"CAFI_P015",50
"6000",-15196.4831128548,"CAFI_P015",100
"6001",-197.708760651236,"CAFI_P016",25
"6002",40813.6850157926,"CAFI_P016",50
"6003",-7879.76810203673,"CAFI_P016",100
"6004",32400.5440533845,"CAFI_P016",25
"6005",2504.99320335727,"CAFI_P016",50
"6006",-43792.1975155592,"CAFI_P016",100
"6007",-10554.6698874917,"CAFI_P016",25
"6008",-3350.61721552128,"CAFI_P016",50
"6009",-19502.4946159556,"CAFI_P016",100
"6010",15405.3642192307,"CAFI_P016",25
"6011",25846.2168559835,"CAFI_P016",50
"6012",37591.5030180495,"CAFI_P016",100
"6013",-2451.65859690501,"CAFI_P016",25
"6014",-10008.8992848272,"CAFI_P016",50
"6015",-15567.4741504584,"CAFI_P016",100
"6016",-10804.3691908853,"CAFI_P016",25
"6017",-3145.87714833504,"CAFI_P016",50
"6018",-29521.2456790655,"CAFI_P016",100
"6019",955.841240689973,"CAFI_P016",25
"6020",-2872.82826497103,"CAFI_P016",50
"6021",35122.7474701879,"CAFI_P016",100
"6022",14009.1544379449,"CAFI_P016",25
"6023",4630.16386265826,"CAFI_P016",50
"6024",41694.2197370552,"CAFI_P016",100
"6025",-25051.203157736,"CAFI_P016",25
"6026",3850.8380532749,"CAFI_P016",50
"6027",-8508.80568332551,"CAFI_P016",100
"6028",-4992.61709204095,"CAFI_P016",25
"6029",4843.09688815963,"CAFI_P016",50
"6030",-2853.45015263563,"CAFI_P016",100
"6031",-8756.29631005449,"CAFI_P016",25
"6032",-30344.5644911339,"CAFI_P016",50
"6033",9938.51354093995,"CAFI_P016",100
"6034",-11387.2966845536,"CAFI_P016",25
"6035",-17275.0553893644,"CAFI_P016",50
"6036",-20722.4260368152,"CAFI_P016",100
"6037",-6715.9272281942,"CAFI_P016",25
"6038",9387.04498022224,"CAFI_P016",50
"6039",-30519.741169528,"CAFI_P016",100
"6040",4779.12800419977,"CAFI_P016",25
"6041",-8496.09319113375,"CAFI_P016",50
"6042",-3741.05062945449,"CAFI_P016",100
"6043",-3965.8148521551,"CAFI_P016",25
"6044",6692.34090338787,"CAFI_P016",50
"6045",-13249.6912667471,"CAFI_P016",100
"6046",-12043.2513740993,"CAFI_P016",25
"6047",25454.9600238688,"CAFI_P016",50
"6048",-21284.2196901028,"CAFI_P016",100
"6049",13040.1186895554,"CAFI_P016",25
"6050",28706.8035215443,"CAFI_P016",50
"6051",-39342.4654335245,"CAFI_P016",100
"6052",15307.8530340754,"CAFI_P016",25
"6053",2132.32054612617,"CAFI_P016",50
"6054",-16753.2709385118,"CAFI_P016",100
"6055",2219.27767332771,"CAFI_P016",25
"6056",-33695.4216549685,"CAFI_P016",50
"6057",20159.4164220822,"CAFI_P016",100
"6058",-6420.68455277453,"CAFI_P016",25
"6059",-552.635517394578,"CAFI_P016",50
"6060",16141.173008333,"CAFI_P016",100
"6061",8175.00446114992,"CAFI_P016",25
"6062",51975.9338268209,"CAFI_P016",50
"6063",24367.2212464802,"CAFI_P016",100
"6064",23340.6378052995,"CAFI_P016",25
"6065",22214.4251704317,"CAFI_P016",50
"6066",57885.1214500851,"CAFI_P016",100
"6067",-6790.39800807071,"CAFI_P016",25
"6068",7985.36424662301,"CAFI_P016",50
"6069",-28240.7527424601,"CAFI_P016",100
"6070",24301.4760298209,"CAFI_P016",25
"6071",-957.378605851147,"CAFI_P016",50
"6072",36116.6575160953,"CAFI_P016",100
"6073",-9864.99744399835,"CAFI_P016",25
"6074",-15930.7198418461,"CAFI_P016",50
"6075",-11184.9860914117,"CAFI_P016",100
"6076",-7007.89360007172,"CAFI_P016",25
"6077",33529.298957765,"CAFI_P016",50
"6078",24682.840264763,"CAFI_P016",100
"6079",-18356.2009938592,"CAFI_P016",25
"6080",-42644.5591363018,"CAFI_P016",50
"6081",2558.12275647215,"CAFI_P016",100
"6082",-9015.20444103755,"CAFI_P016",25
"6083",1946.95605340909,"CAFI_P016",50
"6084",15800.7721707726,"CAFI_P016",100
"6085",22467.7306865019,"CAFI_P016",25
"6086",-5587.81128772255,"CAFI_P016",50
"6087",1066.23530481698,"CAFI_P016",100
"6088",7886.56376555009,"CAFI_P016",25
"6089",-13883.6643873319,"CAFI_P016",50
"6090",30960.2998299689,"CAFI_P016",100
"6091",-12234.7617377394,"CAFI_P016",25
"6092",22470.4728570473,"CAFI_P016",50
"6093",7458.89294700674,"CAFI_P016",100
"6094",8486.33993037819,"CAFI_P016",25
"6095",360.046776493022,"CAFI_P016",50
"6096",-6208.93686831772,"CAFI_P016",100
"6097",27336.2798891754,"CAFI_P016",25
"6098",24332.4769597769,"CAFI_P016",50
"6099",-46453.5442811473,"CAFI_P016",100
"6100",-2732.18810355553,"CAFI_P016",25
"6101",944.585014728887,"CAFI_P016",50
"6102",17897.5418056683,"CAFI_P016",100
"6103",-3495.49324709515,"CAFI_P016",25
"6104",4949.38488564576,"CAFI_P016",50
"6105",12924.5702614934,"CAFI_P016",100
"6106",-12394.5951579209,"CAFI_P016",25
"6107",1915.88118285948,"CAFI_P016",50
"6108",-1522.17320973502,"CAFI_P016",100
"6109",2960.62294113811,"CAFI_P016",25
"6110",10181.8126141108,"CAFI_P016",50
"6111",-14344.104423339,"CAFI_P016",100
"6112",-13724.3939969208,"CAFI_P016",25
"6113",-9908.66949039337,"CAFI_P016",50
"6114",31918.3860757294,"CAFI_P016",100
"6115",10764.2286654079,"CAFI_P016",25
"6116",5839.86934251478,"CAFI_P016",50
"6117",67086.7651394726,"CAFI_P016",100
"6118",-7911.70389069273,"CAFI_P016",25
"6119",9829.52132192574,"CAFI_P016",50
"6120",-23342.5444866488,"CAFI_P016",100
"6121",2691.54685936117,"CAFI_P016",25
"6122",-33986.2051752355,"CAFI_P016",50
"6123",9436.23640434199,"CAFI_P016",100
"6124",5780.13025872229,"CAFI_P016",25
"6125",-754.980529526889,"CAFI_P016",50
"6126",-11278.5872327475,"CAFI_P016",100
"6127",25493.6204263194,"CAFI_P016",25
"6128",35811.2343299976,"CAFI_P016",50
"6129",52895.5121763835,"CAFI_P016",100
"6130",14407.4143070129,"CAFI_P016",25
"6131",-12903.0162083011,"CAFI_P016",50
"6132",11111.1240124874,"CAFI_P016",100
"6133",5966.88594419579,"CAFI_P016",25
"6134",-13637.7798677146,"CAFI_P016",50
"6135",-28304.2667977198,"CAFI_P016",100
"6136",10692.2187430047,"CAFI_P016",25
"6137",-15459.5152517718,"CAFI_P016",50
"6138",-16913.1864759246,"CAFI_P016",100
"6139",-2615.48974004417,"CAFI_P016",25
"6140",28668.4482073402,"CAFI_P016",50
"6141",10326.0542736169,"CAFI_P016",100
"6142",-21155.2942926987,"CAFI_P016",25
"6143",-20646.431531917,"CAFI_P016",50
"6144",3222.45715144224,"CAFI_P016",100
"6145",-5498.75706375035,"CAFI_P016",25
"6146",-18039.2984872903,"CAFI_P016",50
"6147",-16106.5247000412,"CAFI_P016",100
"6148",-18988.0394172521,"CAFI_P016",25
"6149",-1332.91979476565,"CAFI_P016",50
"6150",11821.8712545773,"CAFI_P016",100
"6151",-10597.9038377645,"CAFI_P016",25
"6152",-17688.6637280125,"CAFI_P016",50
"6153",-15554.0720988052,"CAFI_P016",100
"6154",15024.6396982677,"CAFI_P016",25
"6155",29659.4469326714,"CAFI_P016",50
"6156",-34335.1780104424,"CAFI_P016",100
"6157",192.642318554223,"CAFI_P016",25
"6158",-18498.8126392817,"CAFI_P016",50
"6159",20249.8453689076,"CAFI_P016",100
"6160",-14230.9384322952,"CAFI_P016",25
"6161",-32629.7550580221,"CAFI_P016",50
"6162",-11945.2998386818,"CAFI_P016",100
"6163",7636.36835001834,"CAFI_P016",25
"6164",14439.7688935446,"CAFI_P016",50
"6165",-12012.0892843358,"CAFI_P016",100
"6166",2163.18104400265,"CAFI_P016",25
"6167",18824.3476700457,"CAFI_P016",50
"6168",13304.1273238458,"CAFI_P016",100
"6169",5545.39646579634,"CAFI_P016",25
"6170",4293.04942696093,"CAFI_P016",50
"6171",6377.1923286519,"CAFI_P016",100
"6172",-1908.65462809749,"CAFI_P016",25
"6173",17410.7611736129,"CAFI_P016",50
"6174",-32756.7669179518,"CAFI_P016",100
"6175",-2631.24339903693,"CAFI_P016",25
"6176",34024.8377595062,"CAFI_P016",50
"6177",-34566.4493666149,"CAFI_P016",100
"6178",11675.9545620132,"CAFI_P016",25
"6179",-14634.0977548275,"CAFI_P016",50
"6180",6335.37270155962,"CAFI_P016",100
"6181",-3425.01116887771,"CAFI_P016",25
"6182",-25134.767032876,"CAFI_P016",50
"6183",-29939.8924842839,"CAFI_P016",100
"6184",-4633.87753960205,"CAFI_P016",25
"6185",-11606.5694208132,"CAFI_P016",50
"6186",23619.0295971478,"CAFI_P016",100
"6187",12317.4004893386,"CAFI_P016",25
"6188",-32848.1235363664,"CAFI_P016",50
"6189",56.4781830697902,"CAFI_P016",100
"6190",11501.5798149447,"CAFI_P016",25
"6191",-7496.44520795584,"CAFI_P016",50
"6192",-18327.7233887982,"CAFI_P016",100
"6193",-13528.3316586015,"CAFI_P016",25
"6194",14562.1095488909,"CAFI_P016",50
"6195",-1604.41501656506,"CAFI_P016",100
"6196",7420.58188558789,"CAFI_P016",25
"6197",-9098.11794096406,"CAFI_P016",50
"6198",-25520.2053506844,"CAFI_P016",100
"6199",-19086.7882115471,"CAFI_P016",25
"6200",-17476.506326126,"CAFI_P016",50
"6201",449.728928232857,"CAFI_P016",100
"6202",-10503.9334511757,"CAFI_P016",25
"6203",-31352.8770354348,"CAFI_P016",50
"6204",7025.41741929384,"CAFI_P016",100
"6205",11418.8475305964,"CAFI_P016",25
"6206",12921.6366107661,"CAFI_P016",50
"6207",-42808.5504478791,"CAFI_P016",100
"6208",1670.84605723317,"CAFI_P016",25
"6209",10916.1480597198,"CAFI_P016",50
"6210",22746.236763859,"CAFI_P016",100
"6211",20043.5918597022,"CAFI_P016",25
"6212",-23462.9824888827,"CAFI_P016",50
"6213",31139.5194226681,"CAFI_P016",100
"6214",268.392100243014,"CAFI_P016",25
"6215",48861.3037122619,"CAFI_P016",50
"6216",-34922.7894930124,"CAFI_P016",100
"6217",8797.6783291644,"CAFI_P016",25
"6218",-15878.9343176792,"CAFI_P016",50
"6219",-393.832093637669,"CAFI_P016",100
"6220",13377.2645762085,"CAFI_P016",25
"6221",28585.8077660268,"CAFI_P016",50
"6222",-2114.30998479738,"CAFI_P016",100
"6223",1593.44099189382,"CAFI_P016",25
"6224",-7903.50548158243,"CAFI_P016",50
"6225",-6214.52861950878,"CAFI_P016",100
"6226",30398.0255226549,"CAFI_P016",25
"6227",27210.5137402388,"CAFI_P016",50
"6228",-8062.79176753294,"CAFI_P016",100
"6229",7321.06138797925,"CAFI_P016",25
"6230",31613.2304760762,"CAFI_P016",50
"6231",-4013.76868396212,"CAFI_P016",100
"6232",-4696.69258930231,"CAFI_P016",25
"6233",-6599.43180505739,"CAFI_P016",50
"6234",4784.99919473258,"CAFI_P016",100
"6235",28079.8279079153,"CAFI_P016",25
"6236",-9982.35495122522,"CAFI_P016",50
"6237",21493.510155884,"CAFI_P016",100
"6238",1578.93908014667,"CAFI_P016",25
"6239",-5673.5986974531,"CAFI_P016",50
"6240",-23409.6577435464,"CAFI_P016",100
"6241",-759.756641045213,"CAFI_P016",25
"6242",11120.9557058124,"CAFI_P016",50
"6243",-7636.74509760574,"CAFI_P016",100
"6244",-4557.17225389311,"CAFI_P016",25
"6245",28474.6494422283,"CAFI_P016",50
"6246",-7411.6770767679,"CAFI_P016",100
"6247",-40529.885322282,"CAFI_P016",25
"6248",-1910.34387946402,"CAFI_P016",50
"6249",59954.2252170464,"CAFI_P016",100
"6250",-28062.2534600022,"CAFI_P016",25
"6251",-3892.10923932138,"CAFI_P016",50
"6252",15976.3341603696,"CAFI_P016",100
"6253",-3984.44236081128,"CAFI_P016",25
"6254",-20373.4156017948,"CAFI_P016",50
"6255",-5325.43214344041,"CAFI_P016",100
"6256",14258.1845952187,"CAFI_P016",25
"6257",6904.86062343518,"CAFI_P016",50
"6258",6029.64587457676,"CAFI_P016",100
"6259",-1465.79029809521,"CAFI_P016",25
"6260",-8400.53507217747,"CAFI_P016",50
"6261",372.335069534893,"CAFI_P016",100
"6262",-1268.2118794673,"CAFI_P016",25
"6263",10785.3016268897,"CAFI_P016",50
"6264",-7912.54644252581,"CAFI_P016",100
"6265",-10568.8935193202,"CAFI_P016",25
"6266",4864.38667972642,"CAFI_P016",50
"6267",10820.0948545065,"CAFI_P016",100
"6268",-17670.4581851955,"CAFI_P016",25
"6269",15123.9163732007,"CAFI_P016",50
"6270",32461.2783793743,"CAFI_P016",100
"6271",-14739.7117802675,"CAFI_P016",25
"6272",4910.68098908954,"CAFI_P016",50
"6273",23387.318328091,"CAFI_P016",100
"6274",4587.49740317778,"CAFI_P016",25
"6275",16396.9192439881,"CAFI_P016",50
"6276",2804.84883488546,"CAFI_P016",100
"6277",11509.2079538577,"CAFI_P016",25
"6278",55132.777076064,"CAFI_P016",50
"6279",7926.65639209683,"CAFI_P016",100
"6280",-5732.26725637517,"CAFI_P016",25
"6281",903.733771247789,"CAFI_P016",50
"6282",24189.5003570953,"CAFI_P016",100
"6283",7965.12364479312,"CAFI_P016",25
"6284",39918.4129425992,"CAFI_P016",50
"6285",10163.9471515043,"CAFI_P016",100
"6286",9128.60803888453,"CAFI_P016",25
"6287",11630.6401175605,"CAFI_P016",50
"6288",-31257.3100206224,"CAFI_P016",100
"6289",-23814.7229267145,"CAFI_P016",25
"6290",26152.4315566001,"CAFI_P016",50
"6291",-3032.93733232509,"CAFI_P016",100
"6292",-11656.9040638262,"CAFI_P016",25
"6293",-3661.26984932274,"CAFI_P016",50
"6294",25399.8082683703,"CAFI_P016",100
"6295",-6757.60391207057,"CAFI_P016",25
"6296",-7696.94227185444,"CAFI_P016",50
"6297",-10668.8987169597,"CAFI_P016",100
"6298",-11629.6083566524,"CAFI_P016",25
"6299",-27683.5730000511,"CAFI_P016",50
"6300",10326.0439923721,"CAFI_P016",100
"6301",-16208.893792592,"CAFI_P017",25
"6302",11064.038907408,"CAFI_P017",50
"6303",84850.382577408,"CAFI_P017",100
"6304",40311.666257408,"CAFI_P017",25
"6305",41540.595337408,"CAFI_P017",50
"6306",62307.468447408,"CAFI_P017",100
"6307",30511.339917408,"CAFI_P017",25
"6308",16654.470407408,"CAFI_P017",50
"6309",18933.862577408,"CAFI_P017",100
"6310",12570.253507408,"CAFI_P017",25
"6311",39566.947617408,"CAFI_P017",50
"6312",90287.485417408,"CAFI_P017",100
"6313",10959.947737408,"CAFI_P017",25
"6314",3855.95221740799,"CAFI_P017",50
"6315",58616.108417408,"CAFI_P017",100
"6316",21663.714157408,"CAFI_P017",25
"6317",47845.518847408,"CAFI_P017",50
"6318",39568.420127408,"CAFI_P017",100
"6319",2043.95344740798,"CAFI_P017",25
"6320",14778.189837408,"CAFI_P017",50
"6321",66283.769617408,"CAFI_P017",100
"6322",4920.89430740796,"CAFI_P017",25
"6323",22964.911917408,"CAFI_P017",50
"6324",76221.054047408,"CAFI_P017",100
"6325",24469.289737408,"CAFI_P017",25
"6326",-1943.10490259202,"CAFI_P017",50
"6327",68135.380677408,"CAFI_P017",100
"6328",9226.05662740796,"CAFI_P017",25
"6329",-1708.44427259202,"CAFI_P017",50
"6330",44820.663167408,"CAFI_P017",100
"6331",10247.083257408,"CAFI_P017",25
"6332",20719.116467408,"CAFI_P017",50
"6333",39244.191857408,"CAFI_P017",100
"6334",11829.387887408,"CAFI_P017",25
"6335",57756.863967408,"CAFI_P017",50
"6336",29746.332517408,"CAFI_P017",100
"6337",13901.883997408,"CAFI_P017",25
"6338",14643.787637408,"CAFI_P017",50
"6339",60081.657607408,"CAFI_P017",100
"6340",23307.308487408,"CAFI_P017",25
"6341",78729.772827408,"CAFI_P017",50
"6342",31210.853667408,"CAFI_P017",100
"6343",16053.291427408,"CAFI_P017",25
"6344",62026.510467408,"CAFI_P017",50
"6345",63621.979777408,"CAFI_P017",100
"6346",13787.997717408,"CAFI_P017",25
"6347",45463.922177408,"CAFI_P017",50
"6348",50474.638017408,"CAFI_P017",100
"6349",18236.590167408,"CAFI_P017",25
"6350",86001.560857408,"CAFI_P017",50
"6351",65780.706487408,"CAFI_P017",100
"6352",21350.534437408,"CAFI_P017",25
"6353",46267.504527408,"CAFI_P017",50
"6354",50739.197027408,"CAFI_P017",100
"6355",34218.773947408,"CAFI_P017",25
"6356",5023.57567740796,"CAFI_P017",50
"6357",34086.761297408,"CAFI_P017",100
"6358",6180.44573740801,"CAFI_P017",25
"6359",-18469.448062592,"CAFI_P017",50
"6360",57888.949437408,"CAFI_P017",100
"6361",25767.387957408,"CAFI_P017",25
"6362",51041.511557408,"CAFI_P017",50
"6363",19427.663617408,"CAFI_P017",100
"6364",13948.434527408,"CAFI_P017",25
"6365",48847.749497408,"CAFI_P017",50
"6366",68506.776957408,"CAFI_P017",100
"6367",1005.09160740796,"CAFI_P017",25
"6368",14887.368487408,"CAFI_P017",50
"6369",43056.678617408,"CAFI_P017",100
"6370",9435.40713740798,"CAFI_P017",25
"6371",63505.546867408,"CAFI_P017",50
"6372",-3835.76330259204,"CAFI_P017",100
"6373",34282.674117408,"CAFI_P017",25
"6374",-5120.05503259203,"CAFI_P017",50
"6375",45102.602007408,"CAFI_P017",100
"6376",9894.42329740798,"CAFI_P017",25
"6377",41083.428967408,"CAFI_P017",50
"6378",41793.247357408,"CAFI_P017",100
"6379",19732.820897408,"CAFI_P017",25
"6380",23135.643967408,"CAFI_P017",50
"6381",91628.800837408,"CAFI_P017",100
"6382",21767.090047408,"CAFI_P017",25
"6383",8658.97183740797,"CAFI_P017",50
"6384",49637.826767408,"CAFI_P017",100
"6385",10687.750117408,"CAFI_P017",25
"6386",32889.426617408,"CAFI_P017",50
"6387",6722.59020740801,"CAFI_P017",100
"6388",-11584.933042592,"CAFI_P017",25
"6389",18475.836577408,"CAFI_P017",50
"6390",12693.349187408,"CAFI_P017",100
"6391",4075.35060740798,"CAFI_P017",25
"6392",7089.30176740797,"CAFI_P017",50
"6393",76920.666757408,"CAFI_P017",100
"6394",1475.96498740796,"CAFI_P017",25
"6395",46037.827947408,"CAFI_P017",50
"6396",109012.458237408,"CAFI_P017",100
"6397",22106.417287408,"CAFI_P017",25
"6398",3627.536367408,"CAFI_P017",50
"6399",36686.390357408,"CAFI_P017",100
"6400",-9863.38025259203,"CAFI_P017",25
"6401",34844.165917408,"CAFI_P017",50
"6402",50178.260067408,"CAFI_P017",100
"6403",22263.623157408,"CAFI_P017",25
"6404",30241.029597408,"CAFI_P017",50
"6405",42486.419297408,"CAFI_P017",100
"6406",6143.09715740796,"CAFI_P017",25
"6407",34075.965137408,"CAFI_P017",50
"6408",48170.233557408,"CAFI_P017",100
"6409",4118.035067408,"CAFI_P017",25
"6410",12297.644287408,"CAFI_P017",50
"6411",35420.528167408,"CAFI_P017",100
"6412",7535.07224740798,"CAFI_P017",25
"6413",33422.103817408,"CAFI_P017",50
"6414",74970.954907408,"CAFI_P017",100
"6415",9658.31714740797,"CAFI_P017",25
"6416",54573.097747408,"CAFI_P017",50
"6417",102345.262097408,"CAFI_P017",100
"6418",6646.59694740799,"CAFI_P017",25
"6419",12185.599177408,"CAFI_P017",50
"6420",59507.843007408,"CAFI_P017",100
"6421",7978.03627740801,"CAFI_P017",25
"6422",10317.170967408,"CAFI_P017",50
"6423",24683.903317408,"CAFI_P017",100
"6424",18770.572117408,"CAFI_P017",25
"6425",-36311.821032592,"CAFI_P017",50
"6426",51024.338817408,"CAFI_P017",100
"6427",29554.021047408,"CAFI_P017",25
"6428",24878.811887408,"CAFI_P017",50
"6429",60368.222417408,"CAFI_P017",100
"6430",-4583.32677259203,"CAFI_P017",25
"6431",23659.920437408,"CAFI_P017",50
"6432",20476.932407408,"CAFI_P017",100
"6433",10383.504097408,"CAFI_P017",25
"6434",38664.535997408,"CAFI_P017",50
"6435",47919.786567408,"CAFI_P017",100
"6436",55212.832717408,"CAFI_P017",25
"6437",-3199.98565259203,"CAFI_P017",50
"6438",67364.999137408,"CAFI_P017",100
"6439",17100.228727408,"CAFI_P017",25
"6440",38471.964997408,"CAFI_P017",50
"6441",27991.542927408,"CAFI_P017",100
"6442",34528.341547408,"CAFI_P017",25
"6443",15782.209387408,"CAFI_P017",50
"6444",85628.030817408,"CAFI_P017",100
"6445",26772.596007408,"CAFI_P017",25
"6446",17636.014047408,"CAFI_P017",50
"6447",11451.822997408,"CAFI_P017",100
"6448",19908.740857408,"CAFI_P017",25
"6449",41471.786857408,"CAFI_P017",50
"6450",34906.947417408,"CAFI_P017",100
"6451",34409.697977408,"CAFI_P017",25
"6452",58794.505067408,"CAFI_P017",50
"6453",112449.309457408,"CAFI_P017",100
"6454",2514.16654740798,"CAFI_P017",25
"6455",41482.819207408,"CAFI_P017",50
"6456",41585.424527408,"CAFI_P017",100
"6457",33563.601687408,"CAFI_P017",25
"6458",46812.679877408,"CAFI_P017",50
"6459",92507.769687408,"CAFI_P017",100
"6460",10029.709407408,"CAFI_P017",25
"6461",13487.339967408,"CAFI_P017",50
"6462",46283.195497408,"CAFI_P017",100
"6463",21076.563707408,"CAFI_P017",25
"6464",3928.53505740798,"CAFI_P017",50
"6465",85552.975597408,"CAFI_P017",100
"6466",1923.26430740801,"CAFI_P017",25
"6467",8203.65022740798,"CAFI_P017",50
"6468",102508.241477408,"CAFI_P017",100
"6469",-13398.909122592,"CAFI_P017",25
"6470",47950.466777408,"CAFI_P017",50
"6471",7104.87184740801,"CAFI_P017",100
"6472",18678.950987408,"CAFI_P017",25
"6473",55342.999557408,"CAFI_P017",50
"6474",5142.02686740796,"CAFI_P017",100
"6475",-2489.72931259201,"CAFI_P017",25
"6476",31986.386217408,"CAFI_P017",50
"6477",20666.835347408,"CAFI_P017",100
"6478",29570.291727408,"CAFI_P017",25
"6479",12600.916947408,"CAFI_P017",50
"6480",44735.094327408,"CAFI_P017",100
"6481",762.408017407986,"CAFI_P017",25
"6482",56781.490747408,"CAFI_P017",50
"6483",32137.323177408,"CAFI_P017",100
"6484",14061.944207408,"CAFI_P017",25
"6485",2684.176197408,"CAFI_P017",50
"6486",11525.348497408,"CAFI_P017",100
"6487",13995.350907408,"CAFI_P017",25
"6488",6890.39830740797,"CAFI_P017",50
"6489",40661.004047408,"CAFI_P017",100
"6490",-1145.79000259202,"CAFI_P017",25
"6491",5966.510927408,"CAFI_P017",50
"6492",80929.440457408,"CAFI_P017",100
"6493",3958.205207408,"CAFI_P017",25
"6494",61971.823787408,"CAFI_P017",50
"6495",69972.457387408,"CAFI_P017",100
"6496",16277.980017408,"CAFI_P017",25
"6497",58569.488327408,"CAFI_P017",50
"6498",51668.714777408,"CAFI_P017",100
"6499",22581.298077408,"CAFI_P017",25
"6500",32551.699507408,"CAFI_P017",50
"6501",35413.346617408,"CAFI_P017",100
"6502",1260.09346740798,"CAFI_P017",25
"6503",60534.722017408,"CAFI_P017",50
"6504",9487.26353740797,"CAFI_P017",100
"6505",-4438.40799259202,"CAFI_P017",25
"6506",57378.835597408,"CAFI_P017",50
"6507",56727.461497408,"CAFI_P017",100
"6508",11869.393057408,"CAFI_P017",25
"6509",82537.852697408,"CAFI_P017",50
"6510",1955.26124740799,"CAFI_P017",100
"6511",19940.308467408,"CAFI_P017",25
"6512",27132.977417408,"CAFI_P017",50
"6513",73022.905837408,"CAFI_P017",100
"6514",-16100.056142592,"CAFI_P017",25
"6515",-10138.954612592,"CAFI_P017",50
"6516",50752.360267408,"CAFI_P017",100
"6517",17782.711797408,"CAFI_P017",25
"6518",34117.446857408,"CAFI_P017",50
"6519",39011.779397408,"CAFI_P017",100
"6520",15244.335077408,"CAFI_P017",25
"6521",18125.065317408,"CAFI_P017",50
"6522",39527.708217408,"CAFI_P017",100
"6523",11033.489387408,"CAFI_P017",25
"6524",29671.123537408,"CAFI_P017",50
"6525",20378.739147408,"CAFI_P017",100
"6526",-22251.021632592,"CAFI_P017",25
"6527",64141.252357408,"CAFI_P017",50
"6528",17933.411257408,"CAFI_P017",100
"6529",23856.843507408,"CAFI_P017",25
"6530",34816.113207408,"CAFI_P017",50
"6531",65465.068827408,"CAFI_P017",100
"6532",21522.542567408,"CAFI_P017",25
"6533",27959.624597408,"CAFI_P017",50
"6534",61241.264447408,"CAFI_P017",100
"6535",16751.233007408,"CAFI_P017",25
"6536",17141.585127408,"CAFI_P017",50
"6537",49071.057687408,"CAFI_P017",100
"6538",39542.395407408,"CAFI_P017",25
"6539",822.555417408003,"CAFI_P017",50
"6540",24394.791037408,"CAFI_P017",100
"6541",-9240.59045259201,"CAFI_P017",25
"6542",794.871467407967,"CAFI_P017",50
"6543",14757.700407408,"CAFI_P017",100
"6544",40479.812447408,"CAFI_P017",25
"6545",7895.25638740801,"CAFI_P017",50
"6546",19472.438687408,"CAFI_P017",100
"6547",-914.207542592019,"CAFI_P017",25
"6548",-17743.569032592,"CAFI_P017",50
"6549",53529.510237408,"CAFI_P017",100
"6550",42721.088677408,"CAFI_P017",25
"6551",45629.228387408,"CAFI_P017",50
"6552",74322.444547408,"CAFI_P017",100
"6553",15846.904787408,"CAFI_P017",25
"6554",83449.496677408,"CAFI_P017",50
"6555",30401.090197408,"CAFI_P017",100
"6556",8953.08584740799,"CAFI_P017",25
"6557",-17105.531382592,"CAFI_P017",50
"6558",37858.634667408,"CAFI_P017",100
"6559",-20788.975392592,"CAFI_P017",25
"6560",22353.897677408,"CAFI_P017",50
"6561",42608.075047408,"CAFI_P017",100
"6562",2976.81932740798,"CAFI_P017",25
"6563",19665.878317408,"CAFI_P017",50
"6564",54155.120397408,"CAFI_P017",100
"6565",-13859.653092592,"CAFI_P017",25
"6566",11581.150167408,"CAFI_P017",50
"6567",53778.137057408,"CAFI_P017",100
"6568",5439.45428740798,"CAFI_P017",25
"6569",55736.831767408,"CAFI_P017",50
"6570",107307.482907408,"CAFI_P017",100
"6571",6987.27780740801,"CAFI_P017",25
"6572",79967.958507408,"CAFI_P017",50
"6573",52882.154227408,"CAFI_P017",100
"6574",24345.728687408,"CAFI_P017",25
"6575",25754.070777408,"CAFI_P017",50
"6576",52987.199627408,"CAFI_P017",100
"6577",312.317437407968,"CAFI_P017",25
"6578",27398.964227408,"CAFI_P017",50
"6579",43352.419427408,"CAFI_P017",100
"6580",-1479.58484259201,"CAFI_P017",25
"6581",34346.599427408,"CAFI_P017",50
"6582",66204.582387408,"CAFI_P017",100
"6583",-8010.41215259203,"CAFI_P017",25
"6584",26338.153487408,"CAFI_P017",50
"6585",37444.861777408,"CAFI_P017",100
"6586",29740.986477408,"CAFI_P017",25
"6587",31638.162717408,"CAFI_P017",50
"6588",56507.570177408,"CAFI_P017",100
"6589",25791.107977408,"CAFI_P017",25
"6590",-18195.167252592,"CAFI_P017",50
"6591",31452.048017408,"CAFI_P017",100
"6592",-12899.405862592,"CAFI_P017",25
"6593",10706.486237408,"CAFI_P017",50
"6594",57348.893927408,"CAFI_P017",100
"6595",19224.479797408,"CAFI_P017",25
"6596",56664.631207408,"CAFI_P017",50
"6597",94876.455337408,"CAFI_P017",100
"6598",25295.552407408,"CAFI_P017",25
"6599",-3898.273732592,"CAFI_P017",50
"6600",44780.003097408,"CAFI_P017",100
"6601",63258.22293503,"CAFI_P020",25
"6602",60928.02242503,"CAFI_P020",50
"6603",149147.78179503,"CAFI_P020",100
"6604",3367.68797502993,"CAFI_P020",25
"6605",38960.15355503,"CAFI_P020",50
"6606",20650.9495950299,"CAFI_P020",100
"6607",4449.94545502996,"CAFI_P020",25
"6608",63332.9158550299,"CAFI_P020",50
"6609",38498.41427503,"CAFI_P020",100
"6610",31106.81539503,"CAFI_P020",25
"6611",40981.76227503,"CAFI_P020",50
"6612",90863.69388503,"CAFI_P020",100
"6613",-5088.52235496999,"CAFI_P020",25
"6614",35886.93802503,"CAFI_P020",50
"6615",113507.52294503,"CAFI_P020",100
"6616",27364.3600650299,"CAFI_P020",25
"6617",62349.0472450299,"CAFI_P020",50
"6618",96118.73209503,"CAFI_P020",100
"6619",-18619.0959349701,"CAFI_P020",25
"6620",-22976.93962497,"CAFI_P020",50
"6621",78015.2981150299,"CAFI_P020",100
"6622",-26093.40513497,"CAFI_P020",25
"6623",98201.5838150299,"CAFI_P020",50
"6624",-496.885914970073,"CAFI_P020",100
"6625",50458.40682503,"CAFI_P020",25
"6626",20853.66289503,"CAFI_P020",50
"6627",-30162.35461497,"CAFI_P020",100
"6628",28815.28330503,"CAFI_P020",25
"6629",16288.04790503,"CAFI_P020",50
"6630",105118.41161503,"CAFI_P020",100
"6631",-123.082254969981,"CAFI_P020",25
"6632",-37177.5276249701,"CAFI_P020",50
"6633",134575.52357503,"CAFI_P020",100
"6634",-46758.91828497,"CAFI_P020",25
"6635",63314.97645503,"CAFI_P020",50
"6636",4515.47700503003,"CAFI_P020",100
"6637",30298.9021850299,"CAFI_P020",25
"6638",58650.73583503,"CAFI_P020",50
"6639",127938.09350503,"CAFI_P020",100
"6640",78793.4821450299,"CAFI_P020",25
"6641",92115.90946503,"CAFI_P020",50
"6642",-27737.14893497,"CAFI_P020",100
"6643",21224.9636150299,"CAFI_P020",25
"6644",112326.48639503,"CAFI_P020",50
"6645",120089.14527503,"CAFI_P020",100
"6646",78966.6794450299,"CAFI_P020",25
"6647",-5026.86508497002,"CAFI_P020",50
"6648",-23437.50957497,"CAFI_P020",100
"6649",-1532.52740497002,"CAFI_P020",25
"6650",29913.90006503,"CAFI_P020",50
"6651",37177.93848503,"CAFI_P020",100
"6652",104245.38453503,"CAFI_P020",25
"6653",-39310.58741497,"CAFI_P020",50
"6654",37708.0033350299,"CAFI_P020",100
"6655",80341.37254503,"CAFI_P020",25
"6656",66461.3434150299,"CAFI_P020",50
"6657",139112.27933503,"CAFI_P020",100
"6658",-14535.44063497,"CAFI_P020",25
"6659",7013.73283502995,"CAFI_P020",50
"6660",79643.67695503,"CAFI_P020",100
"6661",-530.200344969984,"CAFI_P020",25
"6662",133741.66246503,"CAFI_P020",50
"6663",74642.6976250299,"CAFI_P020",100
"6664",-12497.8841849701,"CAFI_P020",25
"6665",213056.43361503,"CAFI_P020",50
"6666",122786.17352503,"CAFI_P020",100
"6667",10034.11037503,"CAFI_P020",25
"6668",55941.54578503,"CAFI_P020",50
"6669",81873.71905503,"CAFI_P020",100
"6670",64150.8957950299,"CAFI_P020",25
"6671",142221.74406503,"CAFI_P020",50
"6672",18085.20073503,"CAFI_P020",100
"6673",1895.70798503002,"CAFI_P020",25
"6674",-78542.6134849701,"CAFI_P020",50
"6675",141038.55545503,"CAFI_P020",100
"6676",-7070.28343497007,"CAFI_P020",25
"6677",101206.44060503,"CAFI_P020",50
"6678",123524.82680503,"CAFI_P020",100
"6679",53031.8844950299,"CAFI_P020",25
"6680",61881.76201503,"CAFI_P020",50
"6681",-45106.7048949701,"CAFI_P020",100
"6682",-90628.44747497,"CAFI_P020",25
"6683",169373.00643503,"CAFI_P020",50
"6684",-19099.8051749701,"CAFI_P020",100
"6685",4221.52958502993,"CAFI_P020",25
"6686",81256.78329503,"CAFI_P020",50
"6687",109802.88377503,"CAFI_P020",100
"6688",-29823.63956497,"CAFI_P020",25
"6689",10976.76980503,"CAFI_P020",50
"6690",-11449.83279497,"CAFI_P020",100
"6691",38688.39123503,"CAFI_P020",25
"6692",-39440.40179497,"CAFI_P020",50
"6693",5747.83759502997,"CAFI_P020",100
"6694",89698.2769850299,"CAFI_P020",25
"6695",63475.49016503,"CAFI_P020",50
"6696",-11505.19460497,"CAFI_P020",100
"6697",1941.38975502993,"CAFI_P020",25
"6698",-13769.5691649701,"CAFI_P020",50
"6699",72379.8504650299,"CAFI_P020",100
"6700",41093.09489503,"CAFI_P020",25
"6701",-62199.47870497,"CAFI_P020",50
"6702",18393.27572503,"CAFI_P020",100
"6703",72525.3560150299,"CAFI_P020",25
"6704",50222.6736350299,"CAFI_P020",50
"6705",-4063.20923497004,"CAFI_P020",100
"6706",-62554.39105497,"CAFI_P020",25
"6707",28026.40837503,"CAFI_P020",50
"6708",44140.88590503,"CAFI_P020",100
"6709",115959.32050503,"CAFI_P020",25
"6710",-20425.31522497,"CAFI_P020",50
"6711",10760.46976503,"CAFI_P020",100
"6712",85326.5538350299,"CAFI_P020",25
"6713",80193.6058150299,"CAFI_P020",50
"6714",171696.12290503,"CAFI_P020",100
"6715",-35776.56993497,"CAFI_P020",25
"6716",73443.69787503,"CAFI_P020",50
"6717",101270.82590503,"CAFI_P020",100
"6718",-18280.01166497,"CAFI_P020",25
"6719",61000.0427650299,"CAFI_P020",50
"6720",76831.4385250299,"CAFI_P020",100
"6721",21015.1285950299,"CAFI_P020",25
"6722",7786.62538502994,"CAFI_P020",50
"6723",59237.7170550299,"CAFI_P020",100
"6724",-12234.99517497,"CAFI_P020",25
"6725",71182.28416503,"CAFI_P020",50
"6726",13093.73429503,"CAFI_P020",100
"6727",-9117.36429497006,"CAFI_P020",25
"6728",30932.4121550299,"CAFI_P020",50
"6729",104666.27424503,"CAFI_P020",100
"6730",2247.23797502997,"CAFI_P020",25
"6731",33875.15332503,"CAFI_P020",50
"6732",-33398.56527497,"CAFI_P020",100
"6733",29393.72495503,"CAFI_P020",25
"6734",20932.70700503,"CAFI_P020",50
"6735",18191.42932503,"CAFI_P020",100
"6736",-14634.4480149701,"CAFI_P020",25
"6737",10560.51373503,"CAFI_P020",50
"6738",100056.26503503,"CAFI_P020",100
"6739",19163.92238503,"CAFI_P020",25
"6740",96360.37150503,"CAFI_P020",50
"6741",78038.83039503,"CAFI_P020",100
"6742",-31104.9341949701,"CAFI_P020",25
"6743",34188.72508503,"CAFI_P020",50
"6744",155821.56881503,"CAFI_P020",100
"6745",-7445.81534496997,"CAFI_P020",25
"6746",7614.72326502996,"CAFI_P020",50
"6747",-37393.6155649701,"CAFI_P020",100
"6748",24858.2432750299,"CAFI_P020",25
"6749",118798.17112503,"CAFI_P020",50
"6750",118480.67899503,"CAFI_P020",100
"6751",-69171.74440497,"CAFI_P020",25
"6752",-42377.59747497,"CAFI_P020",50
"6753",-37177.45857497,"CAFI_P020",100
"6754",31231.9288950299,"CAFI_P020",25
"6755",68837.1518050299,"CAFI_P020",50
"6756",-42810.86685497,"CAFI_P020",100
"6757",40880.98518503,"CAFI_P020",25
"6758",109660.47436503,"CAFI_P020",50
"6759",65413.6725650299,"CAFI_P020",100
"6760",-1663.22728496999,"CAFI_P020",25
"6761",18679.05644503,"CAFI_P020",50
"6762",3646.18074502994,"CAFI_P020",100
"6763",8651.87435503001,"CAFI_P020",25
"6764",43402.44287503,"CAFI_P020",50
"6765",42965.60457503,"CAFI_P020",100
"6766",-9901.51603497006,"CAFI_P020",25
"6767",135177.27912503,"CAFI_P020",50
"6768",110329.03857503,"CAFI_P020",100
"6769",69207.51224503,"CAFI_P020",25
"6770",-41287.72016497,"CAFI_P020",50
"6771",99643.17401503,"CAFI_P020",100
"6772",-24772.27802497,"CAFI_P020",25
"6773",41133.76199503,"CAFI_P020",50
"6774",134733.76248503,"CAFI_P020",100
"6775",-29976.74040497,"CAFI_P020",25
"6776",-5017.85054497002,"CAFI_P020",50
"6777",122132.99095503,"CAFI_P020",100
"6778",-14255.57065497,"CAFI_P020",25
"6779",25506.14034503,"CAFI_P020",50
"6780",53151.35365503,"CAFI_P020",100
"6781",51912.08200503,"CAFI_P020",25
"6782",30840.75560503,"CAFI_P020",50
"6783",118494.17639503,"CAFI_P020",100
"6784",40127.23041503,"CAFI_P020",25
"6785",466.677835030016,"CAFI_P020",50
"6786",29816.20149503,"CAFI_P020",100
"6787",63533.17611503,"CAFI_P020",25
"6788",-5742.08761497005,"CAFI_P020",50
"6789",140124.77703503,"CAFI_P020",100
"6790",10096.51009503,"CAFI_P020",25
"6791",29885.21382503,"CAFI_P020",50
"6792",37474.4373650299,"CAFI_P020",100
"6793",76663.96022503,"CAFI_P020",25
"6794",27097.48186503,"CAFI_P020",50
"6795",-60361.7776549701,"CAFI_P020",100
"6796",19935.58594503,"CAFI_P020",25
"6797",-26408.7982349701,"CAFI_P020",50
"6798",-19300.7161949701,"CAFI_P020",100
"6799",57068.74504503,"CAFI_P020",25
"6800",33341.69177503,"CAFI_P020",50
"6801",84935.6730250299,"CAFI_P020",100
"6802",18345.11628503,"CAFI_P020",25
"6803",27215.5366950299,"CAFI_P020",50
"6804",128007.15152503,"CAFI_P020",100
"6805",38614.71710503,"CAFI_P020",25
"6806",20357.4167550299,"CAFI_P020",50
"6807",87717.91859503,"CAFI_P020",100
"6808",89969.89948503,"CAFI_P020",25
"6809",44654.1553050299,"CAFI_P020",50
"6810",59540.41392503,"CAFI_P020",100
"6811",8467.29734503001,"CAFI_P020",25
"6812",73327.3700950299,"CAFI_P020",50
"6813",29000.47261503,"CAFI_P020",100
"6814",16569.90963503,"CAFI_P020",25
"6815",94732.25643503,"CAFI_P020",50
"6816",69118.83732503,"CAFI_P020",100
"6817",-37723.41535497,"CAFI_P020",25
"6818",47409.27956503,"CAFI_P020",50
"6819",93254.97691503,"CAFI_P020",100
"6820",25154.6814950299,"CAFI_P020",25
"6821",69589.46860503,"CAFI_P020",50
"6822",83703.18092503,"CAFI_P020",100
"6823",8578.00203502993,"CAFI_P020",25
"6824",106823.88752503,"CAFI_P020",50
"6825",-39632.79761497,"CAFI_P020",100
"6826",-4782.28750496998,"CAFI_P020",25
"6827",26014.0255050299,"CAFI_P020",50
"6828",117725.09838503,"CAFI_P020",100
"6829",23154.90969503,"CAFI_P020",25
"6830",32029.1961850299,"CAFI_P020",50
"6831",158526.65756503,"CAFI_P020",100
"6832",-23975.4892349701,"CAFI_P020",25
"6833",77036.32804503,"CAFI_P020",50
"6834",76483.70976503,"CAFI_P020",100
"6835",53652.89450503,"CAFI_P020",25
"6836",40350.78173503,"CAFI_P020",50
"6837",122676.29945503,"CAFI_P020",100
"6838",33828.6736950299,"CAFI_P020",25
"6839",26027.70706503,"CAFI_P020",50
"6840",27472.67460503,"CAFI_P020",100
"6841",-19569.7099249701,"CAFI_P020",25
"6842",-17859.74518497,"CAFI_P020",50
"6843",63488.42959503,"CAFI_P020",100
"6844",76932.80370503,"CAFI_P020",25
"6845",39891.12722503,"CAFI_P020",50
"6846",89627.4254850299,"CAFI_P020",100
"6847",43174.68270503,"CAFI_P020",25
"6848",54372.81972503,"CAFI_P020",50
"6849",66682.6211950299,"CAFI_P020",100
"6850",137353.86343503,"CAFI_P020",25
"6851",-33586.6309449701,"CAFI_P020",50
"6852",-52981.2199249701,"CAFI_P020",100
"6853",54229.97625503,"CAFI_P020",25
"6854",62789.8340450299,"CAFI_P020",50
"6855",83998.60195503,"CAFI_P020",100
"6856",-33503.07990497,"CAFI_P020",25
"6857",-21138.79555497,"CAFI_P020",50
"6858",75974.2890050299,"CAFI_P020",100
"6859",24755.7169950299,"CAFI_P020",25
"6860",40099.2221450299,"CAFI_P020",50
"6861",54497.82909503,"CAFI_P020",100
"6862",24655.88825503,"CAFI_P020",25
"6863",18232.53347503,"CAFI_P020",50
"6864",54893.34218503,"CAFI_P020",100
"6865",9349.51986502996,"CAFI_P020",25
"6866",121666.50157503,"CAFI_P020",50
"6867",163992.85606503,"CAFI_P020",100
"6868",4620.73641502997,"CAFI_P020",25
"6869",-23791.07099497,"CAFI_P020",50
"6870",21774.56738503,"CAFI_P020",100
"6871",-817.212544969982,"CAFI_P020",25
"6872",12979.76704503,"CAFI_P020",50
"6873",-58972.6653149701,"CAFI_P020",100
"6874",57182.87192503,"CAFI_P020",25
"6875",-23814.1494749701,"CAFI_P020",50
"6876",55610.91885503,"CAFI_P020",100
"6877",45727.38510503,"CAFI_P020",25
"6878",42231.0591250299,"CAFI_P020",50
"6879",49689.38803503,"CAFI_P020",100
"6880",17384.8256650299,"CAFI_P020",25
"6881",27714.62844503,"CAFI_P020",50
"6882",-17241.1622549701,"CAFI_P020",100
"6883",-8143.98429497005,"CAFI_P020",25
"6884",-27474.0679549701,"CAFI_P020",50
"6885",85657.8361550299,"CAFI_P020",100
"6886",63159.45483503,"CAFI_P020",25
"6887",47803.39424503,"CAFI_P020",50
"6888",86111.8361850299,"CAFI_P020",100
"6889",50825.12555503,"CAFI_P020",25
"6890",15189.74816503,"CAFI_P020",50
"6891",120747.13737503,"CAFI_P020",100
"6892",-21917.67516497,"CAFI_P020",25
"6893",74373.8868050299,"CAFI_P020",50
"6894",75233.73978503,"CAFI_P020",100
"6895",-13153.28179497,"CAFI_P020",25
"6896",-27465.09670497,"CAFI_P020",50
"6897",66043.26869503,"CAFI_P020",100
"6898",-13600.7037649701,"CAFI_P020",25
"6899",-5321.62905496999,"CAFI_P020",50
"6900",10467.41624503,"CAFI_P020",100
"6901",-22324.090522374,"CAFI_P021",25
"6902",-28928.270902374,"CAFI_P021",50
"6903",-31831.015132374,"CAFI_P021",100
"6904",-10743.902262374,"CAFI_P021",25
"6905",-18003.217232374,"CAFI_P021",50
"6906",-53220.961762374,"CAFI_P021",100
"6907",-10042.443922374,"CAFI_P021",25
"6908",-41022.334012374,"CAFI_P021",50
"6909",-37801.774032374,"CAFI_P021",100
"6910",-9680.35250237398,"CAFI_P021",25
"6911",-11937.252252374,"CAFI_P021",50
"6912",-50443.090322374,"CAFI_P021",100
"6913",-17935.968372374,"CAFI_P021",25
"6914",-33141.846402374,"CAFI_P021",50
"6915",-22070.010042374,"CAFI_P021",100
"6916",-11485.532562374,"CAFI_P021",25
"6917",-21373.071442374,"CAFI_P021",50
"6918",-59938.205952374,"CAFI_P021",100
"6919",-9788.57289237401,"CAFI_P021",25
"6920",-7036.48482237401,"CAFI_P021",50
"6921",-39719.216432374,"CAFI_P021",100
"6922",-20402.989382374,"CAFI_P021",25
"6923",-34868.068852374,"CAFI_P021",50
"6924",-33480.895052374,"CAFI_P021",100
"6925",-20891.215122374,"CAFI_P021",25
"6926",-24864.602532374,"CAFI_P021",50
"6927",-53187.622622374,"CAFI_P021",100
"6928",-7617.30141237396,"CAFI_P021",25
"6929",-13257.047632374,"CAFI_P021",50
"6930",-57519.350382374,"CAFI_P021",100
"6931",-11264.592512374,"CAFI_P021",25
"6932",-23008.021582374,"CAFI_P021",50
"6933",-62262.644582374,"CAFI_P021",100
"6934",-11377.358832374,"CAFI_P021",25
"6935",-31446.410872374,"CAFI_P021",50
"6936",-46787.120812374,"CAFI_P021",100
"6937",6600.832877626,"CAFI_P021",25
"6938",-14592.467832374,"CAFI_P021",50
"6939",-49524.842392374,"CAFI_P021",100
"6940",-28111.457202374,"CAFI_P021",25
"6941",-16887.064132374,"CAFI_P021",50
"6942",-31284.884282374,"CAFI_P021",100
"6943",-19450.669322374,"CAFI_P021",25
"6944",-18778.714852374,"CAFI_P021",50
"6945",-64826.874472374,"CAFI_P021",100
"6946",-9386.46530237398,"CAFI_P021",25
"6947",-11598.880702374,"CAFI_P021",50
"6948",-56676.649762374,"CAFI_P021",100
"6949",-18894.837992374,"CAFI_P021",25
"6950",-30040.998562374,"CAFI_P021",50
"6951",-69597.926842374,"CAFI_P021",100
"6952",-13268.379692374,"CAFI_P021",25
"6953",-45685.507272374,"CAFI_P021",50
"6954",2633.964107626,"CAFI_P021",100
"6955",-7842.28514237399,"CAFI_P021",25
"6956",-22962.336342374,"CAFI_P021",50
"6957",-44145.782382374,"CAFI_P021",100
"6958",-19255.649802374,"CAFI_P021",25
"6959",-22448.560562374,"CAFI_P021",50
"6960",-37988.868902374,"CAFI_P021",100
"6961",-193.521072373958,"CAFI_P021",25
"6962",-17915.670082374,"CAFI_P021",50
"6963",-55230.157482374,"CAFI_P021",100
"6964",-26265.023332374,"CAFI_P021",25
"6965",-26000.508102374,"CAFI_P021",50
"6966",-85.4381123739877,"CAFI_P021",100
"6967",-12706.523172374,"CAFI_P021",25
"6968",-8577.493802374,"CAFI_P021",50
"6969",-38960.806002374,"CAFI_P021",100
"6970",-16811.327632374,"CAFI_P021",25
"6971",-16195.429132374,"CAFI_P021",50
"6972",-79118.801722374,"CAFI_P021",100
"6973",-20835.260292374,"CAFI_P021",25
"6974",-39766.222152374,"CAFI_P021",50
"6975",-47789.335452374,"CAFI_P021",100
"6976",-19854.819862374,"CAFI_P021",25
"6977",-22730.113292374,"CAFI_P021",50
"6978",-52773.128132374,"CAFI_P021",100
"6979",-10117.866112374,"CAFI_P021",25
"6980",-15020.481892374,"CAFI_P021",50
"6981",-45424.989322374,"CAFI_P021",100
"6982",-4182.777552374,"CAFI_P021",25
"6983",-32734.818472374,"CAFI_P021",50
"6984",-32372.820112374,"CAFI_P021",100
"6985",-3036.54849237396,"CAFI_P021",25
"6986",-33961.438012374,"CAFI_P021",50
"6987",-45727.531162374,"CAFI_P021",100
"6988",-13733.813812374,"CAFI_P021",25
"6989",-46444.100702374,"CAFI_P021",50
"6990",-39210.438502374,"CAFI_P021",100
"6991",883.69008762599,"CAFI_P021",25
"6992",-25918.546082374,"CAFI_P021",50
"6993",-3612.17560237396,"CAFI_P021",100
"6994",-20941.883512374,"CAFI_P021",25
"6995",-46377.627272374,"CAFI_P021",50
"6996",-20343.061212374,"CAFI_P021",100
"6997",-12668.702572374,"CAFI_P021",25
"6998",-21343.712402374,"CAFI_P021",50
"6999",-47467.859742374,"CAFI_P021",100
"7000",-21488.524282374,"CAFI_P021",25
"7001",-19942.285572374,"CAFI_P021",50
"7002",-42936.374312374,"CAFI_P021",100
"7003",-9223.91675237397,"CAFI_P021",25
"7004",-49217.929082374,"CAFI_P021",50
"7005",-50542.897522374,"CAFI_P021",100
"7006",-19968.679612374,"CAFI_P021",25
"7007",-31286.067452374,"CAFI_P021",50
"7008",-49078.413712374,"CAFI_P021",100
"7009",-6584.87971237401,"CAFI_P021",25
"7010",18929.215327626,"CAFI_P021",50
"7011",-60093.614322374,"CAFI_P021",100
"7012",-18196.265312374,"CAFI_P021",25
"7013",-23384.469162374,"CAFI_P021",50
"7014",-62893.990482374,"CAFI_P021",100
"7015",-12159.141802374,"CAFI_P021",25
"7016",-20215.927312374,"CAFI_P021",50
"7017",-35705.270132374,"CAFI_P021",100
"7018",-5740.00657237397,"CAFI_P021",25
"7019",-27115.943212374,"CAFI_P021",50
"7020",-14605.320342374,"CAFI_P021",100
"7021",-19877.842882374,"CAFI_P021",25
"7022",15867.051417626,"CAFI_P021",50
"7023",-45363.373652374,"CAFI_P021",100
"7024",-18712.051772374,"CAFI_P021",25
"7025",-28914.498162374,"CAFI_P021",50
"7026",-27478.473812374,"CAFI_P021",100
"7027",-4226.16906237399,"CAFI_P021",25
"7028",-38835.822462374,"CAFI_P021",50
"7029",-60779.884472374,"CAFI_P021",100
"7030",-11791.675902374,"CAFI_P021",25
"7031",-33350.229132374,"CAFI_P021",50
"7032",-22534.151942374,"CAFI_P021",100
"7033",-4083.34348237398,"CAFI_P021",25
"7034",-29627.023612374,"CAFI_P021",50
"7035",-57247.940142374,"CAFI_P021",100
"7036",-20010.820062374,"CAFI_P021",25
"7037",-15010.465642374,"CAFI_P021",50
"7038",-48953.073322374,"CAFI_P021",100
"7039",4019.47618762602,"CAFI_P021",25
"7040",-14360.170882374,"CAFI_P021",50
"7041",-10355.002832374,"CAFI_P021",100
"7042",-13314.638472374,"CAFI_P021",25
"7043",-40676.459592374,"CAFI_P021",50
"7044",-28668.021082374,"CAFI_P021",100
"7045",-19723.307452374,"CAFI_P021",25
"7046",-9693.220992374,"CAFI_P021",50
"7047",-41199.557502374,"CAFI_P021",100
"7048",-3187.54077237396,"CAFI_P021",25
"7049",-21030.861002374,"CAFI_P021",50
"7050",-43511.732342374,"CAFI_P021",100
"7051",5090.33863762603,"CAFI_P021",25
"7052",-29097.587882374,"CAFI_P021",50
"7053",-57738.287782374,"CAFI_P021",100
"7054",6144.653487626,"CAFI_P021",25
"7055",-16819.422312374,"CAFI_P021",50
"7056",-39445.065892374,"CAFI_P021",100
"7057",-19105.767572374,"CAFI_P021",25
"7058",-24456.690752374,"CAFI_P021",50
"7059",-15506.715472374,"CAFI_P021",100
"7060",-27402.606462374,"CAFI_P021",25
"7061",-17815.805532374,"CAFI_P021",50
"7062",-37031.185222374,"CAFI_P021",100
"7063",-10279.642042374,"CAFI_P021",25
"7064",-34598.245452374,"CAFI_P021",50
"7065",-51847.656912374,"CAFI_P021",100
"7066",-16959.516662374,"CAFI_P021",25
"7067",-22791.297742374,"CAFI_P021",50
"7068",-80386.015872374,"CAFI_P021",100
"7069",-2932.56940237398,"CAFI_P021",25
"7070",-28739.406732374,"CAFI_P021",50
"7071",-61574.684122374,"CAFI_P021",100
"7072",10328.119427626,"CAFI_P021",25
"7073",-4749.95819237398,"CAFI_P021",50
"7074",-45543.814832374,"CAFI_P021",100
"7075",-28685.641832374,"CAFI_P021",25
"7076",2004.042897626,"CAFI_P021",50
"7077",-40592.722292374,"CAFI_P021",100
"7078",-16242.688542374,"CAFI_P021",25
"7079",-257.780182374001,"CAFI_P021",50
"7080",-79013.244312374,"CAFI_P021",100
"7081",-29385.775292374,"CAFI_P021",25
"7082",-41261.375802374,"CAFI_P021",50
"7083",-39215.692932374,"CAFI_P021",100
"7084",-13011.967162374,"CAFI_P021",25
"7085",-29244.899072374,"CAFI_P021",50
"7086",-70378.828742374,"CAFI_P021",100
"7087",-22057.636172374,"CAFI_P021",25
"7088",-30245.015892374,"CAFI_P021",50
"7089",-30368.249042374,"CAFI_P021",100
"7090",-21165.196142374,"CAFI_P021",25
"7091",-14498.411582374,"CAFI_P021",50
"7092",-54857.394492374,"CAFI_P021",100
"7093",-4370.48197237396,"CAFI_P021",25
"7094",-20042.657982374,"CAFI_P021",50
"7095",-51010.837662374,"CAFI_P021",100
"7096",-14548.214722374,"CAFI_P021",25
"7097",-43891.504452374,"CAFI_P021",50
"7098",-63025.395322374,"CAFI_P021",100
"7099",-15278.261172374,"CAFI_P021",25
"7100",-28588.918042374,"CAFI_P021",50
"7101",-11482.257552374,"CAFI_P021",100
"7102",-18335.391332374,"CAFI_P021",25
"7103",-10917.256612374,"CAFI_P021",50
"7104",-32805.940462374,"CAFI_P021",100
"7105",-7265.27176237397,"CAFI_P021",25
"7106",14594.689897626,"CAFI_P021",50
"7107",-18124.538452374,"CAFI_P021",100
"7108",-4924.08306237397,"CAFI_P021",25
"7109",2161.77641762601,"CAFI_P021",50
"7110",-48969.237942374,"CAFI_P021",100
"7111",-13665.919422374,"CAFI_P021",25
"7112",-57384.388812374,"CAFI_P021",50
"7113",-46973.472722374,"CAFI_P021",100
"7114",-4004.31825237401,"CAFI_P021",25
"7115",-37484.537872374,"CAFI_P021",50
"7116",-78358.259382374,"CAFI_P021",100
"7117",-13092.898642374,"CAFI_P021",25
"7118",-20704.762312374,"CAFI_P021",50
"7119",-37993.307092374,"CAFI_P021",100
"7120",-17853.964482374,"CAFI_P021",25
"7121",-14963.772122374,"CAFI_P021",50
"7122",-28153.857992374,"CAFI_P021",100
"7123",-20171.139482374,"CAFI_P021",25
"7124",-50852.500312374,"CAFI_P021",50
"7125",-44920.420202374,"CAFI_P021",100
"7126",-15711.342322374,"CAFI_P021",25
"7127",-31519.042182374,"CAFI_P021",50
"7128",-74145.449642374,"CAFI_P021",100
"7129",-10826.355722374,"CAFI_P021",25
"7130",-21612.156642374,"CAFI_P021",50
"7131",-56948.647932374,"CAFI_P021",100
"7132",-10444.084922374,"CAFI_P021",25
"7133",3216.69387762604,"CAFI_P021",50
"7134",-42918.578312374,"CAFI_P021",100
"7135",-30624.384702374,"CAFI_P021",25
"7136",-18332.796652374,"CAFI_P021",50
"7137",-50297.648582374,"CAFI_P021",100
"7138",-10555.435422374,"CAFI_P021",25
"7139",12443.314897626,"CAFI_P021",50
"7140",-53050.799862374,"CAFI_P021",100
"7141",-9965.05306237401,"CAFI_P021",25
"7142",-22216.925992374,"CAFI_P021",50
"7143",-45230.573512374,"CAFI_P021",100
"7144",-7040.20364237396,"CAFI_P021",25
"7145",-34139.110622374,"CAFI_P021",50
"7146",-69491.030852374,"CAFI_P021",100
"7147",-14669.783892374,"CAFI_P021",25
"7148",-40660.339592374,"CAFI_P021",50
"7149",-19626.413272374,"CAFI_P021",100
"7150",-13007.311142374,"CAFI_P021",25
"7151",-27684.506022374,"CAFI_P021",50
"7152",-51888.125602374,"CAFI_P021",100
"7153",-13718.905512374,"CAFI_P021",25
"7154",-23971.796622374,"CAFI_P021",50
"7155",-34415.959212374,"CAFI_P021",100
"7156",9886.81574762601,"CAFI_P021",25
"7157",-35089.547582374,"CAFI_P021",50
"7158",-70628.359712374,"CAFI_P021",100
"7159",-11872.690702374,"CAFI_P021",25
"7160",-18057.535602374,"CAFI_P021",50
"7161",-40977.422182374,"CAFI_P021",100
"7162",-5804.26172237401,"CAFI_P021",25
"7163",-181.099542373966,"CAFI_P021",50
"7164",-51320.795592374,"CAFI_P021",100
"7165",-15817.321192374,"CAFI_P021",25
"7166",-24990.665562374,"CAFI_P021",50
"7167",-40028.579322374,"CAFI_P021",100
"7168",-17496.517602374,"CAFI_P021",25
"7169",11341.560367626,"CAFI_P021",50
"7170",-54185.079832374,"CAFI_P021",100
"7171",-23431.777442374,"CAFI_P021",25
"7172",-7959.47906237398,"CAFI_P021",50
"7173",-66023.595252374,"CAFI_P021",100
"7174",-13321.195252374,"CAFI_P021",25
"7175",-40325.353962374,"CAFI_P021",50
"7176",-46583.285692374,"CAFI_P021",100
"7177",-23000.343842374,"CAFI_P021",25
"7178",-13170.586362374,"CAFI_P021",50
"7179",-55969.835032374,"CAFI_P021",100
"7180",-18686.672352374,"CAFI_P021",25
"7181",-21325.757602374,"CAFI_P021",50
"7182",-29801.691352374,"CAFI_P021",100
"7183",-26335.242322374,"CAFI_P021",25
"7184",-16517.003252374,"CAFI_P021",50
"7185",-54815.748132374,"CAFI_P021",100
"7186",-49.5090023739613,"CAFI_P021",25
"7187",-21921.142832374,"CAFI_P021",50
"7188",-62087.852882374,"CAFI_P021",100
"7189",-18236.182202374,"CAFI_P021",25
"7190",-31207.962852374,"CAFI_P021",50
"7191",-9107.71830237401,"CAFI_P021",100
"7192",-30905.894602374,"CAFI_P021",25
"7193",-42538.743222374,"CAFI_P021",50
"7194",-17593.965902374,"CAFI_P021",100
"7195",-26485.719542374,"CAFI_P021",25
"7196",-13642.673382374,"CAFI_P021",50
"7197",-67636.799522374,"CAFI_P021",100
"7198",-10826.682282374,"CAFI_P021",25
"7199",-26024.547682374,"CAFI_P021",50
"7200",-40489.548112374,"CAFI_P021",100
"7201",-21992.569267536,"CAFI_P022",25
"7202",3051.80069246399,"CAFI_P022",50
"7203",-34749.916437536,"CAFI_P022",100
"7204",-24278.775997536,"CAFI_P022",25
"7205",549.453892463993,"CAFI_P022",50
"7206",-34969.484497536,"CAFI_P022",100
"7207",-20449.789417536,"CAFI_P022",25
"7208",21311.413812464,"CAFI_P022",50
"7209",-6867.47403753601,"CAFI_P022",100
"7210",-11604.095277536,"CAFI_P022",25
"7211",-10625.533097536,"CAFI_P022",50
"7212",2002.65420246401,"CAFI_P022",100
"7213",-8690.760017536,"CAFI_P022",25
"7214",-4733.23236753599,"CAFI_P022",50
"7215",-22362.069647536,"CAFI_P022",100
"7216",-1205.19288753602,"CAFI_P022",25
"7217",-20322.728457536,"CAFI_P022",50
"7218",-26168.666517536,"CAFI_P022",100
"7219",19888.648142464,"CAFI_P022",25
"7220",-19767.826497536,"CAFI_P022",50
"7221",-13905.556807536,"CAFI_P022",100
"7222",9773.422822464,"CAFI_P022",25
"7223",-27136.076887536,"CAFI_P022",50
"7224",-27526.924857536,"CAFI_P022",100
"7225",4038.686582464,"CAFI_P022",25
"7226",-11706.438377536,"CAFI_P022",50
"7227",1774.68984246399,"CAFI_P022",100
"7228",-21988.329327536,"CAFI_P022",25
"7229",-8569.04742753602,"CAFI_P022",50
"7230",-26786.751967536,"CAFI_P022",100
"7231",-7864.04643753602,"CAFI_P022",25
"7232",12811.958952464,"CAFI_P022",50
"7233",-20012.105667536,"CAFI_P022",100
"7234",1967.982582464,"CAFI_P022",25
"7235",-6585.44418753602,"CAFI_P022",50
"7236",1214.147252464,"CAFI_P022",100
"7237",-5827.44525753602,"CAFI_P022",25
"7238",-26827.254657536,"CAFI_P022",50
"7239",-38339.866187536,"CAFI_P022",100
"7240",1884.349032464,"CAFI_P022",25
"7241",-34381.717067536,"CAFI_P022",50
"7242",-28344.190787536,"CAFI_P022",100
"7243",7057.26863246399,"CAFI_P022",25
"7244",-2525.33980753602,"CAFI_P022",50
"7245",-30756.554227536,"CAFI_P022",100
"7246",6817.73935246401,"CAFI_P022",25
"7247",-39807.611327536,"CAFI_P022",50
"7248",-43221.570727536,"CAFI_P022",100
"7249",-4063.55310753602,"CAFI_P022",25
"7250",-23241.160157536,"CAFI_P022",50
"7251",-23304.361717536,"CAFI_P022",100
"7252",-3969.76373753601,"CAFI_P022",25
"7253",-11353.338607536,"CAFI_P022",50
"7254",-48685.622467536,"CAFI_P022",100
"7255",-1547.314827536,"CAFI_P022",25
"7256",-36261.591717536,"CAFI_P022",50
"7257",-27642.261557536,"CAFI_P022",100
"7258",-21830.246567536,"CAFI_P022",25
"7259",-7237.189987536,"CAFI_P022",50
"7260",-25289.719777536,"CAFI_P022",100
"7261",-26091.659537536,"CAFI_P022",25
"7262",-24517.877207536,"CAFI_P022",50
"7263",-24371.942157536,"CAFI_P022",100
"7264",4411.25625246399,"CAFI_P022",25
"7265",-31979.506937536,"CAFI_P022",50
"7266",-31564.965877536,"CAFI_P022",100
"7267",-30484.836107536,"CAFI_P022",25
"7268",-2455.671397536,"CAFI_P022",50
"7269",-13662.054987536,"CAFI_P022",100
"7270",-19323.433827536,"CAFI_P022",25
"7271",-6320.67558753601,"CAFI_P022",50
"7272",-25817.804367536,"CAFI_P022",100
"7273",-21424.629267536,"CAFI_P022",25
"7274",-19631.486617536,"CAFI_P022",50
"7275",-15939.062587536,"CAFI_P022",100
"7276",-5675.77745753599,"CAFI_P022",25
"7277",-21412.678967536,"CAFI_P022",50
"7278",4025.17447246399,"CAFI_P022",100
"7279",-27755.065287536,"CAFI_P022",25
"7280",-19017.541607536,"CAFI_P022",50
"7281",-40655.251257536,"CAFI_P022",100
"7282",-21063.416697536,"CAFI_P022",25
"7283",17136.981242464,"CAFI_P022",50
"7284",-20426.919217536,"CAFI_P022",100
"7285",16955.714172464,"CAFI_P022",25
"7286",-5273.64479753599,"CAFI_P022",50
"7287",-25044.182157536,"CAFI_P022",100
"7288",-4822.850247536,"CAFI_P022",25
"7289",-33325.654817536,"CAFI_P022",50
"7290",-4197.068267536,"CAFI_P022",100
"7291",-16997.404037536,"CAFI_P022",25
"7292",-7505.22457753599,"CAFI_P022",50
"7293",-42173.804137536,"CAFI_P022",100
"7294",-9448.91106753601,"CAFI_P022",25
"7295",-48027.240517536,"CAFI_P022",50
"7296",-24955.764147536,"CAFI_P022",100
"7297",-27732.095037536,"CAFI_P022",25
"7298",4393.72102246399,"CAFI_P022",50
"7299",-6400.782717536,"CAFI_P022",100
"7300",-993.620467536006,"CAFI_P022",25
"7301",-29995.387267536,"CAFI_P022",50
"7302",-6380.955807536,"CAFI_P022",100
"7303",-7868.42253753601,"CAFI_P022",25
"7304",-17243.149807536,"CAFI_P022",50
"7305",-45226.651747536,"CAFI_P022",100
"7306",-23096.935997536,"CAFI_P022",25
"7307",18629.357732464,"CAFI_P022",50
"7308",-33869.142327536,"CAFI_P022",100
"7309",-5158.01940753602,"CAFI_P022",25
"7310",-38981.472517536,"CAFI_P022",50
"7311",-22717.326847536,"CAFI_P022",100
"7312",4314.28743246399,"CAFI_P022",25
"7313",-7751.00512753602,"CAFI_P022",50
"7314",-30066.527997536,"CAFI_P022",100
"7315",8411.733312464,"CAFI_P022",25
"7316",1281.38459246399,"CAFI_P022",50
"7317",-7785.78199753602,"CAFI_P022",100
"7318",-30320.361247536,"CAFI_P022",25
"7319",-28042.819817536,"CAFI_P022",50
"7320",-17855.124317536,"CAFI_P022",100
"7321",-14098.664797536,"CAFI_P022",25
"7322",-4190.22405753602,"CAFI_P022",50
"7323",-6258.80279753602,"CAFI_P022",100
"7324",7632.03023246399,"CAFI_P022",25
"7325",-9953.85280753599,"CAFI_P022",50
"7326",-31719.557287536,"CAFI_P022",100
"7327",687.43299246399,"CAFI_P022",25
"7328",-26343.219257536,"CAFI_P022",50
"7329",-28466.128527536,"CAFI_P022",100
"7330",9774.295002464,"CAFI_P022",25
"7331",-24964.557467536,"CAFI_P022",50
"7332",-18930.422707536,"CAFI_P022",100
"7333",-141.394717535994,"CAFI_P022",25
"7334",-22700.045477536,"CAFI_P022",50
"7335",-9300.723757536,"CAFI_P022",100
"7336",-9056.18001753601,"CAFI_P022",25
"7337",-4021.81947753602,"CAFI_P022",50
"7338",-32670.209947536,"CAFI_P022",100
"7339",-9883.142627536,"CAFI_P022",25
"7340",-11234.649067536,"CAFI_P022",50
"7341",-7532.35200753601,"CAFI_P022",100
"7342",-8747.777997536,"CAFI_P022",25
"7343",1246.63068246399,"CAFI_P022",50
"7344",-20150.334097536,"CAFI_P022",100
"7345",8869.692942464,"CAFI_P022",25
"7346",-14797.444937536,"CAFI_P022",50
"7347",-44237.885947536,"CAFI_P022",100
"7348",-35096.492727536,"CAFI_P022",25
"7349",24172.839002464,"CAFI_P022",50
"7350",716.401202463981,"CAFI_P022",100
"7351",-3744.97410753599,"CAFI_P022",25
"7352",21440.656872464,"CAFI_P022",50
"7353",-13264.758287536,"CAFI_P022",100
"7354",-10856.823067536,"CAFI_P022",25
"7355",3688.144692464,"CAFI_P022",50
"7356",-14689.416197536,"CAFI_P022",100
"7357",-18663.016427536,"CAFI_P022",25
"7358",-17352.707817536,"CAFI_P022",50
"7359",-11525.691257536,"CAFI_P022",100
"7360",-1925.95300753601,"CAFI_P022",25
"7361",-31226.826487536,"CAFI_P022",50
"7362",-14386.774017536,"CAFI_P022",100
"7363",6394.43909246399,"CAFI_P022",25
"7364",-12733.629847536,"CAFI_P022",50
"7365",-16874.773527536,"CAFI_P022",100
"7366",-23125.592837536,"CAFI_P022",25
"7367",-35218.215757536,"CAFI_P022",50
"7368",-28358.665697536,"CAFI_P022",100
"7369",-2699.71163753601,"CAFI_P022",25
"7370",-33974.368877536,"CAFI_P022",50
"7371",-19140.079007536,"CAFI_P022",100
"7372",-5971.95315753602,"CAFI_P022",25
"7373",-17486.296457536,"CAFI_P022",50
"7374",-36309.532657536,"CAFI_P022",100
"7375",-21895.844007536,"CAFI_P022",25
"7376",32421.525962464,"CAFI_P022",50
"7377",-12405.911547536,"CAFI_P022",100
"7378",-9937.315867536,"CAFI_P022",25
"7379",-2582.666347536,"CAFI_P022",50
"7380",-24666.894257536,"CAFI_P022",100
"7381",4852.27305246401,"CAFI_P022",25
"7382",-23631.169207536,"CAFI_P022",50
"7383",-33514.100507536,"CAFI_P022",100
"7384",4902.74729246399,"CAFI_P022",25
"7385",-45075.214277536,"CAFI_P022",50
"7386",-45134.074167536,"CAFI_P022",100
"7387",-323.241417536017,"CAFI_P022",25
"7388",-21206.234907536,"CAFI_P022",50
"7389",-27828.093637536,"CAFI_P022",100
"7390",-30178.110117536,"CAFI_P022",25
"7391",-23074.270257536,"CAFI_P022",50
"7392",-25011.175657536,"CAFI_P022",100
"7393",-15179.987807536,"CAFI_P022",25
"7394",-11822.800297536,"CAFI_P022",50
"7395",-44857.681867536,"CAFI_P022",100
"7396",5084.77598246399,"CAFI_P022",25
"7397",-1668.15637753601,"CAFI_P022",50
"7398",-21282.900707536,"CAFI_P022",100
"7399",-29912.505127536,"CAFI_P022",25
"7400",-1075.04750753602,"CAFI_P022",50
"7401",-13852.912497536,"CAFI_P022",100
"7402",-16212.759637536,"CAFI_P022",25
"7403",-17399.080747536,"CAFI_P022",50
"7404",14038.501502464,"CAFI_P022",100
"7405",-21659.073907536,"CAFI_P022",25
"7406",-9296.35755753602,"CAFI_P022",50
"7407",-25232.775917536,"CAFI_P022",100
"7408",23969.721892464,"CAFI_P022",25
"7409",-15962.620557536,"CAFI_P022",50
"7410",-6926.78176753601,"CAFI_P022",100
"7411",3574.16710246398,"CAFI_P022",25
"7412",-22577.391627536,"CAFI_P022",50
"7413",-28016.887537536,"CAFI_P022",100
"7414",-8928.49647753601,"CAFI_P022",25
"7415",-8158.528417536,"CAFI_P022",50
"7416",-41089.537527536,"CAFI_P022",100
"7417",-7435.62051753601,"CAFI_P022",25
"7418",-18803.786967536,"CAFI_P022",50
"7419",-39148.698767536,"CAFI_P022",100
"7420",12534.996272464,"CAFI_P022",25
"7421",-18525.565197536,"CAFI_P022",50
"7422",-58189.501357536,"CAFI_P022",100
"7423",-1910.79033753602,"CAFI_P022",25
"7424",-18578.203427536,"CAFI_P022",50
"7425",-47037.607027536,"CAFI_P022",100
"7426",-22582.681137536,"CAFI_P022",25
"7427",-24049.844357536,"CAFI_P022",50
"7428",-5312.07933753601,"CAFI_P022",100
"7429",-8287.41523753601,"CAFI_P022",25
"7430",-12348.267667536,"CAFI_P022",50
"7431",-42247.879057536,"CAFI_P022",100
"7432",5102.33275246399,"CAFI_P022",25
"7433",11155.666962464,"CAFI_P022",50
"7434",-36133.087437536,"CAFI_P022",100
"7435",-16944.112637536,"CAFI_P022",25
"7436",-11424.248407536,"CAFI_P022",50
"7437",-22914.276107536,"CAFI_P022",100
"7438",-3348.66695753601,"CAFI_P022",25
"7439",-4991.06848753602,"CAFI_P022",50
"7440",-20511.791107536,"CAFI_P022",100
"7441",-4636.47580753602,"CAFI_P022",25
"7442",-40859.113067536,"CAFI_P022",50
"7443",-22156.476327536,"CAFI_P022",100
"7444",-27672.673207536,"CAFI_P022",25
"7445",-12713.852137536,"CAFI_P022",50
"7446",-15761.240507536,"CAFI_P022",100
"7447",869.153962463984,"CAFI_P022",25
"7448",-6147.47543753602,"CAFI_P022",50
"7449",-18968.254407536,"CAFI_P022",100
"7450",-16053.201797536,"CAFI_P022",25
"7451",6597.25956246399,"CAFI_P022",50
"7452",-29964.073727536,"CAFI_P022",100
"7453",-9295.45811753601,"CAFI_P022",25
"7454",-25171.737967536,"CAFI_P022",50
"7455",-29147.407297536,"CAFI_P022",100
"7456",-591.497787536005,"CAFI_P022",25
"7457",-24182.410167536,"CAFI_P022",50
"7458",-38532.122097536,"CAFI_P022",100
"7459",-14847.117517536,"CAFI_P022",25
"7460",-12119.631957536,"CAFI_P022",50
"7461",-17990.955207536,"CAFI_P022",100
"7462",-1991.51969753602,"CAFI_P022",25
"7463",-6994.15762753601,"CAFI_P022",50
"7464",-9684.748207536,"CAFI_P022",100
"7465",-3959.11962753601,"CAFI_P022",25
"7466",-21104.575597536,"CAFI_P022",50
"7467",-34175.069637536,"CAFI_P022",100
"7468",-2332.44984753602,"CAFI_P022",25
"7469",-3118.02512753601,"CAFI_P022",50
"7470",-4197.99727753599,"CAFI_P022",100
"7471",8381.267012464,"CAFI_P022",25
"7472",-30434.951387536,"CAFI_P022",50
"7473",-1383.36284753602,"CAFI_P022",100
"7474",-350.319997536018,"CAFI_P022",25
"7475",507.915262463997,"CAFI_P022",50
"7476",-16958.930587536,"CAFI_P022",100
"7477",-13898.004677536,"CAFI_P022",25
"7478",-1327.10950753602,"CAFI_P022",50
"7479",-35851.556517536,"CAFI_P022",100
"7480",-24361.179047536,"CAFI_P022",25
"7481",-3408.950777536,"CAFI_P022",50
"7482",-21377.804137536,"CAFI_P022",100
"7483",1787.13113246398,"CAFI_P022",25
"7484",-7917.91278753601,"CAFI_P022",50
"7485",-19632.326137536,"CAFI_P022",100
"7486",-19410.600587536,"CAFI_P022",25
"7487",7136.51901246401,"CAFI_P022",50
"7488",-21339.081117536,"CAFI_P022",100
"7489",-3270.96877753601,"CAFI_P022",25
"7490",-3255.672647536,"CAFI_P022",50
"7491",-14197.553857536,"CAFI_P022",100
"7492",-5998.96827753601,"CAFI_P022",25
"7493",13926.420902464,"CAFI_P022",50
"7494",-47002.768047536,"CAFI_P022",100
"7495",-5588.74795753602,"CAFI_P022",25
"7496",-11574.985307536,"CAFI_P022",50
"7497",6736.858882464,"CAFI_P022",100
"7498",2043.53717246398,"CAFI_P022",25
"7499",320.426892463991,"CAFI_P022",50
"7500",-27690.753187536,"CAFI_P022",100
"7501",19780.42081249,"CAFI_P023",25
"7502",-19169.40561751,"CAFI_P023",50
"7503",-6709.89709750999,"CAFI_P023",100
"7504",-4099.13922750999,"CAFI_P023",25
"7505",2126.58731249001,"CAFI_P023",50
"7506",-29971.85534751,"CAFI_P023",100
"7507",3814.28976248999,"CAFI_P023",25
"7508",6025.46887248999,"CAFI_P023",50
"7509",5883.07638248999,"CAFI_P023",100
"7510",-2876.20796751001,"CAFI_P023",25
"7511",12132.05868249,"CAFI_P023",50
"7512",-14684.67986751,"CAFI_P023",100
"7513",-640.132447509997,"CAFI_P023",25
"7514",-5117.65263751001,"CAFI_P023",50
"7515",-12497.93502751,"CAFI_P023",100
"7516",-5946.65446751,"CAFI_P023",25
"7517",-6541.18446751,"CAFI_P023",50
"7518",-18702.06111751,"CAFI_P023",100
"7519",-3392.07806751001,"CAFI_P023",25
"7520",9063.74989249001,"CAFI_P023",50
"7521",-20406.59339751,"CAFI_P023",100
"7522",8625.03687248999,"CAFI_P023",25
"7523",-2549.29334750999,"CAFI_P023",50
"7524",-4364.01882751001,"CAFI_P023",100
"7525",6417.44751249001,"CAFI_P023",25
"7526",-3658.59142750999,"CAFI_P023",50
"7527",-7200.30282750999,"CAFI_P023",100
"7528",-6667.18993751,"CAFI_P023",25
"7529",-7008.41342751001,"CAFI_P023",50
"7530",20101.87468249,"CAFI_P023",100
"7531",6670.65707248999,"CAFI_P023",25
"7532",9682.99146249,"CAFI_P023",50
"7533",8637.22611249,"CAFI_P023",100
"7534",-2890.29215751,"CAFI_P023",25
"7535",16763.21016249,"CAFI_P023",50
"7536",9645.20291249,"CAFI_P023",100
"7537",-3126.30230750999,"CAFI_P023",25
"7538",10400.38557249,"CAFI_P023",50
"7539",-15655.13955751,"CAFI_P023",100
"7540",16549.07962249,"CAFI_P023",25
"7541",-9148.53929751,"CAFI_P023",50
"7542",48609.62064249,"CAFI_P023",100
"7543",-6617.38103751,"CAFI_P023",25
"7544",-252.063277509995,"CAFI_P023",50
"7545",-15405.99777751,"CAFI_P023",100
"7546",8854.96443249,"CAFI_P023",25
"7547",11774.27723249,"CAFI_P023",50
"7548",-4568.46076751,"CAFI_P023",100
"7549",-7994.02830750999,"CAFI_P023",25
"7550",2499.19231248999,"CAFI_P023",50
"7551",10863.72145249,"CAFI_P023",100
"7552",2526.17068248999,"CAFI_P023",25
"7553",11811.39271249,"CAFI_P023",50
"7554",-8390.18723750999,"CAFI_P023",100
"7555",-4126.98836751,"CAFI_P023",25
"7556",7278.00671248999,"CAFI_P023",50
"7557",-8975.19874751,"CAFI_P023",100
"7558",-6314.71837751,"CAFI_P023",25
"7559",-2616.25962751001,"CAFI_P023",50
"7560",8482.84964249001,"CAFI_P023",100
"7561",3596.39242249,"CAFI_P023",25
"7562",6609.45195249,"CAFI_P023",50
"7563",-10540.77526751,"CAFI_P023",100
"7564",9354.36736249001,"CAFI_P023",25
"7565",10693.78601249,"CAFI_P023",50
"7566",-16115.99905751,"CAFI_P023",100
"7567",-1119.45242751,"CAFI_P023",25
"7568",12960.38321249,"CAFI_P023",50
"7569",-25894.65964751,"CAFI_P023",100
"7570",22847.87286249,"CAFI_P023",25
"7571",-1658.95581751,"CAFI_P023",50
"7572",5443.53635249002,"CAFI_P023",100
"7573",301.442812490015,"CAFI_P023",25
"7574",4167.14542248999,"CAFI_P023",50
"7575",547.671512489993,"CAFI_P023",100
"7576",-8999.78659750998,"CAFI_P023",25
"7577",-9897.65819751,"CAFI_P023",50
"7578",-6208.01824750999,"CAFI_P023",100
"7579",4870.95362248999,"CAFI_P023",25
"7580",-7237.83545750999,"CAFI_P023",50
"7581",7756.62378249,"CAFI_P023",100
"7582",6856.79940249,"CAFI_P023",25
"7583",644.893352490006,"CAFI_P023",50
"7584",-5172.22449751,"CAFI_P023",100
"7585",10537.54245249,"CAFI_P023",25
"7586",-18988.77373751,"CAFI_P023",50
"7587",-17682.18285751,"CAFI_P023",100
"7588",-5384.62403750999,"CAFI_P023",25
"7589",12641.03857249,"CAFI_P023",50
"7590",9169.04982248999,"CAFI_P023",100
"7591",-5498.84783750999,"CAFI_P023",25
"7592",-14941.46218751,"CAFI_P023",50
"7593",16204.48775249,"CAFI_P023",100
"7594",12188.63925249,"CAFI_P023",25
"7595",15879.88007249,"CAFI_P023",50
"7596",-5429.03446751001,"CAFI_P023",100
"7597",13847.98964249,"CAFI_P023",25
"7598",7524.03278249002,"CAFI_P023",50
"7599",-3053.54281751,"CAFI_P023",100
"7600",8525.07265248999,"CAFI_P023",25
"7601",-2400.60538751,"CAFI_P023",50
"7602",-12613.58562751,"CAFI_P023",100
"7603",-242.664877509989,"CAFI_P023",25
"7604",-9945.94722750998,"CAFI_P023",50
"7605",-8376.98560751,"CAFI_P023",100
"7606",-11086.65613751,"CAFI_P023",25
"7607",8096.09557249001,"CAFI_P023",50
"7608",-9052.43829751,"CAFI_P023",100
"7609",-829.59594751001,"CAFI_P023",25
"7610",-13544.88269751,"CAFI_P023",50
"7611",-29741.05759751,"CAFI_P023",100
"7612",-872.912357510009,"CAFI_P023",25
"7613",-11291.88549751,"CAFI_P023",50
"7614",2158.76898249,"CAFI_P023",100
"7615",5337.98545249001,"CAFI_P023",25
"7616",37848.04823249,"CAFI_P023",50
"7617",-8185.56829751001,"CAFI_P023",100
"7618",-10293.70413751,"CAFI_P023",25
"7619",-7949.03658751,"CAFI_P023",50
"7620",-7486.52432751001,"CAFI_P023",100
"7621",-11734.07001751,"CAFI_P023",25
"7622",9017.47041249002,"CAFI_P023",50
"7623",3859.08205249,"CAFI_P023",100
"7624",1769.25287249,"CAFI_P023",25
"7625",22030.72323249,"CAFI_P023",50
"7626",-8322.17315751,"CAFI_P023",100
"7627",1197.71642248999,"CAFI_P023",25
"7628",5749.95220249001,"CAFI_P023",50
"7629",-2756.51070750999,"CAFI_P023",100
"7630",2630.23482248999,"CAFI_P023",25
"7631",6960.05774249,"CAFI_P023",50
"7632",-5813.83362751,"CAFI_P023",100
"7633",-3111.33495751,"CAFI_P023",25
"7634",14694.37306249,"CAFI_P023",50
"7635",8927.95481249,"CAFI_P023",100
"7636",459.995102490007,"CAFI_P023",25
"7637",9165.43161249001,"CAFI_P023",50
"7638",-9146.19507751,"CAFI_P023",100
"7639",-5403.29698751,"CAFI_P023",25
"7640",-5851.74040750999,"CAFI_P023",50
"7641",-1917.81473750999,"CAFI_P023",100
"7642",8394.45369249,"CAFI_P023",25
"7643",6171.56135249001,"CAFI_P023",50
"7644",-7346.85778751,"CAFI_P023",100
"7645",-2958.27655750999,"CAFI_P023",25
"7646",-8998.95620751,"CAFI_P023",50
"7647",-6046.63024751001,"CAFI_P023",100
"7648",16700.36291249,"CAFI_P023",25
"7649",3854.52379249001,"CAFI_P023",50
"7650",1410.35362249002,"CAFI_P023",100
"7651",-5761.95600750999,"CAFI_P023",25
"7652",-11969.67403751,"CAFI_P023",50
"7653",-22173.25300751,"CAFI_P023",100
"7654",-3071.55337750999,"CAFI_P023",25
"7655",6362.10549248999,"CAFI_P023",50
"7656",-11404.84383751,"CAFI_P023",100
"7657",-1599.40029751,"CAFI_P023",25
"7658",-7331.94246751,"CAFI_P023",50
"7659",15900.95293249,"CAFI_P023",100
"7660",-11052.65982751,"CAFI_P023",25
"7661",15609.56784249,"CAFI_P023",50
"7662",-4816.02950750999,"CAFI_P023",100
"7663",-6337.34710751,"CAFI_P023",25
"7664",-21840.64188751,"CAFI_P023",50
"7665",1169.24643249001,"CAFI_P023",100
"7666",1462.93736248999,"CAFI_P023",25
"7667",-13744.81003751,"CAFI_P023",50
"7668",-24422.73058751,"CAFI_P023",100
"7669",-4024.91477750998,"CAFI_P023",25
"7670",-7357.40076751,"CAFI_P023",50
"7671",373.300132489996,"CAFI_P023",100
"7672",-5056.03144751,"CAFI_P023",25
"7673",17871.11821249,"CAFI_P023",50
"7674",-23690.19406751,"CAFI_P023",100
"7675",-6834.92460751001,"CAFI_P023",25
"7676",-11248.09992751,"CAFI_P023",50
"7677",-8816.16836750999,"CAFI_P023",100
"7678",-16049.37205751,"CAFI_P023",25
"7679",6587.95316249001,"CAFI_P023",50
"7680",9138.91920249001,"CAFI_P023",100
"7681",1064.60906249,"CAFI_P023",25
"7682",-2785.25533751,"CAFI_P023",50
"7683",-5721.23575751,"CAFI_P023",100
"7684",-1616.07788751001,"CAFI_P023",25
"7685",-12462.53209751,"CAFI_P023",50
"7686",-7342.75656750999,"CAFI_P023",100
"7687",-932.074187510007,"CAFI_P023",25
"7688",-2856.44397751,"CAFI_P023",50
"7689",-30856.68761751,"CAFI_P023",100
"7690",-218.745467509987,"CAFI_P023",25
"7691",600.79017249,"CAFI_P023",50
"7692",-15940.08286751,"CAFI_P023",100
"7693",503.937572490016,"CAFI_P023",25
"7694",291.457852490013,"CAFI_P023",50
"7695",-11354.62995751,"CAFI_P023",100
"7696",-3969.87745751001,"CAFI_P023",25
"7697",15466.56801249,"CAFI_P023",50
"7698",7531.41882249,"CAFI_P023",100
"7699",-15272.10148751,"CAFI_P023",25
"7700",-12557.76187751,"CAFI_P023",50
"7701",-1375.44340751,"CAFI_P023",100
"7702",9031.51095249,"CAFI_P023",25
"7703",4778.03842249,"CAFI_P023",50
"7704",14109.69087249,"CAFI_P023",100
"7705",-178.730767509987,"CAFI_P023",25
"7706",-10154.77448751,"CAFI_P023",50
"7707",3869.16724248999,"CAFI_P023",100
"7708",1291.86057249,"CAFI_P023",25
"7709",-10758.97177751,"CAFI_P023",50
"7710",-4454.95767750998,"CAFI_P023",100
"7711",-8458.32459750999,"CAFI_P023",25
"7712",19736.68628249,"CAFI_P023",50
"7713",-23872.88893751,"CAFI_P023",100
"7714",-4785.58508751,"CAFI_P023",25
"7715",13002.52122249,"CAFI_P023",50
"7716",-11330.08997751,"CAFI_P023",100
"7717",14919.72890249,"CAFI_P023",25
"7718",-982.046517509996,"CAFI_P023",50
"7719",-12575.05444751,"CAFI_P023",100
"7720",917.05686248999,"CAFI_P023",25
"7721",-6728.94184751,"CAFI_P023",50
"7722",1310.69300249001,"CAFI_P023",100
"7723",1363.96455249001,"CAFI_P023",25
"7724",4699.42023249,"CAFI_P023",50
"7725",-11069.69898751,"CAFI_P023",100
"7726",4012.21678249,"CAFI_P023",25
"7727",-2680.42894750999,"CAFI_P023",50
"7728",-6774.44687751,"CAFI_P023",100
"7729",8977.72990249001,"CAFI_P023",25
"7730",-10381.61464751,"CAFI_P023",50
"7731",-28499.82716751,"CAFI_P023",100
"7732",-6411.72894751001,"CAFI_P023",25
"7733",11397.05903249,"CAFI_P023",50
"7734",-7482.46464751,"CAFI_P023",100
"7735",-6273.84459751,"CAFI_P023",25
"7736",-6703.38437751,"CAFI_P023",50
"7737",-6959.38050751001,"CAFI_P023",100
"7738",1692.99756249,"CAFI_P023",25
"7739",-2567.56194751,"CAFI_P023",50
"7740",12457.49938249,"CAFI_P023",100
"7741",4544.34302249001,"CAFI_P023",25
"7742",16674.77990249,"CAFI_P023",50
"7743",-15335.12592751,"CAFI_P023",100
"7744",1628.55316248999,"CAFI_P023",25
"7745",-4777.33669751001,"CAFI_P023",50
"7746",17529.50682249,"CAFI_P023",100
"7747",-14043.96928751,"CAFI_P023",25
"7748",191.87677249001,"CAFI_P023",50
"7749",-4411.34952751,"CAFI_P023",100
"7750",-2080.80024750999,"CAFI_P023",25
"7751",13988.79797249,"CAFI_P023",50
"7752",-18234.84173751,"CAFI_P023",100
"7753",-2180.59965751,"CAFI_P023",25
"7754",-14174.01319751,"CAFI_P023",50
"7755",-11119.97037751,"CAFI_P023",100
"7756",-3977.94484750999,"CAFI_P023",25
"7757",-2579.65239750998,"CAFI_P023",50
"7758",-7446.56038750999,"CAFI_P023",100
"7759",-8932.31250751001,"CAFI_P023",25
"7760",17459.21399249,"CAFI_P023",50
"7761",9502.78608249,"CAFI_P023",100
"7762",-3101.52619750999,"CAFI_P023",25
"7763",7491.49799249001,"CAFI_P023",50
"7764",-11718.48045751,"CAFI_P023",100
"7765",-3590.99285750999,"CAFI_P023",25
"7766",17410.42508249,"CAFI_P023",50
"7767",-5165.53012750999,"CAFI_P023",100
"7768",-75.6354975099966,"CAFI_P023",25
"7769",4990.32140248999,"CAFI_P023",50
"7770",2316.88782249001,"CAFI_P023",100
"7771",5787.26968249,"CAFI_P023",25
"7772",4200.49586249,"CAFI_P023",50
"7773",-1004.40200750998,"CAFI_P023",100
"7774",3172.33309249001,"CAFI_P023",25
"7775",-4318.72102751001,"CAFI_P023",50
"7776",5189.58184249001,"CAFI_P023",100
"7777",1390.34626249,"CAFI_P023",25
"7778",-4947.27618751,"CAFI_P023",50
"7779",-19295.17078751,"CAFI_P023",100
"7780",-4981.01373750999,"CAFI_P023",25
"7781",-12925.35586751,"CAFI_P023",50
"7782",-12719.24943751,"CAFI_P023",100
"7783",-7607.31187750999,"CAFI_P023",25
"7784",-2863.57497751,"CAFI_P023",50
"7785",-6025.69168751,"CAFI_P023",100
"7786",7191.78219249001,"CAFI_P023",25
"7787",-19211.58328751,"CAFI_P023",50
"7788",3881.21514248999,"CAFI_P023",100
"7789",-7812.66598751,"CAFI_P023",25
"7790",-3698.45310750999,"CAFI_P023",50
"7791",-28695.47254751,"CAFI_P023",100
"7792",5779.61344248999,"CAFI_P023",25
"7793",-11142.54468751,"CAFI_P023",50
"7794",3039.24455249001,"CAFI_P023",100
"7795",15379.01824249,"CAFI_P023",25
"7796",3730.64462249001,"CAFI_P023",50
"7797",-15795.12981751,"CAFI_P023",100
"7798",-8487.82815751,"CAFI_P023",25
"7799",-5577.13071751001,"CAFI_P023",50
"7800",-266.388157509995,"CAFI_P023",100
"7801",-12886.84058856,"CAFI_P025",25
"7802",16444.74603144,"CAFI_P025",50
"7803",-3957.46492855999,"CAFI_P025",100
"7804",-3681.10871855999,"CAFI_P025",25
"7805",23824.90326144,"CAFI_P025",50
"7806",-10781.26170856,"CAFI_P025",100
"7807",11563.75380144,"CAFI_P025",25
"7808",6147.96836144,"CAFI_P025",50
"7809",23926.61772144,"CAFI_P025",100
"7810",317.86116144,"CAFI_P025",25
"7811",22506.42058144,"CAFI_P025",50
"7812",46498.92502144,"CAFI_P025",100
"7813",-19760.54341856,"CAFI_P025",25
"7814",9686.16793144002,"CAFI_P025",50
"7815",3606.83937144,"CAFI_P025",100
"7816",1173.21132144,"CAFI_P025",25
"7817",8461.30651143999,"CAFI_P025",50
"7818",54873.83636144,"CAFI_P025",100
"7819",8109.89965144001,"CAFI_P025",25
"7820",14245.64619144,"CAFI_P025",50
"7821",9643.70941144001,"CAFI_P025",100
"7822",1920.69881144,"CAFI_P025",25
"7823",16209.32456144,"CAFI_P025",50
"7824",14750.19223144,"CAFI_P025",100
"7825",-759.315358559979,"CAFI_P025",25
"7826",34570.65261144,"CAFI_P025",50
"7827",40773.79613144,"CAFI_P025",100
"7828",6335.14224144001,"CAFI_P025",25
"7829",2368.49184144,"CAFI_P025",50
"7830",2596.16506144,"CAFI_P025",100
"7831",13531.99108144,"CAFI_P025",25
"7832",7610.01107144001,"CAFI_P025",50
"7833",31154.26547144,"CAFI_P025",100
"7834",-8237.60577855998,"CAFI_P025",25
"7835",11456.46010144,"CAFI_P025",50
"7836",19689.67942144,"CAFI_P025",100
"7837",19648.96599144,"CAFI_P025",25
"7838",-11038.72288856,"CAFI_P025",50
"7839",17258.94960144,"CAFI_P025",100
"7840",9138.80950144,"CAFI_P025",25
"7841",13653.97302144,"CAFI_P025",50
"7842",4191.41596144001,"CAFI_P025",100
"7843",4582.60887144,"CAFI_P025",25
"7844",14260.54799144,"CAFI_P025",50
"7845",12458.53026144,"CAFI_P025",100
"7846",6542.70811144001,"CAFI_P025",25
"7847",25850.57407144,"CAFI_P025",50
"7848",18802.68268144,"CAFI_P025",100
"7849",1688.25111144001,"CAFI_P025",25
"7850",-15674.37961856,"CAFI_P025",50
"7851",26022.90148144,"CAFI_P025",100
"7852",-3025.94790855999,"CAFI_P025",25
"7853",20963.96186144,"CAFI_P025",50
"7854",-4755.56273855999,"CAFI_P025",100
"7855",3984.21126144001,"CAFI_P025",25
"7856",-4681.14321856,"CAFI_P025",50
"7857",30807.27321144,"CAFI_P025",100
"7858",-1085.30061856,"CAFI_P025",25
"7859",10839.95898144,"CAFI_P025",50
"7860",34088.54206144,"CAFI_P025",100
"7861",7844.63677144001,"CAFI_P025",25
"7862",31307.08135144,"CAFI_P025",50
"7863",26665.79233144,"CAFI_P025",100
"7864",7322.97255144001,"CAFI_P025",25
"7865",3376.46254144001,"CAFI_P025",50
"7866",22987.94290144,"CAFI_P025",100
"7867",12590.81388144,"CAFI_P025",25
"7868",7963.14479144002,"CAFI_P025",50
"7869",26011.30653144,"CAFI_P025",100
"7870",-1572.10773855998,"CAFI_P025",25
"7871",23637.58113144,"CAFI_P025",50
"7872",3321.23555144001,"CAFI_P025",100
"7873",-7474.89195855998,"CAFI_P025",25
"7874",20448.23700144,"CAFI_P025",50
"7875",23538.43223144,"CAFI_P025",100
"7876",-406.208678559982,"CAFI_P025",25
"7877",25156.74434144,"CAFI_P025",50
"7878",25945.04312144,"CAFI_P025",100
"7879",-18044.13769856,"CAFI_P025",25
"7880",-1719.42667856,"CAFI_P025",50
"7881",33203.28835144,"CAFI_P025",100
"7882",4865.00550144,"CAFI_P025",25
"7883",15971.01653144,"CAFI_P025",50
"7884",22708.51033144,"CAFI_P025",100
"7885",10919.56357144,"CAFI_P025",25
"7886",-5673.98073856,"CAFI_P025",50
"7887",27079.07277144,"CAFI_P025",100
"7888",-1763.41787855999,"CAFI_P025",25
"7889",25585.55142144,"CAFI_P025",50
"7890",22881.37108144,"CAFI_P025",100
"7891",16349.52397144,"CAFI_P025",25
"7892",9137.81118144002,"CAFI_P025",50
"7893",48349.73129144,"CAFI_P025",100
"7894",-4405.95470855999,"CAFI_P025",25
"7895",22618.11201144,"CAFI_P025",50
"7896",12749.29180144,"CAFI_P025",100
"7897",3502.29661144002,"CAFI_P025",25
"7898",21669.33351144,"CAFI_P025",50
"7899",-10235.11348856,"CAFI_P025",100
"7900",-3408.95643855998,"CAFI_P025",25
"7901",18518.78709144,"CAFI_P025",50
"7902",2780.58648144,"CAFI_P025",100
"7903",780.007291440008,"CAFI_P025",25
"7904",14892.93939144,"CAFI_P025",50
"7905",4192.61142144,"CAFI_P025",100
"7906",4929.11299144002,"CAFI_P025",25
"7907",13970.45734144,"CAFI_P025",50
"7908",16605.58280144,"CAFI_P025",100
"7909",18028.40230144,"CAFI_P025",25
"7910",2133.36134144,"CAFI_P025",50
"7911",622.593291440018,"CAFI_P025",100
"7912",-5099.54480855999,"CAFI_P025",25
"7913",-7430.78813855999,"CAFI_P025",50
"7914",24881.34198144,"CAFI_P025",100
"7915",-4306.38723855998,"CAFI_P025",25
"7916",14621.11031144,"CAFI_P025",50
"7917",25364.07826144,"CAFI_P025",100
"7918",498.94689144002,"CAFI_P025",25
"7919",33488.95246144,"CAFI_P025",50
"7920",40309.67877144,"CAFI_P025",100
"7921",4103.60835143999,"CAFI_P025",25
"7922",7138.82574144,"CAFI_P025",50
"7923",-10809.08575856,"CAFI_P025",100
"7924",-5093.42864855999,"CAFI_P025",25
"7925",32523.56955144,"CAFI_P025",50
"7926",37226.24992144,"CAFI_P025",100
"7927",4046.28186144002,"CAFI_P025",25
"7928",8092.80740144002,"CAFI_P025",50
"7929",5166.11448144002,"CAFI_P025",100
"7930",-3092.61905856,"CAFI_P025",25
"7931",11061.40371144,"CAFI_P025",50
"7932",49677.84325144,"CAFI_P025",100
"7933",12830.16821144,"CAFI_P025",25
"7934",-6048.25491855998,"CAFI_P025",50
"7935",25347.86632144,"CAFI_P025",100
"7936",643.39585144,"CAFI_P025",25
"7937",6085.75986144002,"CAFI_P025",50
"7938",1285.94285144002,"CAFI_P025",100
"7939",18747.45295144,"CAFI_P025",25
"7940",6504.66443144,"CAFI_P025",50
"7941",27384.05397144,"CAFI_P025",100
"7942",4347.22577144002,"CAFI_P025",25
"7943",9268.94492144001,"CAFI_P025",50
"7944",12439.71301144,"CAFI_P025",100
"7945",-6115.87414855999,"CAFI_P025",25
"7946",33857.99522144,"CAFI_P025",50
"7947",41168.62493144,"CAFI_P025",100
"7948",-926.334128560004,"CAFI_P025",25
"7949",13265.43262144,"CAFI_P025",50
"7950",53995.85485144,"CAFI_P025",100
"7951",12439.56617144,"CAFI_P025",25
"7952",22208.17994144,"CAFI_P025",50
"7953",11187.30531144,"CAFI_P025",100
"7954",-8130.09343856,"CAFI_P025",25
"7955",11396.27900144,"CAFI_P025",50
"7956",-2959.49254856,"CAFI_P025",100
"7957",2012.02782144002,"CAFI_P025",25
"7958",22083.23500144,"CAFI_P025",50
"7959",49499.91657144,"CAFI_P025",100
"7960",12146.98737144,"CAFI_P025",25
"7961",20370.43648144,"CAFI_P025",50
"7962",25319.59005144,"CAFI_P025",100
"7963",-5713.30590856,"CAFI_P025",25
"7964",14699.00690144,"CAFI_P025",50
"7965",19345.88619144,"CAFI_P025",100
"7966",7941.34338144001,"CAFI_P025",25
"7967",-6915.01315856,"CAFI_P025",50
"7968",19125.89373144,"CAFI_P025",100
"7969",13827.54457144,"CAFI_P025",25
"7970",-7536.47912855999,"CAFI_P025",50
"7971",9832.25116144001,"CAFI_P025",100
"7972",-2958.19152855998,"CAFI_P025",25
"7973",9211.76130144001,"CAFI_P025",50
"7974",19014.62419144,"CAFI_P025",100
"7975",-4937.46230856,"CAFI_P025",25
"7976",-547.860908559989,"CAFI_P025",50
"7977",-5035.84224855999,"CAFI_P025",100
"7978",7619.52449144001,"CAFI_P025",25
"7979",10192.03107144,"CAFI_P025",50
"7980",10717.28086144,"CAFI_P025",100
"7981",-5329.63180855999,"CAFI_P025",25
"7982",-14212.91695856,"CAFI_P025",50
"7983",-2853.72224855999,"CAFI_P025",100
"7984",11299.06306144,"CAFI_P025",25
"7985",12532.11060144,"CAFI_P025",50
"7986",35532.49560144,"CAFI_P025",100
"7987",-22638.31505856,"CAFI_P025",25
"7988",-16671.66140856,"CAFI_P025",50
"7989",4049.20286144002,"CAFI_P025",100
"7990",1777.32280144002,"CAFI_P025",25
"7991",-23536.05856856,"CAFI_P025",50
"7992",43346.11500144,"CAFI_P025",100
"7993",-3845.88313855999,"CAFI_P025",25
"7994",8148.09528144001,"CAFI_P025",50
"7995",17359.88223144,"CAFI_P025",100
"7996",6129.91269144,"CAFI_P025",25
"7997",882.184711440001,"CAFI_P025",50
"7998",32559.01280144,"CAFI_P025",100
"7999",3630.43417144002,"CAFI_P025",25
"8000",2066.93149144002,"CAFI_P025",50
"8001",26243.18719144,"CAFI_P025",100
"8002",-13219.29574856,"CAFI_P025",25
"8003",33044.81446144,"CAFI_P025",50
"8004",13045.45621144,"CAFI_P025",100
"8005",-3216.37193855998,"CAFI_P025",25
"8006",-9802.41463856,"CAFI_P025",50
"8007",26376.68818144,"CAFI_P025",100
"8008",10671.99761144,"CAFI_P025",25
"8009",6541.76653144002,"CAFI_P025",50
"8010",-14062.97527856,"CAFI_P025",100
"8011",1227.79618144,"CAFI_P025",25
"8012",10492.87899144,"CAFI_P025",50
"8013",10635.83572144,"CAFI_P025",100
"8014",13241.51518144,"CAFI_P025",25
"8015",5593.53329144002,"CAFI_P025",50
"8016",-9023.57472855999,"CAFI_P025",100
"8017",1022.13492144001,"CAFI_P025",25
"8018",7005.89052144001,"CAFI_P025",50
"8019",7.12927144000423,"CAFI_P025",100
"8020",8388.10068144,"CAFI_P025",25
"8021",-11715.79091856,"CAFI_P025",50
"8022",17465.15843144,"CAFI_P025",100
"8023",-8224.38440856,"CAFI_P025",25
"8024",894.227571440017,"CAFI_P025",50
"8025",19114.75947144,"CAFI_P025",100
"8026",-9331.47040855998,"CAFI_P025",25
"8027",16603.43422144,"CAFI_P025",50
"8028",36578.15514144,"CAFI_P025",100
"8029",-12081.58507856,"CAFI_P025",25
"8030",24948.09904144,"CAFI_P025",50
"8031",2978.30864144,"CAFI_P025",100
"8032",-29149.89082856,"CAFI_P025",25
"8033",10050.02427144,"CAFI_P025",50
"8034",852.760861440009,"CAFI_P025",100
"8035",5575.19264144002,"CAFI_P025",25
"8036",-1889.58576856001,"CAFI_P025",50
"8037",4484.27353144001,"CAFI_P025",100
"8038",-5783.21854855999,"CAFI_P025",25
"8039",40609.57772144,"CAFI_P025",50
"8040",4727.79485144001,"CAFI_P025",100
"8041",-9199.20623856,"CAFI_P025",25
"8042",-9168.55246856,"CAFI_P025",50
"8043",20774.75366144,"CAFI_P025",100
"8044",18978.58440144,"CAFI_P025",25
"8045",10610.67669144,"CAFI_P025",50
"8046",7034.26653143999,"CAFI_P025",100
"8047",13745.40248144,"CAFI_P025",25
"8048",13943.02897144,"CAFI_P025",50
"8049",7206.52543144001,"CAFI_P025",100
"8050",5825.54471144002,"CAFI_P025",25
"8051",16560.80192144,"CAFI_P025",50
"8052",13111.91274144,"CAFI_P025",100
"8053",-3662.53603855998,"CAFI_P025",25
"8054",-6127.59126856001,"CAFI_P025",50
"8055",29047.56171144,"CAFI_P025",100
"8056",-3849.16365855999,"CAFI_P025",25
"8057",17925.06316144,"CAFI_P025",50
"8058",23199.62151144,"CAFI_P025",100
"8059",13588.19017144,"CAFI_P025",25
"8060",-110.47636855999,"CAFI_P025",50
"8061",13041.40004144,"CAFI_P025",100
"8062",-40.0730785600026,"CAFI_P025",25
"8063",1543.12274144002,"CAFI_P025",50
"8064",32163.72986144,"CAFI_P025",100
"8065",4052.22134144002,"CAFI_P025",25
"8066",4929.51625144001,"CAFI_P025",50
"8067",45461.00461144,"CAFI_P025",100
"8068",3503.50263144,"CAFI_P025",25
"8069",-427.86301855999,"CAFI_P025",50
"8070",10549.04705144,"CAFI_P025",100
"8071",-8644.93448855999,"CAFI_P025",25
"8072",22452.54854144,"CAFI_P025",50
"8073",7876.88161144001,"CAFI_P025",100
"8074",-4114.88355855999,"CAFI_P025",25
"8075",9686.19327144002,"CAFI_P025",50
"8076",21763.55453144,"CAFI_P025",100
"8077",15346.92128144,"CAFI_P025",25
"8078",17503.79447144,"CAFI_P025",50
"8079",18823.40963144,"CAFI_P025",100
"8080",2422.54396144001,"CAFI_P025",25
"8081",2701.69931144,"CAFI_P025",50
"8082",13614.05149144,"CAFI_P025",100
"8083",-8254.54008856,"CAFI_P025",25
"8084",25895.22233144,"CAFI_P025",50
"8085",-9918.76608855999,"CAFI_P025",100
"8086",-3107.89457855999,"CAFI_P025",25
"8087",13488.83770144,"CAFI_P025",50
"8088",31538.66189144,"CAFI_P025",100
"8089",630.517881439999,"CAFI_P025",25
"8090",-18496.35899856,"CAFI_P025",50
"8091",24081.92362144,"CAFI_P025",100
"8092",-12764.35275856,"CAFI_P025",25
"8093",5287.97631144,"CAFI_P025",50
"8094",38235.87809144,"CAFI_P025",100
"8095",11468.31142144,"CAFI_P025",25
"8096",32014.89406144,"CAFI_P025",50
"8097",19733.04072144,"CAFI_P025",100
"8098",9794.51698144001,"CAFI_P025",25
"8099",9804.60860144001,"CAFI_P025",50
"8100",-10257.43228856,"CAFI_P025",100
"8101",-3414.876752799,"CAFI_P026",25
"8102",-7821.66478279899,"CAFI_P026",50
"8103",-14192.760502799,"CAFI_P026",100
"8104",-461.113442798989,"CAFI_P026",25
"8105",-2631.84607279899,"CAFI_P026",50
"8106",-5812.55403279899,"CAFI_P026",100
"8107",1166.58874720101,"CAFI_P026",25
"8108",-3343.48578279899,"CAFI_P026",50
"8109",-22464.150452799,"CAFI_P026",100
"8110",1500.803687201,"CAFI_P026",25
"8111",-5412.86848279899,"CAFI_P026",50
"8112",-4823.344472799,"CAFI_P026",100
"8113",-9369.616902799,"CAFI_P026",25
"8114",-6441.100142799,"CAFI_P026",50
"8115",-13374.127602799,"CAFI_P026",100
"8116",-548.871892798998,"CAFI_P026",25
"8117",2660.05410720099,"CAFI_P026",50
"8118",-19467.222712799,"CAFI_P026",100
"8119",-2175.51488279899,"CAFI_P026",25
"8120",-7194.03706279899,"CAFI_P026",50
"8121",-14772.882602799,"CAFI_P026",100
"8122",-1382.965612799,"CAFI_P026",25
"8123",667.969277201002,"CAFI_P026",50
"8124",-10328.417822799,"CAFI_P026",100
"8125",-5350.46210279899,"CAFI_P026",25
"8126",-4925.49240279899,"CAFI_P026",50
"8127",-13573.139672799,"CAFI_P026",100
"8128",-7521.44541279899,"CAFI_P026",25
"8129",-3480.43664279899,"CAFI_P026",50
"8130",-17632.760042799,"CAFI_P026",100
"8131",-2586.21235279899,"CAFI_P026",25
"8132",-3.11844279899378,"CAFI_P026",50
"8133",-17039.100902799,"CAFI_P026",100
"8134",-5700.432372799,"CAFI_P026",25
"8135",-4409.392322799,"CAFI_P026",50
"8136",-5661.040572799,"CAFI_P026",100
"8137",-1986.720882799,"CAFI_P026",25
"8138",-3049.42375279899,"CAFI_P026",50
"8139",-6676.980342799,"CAFI_P026",100
"8140",-3214.15956279899,"CAFI_P026",25
"8141",-6117.521102799,"CAFI_P026",50
"8142",-21206.439552799,"CAFI_P026",100
"8143",-458.45758279899,"CAFI_P026",25
"8144",-6153.258852799,"CAFI_P026",50
"8145",-12841.955892799,"CAFI_P026",100
"8146",-1408.350282799,"CAFI_P026",25
"8147",-10844.380352799,"CAFI_P026",50
"8148",-11515.750142799,"CAFI_P026",100
"8149",-1623.585142799,"CAFI_P026",25
"8150",-7810.11792279899,"CAFI_P026",50
"8151",-10999.229842799,"CAFI_P026",100
"8152",453.001527201006,"CAFI_P026",25
"8153",-6273.609912799,"CAFI_P026",50
"8154",-957.097262798998,"CAFI_P026",100
"8155",-3979.13507279899,"CAFI_P026",25
"8156",-153.322602798988,"CAFI_P026",50
"8157",-4002.32416279899,"CAFI_P026",100
"8158",3737.065777201,"CAFI_P026",25
"8159",-3683.88455279899,"CAFI_P026",50
"8160",-8090.984392799,"CAFI_P026",100
"8161",-5169.11134279899,"CAFI_P026",25
"8162",170.361157201012,"CAFI_P026",50
"8163",-7133.44684279899,"CAFI_P026",100
"8164",3336.55023720101,"CAFI_P026",25
"8165",-10418.554912799,"CAFI_P026",50
"8166",-18884.071312799,"CAFI_P026",100
"8167",765.823097201006,"CAFI_P026",25
"8168",9670.20986720102,"CAFI_P026",50
"8169",-7522.223332799,"CAFI_P026",100
"8170",-568.413982799,"CAFI_P026",25
"8171",-6513.02808279899,"CAFI_P026",50
"8172",-12809.464142799,"CAFI_P026",100
"8173",1298.171267201,"CAFI_P026",25
"8174",-6008.183052799,"CAFI_P026",50
"8175",-16898.589772799,"CAFI_P026",100
"8176",2911.809187201,"CAFI_P026",25
"8177",-6411.366782799,"CAFI_P026",50
"8178",-13725.644202799,"CAFI_P026",100
"8179",-3757.42792279899,"CAFI_P026",25
"8180",-16366.908462799,"CAFI_P026",50
"8181",-17916.673942799,"CAFI_P026",100
"8182",2739.32047720099,"CAFI_P026",25
"8183",-3524.02790279899,"CAFI_P026",50
"8184",-21022.022832799,"CAFI_P026",100
"8185",-1792.052522799,"CAFI_P026",25
"8186",-2934.76377279899,"CAFI_P026",50
"8187",-5181.546232799,"CAFI_P026",100
"8188",-8240.576422799,"CAFI_P026",25
"8189",-8222.940892799,"CAFI_P026",50
"8190",-6044.29901279899,"CAFI_P026",100
"8191",2281.80152720099,"CAFI_P026",25
"8192",-12054.428612799,"CAFI_P026",50
"8193",-7053.859252799,"CAFI_P026",100
"8194",-4627.76578279899,"CAFI_P026",25
"8195",-7470.817812799,"CAFI_P026",50
"8196",-8702.982532799,"CAFI_P026",100
"8197",-7478.462212799,"CAFI_P026",25
"8198",-2845.47517279899,"CAFI_P026",50
"8199",-13010.952532799,"CAFI_P026",100
"8200",3525.15868720101,"CAFI_P026",25
"8201",-3385.211172799,"CAFI_P026",50
"8202",-15890.462962799,"CAFI_P026",100
"8203",-7996.07914279899,"CAFI_P026",25
"8204",-8338.42023279899,"CAFI_P026",50
"8205",-9231.098202799,"CAFI_P026",100
"8206",-8987.28101279899,"CAFI_P026",25
"8207",2892.604687201,"CAFI_P026",50
"8208",-6156.086092799,"CAFI_P026",100
"8209",-4218.19571279899,"CAFI_P026",25
"8210",-627.06285279899,"CAFI_P026",50
"8211",-11350.982182799,"CAFI_P026",100
"8212",-4496.893822799,"CAFI_P026",25
"8213",-2174.565592799,"CAFI_P026",50
"8214",-12842.985182799,"CAFI_P026",100
"8215",-2941.67694279899,"CAFI_P026",25
"8216",-2584.920302799,"CAFI_P026",50
"8217",-12708.790792799,"CAFI_P026",100
"8218",-432.056822799001,"CAFI_P026",25
"8219",-15435.423962799,"CAFI_P026",50
"8220",-12001.317202799,"CAFI_P026",100
"8221",-4072.89053279899,"CAFI_P026",25
"8222",3047.63952720101,"CAFI_P026",50
"8223",-15814.846282799,"CAFI_P026",100
"8224",6.50871720100986,"CAFI_P026",25
"8225",757.932367201007,"CAFI_P026",50
"8226",-18016.012322799,"CAFI_P026",100
"8227",2415.870667201,"CAFI_P026",25
"8228",-14679.410062799,"CAFI_P026",50
"8229",-9408.249562799,"CAFI_P026",100
"8230",-3603.822642799,"CAFI_P026",25
"8231",-14055.938132799,"CAFI_P026",50
"8232",-18494.270312799,"CAFI_P026",100
"8233",-5761.99158279899,"CAFI_P026",25
"8234",-5199.450522799,"CAFI_P026",50
"8235",-3814.924422799,"CAFI_P026",100
"8236",-688.425082798989,"CAFI_P026",25
"8237",-3744.53087279899,"CAFI_P026",50
"8238",-6148.929702799,"CAFI_P026",100
"8239",4604.67244720101,"CAFI_P026",25
"8240",-14521.143432799,"CAFI_P026",50
"8241",-11650.732012799,"CAFI_P026",100
"8242",-2170.79442279899,"CAFI_P026",25
"8243",-7710.77954279899,"CAFI_P026",50
"8244",-12900.733582799,"CAFI_P026",100
"8245",6559.170397201,"CAFI_P026",25
"8246",3681.78351720099,"CAFI_P026",50
"8247",-14146.526802799,"CAFI_P026",100
"8248",-3161.682462799,"CAFI_P026",25
"8249",-926.34870279899,"CAFI_P026",50
"8250",-12870.926402799,"CAFI_P026",100
"8251",-3890.02946279899,"CAFI_P026",25
"8252",-3467.08637279899,"CAFI_P026",50
"8253",-2525.85545279899,"CAFI_P026",100
"8254",-380.81676279899,"CAFI_P026",25
"8255",-4113.80889279899,"CAFI_P026",50
"8256",-10409.323602799,"CAFI_P026",100
"8257",-837.568922798993,"CAFI_P026",25
"8258",-19054.669442799,"CAFI_P026",50
"8259",-9265.103892799,"CAFI_P026",100
"8260",4851.77158720102,"CAFI_P026",25
"8261",-12010.519372799,"CAFI_P026",50
"8262",-10874.620322799,"CAFI_P026",100
"8263",-4159.57472279899,"CAFI_P026",25
"8264",-1327.589362799,"CAFI_P026",50
"8265",-20622.643482799,"CAFI_P026",100
"8266",-6413.914012799,"CAFI_P026",25
"8267",-4341.74266279899,"CAFI_P026",50
"8268",-10579.496362799,"CAFI_P026",100
"8269",-4297.619532799,"CAFI_P026",25
"8270",-13971.625092799,"CAFI_P026",50
"8271",-9795.92668279899,"CAFI_P026",100
"8272",-3243.467842799,"CAFI_P026",25
"8273",-18972.278472799,"CAFI_P026",50
"8274",-7965.08542279899,"CAFI_P026",100
"8275",-4187.614412799,"CAFI_P026",25
"8276",-10445.394122799,"CAFI_P026",50
"8277",-6700.363552799,"CAFI_P026",100
"8278",-6899.97659279899,"CAFI_P026",25
"8279",-3056.679932799,"CAFI_P026",50
"8280",-16471.950092799,"CAFI_P026",100
"8281",-29.1783727989969,"CAFI_P026",25
"8282",3729.64150720101,"CAFI_P026",50
"8283",-4701.369022799,"CAFI_P026",100
"8284",-1594.771692799,"CAFI_P026",25
"8285",-8189.686632799,"CAFI_P026",50
"8286",-12236.979412799,"CAFI_P026",100
"8287",-4275.13052279899,"CAFI_P026",25
"8288",3502.96675720101,"CAFI_P026",50
"8289",-2892.414742799,"CAFI_P026",100
"8290",-1110.00449279899,"CAFI_P026",25
"8291",-2227.144682799,"CAFI_P026",50
"8292",-14686.717492799,"CAFI_P026",100
"8293",-6850.44868279899,"CAFI_P026",25
"8294",-5689.073632799,"CAFI_P026",50
"8295",-13871.881742799,"CAFI_P026",100
"8296",1839.534217201,"CAFI_P026",25
"8297",-16524.951172799,"CAFI_P026",50
"8298",-17944.183862799,"CAFI_P026",100
"8299",-1377.98216279899,"CAFI_P026",25
"8300",-1508.68652279899,"CAFI_P026",50
"8301",-16234.642942799,"CAFI_P026",100
"8302",-3923.123532799,"CAFI_P026",25
"8303",524.577127201002,"CAFI_P026",50
"8304",-13968.220902799,"CAFI_P026",100
"8305",-1438.228062799,"CAFI_P026",25
"8306",-4993.06328279899,"CAFI_P026",50
"8307",-17754.811972799,"CAFI_P026",100
"8308",5212.58499720102,"CAFI_P026",25
"8309",-2204.519772799,"CAFI_P026",50
"8310",-9274.691702799,"CAFI_P026",100
"8311",-3484.376492799,"CAFI_P026",25
"8312",-6493.02924279899,"CAFI_P026",50
"8313",-9029.51054279899,"CAFI_P026",100
"8314",-2799.080162799,"CAFI_P026",25
"8315",-3631.033262799,"CAFI_P026",50
"8316",-7374.458592799,"CAFI_P026",100
"8317",-647.062982798991,"CAFI_P026",25
"8318",-1761.753172799,"CAFI_P026",50
"8319",-9137.108312799,"CAFI_P026",100
"8320",-3360.47666279899,"CAFI_P026",25
"8321",5070.343117201,"CAFI_P026",50
"8322",-6896.71734279899,"CAFI_P026",100
"8323",-1782.220032799,"CAFI_P026",25
"8324",-4971.370052799,"CAFI_P026",50
"8325",-16717.877722799,"CAFI_P026",100
"8326",1401.144017201,"CAFI_P026",25
"8327",-6024.274352799,"CAFI_P026",50
"8328",-15945.096142799,"CAFI_P026",100
"8329",-9341.71351279899,"CAFI_P026",25
"8330",-8557.113782799,"CAFI_P026",50
"8331",4316.44706720099,"CAFI_P026",100
"8332",3201.71726720099,"CAFI_P026",25
"8333",-3963.11881279899,"CAFI_P026",50
"8334",-6366.64628279899,"CAFI_P026",100
"8335",-3863.51505279899,"CAFI_P026",25
"8336",-7055.828602799,"CAFI_P026",50
"8337",-9479.47616279899,"CAFI_P026",100
"8338",874.092277201009,"CAFI_P026",25
"8339",-5482.854132799,"CAFI_P026",50
"8340",-18814.889522799,"CAFI_P026",100
"8341",-2724.317352799,"CAFI_P026",25
"8342",-3118.62986279899,"CAFI_P026",50
"8343",-5583.456872799,"CAFI_P026",100
"8344",-5730.409372799,"CAFI_P026",25
"8345",68.4113372010033,"CAFI_P026",50
"8346",-9927.419532799,"CAFI_P026",100
"8347",-588.412172798999,"CAFI_P026",25
"8348",-6060.00479279899,"CAFI_P026",50
"8349",-9274.884182799,"CAFI_P026",100
"8350",-2318.770832799,"CAFI_P026",25
"8351",-6870.21935279899,"CAFI_P026",50
"8352",866.983647201007,"CAFI_P026",100
"8353",-2654.99709279899,"CAFI_P026",25
"8354",-10648.048002799,"CAFI_P026",50
"8355",-8481.405852799,"CAFI_P026",100
"8356",-1192.91134279899,"CAFI_P026",25
"8357",-4234.50280279899,"CAFI_P026",50
"8358",-10362.960092799,"CAFI_P026",100
"8359",-5022.761072799,"CAFI_P026",25
"8360",-4990.014392799,"CAFI_P026",50
"8361",-8643.04678279899,"CAFI_P026",100
"8362",1087.263077201,"CAFI_P026",25
"8363",-4587.480482799,"CAFI_P026",50
"8364",-13212.816702799,"CAFI_P026",100
"8365",-7700.330492799,"CAFI_P026",25
"8366",-13741.821852799,"CAFI_P026",50
"8367",-16074.705672799,"CAFI_P026",100
"8368",-4288.09080279899,"CAFI_P026",25
"8369",-14011.446862799,"CAFI_P026",50
"8370",-12435.833912799,"CAFI_P026",100
"8371",-5703.021872799,"CAFI_P026",25
"8372",-1696.516282799,"CAFI_P026",50
"8373",-8794.172832799,"CAFI_P026",100
"8374",-540.739112798998,"CAFI_P026",25
"8375",-428.652092798991,"CAFI_P026",50
"8376",-11963.302442799,"CAFI_P026",100
"8377",-12804.844472799,"CAFI_P026",25
"8378",-1433.669142799,"CAFI_P026",50
"8379",-6869.03028279899,"CAFI_P026",100
"8380",-5332.818932799,"CAFI_P026",25
"8381",-4393.137542799,"CAFI_P026",50
"8382",-10201.420822799,"CAFI_P026",100
"8383",-1639.159462799,"CAFI_P026",25
"8384",-1996.160362799,"CAFI_P026",50
"8385",-15402.342482799,"CAFI_P026",100
"8386",-302.973592798997,"CAFI_P026",25
"8387",-12943.095522799,"CAFI_P026",50
"8388",-9170.82528279899,"CAFI_P026",100
"8389",-3114.12199279899,"CAFI_P026",25
"8390",1035.757137201,"CAFI_P026",50
"8391",-7940.08455279899,"CAFI_P026",100
"8392",-3064.820882799,"CAFI_P026",25
"8393",-2436.878512799,"CAFI_P026",50
"8394",-9633.30923279899,"CAFI_P026",100
"8395",2755.261537201,"CAFI_P026",25
"8396",-3336.91925279899,"CAFI_P026",50
"8397",-19277.813302799,"CAFI_P026",100
"8398",-4414.942872799,"CAFI_P026",25
"8399",-887.301072798989,"CAFI_P026",50
"8400",-12647.446442799,"CAFI_P026",100
"8401",-22595.323625057,"CAFI_P027",25
"8402",-1777.65259505698,"CAFI_P027",50
"8403",-53491.641655057,"CAFI_P027",100
"8404",-22018.011305057,"CAFI_P027",25
"8405",-23512.930775057,"CAFI_P027",50
"8406",-58979.096335057,"CAFI_P027",100
"8407",3733.373254943,"CAFI_P027",25
"8408",-13223.696125057,"CAFI_P027",50
"8409",-43429.840945057,"CAFI_P027",100
"8410",-7950.224715057,"CAFI_P027",25
"8411",-34651.061365057,"CAFI_P027",50
"8412",-43494.617805057,"CAFI_P027",100
"8413",-25066.767935057,"CAFI_P027",25
"8414",-42865.411805057,"CAFI_P027",50
"8415",-58629.518055057,"CAFI_P027",100
"8416",-6274.80135505699,"CAFI_P027",25
"8417",-7113.31018505699,"CAFI_P027",50
"8418",-66699.846325057,"CAFI_P027",100
"8419",-28967.314015057,"CAFI_P027",25
"8420",-12687.985705057,"CAFI_P027",50
"8421",-20158.578355057,"CAFI_P027",100
"8422",-11509.002905057,"CAFI_P027",25
"8423",-32322.737735057,"CAFI_P027",50
"8424",-21333.482325057,"CAFI_P027",100
"8425",-16186.473825057,"CAFI_P027",25
"8426",-19984.330435057,"CAFI_P027",50
"8427",-42498.279675057,"CAFI_P027",100
"8428",-17314.414805057,"CAFI_P027",25
"8429",-38743.082715057,"CAFI_P027",50
"8430",-32293.770615057,"CAFI_P027",100
"8431",-33579.782705057,"CAFI_P027",25
"8432",-20514.702155057,"CAFI_P027",50
"8433",-19482.410455057,"CAFI_P027",100
"8434",-47055.164045057,"CAFI_P027",25
"8435",-44592.406305057,"CAFI_P027",50
"8436",-51215.928415057,"CAFI_P027",100
"8437",-27647.502065057,"CAFI_P027",25
"8438",-31278.053925057,"CAFI_P027",50
"8439",-62090.297775057,"CAFI_P027",100
"8440",-6840.38775505702,"CAFI_P027",25
"8441",-41913.922025057,"CAFI_P027",50
"8442",-44991.951515057,"CAFI_P027",100
"8443",-25528.270935057,"CAFI_P027",25
"8444",-10000.757475057,"CAFI_P027",50
"8445",-62368.582445057,"CAFI_P027",100
"8446",-10403.695565057,"CAFI_P027",25
"8447",-30536.224345057,"CAFI_P027",50
"8448",-55460.331805057,"CAFI_P027",100
"8449",-13104.218205057,"CAFI_P027",25
"8450",-21331.299375057,"CAFI_P027",50
"8451",-41630.733155057,"CAFI_P027",100
"8452",-12919.188655057,"CAFI_P027",25
"8453",-21274.704755057,"CAFI_P027",50
"8454",-54570.419385057,"CAFI_P027",100
"8455",-22839.223765057,"CAFI_P027",25
"8456",-21585.535285057,"CAFI_P027",50
"8457",-73064.468885057,"CAFI_P027",100
"8458",-27925.594465057,"CAFI_P027",25
"8459",-12604.442355057,"CAFI_P027",50
"8460",-52325.853485057,"CAFI_P027",100
"8461",-8878.00577505701,"CAFI_P027",25
"8462",-44578.385375057,"CAFI_P027",50
"8463",-35851.821635057,"CAFI_P027",100
"8464",-20724.668945057,"CAFI_P027",25
"8465",-53972.355255057,"CAFI_P027",50
"8466",-58630.018925057,"CAFI_P027",100
"8467",-17685.315585057,"CAFI_P027",25
"8468",-11499.580295057,"CAFI_P027",50
"8469",-51680.586665057,"CAFI_P027",100
"8470",-4126.46292505699,"CAFI_P027",25
"8471",-26752.474235057,"CAFI_P027",50
"8472",-59954.261205057,"CAFI_P027",100
"8473",5910.36470494303,"CAFI_P027",25
"8474",-45534.852275057,"CAFI_P027",50
"8475",-46318.740035057,"CAFI_P027",100
"8476",-29303.352885057,"CAFI_P027",25
"8477",-47023.458555057,"CAFI_P027",50
"8478",-43607.341635057,"CAFI_P027",100
"8479",-26363.097365057,"CAFI_P027",25
"8480",-15893.220375057,"CAFI_P027",50
"8481",-74304.165245057,"CAFI_P027",100
"8482",-9415.11619505699,"CAFI_P027",25
"8483",-35987.757145057,"CAFI_P027",50
"8484",-62568.691075057,"CAFI_P027",100
"8485",2643.85620494303,"CAFI_P027",25
"8486",-1728.68683505699,"CAFI_P027",50
"8487",-56242.809225057,"CAFI_P027",100
"8488",-15747.369535057,"CAFI_P027",25
"8489",-31219.827155057,"CAFI_P027",50
"8490",-50204.252565057,"CAFI_P027",100
"8491",-24838.169215057,"CAFI_P027",25
"8492",-3994.25594505697,"CAFI_P027",50
"8493",-44663.372555057,"CAFI_P027",100
"8494",-14074.372775057,"CAFI_P027",25
"8495",-8414.06522505701,"CAFI_P027",50
"8496",-79667.475865057,"CAFI_P027",100
"8497",-10092.900105057,"CAFI_P027",25
"8498",14120.016414943,"CAFI_P027",50
"8499",-81524.808105057,"CAFI_P027",100
"8500",-14441.365285057,"CAFI_P027",25
"8501",-12810.351715057,"CAFI_P027",50
"8502",-51851.104505057,"CAFI_P027",100
"8503",-5125.18161505699,"CAFI_P027",25
"8504",-19776.103025057,"CAFI_P027",50
"8505",-46960.135025057,"CAFI_P027",100
"8506",-22478.806265057,"CAFI_P027",25
"8507",-21030.183405057,"CAFI_P027",50
"8508",-61114.280605057,"CAFI_P027",100
"8509",-7945.95758505701,"CAFI_P027",25
"8510",-55352.651415057,"CAFI_P027",50
"8511",-51475.597265057,"CAFI_P027",100
"8512",-25771.976865057,"CAFI_P027",25
"8513",-19924.661445057,"CAFI_P027",50
"8514",-42369.472365057,"CAFI_P027",100
"8515",7245.41422494303,"CAFI_P027",25
"8516",-37215.112175057,"CAFI_P027",50
"8517",-64802.601955057,"CAFI_P027",100
"8518",-35944.756705057,"CAFI_P027",25
"8519",-41014.308845057,"CAFI_P027",50
"8520",-70093.846525057,"CAFI_P027",100
"8521",1077.05483494303,"CAFI_P027",25
"8522",-21983.575585057,"CAFI_P027",50
"8523",-33134.891595057,"CAFI_P027",100
"8524",-21895.759005057,"CAFI_P027",25
"8525",-28947.836425057,"CAFI_P027",50
"8526",-34003.634065057,"CAFI_P027",100
"8527",-14409.376725057,"CAFI_P027",25
"8528",-9731.77297505701,"CAFI_P027",50
"8529",-57184.719035057,"CAFI_P027",100
"8530",-11016.699755057,"CAFI_P027",25
"8531",-38700.238115057,"CAFI_P027",50
"8532",-32678.100515057,"CAFI_P027",100
"8533",-23643.108095057,"CAFI_P027",25
"8534",-33460.401125057,"CAFI_P027",50
"8535",-53971.610555057,"CAFI_P027",100
"8536",-19465.415775057,"CAFI_P027",25
"8537",-5878.67542505701,"CAFI_P027",50
"8538",-29290.459995057,"CAFI_P027",100
"8539",-36329.187295057,"CAFI_P027",25
"8540",-44833.211445057,"CAFI_P027",50
"8541",-73495.445535057,"CAFI_P027",100
"8542",-75.0684650570038,"CAFI_P027",25
"8543",-14823.063675057,"CAFI_P027",50
"8544",-26876.141875057,"CAFI_P027",100
"8545",-5134.21957505698,"CAFI_P027",25
"8546",12742.688934943,"CAFI_P027",50
"8547",-43294.013555057,"CAFI_P027",100
"8548",-389.248395056988,"CAFI_P027",25
"8549",-20997.206815057,"CAFI_P027",50
"8550",-52607.694915057,"CAFI_P027",100
"8551",-10339.409935057,"CAFI_P027",25
"8552",-19602.305685057,"CAFI_P027",50
"8553",-49303.261915057,"CAFI_P027",100
"8554",-18044.572725057,"CAFI_P027",25
"8555",-9741.37597505702,"CAFI_P027",50
"8556",-76203.465245057,"CAFI_P027",100
"8557",-7402.414485057,"CAFI_P027",25
"8558",-48112.794405057,"CAFI_P027",50
"8559",-72100.735375057,"CAFI_P027",100
"8560",-21539.000245057,"CAFI_P027",25
"8561",-16553.763975057,"CAFI_P027",50
"8562",-56550.313885057,"CAFI_P027",100
"8563",-4356.780595057,"CAFI_P027",25
"8564",-35267.529425057,"CAFI_P027",50
"8565",-61043.202395057,"CAFI_P027",100
"8566",208.543064942991,"CAFI_P027",25
"8567",-50416.469535057,"CAFI_P027",50
"8568",-61028.791035057,"CAFI_P027",100
"8569",-5192.25368505699,"CAFI_P027",25
"8570",-52478.387375057,"CAFI_P027",50
"8571",-68011.497865057,"CAFI_P027",100
"8572",-12450.194155057,"CAFI_P027",25
"8573",-30180.833175057,"CAFI_P027",50
"8574",-44318.234095057,"CAFI_P027",100
"8575",-15378.546355057,"CAFI_P027",25
"8576",-45852.204775057,"CAFI_P027",50
"8577",-31640.304565057,"CAFI_P027",100
"8578",3571.87450494303,"CAFI_P027",25
"8579",-35424.017945057,"CAFI_P027",50
"8580",-53059.611345057,"CAFI_P027",100
"8581",-4108.89151505701,"CAFI_P027",25
"8582",-35614.479515057,"CAFI_P027",50
"8583",-42534.290175057,"CAFI_P027",100
"8584",-14105.037955057,"CAFI_P027",25
"8585",-5353.12798505701,"CAFI_P027",50
"8586",-66693.654325057,"CAFI_P027",100
"8587",-24922.159825057,"CAFI_P027",25
"8588",-38467.889205057,"CAFI_P027",50
"8589",-33438.067125057,"CAFI_P027",100
"8590",-10025.493395057,"CAFI_P027",25
"8591",-28303.509845057,"CAFI_P027",50
"8592",-56208.794785057,"CAFI_P027",100
"8593",-474.431695057021,"CAFI_P027",25
"8594",1835.05957494298,"CAFI_P027",50
"8595",-46974.858785057,"CAFI_P027",100
"8596",-16622.029295057,"CAFI_P027",25
"8597",733.884414942993,"CAFI_P027",50
"8598",-33678.684995057,"CAFI_P027",100
"8599",-16488.920965057,"CAFI_P027",25
"8600",-49214.164795057,"CAFI_P027",50
"8601",-45737.107235057,"CAFI_P027",100
"8602",15263.194484943,"CAFI_P027",25
"8603",-12106.678745057,"CAFI_P027",50
"8604",-50217.114355057,"CAFI_P027",100
"8605",-3925.44541505701,"CAFI_P027",25
"8606",-59596.967255057,"CAFI_P027",50
"8607",-63616.710425057,"CAFI_P027",100
"8608",-7868.052175057,"CAFI_P027",25
"8609",-16390.972545057,"CAFI_P027",50
"8610",-63276.666845057,"CAFI_P027",100
"8611",5312.702304943,"CAFI_P027",25
"8612",-17094.546145057,"CAFI_P027",50
"8613",-39134.291495057,"CAFI_P027",100
"8614",-4211.37945505697,"CAFI_P027",25
"8615",-9743.74376505701,"CAFI_P027",50
"8616",-30525.793515057,"CAFI_P027",100
"8617",2096.24634494301,"CAFI_P027",25
"8618",-35149.069745057,"CAFI_P027",50
"8619",-61385.879135057,"CAFI_P027",100
"8620",-2481.76976505702,"CAFI_P027",25
"8621",-2462.38366505702,"CAFI_P027",50
"8622",-51177.759215057,"CAFI_P027",100
"8623",-7979.33653505699,"CAFI_P027",25
"8624",-14949.089355057,"CAFI_P027",50
"8625",-44229.018485057,"CAFI_P027",100
"8626",-38.2148950569681,"CAFI_P027",25
"8627",-41953.805925057,"CAFI_P027",50
"8628",-65149.857355057,"CAFI_P027",100
"8629",-15919.643155057,"CAFI_P027",25
"8630",-39539.472445057,"CAFI_P027",50
"8631",-75858.413695057,"CAFI_P027",100
"8632",2717.14274494298,"CAFI_P027",25
"8633",-512.024875056988,"CAFI_P027",50
"8634",-53310.066515057,"CAFI_P027",100
"8635",-13210.528385057,"CAFI_P027",25
"8636",-17255.976695057,"CAFI_P027",50
"8637",-44382.802015057,"CAFI_P027",100
"8638",-30836.984285057,"CAFI_P027",25
"8639",-41238.717605057,"CAFI_P027",50
"8640",-35498.691385057,"CAFI_P027",100
"8641",-3604.16775505699,"CAFI_P027",25
"8642",689.823694942985,"CAFI_P027",50
"8643",-61444.687065057,"CAFI_P027",100
"8644",-19187.993775057,"CAFI_P027",25
"8645",-24924.546055057,"CAFI_P027",50
"8646",-79746.796245057,"CAFI_P027",100
"8647",13049.198744943,"CAFI_P027",25
"8648",-32954.556425057,"CAFI_P027",50
"8649",-50739.322705057,"CAFI_P027",100
"8650",21022.932414943,"CAFI_P027",25
"8651",-26745.875575057,"CAFI_P027",50
"8652",-53904.819025057,"CAFI_P027",100
"8653",-10265.819135057,"CAFI_P027",25
"8654",-43271.150725057,"CAFI_P027",50
"8655",-48179.176795057,"CAFI_P027",100
"8656",721.073504942993,"CAFI_P027",25
"8657",-21301.768315057,"CAFI_P027",50
"8658",-41715.653135057,"CAFI_P027",100
"8659",1221.24824494298,"CAFI_P027",25
"8660",-28281.289835057,"CAFI_P027",50
"8661",-56277.711055057,"CAFI_P027",100
"8662",-5655.66948505701,"CAFI_P027",25
"8663",5200.57773494301,"CAFI_P027",50
"8664",-55774.622575057,"CAFI_P027",100
"8665",3848.38433494302,"CAFI_P027",25
"8666",-26781.566075057,"CAFI_P027",50
"8667",-51645.215225057,"CAFI_P027",100
"8668",-10972.804895057,"CAFI_P027",25
"8669",-57108.829875057,"CAFI_P027",50
"8670",-56370.932855057,"CAFI_P027",100
"8671",-16194.307605057,"CAFI_P027",25
"8672",-345.81749505701,"CAFI_P027",50
"8673",-66448.803905057,"CAFI_P027",100
"8674",2959.09988494299,"CAFI_P027",25
"8675",-32049.163455057,"CAFI_P027",50
"8676",-28016.876345057,"CAFI_P027",100
"8677",15499.826404943,"CAFI_P027",25
"8678",-11462.404555057,"CAFI_P027",50
"8679",-43986.904405057,"CAFI_P027",100
"8680",-19099.291995057,"CAFI_P027",25
"8681",-10441.549025057,"CAFI_P027",50
"8682",-40832.387515057,"CAFI_P027",100
"8683",-10388.313245057,"CAFI_P027",25
"8684",-32131.879785057,"CAFI_P027",50
"8685",-18188.604815057,"CAFI_P027",100
"8686",-22611.687685057,"CAFI_P027",25
"8687",-15099.488345057,"CAFI_P027",50
"8688",-42275.165795057,"CAFI_P027",100
"8689",-12388.013295057,"CAFI_P027",25
"8690",-14236.333125057,"CAFI_P027",50
"8691",-43258.297545057,"CAFI_P027",100
"8692",2022.61989494303,"CAFI_P027",25
"8693",-43717.942925057,"CAFI_P027",50
"8694",-54920.784715057,"CAFI_P027",100
"8695",-15000.521215057,"CAFI_P027",25
"8696",1717.41549494298,"CAFI_P027",50
"8697",-55129.533855057,"CAFI_P027",100
"8698",-25866.308135057,"CAFI_P027",25
"8699",425.917434943025,"CAFI_P027",50
"8700",-46990.079305057,"CAFI_P027",100
"8701",-10056.802353619,"CAFI_P028",25
"8702",-30414.054173619,"CAFI_P028",50
"8703",-76814.077233619,"CAFI_P028",100
"8704",-15767.469053619,"CAFI_P028",25
"8705",-20778.225443619,"CAFI_P028",50
"8706",-77026.984463619,"CAFI_P028",100
"8707",30857.736656381,"CAFI_P028",25
"8708",-24344.217423619,"CAFI_P028",50
"8709",-27785.433683619,"CAFI_P028",100
"8710",-11128.930623619,"CAFI_P028",25
"8711",-45448.319203619,"CAFI_P028",50
"8712",-82687.201323619,"CAFI_P028",100
"8713",-15525.520513619,"CAFI_P028",25
"8714",10302.173866381,"CAFI_P028",50
"8715",-68771.981973619,"CAFI_P028",100
"8716",-36057.379433619,"CAFI_P028",25
"8717",-51720.583393619,"CAFI_P028",50
"8718",-58063.355303619,"CAFI_P028",100
"8719",-33634.899343619,"CAFI_P028",25
"8720",-40016.696813619,"CAFI_P028",50
"8721",-107653.820853619,"CAFI_P028",100
"8722",-25906.010133619,"CAFI_P028",25
"8723",-39005.888043619,"CAFI_P028",50
"8724",-57077.798223619,"CAFI_P028",100
"8725",-8917.49518361903,"CAFI_P028",25
"8726",-51526.799323619,"CAFI_P028",50
"8727",-138142.174293619,"CAFI_P028",100
"8728",-64856.913383619,"CAFI_P028",25
"8729",-2641.63433361903,"CAFI_P028",50
"8730",-86061.466323619,"CAFI_P028",100
"8731",-40135.319463619,"CAFI_P028",25
"8732",-7955.55104361899,"CAFI_P028",50
"8733",-58470.215223619,"CAFI_P028",100
"8734",-41863.247963619,"CAFI_P028",25
"8735",-46201.360563619,"CAFI_P028",50
"8736",-80520.284093619,"CAFI_P028",100
"8737",-23466.368403619,"CAFI_P028",25
"8738",-51773.084783619,"CAFI_P028",50
"8739",-58886.569823619,"CAFI_P028",100
"8740",-2391.82620361901,"CAFI_P028",25
"8741",-46685.417523619,"CAFI_P028",50
"8742",-122609.566473619,"CAFI_P028",100
"8743",21399.682576381,"CAFI_P028",25
"8744",-32128.794183619,"CAFI_P028",50
"8745",-28159.975203619,"CAFI_P028",100
"8746",-33849.548633619,"CAFI_P028",25
"8747",-44406.886413619,"CAFI_P028",50
"8748",-111280.827503619,"CAFI_P028",100
"8749",4889.61286638101,"CAFI_P028",25
"8750",-33761.141453619,"CAFI_P028",50
"8751",-36264.573623619,"CAFI_P028",100
"8752",8865.06871638098,"CAFI_P028",25
"8753",-35674.930523619,"CAFI_P028",50
"8754",-79011.240603619,"CAFI_P028",100
"8755",-1592.08499361901,"CAFI_P028",25
"8756",9995.04121638101,"CAFI_P028",50
"8757",-65068.745773619,"CAFI_P028",100
"8758",-27865.337763619,"CAFI_P028",25
"8759",-14583.874173619,"CAFI_P028",50
"8760",-66752.909253619,"CAFI_P028",100
"8761",-7783.251073619,"CAFI_P028",25
"8762",-55571.145623619,"CAFI_P028",50
"8763",-32206.753683619,"CAFI_P028",100
"8764",6608.614676381,"CAFI_P028",25
"8765",-11391.909403619,"CAFI_P028",50
"8766",-101580.323743619,"CAFI_P028",100
"8767",-9227.08094361902,"CAFI_P028",25
"8768",-57346.579513619,"CAFI_P028",50
"8769",-83375.766883619,"CAFI_P028",100
"8770",-40179.368063619,"CAFI_P028",25
"8771",32485.530956381,"CAFI_P028",50
"8772",-97326.378673619,"CAFI_P028",100
"8773",-30328.813793619,"CAFI_P028",25
"8774",-61316.986353619,"CAFI_P028",50
"8775",-112698.508473619,"CAFI_P028",100
"8776",20638.787256381,"CAFI_P028",25
"8777",-60321.650023619,"CAFI_P028",50
"8778",-46622.468063619,"CAFI_P028",100
"8779",-21250.032733619,"CAFI_P028",25
"8780",-52055.707463619,"CAFI_P028",50
"8781",-81041.557233619,"CAFI_P028",100
"8782",-13908.496413619,"CAFI_P028",25
"8783",-4222.07482361904,"CAFI_P028",50
"8784",-42727.056843619,"CAFI_P028",100
"8785",-3128.19086361903,"CAFI_P028",25
"8786",-43429.736693619,"CAFI_P028",50
"8787",-57877.310413619,"CAFI_P028",100
"8788",-31509.405843619,"CAFI_P028",25
"8789",-33902.213033619,"CAFI_P028",50
"8790",-119980.832183619,"CAFI_P028",100
"8791",-2489.848423619,"CAFI_P028",25
"8792",15847.143966381,"CAFI_P028",50
"8793",-74072.652233619,"CAFI_P028",100
"8794",-15502.351823619,"CAFI_P028",25
"8795",-97004.782643619,"CAFI_P028",50
"8796",-82152.323053619,"CAFI_P028",100
"8797",-1129.02600361902,"CAFI_P028",25
"8798",-64475.944153619,"CAFI_P028",50
"8799",-55006.543663619,"CAFI_P028",100
"8800",-38698.608343619,"CAFI_P028",25
"8801",-4162.441133619,"CAFI_P028",50
"8802",-83588.465483619,"CAFI_P028",100
"8803",-4163.41963361902,"CAFI_P028",25
"8804",-12974.122463619,"CAFI_P028",50
"8805",-66869.115273619,"CAFI_P028",100
"8806",-20911.491713619,"CAFI_P028",25
"8807",-61737.509103619,"CAFI_P028",50
"8808",-95412.330793619,"CAFI_P028",100
"8809",-21429.402903619,"CAFI_P028",25
"8810",-20043.286003619,"CAFI_P028",50
"8811",-43249.626113619,"CAFI_P028",100
"8812",-17417.163423619,"CAFI_P028",25
"8813",-56042.470153619,"CAFI_P028",50
"8814",-46850.272173619,"CAFI_P028",100
"8815",-6764.149373619,"CAFI_P028",25
"8816",-61685.585733619,"CAFI_P028",50
"8817",-77780.241783619,"CAFI_P028",100
"8818",-12790.216663619,"CAFI_P028",25
"8819",-49879.697153619,"CAFI_P028",50
"8820",-53561.762333619,"CAFI_P028",100
"8821",-24534.414283619,"CAFI_P028",25
"8822",-2084.95849361899,"CAFI_P028",50
"8823",-22466.910323619,"CAFI_P028",100
"8824",-25508.911003619,"CAFI_P028",25
"8825",-67174.169893619,"CAFI_P028",50
"8826",-63972.183223619,"CAFI_P028",100
"8827",-12245.092473619,"CAFI_P028",25
"8828",-54463.080853619,"CAFI_P028",50
"8829",-89991.228603619,"CAFI_P028",100
"8830",-56526.679163619,"CAFI_P028",25
"8831",-66007.825363619,"CAFI_P028",50
"8832",-56860.635343619,"CAFI_P028",100
"8833",-22449.976933619,"CAFI_P028",25
"8834",-56213.217343619,"CAFI_P028",50
"8835",-59738.567343619,"CAFI_P028",100
"8836",-16701.672173619,"CAFI_P028",25
"8837",-31462.179693619,"CAFI_P028",50
"8838",-90581.439303619,"CAFI_P028",100
"8839",-29019.930603619,"CAFI_P028",25
"8840",-21553.117193619,"CAFI_P028",50
"8841",-79847.107743619,"CAFI_P028",100
"8842",-28028.863923619,"CAFI_P028",25
"8843",-65632.200193619,"CAFI_P028",50
"8844",-98390.563933619,"CAFI_P028",100
"8845",-21835.378183619,"CAFI_P028",25
"8846",-44202.012223619,"CAFI_P028",50
"8847",-47699.000933619,"CAFI_P028",100
"8848",-51734.530663619,"CAFI_P028",25
"8849",-61363.248553619,"CAFI_P028",50
"8850",-54148.694203619,"CAFI_P028",100
"8851",-24267.487393619,"CAFI_P028",25
"8852",-78711.883163619,"CAFI_P028",50
"8853",-114943.992553619,"CAFI_P028",100
"8854",-30184.352583619,"CAFI_P028",25
"8855",-49549.504783619,"CAFI_P028",50
"8856",-57723.035823619,"CAFI_P028",100
"8857",-17424.819723619,"CAFI_P028",25
"8858",-63106.092433619,"CAFI_P028",50
"8859",-79845.917723619,"CAFI_P028",100
"8860",-3715.07375361898,"CAFI_P028",25
"8861",-32564.732353619,"CAFI_P028",50
"8862",-97281.898773619,"CAFI_P028",100
"8863",-24705.604553619,"CAFI_P028",25
"8864",-30365.915383619,"CAFI_P028",50
"8865",-93615.698203619,"CAFI_P028",100
"8866",-8088.82536361902,"CAFI_P028",25
"8867",-10594.918963619,"CAFI_P028",50
"8868",-82835.280773619,"CAFI_P028",100
"8869",-18120.685053619,"CAFI_P028",25
"8870",5851.76619638101,"CAFI_P028",50
"8871",-88349.592323619,"CAFI_P028",100
"8872",-23798.074973619,"CAFI_P028",25
"8873",-51659.295203619,"CAFI_P028",50
"8874",-83016.405133619,"CAFI_P028",100
"8875",-16590.633723619,"CAFI_P028",25
"8876",-17557.857243619,"CAFI_P028",50
"8877",-96032.094123619,"CAFI_P028",100
"8878",-52778.253263619,"CAFI_P028",25
"8879",-40802.885913619,"CAFI_P028",50
"8880",-73132.887643619,"CAFI_P028",100
"8881",-22092.431543619,"CAFI_P028",25
"8882",-52955.109103619,"CAFI_P028",50
"8883",-86595.142463619,"CAFI_P028",100
"8884",14029.188216381,"CAFI_P028",25
"8885",-24582.095093619,"CAFI_P028",50
"8886",-99108.169293619,"CAFI_P028",100
"8887",-22625.369553619,"CAFI_P028",25
"8888",-14944.557793619,"CAFI_P028",50
"8889",-72526.150443619,"CAFI_P028",100
"8890",-14571.421913619,"CAFI_P028",25
"8891",10971.464506381,"CAFI_P028",50
"8892",-77954.611783619,"CAFI_P028",100
"8893",-31967.577833619,"CAFI_P028",25
"8894",-61008.529233619,"CAFI_P028",50
"8895",-82258.712873619,"CAFI_P028",100
"8896",-12247.891083619,"CAFI_P028",25
"8897",-12763.889943619,"CAFI_P028",50
"8898",-2918.47823361901,"CAFI_P028",100
"8899",-1720.34496361902,"CAFI_P028",25
"8900",-35030.809603619,"CAFI_P028",50
"8901",-85255.928323619,"CAFI_P028",100
"8902",-27447.130773619,"CAFI_P028",25
"8903",-51688.671153619,"CAFI_P028",50
"8904",-47811.544653619,"CAFI_P028",100
"8905",-5922.747143619,"CAFI_P028",25
"8906",-61467.273973619,"CAFI_P028",50
"8907",-126238.764063619,"CAFI_P028",100
"8908",-37992.462433619,"CAFI_P028",25
"8909",-55819.246663619,"CAFI_P028",50
"8910",-88914.271213619,"CAFI_P028",100
"8911",-31513.981613619,"CAFI_P028",25
"8912",-25891.393373619,"CAFI_P028",50
"8913",-105778.351233619,"CAFI_P028",100
"8914",-10324.840643619,"CAFI_P028",25
"8915",-29790.662923619,"CAFI_P028",50
"8916",-85166.625133619,"CAFI_P028",100
"8917",-13616.336993619,"CAFI_P028",25
"8918",-42342.618513619,"CAFI_P028",50
"8919",-39727.314813619,"CAFI_P028",100
"8920",13172.806986381,"CAFI_P028",25
"8921",7355.179386381,"CAFI_P028",50
"8922",-57033.872653619,"CAFI_P028",100
"8923",1146.59564638097,"CAFI_P028",25
"8924",-44729.960093619,"CAFI_P028",50
"8925",-62960.574013619,"CAFI_P028",100
"8926",3984.35944638099,"CAFI_P028",25
"8927",-33830.285113619,"CAFI_P028",50
"8928",-40025.047613619,"CAFI_P028",100
"8929",18233.144006381,"CAFI_P028",25
"8930",-36717.500223619,"CAFI_P028",50
"8931",-89133.132293619,"CAFI_P028",100
"8932",-33782.067163619,"CAFI_P028",25
"8933",-62103.445253619,"CAFI_P028",50
"8934",-100512.071553619,"CAFI_P028",100
"8935",-38394.528993619,"CAFI_P028",25
"8936",-58245.737663619,"CAFI_P028",50
"8937",-98350.166383619,"CAFI_P028",100
"8938",-24226.099453619,"CAFI_P028",25
"8939",-30780.668023619,"CAFI_P028",50
"8940",-96642.493773619,"CAFI_P028",100
"8941",-38700.714023619,"CAFI_P028",25
"8942",-79675.740163619,"CAFI_P028",50
"8943",-131163.863053619,"CAFI_P028",100
"8944",16816.617676381,"CAFI_P028",25
"8945",-19658.901993619,"CAFI_P028",50
"8946",-72682.886863619,"CAFI_P028",100
"8947",3579.06503638101,"CAFI_P028",25
"8948",-81538.986523619,"CAFI_P028",50
"8949",-98238.431093619,"CAFI_P028",100
"8950",-18801.073013619,"CAFI_P028",25
"8951",-24078.193373619,"CAFI_P028",50
"8952",-86583.390673619,"CAFI_P028",100
"8953",-12241.364363619,"CAFI_P028",25
"8954",-38656.443023619,"CAFI_P028",50
"8955",-91612.839353619,"CAFI_P028",100
"8956",-5517.21415361902,"CAFI_P028",25
"8957",-25626.595613619,"CAFI_P028",50
"8958",-92549.314603619,"CAFI_P028",100
"8959",-48792.470713619,"CAFI_P028",25
"8960",-44499.864833619,"CAFI_P028",50
"8961",-87174.292493619,"CAFI_P028",100
"8962",-25563.780933619,"CAFI_P028",25
"8963",-69945.749253619,"CAFI_P028",50
"8964",-82509.917673619,"CAFI_P028",100
"8965",-35425.000793619,"CAFI_P028",25
"8966",5994.30150638096,"CAFI_P028",50
"8967",-11384.859403619,"CAFI_P028",100
"8968",-17362.765703619,"CAFI_P028",25
"8969",-14118.219493619,"CAFI_P028",50
"8970",-31715.711093619,"CAFI_P028",100
"8971",3198.74794638099,"CAFI_P028",25
"8972",-40922.214383619,"CAFI_P028",50
"8973",-97811.662503619,"CAFI_P028",100
"8974",-37228.008083619,"CAFI_P028",25
"8975",-65476.774583619,"CAFI_P028",50
"8976",-56241.105023619,"CAFI_P028",100
"8977",-41003.981523619,"CAFI_P028",25
"8978",-33296.357243619,"CAFI_P028",50
"8979",-87560.036933619,"CAFI_P028",100
"8980",-35827.343593619,"CAFI_P028",25
"8981",-55349.502393619,"CAFI_P028",50
"8982",-70326.018643619,"CAFI_P028",100
"8983",-24909.125903619,"CAFI_P028",25
"8984",-15103.748273619,"CAFI_P028",50
"8985",-94997.068383619,"CAFI_P028",100
"8986",-3368.214663619,"CAFI_P028",25
"8987",-14632.926223619,"CAFI_P028",50
"8988",-73405.435153619,"CAFI_P028",100
"8989",-3593.78380361904,"CAFI_P028",25
"8990",-9180.31144361902,"CAFI_P028",50
"8991",-75009.131643619,"CAFI_P028",100
"8992",-57751.407603619,"CAFI_P028",25
"8993",-50986.803343619,"CAFI_P028",50
"8994",-105261.426673619,"CAFI_P028",100
"8995",9954.26992638101,"CAFI_P028",25
"8996",-44062.428593619,"CAFI_P028",50
"8997",-104028.636963619,"CAFI_P028",100
"8998",-23282.281863619,"CAFI_P028",25
"8999",-31475.318563619,"CAFI_P028",50
"9000",-44798.788773619,"CAFI_P028",100
"9001",436.241572677973,"CAFI_P029",25
"9002",-1739.58662732202,"CAFI_P029",50
"9003",16836.485892678,"CAFI_P029",100
"9004",-4517.82635732199,"CAFI_P029",25
"9005",-18862.066997322,"CAFI_P029",50
"9006",-24944.074927322,"CAFI_P029",100
"9007",-776.598597322009,"CAFI_P029",25
"9008",27084.130172678,"CAFI_P029",50
"9009",-10080.246497322,"CAFI_P029",100
"9010",-11631.596637322,"CAFI_P029",25
"9011",7924.449402678,"CAFI_P029",50
"9012",-958.085057321994,"CAFI_P029",100
"9013",2062.85457267798,"CAFI_P029",25
"9014",9343.26055267797,"CAFI_P029",50
"9015",-34006.466457322,"CAFI_P029",100
"9016",-2373.73808732204,"CAFI_P029",25
"9017",-5538.21157732204,"CAFI_P029",50
"9018",11426.883132678,"CAFI_P029",100
"9019",-17571.612757322,"CAFI_P029",25
"9020",-12781.739027322,"CAFI_P029",50
"9021",9509.24562267796,"CAFI_P029",100
"9022",-5436.58245732199,"CAFI_P029",25
"9023",-12242.910327322,"CAFI_P029",50
"9024",-50171.340607322,"CAFI_P029",100
"9025",24172.650032678,"CAFI_P029",25
"9026",-31647.523897322,"CAFI_P029",50
"9027",-2116.928907322,"CAFI_P029",100
"9028",-2400.23498732201,"CAFI_P029",25
"9029",36448.616742678,"CAFI_P029",50
"9030",-30045.053367322,"CAFI_P029",100
"9031",17275.583902678,"CAFI_P029",25
"9032",-22674.546027322,"CAFI_P029",50
"9033",22407.456262678,"CAFI_P029",100
"9034",-9821.283267322,"CAFI_P029",25
"9035",-38370.870357322,"CAFI_P029",50
"9036",-30106.253057322,"CAFI_P029",100
"9037",-4965.30246732204,"CAFI_P029",25
"9038",-2327.99353732204,"CAFI_P029",50
"9039",24499.763572678,"CAFI_P029",100
"9040",31845.875432678,"CAFI_P029",25
"9041",-5396.803097322,"CAFI_P029",50
"9042",35391.780292678,"CAFI_P029",100
"9043",-2279.29286732199,"CAFI_P029",25
"9044",-24381.046077322,"CAFI_P029",50
"9045",7174.02064267796,"CAFI_P029",100
"9046",10045.860332678,"CAFI_P029",25
"9047",-2359.43952732201,"CAFI_P029",50
"9048",58324.069782678,"CAFI_P029",100
"9049",-11069.622237322,"CAFI_P029",25
"9050",-15170.085437322,"CAFI_P029",50
"9051",-25401.116197322,"CAFI_P029",100
"9052",-23536.180547322,"CAFI_P029",25
"9053",-8723.33336732199,"CAFI_P029",50
"9054",1030.95085267798,"CAFI_P029",100
"9055",24621.752202678,"CAFI_P029",25
"9056",-25682.922857322,"CAFI_P029",50
"9057",-30666.582997322,"CAFI_P029",100
"9058",-24097.804667322,"CAFI_P029",25
"9059",-991.58931732201,"CAFI_P029",50
"9060",-30919.243727322,"CAFI_P029",100
"9061",3187.29386267799,"CAFI_P029",25
"9062",-25711.997817322,"CAFI_P029",50
"9063",33267.852932678,"CAFI_P029",100
"9064",-224.209337322041,"CAFI_P029",25
"9065",-10849.285437322,"CAFI_P029",50
"9066",9836.12491267797,"CAFI_P029",100
"9067",-6445.070877322,"CAFI_P029",25
"9068",36478.502472678,"CAFI_P029",50
"9069",29599.673712678,"CAFI_P029",100
"9070",18662.094722678,"CAFI_P029",25
"9071",30945.489802678,"CAFI_P029",50
"9072",20507.419162678,"CAFI_P029",100
"9073",1952.786142678,"CAFI_P029",25
"9074",-12449.677477322,"CAFI_P029",50
"9075",1912.56047267799,"CAFI_P029",100
"9076",-11568.719097322,"CAFI_P029",25
"9077",-7216.30329732201,"CAFI_P029",50
"9078",-21395.058487322,"CAFI_P029",100
"9079",31057.535312678,"CAFI_P029",25
"9080",28313.582132678,"CAFI_P029",50
"9081",-49432.644767322,"CAFI_P029",100
"9082",-13019.844037322,"CAFI_P029",25
"9083",9038.147352678,"CAFI_P029",50
"9084",-7788.20356732199,"CAFI_P029",100
"9085",-22565.628227322,"CAFI_P029",25
"9086",5089.51967267797,"CAFI_P029",50
"9087",-34045.535257322,"CAFI_P029",100
"9088",2934.051522678,"CAFI_P029",25
"9089",-309.700827322027,"CAFI_P029",50
"9090",58609.164972678,"CAFI_P029",100
"9091",60966.300162678,"CAFI_P029",25
"9092",-326.465507321991,"CAFI_P029",50
"9093",20146.869532678,"CAFI_P029",100
"9094",10112.202232678,"CAFI_P029",25
"9095",-20116.046217322,"CAFI_P029",50
"9096",36105.110782678,"CAFI_P029",100
"9097",10675.444842678,"CAFI_P029",25
"9098",-36.2553373220144,"CAFI_P029",50
"9099",-17361.501137322,"CAFI_P029",100
"9100",903.466932678013,"CAFI_P029",25
"9101",-52050.227567322,"CAFI_P029",50
"9102",-12020.053717322,"CAFI_P029",100
"9103",-1880.413787322,"CAFI_P029",25
"9104",12973.736552678,"CAFI_P029",50
"9105",-66534.995017322,"CAFI_P029",100
"9106",20342.635892678,"CAFI_P029",25
"9107",-16244.779117322,"CAFI_P029",50
"9108",21476.653172678,"CAFI_P029",100
"9109",-17111.002817322,"CAFI_P029",25
"9110",70958.281922678,"CAFI_P029",50
"9111",10994.580182678,"CAFI_P029",100
"9112",-19879.195657322,"CAFI_P029",25
"9113",-34171.771987322,"CAFI_P029",50
"9114",-55832.406777322,"CAFI_P029",100
"9115",7051.84902267798,"CAFI_P029",25
"9116",-8645.94818732201,"CAFI_P029",50
"9117",-20162.836037322,"CAFI_P029",100
"9118",-5535.13259732199,"CAFI_P029",25
"9119",29495.019332678,"CAFI_P029",50
"9120",-29137.601157322,"CAFI_P029",100
"9121",4629.02602267801,"CAFI_P029",25
"9122",-15088.443007322,"CAFI_P029",50
"9123",40637.554732678,"CAFI_P029",100
"9124",-11320.534227322,"CAFI_P029",25
"9125",-11261.953407322,"CAFI_P029",50
"9126",-27015.605457322,"CAFI_P029",100
"9127",-7365.19861732202,"CAFI_P029",25
"9128",-14494.546297322,"CAFI_P029",50
"9129",7674.98346267798,"CAFI_P029",100
"9130",1176.652512678,"CAFI_P029",25
"9131",-32946.363437322,"CAFI_P029",50
"9132",4435.28525267798,"CAFI_P029",100
"9133",21218.178782678,"CAFI_P029",25
"9134",10638.483762678,"CAFI_P029",50
"9135",45472.351992678,"CAFI_P029",100
"9136",-19858.144687322,"CAFI_P029",25
"9137",1680.049412678,"CAFI_P029",50
"9138",-22981.180827322,"CAFI_P029",100
"9139",-17063.642927322,"CAFI_P029",25
"9140",21118.804932678,"CAFI_P029",50
"9141",-6251.23016732204,"CAFI_P029",100
"9142",-464.633387322014,"CAFI_P029",25
"9143",-1736.95798732201,"CAFI_P029",50
"9144",-32157.244837322,"CAFI_P029",100
"9145",-8861.65258732199,"CAFI_P029",25
"9146",-9925.64384732203,"CAFI_P029",50
"9147",-12324.787787322,"CAFI_P029",100
"9148",13315.625502678,"CAFI_P029",25
"9149",2086.191192678,"CAFI_P029",50
"9150",24867.764242678,"CAFI_P029",100
"9151",-6802.397267322,"CAFI_P029",25
"9152",-36004.924177322,"CAFI_P029",50
"9153",39994.249892678,"CAFI_P029",100
"9154",3526.914322678,"CAFI_P029",25
"9155",-8397.49589732202,"CAFI_P029",50
"9156",27694.723032678,"CAFI_P029",100
"9157",-2268.59685732203,"CAFI_P029",25
"9158",25404.580462678,"CAFI_P029",50
"9159",34108.449862678,"CAFI_P029",100
"9160",5017.81604267797,"CAFI_P029",25
"9161",61267.278572678,"CAFI_P029",50
"9162",51076.724242678,"CAFI_P029",100
"9163",3750.17043267796,"CAFI_P029",25
"9164",32374.187032678,"CAFI_P029",50
"9165",-8027.71257732203,"CAFI_P029",100
"9166",-10909.171527322,"CAFI_P029",25
"9167",5810.96409267798,"CAFI_P029",50
"9168",-11792.119737322,"CAFI_P029",100
"9169",30217.279262678,"CAFI_P029",25
"9170",-3832.31443732203,"CAFI_P029",50
"9171",-5760.48206732201,"CAFI_P029",100
"9172",-21767.191387322,"CAFI_P029",25
"9173",50447.749822678,"CAFI_P029",50
"9174",31398.533772678,"CAFI_P029",100
"9175",31891.089612678,"CAFI_P029",25
"9176",53324.878612678,"CAFI_P029",50
"9177",21025.149092678,"CAFI_P029",100
"9178",-26150.563857322,"CAFI_P029",25
"9179",-45082.123217322,"CAFI_P029",50
"9180",70158.421472678,"CAFI_P029",100
"9181",9684.288542678,"CAFI_P029",25
"9182",-5757.29597732204,"CAFI_P029",50
"9183",-16778.613117322,"CAFI_P029",100
"9184",3213.99807267799,"CAFI_P029",25
"9185",-9104.129877322,"CAFI_P029",50
"9186",11307.629442678,"CAFI_P029",100
"9187",-14967.440497322,"CAFI_P029",25
"9188",36399.137492678,"CAFI_P029",50
"9189",-2376.20951732202,"CAFI_P029",100
"9190",-9155.54791732202,"CAFI_P029",25
"9191",1716.94060267799,"CAFI_P029",50
"9192",16217.135012678,"CAFI_P029",100
"9193",-18302.928427322,"CAFI_P029",25
"9194",-22142.717327322,"CAFI_P029",50
"9195",-30509.650897322,"CAFI_P029",100
"9196",2850.51246267796,"CAFI_P029",25
"9197",11558.243912678,"CAFI_P029",50
"9198",2808.84146267798,"CAFI_P029",100
"9199",-22441.475057322,"CAFI_P029",25
"9200",39636.551572678,"CAFI_P029",50
"9201",68342.424072678,"CAFI_P029",100
"9202",-17489.470867322,"CAFI_P029",25
"9203",-31985.985967322,"CAFI_P029",50
"9204",-51924.620667322,"CAFI_P029",100
"9205",5360.40010267799,"CAFI_P029",25
"9206",27088.583972678,"CAFI_P029",50
"9207",58304.915912678,"CAFI_P029",100
"9208",-10899.149247322,"CAFI_P029",25
"9209",-2913.939747322,"CAFI_P029",50
"9210",-6763.86433732201,"CAFI_P029",100
"9211",30523.543942678,"CAFI_P029",25
"9212",-7182.99830732204,"CAFI_P029",50
"9213",743.268232678005,"CAFI_P029",100
"9214",8485.88753267797,"CAFI_P029",25
"9215",14140.194412678,"CAFI_P029",50
"9216",4858.48869267799,"CAFI_P029",100
"9217",-10753.960967322,"CAFI_P029",25
"9218",28527.184562678,"CAFI_P029",50
"9219",48049.590812678,"CAFI_P029",100
"9220",-28889.664057322,"CAFI_P029",25
"9221",3363.84381267801,"CAFI_P029",50
"9222",24119.057042678,"CAFI_P029",100
"9223",-10120.669457322,"CAFI_P029",25
"9224",-15050.473217322,"CAFI_P029",50
"9225",55360.949242678,"CAFI_P029",100
"9226",-6507.84104732203,"CAFI_P029",25
"9227",-908.370877322042,"CAFI_P029",50
"9228",2121.39838267799,"CAFI_P029",100
"9229",31504.591742678,"CAFI_P029",25
"9230",-21490.502657322,"CAFI_P029",50
"9231",-21096.937287322,"CAFI_P029",100
"9232",9039.37761267798,"CAFI_P029",25
"9233",-9848.02459732199,"CAFI_P029",50
"9234",5053.332772678,"CAFI_P029",100
"9235",-5981.06113732199,"CAFI_P029",25
"9236",19364.949872678,"CAFI_P029",50
"9237",20443.352732678,"CAFI_P029",100
"9238",-1809.922807322,"CAFI_P029",25
"9239",14791.716902678,"CAFI_P029",50
"9240",15018.194392678,"CAFI_P029",100
"9241",-18839.583597322,"CAFI_P029",25
"9242",-8123.99066732201,"CAFI_P029",50
"9243",70927.401302678,"CAFI_P029",100
"9244",-2766.65111732204,"CAFI_P029",25
"9245",4474.104352678,"CAFI_P029",50
"9246",-590.458167322038,"CAFI_P029",100
"9247",13437.977432678,"CAFI_P029",25
"9248",-11031.660927322,"CAFI_P029",50
"9249",14585.321592678,"CAFI_P029",100
"9250",6691.166462678,"CAFI_P029",25
"9251",-5174.46477732202,"CAFI_P029",50
"9252",-20286.936477322,"CAFI_P029",100
"9253",-7438.913397322,"CAFI_P029",25
"9254",7826.99290267797,"CAFI_P029",50
"9255",2562.69247267797,"CAFI_P029",100
"9256",-10971.036927322,"CAFI_P029",25
"9257",22764.748512678,"CAFI_P029",50
"9258",21545.285422678,"CAFI_P029",100
"9259",-6071.19341732201,"CAFI_P029",25
"9260",32684.004012678,"CAFI_P029",50
"9261",-2017.35292732203,"CAFI_P029",100
"9262",-14713.992607322,"CAFI_P029",25
"9263",5108.32906267798,"CAFI_P029",50
"9264",-14107.947217322,"CAFI_P029",100
"9265",-21690.930627322,"CAFI_P029",25
"9266",2638.453132678,"CAFI_P029",50
"9267",3219.039322678,"CAFI_P029",100
"9268",-24257.285927322,"CAFI_P029",25
"9269",17662.864732678,"CAFI_P029",50
"9270",-21330.993707322,"CAFI_P029",100
"9271",-14024.787397322,"CAFI_P029",25
"9272",-8747.62184732204,"CAFI_P029",50
"9273",-5676.715967322,"CAFI_P029",100
"9274",884.580332677986,"CAFI_P029",25
"9275",-1258.55464732199,"CAFI_P029",50
"9276",22704.046972678,"CAFI_P029",100
"9277",-20436.508407322,"CAFI_P029",25
"9278",-23630.965557322,"CAFI_P029",50
"9279",-44786.893597322,"CAFI_P029",100
"9280",13717.112642678,"CAFI_P029",25
"9281",67734.591912678,"CAFI_P029",50
"9282",-21093.000947322,"CAFI_P029",100
"9283",-3717.43650732201,"CAFI_P029",25
"9284",-30897.753117322,"CAFI_P029",50
"9285",-11022.283907322,"CAFI_P029",100
"9286",-16892.824227322,"CAFI_P029",25
"9287",30123.249922678,"CAFI_P029",50
"9288",-30916.589457322,"CAFI_P029",100
"9289",507.580422677973,"CAFI_P029",25
"9290",4017.20821267797,"CAFI_P029",50
"9291",-14009.731247322,"CAFI_P029",100
"9292",14308.747762678,"CAFI_P029",25
"9293",-22401.620157322,"CAFI_P029",50
"9294",39589.678672678,"CAFI_P029",100
"9295",5093.50947267801,"CAFI_P029",25
"9296",5253.012032678,"CAFI_P029",50
"9297",-37560.581867322,"CAFI_P029",100
"9298",9018.23593267798,"CAFI_P029",25
"9299",12084.682872678,"CAFI_P029",50
"9300",-6245.510847322,"CAFI_P029",100
"9301",15121.638781646,"CAFI_P030",25
"9302",54884.375501646,"CAFI_P030",50
"9303",70626.133091646,"CAFI_P030",100
"9304",12264.211901646,"CAFI_P030",25
"9305",36430.176931646,"CAFI_P030",50
"9306",79665.668691646,"CAFI_P030",100
"9307",23888.406131646,"CAFI_P030",25
"9308",37739.983221646,"CAFI_P030",50
"9309",55917.220791646,"CAFI_P030",100
"9310",-2504.71557835402,"CAFI_P030",25
"9311",48793.202571646,"CAFI_P030",50
"9312",75571.257511646,"CAFI_P030",100
"9313",18171.983291646,"CAFI_P030",25
"9314",39720.0180816459,"CAFI_P030",50
"9315",80809.773881646,"CAFI_P030",100
"9316",48888.5359616459,"CAFI_P030",25
"9317",25553.569271646,"CAFI_P030",50
"9318",44593.3852616459,"CAFI_P030",100
"9319",3692.35118164599,"CAFI_P030",25
"9320",23208.814281646,"CAFI_P030",50
"9321",52713.815781646,"CAFI_P030",100
"9322",1516.31074164598,"CAFI_P030",25
"9323",1721.67401164596,"CAFI_P030",50
"9324",34138.359961646,"CAFI_P030",100
"9325",36242.7423816459,"CAFI_P030",25
"9326",40854.321141646,"CAFI_P030",50
"9327",42657.048871646,"CAFI_P030",100
"9328",12043.687111646,"CAFI_P030",25
"9329",22446.287931646,"CAFI_P030",50
"9330",63172.323371646,"CAFI_P030",100
"9331",56341.679081646,"CAFI_P030",25
"9332",39037.679371646,"CAFI_P030",50
"9333",62789.557421646,"CAFI_P030",100
"9334",3627.82885164599,"CAFI_P030",25
"9335",38642.3328516459,"CAFI_P030",50
"9336",48825.378951646,"CAFI_P030",100
"9337",38118.717061646,"CAFI_P030",25
"9338",35253.270441646,"CAFI_P030",50
"9339",54805.464631646,"CAFI_P030",100
"9340",13673.256511646,"CAFI_P030",25
"9341",43718.657721646,"CAFI_P030",50
"9342",63387.750251646,"CAFI_P030",100
"9343",47544.754931646,"CAFI_P030",25
"9344",5589.803321646,"CAFI_P030",50
"9345",86198.922451646,"CAFI_P030",100
"9346",9809.819221646,"CAFI_P030",25
"9347",12083.786601646,"CAFI_P030",50
"9348",59767.645421646,"CAFI_P030",100
"9349",35605.666501646,"CAFI_P030",25
"9350",33903.307721646,"CAFI_P030",50
"9351",16312.389671646,"CAFI_P030",100
"9352",9903.83942164597,"CAFI_P030",25
"9353",5642.71876164596,"CAFI_P030",50
"9354",66208.745911646,"CAFI_P030",100
"9355",31118.344191646,"CAFI_P030",25
"9356",38616.803501646,"CAFI_P030",50
"9357",71438.110181646,"CAFI_P030",100
"9358",12596.747901646,"CAFI_P030",25
"9359",16509.728531646,"CAFI_P030",50
"9360",48619.103171646,"CAFI_P030",100
"9361",13279.045411646,"CAFI_P030",25
"9362",-7434.08376835403,"CAFI_P030",50
"9363",35525.180021646,"CAFI_P030",100
"9364",656.74641164596,"CAFI_P030",25
"9365",18936.847451646,"CAFI_P030",50
"9366",96713.831741646,"CAFI_P030",100
"9367",6326.67742164596,"CAFI_P030",25
"9368",44377.582051646,"CAFI_P030",50
"9369",61065.768811646,"CAFI_P030",100
"9370",24980.1405516459,"CAFI_P030",25
"9371",67701.599601646,"CAFI_P030",50
"9372",59481.802441646,"CAFI_P030",100
"9373",11021.2782716459,"CAFI_P030",25
"9374",20055.1534016459,"CAFI_P030",50
"9375",38955.207141646,"CAFI_P030",100
"9376",11613.512381646,"CAFI_P030",25
"9377",11463.147861646,"CAFI_P030",50
"9378",79221.101391646,"CAFI_P030",100
"9379",7001.33903164597,"CAFI_P030",25
"9380",67121.230931646,"CAFI_P030",50
"9381",57332.552751646,"CAFI_P030",100
"9382",22352.205171646,"CAFI_P030",25
"9383",51622.125761646,"CAFI_P030",50
"9384",61578.2572116459,"CAFI_P030",100
"9385",5163.518401646,"CAFI_P030",25
"9386",12254.794291646,"CAFI_P030",50
"9387",29894.366481646,"CAFI_P030",100
"9388",24691.735581646,"CAFI_P030",25
"9389",17802.629881646,"CAFI_P030",50
"9390",73243.331701646,"CAFI_P030",100
"9391",5288.05804164597,"CAFI_P030",25
"9392",22974.825021646,"CAFI_P030",50
"9393",49409.338391646,"CAFI_P030",100
"9394",5844.38754164596,"CAFI_P030",25
"9395",49930.732681646,"CAFI_P030",50
"9396",72281.604621646,"CAFI_P030",100
"9397",3433.66604164598,"CAFI_P030",25
"9398",16830.463751646,"CAFI_P030",50
"9399",89595.437761646,"CAFI_P030",100
"9400",-8043.938988354,"CAFI_P030",25
"9401",17620.982991646,"CAFI_P030",50
"9402",63274.302911646,"CAFI_P030",100
"9403",11364.571011646,"CAFI_P030",25
"9404",51113.327851646,"CAFI_P030",50
"9405",50009.600141646,"CAFI_P030",100
"9406",3746.64084164595,"CAFI_P030",25
"9407",24029.016191646,"CAFI_P030",50
"9408",41948.561041646,"CAFI_P030",100
"9409",25498.580171646,"CAFI_P030",25
"9410",77582.198511646,"CAFI_P030",50
"9411",79103.306801646,"CAFI_P030",100
"9412",11076.266711646,"CAFI_P030",25
"9413",37189.656881646,"CAFI_P030",50
"9414",62150.271891646,"CAFI_P030",100
"9415",5056.92396164598,"CAFI_P030",25
"9416",61324.503911646,"CAFI_P030",50
"9417",99156.549451646,"CAFI_P030",100
"9418",15560.503311646,"CAFI_P030",25
"9419",-972.72094835405,"CAFI_P030",50
"9420",45575.351041646,"CAFI_P030",100
"9421",-373.352658354037,"CAFI_P030",25
"9422",34283.440661646,"CAFI_P030",50
"9423",34687.972571646,"CAFI_P030",100
"9424",9712.68404164596,"CAFI_P030",25
"9425",27266.665411646,"CAFI_P030",50
"9426",38404.017721646,"CAFI_P030",100
"9427",3633.10969164595,"CAFI_P030",25
"9428",21452.442801646,"CAFI_P030",50
"9429",47742.503351646,"CAFI_P030",100
"9430",2693.53234164597,"CAFI_P030",25
"9431",45793.934901646,"CAFI_P030",50
"9432",53860.085581646,"CAFI_P030",100
"9433",11979.647221646,"CAFI_P030",25
"9434",25971.566131646,"CAFI_P030",50
"9435",53467.305371646,"CAFI_P030",100
"9436",931.289931645966,"CAFI_P030",25
"9437",24429.145271646,"CAFI_P030",50
"9438",75525.457541646,"CAFI_P030",100
"9439",17015.469681646,"CAFI_P030",25
"9440",14994.019691646,"CAFI_P030",50
"9441",28389.834781646,"CAFI_P030",100
"9442",3146.28357164597,"CAFI_P030",25
"9443",19013.234231646,"CAFI_P030",50
"9444",79356.6044016459,"CAFI_P030",100
"9445",14738.737141646,"CAFI_P030",25
"9446",53522.913181646,"CAFI_P030",50
"9447",61228.614441646,"CAFI_P030",100
"9448",35529.801631646,"CAFI_P030",25
"9449",48151.085881646,"CAFI_P030",50
"9450",59730.229781646,"CAFI_P030",100
"9451",13619.007121646,"CAFI_P030",25
"9452",-2031.65476835403,"CAFI_P030",50
"9453",51455.751281646,"CAFI_P030",100
"9454",26243.896361646,"CAFI_P030",25
"9455",49565.289421646,"CAFI_P030",50
"9456",51027.370731646,"CAFI_P030",100
"9457",32498.553701646,"CAFI_P030",25
"9458",29366.120371646,"CAFI_P030",50
"9459",29626.288351646,"CAFI_P030",100
"9460",28388.285741646,"CAFI_P030",25
"9461",49060.021041646,"CAFI_P030",50
"9462",52562.222531646,"CAFI_P030",100
"9463",6190.71190164599,"CAFI_P030",25
"9464",36812.777951646,"CAFI_P030",50
"9465",74874.933421646,"CAFI_P030",100
"9466",11505.161861646,"CAFI_P030",25
"9467",24715.646561646,"CAFI_P030",50
"9468",49257.033391646,"CAFI_P030",100
"9469",12566.394241646,"CAFI_P030",25
"9470",5884.56327164598,"CAFI_P030",50
"9471",67232.503711646,"CAFI_P030",100
"9472",-2255.85170835402,"CAFI_P030",25
"9473",36623.5799016459,"CAFI_P030",50
"9474",29138.687791646,"CAFI_P030",100
"9475",22938.074471646,"CAFI_P030",25
"9476",23759.609751646,"CAFI_P030",50
"9477",59781.888121646,"CAFI_P030",100
"9478",25525.029831646,"CAFI_P030",25
"9479",78076.9790116459,"CAFI_P030",50
"9480",61095.449571646,"CAFI_P030",100
"9481",34789.102251646,"CAFI_P030",25
"9482",13378.9844616459,"CAFI_P030",50
"9483",91608.052961646,"CAFI_P030",100
"9484",2645.73417164595,"CAFI_P030",25
"9485",39581.901621646,"CAFI_P030",50
"9486",37525.811621646,"CAFI_P030",100
"9487",22785.569041646,"CAFI_P030",25
"9488",47877.782681646,"CAFI_P030",50
"9489",58662.868381646,"CAFI_P030",100
"9490",12213.248521646,"CAFI_P030",25
"9491",25394.920001646,"CAFI_P030",50
"9492",62425.501761646,"CAFI_P030",100
"9493",17978.498321646,"CAFI_P030",25
"9494",6882.71873164596,"CAFI_P030",50
"9495",45446.384361646,"CAFI_P030",100
"9496",54241.229131646,"CAFI_P030",25
"9497",33054.508051646,"CAFI_P030",50
"9498",20469.403881646,"CAFI_P030",100
"9499",5815.57208164595,"CAFI_P030",25
"9500",7608.08883164596,"CAFI_P030",50
"9501",26860.202721646,"CAFI_P030",100
"9502",28921.788931646,"CAFI_P030",25
"9503",-1293.61893835402,"CAFI_P030",50
"9504",46208.692691646,"CAFI_P030",100
"9505",14453.343601646,"CAFI_P030",25
"9506",25175.290641646,"CAFI_P030",50
"9507",73136.428591646,"CAFI_P030",100
"9508",8114.92581164598,"CAFI_P030",25
"9509",42999.159601646,"CAFI_P030",50
"9510",65303.012561646,"CAFI_P030",100
"9511",17789.1816316459,"CAFI_P030",25
"9512",30643.571541646,"CAFI_P030",50
"9513",71930.377581646,"CAFI_P030",100
"9514",29733.180791646,"CAFI_P030",25
"9515",20474.3974616459,"CAFI_P030",50
"9516",55472.2434516459,"CAFI_P030",100
"9517",11471.857021646,"CAFI_P030",25
"9518",44712.299251646,"CAFI_P030",50
"9519",36626.400571646,"CAFI_P030",100
"9520",33867.678051646,"CAFI_P030",25
"9521",38020.926291646,"CAFI_P030",50
"9522",56426.027131646,"CAFI_P030",100
"9523",10391.198011646,"CAFI_P030",25
"9524",12778.202561646,"CAFI_P030",50
"9525",14250.815851646,"CAFI_P030",100
"9526",9602.86167164595,"CAFI_P030",25
"9527",25007.977651646,"CAFI_P030",50
"9528",47005.864111646,"CAFI_P030",100
"9529",22220.294311646,"CAFI_P030",25
"9530",27686.725101646,"CAFI_P030",50
"9531",72684.149341646,"CAFI_P030",100
"9532",30066.643721646,"CAFI_P030",25
"9533",36442.821081646,"CAFI_P030",50
"9534",71509.684771646,"CAFI_P030",100
"9535",11334.9404916459,"CAFI_P030",25
"9536",19091.598571646,"CAFI_P030",50
"9537",41667.135841646,"CAFI_P030",100
"9538",7232.330871646,"CAFI_P030",25
"9539",76430.733511646,"CAFI_P030",50
"9540",18907.218851646,"CAFI_P030",100
"9541",16982.378321646,"CAFI_P030",25
"9542",12953.227881646,"CAFI_P030",50
"9543",41678.1706316459,"CAFI_P030",100
"9544",16747.697211646,"CAFI_P030",25
"9545",26414.978511646,"CAFI_P030",50
"9546",82157.521801646,"CAFI_P030",100
"9547",7340.98960164597,"CAFI_P030",25
"9548",42132.761081646,"CAFI_P030",50
"9549",117269.930931646,"CAFI_P030",100
"9550",14968.031341646,"CAFI_P030",25
"9551",38982.6833216459,"CAFI_P030",50
"9552",73790.666211646,"CAFI_P030",100
"9553",7162.59128164599,"CAFI_P030",25
"9554",16634.3095216459,"CAFI_P030",50
"9555",45858.729611646,"CAFI_P030",100
"9556",1260.146811646,"CAFI_P030",25
"9557",15808.868661646,"CAFI_P030",50
"9558",49349.382831646,"CAFI_P030",100
"9559",27388.830341646,"CAFI_P030",25
"9560",29691.983061646,"CAFI_P030",50
"9561",20312.272191646,"CAFI_P030",100
"9562",1840.328791646,"CAFI_P030",25
"9563",17467.848751646,"CAFI_P030",50
"9564",56324.326701646,"CAFI_P030",100
"9565",19800.483641646,"CAFI_P030",25
"9566",41666.695141646,"CAFI_P030",50
"9567",50987.285851646,"CAFI_P030",100
"9568",-488.512658354011,"CAFI_P030",25
"9569",62650.400891646,"CAFI_P030",50
"9570",75940.706121646,"CAFI_P030",100
"9571",6481.37537164596,"CAFI_P030",25
"9572",23235.148841646,"CAFI_P030",50
"9573",58516.920561646,"CAFI_P030",100
"9574",7783.41888164595,"CAFI_P030",25
"9575",15561.772451646,"CAFI_P030",50
"9576",85948.274161646,"CAFI_P030",100
"9577",17808.131721646,"CAFI_P030",25
"9578",30180.994841646,"CAFI_P030",50
"9579",53566.099681646,"CAFI_P030",100
"9580",12605.996821646,"CAFI_P030",25
"9581",51169.888411646,"CAFI_P030",50
"9582",46105.422191646,"CAFI_P030",100
"9583",49439.889741646,"CAFI_P030",25
"9584",7944.29258164595,"CAFI_P030",50
"9585",41527.6360716459,"CAFI_P030",100
"9586",6353.08158164599,"CAFI_P030",25
"9587",22062.553821646,"CAFI_P030",50
"9588",79370.113021646,"CAFI_P030",100
"9589",25221.385601646,"CAFI_P030",25
"9590",-1047.211378354,"CAFI_P030",50
"9591",53687.496121646,"CAFI_P030",100
"9592",24516.759711646,"CAFI_P030",25
"9593",22111.135461646,"CAFI_P030",50
"9594",72942.6441216459,"CAFI_P030",100
"9595",2681.91599164595,"CAFI_P030",25
"9596",21133.228701646,"CAFI_P030",50
"9597",55186.440691646,"CAFI_P030",100
"9598",17813.924821646,"CAFI_P030",25
"9599",35069.290761646,"CAFI_P030",50
"9600",39706.328111646,"CAFI_P030",100
"9601",38105.884247223,"CAFI_P032",25
"9602",-36508.068192777,"CAFI_P032",50
"9603",-41600.492072777,"CAFI_P032",100
"9604",9725.56917722302,"CAFI_P032",25
"9605",-32827.605712777,"CAFI_P032",50
"9606",-6767.44626277697,"CAFI_P032",100
"9607",-2772.06961277698,"CAFI_P032",25
"9608",-26013.195972777,"CAFI_P032",50
"9609",-44231.069332777,"CAFI_P032",100
"9610",-16388.520922777,"CAFI_P032",25
"9611",-43144.048022777,"CAFI_P032",50
"9612",-5286.40343277698,"CAFI_P032",100
"9613",-12468.202842777,"CAFI_P032",25
"9614",-3103.28450277698,"CAFI_P032",50
"9615",-13353.951312777,"CAFI_P032",100
"9616",-5026.149162777,"CAFI_P032",25
"9617",-48736.850622777,"CAFI_P032",50
"9618",-39961.576202777,"CAFI_P032",100
"9619",-17272.458272777,"CAFI_P032",25
"9620",-30308.127212777,"CAFI_P032",50
"9621",-40010.402122777,"CAFI_P032",100
"9622",-4793.584002777,"CAFI_P032",25
"9623",37130.301797223,"CAFI_P032",50
"9624",-58952.862372777,"CAFI_P032",100
"9625",5918.98150722298,"CAFI_P032",25
"9626",-10918.674492777,"CAFI_P032",50
"9627",-48166.992742777,"CAFI_P032",100
"9628",-10300.018822777,"CAFI_P032",25
"9629",-25319.194452777,"CAFI_P032",50
"9630",-59559.377542777,"CAFI_P032",100
"9631",-15855.388882777,"CAFI_P032",25
"9632",-14659.719672777,"CAFI_P032",50
"9633",-41190.391712777,"CAFI_P032",100
"9634",-12797.364592777,"CAFI_P032",25
"9635",-5970.74972277699,"CAFI_P032",50
"9636",-21425.529832777,"CAFI_P032",100
"9637",-9460.65920277697,"CAFI_P032",25
"9638",-13248.212882777,"CAFI_P032",50
"9639",-9829.84892277699,"CAFI_P032",100
"9640",-24723.582072777,"CAFI_P032",25
"9641",23660.011117223,"CAFI_P032",50
"9642",-34964.364622777,"CAFI_P032",100
"9643",-15231.657852777,"CAFI_P032",25
"9644",-14747.251902777,"CAFI_P032",50
"9645",-14466.531732777,"CAFI_P032",100
"9646",-11752.594672777,"CAFI_P032",25
"9647",-29905.995412777,"CAFI_P032",50
"9648",-67442.407972777,"CAFI_P032",100
"9649",839.233257223037,"CAFI_P032",25
"9650",-16189.863942777,"CAFI_P032",50
"9651",-47680.220132777,"CAFI_P032",100
"9652",-22.8266727770097,"CAFI_P032",25
"9653",-20108.498372777,"CAFI_P032",50
"9654",33175.378137223,"CAFI_P032",100
"9655",-22206.851282777,"CAFI_P032",25
"9656",-37780.752252777,"CAFI_P032",50
"9657",3540.38793722301,"CAFI_P032",100
"9658",-12959.986182777,"CAFI_P032",25
"9659",-10970.873332777,"CAFI_P032",50
"9660",-29183.570382777,"CAFI_P032",100
"9661",33394.044867223,"CAFI_P032",25
"9662",39680.609797223,"CAFI_P032",50
"9663",-45225.320162777,"CAFI_P032",100
"9664",-23185.865442777,"CAFI_P032",25
"9665",-30843.896672777,"CAFI_P032",50
"9666",-34445.902072777,"CAFI_P032",100
"9667",-24705.446072777,"CAFI_P032",25
"9668",-3567.31756277697,"CAFI_P032",50
"9669",45811.660317223,"CAFI_P032",100
"9670",-22979.777832777,"CAFI_P032",25
"9671",-3193.28971277701,"CAFI_P032",50
"9672",16304.206817223,"CAFI_P032",100
"9673",831.850607222994,"CAFI_P032",25
"9674",-19680.158922777,"CAFI_P032",50
"9675",1113.62765722303,"CAFI_P032",100
"9676",-3516.24404277699,"CAFI_P032",25
"9677",-25050.367022777,"CAFI_P032",50
"9678",-52488.562092777,"CAFI_P032",100
"9679",-14923.898272777,"CAFI_P032",25
"9680",62814.350237223,"CAFI_P032",50
"9681",-46381.692442777,"CAFI_P032",100
"9682",-509.751272776979,"CAFI_P032",25
"9683",-24329.863052777,"CAFI_P032",50
"9684",-9879.43937277701,"CAFI_P032",100
"9685",97.0410072230152,"CAFI_P032",25
"9686",-53448.959572777,"CAFI_P032",50
"9687",14681.928997223,"CAFI_P032",100
"9688",-2836.682942777,"CAFI_P032",25
"9689",17240.484107223,"CAFI_P032",50
"9690",-43327.297122777,"CAFI_P032",100
"9691",-251.245492776972,"CAFI_P032",25
"9692",-11306.901122777,"CAFI_P032",50
"9693",-60750.140492777,"CAFI_P032",100
"9694",-25681.096202777,"CAFI_P032",25
"9695",-13257.353282777,"CAFI_P032",50
"9696",-62811.957982777,"CAFI_P032",100
"9697",8595.82616722299,"CAFI_P032",25
"9698",-14023.382702777,"CAFI_P032",50
"9699",-6635.62596277701,"CAFI_P032",100
"9700",5626.765397223,"CAFI_P032",25
"9701",-22777.259102777,"CAFI_P032",50
"9702",-30398.494922777,"CAFI_P032",100
"9703",15832.885037223,"CAFI_P032",25
"9704",28053.935957223,"CAFI_P032",50
"9705",-49259.023572777,"CAFI_P032",100
"9706",-11945.327512777,"CAFI_P032",25
"9707",14835.558697223,"CAFI_P032",50
"9708",-47334.942282777,"CAFI_P032",100
"9709",-23423.022962777,"CAFI_P032",25
"9710",-19878.062052777,"CAFI_P032",50
"9711",-18399.542002777,"CAFI_P032",100
"9712",-9169.56052277697,"CAFI_P032",25
"9713",-41735.180302777,"CAFI_P032",50
"9714",48835.904617223,"CAFI_P032",100
"9715",60144.082617223,"CAFI_P032",25
"9716",-48581.148242777,"CAFI_P032",50
"9717",-36170.600382777,"CAFI_P032",100
"9718",15716.634937223,"CAFI_P032",25
"9719",-4232.02302277699,"CAFI_P032",50
"9720",-57414.498052777,"CAFI_P032",100
"9721",-4411.60976277699,"CAFI_P032",25
"9722",4568.50346722302,"CAFI_P032",50
"9723",81640.902587223,"CAFI_P032",100
"9724",2705.38680722303,"CAFI_P032",25
"9725",1569.22523722303,"CAFI_P032",50
"9726",15008.568537223,"CAFI_P032",100
"9727",-14006.345642777,"CAFI_P032",25
"9728",-17088.734392777,"CAFI_P032",50
"9729",-24129.118722777,"CAFI_P032",100
"9730",4791.97192722303,"CAFI_P032",25
"9731",-11498.456222777,"CAFI_P032",50
"9732",28976.214597223,"CAFI_P032",100
"9733",22485.028707223,"CAFI_P032",25
"9734",-37453.802682777,"CAFI_P032",50
"9735",-50284.475582777,"CAFI_P032",100
"9736",-26817.214192777,"CAFI_P032",25
"9737",-40987.692812777,"CAFI_P032",50
"9738",-41468.592892777,"CAFI_P032",100
"9739",-4035.67399277701,"CAFI_P032",25
"9740",-43027.614462777,"CAFI_P032",50
"9741",41259.853057223,"CAFI_P032",100
"9742",-6379.75298277696,"CAFI_P032",25
"9743",-27780.131642777,"CAFI_P032",50
"9744",-10162.354292777,"CAFI_P032",100
"9745",-17846.828812777,"CAFI_P032",25
"9746",-3241.704782777,"CAFI_P032",50
"9747",9783.65594722301,"CAFI_P032",100
"9748",-5440.46687277697,"CAFI_P032",25
"9749",15641.598237223,"CAFI_P032",50
"9750",-5280.93700277701,"CAFI_P032",100
"9751",-10505.801532777,"CAFI_P032",25
"9752",60.8990872229915,"CAFI_P032",50
"9753",-31197.687412777,"CAFI_P032",100
"9754",20310.054837223,"CAFI_P032",25
"9755",781.01614722301,"CAFI_P032",50
"9756",6233.464967223,"CAFI_P032",100
"9757",-24891.017912777,"CAFI_P032",25
"9758",-35858.022872777,"CAFI_P032",50
"9759",-25915.491242777,"CAFI_P032",100
"9760",-18011.155172777,"CAFI_P032",25
"9761",42760.846307223,"CAFI_P032",50
"9762",38707.287047223,"CAFI_P032",100
"9763",775.880627222999,"CAFI_P032",25
"9764",-31925.475862777,"CAFI_P032",50
"9765",-39390.387392777,"CAFI_P032",100
"9766",-13054.888292777,"CAFI_P032",25
"9767",29619.143117223,"CAFI_P032",50
"9768",-61378.102732777,"CAFI_P032",100
"9769",28456.851357223,"CAFI_P032",25
"9770",-11525.560922777,"CAFI_P032",50
"9771",-17176.361222777,"CAFI_P032",100
"9772",-2923.613432777,"CAFI_P032",25
"9773",14676.940867223,"CAFI_P032",50
"9774",-18218.555552777,"CAFI_P032",100
"9775",-16585.701172777,"CAFI_P032",25
"9776",-42811.795582777,"CAFI_P032",50
"9777",-25338.149522777,"CAFI_P032",100
"9778",-6808.85146277701,"CAFI_P032",25
"9779",21919.761477223,"CAFI_P032",50
"9780",-63035.596312777,"CAFI_P032",100
"9781",34592.444417223,"CAFI_P032",25
"9782",33196.760217223,"CAFI_P032",50
"9783",-64425.570512777,"CAFI_P032",100
"9784",-25457.081692777,"CAFI_P032",25
"9785",15509.674377223,"CAFI_P032",50
"9786",-24994.827042777,"CAFI_P032",100
"9787",-11433.252932777,"CAFI_P032",25
"9788",390.960057223041,"CAFI_P032",50
"9789",9299.756537223,"CAFI_P032",100
"9790",-38637.837532777,"CAFI_P032",25
"9791",-24039.109042777,"CAFI_P032",50
"9792",-21833.412532777,"CAFI_P032",100
"9793",2109.87746722304,"CAFI_P032",25
"9794",-46914.476712777,"CAFI_P032",50
"9795",-9475.53903277701,"CAFI_P032",100
"9796",2474.306347223,"CAFI_P032",25
"9797",-41883.029562777,"CAFI_P032",50
"9798",40160.892617223,"CAFI_P032",100
"9799",-12858.443612777,"CAFI_P032",25
"9800",-38474.687262777,"CAFI_P032",50
"9801",-34999.195302777,"CAFI_P032",100
"9802",-8598.975192777,"CAFI_P032",25
"9803",-43774.949042777,"CAFI_P032",50
"9804",-17760.877012777,"CAFI_P032",100
"9805",14813.184987223,"CAFI_P032",25
"9806",-10264.784642777,"CAFI_P032",50
"9807",-40264.713142777,"CAFI_P032",100
"9808",10366.947677223,"CAFI_P032",25
"9809",-12476.615392777,"CAFI_P032",50
"9810",-42259.146482777,"CAFI_P032",100
"9811",9056.14897722303,"CAFI_P032",25
"9812",-10709.843152777,"CAFI_P032",50
"9813",-16329.538882777,"CAFI_P032",100
"9814",-12618.199772777,"CAFI_P032",25
"9815",-2924.50306277699,"CAFI_P032",50
"9816",-37233.716702777,"CAFI_P032",100
"9817",-13927.776892777,"CAFI_P032",25
"9818",-30909.504142777,"CAFI_P032",50
"9819",-46334.122962777,"CAFI_P032",100
"9820",-29078.573612777,"CAFI_P032",25
"9821",-4551.15108277701,"CAFI_P032",50
"9822",-6124.59747277701,"CAFI_P032",100
"9823",1799.56926722301,"CAFI_P032",25
"9824",-37823.687922777,"CAFI_P032",50
"9825",-54552.091322777,"CAFI_P032",100
"9826",-31287.605562777,"CAFI_P032",25
"9827",2535.61406722304,"CAFI_P032",50
"9828",-37455.946132777,"CAFI_P032",100
"9829",-15115.011282777,"CAFI_P032",25
"9830",-21451.400902777,"CAFI_P032",50
"9831",-45105.783372777,"CAFI_P032",100
"9832",-1376.889882777,"CAFI_P032",25
"9833",-18104.550432777,"CAFI_P032",50
"9834",-9512.60215277696,"CAFI_P032",100
"9835",-3554.77863277699,"CAFI_P032",25
"9836",-10609.544932777,"CAFI_P032",50
"9837",20534.947697223,"CAFI_P032",100
"9838",11567.552227223,"CAFI_P032",25
"9839",17500.230027223,"CAFI_P032",50
"9840",-12575.329652777,"CAFI_P032",100
"9841",-25204.626542777,"CAFI_P032",25
"9842",-1354.293602777,"CAFI_P032",50
"9843",-57193.269022777,"CAFI_P032",100
"9844",-4169.70803277701,"CAFI_P032",25
"9845",-4886.47502277698,"CAFI_P032",50
"9846",31165.740507223,"CAFI_P032",100
"9847",-18207.156492777,"CAFI_P032",25
"9848",-32118.722202777,"CAFI_P032",50
"9849",-28350.862872777,"CAFI_P032",100
"9850",-4363.505732777,"CAFI_P032",25
"9851",-29757.777582777,"CAFI_P032",50
"9852",-40348.833972777,"CAFI_P032",100
"9853",-9679.581502777,"CAFI_P032",25
"9854",-11887.387392777,"CAFI_P032",50
"9855",7026.597887223,"CAFI_P032",100
"9856",-5538.94217277697,"CAFI_P032",25
"9857",-6889.85648277699,"CAFI_P032",50
"9858",842.410057222995,"CAFI_P032",100
"9859",-19856.422892777,"CAFI_P032",25
"9860",-5494.68764277699,"CAFI_P032",50
"9861",23075.093847223,"CAFI_P032",100
"9862",-22442.835092777,"CAFI_P032",25
"9863",40105.180637223,"CAFI_P032",50
"9864",-40685.595662777,"CAFI_P032",100
"9865",-13303.582582777,"CAFI_P032",25
"9866",-30071.540212777,"CAFI_P032",50
"9867",-29335.769832777,"CAFI_P032",100
"9868",-10927.840122777,"CAFI_P032",25
"9869",19766.673107223,"CAFI_P032",50
"9870",49389.874717223,"CAFI_P032",100
"9871",-12287.395452777,"CAFI_P032",25
"9872",-2588.46074277698,"CAFI_P032",50
"9873",-50511.414102777,"CAFI_P032",100
"9874",-14768.573622777,"CAFI_P032",25
"9875",-1123.14125277702,"CAFI_P032",50
"9876",-21674.052312777,"CAFI_P032",100
"9877",5276.49071722303,"CAFI_P032",25
"9878",-35629.319212777,"CAFI_P032",50
"9879",-56657.345562777,"CAFI_P032",100
"9880",-18948.613932777,"CAFI_P032",25
"9881",-23780.530802777,"CAFI_P032",50
"9882",-37836.576092777,"CAFI_P032",100
"9883",-33053.859362777,"CAFI_P032",25
"9884",7406.47005722299,"CAFI_P032",50
"9885",-46449.262632777,"CAFI_P032",100
"9886",465.338147222996,"CAFI_P032",25
"9887",-3448.83662277699,"CAFI_P032",50
"9888",-54096.114432777,"CAFI_P032",100
"9889",-5261.73458277696,"CAFI_P032",25
"9890",-25911.470622777,"CAFI_P032",50
"9891",-805.066502776986,"CAFI_P032",100
"9892",-18650.009262777,"CAFI_P032",25
"9893",20262.185747223,"CAFI_P032",50
"9894",9219.20233722299,"CAFI_P032",100
"9895",23017.334267223,"CAFI_P032",25
"9896",-688.479632776987,"CAFI_P032",50
"9897",-23911.583202777,"CAFI_P032",100
"9898",-13454.660192777,"CAFI_P032",25
"9899",-9666.341692777,"CAFI_P032",50
"9900",27333.647227223,"CAFI_P032",100
"9901",-335.452148166019,"CAFI_P033",25
"9902",3167.58952183399,"CAFI_P033",50
"9903",60784.815441834,"CAFI_P033",100
"9904",7003.04275183397,"CAFI_P033",25
"9905",8232.82591183402,"CAFI_P033",50
"9906",19013.366101834,"CAFI_P033",100
"9907",-2223.68367816601,"CAFI_P033",25
"9908",10689.511631834,"CAFI_P033",50
"9909",51746.817511834,"CAFI_P033",100
"9910",6023.13284183398,"CAFI_P033",25
"9911",8063.991071834,"CAFI_P033",50
"9912",45681.505561834,"CAFI_P033",100
"9913",7284.38610183401,"CAFI_P033",25
"9914",16246.270231834,"CAFI_P033",50
"9915",33440.585211834,"CAFI_P033",100
"9916",28342.230751834,"CAFI_P033",25
"9917",13713.411801834,"CAFI_P033",50
"9918",37550.064201834,"CAFI_P033",100
"9919",18050.457481834,"CAFI_P033",25
"9920",19193.370831834,"CAFI_P033",50
"9921",47281.770111834,"CAFI_P033",100
"9922",-4412.30351816601,"CAFI_P033",25
"9923",17309.572571834,"CAFI_P033",50
"9924",23044.692101834,"CAFI_P033",100
"9925",-12935.351938166,"CAFI_P033",25
"9926",10794.857161834,"CAFI_P033",50
"9927",50382.462011834,"CAFI_P033",100
"9928",1843.11386183399,"CAFI_P033",25
"9929",20422.784101834,"CAFI_P033",50
"9930",17644.338651834,"CAFI_P033",100
"9931",1744.39263183402,"CAFI_P033",25
"9932",17236.656571834,"CAFI_P033",50
"9933",23865.767041834,"CAFI_P033",100
"9934",15837.582141834,"CAFI_P033",25
"9935",15514.023341834,"CAFI_P033",50
"9936",24630.013411834,"CAFI_P033",100
"9937",5558.85294183402,"CAFI_P033",25
"9938",-11234.217748166,"CAFI_P033",50
"9939",38782.216501834,"CAFI_P033",100
"9940",3140.92529183399,"CAFI_P033",25
"9941",41120.567151834,"CAFI_P033",50
"9942",7291.32926183398,"CAFI_P033",100
"9943",11827.962161834,"CAFI_P033",25
"9944",5794.09523183398,"CAFI_P033",50
"9945",49665.068631834,"CAFI_P033",100
"9946",17295.130941834,"CAFI_P033",25
"9947",14284.963041834,"CAFI_P033",50
"9948",26997.118311834,"CAFI_P033",100
"9949",17198.354401834,"CAFI_P033",25
"9950",6154.29914183402,"CAFI_P033",50
"9951",40634.818361834,"CAFI_P033",100
"9952",7204.80814183399,"CAFI_P033",25
"9953",-4813.34266816598,"CAFI_P033",50
"9954",40444.411101834,"CAFI_P033",100
"9955",11817.004391834,"CAFI_P033",25
"9956",-10747.969648166,"CAFI_P033",50
"9957",16761.404921834,"CAFI_P033",100
"9958",6980.748991834,"CAFI_P033",25
"9959",-1262.34787816601,"CAFI_P033",50
"9960",25488.938381834,"CAFI_P033",100
"9961",8680.64945183398,"CAFI_P033",25
"9962",-6244.76526816603,"CAFI_P033",50
"9963",12606.992391834,"CAFI_P033",100
"9964",1483.47906183399,"CAFI_P033",25
"9965",-1394.30950816598,"CAFI_P033",50
"9966",6148.61252183397,"CAFI_P033",100
"9967",5930.39788183401,"CAFI_P033",25
"9968",9788.87459183397,"CAFI_P033",50
"9969",27780.045881834,"CAFI_P033",100
"9970",6699.05454183399,"CAFI_P033",25
"9971",17006.423611834,"CAFI_P033",50
"9972",37280.110071834,"CAFI_P033",100
"9973",897.090931834013,"CAFI_P033",25
"9974",23480.820761834,"CAFI_P033",50
"9975",27762.356671834,"CAFI_P033",100
"9976",-1009.97743816598,"CAFI_P033",25
"9977",5894.31709183397,"CAFI_P033",50
"9978",21709.120611834,"CAFI_P033",100
"9979",11661.017231834,"CAFI_P033",25
"9980",15324.201801834,"CAFI_P033",50
"9981",13135.063491834,"CAFI_P033",100
"9982",2598.54798183398,"CAFI_P033",25
"9983",7967.61527183402,"CAFI_P033",50
"9984",21116.072681834,"CAFI_P033",100
"9985",2632.47328183398,"CAFI_P033",25
"9986",38506.493831834,"CAFI_P033",50
"9987",14392.545981834,"CAFI_P033",100
"9988",10027.238541834,"CAFI_P033",25
"9989",3819.28736183402,"CAFI_P033",50
"9990",42850.636301834,"CAFI_P033",100
"9991",8859.68147183402,"CAFI_P033",25
"9992",16886.205761834,"CAFI_P033",50
"9993",34001.866401834,"CAFI_P033",100
"9994",9679.555101834,"CAFI_P033",25
"9995",-3269.07536816603,"CAFI_P033",50
"9996",14299.244921834,"CAFI_P033",100
"9997",23991.725821834,"CAFI_P033",25
"9998",28771.372921834,"CAFI_P033",50
"9999",20150.253841834,"CAFI_P033",100
"10000",4876.89005183399,"CAFI_P033",25
"10001",-19194.032018166,"CAFI_P033",50
"10002",19341.766961834,"CAFI_P033",100
"10003",6011.76324183401,"CAFI_P033",25
"10004",4461.92684183398,"CAFI_P033",50
"10005",42815.981801834,"CAFI_P033",100
"10006",10433.192071834,"CAFI_P033",25
"10007",23233.131831834,"CAFI_P033",50
"10008",35073.918761834,"CAFI_P033",100
"10009",19106.581641834,"CAFI_P033",25
"10010",-11429.763188166,"CAFI_P033",50
"10011",50026.108261834,"CAFI_P033",100
"10012",729.434721834026,"CAFI_P033",25
"10013",-6094.16791816603,"CAFI_P033",50
"10014",40907.000651834,"CAFI_P033",100
"10015",-1133.03613816597,"CAFI_P033",25
"10016",1516.54667183402,"CAFI_P033",50
"10017",16093.594781834,"CAFI_P033",100
"10018",4077.71634183399,"CAFI_P033",25
"10019",4575.39900183398,"CAFI_P033",50
"10020",34529.683951834,"CAFI_P033",100
"10021",4124.91964183399,"CAFI_P033",25
"10022",8640.77088183397,"CAFI_P033",50
"10023",5510.00754183397,"CAFI_P033",100
"10024",4300.21883183398,"CAFI_P033",25
"10025",24914.997471834,"CAFI_P033",50
"10026",11739.014021834,"CAFI_P033",100
"10027",1878.76188183401,"CAFI_P033",25
"10028",-5854.43505816598,"CAFI_P033",50
"10029",28816.214951834,"CAFI_P033",100
"10030",-8507.52325816598,"CAFI_P033",25
"10031",145.904261833988,"CAFI_P033",50
"10032",49848.011081834,"CAFI_P033",100
"10033",-3466.24134816602,"CAFI_P033",25
"10034",1924.648461834,"CAFI_P033",50
"10035",54212.923001834,"CAFI_P033",100
"10036",813.754911834025,"CAFI_P033",25
"10037",22667.036981834,"CAFI_P033",50
"10038",35143.455201834,"CAFI_P033",100
"10039",-930.493098166015,"CAFI_P033",25
"10040",26968.496661834,"CAFI_P033",50
"10041",12917.606491834,"CAFI_P033",100
"10042",9339.84950183402,"CAFI_P033",25
"10043",15909.929151834,"CAFI_P033",50
"10044",31426.243151834,"CAFI_P033",100
"10045",8208.75472183398,"CAFI_P033",25
"10046",15664.556261834,"CAFI_P033",50
"10047",32812.645601834,"CAFI_P033",100
"10048",-7043.24637816602,"CAFI_P033",25
"10049",1388.684801834,"CAFI_P033",50
"10050",65755.288601834,"CAFI_P033",100
"10051",4292.20490183402,"CAFI_P033",25
"10052",-16881.761238166,"CAFI_P033",50
"10053",10954.146761834,"CAFI_P033",100
"10054",4547.32644183398,"CAFI_P033",25
"10055",798.197171834006,"CAFI_P033",50
"10056",12283.347471834,"CAFI_P033",100
"10057",17851.506891834,"CAFI_P033",25
"10058",10749.528221834,"CAFI_P033",50
"10059",2210.35057183402,"CAFI_P033",100
"10060",940.358411833993,"CAFI_P033",25
"10061",23332.612971834,"CAFI_P033",50
"10062",49124.654021834,"CAFI_P033",100
"10063",-546.093818166002,"CAFI_P033",25
"10064",9230.70182183402,"CAFI_P033",50
"10065",43448.979411834,"CAFI_P033",100
"10066",9342.96873183397,"CAFI_P033",25
"10067",14319.087221834,"CAFI_P033",50
"10068",25764.986081834,"CAFI_P033",100
"10069",13130.501041834,"CAFI_P033",25
"10070",17593.512791834,"CAFI_P033",50
"10071",23935.792471834,"CAFI_P033",100
"10072",3466.701421834,"CAFI_P033",25
"10073",8116.73238183401,"CAFI_P033",50
"10074",37311.570861834,"CAFI_P033",100
"10075",-9689.74788816599,"CAFI_P033",25
"10076",6443.34961183398,"CAFI_P033",50
"10077",35886.550141834,"CAFI_P033",100
"10078",-4925.73181816598,"CAFI_P033",25
"10079",29873.513171834,"CAFI_P033",50
"10080",33943.723681834,"CAFI_P033",100
"10081",20961.432191834,"CAFI_P033",25
"10082",-1912.35709816602,"CAFI_P033",50
"10083",44397.264061834,"CAFI_P033",100
"10084",2889.25751183397,"CAFI_P033",25
"10085",5328.97534183401,"CAFI_P033",50
"10086",27300.312031834,"CAFI_P033",100
"10087",-1136.862118166,"CAFI_P033",25
"10088",17015.394281834,"CAFI_P033",50
"10089",19499.546081834,"CAFI_P033",100
"10090",10431.653621834,"CAFI_P033",25
"10091",20112.344751834,"CAFI_P033",50
"10092",39959.729281834,"CAFI_P033",100
"10093",9841.83248183399,"CAFI_P033",25
"10094",20541.086091834,"CAFI_P033",50
"10095",43528.346461834,"CAFI_P033",100
"10096",3691.67727183399,"CAFI_P033",25
"10097",11297.524091834,"CAFI_P033",50
"10098",15063.629441834,"CAFI_P033",100
"10099",775.096371833992,"CAFI_P033",25
"10100",21777.578481834,"CAFI_P033",50
"10101",27599.241981834,"CAFI_P033",100
"10102",5730.88325183402,"CAFI_P033",25
"10103",2309.803931834,"CAFI_P033",50
"10104",25689.141411834,"CAFI_P033",100
"10105",4195.37487183401,"CAFI_P033",25
"10106",21900.935171834,"CAFI_P033",50
"10107",9402.44541183399,"CAFI_P033",100
"10108",-8587.33520816598,"CAFI_P033",25
"10109",15980.168541834,"CAFI_P033",50
"10110",26195.114931834,"CAFI_P033",100
"10111",18910.244641834,"CAFI_P033",25
"10112",7481.40732183401,"CAFI_P033",50
"10113",16705.887261834,"CAFI_P033",100
"10114",19158.489241834,"CAFI_P033",25
"10115",21146.032561834,"CAFI_P033",50
"10116",50555.688551834,"CAFI_P033",100
"10117",-9595.28281816602,"CAFI_P033",25
"10118",18192.692691834,"CAFI_P033",50
"10119",23508.150911834,"CAFI_P033",100
"10120",-3064.76696816599,"CAFI_P033",25
"10121",18763.136901834,"CAFI_P033",50
"10122",21066.162671834,"CAFI_P033",100
"10123",25046.967771834,"CAFI_P033",25
"10124",24351.915691834,"CAFI_P033",50
"10125",28837.786551834,"CAFI_P033",100
"10126",3516.571841834,"CAFI_P033",25
"10127",11327.821221834,"CAFI_P033",50
"10128",17841.147721834,"CAFI_P033",100
"10129",-9393.67628816603,"CAFI_P033",25
"10130",26664.789011834,"CAFI_P033",50
"10131",32474.058381834,"CAFI_P033",100
"10132",3392.51974183402,"CAFI_P033",25
"10133",23221.813261834,"CAFI_P033",50
"10134",47702.751291834,"CAFI_P033",100
"10135",12314.583201834,"CAFI_P033",25
"10136",7106.94335183402,"CAFI_P033",50
"10137",6620.52175183402,"CAFI_P033",100
"10138",9032.43521183397,"CAFI_P033",25
"10139",11499.354941834,"CAFI_P033",50
"10140",14256.620721834,"CAFI_P033",100
"10141",2206.96928183403,"CAFI_P033",25
"10142",17260.394641834,"CAFI_P033",50
"10143",38011.524151834,"CAFI_P033",100
"10144",-6521.49761816597,"CAFI_P033",25
"10145",20062.764931834,"CAFI_P033",50
"10146",60544.230441834,"CAFI_P033",100
"10147",7159.85988183401,"CAFI_P033",25
"10148",3177.40105183399,"CAFI_P033",50
"10149",20950.224521834,"CAFI_P033",100
"10150",12426.705881834,"CAFI_P033",25
"10151",40946.641771834,"CAFI_P033",50
"10152",35181.886471834,"CAFI_P033",100
"10153",15873.520551834,"CAFI_P033",25
"10154",40498.461771834,"CAFI_P033",50
"10155",3451.166371834,"CAFI_P033",100
"10156",8987.00856183399,"CAFI_P033",25
"10157",15799.109321834,"CAFI_P033",50
"10158",40046.565911834,"CAFI_P033",100
"10159",19880.060111834,"CAFI_P033",25
"10160",8983.26773183397,"CAFI_P033",50
"10161",33558.044931834,"CAFI_P033",100
"10162",11232.229981834,"CAFI_P033",25
"10163",23261.104941834,"CAFI_P033",50
"10164",14484.941781834,"CAFI_P033",100
"10165",1117.23220183398,"CAFI_P033",25
"10166",-2478.32290816598,"CAFI_P033",50
"10167",14486.470641834,"CAFI_P033",100
"10168",6109.964041834,"CAFI_P033",25
"10169",23033.209831834,"CAFI_P033",50
"10170",23852.456571834,"CAFI_P033",100
"10171",8210.14412183402,"CAFI_P033",25
"10172",26181.233551834,"CAFI_P033",50
"10173",32257.616611834,"CAFI_P033",100
"10174",12828.685961834,"CAFI_P033",25
"10175",6126.640151834,"CAFI_P033",50
"10176",51043.950341834,"CAFI_P033",100
"10177",-8008.06011816603,"CAFI_P033",25
"10178",3091.92596183397,"CAFI_P033",50
"10179",52323.331961834,"CAFI_P033",100
"10180",3435.24141183402,"CAFI_P033",25
"10181",3741.064381834,"CAFI_P033",50
"10182",58194.312721834,"CAFI_P033",100
"10183",4879.31527183397,"CAFI_P033",25
"10184",7232.53456183401,"CAFI_P033",50
"10185",40536.188351834,"CAFI_P033",100
"10186",-1825.44253816601,"CAFI_P033",25
"10187",2261.63678183401,"CAFI_P033",50
"10188",32474.838341834,"CAFI_P033",100
"10189",13394.260281834,"CAFI_P033",25
"10190",23736.484401834,"CAFI_P033",50
"10191",19260.743771834,"CAFI_P033",100
"10192",9790.190871834,"CAFI_P033",25
"10193",16232.714671834,"CAFI_P033",50
"10194",8994.89495183399,"CAFI_P033",100
"10195",1051.24704183399,"CAFI_P033",25
"10196",4477.49231183401,"CAFI_P033",50
"10197",15642.161461834,"CAFI_P033",100
"10198",-5157.22114816599,"CAFI_P033",25
"10199",21413.763181834,"CAFI_P033",50
"10200",5580.09415183397,"CAFI_P033",100
"10201",-2441.88403232401,"CAFI_P034",25
"10202",-3816.52858232401,"CAFI_P034",50
"10203",-30413.585732324,"CAFI_P034",100
"10204",-20227.797772324,"CAFI_P034",25
"10205",-23113.047662324,"CAFI_P034",50
"10206",-15111.311432324,"CAFI_P034",100
"10207",-14053.790132324,"CAFI_P034",25
"10208",-7524.010192324,"CAFI_P034",50
"10209",-18611.426702324,"CAFI_P034",100
"10210",-3701.29572232402,"CAFI_P034",25
"10211",-10556.131982324,"CAFI_P034",50
"10212",-26613.454372324,"CAFI_P034",100
"10213",6251.11531767598,"CAFI_P034",25
"10214",287.810167675983,"CAFI_P034",50
"10215",-19769.859592324,"CAFI_P034",100
"10216",3194.60387767598,"CAFI_P034",25
"10217",6923.79465767599,"CAFI_P034",50
"10218",-15468.882142324,"CAFI_P034",100
"10219",1927.77088767599,"CAFI_P034",25
"10220",-5428.48899232401,"CAFI_P034",50
"10221",-27362.414612324,"CAFI_P034",100
"10222",-2294.12942232401,"CAFI_P034",25
"10223",-15272.421512324,"CAFI_P034",50
"10224",-19304.815142324,"CAFI_P034",100
"10225",990.024537675985,"CAFI_P034",25
"10226",-3286.10981232402,"CAFI_P034",50
"10227",-32856.844022324,"CAFI_P034",100
"10228",-5788.83154232401,"CAFI_P034",25
"10229",-10975.054522324,"CAFI_P034",50
"10230",-12775.792082324,"CAFI_P034",100
"10231",-11274.762052324,"CAFI_P034",25
"10232",-42200.474722324,"CAFI_P034",50
"10233",-14865.391882324,"CAFI_P034",100
"10234",-18360.319142324,"CAFI_P034",25
"10235",-13061.199152324,"CAFI_P034",50
"10236",-24185.907462324,"CAFI_P034",100
"10237",-22013.680792324,"CAFI_P034",25
"10238",-15643.661592324,"CAFI_P034",50
"10239",-21327.094882324,"CAFI_P034",100
"10240",-3975.40287232402,"CAFI_P034",25
"10241",-426.561842324008,"CAFI_P034",50
"10242",-28151.900822324,"CAFI_P034",100
"10243",-21807.848512324,"CAFI_P034",25
"10244",-16675.267012324,"CAFI_P034",50
"10245",-35521.718592324,"CAFI_P034",100
"10246",4996.21360767598,"CAFI_P034",25
"10247",-21957.719472324,"CAFI_P034",50
"10248",-10243.293522324,"CAFI_P034",100
"10249",-1069.36050232401,"CAFI_P034",25
"10250",-15687.471932324,"CAFI_P034",50
"10251",-10358.355422324,"CAFI_P034",100
"10252",-32684.768192324,"CAFI_P034",25
"10253",-20441.042012324,"CAFI_P034",50
"10254",-21776.793562324,"CAFI_P034",100
"10255",-17733.924682324,"CAFI_P034",25
"10256",-5805.96114232403,"CAFI_P034",50
"10257",-26233.090862324,"CAFI_P034",100
"10258",-11221.656122324,"CAFI_P034",25
"10259",-12384.686632324,"CAFI_P034",50
"10260",-13741.935572324,"CAFI_P034",100
"10261",-16316.458002324,"CAFI_P034",25
"10262",-8597.88861232402,"CAFI_P034",50
"10263",-5737.75019232402,"CAFI_P034",100
"10264",-14768.471162324,"CAFI_P034",25
"10265",-19502.815702324,"CAFI_P034",50
"10266",-26571.178232324,"CAFI_P034",100
"10267",-18683.356932324,"CAFI_P034",25
"10268",-19753.460782324,"CAFI_P034",50
"10269",-11574.312872324,"CAFI_P034",100
"10270",4861.155157676,"CAFI_P034",25
"10271",-3085.97421232401,"CAFI_P034",50
"10272",-34357.631302324,"CAFI_P034",100
"10273",1885.75719767599,"CAFI_P034",25
"10274",-12820.252532324,"CAFI_P034",50
"10275",-22127.585102324,"CAFI_P034",100
"10276",-20694.420422324,"CAFI_P034",25
"10277",-4723.45387232403,"CAFI_P034",50
"10278",-14463.438972324,"CAFI_P034",100
"10279",-10670.942262324,"CAFI_P034",25
"10280",-8324.94926232402,"CAFI_P034",50
"10281",-28599.010892324,"CAFI_P034",100
"10282",-10301.952182324,"CAFI_P034",25
"10283",-2566.59383232403,"CAFI_P034",50
"10284",-7934.968152324,"CAFI_P034",100
"10285",-21534.123272324,"CAFI_P034",25
"10286",5748.33796767599,"CAFI_P034",50
"10287",-26136.962182324,"CAFI_P034",100
"10288",-7471.17010232402,"CAFI_P034",25
"10289",5961.303457676,"CAFI_P034",50
"10290",-6707.36451232401,"CAFI_P034",100
"10291",-6443.46015232403,"CAFI_P034",25
"10292",-8008.29310232401,"CAFI_P034",50
"10293",-45916.122852324,"CAFI_P034",100
"10294",-543.514512324007,"CAFI_P034",25
"10295",3154.80843767599,"CAFI_P034",50
"10296",-25125.977512324,"CAFI_P034",100
"10297",-22516.885422324,"CAFI_P034",25
"10298",-10620.236832324,"CAFI_P034",50
"10299",-11090.141882324,"CAFI_P034",100
"10300",-8381.62926232402,"CAFI_P034",25
"10301",-18723.115362324,"CAFI_P034",50
"10302",-24841.962042324,"CAFI_P034",100
"10303",1472.265327676,"CAFI_P034",25
"10304",-14254.726502324,"CAFI_P034",50
"10305",-17272.840852324,"CAFI_P034",100
"10306",-8236.26273232402,"CAFI_P034",25
"10307",-29556.580232324,"CAFI_P034",50
"10308",-17966.619732324,"CAFI_P034",100
"10309",-4081.591662324,"CAFI_P034",25
"10310",-19948.078982324,"CAFI_P034",50
"10311",-6173.33595232401,"CAFI_P034",100
"10312",-1876.61514232401,"CAFI_P034",25
"10313",-19807.809872324,"CAFI_P034",50
"10314",-34488.963272324,"CAFI_P034",100
"10315",1492.84615767599,"CAFI_P034",25
"10316",-21610.761662324,"CAFI_P034",50
"10317",-9541.83367232402,"CAFI_P034",100
"10318",-2745.74921232401,"CAFI_P034",25
"10319",-10248.230422324,"CAFI_P034",50
"10320",-19597.228822324,"CAFI_P034",100
"10321",5750.46490767598,"CAFI_P034",25
"10322",-12228.757252324,"CAFI_P034",50
"10323",-36418.830422324,"CAFI_P034",100
"10324",5070.972427676,"CAFI_P034",25
"10325",-5881.009642324,"CAFI_P034",50
"10326",-15285.888022324,"CAFI_P034",100
"10327",-1798.32608232403,"CAFI_P034",25
"10328",19400.001337676,"CAFI_P034",50
"10329",971.335617675999,"CAFI_P034",100
"10330",2808.09224767599,"CAFI_P034",25
"10331",8332.587597676,"CAFI_P034",50
"10332",-22035.026782324,"CAFI_P034",100
"10333",-17979.293832324,"CAFI_P034",25
"10334",-16932.850232324,"CAFI_P034",50
"10335",-37240.888102324,"CAFI_P034",100
"10336",-6366.086372324,"CAFI_P034",25
"10337",-18921.740272324,"CAFI_P034",50
"10338",-35096.114832324,"CAFI_P034",100
"10339",-4378.60710232402,"CAFI_P034",25
"10340",-315.790622324013,"CAFI_P034",50
"10341",-3470.10229232401,"CAFI_P034",100
"10342",-15835.878912324,"CAFI_P034",25
"10343",-19039.675442324,"CAFI_P034",50
"10344",-31090.170502324,"CAFI_P034",100
"10345",-19195.390392324,"CAFI_P034",25
"10346",-35751.799802324,"CAFI_P034",50
"10347",-15686.819042324,"CAFI_P034",100
"10348",-16807.745482324,"CAFI_P034",25
"10349",-14210.597802324,"CAFI_P034",50
"10350",-25090.977862324,"CAFI_P034",100
"10351",-5238.73047232401,"CAFI_P034",25
"10352",-40627.427712324,"CAFI_P034",50
"10353",-9459.593542324,"CAFI_P034",100
"10354",7122.87358767597,"CAFI_P034",25
"10355",-7831.21431232401,"CAFI_P034",50
"10356",-14920.191922324,"CAFI_P034",100
"10357",-13281.971702324,"CAFI_P034",25
"10358",-20414.658192324,"CAFI_P034",50
"10359",-36119.898182324,"CAFI_P034",100
"10360",-21591.184092324,"CAFI_P034",25
"10361",-2098.747912324,"CAFI_P034",50
"10362",-16753.464212324,"CAFI_P034",100
"10363",2077.93646767599,"CAFI_P034",25
"10364",-21221.530252324,"CAFI_P034",50
"10365",-5701.60150232402,"CAFI_P034",100
"10366",-2390.12053232401,"CAFI_P034",25
"10367",5830.351567676,"CAFI_P034",50
"10368",-12601.421932324,"CAFI_P034",100
"10369",7038.89742767598,"CAFI_P034",25
"10370",-27279.211452324,"CAFI_P034",50
"10371",-24940.592442324,"CAFI_P034",100
"10372",-18059.745882324,"CAFI_P034",25
"10373",-20862.191152324,"CAFI_P034",50
"10374",905.705547675985,"CAFI_P034",100
"10375",-13454.001052324,"CAFI_P034",25
"10376",979.455797675997,"CAFI_P034",50
"10377",-16431.666372324,"CAFI_P034",100
"10378",8884.75373767599,"CAFI_P034",25
"10379",-2911.32625232401,"CAFI_P034",50
"10380",-5867.17401232402,"CAFI_P034",100
"10381",2936.874167676,"CAFI_P034",25
"10382",-20700.805402324,"CAFI_P034",50
"10383",-31394.403012324,"CAFI_P034",100
"10384",913.653677675989,"CAFI_P034",25
"10385",-13154.268402324,"CAFI_P034",50
"10386",-19219.541862324,"CAFI_P034",100
"10387",-12916.692572324,"CAFI_P034",25
"10388",-21282.315882324,"CAFI_P034",50
"10389",-44346.119142324,"CAFI_P034",100
"10390",2723.61357767598,"CAFI_P034",25
"10391",-9473.05001232401,"CAFI_P034",50
"10392",-40925.173762324,"CAFI_P034",100
"10393",3795.56746767598,"CAFI_P034",25
"10394",16903.890167676,"CAFI_P034",50
"10395",-32542.111002324,"CAFI_P034",100
"10396",-15328.850122324,"CAFI_P034",25
"10397",-17730.603092324,"CAFI_P034",50
"10398",-20085.474432324,"CAFI_P034",100
"10399",-9484.68670232402,"CAFI_P034",25
"10400",-21755.287462324,"CAFI_P034",50
"10401",-25999.079782324,"CAFI_P034",100
"10402",-8967.96917232402,"CAFI_P034",25
"10403",-1988.63410232402,"CAFI_P034",50
"10404",-24581.720892324,"CAFI_P034",100
"10405",-8880.32205232402,"CAFI_P034",25
"10406",-183.840022324002,"CAFI_P034",50
"10407",-18824.692202324,"CAFI_P034",100
"10408",-5222.37723232401,"CAFI_P034",25
"10409",-25407.681002324,"CAFI_P034",50
"10410",-33466.305692324,"CAFI_P034",100
"10411",-3099.455352324,"CAFI_P034",25
"10412",-9555.659872324,"CAFI_P034",50
"10413",-33419.239422324,"CAFI_P034",100
"10414",-45.5693023240019,"CAFI_P034",25
"10415",5630.24342767597,"CAFI_P034",50
"10416",-35778.973782324,"CAFI_P034",100
"10417",-4900.53983232402,"CAFI_P034",25
"10418",-18050.465232324,"CAFI_P034",50
"10419",-22065.287962324,"CAFI_P034",100
"10420",-5963.27887232401,"CAFI_P034",25
"10421",-29757.423022324,"CAFI_P034",50
"10422",-15222.058202324,"CAFI_P034",100
"10423",-10108.796762324,"CAFI_P034",25
"10424",-13589.260332324,"CAFI_P034",50
"10425",-24621.987072324,"CAFI_P034",100
"10426",1251.84881767599,"CAFI_P034",25
"10427",-14943.704192324,"CAFI_P034",50
"10428",-19681.552702324,"CAFI_P034",100
"10429",-11827.504282324,"CAFI_P034",25
"10430",-18679.975912324,"CAFI_P034",50
"10431",-23345.769132324,"CAFI_P034",100
"10432",-1748.05596232403,"CAFI_P034",25
"10433",3892.08744767599,"CAFI_P034",50
"10434",-22276.110982324,"CAFI_P034",100
"10435",-1734.26213232402,"CAFI_P034",25
"10436",-19987.911292324,"CAFI_P034",50
"10437",-22251.681112324,"CAFI_P034",100
"10438",-6812.29742232402,"CAFI_P034",25
"10439",-26817.101772324,"CAFI_P034",50
"10440",-44374.464092324,"CAFI_P034",100
"10441",-10695.932662324,"CAFI_P034",25
"10442",-25747.706492324,"CAFI_P034",50
"10443",-37771.140272324,"CAFI_P034",100
"10444",-1745.207882324,"CAFI_P034",25
"10445",-16339.276452324,"CAFI_P034",50
"10446",-39374.078292324,"CAFI_P034",100
"10447",3022.95933767597,"CAFI_P034",25
"10448",-27679.811252324,"CAFI_P034",50
"10449",-14139.839822324,"CAFI_P034",100
"10450",-20706.429542324,"CAFI_P034",25
"10451",-14723.010142324,"CAFI_P034",50
"10452",-29584.465512324,"CAFI_P034",100
"10453",-11194.766552324,"CAFI_P034",25
"10454",-11531.053622324,"CAFI_P034",50
"10455",-15602.314152324,"CAFI_P034",100
"10456",2469.81649767599,"CAFI_P034",25
"10457",-29652.999712324,"CAFI_P034",50
"10458",-23874.731962324,"CAFI_P034",100
"10459",14581.051427676,"CAFI_P034",25
"10460",-18619.944832324,"CAFI_P034",50
"10461",-33836.539662324,"CAFI_P034",100
"10462",1942.50535767598,"CAFI_P034",25
"10463",1826.78889767599,"CAFI_P034",50
"10464",-19539.438422324,"CAFI_P034",100
"10465",-4284.815392324,"CAFI_P034",25
"10466",-25068.004932324,"CAFI_P034",50
"10467",-13656.054122324,"CAFI_P034",100
"10468",-1301.53675232403,"CAFI_P034",25
"10469",-7445.88192232401,"CAFI_P034",50
"10470",-11376.869082324,"CAFI_P034",100
"10471",678.001787675981,"CAFI_P034",25
"10472",-21035.252622324,"CAFI_P034",50
"10473",-30734.595132324,"CAFI_P034",100
"10474",-2985.02615232402,"CAFI_P034",25
"10475",4801.472607676,"CAFI_P034",50
"10476",-17981.237652324,"CAFI_P034",100
"10477",4643.25603767598,"CAFI_P034",25
"10478",-9314.01938232401,"CAFI_P034",50
"10479",-17223.973382324,"CAFI_P034",100
"10480",-12020.806632324,"CAFI_P034",25
"10481",-7880.62989232401,"CAFI_P034",50
"10482",-17514.493612324,"CAFI_P034",100
"10483",1898.97201767599,"CAFI_P034",25
"10484",10863.674537676,"CAFI_P034",50
"10485",-20880.520942324,"CAFI_P034",100
"10486",9758.83950767599,"CAFI_P034",25
"10487",-7244.72652232402,"CAFI_P034",50
"10488",-35292.952122324,"CAFI_P034",100
"10489",-5811.32025232402,"CAFI_P034",25
"10490",-27921.112162324,"CAFI_P034",50
"10491",-22.8232523240149,"CAFI_P034",100
"10492",-13453.439042324,"CAFI_P034",25
"10493",-31381.161202324,"CAFI_P034",50
"10494",-14816.048332324,"CAFI_P034",100
"10495",-387.118052324018,"CAFI_P034",25
"10496",16951.656927676,"CAFI_P034",50
"10497",-17674.431842324,"CAFI_P034",100
"10498",6712.35828767598,"CAFI_P034",25
"10499",5734.02666767599,"CAFI_P034",50
"10500",-33429.319672324,"CAFI_P034",100
"10501",-28491.258109743,"CAFI_P035",25
"10502",17029.486690257,"CAFI_P035",50
"10503",-36110.772969743,"CAFI_P035",100
"10504",-34660.149189743,"CAFI_P035",25
"10505",-50256.389329743,"CAFI_P035",50
"10506",-70180.060039743,"CAFI_P035",100
"10507",457.01712025702,"CAFI_P035",25
"10508",-18579.505949743,"CAFI_P035",50
"10509",-90974.279989743,"CAFI_P035",100
"10510",-12440.167579743,"CAFI_P035",25
"10511",-43665.662119743,"CAFI_P035",50
"10512",-83300.601359743,"CAFI_P035",100
"10513",-37184.666539743,"CAFI_P035",25
"10514",-3542.94825974299,"CAFI_P035",50
"10515",-51822.559579743,"CAFI_P035",100
"10516",-14684.798929743,"CAFI_P035",25
"10517",-24472.272299743,"CAFI_P035",50
"10518",-109431.065559743,"CAFI_P035",100
"10519",8197.63902025705,"CAFI_P035",25
"10520",-9910.87408974295,"CAFI_P035",50
"10521",8191.03549025703,"CAFI_P035",100
"10522",-14355.965069743,"CAFI_P035",25
"10523",-62988.114599743,"CAFI_P035",50
"10524",-83875.508429743,"CAFI_P035",100
"10525",1315.93207025703,"CAFI_P035",25
"10526",33560.403750257,"CAFI_P035",50
"10527",-80651.714379743,"CAFI_P035",100
"10528",64719.922240257,"CAFI_P035",25
"10529",-24521.221119743,"CAFI_P035",50
"10530",-38415.486709743,"CAFI_P035",100
"10531",14726.908450257,"CAFI_P035",25
"10532",14312.345070257,"CAFI_P035",50
"10533",-97478.367399743,"CAFI_P035",100
"10534",32094.394400257,"CAFI_P035",25
"10535",-43713.717809743,"CAFI_P035",50
"10536",-82793.0711597429,"CAFI_P035",100
"10537",-13788.688309743,"CAFI_P035",25
"10538",-56347.507069743,"CAFI_P035",50
"10539",-11626.358749743,"CAFI_P035",100
"10540",-21354.138819743,"CAFI_P035",25
"10541",-1140.65855974297,"CAFI_P035",50
"10542",-115038.769069743,"CAFI_P035",100
"10543",-24037.311819743,"CAFI_P035",25
"10544",-55790.040829743,"CAFI_P035",50
"10545",-90565.011549743,"CAFI_P035",100
"10546",3016.65844025702,"CAFI_P035",25
"10547",-34173.682359743,"CAFI_P035",50
"10548",-46352.495159743,"CAFI_P035",100
"10549",-23753.705189743,"CAFI_P035",25
"10550",-49362.925009743,"CAFI_P035",50
"10551",-58653.618469743,"CAFI_P035",100
"10552",-21065.691499743,"CAFI_P035",25
"10553",-43932.787019743,"CAFI_P035",50
"10554",-81445.862949743,"CAFI_P035",100
"10555",-29974.182309743,"CAFI_P035",25
"10556",-20521.945739743,"CAFI_P035",50
"10557",-30115.920929743,"CAFI_P035",100
"10558",6049.20734025701,"CAFI_P035",25
"10559",-46436.246369743,"CAFI_P035",50
"10560",-58735.381939743,"CAFI_P035",100
"10561",-3379.75656974298,"CAFI_P035",25
"10562",-14241.057649743,"CAFI_P035",50
"10563",-68403.913269743,"CAFI_P035",100
"10564",2235.32115025702,"CAFI_P035",25
"10565",-7781.53350974299,"CAFI_P035",50
"10566",-98519.223459743,"CAFI_P035",100
"10567",-27278.718199743,"CAFI_P035",25
"10568",-48344.818319743,"CAFI_P035",50
"10569",-53861.259919743,"CAFI_P035",100
"10570",-50205.005159743,"CAFI_P035",25
"10571",-18377.138719743,"CAFI_P035",50
"10572",-83323.944329743,"CAFI_P035",100
"10573",-17349.864849743,"CAFI_P035",25
"10574",-33886.069799743,"CAFI_P035",50
"10575",-83109.980399743,"CAFI_P035",100
"10576",-12623.711859743,"CAFI_P035",25
"10577",-14522.092769743,"CAFI_P035",50
"10578",-73687.645259743,"CAFI_P035",100
"10579",-56098.056619743,"CAFI_P035",25
"10580",-59232.411479743,"CAFI_P035",50
"10581",-50820.540229743,"CAFI_P035",100
"10582",-22736.611209743,"CAFI_P035",25
"10583",-59523.529159743,"CAFI_P035",50
"10584",-52186.360059743,"CAFI_P035",100
"10585",-23487.688629743,"CAFI_P035",25
"10586",-51078.333869743,"CAFI_P035",50
"10587",-62365.639259743,"CAFI_P035",100
"10588",-46404.048509743,"CAFI_P035",25
"10589",-44248.718539743,"CAFI_P035",50
"10590",-55473.364369743,"CAFI_P035",100
"10591",-32156.134549743,"CAFI_P035",25
"10592",-56630.028409743,"CAFI_P035",50
"10593",-68699.039629743,"CAFI_P035",100
"10594",-21577.328259743,"CAFI_P035",25
"10595",-43410.625609743,"CAFI_P035",50
"10596",-13915.278949743,"CAFI_P035",100
"10597",-17381.087089743,"CAFI_P035",25
"10598",-21714.1198697429,"CAFI_P035",50
"10599",-11541.642049743,"CAFI_P035",100
"10600",-32995.056239743,"CAFI_P035",25
"10601",-53892.671899743,"CAFI_P035",50
"10602",-93991.923299743,"CAFI_P035",100
"10603",-4656.91749974299,"CAFI_P035",25
"10604",-22848.957309743,"CAFI_P035",50
"10605",-50554.569559743,"CAFI_P035",100
"10606",-6486.02955974301,"CAFI_P035",25
"10607",-6375.106949743,"CAFI_P035",50
"10608",-70365.653879743,"CAFI_P035",100
"10609",-11529.941669743,"CAFI_P035",25
"10610",-47304.325789743,"CAFI_P035",50
"10611",-38780.713669743,"CAFI_P035",100
"10612",-22117.413559743,"CAFI_P035",25
"10613",-14432.770659743,"CAFI_P035",50
"10614",-57416.163309743,"CAFI_P035",100
"10615",85.6307402570383,"CAFI_P035",25
"10616",-57685.855609743,"CAFI_P035",50
"10617",-61758.371169743,"CAFI_P035",100
"10618",-7206.80377974297,"CAFI_P035",25
"10619",-59110.889799743,"CAFI_P035",50
"10620",-80020.007649743,"CAFI_P035",100
"10621",25161.311380257,"CAFI_P035",25
"10622",-49847.207189743,"CAFI_P035",50
"10623",14028.190760257,"CAFI_P035",100
"10624",-11944.061229743,"CAFI_P035",25
"10625",-67077.461049743,"CAFI_P035",50
"10626",-40923.923789743,"CAFI_P035",100
"10627",-10948.035059743,"CAFI_P035",25
"10628",-60756.975389743,"CAFI_P035",50
"10629",-91385.768899743,"CAFI_P035",100
"10630",-9147.76820974296,"CAFI_P035",25
"10631",-49876.755239743,"CAFI_P035",50
"10632",-20145.555209743,"CAFI_P035",100
"10633",3706.18878025701,"CAFI_P035",25
"10634",-43192.113889743,"CAFI_P035",50
"10635",-89480.113399743,"CAFI_P035",100
"10636",-17503.121259743,"CAFI_P035",25
"10637",-22152.525089743,"CAFI_P035",50
"10638",-106734.097529743,"CAFI_P035",100
"10639",-47342.321049743,"CAFI_P035",25
"10640",-52984.985759743,"CAFI_P035",50
"10641",-86000.630299743,"CAFI_P035",100
"10642",-11772.282049743,"CAFI_P035",25
"10643",-54256.965499743,"CAFI_P035",50
"10644",-17781.413069743,"CAFI_P035",100
"10645",-18834.873199743,"CAFI_P035",25
"10646",-34053.535579743,"CAFI_P035",50
"10647",-65876.853409743,"CAFI_P035",100
"10648",17855.255720257,"CAFI_P035",25
"10649",-92116.658489743,"CAFI_P035",50
"10650",-35054.416839743,"CAFI_P035",100
"10651",-20633.533349743,"CAFI_P035",25
"10652",-14952.380599743,"CAFI_P035",50
"10653",-103096.722059743,"CAFI_P035",100
"10654",-9848.73748974298,"CAFI_P035",25
"10655",23297.484200257,"CAFI_P035",50
"10656",-94325.923919743,"CAFI_P035",100
"10657",-54495.661719743,"CAFI_P035",25
"10658",-19636.300429743,"CAFI_P035",50
"10659",-85177.886939743,"CAFI_P035",100
"10660",-17251.572829743,"CAFI_P035",25
"10661",-25229.219349743,"CAFI_P035",50
"10662",-127809.616399743,"CAFI_P035",100
"10663",-9268.22526974301,"CAFI_P035",25
"10664",-37877.647469743,"CAFI_P035",50
"10665",-81195.470049743,"CAFI_P035",100
"10666",6487.61809025705,"CAFI_P035",25
"10667",-42413.096229743,"CAFI_P035",50
"10668",-67585.037339743,"CAFI_P035",100
"10669",-5231.35992974299,"CAFI_P035",25
"10670",-13809.641539743,"CAFI_P035",50
"10671",-83180.134669743,"CAFI_P035",100
"10672",-5946.512779743,"CAFI_P035",25
"10673",57169.7815602571,"CAFI_P035",50
"10674",-58164.611959743,"CAFI_P035",100
"10675",-4008.82072974299,"CAFI_P035",25
"10676",-3578.22012974299,"CAFI_P035",50
"10677",-39590.443049743,"CAFI_P035",100
"10678",5437.55295025703,"CAFI_P035",25
"10679",9753.94134025701,"CAFI_P035",50
"10680",-44781.054559743,"CAFI_P035",100
"10681",-20856.822099743,"CAFI_P035",25
"10682",-42717.559339743,"CAFI_P035",50
"10683",-81901.208729743,"CAFI_P035",100
"10684",-49943.873189743,"CAFI_P035",25
"10685",-28301.098699743,"CAFI_P035",50
"10686",-32018.713579743,"CAFI_P035",100
"10687",-47410.707819743,"CAFI_P035",25
"10688",-22197.667949743,"CAFI_P035",50
"10689",-56895.143239743,"CAFI_P035",100
"10690",-21528.695539743,"CAFI_P035",25
"10691",-48460.398609743,"CAFI_P035",50
"10692",-63914.634909743,"CAFI_P035",100
"10693",-16231.011199743,"CAFI_P035",25
"10694",-47304.993329743,"CAFI_P035",50
"10695",-116837.991459743,"CAFI_P035",100
"10696",-28758.498029743,"CAFI_P035",25
"10697",-7021.813789743,"CAFI_P035",50
"10698",-55577.245219743,"CAFI_P035",100
"10699",16630.522730257,"CAFI_P035",25
"10700",4394.38087025704,"CAFI_P035",50
"10701",-71554.715999743,"CAFI_P035",100
"10702",-13307.303549743,"CAFI_P035",25
"10703",-46984.053319743,"CAFI_P035",50
"10704",-73021.353159743,"CAFI_P035",100
"10705",-70163.039909743,"CAFI_P035",25
"10706",-57117.809499743,"CAFI_P035",50
"10707",-61269.245199743,"CAFI_P035",100
"10708",-29711.766279743,"CAFI_P035",25
"10709",88.0936102570267,"CAFI_P035",50
"10710",-63945.068589743,"CAFI_P035",100
"10711",22640.2893402571,"CAFI_P035",25
"10712",11504.987770257,"CAFI_P035",50
"10713",-94829.933879743,"CAFI_P035",100
"10714",-16609.695149743,"CAFI_P035",25
"10715",-25136.098739743,"CAFI_P035",50
"10716",-99641.165989743,"CAFI_P035",100
"10717",7025.60990025703,"CAFI_P035",25
"10718",-61768.156959743,"CAFI_P035",50
"10719",-60326.776669743,"CAFI_P035",100
"10720",-25649.993749743,"CAFI_P035",25
"10721",-30948.815659743,"CAFI_P035",50
"10722",-71051.054799743,"CAFI_P035",100
"10723",-37521.097569743,"CAFI_P035",25
"10724",-42957.728199743,"CAFI_P035",50
"10725",-77026.214159743,"CAFI_P035",100
"10726",-17134.604639743,"CAFI_P035",25
"10727",-27239.959839743,"CAFI_P035",50
"10728",-69176.460369743,"CAFI_P035",100
"10729",-7156.504729743,"CAFI_P035",25
"10730",-22039.436319743,"CAFI_P035",50
"10731",-107265.338739743,"CAFI_P035",100
"10732",-20397.991139743,"CAFI_P035",25
"10733",-69948.756419743,"CAFI_P035",50
"10734",-55718.470169743,"CAFI_P035",100
"10735",-37664.436599743,"CAFI_P035",25
"10736",-59660.923699743,"CAFI_P035",50
"10737",-82631.390849743,"CAFI_P035",100
"10738",28959.8284802571,"CAFI_P035",25
"10739",-34857.465569743,"CAFI_P035",50
"10740",-44329.689839743,"CAFI_P035",100
"10741",3998.834930257,"CAFI_P035",25
"10742",-62568.470659743,"CAFI_P035",50
"10743",-72866.777279743,"CAFI_P035",100
"10744",-5396.51459974301,"CAFI_P035",25
"10745",5538.06448025705,"CAFI_P035",50
"10746",-86404.336329743,"CAFI_P035",100
"10747",5819.72758025699,"CAFI_P035",25
"10748",-49978.799989743,"CAFI_P035",50
"10749",-86981.516639743,"CAFI_P035",100
"10750",-15081.927419743,"CAFI_P035",25
"10751",-66514.122449743,"CAFI_P035",50
"10752",-100504.180669743,"CAFI_P035",100
"10753",-58392.753119743,"CAFI_P035",25
"10754",-26862.696189743,"CAFI_P035",50
"10755",-67633.514539743,"CAFI_P035",100
"10756",-24984.274339743,"CAFI_P035",25
"10757",-7095.98427974299,"CAFI_P035",50
"10758",-61262.939729743,"CAFI_P035",100
"10759",22204.969780257,"CAFI_P035",25
"10760",-39569.888279743,"CAFI_P035",50
"10761",-63064.845429743,"CAFI_P035",100
"10762",6113.745790257,"CAFI_P035",25
"10763",-69605.042449743,"CAFI_P035",50
"10764",-70984.677299743,"CAFI_P035",100
"10765",-18241.535949743,"CAFI_P035",25
"10766",-64625.827089743,"CAFI_P035",50
"10767",-97895.390659743,"CAFI_P035",100
"10768",-27791.093239743,"CAFI_P035",25
"10769",-53271.851809743,"CAFI_P035",50
"10770",-59031.075299743,"CAFI_P035",100
"10771",-44180.741629743,"CAFI_P035",25
"10772",-27251.125869743,"CAFI_P035",50
"10773",-67805.635629743,"CAFI_P035",100
"10774",4341.04734025704,"CAFI_P035",25
"10775",-61506.416339743,"CAFI_P035",50
"10776",-71824.174939743,"CAFI_P035",100
"10777",-13688.979249743,"CAFI_P035",25
"10778",-61592.698139743,"CAFI_P035",50
"10779",-79620.234879743,"CAFI_P035",100
"10780",-17019.272309743,"CAFI_P035",25
"10781",-69643.357899743,"CAFI_P035",50
"10782",-130907.044249743,"CAFI_P035",100
"10783",-28957.031039743,"CAFI_P035",25
"10784",-51281.230359743,"CAFI_P035",50
"10785",-94549.557199743,"CAFI_P035",100
"10786",-29120.644379743,"CAFI_P035",25
"10787",-25275.557769743,"CAFI_P035",50
"10788",9193.63690025703,"CAFI_P035",100
"10789",-25264.637439743,"CAFI_P035",25
"10790",-47233.248189743,"CAFI_P035",50
"10791",-34486.010969743,"CAFI_P035",100
"10792",-18072.123669743,"CAFI_P035",25
"10793",68264.175230257,"CAFI_P035",50
"10794",-45051.479569743,"CAFI_P035",100
"10795",-16119.791519743,"CAFI_P035",25
"10796",-15856.774519743,"CAFI_P035",50
"10797",-32316.067629743,"CAFI_P035",100
"10798",-2559.96121974301,"CAFI_P035",25
"10799",15550.943470257,"CAFI_P035",50
"10800",-106261.120929743,"CAFI_P035",100
"10801",30156.592110918,"CAFI_P036",25
"10802",3834.53915091802,"CAFI_P036",50
"10803",38790.292460918,"CAFI_P036",100
"10804",26548.208970918,"CAFI_P036",25
"10805",47084.884410918,"CAFI_P036",50
"10806",110878.879060918,"CAFI_P036",100
"10807",20778.633520918,"CAFI_P036",25
"10808",40007.495360918,"CAFI_P036",50
"10809",79635.833510918,"CAFI_P036",100
"10810",12947.334490918,"CAFI_P036",25
"10811",20841.368410918,"CAFI_P036",50
"10812",54144.281880918,"CAFI_P036",100
"10813",-4713.36286908199,"CAFI_P036",25
"10814",31719.478310918,"CAFI_P036",50
"10815",89814.270030918,"CAFI_P036",100
"10816",42250.983470918,"CAFI_P036",25
"10817",26244.388410918,"CAFI_P036",50
"10818",113663.058260918,"CAFI_P036",100
"10819",11709.404030918,"CAFI_P036",25
"10820",43422.792040918,"CAFI_P036",50
"10821",82810.295940918,"CAFI_P036",100
"10822",54126.843280918,"CAFI_P036",25
"10823",24135.240370918,"CAFI_P036",50
"10824",73370.008670918,"CAFI_P036",100
"10825",4865.76080091801,"CAFI_P036",25
"10826",51604.204840918,"CAFI_P036",50
"10827",106601.115780918,"CAFI_P036",100
"10828",15295.268090918,"CAFI_P036",25
"10829",42136.649840918,"CAFI_P036",50
"10830",56596.419860918,"CAFI_P036",100
"10831",26534.905180918,"CAFI_P036",25
"10832",41606.084170918,"CAFI_P036",50
"10833",113545.627630918,"CAFI_P036",100
"10834",10009.869650918,"CAFI_P036",25
"10835",61408.182970918,"CAFI_P036",50
"10836",117245.436720918,"CAFI_P036",100
"10837",23403.755570918,"CAFI_P036",25
"10838",42737.734170918,"CAFI_P036",50
"10839",43074.907620918,"CAFI_P036",100
"10840",17603.867940918,"CAFI_P036",25
"10841",18269.151350918,"CAFI_P036",50
"10842",132394.326830918,"CAFI_P036",100
"10843",12807.364690918,"CAFI_P036",25
"10844",49312.281250918,"CAFI_P036",50
"10845",75830.243480918,"CAFI_P036",100
"10846",16384.969200918,"CAFI_P036",25
"10847",21649.054880918,"CAFI_P036",50
"10848",80683.318500918,"CAFI_P036",100
"10849",51940.870990918,"CAFI_P036",25
"10850",68677.781610918,"CAFI_P036",50
"10851",101449.895110918,"CAFI_P036",100
"10852",29261.464970918,"CAFI_P036",25
"10853",31012.266020918,"CAFI_P036",50
"10854",35745.565520918,"CAFI_P036",100
"10855",5065.02914091802,"CAFI_P036",25
"10856",47057.133370918,"CAFI_P036",50
"10857",50604.366780918,"CAFI_P036",100
"10858",14157.137680918,"CAFI_P036",25
"10859",24830.436530918,"CAFI_P036",50
"10860",58801.878370918,"CAFI_P036",100
"10861",25487.332110918,"CAFI_P036",25
"10862",40074.363000918,"CAFI_P036",50
"10863",63987.552650918,"CAFI_P036",100
"10864",30723.080750918,"CAFI_P036",25
"10865",49101.969170918,"CAFI_P036",50
"10866",65294.265670918,"CAFI_P036",100
"10867",27097.199350918,"CAFI_P036",25
"10868",23912.419210918,"CAFI_P036",50
"10869",48356.628000918,"CAFI_P036",100
"10870",20842.074640918,"CAFI_P036",25
"10871",45431.566570918,"CAFI_P036",50
"10872",34135.410770918,"CAFI_P036",100
"10873",12014.071420918,"CAFI_P036",25
"10874",48301.429560918,"CAFI_P036",50
"10875",96431.455790918,"CAFI_P036",100
"10876",17960.994230918,"CAFI_P036",25
"10877",27214.589830918,"CAFI_P036",50
"10878",94393.347600918,"CAFI_P036",100
"10879",34980.819270918,"CAFI_P036",25
"10880",75324.610700918,"CAFI_P036",50
"10881",95905.813420918,"CAFI_P036",100
"10882",36480.389300918,"CAFI_P036",25
"10883",36830.885740918,"CAFI_P036",50
"10884",36128.986670918,"CAFI_P036",100
"10885",18739.087080918,"CAFI_P036",25
"10886",52086.614710918,"CAFI_P036",50
"10887",98705.398980918,"CAFI_P036",100
"10888",25639.919940918,"CAFI_P036",25
"10889",33012.483000918,"CAFI_P036",50
"10890",99239.426990918,"CAFI_P036",100
"10891",48469.126760918,"CAFI_P036",25
"10892",36211.396060918,"CAFI_P036",50
"10893",52645.350810918,"CAFI_P036",100
"10894",23215.343540918,"CAFI_P036",25
"10895",13780.189690918,"CAFI_P036",50
"10896",98920.514400918,"CAFI_P036",100
"10897",31858.697230918,"CAFI_P036",25
"10898",36576.324150918,"CAFI_P036",50
"10899",80306.915280918,"CAFI_P036",100
"10900",20907.428980918,"CAFI_P036",25
"10901",66967.165220918,"CAFI_P036",50
"10902",110037.620190918,"CAFI_P036",100
"10903",-1132.51765908199,"CAFI_P036",25
"10904",25801.454360918,"CAFI_P036",50
"10905",64637.265780918,"CAFI_P036",100
"10906",29507.980290918,"CAFI_P036",25
"10907",7231.95046091801,"CAFI_P036",50
"10908",61938.675390918,"CAFI_P036",100
"10909",-2602.110829082,"CAFI_P036",25
"10910",74484.587660918,"CAFI_P036",50
"10911",73598.464370918,"CAFI_P036",100
"10912",8826.43154091801,"CAFI_P036",25
"10913",43211.999190918,"CAFI_P036",50
"10914",68915.661270918,"CAFI_P036",100
"10915",18061.569250918,"CAFI_P036",25
"10916",31927.738460918,"CAFI_P036",50
"10917",98543.053860918,"CAFI_P036",100
"10918",36428.916500918,"CAFI_P036",25
"10919",19083.729870918,"CAFI_P036",50
"10920",82284.993550918,"CAFI_P036",100
"10921",11934.235270918,"CAFI_P036",25
"10922",61022.909030918,"CAFI_P036",50
"10923",39702.101970918,"CAFI_P036",100
"10924",27766.954670918,"CAFI_P036",25
"10925",40226.007390918,"CAFI_P036",50
"10926",91490.313470918,"CAFI_P036",100
"10927",15164.865160918,"CAFI_P036",25
"10928",23734.575040918,"CAFI_P036",50
"10929",54869.656410918,"CAFI_P036",100
"10930",-17410.149459082,"CAFI_P036",25
"10931",36696.190610918,"CAFI_P036",50
"10932",56186.700110918,"CAFI_P036",100
"10933",22323.231370918,"CAFI_P036",25
"10934",39854.073380918,"CAFI_P036",50
"10935",72369.433400918,"CAFI_P036",100
"10936",24342.672980918,"CAFI_P036",25
"10937",34331.433780918,"CAFI_P036",50
"10938",139721.290430918,"CAFI_P036",100
"10939",13864.448850918,"CAFI_P036",25
"10940",9116.06135091803,"CAFI_P036",50
"10941",92241.684510918,"CAFI_P036",100
"10942",9982.412810918,"CAFI_P036",25
"10943",23170.931540918,"CAFI_P036",50
"10944",56174.088410918,"CAFI_P036",100
"10945",30465.189490918,"CAFI_P036",25
"10946",42157.537580918,"CAFI_P036",50
"10947",82477.241360918,"CAFI_P036",100
"10948",-2317.30756908198,"CAFI_P036",25
"10949",35245.216690918,"CAFI_P036",50
"10950",141886.052520918,"CAFI_P036",100
"10951",13621.182800918,"CAFI_P036",25
"10952",58879.697770918,"CAFI_P036",50
"10953",39659.097090918,"CAFI_P036",100
"10954",11189.967390918,"CAFI_P036",25
"10955",53622.213900918,"CAFI_P036",50
"10956",94659.857900918,"CAFI_P036",100
"10957",22885.982070918,"CAFI_P036",25
"10958",42991.731030918,"CAFI_P036",50
"10959",93175.340920918,"CAFI_P036",100
"10960",27285.733980918,"CAFI_P036",25
"10961",48031.637360918,"CAFI_P036",50
"10962",75835.499930918,"CAFI_P036",100
"10963",27190.514940918,"CAFI_P036",25
"10964",38009.361020918,"CAFI_P036",50
"10965",52042.108670918,"CAFI_P036",100
"10966",21615.000730918,"CAFI_P036",25
"10967",39973.024920918,"CAFI_P036",50
"10968",76697.548700918,"CAFI_P036",100
"10969",14792.327810918,"CAFI_P036",25
"10970",26683.783830918,"CAFI_P036",50
"10971",46081.073500918,"CAFI_P036",100
"10972",5462.292190918,"CAFI_P036",25
"10973",17593.867150918,"CAFI_P036",50
"10974",67135.150930918,"CAFI_P036",100
"10975",20458.367430918,"CAFI_P036",25
"10976",66502.289330918,"CAFI_P036",50
"10977",120423.088380918,"CAFI_P036",100
"10978",27192.999980918,"CAFI_P036",25
"10979",32619.789840918,"CAFI_P036",50
"10980",83657.846560918,"CAFI_P036",100
"10981",19952.517570918,"CAFI_P036",25
"10982",1507.50290091801,"CAFI_P036",50
"10983",62034.470290918,"CAFI_P036",100
"10984",4842.86653091802,"CAFI_P036",25
"10985",33740.061400918,"CAFI_P036",50
"10986",107538.818000918,"CAFI_P036",100
"10987",42086.745840918,"CAFI_P036",25
"10988",32559.834060918,"CAFI_P036",50
"10989",60900.558890918,"CAFI_P036",100
"10990",30069.832900918,"CAFI_P036",25
"10991",29056.567460918,"CAFI_P036",50
"10992",119867.001380918,"CAFI_P036",100
"10993",39122.255950918,"CAFI_P036",25
"10994",28174.585660918,"CAFI_P036",50
"10995",103138.597370918,"CAFI_P036",100
"10996",16325.528310918,"CAFI_P036",25
"10997",47818.982880918,"CAFI_P036",50
"10998",88780.819480918,"CAFI_P036",100
"10999",2477.66093091801,"CAFI_P036",25
"11000",38897.020490918,"CAFI_P036",50
"11001",86791.948690918,"CAFI_P036",100
"11002",5244.40075091802,"CAFI_P036",25
"11003",12219.250050918,"CAFI_P036",50
"11004",53224.611570918,"CAFI_P036",100
"11005",8470.17779091801,"CAFI_P036",25
"11006",29672.275750918,"CAFI_P036",50
"11007",91615.997470918,"CAFI_P036",100
"11008",39242.044040918,"CAFI_P036",25
"11009",17407.669300918,"CAFI_P036",50
"11010",89155.299700918,"CAFI_P036",100
"11011",-8705.541449082,"CAFI_P036",25
"11012",55261.059150918,"CAFI_P036",50
"11013",78154.101550918,"CAFI_P036",100
"11014",15043.950610918,"CAFI_P036",25
"11015",10198.861070918,"CAFI_P036",50
"11016",55373.958890918,"CAFI_P036",100
"11017",8269.96669091802,"CAFI_P036",25
"11018",51680.608090918,"CAFI_P036",50
"11019",90704.298080918,"CAFI_P036",100
"11020",18395.690730918,"CAFI_P036",25
"11021",41509.048090918,"CAFI_P036",50
"11022",61110.317600918,"CAFI_P036",100
"11023",29246.465460918,"CAFI_P036",25
"11024",32880.013300918,"CAFI_P036",50
"11025",53965.301640918,"CAFI_P036",100
"11026",30227.619200918,"CAFI_P036",25
"11027",13762.817960918,"CAFI_P036",50
"11028",64516.713480918,"CAFI_P036",100
"11029",34280.350890918,"CAFI_P036",25
"11030",46870.806930918,"CAFI_P036",50
"11031",103116.665230918,"CAFI_P036",100
"11032",6419.77790091801,"CAFI_P036",25
"11033",25064.359450918,"CAFI_P036",50
"11034",97171.178580918,"CAFI_P036",100
"11035",16330.647300918,"CAFI_P036",25
"11036",39089.708670918,"CAFI_P036",50
"11037",57725.052750918,"CAFI_P036",100
"11038",4231.58646091801,"CAFI_P036",25
"11039",60199.168470918,"CAFI_P036",50
"11040",70374.777890918,"CAFI_P036",100
"11041",19063.746290918,"CAFI_P036",25
"11042",59965.595680918,"CAFI_P036",50
"11043",74538.467590918,"CAFI_P036",100
"11044",10622.324720918,"CAFI_P036",25
"11045",37855.010110918,"CAFI_P036",50
"11046",77418.713110918,"CAFI_P036",100
"11047",18358.888290918,"CAFI_P036",25
"11048",52886.256150918,"CAFI_P036",50
"11049",67686.798930918,"CAFI_P036",100
"11050",16928.329380918,"CAFI_P036",25
"11051",68296.393890918,"CAFI_P036",50
"11052",112386.471420918,"CAFI_P036",100
"11053",18527.022020918,"CAFI_P036",25
"11054",39458.773110918,"CAFI_P036",50
"11055",56399.077240918,"CAFI_P036",100
"11056",11000.195000918,"CAFI_P036",25
"11057",63783.194360918,"CAFI_P036",50
"11058",63482.106470918,"CAFI_P036",100
"11059",-2152.35694908199,"CAFI_P036",25
"11060",54788.366030918,"CAFI_P036",50
"11061",107019.613530918,"CAFI_P036",100
"11062",22346.181580918,"CAFI_P036",25
"11063",29403.990470918,"CAFI_P036",50
"11064",83108.386800918,"CAFI_P036",100
"11065",20051.496290918,"CAFI_P036",25
"11066",22752.174740918,"CAFI_P036",50
"11067",120238.991860918,"CAFI_P036",100
"11068",37437.663720918,"CAFI_P036",25
"11069",3621.62331091802,"CAFI_P036",50
"11070",80096.084590918,"CAFI_P036",100
"11071",10300.052670918,"CAFI_P036",25
"11072",16979.680480918,"CAFI_P036",50
"11073",105217.583530918,"CAFI_P036",100
"11074",3871.13776091801,"CAFI_P036",25
"11075",14585.912990918,"CAFI_P036",50
"11076",44150.101440918,"CAFI_P036",100
"11077",32740.520960918,"CAFI_P036",25
"11078",86355.454620918,"CAFI_P036",50
"11079",56798.401820918,"CAFI_P036",100
"11080",22150.602550918,"CAFI_P036",25
"11081",25034.771310918,"CAFI_P036",50
"11082",100009.474050918,"CAFI_P036",100
"11083",25808.649870918,"CAFI_P036",25
"11084",18918.765890918,"CAFI_P036",50
"11085",88301.657940918,"CAFI_P036",100
"11086",13185.621130918,"CAFI_P036",25
"11087",49416.954260918,"CAFI_P036",50
"11088",42157.573720918,"CAFI_P036",100
"11089",4632.13089091802,"CAFI_P036",25
"11090",33635.846390918,"CAFI_P036",50
"11091",53612.399930918,"CAFI_P036",100
"11092",13890.238580918,"CAFI_P036",25
"11093",26248.584210918,"CAFI_P036",50
"11094",96135.985180918,"CAFI_P036",100
"11095",18751.317830918,"CAFI_P036",25
"11096",15402.117990918,"CAFI_P036",50
"11097",114499.721320918,"CAFI_P036",100
"11098",5324.19754091802,"CAFI_P036",25
"11099",31569.471680918,"CAFI_P036",50
"11100",97669.935610918,"CAFI_P036",100
"11101",-6596.37681348101,"CAFI_P039",25
"11102",16447.274056519,"CAFI_P039",50
"11103",22680.809536519,"CAFI_P039",100
"11104",4999.69272651899,"CAFI_P039",25
"11105",2263.641656519,"CAFI_P039",50
"11106",23469.546106519,"CAFI_P039",100
"11107",1717.44268651897,"CAFI_P039",25
"11108",42175.078026519,"CAFI_P039",50
"11109",6472.86526651899,"CAFI_P039",100
"11110",13305.634436519,"CAFI_P039",25
"11111",10948.326366519,"CAFI_P039",50
"11112",825.18225651898,"CAFI_P039",100
"11113",29421.932216519,"CAFI_P039",25
"11114",11926.062276519,"CAFI_P039",50
"11115",51747.947056519,"CAFI_P039",100
"11116",11784.152016519,"CAFI_P039",25
"11117",2230.93955651898,"CAFI_P039",50
"11118",8616.74492651899,"CAFI_P039",100
"11119",2990.31042651899,"CAFI_P039",25
"11120",15326.623876519,"CAFI_P039",50
"11121",7293.83261651898,"CAFI_P039",100
"11122",36466.665276519,"CAFI_P039",25
"11123",1789.33125651898,"CAFI_P039",50
"11124",15683.555436519,"CAFI_P039",100
"11125",2317.035736519,"CAFI_P039",25
"11126",-1467.65404348102,"CAFI_P039",50
"11127",17390.477736519,"CAFI_P039",100
"11128",9095.43681651898,"CAFI_P039",25
"11129",34936.164546519,"CAFI_P039",50
"11130",25302.716126519,"CAFI_P039",100
"11131",7025.30425651898,"CAFI_P039",25
"11132",8134.10807651898,"CAFI_P039",50
"11133",38491.255656519,"CAFI_P039",100
"11134",1430.67685651899,"CAFI_P039",25
"11135",9333.21165651898,"CAFI_P039",50
"11136",596.28076651899,"CAFI_P039",100
"11137",4072.44627651898,"CAFI_P039",25
"11138",22347.350426519,"CAFI_P039",50
"11139",14836.834766519,"CAFI_P039",100
"11140",22447.114476519,"CAFI_P039",25
"11141",33009.056376519,"CAFI_P039",50
"11142",19342.574546519,"CAFI_P039",100
"11143",6484.97949651899,"CAFI_P039",25
"11144",35170.399436519,"CAFI_P039",50
"11145",-359.784013481025,"CAFI_P039",100
"11146",-3133.64877348102,"CAFI_P039",25
"11147",20488.048366519,"CAFI_P039",50
"11148",22118.988936519,"CAFI_P039",100
"11149",-4940.75452348101,"CAFI_P039",25
"11150",-1638.01971348102,"CAFI_P039",50
"11151",12697.413276519,"CAFI_P039",100
"11152",2154.00240651899,"CAFI_P039",25
"11153",4925.334996519,"CAFI_P039",50
"11154",9861.77170651898,"CAFI_P039",100
"11155",4905.48744651899,"CAFI_P039",25
"11156",1101.39343651899,"CAFI_P039",50
"11157",25311.583636519,"CAFI_P039",100
"11158",15450.152016519,"CAFI_P039",25
"11159",26866.659906519,"CAFI_P039",50
"11160",35250.149396519,"CAFI_P039",100
"11161",1450.35142651899,"CAFI_P039",25
"11162",23329.695896519,"CAFI_P039",50
"11163",-5611.639513481,"CAFI_P039",100
"11164",4978.27057651899,"CAFI_P039",25
"11165",9524.96021651899,"CAFI_P039",50
"11166",23318.546596519,"CAFI_P039",100
"11167",21594.803166519,"CAFI_P039",25
"11168",43793.434716519,"CAFI_P039",50
"11169",23778.480696519,"CAFI_P039",100
"11170",-4181.65889348101,"CAFI_P039",25
"11171",-1524.692393481,"CAFI_P039",50
"11172",1856.09636651899,"CAFI_P039",100
"11173",-3232.53857348103,"CAFI_P039",25
"11174",-4733.82068348103,"CAFI_P039",50
"11175",11002.087406519,"CAFI_P039",100
"11176",252.831306518987,"CAFI_P039",25
"11177",14.4818765189848,"CAFI_P039",50
"11178",23231.344026519,"CAFI_P039",100
"11179",-2179.87849348102,"CAFI_P039",25
"11180",5946.89766651898,"CAFI_P039",50
"11181",24758.479726519,"CAFI_P039",100
"11182",7160.863536519,"CAFI_P039",25
"11183",13232.057416519,"CAFI_P039",50
"11184",3534.45336651898,"CAFI_P039",100
"11185",16834.575466519,"CAFI_P039",25
"11186",639.829446518997,"CAFI_P039",50
"11187",14815.729526519,"CAFI_P039",100
"11188",-2412.51029348103,"CAFI_P039",25
"11189",-284.739123481006,"CAFI_P039",50
"11190",12129.672566519,"CAFI_P039",100
"11191",-4360.466893481,"CAFI_P039",25
"11192",7871.08193651898,"CAFI_P039",50
"11193",5967.96050651898,"CAFI_P039",100
"11194",25543.362826519,"CAFI_P039",25
"11195",17136.979556519,"CAFI_P039",50
"11196",16423.702916519,"CAFI_P039",100
"11197",2872.924966519,"CAFI_P039",25
"11198",32061.869366519,"CAFI_P039",50
"11199",32444.451506519,"CAFI_P039",100
"11200",-3019.91379348101,"CAFI_P039",25
"11201",-1301.65870348102,"CAFI_P039",50
"11202",29040.745706519,"CAFI_P039",100
"11203",-533.892123481026,"CAFI_P039",25
"11204",-4614.53597348102,"CAFI_P039",50
"11205",40090.387076519,"CAFI_P039",100
"11206",2525.54378651897,"CAFI_P039",25
"11207",31875.991096519,"CAFI_P039",50
"11208",16286.051376519,"CAFI_P039",100
"11209",12143.079286519,"CAFI_P039",25
"11210",25276.482596519,"CAFI_P039",50
"11211",-6610.41563348102,"CAFI_P039",100
"11212",619.671246518992,"CAFI_P039",25
"11213",-1803.877473481,"CAFI_P039",50
"11214",14886.090806519,"CAFI_P039",100
"11215",8326.70398651899,"CAFI_P039",25
"11216",42185.458066519,"CAFI_P039",50
"11217",23205.879026519,"CAFI_P039",100
"11218",7540.85634651899,"CAFI_P039",25
"11219",17538.937056519,"CAFI_P039",50
"11220",11927.390226519,"CAFI_P039",100
"11221",6218.659696519,"CAFI_P039",25
"11222",7641.76585651899,"CAFI_P039",50
"11223",40754.098716519,"CAFI_P039",100
"11224",3719.79012651899,"CAFI_P039",25
"11225",8303.42247651899,"CAFI_P039",50
"11226",10541.294966519,"CAFI_P039",100
"11227",4960.12852651899,"CAFI_P039",25
"11228",2427.542436519,"CAFI_P039",50
"11229",37658.496116519,"CAFI_P039",100
"11230",-8011.33958348102,"CAFI_P039",25
"11231",-4779.78591348103,"CAFI_P039",50
"11232",28536.271996519,"CAFI_P039",100
"11233",1866.37472651899,"CAFI_P039",25
"11234",4161.696836519,"CAFI_P039",50
"11235",39269.090996519,"CAFI_P039",100
"11236",9895.56152651898,"CAFI_P039",25
"11237",-2828.83671348103,"CAFI_P039",50
"11238",47657.296726519,"CAFI_P039",100
"11239",3355.79937651899,"CAFI_P039",25
"11240",11520.540906519,"CAFI_P039",50
"11241",10192.886226519,"CAFI_P039",100
"11242",18671.469946519,"CAFI_P039",25
"11243",-2633.64146348101,"CAFI_P039",50
"11244",11963.683666519,"CAFI_P039",100
"11245",1282.85761651897,"CAFI_P039",25
"11246",-4212.24301348103,"CAFI_P039",50
"11247",41127.251876519,"CAFI_P039",100
"11248",5698.266396519,"CAFI_P039",25
"11249",5981.39807651899,"CAFI_P039",50
"11250",30142.433076519,"CAFI_P039",100
"11251",-12538.884163481,"CAFI_P039",25
"11252",-5116.27016348101,"CAFI_P039",50
"11253",40804.522126519,"CAFI_P039",100
"11254",17020.837166519,"CAFI_P039",25
"11255",-471.687353481015,"CAFI_P039",50
"11256",7311.53470651899,"CAFI_P039",100
"11257",-3461.59266348102,"CAFI_P039",25
"11258",4316.91293651899,"CAFI_P039",50
"11259",30323.587926519,"CAFI_P039",100
"11260",2234.44703651898,"CAFI_P039",25
"11261",-2421.31371348101,"CAFI_P039",50
"11262",15241.999816519,"CAFI_P039",100
"11263",13051.734686519,"CAFI_P039",25
"11264",4121.380896519,"CAFI_P039",50
"11265",50180.648036519,"CAFI_P039",100
"11266",16565.184146519,"CAFI_P039",25
"11267",7777.51432651898,"CAFI_P039",50
"11268",18095.256516519,"CAFI_P039",100
"11269",34.7176365189953,"CAFI_P039",25
"11270",24068.597736519,"CAFI_P039",50
"11271",39070.353976519,"CAFI_P039",100
"11272",6510.90608651898,"CAFI_P039",25
"11273",1950.79276651898,"CAFI_P039",50
"11274",47385.703466519,"CAFI_P039",100
"11275",8029.85702651899,"CAFI_P039",25
"11276",27053.426306519,"CAFI_P039",50
"11277",49470.632156519,"CAFI_P039",100
"11278",-1073.32384348102,"CAFI_P039",25
"11279",316.730306518992,"CAFI_P039",50
"11280",9838.90224651899,"CAFI_P039",100
"11281",42298.811936519,"CAFI_P039",25
"11282",15863.333106519,"CAFI_P039",50
"11283",60065.420126519,"CAFI_P039",100
"11284",2897.72316651899,"CAFI_P039",25
"11285",8499.929216519,"CAFI_P039",50
"11286",38057.461476519,"CAFI_P039",100
"11287",1476.49969651899,"CAFI_P039",25
"11288",34265.758866519,"CAFI_P039",50
"11289",12516.431596519,"CAFI_P039",100
"11290",17380.274246519,"CAFI_P039",25
"11291",7072.57237651898,"CAFI_P039",50
"11292",27951.319586519,"CAFI_P039",100
"11293",5731.915326519,"CAFI_P039",25
"11294",-597.760043481016,"CAFI_P039",50
"11295",5898.28034651899,"CAFI_P039",100
"11296",8548.14636651898,"CAFI_P039",25
"11297",9126.998026519,"CAFI_P039",50
"11298",30385.653776519,"CAFI_P039",100
"11299",-1363.63338348101,"CAFI_P039",25
"11300",13986.638166519,"CAFI_P039",50
"11301",1339.75901651898,"CAFI_P039",100
"11302",-1213.868633481,"CAFI_P039",25
"11303",18778.755646519,"CAFI_P039",50
"11304",-3455.215823481,"CAFI_P039",100
"11305",6268.451576519,"CAFI_P039",25
"11306",9145.41884651899,"CAFI_P039",50
"11307",18589.125606519,"CAFI_P039",100
"11308",4819.49267651897,"CAFI_P039",25
"11309",10363.334006519,"CAFI_P039",50
"11310",-6024.76328348101,"CAFI_P039",100
"11311",5219.03591651897,"CAFI_P039",25
"11312",-7781.55710348103,"CAFI_P039",50
"11313",14472.371286519,"CAFI_P039",100
"11314",-7528.97534348103,"CAFI_P039",25
"11315",27122.368566519,"CAFI_P039",50
"11316",49678.212076519,"CAFI_P039",100
"11317",3164.33080651899,"CAFI_P039",25
"11318",32318.851976519,"CAFI_P039",50
"11319",35568.906176519,"CAFI_P039",100
"11320",9428.72191651899,"CAFI_P039",25
"11321",35488.137536519,"CAFI_P039",50
"11322",35612.564436519,"CAFI_P039",100
"11323",24101.965166519,"CAFI_P039",25
"11324",33756.294126519,"CAFI_P039",50
"11325",19382.164576519,"CAFI_P039",100
"11326",53431.024276519,"CAFI_P039",25
"11327",25625.516346519,"CAFI_P039",50
"11328",-12275.196673481,"CAFI_P039",100
"11329",3546.34105651898,"CAFI_P039",25
"11330",7706.60492651898,"CAFI_P039",50
"11331",9234.74368651898,"CAFI_P039",100
"11332",4213.30132651899,"CAFI_P039",25
"11333",22698.352896519,"CAFI_P039",50
"11334",4179.61321651898,"CAFI_P039",100
"11335",40282.213966519,"CAFI_P039",25
"11336",33305.873456519,"CAFI_P039",50
"11337",47965.887886519,"CAFI_P039",100
"11338",-4392.44585348101,"CAFI_P039",25
"11339",5802.976366519,"CAFI_P039",50
"11340",10028.289586519,"CAFI_P039",100
"11341",33259.895846519,"CAFI_P039",25
"11342",42347.330006519,"CAFI_P039",50
"11343",306.020566518971,"CAFI_P039",100
"11344",715.786826518975,"CAFI_P039",25
"11345",34036.873186519,"CAFI_P039",50
"11346",9335.76891651898,"CAFI_P039",100
"11347",5140.94927651898,"CAFI_P039",25
"11348",4428.17850651898,"CAFI_P039",50
"11349",75516.492116519,"CAFI_P039",100
"11350",3582.27068651898,"CAFI_P039",25
"11351",10686.141516519,"CAFI_P039",50
"11352",21916.116646519,"CAFI_P039",100
"11353",15960.456156519,"CAFI_P039",25
"11354",5234.80532651898,"CAFI_P039",50
"11355",27294.506066519,"CAFI_P039",100
"11356",-791.546813481022,"CAFI_P039",25
"11357",39283.183216519,"CAFI_P039",50
"11358",10188.653416519,"CAFI_P039",100
"11359",-1662.75819348102,"CAFI_P039",25
"11360",24583.412276519,"CAFI_P039",50
"11361",-1588.54406348101,"CAFI_P039",100
"11362",5075.09138651899,"CAFI_P039",25
"11363",3702.379096519,"CAFI_P039",50
"11364",38537.661206519,"CAFI_P039",100
"11365",6139.467476519,"CAFI_P039",25
"11366",-1997.93836348102,"CAFI_P039",50
"11367",-883.42818348101,"CAFI_P039",100
"11368",-4351.995043481,"CAFI_P039",25
"11369",18112.247576519,"CAFI_P039",50
"11370",18397.517986519,"CAFI_P039",100
"11371",1457.80310651899,"CAFI_P039",25
"11372",1621.67197651899,"CAFI_P039",50
"11373",46903.960236519,"CAFI_P039",100
"11374",4849.84953651897,"CAFI_P039",25
"11375",40995.538996519,"CAFI_P039",50
"11376",15997.751726519,"CAFI_P039",100
"11377",1084.55933651899,"CAFI_P039",25
"11378",7082.42546651899,"CAFI_P039",50
"11379",32372.646896519,"CAFI_P039",100
"11380",9114.42197651899,"CAFI_P039",25
"11381",14034.910816519,"CAFI_P039",50
"11382",26534.922716519,"CAFI_P039",100
"11383",-4439.94843348101,"CAFI_P039",25
"11384",26789.542806519,"CAFI_P039",50
"11385",18380.000606519,"CAFI_P039",100
"11386",9568.66455651898,"CAFI_P039",25
"11387",23294.356786519,"CAFI_P039",50
"11388",34499.467496519,"CAFI_P039",100
"11389",4962.23378651898,"CAFI_P039",25
"11390",-12456.959233481,"CAFI_P039",50
"11391",13976.753746519,"CAFI_P039",100
"11392",-11257.871473481,"CAFI_P039",25
"11393",6068.73112651898,"CAFI_P039",50
"11394",38483.463326519,"CAFI_P039",100
"11395",29968.009176519,"CAFI_P039",25
"11396",3770.872396519,"CAFI_P039",50
"11397",16017.252526519,"CAFI_P039",100
"11398",-8382.279943481,"CAFI_P039",25
"11399",11311.607826519,"CAFI_P039",50
"11400",-4766.607323481,"CAFI_P039",100
"11401",4020.01935116301,"CAFI_P040",25
"11402",806.641531162983,"CAFI_P040",50
"11403",-4381.020698837,"CAFI_P040",100
"11404",-3484.01075883702,"CAFI_P040",25
"11405",-4996.672238837,"CAFI_P040",50
"11406",-14101.958948837,"CAFI_P040",100
"11407",-5969.73562883702,"CAFI_P040",25
"11408",104.827121162991,"CAFI_P040",50
"11409",-14155.139028837,"CAFI_P040",100
"11410",5311.95291116298,"CAFI_P040",25
"11411",-12396.002308837,"CAFI_P040",50
"11412",18047.862361163,"CAFI_P040",100
"11413",-1659.90738883702,"CAFI_P040",25
"11414",8420.69641116299,"CAFI_P040",50
"11415",17198.821411163,"CAFI_P040",100
"11416",-2403.542078837,"CAFI_P040",25
"11417",2291.425841163,"CAFI_P040",50
"11418",111.362791163003,"CAFI_P040",100
"11419",-5347.432268837,"CAFI_P040",25
"11420",-9834.83130883701,"CAFI_P040",50
"11421",-19531.946478837,"CAFI_P040",100
"11422",-8556.36649883701,"CAFI_P040",25
"11423",519.155721162999,"CAFI_P040",50
"11424",-14247.855578837,"CAFI_P040",100
"11425",-2975.02165883701,"CAFI_P040",25
"11426",11012.640771163,"CAFI_P040",50
"11427",-12134.712008837,"CAFI_P040",100
"11428",-2780.86435883702,"CAFI_P040",25
"11429",10813.933281163,"CAFI_P040",50
"11430",-14284.827098837,"CAFI_P040",100
"11431",4210.19194116298,"CAFI_P040",25
"11432",-20423.957928837,"CAFI_P040",50
"11433",-9290.463128837,"CAFI_P040",100
"11434",-1649.05699883701,"CAFI_P040",25
"11435",-1592.82920883701,"CAFI_P040",50
"11436",-27.1491588370118,"CAFI_P040",100
"11437",4872.470431163,"CAFI_P040",25
"11438",-5636.119038837,"CAFI_P040",50
"11439",-7776.75721883701,"CAFI_P040",100
"11440",-156.822318837018,"CAFI_P040",25
"11441",-283.883528837003,"CAFI_P040",50
"11442",-1662.45117883701,"CAFI_P040",100
"11443",4875.93020116299,"CAFI_P040",25
"11444",7012.33112116301,"CAFI_P040",50
"11445",8717.05982116298,"CAFI_P040",100
"11446",4308.250621163,"CAFI_P040",25
"11447",3777.01694116299,"CAFI_P040",50
"11448",-13515.485948837,"CAFI_P040",100
"11449",-4257.124538837,"CAFI_P040",25
"11450",-7160.92373883701,"CAFI_P040",50
"11451",-22229.257668837,"CAFI_P040",100
"11452",-6551.397658837,"CAFI_P040",25
"11453",5898.09066116301,"CAFI_P040",50
"11454",-3215.339408837,"CAFI_P040",100
"11455",7311.261431163,"CAFI_P040",25
"11456",-14583.645668837,"CAFI_P040",50
"11457",-2134.553488837,"CAFI_P040",100
"11458",-4768.21332883701,"CAFI_P040",25
"11459",4719.559101163,"CAFI_P040",50
"11460",841.768391163001,"CAFI_P040",100
"11461",4192.64147116299,"CAFI_P040",25
"11462",11341.910581163,"CAFI_P040",50
"11463",-19319.931208837,"CAFI_P040",100
"11464",-4496.12392883701,"CAFI_P040",25
"11465",-1804.12081883702,"CAFI_P040",50
"11466",-11078.110438837,"CAFI_P040",100
"11467",-1523.96938883699,"CAFI_P040",25
"11468",-2595.75316883702,"CAFI_P040",50
"11469",-4805.992708837,"CAFI_P040",100
"11470",5288.28608116298,"CAFI_P040",25
"11471",-11695.089538837,"CAFI_P040",50
"11472",3385.879471163,"CAFI_P040",100
"11473",-8162.95742883702,"CAFI_P040",25
"11474",1497.57463116301,"CAFI_P040",50
"11475",-4076.445428837,"CAFI_P040",100
"11476",321.551181162999,"CAFI_P040",25
"11477",45.4926911630027,"CAFI_P040",50
"11478",-10851.627898837,"CAFI_P040",100
"11479",-7318.23266883701,"CAFI_P040",25
"11480",-11346.565928837,"CAFI_P040",50
"11481",-4289.23320883702,"CAFI_P040",100
"11482",3857.70906116298,"CAFI_P040",25
"11483",-2296.77269883701,"CAFI_P040",50
"11484",24290.108591163,"CAFI_P040",100
"11485",6999.14862116298,"CAFI_P040",25
"11486",-5417.10563883701,"CAFI_P040",50
"11487",-20239.441168837,"CAFI_P040",100
"11488",-5433.62339883699,"CAFI_P040",25
"11489",5149.00746116298,"CAFI_P040",50
"11490",-12176.217508837,"CAFI_P040",100
"11491",-2183.87270883701,"CAFI_P040",25
"11492",512.132511162985,"CAFI_P040",50
"11493",457.705811163003,"CAFI_P040",100
"11494",4601.09863116298,"CAFI_P040",25
"11495",-3921.664288837,"CAFI_P040",50
"11496",-8429.61054883699,"CAFI_P040",100
"11497",4481.07833116298,"CAFI_P040",25
"11498",10367.024291163,"CAFI_P040",50
"11499",-5532.87199883701,"CAFI_P040",100
"11500",4721.92870116298,"CAFI_P040",25
"11501",9264.436451163,"CAFI_P040",50
"11502",-21505.833458837,"CAFI_P040",100
"11503",-54.8041488370218,"CAFI_P040",25
"11504",-26.5712588370079,"CAFI_P040",50
"11505",-14007.138388837,"CAFI_P040",100
"11506",-517.09858883702,"CAFI_P040",25
"11507",-9763.00595883701,"CAFI_P040",50
"11508",-12486.208568837,"CAFI_P040",100
"11509",3653.288331163,"CAFI_P040",25
"11510",1096.93576116298,"CAFI_P040",50
"11511",-14211.809558837,"CAFI_P040",100
"11512",5930.65747116299,"CAFI_P040",25
"11513",-2556.93324883701,"CAFI_P040",50
"11514",-8942.32868883701,"CAFI_P040",100
"11515",-1633.240308837,"CAFI_P040",25
"11516",-17526.548428837,"CAFI_P040",50
"11517",-5721.633378837,"CAFI_P040",100
"11518",10471.084061163,"CAFI_P040",25
"11519",1814.89053116299,"CAFI_P040",50
"11520",1573.586831163,"CAFI_P040",100
"11521",-8590.38358883699,"CAFI_P040",25
"11522",-2220.84147883701,"CAFI_P040",50
"11523",8257.746811163,"CAFI_P040",100
"11524",-1889.513928837,"CAFI_P040",25
"11525",1320.49300116301,"CAFI_P040",50
"11526",-3183.65911883701,"CAFI_P040",100
"11527",-1025.982338837,"CAFI_P040",25
"11528",6712.011511163,"CAFI_P040",50
"11529",-1614.122118837,"CAFI_P040",100
"11530",3163.681391163,"CAFI_P040",25
"11531",-246.584988837014,"CAFI_P040",50
"11532",2336.751581163,"CAFI_P040",100
"11533",-4347.425858837,"CAFI_P040",25
"11534",5304.95040116299,"CAFI_P040",50
"11535",1691.822391163,"CAFI_P040",100
"11536",-4418.54744883699,"CAFI_P040",25
"11537",-6037.31343883701,"CAFI_P040",50
"11538",-4326.31491883702,"CAFI_P040",100
"11539",8216.74437116299,"CAFI_P040",25
"11540",-7124.06958883701,"CAFI_P040",50
"11541",-13855.900128837,"CAFI_P040",100
"11542",-2845.26558883701,"CAFI_P040",25
"11543",-6220.330078837,"CAFI_P040",50
"11544",-1754.752668837,"CAFI_P040",100
"11545",6668.421801163,"CAFI_P040",25
"11546",11509.484111163,"CAFI_P040",50
"11547",5080.832091163,"CAFI_P040",100
"11548",1369.075211163,"CAFI_P040",25
"11549",-3647.41929883702,"CAFI_P040",50
"11550",-5138.95912883701,"CAFI_P040",100
"11551",1948.05956116298,"CAFI_P040",25
"11552",1253.193671163,"CAFI_P040",50
"11553",-2935.70583883702,"CAFI_P040",100
"11554",-6456.309358837,"CAFI_P040",25
"11555",7040.166951163,"CAFI_P040",50
"11556",-7201.973918837,"CAFI_P040",100
"11557",2130.70723116299,"CAFI_P040",25
"11558",-1120.87958883701,"CAFI_P040",50
"11559",13594.527591163,"CAFI_P040",100
"11560",1493.28534116299,"CAFI_P040",25
"11561",-8723.53953883701,"CAFI_P040",50
"11562",-8929.014838837,"CAFI_P040",100
"11563",-10610.445558837,"CAFI_P040",25
"11564",-2519.563188837,"CAFI_P040",50
"11565",-7359.19724883701,"CAFI_P040",100
"11566",2720.21789116299,"CAFI_P040",25
"11567",5600.73082116299,"CAFI_P040",50
"11568",-15528.327278837,"CAFI_P040",100
"11569",-1618.687608837,"CAFI_P040",25
"11570",6974.372881163,"CAFI_P040",50
"11571",8920.83757116299,"CAFI_P040",100
"11572",5999.70320116298,"CAFI_P040",25
"11573",865.19954116299,"CAFI_P040",50
"11574",-10824.797558837,"CAFI_P040",100
"11575",-6931.54830883699,"CAFI_P040",25
"11576",-14622.964738837,"CAFI_P040",50
"11577",-11140.944738837,"CAFI_P040",100
"11578",3068.752181163,"CAFI_P040",25
"11579",-5380.151618837,"CAFI_P040",50
"11580",-14118.277218837,"CAFI_P040",100
"11581",2418.75138116299,"CAFI_P040",25
"11582",-7530.00892883702,"CAFI_P040",50
"11583",-1765.39422883702,"CAFI_P040",100
"11584",-7061.75784883701,"CAFI_P040",25
"11585",-4168.82077883702,"CAFI_P040",50
"11586",-9777.39192883701,"CAFI_P040",100
"11587",-3050.78162883699,"CAFI_P040",25
"11588",-5451.44462883699,"CAFI_P040",50
"11589",183.112001162983,"CAFI_P040",100
"11590",-81.6152488370135,"CAFI_P040",25
"11591",-4997.04104883701,"CAFI_P040",50
"11592",-9351.40910883702,"CAFI_P040",100
"11593",-5897.41775883699,"CAFI_P040",25
"11594",228.251691162994,"CAFI_P040",50
"11595",-12400.960198837,"CAFI_P040",100
"11596",-6330.964248837,"CAFI_P040",25
"11597",-11380.321698837,"CAFI_P040",50
"11598",-10114.614178837,"CAFI_P040",100
"11599",6188.227001163,"CAFI_P040",25
"11600",-12780.721228837,"CAFI_P040",50
"11601",-7676.832888837,"CAFI_P040",100
"11602",-8275.27105883701,"CAFI_P040",25
"11603",-10548.129258837,"CAFI_P040",50
"11604",-6289.406468837,"CAFI_P040",100
"11605",-6101.398938837,"CAFI_P040",25
"11606",-3964.786808837,"CAFI_P040",50
"11607",-3876.37655883702,"CAFI_P040",100
"11608",6758.38937116298,"CAFI_P040",25
"11609",-517.173528837011,"CAFI_P040",50
"11610",-12978.813928837,"CAFI_P040",100
"11611",1800.34583116299,"CAFI_P040",25
"11612",-6026.29299883702,"CAFI_P040",50
"11613",11155.812261163,"CAFI_P040",100
"11614",148.038351163006,"CAFI_P040",25
"11615",-5387.80305883702,"CAFI_P040",50
"11616",10653.932271163,"CAFI_P040",100
"11617",1254.832851163,"CAFI_P040",25
"11618",2831.390521163,"CAFI_P040",50
"11619",-2171.31702883702,"CAFI_P040",100
"11620",3844.64077116299,"CAFI_P040",25
"11621",10672.426051163,"CAFI_P040",50
"11622",-12674.403348837,"CAFI_P040",100
"11623",-2650.11750883702,"CAFI_P040",25
"11624",-5682.83725883701,"CAFI_P040",50
"11625",-9432.33901883701,"CAFI_P040",100
"11626",601.332951163,"CAFI_P040",25
"11627",8615.174981163,"CAFI_P040",50
"11628",-11328.635728837,"CAFI_P040",100
"11629",3740.99210116299,"CAFI_P040",25
"11630",826.066791163001,"CAFI_P040",50
"11631",-10383.277538837,"CAFI_P040",100
"11632",-6799.18430883699,"CAFI_P040",25
"11633",15346.297551163,"CAFI_P040",50
"11634",-9592.49067883701,"CAFI_P040",100
"11635",-1432.88557883701,"CAFI_P040",25
"11636",-1128.40436883701,"CAFI_P040",50
"11637",-4400.30371883701,"CAFI_P040",100
"11638",13767.966291163,"CAFI_P040",25
"11639",-7161.245448837,"CAFI_P040",50
"11640",1318.276651163,"CAFI_P040",100
"11641",-10656.534408837,"CAFI_P040",25
"11642",12568.434011163,"CAFI_P040",50
"11643",-20300.316098837,"CAFI_P040",100
"11644",4929.828261163,"CAFI_P040",25
"11645",-8338.60822883699,"CAFI_P040",50
"11646",4626.49177116298,"CAFI_P040",100
"11647",2170.79660116299,"CAFI_P040",25
"11648",-8651.19401883701,"CAFI_P040",50
"11649",-12424.800388837,"CAFI_P040",100
"11650",-16026.057438837,"CAFI_P040",25
"11651",-4848.14368883701,"CAFI_P040",50
"11652",-9218.41994883702,"CAFI_P040",100
"11653",9801.391511163,"CAFI_P040",25
"11654",2217.16413116298,"CAFI_P040",50
"11655",-15959.761988837,"CAFI_P040",100
"11656",4603.544171163,"CAFI_P040",25
"11657",2919.03261116298,"CAFI_P040",50
"11658",-6148.27216883702,"CAFI_P040",100
"11659",5143.52498116301,"CAFI_P040",25
"11660",-2656.51341883701,"CAFI_P040",50
"11661",-2203.65210883701,"CAFI_P040",100
"11662",-1113.887358837,"CAFI_P040",25
"11663",-4106.04612883701,"CAFI_P040",50
"11664",-9130.613828837,"CAFI_P040",100
"11665",12996.531531163,"CAFI_P040",25
"11666",8796.99753116298,"CAFI_P040",50
"11667",-7895.31734883701,"CAFI_P040",100
"11668",1169.88287116299,"CAFI_P040",25
"11669",-1492.36800883702,"CAFI_P040",50
"11670",-7893.67748883701,"CAFI_P040",100
"11671",-1212.95759883701,"CAFI_P040",25
"11672",4171.659711163,"CAFI_P040",50
"11673",-5985.65877883701,"CAFI_P040",100
"11674",-6807.90525883701,"CAFI_P040",25
"11675",18471.253481163,"CAFI_P040",50
"11676",-13947.319988837,"CAFI_P040",100
"11677",4668.70161116298,"CAFI_P040",25
"11678",1670.41741116298,"CAFI_P040",50
"11679",-3017.57635883702,"CAFI_P040",100
"11680",1896.40381116301,"CAFI_P040",25
"11681",-1507.405918837,"CAFI_P040",50
"11682",-16814.848268837,"CAFI_P040",100
"11683",-4917.023938837,"CAFI_P040",25
"11684",-10266.112578837,"CAFI_P040",50
"11685",-5103.36879883701,"CAFI_P040",100
"11686",926.858831163001,"CAFI_P040",25
"11687",-6072.41627883702,"CAFI_P040",50
"11688",601.335771162994,"CAFI_P040",100
"11689",-793.537068837002,"CAFI_P040",25
"11690",-2532.56004883701,"CAFI_P040",50
"11691",-11655.809768837,"CAFI_P040",100
"11692",-2438.460078837,"CAFI_P040",25
"11693",-12232.662758837,"CAFI_P040",50
"11694",5824.462641163,"CAFI_P040",100
"11695",2439.678111163,"CAFI_P040",25
"11696",-2757.807508837,"CAFI_P040",50
"11697",4369.35410116299,"CAFI_P040",100
"11698",-1887.68905883702,"CAFI_P040",25
"11699",7593.99116116299,"CAFI_P040",50
"11700",-10194.188868837,"CAFI_P040",100
"11701",1482.84020050502,"CAFI_P041",25
"11702",11507.226350505,"CAFI_P041",50
"11703",-22177.730459495,"CAFI_P041",100
"11704",2243.302550505,"CAFI_P041",25
"11705",-2832.40653949499,"CAFI_P041",50
"11706",-23406.574819495,"CAFI_P041",100
"11707",-3655.30874949499,"CAFI_P041",25
"11708",28933.638970505,"CAFI_P041",50
"11709",-20268.641329495,"CAFI_P041",100
"11710",-4194.36150949498,"CAFI_P041",25
"11711",-414.463869494997,"CAFI_P041",50
"11712",-9109.179959495,"CAFI_P041",100
"11713",-8209.050739495,"CAFI_P041",25
"11714",-17068.732719495,"CAFI_P041",50
"11715",-27539.137799495,"CAFI_P041",100
"11716",10665.963260505,"CAFI_P041",25
"11717",-11254.588529495,"CAFI_P041",50
"11718",-5752.326489495,"CAFI_P041",100
"11719",-12280.987399495,"CAFI_P041",25
"11720",1374.42042050502,"CAFI_P041",50
"11721",3823.21335050502,"CAFI_P041",100
"11722",-16749.709919495,"CAFI_P041",25
"11723",-7836.07274949498,"CAFI_P041",50
"11724",-6513.82678949498,"CAFI_P041",100
"11725",-2043.01182949499,"CAFI_P041",25
"11726",-11583.819849495,"CAFI_P041",50
"11727",-13995.788509495,"CAFI_P041",100
"11728",2357.46952050502,"CAFI_P041",25
"11729",-22020.791119495,"CAFI_P041",50
"11730",25243.312220505,"CAFI_P041",100
"11731",-17925.011659495,"CAFI_P041",25
"11732",8853.75128050501,"CAFI_P041",50
"11733",-7796.907619495,"CAFI_P041",100
"11734",-10779.386219495,"CAFI_P041",25
"11735",-18389.134209495,"CAFI_P041",50
"11736",-27088.960709495,"CAFI_P041",100
"11737",-1464.15619949499,"CAFI_P041",25
"11738",6543.11944050502,"CAFI_P041",50
"11739",-8828.07813949499,"CAFI_P041",100
"11740",35348.420690505,"CAFI_P041",25
"11741",17202.766180505,"CAFI_P041",50
"11742",13750.247020505,"CAFI_P041",100
"11743",1861.105750505,"CAFI_P041",25
"11744",-24778.042969495,"CAFI_P041",50
"11745",-11993.213079495,"CAFI_P041",100
"11746",877.336520505021,"CAFI_P041",25
"11747",-10176.192119495,"CAFI_P041",50
"11748",32852.288750505,"CAFI_P041",100
"11749",-936.091939494974,"CAFI_P041",25
"11750",-12077.845409495,"CAFI_P041",50
"11751",-25842.412559495,"CAFI_P041",100
"11752",-1398.46841949498,"CAFI_P041",25
"11753",11670.956170505,"CAFI_P041",50
"11754",8490.36118050502,"CAFI_P041",100
"11755",-9010.48123949498,"CAFI_P041",25
"11756",-7652.417369495,"CAFI_P041",50
"11757",15623.794460505,"CAFI_P041",100
"11758",-5709.68771949498,"CAFI_P041",25
"11759",-9820.48722949499,"CAFI_P041",50
"11760",-14940.188509495,"CAFI_P041",100
"11761",-8069.541799495,"CAFI_P041",25
"11762",-2002.14296949498,"CAFI_P041",50
"11763",-11638.002299495,"CAFI_P041",100
"11764",23063.845920505,"CAFI_P041",25
"11765",-12348.035009495,"CAFI_P041",50
"11766",-23684.215529495,"CAFI_P041",100
"11767",9613.91044050502,"CAFI_P041",25
"11768",-13066.434349495,"CAFI_P041",50
"11769",-7874.35555949499,"CAFI_P041",100
"11770",-20821.100169495,"CAFI_P041",25
"11771",-10824.374099495,"CAFI_P041",50
"11772",-5113.75151949498,"CAFI_P041",100
"11773",-8641.66060949498,"CAFI_P041",25
"11774",-9937.74875949498,"CAFI_P041",50
"11775",-9674.415599495,"CAFI_P041",100
"11776",-11891.175859495,"CAFI_P041",25
"11777",9058.14266050502,"CAFI_P041",50
"11778",-11486.933649495,"CAFI_P041",100
"11779",-6882.14162949499,"CAFI_P041",25
"11780",-11437.088509495,"CAFI_P041",50
"11781",-6856.55022949498,"CAFI_P041",100
"11782",12581.366400505,"CAFI_P041",25
"11783",16390.497890505,"CAFI_P041",50
"11784",-24879.021249495,"CAFI_P041",100
"11785",-11131.986369495,"CAFI_P041",25
"11786",-359.88883949499,"CAFI_P041",50
"11787",-1440.94661949499,"CAFI_P041",100
"11788",-7029.76503949499,"CAFI_P041",25
"11789",-5996.39902949499,"CAFI_P041",50
"11790",44049.664770505,"CAFI_P041",100
"11791",-3965.753069495,"CAFI_P041",25
"11792",-16019.240659495,"CAFI_P041",50
"11793",-15437.286569495,"CAFI_P041",100
"11794",2291.753940505,"CAFI_P041",25
"11795",-15983.685499495,"CAFI_P041",50
"11796",-3018.282879495,"CAFI_P041",100
"11797",33257.753750505,"CAFI_P041",25
"11798",-2468.32957949498,"CAFI_P041",50
"11799",-10217.806989495,"CAFI_P041",100
"11800",6759.90302050501,"CAFI_P041",25
"11801",-4922.77596949498,"CAFI_P041",50
"11802",-15048.039369495,"CAFI_P041",100
"11803",10959.546960505,"CAFI_P041",25
"11804",-9830.20890949498,"CAFI_P041",50
"11805",-1955.980259495,"CAFI_P041",100
"11806",20194.968450505,"CAFI_P041",25
"11807",22494.797960505,"CAFI_P041",50
"11808",-31493.286919495,"CAFI_P041",100
"11809",-7735.335739495,"CAFI_P041",25
"11810",5485.858170505,"CAFI_P041",50
"11811",-12266.186949495,"CAFI_P041",100
"11812",-12734.284069495,"CAFI_P041",25
"11813",-14631.093959495,"CAFI_P041",50
"11814",-17840.197229495,"CAFI_P041",100
"11815",8451.91885050503,"CAFI_P041",25
"11816",-13692.629989495,"CAFI_P041",50
"11817",-17033.792889495,"CAFI_P041",100
"11818",-3979.95610949499,"CAFI_P041",25
"11819",197.809700505022,"CAFI_P041",50
"11820",-9493.03279949498,"CAFI_P041",100
"11821",16801.297000505,"CAFI_P041",25
"11822",118.886230505013,"CAFI_P041",50
"11823",-13143.188999495,"CAFI_P041",100
"11824",-12058.366429495,"CAFI_P041",25
"11825",386.275120505015,"CAFI_P041",50
"11826",12329.252370505,"CAFI_P041",100
"11827",12313.392300505,"CAFI_P041",25
"11828",-19175.746079495,"CAFI_P041",50
"11829",9736.026150505,"CAFI_P041",100
"11830",-22432.370769495,"CAFI_P041",25
"11831",17063.082500505,"CAFI_P041",50
"11832",-15956.153369495,"CAFI_P041",100
"11833",-8101.53954949498,"CAFI_P041",25
"11834",-8932.46640949498,"CAFI_P041",50
"11835",-12696.021529495,"CAFI_P041",100
"11836",-8984.90165949499,"CAFI_P041",25
"11837",-14147.472839495,"CAFI_P041",50
"11838",-16487.188789495,"CAFI_P041",100
"11839",1983.64470050501,"CAFI_P041",25
"11840",-16360.759909495,"CAFI_P041",50
"11841",-5167.414869495,"CAFI_P041",100
"11842",-16802.774079495,"CAFI_P041",25
"11843",-4058.075389495,"CAFI_P041",50
"11844",-27747.222779495,"CAFI_P041",100
"11845",-7975.68264949499,"CAFI_P041",25
"11846",-15341.829439495,"CAFI_P041",50
"11847",-9363.73340949498,"CAFI_P041",100
"11848",1273.23470050501,"CAFI_P041",25
"11849",-8744.04649949499,"CAFI_P041",50
"11850",33555.770580505,"CAFI_P041",100
"11851",9607.486870505,"CAFI_P041",25
"11852",-6407.37981949499,"CAFI_P041",50
"11853",-436.222599494999,"CAFI_P041",100
"11854",1305.47547050501,"CAFI_P041",25
"11855",13321.140920505,"CAFI_P041",50
"11856",1875.467380505,"CAFI_P041",100
"11857",22114.825520505,"CAFI_P041",25
"11858",-8868.917319495,"CAFI_P041",50
"11859",-26083.228859495,"CAFI_P041",100
"11860",-7700.50795949498,"CAFI_P041",25
"11861",-22213.484289495,"CAFI_P041",50
"11862",22355.795030505,"CAFI_P041",100
"11863",-6415.88617949499,"CAFI_P041",25
"11864",14479.157970505,"CAFI_P041",50
"11865",-17446.252179495,"CAFI_P041",100
"11866",2917.14198050502,"CAFI_P041",25
"11867",28010.192550505,"CAFI_P041",50
"11868",18832.780530505,"CAFI_P041",100
"11869",-4271.09968949499,"CAFI_P041",25
"11870",2508.39979050501,"CAFI_P041",50
"11871",-7415.713219495,"CAFI_P041",100
"11872",-6322.244049495,"CAFI_P041",25
"11873",14017.869980505,"CAFI_P041",50
"11874",-22148.673159495,"CAFI_P041",100
"11875",-9887.73508949499,"CAFI_P041",25
"11876",-3145.30201949499,"CAFI_P041",50
"11877",3261.77671050502,"CAFI_P041",100
"11878",-6378.30934949499,"CAFI_P041",25
"11879",-10872.398879495,"CAFI_P041",50
"11880",-21396.041679495,"CAFI_P041",100
"11881",1532.13117050502,"CAFI_P041",25
"11882",-5379.521679495,"CAFI_P041",50
"11883",-21334.441809495,"CAFI_P041",100
"11884",-1559.74783949499,"CAFI_P041",25
"11885",5647.494740505,"CAFI_P041",50
"11886",9756.677790505,"CAFI_P041",100
"11887",-10245.847049495,"CAFI_P041",25
"11888",-21099.963899495,"CAFI_P041",50
"11889",4183.28659050501,"CAFI_P041",100
"11890",-8322.429829495,"CAFI_P041",25
"11891",5304.78182050501,"CAFI_P041",50
"11892",-10811.699679495,"CAFI_P041",100
"11893",7484.49784050501,"CAFI_P041",25
"11894",-1919.88125949498,"CAFI_P041",50
"11895",4878.071190505,"CAFI_P041",100
"11896",-4664.29926949498,"CAFI_P041",25
"11897",-17185.203849495,"CAFI_P041",50
"11898",5046.85969050502,"CAFI_P041",100
"11899",4476.85946050502,"CAFI_P041",25
"11900",-3324.85451949498,"CAFI_P041",50
"11901",-16584.557179495,"CAFI_P041",100
"11902",-11953.856209495,"CAFI_P041",25
"11903",24417.905280505,"CAFI_P041",50
"11904",-22563.601629495,"CAFI_P041",100
"11905",-9008.696639495,"CAFI_P041",25
"11906",-4261.61352949499,"CAFI_P041",50
"11907",-22794.896219495,"CAFI_P041",100
"11908",-1161.016489495,"CAFI_P041",25
"11909",-6173.41057949499,"CAFI_P041",50
"11910",-12274.787729495,"CAFI_P041",100
"11911",-929.792269494996,"CAFI_P041",25
"11912",14677.653340505,"CAFI_P041",50
"11913",-22990.150509495,"CAFI_P041",100
"11914",4533.90530050502,"CAFI_P041",25
"11915",-3775.49223949498,"CAFI_P041",50
"11916",16110.947550505,"CAFI_P041",100
"11917",-2688.707849495,"CAFI_P041",25
"11918",13674.240160505,"CAFI_P041",50
"11919",-16736.867949495,"CAFI_P041",100
"11920",-2722.988259495,"CAFI_P041",25
"11921",1448.377980505,"CAFI_P041",50
"11922",-800.425159494975,"CAFI_P041",100
"11923",4963.72643050502,"CAFI_P041",25
"11924",-12781.912099495,"CAFI_P041",50
"11925",16341.764330505,"CAFI_P041",100
"11926",-2086.44631949498,"CAFI_P041",25
"11927",22410.394340505,"CAFI_P041",50
"11928",-11628.832459495,"CAFI_P041",100
"11929",-12540.582669495,"CAFI_P041",25
"11930",-15099.763029495,"CAFI_P041",50
"11931",-4377.21593949498,"CAFI_P041",100
"11932",11540.693620505,"CAFI_P041",25
"11933",-15635.719569495,"CAFI_P041",50
"11934",-2805.17296949498,"CAFI_P041",100
"11935",-12630.270259495,"CAFI_P041",25
"11936",-13725.872909495,"CAFI_P041",50
"11937",10902.141970505,"CAFI_P041",100
"11938",-15760.770069495,"CAFI_P041",25
"11939",-6033.11077949498,"CAFI_P041",50
"11940",5424.465290505,"CAFI_P041",100
"11941",-4342.02624949499,"CAFI_P041",25
"11942",-1188.78080949499,"CAFI_P041",50
"11943",-4137.06779949498,"CAFI_P041",100
"11944",4115.74655050502,"CAFI_P041",25
"11945",-12503.006259495,"CAFI_P041",50
"11946",5846.47372050502,"CAFI_P041",100
"11947",-1289.87776949498,"CAFI_P041",25
"11948",13360.250810505,"CAFI_P041",50
"11949",16316.523420505,"CAFI_P041",100
"11950",2946.92137050501,"CAFI_P041",25
"11951",-17330.090499495,"CAFI_P041",50
"11952",-4825.92986949498,"CAFI_P041",100
"11953",-12722.953579495,"CAFI_P041",25
"11954",-13561.258729495,"CAFI_P041",50
"11955",-4585.35086949499,"CAFI_P041",100
"11956",-2725.47959949498,"CAFI_P041",25
"11957",6857.70074050501,"CAFI_P041",50
"11958",-26822.778019495,"CAFI_P041",100
"11959",-4637.976429495,"CAFI_P041",25
"11960",-12120.048529495,"CAFI_P041",50
"11961",-19151.159519495,"CAFI_P041",100
"11962",-13445.463189495,"CAFI_P041",25
"11963",-2802.919249495,"CAFI_P041",50
"11964",-1889.66667949499,"CAFI_P041",100
"11965",14269.217750505,"CAFI_P041",25
"11966",5186.95728050501,"CAFI_P041",50
"11967",-31113.163789495,"CAFI_P041",100
"11968",-917.033989494987,"CAFI_P041",25
"11969",1257.628370505,"CAFI_P041",50
"11970",38062.994620505,"CAFI_P041",100
"11971",9425.48994050501,"CAFI_P041",25
"11972",-2004.58509949499,"CAFI_P041",50
"11973",-21355.820579495,"CAFI_P041",100
"11974",-7119.09349949498,"CAFI_P041",25
"11975",-22208.248299495,"CAFI_P041",50
"11976",-5790.371319495,"CAFI_P041",100
"11977",-2040.317049495,"CAFI_P041",25
"11978",-7996.80113949499,"CAFI_P041",50
"11979",-1157.95804949498,"CAFI_P041",100
"11980",7397.94318050501,"CAFI_P041",25
"11981",11446.046510505,"CAFI_P041",50
"11982",-8503.04224949499,"CAFI_P041",100
"11983",-11373.029159495,"CAFI_P041",25
"11984",3121.64305050502,"CAFI_P041",50
"11985",-17837.393489495,"CAFI_P041",100
"11986",-4902.80009949498,"CAFI_P041",25
"11987",3062.25877050502,"CAFI_P041",50
"11988",16061.890900505,"CAFI_P041",100
"11989",-7084.15909949498,"CAFI_P041",25
"11990",-2653.08582949499,"CAFI_P041",50
"11991",24779.464780505,"CAFI_P041",100
"11992",2368.700330505,"CAFI_P041",25
"11993",21105.132980505,"CAFI_P041",50
"11994",2535.83571050502,"CAFI_P041",100
"11995",-7988.667759495,"CAFI_P041",25
"11996",-18359.552909495,"CAFI_P041",50
"11997",-24434.739829495,"CAFI_P041",100
"11998",862.877140505007,"CAFI_P041",25
"11999",-9354.53787949498,"CAFI_P041",50
"12000",-11667.881419495,"CAFI_P041",100
"12001",8839.32553189603,"CAFI_P042",25
"12002",27556.868621896,"CAFI_P042",50
"12003",40973.569441896,"CAFI_P042",100
"12004",15786.029511896,"CAFI_P042",25
"12005",-6579.58411810396,"CAFI_P042",50
"12006",60007.515861896,"CAFI_P042",100
"12007",3599.63660189603,"CAFI_P042",25
"12008",17099.862841896,"CAFI_P042",50
"12009",56640.565371896,"CAFI_P042",100
"12010",6511.36655189603,"CAFI_P042",25
"12011",-3027.19457810395,"CAFI_P042",50
"12012",42257.145771896,"CAFI_P042",100
"12013",7549.62052189599,"CAFI_P042",25
"12014",1454.56361189601,"CAFI_P042",50
"12015",37713.314271896,"CAFI_P042",100
"12016",16799.952371896,"CAFI_P042",25
"12017",5790.30578189599,"CAFI_P042",50
"12018",16071.455441896,"CAFI_P042",100
"12019",14687.645611896,"CAFI_P042",25
"12020",36364.117701896,"CAFI_P042",50
"12021",39552.358381896,"CAFI_P042",100
"12022",-6189.338328104,"CAFI_P042",25
"12023",12786.173751896,"CAFI_P042",50
"12024",80861.670511896,"CAFI_P042",100
"12025",4809.74874189601,"CAFI_P042",25
"12026",10172.000451896,"CAFI_P042",50
"12027",23552.703991896,"CAFI_P042",100
"12028",-8432.85534810397,"CAFI_P042",25
"12029",-4827.943598104,"CAFI_P042",50
"12030",34516.112701896,"CAFI_P042",100
"12031",-2018.93757810397,"CAFI_P042",25
"12032",21848.789111896,"CAFI_P042",50
"12033",21358.225101896,"CAFI_P042",100
"12034",11864.532921896,"CAFI_P042",25
"12035",38798.147081896,"CAFI_P042",50
"12036",33000.894031896,"CAFI_P042",100
"12037",808.592301896017,"CAFI_P042",25
"12038",34457.995591896,"CAFI_P042",50
"12039",8567.02001189603,"CAFI_P042",100
"12040",17202.675831896,"CAFI_P042",25
"12041",5545.58101189602,"CAFI_P042",50
"12042",55733.282791896,"CAFI_P042",100
"12043",24005.452171896,"CAFI_P042",25
"12044",6424.55582189601,"CAFI_P042",50
"12045",10969.701391896,"CAFI_P042",100
"12046",-4794.82411810401,"CAFI_P042",25
"12047",17151.804051896,"CAFI_P042",50
"12048",64290.068161896,"CAFI_P042",100
"12049",25428.621731896,"CAFI_P042",25
"12050",39976.321081896,"CAFI_P042",50
"12051",3366.82362189604,"CAFI_P042",100
"12052",4586.26001189603,"CAFI_P042",25
"12053",-15527.611048104,"CAFI_P042",50
"12054",20762.338851896,"CAFI_P042",100
"12055",22420.032811896,"CAFI_P042",25
"12056",20315.995691896,"CAFI_P042",50
"12057",14409.853061896,"CAFI_P042",100
"12058",12835.287451896,"CAFI_P042",25
"12059",19268.675861896,"CAFI_P042",50
"12060",16867.615921896,"CAFI_P042",100
"12061",-15281.538508104,"CAFI_P042",25
"12062",44280.196161896,"CAFI_P042",50
"12063",33875.807601896,"CAFI_P042",100
"12064",13483.293151896,"CAFI_P042",25
"12065",11404.205421896,"CAFI_P042",50
"12066",1282.35654189601,"CAFI_P042",100
"12067",3264.26531189604,"CAFI_P042",25
"12068",13051.069671896,"CAFI_P042",50
"12069",42343.522561896,"CAFI_P042",100
"12070",11996.512591896,"CAFI_P042",25
"12071",28756.102861896,"CAFI_P042",50
"12072",18854.724121896,"CAFI_P042",100
"12073",5045.71363189601,"CAFI_P042",25
"12074",27878.051591896,"CAFI_P042",50
"12075",19805.732851896,"CAFI_P042",100
"12076",5444.015481896,"CAFI_P042",25
"12077",5503.27387189603,"CAFI_P042",50
"12078",44818.122831896,"CAFI_P042",100
"12079",9945.17473189603,"CAFI_P042",25
"12080",13618.244201896,"CAFI_P042",50
"12081",21852.772751896,"CAFI_P042",100
"12082",11153.887271896,"CAFI_P042",25
"12083",18252.099331896,"CAFI_P042",50
"12084",25380.095621896,"CAFI_P042",100
"12085",42011.594181896,"CAFI_P042",25
"12086",39476.461591896,"CAFI_P042",50
"12087",40723.780071896,"CAFI_P042",100
"12088",9263.45857189602,"CAFI_P042",25
"12089",5066.35799189605,"CAFI_P042",50
"12090",47569.924411896,"CAFI_P042",100
"12091",2056.455221896,"CAFI_P042",25
"12092",12167.031971896,"CAFI_P042",50
"12093",58478.163751896,"CAFI_P042",100
"12094",5701.64049189602,"CAFI_P042",25
"12095",11122.426211896,"CAFI_P042",50
"12096",38940.323311896,"CAFI_P042",100
"12097",-3921.02122810396,"CAFI_P042",25
"12098",20771.850021896,"CAFI_P042",50
"12099",15837.631351896,"CAFI_P042",100
"12100",295.13121189602,"CAFI_P042",25
"12101",12815.979791896,"CAFI_P042",50
"12102",42159.590321896,"CAFI_P042",100
"12103",11434.076261896,"CAFI_P042",25
"12104",3760.96614189603,"CAFI_P042",50
"12105",17454.808101896,"CAFI_P042",100
"12106",-1972.63768810401,"CAFI_P042",25
"12107",12978.234641896,"CAFI_P042",50
"12108",44508.777571896,"CAFI_P042",100
"12109",3280.21439189604,"CAFI_P042",25
"12110",18983.606231896,"CAFI_P042",50
"12111",49858.922581896,"CAFI_P042",100
"12112",13200.769621896,"CAFI_P042",25
"12113",26764.045131896,"CAFI_P042",50
"12114",21168.417041896,"CAFI_P042",100
"12115",15420.510441896,"CAFI_P042",25
"12116",780.758031896024,"CAFI_P042",50
"12117",43110.560511896,"CAFI_P042",100
"12118",10918.324001896,"CAFI_P042",25
"12119",27133.820571896,"CAFI_P042",50
"12120",26405.624441896,"CAFI_P042",100
"12121",13977.929011896,"CAFI_P042",25
"12122",40734.686581896,"CAFI_P042",50
"12123",25935.503591896,"CAFI_P042",100
"12124",-3444.40570810396,"CAFI_P042",25
"12125",-5794.49706810398,"CAFI_P042",50
"12126",52746.073781896,"CAFI_P042",100
"12127",-1378.70728810399,"CAFI_P042",25
"12128",13758.404551896,"CAFI_P042",50
"12129",44587.333291896,"CAFI_P042",100
"12130",6143.85372189601,"CAFI_P042",25
"12131",7305.55657189601,"CAFI_P042",50
"12132",24021.476471896,"CAFI_P042",100
"12133",26150.328821896,"CAFI_P042",25
"12134",-656.243268103979,"CAFI_P042",50
"12135",32031.848451896,"CAFI_P042",100
"12136",15585.734291896,"CAFI_P042",25
"12137",-3064.67777810397,"CAFI_P042",50
"12138",25557.409141896,"CAFI_P042",100
"12139",14455.034721896,"CAFI_P042",25
"12140",15679.589841896,"CAFI_P042",50
"12141",44923.279521896,"CAFI_P042",100
"12142",-2809.22196810396,"CAFI_P042",25
"12143",16170.661861896,"CAFI_P042",50
"12144",3262.889151896,"CAFI_P042",100
"12145",5069.76131189603,"CAFI_P042",25
"12146",-1691.38048810395,"CAFI_P042",50
"12147",32933.120841896,"CAFI_P042",100
"12148",12191.372731896,"CAFI_P042",25
"12149",18107.193141896,"CAFI_P042",50
"12150",28268.561931896,"CAFI_P042",100
"12151",10247.602121896,"CAFI_P042",25
"12152",-4162.48713810398,"CAFI_P042",50
"12153",69333.885811896,"CAFI_P042",100
"12154",25893.907191896,"CAFI_P042",25
"12155",5131.39372189599,"CAFI_P042",50
"12156",61943.300751896,"CAFI_P042",100
"12157",6153.09351189603,"CAFI_P042",25
"12158",18957.388841896,"CAFI_P042",50
"12159",92386.978481896,"CAFI_P042",100
"12160",16807.807171896,"CAFI_P042",25
"12161",-9050.60715810396,"CAFI_P042",50
"12162",36341.735521896,"CAFI_P042",100
"12163",-3020.15493810398,"CAFI_P042",25
"12164",16130.827061896,"CAFI_P042",50
"12165",14920.010121896,"CAFI_P042",100
"12166",14087.635821896,"CAFI_P042",25
"12167",22394.767541896,"CAFI_P042",50
"12168",30785.000961896,"CAFI_P042",100
"12169",-5211.25327810401,"CAFI_P042",25
"12170",3598.30381189601,"CAFI_P042",50
"12171",19690.496371896,"CAFI_P042",100
"12172",13794.354301896,"CAFI_P042",25
"12173",24857.143281896,"CAFI_P042",50
"12174",38120.692531896,"CAFI_P042",100
"12175",18452.396611896,"CAFI_P042",25
"12176",12701.704731896,"CAFI_P042",50
"12177",75287.603411896,"CAFI_P042",100
"12178",32709.081391896,"CAFI_P042",25
"12179",15739.519611896,"CAFI_P042",50
"12180",16141.527901896,"CAFI_P042",100
"12181",5438.61179189599,"CAFI_P042",25
"12182",-20094.710948104,"CAFI_P042",50
"12183",18170.484691896,"CAFI_P042",100
"12184",3953.29232189601,"CAFI_P042",25
"12185",4906.30337189604,"CAFI_P042",50
"12186",17731.062661896,"CAFI_P042",100
"12187",21848.404351896,"CAFI_P042",25
"12188",21027.238071896,"CAFI_P042",50
"12189",31165.467121896,"CAFI_P042",100
"12190",15704.963691896,"CAFI_P042",25
"12191",36448.204881896,"CAFI_P042",50
"12192",20496.800241896,"CAFI_P042",100
"12193",243.441671896027,"CAFI_P042",25
"12194",43711.318201896,"CAFI_P042",50
"12195",33381.150731896,"CAFI_P042",100
"12196",15316.989791896,"CAFI_P042",25
"12197",19049.534121896,"CAFI_P042",50
"12198",20999.040411896,"CAFI_P042",100
"12199",3159.493381896,"CAFI_P042",25
"12200",3383.37353189604,"CAFI_P042",50
"12201",17629.818491896,"CAFI_P042",100
"12202",-12624.589638104,"CAFI_P042",25
"12203",-2044.77659810398,"CAFI_P042",50
"12204",12680.046161896,"CAFI_P042",100
"12205",11052.723701896,"CAFI_P042",25
"12206",26064.524981896,"CAFI_P042",50
"12207",16041.174041896,"CAFI_P042",100
"12208",7733.27900189604,"CAFI_P042",25
"12209",8197.38011189603,"CAFI_P042",50
"12210",63000.545481896,"CAFI_P042",100
"12211",3327.64119189599,"CAFI_P042",25
"12212",33896.876101896,"CAFI_P042",50
"12213",34037.784181896,"CAFI_P042",100
"12214",42923.765601896,"CAFI_P042",25
"12215",8073.87359189603,"CAFI_P042",50
"12216",22105.260561896,"CAFI_P042",100
"12217",14481.359111896,"CAFI_P042",25
"12218",18911.335241896,"CAFI_P042",50
"12219",36678.036121896,"CAFI_P042",100
"12220",11015.319781896,"CAFI_P042",25
"12221",9623.93959189602,"CAFI_P042",50
"12222",8120.744551896,"CAFI_P042",100
"12223",4054.33809189603,"CAFI_P042",25
"12224",16643.882741896,"CAFI_P042",50
"12225",1036.26378189604,"CAFI_P042",100
"12226",3633.79150189599,"CAFI_P042",25
"12227",8029.14799189602,"CAFI_P042",50
"12228",17690.079031896,"CAFI_P042",100
"12229",16769.722841896,"CAFI_P042",25
"12230",14931.398541896,"CAFI_P042",50
"12231",54359.576591896,"CAFI_P042",100
"12232",1381.25786189601,"CAFI_P042",25
"12233",12165.378291896,"CAFI_P042",50
"12234",44306.032711896,"CAFI_P042",100
"12235",8955.754481896,"CAFI_P042",25
"12236",27960.158841896,"CAFI_P042",50
"12237",33319.694041896,"CAFI_P042",100
"12238",11965.839131896,"CAFI_P042",25
"12239",27234.599651896,"CAFI_P042",50
"12240",31580.428201896,"CAFI_P042",100
"12241",10284.646931896,"CAFI_P042",25
"12242",7157.155051896,"CAFI_P042",50
"12243",14771.307891896,"CAFI_P042",100
"12244",9992.04232189601,"CAFI_P042",25
"12245",1348.191361896,"CAFI_P042",50
"12246",15656.414891896,"CAFI_P042",100
"12247",5484.46963189601,"CAFI_P042",25
"12248",14472.737581896,"CAFI_P042",50
"12249",44790.348281896,"CAFI_P042",100
"12250",8567.399371896,"CAFI_P042",25
"12251",8431.16321189603,"CAFI_P042",50
"12252",50832.420861896,"CAFI_P042",100
"12253",1999.00559189601,"CAFI_P042",25
"12254",47795.214071896,"CAFI_P042",50
"12255",62281.394221896,"CAFI_P042",100
"12256",21545.850581896,"CAFI_P042",25
"12257",7957.25550189603,"CAFI_P042",50
"12258",21735.837101896,"CAFI_P042",100
"12259",-1683.74409810395,"CAFI_P042",25
"12260",10623.746971896,"CAFI_P042",50
"12261",26442.677131896,"CAFI_P042",100
"12262",2368.28769189602,"CAFI_P042",25
"12263",1206.59572189604,"CAFI_P042",50
"12264",47051.639571896,"CAFI_P042",100
"12265",11536.922091896,"CAFI_P042",25
"12266",21370.403571896,"CAFI_P042",50
"12267",7454.102481896,"CAFI_P042",100
"12268",6840.71042189602,"CAFI_P042",25
"12269",15572.078091896,"CAFI_P042",50
"12270",30828.006081896,"CAFI_P042",100
"12271",-3246.64243810397,"CAFI_P042",25
"12272",4713.30538189603,"CAFI_P042",50
"12273",42281.139381896,"CAFI_P042",100
"12274",4487.341221896,"CAFI_P042",25
"12275",16519.397711896,"CAFI_P042",50
"12276",65575.748091896,"CAFI_P042",100
"12277",9729.35744189599,"CAFI_P042",25
"12278",7397.90016189602,"CAFI_P042",50
"12279",44147.939851896,"CAFI_P042",100
"12280",-5402.533678104,"CAFI_P042",25
"12281",10737.445601896,"CAFI_P042",50
"12282",26118.797121896,"CAFI_P042",100
"12283",28439.780681896,"CAFI_P042",25
"12284",-6002.43373810395,"CAFI_P042",50
"12285",50371.161881896,"CAFI_P042",100
"12286",4665.86644189601,"CAFI_P042",25
"12287",28295.970821896,"CAFI_P042",50
"12288",24049.077821896,"CAFI_P042",100
"12289",7936.88770189602,"CAFI_P042",25
"12290",2389.50706189603,"CAFI_P042",50
"12291",56457.362311896,"CAFI_P042",100
"12292",-243.822718103998,"CAFI_P042",25
"12293",31516.385621896,"CAFI_P042",50
"12294",28668.109991896,"CAFI_P042",100
"12295",24950.591071896,"CAFI_P042",25
"12296",3307.49008189602,"CAFI_P042",50
"12297",39135.033361896,"CAFI_P042",100
"12298",5335.61289189605,"CAFI_P042",25
"12299",-2730.70252810395,"CAFI_P042",50
"12300",44323.526881896,"CAFI_P042",100
"12301",11102.226195397,"CAFI_P043",25
"12302",-4674.138794603,"CAFI_P043",50
"12303",24975.686995397,"CAFI_P043",100
"12304",23756.391285397,"CAFI_P043",25
"12305",20186.437995397,"CAFI_P043",50
"12306",28057.086185397,"CAFI_P043",100
"12307",1512.19998539702,"CAFI_P043",25
"12308",6985.16331539702,"CAFI_P043",50
"12309",66640.828675397,"CAFI_P043",100
"12310",7029.22900539701,"CAFI_P043",25
"12311",3222.36390539701,"CAFI_P043",50
"12312",44504.744695397,"CAFI_P043",100
"12313",6848.34028539702,"CAFI_P043",25
"12314",8510.440285397,"CAFI_P043",50
"12315",51957.117325397,"CAFI_P043",100
"12316",7419.66105539701,"CAFI_P043",25
"12317",23370.935665397,"CAFI_P043",50
"12318",22709.147115397,"CAFI_P043",100
"12319",6227.86513539701,"CAFI_P043",25
"12320",46939.697535397,"CAFI_P043",50
"12321",24265.742455397,"CAFI_P043",100
"12322",1417.85131539701,"CAFI_P043",25
"12323",5454.85162539702,"CAFI_P043",50
"12324",31685.658075397,"CAFI_P043",100
"12325",4018.89622539701,"CAFI_P043",25
"12326",22127.771035397,"CAFI_P043",50
"12327",14510.166865397,"CAFI_P043",100
"12328",8714.93181539699,"CAFI_P043",25
"12329",8955.76426539701,"CAFI_P043",50
"12330",75722.600585397,"CAFI_P043",100
"12331",7741.40046539702,"CAFI_P043",25
"12332",16737.432345397,"CAFI_P043",50
"12333",31139.925445397,"CAFI_P043",100
"12334",23761.653205397,"CAFI_P043",25
"12335",17943.891015397,"CAFI_P043",50
"12336",19673.016945397,"CAFI_P043",100
"12337",4577.838895397,"CAFI_P043",25
"12338",5305.93562539702,"CAFI_P043",50
"12339",69930.203125397,"CAFI_P043",100
"12340",-1073.706824603,"CAFI_P043",25
"12341",4855.81553539701,"CAFI_P043",50
"12342",25100.298895397,"CAFI_P043",100
"12343",-3561.46433460299,"CAFI_P043",25
"12344",18014.169785397,"CAFI_P043",50
"12345",9311.031505397,"CAFI_P043",100
"12346",3118.931995397,"CAFI_P043",25
"12347",14530.936715397,"CAFI_P043",50
"12348",23325.250305397,"CAFI_P043",100
"12349",-3533.80207460298,"CAFI_P043",25
"12350",40370.056555397,"CAFI_P043",50
"12351",15080.003955397,"CAFI_P043",100
"12352",21316.124825397,"CAFI_P043",25
"12353",5700.15487539701,"CAFI_P043",50
"12354",47277.854945397,"CAFI_P043",100
"12355",9270.518285397,"CAFI_P043",25
"12356",-2324.710264603,"CAFI_P043",50
"12357",14144.658495397,"CAFI_P043",100
"12358",11091.538055397,"CAFI_P043",25
"12359",2255.44717539701,"CAFI_P043",50
"12360",20478.385255397,"CAFI_P043",100
"12361",-735.964404603001,"CAFI_P043",25
"12362",-1646.72669460298,"CAFI_P043",50
"12363",23471.252245397,"CAFI_P043",100
"12364",-6970.40862460301,"CAFI_P043",25
"12365",2917.13970539701,"CAFI_P043",50
"12366",27148.631685397,"CAFI_P043",100
"12367",1658.19522539701,"CAFI_P043",25
"12368",4458.62865539701,"CAFI_P043",50
"12369",46368.042025397,"CAFI_P043",100
"12370",-3263.16804460299,"CAFI_P043",25
"12371",4984.33082539702,"CAFI_P043",50
"12372",44203.205095397,"CAFI_P043",100
"12373",6507.862275397,"CAFI_P043",25
"12374",33503.295185397,"CAFI_P043",50
"12375",50734.975705397,"CAFI_P043",100
"12376",3899.87237539701,"CAFI_P043",25
"12377",15866.540565397,"CAFI_P043",50
"12378",3750.64872539701,"CAFI_P043",100
"12379",2474.34891539701,"CAFI_P043",25
"12380",37346.828135397,"CAFI_P043",50
"12381",9432.82689539701,"CAFI_P043",100
"12382",20701.981325397,"CAFI_P043",25
"12383",15757.840755397,"CAFI_P043",50
"12384",20759.220745397,"CAFI_P043",100
"12385",1438.14491539702,"CAFI_P043",25
"12386",27176.046605397,"CAFI_P043",50
"12387",21520.917275397,"CAFI_P043",100
"12388",3559.07431539701,"CAFI_P043",25
"12389",10412.871065397,"CAFI_P043",50
"12390",21236.393235397,"CAFI_P043",100
"12391",-7841.678854603,"CAFI_P043",25
"12392",-598.447104602994,"CAFI_P043",50
"12393",29567.023675397,"CAFI_P043",100
"12394",-3892.47315460298,"CAFI_P043",25
"12395",23556.895125397,"CAFI_P043",50
"12396",23287.538835397,"CAFI_P043",100
"12397",2727.60271539699,"CAFI_P043",25
"12398",19370.570545397,"CAFI_P043",50
"12399",34569.367315397,"CAFI_P043",100
"12400",7680.87253539701,"CAFI_P043",25
"12401",36563.669095397,"CAFI_P043",50
"12402",39061.017135397,"CAFI_P043",100
"12403",11691.638775397,"CAFI_P043",25
"12404",2991.78041539699,"CAFI_P043",50
"12405",26464.807635397,"CAFI_P043",100
"12406",4694.567785397,"CAFI_P043",25
"12407",21027.464645397,"CAFI_P043",50
"12408",12984.981785397,"CAFI_P043",100
"12409",-2422.07661460299,"CAFI_P043",25
"12410",13217.263155397,"CAFI_P043",50
"12411",23563.160585397,"CAFI_P043",100
"12412",17511.578035397,"CAFI_P043",25
"12413",11106.201125397,"CAFI_P043",50
"12414",49196.925605397,"CAFI_P043",100
"12415",18086.784335397,"CAFI_P043",25
"12416",22636.251985397,"CAFI_P043",50
"12417",17937.475595397,"CAFI_P043",100
"12418",-10882.414434603,"CAFI_P043",25
"12419",9911.438665397,"CAFI_P043",50
"12420",21996.397465397,"CAFI_P043",100
"12421",3917.55234539701,"CAFI_P043",25
"12422",8369.80093539701,"CAFI_P043",50
"12423",49737.910805397,"CAFI_P043",100
"12424",5762.107085397,"CAFI_P043",25
"12425",1326.27549539701,"CAFI_P043",50
"12426",24180.973625397,"CAFI_P043",100
"12427",16943.633195397,"CAFI_P043",25
"12428",6613.895265397,"CAFI_P043",50
"12429",37490.163355397,"CAFI_P043",100
"12430",-12501.887234603,"CAFI_P043",25
"12431",15034.522885397,"CAFI_P043",50
"12432",45342.676755397,"CAFI_P043",100
"12433",1960.64139539702,"CAFI_P043",25
"12434",16002.237555397,"CAFI_P043",50
"12435",33149.833325397,"CAFI_P043",100
"12436",-793.984874602989,"CAFI_P043",25
"12437",18487.868295397,"CAFI_P043",50
"12438",31382.458195397,"CAFI_P043",100
"12439",2431.371185397,"CAFI_P043",25
"12440",21775.488465397,"CAFI_P043",50
"12441",14294.676855397,"CAFI_P043",100
"12442",8997.521055397,"CAFI_P043",25
"12443",6106.911715397,"CAFI_P043",50
"12444",33472.396815397,"CAFI_P043",100
"12445",-692.792064602982,"CAFI_P043",25
"12446",12406.797395397,"CAFI_P043",50
"12447",53045.749685397,"CAFI_P043",100
"12448",2404.95244539701,"CAFI_P043",25
"12449",33294.331745397,"CAFI_P043",50
"12450",50620.661015397,"CAFI_P043",100
"12451",-5215.670564603,"CAFI_P043",25
"12452",17606.961595397,"CAFI_P043",50
"12453",23047.658365397,"CAFI_P043",100
"12454",-5283.10164460298,"CAFI_P043",25
"12455",45361.164515397,"CAFI_P043",50
"12456",28272.164265397,"CAFI_P043",100
"12457",7568.75526539702,"CAFI_P043",25
"12458",5457.102625397,"CAFI_P043",50
"12459",35153.073205397,"CAFI_P043",100
"12460",6838.542685397,"CAFI_P043",25
"12461",-7181.325144603,"CAFI_P043",50
"12462",7213.01235539702,"CAFI_P043",100
"12463",10483.946975397,"CAFI_P043",25
"12464",14866.678515397,"CAFI_P043",50
"12465",24720.727415397,"CAFI_P043",100
"12466",14844.974865397,"CAFI_P043",25
"12467",-10561.922004603,"CAFI_P043",50
"12468",24240.024285397,"CAFI_P043",100
"12469",5020.750145397,"CAFI_P043",25
"12470",12129.074205397,"CAFI_P043",50
"12471",16746.029505397,"CAFI_P043",100
"12472",6961.40364539702,"CAFI_P043",25
"12473",5368.13118539701,"CAFI_P043",50
"12474",14698.718285397,"CAFI_P043",100
"12475",10313.277905397,"CAFI_P043",25
"12476",23614.165465397,"CAFI_P043",50
"12477",16049.011455397,"CAFI_P043",100
"12478",7621.49786539702,"CAFI_P043",25
"12479",10039.642085397,"CAFI_P043",50
"12480",21489.893445397,"CAFI_P043",100
"12481",13467.821775397,"CAFI_P043",25
"12482",13134.090245397,"CAFI_P043",50
"12483",35072.464195397,"CAFI_P043",100
"12484",13222.084965397,"CAFI_P043",25
"12485",14738.111005397,"CAFI_P043",50
"12486",26400.490505397,"CAFI_P043",100
"12487",1220.926315397,"CAFI_P043",25
"12488",18700.240415397,"CAFI_P043",50
"12489",40351.255885397,"CAFI_P043",100
"12490",27599.914945397,"CAFI_P043",25
"12491",9689.236465397,"CAFI_P043",50
"12492",22178.701935397,"CAFI_P043",100
"12493",1346.42499539701,"CAFI_P043",25
"12494",-3861.03444460299,"CAFI_P043",50
"12495",13662.342775397,"CAFI_P043",100
"12496",8613.727315397,"CAFI_P043",25
"12497",21416.310085397,"CAFI_P043",50
"12498",2179.76305539699,"CAFI_P043",100
"12499",-2500.39894460299,"CAFI_P043",25
"12500",22764.432245397,"CAFI_P043",50
"12501",31048.620065397,"CAFI_P043",100
"12502",12937.265245397,"CAFI_P043",25
"12503",37870.884145397,"CAFI_P043",50
"12504",19449.472055397,"CAFI_P043",100
"12505",74.1946653969935,"CAFI_P043",25
"12506",16249.803725397,"CAFI_P043",50
"12507",28191.353855397,"CAFI_P043",100
"12508",2021.628955397,"CAFI_P043",25
"12509",34080.262655397,"CAFI_P043",50
"12510",25105.431555397,"CAFI_P043",100
"12511",16572.010905397,"CAFI_P043",25
"12512",16767.927835397,"CAFI_P043",50
"12513",21267.009345397,"CAFI_P043",100
"12514",3448.071115397,"CAFI_P043",25
"12515",6533.63605539702,"CAFI_P043",50
"12516",14745.069535397,"CAFI_P043",100
"12517",5260.601535397,"CAFI_P043",25
"12518",14285.315965397,"CAFI_P043",50
"12519",32007.256625397,"CAFI_P043",100
"12520",15397.474685397,"CAFI_P043",25
"12521",44345.157975397,"CAFI_P043",50
"12522",52191.608635397,"CAFI_P043",100
"12523",6516.488735397,"CAFI_P043",25
"12524",5367.28052539701,"CAFI_P043",50
"12525",52688.317385397,"CAFI_P043",100
"12526",3669.797765397,"CAFI_P043",25
"12527",1367.05134539702,"CAFI_P043",50
"12528",26558.528655397,"CAFI_P043",100
"12529",10799.538905397,"CAFI_P043",25
"12530",1229.92929539701,"CAFI_P043",50
"12531",16983.480785397,"CAFI_P043",100
"12532",6435.11548539699,"CAFI_P043",25
"12533",-4921.94604460298,"CAFI_P043",50
"12534",33714.011185397,"CAFI_P043",100
"12535",7551.91545539701,"CAFI_P043",25
"12536",13370.357095397,"CAFI_P043",50
"12537",34368.651645397,"CAFI_P043",100
"12538",16129.282055397,"CAFI_P043",25
"12539",39075.492855397,"CAFI_P043",50
"12540",24529.910965397,"CAFI_P043",100
"12541",-281.850254602992,"CAFI_P043",25
"12542",16925.109435397,"CAFI_P043",50
"12543",11755.367795397,"CAFI_P043",100
"12544",17603.620715397,"CAFI_P043",25
"12545",14170.423335397,"CAFI_P043",50
"12546",31705.349145397,"CAFI_P043",100
"12547",11845.056425397,"CAFI_P043",25
"12548",-5063.073584603,"CAFI_P043",50
"12549",26452.407905397,"CAFI_P043",100
"12550",11401.011645397,"CAFI_P043",25
"12551",11737.791665397,"CAFI_P043",50
"12552",9140.61027539702,"CAFI_P043",100
"12553",5351.91308539701,"CAFI_P043",25
"12554",5633.45340539701,"CAFI_P043",50
"12555",46055.763425397,"CAFI_P043",100
"12556",2838.889665397,"CAFI_P043",25
"12557",6286.85788539701,"CAFI_P043",50
"12558",7320.39400539701,"CAFI_P043",100
"12559",6856.315305397,"CAFI_P043",25
"12560",11807.333355397,"CAFI_P043",50
"12561",11631.865495397,"CAFI_P043",100
"12562",10076.058235397,"CAFI_P043",25
"12563",14196.522425397,"CAFI_P043",50
"12564",30346.260065397,"CAFI_P043",100
"12565",5074.084905397,"CAFI_P043",25
"12566",5909.84425539701,"CAFI_P043",50
"12567",35513.264435397,"CAFI_P043",100
"12568",4621.85475539701,"CAFI_P043",25
"12569",13012.191965397,"CAFI_P043",50
"12570",32317.820615397,"CAFI_P043",100
"12571",-1288.89925460299,"CAFI_P043",25
"12572",28881.675675397,"CAFI_P043",50
"12573",13032.526855397,"CAFI_P043",100
"12574",13993.298105397,"CAFI_P043",25
"12575",3596.480605397,"CAFI_P043",50
"12576",45029.988105397,"CAFI_P043",100
"12577",-910.525394602999,"CAFI_P043",25
"12578",15402.684015397,"CAFI_P043",50
"12579",40567.200245397,"CAFI_P043",100
"12580",-561.172514603008,"CAFI_P043",25
"12581",6565.770605397,"CAFI_P043",50
"12582",29990.010665397,"CAFI_P043",100
"12583",-639.261454602994,"CAFI_P043",25
"12584",11038.035005397,"CAFI_P043",50
"12585",58286.523895397,"CAFI_P043",100
"12586",17645.735575397,"CAFI_P043",25
"12587",14108.532695397,"CAFI_P043",50
"12588",9272.32064539701,"CAFI_P043",100
"12589",12297.900235397,"CAFI_P043",25
"12590",25809.145665397,"CAFI_P043",50
"12591",49822.545485397,"CAFI_P043",100
"12592",9937.392665397,"CAFI_P043",25
"12593",10941.268465397,"CAFI_P043",50
"12594",28236.289685397,"CAFI_P043",100
"12595",6837.047115397,"CAFI_P043",25
"12596",23694.166305397,"CAFI_P043",50
"12597",64350.239565397,"CAFI_P043",100
"12598",238.35821539702,"CAFI_P043",25
"12599",3864.674515397,"CAFI_P043",50
"12600",47398.379425397,"CAFI_P043",100
"12601",-18480.661940953,"CAFI_P044",25
"12602",-31384.864970953,"CAFI_P044",50
"12603",-80594.718680953,"CAFI_P044",100
"12604",-46702.525180953,"CAFI_P044",25
"12605",-18841.463730953,"CAFI_P044",50
"12606",-99142.458980953,"CAFI_P044",100
"12607",-13379.6610709529,"CAFI_P044",25
"12608",-60525.807420953,"CAFI_P044",50
"12609",-70070.891860953,"CAFI_P044",100
"12610",-15310.137930953,"CAFI_P044",25
"12611",-38523.122230953,"CAFI_P044",50
"12612",-92979.925660953,"CAFI_P044",100
"12613",-16954.463980953,"CAFI_P044",25
"12614",-65927.311570953,"CAFI_P044",50
"12615",-71753.372910953,"CAFI_P044",100
"12616",-45121.676950953,"CAFI_P044",25
"12617",-39605.295230953,"CAFI_P044",50
"12618",-93092.195620953,"CAFI_P044",100
"12619",-28556.500780953,"CAFI_P044",25
"12620",-34848.683000953,"CAFI_P044",50
"12621",-112279.955930953,"CAFI_P044",100
"12622",-28733.028960953,"CAFI_P044",25
"12623",-52588.144940953,"CAFI_P044",50
"12624",-86950.383100953,"CAFI_P044",100
"12625",-20875.442540953,"CAFI_P044",25
"12626",-51269.252490953,"CAFI_P044",50
"12627",-102463.071310953,"CAFI_P044",100
"12628",-26102.333770953,"CAFI_P044",25
"12629",-52195.355200953,"CAFI_P044",50
"12630",-80488.243660953,"CAFI_P044",100
"12631",-16757.982580953,"CAFI_P044",25
"12632",-56730.639780953,"CAFI_P044",50
"12633",-84067.061870953,"CAFI_P044",100
"12634",-22071.1826509529,"CAFI_P044",25
"12635",-35976.686820953,"CAFI_P044",50
"12636",-82555.803210953,"CAFI_P044",100
"12637",-10568.174940953,"CAFI_P044",25
"12638",-38863.747890953,"CAFI_P044",50
"12639",-75265.975360953,"CAFI_P044",100
"12640",-22311.729720953,"CAFI_P044",25
"12641",-68402.619060953,"CAFI_P044",50
"12642",-72107.329390953,"CAFI_P044",100
"12643",-13589.510730953,"CAFI_P044",25
"12644",-38792.7825009529,"CAFI_P044",50
"12645",-92596.778000953,"CAFI_P044",100
"12646",-7695.44930095295,"CAFI_P044",25
"12647",-54677.0143609529,"CAFI_P044",50
"12648",-83276.2929509529,"CAFI_P044",100
"12649",-31240.046420953,"CAFI_P044",25
"12650",-69787.924540953,"CAFI_P044",50
"12651",-104538.575600953,"CAFI_P044",100
"12652",-13827.447230953,"CAFI_P044",25
"12653",-49432.273810953,"CAFI_P044",50
"12654",-90148.012560953,"CAFI_P044",100
"12655",-27430.076850953,"CAFI_P044",25
"12656",-57636.831380953,"CAFI_P044",50
"12657",-91950.685260953,"CAFI_P044",100
"12658",-43948.203130953,"CAFI_P044",25
"12659",-45603.114670953,"CAFI_P044",50
"12660",-99759.379470953,"CAFI_P044",100
"12661",-24058.234500953,"CAFI_P044",25
"12662",-39528.576650953,"CAFI_P044",50
"12663",-101372.167890953,"CAFI_P044",100
"12664",-24146.763650953,"CAFI_P044",25
"12665",-38677.892480953,"CAFI_P044",50
"12666",-84558.289180953,"CAFI_P044",100
"12667",-1804.77308095299,"CAFI_P044",25
"12668",-26082.425820953,"CAFI_P044",50
"12669",-82981.250880953,"CAFI_P044",100
"12670",-17206.367000953,"CAFI_P044",25
"12671",-30588.388330953,"CAFI_P044",50
"12672",-90718.472530953,"CAFI_P044",100
"12673",-11303.616470953,"CAFI_P044",25
"12674",-35401.121110953,"CAFI_P044",50
"12675",-90203.4550409529,"CAFI_P044",100
"12676",-8605.271170953,"CAFI_P044",25
"12677",-27188.402730953,"CAFI_P044",50
"12678",-96078.473140953,"CAFI_P044",100
"12679",-29168.081130953,"CAFI_P044",25
"12680",-40181.062730953,"CAFI_P044",50
"12681",-93279.596230953,"CAFI_P044",100
"12682",-28171.356530953,"CAFI_P044",25
"12683",-49746.115740953,"CAFI_P044",50
"12684",-96783.042470953,"CAFI_P044",100
"12685",-35078.8996809529,"CAFI_P044",25
"12686",-63468.7058209529,"CAFI_P044",50
"12687",-83696.833860953,"CAFI_P044",100
"12688",-14882.289550953,"CAFI_P044",25
"12689",-65011.302130953,"CAFI_P044",50
"12690",-86385.362230953,"CAFI_P044",100
"12691",-7339.17870095297,"CAFI_P044",25
"12692",-40751.750150953,"CAFI_P044",50
"12693",-92694.825760953,"CAFI_P044",100
"12694",-25319.319360953,"CAFI_P044",25
"12695",-54209.491540953,"CAFI_P044",50
"12696",-89761.150850953,"CAFI_P044",100
"12697",-20154.380930953,"CAFI_P044",25
"12698",-65028.484350953,"CAFI_P044",50
"12699",-99819.774500953,"CAFI_P044",100
"12700",-48323.916770953,"CAFI_P044",25
"12701",-53072.826470953,"CAFI_P044",50
"12702",-82373.566530953,"CAFI_P044",100
"12703",-37354.983830953,"CAFI_P044",25
"12704",-68625.745980953,"CAFI_P044",50
"12705",-84377.312080953,"CAFI_P044",100
"12706",-52822.453910953,"CAFI_P044",25
"12707",-30714.551990953,"CAFI_P044",50
"12708",-94098.300860953,"CAFI_P044",100
"12709",-38575.827570953,"CAFI_P044",25
"12710",-48411.431620953,"CAFI_P044",50
"12711",-106621.089890953,"CAFI_P044",100
"12712",-12530.837790953,"CAFI_P044",25
"12713",-47981.703040953,"CAFI_P044",50
"12714",-87638.341070953,"CAFI_P044",100
"12715",-11012.946350953,"CAFI_P044",25
"12716",-45751.079980953,"CAFI_P044",50
"12717",-100366.082250953,"CAFI_P044",100
"12718",-12137.671220953,"CAFI_P044",25
"12719",-51047.786510953,"CAFI_P044",50
"12720",-91917.256640953,"CAFI_P044",100
"12721",-36826.884800953,"CAFI_P044",25
"12722",-42458.049950953,"CAFI_P044",50
"12723",-82465.562620953,"CAFI_P044",100
"12724",-23375.625770953,"CAFI_P044",25
"12725",-47671.391490953,"CAFI_P044",50
"12726",-84827.305210953,"CAFI_P044",100
"12727",-17044.303050953,"CAFI_P044",25
"12728",-51447.167570953,"CAFI_P044",50
"12729",-78882.289870953,"CAFI_P044",100
"12730",-27647.119730953,"CAFI_P044",25
"12731",-64054.965900953,"CAFI_P044",50
"12732",-107649.462730953,"CAFI_P044",100
"12733",-21571.990550953,"CAFI_P044",25
"12734",-18731.867230953,"CAFI_P044",50
"12735",-83828.062520953,"CAFI_P044",100
"12736",-21354.437410953,"CAFI_P044",25
"12737",-30868.638270953,"CAFI_P044",50
"12738",-54997.731690953,"CAFI_P044",100
"12739",-5552.22533095296,"CAFI_P044",25
"12740",-41664.152480953,"CAFI_P044",50
"12741",-70020.637670953,"CAFI_P044",100
"12742",-28047.517130953,"CAFI_P044",25
"12743",-46997.053230953,"CAFI_P044",50
"12744",-93178.110320953,"CAFI_P044",100
"12745",-44515.947400953,"CAFI_P044",25
"12746",-50326.066470953,"CAFI_P044",50
"12747",-83037.412490953,"CAFI_P044",100
"12748",-15209.644450953,"CAFI_P044",25
"12749",-23081.953830953,"CAFI_P044",50
"12750",-95531.016720953,"CAFI_P044",100
"12751",-9336.31883095298,"CAFI_P044",25
"12752",-48416.037590953,"CAFI_P044",50
"12753",-106252.326590953,"CAFI_P044",100
"12754",-14093.232910953,"CAFI_P044",25
"12755",-46695.495230953,"CAFI_P044",50
"12756",-91376.001850953,"CAFI_P044",100
"12757",-32232.305200953,"CAFI_P044",25
"12758",-69535.782930953,"CAFI_P044",50
"12759",-98729.316190953,"CAFI_P044",100
"12760",-9618.578900953,"CAFI_P044",25
"12761",-53991.331710953,"CAFI_P044",50
"12762",-78103.150810953,"CAFI_P044",100
"12763",-36233.949090953,"CAFI_P044",25
"12764",-60409.809780953,"CAFI_P044",50
"12765",-76880.493680953,"CAFI_P044",100
"12766",-28231.814060953,"CAFI_P044",25
"12767",-29039.813440953,"CAFI_P044",50
"12768",-104867.790770953,"CAFI_P044",100
"12769",-25589.880810953,"CAFI_P044",25
"12770",-58920.386980953,"CAFI_P044",50
"12771",-94421.980770953,"CAFI_P044",100
"12772",-21170.077050953,"CAFI_P044",25
"12773",-42004.350470953,"CAFI_P044",50
"12774",-91200.554830953,"CAFI_P044",100
"12775",-33791.028460953,"CAFI_P044",25
"12776",-6344.83956095297,"CAFI_P044",50
"12777",-104487.094740953,"CAFI_P044",100
"12778",-22664.192610953,"CAFI_P044",25
"12779",-43129.188430953,"CAFI_P044",50
"12780",-91206.902000953,"CAFI_P044",100
"12781",-27911.188480953,"CAFI_P044",25
"12782",-49327.708400953,"CAFI_P044",50
"12783",-69474.349620953,"CAFI_P044",100
"12784",-10085.238060953,"CAFI_P044",25
"12785",-28289.078380953,"CAFI_P044",50
"12786",-79995.041860953,"CAFI_P044",100
"12787",-30214.672730953,"CAFI_P044",25
"12788",-43884.047380953,"CAFI_P044",50
"12789",-100311.886410953,"CAFI_P044",100
"12790",-17501.313850953,"CAFI_P044",25
"12791",-42640.456580953,"CAFI_P044",50
"12792",-107887.818620953,"CAFI_P044",100
"12793",-26794.774210953,"CAFI_P044",25
"12794",-52610.882470953,"CAFI_P044",50
"12795",-102590.190370953,"CAFI_P044",100
"12796",-30083.646830953,"CAFI_P044",25
"12797",-41337.059710953,"CAFI_P044",50
"12798",-89026.990910953,"CAFI_P044",100
"12799",-17966.360930953,"CAFI_P044",25
"12800",-33389.173410953,"CAFI_P044",50
"12801",-83429.5838709529,"CAFI_P044",100
"12802",-31004.280640953,"CAFI_P044",25
"12803",-52065.443870953,"CAFI_P044",50
"12804",-105348.898410953,"CAFI_P044",100
"12805",-9484.69330095296,"CAFI_P044",25
"12806",-39696.583600953,"CAFI_P044",50
"12807",-84118.923150953,"CAFI_P044",100
"12808",-31357.685170953,"CAFI_P044",25
"12809",-59811.886140953,"CAFI_P044",50
"12810",-107015.409290953,"CAFI_P044",100
"12811",-20041.610650953,"CAFI_P044",25
"12812",-26776.081810953,"CAFI_P044",50
"12813",-108238.435010953,"CAFI_P044",100
"12814",780.249399046996,"CAFI_P044",25
"12815",-55634.221430953,"CAFI_P044",50
"12816",-84950.820400953,"CAFI_P044",100
"12817",-41616.290800953,"CAFI_P044",25
"12818",-45935.714670953,"CAFI_P044",50
"12819",-89433.291380953,"CAFI_P044",100
"12820",-12906.271730953,"CAFI_P044",25
"12821",-59978.238240953,"CAFI_P044",50
"12822",-91520.303500953,"CAFI_P044",100
"12823",-33045.955750953,"CAFI_P044",25
"12824",-45276.766540953,"CAFI_P044",50
"12825",-107396.128230953,"CAFI_P044",100
"12826",-23075.061180953,"CAFI_P044",25
"12827",-58892.439880953,"CAFI_P044",50
"12828",-91733.861720953,"CAFI_P044",100
"12829",-11224.879940953,"CAFI_P044",25
"12830",-54403.360640953,"CAFI_P044",50
"12831",-90317.492090953,"CAFI_P044",100
"12832",-24295.868830953,"CAFI_P044",25
"12833",-52511.769270953,"CAFI_P044",50
"12834",-76116.363110953,"CAFI_P044",100
"12835",-23343.258910953,"CAFI_P044",25
"12836",-48164.458520953,"CAFI_P044",50
"12837",-70878.7634209529,"CAFI_P044",100
"12838",-42825.285090953,"CAFI_P044",25
"12839",-59246.242520953,"CAFI_P044",50
"12840",-99415.881240953,"CAFI_P044",100
"12841",-6144.97197095299,"CAFI_P044",25
"12842",-42766.430330953,"CAFI_P044",50
"12843",-90604.178140953,"CAFI_P044",100
"12844",-36071.469480953,"CAFI_P044",25
"12845",-33095.327030953,"CAFI_P044",50
"12846",-87926.417510953,"CAFI_P044",100
"12847",-16998.426110953,"CAFI_P044",25
"12848",-54486.935750953,"CAFI_P044",50
"12849",-86546.058690953,"CAFI_P044",100
"12850",-17385.743000953,"CAFI_P044",25
"12851",-69228.416650953,"CAFI_P044",50
"12852",-85149.658200953,"CAFI_P044",100
"12853",-32479.579050953,"CAFI_P044",25
"12854",-68117.127730953,"CAFI_P044",50
"12855",-102107.925650953,"CAFI_P044",100
"12856",-31865.935490953,"CAFI_P044",25
"12857",-23158.098860953,"CAFI_P044",50
"12858",-109916.479700953,"CAFI_P044",100
"12859",-13798.068760953,"CAFI_P044",25
"12860",-25365.722200953,"CAFI_P044",50
"12861",-100670.229640953,"CAFI_P044",100
"12862",-4117.10787095298,"CAFI_P044",25
"12863",-42424.276040953,"CAFI_P044",50
"12864",-82093.333390953,"CAFI_P044",100
"12865",-23907.140810953,"CAFI_P044",25
"12866",-54664.374770953,"CAFI_P044",50
"12867",-100888.225270953,"CAFI_P044",100
"12868",-32301.432140953,"CAFI_P044",25
"12869",-22576.140670953,"CAFI_P044",50
"12870",-101751.290030953,"CAFI_P044",100
"12871",-27818.760580953,"CAFI_P044",25
"12872",-66880.428740953,"CAFI_P044",50
"12873",-78915.450250953,"CAFI_P044",100
"12874",-22456.3868309529,"CAFI_P044",25
"12875",-28254.501810953,"CAFI_P044",50
"12876",-97501.418930953,"CAFI_P044",100
"12877",-22574.458750953,"CAFI_P044",25
"12878",-37015.371890953,"CAFI_P044",50
"12879",-90040.395000953,"CAFI_P044",100
"12880",-19540.738620953,"CAFI_P044",25
"12881",-65353.890740953,"CAFI_P044",50
"12882",-107770.018660953,"CAFI_P044",100
"12883",-32853.300040953,"CAFI_P044",25
"12884",-22346.391650953,"CAFI_P044",50
"12885",-112138.088510953,"CAFI_P044",100
"12886",-21573.346820953,"CAFI_P044",25
"12887",-53655.355550953,"CAFI_P044",50
"12888",-91601.643390953,"CAFI_P044",100
"12889",-24802.044850953,"CAFI_P044",25
"12890",-47557.816950953,"CAFI_P044",50
"12891",-77967.146790953,"CAFI_P044",100
"12892",-7170.11386095296,"CAFI_P044",25
"12893",-39980.829900953,"CAFI_P044",50
"12894",-91049.244070953,"CAFI_P044",100
"12895",-22945.608320953,"CAFI_P044",25
"12896",-46002.229040953,"CAFI_P044",50
"12897",-97404.263500953,"CAFI_P044",100
"12898",-22187.722690953,"CAFI_P044",25
"12899",-52742.034700953,"CAFI_P044",50
"12900",-102408.844360953,"CAFI_P044",100
"12901",6250.35877614998,"CAFI_P045",25
"12902",-11104.57074385,"CAFI_P045",50
"12903",-898.371333850024,"CAFI_P045",100
"12904",1422.13258614996,"CAFI_P045",25
"12905",-6579.30331385002,"CAFI_P045",50
"12906",-20123.96998385,"CAFI_P045",100
"12907",-1897.87528385001,"CAFI_P045",25
"12908",-12827.23180385,"CAFI_P045",50
"12909",4381.10841614997,"CAFI_P045",100
"12910",6328.47898615,"CAFI_P045",25
"12911",-3483.65296385001,"CAFI_P045",50
"12912",6710.57800614997,"CAFI_P045",100
"12913",6868.09234614996,"CAFI_P045",25
"12914",467.651006150001,"CAFI_P045",50
"12915",1293.55626614997,"CAFI_P045",100
"12916",-1574.20357385004,"CAFI_P045",25
"12917",-8366.65126385004,"CAFI_P045",50
"12918",2335.75819614995,"CAFI_P045",100
"12919",-5034.47234385001,"CAFI_P045",25
"12920",-29841.27060385,"CAFI_P045",50
"12921",-2678.45983385004,"CAFI_P045",100
"12922",-13935.79916385,"CAFI_P045",25
"12923",-17700.32696385,"CAFI_P045",50
"12924",-1137.08202385,"CAFI_P045",100
"12925",432.391036149987,"CAFI_P045",25
"12926",10259.82927615,"CAFI_P045",50
"12927",23991.92025615,"CAFI_P045",100
"12928",7846.70990615,"CAFI_P045",25
"12929",-13405.65092385,"CAFI_P045",50
"12930",-7952.68813385,"CAFI_P045",100
"12931",-11772.85189385,"CAFI_P045",25
"12932",-27867.02873385,"CAFI_P045",50
"12933",-23695.17877385,"CAFI_P045",100
"12934",-19741.81319385,"CAFI_P045",25
"12935",2464.88316614996,"CAFI_P045",50
"12936",-14920.81244385,"CAFI_P045",100
"12937",-2982.65180385002,"CAFI_P045",25
"12938",4469.73854614998,"CAFI_P045",50
"12939",219.798896149965,"CAFI_P045",100
"12940",-10382.24409385,"CAFI_P045",25
"12941",-3422.95814385003,"CAFI_P045",50
"12942",15925.26951615,"CAFI_P045",100
"12943",5323.63219614996,"CAFI_P045",25
"12944",1412.83607614995,"CAFI_P045",50
"12945",9780.14512614999,"CAFI_P045",100
"12946",-5163.39686385001,"CAFI_P045",25
"12947",-9053.33282385004,"CAFI_P045",50
"12948",4225.87173615,"CAFI_P045",100
"12949",27007.90643615,"CAFI_P045",25
"12950",4498.09095614997,"CAFI_P045",50
"12951",-11356.07104385,"CAFI_P045",100
"12952",-16165.79325385,"CAFI_P045",25
"12953",12022.58128615,"CAFI_P045",50
"12954",8099.24772614997,"CAFI_P045",100
"12955",2697.33149615,"CAFI_P045",25
"12956",10432.36382615,"CAFI_P045",50
"12957",-29459.01328385,"CAFI_P045",100
"12958",-9371.93558385002,"CAFI_P045",25
"12959",26060.05410615,"CAFI_P045",50
"12960",-6838.62022385001,"CAFI_P045",100
"12961",19636.56917615,"CAFI_P045",25
"12962",-18817.64035385,"CAFI_P045",50
"12963",-5273.28027385002,"CAFI_P045",100
"12964",-12119.39811385,"CAFI_P045",25
"12965",-10938.73543385,"CAFI_P045",50
"12966",-26771.19862385,"CAFI_P045",100
"12967",15517.28687615,"CAFI_P045",25
"12968",8528.52758614998,"CAFI_P045",50
"12969",-20804.98860385,"CAFI_P045",100
"12970",9682.19424614997,"CAFI_P045",25
"12971",-2839.99821385002,"CAFI_P045",50
"12972",-11916.19105385,"CAFI_P045",100
"12973",12005.79707615,"CAFI_P045",25
"12974",19.2235161499702,"CAFI_P045",50
"12975",10464.33019615,"CAFI_P045",100
"12976",168.472186149971,"CAFI_P045",25
"12977",-9313.85344385001,"CAFI_P045",50
"12978",-28650.19869385,"CAFI_P045",100
"12979",10349.38007615,"CAFI_P045",25
"12980",4217.68768614996,"CAFI_P045",50
"12981",-24602.42277385,"CAFI_P045",100
"12982",17090.82973615,"CAFI_P045",25
"12983",-8556.26126385003,"CAFI_P045",50
"12984",-4859.74191385001,"CAFI_P045",100
"12985",-2774.47619385005,"CAFI_P045",25
"12986",-19817.46801385,"CAFI_P045",50
"12987",-8966.20162385004,"CAFI_P045",100
"12988",-5465.15321385005,"CAFI_P045",25
"12989",-11494.69409385,"CAFI_P045",50
"12990",16466.37207615,"CAFI_P045",100
"12991",-19372.83723385,"CAFI_P045",25
"12992",-12343.05504385,"CAFI_P045",50
"12993",-31188.95243385,"CAFI_P045",100
"12994",-6762.57049385004,"CAFI_P045",25
"12995",442.750256149971,"CAFI_P045",50
"12996",-13007.42364385,"CAFI_P045",100
"12997",-18662.69043385,"CAFI_P045",25
"12998",-19247.08411385,"CAFI_P045",50
"12999",3729.34778615,"CAFI_P045",100
"13000",1235.85026614997,"CAFI_P045",25
"13001",-3266.70435385004,"CAFI_P045",50
"13002",-3026.83780385001,"CAFI_P045",100
"13003",9684.66895614995,"CAFI_P045",25
"13004",-8104.78674385004,"CAFI_P045",50
"13005",-17933.11007385,"CAFI_P045",100
"13006",-8593.04714385001,"CAFI_P045",25
"13007",15279.93478615,"CAFI_P045",50
"13008",-2915.87210385001,"CAFI_P045",100
"13009",-411.531393850048,"CAFI_P045",25
"13010",-13849.98625385,"CAFI_P045",50
"13011",4632.29096615,"CAFI_P045",100
"13012",-14140.74186385,"CAFI_P045",25
"13013",-4201.57770384999,"CAFI_P045",50
"13014",-10340.63672385,"CAFI_P045",100
"13015",-4633.67909385002,"CAFI_P045",25
"13016",-16936.44598385,"CAFI_P045",50
"13017",-20373.49588385,"CAFI_P045",100
"13018",-1577.34222385002,"CAFI_P045",25
"13019",-26153.39617385,"CAFI_P045",50
"13020",993.151736149972,"CAFI_P045",100
"13021",-8319.61237385002,"CAFI_P045",25
"13022",-7705.91128385003,"CAFI_P045",50
"13023",-3599.29515384999,"CAFI_P045",100
"13024",-7567.96689385001,"CAFI_P045",25
"13025",-30585.20350385,"CAFI_P045",50
"13026",-21448.88381385,"CAFI_P045",100
"13027",-16184.29289385,"CAFI_P045",25
"13028",133.526226149988,"CAFI_P045",50
"13029",1955.40214614995,"CAFI_P045",100
"13030",-5767.86465385003,"CAFI_P045",25
"13031",5618.95340614999,"CAFI_P045",50
"13032",16521.83750615,"CAFI_P045",100
"13033",-14248.50288385,"CAFI_P045",25
"13034",-10183.06220385,"CAFI_P045",50
"13035",3597.55978615,"CAFI_P045",100
"13036",-10344.85394385,"CAFI_P045",25
"13037",-12971.74227385,"CAFI_P045",50
"13038",-32186.05716385,"CAFI_P045",100
"13039",-6460.25982385001,"CAFI_P045",25
"13040",15390.12327615,"CAFI_P045",50
"13041",-5411.43547385,"CAFI_P045",100
"13042",6460.44634614995,"CAFI_P045",25
"13043",22090.89756615,"CAFI_P045",50
"13044",6249.69427614997,"CAFI_P045",100
"13045",-6325.46956385003,"CAFI_P045",25
"13046",19570.00533615,"CAFI_P045",50
"13047",-3641.92064385,"CAFI_P045",100
"13048",19617.37083615,"CAFI_P045",25
"13049",-15450.12687385,"CAFI_P045",50
"13050",-2000.05892385001,"CAFI_P045",100
"13051",4212.50044614996,"CAFI_P045",25
"13052",-11381.04175385,"CAFI_P045",50
"13053",-39983.07927385,"CAFI_P045",100
"13054",4749.23180615,"CAFI_P045",25
"13055",-11737.12957385,"CAFI_P045",50
"13056",18032.84573615,"CAFI_P045",100
"13057",-15819.37120385,"CAFI_P045",25
"13058",-21516.49299385,"CAFI_P045",50
"13059",7746.93967614998,"CAFI_P045",100
"13060",6597.28826614999,"CAFI_P045",25
"13061",-3775.79302385001,"CAFI_P045",50
"13062",15980.33526615,"CAFI_P045",100
"13063",3575.72879614995,"CAFI_P045",25
"13064",-14229.40602385,"CAFI_P045",50
"13065",-28136.79051385,"CAFI_P045",100
"13066",-5805.05190385005,"CAFI_P045",25
"13067",3033.94557614997,"CAFI_P045",50
"13068",-8162.31088385003,"CAFI_P045",100
"13069",-8308.92040385003,"CAFI_P045",25
"13070",-13871.96457385,"CAFI_P045",50
"13071",-17901.65110385,"CAFI_P045",100
"13072",-3984.10913385003,"CAFI_P045",25
"13073",6167.82900614996,"CAFI_P045",50
"13074",-24582.45206385,"CAFI_P045",100
"13075",21919.44594615,"CAFI_P045",25
"13076",-15696.66970385,"CAFI_P045",50
"13077",-17589.02085385,"CAFI_P045",100
"13078",-7770.33349385002,"CAFI_P045",25
"13079",-14611.09210385,"CAFI_P045",50
"13080",6597.71890614997,"CAFI_P045",100
"13081",-13732.12056385,"CAFI_P045",25
"13082",-3369.92244385002,"CAFI_P045",50
"13083",-15461.50432385,"CAFI_P045",100
"13084",-15122.33363385,"CAFI_P045",25
"13085",-506.71173385001,"CAFI_P045",50
"13086",-18155.69080385,"CAFI_P045",100
"13087",9045.21264614997,"CAFI_P045",25
"13088",15733.22859615,"CAFI_P045",50
"13089",-2062.38334385003,"CAFI_P045",100
"13090",-3677.32313385,"CAFI_P045",25
"13091",-5205.10457385,"CAFI_P045",50
"13092",2218.42940614995,"CAFI_P045",100
"13093",-9800.41520385002,"CAFI_P045",25
"13094",-8059.81021385,"CAFI_P045",50
"13095",4438.17660614999,"CAFI_P045",100
"13096",-24181.54167385,"CAFI_P045",25
"13097",-7811.49617385003,"CAFI_P045",50
"13098",782.02747614996,"CAFI_P045",100
"13099",-1502.96642385004,"CAFI_P045",25
"13100",-5041.98953385005,"CAFI_P045",50
"13101",-3828.33419384999,"CAFI_P045",100
"13102",8872.62062614999,"CAFI_P045",25
"13103",-25725.68618385,"CAFI_P045",50
"13104",-20022.98108385,"CAFI_P045",100
"13105",-2901.67798385001,"CAFI_P045",25
"13106",7674.63788614998,"CAFI_P045",50
"13107",3193.08533614996,"CAFI_P045",100
"13108",-6819.14360385004,"CAFI_P045",25
"13109",-10913.70816385,"CAFI_P045",50
"13110",-8558.98587385,"CAFI_P045",100
"13111",-8866.71467385005,"CAFI_P045",25
"13112",4676.68458614999,"CAFI_P045",50
"13113",-12340.38978385,"CAFI_P045",100
"13114",-1991.38832385,"CAFI_P045",25
"13115",512.338936149958,"CAFI_P045",50
"13116",32005.69110615,"CAFI_P045",100
"13117",-2824.65382385004,"CAFI_P045",25
"13118",562.468426149979,"CAFI_P045",50
"13119",-25651.28332385,"CAFI_P045",100
"13120",8536.17399614997,"CAFI_P045",25
"13121",-6049.48362385004,"CAFI_P045",50
"13122",-19021.29024385,"CAFI_P045",100
"13123",-5495.86533385003,"CAFI_P045",25
"13124",1077.21881614998,"CAFI_P045",50
"13125",-14551.52275385,"CAFI_P045",100
"13126",11408.63895615,"CAFI_P045",25
"13127",-11828.14420385,"CAFI_P045",50
"13128",-22930.26285385,"CAFI_P045",100
"13129",-1588.78694385005,"CAFI_P045",25
"13130",-8865.02601385,"CAFI_P045",50
"13131",-9069.54287385003,"CAFI_P045",100
"13132",9505.86372614995,"CAFI_P045",25
"13133",-14746.15079385,"CAFI_P045",50
"13134",-24639.11896385,"CAFI_P045",100
"13135",-8741.68738385005,"CAFI_P045",25
"13136",8409.21930614999,"CAFI_P045",50
"13137",16523.88572615,"CAFI_P045",100
"13138",2624.46806614997,"CAFI_P045",25
"13139",1098.78270614997,"CAFI_P045",50
"13140",-4938.91486385005,"CAFI_P045",100
"13141",-1133.94078385003,"CAFI_P045",25
"13142",-485.16061385005,"CAFI_P045",50
"13143",-19226.63835385,"CAFI_P045",100
"13144",-4390.20621385,"CAFI_P045",25
"13145",5878.24356614996,"CAFI_P045",50
"13146",-16999.88494385,"CAFI_P045",100
"13147",-2646.92216385005,"CAFI_P045",25
"13148",-24845.55439385,"CAFI_P045",50
"13149",-13038.07225385,"CAFI_P045",100
"13150",-21873.64054385,"CAFI_P045",25
"13151",-11228.95530385,"CAFI_P045",50
"13152",-21537.76898385,"CAFI_P045",100
"13153",8704.56825615,"CAFI_P045",25
"13154",-5997.02343385003,"CAFI_P045",50
"13155",32996.91369615,"CAFI_P045",100
"13156",9294.81683614996,"CAFI_P045",25
"13157",-3456.42643385002,"CAFI_P045",50
"13158",-26287.22124385,"CAFI_P045",100
"13159",-14856.24775385,"CAFI_P045",25
"13160",12678.69849615,"CAFI_P045",50
"13161",471.135636149964,"CAFI_P045",100
"13162",10959.84239615,"CAFI_P045",25
"13163",-12619.26236385,"CAFI_P045",50
"13164",-2393.50852385,"CAFI_P045",100
"13165",17044.24387615,"CAFI_P045",25
"13166",11907.98714615,"CAFI_P045",50
"13167",-22434.36439385,"CAFI_P045",100
"13168",-4742.87130385003,"CAFI_P045",25
"13169",17236.09293615,"CAFI_P045",50
"13170",-23920.99779385,"CAFI_P045",100
"13171",2407.05873614998,"CAFI_P045",25
"13172",-7182.03728385002,"CAFI_P045",50
"13173",-2015.69434385002,"CAFI_P045",100
"13174",4588.37855614995,"CAFI_P045",25
"13175",-1085.29335385002,"CAFI_P045",50
"13176",16376.21070615,"CAFI_P045",100
"13177",-3669.67884385004,"CAFI_P045",25
"13178",25290.42826615,"CAFI_P045",50
"13179",-9060.22220385005,"CAFI_P045",100
"13180",8936.41507614998,"CAFI_P045",25
"13181",22577.77848615,"CAFI_P045",50
"13182",15239.93479615,"CAFI_P045",100
"13183",-7162.52484385,"CAFI_P045",25
"13184",-13454.83261385,"CAFI_P045",50
"13185",-4798.22082385002,"CAFI_P045",100
"13186",2441.05441614997,"CAFI_P045",25
"13187",-12632.30112385,"CAFI_P045",50
"13188",3779.13117615,"CAFI_P045",100
"13189",1277.51874614996,"CAFI_P045",25
"13190",-15054.20107385,"CAFI_P045",50
"13191",2057.83283614996,"CAFI_P045",100
"13192",-16208.23146385,"CAFI_P045",25
"13193",14024.50144615,"CAFI_P045",50
"13194",-21076.46959385,"CAFI_P045",100
"13195",-13666.57980385,"CAFI_P045",25
"13196",34667.00191615,"CAFI_P045",50
"13197",14230.37631615,"CAFI_P045",100
"13198",-15937.10942385,"CAFI_P045",25
"13199",9317.86105615,"CAFI_P045",50
"13200",10250.93492615,"CAFI_P045",100
"13201",1813.69597301097,"CAFI_P046",25
"13202",-5713.90108698903,"CAFI_P046",50
"13203",-47651.653176989,"CAFI_P046",100
"13204",-13664.564846989,"CAFI_P046",25
"13205",19910.398583011,"CAFI_P046",50
"13206",-17212.701736989,"CAFI_P046",100
"13207",-7455.99087698903,"CAFI_P046",25
"13208",4047.31783301098,"CAFI_P046",50
"13209",-31377.549496989,"CAFI_P046",100
"13210",-22541.564946989,"CAFI_P046",25
"13211",-44586.912686989,"CAFI_P046",50
"13212",-34554.677116989,"CAFI_P046",100
"13213",-6450.657136989,"CAFI_P046",25
"13214",66388.894773011,"CAFI_P046",50
"13215",42494.109203011,"CAFI_P046",100
"13216",-297.780496989028,"CAFI_P046",25
"13217",31993.243483011,"CAFI_P046",50
"13218",-21400.248656989,"CAFI_P046",100
"13219",-1827.61772698903,"CAFI_P046",25
"13220",-29125.667726989,"CAFI_P046",50
"13221",27699.816183011,"CAFI_P046",100
"13222",-4985.892566989,"CAFI_P046",25
"13223",46397.727893011,"CAFI_P046",50
"13224",-40557.797066989,"CAFI_P046",100
"13225",41614.470023011,"CAFI_P046",25
"13226",-32041.666416989,"CAFI_P046",50
"13227",-53550.892016989,"CAFI_P046",100
"13228",-16447.011406989,"CAFI_P046",25
"13229",16252.241113011,"CAFI_P046",50
"13230",-53528.016946989,"CAFI_P046",100
"13231",-23890.154256989,"CAFI_P046",25
"13232",-17016.317966989,"CAFI_P046",50
"13233",24424.771353011,"CAFI_P046",100
"13234",-16075.572536989,"CAFI_P046",25
"13235",-28469.319216989,"CAFI_P046",50
"13236",-50898.475876989,"CAFI_P046",100
"13237",-21992.779716989,"CAFI_P046",25
"13238",39247.554433011,"CAFI_P046",50
"13239",-18980.630916989,"CAFI_P046",100
"13240",-45334.432216989,"CAFI_P046",25
"13241",47734.676413011,"CAFI_P046",50
"13242",-65172.211006989,"CAFI_P046",100
"13243",2541.982303011,"CAFI_P046",25
"13244",1537.390633011,"CAFI_P046",50
"13245",20370.261153011,"CAFI_P046",100
"13246",-26865.935566989,"CAFI_P046",25
"13247",-15752.130446989,"CAFI_P046",50
"13248",5208.25240301096,"CAFI_P046",100
"13249",-46541.809786989,"CAFI_P046",25
"13250",52245.080193011,"CAFI_P046",50
"13251",-21527.320556989,"CAFI_P046",100
"13252",-43495.362886989,"CAFI_P046",25
"13253",-23192.181936989,"CAFI_P046",50
"13254",-68728.680496989,"CAFI_P046",100
"13255",-8245.60147698899,"CAFI_P046",25
"13256",-21762.281976989,"CAFI_P046",50
"13257",36437.233293011,"CAFI_P046",100
"13258",519.824313010962,"CAFI_P046",25
"13259",-16164.105806989,"CAFI_P046",50
"13260",-29958.264496989,"CAFI_P046",100
"13261",-21954.179216989,"CAFI_P046",25
"13262",3452.109933011,"CAFI_P046",50
"13263",-5690.77931698901,"CAFI_P046",100
"13264",2962.22189301101,"CAFI_P046",25
"13265",-17948.973996989,"CAFI_P046",50
"13266",1214.07477301097,"CAFI_P046",100
"13267",-11310.479496989,"CAFI_P046",25
"13268",-21006.197916989,"CAFI_P046",50
"13269",27625.027733011,"CAFI_P046",100
"13270",19719.809833011,"CAFI_P046",25
"13271",-361.051836989005,"CAFI_P046",50
"13272",-17828.377806989,"CAFI_P046",100
"13273",-8985.76995698898,"CAFI_P046",25
"13274",123651.402733011,"CAFI_P046",50
"13275",37081.164893011,"CAFI_P046",100
"13276",28633.427883011,"CAFI_P046",25
"13277",15099.280923011,"CAFI_P046",50
"13278",-33686.775086989,"CAFI_P046",100
"13279",-34879.724386989,"CAFI_P046",25
"13280",-19936.792146989,"CAFI_P046",50
"13281",-45230.823286989,"CAFI_P046",100
"13282",-2297.82752698899,"CAFI_P046",25
"13283",-537.363166989002,"CAFI_P046",50
"13284",-45437.688326989,"CAFI_P046",100
"13285",65360.089493011,"CAFI_P046",25
"13286",-16705.541916989,"CAFI_P046",50
"13287",55126.189783011,"CAFI_P046",100
"13288",80203.154033011,"CAFI_P046",25
"13289",89362.325143011,"CAFI_P046",50
"13290",-42199.805186989,"CAFI_P046",100
"13291",33986.583423011,"CAFI_P046",25
"13292",-11041.470376989,"CAFI_P046",50
"13293",-51480.698086989,"CAFI_P046",100
"13294",-1586.76212698902,"CAFI_P046",25
"13295",-5796.56595698901,"CAFI_P046",50
"13296",35426.891393011,"CAFI_P046",100
"13297",36661.589983011,"CAFI_P046",25
"13298",-42203.006106989,"CAFI_P046",50
"13299",-53635.421076989,"CAFI_P046",100
"13300",-8600.802386989,"CAFI_P046",25
"13301",-33479.125046989,"CAFI_P046",50
"13302",-55014.433886989,"CAFI_P046",100
"13303",-26918.770036989,"CAFI_P046",25
"13304",17729.766893011,"CAFI_P046",50
"13305",26274.560243011,"CAFI_P046",100
"13306",-4870.58085698902,"CAFI_P046",25
"13307",-55176.364476989,"CAFI_P046",50
"13308",-17591.382106989,"CAFI_P046",100
"13309",71376.865083011,"CAFI_P046",25
"13310",28770.087463011,"CAFI_P046",50
"13311",-28169.889376989,"CAFI_P046",100
"13312",-12752.708046989,"CAFI_P046",25
"13313",-31764.883016989,"CAFI_P046",50
"13314",-54767.997146989,"CAFI_P046",100
"13315",3881.305773011,"CAFI_P046",25
"13316",-38038.903746989,"CAFI_P046",50
"13317",-27073.247826989,"CAFI_P046",100
"13318",-34440.326366989,"CAFI_P046",25
"13319",-56294.782726989,"CAFI_P046",50
"13320",-54662.679176989,"CAFI_P046",100
"13321",-39709.323406989,"CAFI_P046",25
"13322",-18682.887796989,"CAFI_P046",50
"13323",-16888.136386989,"CAFI_P046",100
"13324",-2817.02189698903,"CAFI_P046",25
"13325",-14561.424266989,"CAFI_P046",50
"13326",8960.12016301102,"CAFI_P046",100
"13327",74994.956243011,"CAFI_P046",25
"13328",-13454.845766989,"CAFI_P046",50
"13329",11172.211503011,"CAFI_P046",100
"13330",19750.945923011,"CAFI_P046",25
"13331",-43377.452656989,"CAFI_P046",50
"13332",-41984.711926989,"CAFI_P046",100
"13333",-1408.63056698901,"CAFI_P046",25
"13334",-46963.818046989,"CAFI_P046",50
"13335",-6905.09855698899,"CAFI_P046",100
"13336",40420.161903011,"CAFI_P046",25
"13337",-1024.960126989,"CAFI_P046",50
"13338",44659.469683011,"CAFI_P046",100
"13339",-28682.275516989,"CAFI_P046",25
"13340",3533.84148301097,"CAFI_P046",50
"13341",107184.027293011,"CAFI_P046",100
"13342",-12534.468046989,"CAFI_P046",25
"13343",32185.965633011,"CAFI_P046",50
"13344",1030.74578301096,"CAFI_P046",100
"13345",33990.009073011,"CAFI_P046",25
"13346",-661.47413698904,"CAFI_P046",50
"13347",-9286.45381698903,"CAFI_P046",100
"13348",1962.34006301098,"CAFI_P046",25
"13349",23192.498823011,"CAFI_P046",50
"13350",595.132173010963,"CAFI_P046",100
"13351",-3788.65556698904,"CAFI_P046",25
"13352",-26103.544736989,"CAFI_P046",50
"13353",112492.431473011,"CAFI_P046",100
"13354",-32563.971806989,"CAFI_P046",25
"13355",13878.582523011,"CAFI_P046",50
"13356",79037.549503011,"CAFI_P046",100
"13357",-37876.389146989,"CAFI_P046",25
"13358",21970.051333011,"CAFI_P046",50
"13359",-40145.963096989,"CAFI_P046",100
"13360",21366.934583011,"CAFI_P046",25
"13361",45584.112663011,"CAFI_P046",50
"13362",-64450.421856989,"CAFI_P046",100
"13363",-22876.154056989,"CAFI_P046",25
"13364",1833.86739301099,"CAFI_P046",50
"13365",-66080.124206989,"CAFI_P046",100
"13366",36421.748913011,"CAFI_P046",25
"13367",-53936.465366989,"CAFI_P046",50
"13368",48332.596033011,"CAFI_P046",100
"13369",-6321.813646989,"CAFI_P046",25
"13370",-49707.473136989,"CAFI_P046",50
"13371",-66577.580846989,"CAFI_P046",100
"13372",7666.46833301097,"CAFI_P046",25
"13373",-40858.040046989,"CAFI_P046",50
"13374",-70823.739806989,"CAFI_P046",100
"13375",12892.688213011,"CAFI_P046",25
"13376",-37457.118206989,"CAFI_P046",50
"13377",-52284.087316989,"CAFI_P046",100
"13378",-15852.014106989,"CAFI_P046",25
"13379",39757.108993011,"CAFI_P046",50
"13380",-25518.035236989,"CAFI_P046",100
"13381",50398.354743011,"CAFI_P046",25
"13382",12811.985863011,"CAFI_P046",50
"13383",-8369.27466698899,"CAFI_P046",100
"13384",32151.230713011,"CAFI_P046",25
"13385",31236.119773011,"CAFI_P046",50
"13386",10688.064423011,"CAFI_P046",100
"13387",-620.086256988987,"CAFI_P046",25
"13388",-4998.38598698901,"CAFI_P046",50
"13389",-6082.751276989,"CAFI_P046",100
"13390",6357.87665301102,"CAFI_P046",25
"13391",590.468813011015,"CAFI_P046",50
"13392",-52024.900376989,"CAFI_P046",100
"13393",-7862.57346698904,"CAFI_P046",25
"13394",-41822.887326989,"CAFI_P046",50
"13395",6396.379563011,"CAFI_P046",100
"13396",-13186.774536989,"CAFI_P046",25
"13397",-25091.141006989,"CAFI_P046",50
"13398",6757.23197301099,"CAFI_P046",100
"13399",85763.044253011,"CAFI_P046",25
"13400",12132.663223011,"CAFI_P046",50
"13401",-15398.825236989,"CAFI_P046",100
"13402",35749.632713011,"CAFI_P046",25
"13403",-51987.026806989,"CAFI_P046",50
"13404",18289.444143011,"CAFI_P046",100
"13405",-13062.860496989,"CAFI_P046",25
"13406",-54199.681146989,"CAFI_P046",50
"13407",41418.063273011,"CAFI_P046",100
"13408",-21928.122126989,"CAFI_P046",25
"13409",62195.892153011,"CAFI_P046",50
"13410",-40918.242696989,"CAFI_P046",100
"13411",-13119.149116989,"CAFI_P046",25
"13412",-47149.460076989,"CAFI_P046",50
"13413",-3121.22378698899,"CAFI_P046",100
"13414",36534.617363011,"CAFI_P046",25
"13415",-36371.999116989,"CAFI_P046",50
"13416",58784.209503011,"CAFI_P046",100
"13417",17547.030633011,"CAFI_P046",25
"13418",18492.616923011,"CAFI_P046",50
"13419",-54174.166286989,"CAFI_P046",100
"13420",1586.309343011,"CAFI_P046",25
"13421",-49279.519676989,"CAFI_P046",50
"13422",-30982.472816989,"CAFI_P046",100
"13423",-38041.949586989,"CAFI_P046",25
"13424",-25139.407366989,"CAFI_P046",50
"13425",-51062.169126989,"CAFI_P046",100
"13426",-19438.345146989,"CAFI_P046",25
"13427",-4683.38785698899,"CAFI_P046",50
"13428",41267.674293011,"CAFI_P046",100
"13429",14197.726853011,"CAFI_P046",25
"13430",-785.783826989005,"CAFI_P046",50
"13431",-832.766686988994,"CAFI_P046",100
"13432",-23131.880706989,"CAFI_P046",25
"13433",19056.318113011,"CAFI_P046",50
"13434",-70515.336546989,"CAFI_P046",100
"13435",31016.329133011,"CAFI_P046",25
"13436",-22418.556836989,"CAFI_P046",50
"13437",36599.739183011,"CAFI_P046",100
"13438",11075.605873011,"CAFI_P046",25
"13439",-18188.147736989,"CAFI_P046",50
"13440",-88244.978706989,"CAFI_P046",100
"13441",-537.065716988989,"CAFI_P046",25
"13442",42985.128353011,"CAFI_P046",50
"13443",-487.71480698901,"CAFI_P046",100
"13444",13474.427973011,"CAFI_P046",25
"13445",84788.884073011,"CAFI_P046",50
"13446",-9060.377346989,"CAFI_P046",100
"13447",-22803.130356989,"CAFI_P046",25
"13448",-19616.048226989,"CAFI_P046",50
"13449",4579.87167301099,"CAFI_P046",100
"13450",1159.13510301098,"CAFI_P046",25
"13451",-50738.535766989,"CAFI_P046",50
"13452",-79034.582546989,"CAFI_P046",100
"13453",-34623.780516989,"CAFI_P046",25
"13454",-22761.838746989,"CAFI_P046",50
"13455",52371.899193011,"CAFI_P046",100
"13456",18665.443963011,"CAFI_P046",25
"13457",2616.06958301098,"CAFI_P046",50
"13458",-9391.04757698899,"CAFI_P046",100
"13459",332.795893010974,"CAFI_P046",25
"13460",-35596.132926989,"CAFI_P046",50
"13461",-95942.290626989,"CAFI_P046",100
"13462",-15474.095256989,"CAFI_P046",25
"13463",8989.97559301101,"CAFI_P046",50
"13464",-62730.762446989,"CAFI_P046",100
"13465",22524.535323011,"CAFI_P046",25
"13466",-46099.656026989,"CAFI_P046",50
"13467",-50550.212706989,"CAFI_P046",100
"13468",-6928.64179698902,"CAFI_P046",25
"13469",-11545.070446989,"CAFI_P046",50
"13470",28615.030533011,"CAFI_P046",100
"13471",-32583.854346989,"CAFI_P046",25
"13472",-13602.473136989,"CAFI_P046",50
"13473",-52883.741266989,"CAFI_P046",100
"13474",-3233.896526989,"CAFI_P046",25
"13475",-53140.114946989,"CAFI_P046",50
"13476",-72246.883836989,"CAFI_P046",100
"13477",20241.103793011,"CAFI_P046",25
"13478",-48211.016106989,"CAFI_P046",50
"13479",30513.515323011,"CAFI_P046",100
"13480",-41649.153166989,"CAFI_P046",25
"13481",-48397.677946989,"CAFI_P046",50
"13482",-61525.005406989,"CAFI_P046",100
"13483",-46392.139436989,"CAFI_P046",25
"13484",42437.809193011,"CAFI_P046",50
"13485",-88840.161616989,"CAFI_P046",100
"13486",-278.124146989023,"CAFI_P046",25
"13487",14423.944693011,"CAFI_P046",50
"13488",137815.643503011,"CAFI_P046",100
"13489",3947.159873011,"CAFI_P046",25
"13490",-39991.684116989,"CAFI_P046",50
"13491",-24333.888186989,"CAFI_P046",100
"13492",-26817.578376989,"CAFI_P046",25
"13493",-18255.709266989,"CAFI_P046",50
"13494",-41500.624036989,"CAFI_P046",100
"13495",-31717.048776989,"CAFI_P046",25
"13496",-33480.161026989,"CAFI_P046",50
"13497",26915.139983011,"CAFI_P046",100
"13498",-1225.75930698903,"CAFI_P046",25
"13499",-52489.987026989,"CAFI_P046",50
"13500",-26083.640546989,"CAFI_P046",100
"13501",-1494.541252472,"CAFI_P047",25
"13502",3793.565427528,"CAFI_P047",50
"13503",-9112.864312472,"CAFI_P047",100
"13504",1873.79474752801,"CAFI_P047",25
"13505",3663.535427528,"CAFI_P047",50
"13506",-8988.83761247201,"CAFI_P047",100
"13507",-5020.720102472,"CAFI_P047",25
"13508",-5146.38528247201,"CAFI_P047",50
"13509",-4934.077662472,"CAFI_P047",100
"13510",-2042.44193247199,"CAFI_P047",25
"13511",-3195.07108247202,"CAFI_P047",50
"13512",-6546.208472472,"CAFI_P047",100
"13513",-5064.87109247199,"CAFI_P047",25
"13514",-2941.569012472,"CAFI_P047",50
"13515",-9530.41863247201,"CAFI_P047",100
"13516",529.122717527993,"CAFI_P047",25
"13517",-2209.146572472,"CAFI_P047",50
"13518",-4213.36221247201,"CAFI_P047",100
"13519",-804.032012472017,"CAFI_P047",25
"13520",-2544.737272472,"CAFI_P047",50
"13521",-6345.79527247201,"CAFI_P047",100
"13522",615.767917527992,"CAFI_P047",25
"13523",-11779.565422472,"CAFI_P047",50
"13524",-12660.862252472,"CAFI_P047",100
"13525",-555.772142472008,"CAFI_P047",25
"13526",-3732.48594247201,"CAFI_P047",50
"13527",-4455.413932472,"CAFI_P047",100
"13528",-1445.373142472,"CAFI_P047",25
"13529",-8950.045422472,"CAFI_P047",50
"13530",-11864.399462472,"CAFI_P047",100
"13531",-8031.324552472,"CAFI_P047",25
"13532",11361.200347528,"CAFI_P047",50
"13533",2217.17017752799,"CAFI_P047",100
"13534",-900.411982471996,"CAFI_P047",25
"13535",7648.36440752799,"CAFI_P047",50
"13536",-3120.93192247199,"CAFI_P047",100
"13537",1287.19470752799,"CAFI_P047",25
"13538",-4499.37128247201,"CAFI_P047",50
"13539",-9871.561452472,"CAFI_P047",100
"13540",-5305.55101247202,"CAFI_P047",25
"13541",-6208.464992472,"CAFI_P047",50
"13542",12118.681907528,"CAFI_P047",100
"13543",5221.63194752799,"CAFI_P047",25
"13544",1877.47171752801,"CAFI_P047",50
"13545",-8130.27128247201,"CAFI_P047",100
"13546",-3003.77229247201,"CAFI_P047",25
"13547",-10969.435492472,"CAFI_P047",50
"13548",-12788.984712472,"CAFI_P047",100
"13549",-2990.469162472,"CAFI_P047",25
"13550",-2135.973932472,"CAFI_P047",50
"13551",-11238.533382472,"CAFI_P047",100
"13552",404.761477527994,"CAFI_P047",25
"13553",-3206.68222247201,"CAFI_P047",50
"13554",-5398.44540247199,"CAFI_P047",100
"13555",-7303.997012472,"CAFI_P047",25
"13556",-3156.05078247201,"CAFI_P047",50
"13557",-10969.234402472,"CAFI_P047",100
"13558",-3440.48926247199,"CAFI_P047",25
"13559",-5601.44329247199,"CAFI_P047",50
"13560",-10119.202382472,"CAFI_P047",100
"13561",-2302.10493247199,"CAFI_P047",25
"13562",-5974.507802472,"CAFI_P047",50
"13563",-3482.19820247201,"CAFI_P047",100
"13564",-2785.900772472,"CAFI_P047",25
"13565",-5869.86770247199,"CAFI_P047",50
"13566",-4346.54517247199,"CAFI_P047",100
"13567",-4928.76622247201,"CAFI_P047",25
"13568",279.229927528009,"CAFI_P047",50
"13569",-3147.911742472,"CAFI_P047",100
"13570",5491.235617528,"CAFI_P047",25
"13571",-4023.62732247199,"CAFI_P047",50
"13572",-11868.774002472,"CAFI_P047",100
"13573",-271.688212472014,"CAFI_P047",25
"13574",-3140.96977247199,"CAFI_P047",50
"13575",-4898.089522472,"CAFI_P047",100
"13576",-5802.033512472,"CAFI_P047",25
"13577",-7973.489762472,"CAFI_P047",50
"13578",-10180.159482472,"CAFI_P047",100
"13579",-1698.763262472,"CAFI_P047",25
"13580",437.621057527984,"CAFI_P047",50
"13581",-4857.19159247199,"CAFI_P047",100
"13582",19260.056687528,"CAFI_P047",25
"13583",-8836.460312472,"CAFI_P047",50
"13584",-10205.396982472,"CAFI_P047",100
"13585",-1587.988242472,"CAFI_P047",25
"13586",-3623.87672247199,"CAFI_P047",50
"13587",-7607.947592472,"CAFI_P047",100
"13588",-3056.817762472,"CAFI_P047",25
"13589",3349.83660752801,"CAFI_P047",50
"13590",2479.17038752799,"CAFI_P047",100
"13591",226.096637528011,"CAFI_P047",25
"13592",-4388.067132472,"CAFI_P047",50
"13593",-9236.289792472,"CAFI_P047",100
"13594",-1239.198002472,"CAFI_P047",25
"13595",-4207.908302472,"CAFI_P047",50
"13596",8177.919967528,"CAFI_P047",100
"13597",-2278.65505247199,"CAFI_P047",25
"13598",-1610.91215247201,"CAFI_P047",50
"13599",-4587.971582472,"CAFI_P047",100
"13600",-1933.44305247199,"CAFI_P047",25
"13601",-654.860582472,"CAFI_P047",50
"13602",-11220.916332472,"CAFI_P047",100
"13603",-800.409862472006,"CAFI_P047",25
"13604",432.738417527988,"CAFI_P047",50
"13605",-4536.78525247201,"CAFI_P047",100
"13606",-2444.98557247201,"CAFI_P047",25
"13607",-6608.856082472,"CAFI_P047",50
"13608",2399.145697528,"CAFI_P047",100
"13609",7686.579187528,"CAFI_P047",25
"13610",-4310.10101247201,"CAFI_P047",50
"13611",-9425.078812472,"CAFI_P047",100
"13612",-417.710022471991,"CAFI_P047",25
"13613",-9733.717362472,"CAFI_P047",50
"13614",-6593.57961247201,"CAFI_P047",100
"13615",-196.760512472014,"CAFI_P047",25
"13616",-5164.586552472,"CAFI_P047",50
"13617",2923.36446752801,"CAFI_P047",100
"13618",-2623.02338247199,"CAFI_P047",25
"13619",-7500.429742472,"CAFI_P047",50
"13620",-10141.477492472,"CAFI_P047",100
"13621",3836.73823752798,"CAFI_P047",25
"13622",4432.021087528,"CAFI_P047",50
"13623",15672.320977528,"CAFI_P047",100
"13624",-2799.59501247201,"CAFI_P047",25
"13625",-2740.96390247199,"CAFI_P047",50
"13626",-5927.872572472,"CAFI_P047",100
"13627",-9462.887012472,"CAFI_P047",25
"13628",-4555.392432472,"CAFI_P047",50
"13629",6442.82182752801,"CAFI_P047",100
"13630",-1183.622622472,"CAFI_P047",25
"13631",-8728.715992472,"CAFI_P047",50
"13632",-12656.394372472,"CAFI_P047",100
"13633",-738.520442472014,"CAFI_P047",25
"13634",-6426.94846247201,"CAFI_P047",50
"13635",4198.007487528,"CAFI_P047",100
"13636",-3980.59738247201,"CAFI_P047",25
"13637",-926.239442471997,"CAFI_P047",50
"13638",-5435.936612472,"CAFI_P047",100
"13639",-640.506782471988,"CAFI_P047",25
"13640",10650.566157528,"CAFI_P047",50
"13641",-11590.170432472,"CAFI_P047",100
"13642",-1106.48543247199,"CAFI_P047",25
"13643",874.298017527995,"CAFI_P047",50
"13644",-5124.97295247199,"CAFI_P047",100
"13645",-653.822582471999,"CAFI_P047",25
"13646",-9535.363432472,"CAFI_P047",50
"13647",-1057.986282472,"CAFI_P047",100
"13648",1178.066307528,"CAFI_P047",25
"13649",-9321.21072247199,"CAFI_P047",50
"13650",-13354.655792472,"CAFI_P047",100
"13651",-74.1738924719975,"CAFI_P047",25
"13652",-613.908392471989,"CAFI_P047",50
"13653",-5181.76783247199,"CAFI_P047",100
"13654",-5295.31169247199,"CAFI_P047",25
"13655",-169.100292471994,"CAFI_P047",50
"13656",-3590.97838247201,"CAFI_P047",100
"13657",269.397477527993,"CAFI_P047",25
"13658",-6571.074102472,"CAFI_P047",50
"13659",-9341.772672472,"CAFI_P047",100
"13660",1318.044887528,"CAFI_P047",25
"13661",-8603.254292472,"CAFI_P047",50
"13662",-11796.244482472,"CAFI_P047",100
"13663",-2903.59065247199,"CAFI_P047",25
"13664",-919.912292472,"CAFI_P047",50
"13665",4132.73875752799,"CAFI_P047",100
"13666",-6972.693112472,"CAFI_P047",25
"13667",1588.652347528,"CAFI_P047",50
"13668",-11898.376872472,"CAFI_P047",100
"13669",4274.85041752801,"CAFI_P047",25
"13670",-6933.243412472,"CAFI_P047",50
"13671",-10257.344162472,"CAFI_P047",100
"13672",-5160.254452472,"CAFI_P047",25
"13673",-4731.18548247201,"CAFI_P047",50
"13674",-11248.643052472,"CAFI_P047",100
"13675",-1020.44392247201,"CAFI_P047",25
"13676",-10335.059472472,"CAFI_P047",50
"13677",5867.48529752801,"CAFI_P047",100
"13678",-2387.20218247201,"CAFI_P047",25
"13679",-3250.476072472,"CAFI_P047",50
"13680",10564.707937528,"CAFI_P047",100
"13681",2965.554637528,"CAFI_P047",25
"13682",-6049.82041247201,"CAFI_P047",50
"13683",-9471.99484247201,"CAFI_P047",100
"13684",2642.70127752799,"CAFI_P047",25
"13685",-5393.283222472,"CAFI_P047",50
"13686",-12129.615322472,"CAFI_P047",100
"13687",-1130.16928247199,"CAFI_P047",25
"13688",1032.68926752801,"CAFI_P047",50
"13689",-6189.76311247201,"CAFI_P047",100
"13690",1346.212187528,"CAFI_P047",25
"13691",781.632837527985,"CAFI_P047",50
"13692",-8524.650892472,"CAFI_P047",100
"13693",-9016.317462472,"CAFI_P047",25
"13694",17173.815367528,"CAFI_P047",50
"13695",-10356.811002472,"CAFI_P047",100
"13696",-520.152802472003,"CAFI_P047",25
"13697",-988.032292471995,"CAFI_P047",50
"13698",6228.11459752801,"CAFI_P047",100
"13699",644.074227528006,"CAFI_P047",25
"13700",242.766757528007,"CAFI_P047",50
"13701",-9797.553272472,"CAFI_P047",100
"13702",-3461.445552472,"CAFI_P047",25
"13703",136.217997528001,"CAFI_P047",50
"13704",-3663.356622472,"CAFI_P047",100
"13705",-3019.59248247201,"CAFI_P047",25
"13706",-9718.001362472,"CAFI_P047",50
"13707",-5337.873642472,"CAFI_P047",100
"13708",-1035.694012472,"CAFI_P047",25
"13709",-2105.322582472,"CAFI_P047",50
"13710",-8138.027372472,"CAFI_P047",100
"13711",-215.578382472013,"CAFI_P047",25
"13712",-1836.502212472,"CAFI_P047",50
"13713",-3484.78035247201,"CAFI_P047",100
"13714",1764.219747528,"CAFI_P047",25
"13715",-3218.691532472,"CAFI_P047",50
"13716",-13460.470042472,"CAFI_P047",100
"13717",560.536767527985,"CAFI_P047",25
"13718",-677.228482472012,"CAFI_P047",50
"13719",-13459.075312472,"CAFI_P047",100
"13720",5793.68504752801,"CAFI_P047",25
"13721",2157.46553752798,"CAFI_P047",50
"13722",-4982.83476247199,"CAFI_P047",100
"13723",-3457.49881247201,"CAFI_P047",25
"13724",-11982.647892472,"CAFI_P047",50
"13725",8275.11338752799,"CAFI_P047",100
"13726",-8901.889952472,"CAFI_P047",25
"13727",-7803.787032472,"CAFI_P047",50
"13728",-10962.838312472,"CAFI_P047",100
"13729",5717.77219752799,"CAFI_P047",25
"13730",-12620.904582472,"CAFI_P047",50
"13731",-12917.246532472,"CAFI_P047",100
"13732",1006.23972752801,"CAFI_P047",25
"13733",-7205.572932472,"CAFI_P047",50
"13734",-4911.866372472,"CAFI_P047",100
"13735",-994.408542471996,"CAFI_P047",25
"13736",-9806.76883247201,"CAFI_P047",50
"13737",-8805.298472472,"CAFI_P047",100
"13738",-2097.19405247201,"CAFI_P047",25
"13739",-4886.662392472,"CAFI_P047",50
"13740",-12757.687762472,"CAFI_P047",100
"13741",254.605327527999,"CAFI_P047",25
"13742",-9121.919642472,"CAFI_P047",50
"13743",-10835.490612472,"CAFI_P047",100
"13744",-3807.87217247201,"CAFI_P047",25
"13745",-3599.16450247201,"CAFI_P047",50
"13746",6209.20174752799,"CAFI_P047",100
"13747",-2617.77054247199,"CAFI_P047",25
"13748",-1492.41915247199,"CAFI_P047",50
"13749",-2323.93200247199,"CAFI_P047",100
"13750",-5010.696542472,"CAFI_P047",25
"13751",-1573.72597247199,"CAFI_P047",50
"13752",-3675.742282472,"CAFI_P047",100
"13753",1093.39221752799,"CAFI_P047",25
"13754",-3140.623952472,"CAFI_P047",50
"13755",-12221.092912472,"CAFI_P047",100
"13756",65.4893275279901,"CAFI_P047",25
"13757",-4926.62777247201,"CAFI_P047",50
"13758",-1187.876872472,"CAFI_P047",100
"13759",-4455.30156247201,"CAFI_P047",25
"13760",-2509.07291247201,"CAFI_P047",50
"13761",-8725.017082472,"CAFI_P047",100
"13762",-3664.91180247199,"CAFI_P047",25
"13763",-2471.626532472,"CAFI_P047",50
"13764",-8877.705232472,"CAFI_P047",100
"13765",-3297.327742472,"CAFI_P047",25
"13766",-10450.918472472,"CAFI_P047",50
"13767",-7434.123522472,"CAFI_P047",100
"13768",-7502.06573247201,"CAFI_P047",25
"13769",-2943.719552472,"CAFI_P047",50
"13770",-9365.835042472,"CAFI_P047",100
"13771",-1395.217572472,"CAFI_P047",25
"13772",354.919437528006,"CAFI_P047",50
"13773",8985.36036752799,"CAFI_P047",100
"13774",-2720.77193247201,"CAFI_P047",25
"13775",-410.101232471992,"CAFI_P047",50
"13776",-5807.30782247201,"CAFI_P047",100
"13777",-6029.546312472,"CAFI_P047",25
"13778",-793.933152471989,"CAFI_P047",50
"13779",10773.270467528,"CAFI_P047",100
"13780",2699.02934752801,"CAFI_P047",25
"13781",-3191.78013247199,"CAFI_P047",50
"13782",-535.623192472005,"CAFI_P047",100
"13783",7763.85598752799,"CAFI_P047",25
"13784",-6843.292362472,"CAFI_P047",50
"13785",-7583.297692472,"CAFI_P047",100
"13786",-601.895212472009,"CAFI_P047",25
"13787",-7129.511472472,"CAFI_P047",50
"13788",-10490.444482472,"CAFI_P047",100
"13789",-8793.444702472,"CAFI_P047",25
"13790",-6363.974312472,"CAFI_P047",50
"13791",-11196.375222472,"CAFI_P047",100
"13792",-9000.864792472,"CAFI_P047",25
"13793",-6686.422342472,"CAFI_P047",50
"13794",13692.837157528,"CAFI_P047",100
"13795",-854.881582472008,"CAFI_P047",25
"13796",-9496.443502472,"CAFI_P047",50
"13797",-6054.638172472,"CAFI_P047",100
"13798",-2312.151812472,"CAFI_P047",25
"13799",-4814.31069247201,"CAFI_P047",50
"13800",-9991.118952472,"CAFI_P047",100
"13801",18723.109916786,"CAFI_P049",25
"13802",48576.163606786,"CAFI_P049",50
"13803",74123.881596786,"CAFI_P049",100
"13804",10308.402496786,"CAFI_P049",25
"13805",27491.823306786,"CAFI_P049",50
"13806",103694.353946786,"CAFI_P049",100
"13807",17067.175746786,"CAFI_P049",25
"13808",38238.846336786,"CAFI_P049",50
"13809",65740.631906786,"CAFI_P049",100
"13810",12808.494516786,"CAFI_P049",25
"13811",67225.503756786,"CAFI_P049",50
"13812",63737.753936786,"CAFI_P049",100
"13813",19006.817366786,"CAFI_P049",25
"13814",43998.944126786,"CAFI_P049",50
"13815",113743.601946786,"CAFI_P049",100
"13816",25933.269856786,"CAFI_P049",25
"13817",61249.497956786,"CAFI_P049",50
"13818",79764.681076786,"CAFI_P049",100
"13819",-4763.100833214,"CAFI_P049",25
"13820",24295.113056786,"CAFI_P049",50
"13821",80300.853656786,"CAFI_P049",100
"13822",27220.079196786,"CAFI_P049",25
"13823",26333.254656786,"CAFI_P049",50
"13824",76783.268256786,"CAFI_P049",100
"13825",2772.85890678602,"CAFI_P049",25
"13826",33774.514546786,"CAFI_P049",50
"13827",62520.661036786,"CAFI_P049",100
"13828",34047.493216786,"CAFI_P049",25
"13829",50240.613256786,"CAFI_P049",50
"13830",128576.328526786,"CAFI_P049",100
"13831",7127.41999678602,"CAFI_P049",25
"13832",24827.225016786,"CAFI_P049",50
"13833",44494.482696786,"CAFI_P049",100
"13834",3661.24112678602,"CAFI_P049",25
"13835",25589.888696786,"CAFI_P049",50
"13836",40859.157166786,"CAFI_P049",100
"13837",-4052.86302321398,"CAFI_P049",25
"13838",18433.995226786,"CAFI_P049",50
"13839",63636.174526786,"CAFI_P049",100
"13840",11544.126086786,"CAFI_P049",25
"13841",49845.833666786,"CAFI_P049",50
"13842",61824.261396786,"CAFI_P049",100
"13843",5290.58628678601,"CAFI_P049",25
"13844",39553.474866786,"CAFI_P049",50
"13845",69605.524506786,"CAFI_P049",100
"13846",34045.324416786,"CAFI_P049",25
"13847",31967.056266786,"CAFI_P049",50
"13848",77957.970986786,"CAFI_P049",100
"13849",9364.30878678602,"CAFI_P049",25
"13850",50425.106856786,"CAFI_P049",50
"13851",102248.503646786,"CAFI_P049",100
"13852",7275.055826786,"CAFI_P049",25
"13853",13599.685476786,"CAFI_P049",50
"13854",68549.752896786,"CAFI_P049",100
"13855",26787.509136786,"CAFI_P049",25
"13856",21802.932666786,"CAFI_P049",50
"13857",89243.878606786,"CAFI_P049",100
"13858",9182.96341678599,"CAFI_P049",25
"13859",11461.122776786,"CAFI_P049",50
"13860",100589.660386786,"CAFI_P049",100
"13861",-17092.425113214,"CAFI_P049",25
"13862",28413.528316786,"CAFI_P049",50
"13863",33786.495716786,"CAFI_P049",100
"13864",11188.314486786,"CAFI_P049",25
"13865",79255.842286786,"CAFI_P049",50
"13866",55841.513026786,"CAFI_P049",100
"13867",6606.42312678602,"CAFI_P049",25
"13868",26572.233036786,"CAFI_P049",50
"13869",56321.273796786,"CAFI_P049",100
"13870",1064.876146786,"CAFI_P049",25
"13871",15104.313796786,"CAFI_P049",50
"13872",51062.684316786,"CAFI_P049",100
"13873",33893.705896786,"CAFI_P049",25
"13874",72490.828196786,"CAFI_P049",50
"13875",78285.626146786,"CAFI_P049",100
"13876",25676.188066786,"CAFI_P049",25
"13877",44504.728806786,"CAFI_P049",50
"13878",71470.104116786,"CAFI_P049",100
"13879",20610.401016786,"CAFI_P049",25
"13880",37918.182006786,"CAFI_P049",50
"13881",72885.077496786,"CAFI_P049",100
"13882",17054.999366786,"CAFI_P049",25
"13883",30456.787866786,"CAFI_P049",50
"13884",71325.420186786,"CAFI_P049",100
"13885",12465.805206786,"CAFI_P049",25
"13886",60095.272486786,"CAFI_P049",50
"13887",89045.130416786,"CAFI_P049",100
"13888",-4312.30250321398,"CAFI_P049",25
"13889",40575.124096786,"CAFI_P049",50
"13890",67877.297506786,"CAFI_P049",100
"13891",11043.608946786,"CAFI_P049",25
"13892",27991.232076786,"CAFI_P049",50
"13893",54477.235236786,"CAFI_P049",100
"13894",20635.155706786,"CAFI_P049",25
"13895",-209.166483214009,"CAFI_P049",50
"13896",60491.841816786,"CAFI_P049",100
"13897",24855.491556786,"CAFI_P049",25
"13898",20670.686776786,"CAFI_P049",50
"13899",77895.565946786,"CAFI_P049",100
"13900",16246.511396786,"CAFI_P049",25
"13901",-746.789303213998,"CAFI_P049",50
"13902",98049.816426786,"CAFI_P049",100
"13903",9616.42333678601,"CAFI_P049",25
"13904",21376.780996786,"CAFI_P049",50
"13905",102797.970346786,"CAFI_P049",100
"13906",14823.292856786,"CAFI_P049",25
"13907",70447.762106786,"CAFI_P049",50
"13908",67637.993086786,"CAFI_P049",100
"13909",11146.510616786,"CAFI_P049",25
"13910",50094.489276786,"CAFI_P049",50
"13911",74467.062886786,"CAFI_P049",100
"13912",6527.69408678601,"CAFI_P049",25
"13913",28765.813016786,"CAFI_P049",50
"13914",77959.896486786,"CAFI_P049",100
"13915",24936.143056786,"CAFI_P049",25
"13916",4767.873726786,"CAFI_P049",50
"13917",50601.763406786,"CAFI_P049",100
"13918",1284.51323678601,"CAFI_P049",25
"13919",52334.872826786,"CAFI_P049",50
"13920",93717.221226786,"CAFI_P049",100
"13921",8705.36054678602,"CAFI_P049",25
"13922",50751.307096786,"CAFI_P049",50
"13923",60207.406606786,"CAFI_P049",100
"13924",25201.106976786,"CAFI_P049",25
"13925",29811.968016786,"CAFI_P049",50
"13926",79995.018466786,"CAFI_P049",100
"13927",-2409.105423214,"CAFI_P049",25
"13928",35758.790466786,"CAFI_P049",50
"13929",68279.423406786,"CAFI_P049",100
"13930",13667.826056786,"CAFI_P049",25
"13931",32212.414306786,"CAFI_P049",50
"13932",130734.943216786,"CAFI_P049",100
"13933",21907.508486786,"CAFI_P049",25
"13934",45115.098676786,"CAFI_P049",50
"13935",98310.641746786,"CAFI_P049",100
"13936",39502.271356786,"CAFI_P049",25
"13937",49414.853706786,"CAFI_P049",50
"13938",54553.014526786,"CAFI_P049",100
"13939",-1064.01534321401,"CAFI_P049",25
"13940",26240.873676786,"CAFI_P049",50
"13941",97090.585826786,"CAFI_P049",100
"13942",14337.290076786,"CAFI_P049",25
"13943",24803.497046786,"CAFI_P049",50
"13944",76049.680596786,"CAFI_P049",100
"13945",9457.131156786,"CAFI_P049",25
"13946",18135.240696786,"CAFI_P049",50
"13947",50217.978166786,"CAFI_P049",100
"13948",16353.855756786,"CAFI_P049",25
"13949",48439.556996786,"CAFI_P049",50
"13950",90129.452046786,"CAFI_P049",100
"13951",1899.257066786,"CAFI_P049",25
"13952",25423.881516786,"CAFI_P049",50
"13953",94076.204106786,"CAFI_P049",100
"13954",45050.245256786,"CAFI_P049",25
"13955",27608.461176786,"CAFI_P049",50
"13956",76763.850076786,"CAFI_P049",100
"13957",33554.198896786,"CAFI_P049",25
"13958",31849.571696786,"CAFI_P049",50
"13959",58016.404576786,"CAFI_P049",100
"13960",25517.142536786,"CAFI_P049",25
"13961",61231.368866786,"CAFI_P049",50
"13962",73796.318536786,"CAFI_P049",100
"13963",9673.128416786,"CAFI_P049",25
"13964",53670.730976786,"CAFI_P049",50
"13965",58637.712246786,"CAFI_P049",100
"13966",14543.221376786,"CAFI_P049",25
"13967",6222.867156786,"CAFI_P049",50
"13968",42019.643746786,"CAFI_P049",100
"13969",42578.816486786,"CAFI_P049",25
"13970",29211.764116786,"CAFI_P049",50
"13971",88276.782826786,"CAFI_P049",100
"13972",26136.124676786,"CAFI_P049",25
"13973",22508.472236786,"CAFI_P049",50
"13974",47644.638176786,"CAFI_P049",100
"13975",37273.925546786,"CAFI_P049",25
"13976",78503.009706786,"CAFI_P049",50
"13977",65528.614406786,"CAFI_P049",100
"13978",12644.393536786,"CAFI_P049",25
"13979",44348.025596786,"CAFI_P049",50
"13980",43727.860006786,"CAFI_P049",100
"13981",27254.760636786,"CAFI_P049",25
"13982",10866.749606786,"CAFI_P049",50
"13983",61983.472936786,"CAFI_P049",100
"13984",46493.529916786,"CAFI_P049",25
"13985",14494.317836786,"CAFI_P049",50
"13986",78077.996376786,"CAFI_P049",100
"13987",23691.440626786,"CAFI_P049",25
"13988",30986.764396786,"CAFI_P049",50
"13989",63829.403126786,"CAFI_P049",100
"13990",16815.615616786,"CAFI_P049",25
"13991",28168.592786786,"CAFI_P049",50
"13992",113914.348746786,"CAFI_P049",100
"13993",21096.118146786,"CAFI_P049",25
"13994",59193.293046786,"CAFI_P049",50
"13995",64532.446706786,"CAFI_P049",100
"13996",25589.373316786,"CAFI_P049",25
"13997",10908.107766786,"CAFI_P049",50
"13998",61126.563506786,"CAFI_P049",100
"13999",15019.754606786,"CAFI_P049",25
"14000",44820.362456786,"CAFI_P049",50
"14001",46194.877026786,"CAFI_P049",100
"14002",1455.43983678601,"CAFI_P049",25
"14003",-3481.69355321399,"CAFI_P049",50
"14004",56905.072756786,"CAFI_P049",100
"14005",36201.435516786,"CAFI_P049",25
"14006",37959.015376786,"CAFI_P049",50
"14007",91823.318636786,"CAFI_P049",100
"14008",29548.141006786,"CAFI_P049",25
"14009",28725.134156786,"CAFI_P049",50
"14010",77003.355686786,"CAFI_P049",100
"14011",16941.738856786,"CAFI_P049",25
"14012",59446.251426786,"CAFI_P049",50
"14013",73230.240646786,"CAFI_P049",100
"14014",30617.030116786,"CAFI_P049",25
"14015",19849.128086786,"CAFI_P049",50
"14016",85374.713236786,"CAFI_P049",100
"14017",3889.844246786,"CAFI_P049",25
"14018",32813.080416786,"CAFI_P049",50
"14019",70374.867656786,"CAFI_P049",100
"14020",10782.868226786,"CAFI_P049",25
"14021",46802.986336786,"CAFI_P049",50
"14022",75994.957706786,"CAFI_P049",100
"14023",17811.185596786,"CAFI_P049",25
"14024",41494.607036786,"CAFI_P049",50
"14025",51721.701946786,"CAFI_P049",100
"14026",19515.934606786,"CAFI_P049",25
"14027",20667.147816786,"CAFI_P049",50
"14028",78053.280026786,"CAFI_P049",100
"14029",22752.841836786,"CAFI_P049",25
"14030",19753.530306786,"CAFI_P049",50
"14031",72551.405266786,"CAFI_P049",100
"14032",50477.972196786,"CAFI_P049",25
"14033",21407.324846786,"CAFI_P049",50
"14034",70102.679436786,"CAFI_P049",100
"14035",28252.653626786,"CAFI_P049",25
"14036",22531.817086786,"CAFI_P049",50
"14037",103327.228146786,"CAFI_P049",100
"14038",10708.185676786,"CAFI_P049",25
"14039",28269.254136786,"CAFI_P049",50
"14040",41797.789486786,"CAFI_P049",100
"14041",16367.675806786,"CAFI_P049",25
"14042",40029.364116786,"CAFI_P049",50
"14043",93411.603896786,"CAFI_P049",100
"14044",13663.318996786,"CAFI_P049",25
"14045",31458.582406786,"CAFI_P049",50
"14046",59621.267646786,"CAFI_P049",100
"14047",3834.53178678601,"CAFI_P049",25
"14048",41160.777076786,"CAFI_P049",50
"14049",44420.940386786,"CAFI_P049",100
"14050",10387.232526786,"CAFI_P049",25
"14051",28204.123206786,"CAFI_P049",50
"14052",81724.531566786,"CAFI_P049",100
"14053",13657.736006786,"CAFI_P049",25
"14054",11216.303526786,"CAFI_P049",50
"14055",84322.153796786,"CAFI_P049",100
"14056",22712.548236786,"CAFI_P049",25
"14057",40981.915346786,"CAFI_P049",50
"14058",85513.571226786,"CAFI_P049",100
"14059",16555.191596786,"CAFI_P049",25
"14060",28265.525596786,"CAFI_P049",50
"14061",88003.336586786,"CAFI_P049",100
"14062",24712.454726786,"CAFI_P049",25
"14063",36633.054376786,"CAFI_P049",50
"14064",34476.329726786,"CAFI_P049",100
"14065",22806.879456786,"CAFI_P049",25
"14066",18358.269156786,"CAFI_P049",50
"14067",93254.619066786,"CAFI_P049",100
"14068",22300.849516786,"CAFI_P049",25
"14069",27257.098466786,"CAFI_P049",50
"14070",79088.527326786,"CAFI_P049",100
"14071",2241.309866786,"CAFI_P049",25
"14072",21347.706426786,"CAFI_P049",50
"14073",43746.277896786,"CAFI_P049",100
"14074",10517.920816786,"CAFI_P049",25
"14075",32464.765556786,"CAFI_P049",50
"14076",83613.755886786,"CAFI_P049",100
"14077",3621.66468678601,"CAFI_P049",25
"14078",29051.264496786,"CAFI_P049",50
"14079",72365.816176786,"CAFI_P049",100
"14080",15690.452256786,"CAFI_P049",25
"14081",34196.432126786,"CAFI_P049",50
"14082",70890.523026786,"CAFI_P049",100
"14083",21641.964026786,"CAFI_P049",25
"14084",50230.021526786,"CAFI_P049",50
"14085",61945.148436786,"CAFI_P049",100
"14086",20469.345436786,"CAFI_P049",25
"14087",37512.237696786,"CAFI_P049",50
"14088",64916.965946786,"CAFI_P049",100
"14089",6708.435576786,"CAFI_P049",25
"14090",32454.607476786,"CAFI_P049",50
"14091",83089.113996786,"CAFI_P049",100
"14092",5597.075016786,"CAFI_P049",25
"14093",16041.425776786,"CAFI_P049",50
"14094",73198.683256786,"CAFI_P049",100
"14095",34302.280596786,"CAFI_P049",25
"14096",77896.644486786,"CAFI_P049",50
"14097",52210.580316786,"CAFI_P049",100
"14098",15219.230586786,"CAFI_P049",25
"14099",24296.303586786,"CAFI_P049",50
"14100",58663.973656786,"CAFI_P049",100
"14101",-2305.199498823,"CAFI_P050",25
"14102",-2485.24027882301,"CAFI_P050",50
"14103",923.103591177001,"CAFI_P050",100
"14104",-7596.015828823,"CAFI_P050",25
"14105",-8955.584998823,"CAFI_P050",50
"14106",491.047911176982,"CAFI_P050",100
"14107",43.179381177004,"CAFI_P050",25
"14108",-8078.45394882301,"CAFI_P050",50
"14109",1714.09751117698,"CAFI_P050",100
"14110",3130.87870117699,"CAFI_P050",25
"14111",-1765.62066882302,"CAFI_P050",50
"14112",-6654.36078882302,"CAFI_P050",100
"14113",-2960.663508823,"CAFI_P050",25
"14114",9258.36545117697,"CAFI_P050",50
"14115",-5209.48691882301,"CAFI_P050",100
"14116",24670.102361177,"CAFI_P050",25
"14117",-911.38427882301,"CAFI_P050",50
"14118",16070.867821177,"CAFI_P050",100
"14119",1272.91970117699,"CAFI_P050",25
"14120",-4148.68608882301,"CAFI_P050",50
"14121",-5211.533838823,"CAFI_P050",100
"14122",-7930.867058823,"CAFI_P050",25
"14123",-4805.86694882301,"CAFI_P050",50
"14124",-736.116148822999,"CAFI_P050",100
"14125",2504.99343117699,"CAFI_P050",25
"14126",3101.86669117698,"CAFI_P050",50
"14127",11446.390811177,"CAFI_P050",100
"14128",192.49489117699,"CAFI_P050",25
"14129",-9193.40205882301,"CAFI_P050",50
"14130",-9165.682378823,"CAFI_P050",100
"14131",-11364.332088823,"CAFI_P050",25
"14132",233.986771177006,"CAFI_P050",50
"14133",-7864.907198823,"CAFI_P050",100
"14134",1840.765501177,"CAFI_P050",25
"14135",17329.393991177,"CAFI_P050",50
"14136",-7818.61422882302,"CAFI_P050",100
"14137",-608.825808823021,"CAFI_P050",25
"14138",878.536091176997,"CAFI_P050",50
"14139",-17837.432678823,"CAFI_P050",100
"14140",506.544001176982,"CAFI_P050",25
"14141",5530.28298117701,"CAFI_P050",50
"14142",-13804.762568823,"CAFI_P050",100
"14143",-5132.79698882301,"CAFI_P050",25
"14144",-198.295208822994,"CAFI_P050",50
"14145",-5293.770128823,"CAFI_P050",100
"14146",14159.361501177,"CAFI_P050",25
"14147",-980.038038822997,"CAFI_P050",50
"14148",-14773.003398823,"CAFI_P050",100
"14149",-4213.946138823,"CAFI_P050",25
"14150",1531.421801177,"CAFI_P050",50
"14151",12204.447861177,"CAFI_P050",100
"14152",4408.95090117698,"CAFI_P050",25
"14153",-2717.00663882302,"CAFI_P050",50
"14154",14598.977941177,"CAFI_P050",100
"14155",-6269.678078823,"CAFI_P050",25
"14156",-6918.72413882302,"CAFI_P050",50
"14157",3626.871781177,"CAFI_P050",100
"14158",2970.38642117698,"CAFI_P050",25
"14159",-20429.329238823,"CAFI_P050",50
"14160",-4217.756708823,"CAFI_P050",100
"14161",5078.203101177,"CAFI_P050",25
"14162",-6014.35120882301,"CAFI_P050",50
"14163",23121.822701177,"CAFI_P050",100
"14164",-13520.993778823,"CAFI_P050",25
"14165",11217.002191177,"CAFI_P050",50
"14166",8946.28468117697,"CAFI_P050",100
"14167",2047.883751177,"CAFI_P050",25
"14168",807.981151176995,"CAFI_P050",50
"14169",-16948.625158823,"CAFI_P050",100
"14170",-8468.10810882301,"CAFI_P050",25
"14171",3880.76945117698,"CAFI_P050",50
"14172",23853.978661177,"CAFI_P050",100
"14173",-1227.646618823,"CAFI_P050",25
"14174",-2553.01911882299,"CAFI_P050",50
"14175",-9555.371728823,"CAFI_P050",100
"14176",754.881371177005,"CAFI_P050",25
"14177",-9048.64824882301,"CAFI_P050",50
"14178",15403.621641177,"CAFI_P050",100
"14179",10996.084291177,"CAFI_P050",25
"14180",1049.40076117701,"CAFI_P050",50
"14181",1327.38537117699,"CAFI_P050",100
"14182",6260.451511177,"CAFI_P050",25
"14183",2182.188451177,"CAFI_P050",50
"14184",-19311.544128823,"CAFI_P050",100
"14185",-7280.408188823,"CAFI_P050",25
"14186",-20091.443338823,"CAFI_P050",50
"14187",500.457621176989,"CAFI_P050",100
"14188",-1812.008588823,"CAFI_P050",25
"14189",-9456.40597882299,"CAFI_P050",50
"14190",8164.068381177,"CAFI_P050",100
"14191",-7352.36579882301,"CAFI_P050",25
"14192",-2247.55267882301,"CAFI_P050",50
"14193",-3037.047128823,"CAFI_P050",100
"14194",-4082.80345882301,"CAFI_P050",25
"14195",30785.025931177,"CAFI_P050",50
"14196",-6411.83193882302,"CAFI_P050",100
"14197",-2321.38364882302,"CAFI_P050",25
"14198",-9498.97963882302,"CAFI_P050",50
"14199",-1259.80676882301,"CAFI_P050",100
"14200",13666.165761177,"CAFI_P050",25
"14201",9428.50001117701,"CAFI_P050",50
"14202",-11700.401868823,"CAFI_P050",100
"14203",-3328.81897882299,"CAFI_P050",25
"14204",2722.46779117698,"CAFI_P050",50
"14205",21052.571181177,"CAFI_P050",100
"14206",-3325.835498823,"CAFI_P050",25
"14207",-1496.07013882301,"CAFI_P050",50
"14208",11374.806401177,"CAFI_P050",100
"14209",-3537.552918823,"CAFI_P050",25
"14210",-25079.358038823,"CAFI_P050",50
"14211",13773.503961177,"CAFI_P050",100
"14212",1638.172141177,"CAFI_P050",25
"14213",-10361.896788823,"CAFI_P050",50
"14214",-15029.533888823,"CAFI_P050",100
"14215",4027.56993117699,"CAFI_P050",25
"14216",-788.64917882302,"CAFI_P050",50
"14217",-5083.96798882302,"CAFI_P050",100
"14218",1156.99182117698,"CAFI_P050",25
"14219",12577.623701177,"CAFI_P050",50
"14220",-130.781478823017,"CAFI_P050",100
"14221",-6821.80928882302,"CAFI_P050",25
"14222",4005.51363117699,"CAFI_P050",50
"14223",1724.762761177,"CAFI_P050",100
"14224",-5057.70493882301,"CAFI_P050",25
"14225",3789.26789117701,"CAFI_P050",50
"14226",-5524.54831882301,"CAFI_P050",100
"14227",-4408.418148823,"CAFI_P050",25
"14228",8526.325291177,"CAFI_P050",50
"14229",15919.513441177,"CAFI_P050",100
"14230",7658.80507117699,"CAFI_P050",25
"14231",3165.715481177,"CAFI_P050",50
"14232",4459.73978117699,"CAFI_P050",100
"14233",5839.113891177,"CAFI_P050",25
"14234",-3214.81505882301,"CAFI_P050",50
"14235",-5140.956638823,"CAFI_P050",100
"14236",-9367.98346882302,"CAFI_P050",25
"14237",-6803.84528882301,"CAFI_P050",50
"14238",-759.464948823006,"CAFI_P050",100
"14239",-12206.650698823,"CAFI_P050",25
"14240",21535.508501177,"CAFI_P050",50
"14241",6773.37276117699,"CAFI_P050",100
"14242",-6195.50651882301,"CAFI_P050",25
"14243",-12765.358648823,"CAFI_P050",50
"14244",6594.81120117698,"CAFI_P050",100
"14245",10274.683221177,"CAFI_P050",25
"14246",3357.45997117698,"CAFI_P050",50
"14247",1540.90549117699,"CAFI_P050",100
"14248",12310.455301177,"CAFI_P050",25
"14249",3388.45358117699,"CAFI_P050",50
"14250",-20619.362688823,"CAFI_P050",100
"14251",1625.28355117698,"CAFI_P050",25
"14252",10390.142021177,"CAFI_P050",50
"14253",-8237.92300882301,"CAFI_P050",100
"14254",-3379.51730882301,"CAFI_P050",25
"14255",-744.473208823008,"CAFI_P050",50
"14256",-1146.10492882301,"CAFI_P050",100
"14257",7320.667551177,"CAFI_P050",25
"14258",4874.76543117699,"CAFI_P050",50
"14259",29450.688641177,"CAFI_P050",100
"14260",8804.91601117697,"CAFI_P050",25
"14261",-1105.216598823,"CAFI_P050",50
"14262",-17386.700628823,"CAFI_P050",100
"14263",4440.765291177,"CAFI_P050",25
"14264",-1006.42628882302,"CAFI_P050",50
"14265",-13651.033648823,"CAFI_P050",100
"14266",-7550.10127882301,"CAFI_P050",25
"14267",-16767.984628823,"CAFI_P050",50
"14268",4650.87463117699,"CAFI_P050",100
"14269",3035.04364117701,"CAFI_P050",25
"14270",3202.03295117698,"CAFI_P050",50
"14271",-3369.98435882301,"CAFI_P050",100
"14272",10112.227641177,"CAFI_P050",25
"14273",-8080.002458823,"CAFI_P050",50
"14274",9047.40367117702,"CAFI_P050",100
"14275",-2574.72038882301,"CAFI_P050",25
"14276",-5766.88622882302,"CAFI_P050",50
"14277",-1733.47182882301,"CAFI_P050",100
"14278",6630.45299117698,"CAFI_P050",25
"14279",4406.80244117699,"CAFI_P050",50
"14280",15801.890561177,"CAFI_P050",100
"14281",-2130.29826882301,"CAFI_P050",25
"14282",4991.986101177,"CAFI_P050",50
"14283",25804.988481177,"CAFI_P050",100
"14284",11259.502921177,"CAFI_P050",25
"14285",-885.820808823017,"CAFI_P050",50
"14286",5853.63042117699,"CAFI_P050",100
"14287",2500.833051177,"CAFI_P050",25
"14288",-14452.388628823,"CAFI_P050",50
"14289",-13363.858088823,"CAFI_P050",100
"14290",-5016.98617882302,"CAFI_P050",25
"14291",6463.345591177,"CAFI_P050",50
"14292",7822.62143117699,"CAFI_P050",100
"14293",-2987.32760882302,"CAFI_P050",25
"14294",-13015.953128823,"CAFI_P050",50
"14295",3379.549201177,"CAFI_P050",100
"14296",-2983.879568823,"CAFI_P050",25
"14297",13619.580441177,"CAFI_P050",50
"14298",-1314.514418823,"CAFI_P050",100
"14299",-295.364808823011,"CAFI_P050",25
"14300",8330.295571177,"CAFI_P050",50
"14301",-16029.274588823,"CAFI_P050",100
"14302",-1304.25922882301,"CAFI_P050",25
"14303",-8950.59449882302,"CAFI_P050",50
"14304",21783.145321177,"CAFI_P050",100
"14305",-766.543368823011,"CAFI_P050",25
"14306",-3844.08461882302,"CAFI_P050",50
"14307",-1368.79417882301,"CAFI_P050",100
"14308",-2430.981558823,"CAFI_P050",25
"14309",16671.123191177,"CAFI_P050",50
"14310",-1114.876888823,"CAFI_P050",100
"14311",-3858.945848823,"CAFI_P050",25
"14312",-7116.46884882302,"CAFI_P050",50
"14313",-1786.07632882299,"CAFI_P050",100
"14314",8230.58826117698,"CAFI_P050",25
"14315",21583.191111177,"CAFI_P050",50
"14316",11314.596081177,"CAFI_P050",100
"14317",-5462.725088823,"CAFI_P050",25
"14318",19206.000521177,"CAFI_P050",50
"14319",-4733.13108882299,"CAFI_P050",100
"14320",-13263.384328823,"CAFI_P050",25
"14321",6279.592231177,"CAFI_P050",50
"14322",-519.566038823017,"CAFI_P050",100
"14323",-2284.09209882302,"CAFI_P050",25
"14324",7313.00930117696,"CAFI_P050",50
"14325",-5828.51644882301,"CAFI_P050",100
"14326",6970.08210117699,"CAFI_P050",25
"14327",-6238.038788823,"CAFI_P050",50
"14328",-20225.680738823,"CAFI_P050",100
"14329",-2600.55904882299,"CAFI_P050",25
"14330",3605.87574117701,"CAFI_P050",50
"14331",-2221.06098882301,"CAFI_P050",100
"14332",3785.54731117698,"CAFI_P050",25
"14333",17818.233931177,"CAFI_P050",50
"14334",9351.25345117701,"CAFI_P050",100
"14335",-1898.14974882299,"CAFI_P050",25
"14336",5962.748741177,"CAFI_P050",50
"14337",2901.40932117699,"CAFI_P050",100
"14338",-5223.26570882302,"CAFI_P050",25
"14339",-470.231348822999,"CAFI_P050",50
"14340",-12868.318518823,"CAFI_P050",100
"14341",2989.74602117698,"CAFI_P050",25
"14342",-17528.527148823,"CAFI_P050",50
"14343",1009.312441177,"CAFI_P050",100
"14344",4937.25936117698,"CAFI_P050",25
"14345",-3267.392338823,"CAFI_P050",50
"14346",-9060.08078882302,"CAFI_P050",100
"14347",-13664.369698823,"CAFI_P050",25
"14348",2296.37305117698,"CAFI_P050",50
"14349",2033.72771117699,"CAFI_P050",100
"14350",-4.33215882300283,"CAFI_P050",25
"14351",15720.311411177,"CAFI_P050",50
"14352",-3276.725818823,"CAFI_P050",100
"14353",-6691.64013882302,"CAFI_P050",25
"14354",5046.65192117699,"CAFI_P050",50
"14355",-8065.97330882301,"CAFI_P050",100
"14356",-4273.22630882301,"CAFI_P050",25
"14357",-14736.187438823,"CAFI_P050",50
"14358",-15965.312898823,"CAFI_P050",100
"14359",1271.01897117699,"CAFI_P050",25
"14360",-4538.53366882302,"CAFI_P050",50
"14361",1934.283141177,"CAFI_P050",100
"14362",-6230.53465882302,"CAFI_P050",25
"14363",-87.6207988230162,"CAFI_P050",50
"14364",23606.052061177,"CAFI_P050",100
"14365",3503.16645117701,"CAFI_P050",25
"14366",20860.199991177,"CAFI_P050",50
"14367",-3387.42831882302,"CAFI_P050",100
"14368",6936.52219117701,"CAFI_P050",25
"14369",-3689.494978823,"CAFI_P050",50
"14370",25257.458471177,"CAFI_P050",100
"14371",-2906.182398823,"CAFI_P050",25
"14372",-8289.74071882301,"CAFI_P050",50
"14373",5295.511561177,"CAFI_P050",100
"14374",-671.866688823007,"CAFI_P050",25
"14375",3590.138671177,"CAFI_P050",50
"14376",-14931.241548823,"CAFI_P050",100
"14377",1065.38110117699,"CAFI_P050",25
"14378",-4685.186098823,"CAFI_P050",50
"14379",24188.326401177,"CAFI_P050",100
"14380",1948.46727117698,"CAFI_P050",25
"14381",4171.69923117699,"CAFI_P050",50
"14382",-10498.291138823,"CAFI_P050",100
"14383",8787.17184117701,"CAFI_P050",25
"14384",-15189.163168823,"CAFI_P050",50
"14385",913.06613117698,"CAFI_P050",100
"14386",-6926.982808823,"CAFI_P050",25
"14387",-5759.43172882299,"CAFI_P050",50
"14388",-629.855298823008,"CAFI_P050",100
"14389",6516.97474117699,"CAFI_P050",25
"14390",-13050.012948823,"CAFI_P050",50
"14391",-5127.482048823,"CAFI_P050",100
"14392",-8576.44565882301,"CAFI_P050",25
"14393",462.870901176997,"CAFI_P050",50
"14394",24628.579591177,"CAFI_P050",100
"14395",-4674.56747882301,"CAFI_P050",25
"14396",-1045.24207882301,"CAFI_P050",50
"14397",5743.16761117699,"CAFI_P050",100
"14398",-6277.71903882301,"CAFI_P050",25
"14399",-4192.52326882302,"CAFI_P050",50
"14400",1819.57064117698,"CAFI_P050",100
"14401",7791.08771530099,"CAFI_P051",25
"14402",-3315.12800469901,"CAFI_P051",50
"14403",-10608.683164699,"CAFI_P051",100
"14404",17934.342015301,"CAFI_P051",25
"14405",35.6762253009947,"CAFI_P051",50
"14406",13625.613315301,"CAFI_P051",100
"14407",-444.498754699016,"CAFI_P051",25
"14408",2183.651855301,"CAFI_P051",50
"14409",5156.438415301,"CAFI_P051",100
"14410",-6639.47896469902,"CAFI_P051",25
"14411",8749.00738530097,"CAFI_P051",50
"14412",-14939.566884699,"CAFI_P051",100
"14413",-2421.71077469902,"CAFI_P051",25
"14414",-6706.07762469901,"CAFI_P051",50
"14415",4159.26565530096,"CAFI_P051",100
"14416",-11331.893354699,"CAFI_P051",25
"14417",6463.954995301,"CAFI_P051",50
"14418",5400.877275301,"CAFI_P051",100
"14419",-7553.25483469901,"CAFI_P051",25
"14420",9745.17949530101,"CAFI_P051",50
"14421",-1880.657834699,"CAFI_P051",100
"14422",-5532.49857469901,"CAFI_P051",25
"14423",-501.425004699006,"CAFI_P051",50
"14424",-7591.47857469902,"CAFI_P051",100
"14425",12864.828745301,"CAFI_P051",25
"14426",4822.73850530098,"CAFI_P051",50
"14427",-9973.71841469902,"CAFI_P051",100
"14428",-4325.68043469902,"CAFI_P051",25
"14429",-15003.757924699,"CAFI_P051",50
"14430",-7056.082484699,"CAFI_P051",100
"14431",3574.15251530099,"CAFI_P051",25
"14432",-4671.81436469901,"CAFI_P051",50
"14433",-18453.263434699,"CAFI_P051",100
"14434",-2786.47149469901,"CAFI_P051",25
"14435",-13279.576884699,"CAFI_P051",50
"14436",4973.41836530101,"CAFI_P051",100
"14437",-5102.29767469902,"CAFI_P051",25
"14438",-12716.933524699,"CAFI_P051",50
"14439",-4363.87402469901,"CAFI_P051",100
"14440",5498.51915530101,"CAFI_P051",25
"14441",1377.310555301,"CAFI_P051",50
"14442",-10450.797354699,"CAFI_P051",100
"14443",-9358.11199469902,"CAFI_P051",25
"14444",-21762.324644699,"CAFI_P051",50
"14445",-14471.203944699,"CAFI_P051",100
"14446",12231.438335301,"CAFI_P051",25
"14447",-19152.782814699,"CAFI_P051",50
"14448",4213.79045530097,"CAFI_P051",100
"14449",-13830.617724699,"CAFI_P051",25
"14450",-2047.81277469901,"CAFI_P051",50
"14451",-8175.250694699,"CAFI_P051",100
"14452",-6068.338214699,"CAFI_P051",25
"14453",-23295.643584699,"CAFI_P051",50
"14454",-18940.494014699,"CAFI_P051",100
"14455",4544.78140530098,"CAFI_P051",25
"14456",-1772.033904699,"CAFI_P051",50
"14457",-2430.18774469901,"CAFI_P051",100
"14458",8871.70880530096,"CAFI_P051",25
"14459",5591.50025530098,"CAFI_P051",50
"14460",-32182.329914699,"CAFI_P051",100
"14461",6949.05394530101,"CAFI_P051",25
"14462",-7297.569214699,"CAFI_P051",50
"14463",-12576.251464699,"CAFI_P051",100
"14464",7365.20389530101,"CAFI_P051",25
"14465",10336.962805301,"CAFI_P051",50
"14466",-25076.070814699,"CAFI_P051",100
"14467",-9029.788954699,"CAFI_P051",25
"14468",9652.13595530097,"CAFI_P051",50
"14469",-5784.48947469902,"CAFI_P051",100
"14470",6350.706945301,"CAFI_P051",25
"14471",212.023065300978,"CAFI_P051",50
"14472",-9235.41582469901,"CAFI_P051",100
"14473",-1654.82194469901,"CAFI_P051",25
"14474",-12387.423624699,"CAFI_P051",50
"14475",-10453.103914699,"CAFI_P051",100
"14476",-7754.73408469901,"CAFI_P051",25
"14477",2580.86856530097,"CAFI_P051",50
"14478",-14834.767504699,"CAFI_P051",100
"14479",-7571.67265469901,"CAFI_P051",25
"14480",-1244.19659469902,"CAFI_P051",50
"14481",-8628.88104469902,"CAFI_P051",100
"14482",10239.491015301,"CAFI_P051",25
"14483",-7681.45879469902,"CAFI_P051",50
"14484",1653.34209530099,"CAFI_P051",100
"14485",5583.53201530097,"CAFI_P051",25
"14486",8434.259675301,"CAFI_P051",50
"14487",-17811.971824699,"CAFI_P051",100
"14488",-7668.94081469902,"CAFI_P051",25
"14489",965.943245300994,"CAFI_P051",50
"14490",-3141.63941469902,"CAFI_P051",100
"14491",5443.433415301,"CAFI_P051",25
"14492",9563.88171530099,"CAFI_P051",50
"14493",-6332.29856469901,"CAFI_P051",100
"14494",8058.813155301,"CAFI_P051",25
"14495",-15320.862074699,"CAFI_P051",50
"14496",-15153.306394699,"CAFI_P051",100
"14497",5503.66317530102,"CAFI_P051",25
"14498",16069.307915301,"CAFI_P051",50
"14499",-22013.207574699,"CAFI_P051",100
"14500",1035.99702530098,"CAFI_P051",25
"14501",-4764.943954699,"CAFI_P051",50
"14502",-6103.85640469901,"CAFI_P051",100
"14503",-3989.57456469903,"CAFI_P051",25
"14504",5184.28769530097,"CAFI_P051",50
"14505",-22246.301104699,"CAFI_P051",100
"14506",-3303.86278469901,"CAFI_P051",25
"14507",5935.86803530101,"CAFI_P051",50
"14508",19248.993015301,"CAFI_P051",100
"14509",-2993.674354699,"CAFI_P051",25
"14510",-5604.89144469902,"CAFI_P051",50
"14511",-3062.13879469901,"CAFI_P051",100
"14512",5139.21283530098,"CAFI_P051",25
"14513",-21157.491494699,"CAFI_P051",50
"14514",-7959.98808469903,"CAFI_P051",100
"14515",7313.96908530101,"CAFI_P051",25
"14516",-3898.616964699,"CAFI_P051",50
"14517",2099.93723530098,"CAFI_P051",100
"14518",4065.67729530096,"CAFI_P051",25
"14519",-6897.78454469901,"CAFI_P051",50
"14520",-20155.474474699,"CAFI_P051",100
"14521",7021.21133530096,"CAFI_P051",25
"14522",11775.664085301,"CAFI_P051",50
"14523",14255.829135301,"CAFI_P051",100
"14524",-38.9561346990231,"CAFI_P051",25
"14525",-5756.85045469902,"CAFI_P051",50
"14526",-13706.991704699,"CAFI_P051",100
"14527",-6508.11645469902,"CAFI_P051",25
"14528",852.114695300988,"CAFI_P051",50
"14529",-3364.60315469903,"CAFI_P051",100
"14530",1555.946055301,"CAFI_P051",25
"14531",10091.010955301,"CAFI_P051",50
"14532",-3995.19237469902,"CAFI_P051",100
"14533",6318.22299530098,"CAFI_P051",25
"14534",-11633.209064699,"CAFI_P051",50
"14535",-14175.629994699,"CAFI_P051",100
"14536",-4323.011044699,"CAFI_P051",25
"14537",-11874.630004699,"CAFI_P051",50
"14538",-16633.872714699,"CAFI_P051",100
"14539",11307.974305301,"CAFI_P051",25
"14540",7835.55665530098,"CAFI_P051",50
"14541",-22349.588444699,"CAFI_P051",100
"14542",-4887.757784699,"CAFI_P051",25
"14543",7634.16043530099,"CAFI_P051",50
"14544",-13537.421694699,"CAFI_P051",100
"14545",-19432.455004699,"CAFI_P051",25
"14546",8380.64602530099,"CAFI_P051",50
"14547",-14658.372324699,"CAFI_P051",100
"14548",-12116.953274699,"CAFI_P051",25
"14549",-13293.010034699,"CAFI_P051",50
"14550",-10817.924584699,"CAFI_P051",100
"14551",8004.71796530098,"CAFI_P051",25
"14552",-507.394174699002,"CAFI_P051",50
"14553",-13431.257424699,"CAFI_P051",100
"14554",1220.75049530098,"CAFI_P051",25
"14555",20066.800785301,"CAFI_P051",50
"14556",-20053.340024699,"CAFI_P051",100
"14557",-8006.02341469901,"CAFI_P051",25
"14558",-603.670544699009,"CAFI_P051",50
"14559",-10302.429364699,"CAFI_P051",100
"14560",-11936.716224699,"CAFI_P051",25
"14561",-12508.922574699,"CAFI_P051",50
"14562",10615.426355301,"CAFI_P051",100
"14563",-9655.71636469901,"CAFI_P051",25
"14564",-10398.162754699,"CAFI_P051",50
"14565",-3473.24174469901,"CAFI_P051",100
"14566",7516.21390530097,"CAFI_P051",25
"14567",-1083.91439469901,"CAFI_P051",50
"14568",-655.799224699003,"CAFI_P051",100
"14569",-9076.64997469902,"CAFI_P051",25
"14570",-8222.212954699,"CAFI_P051",50
"14571",-9569.59244469902,"CAFI_P051",100
"14572",998.688145300985,"CAFI_P051",25
"14573",-6030.80023469901,"CAFI_P051",50
"14574",-17800.859784699,"CAFI_P051",100
"14575",-12000.432444699,"CAFI_P051",25
"14576",-1612.36249469902,"CAFI_P051",50
"14577",-16825.357494699,"CAFI_P051",100
"14578",-4459.075214699,"CAFI_P051",25
"14579",-684.433634699002,"CAFI_P051",50
"14580",3431.75395530098,"CAFI_P051",100
"14581",-1643.72008469902,"CAFI_P051",25
"14582",7325.347065301,"CAFI_P051",50
"14583",4304.21432530097,"CAFI_P051",100
"14584",-2833.10801469901,"CAFI_P051",25
"14585",7476.72044530101,"CAFI_P051",50
"14586",-16776.766474699,"CAFI_P051",100
"14587",113.137015300978,"CAFI_P051",25
"14588",-1258.10473469901,"CAFI_P051",50
"14589",-8063.95799469901,"CAFI_P051",100
"14590",-19115.359164699,"CAFI_P051",25
"14591",7739.685525301,"CAFI_P051",50
"14592",12005.468685301,"CAFI_P051",100
"14593",-3027.51928469902,"CAFI_P051",25
"14594",-7591.726064699,"CAFI_P051",50
"14595",-23430.031644699,"CAFI_P051",100
"14596",-15870.197154699,"CAFI_P051",25
"14597",4317.70805530102,"CAFI_P051",50
"14598",-26526.417834699,"CAFI_P051",100
"14599",-2539.95656469901,"CAFI_P051",25
"14600",-16556.826504699,"CAFI_P051",50
"14601",-3271.05004469902,"CAFI_P051",100
"14602",-14610.957514699,"CAFI_P051",25
"14603",-10998.546164699,"CAFI_P051",50
"14604",10521.508795301,"CAFI_P051",100
"14605",1598.40867530098,"CAFI_P051",25
"14606",-7844.516904699,"CAFI_P051",50
"14607",-7437.497384699,"CAFI_P051",100
"14608",-3165.76953469901,"CAFI_P051",25
"14609",3298.50353530099,"CAFI_P051",50
"14610",5277.68124530101,"CAFI_P051",100
"14611",-5566.45041469901,"CAFI_P051",25
"14612",338.757875300973,"CAFI_P051",50
"14613",122.15295530099,"CAFI_P051",100
"14614",-5629.15859469902,"CAFI_P051",25
"14615",8175.60726530096,"CAFI_P051",50
"14616",13121.415635301,"CAFI_P051",100
"14617",2263.01813530098,"CAFI_P051",25
"14618",-12693.223514699,"CAFI_P051",50
"14619",3925.062535301,"CAFI_P051",100
"14620",-1472.873664699,"CAFI_P051",25
"14621",6348.12167530096,"CAFI_P051",50
"14622",14114.204885301,"CAFI_P051",100
"14623",-5750.86416469901,"CAFI_P051",25
"14624",-7730.303214699,"CAFI_P051",50
"14625",-7616.992514699,"CAFI_P051",100
"14626",10324.089825301,"CAFI_P051",25
"14627",-20501.317234699,"CAFI_P051",50
"14628",-12867.705954699,"CAFI_P051",100
"14629",-6480.20958469901,"CAFI_P051",25
"14630",-151.669974699005,"CAFI_P051",50
"14631",-13450.432284699,"CAFI_P051",100
"14632",4368.48213530096,"CAFI_P051",25
"14633",-7961.57110469902,"CAFI_P051",50
"14634",2990.20213530099,"CAFI_P051",100
"14635",14141.440195301,"CAFI_P051",25
"14636",-936.943304699002,"CAFI_P051",50
"14637",6188.97921530096,"CAFI_P051",100
"14638",1333.54714530098,"CAFI_P051",25
"14639",-20683.507984699,"CAFI_P051",50
"14640",-12039.537464699,"CAFI_P051",100
"14641",-3470.96443469901,"CAFI_P051",25
"14642",-8140.99838469902,"CAFI_P051",50
"14643",2691.546505301,"CAFI_P051",100
"14644",-10694.178784699,"CAFI_P051",25
"14645",-9744.067054699,"CAFI_P051",50
"14646",7577.34911530101,"CAFI_P051",100
"14647",-17609.762434699,"CAFI_P051",25
"14648",-4365.245094699,"CAFI_P051",50
"14649",368.422965300997,"CAFI_P051",100
"14650",-15667.364174699,"CAFI_P051",25
"14651",-14834.935964699,"CAFI_P051",50
"14652",-17705.394924699,"CAFI_P051",100
"14653",-5140.36911469902,"CAFI_P051",25
"14654",4223.89166530097,"CAFI_P051",50
"14655",-9361.16191469901,"CAFI_P051",100
"14656",573.262055300991,"CAFI_P051",25
"14657",-9045.36184469901,"CAFI_P051",50
"14658",-4457.29645469901,"CAFI_P051",100
"14659",3391.054635301,"CAFI_P051",25
"14660",-280.828664699016,"CAFI_P051",50
"14661",-7897.20689469902,"CAFI_P051",100
"14662",12038.083515301,"CAFI_P051",25
"14663",14876.449275301,"CAFI_P051",50
"14664",-23825.360734699,"CAFI_P051",100
"14665",1404.66526530098,"CAFI_P051",25
"14666",1540.98871530098,"CAFI_P051",50
"14667",2362.93502530098,"CAFI_P051",100
"14668",-5978.897564699,"CAFI_P051",25
"14669",-2886.00589469902,"CAFI_P051",50
"14670",555.93658530098,"CAFI_P051",100
"14671",-4671.16887469901,"CAFI_P051",25
"14672",-22193.767784699,"CAFI_P051",50
"14673",-5539.37373469901,"CAFI_P051",100
"14674",2458.048695301,"CAFI_P051",25
"14675",11537.412925301,"CAFI_P051",50
"14676",-6755.16670469902,"CAFI_P051",100
"14677",-8348.17815469901,"CAFI_P051",25
"14678",-16181.546134699,"CAFI_P051",50
"14679",-18685.390754699,"CAFI_P051",100
"14680",3705.95753530102,"CAFI_P051",25
"14681",-10330.880274699,"CAFI_P051",50
"14682",-7141.008724699,"CAFI_P051",100
"14683",-7031.019124699,"CAFI_P051",25
"14684",-13288.956014699,"CAFI_P051",50
"14685",-469.444314699009,"CAFI_P051",100
"14686",7625.62122530097,"CAFI_P051",25
"14687",4502.95585530097,"CAFI_P051",50
"14688",3334.52741530098,"CAFI_P051",100
"14689",-4162.41938469902,"CAFI_P051",25
"14690",1197.29347530098,"CAFI_P051",50
"14691",-6863.543124699,"CAFI_P051",100
"14692",14315.856085301,"CAFI_P051",25
"14693",9387.51106530099,"CAFI_P051",50
"14694",-2150.76723469901,"CAFI_P051",100
"14695",1283.409515301,"CAFI_P051",25
"14696",-19513.309414699,"CAFI_P051",50
"14697",-13266.238104699,"CAFI_P051",100
"14698",2153.16393530098,"CAFI_P051",25
"14699",17851.353545301,"CAFI_P051",50
"14700",-21834.982924699,"CAFI_P051",100
"14701",-5552.09003787901,"CAFI_P052",25
"14702",-16661.064977879,"CAFI_P052",50
"14703",-19735.818827879,"CAFI_P052",100
"14704",-1104.50573787902,"CAFI_P052",25
"14705",-9259.727527879,"CAFI_P052",50
"14706",-21675.189957879,"CAFI_P052",100
"14707",-11092.446007879,"CAFI_P052",25
"14708",2844.47023212098,"CAFI_P052",50
"14709",-21100.037027879,"CAFI_P052",100
"14710",-12933.447807879,"CAFI_P052",25
"14711",4556.91077212099,"CAFI_P052",50
"14712",-13993.696537879,"CAFI_P052",100
"14713",-1016.45983787903,"CAFI_P052",25
"14714",-13859.322067879,"CAFI_P052",50
"14715",-13832.534667879,"CAFI_P052",100
"14716",1743.02216212099,"CAFI_P052",25
"14717",-8454.79879787902,"CAFI_P052",50
"14718",6923.97986212099,"CAFI_P052",100
"14719",-11372.203267879,"CAFI_P052",25
"14720",-4046.25274787901,"CAFI_P052",50
"14721",-8131.09725787901,"CAFI_P052",100
"14722",-692.303957879019,"CAFI_P052",25
"14723",-5541.97542787902,"CAFI_P052",50
"14724",-21520.142927879,"CAFI_P052",100
"14725",3780.78924212098,"CAFI_P052",25
"14726",-7999.16271787902,"CAFI_P052",50
"14727",-12079.479397879,"CAFI_P052",100
"14728",-2458.95590787902,"CAFI_P052",25
"14729",-7128.79824787902,"CAFI_P052",50
"14730",-22560.578047879,"CAFI_P052",100
"14731",-11138.575377879,"CAFI_P052",25
"14732",-7788.78284787902,"CAFI_P052",50
"14733",-6288.71607787901,"CAFI_P052",100
"14734",-154.697557879001,"CAFI_P052",25
"14735",-12112.930967879,"CAFI_P052",50
"14736",-13737.343657879,"CAFI_P052",100
"14737",-4565.04671787901,"CAFI_P052",25
"14738",-17751.629157879,"CAFI_P052",50
"14739",-13052.844847879,"CAFI_P052",100
"14740",-17733.433757879,"CAFI_P052",25
"14741",7536.80234212099,"CAFI_P052",50
"14742",-17711.486077879,"CAFI_P052",100
"14743",-78.0672578790109,"CAFI_P052",25
"14744",-18413.321267879,"CAFI_P052",50
"14745",-5918.15718787903,"CAFI_P052",100
"14746",10541.349502121,"CAFI_P052",25
"14747",-12168.098167879,"CAFI_P052",50
"14748",-18698.384387879,"CAFI_P052",100
"14749",5667.211692121,"CAFI_P052",25
"14750",-14573.174747879,"CAFI_P052",50
"14751",-23739.202467879,"CAFI_P052",100
"14752",-3946.02864787902,"CAFI_P052",25
"14753",-10258.598537879,"CAFI_P052",50
"14754",-15500.379497879,"CAFI_P052",100
"14755",-912.342987879005,"CAFI_P052",25
"14756",-5418.55848787903,"CAFI_P052",50
"14757",-19918.662277879,"CAFI_P052",100
"14758",428.128132120997,"CAFI_P052",25
"14759",-2439.91133787902,"CAFI_P052",50
"14760",-17631.727617879,"CAFI_P052",100
"14761",-5792.91049787903,"CAFI_P052",25
"14762",11536.670712121,"CAFI_P052",50
"14763",-9441.39165787902,"CAFI_P052",100
"14764",-11365.071267879,"CAFI_P052",25
"14765",-2456.424127879,"CAFI_P052",50
"14766",-14664.496357879,"CAFI_P052",100
"14767",-16354.636727879,"CAFI_P052",25
"14768",726.946952120983,"CAFI_P052",50
"14769",-22306.813107879,"CAFI_P052",100
"14770",-17251.009427879,"CAFI_P052",25
"14771",-7325.13636787902,"CAFI_P052",50
"14772",-17214.411837879,"CAFI_P052",100
"14773",-5488.676967879,"CAFI_P052",25
"14774",-13780.572727879,"CAFI_P052",50
"14775",-6635.32485787902,"CAFI_P052",100
"14776",-1110.49955787903,"CAFI_P052",25
"14777",-11172.735927879,"CAFI_P052",50
"14778",-10797.414487879,"CAFI_P052",100
"14779",-1641.41610787902,"CAFI_P052",25
"14780",-9908.67303787902,"CAFI_P052",50
"14781",-2619.57963787901,"CAFI_P052",100
"14782",-786.59652787901,"CAFI_P052",25
"14783",-5547.01572787901,"CAFI_P052",50
"14784",-1946.72514787901,"CAFI_P052",100
"14785",-2274.32859787901,"CAFI_P052",25
"14786",-11501.525907879,"CAFI_P052",50
"14787",-18958.401957879,"CAFI_P052",100
"14788",-4722.26011787902,"CAFI_P052",25
"14789",2144.32471212099,"CAFI_P052",50
"14790",12168.369932121,"CAFI_P052",100
"14791",7913.493382121,"CAFI_P052",25
"14792",-14778.610407879,"CAFI_P052",50
"14793",-21932.725527879,"CAFI_P052",100
"14794",-5001.149627879,"CAFI_P052",25
"14795",-330.687967878999,"CAFI_P052",50
"14796",-444.886137879017,"CAFI_P052",100
"14797",-17929.579817879,"CAFI_P052",25
"14798",-17599.578367879,"CAFI_P052",50
"14799",-1586.72250787902,"CAFI_P052",100
"14800",8285.64148212099,"CAFI_P052",25
"14801",-4168.241447879,"CAFI_P052",50
"14802",-17988.706437879,"CAFI_P052",100
"14803",-4133.01929787901,"CAFI_P052",25
"14804",-19037.147677879,"CAFI_P052",50
"14805",-5965.64704787903,"CAFI_P052",100
"14806",-2739.79953787901,"CAFI_P052",25
"14807",3467.48497212099,"CAFI_P052",50
"14808",-12033.919267879,"CAFI_P052",100
"14809",1362.79343212099,"CAFI_P052",25
"14810",3576.97216212098,"CAFI_P052",50
"14811",-18011.829687879,"CAFI_P052",100
"14812",-152.319227879023,"CAFI_P052",25
"14813",-10413.681627879,"CAFI_P052",50
"14814",-24543.133777879,"CAFI_P052",100
"14815",706.318432120985,"CAFI_P052",25
"14816",2106.96352212099,"CAFI_P052",50
"14817",-17692.996737879,"CAFI_P052",100
"14818",-2758.80424787902,"CAFI_P052",25
"14819",-9.08768787901499,"CAFI_P052",50
"14820",-9890.20785787902,"CAFI_P052",100
"14821",5235.48161212099,"CAFI_P052",25
"14822",-7807.358417879,"CAFI_P052",50
"14823",-20051.774127879,"CAFI_P052",100
"14824",10162.152292121,"CAFI_P052",25
"14825",-14356.971307879,"CAFI_P052",50
"14826",-13403.035297879,"CAFI_P052",100
"14827",739.187152120983,"CAFI_P052",25
"14828",133.51020212099,"CAFI_P052",50
"14829",8979.97747212098,"CAFI_P052",100
"14830",281.262942120986,"CAFI_P052",25
"14831",-6111.42100787902,"CAFI_P052",50
"14832",-6285.55869787902,"CAFI_P052",100
"14833",-4674.691377879,"CAFI_P052",25
"14834",7883.86525212097,"CAFI_P052",50
"14835",3097.89975212098,"CAFI_P052",100
"14836",-251.961697879015,"CAFI_P052",25
"14837",-14901.527087879,"CAFI_P052",50
"14838",-14529.575067879,"CAFI_P052",100
"14839",1598.60758212098,"CAFI_P052",25
"14840",-19648.759077879,"CAFI_P052",50
"14841",-23954.009497879,"CAFI_P052",100
"14842",4025.56773212098,"CAFI_P052",25
"14843",-15226.615607879,"CAFI_P052",50
"14844",-4032.367697879,"CAFI_P052",100
"14845",-4557.90985787901,"CAFI_P052",25
"14846",-19530.618817879,"CAFI_P052",50
"14847",3599.55530212098,"CAFI_P052",100
"14848",6471.47150212098,"CAFI_P052",25
"14849",-1746.56265787903,"CAFI_P052",50
"14850",-19794.912207879,"CAFI_P052",100
"14851",-2816.061607879,"CAFI_P052",25
"14852",-2131.578107879,"CAFI_P052",50
"14853",-12179.229887879,"CAFI_P052",100
"14854",1399.00760212098,"CAFI_P052",25
"14855",-19469.665717879,"CAFI_P052",50
"14856",-14248.430707879,"CAFI_P052",100
"14857",4606.513842121,"CAFI_P052",25
"14858",-7985.40205787902,"CAFI_P052",50
"14859",-24447.451737879,"CAFI_P052",100
"14860",1751.53217212099,"CAFI_P052",25
"14861",-18023.794467879,"CAFI_P052",50
"14862",-26246.098357879,"CAFI_P052",100
"14863",18204.288332121,"CAFI_P052",25
"14864",5219.34792212097,"CAFI_P052",50
"14865",-9416.19735787902,"CAFI_P052",100
"14866",-4126.51431787902,"CAFI_P052",25
"14867",-13902.980547879,"CAFI_P052",50
"14868",-15212.216667879,"CAFI_P052",100
"14869",-912.661837879015,"CAFI_P052",25
"14870",11995.404022121,"CAFI_P052",50
"14871",-20325.029747879,"CAFI_P052",100
"14872",-1593.87536787902,"CAFI_P052",25
"14873",-4084.680977879,"CAFI_P052",50
"14874",-24550.184857879,"CAFI_P052",100
"14875",-1133.322037879,"CAFI_P052",25
"14876",-2255.34678787901,"CAFI_P052",50
"14877",-20922.356427879,"CAFI_P052",100
"14878",-2290.58450787902,"CAFI_P052",25
"14879",-4826.19861787901,"CAFI_P052",50
"14880",-4230.44423787901,"CAFI_P052",100
"14881",1080.36010212099,"CAFI_P052",25
"14882",-1854.30273787901,"CAFI_P052",50
"14883",-1730.57937787901,"CAFI_P052",100
"14884",-890.547077879019,"CAFI_P052",25
"14885",-4762.10889787902,"CAFI_P052",50
"14886",-20742.092797879,"CAFI_P052",100
"14887",-5794.03094787902,"CAFI_P052",25
"14888",4162.71093212097,"CAFI_P052",50
"14889",-19331.411947879,"CAFI_P052",100
"14890",3332.888582121,"CAFI_P052",25
"14891",-15073.142567879,"CAFI_P052",50
"14892",-20910.273767879,"CAFI_P052",100
"14893",2932.66383212098,"CAFI_P052",25
"14894",-5909.75268787902,"CAFI_P052",50
"14895",-25331.988107879,"CAFI_P052",100
"14896",-2106.30174787901,"CAFI_P052",25
"14897",-7831.82154787902,"CAFI_P052",50
"14898",-15772.199577879,"CAFI_P052",100
"14899",-1790.66845787902,"CAFI_P052",25
"14900",1706.56645212098,"CAFI_P052",50
"14901",12912.914872121,"CAFI_P052",100
"14902",2963.11878212099,"CAFI_P052",25
"14903",-3276.792427879,"CAFI_P052",50
"14904",7517.37075212097,"CAFI_P052",100
"14905",-1547.49289787901,"CAFI_P052",25
"14906",-1545.46711787902,"CAFI_P052",50
"14907",-23127.743327879,"CAFI_P052",100
"14908",-5714.04663787902,"CAFI_P052",25
"14909",6049.10697212099,"CAFI_P052",50
"14910",5192.42736212097,"CAFI_P052",100
"14911",-1140.40773787902,"CAFI_P052",25
"14912",-24530.335667879,"CAFI_P052",50
"14913",-8400.31414787902,"CAFI_P052",100
"14914",-1313.73321787902,"CAFI_P052",25
"14915",-5725.01301787901,"CAFI_P052",50
"14916",-16817.048007879,"CAFI_P052",100
"14917",-3229.02690787902,"CAFI_P052",25
"14918",-42.4722778790165,"CAFI_P052",50
"14919",-21656.402397879,"CAFI_P052",100
"14920",-14803.972307879,"CAFI_P052",25
"14921",-549.860187879007,"CAFI_P052",50
"14922",-20911.785337879,"CAFI_P052",100
"14923",-9391.48321787902,"CAFI_P052",25
"14924",-12155.620067879,"CAFI_P052",50
"14925",-12558.237927879,"CAFI_P052",100
"14926",-2146.00576787902,"CAFI_P052",25
"14927",-5955.36327787902,"CAFI_P052",50
"14928",-21495.727937879,"CAFI_P052",100
"14929",-1727.66353787901,"CAFI_P052",25
"14930",-21057.846467879,"CAFI_P052",50
"14931",-21560.082507879,"CAFI_P052",100
"14932",803.230272121,"CAFI_P052",25
"14933",-6397.84154787901,"CAFI_P052",50
"14934",3807.060732121,"CAFI_P052",100
"14935",-5605.28816787901,"CAFI_P052",25
"14936",-1319.715537879,"CAFI_P052",50
"14937",-16165.236087879,"CAFI_P052",100
"14938",12827.466632121,"CAFI_P052",25
"14939",-17527.917427879,"CAFI_P052",50
"14940",-16544.067587879,"CAFI_P052",100
"14941",-10273.311277879,"CAFI_P052",25
"14942",-16755.715497879,"CAFI_P052",50
"14943",-21225.601637879,"CAFI_P052",100
"14944",16563.872822121,"CAFI_P052",25
"14945",-12347.832537879,"CAFI_P052",50
"14946",-16927.859537879,"CAFI_P052",100
"14947",2020.351442121,"CAFI_P052",25
"14948",-5989.86483787902,"CAFI_P052",50
"14949",-24309.572147879,"CAFI_P052",100
"14950",-4829.76186787902,"CAFI_P052",25
"14951",-5066.79703787901,"CAFI_P052",50
"14952",219.976612120983,"CAFI_P052",100
"14953",1987.34743212099,"CAFI_P052",25
"14954",-2082.45226787901,"CAFI_P052",50
"14955",-4263.753487879,"CAFI_P052",100
"14956",-7672.61330787902,"CAFI_P052",25
"14957",-7162.89461787901,"CAFI_P052",50
"14958",-1953.13375787903,"CAFI_P052",100
"14959",-13218.922577879,"CAFI_P052",25
"14960",4028.801872121,"CAFI_P052",50
"14961",-15173.824367879,"CAFI_P052",100
"14962",-3450.966767879,"CAFI_P052",25
"14963",-9404.32121787901,"CAFI_P052",50
"14964",-21088.546927879,"CAFI_P052",100
"14965",-8746.82790787902,"CAFI_P052",25
"14966",-2556.23716787901,"CAFI_P052",50
"14967",-23355.404267879,"CAFI_P052",100
"14968",-3118.333137879,"CAFI_P052",25
"14969",-19893.089207879,"CAFI_P052",50
"14970",-26146.059057879,"CAFI_P052",100
"14971",-6894.60073787902,"CAFI_P052",25
"14972",1673.64795212098,"CAFI_P052",50
"14973",-16396.542807879,"CAFI_P052",100
"14974",-980.971877879027,"CAFI_P052",25
"14975",158.170282120991,"CAFI_P052",50
"14976",-4376.903197879,"CAFI_P052",100
"14977",-17492.638677879,"CAFI_P052",25
"14978",-11773.232997879,"CAFI_P052",50
"14979",-14667.457457879,"CAFI_P052",100
"14980",1511.269992121,"CAFI_P052",25
"14981",-1296.38116787901,"CAFI_P052",50
"14982",-11442.571017879,"CAFI_P052",100
"14983",955.580332120997,"CAFI_P052",25
"14984",-7986.95467787902,"CAFI_P052",50
"14985",-15890.530617879,"CAFI_P052",100
"14986",-17743.720727879,"CAFI_P052",25
"14987",-2995.984047879,"CAFI_P052",50
"14988",-24182.627597879,"CAFI_P052",100
"14989",-2329.357977879,"CAFI_P052",25
"14990",-1610.37540787901,"CAFI_P052",50
"14991",-22238.709477879,"CAFI_P052",100
"14992",813.148422120983,"CAFI_P052",25
"14993",10352.243912121,"CAFI_P052",50
"14994",-12675.564837879,"CAFI_P052",100
"14995",-9123.401947879,"CAFI_P052",25
"14996",-17648.417887879,"CAFI_P052",50
"14997",-24961.972897879,"CAFI_P052",100
"14998",-3713.72037787901,"CAFI_P052",25
"14999",10764.332502121,"CAFI_P052",50
"15000",-20372.998547879,"CAFI_P052",100
"15001",10761.870834758,"CAFI_P053",25
"15002",6307.919114758,"CAFI_P053",50
"15003",17563.871094758,"CAFI_P053",100
"15004",7447.72834475801,"CAFI_P053",25
"15005",3381.92006475801,"CAFI_P053",50
"15006",41994.307574758,"CAFI_P053",100
"15007",13391.017404758,"CAFI_P053",25
"15008",12504.436874758,"CAFI_P053",50
"15009",19380.495664758,"CAFI_P053",100
"15010",13356.393544758,"CAFI_P053",25
"15011",13504.367184758,"CAFI_P053",50
"15012",43780.669684758,"CAFI_P053",100
"15013",8098.22584475801,"CAFI_P053",25
"15014",40350.010164758,"CAFI_P053",50
"15015",46264.261164758,"CAFI_P053",100
"15016",19074.189914758,"CAFI_P053",25
"15017",20524.716594758,"CAFI_P053",50
"15018",31217.312904758,"CAFI_P053",100
"15019",6588.798624758,"CAFI_P053",25
"15020",13945.933514758,"CAFI_P053",50
"15021",18201.777284758,"CAFI_P053",100
"15022",9003.92928475802,"CAFI_P053",25
"15023",10128.777554758,"CAFI_P053",50
"15024",35943.616284758,"CAFI_P053",100
"15025",13620.892284758,"CAFI_P053",25
"15026",20383.837724758,"CAFI_P053",50
"15027",16759.665384758,"CAFI_P053",100
"15028",16089.873204758,"CAFI_P053",25
"15029",-1391.43695524198,"CAFI_P053",50
"15030",31711.745744758,"CAFI_P053",100
"15031",4301.69161475802,"CAFI_P053",25
"15032",16521.940534758,"CAFI_P053",50
"15033",19922.394364758,"CAFI_P053",100
"15034",2734.534394758,"CAFI_P053",25
"15035",33067.492074758,"CAFI_P053",50
"15036",43208.055574758,"CAFI_P053",100
"15037",1478.44333475802,"CAFI_P053",25
"15038",20164.271064758,"CAFI_P053",50
"15039",33202.206504758,"CAFI_P053",100
"15040",4374.90249475802,"CAFI_P053",25
"15041",9687.17434475801,"CAFI_P053",50
"15042",22521.454754758,"CAFI_P053",100
"15043",1973.241254758,"CAFI_P053",25
"15044",18882.598684758,"CAFI_P053",50
"15045",19007.476854758,"CAFI_P053",100
"15046",7933.37332475802,"CAFI_P053",25
"15047",21602.235944758,"CAFI_P053",50
"15048",24651.684494758,"CAFI_P053",100
"15049",10488.835284758,"CAFI_P053",25
"15050",14769.568714758,"CAFI_P053",50
"15051",21276.068464758,"CAFI_P053",100
"15052",12408.347334758,"CAFI_P053",25
"15053",5389.46156475801,"CAFI_P053",50
"15054",14191.484334758,"CAFI_P053",100
"15055",9109.62627475802,"CAFI_P053",25
"15056",9303.17829475802,"CAFI_P053",50
"15057",42676.413014758,"CAFI_P053",100
"15058",11978.767534758,"CAFI_P053",25
"15059",25927.416964758,"CAFI_P053",50
"15060",17227.326854758,"CAFI_P053",100
"15061",7674.69575475802,"CAFI_P053",25
"15062",6145.770944758,"CAFI_P053",50
"15063",19010.232144758,"CAFI_P053",100
"15064",8278.37048475802,"CAFI_P053",25
"15065",2150.226214758,"CAFI_P053",50
"15066",22479.923784758,"CAFI_P053",100
"15067",1193.02767475802,"CAFI_P053",25
"15068",11637.202834758,"CAFI_P053",50
"15069",38227.061114758,"CAFI_P053",100
"15070",10054.863804758,"CAFI_P053",25
"15071",18974.563564758,"CAFI_P053",50
"15072",35533.064874758,"CAFI_P053",100
"15073",-615.035255241994,"CAFI_P053",25
"15074",18330.995814758,"CAFI_P053",50
"15075",18567.775554758,"CAFI_P053",100
"15076",6797.57576475802,"CAFI_P053",25
"15077",9332.00125475801,"CAFI_P053",50
"15078",37934.884914758,"CAFI_P053",100
"15079",1602.76913475801,"CAFI_P053",25
"15080",19770.255404758,"CAFI_P053",50
"15081",43289.004294758,"CAFI_P053",100
"15082",5303.05606475801,"CAFI_P053",25
"15083",12574.785664758,"CAFI_P053",50
"15084",26196.841054758,"CAFI_P053",100
"15085",12312.525364758,"CAFI_P053",25
"15086",19099.616154758,"CAFI_P053",50
"15087",25178.458714758,"CAFI_P053",100
"15088",-511.627045241999,"CAFI_P053",25
"15089",2899.957034758,"CAFI_P053",50
"15090",40338.123124758,"CAFI_P053",100
"15091",277.790504758013,"CAFI_P053",25
"15092",16065.514914758,"CAFI_P053",50
"15093",22914.286484758,"CAFI_P053",100
"15094",13147.516344758,"CAFI_P053",25
"15095",29430.639084758,"CAFI_P053",50
"15096",22958.418434758,"CAFI_P053",100
"15097",2500.320224758,"CAFI_P053",25
"15098",8856.17253475802,"CAFI_P053",50
"15099",17466.453124758,"CAFI_P053",100
"15100",3919.58538475801,"CAFI_P053",25
"15101",7792.90255475801,"CAFI_P053",50
"15102",31168.275304758,"CAFI_P053",100
"15103",9773.06786475802,"CAFI_P053",25
"15104",29510.006764758,"CAFI_P053",50
"15105",15423.667914758,"CAFI_P053",100
"15106",3026.51540475801,"CAFI_P053",25
"15107",18745.638924758,"CAFI_P053",50
"15108",33714.100184758,"CAFI_P053",100
"15109",6718.56727475801,"CAFI_P053",25
"15110",14355.188244758,"CAFI_P053",50
"15111",21795.400244758,"CAFI_P053",100
"15112",4792.801094758,"CAFI_P053",25
"15113",13704.506974758,"CAFI_P053",50
"15114",26012.391464758,"CAFI_P053",100
"15115",5399.88696475801,"CAFI_P053",25
"15116",4057.09283475802,"CAFI_P053",50
"15117",19290.205894758,"CAFI_P053",100
"15118",2380.83785475802,"CAFI_P053",25
"15119",17622.427664758,"CAFI_P053",50
"15120",20930.202074758,"CAFI_P053",100
"15121",17831.878954758,"CAFI_P053",25
"15122",13279.521424758,"CAFI_P053",50
"15123",16917.948754758,"CAFI_P053",100
"15124",3140.84744475802,"CAFI_P053",25
"15125",7746.94665475801,"CAFI_P053",50
"15126",15015.727984758,"CAFI_P053",100
"15127",2741.679534758,"CAFI_P053",25
"15128",18053.947354758,"CAFI_P053",50
"15129",23341.911544758,"CAFI_P053",100
"15130",1561.73689475801,"CAFI_P053",25
"15131",6240.21948475801,"CAFI_P053",50
"15132",26902.810074758,"CAFI_P053",100
"15133",17964.658434758,"CAFI_P053",25
"15134",10641.696604758,"CAFI_P053",50
"15135",25499.075184758,"CAFI_P053",100
"15136",13294.203724758,"CAFI_P053",25
"15137",18725.810014758,"CAFI_P053",50
"15138",20334.995084758,"CAFI_P053",100
"15139",2683.31502475802,"CAFI_P053",25
"15140",12561.485674758,"CAFI_P053",50
"15141",45274.002774758,"CAFI_P053",100
"15142",13011.786754758,"CAFI_P053",25
"15143",10050.336234758,"CAFI_P053",50
"15144",12708.281544758,"CAFI_P053",100
"15145",4119.403314758,"CAFI_P053",25
"15146",15907.288044758,"CAFI_P053",50
"15147",46204.299134758,"CAFI_P053",100
"15148",16346.683434758,"CAFI_P053",25
"15149",13251.603124758,"CAFI_P053",50
"15150",22515.092944758,"CAFI_P053",100
"15151",-2542.317935242,"CAFI_P053",25
"15152",32719.306314758,"CAFI_P053",50
"15153",27152.239534758,"CAFI_P053",100
"15154",14212.665504758,"CAFI_P053",25
"15155",30844.581074758,"CAFI_P053",50
"15156",14120.556754758,"CAFI_P053",100
"15157",8856.362004758,"CAFI_P053",25
"15158",416.669024758012,"CAFI_P053",50
"15159",18802.464504758,"CAFI_P053",100
"15160",4528.79122475802,"CAFI_P053",25
"15161",10806.722454758,"CAFI_P053",50
"15162",28104.902464758,"CAFI_P053",100
"15163",83.9746047579974,"CAFI_P053",25
"15164",10230.843704758,"CAFI_P053",50
"15165",31730.681364758,"CAFI_P053",100
"15166",12938.081674758,"CAFI_P053",25
"15167",21622.018794758,"CAFI_P053",50
"15168",30157.133004758,"CAFI_P053",100
"15169",3688.625794758,"CAFI_P053",25
"15170",22546.881784758,"CAFI_P053",50
"15171",29826.140544758,"CAFI_P053",100
"15172",6735.60514475801,"CAFI_P053",25
"15173",-503.627035241982,"CAFI_P053",50
"15174",17525.219104758,"CAFI_P053",100
"15175",-1816.032985242,"CAFI_P053",25
"15176",10798.786634758,"CAFI_P053",50
"15177",26940.414244758,"CAFI_P053",100
"15178",8494.76342475801,"CAFI_P053",25
"15179",13509.771474758,"CAFI_P053",50
"15180",16985.569674758,"CAFI_P053",100
"15181",2711.73105475801,"CAFI_P053",25
"15182",15576.372224758,"CAFI_P053",50
"15183",24110.685164758,"CAFI_P053",100
"15184",8787.835374758,"CAFI_P053",25
"15185",25321.432424758,"CAFI_P053",50
"15186",19134.562264758,"CAFI_P053",100
"15187",5130.10331475802,"CAFI_P053",25
"15188",12625.965184758,"CAFI_P053",50
"15189",31359.262164758,"CAFI_P053",100
"15190",21243.196104758,"CAFI_P053",25
"15191",4451.68007475801,"CAFI_P053",50
"15192",5183.10952475801,"CAFI_P053",100
"15193",19298.949244758,"CAFI_P053",25
"15194",15247.982244758,"CAFI_P053",50
"15195",46330.827744758,"CAFI_P053",100
"15196",13676.085094758,"CAFI_P053",25
"15197",20597.372374758,"CAFI_P053",50
"15198",11339.646774758,"CAFI_P053",100
"15199",14625.269264758,"CAFI_P053",25
"15200",4518.570414758,"CAFI_P053",50
"15201",43704.667904758,"CAFI_P053",100
"15202",7185.20834475802,"CAFI_P053",25
"15203",15319.953054758,"CAFI_P053",50
"15204",11435.042894758,"CAFI_P053",100
"15205",15188.065854758,"CAFI_P053",25
"15206",23230.180834758,"CAFI_P053",50
"15207",11148.339094758,"CAFI_P053",100
"15208",8467.758824758,"CAFI_P053",25
"15209",8017.150894758,"CAFI_P053",50
"15210",42040.487044758,"CAFI_P053",100
"15211",10301.389904758,"CAFI_P053",25
"15212",20778.939964758,"CAFI_P053",50
"15213",33140.336904758,"CAFI_P053",100
"15214",4865.05554475801,"CAFI_P053",25
"15215",28590.461574758,"CAFI_P053",50
"15216",8206.19201475801,"CAFI_P053",100
"15217",7819.60483475801,"CAFI_P053",25
"15218",9345.51327475801,"CAFI_P053",50
"15219",38107.382234758,"CAFI_P053",100
"15220",6603.859684758,"CAFI_P053",25
"15221",14620.837304758,"CAFI_P053",50
"15222",32307.898144758,"CAFI_P053",100
"15223",6851.78347475801,"CAFI_P053",25
"15224",13535.640704758,"CAFI_P053",50
"15225",23802.977064758,"CAFI_P053",100
"15226",8423.00601475802,"CAFI_P053",25
"15227",11881.198894758,"CAFI_P053",50
"15228",32679.732624758,"CAFI_P053",100
"15229",-1009.166715242,"CAFI_P053",25
"15230",17533.827284758,"CAFI_P053",50
"15231",34257.314734758,"CAFI_P053",100
"15232",15837.693204758,"CAFI_P053",25
"15233",9078.457634758,"CAFI_P053",50
"15234",18435.424434758,"CAFI_P053",100
"15235",11603.086014758,"CAFI_P053",25
"15236",19070.646134758,"CAFI_P053",50
"15237",37634.853904758,"CAFI_P053",100
"15238",4013.53526475801,"CAFI_P053",25
"15239",13203.709194758,"CAFI_P053",50
"15240",22215.746274758,"CAFI_P053",100
"15241",7207.815694758,"CAFI_P053",25
"15242",7940.03309475802,"CAFI_P053",50
"15243",33585.871884758,"CAFI_P053",100
"15244",10718.771714758,"CAFI_P053",25
"15245",24693.346764758,"CAFI_P053",50
"15246",13296.979674758,"CAFI_P053",100
"15247",3829.04571475802,"CAFI_P053",25
"15248",20951.623404758,"CAFI_P053",50
"15249",31010.814984758,"CAFI_P053",100
"15250",4448.52489475801,"CAFI_P053",25
"15251",13348.222594758,"CAFI_P053",50
"15252",12648.309264758,"CAFI_P053",100
"15253",16719.145784758,"CAFI_P053",25
"15254",12352.748514758,"CAFI_P053",50
"15255",24343.038834758,"CAFI_P053",100
"15256",6459.88286475802,"CAFI_P053",25
"15257",23804.589824758,"CAFI_P053",50
"15258",47101.049634758,"CAFI_P053",100
"15259",14302.567964758,"CAFI_P053",25
"15260",9986.29071475801,"CAFI_P053",50
"15261",34740.024274758,"CAFI_P053",100
"15262",2247.34210475802,"CAFI_P053",25
"15263",9597.29308475801,"CAFI_P053",50
"15264",20653.021894758,"CAFI_P053",100
"15265",6936.009654758,"CAFI_P053",25
"15266",9560.59604475801,"CAFI_P053",50
"15267",17783.571944758,"CAFI_P053",100
"15268",21415.810084758,"CAFI_P053",25
"15269",11718.521464758,"CAFI_P053",50
"15270",35307.966244758,"CAFI_P053",100
"15271",6154.596894758,"CAFI_P053",25
"15272",12721.123714758,"CAFI_P053",50
"15273",16874.910684758,"CAFI_P053",100
"15274",9628.86502475801,"CAFI_P053",25
"15275",22479.004694758,"CAFI_P053",50
"15276",23711.472094758,"CAFI_P053",100
"15277",9535.75875475802,"CAFI_P053",25
"15278",8042.41774475802,"CAFI_P053",50
"15279",10697.127594758,"CAFI_P053",100
"15280",7346.41151475802,"CAFI_P053",25
"15281",-1387.77747524198,"CAFI_P053",50
"15282",38731.693754758,"CAFI_P053",100
"15283",22262.876004758,"CAFI_P053",25
"15284",14740.929024758,"CAFI_P053",50
"15285",17191.522334758,"CAFI_P053",100
"15286",8344.21233475802,"CAFI_P053",25
"15287",10366.199664758,"CAFI_P053",50
"15288",17676.849934758,"CAFI_P053",100
"15289",5280.439624758,"CAFI_P053",25
"15290",9511.448434758,"CAFI_P053",50
"15291",32770.183164758,"CAFI_P053",100
"15292",2905.61820475801,"CAFI_P053",25
"15293",9705.94295475801,"CAFI_P053",50
"15294",12239.331184758,"CAFI_P053",100
"15295",8066.99273475801,"CAFI_P053",25
"15296",6392.94743475801,"CAFI_P053",50
"15297",18350.443804758,"CAFI_P053",100
"15298",13667.463914758,"CAFI_P053",25
"15299",17866.732854758,"CAFI_P053",50
"15300",36733.806884758,"CAFI_P053",100
"15301",-4795.64820610802,"CAFI_P055",25
"15302",-19400.814466108,"CAFI_P055",50
"15303",-42559.712946108,"CAFI_P055",100
"15304",-19623.673036108,"CAFI_P055",25
"15305",-41893.546406108,"CAFI_P055",50
"15306",-27323.288656108,"CAFI_P055",100
"15307",-12582.207436108,"CAFI_P055",25
"15308",-10690.329656108,"CAFI_P055",50
"15309",-55807.705896108,"CAFI_P055",100
"15310",-9048.22686610802,"CAFI_P055",25
"15311",-14248.494076108,"CAFI_P055",50
"15312",-57931.943906108,"CAFI_P055",100
"15313",-26025.012726108,"CAFI_P055",25
"15314",-3731.27617610799,"CAFI_P055",50
"15315",-60999.443096108,"CAFI_P055",100
"15316",-13522.051496108,"CAFI_P055",25
"15317",-17789.860526108,"CAFI_P055",50
"15318",-20476.596516108,"CAFI_P055",100
"15319",-12219.122036108,"CAFI_P055",25
"15320",-11999.063876108,"CAFI_P055",50
"15321",-48330.974406108,"CAFI_P055",100
"15322",-9672.05676610803,"CAFI_P055",25
"15323",-7334.76734610798,"CAFI_P055",50
"15324",-38698.438926108,"CAFI_P055",100
"15325",-6451.26903610799,"CAFI_P055",25
"15326",-21361.365366108,"CAFI_P055",50
"15327",-55991.575176108,"CAFI_P055",100
"15328",-13906.839836108,"CAFI_P055",25
"15329",-23030.273146108,"CAFI_P055",50
"15330",-6487.30526610801,"CAFI_P055",100
"15331",9843.807603892,"CAFI_P055",25
"15332",-32492.103576108,"CAFI_P055",50
"15333",-32978.660676108,"CAFI_P055",100
"15334",-25348.405066108,"CAFI_P055",25
"15335",-1743.47716610803,"CAFI_P055",50
"15336",-28108.138846108,"CAFI_P055",100
"15337",-13535.284666108,"CAFI_P055",25
"15338",-12102.095336108,"CAFI_P055",50
"15339",-45905.491286108,"CAFI_P055",100
"15340",-15839.642776108,"CAFI_P055",25
"15341",-32299.311646108,"CAFI_P055",50
"15342",-44821.205386108,"CAFI_P055",100
"15343",-25461.428866108,"CAFI_P055",25
"15344",-35179.156076108,"CAFI_P055",50
"15345",-44957.622786108,"CAFI_P055",100
"15346",-18093.810626108,"CAFI_P055",25
"15347",-12496.015476108,"CAFI_P055",50
"15348",-21976.572316108,"CAFI_P055",100
"15349",-19903.637056108,"CAFI_P055",25
"15350",-25350.795366108,"CAFI_P055",50
"15351",-49249.752976108,"CAFI_P055",100
"15352",-9851.03853610798,"CAFI_P055",25
"15353",-22279.127106108,"CAFI_P055",50
"15354",-47736.807506108,"CAFI_P055",100
"15355",-2460.36719610798,"CAFI_P055",25
"15356",-40969.490826108,"CAFI_P055",50
"15357",-30486.566216108,"CAFI_P055",100
"15358",-17500.534826108,"CAFI_P055",25
"15359",-24740.044846108,"CAFI_P055",50
"15360",-48037.349496108,"CAFI_P055",100
"15361",-20860.357906108,"CAFI_P055",25
"15362",-30958.522346108,"CAFI_P055",50
"15363",-42972.765646108,"CAFI_P055",100
"15364",-20826.597606108,"CAFI_P055",25
"15365",-24054.265336108,"CAFI_P055",50
"15366",-63360.946036108,"CAFI_P055",100
"15367",-22010.575816108,"CAFI_P055",25
"15368",-5992.44341610803,"CAFI_P055",50
"15369",-23942.242916108,"CAFI_P055",100
"15370",-20584.916406108,"CAFI_P055",25
"15371",-1543.14456610801,"CAFI_P055",50
"15372",-34452.498736108,"CAFI_P055",100
"15373",-3500.22067610803,"CAFI_P055",25
"15374",-37264.156196108,"CAFI_P055",50
"15375",-46082.881246108,"CAFI_P055",100
"15376",1908.14795389201,"CAFI_P055",25
"15377",-37152.309116108,"CAFI_P055",50
"15378",-55018.904566108,"CAFI_P055",100
"15379",-27261.404286108,"CAFI_P055",25
"15380",-30803.072996108,"CAFI_P055",50
"15381",-49907.271856108,"CAFI_P055",100
"15382",2942.79746389197,"CAFI_P055",25
"15383",10280.265193892,"CAFI_P055",50
"15384",-47683.476686108,"CAFI_P055",100
"15385",-2575.16074610798,"CAFI_P055",25
"15386",-29423.733746108,"CAFI_P055",50
"15387",-59679.498496108,"CAFI_P055",100
"15388",-10631.507606108,"CAFI_P055",25
"15389",-17985.776866108,"CAFI_P055",50
"15390",-35032.702366108,"CAFI_P055",100
"15391",1857.88252389198,"CAFI_P055",25
"15392",-33422.088666108,"CAFI_P055",50
"15393",-42009.901536108,"CAFI_P055",100
"15394",-6401.73330610798,"CAFI_P055",25
"15395",-20470.204536108,"CAFI_P055",50
"15396",-17676.116916108,"CAFI_P055",100
"15397",-20361.286786108,"CAFI_P055",25
"15398",-16942.632716108,"CAFI_P055",50
"15399",-57394.991796108,"CAFI_P055",100
"15400",-11476.006456108,"CAFI_P055",25
"15401",-10319.604466108,"CAFI_P055",50
"15402",-51238.933356108,"CAFI_P055",100
"15403",-10839.205886108,"CAFI_P055",25
"15404",-34147.670176108,"CAFI_P055",50
"15405",-28115.971026108,"CAFI_P055",100
"15406",-13836.500706108,"CAFI_P055",25
"15407",-44823.732306108,"CAFI_P055",50
"15408",-13572.411646108,"CAFI_P055",100
"15409",12830.052643892,"CAFI_P055",25
"15410",-3896.737696108,"CAFI_P055",50
"15411",-47461.397176108,"CAFI_P055",100
"15412",3467.034923892,"CAFI_P055",25
"15413",-29876.566146108,"CAFI_P055",50
"15414",-20027.333856108,"CAFI_P055",100
"15415",-8741.71316610801,"CAFI_P055",25
"15416",-6729.49308610801,"CAFI_P055",50
"15417",-43011.500676108,"CAFI_P055",100
"15418",5768.95335389196,"CAFI_P055",25
"15419",-2173.696226108,"CAFI_P055",50
"15420",-47366.198756108,"CAFI_P055",100
"15421",-20877.578376108,"CAFI_P055",25
"15422",-17984.000866108,"CAFI_P055",50
"15423",-27443.690566108,"CAFI_P055",100
"15424",-18176.618566108,"CAFI_P055",25
"15425",-36759.660146108,"CAFI_P055",50
"15426",-46831.166136108,"CAFI_P055",100
"15427",-13022.790506108,"CAFI_P055",25
"15428",-22221.916306108,"CAFI_P055",50
"15429",-57088.741956108,"CAFI_P055",100
"15430",364.635993891978,"CAFI_P055",25
"15431",-21829.135166108,"CAFI_P055",50
"15432",-52194.257036108,"CAFI_P055",100
"15433",-17102.028376108,"CAFI_P055",25
"15434",-16120.541646108,"CAFI_P055",50
"15435",-44454.608236108,"CAFI_P055",100
"15436",2455.29332389199,"CAFI_P055",25
"15437",-16161.723496108,"CAFI_P055",50
"15438",-6862.62842610799,"CAFI_P055",100
"15439",1595.90247389197,"CAFI_P055",25
"15440",-32035.421636108,"CAFI_P055",50
"15441",-46567.789576108,"CAFI_P055",100
"15442",-12541.443156108,"CAFI_P055",25
"15443",-23330.926366108,"CAFI_P055",50
"15444",-53299.828636108,"CAFI_P055",100
"15445",-2112.44237610803,"CAFI_P055",25
"15446",-21794.671216108,"CAFI_P055",50
"15447",-36244.497636108,"CAFI_P055",100
"15448",-13233.452466108,"CAFI_P055",25
"15449",-30293.773696108,"CAFI_P055",50
"15450",-62548.027276108,"CAFI_P055",100
"15451",-15013.239756108,"CAFI_P055",25
"15452",-30922.697886108,"CAFI_P055",50
"15453",-4787.34269610798,"CAFI_P055",100
"15454",-28385.984216108,"CAFI_P055",25
"15455",-10445.265176108,"CAFI_P055",50
"15456",-44385.352826108,"CAFI_P055",100
"15457",7085.15043389198,"CAFI_P055",25
"15458",-13365.478206108,"CAFI_P055",50
"15459",-33811.307526108,"CAFI_P055",100
"15460",6796.52344389202,"CAFI_P055",25
"15461",-10944.510916108,"CAFI_P055",50
"15462",-49053.668116108,"CAFI_P055",100
"15463",-18419.397356108,"CAFI_P055",25
"15464",15363.100103892,"CAFI_P055",50
"15465",-44952.614036108,"CAFI_P055",100
"15466",-8444.06405610801,"CAFI_P055",25
"15467",-44396.761856108,"CAFI_P055",50
"15468",-50220.765476108,"CAFI_P055",100
"15469",10567.743603892,"CAFI_P055",25
"15470",-12931.516326108,"CAFI_P055",50
"15471",-37021.130106108,"CAFI_P055",100
"15472",-8907.29647610802,"CAFI_P055",25
"15473",-25142.197476108,"CAFI_P055",50
"15474",-36134.946896108,"CAFI_P055",100
"15475",-3163.16371610801,"CAFI_P055",25
"15476",-19587.343306108,"CAFI_P055",50
"15477",-29223.769406108,"CAFI_P055",100
"15478",-9258.74093610799,"CAFI_P055",25
"15479",-31673.458316108,"CAFI_P055",50
"15480",-53486.495246108,"CAFI_P055",100
"15481",-18740.307046108,"CAFI_P055",25
"15482",-28050.712106108,"CAFI_P055",50
"15483",-27939.715496108,"CAFI_P055",100
"15484",-9171.85016610799,"CAFI_P055",25
"15485",-14945.177916108,"CAFI_P055",50
"15486",-62322.278656108,"CAFI_P055",100
"15487",-14005.715006108,"CAFI_P055",25
"15488",-6540.83241610799,"CAFI_P055",50
"15489",-28104.343026108,"CAFI_P055",100
"15490",-8309.59193610802,"CAFI_P055",25
"15491",-24945.403536108,"CAFI_P055",50
"15492",-23725.162956108,"CAFI_P055",100
"15493",13274.412813892,"CAFI_P055",25
"15494",-16952.215346108,"CAFI_P055",50
"15495",-56780.271556108,"CAFI_P055",100
"15496",-14181.086766108,"CAFI_P055",25
"15497",-14458.361456108,"CAFI_P055",50
"15498",-22084.035576108,"CAFI_P055",100
"15499",-15988.398576108,"CAFI_P055",25
"15500",-27568.443576108,"CAFI_P055",50
"15501",-36252.858066108,"CAFI_P055",100
"15502",-22888.123906108,"CAFI_P055",25
"15503",21355.938243892,"CAFI_P055",50
"15504",-27023.021466108,"CAFI_P055",100
"15505",-7361.61051610799,"CAFI_P055",25
"15506",-16038.475456108,"CAFI_P055",50
"15507",-6799.15305610799,"CAFI_P055",100
"15508",-4871.32704610802,"CAFI_P055",25
"15509",-35378.505556108,"CAFI_P055",50
"15510",-36395.399236108,"CAFI_P055",100
"15511",-5491.935156108,"CAFI_P055",25
"15512",-22451.486876108,"CAFI_P055",50
"15513",-28770.781986108,"CAFI_P055",100
"15514",-12976.946166108,"CAFI_P055",25
"15515",-49010.314596108,"CAFI_P055",50
"15516",-56482.278016108,"CAFI_P055",100
"15517",-4179.99779610801,"CAFI_P055",25
"15518",-30215.966516108,"CAFI_P055",50
"15519",-36597.925786108,"CAFI_P055",100
"15520",-7358.121946108,"CAFI_P055",25
"15521",-11956.851976108,"CAFI_P055",50
"15522",-33104.934256108,"CAFI_P055",100
"15523",5884.16554389201,"CAFI_P055",25
"15524",-13142.616306108,"CAFI_P055",50
"15525",-53149.305346108,"CAFI_P055",100
"15526",-4893.89325610799,"CAFI_P055",25
"15527",-19129.120436108,"CAFI_P055",50
"15528",-54914.557346108,"CAFI_P055",100
"15529",-23582.661096108,"CAFI_P055",25
"15530",-15028.644606108,"CAFI_P055",50
"15531",-44249.251516108,"CAFI_P055",100
"15532",-18240.503126108,"CAFI_P055",25
"15533",-18162.636046108,"CAFI_P055",50
"15534",-19250.569236108,"CAFI_P055",100
"15535",-9756.19926610799,"CAFI_P055",25
"15536",-23052.561776108,"CAFI_P055",50
"15537",-42779.838106108,"CAFI_P055",100
"15538",5768.74697389198,"CAFI_P055",25
"15539",-38481.516736108,"CAFI_P055",50
"15540",-59773.036806108,"CAFI_P055",100
"15541",-12327.551966108,"CAFI_P055",25
"15542",-25344.689716108,"CAFI_P055",50
"15543",-32661.440156108,"CAFI_P055",100
"15544",-3719.60962610802,"CAFI_P055",25
"15545",-6539.08125610801,"CAFI_P055",50
"15546",-15013.305466108,"CAFI_P055",100
"15547",-12647.249336108,"CAFI_P055",25
"15548",6848.359493892,"CAFI_P055",50
"15549",-47237.995956108,"CAFI_P055",100
"15550",-11771.835666108,"CAFI_P055",25
"15551",-12233.664676108,"CAFI_P055",50
"15552",-44672.859186108,"CAFI_P055",100
"15553",-15794.459426108,"CAFI_P055",25
"15554",-17639.443136108,"CAFI_P055",50
"15555",-29627.526496108,"CAFI_P055",100
"15556",-5721.79024610802,"CAFI_P055",25
"15557",-18916.659836108,"CAFI_P055",50
"15558",-17147.193106108,"CAFI_P055",100
"15559",-20749.388006108,"CAFI_P055",25
"15560",-31243.589056108,"CAFI_P055",50
"15561",-46681.892106108,"CAFI_P055",100
"15562",-9721.382686108,"CAFI_P055",25
"15563",-40541.749296108,"CAFI_P055",50
"15564",-26435.467186108,"CAFI_P055",100
"15565",-5308.30588610802,"CAFI_P055",25
"15566",-11845.348196108,"CAFI_P055",50
"15567",-18884.033326108,"CAFI_P055",100
"15568",-14297.458966108,"CAFI_P055",25
"15569",-15152.217306108,"CAFI_P055",50
"15570",-38913.768326108,"CAFI_P055",100
"15571",-16504.373736108,"CAFI_P055",25
"15572",-35632.930616108,"CAFI_P055",50
"15573",-27605.467196108,"CAFI_P055",100
"15574",-11752.780546108,"CAFI_P055",25
"15575",-29645.292566108,"CAFI_P055",50
"15576",-52094.097596108,"CAFI_P055",100
"15577",-558.259386108024,"CAFI_P055",25
"15578",-10840.544886108,"CAFI_P055",50
"15579",-38914.872156108,"CAFI_P055",100
"15580",-8296.45798610803,"CAFI_P055",25
"15581",-17516.594196108,"CAFI_P055",50
"15582",-47435.420886108,"CAFI_P055",100
"15583",-17782.776996108,"CAFI_P055",25
"15584",-24761.269926108,"CAFI_P055",50
"15585",-52488.438986108,"CAFI_P055",100
"15586",2806.126073892,"CAFI_P055",25
"15587",-17328.537086108,"CAFI_P055",50
"15588",-36248.807116108,"CAFI_P055",100
"15589",-9769.10457610799,"CAFI_P055",25
"15590",-34494.762816108,"CAFI_P055",50
"15591",-65730.280926108,"CAFI_P055",100
"15592",-9669.33642610803,"CAFI_P055",25
"15593",-25132.575986108,"CAFI_P055",50
"15594",-46641.627396108,"CAFI_P055",100
"15595",-20016.865486108,"CAFI_P055",25
"15596",-32069.183146108,"CAFI_P055",50
"15597",-16830.739256108,"CAFI_P055",100
"15598",-4532.50185610802,"CAFI_P055",25
"15599",-30712.274116108,"CAFI_P055",50
"15600",-38172.624486108,"CAFI_P055",100
"15601",-1638.5224829653,"CAFI_P056",25
"15602",-7530.7538229653,"CAFI_P056",50
"15603",-30272.1759229653,"CAFI_P056",100
"15604",-9205.6939129653,"CAFI_P056",25
"15605",-17388.4801429653,"CAFI_P056",50
"15606",-10889.9493229653,"CAFI_P056",100
"15607",-10711.5968429653,"CAFI_P056",25
"15608",-8163.27516296531,"CAFI_P056",50
"15609",-32723.0086329653,"CAFI_P056",100
"15610",492.454507034694,"CAFI_P056",25
"15611",-14951.7724429653,"CAFI_P056",50
"15612",-24141.0088329653,"CAFI_P056",100
"15613",-4171.1528829653,"CAFI_P056",25
"15614",-10533.7436929653,"CAFI_P056",50
"15615",-21281.3982829653,"CAFI_P056",100
"15616",-3385.7916529653,"CAFI_P056",25
"15617",-22901.4037729653,"CAFI_P056",50
"15618",-20958.7263729653,"CAFI_P056",100
"15619",-10431.6418429653,"CAFI_P056",25
"15620",-7059.8056729653,"CAFI_P056",50
"15621",-15467.0569729653,"CAFI_P056",100
"15622",-8442.4744529653,"CAFI_P056",25
"15623",-22963.7767229653,"CAFI_P056",50
"15624",-28509.3921029653,"CAFI_P056",100
"15625",2600.69104703469,"CAFI_P056",25
"15626",-14782.8330929653,"CAFI_P056",50
"15627",-32669.8741829653,"CAFI_P056",100
"15628",-4970.7335729653,"CAFI_P056",25
"15629",-13476.0333329653,"CAFI_P056",50
"15630",-12876.1328329653,"CAFI_P056",100
"15631",-1091.3068329653,"CAFI_P056",25
"15632",-7117.99838296531,"CAFI_P056",50
"15633",-15329.4072029653,"CAFI_P056",100
"15634",-5524.3016329653,"CAFI_P056",25
"15635",-16212.6798229653,"CAFI_P056",50
"15636",-27891.3365929653,"CAFI_P056",100
"15637",-7363.0080029653,"CAFI_P056",25
"15638",-14443.4630929653,"CAFI_P056",50
"15639",-18842.3117129653,"CAFI_P056",100
"15640",-9047.49507296531,"CAFI_P056",25
"15641",-16336.8051329653,"CAFI_P056",50
"15642",-28668.0520729653,"CAFI_P056",100
"15643",-2899.9883929653,"CAFI_P056",25
"15644",-7686.0195629653,"CAFI_P056",50
"15645",-23433.5737329653,"CAFI_P056",100
"15646",-9889.00973296531,"CAFI_P056",25
"15647",-11449.2019329653,"CAFI_P056",50
"15648",-25642.2286529653,"CAFI_P056",100
"15649",-2889.1568829653,"CAFI_P056",25
"15650",-13600.6012629653,"CAFI_P056",50
"15651",-24506.4467829653,"CAFI_P056",100
"15652",-7359.56970296529,"CAFI_P056",25
"15653",-13579.0157029653,"CAFI_P056",50
"15654",-29765.9793829653,"CAFI_P056",100
"15655",-5593.2887729653,"CAFI_P056",25
"15656",-6340.7836529653,"CAFI_P056",50
"15657",-28295.6028729653,"CAFI_P056",100
"15658",1671.8860170347,"CAFI_P056",25
"15659",-18418.7050529653,"CAFI_P056",50
"15660",-15090.1847529653,"CAFI_P056",100
"15661",-2919.5589229653,"CAFI_P056",25
"15662",-14425.5810229653,"CAFI_P056",50
"15663",-29709.3730729653,"CAFI_P056",100
"15664",3848.7622170347,"CAFI_P056",25
"15665",-20069.1779929653,"CAFI_P056",50
"15666",-16013.0610629653,"CAFI_P056",100
"15667",-6185.8520929653,"CAFI_P056",25
"15668",-18849.5481729653,"CAFI_P056",50
"15669",-19109.9279329653,"CAFI_P056",100
"15670",-8222.2898029653,"CAFI_P056",25
"15671",-13110.0891729653,"CAFI_P056",50
"15672",-21741.5734729653,"CAFI_P056",100
"15673",-6611.4704229653,"CAFI_P056",25
"15674",-16924.5179229653,"CAFI_P056",50
"15675",-20819.7603529653,"CAFI_P056",100
"15676",-2609.34901296531,"CAFI_P056",25
"15677",-13335.8626529653,"CAFI_P056",50
"15678",-23151.4696929653,"CAFI_P056",100
"15679",-4026.8860329653,"CAFI_P056",25
"15680",-11672.1613729653,"CAFI_P056",50
"15681",-27472.0019729653,"CAFI_P056",100
"15682",-1180.11999296531,"CAFI_P056",25
"15683",-5345.11306296531,"CAFI_P056",50
"15684",-22533.2305929653,"CAFI_P056",100
"15685",-797.497002965305,"CAFI_P056",25
"15686",-8479.6089329653,"CAFI_P056",50
"15687",-25632.9878929653,"CAFI_P056",100
"15688",-9131.68330296531,"CAFI_P056",25
"15689",-6171.1147729653,"CAFI_P056",50
"15690",-26041.2597929653,"CAFI_P056",100
"15691",-8012.7675229653,"CAFI_P056",25
"15692",-16741.4055029653,"CAFI_P056",50
"15693",-18846.3164029653,"CAFI_P056",100
"15694",-8338.9137329653,"CAFI_P056",25
"15695",-8402.7938029653,"CAFI_P056",50
"15696",-24406.3534129653,"CAFI_P056",100
"15697",-3668.3984329653,"CAFI_P056",25
"15698",-21144.2011529653,"CAFI_P056",50
"15699",-27087.4158529653,"CAFI_P056",100
"15700",3407.4018270347,"CAFI_P056",25
"15701",-8259.93261296531,"CAFI_P056",50
"15702",-22391.3526529653,"CAFI_P056",100
"15703",-2262.0288829653,"CAFI_P056",25
"15704",-4813.9376229653,"CAFI_P056",50
"15705",-21321.0562229653,"CAFI_P056",100
"15706",-11115.6469829653,"CAFI_P056",25
"15707",-10963.0433129653,"CAFI_P056",50
"15708",-32901.6343329653,"CAFI_P056",100
"15709",-11208.5440929653,"CAFI_P056",25
"15710",-11028.2916829653,"CAFI_P056",50
"15711",-24368.6587229653,"CAFI_P056",100
"15712",-1439.42136296529,"CAFI_P056",25
"15713",-9302.3805729653,"CAFI_P056",50
"15714",-24857.5827829653,"CAFI_P056",100
"15715",-163.9687029653,"CAFI_P056",25
"15716",-8814.15020296531,"CAFI_P056",50
"15717",-18048.2030329653,"CAFI_P056",100
"15718",-13658.6283229653,"CAFI_P056",25
"15719",-12327.3514129653,"CAFI_P056",50
"15720",-20935.2842229653,"CAFI_P056",100
"15721",406.946577034701,"CAFI_P056",25
"15722",-8104.6841529653,"CAFI_P056",50
"15723",-18417.6315329653,"CAFI_P056",100
"15724",-9293.19602296531,"CAFI_P056",25
"15725",-4639.9512229653,"CAFI_P056",50
"15726",-20267.3002529653,"CAFI_P056",100
"15727",-1657.1519429653,"CAFI_P056",25
"15728",-9814.8371129653,"CAFI_P056",50
"15729",-32881.9027329653,"CAFI_P056",100
"15730",-477.922062965299,"CAFI_P056",25
"15731",-13516.7106629653,"CAFI_P056",50
"15732",-26240.7015129653,"CAFI_P056",100
"15733",-9260.74898296531,"CAFI_P056",25
"15734",-16081.4129529653,"CAFI_P056",50
"15735",-28499.4448929653,"CAFI_P056",100
"15736",-7169.3130629653,"CAFI_P056",25
"15737",-11989.3144729653,"CAFI_P056",50
"15738",2357.74452703469,"CAFI_P056",100
"15739",968.288907034701,"CAFI_P056",25
"15740",-9007.8995429653,"CAFI_P056",50
"15741",-26166.5496429653,"CAFI_P056",100
"15742",-14280.0727629653,"CAFI_P056",25
"15743",-10422.5859729653,"CAFI_P056",50
"15744",-25780.6538329653,"CAFI_P056",100
"15745",-7820.8097129653,"CAFI_P056",25
"15746",270.154197034703,"CAFI_P056",50
"15747",-12423.7637729653,"CAFI_P056",100
"15748",-1863.1394429653,"CAFI_P056",25
"15749",-14791.4608629653,"CAFI_P056",50
"15750",-24536.7471429653,"CAFI_P056",100
"15751",-4822.5653429653,"CAFI_P056",25
"15752",1380.62342703469,"CAFI_P056",50
"15753",-14761.7979729653,"CAFI_P056",100
"15754",-4754.5899529653,"CAFI_P056",25
"15755",-1922.6310529653,"CAFI_P056",50
"15756",-19528.9223729653,"CAFI_P056",100
"15757",-9168.1911829653,"CAFI_P056",25
"15758",-3331.74623296531,"CAFI_P056",50
"15759",-28553.3870429653,"CAFI_P056",100
"15760",-13090.3100029653,"CAFI_P056",25
"15761",-6794.68618296531,"CAFI_P056",50
"15762",-14143.4821629653,"CAFI_P056",100
"15763",-11000.9922329653,"CAFI_P056",25
"15764",-10664.5015129653,"CAFI_P056",50
"15765",-30131.3056729653,"CAFI_P056",100
"15766",-5159.7515329653,"CAFI_P056",25
"15767",-9668.8933429653,"CAFI_P056",50
"15768",-20203.3303429653,"CAFI_P056",100
"15769",-12553.7827329653,"CAFI_P056",25
"15770",-13408.7667029653,"CAFI_P056",50
"15771",-33186.9001829653,"CAFI_P056",100
"15772",-3966.2067929653,"CAFI_P056",25
"15773",-1889.04025296531,"CAFI_P056",50
"15774",-23554.4235829653,"CAFI_P056",100
"15775",398.124927034703,"CAFI_P056",25
"15776",-1502.1392629653,"CAFI_P056",50
"15777",-27694.4493129653,"CAFI_P056",100
"15778",-5146.4707629653,"CAFI_P056",25
"15779",-8447.7587529653,"CAFI_P056",50
"15780",-21929.7841429653,"CAFI_P056",100
"15781",-7369.7737129653,"CAFI_P056",25
"15782",-20525.4105829653,"CAFI_P056",50
"15783",-20941.1391329653,"CAFI_P056",100
"15784",3190.9783870347,"CAFI_P056",25
"15785",-17748.0327729653,"CAFI_P056",50
"15786",-26748.1040429653,"CAFI_P056",100
"15787",2522.0026270347,"CAFI_P056",25
"15788",-19729.8610329653,"CAFI_P056",50
"15789",-23097.6916529653,"CAFI_P056",100
"15790",5434.1982070347,"CAFI_P056",25
"15791",-7130.2083329653,"CAFI_P056",50
"15792",-26682.2157929653,"CAFI_P056",100
"15793",-10816.2382329653,"CAFI_P056",25
"15794",-3718.7343829653,"CAFI_P056",50
"15795",-20683.6531029653,"CAFI_P056",100
"15796",-11591.0589529653,"CAFI_P056",25
"15797",-6372.1127129653,"CAFI_P056",50
"15798",-20534.9289029653,"CAFI_P056",100
"15799",-12704.7041929653,"CAFI_P056",25
"15800",-10281.3757729653,"CAFI_P056",50
"15801",-24482.7817929653,"CAFI_P056",100
"15802",-3400.2217229653,"CAFI_P056",25
"15803",-15114.4716029653,"CAFI_P056",50
"15804",-14380.9424229653,"CAFI_P056",100
"15805",-4165.11031296531,"CAFI_P056",25
"15806",-8188.3802729653,"CAFI_P056",50
"15807",-23500.9897229653,"CAFI_P056",100
"15808",-2537.35210296531,"CAFI_P056",25
"15809",-4334.90567296529,"CAFI_P056",50
"15810",-33834.1527529653,"CAFI_P056",100
"15811",-8929.2611829653,"CAFI_P056",25
"15812",-14325.5050729653,"CAFI_P056",50
"15813",-17768.0035229653,"CAFI_P056",100
"15814",-10807.4955329653,"CAFI_P056",25
"15815",-9708.80087296531,"CAFI_P056",50
"15816",-15080.5940629653,"CAFI_P056",100
"15817",-4409.0688529653,"CAFI_P056",25
"15818",-12092.9682229653,"CAFI_P056",50
"15819",-27719.3423029653,"CAFI_P056",100
"15820",-6770.45264296531,"CAFI_P056",25
"15821",-765.510102965301,"CAFI_P056",50
"15822",-24725.4261329653,"CAFI_P056",100
"15823",-2894.29919296531,"CAFI_P056",25
"15824",-10544.5920029653,"CAFI_P056",50
"15825",-18888.6683729653,"CAFI_P056",100
"15826",2573.2743770347,"CAFI_P056",25
"15827",-10657.2014829653,"CAFI_P056",50
"15828",-24038.5008929653,"CAFI_P056",100
"15829",-6195.0426029653,"CAFI_P056",25
"15830",-6554.36229296531,"CAFI_P056",50
"15831",-18580.7134929653,"CAFI_P056",100
"15832",-5845.5794729653,"CAFI_P056",25
"15833",-12737.2199629653,"CAFI_P056",50
"15834",-17806.8263629653,"CAFI_P056",100
"15835",-325.081702965297,"CAFI_P056",25
"15836",-9505.7403729653,"CAFI_P056",50
"15837",-30800.9617429653,"CAFI_P056",100
"15838",-5748.3737629653,"CAFI_P056",25
"15839",-12184.5055429653,"CAFI_P056",50
"15840",-20266.1376729653,"CAFI_P056",100
"15841",-6046.2790029653,"CAFI_P056",25
"15842",-14289.2674329653,"CAFI_P056",50
"15843",-19622.3261329653,"CAFI_P056",100
"15844",-1137.0303829653,"CAFI_P056",25
"15845",-20663.4457229653,"CAFI_P056",50
"15846",-10332.6239729653,"CAFI_P056",100
"15847",3196.18606703469,"CAFI_P056",25
"15848",-8369.6182429653,"CAFI_P056",50
"15849",-27493.2143129653,"CAFI_P056",100
"15850",-5976.2601829653,"CAFI_P056",25
"15851",-17130.9149029653,"CAFI_P056",50
"15852",-13601.0418529653,"CAFI_P056",100
"15853",-2757.2311229653,"CAFI_P056",25
"15854",-9943.4370529653,"CAFI_P056",50
"15855",-19935.3274429653,"CAFI_P056",100
"15856",-4603.8664929653,"CAFI_P056",25
"15857",-12332.2602229653,"CAFI_P056",50
"15858",-23635.5031029653,"CAFI_P056",100
"15859",-2785.6669629653,"CAFI_P056",25
"15860",-11558.0350629653,"CAFI_P056",50
"15861",-13508.5878829653,"CAFI_P056",100
"15862",-3567.1685329653,"CAFI_P056",25
"15863",-13072.6626129653,"CAFI_P056",50
"15864",-17863.6956329653,"CAFI_P056",100
"15865",-11083.4737429653,"CAFI_P056",25
"15866",-10571.9403029653,"CAFI_P056",50
"15867",-22502.0706729653,"CAFI_P056",100
"15868",-262.159402965306,"CAFI_P056",25
"15869",-7532.1001529653,"CAFI_P056",50
"15870",-20491.6887929653,"CAFI_P056",100
"15871",-4433.8637829653,"CAFI_P056",25
"15872",-16456.1577429653,"CAFI_P056",50
"15873",-16002.3750129653,"CAFI_P056",100
"15874",-3451.9101129653,"CAFI_P056",25
"15875",-6876.4680929653,"CAFI_P056",50
"15876",-24849.4635729653,"CAFI_P056",100
"15877",-5914.2627229653,"CAFI_P056",25
"15878",-7703.6374729653,"CAFI_P056",50
"15879",-21929.6505029653,"CAFI_P056",100
"15880",-5485.0291429653,"CAFI_P056",25
"15881",-12793.2682929653,"CAFI_P056",50
"15882",-5317.6255629653,"CAFI_P056",100
"15883",-3925.4268929653,"CAFI_P056",25
"15884",-7910.1579329653,"CAFI_P056",50
"15885",-19058.7827629653,"CAFI_P056",100
"15886",-2133.46593296531,"CAFI_P056",25
"15887",-15710.4061329653,"CAFI_P056",50
"15888",-22409.6012229653,"CAFI_P056",100
"15889",-1441.79077296531,"CAFI_P056",25
"15890",-6570.5303529653,"CAFI_P056",50
"15891",-10365.7185729653,"CAFI_P056",100
"15892",2353.00208703469,"CAFI_P056",25
"15893",-7720.3961329653,"CAFI_P056",50
"15894",-26965.8274629653,"CAFI_P056",100
"15895",-2899.7013829653,"CAFI_P056",25
"15896",-15466.5535229653,"CAFI_P056",50
"15897",-23305.4715629653,"CAFI_P056",100
"15898",-2749.79089296531,"CAFI_P056",25
"15899",-13012.9525829653,"CAFI_P056",50
"15900",-17888.7984329653,"CAFI_P056",100
"15901",-480.013034072006,"CAFI_P057",25
"15902",13204.768575928,"CAFI_P057",50
"15903",24330.559605928,"CAFI_P057",100
"15904",10822.747315928,"CAFI_P057",25
"15905",26948.787355928,"CAFI_P057",50
"15906",45695.310675928,"CAFI_P057",100
"15907",12930.624625928,"CAFI_P057",25
"15908",16352.997285928,"CAFI_P057",50
"15909",26314.433775928,"CAFI_P057",100
"15910",8365.440935928,"CAFI_P057",25
"15911",10210.123595928,"CAFI_P057",50
"15912",45455.344785928,"CAFI_P057",100
"15913",-1603.72336407201,"CAFI_P057",25
"15914",-1465.95435407199,"CAFI_P057",50
"15915",-6318.22494407199,"CAFI_P057",100
"15916",14712.489265928,"CAFI_P057",25
"15917",9125.288435928,"CAFI_P057",50
"15918",19238.524285928,"CAFI_P057",100
"15919",21359.092455928,"CAFI_P057",25
"15920",2984.173055928,"CAFI_P057",50
"15921",39653.348235928,"CAFI_P057",100
"15922",18729.598565928,"CAFI_P057",25
"15923",11969.703985928,"CAFI_P057",50
"15924",19156.313975928,"CAFI_P057",100
"15925",5940.28310592801,"CAFI_P057",25
"15926",15305.749225928,"CAFI_P057",50
"15927",22632.611275928,"CAFI_P057",100
"15928",9259.64989592801,"CAFI_P057",25
"15929",34751.547845928,"CAFI_P057",50
"15930",42465.162715928,"CAFI_P057",100
"15931",13767.205635928,"CAFI_P057",25
"15932",23777.298595928,"CAFI_P057",50
"15933",53368.597015928,"CAFI_P057",100
"15934",6513.34359592802,"CAFI_P057",25
"15935",18070.086665928,"CAFI_P057",50
"15936",28064.608545928,"CAFI_P057",100
"15937",8310.888725928,"CAFI_P057",25
"15938",6186.67582592802,"CAFI_P057",50
"15939",28959.610155928,"CAFI_P057",100
"15940",6437.918025928,"CAFI_P057",25
"15941",15200.137345928,"CAFI_P057",50
"15942",21619.705125928,"CAFI_P057",100
"15943",5892.59977592801,"CAFI_P057",25
"15944",-2922.46707407199,"CAFI_P057",50
"15945",52700.184485928,"CAFI_P057",100
"15946",11036.783315928,"CAFI_P057",25
"15947",5635.68338592802,"CAFI_P057",50
"15948",3548.83264592799,"CAFI_P057",100
"15949",6830.123665928,"CAFI_P057",25
"15950",7929.29245592799,"CAFI_P057",50
"15951",51804.377335928,"CAFI_P057",100
"15952",-3447.102564072,"CAFI_P057",25
"15953",5398.64695592801,"CAFI_P057",50
"15954",36447.111885928,"CAFI_P057",100
"15955",7058.58403592801,"CAFI_P057",25
"15956",1762.949845928,"CAFI_P057",50
"15957",25347.672625928,"CAFI_P057",100
"15958",11792.707955928,"CAFI_P057",25
"15959",20981.876085928,"CAFI_P057",50
"15960",31383.056665928,"CAFI_P057",100
"15961",14944.091635928,"CAFI_P057",25
"15962",14903.088915928,"CAFI_P057",50
"15963",-5059.953174072,"CAFI_P057",100
"15964",1036.87393592802,"CAFI_P057",25
"15965",14764.291035928,"CAFI_P057",50
"15966",11826.392485928,"CAFI_P057",100
"15967",23104.793235928,"CAFI_P057",25
"15968",13289.364785928,"CAFI_P057",50
"15969",59283.366395928,"CAFI_P057",100
"15970",-2150.85711407199,"CAFI_P057",25
"15971",-11411.300184072,"CAFI_P057",50
"15972",23702.942525928,"CAFI_P057",100
"15973",-7901.18054407201,"CAFI_P057",25
"15974",4686.08981592802,"CAFI_P057",50
"15975",28011.712705928,"CAFI_P057",100
"15976",20024.513015928,"CAFI_P057",25
"15977",12151.636835928,"CAFI_P057",50
"15978",50170.606655928,"CAFI_P057",100
"15979",-10180.931774072,"CAFI_P057",25
"15980",-20235.549774072,"CAFI_P057",50
"15981",1950.23329592802,"CAFI_P057",100
"15982",8485.47398592799,"CAFI_P057",25
"15983",23433.535395928,"CAFI_P057",50
"15984",29075.397615928,"CAFI_P057",100
"15985",9984.42397592802,"CAFI_P057",25
"15986",18503.493015928,"CAFI_P057",50
"15987",-4456.98703407199,"CAFI_P057",100
"15988",3860.19261592801,"CAFI_P057",25
"15989",5777.470255928,"CAFI_P057",50
"15990",17168.030575928,"CAFI_P057",100
"15991",12358.737825928,"CAFI_P057",25
"15992",-5979.61319407198,"CAFI_P057",50
"15993",-5595.553644072,"CAFI_P057",100
"15994",27682.526375928,"CAFI_P057",25
"15995",-11107.322224072,"CAFI_P057",50
"15996",72817.252505928,"CAFI_P057",100
"15997",6617.64963592801,"CAFI_P057",25
"15998",23507.765955928,"CAFI_P057",50
"15999",4300.849735928,"CAFI_P057",100
"16000",14037.213535928,"CAFI_P057",25
"16001",-12019.272364072,"CAFI_P057",50
"16002",20715.073185928,"CAFI_P057",100
"16003",23862.022135928,"CAFI_P057",25
"16004",18036.117695928,"CAFI_P057",50
"16005",33317.602465928,"CAFI_P057",100
"16006",-5450.590554072,"CAFI_P057",25
"16007",23005.692225928,"CAFI_P057",50
"16008",11397.552375928,"CAFI_P057",100
"16009",24444.032695928,"CAFI_P057",25
"16010",-19419.945134072,"CAFI_P057",50
"16011",26535.298085928,"CAFI_P057",100
"16012",429.128905927995,"CAFI_P057",25
"16013",11850.993185928,"CAFI_P057",50
"16014",54246.022935928,"CAFI_P057",100
"16015",2014.16599592799,"CAFI_P057",25
"16016",10508.618575928,"CAFI_P057",50
"16017",34078.956885928,"CAFI_P057",100
"16018",-6287.761394072,"CAFI_P057",25
"16019",13855.879535928,"CAFI_P057",50
"16020",48479.184055928,"CAFI_P057",100
"16021",-9961.56129407199,"CAFI_P057",25
"16022",-12541.250344072,"CAFI_P057",50
"16023",21087.738845928,"CAFI_P057",100
"16024",189.491335928004,"CAFI_P057",25
"16025",4222.13769592802,"CAFI_P057",50
"16026",25171.792285928,"CAFI_P057",100
"16027",9999.453855928,"CAFI_P057",25
"16028",-6125.58225407198,"CAFI_P057",50
"16029",29017.524555928,"CAFI_P057",100
"16030",4732.44047592802,"CAFI_P057",25
"16031",-500.633974072,"CAFI_P057",50
"16032",12627.974865928,"CAFI_P057",100
"16033",2706.706545928,"CAFI_P057",25
"16034",2156.33110592799,"CAFI_P057",50
"16035",498.184105927998,"CAFI_P057",100
"16036",23898.927735928,"CAFI_P057",25
"16037",11356.221275928,"CAFI_P057",50
"16038",3252.845095928,"CAFI_P057",100
"16039",4192.29842592802,"CAFI_P057",25
"16040",-6762.49616407198,"CAFI_P057",50
"16041",34440.379465928,"CAFI_P057",100
"16042",7055.39544592801,"CAFI_P057",25
"16043",32101.883325928,"CAFI_P057",50
"16044",20999.998295928,"CAFI_P057",100
"16045",11606.120115928,"CAFI_P057",25
"16046",21453.510985928,"CAFI_P057",50
"16047",23496.792785928,"CAFI_P057",100
"16048",-2287.108694072,"CAFI_P057",25
"16049",-16910.177684072,"CAFI_P057",50
"16050",30467.957145928,"CAFI_P057",100
"16051",7865.98546592801,"CAFI_P057",25
"16052",9813.82129592801,"CAFI_P057",50
"16053",2858.04566592802,"CAFI_P057",100
"16054",7381.590845928,"CAFI_P057",25
"16055",-6316.78629407199,"CAFI_P057",50
"16056",42028.422975928,"CAFI_P057",100
"16057",8099.17749592802,"CAFI_P057",25
"16058",14382.220665928,"CAFI_P057",50
"16059",10947.535985928,"CAFI_P057",100
"16060",-1884.101684072,"CAFI_P057",25
"16061",10148.035475928,"CAFI_P057",50
"16062",35496.108435928,"CAFI_P057",100
"16063",-3075.09533407199,"CAFI_P057",25
"16064",-3108.31309407199,"CAFI_P057",50
"16065",30324.571615928,"CAFI_P057",100
"16066",9571.17790592799,"CAFI_P057",25
"16067",16072.990755928,"CAFI_P057",50
"16068",19876.584525928,"CAFI_P057",100
"16069",1758.477495928,"CAFI_P057",25
"16070",2174.651055928,"CAFI_P057",50
"16071",8942.72962592801,"CAFI_P057",100
"16072",22659.028495928,"CAFI_P057",25
"16073",-2843.313704072,"CAFI_P057",50
"16074",18956.081325928,"CAFI_P057",100
"16075",7173.59709592801,"CAFI_P057",25
"16076",9708.14309592801,"CAFI_P057",50
"16077",18652.346975928,"CAFI_P057",100
"16078",-5959.638094072,"CAFI_P057",25
"16079",6343.738235928,"CAFI_P057",50
"16080",3821.81442592799,"CAFI_P057",100
"16081",-11719.482744072,"CAFI_P057",25
"16082",14594.331385928,"CAFI_P057",50
"16083",4225.74495592801,"CAFI_P057",100
"16084",12594.862045928,"CAFI_P057",25
"16085",24156.775485928,"CAFI_P057",50
"16086",87551.526955928,"CAFI_P057",100
"16087",21049.845985928,"CAFI_P057",25
"16088",27081.157645928,"CAFI_P057",50
"16089",42469.045745928,"CAFI_P057",100
"16090",-148.731894072,"CAFI_P057",25
"16091",7984.89652592799,"CAFI_P057",50
"16092",21126.758585928,"CAFI_P057",100
"16093",-4986.09150407198,"CAFI_P057",25
"16094",40173.364915928,"CAFI_P057",50
"16095",10501.710655928,"CAFI_P057",100
"16096",-1294.80449407198,"CAFI_P057",25
"16097",2406.42950592801,"CAFI_P057",50
"16098",31493.488225928,"CAFI_P057",100
"16099",6172.392505928,"CAFI_P057",25
"16100",20454.742545928,"CAFI_P057",50
"16101",20550.734495928,"CAFI_P057",100
"16102",5940.83776592801,"CAFI_P057",25
"16103",-1515.85445407199,"CAFI_P057",50
"16104",28162.343605928,"CAFI_P057",100
"16105",-7812.99689407198,"CAFI_P057",25
"16106",27110.916225928,"CAFI_P057",50
"16107",21232.857875928,"CAFI_P057",100
"16108",6700.08158592801,"CAFI_P057",25
"16109",19307.103915928,"CAFI_P057",50
"16110",7965.450495928,"CAFI_P057",100
"16111",-542.708714071981,"CAFI_P057",25
"16112",57396.289575928,"CAFI_P057",50
"16113",9171.366705928,"CAFI_P057",100
"16114",3225.52101592801,"CAFI_P057",25
"16115",10558.105645928,"CAFI_P057",50
"16116",34334.988375928,"CAFI_P057",100
"16117",3018.15804592799,"CAFI_P057",25
"16118",5144.081025928,"CAFI_P057",50
"16119",35394.405865928,"CAFI_P057",100
"16120",22123.929495928,"CAFI_P057",25
"16121",23900.835975928,"CAFI_P057",50
"16122",23157.836405928,"CAFI_P057",100
"16123",20330.893715928,"CAFI_P057",25
"16124",27718.006975928,"CAFI_P057",50
"16125",20598.110885928,"CAFI_P057",100
"16126",8136.55866592799,"CAFI_P057",25
"16127",18598.323185928,"CAFI_P057",50
"16128",11946.494575928,"CAFI_P057",100
"16129",-6683.88855407201,"CAFI_P057",25
"16130",3081.40422592801,"CAFI_P057",50
"16131",12132.918715928,"CAFI_P057",100
"16132",-1597.117504072,"CAFI_P057",25
"16133",15003.651665928,"CAFI_P057",50
"16134",-4369.53059407198,"CAFI_P057",100
"16135",-9326.89589407199,"CAFI_P057",25
"16136",-1193.47369407199,"CAFI_P057",50
"16137",43925.912585928,"CAFI_P057",100
"16138",5256.569265928,"CAFI_P057",25
"16139",33089.741785928,"CAFI_P057",50
"16140",42549.737615928,"CAFI_P057",100
"16141",11496.337815928,"CAFI_P057",25
"16142",1200.470125928,"CAFI_P057",50
"16143",11607.620145928,"CAFI_P057",100
"16144",15844.599335928,"CAFI_P057",25
"16145",8044.346865928,"CAFI_P057",50
"16146",58871.685015928,"CAFI_P057",100
"16147",6502.64979592801,"CAFI_P057",25
"16148",-2113.99290407199,"CAFI_P057",50
"16149",40294.800125928,"CAFI_P057",100
"16150",-12250.305914072,"CAFI_P057",25
"16151",36237.982705928,"CAFI_P057",50
"16152",47762.861745928,"CAFI_P057",100
"16153",-5288.17135407199,"CAFI_P057",25
"16154",11149.806475928,"CAFI_P057",50
"16155",30800.011005928,"CAFI_P057",100
"16156",1889.33599592801,"CAFI_P057",25
"16157",16741.135625928,"CAFI_P057",50
"16158",25422.749115928,"CAFI_P057",100
"16159",-10494.310024072,"CAFI_P057",25
"16160",6158.62424592802,"CAFI_P057",50
"16161",13147.831935928,"CAFI_P057",100
"16162",-10752.205324072,"CAFI_P057",25
"16163",-4295.99235407199,"CAFI_P057",50
"16164",-511.100674071989,"CAFI_P057",100
"16165",4064.894725928,"CAFI_P057",25
"16166",254.173315927997,"CAFI_P057",50
"16167",22343.455315928,"CAFI_P057",100
"16168",-1616.085024072,"CAFI_P057",25
"16169",11157.238445928,"CAFI_P057",50
"16170",43093.690455928,"CAFI_P057",100
"16171",34535.894955928,"CAFI_P057",25
"16172",4502.919355928,"CAFI_P057",50
"16173",45900.441135928,"CAFI_P057",100
"16174",2540.140055928,"CAFI_P057",25
"16175",45870.242525928,"CAFI_P057",50
"16176",38719.381555928,"CAFI_P057",100
"16177",19762.040325928,"CAFI_P057",25
"16178",-3457.42394407198,"CAFI_P057",50
"16179",18142.962595928,"CAFI_P057",100
"16180",1031.54887592801,"CAFI_P057",25
"16181",-4626.83954407199,"CAFI_P057",50
"16182",40501.811415928,"CAFI_P057",100
"16183",-1239.293634072,"CAFI_P057",25
"16184",30908.326615928,"CAFI_P057",50
"16185",-3083.754754072,"CAFI_P057",100
"16186",-12443.533694072,"CAFI_P057",25
"16187",-27293.037374072,"CAFI_P057",50
"16188",39658.629975928,"CAFI_P057",100
"16189",18432.872275928,"CAFI_P057",25
"16190",18875.204745928,"CAFI_P057",50
"16191",5960.737485928,"CAFI_P057",100
"16192",-2849.27650407198,"CAFI_P057",25
"16193",19308.657045928,"CAFI_P057",50
"16194",31844.512795928,"CAFI_P057",100
"16195",2102.745695928,"CAFI_P057",25
"16196",37191.210665928,"CAFI_P057",50
"16197",11603.744225928,"CAFI_P057",100
"16198",20977.139705928,"CAFI_P057",25
"16199",17774.391895928,"CAFI_P057",50
"16200",1171.90052592801,"CAFI_P057",100
"16201",-4726.15528060601,"CAFI_P058",25
"16202",-17008.356040606,"CAFI_P058",50
"16203",-15722.702180606,"CAFI_P058",100
"16204",1142.31036939399,"CAFI_P058",25
"16205",-5360.23476060599,"CAFI_P058",50
"16206",28624.850019394,"CAFI_P058",100
"16207",-3147.774420606,"CAFI_P058",25
"16208",5240.12764939401,"CAFI_P058",50
"16209",13765.677389394,"CAFI_P058",100
"16210",-3476.98797060599,"CAFI_P058",25
"16211",13422.002869394,"CAFI_P058",50
"16212",12646.099849394,"CAFI_P058",100
"16213",-8438.822040606,"CAFI_P058",25
"16214",15398.831269394,"CAFI_P058",50
"16215",5710.25662939399,"CAFI_P058",100
"16216",-9758.97562060598,"CAFI_P058",25
"16217",2643.63517939401,"CAFI_P058",50
"16218",10411.389929394,"CAFI_P058",100
"16219",-2355.14273060599,"CAFI_P058",25
"16220",8776.687919394,"CAFI_P058",50
"16221",11907.193269394,"CAFI_P058",100
"16222",-3115.79948060599,"CAFI_P058",25
"16223",3937.806899394,"CAFI_P058",50
"16224",7174.99672939401,"CAFI_P058",100
"16225",-20666.490270606,"CAFI_P058",25
"16226",7570.692109394,"CAFI_P058",50
"16227",18836.948239394,"CAFI_P058",100
"16228",-3366.48816060601,"CAFI_P058",25
"16229",-17022.826700606,"CAFI_P058",50
"16230",-9512.991660606,"CAFI_P058",100
"16231",1626.937239394,"CAFI_P058",25
"16232",-10792.129630606,"CAFI_P058",50
"16233",3429.04812939401,"CAFI_P058",100
"16234",13025.788929394,"CAFI_P058",25
"16235",-20086.583130606,"CAFI_P058",50
"16236",54038.751109394,"CAFI_P058",100
"16237",-3017.73945060599,"CAFI_P058",25
"16238",7250.20723939399,"CAFI_P058",50
"16239",-4728.738380606,"CAFI_P058",100
"16240",-1746.41109060601,"CAFI_P058",25
"16241",-6042.594740606,"CAFI_P058",50
"16242",-6180.54351060599,"CAFI_P058",100
"16243",-7572.88374060599,"CAFI_P058",25
"16244",-6315.656720606,"CAFI_P058",50
"16245",7806.22488939401,"CAFI_P058",100
"16246",-3621.699460606,"CAFI_P058",25
"16247",11795.858109394,"CAFI_P058",50
"16248",19532.743999394,"CAFI_P058",100
"16249",-205.073020606011,"CAFI_P058",25
"16250",185.583379393996,"CAFI_P058",50
"16251",21373.121519394,"CAFI_P058",100
"16252",5948.16039939399,"CAFI_P058",25
"16253",-16448.936960606,"CAFI_P058",50
"16254",-14304.347140606,"CAFI_P058",100
"16255",4661.699799394,"CAFI_P058",25
"16256",13026.173099394,"CAFI_P058",50
"16257",-18841.931300606,"CAFI_P058",100
"16258",-1275.589140606,"CAFI_P058",25
"16259",26054.725149394,"CAFI_P058",50
"16260",2621.29840939399,"CAFI_P058",100
"16261",-18085.636620606,"CAFI_P058",25
"16262",6315.21443939401,"CAFI_P058",50
"16263",12365.721939394,"CAFI_P058",100
"16264",-13572.595670606,"CAFI_P058",25
"16265",6319.465309394,"CAFI_P058",50
"16266",1738.590279394,"CAFI_P058",100
"16267",8987.85032939402,"CAFI_P058",25
"16268",-399.851340605994,"CAFI_P058",50
"16269",10374.313189394,"CAFI_P058",100
"16270",-6836.15133060599,"CAFI_P058",25
"16271",-1967.86748060599,"CAFI_P058",50
"16272",-355.400670606003,"CAFI_P058",100
"16273",-5076.67250060599,"CAFI_P058",25
"16274",8974.97459939402,"CAFI_P058",50
"16275",-12508.994910606,"CAFI_P058",100
"16276",6703.50962939402,"CAFI_P058",25
"16277",-2880.69458060601,"CAFI_P058",50
"16278",15687.402229394,"CAFI_P058",100
"16279",-9077.17807060599,"CAFI_P058",25
"16280",-14088.819490606,"CAFI_P058",50
"16281",-2072.01116060599,"CAFI_P058",100
"16282",13756.372159394,"CAFI_P058",25
"16283",-16746.400640606,"CAFI_P058",50
"16284",-4138.006910606,"CAFI_P058",100
"16285",-3969.306770606,"CAFI_P058",25
"16286",-4291.48511060601,"CAFI_P058",50
"16287",19021.461399394,"CAFI_P058",100
"16288",-6078.33256060601,"CAFI_P058",25
"16289",2646.33762939399,"CAFI_P058",50
"16290",8813.72667939399,"CAFI_P058",100
"16291",-12979.476490606,"CAFI_P058",25
"16292",-8137.298610606,"CAFI_P058",50
"16293",34819.517029394,"CAFI_P058",100
"16294",13233.492459394,"CAFI_P058",25
"16295",5918.15205939399,"CAFI_P058",50
"16296",10171.790139394,"CAFI_P058",100
"16297",7744.66339939399,"CAFI_P058",25
"16298",18075.428899394,"CAFI_P058",50
"16299",3754.89904939401,"CAFI_P058",100
"16300",5037.40547939402,"CAFI_P058",25
"16301",-4564.29977060598,"CAFI_P058",50
"16302",5905.53711939399,"CAFI_P058",100
"16303",-2740.35429060599,"CAFI_P058",25
"16304",-4665.23601060599,"CAFI_P058",50
"16305",-1114.46533060601,"CAFI_P058",100
"16306",-3400.296290606,"CAFI_P058",25
"16307",18421.429409394,"CAFI_P058",50
"16308",-5052.72882060599,"CAFI_P058",100
"16309",-1364.49363060601,"CAFI_P058",25
"16310",3836.389069394,"CAFI_P058",50
"16311",-8010.49534060599,"CAFI_P058",100
"16312",-2751.030810606,"CAFI_P058",25
"16313",-6808.606730606,"CAFI_P058",50
"16314",25460.616059394,"CAFI_P058",100
"16315",1583.65012939399,"CAFI_P058",25
"16316",2440.09699939401,"CAFI_P058",50
"16317",-366.400070606003,"CAFI_P058",100
"16318",6329.134829394,"CAFI_P058",25
"16319",-5645.42948060599,"CAFI_P058",50
"16320",7264.83635939402,"CAFI_P058",100
"16321",-11154.750950606,"CAFI_P058",25
"16322",2032.96339939401,"CAFI_P058",50
"16323",1792.01590939399,"CAFI_P058",100
"16324",18904.481219394,"CAFI_P058",25
"16325",6684.09483939401,"CAFI_P058",50
"16326",-2950.73257060599,"CAFI_P058",100
"16327",4977.593909394,"CAFI_P058",25
"16328",17647.658489394,"CAFI_P058",50
"16329",9872.13623939399,"CAFI_P058",100
"16330",-4368.393480606,"CAFI_P058",25
"16331",-13676.604230606,"CAFI_P058",50
"16332",-19151.029660606,"CAFI_P058",100
"16333",11394.069619394,"CAFI_P058",25
"16334",-4699.40407060599,"CAFI_P058",50
"16335",-7936.444410606,"CAFI_P058",100
"16336",3641.52800939401,"CAFI_P058",25
"16337",2952.765429394,"CAFI_P058",50
"16338",20316.820449394,"CAFI_P058",100
"16339",-8757.386650606,"CAFI_P058",25
"16340",25760.674429394,"CAFI_P058",50
"16341",22995.980369394,"CAFI_P058",100
"16342",7909.40072939399,"CAFI_P058",25
"16343",7608.81130939399,"CAFI_P058",50
"16344",1941.13798939399,"CAFI_P058",100
"16345",2511.13316939402,"CAFI_P058",25
"16346",-8174.056580606,"CAFI_P058",50
"16347",12361.276839394,"CAFI_P058",100
"16348",15595.447939394,"CAFI_P058",25
"16349",2505.723229394,"CAFI_P058",50
"16350",15960.733359394,"CAFI_P058",100
"16351",-3794.92832060601,"CAFI_P058",25
"16352",11811.547729394,"CAFI_P058",50
"16353",240.537849393993,"CAFI_P058",100
"16354",15793.432499394,"CAFI_P058",25
"16355",-6038.58383060599,"CAFI_P058",50
"16356",-32026.424130606,"CAFI_P058",100
"16357",8366.443939394,"CAFI_P058",25
"16358",14900.727489394,"CAFI_P058",50
"16359",-1696.31705060598,"CAFI_P058",100
"16360",1645.88913939401,"CAFI_P058",25
"16361",19139.621699394,"CAFI_P058",50
"16362",38188.166869394,"CAFI_P058",100
"16363",7857.476439394,"CAFI_P058",25
"16364",-6619.377160606,"CAFI_P058",50
"16365",27915.658699394,"CAFI_P058",100
"16366",-6238.29719060598,"CAFI_P058",25
"16367",11044.694929394,"CAFI_P058",50
"16368",4255.89943939401,"CAFI_P058",100
"16369",-11467.984410606,"CAFI_P058",25
"16370",10615.415079394,"CAFI_P058",50
"16371",5672.10937939401,"CAFI_P058",100
"16372",-3840.35581060601,"CAFI_P058",25
"16373",-2111.59249060601,"CAFI_P058",50
"16374",-5464.316360606,"CAFI_P058",100
"16375",26167.419409394,"CAFI_P058",25
"16376",8776.464889394,"CAFI_P058",50
"16377",-11804.725150606,"CAFI_P058",100
"16378",-5992.47210060598,"CAFI_P058",25
"16379",1108.58576939401,"CAFI_P058",50
"16380",38842.743579394,"CAFI_P058",100
"16381",-3618.03765060598,"CAFI_P058",25
"16382",4801.15425939401,"CAFI_P058",50
"16383",-1726.82846060599,"CAFI_P058",100
"16384",23828.349709394,"CAFI_P058",25
"16385",392.044799394003,"CAFI_P058",50
"16386",20135.041919394,"CAFI_P058",100
"16387",-5599.62076060599,"CAFI_P058",25
"16388",-8117.92323060599,"CAFI_P058",50
"16389",-6139.64509060601,"CAFI_P058",100
"16390",5696.48973939399,"CAFI_P058",25
"16391",-973.217030606,"CAFI_P058",50
"16392",-26185.836420606,"CAFI_P058",100
"16393",-10453.810090606,"CAFI_P058",25
"16394",17860.992599394,"CAFI_P058",50
"16395",-6838.790290606,"CAFI_P058",100
"16396",3682.12818939399,"CAFI_P058",25
"16397",2400.94967939399,"CAFI_P058",50
"16398",8497.74143939401,"CAFI_P058",100
"16399",-12690.686200606,"CAFI_P058",25
"16400",15375.053869394,"CAFI_P058",50
"16401",-15085.489580606,"CAFI_P058",100
"16402",4761.62717939401,"CAFI_P058",25
"16403",13644.561899394,"CAFI_P058",50
"16404",207.525799394003,"CAFI_P058",100
"16405",-9811.142360606,"CAFI_P058",25
"16406",-6388.682470606,"CAFI_P058",50
"16407",12717.358079394,"CAFI_P058",100
"16408",-3921.60562060599,"CAFI_P058",25
"16409",11148.475609394,"CAFI_P058",50
"16410",-5265.75340060599,"CAFI_P058",100
"16411",-6818.50820060601,"CAFI_P058",25
"16412",-12075.551800606,"CAFI_P058",50
"16413",8935.656639394,"CAFI_P058",100
"16414",9134.435809394,"CAFI_P058",25
"16415",-11657.567660606,"CAFI_P058",50
"16416",6844.532399394,"CAFI_P058",100
"16417",-12800.469860606,"CAFI_P058",25
"16418",6011.28159939399,"CAFI_P058",50
"16419",21653.785669394,"CAFI_P058",100
"16420",7043.88176939401,"CAFI_P058",25
"16421",-7741.70101060599,"CAFI_P058",50
"16422",-11440.204510606,"CAFI_P058",100
"16423",13526.809539394,"CAFI_P058",25
"16424",-17555.037710606,"CAFI_P058",50
"16425",18159.344769394,"CAFI_P058",100
"16426",-9230.992650606,"CAFI_P058",25
"16427",-7791.916730606,"CAFI_P058",50
"16428",14737.201699394,"CAFI_P058",100
"16429",7348.168549394,"CAFI_P058",25
"16430",13040.759119394,"CAFI_P058",50
"16431",-18568.347450606,"CAFI_P058",100
"16432",1379.726879394,"CAFI_P058",25
"16433",5586.33075939401,"CAFI_P058",50
"16434",12017.467429394,"CAFI_P058",100
"16435",6106.71721939399,"CAFI_P058",25
"16436",1246.796289394,"CAFI_P058",50
"16437",-15428.192540606,"CAFI_P058",100
"16438",3648.010999394,"CAFI_P058",25
"16439",2741.66905939401,"CAFI_P058",50
"16440",-3805.35108060599,"CAFI_P058",100
"16441",14382.840859394,"CAFI_P058",25
"16442",-11847.890600606,"CAFI_P058",50
"16443",16714.172819394,"CAFI_P058",100
"16444",-1767.460440606,"CAFI_P058",25
"16445",3537.675169394,"CAFI_P058",50
"16446",-9884.391370606,"CAFI_P058",100
"16447",-1569.08186060601,"CAFI_P058",25
"16448",-7327.297410606,"CAFI_P058",50
"16449",-8365.70602060598,"CAFI_P058",100
"16450",10527.610389394,"CAFI_P058",25
"16451",-21254.347890606,"CAFI_P058",50
"16452",5271.661799394,"CAFI_P058",100
"16453",3773.69073939399,"CAFI_P058",25
"16454",-16575.997970606,"CAFI_P058",50
"16455",7355.95689939399,"CAFI_P058",100
"16456",2344.531639394,"CAFI_P058",25
"16457",12716.366749394,"CAFI_P058",50
"16458",-12696.747020606,"CAFI_P058",100
"16459",-5737.95307060599,"CAFI_P058",25
"16460",4657.69211939399,"CAFI_P058",50
"16461",11806.266999394,"CAFI_P058",100
"16462",3477.38866939401,"CAFI_P058",25
"16463",33974.348789394,"CAFI_P058",50
"16464",5565.11804939399,"CAFI_P058",100
"16465",11634.101819394,"CAFI_P058",25
"16466",3480.898819394,"CAFI_P058",50
"16467",13247.254309394,"CAFI_P058",100
"16468",-13195.570990606,"CAFI_P058",25
"16469",-6237.08307060599,"CAFI_P058",50
"16470",-5943.535940606,"CAFI_P058",100
"16471",-11042.662670606,"CAFI_P058",25
"16472",1538.11809939399,"CAFI_P058",50
"16473",12835.980769394,"CAFI_P058",100
"16474",-5834.33290060601,"CAFI_P058",25
"16475",4823.151869394,"CAFI_P058",50
"16476",-8746.26349060601,"CAFI_P058",100
"16477",-6475.19032060599,"CAFI_P058",25
"16478",-2139.76761060601,"CAFI_P058",50
"16479",-4704.272130606,"CAFI_P058",100
"16480",3680.100789394,"CAFI_P058",25
"16481",30372.415129394,"CAFI_P058",50
"16482",14933.720539394,"CAFI_P058",100
"16483",1318.70845939399,"CAFI_P058",25
"16484",-1659.62548060599,"CAFI_P058",50
"16485",26920.488259394,"CAFI_P058",100
"16486",5928.59378939401,"CAFI_P058",25
"16487",27740.551679394,"CAFI_P058",50
"16488",2627.52359939402,"CAFI_P058",100
"16489",16975.014099394,"CAFI_P058",25
"16490",-3377.20351060599,"CAFI_P058",50
"16491",29096.819679394,"CAFI_P058",100
"16492",10457.759719394,"CAFI_P058",25
"16493",2336.25027939401,"CAFI_P058",50
"16494",5097.17153939401,"CAFI_P058",100
"16495",-3370.29919060599,"CAFI_P058",25
"16496",-4645.64844060599,"CAFI_P058",50
"16497",12219.673659394,"CAFI_P058",100
"16498",18495.913469394,"CAFI_P058",25
"16499",10197.051249394,"CAFI_P058",50
"16500",9538.726309394,"CAFI_P058",100
"16501",-7775.59194810898,"CAFI_P060",25
"16502",-69351.724598109,"CAFI_P060",50
"16503",-80654.928088109,"CAFI_P060",100
"16504",-17244.963478109,"CAFI_P060",25
"16505",-15995.595478109,"CAFI_P060",50
"16506",-100414.822658109,"CAFI_P060",100
"16507",-4763.65657810902,"CAFI_P060",25
"16508",-67047.578028109,"CAFI_P060",50
"16509",-101946.184448109,"CAFI_P060",100
"16510",-25382.452348109,"CAFI_P060",25
"16511",-42564.103598109,"CAFI_P060",50
"16512",-81004.990568109,"CAFI_P060",100
"16513",-22321.731548109,"CAFI_P060",25
"16514",-34543.489708109,"CAFI_P060",50
"16515",-79666.505938109,"CAFI_P060",100
"16516",-19480.804318109,"CAFI_P060",25
"16517",-27927.285578109,"CAFI_P060",50
"16518",-65192.638188109,"CAFI_P060",100
"16519",-46339.702058109,"CAFI_P060",25
"16520",-38078.866988109,"CAFI_P060",50
"16521",-106212.859978109,"CAFI_P060",100
"16522",-14323.826568109,"CAFI_P060",25
"16523",-60295.296718109,"CAFI_P060",50
"16524",-93940.877348109,"CAFI_P060",100
"16525",-9943.985588109,"CAFI_P060",25
"16526",-33237.414338109,"CAFI_P060",50
"16527",-88559.138678109,"CAFI_P060",100
"16528",-16530.012268109,"CAFI_P060",25
"16529",-52506.674078109,"CAFI_P060",50
"16530",-87837.615708109,"CAFI_P060",100
"16531",-27124.128378109,"CAFI_P060",25
"16532",-59867.690388109,"CAFI_P060",50
"16533",-81546.031528109,"CAFI_P060",100
"16534",-21519.390858109,"CAFI_P060",25
"16535",-51394.140018109,"CAFI_P060",50
"16536",-53505.826118109,"CAFI_P060",100
"16537",-25081.293778109,"CAFI_P060",25
"16538",-88225.144138109,"CAFI_P060",50
"16539",-109600.819218109,"CAFI_P060",100
"16540",-11237.434188109,"CAFI_P060",25
"16541",-39104.239068109,"CAFI_P060",50
"16542",-94579.944358109,"CAFI_P060",100
"16543",-48626.640068109,"CAFI_P060",25
"16544",-81560.786018109,"CAFI_P060",50
"16545",-65421.076868109,"CAFI_P060",100
"16546",-25221.249118109,"CAFI_P060",25
"16547",-11429.419568109,"CAFI_P060",50
"16548",-88902.649618109,"CAFI_P060",100
"16549",-40474.409138109,"CAFI_P060",25
"16550",-53183.179478109,"CAFI_P060",50
"16551",-78213.829148109,"CAFI_P060",100
"16552",3574.59880189097,"CAFI_P060",25
"16553",-67800.233538109,"CAFI_P060",50
"16554",-121880.471878109,"CAFI_P060",100
"16555",-33734.360898109,"CAFI_P060",25
"16556",-42474.368798109,"CAFI_P060",50
"16557",-107662.372158109,"CAFI_P060",100
"16558",-14099.270828109,"CAFI_P060",25
"16559",-54674.862738109,"CAFI_P060",50
"16560",-96905.254788109,"CAFI_P060",100
"16561",-24169.788168109,"CAFI_P060",25
"16562",-64949.171728109,"CAFI_P060",50
"16563",-100724.568508109,"CAFI_P060",100
"16564",-18313.748618109,"CAFI_P060",25
"16565",-30090.510508109,"CAFI_P060",50
"16566",-70444.095788109,"CAFI_P060",100
"16567",-14428.617158109,"CAFI_P060",25
"16568",-62028.867578109,"CAFI_P060",50
"16569",-98315.912818109,"CAFI_P060",100
"16570",150.792121890991,"CAFI_P060",25
"16571",-53528.505428109,"CAFI_P060",50
"16572",-93918.478128109,"CAFI_P060",100
"16573",-20677.138458109,"CAFI_P060",25
"16574",-94000.700438109,"CAFI_P060",50
"16575",-74802.859818109,"CAFI_P060",100
"16576",1162.41352189099,"CAFI_P060",25
"16577",-14881.944028109,"CAFI_P060",50
"16578",-80823.858208109,"CAFI_P060",100
"16579",-16803.851908109,"CAFI_P060",25
"16580",-60289.420348109,"CAFI_P060",50
"16581",-88504.145148109,"CAFI_P060",100
"16582",-41403.423428109,"CAFI_P060",25
"16583",-43796.683278109,"CAFI_P060",50
"16584",-96646.841198109,"CAFI_P060",100
"16585",-22701.363878109,"CAFI_P060",25
"16586",-62052.525548109,"CAFI_P060",50
"16587",-91361.506418109,"CAFI_P060",100
"16588",-7093.41116810899,"CAFI_P060",25
"16589",-5882.06240810902,"CAFI_P060",50
"16590",-81167.371228109,"CAFI_P060",100
"16591",37099.182541891,"CAFI_P060",25
"16592",-31994.028378109,"CAFI_P060",50
"16593",-81034.567598109,"CAFI_P060",100
"16594",-15667.065488109,"CAFI_P060",25
"16595",-31323.639918109,"CAFI_P060",50
"16596",-116183.925208109,"CAFI_P060",100
"16597",10755.227601891,"CAFI_P060",25
"16598",-33089.325748109,"CAFI_P060",50
"16599",-63377.226988109,"CAFI_P060",100
"16600",-47691.769148109,"CAFI_P060",25
"16601",-46564.986118109,"CAFI_P060",50
"16602",-84774.031518109,"CAFI_P060",100
"16603",-14500.204478109,"CAFI_P060",25
"16604",-43811.082128109,"CAFI_P060",50
"16605",-76460.006058109,"CAFI_P060",100
"16606",-53387.250358109,"CAFI_P060",25
"16607",-71124.671058109,"CAFI_P060",50
"16608",-87308.302218109,"CAFI_P060",100
"16609",-9196.203558109,"CAFI_P060",25
"16610",-29982.785888109,"CAFI_P060",50
"16611",-89767.119168109,"CAFI_P060",100
"16612",-44158.288748109,"CAFI_P060",25
"16613",-49263.866158109,"CAFI_P060",50
"16614",-85751.386118109,"CAFI_P060",100
"16615",-637.171698109014,"CAFI_P060",25
"16616",-33090.275028109,"CAFI_P060",50
"16617",-98274.739978109,"CAFI_P060",100
"16618",-46408.070018109,"CAFI_P060",25
"16619",-40555.006218109,"CAFI_P060",50
"16620",-33092.383078109,"CAFI_P060",100
"16621",-19506.162548109,"CAFI_P060",25
"16622",-21429.899908109,"CAFI_P060",50
"16623",-87746.730868109,"CAFI_P060",100
"16624",6102.16156189097,"CAFI_P060",25
"16625",-31168.008568109,"CAFI_P060",50
"16626",-75030.475378109,"CAFI_P060",100
"16627",-50588.832628109,"CAFI_P060",25
"16628",-32034.953228109,"CAFI_P060",50
"16629",-65007.194158109,"CAFI_P060",100
"16630",-24672.275068109,"CAFI_P060",25
"16631",-42563.013778109,"CAFI_P060",50
"16632",-112958.852378109,"CAFI_P060",100
"16633",-9383.578298109,"CAFI_P060",25
"16634",-48176.398198109,"CAFI_P060",50
"16635",-77396.782638109,"CAFI_P060",100
"16636",-16020.047818109,"CAFI_P060",25
"16637",-23088.085798109,"CAFI_P060",50
"16638",-96845.699838109,"CAFI_P060",100
"16639",-5060.53720810899,"CAFI_P060",25
"16640",-52570.721998109,"CAFI_P060",50
"16641",-98254.441158109,"CAFI_P060",100
"16642",-11329.299878109,"CAFI_P060",25
"16643",-72824.803128109,"CAFI_P060",50
"16644",-109280.902078109,"CAFI_P060",100
"16645",-28713.375848109,"CAFI_P060",25
"16646",-24701.677298109,"CAFI_P060",50
"16647",-77689.220638109,"CAFI_P060",100
"16648",-15190.770978109,"CAFI_P060",25
"16649",-83790.708598109,"CAFI_P060",50
"16650",-81658.759898109,"CAFI_P060",100
"16651",-32905.019458109,"CAFI_P060",25
"16652",-31854.508728109,"CAFI_P060",50
"16653",-89148.041688109,"CAFI_P060",100
"16654",-25044.624618109,"CAFI_P060",25
"16655",-53639.827978109,"CAFI_P060",50
"16656",-101220.895358109,"CAFI_P060",100
"16657",-10717.005178109,"CAFI_P060",25
"16658",-53207.923138109,"CAFI_P060",50
"16659",-121434.803468109,"CAFI_P060",100
"16660",-13699.719398109,"CAFI_P060",25
"16661",-30602.914278109,"CAFI_P060",50
"16662",-68822.844518109,"CAFI_P060",100
"16663",-16272.076508109,"CAFI_P060",25
"16664",-21539.640578109,"CAFI_P060",50
"16665",-77291.551358109,"CAFI_P060",100
"16666",-14504.372808109,"CAFI_P060",25
"16667",-80231.395018109,"CAFI_P060",50
"16668",-95126.806088109,"CAFI_P060",100
"16669",-14062.549488109,"CAFI_P060",25
"16670",-94343.134088109,"CAFI_P060",50
"16671",-78571.062098109,"CAFI_P060",100
"16672",-5072.34916810901,"CAFI_P060",25
"16673",-25979.708508109,"CAFI_P060",50
"16674",-33871.525388109,"CAFI_P060",100
"16675",-25986.425048109,"CAFI_P060",25
"16676",-70364.658188109,"CAFI_P060",50
"16677",-64678.293808109,"CAFI_P060",100
"16678",-23102.469838109,"CAFI_P060",25
"16679",-54345.356308109,"CAFI_P060",50
"16680",-92351.409088109,"CAFI_P060",100
"16681",-35556.937928109,"CAFI_P060",25
"16682",-21345.562528109,"CAFI_P060",50
"16683",-78120.772978109,"CAFI_P060",100
"16684",-36404.858028109,"CAFI_P060",25
"16685",-53031.927288109,"CAFI_P060",50
"16686",-91113.269328109,"CAFI_P060",100
"16687",-57772.797178109,"CAFI_P060",25
"16688",-49706.467148109,"CAFI_P060",50
"16689",-85459.670118109,"CAFI_P060",100
"16690",-17152.560558109,"CAFI_P060",25
"16691",-47323.373938109,"CAFI_P060",50
"16692",-104428.981538109,"CAFI_P060",100
"16693",-22403.813118109,"CAFI_P060",25
"16694",-19464.405418109,"CAFI_P060",50
"16695",-52807.955758109,"CAFI_P060",100
"16696",-1331.37585810898,"CAFI_P060",25
"16697",-71369.126928109,"CAFI_P060",50
"16698",-80202.120918109,"CAFI_P060",100
"16699",-13560.053288109,"CAFI_P060",25
"16700",-48362.687128109,"CAFI_P060",50
"16701",-84564.169918109,"CAFI_P060",100
"16702",-21540.200228109,"CAFI_P060",25
"16703",-42248.443298109,"CAFI_P060",50
"16704",-67345.757918109,"CAFI_P060",100
"16705",-58987.114918109,"CAFI_P060",25
"16706",-28793.275388109,"CAFI_P060",50
"16707",-89579.838148109,"CAFI_P060",100
"16708",19998.540821891,"CAFI_P060",25
"16709",-47057.625668109,"CAFI_P060",50
"16710",-106564.949678109,"CAFI_P060",100
"16711",-6494.11242810899,"CAFI_P060",25
"16712",-46847.351548109,"CAFI_P060",50
"16713",-100276.714528109,"CAFI_P060",100
"16714",-21827.300968109,"CAFI_P060",25
"16715",-54613.572778109,"CAFI_P060",50
"16716",-66792.115708109,"CAFI_P060",100
"16717",-24164.450738109,"CAFI_P060",25
"16718",-22049.875508109,"CAFI_P060",50
"16719",-114449.062178109,"CAFI_P060",100
"16720",-21138.474488109,"CAFI_P060",25
"16721",-76005.016838109,"CAFI_P060",50
"16722",-122611.383728109,"CAFI_P060",100
"16723",-14877.769618109,"CAFI_P060",25
"16724",-66808.353948109,"CAFI_P060",50
"16725",-112645.700078109,"CAFI_P060",100
"16726",-2006.09790810902,"CAFI_P060",25
"16727",-30132.213408109,"CAFI_P060",50
"16728",-81717.299938109,"CAFI_P060",100
"16729",-17094.655228109,"CAFI_P060",25
"16730",-54298.825048109,"CAFI_P060",50
"16731",-85003.334938109,"CAFI_P060",100
"16732",-24268.711978109,"CAFI_P060",25
"16733",-53991.128218109,"CAFI_P060",50
"16734",-104323.388258109,"CAFI_P060",100
"16735",-8737.14362810901,"CAFI_P060",25
"16736",-44693.000808109,"CAFI_P060",50
"16737",-77271.128128109,"CAFI_P060",100
"16738",-22575.744688109,"CAFI_P060",25
"16739",-58495.953028109,"CAFI_P060",50
"16740",-104668.410768109,"CAFI_P060",100
"16741",-10641.650498109,"CAFI_P060",25
"16742",-50095.216478109,"CAFI_P060",50
"16743",-82855.735878109,"CAFI_P060",100
"16744",-44332.993098109,"CAFI_P060",25
"16745",-57422.469328109,"CAFI_P060",50
"16746",-79872.056368109,"CAFI_P060",100
"16747",-24065.485898109,"CAFI_P060",25
"16748",-47925.678728109,"CAFI_P060",50
"16749",-98038.224538109,"CAFI_P060",100
"16750",-22118.164898109,"CAFI_P060",25
"16751",-47171.989998109,"CAFI_P060",50
"16752",-95370.483158109,"CAFI_P060",100
"16753",-17362.904308109,"CAFI_P060",25
"16754",-22141.868578109,"CAFI_P060",50
"16755",-88699.089348109,"CAFI_P060",100
"16756",-31584.820608109,"CAFI_P060",25
"16757",-24501.474028109,"CAFI_P060",50
"16758",-87686.454608109,"CAFI_P060",100
"16759",-31588.981578109,"CAFI_P060",25
"16760",-67192.092138109,"CAFI_P060",50
"16761",-79796.204668109,"CAFI_P060",100
"16762",-783.445718109026,"CAFI_P060",25
"16763",-48824.574188109,"CAFI_P060",50
"16764",-78224.437038109,"CAFI_P060",100
"16765",-9279.55149810901,"CAFI_P060",25
"16766",-45171.788138109,"CAFI_P060",50
"16767",-80513.081538109,"CAFI_P060",100
"16768",-8824.73489810899,"CAFI_P060",25
"16769",-74182.575308109,"CAFI_P060",50
"16770",-93314.180318109,"CAFI_P060",100
"16771",-15374.178868109,"CAFI_P060",25
"16772",-22691.146428109,"CAFI_P060",50
"16773",-75849.320578109,"CAFI_P060",100
"16774",-23250.946658109,"CAFI_P060",25
"16775",-64141.895118109,"CAFI_P060",50
"16776",-79903.272318109,"CAFI_P060",100
"16777",-14998.624698109,"CAFI_P060",25
"16778",-18432.097818109,"CAFI_P060",50
"16779",-95714.118698109,"CAFI_P060",100
"16780",-49673.559068109,"CAFI_P060",25
"16781",-66026.907188109,"CAFI_P060",50
"16782",-76727.160908109,"CAFI_P060",100
"16783",-54798.830898109,"CAFI_P060",25
"16784",-51997.559958109,"CAFI_P060",50
"16785",-64754.312078109,"CAFI_P060",100
"16786",-13041.984398109,"CAFI_P060",25
"16787",-65829.693718109,"CAFI_P060",50
"16788",-80996.507358109,"CAFI_P060",100
"16789",-17388.909958109,"CAFI_P060",25
"16790",-26240.894898109,"CAFI_P060",50
"16791",-86977.497558109,"CAFI_P060",100
"16792",-48975.960388109,"CAFI_P060",25
"16793",-72826.269898109,"CAFI_P060",50
"16794",-100280.136888109,"CAFI_P060",100
"16795",-19947.855758109,"CAFI_P060",25
"16796",-62671.249258109,"CAFI_P060",50
"16797",-78680.849158109,"CAFI_P060",100
"16798",-20146.758148109,"CAFI_P060",25
"16799",-49515.797618109,"CAFI_P060",50
"16800",-86033.090458109,"CAFI_P060",100
"16801",59309.263724733,"CAFI_P061",25
"16802",56092.634794733,"CAFI_P061",50
"16803",81708.652574733,"CAFI_P061",100
"16804",11157.144094733,"CAFI_P061",25
"16805",16792.074004733,"CAFI_P061",50
"16806",123955.821064733,"CAFI_P061",100
"16807",19509.651284733,"CAFI_P061",25
"16808",49848.535704733,"CAFI_P061",50
"16809",139772.504144733,"CAFI_P061",100
"16810",49215.133214733,"CAFI_P061",25
"16811",84342.707764733,"CAFI_P061",50
"16812",83246.642294733,"CAFI_P061",100
"16813",27930.626644733,"CAFI_P061",25
"16814",55623.650924733,"CAFI_P061",50
"16815",110237.038264733,"CAFI_P061",100
"16816",32401.472944733,"CAFI_P061",25
"16817",90097.811414733,"CAFI_P061",50
"16818",68050.727624733,"CAFI_P061",100
"16819",6381.74389473302,"CAFI_P061",25
"16820",42025.454314733,"CAFI_P061",50
"16821",34400.512684733,"CAFI_P061",100
"16822",31632.409234733,"CAFI_P061",25
"16823",64576.703164733,"CAFI_P061",50
"16824",108086.748084733,"CAFI_P061",100
"16825",-2175.54824526701,"CAFI_P061",25
"16826",23169.375714733,"CAFI_P061",50
"16827",124273.913964733,"CAFI_P061",100
"16828",32723.133114733,"CAFI_P061",25
"16829",19932.712824733,"CAFI_P061",50
"16830",89163.429844733,"CAFI_P061",100
"16831",32625.763974733,"CAFI_P061",25
"16832",24753.531244733,"CAFI_P061",50
"16833",81057.429064733,"CAFI_P061",100
"16834",10496.364334733,"CAFI_P061",25
"16835",31017.074004733,"CAFI_P061",50
"16836",116661.915734733,"CAFI_P061",100
"16837",11276.950024733,"CAFI_P061",25
"16838",28915.000574733,"CAFI_P061",50
"16839",103882.867014733,"CAFI_P061",100
"16840",21477.877954733,"CAFI_P061",25
"16841",31848.802674733,"CAFI_P061",50
"16842",171636.032534733,"CAFI_P061",100
"16843",25243.862474733,"CAFI_P061",25
"16844",99395.517204733,"CAFI_P061",50
"16845",94624.881964733,"CAFI_P061",100
"16846",19978.502384733,"CAFI_P061",25
"16847",41503.618204733,"CAFI_P061",50
"16848",103592.133934733,"CAFI_P061",100
"16849",-9904.62212526699,"CAFI_P061",25
"16850",25696.802684733,"CAFI_P061",50
"16851",95519.930994733,"CAFI_P061",100
"16852",10294.654044733,"CAFI_P061",25
"16853",91774.601574733,"CAFI_P061",50
"16854",97022.768364733,"CAFI_P061",100
"16855",59919.946394733,"CAFI_P061",25
"16856",61729.184374733,"CAFI_P061",50
"16857",82201.506894733,"CAFI_P061",100
"16858",-3412.74737526698,"CAFI_P061",25
"16859",35703.883094733,"CAFI_P061",50
"16860",108072.193084733,"CAFI_P061",100
"16861",32594.111574733,"CAFI_P061",25
"16862",90427.433494733,"CAFI_P061",50
"16863",150928.499344733,"CAFI_P061",100
"16864",2553.674144733,"CAFI_P061",25
"16865",70127.984424733,"CAFI_P061",50
"16866",42290.820144733,"CAFI_P061",100
"16867",11607.936114733,"CAFI_P061",25
"16868",41016.829364733,"CAFI_P061",50
"16869",99969.657794733,"CAFI_P061",100
"16870",34901.086924733,"CAFI_P061",25
"16871",54109.109494733,"CAFI_P061",50
"16872",100355.544084733,"CAFI_P061",100
"16873",18156.017704733,"CAFI_P061",25
"16874",6366.85795473302,"CAFI_P061",50
"16875",52162.367294733,"CAFI_P061",100
"16876",-4974.062615267,"CAFI_P061",25
"16877",100326.449214733,"CAFI_P061",50
"16878",128061.147514733,"CAFI_P061",100
"16879",7651.61756473302,"CAFI_P061",25
"16880",53667.154084733,"CAFI_P061",50
"16881",118260.404584733,"CAFI_P061",100
"16882",23816.641504733,"CAFI_P061",25
"16883",37323.351514733,"CAFI_P061",50
"16884",82432.360764733,"CAFI_P061",100
"16885",18574.925264733,"CAFI_P061",25
"16886",87856.468704733,"CAFI_P061",50
"16887",84128.136194733,"CAFI_P061",100
"16888",25285.401944733,"CAFI_P061",25
"16889",46490.093774733,"CAFI_P061",50
"16890",8827.691114733,"CAFI_P061",100
"16891",28750.205924733,"CAFI_P061",25
"16892",80140.585274733,"CAFI_P061",50
"16893",99106.635734733,"CAFI_P061",100
"16894",12898.135734733,"CAFI_P061",25
"16895",14044.505324733,"CAFI_P061",50
"16896",136762.186514733,"CAFI_P061",100
"16897",15075.214724733,"CAFI_P061",25
"16898",64637.559794733,"CAFI_P061",50
"16899",116600.806864733,"CAFI_P061",100
"16900",12150.958114733,"CAFI_P061",25
"16901",40950.691004733,"CAFI_P061",50
"16902",86646.606484733,"CAFI_P061",100
"16903",24042.159484733,"CAFI_P061",25
"16904",45598.358884733,"CAFI_P061",50
"16905",124389.072004733,"CAFI_P061",100
"16906",47133.918024733,"CAFI_P061",25
"16907",66948.216144733,"CAFI_P061",50
"16908",108859.674294733,"CAFI_P061",100
"16909",-4048.92542526696,"CAFI_P061",25
"16910",-5290.93721526698,"CAFI_P061",50
"16911",132517.562524733,"CAFI_P061",100
"16912",56815.886034733,"CAFI_P061",25
"16913",52251.609394733,"CAFI_P061",50
"16914",58654.680264733,"CAFI_P061",100
"16915",12200.150704733,"CAFI_P061",25
"16916",33652.107584733,"CAFI_P061",50
"16917",108515.941964733,"CAFI_P061",100
"16918",28647.348784733,"CAFI_P061",25
"16919",72824.935404733,"CAFI_P061",50
"16920",102936.573594733,"CAFI_P061",100
"16921",36880.968954733,"CAFI_P061",25
"16922",76167.664864733,"CAFI_P061",50
"16923",134381.326484733,"CAFI_P061",100
"16924",25876.748444733,"CAFI_P061",25
"16925",24317.378404733,"CAFI_P061",50
"16926",79105.359964733,"CAFI_P061",100
"16927",23582.159444733,"CAFI_P061",25
"16928",36542.473374733,"CAFI_P061",50
"16929",128877.618964733,"CAFI_P061",100
"16930",45831.614314733,"CAFI_P061",25
"16931",70323.276524733,"CAFI_P061",50
"16932",107818.261784733,"CAFI_P061",100
"16933",18453.622604733,"CAFI_P061",25
"16934",45777.722124733,"CAFI_P061",50
"16935",96160.702494733,"CAFI_P061",100
"16936",69284.145874733,"CAFI_P061",25
"16937",64346.439714733,"CAFI_P061",50
"16938",87189.968764733,"CAFI_P061",100
"16939",27318.732614733,"CAFI_P061",25
"16940",54563.334394733,"CAFI_P061",50
"16941",101172.346494733,"CAFI_P061",100
"16942",31185.039254733,"CAFI_P061",25
"16943",123916.700014733,"CAFI_P061",50
"16944",78312.692294733,"CAFI_P061",100
"16945",47975.955154733,"CAFI_P061",25
"16946",54989.117614733,"CAFI_P061",50
"16947",126827.760264733,"CAFI_P061",100
"16948",29431.343824733,"CAFI_P061",25
"16949",31156.955944733,"CAFI_P061",50
"16950",147881.249324733,"CAFI_P061",100
"16951",43454.298044733,"CAFI_P061",25
"16952",33142.130534733,"CAFI_P061",50
"16953",60168.481164733,"CAFI_P061",100
"16954",48465.015504733,"CAFI_P061",25
"16955",56160.083764733,"CAFI_P061",50
"16956",127252.062264733,"CAFI_P061",100
"16957",16862.530744733,"CAFI_P061",25
"16958",68742.197794733,"CAFI_P061",50
"16959",81261.196624733,"CAFI_P061",100
"16960",24495.399014733,"CAFI_P061",25
"16961",27342.583494733,"CAFI_P061",50
"16962",65898.561144733,"CAFI_P061",100
"16963",20493.336014733,"CAFI_P061",25
"16964",73182.681854733,"CAFI_P061",50
"16965",120124.477814733,"CAFI_P061",100
"16966",19958.571674733,"CAFI_P061",25
"16967",36589.891224733,"CAFI_P061",50
"16968",41055.679314733,"CAFI_P061",100
"16969",34677.041704733,"CAFI_P061",25
"16970",59240.899394733,"CAFI_P061",50
"16971",55382.197764733,"CAFI_P061",100
"16972",73348.189244733,"CAFI_P061",25
"16973",28419.880024733,"CAFI_P061",50
"16974",54396.274824733,"CAFI_P061",100
"16975",-1026.00691526697,"CAFI_P061",25
"16976",39147.979374733,"CAFI_P061",50
"16977",55658.157804733,"CAFI_P061",100
"16978",35550.833324733,"CAFI_P061",25
"16979",42722.802904733,"CAFI_P061",50
"16980",68581.421374733,"CAFI_P061",100
"16981",50382.101194733,"CAFI_P061",25
"16982",50692.003414733,"CAFI_P061",50
"16983",136550.063794733,"CAFI_P061",100
"16984",10897.159774733,"CAFI_P061",25
"16985",6518.93919473299,"CAFI_P061",50
"16986",67867.077694733,"CAFI_P061",100
"16987",25558.686324733,"CAFI_P061",25
"16988",53971.216654733,"CAFI_P061",50
"16989",77357.272424733,"CAFI_P061",100
"16990",33236.547744733,"CAFI_P061",25
"16991",65800.830624733,"CAFI_P061",50
"16992",72929.962794733,"CAFI_P061",100
"16993",8046.032304733,"CAFI_P061",25
"16994",68543.432144733,"CAFI_P061",50
"16995",117449.176434733,"CAFI_P061",100
"16996",-2835.57952526701,"CAFI_P061",25
"16997",34904.147674733,"CAFI_P061",50
"16998",114199.179834733,"CAFI_P061",100
"16999",7345.382804733,"CAFI_P061",25
"17000",86204.630514733,"CAFI_P061",50
"17001",72585.865444733,"CAFI_P061",100
"17002",10724.794994733,"CAFI_P061",25
"17003",38271.678114733,"CAFI_P061",50
"17004",108697.998394733,"CAFI_P061",100
"17005",31536.857064733,"CAFI_P061",25
"17006",23751.657804733,"CAFI_P061",50
"17007",80648.945154733,"CAFI_P061",100
"17008",35809.343544733,"CAFI_P061",25
"17009",63634.411664733,"CAFI_P061",50
"17010",91795.646544733,"CAFI_P061",100
"17011",32291.526774733,"CAFI_P061",25
"17012",39096.540444733,"CAFI_P061",50
"17013",129134.655114733,"CAFI_P061",100
"17014",23441.516104733,"CAFI_P061",25
"17015",76991.580764733,"CAFI_P061",50
"17016",97484.508784733,"CAFI_P061",100
"17017",19909.750204733,"CAFI_P061",25
"17018",24283.817234733,"CAFI_P061",50
"17019",56089.836384733,"CAFI_P061",100
"17020",51153.985374733,"CAFI_P061",25
"17021",48419.407764733,"CAFI_P061",50
"17022",137930.877814733,"CAFI_P061",100
"17023",35355.771944733,"CAFI_P061",25
"17024",93457.009104733,"CAFI_P061",50
"17025",115829.127514733,"CAFI_P061",100
"17026",16614.034354733,"CAFI_P061",25
"17027",55193.353004733,"CAFI_P061",50
"17028",79975.659614733,"CAFI_P061",100
"17029",14082.985104733,"CAFI_P061",25
"17030",43185.072874733,"CAFI_P061",50
"17031",108329.656234733,"CAFI_P061",100
"17032",48232.058604733,"CAFI_P061",25
"17033",57818.282934733,"CAFI_P061",50
"17034",57886.115044733,"CAFI_P061",100
"17035",38119.436794733,"CAFI_P061",25
"17036",39576.403354733,"CAFI_P061",50
"17037",82715.234144733,"CAFI_P061",100
"17038",26033.231344733,"CAFI_P061",25
"17039",12652.007524733,"CAFI_P061",50
"17040",85663.279744733,"CAFI_P061",100
"17041",14791.344484733,"CAFI_P061",25
"17042",57626.151614733,"CAFI_P061",50
"17043",120566.192564733,"CAFI_P061",100
"17044",-710.359395266976,"CAFI_P061",25
"17045",25145.207424733,"CAFI_P061",50
"17046",97278.527414733,"CAFI_P061",100
"17047",15741.076694733,"CAFI_P061",25
"17048",13820.815824733,"CAFI_P061",50
"17049",86621.338364733,"CAFI_P061",100
"17050",8658.10964473302,"CAFI_P061",25
"17051",59618.540724733,"CAFI_P061",50
"17052",43036.633544733,"CAFI_P061",100
"17053",20798.610424733,"CAFI_P061",25
"17054",55713.455184733,"CAFI_P061",50
"17055",76772.728294733,"CAFI_P061",100
"17056",31249.916134733,"CAFI_P061",25
"17057",32313.049424733,"CAFI_P061",50
"17058",66610.493164733,"CAFI_P061",100
"17059",18524.589714733,"CAFI_P061",25
"17060",21044.611654733,"CAFI_P061",50
"17061",140235.712184733,"CAFI_P061",100
"17062",32303.414624733,"CAFI_P061",25
"17063",47604.736044733,"CAFI_P061",50
"17064",90509.545364733,"CAFI_P061",100
"17065",14888.364274733,"CAFI_P061",25
"17066",63039.554754733,"CAFI_P061",50
"17067",125471.567044733,"CAFI_P061",100
"17068",9995.17407473299,"CAFI_P061",25
"17069",75308.744594733,"CAFI_P061",50
"17070",90638.650894733,"CAFI_P061",100
"17071",34256.433794733,"CAFI_P061",25
"17072",99015.917134733,"CAFI_P061",50
"17073",57161.748114733,"CAFI_P061",100
"17074",-3606.77797526697,"CAFI_P061",25
"17075",85267.202094733,"CAFI_P061",50
"17076",108858.472024733,"CAFI_P061",100
"17077",-5627.04115526698,"CAFI_P061",25
"17078",57068.791344733,"CAFI_P061",50
"17079",128720.389664733,"CAFI_P061",100
"17080",22127.489954733,"CAFI_P061",25
"17081",62859.748144733,"CAFI_P061",50
"17082",147177.668384733,"CAFI_P061",100
"17083",5415.56232473301,"CAFI_P061",25
"17084",55844.725784733,"CAFI_P061",50
"17085",117011.628534733,"CAFI_P061",100
"17086",11584.621564733,"CAFI_P061",25
"17087",103058.314724733,"CAFI_P061",50
"17088",74821.697514733,"CAFI_P061",100
"17089",50965.339724733,"CAFI_P061",25
"17090",72702.377984733,"CAFI_P061",50
"17091",52088.636044733,"CAFI_P061",100
"17092",35645.701294733,"CAFI_P061",25
"17093",30928.900164733,"CAFI_P061",50
"17094",147696.567664733,"CAFI_P061",100
"17095",27041.558114733,"CAFI_P061",25
"17096",42315.981704733,"CAFI_P061",50
"17097",78574.344644733,"CAFI_P061",100
"17098",39022.605374733,"CAFI_P061",25
"17099",48309.389984733,"CAFI_P061",50
"17100",75269.025584733,"CAFI_P061",100
"17101",8655.85416848501,"CAFI_P062",25
"17102",14173.776208485,"CAFI_P062",50
"17103",-8249.98260151499,"CAFI_P062",100
"17104",1121.656898485,"CAFI_P062",25
"17105",14804.994278485,"CAFI_P062",50
"17106",1576.26791848501,"CAFI_P062",100
"17107",4015.60903848501,"CAFI_P062",25
"17108",-5137.19332151499,"CAFI_P062",50
"17109",-4715.085851515,"CAFI_P062",100
"17110",-1748.783671515,"CAFI_P062",25
"17111",-1856.78407151499,"CAFI_P062",50
"17112",-8532.261131515,"CAFI_P062",100
"17113",-11990.665261515,"CAFI_P062",25
"17114",-8321.46524151499,"CAFI_P062",50
"17115",-1046.58287151498,"CAFI_P062",100
"17116",-14681.786031515,"CAFI_P062",25
"17117",-12240.644591515,"CAFI_P062",50
"17118",-10291.412881515,"CAFI_P062",100
"17119",-11197.003111515,"CAFI_P062",25
"17120",2292.13000848499,"CAFI_P062",50
"17121",-16137.676181515,"CAFI_P062",100
"17122",-2675.49216151499,"CAFI_P062",25
"17123",-455.664111514983,"CAFI_P062",50
"17124",-16346.258171515,"CAFI_P062",100
"17125",7923.31419848499,"CAFI_P062",25
"17126",6308.47738848501,"CAFI_P062",50
"17127",-9144.04471151499,"CAFI_P062",100
"17128",769.66551848501,"CAFI_P062",25
"17129",-1979.37936151499,"CAFI_P062",50
"17130",-11669.551881515,"CAFI_P062",100
"17131",-501.466681514983,"CAFI_P062",25
"17132",5729.75996848501,"CAFI_P062",50
"17133",13490.208878485,"CAFI_P062",100
"17134",-13496.168171515,"CAFI_P062",25
"17135",-1953.27654151499,"CAFI_P062",50
"17136",-5178.42475151501,"CAFI_P062",100
"17137",3004.666018485,"CAFI_P062",25
"17138",-7739.953371515,"CAFI_P062",50
"17139",-13581.879621515,"CAFI_P062",100
"17140",1290.83228848499,"CAFI_P062",25
"17141",-14545.961941515,"CAFI_P062",50
"17142",-8229.717421515,"CAFI_P062",100
"17143",-9017.75600151499,"CAFI_P062",25
"17144",6914.48251848499,"CAFI_P062",50
"17145",-17919.804491515,"CAFI_P062",100
"17146",1627.91227848502,"CAFI_P062",25
"17147",-2320.161491515,"CAFI_P062",50
"17148",-2347.256701515,"CAFI_P062",100
"17149",1629.597218485,"CAFI_P062",25
"17150",-13284.909641515,"CAFI_P062",50
"17151",182.264818485011,"CAFI_P062",100
"17152",7142.41147848501,"CAFI_P062",25
"17153",-12826.593321515,"CAFI_P062",50
"17154",-9889.722221515,"CAFI_P062",100
"17155",-13676.631951515,"CAFI_P062",25
"17156",2938.45757848502,"CAFI_P062",50
"17157",-5630.649451515,"CAFI_P062",100
"17158",-3055.72525151499,"CAFI_P062",25
"17159",9863.93560848502,"CAFI_P062",50
"17160",3801.487928485,"CAFI_P062",100
"17161",-10740.681191515,"CAFI_P062",25
"17162",-389.522261514998,"CAFI_P062",50
"17163",-14302.150921515,"CAFI_P062",100
"17164",-1314.94341151501,"CAFI_P062",25
"17165",-11191.371101515,"CAFI_P062",50
"17166",-6389.650751515,"CAFI_P062",100
"17167",4529.357878485,"CAFI_P062",25
"17168",4407.98436848499,"CAFI_P062",50
"17169",-10976.613321515,"CAFI_P062",100
"17170",2112.17380848501,"CAFI_P062",25
"17171",-12286.685221515,"CAFI_P062",50
"17172",-7790.992941515,"CAFI_P062",100
"17173",-7334.273071515,"CAFI_P062",25
"17174",-2211.11925151499,"CAFI_P062",50
"17175",-2120.47969151501,"CAFI_P062",100
"17176",4078.72521848499,"CAFI_P062",25
"17177",-3164.01224151501,"CAFI_P062",50
"17178",-14070.039501515,"CAFI_P062",100
"17179",-667.048811515007,"CAFI_P062",25
"17180",-5432.28729151501,"CAFI_P062",50
"17181",-2724.773011515,"CAFI_P062",100
"17182",-2637.287321515,"CAFI_P062",25
"17183",-13528.274141515,"CAFI_P062",50
"17184",3466.851668485,"CAFI_P062",100
"17185",-2360.50139151499,"CAFI_P062",25
"17186",-17316.270331515,"CAFI_P062",50
"17187",-5783.79156151498,"CAFI_P062",100
"17188",-2699.342341515,"CAFI_P062",25
"17189",-11981.105011515,"CAFI_P062",50
"17190",-4848.273221515,"CAFI_P062",100
"17191",-1100.68332151498,"CAFI_P062",25
"17192",-6234.317611515,"CAFI_P062",50
"17193",-4800.01677151499,"CAFI_P062",100
"17194",-1080.33605151498,"CAFI_P062",25
"17195",2299.39309848502,"CAFI_P062",50
"17196",-6266.69142151499,"CAFI_P062",100
"17197",-11756.695731515,"CAFI_P062",25
"17198",-5814.64068151498,"CAFI_P062",50
"17199",-4786.43610151499,"CAFI_P062",100
"17200",-465.752741514996,"CAFI_P062",25
"17201",4819.176758485,"CAFI_P062",50
"17202",-17461.826941515,"CAFI_P062",100
"17203",4684.21236848499,"CAFI_P062",25
"17204",-13593.243561515,"CAFI_P062",50
"17205",-13483.722261515,"CAFI_P062",100
"17206",9541.733918485,"CAFI_P062",25
"17207",5591.08181848499,"CAFI_P062",50
"17208",-7036.48210151499,"CAFI_P062",100
"17209",-2428.33920151499,"CAFI_P062",25
"17210",-9450.10224151501,"CAFI_P062",50
"17211",-5069.79140151499,"CAFI_P062",100
"17212",1231.83135848501,"CAFI_P062",25
"17213",9718.88975848499,"CAFI_P062",50
"17214",5298.780518485,"CAFI_P062",100
"17215",904.606378485012,"CAFI_P062",25
"17216",5436.30520848499,"CAFI_P062",50
"17217",-13108.062501515,"CAFI_P062",100
"17218",-12950.744901515,"CAFI_P062",25
"17219",9815.02254848499,"CAFI_P062",50
"17220",17003.801858485,"CAFI_P062",100
"17221",690.308138485008,"CAFI_P062",25
"17222",2618.710228485,"CAFI_P062",50
"17223",-12973.571771515,"CAFI_P062",100
"17224",486.185838484991,"CAFI_P062",25
"17225",1922.56566848501,"CAFI_P062",50
"17226",-17401.879831515,"CAFI_P062",100
"17227",593.195788484998,"CAFI_P062",25
"17228",-2851.19307151501,"CAFI_P062",50
"17229",-8901.88935151498,"CAFI_P062",100
"17230",-3200.32005151501,"CAFI_P062",25
"17231",2051.66764848502,"CAFI_P062",50
"17232",-7469.139671515,"CAFI_P062",100
"17233",-10512.560781515,"CAFI_P062",25
"17234",-1684.50621151499,"CAFI_P062",50
"17235",-23607.486091515,"CAFI_P062",100
"17236",-12059.514111515,"CAFI_P062",25
"17237",-7846.67097151501,"CAFI_P062",50
"17238",6700.158048485,"CAFI_P062",100
"17239",-3899.683881515,"CAFI_P062",25
"17240",-5919.03687151501,"CAFI_P062",50
"17241",-260.593341514992,"CAFI_P062",100
"17242",2964.09834848501,"CAFI_P062",25
"17243",-17123.336911515,"CAFI_P062",50
"17244",-12193.422031515,"CAFI_P062",100
"17245",-6401.27972151499,"CAFI_P062",25
"17246",-391.949761514988,"CAFI_P062",50
"17247",-7201.19841151498,"CAFI_P062",100
"17248",-4313.86212151501,"CAFI_P062",25
"17249",-12351.954721515,"CAFI_P062",50
"17250",-1632.03802151501,"CAFI_P062",100
"17251",-14928.230171515,"CAFI_P062",25
"17252",-13576.130401515,"CAFI_P062",50
"17253",-3293.90587151499,"CAFI_P062",100
"17254",-3799.76434151499,"CAFI_P062",25
"17255",5880.28836848499,"CAFI_P062",50
"17256",-5557.09254151498,"CAFI_P062",100
"17257",12151.813698485,"CAFI_P062",25
"17258",-3827.311721515,"CAFI_P062",50
"17259",1869.639878485,"CAFI_P062",100
"17260",1029.44817848501,"CAFI_P062",25
"17261",-833.796781515004,"CAFI_P062",50
"17262",-9498.851281515,"CAFI_P062",100
"17263",9529.81214848501,"CAFI_P062",25
"17264",-14713.762731515,"CAFI_P062",50
"17265",-15408.890651515,"CAFI_P062",100
"17266",-866.360231514991,"CAFI_P062",25
"17267",-6925.09166151501,"CAFI_P062",50
"17268",-7433.999301515,"CAFI_P062",100
"17269",-11251.438491515,"CAFI_P062",25
"17270",-13009.550681515,"CAFI_P062",50
"17271",-12302.470321515,"CAFI_P062",100
"17272",65.0930984849983,"CAFI_P062",25
"17273",-11299.661621515,"CAFI_P062",50
"17274",-6706.92529151498,"CAFI_P062",100
"17275",-1009.79724151499,"CAFI_P062",25
"17276",-14326.447431515,"CAFI_P062",50
"17277",-14818.008281515,"CAFI_P062",100
"17278",-11154.795011515,"CAFI_P062",25
"17279",10380.237298485,"CAFI_P062",50
"17280",-17837.171861515,"CAFI_P062",100
"17281",1785.782758485,"CAFI_P062",25
"17282",2622.49636848501,"CAFI_P062",50
"17283",-16904.928141515,"CAFI_P062",100
"17284",653.961558484996,"CAFI_P062",25
"17285",-1197.385191515,"CAFI_P062",50
"17286",-2844.58887151501,"CAFI_P062",100
"17287",-3181.09257151501,"CAFI_P062",25
"17288",-7076.78523151501,"CAFI_P062",50
"17289",-14812.057591515,"CAFI_P062",100
"17290",-15336.284031515,"CAFI_P062",25
"17291",-7066.01189151499,"CAFI_P062",50
"17292",-1851.12428151499,"CAFI_P062",100
"17293",3772.776528485,"CAFI_P062",25
"17294",-18157.361201515,"CAFI_P062",50
"17295",1483.96351848499,"CAFI_P062",100
"17296",-1296.172541515,"CAFI_P062",25
"17297",-1419.04833151499,"CAFI_P062",50
"17298",-9992.34817151498,"CAFI_P062",100
"17299",-3382.677181515,"CAFI_P062",25
"17300",-10138.895421515,"CAFI_P062",50
"17301",-19714.005411515,"CAFI_P062",100
"17302",-3155.46136151499,"CAFI_P062",25
"17303",-13923.885191515,"CAFI_P062",50
"17304",-9822.30089151498,"CAFI_P062",100
"17305",3332.055278485,"CAFI_P062",25
"17306",1600.70045848499,"CAFI_P062",50
"17307",-4877.24391151499,"CAFI_P062",100
"17308",-4454.71129151501,"CAFI_P062",25
"17309",1501.00405848501,"CAFI_P062",50
"17310",-13695.295821515,"CAFI_P062",100
"17311",3346.301318485,"CAFI_P062",25
"17312",-10430.716291515,"CAFI_P062",50
"17313",-12531.575731515,"CAFI_P062",100
"17314",-14333.235401515,"CAFI_P062",25
"17315",-6161.982511515,"CAFI_P062",50
"17316",-5457.07617151499,"CAFI_P062",100
"17317",1711.92729848501,"CAFI_P062",25
"17318",-881.731081514998,"CAFI_P062",50
"17319",665.742108484992,"CAFI_P062",100
"17320",-2571.68256151499,"CAFI_P062",25
"17321",-585.529301514995,"CAFI_P062",50
"17322",-7190.47251151499,"CAFI_P062",100
"17323",-3139.24183151498,"CAFI_P062",25
"17324",-8832.401531515,"CAFI_P062",50
"17325",-17685.901631515,"CAFI_P062",100
"17326",-2558.364811515,"CAFI_P062",25
"17327",-2816.046371515,"CAFI_P062",50
"17328",-9494.57625151498,"CAFI_P062",100
"17329",-9.96399151498917,"CAFI_P062",25
"17330",-452.038151515007,"CAFI_P062",50
"17331",-13992.132161515,"CAFI_P062",100
"17332",6534.36533848499,"CAFI_P062",25
"17333",-10225.999941515,"CAFI_P062",50
"17334",-4861.84793151499,"CAFI_P062",100
"17335",-10734.459971515,"CAFI_P062",25
"17336",-10972.917641515,"CAFI_P062",50
"17337",-12412.835091515,"CAFI_P062",100
"17338",7064.29932848501,"CAFI_P062",25
"17339",-1694.463931515,"CAFI_P062",50
"17340",-10463.720031515,"CAFI_P062",100
"17341",-227.885491514986,"CAFI_P062",25
"17342",8047.03148848499,"CAFI_P062",50
"17343",-6304.615361515,"CAFI_P062",100
"17344",-2569.38602151501,"CAFI_P062",25
"17345",-1977.518691515,"CAFI_P062",50
"17346",5185.63149848499,"CAFI_P062",100
"17347",-663.168691514991,"CAFI_P062",25
"17348",4593.11437848501,"CAFI_P062",50
"17349",-4522.13690151498,"CAFI_P062",100
"17350",398.649008484994,"CAFI_P062",25
"17351",-803.162731514982,"CAFI_P062",50
"17352",-6405.46112151499,"CAFI_P062",100
"17353",14534.783228485,"CAFI_P062",25
"17354",-2971.61623151498,"CAFI_P062",50
"17355",-18440.498231515,"CAFI_P062",100
"17356",2070.966738485,"CAFI_P062",25
"17357",3290.473728485,"CAFI_P062",50
"17358",-4437.31399151499,"CAFI_P062",100
"17359",1541.39951848501,"CAFI_P062",25
"17360",-3122.32236151499,"CAFI_P062",50
"17361",-5911.79140151499,"CAFI_P062",100
"17362",-1648.22408151499,"CAFI_P062",25
"17363",-4999.40368151499,"CAFI_P062",50
"17364",-10919.380121515,"CAFI_P062",100
"17365",6826.561638485,"CAFI_P062",25
"17366",-12695.362681515,"CAFI_P062",50
"17367",-17854.377621515,"CAFI_P062",100
"17368",-2756.570811515,"CAFI_P062",25
"17369",-2021.53235151499,"CAFI_P062",50
"17370",-1273.795431515,"CAFI_P062",100
"17371",9067.14187848501,"CAFI_P062",25
"17372",18651.813548485,"CAFI_P062",50
"17373",-16447.977061515,"CAFI_P062",100
"17374",3457.316358485,"CAFI_P062",25
"17375",-4040.529531515,"CAFI_P062",50
"17376",-11140.566161515,"CAFI_P062",100
"17377",9571.64393848501,"CAFI_P062",25
"17378",5501.89901848501,"CAFI_P062",50
"17379",-15736.395011515,"CAFI_P062",100
"17380",1439.50732848499,"CAFI_P062",25
"17381",12653.829608485,"CAFI_P062",50
"17382",-18155.094661515,"CAFI_P062",100
"17383",454.58083848501,"CAFI_P062",25
"17384",-5529.940841515,"CAFI_P062",50
"17385",-6431.777781515,"CAFI_P062",100
"17386",-695.282971515,"CAFI_P062",25
"17387",5569.38460848501,"CAFI_P062",50
"17388",-9586.46227151499,"CAFI_P062",100
"17389",1332.13295848502,"CAFI_P062",25
"17390",252.52502848499,"CAFI_P062",50
"17391",-1986.961561515,"CAFI_P062",100
"17392",-3470.666911515,"CAFI_P062",25
"17393",-2009.296421515,"CAFI_P062",50
"17394",-19344.090391515,"CAFI_P062",100
"17395",1436.916098485,"CAFI_P062",25
"17396",-8695.34178151499,"CAFI_P062",50
"17397",-17934.744611515,"CAFI_P062",100
"17398",-1066.259361515,"CAFI_P062",25
"17399",-7506.87089151499,"CAFI_P062",50
"17400",315.244728485006,"CAFI_P062",100
"17401",-1814.20866156,"CAFI_P063",25
"17402",-5741.87725155998,"CAFI_P063",50
"17403",543.759978440008,"CAFI_P063",100
"17404",-10745.98210156,"CAFI_P063",25
"17405",5193.33040844,"CAFI_P063",50
"17406",1240.71023844002,"CAFI_P063",100
"17407",5979.77530844,"CAFI_P063",25
"17408",6908.95222844,"CAFI_P063",50
"17409",1003.84523844,"CAFI_P063",100
"17410",-17619.62236156,"CAFI_P063",25
"17411",8039.75308844002,"CAFI_P063",50
"17412",-1945.34823156,"CAFI_P063",100
"17413",-7509.92967155998,"CAFI_P063",25
"17414",30941.68585844,"CAFI_P063",50
"17415",-4316.70742155999,"CAFI_P063",100
"17416",-3526.61640155999,"CAFI_P063",25
"17417",-1680.74023155999,"CAFI_P063",50
"17418",11484.09909844,"CAFI_P063",100
"17419",-3602.66554155998,"CAFI_P063",25
"17420",9932.88290844002,"CAFI_P063",50
"17421",28492.45496844,"CAFI_P063",100
"17422",16388.32664844,"CAFI_P063",25
"17423",9421.72883844,"CAFI_P063",50
"17424",-6464.85303155999,"CAFI_P063",100
"17425",-14054.81199156,"CAFI_P063",25
"17426",54079.48329844,"CAFI_P063",50
"17427",13963.21533844,"CAFI_P063",100
"17428",5386.17634844,"CAFI_P063",25
"17429",2035.31528844,"CAFI_P063",50
"17430",56727.10222844,"CAFI_P063",100
"17431",3270.03987844,"CAFI_P063",25
"17432",-9567.08765156,"CAFI_P063",50
"17433",16248.45465844,"CAFI_P063",100
"17434",-2154.25921155998,"CAFI_P063",25
"17435",12854.03177844,"CAFI_P063",50
"17436",47422.56867844,"CAFI_P063",100
"17437",11283.58779844,"CAFI_P063",25
"17438",16294.40859844,"CAFI_P063",50
"17439",17606.93407844,"CAFI_P063",100
"17440",14583.33408844,"CAFI_P063",25
"17441",14767.75964844,"CAFI_P063",50
"17442",16896.84553844,"CAFI_P063",100
"17443",6192.01139844002,"CAFI_P063",25
"17444",5900.34303844001,"CAFI_P063",50
"17445",49248.15041844,"CAFI_P063",100
"17446",-11578.53802156,"CAFI_P063",25
"17447",-1441.04307155998,"CAFI_P063",50
"17448",24052.14120844,"CAFI_P063",100
"17449",6154.19609844001,"CAFI_P063",25
"17450",10250.08201844,"CAFI_P063",50
"17451",-11121.97259156,"CAFI_P063",100
"17452",9094.52227844001,"CAFI_P063",25
"17453",33973.98136844,"CAFI_P063",50
"17454",5869.74129844,"CAFI_P063",100
"17455",8806.54513844001,"CAFI_P063",25
"17456",-12721.53517156,"CAFI_P063",50
"17457",11671.83551844,"CAFI_P063",100
"17458",15002.37484844,"CAFI_P063",25
"17459",-4187.96353156,"CAFI_P063",50
"17460",30555.29618844,"CAFI_P063",100
"17461",9829.40724844002,"CAFI_P063",25
"17462",9695.70906844002,"CAFI_P063",50
"17463",34767.36739844,"CAFI_P063",100
"17464",25428.91249844,"CAFI_P063",25
"17465",5362.43915844001,"CAFI_P063",50
"17466",-27766.72812156,"CAFI_P063",100
"17467",4942.72818844,"CAFI_P063",25
"17468",12383.85434844,"CAFI_P063",50
"17469",-6778.99725155998,"CAFI_P063",100
"17470",18525.58312844,"CAFI_P063",25
"17471",2176.58139844,"CAFI_P063",50
"17472",-2155.90807156,"CAFI_P063",100
"17473",12722.69025844,"CAFI_P063",25
"17474",20871.96806844,"CAFI_P063",50
"17475",-9064.06110155999,"CAFI_P063",100
"17476",-1131.76595156,"CAFI_P063",25
"17477",-5172.27755155999,"CAFI_P063",50
"17478",18239.73861844,"CAFI_P063",100
"17479",7840.60206844,"CAFI_P063",25
"17480",11035.47529844,"CAFI_P063",50
"17481",-4426.18396155999,"CAFI_P063",100
"17482",11183.35210844,"CAFI_P063",25
"17483",10941.02441844,"CAFI_P063",50
"17484",-14827.06304156,"CAFI_P063",100
"17485",2884.66725844002,"CAFI_P063",25
"17486",-9086.79501156,"CAFI_P063",50
"17487",15721.36128844,"CAFI_P063",100
"17488",-4456.31183155999,"CAFI_P063",25
"17489",22950.28849844,"CAFI_P063",50
"17490",38143.15171844,"CAFI_P063",100
"17491",-6326.18872156,"CAFI_P063",25
"17492",-19307.33412156,"CAFI_P063",50
"17493",18117.76735844,"CAFI_P063",100
"17494",8388.86942844,"CAFI_P063",25
"17495",19273.14561844,"CAFI_P063",50
"17496",12300.31232844,"CAFI_P063",100
"17497",-7583.08092156,"CAFI_P063",25
"17498",-5079.12828156,"CAFI_P063",50
"17499",2543.71542844002,"CAFI_P063",100
"17500",14192.19970844,"CAFI_P063",25
"17501",38547.62920844,"CAFI_P063",50
"17502",20289.61173844,"CAFI_P063",100
"17503",6328.26151844001,"CAFI_P063",25
"17504",-7231.22975155999,"CAFI_P063",50
"17505",11761.73195844,"CAFI_P063",100
"17506",-13326.76877156,"CAFI_P063",25
"17507",-15628.43373156,"CAFI_P063",50
"17508",-4689.39074156,"CAFI_P063",100
"17509",12449.53774844,"CAFI_P063",25
"17510",-10434.40118156,"CAFI_P063",50
"17511",24240.62148844,"CAFI_P063",100
"17512",14051.48408844,"CAFI_P063",25
"17513",3154.65807844,"CAFI_P063",50
"17514",23056.81477844,"CAFI_P063",100
"17515",-7316.34950155998,"CAFI_P063",25
"17516",10804.69217844,"CAFI_P063",50
"17517",2697.21365844001,"CAFI_P063",100
"17518",2606.24625844002,"CAFI_P063",25
"17519",8787.71570844002,"CAFI_P063",50
"17520",-3629.69959156,"CAFI_P063",100
"17521",5057.91421844001,"CAFI_P063",25
"17522",17680.05475844,"CAFI_P063",50
"17523",-3742.75285155998,"CAFI_P063",100
"17524",9818.76246844002,"CAFI_P063",25
"17525",18133.00046844,"CAFI_P063",50
"17526",18404.87397844,"CAFI_P063",100
"17527",4324.80915844001,"CAFI_P063",25
"17528",275.728958440013,"CAFI_P063",50
"17529",-13652.86922156,"CAFI_P063",100
"17530",4473.36730844001,"CAFI_P063",25
"17531",10614.02507844,"CAFI_P063",50
"17532",11654.12062844,"CAFI_P063",100
"17533",-10636.64945156,"CAFI_P063",25
"17534",-3790.43392155998,"CAFI_P063",50
"17535",31286.57523844,"CAFI_P063",100
"17536",27288.53275844,"CAFI_P063",25
"17537",11298.23606844,"CAFI_P063",50
"17538",24948.67565844,"CAFI_P063",100
"17539",-694.872161559993,"CAFI_P063",25
"17540",-3034.06756155999,"CAFI_P063",50
"17541",-6549.94337155999,"CAFI_P063",100
"17542",-4422.18329155998,"CAFI_P063",25
"17543",6822.82215844002,"CAFI_P063",50
"17544",50338.26735844,"CAFI_P063",100
"17545",-7049.69932155998,"CAFI_P063",25
"17546",13203.57495844,"CAFI_P063",50
"17547",22637.51487844,"CAFI_P063",100
"17548",8332.65963844,"CAFI_P063",25
"17549",-11770.49717156,"CAFI_P063",50
"17550",-5234.10635155998,"CAFI_P063",100
"17551",3783.50844844,"CAFI_P063",25
"17552",17353.40381844,"CAFI_P063",50
"17553",21629.28876844,"CAFI_P063",100
"17554",3122.04930844001,"CAFI_P063",25
"17555",6818.65495844002,"CAFI_P063",50
"17556",2730.09557844,"CAFI_P063",100
"17557",17725.19475844,"CAFI_P063",25
"17558",7437.76969844001,"CAFI_P063",50
"17559",10148.63233844,"CAFI_P063",100
"17560",-16883.31615156,"CAFI_P063",25
"17561",-16211.68858156,"CAFI_P063",50
"17562",3789.92510844002,"CAFI_P063",100
"17563",18045.71841844,"CAFI_P063",25
"17564",-68.4139315600041,"CAFI_P063",50
"17565",10478.99663844,"CAFI_P063",100
"17566",1581.18162844001,"CAFI_P063",25
"17567",8605.87792844002,"CAFI_P063",50
"17568",7531.90416844,"CAFI_P063",100
"17569",-4490.23023155998,"CAFI_P063",25
"17570",14051.01634844,"CAFI_P063",50
"17571",1352.79910844,"CAFI_P063",100
"17572",-2389.40740155999,"CAFI_P063",25
"17573",39793.46331844,"CAFI_P063",50
"17574",22055.87538844,"CAFI_P063",100
"17575",6665.82195844001,"CAFI_P063",25
"17576",8627.65593844,"CAFI_P063",50
"17577",-8086.96915155998,"CAFI_P063",100
"17578",5222.53567844001,"CAFI_P063",25
"17579",12032.87992844,"CAFI_P063",50
"17580",45617.07818844,"CAFI_P063",100
"17581",2256.78410844001,"CAFI_P063",25
"17582",10318.06528844,"CAFI_P063",50
"17583",36759.15815844,"CAFI_P063",100
"17584",-10198.30088156,"CAFI_P063",25
"17585",18913.37164844,"CAFI_P063",50
"17586",-2124.67010155998,"CAFI_P063",100
"17587",-7970.67236155999,"CAFI_P063",25
"17588",2593.31719844003,"CAFI_P063",50
"17589",-3443.20582156,"CAFI_P063",100
"17590",14300.59906844,"CAFI_P063",25
"17591",-2490.21948155999,"CAFI_P063",50
"17592",9478.99626844001,"CAFI_P063",100
"17593",7087.28390844,"CAFI_P063",25
"17594",15173.58044844,"CAFI_P063",50
"17595",11293.23226844,"CAFI_P063",100
"17596",-5156.47585155998,"CAFI_P063",25
"17597",1030.11919844002,"CAFI_P063",50
"17598",4459.34341844002,"CAFI_P063",100
"17599",-5705.01916155999,"CAFI_P063",25
"17600",17596.68954844,"CAFI_P063",50
"17601",15176.45546844,"CAFI_P063",100
"17602",18447.68725844,"CAFI_P063",25
"17603",10714.50428844,"CAFI_P063",50
"17604",24082.98244844,"CAFI_P063",100
"17605",-1273.77895156,"CAFI_P063",25
"17606",-7860.61961155999,"CAFI_P063",50
"17607",6531.67650844002,"CAFI_P063",100
"17608",-4025.96773156,"CAFI_P063",25
"17609",27368.43287844,"CAFI_P063",50
"17610",14738.38688844,"CAFI_P063",100
"17611",13552.93619844,"CAFI_P063",25
"17612",20837.36883844,"CAFI_P063",50
"17613",-3746.31910155999,"CAFI_P063",100
"17614",-5526.06831156,"CAFI_P063",25
"17615",4039.03903844001,"CAFI_P063",50
"17616",22058.93568844,"CAFI_P063",100
"17617",9093.50166844,"CAFI_P063",25
"17618",12324.31543844,"CAFI_P063",50
"17619",-13991.86601156,"CAFI_P063",100
"17620",-10731.72952156,"CAFI_P063",25
"17621",-17542.73245156,"CAFI_P063",50
"17622",25453.33973844,"CAFI_P063",100
"17623",-9976.04621155999,"CAFI_P063",25
"17624",-16177.41169156,"CAFI_P063",50
"17625",15762.00712844,"CAFI_P063",100
"17626",6305.99811844001,"CAFI_P063",25
"17627",25033.06407844,"CAFI_P063",50
"17628",1994.14685844001,"CAFI_P063",100
"17629",-11521.42692156,"CAFI_P063",25
"17630",9570.71715844001,"CAFI_P063",50
"17631",-3957.60369155998,"CAFI_P063",100
"17632",10194.87359844,"CAFI_P063",25
"17633",8018.84141844002,"CAFI_P063",50
"17634",12261.76735844,"CAFI_P063",100
"17635",12494.87556844,"CAFI_P063",25
"17636",6860.32711844001,"CAFI_P063",50
"17637",31997.44528844,"CAFI_P063",100
"17638",6401.32547844001,"CAFI_P063",25
"17639",2921.00565844,"CAFI_P063",50
"17640",-10517.02137156,"CAFI_P063",100
"17641",6546.23659844001,"CAFI_P063",25
"17642",18203.85931844,"CAFI_P063",50
"17643",12564.77915844,"CAFI_P063",100
"17644",-5497.78822155998,"CAFI_P063",25
"17645",-4359.34187156,"CAFI_P063",50
"17646",11826.55015844,"CAFI_P063",100
"17647",-10740.87322156,"CAFI_P063",25
"17648",-6233.92090155999,"CAFI_P063",50
"17649",3354.89043844002,"CAFI_P063",100
"17650",1309.02680844002,"CAFI_P063",25
"17651",18601.52538844,"CAFI_P063",50
"17652",1399.05754844,"CAFI_P063",100
"17653",17082.77947844,"CAFI_P063",25
"17654",13092.09408844,"CAFI_P063",50
"17655",6283.09259844001,"CAFI_P063",100
"17656",-12615.20539156,"CAFI_P063",25
"17657",26438.03409844,"CAFI_P063",50
"17658",27365.01739844,"CAFI_P063",100
"17659",11428.49639844,"CAFI_P063",25
"17660",9574.30919844002,"CAFI_P063",50
"17661",657.081958440016,"CAFI_P063",100
"17662",-3906.17637156,"CAFI_P063",25
"17663",797.810008440021,"CAFI_P063",50
"17664",41410.30756844,"CAFI_P063",100
"17665",-2784.50856155998,"CAFI_P063",25
"17666",3039.79409844,"CAFI_P063",50
"17667",-8813.25520155998,"CAFI_P063",100
"17668",11359.93099844,"CAFI_P063",25
"17669",20867.02181844,"CAFI_P063",50
"17670",6528.52149844001,"CAFI_P063",100
"17671",-5551.58787155998,"CAFI_P063",25
"17672",13890.53725844,"CAFI_P063",50
"17673",-4852.71166156,"CAFI_P063",100
"17674",3029.07567844001,"CAFI_P063",25
"17675",16403.97574844,"CAFI_P063",50
"17676",13127.59867844,"CAFI_P063",100
"17677",-14205.35928156,"CAFI_P063",25
"17678",4956.22063844002,"CAFI_P063",50
"17679",32798.15034844,"CAFI_P063",100
"17680",-1670.18220155998,"CAFI_P063",25
"17681",-780.785831560002,"CAFI_P063",50
"17682",-15618.76153156,"CAFI_P063",100
"17683",20328.78561844,"CAFI_P063",25
"17684",6718.30995844002,"CAFI_P063",50
"17685",272.073008439998,"CAFI_P063",100
"17686",22104.60762844,"CAFI_P063",25
"17687",-7191.83872155999,"CAFI_P063",50
"17688",19540.97959844,"CAFI_P063",100
"17689",3316.87740844002,"CAFI_P063",25
"17690",11158.37725844,"CAFI_P063",50
"17691",738.309698440018,"CAFI_P063",100
"17692",-353.85888155998,"CAFI_P063",25
"17693",12288.34286844,"CAFI_P063",50
"17694",27760.89462844,"CAFI_P063",100
"17695",-2301.14864155999,"CAFI_P063",25
"17696",10683.80487844,"CAFI_P063",50
"17697",32663.20572844,"CAFI_P063",100
"17698",-2950.46541156,"CAFI_P063",25
"17699",-6086.73332155999,"CAFI_P063",50
"17700",-3819.65813155999,"CAFI_P063",100
"17701",-15056.812781149,"CAFI_P064",25
"17702",-9218.394041149,"CAFI_P064",50
"17703",-71232.702351149,"CAFI_P064",100
"17704",-15921.1764211491,"CAFI_P064",25
"17705",-28764.419961149,"CAFI_P064",50
"17706",-23912.837711149,"CAFI_P064",100
"17707",-11594.600001149,"CAFI_P064",25
"17708",-9824.61378114903,"CAFI_P064",50
"17709",-62461.145551149,"CAFI_P064",100
"17710",-24589.392171149,"CAFI_P064",25
"17711",-27472.669501149,"CAFI_P064",50
"17712",-43711.183111149,"CAFI_P064",100
"17713",-6562.862691149,"CAFI_P064",25
"17714",-25880.726721149,"CAFI_P064",50
"17715",-15738.4326511491,"CAFI_P064",100
"17716",-8175.01345114905,"CAFI_P064",25
"17717",-31325.217431149,"CAFI_P064",50
"17718",-48442.804661149,"CAFI_P064",100
"17719",-12048.227061149,"CAFI_P064",25
"17720",-19256.039431149,"CAFI_P064",50
"17721",-36708.289551149,"CAFI_P064",100
"17722",-11747.109901149,"CAFI_P064",25
"17723",-24210.208201149,"CAFI_P064",50
"17724",-36663.082571149,"CAFI_P064",100
"17725",-163.919471149042,"CAFI_P064",25
"17726",-18918.870251149,"CAFI_P064",50
"17727",-51140.407791149,"CAFI_P064",100
"17728",-4705.02230114903,"CAFI_P064",25
"17729",-4660.84120114904,"CAFI_P064",50
"17730",-31618.747151149,"CAFI_P064",100
"17731",-36075.629111149,"CAFI_P064",25
"17732",-53133.669781149,"CAFI_P064",50
"17733",-58262.039501149,"CAFI_P064",100
"17734",-22021.891731149,"CAFI_P064",25
"17735",21496.201218851,"CAFI_P064",50
"17736",-43203.636351149,"CAFI_P064",100
"17737",-3680.89090114902,"CAFI_P064",25
"17738",-20556.899351149,"CAFI_P064",50
"17739",-49061.379791149,"CAFI_P064",100
"17740",-20500.447661149,"CAFI_P064",25
"17741",-17597.558821149,"CAFI_P064",50
"17742",-36991.893551149,"CAFI_P064",100
"17743",-39942.614771149,"CAFI_P064",25
"17744",-32443.305351149,"CAFI_P064",50
"17745",-28416.9225911491,"CAFI_P064",100
"17746",9416.875368851,"CAFI_P064",25
"17747",-11180.729281149,"CAFI_P064",50
"17748",-72002.777081149,"CAFI_P064",100
"17749",-14218.974401149,"CAFI_P064",25
"17750",-14661.757051149,"CAFI_P064",50
"17751",-2741.48869114905,"CAFI_P064",100
"17752",-30645.751301149,"CAFI_P064",25
"17753",-26034.400721149,"CAFI_P064",50
"17754",-47863.811661149,"CAFI_P064",100
"17755",-4145.35525114904,"CAFI_P064",25
"17756",-26628.767611149,"CAFI_P064",50
"17757",-65969.837251149,"CAFI_P064",100
"17758",129.402518850984,"CAFI_P064",25
"17759",-28404.851711149,"CAFI_P064",50
"17760",-40906.056571149,"CAFI_P064",100
"17761",-1508.08122114901,"CAFI_P064",25
"17762",-27897.297951149,"CAFI_P064",50
"17763",-35289.734791149,"CAFI_P064",100
"17764",6595.69604885095,"CAFI_P064",25
"17765",-36053.240101149,"CAFI_P064",50
"17766",-49653.732231149,"CAFI_P064",100
"17767",9875.888898851,"CAFI_P064",25
"17768",-23223.792451149,"CAFI_P064",50
"17769",-28483.240201149,"CAFI_P064",100
"17770",-40607.490111149,"CAFI_P064",25
"17771",-23981.657421149,"CAFI_P064",50
"17772",-42181.543591149,"CAFI_P064",100
"17773",-14712.110141149,"CAFI_P064",25
"17774",-36808.507721149,"CAFI_P064",50
"17775",-43911.862341149,"CAFI_P064",100
"17776",7497.86699885095,"CAFI_P064",25
"17777",-11096.485671149,"CAFI_P064",50
"17778",-46298.726391149,"CAFI_P064",100
"17779",-23566.621021149,"CAFI_P064",25
"17780",-40593.171681149,"CAFI_P064",50
"17781",-38670.758811149,"CAFI_P064",100
"17782",-1875.32286114903,"CAFI_P064",25
"17783",-30736.806261149,"CAFI_P064",50
"17784",-46622.885441149,"CAFI_P064",100
"17785",-19283.630021149,"CAFI_P064",25
"17786",-27407.844491149,"CAFI_P064",50
"17787",-56118.958211149,"CAFI_P064",100
"17788",-12049.317791149,"CAFI_P064",25
"17789",-21036.729051149,"CAFI_P064",50
"17790",-17746.073101149,"CAFI_P064",100
"17791",-5937.95265114901,"CAFI_P064",25
"17792",4197.24881885096,"CAFI_P064",50
"17793",-50475.020781149,"CAFI_P064",100
"17794",-2014.397221149,"CAFI_P064",25
"17795",-44936.328331149,"CAFI_P064",50
"17796",-22042.327061149,"CAFI_P064",100
"17797",-2617.58719114901,"CAFI_P064",25
"17798",28626.144238851,"CAFI_P064",50
"17799",-74685.232851149,"CAFI_P064",100
"17800",-10080.397421149,"CAFI_P064",25
"17801",-29779.741681149,"CAFI_P064",50
"17802",-24797.104911149,"CAFI_P064",100
"17803",-18295.092501149,"CAFI_P064",25
"17804",-45913.430281149,"CAFI_P064",50
"17805",-53506.081131149,"CAFI_P064",100
"17806",-24380.3044711491,"CAFI_P064",25
"17807",-39452.052201149,"CAFI_P064",50
"17808",-43993.457021149,"CAFI_P064",100
"17809",-10185.266001149,"CAFI_P064",25
"17810",-4493.33208114904,"CAFI_P064",50
"17811",2795.09166885098,"CAFI_P064",100
"17812",-10937.602051149,"CAFI_P064",25
"17813",-22221.481651149,"CAFI_P064",50
"17814",-48558.394171149,"CAFI_P064",100
"17815",-13499.090321149,"CAFI_P064",25
"17816",-12895.932591149,"CAFI_P064",50
"17817",-25857.766331149,"CAFI_P064",100
"17818",-5057.91706114903,"CAFI_P064",25
"17819",-40051.565251149,"CAFI_P064",50
"17820",-49920.044461149,"CAFI_P064",100
"17821",-5648.87837114901,"CAFI_P064",25
"17822",-5279.26433114905,"CAFI_P064",50
"17823",-56092.364291149,"CAFI_P064",100
"17824",8236.64877885097,"CAFI_P064",25
"17825",-21182.909601149,"CAFI_P064",50
"17826",-50109.921421149,"CAFI_P064",100
"17827",3917.24266885099,"CAFI_P064",25
"17828",-57810.625891149,"CAFI_P064",50
"17829",-40608.522941149,"CAFI_P064",100
"17830",11108.029688851,"CAFI_P064",25
"17831",-23862.367331149,"CAFI_P064",50
"17832",-24666.152801149,"CAFI_P064",100
"17833",-27945.738641149,"CAFI_P064",25
"17834",-34100.956731149,"CAFI_P064",50
"17835",-50265.198761149,"CAFI_P064",100
"17836",-13966.408711149,"CAFI_P064",25
"17837",2086.66065885097,"CAFI_P064",50
"17838",-38962.855751149,"CAFI_P064",100
"17839",12985.437018851,"CAFI_P064",25
"17840",-24489.956581149,"CAFI_P064",50
"17841",-23386.698471149,"CAFI_P064",100
"17842",-12627.356711149,"CAFI_P064",25
"17843",5353.92633885099,"CAFI_P064",50
"17844",-56417.489121149,"CAFI_P064",100
"17845",-14556.170781149,"CAFI_P064",25
"17846",-5489.52286114905,"CAFI_P064",50
"17847",-42116.055911149,"CAFI_P064",100
"17848",-16547.824811149,"CAFI_P064",25
"17849",-23897.761051149,"CAFI_P064",50
"17850",-25051.636651149,"CAFI_P064",100
"17851",-5580.397611149,"CAFI_P064",25
"17852",-17610.710521149,"CAFI_P064",50
"17853",-4358.28443114902,"CAFI_P064",100
"17854",-30361.595861149,"CAFI_P064",25
"17855",-11684.785441149,"CAFI_P064",50
"17856",-13210.175581149,"CAFI_P064",100
"17857",-13866.771351149,"CAFI_P064",25
"17858",-22717.433201149,"CAFI_P064",50
"17859",-45095.563451149,"CAFI_P064",100
"17860",-27478.333901149,"CAFI_P064",25
"17861",-35857.091051149,"CAFI_P064",50
"17862",-46137.6766811491,"CAFI_P064",100
"17863",-20095.210821149,"CAFI_P064",25
"17864",-18067.126651149,"CAFI_P064",50
"17865",-45122.365601149,"CAFI_P064",100
"17866",-381.144251149031,"CAFI_P064",25
"17867",-11770.906551149,"CAFI_P064",50
"17868",-46212.302511149,"CAFI_P064",100
"17869",-7697.80832114903,"CAFI_P064",25
"17870",-37866.346171149,"CAFI_P064",50
"17871",-30855.628981149,"CAFI_P064",100
"17872",-2087.88344114902,"CAFI_P064",25
"17873",-13691.435971149,"CAFI_P064",50
"17874",251.439568850968,"CAFI_P064",100
"17875",-14169.818631149,"CAFI_P064",25
"17876",-17032.569091149,"CAFI_P064",50
"17877",-43459.528601149,"CAFI_P064",100
"17878",-7885.525531149,"CAFI_P064",25
"17879",-32145.592361149,"CAFI_P064",50
"17880",-56517.290321149,"CAFI_P064",100
"17881",-18424.746731149,"CAFI_P064",25
"17882",-26184.930881149,"CAFI_P064",50
"17883",-40660.924631149,"CAFI_P064",100
"17884",16055.540398851,"CAFI_P064",25
"17885",-43040.524831149,"CAFI_P064",50
"17886",-36122.198721149,"CAFI_P064",100
"17887",-25421.430361149,"CAFI_P064",25
"17888",-26826.624841149,"CAFI_P064",50
"17889",-34920.664851149,"CAFI_P064",100
"17890",-14822.319401149,"CAFI_P064",25
"17891",-57609.249711149,"CAFI_P064",50
"17892",-56998.750421149,"CAFI_P064",100
"17893",-10211.154991149,"CAFI_P064",25
"17894",-46622.110241149,"CAFI_P064",50
"17895",-22909.8668411491,"CAFI_P064",100
"17896",-30369.062171149,"CAFI_P064",25
"17897",-44301.590611149,"CAFI_P064",50
"17898",-41277.403831149,"CAFI_P064",100
"17899",-21885.630781149,"CAFI_P064",25
"17900",-26786.391941149,"CAFI_P064",50
"17901",-33889.372291149,"CAFI_P064",100
"17902",13778.445508851,"CAFI_P064",25
"17903",-3911.44128114905,"CAFI_P064",50
"17904",-3992.95697114902,"CAFI_P064",100
"17905",-27322.485001149,"CAFI_P064",25
"17906",-15399.790301149,"CAFI_P064",50
"17907",-42527.527321149,"CAFI_P064",100
"17908",-6493.50235114904,"CAFI_P064",25
"17909",-16570.456001149,"CAFI_P064",50
"17910",-19110.648721149,"CAFI_P064",100
"17911",-4435.13561114902,"CAFI_P064",25
"17912",-39456.977221149,"CAFI_P064",50
"17913",-23124.047821149,"CAFI_P064",100
"17914",-9390.46625114902,"CAFI_P064",25
"17915",-18541.066301149,"CAFI_P064",50
"17916",-30057.706011149,"CAFI_P064",100
"17917",-7430.24812114902,"CAFI_P064",25
"17918",-26315.066571149,"CAFI_P064",50
"17919",-31274.479711149,"CAFI_P064",100
"17920",10062.145728851,"CAFI_P064",25
"17921",-18458.708501149,"CAFI_P064",50
"17922",-65410.091501149,"CAFI_P064",100
"17923",-9428.311321149,"CAFI_P064",25
"17924",-16726.804991149,"CAFI_P064",50
"17925",-53056.305261149,"CAFI_P064",100
"17926",6511.28575885098,"CAFI_P064",25
"17927",-56063.945851149,"CAFI_P064",50
"17928",-47077.067931149,"CAFI_P064",100
"17929",-8305.72618114902,"CAFI_P064",25
"17930",-621.470911148994,"CAFI_P064",50
"17931",-46249.969461149,"CAFI_P064",100
"17932",-9946.08386114903,"CAFI_P064",25
"17933",5046.525128851,"CAFI_P064",50
"17934",-39301.911151149,"CAFI_P064",100
"17935",-17758.103651149,"CAFI_P064",25
"17936",-40483.066041149,"CAFI_P064",50
"17937",-11206.400171149,"CAFI_P064",100
"17938",-3132.19960114901,"CAFI_P064",25
"17939",6208.82709885098,"CAFI_P064",50
"17940",-51483.719701149,"CAFI_P064",100
"17941",-3239.80407114903,"CAFI_P064",25
"17942",-42358.451971149,"CAFI_P064",50
"17943",-40671.361181149,"CAFI_P064",100
"17944",-30478.979511149,"CAFI_P064",25
"17945",-19299.033631149,"CAFI_P064",50
"17946",-72548.440081149,"CAFI_P064",100
"17947",8448.92068885098,"CAFI_P064",25
"17948",-17430.644611149,"CAFI_P064",50
"17949",-56170.706341149,"CAFI_P064",100
"17950",-2289.36758114904,"CAFI_P064",25
"17951",-11288.786631149,"CAFI_P064",50
"17952",-48089.245961149,"CAFI_P064",100
"17953",-10892.304951149,"CAFI_P064",25
"17954",-27713.007811149,"CAFI_P064",50
"17955",-40405.2721511491,"CAFI_P064",100
"17956",-2316.25960114901,"CAFI_P064",25
"17957",-57023.500321149,"CAFI_P064",50
"17958",6695.67375885096,"CAFI_P064",100
"17959",-19263.066161149,"CAFI_P064",25
"17960",-9898.04629114905,"CAFI_P064",50
"17961",-46727.858601149,"CAFI_P064",100
"17962",-27100.483931149,"CAFI_P064",25
"17963",22791.370938851,"CAFI_P064",50
"17964",-45566.597081149,"CAFI_P064",100
"17965",7644.97798885097,"CAFI_P064",25
"17966",-28224.736111149,"CAFI_P064",50
"17967",-41334.402291149,"CAFI_P064",100
"17968",-17568.300961149,"CAFI_P064",25
"17969",-26214.909631149,"CAFI_P064",50
"17970",-49871.997661149,"CAFI_P064",100
"17971",6838.668558851,"CAFI_P064",25
"17972",-19264.752331149,"CAFI_P064",50
"17973",-70730.982401149,"CAFI_P064",100
"17974",8709.18586885097,"CAFI_P064",25
"17975",-1456.99016114901,"CAFI_P064",50
"17976",-61938.909391149,"CAFI_P064",100
"17977",-3763.22684114904,"CAFI_P064",25
"17978",-33863.935611149,"CAFI_P064",50
"17979",-56022.429291149,"CAFI_P064",100
"17980",-1796.86257114902,"CAFI_P064",25
"17981",-28741.193501149,"CAFI_P064",50
"17982",-48993.710761149,"CAFI_P064",100
"17983",-22085.963491149,"CAFI_P064",25
"17984",-3628.57777114899,"CAFI_P064",50
"17985",-36950.843121149,"CAFI_P064",100
"17986",-2631.394231149,"CAFI_P064",25
"17987",-17014.954471149,"CAFI_P064",50
"17988",-57829.541121149,"CAFI_P064",100
"17989",-8412.14293114899,"CAFI_P064",25
"17990",-37530.706871149,"CAFI_P064",50
"17991",-58228.413871149,"CAFI_P064",100
"17992",4745.482228851,"CAFI_P064",25
"17993",-38505.984471149,"CAFI_P064",50
"17994",-51247.979971149,"CAFI_P064",100
"17995",-32865.626551149,"CAFI_P064",25
"17996",-9398.35343114904,"CAFI_P064",50
"17997",-50197.433261149,"CAFI_P064",100
"17998",-1385.52957114903,"CAFI_P064",25
"17999",-48413.413731149,"CAFI_P064",50
"18000",-61883.671211149,"CAFI_P064",100
"18001",12199.124737555,"CAFI_P067",25
"18002",70637.950147555,"CAFI_P067",50
"18003",87243.422927555,"CAFI_P067",100
"18004",20943.018907555,"CAFI_P067",25
"18005",32919.038357555,"CAFI_P067",50
"18006",138732.728047555,"CAFI_P067",100
"18007",-2548.15279244498,"CAFI_P067",25
"18008",6286.46643755498,"CAFI_P067",50
"18009",75329.460207555,"CAFI_P067",100
"18010",4908.73641755502,"CAFI_P067",25
"18011",38000.024157555,"CAFI_P067",50
"18012",148869.878457555,"CAFI_P067",100
"18013",29856.121377555,"CAFI_P067",25
"18014",27991.908527555,"CAFI_P067",50
"18015",6822.01748755499,"CAFI_P067",100
"18016",12899.112937555,"CAFI_P067",25
"18017",25705.534507555,"CAFI_P067",50
"18018",83813.861717555,"CAFI_P067",100
"18019",3659.88773755502,"CAFI_P067",25
"18020",94980.195167555,"CAFI_P067",50
"18021",45715.311377555,"CAFI_P067",100
"18022",6042.24859755498,"CAFI_P067",25
"18023",-108.920312445029,"CAFI_P067",50
"18024",67170.698867555,"CAFI_P067",100
"18025",16070.031107555,"CAFI_P067",25
"18026",48993.407157555,"CAFI_P067",50
"18027",26343.942327555,"CAFI_P067",100
"18028",25802.497437555,"CAFI_P067",25
"18029",54915.110867555,"CAFI_P067",50
"18030",87369.017417555,"CAFI_P067",100
"18031",20089.366437555,"CAFI_P067",25
"18032",68062.563737555,"CAFI_P067",50
"18033",62340.289097555,"CAFI_P067",100
"18034",6698.16424755502,"CAFI_P067",25
"18035",18769.905157555,"CAFI_P067",50
"18036",103639.823577555,"CAFI_P067",100
"18037",14977.614857555,"CAFI_P067",25
"18038",37948.156447555,"CAFI_P067",50
"18039",65110.107217555,"CAFI_P067",100
"18040",-5383.59737244499,"CAFI_P067",25
"18041",-3172.472382445,"CAFI_P067",50
"18042",20613.101317555,"CAFI_P067",100
"18043",18190.255477555,"CAFI_P067",25
"18044",37993.477237555,"CAFI_P067",50
"18045",49318.271897555,"CAFI_P067",100
"18046",-2718.63604244502,"CAFI_P067",25
"18047",11951.406287555,"CAFI_P067",50
"18048",54743.551937555,"CAFI_P067",100
"18049",5924.87167755497,"CAFI_P067",25
"18050",18492.880597555,"CAFI_P067",50
"18051",62286.578357555,"CAFI_P067",100
"18052",18882.156747555,"CAFI_P067",25
"18053",15689.719257555,"CAFI_P067",50
"18054",54342.183937555,"CAFI_P067",100
"18055",17714.394777555,"CAFI_P067",25
"18056",40795.040227555,"CAFI_P067",50
"18057",51805.738427555,"CAFI_P067",100
"18058",27645.337907555,"CAFI_P067",25
"18059",51743.171067555,"CAFI_P067",50
"18060",54944.825107555,"CAFI_P067",100
"18061",6892.04930755502,"CAFI_P067",25
"18062",55563.089527555,"CAFI_P067",50
"18063",10902.287757555,"CAFI_P067",100
"18064",1043.77007755497,"CAFI_P067",25
"18065",-1757.52401244501,"CAFI_P067",50
"18066",75453.348617555,"CAFI_P067",100
"18067",-98.4379324450274,"CAFI_P067",25
"18068",61899.011277555,"CAFI_P067",50
"18069",55960.919397555,"CAFI_P067",100
"18070",48477.859347555,"CAFI_P067",25
"18071",14333.545137555,"CAFI_P067",50
"18072",87161.205177555,"CAFI_P067",100
"18073",43088.460727555,"CAFI_P067",25
"18074",29575.861767555,"CAFI_P067",50
"18075",52353.977617555,"CAFI_P067",100
"18076",-6566.531182445,"CAFI_P067",25
"18077",-2875.80815244501,"CAFI_P067",50
"18078",51979.059287555,"CAFI_P067",100
"18079",18009.641247555,"CAFI_P067",25
"18080",51582.699247555,"CAFI_P067",50
"18081",41779.612757555,"CAFI_P067",100
"18082",13535.166167555,"CAFI_P067",25
"18083",21248.758347555,"CAFI_P067",50
"18084",56042.815917555,"CAFI_P067",100
"18085",-1224.720532445,"CAFI_P067",25
"18086",76475.622207555,"CAFI_P067",50
"18087",64263.375797555,"CAFI_P067",100
"18088",-6806.37205244502,"CAFI_P067",25
"18089",26244.739867555,"CAFI_P067",50
"18090",61316.870737555,"CAFI_P067",100
"18091",16155.326187555,"CAFI_P067",25
"18092",56640.030227555,"CAFI_P067",50
"18093",34986.139577555,"CAFI_P067",100
"18094",10171.965197555,"CAFI_P067",25
"18095",1334.99363755499,"CAFI_P067",50
"18096",58163.836877555,"CAFI_P067",100
"18097",1678.37815755501,"CAFI_P067",25
"18098",10915.274367555,"CAFI_P067",50
"18099",51203.834867555,"CAFI_P067",100
"18100",1169.35380755499,"CAFI_P067",25
"18101",13264.630447555,"CAFI_P067",50
"18102",55534.648487555,"CAFI_P067",100
"18103",-5897.80640244501,"CAFI_P067",25
"18104",46487.150707555,"CAFI_P067",50
"18105",41949.460807555,"CAFI_P067",100
"18106",6801.00491755502,"CAFI_P067",25
"18107",4325.56894755497,"CAFI_P067",50
"18108",91473.603617555,"CAFI_P067",100
"18109",8804.047187555,"CAFI_P067",25
"18110",31641.862287555,"CAFI_P067",50
"18111",26270.246547555,"CAFI_P067",100
"18112",15744.384117555,"CAFI_P067",25
"18113",16605.350587555,"CAFI_P067",50
"18114",69484.276857555,"CAFI_P067",100
"18115",35440.268667555,"CAFI_P067",25
"18116",1050.478977555,"CAFI_P067",50
"18117",26288.146527555,"CAFI_P067",100
"18118",2916.82134755497,"CAFI_P067",25
"18119",45863.866507555,"CAFI_P067",50
"18120",69042.314247555,"CAFI_P067",100
"18121",5962.74584755499,"CAFI_P067",25
"18122",21909.833567555,"CAFI_P067",50
"18123",13348.200977555,"CAFI_P067",100
"18124",24035.439557555,"CAFI_P067",25
"18125",42055.803377555,"CAFI_P067",50
"18126",34762.961287555,"CAFI_P067",100
"18127",28566.720837555,"CAFI_P067",25
"18128",74550.728977555,"CAFI_P067",50
"18129",26466.726657555,"CAFI_P067",100
"18130",-12769.205162445,"CAFI_P067",25
"18131",40693.843567555,"CAFI_P067",50
"18132",47784.622587555,"CAFI_P067",100
"18133",-766.725702445023,"CAFI_P067",25
"18134",37309.206707555,"CAFI_P067",50
"18135",38947.700787555,"CAFI_P067",100
"18136",-9387.260702445,"CAFI_P067",25
"18137",5083.431207555,"CAFI_P067",50
"18138",97729.964377555,"CAFI_P067",100
"18139",26332.147867555,"CAFI_P067",25
"18140",23077.705707555,"CAFI_P067",50
"18141",67461.791987555,"CAFI_P067",100
"18142",15794.099227555,"CAFI_P067",25
"18143",39331.470167555,"CAFI_P067",50
"18144",76731.734067555,"CAFI_P067",100
"18145",13927.305737555,"CAFI_P067",25
"18146",31732.018357555,"CAFI_P067",50
"18147",65029.485327555,"CAFI_P067",100
"18148",65599.781067555,"CAFI_P067",25
"18149",14580.839007555,"CAFI_P067",50
"18150",18067.522857555,"CAFI_P067",100
"18151",37186.592337555,"CAFI_P067",25
"18152",30341.255767555,"CAFI_P067",50
"18153",41331.702287555,"CAFI_P067",100
"18154",33169.396027555,"CAFI_P067",25
"18155",45845.359797555,"CAFI_P067",50
"18156",113935.250237555,"CAFI_P067",100
"18157",33116.878577555,"CAFI_P067",25
"18158",-1855.87073244498,"CAFI_P067",50
"18159",28332.653247555,"CAFI_P067",100
"18160",10660.567397555,"CAFI_P067",25
"18161",68102.284047555,"CAFI_P067",50
"18162",28161.813007555,"CAFI_P067",100
"18163",13594.809147555,"CAFI_P067",25
"18164",18839.511157555,"CAFI_P067",50
"18165",-263.228202445025,"CAFI_P067",100
"18166",4224.94555755501,"CAFI_P067",25
"18167",69786.591937555,"CAFI_P067",50
"18168",39622.262647555,"CAFI_P067",100
"18169",49402.740867555,"CAFI_P067",25
"18170",48030.578497555,"CAFI_P067",50
"18171",88679.273957555,"CAFI_P067",100
"18172",24945.597067555,"CAFI_P067",25
"18173",42868.087447555,"CAFI_P067",50
"18174",46571.241047555,"CAFI_P067",100
"18175",9113.53931755497,"CAFI_P067",25
"18176",42636.080767555,"CAFI_P067",50
"18177",77966.397397555,"CAFI_P067",100
"18178",27332.620717555,"CAFI_P067",25
"18179",42044.082067555,"CAFI_P067",50
"18180",12345.695197555,"CAFI_P067",100
"18181",6268.39960755501,"CAFI_P067",25
"18182",10283.790077555,"CAFI_P067",50
"18183",62561.248837555,"CAFI_P067",100
"18184",15934.789747555,"CAFI_P067",25
"18185",19728.110657555,"CAFI_P067",50
"18186",42891.425847555,"CAFI_P067",100
"18187",45949.352767555,"CAFI_P067",25
"18188",34963.690947555,"CAFI_P067",50
"18189",-978.063352445024,"CAFI_P067",100
"18190",17602.230917555,"CAFI_P067",25
"18191",53803.110447555,"CAFI_P067",50
"18192",58451.247327555,"CAFI_P067",100
"18193",10956.599667555,"CAFI_P067",25
"18194",94958.482827555,"CAFI_P067",50
"18195",59301.739327555,"CAFI_P067",100
"18196",39791.997707555,"CAFI_P067",25
"18197",46850.242967555,"CAFI_P067",50
"18198",101208.133927555,"CAFI_P067",100
"18199",-2326.50230244501,"CAFI_P067",25
"18200",1376.844307555,"CAFI_P067",50
"18201",64549.672047555,"CAFI_P067",100
"18202",38413.387477555,"CAFI_P067",25
"18203",-5431.54797244503,"CAFI_P067",50
"18204",80081.008817555,"CAFI_P067",100
"18205",10301.120067555,"CAFI_P067",25
"18206",23816.744487555,"CAFI_P067",50
"18207",58828.386087555,"CAFI_P067",100
"18208",11443.956837555,"CAFI_P067",25
"18209",12390.115637555,"CAFI_P067",50
"18210",7998.41985755501,"CAFI_P067",100
"18211",-4875.73654244503,"CAFI_P067",25
"18212",12945.645217555,"CAFI_P067",50
"18213",68864.766677555,"CAFI_P067",100
"18214",12305.057427555,"CAFI_P067",25
"18215",66838.082857555,"CAFI_P067",50
"18216",47425.574817555,"CAFI_P067",100
"18217",44125.355067555,"CAFI_P067",25
"18218",35857.634157555,"CAFI_P067",50
"18219",103915.776287555,"CAFI_P067",100
"18220",-690.179622445023,"CAFI_P067",25
"18221",79843.997557555,"CAFI_P067",50
"18222",32046.514617555,"CAFI_P067",100
"18223",25165.859127555,"CAFI_P067",25
"18224",75659.133407555,"CAFI_P067",50
"18225",-7038.48881244502,"CAFI_P067",100
"18226",6589.40497755498,"CAFI_P067",25
"18227",16648.682217555,"CAFI_P067",50
"18228",23550.977017555,"CAFI_P067",100
"18229",-10993.852492445,"CAFI_P067",25
"18230",5906.13095755503,"CAFI_P067",50
"18231",65318.274067555,"CAFI_P067",100
"18232",14182.035247555,"CAFI_P067",25
"18233",26657.920657555,"CAFI_P067",50
"18234",58007.416727555,"CAFI_P067",100
"18235",19135.344547555,"CAFI_P067",25
"18236",42521.430347555,"CAFI_P067",50
"18237",113620.036207555,"CAFI_P067",100
"18238",6675.06128755497,"CAFI_P067",25
"18239",50656.693347555,"CAFI_P067",50
"18240",100023.918417555,"CAFI_P067",100
"18241",68504.828977555,"CAFI_P067",25
"18242",52686.483197555,"CAFI_P067",50
"18243",93770.746207555,"CAFI_P067",100
"18244",-1433.57815244503,"CAFI_P067",25
"18245",3596.58090755501,"CAFI_P067",50
"18246",52021.994727555,"CAFI_P067",100
"18247",2621.38888755499,"CAFI_P067",25
"18248",-14638.467632445,"CAFI_P067",50
"18249",80917.615027555,"CAFI_P067",100
"18250",-7889.10572244501,"CAFI_P067",25
"18251",60600.318677555,"CAFI_P067",50
"18252",65243.475027555,"CAFI_P067",100
"18253",29291.827817555,"CAFI_P067",25
"18254",9114.67369755497,"CAFI_P067",50
"18255",111159.148107555,"CAFI_P067",100
"18256",21733.865197555,"CAFI_P067",25
"18257",33380.473107555,"CAFI_P067",50
"18258",5190.14313755499,"CAFI_P067",100
"18259",22285.907147555,"CAFI_P067",25
"18260",41768.414487555,"CAFI_P067",50
"18261",56984.977777555,"CAFI_P067",100
"18262",3900.67462755501,"CAFI_P067",25
"18263",28322.931747555,"CAFI_P067",50
"18264",64479.009457555,"CAFI_P067",100
"18265",8984.91652755497,"CAFI_P067",25
"18266",17305.174287555,"CAFI_P067",50
"18267",43162.541157555,"CAFI_P067",100
"18268",2833.75189755502,"CAFI_P067",25
"18269",44815.055627555,"CAFI_P067",50
"18270",88512.747247555,"CAFI_P067",100
"18271",4197.03973755502,"CAFI_P067",25
"18272",61403.932967555,"CAFI_P067",50
"18273",89633.253537555,"CAFI_P067",100
"18274",25808.461267555,"CAFI_P067",25
"18275",81016.663997555,"CAFI_P067",50
"18276",46235.844137555,"CAFI_P067",100
"18277",67210.414727555,"CAFI_P067",25
"18278",46923.640547555,"CAFI_P067",50
"18279",75504.863867555,"CAFI_P067",100
"18280",35895.545267555,"CAFI_P067",25
"18281",5441.070487555,"CAFI_P067",50
"18282",113011.704777555,"CAFI_P067",100
"18283",62792.730247555,"CAFI_P067",25
"18284",78028.300997555,"CAFI_P067",50
"18285",22241.237637555,"CAFI_P067",100
"18286",55695.405607555,"CAFI_P067",25
"18287",9321.35260755499,"CAFI_P067",50
"18288",62081.092067555,"CAFI_P067",100
"18289",-2104.91395244503,"CAFI_P067",25
"18290",20215.998337555,"CAFI_P067",50
"18291",41453.284367555,"CAFI_P067",100
"18292",-12082.817222445,"CAFI_P067",25
"18293",4197.580677555,"CAFI_P067",50
"18294",70664.389517555,"CAFI_P067",100
"18295",28284.000137555,"CAFI_P067",25
"18296",44290.411887555,"CAFI_P067",50
"18297",102951.366397555,"CAFI_P067",100
"18298",17105.183557555,"CAFI_P067",25
"18299",23331.624957555,"CAFI_P067",50
"18300",70629.134047555,"CAFI_P067",100
"18301",15909.152124001,"CAFI_P069",25
"18302",-15969.563265999,"CAFI_P069",50
"18303",10312.872724001,"CAFI_P069",100
"18304",6492.77881400101,"CAFI_P069",25
"18305",1859.16611400101,"CAFI_P069",50
"18306",3043.66265400097,"CAFI_P069",100
"18307",235.623924001004,"CAFI_P069",25
"18308",-729.113505998976,"CAFI_P069",50
"18309",-6719.90763599903,"CAFI_P069",100
"18310",6028.99648400099,"CAFI_P069",25
"18311",8603.83707400103,"CAFI_P069",50
"18312",-6379.07972599898,"CAFI_P069",100
"18313",-15452.633075999,"CAFI_P069",25
"18314",8062.30761400098,"CAFI_P069",50
"18315",23011.448894001,"CAFI_P069",100
"18316",-6028.25257599901,"CAFI_P069",25
"18317",5956.336184001,"CAFI_P069",50
"18318",-1613.423555999,"CAFI_P069",100
"18319",2275.73247400101,"CAFI_P069",25
"18320",12890.443744001,"CAFI_P069",50
"18321",1595.218384001,"CAFI_P069",100
"18322",-3840.45038599899,"CAFI_P069",25
"18323",1760.636154001,"CAFI_P069",50
"18324",3107.09028400102,"CAFI_P069",100
"18325",10990.638914001,"CAFI_P069",25
"18326",18672.557974001,"CAFI_P069",50
"18327",-6293.876075999,"CAFI_P069",100
"18328",-964.076185998973,"CAFI_P069",25
"18329",30384.773924001,"CAFI_P069",50
"18330",9850.67855400097,"CAFI_P069",100
"18331",-7619.39227599901,"CAFI_P069",25
"18332",-9753.83487599902,"CAFI_P069",50
"18333",-1718.65563599899,"CAFI_P069",100
"18334",-11663.272285999,"CAFI_P069",25
"18335",10587.142324001,"CAFI_P069",50
"18336",3223.44741400098,"CAFI_P069",100
"18337",-6680.68953599897,"CAFI_P069",25
"18338",-13452.570425999,"CAFI_P069",50
"18339",13783.421504001,"CAFI_P069",100
"18340",-4258.21931599901,"CAFI_P069",25
"18341",-13599.662945999,"CAFI_P069",50
"18342",-6909.288655999,"CAFI_P069",100
"18343",10693.880414001,"CAFI_P069",25
"18344",-8018.11287599901,"CAFI_P069",50
"18345",-5048.41488599899,"CAFI_P069",100
"18346",-7913.845735999,"CAFI_P069",25
"18347",-3771.90983599902,"CAFI_P069",50
"18348",-3376.82366599899,"CAFI_P069",100
"18349",14226.834224001,"CAFI_P069",25
"18350",-10128.342185999,"CAFI_P069",50
"18351",303.137734000979,"CAFI_P069",100
"18352",6369.35356400098,"CAFI_P069",25
"18353",-652.667245998979,"CAFI_P069",50
"18354",26198.908794001,"CAFI_P069",100
"18355",5989.260764001,"CAFI_P069",25
"18356",-4013.546185999,"CAFI_P069",50
"18357",-1123.19444599899,"CAFI_P069",100
"18358",1773.00491400098,"CAFI_P069",25
"18359",7043.12055400101,"CAFI_P069",50
"18360",-8949.82540599903,"CAFI_P069",100
"18361",4516.53461400099,"CAFI_P069",25
"18362",23036.754414001,"CAFI_P069",50
"18363",1413.36818400101,"CAFI_P069",100
"18364",3217.43052400101,"CAFI_P069",25
"18365",-10515.336845999,"CAFI_P069",50
"18366",-11310.950705999,"CAFI_P069",100
"18367",237.84548400098,"CAFI_P069",25
"18368",-10304.246865999,"CAFI_P069",50
"18369",-9730.76752599899,"CAFI_P069",100
"18370",-5965.21548599901,"CAFI_P069",25
"18371",18073.101254001,"CAFI_P069",50
"18372",-1941.581715999,"CAFI_P069",100
"18373",-1249.44960599899,"CAFI_P069",25
"18374",-13728.352245999,"CAFI_P069",50
"18375",-10914.182955999,"CAFI_P069",100
"18376",15641.976534001,"CAFI_P069",25
"18377",13462.396384001,"CAFI_P069",50
"18378",-1778.21801599901,"CAFI_P069",100
"18379",15515.316114001,"CAFI_P069",25
"18380",-1667.227645999,"CAFI_P069",50
"18381",-2390.00260599901,"CAFI_P069",100
"18382",-655.525885999028,"CAFI_P069",25
"18383",8889.75934400101,"CAFI_P069",50
"18384",29401.613384001,"CAFI_P069",100
"18385",1647.63267400098,"CAFI_P069",25
"18386",18632.849844001,"CAFI_P069",50
"18387",20399.731394001,"CAFI_P069",100
"18388",-7208.40328599903,"CAFI_P069",25
"18389",2280.449724001,"CAFI_P069",50
"18390",4961.87018400099,"CAFI_P069",100
"18391",1734.18794400099,"CAFI_P069",25
"18392",11321.062854001,"CAFI_P069",50
"18393",-23153.753735999,"CAFI_P069",100
"18394",5995.07082400098,"CAFI_P069",25
"18395",-2198.33673599898,"CAFI_P069",50
"18396",347.177954001003,"CAFI_P069",100
"18397",382.856844000984,"CAFI_P069",25
"18398",-24100.930325999,"CAFI_P069",50
"18399",-13472.147955999,"CAFI_P069",100
"18400",6656.398164001,"CAFI_P069",25
"18401",2541.55942400103,"CAFI_P069",50
"18402",19213.928624001,"CAFI_P069",100
"18403",12700.182084001,"CAFI_P069",25
"18404",-13297.338415999,"CAFI_P069",50
"18405",14150.314274001,"CAFI_P069",100
"18406",-694.843025999027,"CAFI_P069",25
"18407",25388.520214001,"CAFI_P069",50
"18408",5951.95269400103,"CAFI_P069",100
"18409",248.596204000991,"CAFI_P069",25
"18410",-14774.545015999,"CAFI_P069",50
"18411",902.24491400097,"CAFI_P069",100
"18412",-6823.55647599901,"CAFI_P069",25
"18413",20612.619984001,"CAFI_P069",50
"18414",4254.02156400098,"CAFI_P069",100
"18415",-802.075575998984,"CAFI_P069",25
"18416",20430.794894001,"CAFI_P069",50
"18417",16500.230084001,"CAFI_P069",100
"18418",2980.48578400101,"CAFI_P069",25
"18419",22999.669464001,"CAFI_P069",50
"18420",17088.261494001,"CAFI_P069",100
"18421",-1164.69021599903,"CAFI_P069",25
"18422",-369.15928599902,"CAFI_P069",50
"18423",-248.576755999005,"CAFI_P069",100
"18424",-6437.717845999,"CAFI_P069",25
"18425",1420.48926400102,"CAFI_P069",50
"18426",22277.118714001,"CAFI_P069",100
"18427",2798.23671400099,"CAFI_P069",25
"18428",-14292.515375999,"CAFI_P069",50
"18429",24850.523374001,"CAFI_P069",100
"18430",-8943.72954599903,"CAFI_P069",25
"18431",8053.60887400102,"CAFI_P069",50
"18432",15102.739394001,"CAFI_P069",100
"18433",-438.427845999016,"CAFI_P069",25
"18434",-1036.37647599902,"CAFI_P069",50
"18435",3005.95502400101,"CAFI_P069",100
"18436",-9510.666545999,"CAFI_P069",25
"18437",-11163.659975999,"CAFI_P069",50
"18438",10617.738564001,"CAFI_P069",100
"18439",-4654.092815999,"CAFI_P069",25
"18440",-6241.35005599901,"CAFI_P069",50
"18441",-11015.892905999,"CAFI_P069",100
"18442",12767.417584001,"CAFI_P069",25
"18443",1257.68370400101,"CAFI_P069",50
"18444",-9259.78924599901,"CAFI_P069",100
"18445",-15236.658175999,"CAFI_P069",25
"18446",-9791.45533599902,"CAFI_P069",50
"18447",9197.41050400102,"CAFI_P069",100
"18448",6525.426654001,"CAFI_P069",25
"18449",5838.690804001,"CAFI_P069",50
"18450",12402.833224001,"CAFI_P069",100
"18451",1261.28806400101,"CAFI_P069",25
"18452",13364.057674001,"CAFI_P069",50
"18453",-8439.282195999,"CAFI_P069",100
"18454",5476.94282400102,"CAFI_P069",25
"18455",-11255.096525999,"CAFI_P069",50
"18456",4760.06602400099,"CAFI_P069",100
"18457",-11234.345535999,"CAFI_P069",25
"18458",15533.477904001,"CAFI_P069",50
"18459",7739.17486400099,"CAFI_P069",100
"18460",3660.37283400103,"CAFI_P069",25
"18461",-7312.12274599902,"CAFI_P069",50
"18462",3577.79992400098,"CAFI_P069",100
"18463",-7829.76969599898,"CAFI_P069",25
"18464",-2594.65147599898,"CAFI_P069",50
"18465",-12423.548645999,"CAFI_P069",100
"18466",-4811.34683599899,"CAFI_P069",25
"18467",-1007.25540599902,"CAFI_P069",50
"18468",21609.192424001,"CAFI_P069",100
"18469",1979.17437400098,"CAFI_P069",25
"18470",4546.57165400102,"CAFI_P069",50
"18471",18851.902804001,"CAFI_P069",100
"18472",-10066.159985999,"CAFI_P069",25
"18473",-16430.058065999,"CAFI_P069",50
"18474",-2159.38041599898,"CAFI_P069",100
"18475",-3938.87423599901,"CAFI_P069",25
"18476",1209.19556400098,"CAFI_P069",50
"18477",56157.650154001,"CAFI_P069",100
"18478",862.094214000972,"CAFI_P069",25
"18479",-8777.05049599899,"CAFI_P069",50
"18480",9262.32315400097,"CAFI_P069",100
"18481",6375.20250400098,"CAFI_P069",25
"18482",10041.451924001,"CAFI_P069",50
"18483",-32081.635515999,"CAFI_P069",100
"18484",4175.91927400097,"CAFI_P069",25
"18485",13611.803114001,"CAFI_P069",50
"18486",-5.43674599897349,"CAFI_P069",100
"18487",18331.493024001,"CAFI_P069",25
"18488",12808.774214001,"CAFI_P069",50
"18489",33479.229494001,"CAFI_P069",100
"18490",-2127.17989599903,"CAFI_P069",25
"18491",-9308.50003599899,"CAFI_P069",50
"18492",32841.024454001,"CAFI_P069",100
"18493",-5834.88443599897,"CAFI_P069",25
"18494",-7335.72848599899,"CAFI_P069",50
"18495",16748.507634001,"CAFI_P069",100
"18496",-5618.071075999,"CAFI_P069",25
"18497",-18448.528875999,"CAFI_P069",50
"18498",6996.35641400103,"CAFI_P069",100
"18499",3557.17426400102,"CAFI_P069",25
"18500",34123.999554001,"CAFI_P069",50
"18501",4279.484804001,"CAFI_P069",100
"18502",8356.39292400097,"CAFI_P069",25
"18503",-3486.12097599899,"CAFI_P069",50
"18504",-363.350335998985,"CAFI_P069",100
"18505",-10108.850835999,"CAFI_P069",25
"18506",3200.21820400102,"CAFI_P069",50
"18507",-7544.25759599899,"CAFI_P069",100
"18508",-10051.243255999,"CAFI_P069",25
"18509",88.1533140009851,"CAFI_P069",50
"18510",-14047.368475999,"CAFI_P069",100
"18511",-1288.47113599902,"CAFI_P069",25
"18512",33538.342664001,"CAFI_P069",50
"18513",37797.314344001,"CAFI_P069",100
"18514",-7412.30467599898,"CAFI_P069",25
"18515",-15218.542485999,"CAFI_P069",50
"18516",-30185.612255999,"CAFI_P069",100
"18517",4843.80212400103,"CAFI_P069",25
"18518",17279.035154001,"CAFI_P069",50
"18519",10686.303744001,"CAFI_P069",100
"18520",4194.395374001,"CAFI_P069",25
"18521",10511.952314001,"CAFI_P069",50
"18522",12774.478664001,"CAFI_P069",100
"18523",14398.729554001,"CAFI_P069",25
"18524",-3910.01245599898,"CAFI_P069",50
"18525",13689.082884001,"CAFI_P069",100
"18526",-6442.34098599898,"CAFI_P069",25
"18527",-724.060405999015,"CAFI_P069",50
"18528",21681.364724001,"CAFI_P069",100
"18529",-4146.689485999,"CAFI_P069",25
"18530",-1730.78154599899,"CAFI_P069",50
"18531",-3769.996925999,"CAFI_P069",100
"18532",-3989.08430599899,"CAFI_P069",25
"18533",-10926.430785999,"CAFI_P069",50
"18534",6891.31306400098,"CAFI_P069",100
"18535",6612.833714001,"CAFI_P069",25
"18536",3154.85364400101,"CAFI_P069",50
"18537",8337.72090400098,"CAFI_P069",100
"18538",11672.595314001,"CAFI_P069",25
"18539",-8999.51933599898,"CAFI_P069",50
"18540",-1706.59749599901,"CAFI_P069",100
"18541",20301.951374001,"CAFI_P069",25
"18542",2912.51629400102,"CAFI_P069",50
"18543",-10235.339965999,"CAFI_P069",100
"18544",4935.80500400101,"CAFI_P069",25
"18545",-10253.743715999,"CAFI_P069",50
"18546",-9222.65392599901,"CAFI_P069",100
"18547",-4017.40613599902,"CAFI_P069",25
"18548",-6373.35361599899,"CAFI_P069",50
"18549",-5354.46719599899,"CAFI_P069",100
"18550",-218.070135999005,"CAFI_P069",25
"18551",11070.778504001,"CAFI_P069",50
"18552",14039.413854001,"CAFI_P069",100
"18553",1523.501324001,"CAFI_P069",25
"18554",-3127.71543599898,"CAFI_P069",50
"18555",1646.35525400098,"CAFI_P069",100
"18556",-7212.92442599899,"CAFI_P069",25
"18557",5831.379274001,"CAFI_P069",50
"18558",15278.658404001,"CAFI_P069",100
"18559",-3442.57163599902,"CAFI_P069",25
"18560",15747.071264001,"CAFI_P069",50
"18561",9688.29635400098,"CAFI_P069",100
"18562",1757.63992400101,"CAFI_P069",25
"18563",-7249.36453599902,"CAFI_P069",50
"18564",39873.310274001,"CAFI_P069",100
"18565",-6418.57933599898,"CAFI_P069",25
"18566",16255.213424001,"CAFI_P069",50
"18567",17281.024154001,"CAFI_P069",100
"18568",-4995.145675999,"CAFI_P069",25
"18569",16769.701094001,"CAFI_P069",50
"18570",12105.875474001,"CAFI_P069",100
"18571",2345.33052400098,"CAFI_P069",25
"18572",-1376.74438599899,"CAFI_P069",50
"18573",-3120.05729599902,"CAFI_P069",100
"18574",-2213.272365999,"CAFI_P069",25
"18575",-1127.26989599899,"CAFI_P069",50
"18576",18407.424204001,"CAFI_P069",100
"18577",-824.722875998996,"CAFI_P069",25
"18578",15127.000484001,"CAFI_P069",50
"18579",22771.721034001,"CAFI_P069",100
"18580",6110.41543400101,"CAFI_P069",25
"18581",-6949.485145999,"CAFI_P069",50
"18582",-10259.572855999,"CAFI_P069",100
"18583",9042.15982400102,"CAFI_P069",25
"18584",-12589.435405999,"CAFI_P069",50
"18585",-966.066065998981,"CAFI_P069",100
"18586",-5590.83942599897,"CAFI_P069",25
"18587",-12444.688335999,"CAFI_P069",50
"18588",271.279784001003,"CAFI_P069",100
"18589",8086.87393400102,"CAFI_P069",25
"18590",13698.847514001,"CAFI_P069",50
"18591",-4172.61075599899,"CAFI_P069",100
"18592",-2059.08809599897,"CAFI_P069",25
"18593",-16382.405365999,"CAFI_P069",50
"18594",-7154.76969599898,"CAFI_P069",100
"18595",4560.78352400102,"CAFI_P069",25
"18596",505.111354000983,"CAFI_P069",50
"18597",-6371.469375999,"CAFI_P069",100
"18598",-3830.807215999,"CAFI_P069",25
"18599",-7949.73590599903,"CAFI_P069",50
"18600",40292.964234001,"CAFI_P069",100
"18601",-4782.47264887902,"CAFI_P070",25
"18602",-17893.247468879,"CAFI_P070",50
"18603",-16000.170678879,"CAFI_P070",100
"18604",-6576.11370887901,"CAFI_P070",25
"18605",-3053.49282887901,"CAFI_P070",50
"18606",-42635.992228879,"CAFI_P070",100
"18607",-5020.828508879,"CAFI_P070",25
"18608",-29606.791078879,"CAFI_P070",50
"18609",-35538.638368879,"CAFI_P070",100
"18610",2924.84728112098,"CAFI_P070",25
"18611",-1877.633498879,"CAFI_P070",50
"18612",-8170.545248879,"CAFI_P070",100
"18613",-5689.77222887901,"CAFI_P070",25
"18614",-13457.931338879,"CAFI_P070",50
"18615",-40372.497228879,"CAFI_P070",100
"18616",-11305.060848879,"CAFI_P070",25
"18617",-373.680848879012,"CAFI_P070",50
"18618",-29890.106788879,"CAFI_P070",100
"18619",-607.694848879008,"CAFI_P070",25
"18620",-11252.342178879,"CAFI_P070",50
"18621",-26038.007718879,"CAFI_P070",100
"18622",-10429.847418879,"CAFI_P070",25
"18623",10077.552881121,"CAFI_P070",50
"18624",-8222.91655887902,"CAFI_P070",100
"18625",-4649.33907887901,"CAFI_P070",25
"18626",-5870.30732887902,"CAFI_P070",50
"18627",-38166.035118879,"CAFI_P070",100
"18628",-6240.07286887901,"CAFI_P070",25
"18629",-9012.454268879,"CAFI_P070",50
"18630",-16773.528138879,"CAFI_P070",100
"18631",1084.08891112098,"CAFI_P070",25
"18632",-10033.374878879,"CAFI_P070",50
"18633",-40123.807568879,"CAFI_P070",100
"18634",-7032.57421887902,"CAFI_P070",25
"18635",-9200.49482887902,"CAFI_P070",50
"18636",-20501.527348879,"CAFI_P070",100
"18637",-2912.33224887901,"CAFI_P070",25
"18638",-5348.053668879,"CAFI_P070",50
"18639",-22765.108618879,"CAFI_P070",100
"18640",-8110.237758879,"CAFI_P070",25
"18641",-7469.96086887902,"CAFI_P070",50
"18642",-29094.896258879,"CAFI_P070",100
"18643",-9872.05386887901,"CAFI_P070",25
"18644",-27285.152898879,"CAFI_P070",50
"18645",-19614.824858879,"CAFI_P070",100
"18646",-5788.78764887902,"CAFI_P070",25
"18647",-10754.685628879,"CAFI_P070",50
"18648",-21458.371288879,"CAFI_P070",100
"18649",-12795.123608879,"CAFI_P070",25
"18650",-3894.110588879,"CAFI_P070",50
"18651",-28807.540468879,"CAFI_P070",100
"18652",-15052.137508879,"CAFI_P070",25
"18653",-17422.926598879,"CAFI_P070",50
"18654",-26860.409688879,"CAFI_P070",100
"18655",-4319.99822887901,"CAFI_P070",25
"18656",-19042.229018879,"CAFI_P070",50
"18657",-12573.100538879,"CAFI_P070",100
"18658",-20607.355478879,"CAFI_P070",25
"18659",-1241.009308879,"CAFI_P070",50
"18660",-19214.578448879,"CAFI_P070",100
"18661",-9622.88731887902,"CAFI_P070",25
"18662",-13840.130758879,"CAFI_P070",50
"18663",-30474.717778879,"CAFI_P070",100
"18664",1390.93746112098,"CAFI_P070",25
"18665",-11535.623668879,"CAFI_P070",50
"18666",-42674.634028879,"CAFI_P070",100
"18667",-4627.14930887902,"CAFI_P070",25
"18668",-7180.86998887901,"CAFI_P070",50
"18669",-36941.877498879,"CAFI_P070",100
"18670",8335.126301121,"CAFI_P070",25
"18671",-22953.741228879,"CAFI_P070",50
"18672",-31323.304938879,"CAFI_P070",100
"18673",1652.75030112098,"CAFI_P070",25
"18674",-26909.249348879,"CAFI_P070",50
"18675",-27835.877788879,"CAFI_P070",100
"18676",-4948.687218879,"CAFI_P070",25
"18677",-13210.906568879,"CAFI_P070",50
"18678",-34851.558008879,"CAFI_P070",100
"18679",-670.673648879019,"CAFI_P070",25
"18680",947.385831120977,"CAFI_P070",50
"18681",-35876.780348879,"CAFI_P070",100
"18682",5677.68728112101,"CAFI_P070",25
"18683",-7301.046448879,"CAFI_P070",50
"18684",-27925.892358879,"CAFI_P070",100
"18685",-5651.530548879,"CAFI_P070",25
"18686",-10319.613548879,"CAFI_P070",50
"18687",-31050.434038879,"CAFI_P070",100
"18688",-13094.576468879,"CAFI_P070",25
"18689",-7130.98052887901,"CAFI_P070",50
"18690",-26526.064538879,"CAFI_P070",100
"18691",-11642.411038879,"CAFI_P070",25
"18692",-9868.10913887902,"CAFI_P070",50
"18693",-19859.594778879,"CAFI_P070",100
"18694",-11112.410938879,"CAFI_P070",25
"18695",-20092.101978879,"CAFI_P070",50
"18696",-43319.125858879,"CAFI_P070",100
"18697",-13187.828718879,"CAFI_P070",25
"18698",-8009.044938879,"CAFI_P070",50
"18699",-43736.264938879,"CAFI_P070",100
"18700",-5800.95086887901,"CAFI_P070",25
"18701",-8549.48729887902,"CAFI_P070",50
"18702",-25463.784868879,"CAFI_P070",100
"18703",-7954.52373887901,"CAFI_P070",25
"18704",-2230.79440887901,"CAFI_P070",50
"18705",-18986.727718879,"CAFI_P070",100
"18706",-11785.368568879,"CAFI_P070",25
"18707",-19176.527438879,"CAFI_P070",50
"18708",-25224.529018879,"CAFI_P070",100
"18709",-12371.803198879,"CAFI_P070",25
"18710",9410.36289112098,"CAFI_P070",50
"18711",-7712.33845887901,"CAFI_P070",100
"18712",1893.99208112099,"CAFI_P070",25
"18713",-2211.82619887902,"CAFI_P070",50
"18714",-22910.611608879,"CAFI_P070",100
"18715",-12326.140678879,"CAFI_P070",25
"18716",-6432.28754887902,"CAFI_P070",50
"18717",-2029.24818887902,"CAFI_P070",100
"18718",-694.475998879003,"CAFI_P070",25
"18719",-25355.748718879,"CAFI_P070",50
"18720",-28095.304648879,"CAFI_P070",100
"18721",-4862.447228879,"CAFI_P070",25
"18722",-8301.51792887901,"CAFI_P070",50
"18723",-22216.874038879,"CAFI_P070",100
"18724",-8569.29788887899,"CAFI_P070",25
"18725",-3664.763868879,"CAFI_P070",50
"18726",-21552.688068879,"CAFI_P070",100
"18727",-9697.390118879,"CAFI_P070",25
"18728",-17280.763718879,"CAFI_P070",50
"18729",-22423.163528879,"CAFI_P070",100
"18730",-2965.05286887902,"CAFI_P070",25
"18731",-24013.445128879,"CAFI_P070",50
"18732",-38981.011878879,"CAFI_P070",100
"18733",-1117.994818879,"CAFI_P070",25
"18734",-22353.129188879,"CAFI_P070",50
"18735",-42817.857108879,"CAFI_P070",100
"18736",-9915.067848879,"CAFI_P070",25
"18737",13153.334601121,"CAFI_P070",50
"18738",-27229.656348879,"CAFI_P070",100
"18739",2382.08885112099,"CAFI_P070",25
"18740",-16784.724158879,"CAFI_P070",50
"18741",-35798.493238879,"CAFI_P070",100
"18742",-1319.762618879,"CAFI_P070",25
"18743",6293.41910112099,"CAFI_P070",50
"18744",-17132.768718879,"CAFI_P070",100
"18745",-1229.734808879,"CAFI_P070",25
"18746",-19189.299648879,"CAFI_P070",50
"18747",-18078.425148879,"CAFI_P070",100
"18748",7.9161211210012,"CAFI_P070",25
"18749",-3717.274508879,"CAFI_P070",50
"18750",-24787.116158879,"CAFI_P070",100
"18751",-10158.404628879,"CAFI_P070",25
"18752",-5509.69566887902,"CAFI_P070",50
"18753",-21317.266678879,"CAFI_P070",100
"18754",-12454.046658879,"CAFI_P070",25
"18755",-19954.894398879,"CAFI_P070",50
"18756",-20819.417768879,"CAFI_P070",100
"18757",-8590.810158879,"CAFI_P070",25
"18758",-25004.856688879,"CAFI_P070",50
"18759",-30343.449578879,"CAFI_P070",100
"18760",-8546.669858879,"CAFI_P070",25
"18761",-15507.438128879,"CAFI_P070",50
"18762",-34141.267778879,"CAFI_P070",100
"18763",19852.640121121,"CAFI_P070",25
"18764",-1080.97616887902,"CAFI_P070",50
"18765",-30790.537298879,"CAFI_P070",100
"18766",-9636.220888879,"CAFI_P070",25
"18767",-1087.55896887902,"CAFI_P070",50
"18768",-14636.358458879,"CAFI_P070",100
"18769",3334.50753112099,"CAFI_P070",25
"18770",-22181.653778879,"CAFI_P070",50
"18771",-32738.937688879,"CAFI_P070",100
"18772",-1886.59726887901,"CAFI_P070",25
"18773",-11394.193578879,"CAFI_P070",50
"18774",-15714.764388879,"CAFI_P070",100
"18775",-7098.133528879,"CAFI_P070",25
"18776",-19989.899388879,"CAFI_P070",50
"18777",-22036.871968879,"CAFI_P070",100
"18778",-15984.122248879,"CAFI_P070",25
"18779",-7719.801898879,"CAFI_P070",50
"18780",-3796.47944887902,"CAFI_P070",100
"18781",-6960.518978879,"CAFI_P070",25
"18782",3793.82170112099,"CAFI_P070",50
"18783",-21089.905058879,"CAFI_P070",100
"18784",-17030.068998879,"CAFI_P070",25
"18785",-17711.796058879,"CAFI_P070",50
"18786",-22182.820168879,"CAFI_P070",100
"18787",4366.46904112099,"CAFI_P070",25
"18788",1666.68234112099,"CAFI_P070",50
"18789",-32553.344798879,"CAFI_P070",100
"18790",-3109.89943887902,"CAFI_P070",25
"18791",-12867.489888879,"CAFI_P070",50
"18792",-24804.810498879,"CAFI_P070",100
"18793",-1745.22566887902,"CAFI_P070",25
"18794",-371.306328879,"CAFI_P070",50
"18795",-13535.003288879,"CAFI_P070",100
"18796",-6635.22729887901,"CAFI_P070",25
"18797",-18548.114108879,"CAFI_P070",50
"18798",-35551.455508879,"CAFI_P070",100
"18799",1197.06537112099,"CAFI_P070",25
"18800",-9828.782088879,"CAFI_P070",50
"18801",-24959.413798879,"CAFI_P070",100
"18802",-226.946198879014,"CAFI_P070",25
"18803",1521.63416112098,"CAFI_P070",50
"18804",-24966.161308879,"CAFI_P070",100
"18805",-6050.85953887901,"CAFI_P070",25
"18806",-10587.974378879,"CAFI_P070",50
"18807",-21871.511288879,"CAFI_P070",100
"18808",548.483581120992,"CAFI_P070",25
"18809",-15753.602048879,"CAFI_P070",50
"18810",-6031.326268879,"CAFI_P070",100
"18811",-1084.58313887901,"CAFI_P070",25
"18812",-24670.821698879,"CAFI_P070",50
"18813",-23865.048968879,"CAFI_P070",100
"18814",-4090.25363887902,"CAFI_P070",25
"18815",-9242.16626887899,"CAFI_P070",50
"18816",-21511.298328879,"CAFI_P070",100
"18817",-23698.144748879,"CAFI_P070",25
"18818",-2817.94994887902,"CAFI_P070",50
"18819",-27269.967318879,"CAFI_P070",100
"18820",-4807.297098879,"CAFI_P070",25
"18821",-5179.46478887901,"CAFI_P070",50
"18822",-33418.841288879,"CAFI_P070",100
"18823",-1706.210388879,"CAFI_P070",25
"18824",2969.46889112098,"CAFI_P070",50
"18825",-22064.937358879,"CAFI_P070",100
"18826",4653.27623112098,"CAFI_P070",25
"18827",-30960.445418879,"CAFI_P070",50
"18828",-29043.458938879,"CAFI_P070",100
"18829",-7165.20232887901,"CAFI_P070",25
"18830",-26949.218668879,"CAFI_P070",50
"18831",-25798.385008879,"CAFI_P070",100
"18832",-11456.090638879,"CAFI_P070",25
"18833",-20467.820248879,"CAFI_P070",50
"18834",-30703.047258879,"CAFI_P070",100
"18835",-7288.734368879,"CAFI_P070",25
"18836",-8429.044388879,"CAFI_P070",50
"18837",-30699.765858879,"CAFI_P070",100
"18838",-2896.623988879,"CAFI_P070",25
"18839",-27737.148798879,"CAFI_P070",50
"18840",-26267.158088879,"CAFI_P070",100
"18841",-20033.944468879,"CAFI_P070",25
"18842",-33497.633808879,"CAFI_P070",50
"18843",-21560.893468879,"CAFI_P070",100
"18844",-7151.44283887901,"CAFI_P070",25
"18845",-7285.65373887902,"CAFI_P070",50
"18846",-24690.315578879,"CAFI_P070",100
"18847",-173.929608879,"CAFI_P070",25
"18848",-12846.220018879,"CAFI_P070",50
"18849",-28802.401508879,"CAFI_P070",100
"18850",-10166.641868879,"CAFI_P070",25
"18851",-14895.948958879,"CAFI_P070",50
"18852",-22461.234578879,"CAFI_P070",100
"18853",-12704.259438879,"CAFI_P070",25
"18854",-4098.28647887902,"CAFI_P070",50
"18855",-14279.682478879,"CAFI_P070",100
"18856",-12184.406168879,"CAFI_P070",25
"18857",-7922.67891887901,"CAFI_P070",50
"18858",-8176.929738879,"CAFI_P070",100
"18859",-7120.95658887899,"CAFI_P070",25
"18860",-20032.065138879,"CAFI_P070",50
"18861",-30584.982548879,"CAFI_P070",100
"18862",-4337.708568879,"CAFI_P070",25
"18863",-15648.992418879,"CAFI_P070",50
"18864",-25523.925308879,"CAFI_P070",100
"18865",3998.43831112099,"CAFI_P070",25
"18866",-8979.930128879,"CAFI_P070",50
"18867",-26806.189068879,"CAFI_P070",100
"18868",-8026.35199887902,"CAFI_P070",25
"18869",-15502.688718879,"CAFI_P070",50
"18870",-22415.010748879,"CAFI_P070",100
"18871",-12241.345048879,"CAFI_P070",25
"18872",-831.871928879002,"CAFI_P070",50
"18873",-34303.176678879,"CAFI_P070",100
"18874",-5912.63629887902,"CAFI_P070",25
"18875",16142.679561121,"CAFI_P070",50
"18876",-10256.182458879,"CAFI_P070",100
"18877",-4522.172808879,"CAFI_P070",25
"18878",-17564.180468879,"CAFI_P070",50
"18879",-13761.514628879,"CAFI_P070",100
"18880",2395.71333112099,"CAFI_P070",25
"18881",-21896.735728879,"CAFI_P070",50
"18882",-41807.697028879,"CAFI_P070",100
"18883",3399.03819112098,"CAFI_P070",25
"18884",-9442.92242887901,"CAFI_P070",50
"18885",-28273.336688879,"CAFI_P070",100
"18886",-15480.212628879,"CAFI_P070",25
"18887",9230.76947112099,"CAFI_P070",50
"18888",-29406.251688879,"CAFI_P070",100
"18889",-856.474058879016,"CAFI_P070",25
"18890",-8842.61722887901,"CAFI_P070",50
"18891",-44661.362468879,"CAFI_P070",100
"18892",5233.52770112097,"CAFI_P070",25
"18893",-21261.340008879,"CAFI_P070",50
"18894",-13028.479798879,"CAFI_P070",100
"18895",-3256.461748879,"CAFI_P070",25
"18896",-17969.983868879,"CAFI_P070",50
"18897",-33981.963898879,"CAFI_P070",100
"18898",-2590.10179887901,"CAFI_P070",25
"18899",-21900.148218879,"CAFI_P070",50
"18900",-9183.914598879,"CAFI_P070",100
"18901",-1199.595768022,"CAFI_P071",25
"18902",-4538.01428802201,"CAFI_P071",50
"18903",-20545.039738022,"CAFI_P071",100
"18904",9260.962581978,"CAFI_P071",25
"18905",-14643.947558022,"CAFI_P071",50
"18906",4545.84428197797,"CAFI_P071",100
"18907",-9704.71754802199,"CAFI_P071",25
"18908",-28759.393398022,"CAFI_P071",50
"18909",-14754.557978022,"CAFI_P071",100
"18910",-6774.78327802202,"CAFI_P071",25
"18911",-18946.589938022,"CAFI_P071",50
"18912",-23926.692998022,"CAFI_P071",100
"18913",31259.886831978,"CAFI_P071",25
"18914",5400.68385197798,"CAFI_P071",50
"18915",172.224791977962,"CAFI_P071",100
"18916",-104.300318022026,"CAFI_P071",25
"18917",37203.471321978,"CAFI_P071",50
"18918",-13881.546668022,"CAFI_P071",100
"18919",80.5145519779762,"CAFI_P071",25
"18920",-19431.594068022,"CAFI_P071",50
"18921",2654.24456197798,"CAFI_P071",100
"18922",11519.436351978,"CAFI_P071",25
"18923",-26427.901718022,"CAFI_P071",50
"18924",-11045.328758022,"CAFI_P071",100
"18925",9562.046011978,"CAFI_P071",25
"18926",-5398.36466802203,"CAFI_P071",50
"18927",-14878.559188022,"CAFI_P071",100
"18928",-8283.84465802199,"CAFI_P071",25
"18929",-20376.471688022,"CAFI_P071",50
"18930",-5670.356478022,"CAFI_P071",100
"18931",2781.77411197801,"CAFI_P071",25
"18932",-13395.580068022,"CAFI_P071",50
"18933",-24571.012748022,"CAFI_P071",100
"18934",-31307.861108022,"CAFI_P071",25
"18935",-27519.883548022,"CAFI_P071",50
"18936",-11838.312688022,"CAFI_P071",100
"18937",1788.73889197799,"CAFI_P071",25
"18938",-17977.547218022,"CAFI_P071",50
"18939",-17428.331008022,"CAFI_P071",100
"18940",1769.89559197798,"CAFI_P071",25
"18941",61347.307601978,"CAFI_P071",50
"18942",69002.742561978,"CAFI_P071",100
"18943",-6723.854758022,"CAFI_P071",25
"18944",17738.715201978,"CAFI_P071",50
"18945",-31561.679998022,"CAFI_P071",100
"18946",-12099.310348022,"CAFI_P071",25
"18947",-5091.48398802202,"CAFI_P071",50
"18948",-12790.456858022,"CAFI_P071",100
"18949",-13968.264078022,"CAFI_P071",25
"18950",-13327.027888022,"CAFI_P071",50
"18951",-19874.293038022,"CAFI_P071",100
"18952",-8099.20018802199,"CAFI_P071",25
"18953",24359.352851978,"CAFI_P071",50
"18954",-6688.649148022,"CAFI_P071",100
"18955",1550.61828197801,"CAFI_P071",25
"18956",-7520.20579802198,"CAFI_P071",50
"18957",-12811.738588022,"CAFI_P071",100
"18958",5388.95185197797,"CAFI_P071",25
"18959",11033.505631978,"CAFI_P071",50
"18960",607.537961978,"CAFI_P071",100
"18961",3644.47767197801,"CAFI_P071",25
"18962",-14628.853668022,"CAFI_P071",50
"18963",-21999.447438022,"CAFI_P071",100
"18964",-2234.85364802199,"CAFI_P071",25
"18965",-14017.638798022,"CAFI_P071",50
"18966",-17176.501338022,"CAFI_P071",100
"18967",7216.74302197801,"CAFI_P071",25
"18968",5248.08734197798,"CAFI_P071",50
"18969",-18606.350168022,"CAFI_P071",100
"18970",19196.542411978,"CAFI_P071",25
"18971",-29717.582458022,"CAFI_P071",50
"18972",-22050.537488022,"CAFI_P071",100
"18973",325.241001977993,"CAFI_P071",25
"18974",-11236.602128022,"CAFI_P071",50
"18975",-4855.64573802199,"CAFI_P071",100
"18976",-4553.637468022,"CAFI_P071",25
"18977",754.236521977989,"CAFI_P071",50
"18978",-5116.81926802202,"CAFI_P071",100
"18979",9463.347931978,"CAFI_P071",25
"18980",28235.275931978,"CAFI_P071",50
"18981",-29286.578718022,"CAFI_P071",100
"18982",4832.76321197802,"CAFI_P071",25
"18983",33311.649641978,"CAFI_P071",50
"18984",11937.804681978,"CAFI_P071",100
"18985",-3702.56449802202,"CAFI_P071",25
"18986",-26046.813278022,"CAFI_P071",50
"18987",-12930.440618022,"CAFI_P071",100
"18988",-3786.96039802203,"CAFI_P071",25
"18989",-23832.104798022,"CAFI_P071",50
"18990",5508.34216197801,"CAFI_P071",100
"18991",-3138.42509802204,"CAFI_P071",25
"18992",-1856.65043802198,"CAFI_P071",50
"18993",-1630.61710802204,"CAFI_P071",100
"18994",-26066.600648022,"CAFI_P071",25
"18995",9127.90977197798,"CAFI_P071",50
"18996",-16963.904918022,"CAFI_P071",100
"18997",7371.49092197797,"CAFI_P071",25
"18998",4037.97168197797,"CAFI_P071",50
"18999",-27062.786408022,"CAFI_P071",100
"19000",-14255.708928022,"CAFI_P071",25
"19001",4272.33956197801,"CAFI_P071",50
"19002",-7649.62485802203,"CAFI_P071",100
"19003",-15613.692478022,"CAFI_P071",25
"19004",16614.091381978,"CAFI_P071",50
"19005",-13453.094388022,"CAFI_P071",100
"19006",-5064.62984802201,"CAFI_P071",25
"19007",-17764.783628022,"CAFI_P071",50
"19008",9407.12870197801,"CAFI_P071",100
"19009",5347.32178197801,"CAFI_P071",25
"19010",12441.526661978,"CAFI_P071",50
"19011",27444.670481978,"CAFI_P071",100
"19012",8432.255251978,"CAFI_P071",25
"19013",42069.713411978,"CAFI_P071",50
"19014",-28384.783778022,"CAFI_P071",100
"19015",-7656.165798022,"CAFI_P071",25
"19016",-13343.005928022,"CAFI_P071",50
"19017",-30475.598668022,"CAFI_P071",100
"19018",-1899.833498022,"CAFI_P071",25
"19019",-25444.659528022,"CAFI_P071",50
"19020",-38793.125628022,"CAFI_P071",100
"19021",-17633.175498022,"CAFI_P071",25
"19022",-23839.706008022,"CAFI_P071",50
"19023",-16944.536138022,"CAFI_P071",100
"19024",4571.348901978,"CAFI_P071",25
"19025",-17131.268248022,"CAFI_P071",50
"19026",-32237.086258022,"CAFI_P071",100
"19027",456.116181977966,"CAFI_P071",25
"19028",3739.530951978,"CAFI_P071",50
"19029",9462.97639197798,"CAFI_P071",100
"19030",-9294.96249802201,"CAFI_P071",25
"19031",864.95302197797,"CAFI_P071",50
"19032",10588.577551978,"CAFI_P071",100
"19033",12985.949951978,"CAFI_P071",25
"19034",-12605.093168022,"CAFI_P071",50
"19035",-6051.83095802204,"CAFI_P071",100
"19036",-6690.26372802199,"CAFI_P071",25
"19037",-18129.572238022,"CAFI_P071",50
"19038",-2200.815358022,"CAFI_P071",100
"19039",3317.38185197802,"CAFI_P071",25
"19040",12039.718201978,"CAFI_P071",50
"19041",-14689.957018022,"CAFI_P071",100
"19042",-2369.89032802201,"CAFI_P071",25
"19043",-34125.201148022,"CAFI_P071",50
"19044",-11329.397498022,"CAFI_P071",100
"19045",16902.245751978,"CAFI_P071",25
"19046",-25988.990308022,"CAFI_P071",50
"19047",13114.375901978,"CAFI_P071",100
"19048",-237.140098022006,"CAFI_P071",25
"19049",-4858.886818022,"CAFI_P071",50
"19050",29079.065191978,"CAFI_P071",100
"19051",4719.022091978,"CAFI_P071",25
"19052",-15867.374188022,"CAFI_P071",50
"19053",-34794.751338022,"CAFI_P071",100
"19054",7290.91206197802,"CAFI_P071",25
"19055",-14576.512698022,"CAFI_P071",50
"19056",-34646.502268022,"CAFI_P071",100
"19057",-481.309578021988,"CAFI_P071",25
"19058",-26905.760948022,"CAFI_P071",50
"19059",-10641.444848022,"CAFI_P071",100
"19060",4774.942651978,"CAFI_P071",25
"19061",-25702.714418022,"CAFI_P071",50
"19062",8833.71093197801,"CAFI_P071",100
"19063",1593.19271197799,"CAFI_P071",25
"19064",7402.281341978,"CAFI_P071",50
"19065",-35604.044448022,"CAFI_P071",100
"19066",-2829.49361802201,"CAFI_P071",25
"19067",-11316.796388022,"CAFI_P071",50
"19068",-21058.373648022,"CAFI_P071",100
"19069",6147.86069197801,"CAFI_P071",25
"19070",-9827.91122802201,"CAFI_P071",50
"19071",-32854.379738022,"CAFI_P071",100
"19072",3083.489351978,"CAFI_P071",25
"19073",-9614.34214802203,"CAFI_P071",50
"19074",-25875.031028022,"CAFI_P071",100
"19075",-2809.784108022,"CAFI_P071",25
"19076",-3504.97844802198,"CAFI_P071",50
"19077",-25286.311968022,"CAFI_P071",100
"19078",1513.18433197797,"CAFI_P071",25
"19079",5064.58324197796,"CAFI_P071",50
"19080",24186.325981978,"CAFI_P071",100
"19081",-9637.83928802202,"CAFI_P071",25
"19082",21530.884861978,"CAFI_P071",50
"19083",11881.373621978,"CAFI_P071",100
"19084",-8688.14631802199,"CAFI_P071",25
"19085",13811.022631978,"CAFI_P071",50
"19086",8979.64574197796,"CAFI_P071",100
"19087",7233.33682197798,"CAFI_P071",25
"19088",10605.842501978,"CAFI_P071",50
"19089",-38228.528148022,"CAFI_P071",100
"19090",-2568.73273802199,"CAFI_P071",25
"19091",-1646.35492802202,"CAFI_P071",50
"19092",-11698.929518022,"CAFI_P071",100
"19093",-13900.571358022,"CAFI_P071",25
"19094",-6810.12849802204,"CAFI_P071",50
"19095",57798.315841978,"CAFI_P071",100
"19096",-14619.526848022,"CAFI_P071",25
"19097",19259.204111978,"CAFI_P071",50
"19098",-11478.713728022,"CAFI_P071",100
"19099",3177.87998197798,"CAFI_P071",25
"19100",-15437.021478022,"CAFI_P071",50
"19101",-32912.559498022,"CAFI_P071",100
"19102",-9671.31022802199,"CAFI_P071",25
"19103",-30131.955668022,"CAFI_P071",50
"19104",-44164.491528022,"CAFI_P071",100
"19105",-8334.09547802201,"CAFI_P071",25
"19106",4539.58662197797,"CAFI_P071",50
"19107",-11186.449898022,"CAFI_P071",100
"19108",5046.24956197798,"CAFI_P071",25
"19109",-1007.68836802203,"CAFI_P071",50
"19110",8663.37002197799,"CAFI_P071",100
"19111",-11093.327938022,"CAFI_P071",25
"19112",-10001.783988022,"CAFI_P071",50
"19113",-15560.854838022,"CAFI_P071",100
"19114",15000.306701978,"CAFI_P071",25
"19115",-15552.206508022,"CAFI_P071",50
"19116",28731.566061978,"CAFI_P071",100
"19117",333.342461977969,"CAFI_P071",25
"19118",44594.443481978,"CAFI_P071",50
"19119",-8654.63784802199,"CAFI_P071",100
"19120",17690.231231978,"CAFI_P071",25
"19121",31697.429291978,"CAFI_P071",50
"19122",-13640.839848022,"CAFI_P071",100
"19123",-5363.09982802201,"CAFI_P071",25
"19124",17810.365991978,"CAFI_P071",50
"19125",-41038.005058022,"CAFI_P071",100
"19126",-9368.78800802201,"CAFI_P071",25
"19127",-13982.920188022,"CAFI_P071",50
"19128",11995.846821978,"CAFI_P071",100
"19129",-34.0170980219846,"CAFI_P071",25
"19130",-3180.89601802203,"CAFI_P071",50
"19131",18663.857321978,"CAFI_P071",100
"19132",-3468.144478022,"CAFI_P071",25
"19133",-13013.638328022,"CAFI_P071",50
"19134",74592.762831978,"CAFI_P071",100
"19135",-9.92794802202843,"CAFI_P071",25
"19136",-13443.558788022,"CAFI_P071",50
"19137",-9350.22529802204,"CAFI_P071",100
"19138",4999.98374197801,"CAFI_P071",25
"19139",-19211.310458022,"CAFI_P071",50
"19140",-11254.781318022,"CAFI_P071",100
"19141",2193.38334197801,"CAFI_P071",25
"19142",-9113.01241802203,"CAFI_P071",50
"19143",-26685.175858022,"CAFI_P071",100
"19144",6530.36478197802,"CAFI_P071",25
"19145",-13924.575328022,"CAFI_P071",50
"19146",-9267.12831802201,"CAFI_P071",100
"19147",169.43633197801,"CAFI_P071",25
"19148",11835.246291978,"CAFI_P071",50
"19149",-11413.649888022,"CAFI_P071",100
"19150",-18181.418718022,"CAFI_P071",25
"19151",1128.67811197799,"CAFI_P071",50
"19152",-14404.290868022,"CAFI_P071",100
"19153",-6205.07689802203,"CAFI_P071",25
"19154",19964.106941978,"CAFI_P071",50
"19155",15473.299471978,"CAFI_P071",100
"19156",-11221.920638022,"CAFI_P071",25
"19157",9915.92176197801,"CAFI_P071",50
"19158",-17467.957588022,"CAFI_P071",100
"19159",-8910.07482802199,"CAFI_P071",25
"19160",47170.018481978,"CAFI_P071",50
"19161",-979.859568022017,"CAFI_P071",100
"19162",6924.55028197798,"CAFI_P071",25
"19163",29521.825611978,"CAFI_P071",50
"19164",7451.65317197802,"CAFI_P071",100
"19165",-293.711498022021,"CAFI_P071",25
"19166",-20439.716648022,"CAFI_P071",50
"19167",-22543.412568022,"CAFI_P071",100
"19168",-90.5292380219907,"CAFI_P071",25
"19169",-10644.084108022,"CAFI_P071",50
"19170",2351.293281978,"CAFI_P071",100
"19171",6141.14590197802,"CAFI_P071",25
"19172",14029.537201978,"CAFI_P071",50
"19173",3828.67991197796,"CAFI_P071",100
"19174",-7498.51114802202,"CAFI_P071",25
"19175",21973.266401978,"CAFI_P071",50
"19176",-24131.550358022,"CAFI_P071",100
"19177",2956.94302197802,"CAFI_P071",25
"19178",-11090.621248022,"CAFI_P071",50
"19179",-19596.123698022,"CAFI_P071",100
"19180",-13547.412138022,"CAFI_P071",25
"19181",1676.10631197802,"CAFI_P071",50
"19182",-16591.322048022,"CAFI_P071",100
"19183",-5314.43136802199,"CAFI_P071",25
"19184",-8019.73966802203,"CAFI_P071",50
"19185",-6278.19520802202,"CAFI_P071",100
"19186",1386.08529197797,"CAFI_P071",25
"19187",10331.706031978,"CAFI_P071",50
"19188",22607.208651978,"CAFI_P071",100
"19189",-1005.57941802201,"CAFI_P071",25
"19190",11585.433161978,"CAFI_P071",50
"19191",-7758.370558022,"CAFI_P071",100
"19192",11911.263231978,"CAFI_P071",25
"19193",-1785.72385802201,"CAFI_P071",50
"19194",-389.687968022015,"CAFI_P071",100
"19195",22504.214771978,"CAFI_P071",25
"19196",30450.563051978,"CAFI_P071",50
"19197",-11124.493808022,"CAFI_P071",100
"19198",7416.15034197801,"CAFI_P071",25
"19199",-7302.38290802203,"CAFI_P071",50
"19200",-32336.350738022,"CAFI_P071",100
"19201",3137.000388649,"CAFI_P072",25
"19202",68613.978768649,"CAFI_P072",50
"19203",42948.132408649,"CAFI_P072",100
"19204",32375.694648649,"CAFI_P072",25
"19205",12804.743738649,"CAFI_P072",50
"19206",39798.618188649,"CAFI_P072",100
"19207",3125.97541864897,"CAFI_P072",25
"19208",16119.394218649,"CAFI_P072",50
"19209",55708.409268649,"CAFI_P072",100
"19210",26316.097628649,"CAFI_P072",25
"19211",36687.317918649,"CAFI_P072",50
"19212",63644.031478649,"CAFI_P072",100
"19213",15895.497258649,"CAFI_P072",25
"19214",41716.376978649,"CAFI_P072",50
"19215",53371.348628649,"CAFI_P072",100
"19216",9659.688278649,"CAFI_P072",25
"19217",26070.456478649,"CAFI_P072",50
"19218",55982.313798649,"CAFI_P072",100
"19219",11800.414098649,"CAFI_P072",25
"19220",18300.295688649,"CAFI_P072",50
"19221",96052.215848649,"CAFI_P072",100
"19222",36293.775308649,"CAFI_P072",25
"19223",51130.751318649,"CAFI_P072",50
"19224",86456.601588649,"CAFI_P072",100
"19225",41337.324288649,"CAFI_P072",25
"19226",25599.582068649,"CAFI_P072",50
"19227",45687.493548649,"CAFI_P072",100
"19228",15348.429548649,"CAFI_P072",25
"19229",37405.526398649,"CAFI_P072",50
"19230",71091.487528649,"CAFI_P072",100
"19231",17544.118758649,"CAFI_P072",25
"19232",26024.597768649,"CAFI_P072",50
"19233",52517.710798649,"CAFI_P072",100
"19234",-9652.92995135102,"CAFI_P072",25
"19235",23991.786308649,"CAFI_P072",50
"19236",57465.617868649,"CAFI_P072",100
"19237",7627.38670864899,"CAFI_P072",25
"19238",42417.372858649,"CAFI_P072",50
"19239",77019.288958649,"CAFI_P072",100
"19240",18815.624068649,"CAFI_P072",25
"19241",41029.421538649,"CAFI_P072",50
"19242",95765.709078649,"CAFI_P072",100
"19243",10661.502118649,"CAFI_P072",25
"19244",19604.459878649,"CAFI_P072",50
"19245",53702.076798649,"CAFI_P072",100
"19246",17940.143488649,"CAFI_P072",25
"19247",-3268.72267135099,"CAFI_P072",50
"19248",104637.563798649,"CAFI_P072",100
"19249",20893.755228649,"CAFI_P072",25
"19250",38676.725718649,"CAFI_P072",50
"19251",98575.059848649,"CAFI_P072",100
"19252",30196.658338649,"CAFI_P072",25
"19253",27892.628158649,"CAFI_P072",50
"19254",30694.473398649,"CAFI_P072",100
"19255",26622.931578649,"CAFI_P072",25
"19256",26202.904418649,"CAFI_P072",50
"19257",74768.826808649,"CAFI_P072",100
"19258",20501.408818649,"CAFI_P072",25
"19259",19502.989778649,"CAFI_P072",50
"19260",53738.488198649,"CAFI_P072",100
"19261",24387.729498649,"CAFI_P072",25
"19262",35785.447018649,"CAFI_P072",50
"19263",42544.778948649,"CAFI_P072",100
"19264",1557.47654864902,"CAFI_P072",25
"19265",38538.201558649,"CAFI_P072",50
"19266",74997.494218649,"CAFI_P072",100
"19267",13750.780708649,"CAFI_P072",25
"19268",32851.705668649,"CAFI_P072",50
"19269",78189.691288649,"CAFI_P072",100
"19270",7387.61439864902,"CAFI_P072",25
"19271",9010.560778649,"CAFI_P072",50
"19272",58976.668848649,"CAFI_P072",100
"19273",18443.911098649,"CAFI_P072",25
"19274",40779.776368649,"CAFI_P072",50
"19275",75548.895308649,"CAFI_P072",100
"19276",40319.742058649,"CAFI_P072",25
"19277",47635.784788649,"CAFI_P072",50
"19278",30223.010228649,"CAFI_P072",100
"19279",41466.745768649,"CAFI_P072",25
"19280",36261.119248649,"CAFI_P072",50
"19281",76090.549338649,"CAFI_P072",100
"19282",27201.547388649,"CAFI_P072",25
"19283",22555.039488649,"CAFI_P072",50
"19284",46905.378818649,"CAFI_P072",100
"19285",16257.706848649,"CAFI_P072",25
"19286",24782.031888649,"CAFI_P072",50
"19287",35800.601228649,"CAFI_P072",100
"19288",23960.880028649,"CAFI_P072",25
"19289",27667.510758649,"CAFI_P072",50
"19290",91768.475008649,"CAFI_P072",100
"19291",10215.670298649,"CAFI_P072",25
"19292",29696.185078649,"CAFI_P072",50
"19293",51795.688748649,"CAFI_P072",100
"19294",37433.069308649,"CAFI_P072",25
"19295",30412.582048649,"CAFI_P072",50
"19296",66474.708058649,"CAFI_P072",100
"19297",33792.248198649,"CAFI_P072",25
"19298",57061.777168649,"CAFI_P072",50
"19299",91795.962428649,"CAFI_P072",100
"19300",42956.916148649,"CAFI_P072",25
"19301",42378.932788649,"CAFI_P072",50
"19302",89330.901908649,"CAFI_P072",100
"19303",15964.346888649,"CAFI_P072",25
"19304",44820.770078649,"CAFI_P072",50
"19305",55581.086618649,"CAFI_P072",100
"19306",-1829.38406135101,"CAFI_P072",25
"19307",33685.428378649,"CAFI_P072",50
"19308",96846.341348649,"CAFI_P072",100
"19309",17262.947548649,"CAFI_P072",25
"19310",15425.736518649,"CAFI_P072",50
"19311",76537.044078649,"CAFI_P072",100
"19312",-8068.749221351,"CAFI_P072",25
"19313",41241.905478649,"CAFI_P072",50
"19314",60312.648888649,"CAFI_P072",100
"19315",4532.85586864903,"CAFI_P072",25
"19316",32834.513878649,"CAFI_P072",50
"19317",45226.013418649,"CAFI_P072",100
"19318",9703.721018649,"CAFI_P072",25
"19319",20762.907018649,"CAFI_P072",50
"19320",54970.226078649,"CAFI_P072",100
"19321",-3243.35574135103,"CAFI_P072",25
"19322",38953.343978649,"CAFI_P072",50
"19323",20054.511378649,"CAFI_P072",100
"19324",-4493.59652135102,"CAFI_P072",25
"19325",47755.923178649,"CAFI_P072",50
"19326",71757.537318649,"CAFI_P072",100
"19327",29466.059608649,"CAFI_P072",25
"19328",29209.060158649,"CAFI_P072",50
"19329",71371.887818649,"CAFI_P072",100
"19330",19869.627878649,"CAFI_P072",25
"19331",24357.420088649,"CAFI_P072",50
"19332",34700.647808649,"CAFI_P072",100
"19333",21150.079108649,"CAFI_P072",25
"19334",35494.290878649,"CAFI_P072",50
"19335",58592.546428649,"CAFI_P072",100
"19336",7409.03224864899,"CAFI_P072",25
"19337",54995.322928649,"CAFI_P072",50
"19338",65767.179118649,"CAFI_P072",100
"19339",1591.96831864899,"CAFI_P072",25
"19340",41780.032398649,"CAFI_P072",50
"19341",53848.329528649,"CAFI_P072",100
"19342",14476.529018649,"CAFI_P072",25
"19343",25631.623978649,"CAFI_P072",50
"19344",54846.065588649,"CAFI_P072",100
"19345",44013.003228649,"CAFI_P072",25
"19346",37546.789408649,"CAFI_P072",50
"19347",18057.079388649,"CAFI_P072",100
"19348",22515.275298649,"CAFI_P072",25
"19349",38456.587718649,"CAFI_P072",50
"19350",72404.270108649,"CAFI_P072",100
"19351",21598.525198649,"CAFI_P072",25
"19352",40185.720928649,"CAFI_P072",50
"19353",99383.968018649,"CAFI_P072",100
"19354",21398.202898649,"CAFI_P072",25
"19355",11144.348008649,"CAFI_P072",50
"19356",78913.128848649,"CAFI_P072",100
"19357",5132.89344864897,"CAFI_P072",25
"19358",42316.200648649,"CAFI_P072",50
"19359",64847.621778649,"CAFI_P072",100
"19360",20705.824378649,"CAFI_P072",25
"19361",23203.298798649,"CAFI_P072",50
"19362",86765.939058649,"CAFI_P072",100
"19363",16444.312798649,"CAFI_P072",25
"19364",35004.795038649,"CAFI_P072",50
"19365",57908.723978649,"CAFI_P072",100
"19366",5314.81082864897,"CAFI_P072",25
"19367",82661.171328649,"CAFI_P072",50
"19368",53560.043888649,"CAFI_P072",100
"19369",13875.087668649,"CAFI_P072",25
"19370",36453.460978649,"CAFI_P072",50
"19371",27574.899818649,"CAFI_P072",100
"19372",23181.801618649,"CAFI_P072",25
"19373",30432.198668649,"CAFI_P072",50
"19374",42348.334818649,"CAFI_P072",100
"19375",26159.341238649,"CAFI_P072",25
"19376",19674.208018649,"CAFI_P072",50
"19377",83346.848798649,"CAFI_P072",100
"19378",32987.135538649,"CAFI_P072",25
"19379",23174.667398649,"CAFI_P072",50
"19380",67247.531018649,"CAFI_P072",100
"19381",11340.285698649,"CAFI_P072",25
"19382",51455.579868649,"CAFI_P072",50
"19383",72323.326908649,"CAFI_P072",100
"19384",13842.750138649,"CAFI_P072",25
"19385",53735.744208649,"CAFI_P072",50
"19386",25893.202788649,"CAFI_P072",100
"19387",36593.073488649,"CAFI_P072",25
"19388",43572.801818649,"CAFI_P072",50
"19389",46040.498258649,"CAFI_P072",100
"19390",11979.103328649,"CAFI_P072",25
"19391",41387.142388649,"CAFI_P072",50
"19392",47722.721828649,"CAFI_P072",100
"19393",21673.200378649,"CAFI_P072",25
"19394",97214.048108649,"CAFI_P072",50
"19395",51526.589988649,"CAFI_P072",100
"19396",19467.563418649,"CAFI_P072",25
"19397",21289.997688649,"CAFI_P072",50
"19398",61180.752018649,"CAFI_P072",100
"19399",15448.112378649,"CAFI_P072",25
"19400",58419.891248649,"CAFI_P072",50
"19401",68240.332638649,"CAFI_P072",100
"19402",7337.84652864898,"CAFI_P072",25
"19403",7367.712778649,"CAFI_P072",50
"19404",61697.508538649,"CAFI_P072",100
"19405",39206.289638649,"CAFI_P072",25
"19406",52376.385938649,"CAFI_P072",50
"19407",88470.514068649,"CAFI_P072",100
"19408",27965.245638649,"CAFI_P072",25
"19409",23756.831948649,"CAFI_P072",50
"19410",25577.361808649,"CAFI_P072",100
"19411",13616.781478649,"CAFI_P072",25
"19412",47140.711818649,"CAFI_P072",50
"19413",93368.123438649,"CAFI_P072",100
"19414",4212.55052864901,"CAFI_P072",25
"19415",55377.234848649,"CAFI_P072",50
"19416",31323.049698649,"CAFI_P072",100
"19417",17684.621938649,"CAFI_P072",25
"19418",33299.839998649,"CAFI_P072",50
"19419",87310.189008649,"CAFI_P072",100
"19420",7860.83522864903,"CAFI_P072",25
"19421",5768.36634864903,"CAFI_P072",50
"19422",75245.842168649,"CAFI_P072",100
"19423",8912.17566864903,"CAFI_P072",25
"19424",22732.019668649,"CAFI_P072",50
"19425",82977.511198649,"CAFI_P072",100
"19426",21742.849558649,"CAFI_P072",25
"19427",41544.993868649,"CAFI_P072",50
"19428",86385.426268649,"CAFI_P072",100
"19429",2305.94905864901,"CAFI_P072",25
"19430",62056.628108649,"CAFI_P072",50
"19431",7648.40055864898,"CAFI_P072",100
"19432",13471.075108649,"CAFI_P072",25
"19433",27345.145458649,"CAFI_P072",50
"19434",40758.761248649,"CAFI_P072",100
"19435",19037.699048649,"CAFI_P072",25
"19436",46960.074008649,"CAFI_P072",50
"19437",32430.783908649,"CAFI_P072",100
"19438",30367.510948649,"CAFI_P072",25
"19439",23213.692528649,"CAFI_P072",50
"19440",57979.290918649,"CAFI_P072",100
"19441",-2040.77364135103,"CAFI_P072",25
"19442",26756.445628649,"CAFI_P072",50
"19443",87349.421408649,"CAFI_P072",100
"19444",16884.367298649,"CAFI_P072",25
"19445",12716.420218649,"CAFI_P072",50
"19446",56764.317408649,"CAFI_P072",100
"19447",32427.198028649,"CAFI_P072",25
"19448",23959.937648649,"CAFI_P072",50
"19449",58463.611158649,"CAFI_P072",100
"19450",3403.06812864903,"CAFI_P072",25
"19451",25119.311158649,"CAFI_P072",50
"19452",53253.604708649,"CAFI_P072",100
"19453",20797.713438649,"CAFI_P072",25
"19454",70009.907268649,"CAFI_P072",50
"19455",82079.830198649,"CAFI_P072",100
"19456",33313.805648649,"CAFI_P072",25
"19457",30519.758078649,"CAFI_P072",50
"19458",64002.810298649,"CAFI_P072",100
"19459",13580.824548649,"CAFI_P072",25
"19460",55854.352678649,"CAFI_P072",50
"19461",75017.233848649,"CAFI_P072",100
"19462",18714.966918649,"CAFI_P072",25
"19463",51259.143808649,"CAFI_P072",50
"19464",38079.520658649,"CAFI_P072",100
"19465",23676.093928649,"CAFI_P072",25
"19466",40476.667298649,"CAFI_P072",50
"19467",64650.622108649,"CAFI_P072",100
"19468",10346.708778649,"CAFI_P072",25
"19469",50581.511848649,"CAFI_P072",50
"19470",41466.208368649,"CAFI_P072",100
"19471",16018.074978649,"CAFI_P072",25
"19472",24924.191638649,"CAFI_P072",50
"19473",58512.431278649,"CAFI_P072",100
"19474",-1607.96685135103,"CAFI_P072",25
"19475",71823.252468649,"CAFI_P072",50
"19476",79816.483938649,"CAFI_P072",100
"19477",13446.353428649,"CAFI_P072",25
"19478",44473.317818649,"CAFI_P072",50
"19479",39748.858448649,"CAFI_P072",100
"19480",-2071.19074135099,"CAFI_P072",25
"19481",42656.100888649,"CAFI_P072",50
"19482",93735.991838649,"CAFI_P072",100
"19483",26985.174098649,"CAFI_P072",25
"19484",33965.637398649,"CAFI_P072",50
"19485",63176.641408649,"CAFI_P072",100
"19486",16258.120758649,"CAFI_P072",25
"19487",38310.124728649,"CAFI_P072",50
"19488",77552.541278649,"CAFI_P072",100
"19489",7616.54171864898,"CAFI_P072",25
"19490",70817.311598649,"CAFI_P072",50
"19491",94498.067118649,"CAFI_P072",100
"19492",13119.311348649,"CAFI_P072",25
"19493",43333.832578649,"CAFI_P072",50
"19494",71696.582858649,"CAFI_P072",100
"19495",-2918.23309135099,"CAFI_P072",25
"19496",17859.438438649,"CAFI_P072",50
"19497",63353.747578649,"CAFI_P072",100
"19498",-3174.73601135099,"CAFI_P072",25
"19499",21538.791288649,"CAFI_P072",50
"19500",45720.537718649,"CAFI_P072",100
"19501",2679.81828688399,"CAFI_P073",25
"19502",21146.579546884,"CAFI_P073",50
"19503",17129.272396884,"CAFI_P073",100
"19504",21589.815506884,"CAFI_P073",25
"19505",22930.043386884,"CAFI_P073",50
"19506",32226.288396884,"CAFI_P073",100
"19507",9141.31318688398,"CAFI_P073",25
"19508",14072.146226884,"CAFI_P073",50
"19509",13146.411626884,"CAFI_P073",100
"19510",27166.185696884,"CAFI_P073",25
"19511",-2341.41137311602,"CAFI_P073",50
"19512",39844.466396884,"CAFI_P073",100
"19513",9893.34469688399,"CAFI_P073",25
"19514",35076.428226884,"CAFI_P073",50
"19515",47484.565366884,"CAFI_P073",100
"19516",-5495.17605311598,"CAFI_P073",25
"19517",9391.17843688402,"CAFI_P073",50
"19518",42217.202186884,"CAFI_P073",100
"19519",5022.45007688401,"CAFI_P073",25
"19520",23377.586186884,"CAFI_P073",50
"19521",51295.089946884,"CAFI_P073",100
"19522",13542.993556884,"CAFI_P073",25
"19523",462.370116884005,"CAFI_P073",50
"19524",24459.068466884,"CAFI_P073",100
"19525",7030.613396884,"CAFI_P073",25
"19526",16226.239506884,"CAFI_P073",50
"19527",21302.047186884,"CAFI_P073",100
"19528",12351.300686884,"CAFI_P073",25
"19529",21635.058526884,"CAFI_P073",50
"19530",44433.411546884,"CAFI_P073",100
"19531",-1386.24194311601,"CAFI_P073",25
"19532",8878.75775688404,"CAFI_P073",50
"19533",17788.655956884,"CAFI_P073",100
"19534",13644.849436884,"CAFI_P073",25
"19535",31782.525286884,"CAFI_P073",50
"19536",40316.983936884,"CAFI_P073",100
"19537",32099.874596884,"CAFI_P073",25
"19538",31147.149236884,"CAFI_P073",50
"19539",28878.221456884,"CAFI_P073",100
"19540",5047.31221688399,"CAFI_P073",25
"19541",14187.606586884,"CAFI_P073",50
"19542",26704.803276884,"CAFI_P073",100
"19543",-136.126203115971,"CAFI_P073",25
"19544",35021.391916884,"CAFI_P073",50
"19545",35257.132996884,"CAFI_P073",100
"19546",17849.907826884,"CAFI_P073",25
"19547",8990.85152688401,"CAFI_P073",50
"19548",14170.020826884,"CAFI_P073",100
"19549",11911.322186884,"CAFI_P073",25
"19550",19255.327156884,"CAFI_P073",50
"19551",36188.122606884,"CAFI_P073",100
"19552",15738.582006884,"CAFI_P073",25
"19553",1861.80181688402,"CAFI_P073",50
"19554",51568.924706884,"CAFI_P073",100
"19555",5724.446986884,"CAFI_P073",25
"19556",27578.343356884,"CAFI_P073",50
"19557",31946.498296884,"CAFI_P073",100
"19558",8288.45631688403,"CAFI_P073",25
"19559",14984.366486884,"CAFI_P073",50
"19560",43734.728526884,"CAFI_P073",100
"19561",3985.96458688402,"CAFI_P073",25
"19562",19730.244896884,"CAFI_P073",50
"19563",-802.482853116002,"CAFI_P073",100
"19564",16329.407696884,"CAFI_P073",25
"19565",4052.03522688401,"CAFI_P073",50
"19566",72988.102486884,"CAFI_P073",100
"19567",19243.581726884,"CAFI_P073",25
"19568",17146.755756884,"CAFI_P073",50
"19569",36113.794266884,"CAFI_P073",100
"19570",-104.993793116009,"CAFI_P073",25
"19571",38571.101326884,"CAFI_P073",50
"19572",33689.728686884,"CAFI_P073",100
"19573",-5257.74367311597,"CAFI_P073",25
"19574",9009.45643688401,"CAFI_P073",50
"19575",44926.736536884,"CAFI_P073",100
"19576",20793.526566884,"CAFI_P073",25
"19577",3295.33166688401,"CAFI_P073",50
"19578",29861.303536884,"CAFI_P073",100
"19579",2118.092046884,"CAFI_P073",25
"19580",37160.871076884,"CAFI_P073",50
"19581",37829.364776884,"CAFI_P073",100
"19582",13086.215266884,"CAFI_P073",25
"19583",-7550.93008311599,"CAFI_P073",50
"19584",39249.556616884,"CAFI_P073",100
"19585",9791.81206688401,"CAFI_P073",25
"19586",19116.364266884,"CAFI_P073",50
"19587",33371.726866884,"CAFI_P073",100
"19588",-11512.376623116,"CAFI_P073",25
"19589",36835.533396884,"CAFI_P073",50
"19590",9801.61413688399,"CAFI_P073",100
"19591",17949.093496884,"CAFI_P073",25
"19592",33623.669106884,"CAFI_P073",50
"19593",26927.447616884,"CAFI_P073",100
"19594",10675.068176884,"CAFI_P073",25
"19595",15171.106676884,"CAFI_P073",50
"19596",13124.550746884,"CAFI_P073",100
"19597",-5838.60636311601,"CAFI_P073",25
"19598",-7229.48831311602,"CAFI_P073",50
"19599",23082.772306884,"CAFI_P073",100
"19600",-5611.96704311599,"CAFI_P073",25
"19601",7852.09839688399,"CAFI_P073",50
"19602",43776.633256884,"CAFI_P073",100
"19603",2671.56474688399,"CAFI_P073",25
"19604",20060.710936884,"CAFI_P073",50
"19605",41440.500426884,"CAFI_P073",100
"19606",11435.043796884,"CAFI_P073",25
"19607",13957.543336884,"CAFI_P073",50
"19608",27864.808226884,"CAFI_P073",100
"19609",7416.093116884,"CAFI_P073",25
"19610",-1375.98823311599,"CAFI_P073",50
"19611",25757.327046884,"CAFI_P073",100
"19612",957.50819688401,"CAFI_P073",25
"19613",-9103.014943116,"CAFI_P073",50
"19614",38617.396376884,"CAFI_P073",100
"19615",9589.89264688402,"CAFI_P073",25
"19616",25449.578136884,"CAFI_P073",50
"19617",16566.284216884,"CAFI_P073",100
"19618",2768.526656884,"CAFI_P073",25
"19619",5045.561216884,"CAFI_P073",50
"19620",51541.288496884,"CAFI_P073",100
"19621",12819.261106884,"CAFI_P073",25
"19622",10538.896816884,"CAFI_P073",50
"19623",31866.512696884,"CAFI_P073",100
"19624",10813.207556884,"CAFI_P073",25
"19625",14887.153326884,"CAFI_P073",50
"19626",48794.155466884,"CAFI_P073",100
"19627",-18237.771713116,"CAFI_P073",25
"19628",22411.202806884,"CAFI_P073",50
"19629",37988.221336884,"CAFI_P073",100
"19630",22856.880106884,"CAFI_P073",25
"19631",16541.627026884,"CAFI_P073",50
"19632",24855.978446884,"CAFI_P073",100
"19633",19029.022996884,"CAFI_P073",25
"19634",14464.034986884,"CAFI_P073",50
"19635",49574.598176884,"CAFI_P073",100
"19636",21352.570226884,"CAFI_P073",25
"19637",13932.035716884,"CAFI_P073",50
"19638",12662.846896884,"CAFI_P073",100
"19639",9031.78750688402,"CAFI_P073",25
"19640",17442.809456884,"CAFI_P073",50
"19641",37850.316596884,"CAFI_P073",100
"19642",11081.698626884,"CAFI_P073",25
"19643",-596.469463115965,"CAFI_P073",50
"19644",20400.641766884,"CAFI_P073",100
"19645",11250.182116884,"CAFI_P073",25
"19646",4531.23437688401,"CAFI_P073",50
"19647",21865.301836884,"CAFI_P073",100
"19648",-9023.45621311601,"CAFI_P073",25
"19649",26803.843496884,"CAFI_P073",50
"19650",41536.700516884,"CAFI_P073",100
"19651",9682.91534688399,"CAFI_P073",25
"19652",18111.079906884,"CAFI_P073",50
"19653",32762.316946884,"CAFI_P073",100
"19654",9892.40394688403,"CAFI_P073",25
"19655",-788.195643115963,"CAFI_P073",50
"19656",35415.138066884,"CAFI_P073",100
"19657",8858.00858688401,"CAFI_P073",25
"19658",33667.928886884,"CAFI_P073",50
"19659",28467.052926884,"CAFI_P073",100
"19660",8991.36026688403,"CAFI_P073",25
"19661",25483.490136884,"CAFI_P073",50
"19662",23692.250036884,"CAFI_P073",100
"19663",-11810.072483116,"CAFI_P073",25
"19664",25897.180146884,"CAFI_P073",50
"19665",42746.835146884,"CAFI_P073",100
"19666",-4249.25382311601,"CAFI_P073",25
"19667",16471.503846884,"CAFI_P073",50
"19668",59187.145516884,"CAFI_P073",100
"19669",-2339.89002311596,"CAFI_P073",25
"19670",7242.92123688402,"CAFI_P073",50
"19671",37054.628676884,"CAFI_P073",100
"19672",-7831.89528311597,"CAFI_P073",25
"19673",-1665.15028311597,"CAFI_P073",50
"19674",16916.090036884,"CAFI_P073",100
"19675",9830.05583688401,"CAFI_P073",25
"19676",4856.21741688403,"CAFI_P073",50
"19677",12051.973426884,"CAFI_P073",100
"19678",15369.921026884,"CAFI_P073",25
"19679",23157.985276884,"CAFI_P073",50
"19680",33418.272126884,"CAFI_P073",100
"19681",5997.84857688402,"CAFI_P073",25
"19682",33008.654036884,"CAFI_P073",50
"19683",9792.06061688403,"CAFI_P073",100
"19684",-3269.44145311601,"CAFI_P073",25
"19685",-786.727343116014,"CAFI_P073",50
"19686",61331.599086884,"CAFI_P073",100
"19687",-2167.23711311602,"CAFI_P073",25
"19688",21856.495256884,"CAFI_P073",50
"19689",34136.315666884,"CAFI_P073",100
"19690",11103.657556884,"CAFI_P073",25
"19691",5686.56631688401,"CAFI_P073",50
"19692",18980.509586884,"CAFI_P073",100
"19693",-7048.223963116,"CAFI_P073",25
"19694",-1426.11814311601,"CAFI_P073",50
"19695",27643.339896884,"CAFI_P073",100
"19696",-10914.494073116,"CAFI_P073",25
"19697",8625.85944688402,"CAFI_P073",50
"19698",23235.103236884,"CAFI_P073",100
"19699",10017.094136884,"CAFI_P073",25
"19700",25187.407586884,"CAFI_P073",50
"19701",14768.183186884,"CAFI_P073",100
"19702",11541.642296884,"CAFI_P073",25
"19703",21591.131516884,"CAFI_P073",50
"19704",47412.767666884,"CAFI_P073",100
"19705",12366.924216884,"CAFI_P073",25
"19706",5779.24431688403,"CAFI_P073",50
"19707",45338.929096884,"CAFI_P073",100
"19708",14820.728926884,"CAFI_P073",25
"19709",15522.859636884,"CAFI_P073",50
"19710",30864.268376884,"CAFI_P073",100
"19711",-11298.202213116,"CAFI_P073",25
"19712",17004.505226884,"CAFI_P073",50
"19713",14159.900186884,"CAFI_P073",100
"19714",3976.02737688401,"CAFI_P073",25
"19715",22404.053066884,"CAFI_P073",50
"19716",31432.329146884,"CAFI_P073",100
"19717",10714.757366884,"CAFI_P073",25
"19718",-3507.031073116,"CAFI_P073",50
"19719",7797.82764688402,"CAFI_P073",100
"19720",15982.718176884,"CAFI_P073",25
"19721",-15812.589133116,"CAFI_P073",50
"19722",34799.586926884,"CAFI_P073",100
"19723",5508.25888688402,"CAFI_P073",25
"19724",3875.60374688404,"CAFI_P073",50
"19725",15438.639536884,"CAFI_P073",100
"19726",5696.71705688402,"CAFI_P073",25
"19727",24817.388256884,"CAFI_P073",50
"19728",47162.285626884,"CAFI_P073",100
"19729",1754.32537688402,"CAFI_P073",25
"19730",12151.340516884,"CAFI_P073",50
"19731",4024.85838688404,"CAFI_P073",100
"19732",3431.76632688398,"CAFI_P073",25
"19733",-592.989783115976,"CAFI_P073",50
"19734",20156.807826884,"CAFI_P073",100
"19735",5781.26915688399,"CAFI_P073",25
"19736",9683.064916884,"CAFI_P073",50
"19737",8428.21528688399,"CAFI_P073",100
"19738",22235.295106884,"CAFI_P073",25
"19739",30368.356906884,"CAFI_P073",50
"19740",40953.345926884,"CAFI_P073",100
"19741",526.668886883999,"CAFI_P073",25
"19742",8944.83365688403,"CAFI_P073",50
"19743",50812.865506884,"CAFI_P073",100
"19744",13078.720466884,"CAFI_P073",25
"19745",23868.860076884,"CAFI_P073",50
"19746",28166.550256884,"CAFI_P073",100
"19747",15711.154886884,"CAFI_P073",25
"19748",22477.199216884,"CAFI_P073",50
"19749",29563.556196884,"CAFI_P073",100
"19750",2273.31563688401,"CAFI_P073",25
"19751",39481.299376884,"CAFI_P073",50
"19752",27736.057436884,"CAFI_P073",100
"19753",9627.00946688402,"CAFI_P073",25
"19754",3043.93483688403,"CAFI_P073",50
"19755",10120.307206884,"CAFI_P073",100
"19756",10193.789126884,"CAFI_P073",25
"19757",10559.397526884,"CAFI_P073",50
"19758",15362.900856884,"CAFI_P073",100
"19759",-10898.673183116,"CAFI_P073",25
"19760",-1562.12851311598,"CAFI_P073",50
"19761",74637.724446884,"CAFI_P073",100
"19762",9076.629166884,"CAFI_P073",25
"19763",13600.425156884,"CAFI_P073",50
"19764",18903.930636884,"CAFI_P073",100
"19765",31503.120936884,"CAFI_P073",25
"19766",3088.818516884,"CAFI_P073",50
"19767",35054.870636884,"CAFI_P073",100
"19768",2922.05294688401,"CAFI_P073",25
"19769",14467.550756884,"CAFI_P073",50
"19770",24214.929976884,"CAFI_P073",100
"19771",-1157.86392311601,"CAFI_P073",25
"19772",31813.645056884,"CAFI_P073",50
"19773",3373.91776688403,"CAFI_P073",100
"19774",-14195.843333116,"CAFI_P073",25
"19775",469.660616884008,"CAFI_P073",50
"19776",6060.09942688403,"CAFI_P073",100
"19777",23509.546506884,"CAFI_P073",25
"19778",6723.257186884,"CAFI_P073",50
"19779",15267.037656884,"CAFI_P073",100
"19780",2162.266986884,"CAFI_P073",25
"19781",2816.88162688399,"CAFI_P073",50
"19782",28487.951886884,"CAFI_P073",100
"19783",16340.084866884,"CAFI_P073",25
"19784",17044.258746884,"CAFI_P073",50
"19785",29020.734966884,"CAFI_P073",100
"19786",8.86598688398954,"CAFI_P073",25
"19787",27452.309286884,"CAFI_P073",50
"19788",50138.435726884,"CAFI_P073",100
"19789",21173.028536884,"CAFI_P073",25
"19790",3129.02880688402,"CAFI_P073",50
"19791",30214.384496884,"CAFI_P073",100
"19792",8618.55841688399,"CAFI_P073",25
"19793",7901.63004688401,"CAFI_P073",50
"19794",17117.034206884,"CAFI_P073",100
"19795",10179.060726884,"CAFI_P073",25
"19796",11939.439906884,"CAFI_P073",50
"19797",1017.97788688401,"CAFI_P073",100
"19798",26511.284296884,"CAFI_P073",25
"19799",1297.66933688399,"CAFI_P073",50
"19800",48255.022056884,"CAFI_P073",100
"19801",10491.761665134,"CAFI_P074",25
"19802",-5625.24737486598,"CAFI_P074",50
"19803",-17724.017564866,"CAFI_P074",100
"19804",-58.3136248659575,"CAFI_P074",25
"19805",-21924.119984866,"CAFI_P074",50
"19806",-18862.037294866,"CAFI_P074",100
"19807",-2369.12745486596,"CAFI_P074",25
"19808",-21835.966784866,"CAFI_P074",50
"19809",-4784.16323486599,"CAFI_P074",100
"19810",-9024.05824486597,"CAFI_P074",25
"19811",-13170.625474866,"CAFI_P074",50
"19812",4537.86018513399,"CAFI_P074",100
"19813",-11485.433874866,"CAFI_P074",25
"19814",22169.320015134,"CAFI_P074",50
"19815",33714.690945134,"CAFI_P074",100
"19816",21250.756895134,"CAFI_P074",25
"19817",16991.837435134,"CAFI_P074",50
"19818",-2945.66642486601,"CAFI_P074",100
"19819",-19265.458414866,"CAFI_P074",25
"19820",-15820.317324866,"CAFI_P074",50
"19821",-10081.788874866,"CAFI_P074",100
"19822",10169.082895134,"CAFI_P074",25
"19823",-3742.098274866,"CAFI_P074",50
"19824",10438.178115134,"CAFI_P074",100
"19825",10870.822225134,"CAFI_P074",25
"19826",27583.847405134,"CAFI_P074",50
"19827",4978.620965134,"CAFI_P074",100
"19828",-9492.53571486595,"CAFI_P074",25
"19829",21892.386675134,"CAFI_P074",50
"19830",21512.633405134,"CAFI_P074",100
"19831",-13365.639154866,"CAFI_P074",25
"19832",31589.389225134,"CAFI_P074",50
"19833",12854.684995134,"CAFI_P074",100
"19834",4381.20317513403,"CAFI_P074",25
"19835",-1408.30947486596,"CAFI_P074",50
"19836",-10418.160204866,"CAFI_P074",100
"19837",-7044.53893486597,"CAFI_P074",25
"19838",-20262.426994866,"CAFI_P074",50
"19839",-9778.65981486597,"CAFI_P074",100
"19840",904.916855134012,"CAFI_P074",25
"19841",13253.230505134,"CAFI_P074",50
"19842",15863.973925134,"CAFI_P074",100
"19843",-7214.93510486599,"CAFI_P074",25
"19844",-10390.462134866,"CAFI_P074",50
"19845",-847.542894865968,"CAFI_P074",100
"19846",-4525.22373486595,"CAFI_P074",25
"19847",-7556.70816486597,"CAFI_P074",50
"19848",-18085.740034866,"CAFI_P074",100
"19849",-8607.16264486598,"CAFI_P074",25
"19850",-10654.700744866,"CAFI_P074",50
"19851",19447.247485134,"CAFI_P074",100
"19852",1614.76840513403,"CAFI_P074",25
"19853",-22731.391844866,"CAFI_P074",50
"19854",-21129.099364866,"CAFI_P074",100
"19855",6703.53703513404,"CAFI_P074",25
"19856",-6996.71816486598,"CAFI_P074",50
"19857",-17105.961704866,"CAFI_P074",100
"19858",3810.09056513401,"CAFI_P074",25
"19859",-11497.404564866,"CAFI_P074",50
"19860",447.865255134006,"CAFI_P074",100
"19861",-12048.842824866,"CAFI_P074",25
"19862",15978.398115134,"CAFI_P074",50
"19863",2198.44388513401,"CAFI_P074",100
"19864",-9204.07187486597,"CAFI_P074",25
"19865",-5887.25292486598,"CAFI_P074",50
"19866",-26388.580434866,"CAFI_P074",100
"19867",2148.44559513405,"CAFI_P074",25
"19868",17390.627715134,"CAFI_P074",50
"19869",-4318.97342486598,"CAFI_P074",100
"19870",-17869.664784866,"CAFI_P074",25
"19871",17799.699835134,"CAFI_P074",50
"19872",-20741.407064866,"CAFI_P074",100
"19873",22729.056775134,"CAFI_P074",25
"19874",5298.04651513405,"CAFI_P074",50
"19875",-16782.748934866,"CAFI_P074",100
"19876",-9395.17048486596,"CAFI_P074",25
"19877",4502.74293513404,"CAFI_P074",50
"19878",5055.19064513402,"CAFI_P074",100
"19879",9052.39441513404,"CAFI_P074",25
"19880",4018.64759513404,"CAFI_P074",50
"19881",13170.323215134,"CAFI_P074",100
"19882",-15430.227804866,"CAFI_P074",25
"19883",9351.08368513401,"CAFI_P074",50
"19884",-9763.21371486597,"CAFI_P074",100
"19885",14071.251675134,"CAFI_P074",25
"19886",3669.26764513401,"CAFI_P074",50
"19887",1999.16728513403,"CAFI_P074",100
"19888",19730.339645134,"CAFI_P074",25
"19889",18702.083775134,"CAFI_P074",50
"19890",27049.604305134,"CAFI_P074",100
"19891",-15040.073044866,"CAFI_P074",25
"19892",10075.250415134,"CAFI_P074",50
"19893",13258.294245134,"CAFI_P074",100
"19894",-9095.73395486595,"CAFI_P074",25
"19895",-3516.93312486599,"CAFI_P074",50
"19896",19126.428215134,"CAFI_P074",100
"19897",4009.12559513404,"CAFI_P074",25
"19898",5838.09283513401,"CAFI_P074",50
"19899",4976.504885134,"CAFI_P074",100
"19900",-9787.15436486597,"CAFI_P074",25
"19901",12845.982515134,"CAFI_P074",50
"19902",15272.245195134,"CAFI_P074",100
"19903",3765.115675134,"CAFI_P074",25
"19904",27689.474555134,"CAFI_P074",50
"19905",-9804.37787486595,"CAFI_P074",100
"19906",10162.635425134,"CAFI_P074",25
"19907",15886.342045134,"CAFI_P074",50
"19908",25437.726625134,"CAFI_P074",100
"19909",-3089.85420486599,"CAFI_P074",25
"19910",-3025.67192486598,"CAFI_P074",50
"19911",-5246.56272486597,"CAFI_P074",100
"19912",6688.48510513402,"CAFI_P074",25
"19913",28179.257775134,"CAFI_P074",50
"19914",-5828.24723486596,"CAFI_P074",100
"19915",6176.75630513404,"CAFI_P074",25
"19916",2279.56945513404,"CAFI_P074",50
"19917",-10269.794144866,"CAFI_P074",100
"19918",-2667.34156486596,"CAFI_P074",25
"19919",-6325.57963486598,"CAFI_P074",50
"19920",-1274.73234486597,"CAFI_P074",100
"19921",7177.044315134,"CAFI_P074",25
"19922",19100.868015134,"CAFI_P074",50
"19923",3027.52067513403,"CAFI_P074",100
"19924",-5062.957794866,"CAFI_P074",25
"19925",3359.72537513403,"CAFI_P074",50
"19926",-6717.97209486598,"CAFI_P074",100
"19927",23585.072395134,"CAFI_P074",25
"19928",-29.2029648659518,"CAFI_P074",50
"19929",30798.436975134,"CAFI_P074",100
"19930",7715.24945513404,"CAFI_P074",25
"19931",-15286.599184866,"CAFI_P074",50
"19932",8349.56318513403,"CAFI_P074",100
"19933",-3943.72065486596,"CAFI_P074",25
"19934",-5421.86643486598,"CAFI_P074",50
"19935",-11045.183954866,"CAFI_P074",100
"19936",-3623.18794486596,"CAFI_P074",25
"19937",-22510.041294866,"CAFI_P074",50
"19938",13948.189605134,"CAFI_P074",100
"19939",-2225.60436486598,"CAFI_P074",25
"19940",1689.15806513402,"CAFI_P074",50
"19941",-1484.13300486596,"CAFI_P074",100
"19942",6012.30192513403,"CAFI_P074",25
"19943",-2462.08235486597,"CAFI_P074",50
"19944",2024.40875513403,"CAFI_P074",100
"19945",7550.55133513402,"CAFI_P074",25
"19946",-10807.622164866,"CAFI_P074",50
"19947",11878.515715134,"CAFI_P074",100
"19948",-316.774464865972,"CAFI_P074",25
"19949",1538.11694513401,"CAFI_P074",50
"19950",-21423.024324866,"CAFI_P074",100
"19951",-4225.412364866,"CAFI_P074",25
"19952",-11009.650004866,"CAFI_P074",50
"19953",-6709.833444866,"CAFI_P074",100
"19954",-20665.941574866,"CAFI_P074",25
"19955",3566.75178513402,"CAFI_P074",50
"19956",5967.03354513401,"CAFI_P074",100
"19957",23124.754995134,"CAFI_P074",25
"19958",-17818.800234866,"CAFI_P074",50
"19959",7817.51263513404,"CAFI_P074",100
"19960",-8460.03907486598,"CAFI_P074",25
"19961",-1679.09688486595,"CAFI_P074",50
"19962",756.141615134024,"CAFI_P074",100
"19963",-6324.77314486599,"CAFI_P074",25
"19964",-9300.01485486596,"CAFI_P074",50
"19965",10222.685735134,"CAFI_P074",100
"19966",-2126.75395486597,"CAFI_P074",25
"19967",-24102.696814866,"CAFI_P074",50
"19968",-29546.033794866,"CAFI_P074",100
"19969",1570.15801513405,"CAFI_P074",25
"19970",1812.74976513401,"CAFI_P074",50
"19971",-11942.333934866,"CAFI_P074",100
"19972",18251.600865134,"CAFI_P074",25
"19973",-4565.342464866,"CAFI_P074",50
"19974",-11449.405174866,"CAFI_P074",100
"19975",7502.25075513404,"CAFI_P074",25
"19976",-11.5149848659639,"CAFI_P074",50
"19977",7134.48323513404,"CAFI_P074",100
"19978",11523.592375134,"CAFI_P074",25
"19979",2549.69414513401,"CAFI_P074",50
"19980",21194.176205134,"CAFI_P074",100
"19981",17789.175185134,"CAFI_P074",25
"19982",-4059.80422486598,"CAFI_P074",50
"19983",16955.773375134,"CAFI_P074",100
"19984",-7744.22435486596,"CAFI_P074",25
"19985",35253.780225134,"CAFI_P074",50
"19986",3391.83979513403,"CAFI_P074",100
"19987",-6726.05649486597,"CAFI_P074",25
"19988",368.265365133993,"CAFI_P074",50
"19989",17742.358555134,"CAFI_P074",100
"19990",-8218.98913486599,"CAFI_P074",25
"19991",11064.317585134,"CAFI_P074",50
"19992",-21412.312134866,"CAFI_P074",100
"19993",4685.09426513402,"CAFI_P074",25
"19994",-6566.27329486597,"CAFI_P074",50
"19995",898.349995133991,"CAFI_P074",100
"19996",10236.365375134,"CAFI_P074",25
"19997",13275.117275134,"CAFI_P074",50
"19998",4326.93626513402,"CAFI_P074",100
"19999",-8068.86007486598,"CAFI_P074",25
"20000",12438.173235134,"CAFI_P074",50
"20001",5409.62742513401,"CAFI_P074",100
"20002",18532.747965134,"CAFI_P074",25
"20003",4417.81664513401,"CAFI_P074",50
"20004",12638.058995134,"CAFI_P074",100
"20005",6219.45252513402,"CAFI_P074",25
"20006",-34220.312394866,"CAFI_P074",50
"20007",-19912.058804866,"CAFI_P074",100
"20008",-5173.09530486597,"CAFI_P074",25
"20009",5656.88463513402,"CAFI_P074",50
"20010",6276.97884513403,"CAFI_P074",100
"20011",19604.502235134,"CAFI_P074",25
"20012",5075.08281513402,"CAFI_P074",50
"20013",23622.296035134,"CAFI_P074",100
"20014",-11126.678394866,"CAFI_P074",25
"20015",-10514.258914866,"CAFI_P074",50
"20016",-12903.242314866,"CAFI_P074",100
"20017",21022.059485134,"CAFI_P074",25
"20018",-2092.56875486596,"CAFI_P074",50
"20019",2468.97927513404,"CAFI_P074",100
"20020",-3001.08025486598,"CAFI_P074",25
"20021",25241.160215134,"CAFI_P074",50
"20022",-13253.867844866,"CAFI_P074",100
"20023",10106.014105134,"CAFI_P074",25
"20024",-21771.381904866,"CAFI_P074",50
"20025",-10650.025014866,"CAFI_P074",100
"20026",13480.760705134,"CAFI_P074",25
"20027",-5515.52033486596,"CAFI_P074",50
"20028",128.728035134031,"CAFI_P074",100
"20029",3901.95999513404,"CAFI_P074",25
"20030",-12666.891494866,"CAFI_P074",50
"20031",-5808.61785486597,"CAFI_P074",100
"20032",2108.62262513401,"CAFI_P074",25
"20033",19358.588295134,"CAFI_P074",50
"20034",-4463.251504866,"CAFI_P074",100
"20035",630.257155133993,"CAFI_P074",25
"20036",-30687.889054866,"CAFI_P074",50
"20037",-3944.14849486598,"CAFI_P074",100
"20038",-8047.08144486597,"CAFI_P074",25
"20039",-3503.835194866,"CAFI_P074",50
"20040",-13112.430844866,"CAFI_P074",100
"20041",2178.11524513405,"CAFI_P074",25
"20042",5595.84501513402,"CAFI_P074",50
"20043",7045.48600513401,"CAFI_P074",100
"20044",-19249.035354866,"CAFI_P074",25
"20045",-11361.648314866,"CAFI_P074",50
"20046",-8969.04339486599,"CAFI_P074",100
"20047",7469.002875134,"CAFI_P074",25
"20048",17506.287355134,"CAFI_P074",50
"20049",-16429.006224866,"CAFI_P074",100
"20050",6032.37397513405,"CAFI_P074",25
"20051",24437.389785134,"CAFI_P074",50
"20052",7866.49698513403,"CAFI_P074",100
"20053",18041.114375134,"CAFI_P074",25
"20054",7251.72461513401,"CAFI_P074",50
"20055",14021.001225134,"CAFI_P074",100
"20056",-8966.07184486598,"CAFI_P074",25
"20057",-6031.65358486597,"CAFI_P074",50
"20058",-22564.542214866,"CAFI_P074",100
"20059",13065.819315134,"CAFI_P074",25
"20060",-6666.73217486596,"CAFI_P074",50
"20061",7350.26396513404,"CAFI_P074",100
"20062",-12279.492144866,"CAFI_P074",25
"20063",2747.71891513403,"CAFI_P074",50
"20064",35281.641845134,"CAFI_P074",100
"20065",1458.53805513401,"CAFI_P074",25
"20066",-6520.54666486598,"CAFI_P074",50
"20067",12875.673625134,"CAFI_P074",100
"20068",-5829.86506486597,"CAFI_P074",25
"20069",-20574.688904866,"CAFI_P074",50
"20070",11158.630065134,"CAFI_P074",100
"20071",6163.03924513404,"CAFI_P074",25
"20072",13947.023155134,"CAFI_P074",50
"20073",-6828.75265486597,"CAFI_P074",100
"20074",3568.14702513401,"CAFI_P074",25
"20075",11424.631255134,"CAFI_P074",50
"20076",6901.48757513403,"CAFI_P074",100
"20077",14739.260855134,"CAFI_P074",25
"20078",9487.99962513399,"CAFI_P074",50
"20079",-15829.431754866,"CAFI_P074",100
"20080",7454.02887513401,"CAFI_P074",25
"20081",-10982.071884866,"CAFI_P074",50
"20082",17690.266345134,"CAFI_P074",100
"20083",-9464.44930486596,"CAFI_P074",25
"20084",1505.24290513404,"CAFI_P074",50
"20085",-27734.785654866,"CAFI_P074",100
"20086",-7095.66413486598,"CAFI_P074",25
"20087",1188.83109513402,"CAFI_P074",50
"20088",30133.548195134,"CAFI_P074",100
"20089",23332.437935134,"CAFI_P074",25
"20090",-19846.303484866,"CAFI_P074",50
"20091",-12454.604754866,"CAFI_P074",100
"20092",-7250.97998486599,"CAFI_P074",25
"20093",15258.342255134,"CAFI_P074",50
"20094",9118.75804513402,"CAFI_P074",100
"20095",-7680.26042486599,"CAFI_P074",25
"20096",-14066.895264866,"CAFI_P074",50
"20097",9017.34079513402,"CAFI_P074",100
"20098",-270.820714865986,"CAFI_P074",25
"20099",8693.85739513399,"CAFI_P074",50
"20100",1971.48802513402,"CAFI_P074",100
"20101",-10430.144389982,"CAFI_P075",25
"20102",41902.271800018,"CAFI_P075",50
"20103",9175.77890001802,"CAFI_P075",100
"20104",42165.264220018,"CAFI_P075",25
"20105",406.822900018014,"CAFI_P075",50
"20106",78372.947120018,"CAFI_P075",100
"20107",56309.790880018,"CAFI_P075",25
"20108",31081.843590018,"CAFI_P075",50
"20109",10956.451240018,"CAFI_P075",100
"20110",10856.090570018,"CAFI_P075",25
"20111",5714.91188001801,"CAFI_P075",50
"20112",60578.189880018,"CAFI_P075",100
"20113",12763.043550018,"CAFI_P075",25
"20114",21316.038390018,"CAFI_P075",50
"20115",51512.342210018,"CAFI_P075",100
"20116",-11049.411629982,"CAFI_P075",25
"20117",22768.976620018,"CAFI_P075",50
"20118",2492.21555001801,"CAFI_P075",100
"20119",16836.342390018,"CAFI_P075",25
"20120",53826.199140018,"CAFI_P075",50
"20121",52342.660880018,"CAFI_P075",100
"20122",2821.72075001802,"CAFI_P075",25
"20123",29126.390550018,"CAFI_P075",50
"20124",31197.395020018,"CAFI_P075",100
"20125",24814.693320018,"CAFI_P075",25
"20126",20467.936960018,"CAFI_P075",50
"20127",102187.410400018,"CAFI_P075",100
"20128",24068.470240018,"CAFI_P075",25
"20129",38455.973960018,"CAFI_P075",50
"20130",52847.609100018,"CAFI_P075",100
"20131",11675.116630018,"CAFI_P075",25
"20132",-12769.835499982,"CAFI_P075",50
"20133",12442.177620018,"CAFI_P075",100
"20134",38549.689560018,"CAFI_P075",25
"20135",33595.268340018,"CAFI_P075",50
"20136",16792.840060018,"CAFI_P075",100
"20137",39271.759260018,"CAFI_P075",25
"20138",45420.815710018,"CAFI_P075",50
"20139",68437.011890018,"CAFI_P075",100
"20140",23504.289520018,"CAFI_P075",25
"20141",21364.643890018,"CAFI_P075",50
"20142",69366.240620018,"CAFI_P075",100
"20143",9251.98779001803,"CAFI_P075",25
"20144",39529.139510018,"CAFI_P075",50
"20145",17248.890780018,"CAFI_P075",100
"20146",7291.64887001802,"CAFI_P075",25
"20147",5137.446660018,"CAFI_P075",50
"20148",97151.979350018,"CAFI_P075",100
"20149",28872.949600018,"CAFI_P075",25
"20150",19189.811070018,"CAFI_P075",50
"20151",42314.091000018,"CAFI_P075",100
"20152",-2278.56621998199,"CAFI_P075",25
"20153",-17431.457419982,"CAFI_P075",50
"20154",52743.970910018,"CAFI_P075",100
"20155",8791.64071001799,"CAFI_P075",25
"20156",39669.896360018,"CAFI_P075",50
"20157",14755.130100018,"CAFI_P075",100
"20158",23571.492270018,"CAFI_P075",25
"20159",53709.773620018,"CAFI_P075",50
"20160",83630.820850018,"CAFI_P075",100
"20161",-12560.974879982,"CAFI_P075",25
"20162",33909.780020018,"CAFI_P075",50
"20163",32757.594540018,"CAFI_P075",100
"20164",2548.20717001799,"CAFI_P075",25
"20165",-21669.841039982,"CAFI_P075",50
"20166",26437.905940018,"CAFI_P075",100
"20167",5038.18720001797,"CAFI_P075",25
"20168",48994.294660018,"CAFI_P075",50
"20169",32188.333560018,"CAFI_P075",100
"20170",-9150.63836998201,"CAFI_P075",25
"20171",18120.958660018,"CAFI_P075",50
"20172",52351.361470018,"CAFI_P075",100
"20173",11367.780610018,"CAFI_P075",25
"20174",-1829.78407998203,"CAFI_P075",50
"20175",52965.865230018,"CAFI_P075",100
"20176",10553.372590018,"CAFI_P075",25
"20177",44721.150190018,"CAFI_P075",50
"20178",50878.545970018,"CAFI_P075",100
"20179",29169.068190018,"CAFI_P075",25
"20180",23961.236720018,"CAFI_P075",50
"20181",19988.026310018,"CAFI_P075",100
"20182",-7984.52892998199,"CAFI_P075",25
"20183",27206.831440018,"CAFI_P075",50
"20184",17439.634890018,"CAFI_P075",100
"20185",-1426.17571998201,"CAFI_P075",25
"20186",-3549.85992998199,"CAFI_P075",50
"20187",55326.603420018,"CAFI_P075",100
"20188",16509.794540018,"CAFI_P075",25
"20189",17312.322040018,"CAFI_P075",50
"20190",30502.771360018,"CAFI_P075",100
"20191",-1655.89547998202,"CAFI_P075",25
"20192",15203.935240018,"CAFI_P075",50
"20193",66162.191370018,"CAFI_P075",100
"20194",8789.90676001803,"CAFI_P075",25
"20195",41133.667840018,"CAFI_P075",50
"20196",31371.172210018,"CAFI_P075",100
"20197",26399.733560018,"CAFI_P075",25
"20198",28989.153020018,"CAFI_P075",50
"20199",83946.607550018,"CAFI_P075",100
"20200",26271.847720018,"CAFI_P075",25
"20201",11306.100070018,"CAFI_P075",50
"20202",92661.266410018,"CAFI_P075",100
"20203",59300.590320018,"CAFI_P075",25
"20204",31267.174470018,"CAFI_P075",50
"20205",13224.942420018,"CAFI_P075",100
"20206",44404.339940018,"CAFI_P075",25
"20207",49376.009050018,"CAFI_P075",50
"20208",68405.409980018,"CAFI_P075",100
"20209",18826.243480018,"CAFI_P075",25
"20210",47495.851210018,"CAFI_P075",50
"20211",70711.882440018,"CAFI_P075",100
"20212",4460.46064001799,"CAFI_P075",25
"20213",36640.195750018,"CAFI_P075",50
"20214",47068.946640018,"CAFI_P075",100
"20215",26338.842310018,"CAFI_P075",25
"20216",64993.469090018,"CAFI_P075",50
"20217",41624.065780018,"CAFI_P075",100
"20218",-14231.896009982,"CAFI_P075",25
"20219",25368.849330018,"CAFI_P075",50
"20220",16488.677840018,"CAFI_P075",100
"20221",24350.545450018,"CAFI_P075",25
"20222",5941.02820001799,"CAFI_P075",50
"20223",95548.303730018,"CAFI_P075",100
"20224",33647.276250018,"CAFI_P075",25
"20225",28857.903500018,"CAFI_P075",50
"20226",20924.680130018,"CAFI_P075",100
"20227",27671.824610018,"CAFI_P075",25
"20228",20091.929700018,"CAFI_P075",50
"20229",17739.531010018,"CAFI_P075",100
"20230",8255.125690018,"CAFI_P075",25
"20231",-3336.18532998202,"CAFI_P075",50
"20232",73867.574270018,"CAFI_P075",100
"20233",30381.817770018,"CAFI_P075",25
"20234",31835.629770018,"CAFI_P075",50
"20235",53255.243310018,"CAFI_P075",100
"20236",4873.67470001802,"CAFI_P075",25
"20237",30621.842570018,"CAFI_P075",50
"20238",14349.774490018,"CAFI_P075",100
"20239",10280.801320018,"CAFI_P075",25
"20240",39941.319480018,"CAFI_P075",50
"20241",130207.026570018,"CAFI_P075",100
"20242",-12658.238989982,"CAFI_P075",25
"20243",67156.452690018,"CAFI_P075",50
"20244",48159.471030018,"CAFI_P075",100
"20245",-11351.480579982,"CAFI_P075",25
"20246",15305.840430018,"CAFI_P075",50
"20247",20495.343870018,"CAFI_P075",100
"20248",38275.377110018,"CAFI_P075",25
"20249",59202.252840018,"CAFI_P075",50
"20250",40729.089710018,"CAFI_P075",100
"20251",6349.21937001799,"CAFI_P075",25
"20252",-737.855829981971,"CAFI_P075",50
"20253",53116.878130018,"CAFI_P075",100
"20254",1558.02946001798,"CAFI_P075",25
"20255",78095.556460018,"CAFI_P075",50
"20256",55861.853100018,"CAFI_P075",100
"20257",-11599.142209982,"CAFI_P075",25
"20258",41366.701980018,"CAFI_P075",50
"20259",25673.163730018,"CAFI_P075",100
"20260",12461.197670018,"CAFI_P075",25
"20261",50502.060100018,"CAFI_P075",50
"20262",67181.797040018,"CAFI_P075",100
"20263",-2932.07283998199,"CAFI_P075",25
"20264",21035.615370018,"CAFI_P075",50
"20265",67341.439110018,"CAFI_P075",100
"20266",228.88305001799,"CAFI_P075",25
"20267",11883.363910018,"CAFI_P075",50
"20268",74638.381540018,"CAFI_P075",100
"20269",23547.049960018,"CAFI_P075",25
"20270",19050.426570018,"CAFI_P075",50
"20271",62454.526830018,"CAFI_P075",100
"20272",-9598.73296998203,"CAFI_P075",25
"20273",42495.935280018,"CAFI_P075",50
"20274",33147.265170018,"CAFI_P075",100
"20275",5177.209540018,"CAFI_P075",25
"20276",4913.51089001802,"CAFI_P075",50
"20277",28934.251640018,"CAFI_P075",100
"20278",-4231.70131998201,"CAFI_P075",25
"20279",9838.742900018,"CAFI_P075",50
"20280",102274.930270018,"CAFI_P075",100
"20281",-4388.96943998197,"CAFI_P075",25
"20282",40667.765190018,"CAFI_P075",50
"20283",94598.907850018,"CAFI_P075",100
"20284",10398.000650018,"CAFI_P075",25
"20285",26842.052810018,"CAFI_P075",50
"20286",21280.399350018,"CAFI_P075",100
"20287",-8057.95464998198,"CAFI_P075",25
"20288",-20580.561569982,"CAFI_P075",50
"20289",22403.687980018,"CAFI_P075",100
"20290",3090.24519001797,"CAFI_P075",25
"20291",9505.25141001801,"CAFI_P075",50
"20292",80685.106830018,"CAFI_P075",100
"20293",516.797830017982,"CAFI_P075",25
"20294",9767.68529001798,"CAFI_P075",50
"20295",30350.607610018,"CAFI_P075",100
"20296",14889.366440018,"CAFI_P075",25
"20297",28354.399130018,"CAFI_P075",50
"20298",95995.620050018,"CAFI_P075",100
"20299",20068.816320018,"CAFI_P075",25
"20300",57912.484920018,"CAFI_P075",50
"20301",27213.727700018,"CAFI_P075",100
"20302",7310.99030001799,"CAFI_P075",25
"20303",40249.657120018,"CAFI_P075",50
"20304",50641.795050018,"CAFI_P075",100
"20305",-617.899799982028,"CAFI_P075",25
"20306",17427.234540018,"CAFI_P075",50
"20307",81616.163080018,"CAFI_P075",100
"20308",16171.307800018,"CAFI_P075",25
"20309",11717.539840018,"CAFI_P075",50
"20310",68337.517780018,"CAFI_P075",100
"20311",-14367.862989982,"CAFI_P075",25
"20312",53274.825650018,"CAFI_P075",50
"20313",11741.094350018,"CAFI_P075",100
"20314",-4852.00275998202,"CAFI_P075",25
"20315",16166.969290018,"CAFI_P075",50
"20316",14409.263350018,"CAFI_P075",100
"20317",-16595.630349982,"CAFI_P075",25
"20318",65329.495690018,"CAFI_P075",50
"20319",89326.164310018,"CAFI_P075",100
"20320",22958.873260018,"CAFI_P075",25
"20321",41426.160120018,"CAFI_P075",50
"20322",74617.959220018,"CAFI_P075",100
"20323",17607.889210018,"CAFI_P075",25
"20324",13528.544040018,"CAFI_P075",50
"20325",59552.313470018,"CAFI_P075",100
"20326",32548.112020018,"CAFI_P075",25
"20327",36839.368250018,"CAFI_P075",50
"20328",22939.359340018,"CAFI_P075",100
"20329",50856.827050018,"CAFI_P075",25
"20330",25627.179790018,"CAFI_P075",50
"20331",22228.780920018,"CAFI_P075",100
"20332",-17896.182569982,"CAFI_P075",25
"20333",31210.375190018,"CAFI_P075",50
"20334",42242.332040018,"CAFI_P075",100
"20335",19182.542200018,"CAFI_P075",25
"20336",-16860.602689982,"CAFI_P075",50
"20337",40042.136630018,"CAFI_P075",100
"20338",25042.616080018,"CAFI_P075",25
"20339",19804.728220018,"CAFI_P075",50
"20340",51407.898350018,"CAFI_P075",100
"20341",-11125.478869982,"CAFI_P075",25
"20342",27369.772900018,"CAFI_P075",50
"20343",14429.053560018,"CAFI_P075",100
"20344",22994.486830018,"CAFI_P075",25
"20345",32819.686610018,"CAFI_P075",50
"20346",32430.376000018,"CAFI_P075",100
"20347",37952.864590018,"CAFI_P075",25
"20348",27336.067940018,"CAFI_P075",50
"20349",12416.767290018,"CAFI_P075",100
"20350",20339.382790018,"CAFI_P075",25
"20351",34735.519220018,"CAFI_P075",50
"20352",8493.51693001803,"CAFI_P075",100
"20353",75629.222840018,"CAFI_P075",25
"20354",51286.458630018,"CAFI_P075",50
"20355",52119.245850018,"CAFI_P075",100
"20356",30300.329590018,"CAFI_P075",25
"20357",24301.329320018,"CAFI_P075",50
"20358",4511.69842001802,"CAFI_P075",100
"20359",2583.76470001799,"CAFI_P075",25
"20360",46034.005800018,"CAFI_P075",50
"20361",40016.597570018,"CAFI_P075",100
"20362",12109.396250018,"CAFI_P075",25
"20363",37871.016470018,"CAFI_P075",50
"20364",40902.431610018,"CAFI_P075",100
"20365",15611.865160018,"CAFI_P075",25
"20366",29850.891320018,"CAFI_P075",50
"20367",36666.088790018,"CAFI_P075",100
"20368",-630.60429998202,"CAFI_P075",25
"20369",47492.375310018,"CAFI_P075",50
"20370",18020.319700018,"CAFI_P075",100
"20371",2201.22939001798,"CAFI_P075",25
"20372",20391.900080018,"CAFI_P075",50
"20373",53126.100020018,"CAFI_P075",100
"20374",-881.918239981984,"CAFI_P075",25
"20375",29826.444630018,"CAFI_P075",50
"20376",25527.420170018,"CAFI_P075",100
"20377",-19297.441559982,"CAFI_P075",25
"20378",32333.716890018,"CAFI_P075",50
"20379",83107.421220018,"CAFI_P075",100
"20380",7417.37246001803,"CAFI_P075",25
"20381",-1506.74446998199,"CAFI_P075",50
"20382",75969.660550018,"CAFI_P075",100
"20383",16394.992820018,"CAFI_P075",25
"20384",46667.258650018,"CAFI_P075",50
"20385",38578.049900018,"CAFI_P075",100
"20386",1752.19840001798,"CAFI_P075",25
"20387",46473.856970018,"CAFI_P075",50
"20388",68574.178720018,"CAFI_P075",100
"20389",-20752.804719982,"CAFI_P075",25
"20390",7504.59105001797,"CAFI_P075",50
"20391",3025.37142001803,"CAFI_P075",100
"20392",15563.722220018,"CAFI_P075",25
"20393",78434.238930018,"CAFI_P075",50
"20394",74668.316730018,"CAFI_P075",100
"20395",15738.208150018,"CAFI_P075",25
"20396",-3380.275109982,"CAFI_P075",50
"20397",7828.70913001802,"CAFI_P075",100
"20398",-13908.325329982,"CAFI_P075",25
"20399",35729.493490018,"CAFI_P075",50
"20400",43742.155270018,"CAFI_P075",100
"20401",-6417.943075291,"CAFI_P077",25
"20402",-4226.189765291,"CAFI_P077",50
"20403",-50875.149585291,"CAFI_P077",100
"20404",-10072.125835291,"CAFI_P077",25
"20405",-22279.676665291,"CAFI_P077",50
"20406",-69476.608735291,"CAFI_P077",100
"20407",-33275.884295291,"CAFI_P077",25
"20408",-3851.102655291,"CAFI_P077",50
"20409",-55287.614755291,"CAFI_P077",100
"20410",-22216.354055291,"CAFI_P077",25
"20411",-18459.077585291,"CAFI_P077",50
"20412",-29211.151325291,"CAFI_P077",100
"20413",2516.669884709,"CAFI_P077",25
"20414",-50938.676365291,"CAFI_P077",50
"20415",-33052.326985291,"CAFI_P077",100
"20416",-3433.39387529102,"CAFI_P077",25
"20417",-44701.589225291,"CAFI_P077",50
"20418",-57760.895065291,"CAFI_P077",100
"20419",-12658.319735291,"CAFI_P077",25
"20420",-18015.549255291,"CAFI_P077",50
"20421",-40545.419185291,"CAFI_P077",100
"20422",-16462.337305291,"CAFI_P077",25
"20423",-33334.011185291,"CAFI_P077",50
"20424",-37759.074315291,"CAFI_P077",100
"20425",-11694.798785291,"CAFI_P077",25
"20426",-27884.415175291,"CAFI_P077",50
"20427",-53655.320435291,"CAFI_P077",100
"20428",-6028.130675291,"CAFI_P077",25
"20429",-32394.909975291,"CAFI_P077",50
"20430",-36239.761215291,"CAFI_P077",100
"20431",-5722.873145291,"CAFI_P077",25
"20432",-23130.562075291,"CAFI_P077",50
"20433",-35995.479775291,"CAFI_P077",100
"20434",-6579.02245529101,"CAFI_P077",25
"20435",-46267.438355291,"CAFI_P077",50
"20436",-40240.545695291,"CAFI_P077",100
"20437",-5485.08489529102,"CAFI_P077",25
"20438",-25259.751835291,"CAFI_P077",50
"20439",-38431.256885291,"CAFI_P077",100
"20440",-7503.62790529101,"CAFI_P077",25
"20441",-14276.107865291,"CAFI_P077",50
"20442",-52760.189975291,"CAFI_P077",100
"20443",1098.39485470898,"CAFI_P077",25
"20444",-33629.242735291,"CAFI_P077",50
"20445",-52139.196675291,"CAFI_P077",100
"20446",-13183.239135291,"CAFI_P077",25
"20447",-22806.503085291,"CAFI_P077",50
"20448",-59259.112225291,"CAFI_P077",100
"20449",-18200.870675291,"CAFI_P077",25
"20450",-34071.307255291,"CAFI_P077",50
"20451",-37377.396495291,"CAFI_P077",100
"20452",-4972.93581529101,"CAFI_P077",25
"20453",-25092.858595291,"CAFI_P077",50
"20454",-59289.888555291,"CAFI_P077",100
"20455",-1553.90594529102,"CAFI_P077",25
"20456",-20637.038585291,"CAFI_P077",50
"20457",-47168.739205291,"CAFI_P077",100
"20458",-22659.730815291,"CAFI_P077",25
"20459",-27427.255705291,"CAFI_P077",50
"20460",-36216.587405291,"CAFI_P077",100
"20461",-6963.74941529101,"CAFI_P077",25
"20462",-13567.836955291,"CAFI_P077",50
"20463",-26541.029045291,"CAFI_P077",100
"20464",-21879.337675291,"CAFI_P077",25
"20465",-12077.977215291,"CAFI_P077",50
"20466",-53312.006165291,"CAFI_P077",100
"20467",-7339.950895291,"CAFI_P077",25
"20468",-23395.331545291,"CAFI_P077",50
"20469",-30688.980655291,"CAFI_P077",100
"20470",-29214.105865291,"CAFI_P077",25
"20471",-35940.977255291,"CAFI_P077",50
"20472",-48285.844385291,"CAFI_P077",100
"20473",-20478.602335291,"CAFI_P077",25
"20474",22701.428414709,"CAFI_P077",50
"20475",-44663.806025291,"CAFI_P077",100
"20476",6703.64792470899,"CAFI_P077",25
"20477",-7899.718585291,"CAFI_P077",50
"20478",-10352.978955291,"CAFI_P077",100
"20479",3600.65099470899,"CAFI_P077",25
"20480",-25209.047695291,"CAFI_P077",50
"20481",-51178.825585291,"CAFI_P077",100
"20482",-2550.745145291,"CAFI_P077",25
"20483",-27910.970115291,"CAFI_P077",50
"20484",-44490.403245291,"CAFI_P077",100
"20485",-2375.57077529101,"CAFI_P077",25
"20486",-34989.976875291,"CAFI_P077",50
"20487",-33982.796785291,"CAFI_P077",100
"20488",-8763.70049529101,"CAFI_P077",25
"20489",-17401.894645291,"CAFI_P077",50
"20490",-49199.266065291,"CAFI_P077",100
"20491",-14637.099455291,"CAFI_P077",25
"20492",-33989.866765291,"CAFI_P077",50
"20493",-22470.754065291,"CAFI_P077",100
"20494",-20135.586165291,"CAFI_P077",25
"20495",-33386.901005291,"CAFI_P077",50
"20496",-35424.706925291,"CAFI_P077",100
"20497",-29267.279785291,"CAFI_P077",25
"20498",-2204.80880529102,"CAFI_P077",50
"20499",-51860.246815291,"CAFI_P077",100
"20500",-28456.602155291,"CAFI_P077",25
"20501",-39311.819605291,"CAFI_P077",50
"20502",-34117.966355291,"CAFI_P077",100
"20503",-9576.57374529101,"CAFI_P077",25
"20504",-18154.989085291,"CAFI_P077",50
"20505",-47129.075225291,"CAFI_P077",100
"20506",1900.55313470899,"CAFI_P077",25
"20507",-10780.139995291,"CAFI_P077",50
"20508",-34588.969645291,"CAFI_P077",100
"20509",-18518.012315291,"CAFI_P077",25
"20510",-23859.449395291,"CAFI_P077",50
"20511",-38678.005015291,"CAFI_P077",100
"20512",-25671.820465291,"CAFI_P077",25
"20513",-13293.402065291,"CAFI_P077",50
"20514",-33061.989715291,"CAFI_P077",100
"20515",-12690.523355291,"CAFI_P077",25
"20516",-31698.420665291,"CAFI_P077",50
"20517",-49504.230665291,"CAFI_P077",100
"20518",-13776.876415291,"CAFI_P077",25
"20519",-29280.153635291,"CAFI_P077",50
"20520",-42054.285935291,"CAFI_P077",100
"20521",-22016.718765291,"CAFI_P077",25
"20522",-19043.227675291,"CAFI_P077",50
"20523",-42285.324975291,"CAFI_P077",100
"20524",-8493.500675291,"CAFI_P077",25
"20525",-14797.782775291,"CAFI_P077",50
"20526",-67572.666495291,"CAFI_P077",100
"20527",-9265.768835291,"CAFI_P077",25
"20528",-39913.128775291,"CAFI_P077",50
"20529",-50308.527225291,"CAFI_P077",100
"20530",-13985.751825291,"CAFI_P077",25
"20531",-23950.032915291,"CAFI_P077",50
"20532",-40537.833855291,"CAFI_P077",100
"20533",-21686.438465291,"CAFI_P077",25
"20534",-26576.382275291,"CAFI_P077",50
"20535",-44839.301985291,"CAFI_P077",100
"20536",1393.121064709,"CAFI_P077",25
"20537",-32091.002075291,"CAFI_P077",50
"20538",-54120.061225291,"CAFI_P077",100
"20539",7638.61419470899,"CAFI_P077",25
"20540",-32516.522835291,"CAFI_P077",50
"20541",-46421.099855291,"CAFI_P077",100
"20542",-14778.477765291,"CAFI_P077",25
"20543",-11455.216035291,"CAFI_P077",50
"20544",-44203.500535291,"CAFI_P077",100
"20545",-6208.54777529099,"CAFI_P077",25
"20546",-16693.549805291,"CAFI_P077",50
"20547",-49260.669925291,"CAFI_P077",100
"20548",-5919.83878529101,"CAFI_P077",25
"20549",-7072.69999529101,"CAFI_P077",50
"20550",-51452.464885291,"CAFI_P077",100
"20551",-1545.98020529101,"CAFI_P077",25
"20552",-16196.823075291,"CAFI_P077",50
"20553",-51287.731165291,"CAFI_P077",100
"20554",4510.33492470899,"CAFI_P077",25
"20555",-27858.503095291,"CAFI_P077",50
"20556",-50994.020865291,"CAFI_P077",100
"20557",-14785.640225291,"CAFI_P077",25
"20558",-9740.80544529101,"CAFI_P077",50
"20559",-45473.385665291,"CAFI_P077",100
"20560",-9327.33419529101,"CAFI_P077",25
"20561",-42473.785525291,"CAFI_P077",50
"20562",-37479.164255291,"CAFI_P077",100
"20563",-18446.041665291,"CAFI_P077",25
"20564",-32686.193345291,"CAFI_P077",50
"20565",-64235.866015291,"CAFI_P077",100
"20566",-8317.610005291,"CAFI_P077",25
"20567",-33597.165485291,"CAFI_P077",50
"20568",-24847.278435291,"CAFI_P077",100
"20569",-5789.010575291,"CAFI_P077",25
"20570",-24297.445475291,"CAFI_P077",50
"20571",-41653.345425291,"CAFI_P077",100
"20572",-12500.035845291,"CAFI_P077",25
"20573",-11470.591905291,"CAFI_P077",50
"20574",-49877.685815291,"CAFI_P077",100
"20575",-1458.780545291,"CAFI_P077",25
"20576",-19341.636305291,"CAFI_P077",50
"20577",-47439.149385291,"CAFI_P077",100
"20578",-13610.920825291,"CAFI_P077",25
"20579",1852.820764709,"CAFI_P077",50
"20580",-45030.493485291,"CAFI_P077",100
"20581",-1296.553005291,"CAFI_P077",25
"20582",-24458.624645291,"CAFI_P077",50
"20583",-48181.081495291,"CAFI_P077",100
"20584",-9172.21463529099,"CAFI_P077",25
"20585",-18669.030385291,"CAFI_P077",50
"20586",-52456.638425291,"CAFI_P077",100
"20587",-6461.91188529102,"CAFI_P077",25
"20588",-23849.525265291,"CAFI_P077",50
"20589",-55456.297665291,"CAFI_P077",100
"20590",7023.87253470899,"CAFI_P077",25
"20591",-33317.281675291,"CAFI_P077",50
"20592",-57369.932735291,"CAFI_P077",100
"20593",5126.441754709,"CAFI_P077",25
"20594",-21306.506715291,"CAFI_P077",50
"20595",-43994.991315291,"CAFI_P077",100
"20596",-21638.009075291,"CAFI_P077",25
"20597",-36669.416825291,"CAFI_P077",50
"20598",-42508.665845291,"CAFI_P077",100
"20599",-16311.369425291,"CAFI_P077",25
"20600",-16574.840185291,"CAFI_P077",50
"20601",-41919.169985291,"CAFI_P077",100
"20602",-29272.420135291,"CAFI_P077",25
"20603",-16856.313785291,"CAFI_P077",50
"20604",-49662.902615291,"CAFI_P077",100
"20605",-6556.387275291,"CAFI_P077",25
"20606",-13525.107685291,"CAFI_P077",50
"20607",-34910.147955291,"CAFI_P077",100
"20608",-17203.886285291,"CAFI_P077",25
"20609",-20377.589745291,"CAFI_P077",50
"20610",-43986.955645291,"CAFI_P077",100
"20611",-21278.547245291,"CAFI_P077",25
"20612",-11963.805745291,"CAFI_P077",50
"20613",-36731.658715291,"CAFI_P077",100
"20614",-12133.817095291,"CAFI_P077",25
"20615",-43103.679285291,"CAFI_P077",50
"20616",-52114.376555291,"CAFI_P077",100
"20617",-12408.204525291,"CAFI_P077",25
"20618",48.1232347089972,"CAFI_P077",50
"20619",-55545.666595291,"CAFI_P077",100
"20620",-15778.166425291,"CAFI_P077",25
"20621",-12945.831115291,"CAFI_P077",50
"20622",-60745.190295291,"CAFI_P077",100
"20623",-1587.24771529101,"CAFI_P077",25
"20624",-11801.302765291,"CAFI_P077",50
"20625",-19920.607925291,"CAFI_P077",100
"20626",-1571.568125291,"CAFI_P077",25
"20627",-11885.043065291,"CAFI_P077",50
"20628",-55221.128165291,"CAFI_P077",100
"20629",-9976.76605529099,"CAFI_P077",25
"20630",-22226.389965291,"CAFI_P077",50
"20631",-61132.687475291,"CAFI_P077",100
"20632",-15679.080565291,"CAFI_P077",25
"20633",-5158.236075291,"CAFI_P077",50
"20634",-60609.302745291,"CAFI_P077",100
"20635",-19362.166735291,"CAFI_P077",25
"20636",-35272.270535291,"CAFI_P077",50
"20637",-38081.945805291,"CAFI_P077",100
"20638",-33443.468695291,"CAFI_P077",25
"20639",-18005.953275291,"CAFI_P077",50
"20640",-41688.937515291,"CAFI_P077",100
"20641",-16883.645625291,"CAFI_P077",25
"20642",-30854.081095291,"CAFI_P077",50
"20643",-48619.277185291,"CAFI_P077",100
"20644",-5888.60554529101,"CAFI_P077",25
"20645",-3090.265945291,"CAFI_P077",50
"20646",-47902.949755291,"CAFI_P077",100
"20647",-15111.543145291,"CAFI_P077",25
"20648",-8681.092835291,"CAFI_P077",50
"20649",-22288.777815291,"CAFI_P077",100
"20650",-4699.85691529099,"CAFI_P077",25
"20651",-27369.185885291,"CAFI_P077",50
"20652",-44161.682325291,"CAFI_P077",100
"20653",-17101.064715291,"CAFI_P077",25
"20654",-45503.160705291,"CAFI_P077",50
"20655",-46725.454225291,"CAFI_P077",100
"20656",224.997084709001,"CAFI_P077",25
"20657",-20047.642175291,"CAFI_P077",50
"20658",-45672.754265291,"CAFI_P077",100
"20659",-25568.399745291,"CAFI_P077",25
"20660",-38403.297525291,"CAFI_P077",50
"20661",-60816.836605291,"CAFI_P077",100
"20662",-1902.90660529101,"CAFI_P077",25
"20663",-19896.512545291,"CAFI_P077",50
"20664",-31555.595525291,"CAFI_P077",100
"20665",-9909.237045291,"CAFI_P077",25
"20666",-12137.551955291,"CAFI_P077",50
"20667",-34209.479325291,"CAFI_P077",100
"20668",-19833.718545291,"CAFI_P077",25
"20669",-40362.509765291,"CAFI_P077",50
"20670",-50309.684755291,"CAFI_P077",100
"20671",-8749.00436529101,"CAFI_P077",25
"20672",-20380.373655291,"CAFI_P077",50
"20673",-46709.161365291,"CAFI_P077",100
"20674",-313.463865291007,"CAFI_P077",25
"20675",1666.296764709,"CAFI_P077",50
"20676",-39959.052555291,"CAFI_P077",100
"20677",-2296.91141529102,"CAFI_P077",25
"20678",-23317.990395291,"CAFI_P077",50
"20679",-34007.222995291,"CAFI_P077",100
"20680",-4548.512245291,"CAFI_P077",25
"20681",-38464.929265291,"CAFI_P077",50
"20682",-36521.717845291,"CAFI_P077",100
"20683",-18933.121565291,"CAFI_P077",25
"20684",-17645.944745291,"CAFI_P077",50
"20685",-38057.154575291,"CAFI_P077",100
"20686",-12223.570105291,"CAFI_P077",25
"20687",-11565.493635291,"CAFI_P077",50
"20688",-47137.275135291,"CAFI_P077",100
"20689",-11498.977285291,"CAFI_P077",25
"20690",-30642.769675291,"CAFI_P077",50
"20691",-47592.322525291,"CAFI_P077",100
"20692",-7276.237515291,"CAFI_P077",25
"20693",-6046.19011529101,"CAFI_P077",50
"20694",-39063.427405291,"CAFI_P077",100
"20695",-1051.702375291,"CAFI_P077",25
"20696",-33285.436875291,"CAFI_P077",50
"20697",-40937.374785291,"CAFI_P077",100
"20698",-12374.924235291,"CAFI_P077",25
"20699",-16486.869695291,"CAFI_P077",50
"20700",-36131.575825291,"CAFI_P077",100
"20701",4317.79916249198,"CAFI_P078",25
"20702",412.675502491998,"CAFI_P078",50
"20703",16751.543032492,"CAFI_P078",100
"20704",-6625.079167508,"CAFI_P078",25
"20705",9720.59630249202,"CAFI_P078",50
"20706",-11251.110387508,"CAFI_P078",100
"20707",11541.435562492,"CAFI_P078",25
"20708",-9670.95626750801,"CAFI_P078",50
"20709",1697.180532492,"CAFI_P078",100
"20710",-14807.234017508,"CAFI_P078",25
"20711",-14887.236527508,"CAFI_P078",50
"20712",28429.811652492,"CAFI_P078",100
"20713",-11103.056737508,"CAFI_P078",25
"20714",-10831.913427508,"CAFI_P078",50
"20715",-6577.52424750803,"CAFI_P078",100
"20716",23798.912582492,"CAFI_P078",25
"20717",9190.36123249197,"CAFI_P078",50
"20718",-16857.177197508,"CAFI_P078",100
"20719",6430.61851249199,"CAFI_P078",25
"20720",-11397.526837508,"CAFI_P078",50
"20721",-9487.55881750802,"CAFI_P078",100
"20722",15563.106842492,"CAFI_P078",25
"20723",-4910.19088750798,"CAFI_P078",50
"20724",31209.365412492,"CAFI_P078",100
"20725",7592.49372249201,"CAFI_P078",25
"20726",6495.00333249196,"CAFI_P078",50
"20727",-10156.120777508,"CAFI_P078",100
"20728",11348.574952492,"CAFI_P078",25
"20729",31206.749232492,"CAFI_P078",50
"20730",17777.794832492,"CAFI_P078",100
"20731",-1982.66424750799,"CAFI_P078",25
"20732",16749.738612492,"CAFI_P078",50
"20733",8051.64881249197,"CAFI_P078",100
"20734",17041.848712492,"CAFI_P078",25
"20735",-21849.637617508,"CAFI_P078",50
"20736",-1988.91059750802,"CAFI_P078",100
"20737",13546.373762492,"CAFI_P078",25
"20738",7343.38754249201,"CAFI_P078",50
"20739",-12144.343167508,"CAFI_P078",100
"20740",-5112.05614750803,"CAFI_P078",25
"20741",9824.72470249201,"CAFI_P078",50
"20742",-484.305877508014,"CAFI_P078",100
"20743",-14893.811597508,"CAFI_P078",25
"20744",-7834.75033750798,"CAFI_P078",50
"20745",10683.518962492,"CAFI_P078",100
"20746",-21273.634167508,"CAFI_P078",25
"20747",-2346.27937750804,"CAFI_P078",50
"20748",26657.402232492,"CAFI_P078",100
"20749",-2727.38865750801,"CAFI_P078",25
"20750",-11551.231427508,"CAFI_P078",50
"20751",21615.226602492,"CAFI_P078",100
"20752",952.781222491991,"CAFI_P078",25
"20753",6941.89453249198,"CAFI_P078",50
"20754",22586.075002492,"CAFI_P078",100
"20755",-6833.238597508,"CAFI_P078",25
"20756",-10985.852977508,"CAFI_P078",50
"20757",4647.80383249198,"CAFI_P078",100
"20758",6435.93789249199,"CAFI_P078",25
"20759",-4447.21376750799,"CAFI_P078",50
"20760",-27359.505637508,"CAFI_P078",100
"20761",10264.107172492,"CAFI_P078",25
"20762",17951.902402492,"CAFI_P078",50
"20763",10984.247952492,"CAFI_P078",100
"20764",-2878.13155750802,"CAFI_P078",25
"20765",5420.35789249197,"CAFI_P078",50
"20766",34392.361392492,"CAFI_P078",100
"20767",32008.263212492,"CAFI_P078",25
"20768",-14805.792997508,"CAFI_P078",50
"20769",-21122.380587508,"CAFI_P078",100
"20770",1978.72160249198,"CAFI_P078",25
"20771",-6291.23140750802,"CAFI_P078",50
"20772",-15027.616237508,"CAFI_P078",100
"20773",-3112.038087508,"CAFI_P078",25
"20774",6986.22074249201,"CAFI_P078",50
"20775",-6260.39391750802,"CAFI_P078",100
"20776",-8540.21538750798,"CAFI_P078",25
"20777",-5511.98623750801,"CAFI_P078",50
"20778",7506.89939249202,"CAFI_P078",100
"20779",10335.266582492,"CAFI_P078",25
"20780",2551.09807249199,"CAFI_P078",50
"20781",-17197.641377508,"CAFI_P078",100
"20782",-20338.655177508,"CAFI_P078",25
"20783",6089.26739249198,"CAFI_P078",50
"20784",-3306.70399750798,"CAFI_P078",100
"20785",8893.78894249198,"CAFI_P078",25
"20786",24910.367192492,"CAFI_P078",50
"20787",120.368192491995,"CAFI_P078",100
"20788",-9865.052397508,"CAFI_P078",25
"20789",-12976.439237508,"CAFI_P078",50
"20790",-796.143827508029,"CAFI_P078",100
"20791",-3614.73066750803,"CAFI_P078",25
"20792",1198.48665249202,"CAFI_P078",50
"20793",37111.012892492,"CAFI_P078",100
"20794",-7623.79170750803,"CAFI_P078",25
"20795",-17895.911727508,"CAFI_P078",50
"20796",-27948.030567508,"CAFI_P078",100
"20797",-14288.892127508,"CAFI_P078",25
"20798",-3623.53122750798,"CAFI_P078",50
"20799",-10353.029187508,"CAFI_P078",100
"20800",-762.845567508019,"CAFI_P078",25
"20801",21968.552082492,"CAFI_P078",50
"20802",-9035.79713750799,"CAFI_P078",100
"20803",8108.42556249199,"CAFI_P078",25
"20804",-2426.96334750799,"CAFI_P078",50
"20805",-7236.878427508,"CAFI_P078",100
"20806",-178.392107508029,"CAFI_P078",25
"20807",5106.01369249198,"CAFI_P078",50
"20808",627.469682491967,"CAFI_P078",100
"20809",38622.156602492,"CAFI_P078",25
"20810",-27754.971527508,"CAFI_P078",50
"20811",15713.995742492,"CAFI_P078",100
"20812",4635.25907249202,"CAFI_P078",25
"20813",-16065.922007508,"CAFI_P078",50
"20814",-11341.945057508,"CAFI_P078",100
"20815",-16209.261397508,"CAFI_P078",25
"20816",15497.781432492,"CAFI_P078",50
"20817",-7981.32839750801,"CAFI_P078",100
"20818",13564.663532492,"CAFI_P078",25
"20819",14617.973402492,"CAFI_P078",50
"20820",15730.161292492,"CAFI_P078",100
"20821",-22255.540177508,"CAFI_P078",25
"20822",4833.19107249199,"CAFI_P078",50
"20823",8240.88657249202,"CAFI_P078",100
"20824",-4000.76103750803,"CAFI_P078",25
"20825",1927.35082249198,"CAFI_P078",50
"20826",5683.16257249197,"CAFI_P078",100
"20827",519.72985249199,"CAFI_P078",25
"20828",-6475.14086750802,"CAFI_P078",50
"20829",4716.39768249198,"CAFI_P078",100
"20830",47.6301424920093,"CAFI_P078",25
"20831",20776.732092492,"CAFI_P078",50
"20832",10576.978932492,"CAFI_P078",100
"20833",-9537.24689750801,"CAFI_P078",25
"20834",-12130.113337508,"CAFI_P078",50
"20835",-1774.189957508,"CAFI_P078",100
"20836",12283.148452492,"CAFI_P078",25
"20837",-4948.25129750802,"CAFI_P078",50
"20838",-12250.739457508,"CAFI_P078",100
"20839",-11474.125707508,"CAFI_P078",25
"20840",-30030.755947508,"CAFI_P078",50
"20841",10835.278632492,"CAFI_P078",100
"20842",4473.82107249199,"CAFI_P078",25
"20843",-30554.166617508,"CAFI_P078",50
"20844",22544.409392492,"CAFI_P078",100
"20845",-2187.519817508,"CAFI_P078",25
"20846",7524.18888249202,"CAFI_P078",50
"20847",-14876.220467508,"CAFI_P078",100
"20848",-13868.622367508,"CAFI_P078",25
"20849",7140.13070249197,"CAFI_P078",50
"20850",24968.064332492,"CAFI_P078",100
"20851",2037.30954249197,"CAFI_P078",25
"20852",20792.739282492,"CAFI_P078",50
"20853",9844.59802249202,"CAFI_P078",100
"20854",4858.76183249202,"CAFI_P078",25
"20855",-10627.544917508,"CAFI_P078",50
"20856",-14684.584257508,"CAFI_P078",100
"20857",7546.18023249198,"CAFI_P078",25
"20858",-7174.41262750799,"CAFI_P078",50
"20859",12990.050802492,"CAFI_P078",100
"20860",6744.72839249199,"CAFI_P078",25
"20861",19111.333822492,"CAFI_P078",50
"20862",-131.930577507999,"CAFI_P078",100
"20863",4955.40306249197,"CAFI_P078",25
"20864",-946.206297508033,"CAFI_P078",50
"20865",-2214.45714750799,"CAFI_P078",100
"20866",11021.198912492,"CAFI_P078",25
"20867",50556.078772492,"CAFI_P078",50
"20868",-2017.32220750803,"CAFI_P078",100
"20869",-20298.287717508,"CAFI_P078",25
"20870",-1362.06195750803,"CAFI_P078",50
"20871",151.876132491976,"CAFI_P078",100
"20872",13636.239892492,"CAFI_P078",25
"20873",19620.002112492,"CAFI_P078",50
"20874",19807.858812492,"CAFI_P078",100
"20875",2098.20402249199,"CAFI_P078",25
"20876",15381.699022492,"CAFI_P078",50
"20877",-11859.034157508,"CAFI_P078",100
"20878",-842.48135750799,"CAFI_P078",25
"20879",-11493.038677508,"CAFI_P078",50
"20880",-14589.639607508,"CAFI_P078",100
"20881",-5690.64925750799,"CAFI_P078",25
"20882",5333.02525249199,"CAFI_P078",50
"20883",-8880.037097508,"CAFI_P078",100
"20884",-843.983397507982,"CAFI_P078",25
"20885",-837.207067508018,"CAFI_P078",50
"20886",5819.66817249201,"CAFI_P078",100
"20887",2623.33164249198,"CAFI_P078",25
"20888",1893.27391249198,"CAFI_P078",50
"20889",-1415.481527508,"CAFI_P078",100
"20890",-4881.37306750799,"CAFI_P078",25
"20891",-12164.913427508,"CAFI_P078",50
"20892",-9329.55890750801,"CAFI_P078",100
"20893",-1796.10027750803,"CAFI_P078",25
"20894",3559.119202492,"CAFI_P078",50
"20895",-22875.962497508,"CAFI_P078",100
"20896",5652.22360249201,"CAFI_P078",25
"20897",-24771.496547508,"CAFI_P078",50
"20898",3652.64449249202,"CAFI_P078",100
"20899",10460.399632492,"CAFI_P078",25
"20900",-14677.774797508,"CAFI_P078",50
"20901",-8350.85054750799,"CAFI_P078",100
"20902",-1042.45009750803,"CAFI_P078",25
"20903",-21772.506557508,"CAFI_P078",50
"20904",-19555.221907508,"CAFI_P078",100
"20905",4834.56178249198,"CAFI_P078",25
"20906",-13138.025387508,"CAFI_P078",50
"20907",-2409.19140750798,"CAFI_P078",100
"20908",-16801.482187508,"CAFI_P078",25
"20909",32524.540962492,"CAFI_P078",50
"20910",17691.643462492,"CAFI_P078",100
"20911",-31.8471475080005,"CAFI_P078",25
"20912",-3781.40902750799,"CAFI_P078",50
"20913",-37615.039677508,"CAFI_P078",100
"20914",-23976.370567508,"CAFI_P078",25
"20915",-6717.10338750802,"CAFI_P078",50
"20916",-8147.96752750798,"CAFI_P078",100
"20917",-638.685017507989,"CAFI_P078",25
"20918",-2853.26761750801,"CAFI_P078",50
"20919",12452.946472492,"CAFI_P078",100
"20920",14069.290872492,"CAFI_P078",25
"20921",-1197.916007508,"CAFI_P078",50
"20922",3316.25659249199,"CAFI_P078",100
"20923",17022.566692492,"CAFI_P078",25
"20924",-4506.42187750799,"CAFI_P078",50
"20925",13610.171382492,"CAFI_P078",100
"20926",10823.670932492,"CAFI_P078",25
"20927",20389.261792492,"CAFI_P078",50
"20928",1373.66477249202,"CAFI_P078",100
"20929",6254.617382492,"CAFI_P078",25
"20930",-2919.04478750803,"CAFI_P078",50
"20931",9576.47909249202,"CAFI_P078",100
"20932",-13271.149057508,"CAFI_P078",25
"20933",4136.96689249197,"CAFI_P078",50
"20934",7126.27949249197,"CAFI_P078",100
"20935",10076.808162492,"CAFI_P078",25
"20936",-17829.568897508,"CAFI_P078",50
"20937",21852.400442492,"CAFI_P078",100
"20938",14399.072162492,"CAFI_P078",25
"20939",-3.94667750800727,"CAFI_P078",50
"20940",862.467982492002,"CAFI_P078",100
"20941",-13310.804957508,"CAFI_P078",25
"20942",6429.84428249201,"CAFI_P078",50
"20943",-5117.968867508,"CAFI_P078",100
"20944",-19640.675667508,"CAFI_P078",25
"20945",-10939.123557508,"CAFI_P078",50
"20946",-40147.453677508,"CAFI_P078",100
"20947",-4995.12889750802,"CAFI_P078",25
"20948",7682.85483249201,"CAFI_P078",50
"20949",12290.935292492,"CAFI_P078",100
"20950",-7514.60107750801,"CAFI_P078",25
"20951",4047.82093249197,"CAFI_P078",50
"20952",-20697.100287508,"CAFI_P078",100
"20953",7601.613782492,"CAFI_P078",25
"20954",-11147.363007508,"CAFI_P078",50
"20955",1922.89515249198,"CAFI_P078",100
"20956",-11545.389657508,"CAFI_P078",25
"20957",-6477.86790750799,"CAFI_P078",50
"20958",-18549.519857508,"CAFI_P078",100
"20959",-4619.96031750803,"CAFI_P078",25
"20960",-142.374447508017,"CAFI_P078",50
"20961",199.820462492004,"CAFI_P078",100
"20962",-1542.36945750803,"CAFI_P078",25
"20963",-394.552357507986,"CAFI_P078",50
"20964",-15430.770267508,"CAFI_P078",100
"20965",11704.191152492,"CAFI_P078",25
"20966",-1174.65167750802,"CAFI_P078",50
"20967",-12553.918737508,"CAFI_P078",100
"20968",6717.43415249197,"CAFI_P078",25
"20969",-16683.608427508,"CAFI_P078",50
"20970",23482.712612492,"CAFI_P078",100
"20971",3363.66831249197,"CAFI_P078",25
"20972",3915.39913249202,"CAFI_P078",50
"20973",-18127.847347508,"CAFI_P078",100
"20974",4388.16312249197,"CAFI_P078",25
"20975",6427.74692249199,"CAFI_P078",50
"20976",-17515.300917508,"CAFI_P078",100
"20977",-11917.472557508,"CAFI_P078",25
"20978",12919.455342492,"CAFI_P078",50
"20979",-6016.65321750799,"CAFI_P078",100
"20980",-16184.207197508,"CAFI_P078",25
"20981",-4874.25268750801,"CAFI_P078",50
"20982",25065.824542492,"CAFI_P078",100
"20983",13997.452012492,"CAFI_P078",25
"20984",1346.575002492,"CAFI_P078",50
"20985",-7938.19373750803,"CAFI_P078",100
"20986",3972.61273249198,"CAFI_P078",25
"20987",-18371.088737508,"CAFI_P078",50
"20988",-16115.869407508,"CAFI_P078",100
"20989",8699.010912492,"CAFI_P078",25
"20990",-31561.810617508,"CAFI_P078",50
"20991",5414.780122492,"CAFI_P078",100
"20992",8510.93403249199,"CAFI_P078",25
"20993",11364.799212492,"CAFI_P078",50
"20994",18020.161582492,"CAFI_P078",100
"20995",-6388.34110750799,"CAFI_P078",25
"20996",-1978.20144750801,"CAFI_P078",50
"20997",22223.220442492,"CAFI_P078",100
"20998",-890.976057508029,"CAFI_P078",25
"20999",-6651.01685750799,"CAFI_P078",50
"21000",-15857.510497508,"CAFI_P078",100
"21001",-15645.634346733,"CAFI_P079",25
"21002",15542.696993267,"CAFI_P079",50
"21003",9387.555723267,"CAFI_P079",100
"21004",14841.915153267,"CAFI_P079",25
"21005",-26023.261046733,"CAFI_P079",50
"21006",36499.694993267,"CAFI_P079",100
"21007",-12461.368146733,"CAFI_P079",25
"21008",1012.00441326699,"CAFI_P079",50
"21009",-3922.90822673301,"CAFI_P079",100
"21010",-2353.28738673302,"CAFI_P079",25
"21011",-9201.15207673301,"CAFI_P079",50
"21012",4757.29721326698,"CAFI_P079",100
"21013",-3766.75694673302,"CAFI_P079",25
"21014",30172.928133267,"CAFI_P079",50
"21015",-16802.436556733,"CAFI_P079",100
"21016",13157.508893267,"CAFI_P079",25
"21017",7505.64066326697,"CAFI_P079",50
"21018",-15063.114436733,"CAFI_P079",100
"21019",14951.462553267,"CAFI_P079",25
"21020",-5721.15081673302,"CAFI_P079",50
"21021",15453.757933267,"CAFI_P079",100
"21022",9219.842653267,"CAFI_P079",25
"21023",-20126.486486733,"CAFI_P079",50
"21024",16676.936923267,"CAFI_P079",100
"21025",2825.923503267,"CAFI_P079",25
"21026",-16551.700826733,"CAFI_P079",50
"21027",-10318.834156733,"CAFI_P079",100
"21028",-4709.49850673301,"CAFI_P079",25
"21029",-19188.790266733,"CAFI_P079",50
"21030",-29631.529566733,"CAFI_P079",100
"21031",-30773.480806733,"CAFI_P079",25
"21032",-9135.72674673301,"CAFI_P079",50
"21033",14106.805103267,"CAFI_P079",100
"21034",6421.21592326698,"CAFI_P079",25
"21035",1282.41212326699,"CAFI_P079",50
"21036",-21306.090226733,"CAFI_P079",100
"21037",27224.457953267,"CAFI_P079",25
"21038",26151.285303267,"CAFI_P079",50
"21039",-10748.988926733,"CAFI_P079",100
"21040",-4545.845346733,"CAFI_P079",25
"21041",2455.12983326698,"CAFI_P079",50
"21042",7326.64210326699,"CAFI_P079",100
"21043",22023.171263267,"CAFI_P079",25
"21044",9449.06330326697,"CAFI_P079",50
"21045",2261.74248326698,"CAFI_P079",100
"21046",-10405.229256733,"CAFI_P079",25
"21047",-14609.788966733,"CAFI_P079",50
"21048",-3506.63467673303,"CAFI_P079",100
"21049",8631.36668326697,"CAFI_P079",25
"21050",-23623.829796733,"CAFI_P079",50
"21051",30651.894183267,"CAFI_P079",100
"21052",-12242.294046733,"CAFI_P079",25
"21053",-8340.008706733,"CAFI_P079",50
"21054",-22408.100076733,"CAFI_P079",100
"21055",-10118.731456733,"CAFI_P079",25
"21056",-22124.522486733,"CAFI_P079",50
"21057",23304.958173267,"CAFI_P079",100
"21058",-12452.866646733,"CAFI_P079",25
"21059",6644.33758326698,"CAFI_P079",50
"21060",2216.83188326698,"CAFI_P079",100
"21061",-5024.63497673301,"CAFI_P079",25
"21062",9441.13060326697,"CAFI_P079",50
"21063",19084.310273267,"CAFI_P079",100
"21064",263.657363266975,"CAFI_P079",25
"21065",-30178.737496733,"CAFI_P079",50
"21066",-2008.796626733,"CAFI_P079",100
"21067",23684.464023267,"CAFI_P079",25
"21068",-1329.24094673301,"CAFI_P079",50
"21069",-17514.388036733,"CAFI_P079",100
"21070",-20793.324646733,"CAFI_P079",25
"21071",22900.727863267,"CAFI_P079",50
"21072",6717.63181326698,"CAFI_P079",100
"21073",-8952.691206733,"CAFI_P079",25
"21074",11170.517673267,"CAFI_P079",50
"21075",-18906.327226733,"CAFI_P079",100
"21076",2667.65707326698,"CAFI_P079",25
"21077",27746.435423267,"CAFI_P079",50
"21078",6257.70431326699,"CAFI_P079",100
"21079",-9187.489526733,"CAFI_P079",25
"21080",-7389.35171673301,"CAFI_P079",50
"21081",-2.77295673300978,"CAFI_P079",100
"21082",-1332.05878673302,"CAFI_P079",25
"21083",-4101.70700673302,"CAFI_P079",50
"21084",-10079.713036733,"CAFI_P079",100
"21085",13244.139353267,"CAFI_P079",25
"21086",1887.49222326698,"CAFI_P079",50
"21087",16797.714063267,"CAFI_P079",100
"21088",-6332.97587673302,"CAFI_P079",25
"21089",-11114.748726733,"CAFI_P079",50
"21090",753.000263266993,"CAFI_P079",100
"21091",-9105.35580673302,"CAFI_P079",25
"21092",5307.79064326698,"CAFI_P079",50
"21093",9353.349693267,"CAFI_P079",100
"21094",-6061.22384673302,"CAFI_P079",25
"21095",7234.520973267,"CAFI_P079",50
"21096",-9904.184296733,"CAFI_P079",100
"21097",-1849.54237673301,"CAFI_P079",25
"21098",-33806.494706733,"CAFI_P079",50
"21099",-198.761216733023,"CAFI_P079",100
"21100",-86.3916867329972,"CAFI_P079",25
"21101",-5245.96417673302,"CAFI_P079",50
"21102",17723.183803267,"CAFI_P079",100
"21103",-23434.252056733,"CAFI_P079",25
"21104",1723.925923267,"CAFI_P079",50
"21105",7764.50478326701,"CAFI_P079",100
"21106",2855.19335326698,"CAFI_P079",25
"21107",13639.056773267,"CAFI_P079",50
"21108",5451.00090326698,"CAFI_P079",100
"21109",6264.625983267,"CAFI_P079",25
"21110",-3272.13407673303,"CAFI_P079",50
"21111",28150.213463267,"CAFI_P079",100
"21112",10460.839453267,"CAFI_P079",25
"21113",17245.933433267,"CAFI_P079",50
"21114",18561.127123267,"CAFI_P079",100
"21115",-7004.70711673301,"CAFI_P079",25
"21116",5731.86552326698,"CAFI_P079",50
"21117",6385.80841326699,"CAFI_P079",100
"21118",12104.716813267,"CAFI_P079",25
"21119",5420.21847326698,"CAFI_P079",50
"21120",16101.677863267,"CAFI_P079",100
"21121",-7093.80084673301,"CAFI_P079",25
"21122",7503.21394326698,"CAFI_P079",50
"21123",39620.376193267,"CAFI_P079",100
"21124",-11603.311796733,"CAFI_P079",25
"21125",-1491.56034673302,"CAFI_P079",50
"21126",20924.441593267,"CAFI_P079",100
"21127",-6831.27657673301,"CAFI_P079",25
"21128",-9034.38033673301,"CAFI_P079",50
"21129",24736.109253267,"CAFI_P079",100
"21130",-10367.205806733,"CAFI_P079",25
"21131",-25620.545626733,"CAFI_P079",50
"21132",-9092.90130673302,"CAFI_P079",100
"21133",2704.863713267,"CAFI_P079",25
"21134",9931.08872326699,"CAFI_P079",50
"21135",31348.922133267,"CAFI_P079",100
"21136",-1406.282976733,"CAFI_P079",25
"21137",3748.52333326699,"CAFI_P079",50
"21138",-16339.483676733,"CAFI_P079",100
"21139",10339.681153267,"CAFI_P079",25
"21140",-5363.16069673302,"CAFI_P079",50
"21141",-5086.767676733,"CAFI_P079",100
"21142",-12287.798146733,"CAFI_P079",25
"21143",-21924.953886733,"CAFI_P079",50
"21144",30746.613963267,"CAFI_P079",100
"21145",9194.44982326697,"CAFI_P079",25
"21146",788.841663266998,"CAFI_P079",50
"21147",25572.215423267,"CAFI_P079",100
"21148",11485.353453267,"CAFI_P079",25
"21149",-5896.16802673301,"CAFI_P079",50
"21150",-7645.13364673301,"CAFI_P079",100
"21151",2661.07275326698,"CAFI_P079",25
"21152",10289.658093267,"CAFI_P079",50
"21153",-19350.710586733,"CAFI_P079",100
"21154",10651.962753267,"CAFI_P079",25
"21155",-1124.61651673302,"CAFI_P079",50
"21156",41610.890053267,"CAFI_P079",100
"21157",-9768.697876733,"CAFI_P079",25
"21158",-16061.898156733,"CAFI_P079",50
"21159",10518.157523267,"CAFI_P079",100
"21160",21018.748753267,"CAFI_P079",25
"21161",-16312.811146733,"CAFI_P079",50
"21162",-1130.604046733,"CAFI_P079",100
"21163",-21452.458666733,"CAFI_P079",25
"21164",10369.353763267,"CAFI_P079",50
"21165",15816.520853267,"CAFI_P079",100
"21166",-36.0906067330216,"CAFI_P079",25
"21167",806.167683266976,"CAFI_P079",50
"21168",-10296.348546733,"CAFI_P079",100
"21169",10810.720753267,"CAFI_P079",25
"21170",6053.214473267,"CAFI_P079",50
"21171",6841.058533267,"CAFI_P079",100
"21172",2306.079643267,"CAFI_P079",25
"21173",-8568.07151673301,"CAFI_P079",50
"21174",-2399.915216733,"CAFI_P079",100
"21175",12347.421823267,"CAFI_P079",25
"21176",12577.660653267,"CAFI_P079",50
"21177",-16493.766576733,"CAFI_P079",100
"21178",-3256.716746733,"CAFI_P079",25
"21179",26387.391793267,"CAFI_P079",50
"21180",-26857.356076733,"CAFI_P079",100
"21181",2727.92541326699,"CAFI_P079",25
"21182",13609.699863267,"CAFI_P079",50
"21183",266.438153266994,"CAFI_P079",100
"21184",31810.120543267,"CAFI_P079",25
"21185",10365.825823267,"CAFI_P079",50
"21186",16741.146423267,"CAFI_P079",100
"21187",28310.498653267,"CAFI_P079",25
"21188",-27401.160396733,"CAFI_P079",50
"21189",-18046.733706733,"CAFI_P079",100
"21190",474.075653266977,"CAFI_P079",25
"21191",-6164.26922673301,"CAFI_P079",50
"21192",3150.90897326698,"CAFI_P079",100
"21193",4122.19264326699,"CAFI_P079",25
"21194",-17226.734196733,"CAFI_P079",50
"21195",24425.910023267,"CAFI_P079",100
"21196",28914.329993267,"CAFI_P079",25
"21197",-14533.951516733,"CAFI_P079",50
"21198",7895.55671326697,"CAFI_P079",100
"21199",-5391.80552673302,"CAFI_P079",25
"21200",-23921.926466733,"CAFI_P079",50
"21201",7965.01681326699,"CAFI_P079",100
"21202",-6127.32075673301,"CAFI_P079",25
"21203",1058.51844326698,"CAFI_P079",50
"21204",-19053.684476733,"CAFI_P079",100
"21205",-4487.110146733,"CAFI_P079",25
"21206",-3993.987256733,"CAFI_P079",50
"21207",-15992.313246733,"CAFI_P079",100
"21208",-5648.68173673301,"CAFI_P079",25
"21209",-17746.037466733,"CAFI_P079",50
"21210",-84.4021667330235,"CAFI_P079",100
"21211",-776.015556733008,"CAFI_P079",25
"21212",-1119.58576673301,"CAFI_P079",50
"21213",-24861.273006733,"CAFI_P079",100
"21214",-1579.10194673302,"CAFI_P079",25
"21215",-15235.372436733,"CAFI_P079",50
"21216",-17752.193166733,"CAFI_P079",100
"21217",1745.768453267,"CAFI_P079",25
"21218",-1885.66624673302,"CAFI_P079",50
"21219",13216.975633267,"CAFI_P079",100
"21220",-1001.52905673301,"CAFI_P079",25
"21221",24675.194643267,"CAFI_P079",50
"21222",-19567.790226733,"CAFI_P079",100
"21223",23115.236153267,"CAFI_P079",25
"21224",-16234.737066733,"CAFI_P079",50
"21225",-1048.36730673301,"CAFI_P079",100
"21226",-4785.056876733,"CAFI_P079",25
"21227",-2124.13199673302,"CAFI_P079",50
"21228",14809.700413267,"CAFI_P079",100
"21229",-7348.757036733,"CAFI_P079",25
"21230",11462.851053267,"CAFI_P079",50
"21231",-9883.07666673302,"CAFI_P079",100
"21232",-18937.082146733,"CAFI_P079",25
"21233",-7042.02393673302,"CAFI_P079",50
"21234",19798.710593267,"CAFI_P079",100
"21235",1493.64396326698,"CAFI_P079",25
"21236",10658.400753267,"CAFI_P079",50
"21237",-12419.120866733,"CAFI_P079",100
"21238",-3047.566096733,"CAFI_P079",25
"21239",15469.779743267,"CAFI_P079",50
"21240",16270.027383267,"CAFI_P079",100
"21241",-21350.371536733,"CAFI_P079",25
"21242",-1753.40959673302,"CAFI_P079",50
"21243",-2911.10716673301,"CAFI_P079",100
"21244",643.995753266994,"CAFI_P079",25
"21245",-1034.77380673302,"CAFI_P079",50
"21246",-40187.597266733,"CAFI_P079",100
"21247",3090.114673267,"CAFI_P079",25
"21248",-6186.566386733,"CAFI_P079",50
"21249",6767.12933326699,"CAFI_P079",100
"21250",-21284.754496733,"CAFI_P079",25
"21251",16641.330993267,"CAFI_P079",50
"21252",12600.230943267,"CAFI_P079",100
"21253",623.687903266982,"CAFI_P079",25
"21254",3388.612093267,"CAFI_P079",50
"21255",-3463.75033673301,"CAFI_P079",100
"21256",-1748.78064673301,"CAFI_P079",25
"21257",-8354.90564673301,"CAFI_P079",50
"21258",-23058.068666733,"CAFI_P079",100
"21259",7044.76653326699,"CAFI_P079",25
"21260",-11605.604046733,"CAFI_P079",50
"21261",7336.26792326701,"CAFI_P079",100
"21262",12049.349993267,"CAFI_P079",25
"21263",19987.020973267,"CAFI_P079",50
"21264",-11079.593306733,"CAFI_P079",100
"21265",-7599.030706733,"CAFI_P079",25
"21266",12789.567193267,"CAFI_P079",50
"21267",26539.150913267,"CAFI_P079",100
"21268",-5040.26305673301,"CAFI_P079",25
"21269",1828.827643267,"CAFI_P079",50
"21270",-6848.423196733,"CAFI_P079",100
"21271",-5896.881106733,"CAFI_P079",25
"21272",-9063.71310673302,"CAFI_P079",50
"21273",16391.923633267,"CAFI_P079",100
"21274",-14031.597486733,"CAFI_P079",25
"21275",47397.921973267,"CAFI_P079",50
"21276",-23719.701846733,"CAFI_P079",100
"21277",-21579.268466733,"CAFI_P079",25
"21278",-17970.150166733,"CAFI_P079",50
"21279",-782.752136733005,"CAFI_P079",100
"21280",2701.54197326698,"CAFI_P079",25
"21281",290.893903266988,"CAFI_P079",50
"21282",-2917.70968673303,"CAFI_P079",100
"21283",-9717.205126733,"CAFI_P079",25
"21284",9473.44956326697,"CAFI_P079",50
"21285",-11498.955086733,"CAFI_P079",100
"21286",-10551.994576733,"CAFI_P079",25
"21287",9454.68146326698,"CAFI_P079",50
"21288",-11486.418526733,"CAFI_P079",100
"21289",-6317.463436733,"CAFI_P079",25
"21290",-1395.288136733,"CAFI_P079",50
"21291",30077.701483267,"CAFI_P079",100
"21292",-3051.197796733,"CAFI_P079",25
"21293",3695.390453267,"CAFI_P079",50
"21294",-10831.868116733,"CAFI_P079",100
"21295",-10877.145826733,"CAFI_P079",25
"21296",-10980.388476733,"CAFI_P079",50
"21297",-180.023436732998,"CAFI_P079",100
"21298",-2645.33299673302,"CAFI_P079",25
"21299",9859.63111326701,"CAFI_P079",50
"21300",-9665.11502673302,"CAFI_P079",100
"21301",-6410.06895074001,"CAFI_P080",25
"21302",-7114.04786074,"CAFI_P080",50
"21303",9780.35514925999,"CAFI_P080",100
"21304",-7402.65236074,"CAFI_P080",25
"21305",-2255.38076074001,"CAFI_P080",50
"21306",-6518.68573074001,"CAFI_P080",100
"21307",-6232.57185074,"CAFI_P080",25
"21308",4629.54282926,"CAFI_P080",50
"21309",-10841.64162074,"CAFI_P080",100
"21310",-3573.89854074,"CAFI_P080",25
"21311",-3722.21043074,"CAFI_P080",50
"21312",-9567.72655074,"CAFI_P080",100
"21313",-5354.02340074,"CAFI_P080",25
"21314",5830.65950925999,"CAFI_P080",50
"21315",-11432.50362074,"CAFI_P080",100
"21316",5555.68519926,"CAFI_P080",25
"21317",-8096.72912074,"CAFI_P080",50
"21318",4859.57698925999,"CAFI_P080",100
"21319",270.813949260002,"CAFI_P080",25
"21320",138.364359259998,"CAFI_P080",50
"21321",5714.53344925999,"CAFI_P080",100
"21322",-3471.75583074,"CAFI_P080",25
"21323",-9487.85642074,"CAFI_P080",50
"21324",-5973.91849074,"CAFI_P080",100
"21325",4413.16816926,"CAFI_P080",25
"21326",2914.59365925999,"CAFI_P080",50
"21327",10934.39510926,"CAFI_P080",100
"21328",1328.84500926,"CAFI_P080",25
"21329",244.518119259999,"CAFI_P080",50
"21330",-6654.42031074001,"CAFI_P080",100
"21331",5112.22700925999,"CAFI_P080",25
"21332",-9430.14486074001,"CAFI_P080",50
"21333",11135.17808926,"CAFI_P080",100
"21334",-5623.65157074001,"CAFI_P080",25
"21335",-1216.21857074001,"CAFI_P080",50
"21336",4713.45244926,"CAFI_P080",100
"21337",-7264.33160074,"CAFI_P080",25
"21338",4425.78025925999,"CAFI_P080",50
"21339",-2512.82093074001,"CAFI_P080",100
"21340",-8101.51591074001,"CAFI_P080",25
"21341",5756.15678926,"CAFI_P080",50
"21342",-3243.31456074001,"CAFI_P080",100
"21343",1037.55267926,"CAFI_P080",25
"21344",231.922939259995,"CAFI_P080",50
"21345",4069.18965926,"CAFI_P080",100
"21346",-5626.98173074001,"CAFI_P080",25
"21347",-5189.06782074001,"CAFI_P080",50
"21348",3201.37278926,"CAFI_P080",100
"21349",-967.453350740005,"CAFI_P080",25
"21350",8081.86323926,"CAFI_P080",50
"21351",-231.007470740005,"CAFI_P080",100
"21352",-510.724840740004,"CAFI_P080",25
"21353",-847.355730740004,"CAFI_P080",50
"21354",13582.19079926,"CAFI_P080",100
"21355",3419.63018926,"CAFI_P080",25
"21356",-2991.72617074,"CAFI_P080",50
"21357",-2849.72802074,"CAFI_P080",100
"21358",901.917039259992,"CAFI_P080",25
"21359",7035.22396926,"CAFI_P080",50
"21360",-594.695320740007,"CAFI_P080",100
"21361",1099.44416925999,"CAFI_P080",25
"21362",-3020.79773074,"CAFI_P080",50
"21363",-8766.69813074,"CAFI_P080",100
"21364",-6013.95298074001,"CAFI_P080",25
"21365",-5463.92443074001,"CAFI_P080",50
"21366",8122.26578926,"CAFI_P080",100
"21367",-3861.93940074,"CAFI_P080",25
"21368",-9220.11130074,"CAFI_P080",50
"21369",2494.88138926,"CAFI_P080",100
"21370",-2708.00912074001,"CAFI_P080",25
"21371",-3975.86822074,"CAFI_P080",50
"21372",-11101.14343074,"CAFI_P080",100
"21373",2892.87088926,"CAFI_P080",25
"21374",2331.39420925999,"CAFI_P080",50
"21375",-2519.86990074,"CAFI_P080",100
"21376",-1171.25481074001,"CAFI_P080",25
"21377",24.5916492599936,"CAFI_P080",50
"21378",3802.36062926,"CAFI_P080",100
"21379",4944.92137925999,"CAFI_P080",25
"21380",264.668219259998,"CAFI_P080",50
"21381",-5358.50925074,"CAFI_P080",100
"21382",-8982.66019074,"CAFI_P080",25
"21383",4876.09413925999,"CAFI_P080",50
"21384",4327.62814926,"CAFI_P080",100
"21385",2021.45373926,"CAFI_P080",25
"21386",-6990.05084074,"CAFI_P080",50
"21387",967.703889259996,"CAFI_P080",100
"21388",-579.709860739997,"CAFI_P080",25
"21389",-7123.12327074,"CAFI_P080",50
"21390",-11493.94012074,"CAFI_P080",100
"21391",2761.10807926,"CAFI_P080",25
"21392",3922.84528926,"CAFI_P080",50
"21393",-3239.90760074,"CAFI_P080",100
"21394",-1026.09928074,"CAFI_P080",25
"21395",-638.633710740003,"CAFI_P080",50
"21396",-1926.10909074001,"CAFI_P080",100
"21397",-3328.39706074,"CAFI_P080",25
"21398",-8268.39086074001,"CAFI_P080",50
"21399",2310.28801926,"CAFI_P080",100
"21400",7891.76766925999,"CAFI_P080",25
"21401",-3989.31158074,"CAFI_P080",50
"21402",-7117.58656074,"CAFI_P080",100
"21403",-17.6025107400055,"CAFI_P080",25
"21404",-166.400270740007,"CAFI_P080",50
"21405",-6800.33694074,"CAFI_P080",100
"21406",-1144.10960074,"CAFI_P080",25
"21407",-1710.29233074001,"CAFI_P080",50
"21408",-599.516730739997,"CAFI_P080",100
"21409",3001.39666925999,"CAFI_P080",25
"21410",1203.67737926,"CAFI_P080",50
"21411",-20451.40061074,"CAFI_P080",100
"21412",3742.01159925999,"CAFI_P080",25
"21413",4286.85367925999,"CAFI_P080",50
"21414",4526.61500926,"CAFI_P080",100
"21415",-5080.27300074001,"CAFI_P080",25
"21416",-2816.80237074,"CAFI_P080",50
"21417",-4029.47808074001,"CAFI_P080",100
"21418",-2844.40108074,"CAFI_P080",25
"21419",-2805.84368074,"CAFI_P080",50
"21420",-10405.81709074,"CAFI_P080",100
"21421",-3975.82264074001,"CAFI_P080",25
"21422",-3332.80850074001,"CAFI_P080",50
"21423",-7609.99443074,"CAFI_P080",100
"21424",-2284.11079074,"CAFI_P080",25
"21425",-8206.44598074,"CAFI_P080",50
"21426",3362.56658925999,"CAFI_P080",100
"21427",-2657.57489074,"CAFI_P080",25
"21428",-6486.83899074,"CAFI_P080",50
"21429",4293.33449926,"CAFI_P080",100
"21430",2570.08366926,"CAFI_P080",25
"21431",-1149.39628074001,"CAFI_P080",50
"21432",-7331.64458074,"CAFI_P080",100
"21433",5292.85169925999,"CAFI_P080",25
"21434",11147.98695926,"CAFI_P080",50
"21435",-1901.22544074,"CAFI_P080",100
"21436",-5375.56063074,"CAFI_P080",25
"21437",-9400.50066074,"CAFI_P080",50
"21438",-3680.38000074,"CAFI_P080",100
"21439",2282.03914926,"CAFI_P080",25
"21440",8217.12905926,"CAFI_P080",50
"21441",-11870.01725074,"CAFI_P080",100
"21442",-5247.06364074,"CAFI_P080",25
"21443",-11627.37485074,"CAFI_P080",50
"21444",-1377.70153074,"CAFI_P080",100
"21445",4910.72654926,"CAFI_P080",25
"21446",-276.21288074,"CAFI_P080",50
"21447",-15358.88129074,"CAFI_P080",100
"21448",-2628.46826074,"CAFI_P080",25
"21449",100.439709259997,"CAFI_P080",50
"21450",-3280.96169074,"CAFI_P080",100
"21451",-130.132370740001,"CAFI_P080",25
"21452",2024.68339926,"CAFI_P080",50
"21453",-9118.15136074,"CAFI_P080",100
"21454",-113.89062074,"CAFI_P080",25
"21455",-1786.36030074001,"CAFI_P080",50
"21456",7993.99704926,"CAFI_P080",100
"21457",3242.58569926,"CAFI_P080",25
"21458",3712.56883926,"CAFI_P080",50
"21459",-1926.81880074,"CAFI_P080",100
"21460",-5679.52153074001,"CAFI_P080",25
"21461",-12622.24644074,"CAFI_P080",50
"21462",-3927.00322074001,"CAFI_P080",100
"21463",-1051.30833074001,"CAFI_P080",25
"21464",-4457.87111074,"CAFI_P080",50
"21465",-9560.91701074,"CAFI_P080",100
"21466",2632.11610925999,"CAFI_P080",25
"21467",-8631.22156074,"CAFI_P080",50
"21468",3735.44954926,"CAFI_P080",100
"21469",-3498.46409074,"CAFI_P080",25
"21470",-886.770280740006,"CAFI_P080",50
"21471",-13608.49959074,"CAFI_P080",100
"21472",-1043.25002074,"CAFI_P080",25
"21473",519.104379259996,"CAFI_P080",50
"21474",-6881.27935074001,"CAFI_P080",100
"21475",3044.18761926,"CAFI_P080",25
"21476",7112.84101926,"CAFI_P080",50
"21477",-1790.27290074,"CAFI_P080",100
"21478",-1610.64188074,"CAFI_P080",25
"21479",1801.60912926,"CAFI_P080",50
"21480",1876.51097926,"CAFI_P080",100
"21481",3849.86218925999,"CAFI_P080",25
"21482",2783.61317925999,"CAFI_P080",50
"21483",-5290.93074074,"CAFI_P080",100
"21484",-400.882580739999,"CAFI_P080",25
"21485",6801.66797925999,"CAFI_P080",50
"21486",-3307.99385074001,"CAFI_P080",100
"21487",-3734.36595074,"CAFI_P080",25
"21488",-11372.23146074,"CAFI_P080",50
"21489",-4616.88306074,"CAFI_P080",100
"21490",-6976.83290074,"CAFI_P080",25
"21491",-171.556950740007,"CAFI_P080",50
"21492",-12390.19181074,"CAFI_P080",100
"21493",-3311.43619074,"CAFI_P080",25
"21494",5775.82770926,"CAFI_P080",50
"21495",-10804.09060074,"CAFI_P080",100
"21496",3002.26812926,"CAFI_P080",25
"21497",-9060.26269074,"CAFI_P080",50
"21498",4069.51117925999,"CAFI_P080",100
"21499",-8430.24180074,"CAFI_P080",25
"21500",23.2458392599947,"CAFI_P080",50
"21501",-9812.69823074,"CAFI_P080",100
"21502",2695.34231926,"CAFI_P080",25
"21503",3724.86465926,"CAFI_P080",50
"21504",2440.82622926,"CAFI_P080",100
"21505",65.4563492599991,"CAFI_P080",25
"21506",-181.960130740001,"CAFI_P080",50
"21507",-9594.52008074,"CAFI_P080",100
"21508",8775.54729926,"CAFI_P080",25
"21509",-2191.53310074001,"CAFI_P080",50
"21510",5663.60713926,"CAFI_P080",100
"21511",-2981.05566074001,"CAFI_P080",25
"21512",-5469.17410074,"CAFI_P080",50
"21513",-10454.07286074,"CAFI_P080",100
"21514",-3491.32529074,"CAFI_P080",25
"21515",-3195.18011074001,"CAFI_P080",50
"21516",-781.542980740007,"CAFI_P080",100
"21517",-8358.48733074,"CAFI_P080",25
"21518",-7451.39597074001,"CAFI_P080",50
"21519",-1299.54063074,"CAFI_P080",100
"21520",-10682.77562074,"CAFI_P080",25
"21521",3938.90756926,"CAFI_P080",50
"21522",6637.40152925999,"CAFI_P080",100
"21523",7882.96511926,"CAFI_P080",25
"21524",5447.43190925999,"CAFI_P080",50
"21525",2248.84440926,"CAFI_P080",100
"21526",-3448.23379074001,"CAFI_P080",25
"21527",3652.53282926,"CAFI_P080",50
"21528",-3088.58497074,"CAFI_P080",100
"21529",-1259.94785074001,"CAFI_P080",25
"21530",2728.67085925999,"CAFI_P080",50
"21531",-10795.64014074,"CAFI_P080",100
"21532",600.963009259998,"CAFI_P080",25
"21533",1841.50044926,"CAFI_P080",50
"21534",2295.19009926,"CAFI_P080",100
"21535",-587.530630740002,"CAFI_P080",25
"21536",-6353.90691074,"CAFI_P080",50
"21537",-11321.50456074,"CAFI_P080",100
"21538",-3949.23811074,"CAFI_P080",25
"21539",-4974.61189074001,"CAFI_P080",50
"21540",1628.46988926,"CAFI_P080",100
"21541",-8986.63073074,"CAFI_P080",25
"21542",-1545.56328074001,"CAFI_P080",50
"21543",-5851.03092074,"CAFI_P080",100
"21544",-12567.41146074,"CAFI_P080",25
"21545",-65.2112507400016,"CAFI_P080",50
"21546",3295.24403926,"CAFI_P080",100
"21547",-1789.58494074001,"CAFI_P080",25
"21548",1197.78475926,"CAFI_P080",50
"21549",-4681.30785074001,"CAFI_P080",100
"21550",-3081.13250074,"CAFI_P080",25
"21551",-2357.38902074001,"CAFI_P080",50
"21552",-2574.29006074001,"CAFI_P080",100
"21553",-1113.04199074001,"CAFI_P080",25
"21554",3977.36579925999,"CAFI_P080",50
"21555",663.39582926,"CAFI_P080",100
"21556",-4613.56973074,"CAFI_P080",25
"21557",834.136949259992,"CAFI_P080",50
"21558",-7938.44581074,"CAFI_P080",100
"21559",-1805.77621074,"CAFI_P080",25
"21560",1144.38802925999,"CAFI_P080",50
"21561",-1457.38269074001,"CAFI_P080",100
"21562",-5168.23540074,"CAFI_P080",25
"21563",-5035.77577074,"CAFI_P080",50
"21564",-1197.75098074001,"CAFI_P080",100
"21565",-1685.72356074001,"CAFI_P080",25
"21566",2652.53010926,"CAFI_P080",50
"21567",-5102.94129074,"CAFI_P080",100
"21568",4114.30860926,"CAFI_P080",25
"21569",-3971.22156074,"CAFI_P080",50
"21570",-6902.62005074001,"CAFI_P080",100
"21571",-6881.02962074001,"CAFI_P080",25
"21572",-2123.11314074001,"CAFI_P080",50
"21573",714.326119260004,"CAFI_P080",100
"21574",-8904.31790074,"CAFI_P080",25
"21575",-3397.97160074,"CAFI_P080",50
"21576",-13538.93347074,"CAFI_P080",100
"21577",-7495.48921074001,"CAFI_P080",25
"21578",-3052.09241074001,"CAFI_P080",50
"21579",348.317809259999,"CAFI_P080",100
"21580",-7474.93935074001,"CAFI_P080",25
"21581",980.774719259993,"CAFI_P080",50
"21582",-5176.48926074,"CAFI_P080",100
"21583",-6138.33921074,"CAFI_P080",25
"21584",-5189.15438074,"CAFI_P080",50
"21585",-5690.31136074,"CAFI_P080",100
"21586",-6174.81334074,"CAFI_P080",25
"21587",-68.4643307399965,"CAFI_P080",50
"21588",252.447129259992,"CAFI_P080",100
"21589",-2095.94056074001,"CAFI_P080",25
"21590",-10596.78144074,"CAFI_P080",50
"21591",1917.71679926,"CAFI_P080",100
"21592",-3189.89493074,"CAFI_P080",25
"21593",1479.05444926,"CAFI_P080",50
"21594",-12023.67873074,"CAFI_P080",100
"21595",-8625.87196074,"CAFI_P080",25
"21596",-9866.84051074,"CAFI_P080",50
"21597",-3373.81792074001,"CAFI_P080",100
"21598",9597.18100925999,"CAFI_P080",25
"21599",-7093.09989074001,"CAFI_P080",50
"21600",-7630.78689074,"CAFI_P080",100
"21601",26969.616590197,"CAFI_P081",25
"21602",21777.819870197,"CAFI_P081",50
"21603",48584.615380197,"CAFI_P081",100
"21604",7550.06520019699,"CAFI_P081",25
"21605",7151.20396019699,"CAFI_P081",50
"21606",45302.294620197,"CAFI_P081",100
"21607",8657.732850197,"CAFI_P081",25
"21608",-10626.011169803,"CAFI_P081",50
"21609",23277.710880197,"CAFI_P081",100
"21610",6559.31880019698,"CAFI_P081",25
"21611",25972.118290197,"CAFI_P081",50
"21612",46101.966330197,"CAFI_P081",100
"21613",21602.327500197,"CAFI_P081",25
"21614",16615.502640197,"CAFI_P081",50
"21615",45847.434140197,"CAFI_P081",100
"21616",18672.432850197,"CAFI_P081",25
"21617",16591.002880197,"CAFI_P081",50
"21618",5987.87460019701,"CAFI_P081",100
"21619",4327.49407019699,"CAFI_P081",25
"21620",23998.325920197,"CAFI_P081",50
"21621",22515.727170197,"CAFI_P081",100
"21622",6477.90884019702,"CAFI_P081",25
"21623",15451.112590197,"CAFI_P081",50
"21624",28236.897860197,"CAFI_P081",100
"21625",2368.85964019701,"CAFI_P081",25
"21626",14112.678340197,"CAFI_P081",50
"21627",25773.950440197,"CAFI_P081",100
"21628",559.948280196986,"CAFI_P081",25
"21629",22825.464690197,"CAFI_P081",50
"21630",62805.074040197,"CAFI_P081",100
"21631",138.949090196984,"CAFI_P081",25
"21632",26301.773840197,"CAFI_P081",50
"21633",18755.464390197,"CAFI_P081",100
"21634",-4533.131379803,"CAFI_P081",25
"21635",13390.836420197,"CAFI_P081",50
"21636",32870.679370197,"CAFI_P081",100
"21637",6313.67367019702,"CAFI_P081",25
"21638",16423.587260197,"CAFI_P081",50
"21639",16279.616620197,"CAFI_P081",100
"21640",-19461.786659803,"CAFI_P081",25
"21641",7722.284640197,"CAFI_P081",50
"21642",51004.254570197,"CAFI_P081",100
"21643",-1072.96595980297,"CAFI_P081",25
"21644",15081.899720197,"CAFI_P081",50
"21645",20738.382830197,"CAFI_P081",100
"21646",25475.097650197,"CAFI_P081",25
"21647",-1957.931739803,"CAFI_P081",50
"21648",37694.531880197,"CAFI_P081",100
"21649",10287.575810197,"CAFI_P081",25
"21650",25648.770290197,"CAFI_P081",50
"21651",35670.021810197,"CAFI_P081",100
"21652",6141.37980019703,"CAFI_P081",25
"21653",40574.596030197,"CAFI_P081",50
"21654",26140.714300197,"CAFI_P081",100
"21655",14444.309610197,"CAFI_P081",25
"21656",23355.960210197,"CAFI_P081",50
"21657",39928.933170197,"CAFI_P081",100
"21658",8916.713250197,"CAFI_P081",25
"21659",-12277.707909803,"CAFI_P081",50
"21660",52606.459520197,"CAFI_P081",100
"21661",16030.547920197,"CAFI_P081",25
"21662",27078.730250197,"CAFI_P081",50
"21663",41050.801380197,"CAFI_P081",100
"21664",2064.37003019702,"CAFI_P081",25
"21665",29083.292730197,"CAFI_P081",50
"21666",48163.547910197,"CAFI_P081",100
"21667",29880.946690197,"CAFI_P081",25
"21668",18219.026610197,"CAFI_P081",50
"21669",32771.602150197,"CAFI_P081",100
"21670",17345.201270197,"CAFI_P081",25
"21671",41864.331360197,"CAFI_P081",50
"21672",33699.537000197,"CAFI_P081",100
"21673",13879.253640197,"CAFI_P081",25
"21674",11608.004670197,"CAFI_P081",50
"21675",19976.639430197,"CAFI_P081",100
"21676",6188.548820197,"CAFI_P081",25
"21677",17090.950420197,"CAFI_P081",50
"21678",31029.343960197,"CAFI_P081",100
"21679",1272.70551019703,"CAFI_P081",25
"21680",25553.167790197,"CAFI_P081",50
"21681",34483.672980197,"CAFI_P081",100
"21682",20522.576760197,"CAFI_P081",25
"21683",2528.01166019699,"CAFI_P081",50
"21684",31186.688250197,"CAFI_P081",100
"21685",13376.494040197,"CAFI_P081",25
"21686",41087.373430197,"CAFI_P081",50
"21687",4575.09728019702,"CAFI_P081",100
"21688",-1964.574979803,"CAFI_P081",25
"21689",5255.436380197,"CAFI_P081",50
"21690",59938.274130197,"CAFI_P081",100
"21691",-17638.692979803,"CAFI_P081",25
"21692",29252.357010197,"CAFI_P081",50
"21693",19328.866630197,"CAFI_P081",100
"21694",4461.18282019702,"CAFI_P081",25
"21695",6934.28488019702,"CAFI_P081",50
"21696",42664.918240197,"CAFI_P081",100
"21697",22531.315350197,"CAFI_P081",25
"21698",11185.005930197,"CAFI_P081",50
"21699",73912.485560197,"CAFI_P081",100
"21700",1158.64268019702,"CAFI_P081",25
"21701",-1686.24997980299,"CAFI_P081",50
"21702",74021.210360197,"CAFI_P081",100
"21703",8304.939720197,"CAFI_P081",25
"21704",18863.478600197,"CAFI_P081",50
"21705",52409.005120197,"CAFI_P081",100
"21706",13235.759450197,"CAFI_P081",25
"21707",32513.425930197,"CAFI_P081",50
"21708",18766.919560197,"CAFI_P081",100
"21709",16464.041040197,"CAFI_P081",25
"21710",14484.293490197,"CAFI_P081",50
"21711",21773.396590197,"CAFI_P081",100
"21712",15753.767080197,"CAFI_P081",25
"21713",25910.756910197,"CAFI_P081",50
"21714",27962.736340197,"CAFI_P081",100
"21715",-11301.196819803,"CAFI_P081",25
"21716",36211.067220197,"CAFI_P081",50
"21717",26978.872100197,"CAFI_P081",100
"21718",11963.657050197,"CAFI_P081",25
"21719",11819.449510197,"CAFI_P081",50
"21720",60575.440500197,"CAFI_P081",100
"21721",-19254.626669803,"CAFI_P081",25
"21722",34967.569420197,"CAFI_P081",50
"21723",17232.543010197,"CAFI_P081",100
"21724",12297.735890197,"CAFI_P081",25
"21725",5522.79428019701,"CAFI_P081",50
"21726",38905.674600197,"CAFI_P081",100
"21727",-2177.79403980298,"CAFI_P081",25
"21728",9003.25080019701,"CAFI_P081",50
"21729",45869.671360197,"CAFI_P081",100
"21730",2871.27981019701,"CAFI_P081",25
"21731",35338.062920197,"CAFI_P081",50
"21732",70656.456750197,"CAFI_P081",100
"21733",22468.835240197,"CAFI_P081",25
"21734",6888.86892019701,"CAFI_P081",50
"21735",54033.233920197,"CAFI_P081",100
"21736",-1030.250149803,"CAFI_P081",25
"21737",28413.832720197,"CAFI_P081",50
"21738",45480.784910197,"CAFI_P081",100
"21739",16589.825620197,"CAFI_P081",25
"21740",5733.07428019703,"CAFI_P081",50
"21741",51547.633940197,"CAFI_P081",100
"21742",8693.33391019702,"CAFI_P081",25
"21743",-2100.20239980298,"CAFI_P081",50
"21744",63087.980050197,"CAFI_P081",100
"21745",6702.502770197,"CAFI_P081",25
"21746",32075.522730197,"CAFI_P081",50
"21747",24335.387850197,"CAFI_P081",100
"21748",19159.714380197,"CAFI_P081",25
"21749",18934.831090197,"CAFI_P081",50
"21750",16344.612300197,"CAFI_P081",100
"21751",-718.195219802961,"CAFI_P081",25
"21752",6052.327930197,"CAFI_P081",50
"21753",34063.428710197,"CAFI_P081",100
"21754",10721.204330197,"CAFI_P081",25
"21755",24016.683340197,"CAFI_P081",50
"21756",34568.760690197,"CAFI_P081",100
"21757",-5774.317869803,"CAFI_P081",25
"21758",28041.715430197,"CAFI_P081",50
"21759",31455.438180197,"CAFI_P081",100
"21760",2567.87788019702,"CAFI_P081",25
"21761",3151.61065019702,"CAFI_P081",50
"21762",60521.719620197,"CAFI_P081",100
"21763",-5339.87474980298,"CAFI_P081",25
"21764",63857.872250197,"CAFI_P081",50
"21765",38201.923070197,"CAFI_P081",100
"21766",-6774.82175980299,"CAFI_P081",25
"21767",7251.23544019699,"CAFI_P081",50
"21768",29906.401580197,"CAFI_P081",100
"21769",-2720.31496980297,"CAFI_P081",25
"21770",19101.856990197,"CAFI_P081",50
"21771",47946.859890197,"CAFI_P081",100
"21772",14086.698020197,"CAFI_P081",25
"21773",3140.77775019698,"CAFI_P081",50
"21774",42625.935850197,"CAFI_P081",100
"21775",15630.393490197,"CAFI_P081",25
"21776",32612.869420197,"CAFI_P081",50
"21777",56595.350890197,"CAFI_P081",100
"21778",4063.27701019699,"CAFI_P081",25
"21779",-9388.03438980298,"CAFI_P081",50
"21780",46166.080520197,"CAFI_P081",100
"21781",8226.443030197,"CAFI_P081",25
"21782",22245.441960197,"CAFI_P081",50
"21783",7534.37648019701,"CAFI_P081",100
"21784",4486.52911019704,"CAFI_P081",25
"21785",25490.218080197,"CAFI_P081",50
"21786",22072.528850197,"CAFI_P081",100
"21787",15091.768280197,"CAFI_P081",25
"21788",16471.936880197,"CAFI_P081",50
"21789",8849.641790197,"CAFI_P081",100
"21790",2709.48451019701,"CAFI_P081",25
"21791",27566.270360197,"CAFI_P081",50
"21792",28189.462130197,"CAFI_P081",100
"21793",13052.240370197,"CAFI_P081",25
"21794",17762.399130197,"CAFI_P081",50
"21795",80214.216480197,"CAFI_P081",100
"21796",5827.09343019698,"CAFI_P081",25
"21797",34311.566150197,"CAFI_P081",50
"21798",33083.571840197,"CAFI_P081",100
"21799",5195.70350019704,"CAFI_P081",25
"21800",22905.117580197,"CAFI_P081",50
"21801",23177.594500197,"CAFI_P081",100
"21802",20888.587900197,"CAFI_P081",25
"21803",28937.938420197,"CAFI_P081",50
"21804",24666.337300197,"CAFI_P081",100
"21805",7693.14208019699,"CAFI_P081",25
"21806",2416.816150197,"CAFI_P081",50
"21807",47904.466210197,"CAFI_P081",100
"21808",-985.767489802965,"CAFI_P081",25
"21809",22554.292790197,"CAFI_P081",50
"21810",29486.033560197,"CAFI_P081",100
"21811",6726.08535019698,"CAFI_P081",25
"21812",4708.78048019699,"CAFI_P081",50
"21813",57383.003560197,"CAFI_P081",100
"21814",13410.143910197,"CAFI_P081",25
"21815",6335.80136019702,"CAFI_P081",50
"21816",65845.082430197,"CAFI_P081",100
"21817",4349.57866019703,"CAFI_P081",25
"21818",30683.214240197,"CAFI_P081",50
"21819",57086.411540197,"CAFI_P081",100
"21820",8197.73260019702,"CAFI_P081",25
"21821",4621.04728019703,"CAFI_P081",50
"21822",41754.199890197,"CAFI_P081",100
"21823",6613.18129019701,"CAFI_P081",25
"21824",12272.588460197,"CAFI_P081",50
"21825",37476.392620197,"CAFI_P081",100
"21826",17125.464530197,"CAFI_P081",25
"21827",20305.447250197,"CAFI_P081",50
"21828",30157.216960197,"CAFI_P081",100
"21829",-1114.10620980297,"CAFI_P081",25
"21830",15547.224200197,"CAFI_P081",50
"21831",46514.631030197,"CAFI_P081",100
"21832",10975.503110197,"CAFI_P081",25
"21833",30249.703810197,"CAFI_P081",50
"21834",43713.541000197,"CAFI_P081",100
"21835",19540.004660197,"CAFI_P081",25
"21836",7398.56560019701,"CAFI_P081",50
"21837",38323.495030197,"CAFI_P081",100
"21838",15275.599820197,"CAFI_P081",25
"21839",25360.316810197,"CAFI_P081",50
"21840",38760.344280197,"CAFI_P081",100
"21841",6539.10277019703,"CAFI_P081",25
"21842",5702.71586019703,"CAFI_P081",50
"21843",51652.479620197,"CAFI_P081",100
"21844",6924.773380197,"CAFI_P081",25
"21845",-3920.23954980299,"CAFI_P081",50
"21846",23251.588070197,"CAFI_P081",100
"21847",15017.928030197,"CAFI_P081",25
"21848",20098.836060197,"CAFI_P081",50
"21849",55725.616230197,"CAFI_P081",100
"21850",3563.78453019704,"CAFI_P081",25
"21851",18671.976930197,"CAFI_P081",50
"21852",44516.886060197,"CAFI_P081",100
"21853",6280.23402019701,"CAFI_P081",25
"21854",7557.33003019699,"CAFI_P081",50
"21855",12463.781640197,"CAFI_P081",100
"21856",-4874.31346980299,"CAFI_P081",25
"21857",12278.108430197,"CAFI_P081",50
"21858",38016.523360197,"CAFI_P081",100
"21859",8768.78658019699,"CAFI_P081",25
"21860",11627.097720197,"CAFI_P081",50
"21861",16843.500480197,"CAFI_P081",100
"21862",-1065.347919803,"CAFI_P081",25
"21863",27416.212120197,"CAFI_P081",50
"21864",46795.422550197,"CAFI_P081",100
"21865",34739.197520197,"CAFI_P081",25
"21866",29707.760280197,"CAFI_P081",50
"21867",44405.268720197,"CAFI_P081",100
"21868",2251.83206019702,"CAFI_P081",25
"21869",20126.864940197,"CAFI_P081",50
"21870",33886.855380197,"CAFI_P081",100
"21871",13175.509700197,"CAFI_P081",25
"21872",31369.034550197,"CAFI_P081",50
"21873",37724.967100197,"CAFI_P081",100
"21874",-7663.970469803,"CAFI_P081",25
"21875",20989.260970197,"CAFI_P081",50
"21876",29104.933410197,"CAFI_P081",100
"21877",10817.539060197,"CAFI_P081",25
"21878",29836.260370197,"CAFI_P081",50
"21879",40560.862620197,"CAFI_P081",100
"21880",13646.215880197,"CAFI_P081",25
"21881",-11324.787739803,"CAFI_P081",50
"21882",25493.381750197,"CAFI_P081",100
"21883",9940.17102019698,"CAFI_P081",25
"21884",8798.11021019699,"CAFI_P081",50
"21885",12116.505160197,"CAFI_P081",100
"21886",19144.021370197,"CAFI_P081",25
"21887",24700.172840197,"CAFI_P081",50
"21888",2372.46959019703,"CAFI_P081",100
"21889",-5147.77809980299,"CAFI_P081",25
"21890",26030.634500197,"CAFI_P081",50
"21891",15516.745540197,"CAFI_P081",100
"21892",474.482330197003,"CAFI_P081",25
"21893",26305.219960197,"CAFI_P081",50
"21894",-89.2177198029822,"CAFI_P081",100
"21895",-899.786779802991,"CAFI_P081",25
"21896",22340.936440197,"CAFI_P081",50
"21897",32929.778400197,"CAFI_P081",100
"21898",1150.790900197,"CAFI_P081",25
"21899",18096.070180197,"CAFI_P081",50
"21900",26141.475880197,"CAFI_P081",100
"21901",-14442.008294252,"CAFI_P082",25
"21902",-1927.45820425201,"CAFI_P082",50
"21903",-16139.143014252,"CAFI_P082",100
"21904",10454.414035748,"CAFI_P082",25
"21905",-2187.99255425201,"CAFI_P082",50
"21906",-16355.774604252,"CAFI_P082",100
"21907",3067.274145748,"CAFI_P082",25
"21908",-6222.19460425201,"CAFI_P082",50
"21909",-12131.104624252,"CAFI_P082",100
"21910",-13027.994994252,"CAFI_P082",25
"21911",-2765.83807425201,"CAFI_P082",50
"21912",-11046.726874252,"CAFI_P082",100
"21913",-4775.59027425201,"CAFI_P082",25
"21914",-8201.01593425201,"CAFI_P082",50
"21915",-11391.307994252,"CAFI_P082",100
"21916",-8210.56076425202,"CAFI_P082",25
"21917",-8724.29671425201,"CAFI_P082",50
"21918",-19621.814914252,"CAFI_P082",100
"21919",7703.64091574799,"CAFI_P082",25
"21920",-11421.990034252,"CAFI_P082",50
"21921",-20866.929904252,"CAFI_P082",100
"21922",-676.200854252005,"CAFI_P082",25
"21923",-9815.51208425201,"CAFI_P082",50
"21924",-10904.101344252,"CAFI_P082",100
"21925",4904.94279574798,"CAFI_P082",25
"21926",11934.478895748,"CAFI_P082",50
"21927",-10389.475044252,"CAFI_P082",100
"21928",-4110.12260425201,"CAFI_P082",25
"21929",-2490.53734425202,"CAFI_P082",50
"21930",-1175.888384252,"CAFI_P082",100
"21931",1151.52313574799,"CAFI_P082",25
"21932",3000.257725748,"CAFI_P082",50
"21933",-6974.38702425201,"CAFI_P082",100
"21934",65.4636457479792,"CAFI_P082",25
"21935",11965.867125748,"CAFI_P082",50
"21936",-9108.06239425202,"CAFI_P082",100
"21937",1031.49209574799,"CAFI_P082",25
"21938",-8565.00211425201,"CAFI_P082",50
"21939",-12751.402124252,"CAFI_P082",100
"21940",1969.14024574799,"CAFI_P082",25
"21941",-6723.25384425202,"CAFI_P082",50
"21942",-18903.944544252,"CAFI_P082",100
"21943",-4524.60247425202,"CAFI_P082",25
"21944",-2696.89275425201,"CAFI_P082",50
"21945",-15197.358974252,"CAFI_P082",100
"21946",-3273.61280425201,"CAFI_P082",25
"21947",-14759.661824252,"CAFI_P082",50
"21948",-12690.642204252,"CAFI_P082",100
"21949",-13011.835464252,"CAFI_P082",25
"21950",-15941.367984252,"CAFI_P082",50
"21951",-14909.834044252,"CAFI_P082",100
"21952",-10452.166654252,"CAFI_P082",25
"21953",9526.675395748,"CAFI_P082",50
"21954",-10016.235594252,"CAFI_P082",100
"21955",617.137175747979,"CAFI_P082",25
"21956",-9983.65544425201,"CAFI_P082",50
"21957",-14722.928934252,"CAFI_P082",100
"21958",-2362.459224252,"CAFI_P082",25
"21959",5060.39707574798,"CAFI_P082",50
"21960",-25551.524574252,"CAFI_P082",100
"21961",-6736.77511425201,"CAFI_P082",25
"21962",12613.306995748,"CAFI_P082",50
"21963",-22309.501654252,"CAFI_P082",100
"21964",-4824.51930425201,"CAFI_P082",25
"21965",-1295.32659425202,"CAFI_P082",50
"21966",-19611.886994252,"CAFI_P082",100
"21967",-2374.571974252,"CAFI_P082",25
"21968",-15043.479954252,"CAFI_P082",50
"21969",10818.925015748,"CAFI_P082",100
"21970",-3633.44482425202,"CAFI_P082",25
"21971",-6775.82655425201,"CAFI_P082",50
"21972",-17606.924174252,"CAFI_P082",100
"21973",-5241.54723425201,"CAFI_P082",25
"21974",-10503.850374252,"CAFI_P082",50
"21975",-14127.317354252,"CAFI_P082",100
"21976",1634.87499574799,"CAFI_P082",25
"21977",-5715.52130425202,"CAFI_P082",50
"21978",-9099.92337425202,"CAFI_P082",100
"21979",-2272.718004252,"CAFI_P082",25
"21980",-2609.50318425201,"CAFI_P082",50
"21981",-6304.94309425201,"CAFI_P082",100
"21982",-3190.81963425202,"CAFI_P082",25
"21983",-13222.096004252,"CAFI_P082",50
"21984",-17489.295584252,"CAFI_P082",100
"21985",-4936.94261425201,"CAFI_P082",25
"21986",-9064.44098425201,"CAFI_P082",50
"21987",-13377.963994252,"CAFI_P082",100
"21988",-1427.38604425202,"CAFI_P082",25
"21989",-6001.20848425201,"CAFI_P082",50
"21990",-26330.046564252,"CAFI_P082",100
"21991",13195.697345748,"CAFI_P082",25
"21992",-10618.913554252,"CAFI_P082",50
"21993",-25067.909984252,"CAFI_P082",100
"21994",-5603.88751425201,"CAFI_P082",25
"21995",-6115.26615425201,"CAFI_P082",50
"21996",-18590.231484252,"CAFI_P082",100
"21997",-7916.26464425201,"CAFI_P082",25
"21998",-5090.70552425201,"CAFI_P082",50
"21999",-8804.98033425202,"CAFI_P082",100
"22000",-6157.10307425201,"CAFI_P082",25
"22001",-11095.138514252,"CAFI_P082",50
"22002",-21378.832244252,"CAFI_P082",100
"22003",-2328.459354252,"CAFI_P082",25
"22004",-8727.87981425201,"CAFI_P082",50
"22005",-18165.820964252,"CAFI_P082",100
"22006",-7848.47771425202,"CAFI_P082",25
"22007",-6401.43603425201,"CAFI_P082",50
"22008",-21188.739704252,"CAFI_P082",100
"22009",-4273.62232425201,"CAFI_P082",25
"22010",-12364.633074252,"CAFI_P082",50
"22011",-10791.251924252,"CAFI_P082",100
"22012",-5354.73914425202,"CAFI_P082",25
"22013",-12710.718644252,"CAFI_P082",50
"22014",-16413.799774252,"CAFI_P082",100
"22015",-5307.18060425202,"CAFI_P082",25
"22016",9788.08751574799,"CAFI_P082",50
"22017",-18265.689714252,"CAFI_P082",100
"22018",-6031.49927425201,"CAFI_P082",25
"22019",-4138.20288425201,"CAFI_P082",50
"22020",-27314.436244252,"CAFI_P082",100
"22021",6883.38953574799,"CAFI_P082",25
"22022",-6229.91051425201,"CAFI_P082",50
"22023",-11868.246594252,"CAFI_P082",100
"22024",3141.140235748,"CAFI_P082",25
"22025",-12161.678034252,"CAFI_P082",50
"22026",-17807.732144252,"CAFI_P082",100
"22027",10850.199165748,"CAFI_P082",25
"22028",-6951.70302425201,"CAFI_P082",50
"22029",-10352.640864252,"CAFI_P082",100
"22030",-10674.956964252,"CAFI_P082",25
"22031",-14320.957264252,"CAFI_P082",50
"22032",-24422.449874252,"CAFI_P082",100
"22033",-7800.72499425201,"CAFI_P082",25
"22034",823.695105747989,"CAFI_P082",50
"22035",-28615.320224252,"CAFI_P082",100
"22036",-1521.55253425203,"CAFI_P082",25
"22037",-8961.28591425202,"CAFI_P082",50
"22038",-10010.111774252,"CAFI_P082",100
"22039",2136.05550574799,"CAFI_P082",25
"22040",-14588.698034252,"CAFI_P082",50
"22041",-8227.59406425201,"CAFI_P082",100
"22042",7296.85475574798,"CAFI_P082",25
"22043",-7961.81918425202,"CAFI_P082",50
"22044",-19402.313534252,"CAFI_P082",100
"22045",-7437.73297425201,"CAFI_P082",25
"22046",-10127.119174252,"CAFI_P082",50
"22047",-6477.25077425201,"CAFI_P082",100
"22048",-1950.33338425201,"CAFI_P082",25
"22049",-13327.017054252,"CAFI_P082",50
"22050",-20551.654704252,"CAFI_P082",100
"22051",-3006.69553425201,"CAFI_P082",25
"22052",-11597.357874252,"CAFI_P082",50
"22053",-20065.356044252,"CAFI_P082",100
"22054",-5406.69674425201,"CAFI_P082",25
"22055",-1857.92225425201,"CAFI_P082",50
"22056",-17435.351394252,"CAFI_P082",100
"22057",507.105745747976,"CAFI_P082",25
"22058",-10766.613064252,"CAFI_P082",50
"22059",-14095.660754252,"CAFI_P082",100
"22060",-5691.22789425201,"CAFI_P082",25
"22061",1639.24166574798,"CAFI_P082",50
"22062",-24637.516524252,"CAFI_P082",100
"22063",-2578.96104425201,"CAFI_P082",25
"22064",7371.97962574798,"CAFI_P082",50
"22065",-14582.144444252,"CAFI_P082",100
"22066",-5127.93171425202,"CAFI_P082",25
"22067",-5659.97341425202,"CAFI_P082",50
"22068",-7484.99692425202,"CAFI_P082",100
"22069",-1374.54180425202,"CAFI_P082",25
"22070",-1502.873214252,"CAFI_P082",50
"22071",-10735.954534252,"CAFI_P082",100
"22072",-4385.104084252,"CAFI_P082",25
"22073",-18174.301554252,"CAFI_P082",50
"22074",-9997.07886425202,"CAFI_P082",100
"22075",36.8478457479796,"CAFI_P082",25
"22076",-15104.088164252,"CAFI_P082",50
"22077",-4038.64118425202,"CAFI_P082",100
"22078",-1035.36548425202,"CAFI_P082",25
"22079",-7183.91599425201,"CAFI_P082",50
"22080",-9744.63098425201,"CAFI_P082",100
"22081",-6643.22518425201,"CAFI_P082",25
"22082",7008.58205574797,"CAFI_P082",50
"22083",-12185.269924252,"CAFI_P082",100
"22084",-10472.428724252,"CAFI_P082",25
"22085",-14729.268934252,"CAFI_P082",50
"22086",-15639.687384252,"CAFI_P082",100
"22087",-2457.70790425202,"CAFI_P082",25
"22088",-6466.27820425201,"CAFI_P082",50
"22089",-6436.05616425202,"CAFI_P082",100
"22090",252.708325747983,"CAFI_P082",25
"22091",5823.22891574798,"CAFI_P082",50
"22092",-15113.699404252,"CAFI_P082",100
"22093",2554.66455574799,"CAFI_P082",25
"22094",723.959045747994,"CAFI_P082",50
"22095",-15753.893984252,"CAFI_P082",100
"22096",-4047.31458425202,"CAFI_P082",25
"22097",8174.124805748,"CAFI_P082",50
"22098",-12237.045834252,"CAFI_P082",100
"22099",-3293.304354252,"CAFI_P082",25
"22100",-8121.00576425201,"CAFI_P082",50
"22101",-23922.595254252,"CAFI_P082",100
"22102",-11059.778334252,"CAFI_P082",25
"22103",-10411.664344252,"CAFI_P082",50
"22104",-17953.943064252,"CAFI_P082",100
"22105",686.934605747985,"CAFI_P082",25
"22106",12375.179895748,"CAFI_P082",50
"22107",-17845.258614252,"CAFI_P082",100
"22108",-13367.602334252,"CAFI_P082",25
"22109",-3780.57871425201,"CAFI_P082",50
"22110",-14403.468684252,"CAFI_P082",100
"22111",326.141455748002,"CAFI_P082",25
"22112",-5949.39413425201,"CAFI_P082",50
"22113",-6308.05588425201,"CAFI_P082",100
"22114",2326.44559574799,"CAFI_P082",25
"22115",-3158.05785425202,"CAFI_P082",50
"22116",-19061.160224252,"CAFI_P082",100
"22117",-1224.24728425202,"CAFI_P082",25
"22118",-1298.58432425201,"CAFI_P082",50
"22119",-7855.36658425201,"CAFI_P082",100
"22120",3268.71699574799,"CAFI_P082",25
"22121",-4566.188244252,"CAFI_P082",50
"22122",-19164.568674252,"CAFI_P082",100
"22123",-5923.03432425202,"CAFI_P082",25
"22124",-2951.85183425201,"CAFI_P082",50
"22125",-12518.767614252,"CAFI_P082",100
"22126",-2639.577084252,"CAFI_P082",25
"22127",-4883.44232425201,"CAFI_P082",50
"22128",-25269.763354252,"CAFI_P082",100
"22129",871.935275747994,"CAFI_P082",25
"22130",-12114.590514252,"CAFI_P082",50
"22131",-1239.93590425202,"CAFI_P082",100
"22132",9783.22351574799,"CAFI_P082",25
"22133",-10206.723604252,"CAFI_P082",50
"22134",-19966.121954252,"CAFI_P082",100
"22135",-6983.43158425202,"CAFI_P082",25
"22136",-5312.38581425202,"CAFI_P082",50
"22137",-17244.166384252,"CAFI_P082",100
"22138",-7740.33451425201,"CAFI_P082",25
"22139",-13232.859594252,"CAFI_P082",50
"22140",-17423.059394252,"CAFI_P082",100
"22141",-2286.24355425203,"CAFI_P082",25
"22142",4520.77919574798,"CAFI_P082",50
"22143",-18407.302624252,"CAFI_P082",100
"22144",-8819.76544425201,"CAFI_P082",25
"22145",-6156.58895425202,"CAFI_P082",50
"22146",-19822.474264252,"CAFI_P082",100
"22147",-3014.27048425202,"CAFI_P082",25
"22148",-727.988844252017,"CAFI_P082",50
"22149",-2479.71965425203,"CAFI_P082",100
"22150",-6063.13598425202,"CAFI_P082",25
"22151",-10916.173684252,"CAFI_P082",50
"22152",-22149.620624252,"CAFI_P082",100
"22153",-2401.06743425201,"CAFI_P082",25
"22154",-4964.59773425201,"CAFI_P082",50
"22155",-11417.419814252,"CAFI_P082",100
"22156",-8046.07770425201,"CAFI_P082",25
"22157",-4499.93700425202,"CAFI_P082",50
"22158",-13664.055044252,"CAFI_P082",100
"22159",-3982.48303425201,"CAFI_P082",25
"22160",-15283.673604252,"CAFI_P082",50
"22161",-12112.748954252,"CAFI_P082",100
"22162",-5981.89961425202,"CAFI_P082",25
"22163",-5841.23988425201,"CAFI_P082",50
"22164",-17459.060594252,"CAFI_P082",100
"22165",-1000.52598425202,"CAFI_P082",25
"22166",-12979.792814252,"CAFI_P082",50
"22167",-9856.35930425201,"CAFI_P082",100
"22168",-5814.43072425202,"CAFI_P082",25
"22169",-10526.866784252,"CAFI_P082",50
"22170",-22112.872974252,"CAFI_P082",100
"22171",-7195.69222425201,"CAFI_P082",25
"22172",-8979.17767425202,"CAFI_P082",50
"22173",-12606.093794252,"CAFI_P082",100
"22174",-3563.126394252,"CAFI_P082",25
"22175",-14144.769444252,"CAFI_P082",50
"22176",-3829.61775425202,"CAFI_P082",100
"22177",-2095.78258425201,"CAFI_P082",25
"22178",3787.93082574799,"CAFI_P082",50
"22179",-15600.514824252,"CAFI_P082",100
"22180",-835.59667425201,"CAFI_P082",25
"22181",-8781.43695425201,"CAFI_P082",50
"22182",-21787.823654252,"CAFI_P082",100
"22183",-8322.73085425202,"CAFI_P082",25
"22184",-7275.96999425201,"CAFI_P082",50
"22185",-21366.626814252,"CAFI_P082",100
"22186",-1020.68612425201,"CAFI_P082",25
"22187",15432.824745748,"CAFI_P082",50
"22188",-17408.383264252,"CAFI_P082",100
"22189",2917.05040574798,"CAFI_P082",25
"22190",-13180.655044252,"CAFI_P082",50
"22191",-18290.043684252,"CAFI_P082",100
"22192",-16485.400074252,"CAFI_P082",25
"22193",-12591.634714252,"CAFI_P082",50
"22194",-19435.749004252,"CAFI_P082",100
"22195",-4683.185764252,"CAFI_P082",25
"22196",-16969.541474252,"CAFI_P082",50
"22197",-20678.286104252,"CAFI_P082",100
"22198",-4281.03098425202,"CAFI_P082",25
"22199",-1447.32540425201,"CAFI_P082",50
"22200",-11610.666374252,"CAFI_P082",100
"22201",-28195.12027075,"NRI_P001",25
"22202",-270.798750750022,"NRI_P001",50
"22203",-4664.52910074999,"NRI_P001",100
"22204",465.291519250022,"NRI_P001",25
"22205",6466.09050925,"NRI_P001",50
"22206",-13384.74433075,"NRI_P001",100
"22207",475.543219249987,"NRI_P001",25
"22208",4596.36611925001,"NRI_P001",50
"22209",-24757.56710075,"NRI_P001",100
"22210",5757.26527924999,"NRI_P001",25
"22211",-10866.61890075,"NRI_P001",50
"22212",18807.04164925,"NRI_P001",100
"22213",-23872.99742075,"NRI_P001",25
"22214",34799.89127925,"NRI_P001",50
"22215",-20697.01559075,"NRI_P001",100
"22216",9836.18784924998,"NRI_P001",25
"22217",-7633.93108075002,"NRI_P001",50
"22218",-30508.39352075,"NRI_P001",100
"22219",-22609.59976075,"NRI_P001",25
"22220",-1101.82278074999,"NRI_P001",50
"22221",-4907.69710075,"NRI_P001",100
"22222",4827.07844925002,"NRI_P001",25
"22223",-30996.65145075,"NRI_P001",50
"22224",-10905.16696075,"NRI_P001",100
"22225",-16563.24132075,"NRI_P001",25
"22226",-7895.86869075001,"NRI_P001",50
"22227",-30486.46270075,"NRI_P001",100
"22228",-3388.67707074998,"NRI_P001",25
"22229",-37985.88991075,"NRI_P001",50
"22230",2655.83685924998,"NRI_P001",100
"22231",-30513.93025075,"NRI_P001",25
"22232",-9424.33032075001,"NRI_P001",50
"22233",-593.386250749987,"NRI_P001",100
"22234",10887.61985925,"NRI_P001",25
"22235",-3824.72158075002,"NRI_P001",50
"22236",-22952.49290075,"NRI_P001",100
"22237",-15125.01561075,"NRI_P001",25
"22238",-157.173370749981,"NRI_P001",50
"22239",-7280.44382074999,"NRI_P001",100
"22240",8756.03542924998,"NRI_P001",25
"22241",3643.86933924997,"NRI_P001",50
"22242",-11811.46029075,"NRI_P001",100
"22243",3072.76037924999,"NRI_P001",25
"22244",-20224.95844075,"NRI_P001",50
"22245",-11257.79935075,"NRI_P001",100
"22246",-412.69535075,"NRI_P001",25
"22247",-8077.60342075001,"NRI_P001",50
"22248",-4727.74095075001,"NRI_P001",100
"22249",12655.75623925,"NRI_P001",25
"22250",15778.27932925,"NRI_P001",50
"22251",-10063.07457075,"NRI_P001",100
"22252",-4029.80153075,"NRI_P001",25
"22253",-25987.74606075,"NRI_P001",50
"22254",13739.49715925,"NRI_P001",100
"22255",13035.24979925,"NRI_P001",25
"22256",-14452.21846075,"NRI_P001",50
"22257",-26613.72692075,"NRI_P001",100
"22258",-36483.65839075,"NRI_P001",25
"22259",-1340.62646075001,"NRI_P001",50
"22260",-26671.05871075,"NRI_P001",100
"22261",-105.879240749986,"NRI_P001",25
"22262",33241.05143925,"NRI_P001",50
"22263",-12587.00198075,"NRI_P001",100
"22264",4441.65275925002,"NRI_P001",25
"22265",-13134.76628075,"NRI_P001",50
"22266",-23941.55564075,"NRI_P001",100
"22267",3592.33851924998,"NRI_P001",25
"22268",2327.74743925,"NRI_P001",50
"22269",-16749.46701075,"NRI_P001",100
"22270",8532.17888924998,"NRI_P001",25
"22271",-35846.38572075,"NRI_P001",50
"22272",-22160.50188075,"NRI_P001",100
"22273",-22847.84045075,"NRI_P001",25
"22274",-22441.92343075,"NRI_P001",50
"22275",15155.93362925,"NRI_P001",100
"22276",13451.64595925,"NRI_P001",25
"22277",19919.07221925,"NRI_P001",50
"22278",-4730.16587074997,"NRI_P001",100
"22279",13685.77511925,"NRI_P001",25
"22280",8878.15811924997,"NRI_P001",50
"22281",4389.23862924997,"NRI_P001",100
"22282",-26647.53972075,"NRI_P001",25
"22283",15210.26992925,"NRI_P001",50
"22284",-35249.12741075,"NRI_P001",100
"22285",-1297.55950074998,"NRI_P001",25
"22286",-5147.42628075002,"NRI_P001",50
"22287",-6543.17406075,"NRI_P001",100
"22288",12999.93482925,"NRI_P001",25
"22289",-9111.41932074999,"NRI_P001",50
"22290",-18508.99785075,"NRI_P001",100
"22291",-26352.71557075,"NRI_P001",25
"22292",27071.79929925,"NRI_P001",50
"22293",-20466.66463075,"NRI_P001",100
"22294",2272.58150924998,"NRI_P001",25
"22295",-8571.42409074999,"NRI_P001",50
"22296",6380.50206924998,"NRI_P001",100
"22297",-34513.00707075,"NRI_P001",25
"22298",-938.615590750007,"NRI_P001",50
"22299",-11138.50890075,"NRI_P001",100
"22300",-8139.63310075001,"NRI_P001",25
"22301",-25709.25652075,"NRI_P001",50
"22302",-9031.91282075,"NRI_P001",100
"22303",6110.57292925002,"NRI_P001",25
"22304",-29554.73893075,"NRI_P001",50
"22305",10873.48998925,"NRI_P001",100
"22306",-5742.04531074999,"NRI_P001",25
"22307",-13367.75457075,"NRI_P001",50
"22308",-17422.91905075,"NRI_P001",100
"22309",8183.91065924999,"NRI_P001",25
"22310",-16464.06014075,"NRI_P001",50
"22311",-17520.16422075,"NRI_P001",100
"22312",-19688.18913075,"NRI_P001",25
"22313",-5061.36935075,"NRI_P001",50
"22314",-3989.74379074998,"NRI_P001",100
"22315",8292.44918925001,"NRI_P001",25
"22316",-21582.56985075,"NRI_P001",50
"22317",-25728.59074075,"NRI_P001",100
"22318",1715.10729924997,"NRI_P001",25
"22319",4233.62649925001,"NRI_P001",50
"22320",-27698.12193075,"NRI_P001",100
"22321",-25082.92756075,"NRI_P001",25
"22322",1254.54201924999,"NRI_P001",50
"22323",-20117.33073075,"NRI_P001",100
"22324",2435.11317924998,"NRI_P001",25
"22325",-1359.94225075003,"NRI_P001",50
"22326",-8647.55112074999,"NRI_P001",100
"22327",-25445.14574075,"NRI_P001",25
"22328",-31361.29349075,"NRI_P001",50
"22329",-18024.74935075,"NRI_P001",100
"22330",1361.92438924999,"NRI_P001",25
"22331",-17867.34292075,"NRI_P001",50
"22332",-7300.69353075,"NRI_P001",100
"22333",3386.02075924998,"NRI_P001",25
"22334",30456.18273925,"NRI_P001",50
"22335",14072.60404925,"NRI_P001",100
"22336",16089.23597925,"NRI_P001",25
"22337",2072.93568925001,"NRI_P001",50
"22338",2972.65378925001,"NRI_P001",100
"22339",3183.36440924997,"NRI_P001",25
"22340",-13143.19928075,"NRI_P001",50
"22341",9130.09223925002,"NRI_P001",100
"22342",-10051.27575075,"NRI_P001",25
"22343",8809.67710924998,"NRI_P001",50
"22344",-14919.59273075,"NRI_P001",100
"22345",6362.74150925002,"NRI_P001",25
"22346",-28881.47256075,"NRI_P001",50
"22347",23930.62999925,"NRI_P001",100
"22348",10549.86993925,"NRI_P001",25
"22349",-6024.24634074999,"NRI_P001",50
"22350",26383.44110925,"NRI_P001",100
"22351",-10597.58990075,"NRI_P001",25
"22352",11939.27015925,"NRI_P001",50
"22353",-34488.73911075,"NRI_P001",100
"22354",786.548399250023,"NRI_P001",25
"22355",-28010.90137075,"NRI_P001",50
"22356",-504.583380749973,"NRI_P001",100
"22357",-2507.48626074998,"NRI_P001",25
"22358",-2802.35092075,"NRI_P001",50
"22359",-1906.73186075001,"NRI_P001",100
"22360",-25206.78527075,"NRI_P001",25
"22361",4232.45444925001,"NRI_P001",50
"22362",-13445.02562075,"NRI_P001",100
"22363",-8977.28159075,"NRI_P001",25
"22364",-23227.11283075,"NRI_P001",50
"22365",-27771.73451075,"NRI_P001",100
"22366",-607.945510749996,"NRI_P001",25
"22367",9775.19224925002,"NRI_P001",50
"22368",-34821.06558075,"NRI_P001",100
"22369",939.792839250003,"NRI_P001",25
"22370",-12175.09575075,"NRI_P001",50
"22371",-26869.25226075,"NRI_P001",100
"22372",-11076.87418075,"NRI_P001",25
"22373",-25273.62343075,"NRI_P001",50
"22374",-32837.83918075,"NRI_P001",100
"22375",1592.32564925001,"NRI_P001",25
"22376",-15407.53620075,"NRI_P001",50
"22377",13280.41207925,"NRI_P001",100
"22378",-1945.13895075,"NRI_P001",25
"22379",-6075.24899075,"NRI_P001",50
"22380",11320.94823925,"NRI_P001",100
"22381",-23818.43508075,"NRI_P001",25
"22382",-26549.73510075,"NRI_P001",50
"22383",13236.19967925,"NRI_P001",100
"22384",-6809.43482075,"NRI_P001",25
"22385",9951.05339924997,"NRI_P001",50
"22386",7493.25736925,"NRI_P001",100
"22387",-33324.83150075,"NRI_P001",25
"22388",2552.86409925,"NRI_P001",50
"22389",-17494.94885075,"NRI_P001",100
"22390",22073.57837925,"NRI_P001",25
"22391",-40583.95403075,"NRI_P001",50
"22392",-27561.75274075,"NRI_P001",100
"22393",3537.03618925001,"NRI_P001",25
"22394",-28780.65260075,"NRI_P001",50
"22395",9174.16974925,"NRI_P001",100
"22396",-19867.24054075,"NRI_P001",25
"22397",-4309.35058074998,"NRI_P001",50
"22398",-21430.87140075,"NRI_P001",100
"22399",9497.88430924999,"NRI_P001",25
"22400",30245.40583925,"NRI_P001",50
"22401",-22513.79485075,"NRI_P001",100
"22402",-22875.39166075,"NRI_P001",25
"22403",-17135.23417075,"NRI_P001",50
"22404",-7115.33988074999,"NRI_P001",100
"22405",4834.48776925,"NRI_P001",25
"22406",-17534.07459075,"NRI_P001",50
"22407",-11454.97371075,"NRI_P001",100
"22408",10274.20383925,"NRI_P001",25
"22409",-5609.14581074999,"NRI_P001",50
"22410",1338.31855924998,"NRI_P001",100
"22411",-15194.57552075,"NRI_P001",25
"22412",-25993.14858075,"NRI_P001",50
"22413",-17976.68367075,"NRI_P001",100
"22414",4873.15962925,"NRI_P001",25
"22415",1386.74745924998,"NRI_P001",50
"22416",-21086.75927075,"NRI_P001",100
"22417",5287.97285924997,"NRI_P001",25
"22418",-8958.58369075001,"NRI_P001",50
"22419",-4855.57291074999,"NRI_P001",100
"22420",11513.81607925,"NRI_P001",25
"22421",4955.21491924999,"NRI_P001",50
"22422",-4330.12370075,"NRI_P001",100
"22423",12371.17839925,"NRI_P001",25
"22424",21760.30244925,"NRI_P001",50
"22425",-8810.59166075001,"NRI_P001",100
"22426",-81.7325907499762,"NRI_P001",25
"22427",-24356.91393075,"NRI_P001",50
"22428",12353.14369925,"NRI_P001",100
"22429",-8634.74604075,"NRI_P001",25
"22430",-20309.63375075,"NRI_P001",50
"22431",19415.67234925,"NRI_P001",100
"22432",6057.21754925,"NRI_P001",25
"22433",-29098.37064075,"NRI_P001",50
"22434",-17030.46489075,"NRI_P001",100
"22435",2156.18569925003,"NRI_P001",25
"22436",-8899.15923075,"NRI_P001",50
"22437",-32530.99901075,"NRI_P001",100
"22438",3989.37128924998,"NRI_P001",25
"22439",-5594.96504075002,"NRI_P001",50
"22440",5591.59733924997,"NRI_P001",100
"22441",16362.91576925,"NRI_P001",25
"22442",-28784.79118075,"NRI_P001",50
"22443",-7687.86522075001,"NRI_P001",100
"22444",26095.13196925,"NRI_P001",25
"22445",-32112.31925075,"NRI_P001",50
"22446",-19279.95473075,"NRI_P001",100
"22447",8669.12345925003,"NRI_P001",25
"22448",-9068.21573075,"NRI_P001",50
"22449",982.192859250004,"NRI_P001",100
"22450",7993.65300925,"NRI_P001",25
"22451",-27731.38432075,"NRI_P001",50
"22452",-22542.64136075,"NRI_P001",100
"22453",9602.22531925002,"NRI_P001",25
"22454",5786.50396925001,"NRI_P001",50
"22455",26489.48931925,"NRI_P001",100
"22456",3849.00719924999,"NRI_P001",25
"22457",-4822.45154074999,"NRI_P001",50
"22458",3409.54638925003,"NRI_P001",100
"22459",13724.60184925,"NRI_P001",25
"22460",-2293.08863075002,"NRI_P001",50
"22461",1052.55357925,"NRI_P001",100
"22462",-4432.12256074999,"NRI_P001",25
"22463",-6207.93883075,"NRI_P001",50
"22464",-20901.34456075,"NRI_P001",100
"22465",16522.26166925,"NRI_P001",25
"22466",-23544.61094075,"NRI_P001",50
"22467",-8291.26538075,"NRI_P001",100
"22468",822.167159250006,"NRI_P001",25
"22469",-27501.54159075,"NRI_P001",50
"22470",-13235.38753075,"NRI_P001",100
"22471",7286.45892925002,"NRI_P001",25
"22472",15555.93242925,"NRI_P001",50
"22473",-4990.86572075001,"NRI_P001",100
"22474",232.029629249999,"NRI_P001",25
"22475",23600.53628925,"NRI_P001",50
"22476",-11822.31661075,"NRI_P001",100
"22477",9484.08285925002,"NRI_P001",25
"22478",-23820.13552075,"NRI_P001",50
"22479",-17342.80841075,"NRI_P001",100
"22480",-2431.18511075003,"NRI_P001",25
"22481",28882.65642925,"NRI_P001",50
"22482",-23341.32965075,"NRI_P001",100
"22483",5518.10009924998,"NRI_P001",25
"22484",27325.63627925,"NRI_P001",50
"22485",-14145.95816075,"NRI_P001",100
"22486",-17273.37916075,"NRI_P001",25
"22487",-36743.83199075,"NRI_P001",50
"22488",-3303.92732075002,"NRI_P001",100
"22489",10348.51562925,"NRI_P001",25
"22490",-15799.57484075,"NRI_P001",50
"22491",4819.74944925,"NRI_P001",100
"22492",6220.29312925,"NRI_P001",25
"22493",-10354.62893075,"NRI_P001",50
"22494",-6360.82527075001,"NRI_P001",100
"22495",-5288.03430075001,"NRI_P001",25
"22496",1406.22549924999,"NRI_P001",50
"22497",-30444.12602075,"NRI_P001",100
"22498",4506.57665925001,"NRI_P001",25
"22499",3609.41682925,"NRI_P001",50
"22500",-6732.86263074999,"NRI_P001",100
"22501",-2107.86460326199,"NRI_P002",25
"22502",401.249816738011,"NRI_P002",50
"22503",81436.513686738,"NRI_P002",100
"22504",35630.112426738,"NRI_P002",25
"22505",-5165.91769326199,"NRI_P002",50
"22506",14835.638896738,"NRI_P002",100
"22507",10581.543036738,"NRI_P002",25
"22508",28202.969046738,"NRI_P002",50
"22509",8216.68120673802,"NRI_P002",100
"22510",-5391.741733262,"NRI_P002",25
"22511",43360.081556738,"NRI_P002",50
"22512",40686.537516738,"NRI_P002",100
"22513",2204.94424673801,"NRI_P002",25
"22514",34621.208826738,"NRI_P002",50
"22515",-9280.13480326199,"NRI_P002",100
"22516",36715.624716738,"NRI_P002",25
"22517",4073.416966738,"NRI_P002",50
"22518",7066.09418673802,"NRI_P002",100
"22519",3969.00857673801,"NRI_P002",25
"22520",7446.337996738,"NRI_P002",50
"22521",40173.621906738,"NRI_P002",100
"22522",2545.93397673802,"NRI_P002",25
"22523",-1862.21276326198,"NRI_P002",50
"22524",20674.348676738,"NRI_P002",100
"22525",5023.83334673801,"NRI_P002",25
"22526",-950.515713261993,"NRI_P002",50
"22527",20022.410696738,"NRI_P002",100
"22528",7351.34282673802,"NRI_P002",25
"22529",-2618.33841326198,"NRI_P002",50
"22530",5136.98076673801,"NRI_P002",100
"22531",283.367746738018,"NRI_P002",25
"22532",-2622.96462326197,"NRI_P002",50
"22533",75985.685936738,"NRI_P002",100
"22534",3753.42369673803,"NRI_P002",25
"22535",-4466.72271326199,"NRI_P002",50
"22536",-1988.90609326199,"NRI_P002",100
"22537",5764.70292673801,"NRI_P002",25
"22538",3116.66238673803,"NRI_P002",50
"22539",5448.41168673802,"NRI_P002",100
"22540",34402.811626738,"NRI_P002",25
"22541",-3865.95873326197,"NRI_P002",50
"22542",16023.555396738,"NRI_P002",100
"22543",6126.52451673802,"NRI_P002",25
"22544",4496.21253673802,"NRI_P002",50
"22545",46647.265996738,"NRI_P002",100
"22546",-1739.36815326198,"NRI_P002",25
"22547",12617.989536738,"NRI_P002",50
"22548",9074.80098673803,"NRI_P002",100
"22549",2306.41627673802,"NRI_P002",25
"22550",25350.284096738,"NRI_P002",50
"22551",-1242.48215326198,"NRI_P002",100
"22552",6457.83295673801,"NRI_P002",25
"22553",3426.70751673801,"NRI_P002",50
"22554",267.786046738009,"NRI_P002",100
"22555",-7879.58344326197,"NRI_P002",25
"22556",8347.77494673801,"NRI_P002",50
"22557",-2600.78341326199,"NRI_P002",100
"22558",28773.911506738,"NRI_P002",25
"22559",5474.47755673801,"NRI_P002",50
"22560",18624.668336738,"NRI_P002",100
"22561",-41.8395032619883,"NRI_P002",25
"22562",2204.77163673801,"NRI_P002",50
"22563",4580.19234673801,"NRI_P002",100
"22564",4094.23153673802,"NRI_P002",25
"22565",-1226.01136326199,"NRI_P002",50
"22566",95.8573267380125,"NRI_P002",100
"22567",-4632.26036326197,"NRI_P002",25
"22568",3966.984446738,"NRI_P002",50
"22569",-9762.43774326198,"NRI_P002",100
"22570",505.783446738031,"NRI_P002",25
"22571",7492.81272673802,"NRI_P002",50
"22572",-611.806513261981,"NRI_P002",100
"22573",-482.859833261988,"NRI_P002",25
"22574",31644.142936738,"NRI_P002",50
"22575",2527.99964673803,"NRI_P002",100
"22576",1540.22228673802,"NRI_P002",25
"22577",34753.986186738,"NRI_P002",50
"22578",8596.26942673803,"NRI_P002",100
"22579",4754.85158673802,"NRI_P002",25
"22580",6289.42342673801,"NRI_P002",50
"22581",3578.37422673803,"NRI_P002",100
"22582",1142.13884673803,"NRI_P002",25
"22583",12994.839936738,"NRI_P002",50
"22584",17146.221586738,"NRI_P002",100
"22585",2106.63901673802,"NRI_P002",25
"22586",41822.299186738,"NRI_P002",50
"22587",61380.095126738,"NRI_P002",100
"22588",1692.09642673802,"NRI_P002",25
"22589",36256.531456738,"NRI_P002",50
"22590",11736.201146738,"NRI_P002",100
"22591",-341.399383261974,"NRI_P002",25
"22592",-319.922563261993,"NRI_P002",50
"22593",50075.226196738,"NRI_P002",100
"22594",6011.56886673803,"NRI_P002",25
"22595",4568.16005673801,"NRI_P002",50
"22596",7428.46933673802,"NRI_P002",100
"22597",11001.457036738,"NRI_P002",25
"22598",7295.08398673803,"NRI_P002",50
"22599",7702.79543673803,"NRI_P002",100
"22600",-4291.513833262,"NRI_P002",25
"22601",-5779.19856326198,"NRI_P002",50
"22602",45706.777536738,"NRI_P002",100
"22603",-1097.85338326197,"NRI_P002",25
"22604",-1673.37941326198,"NRI_P002",50
"22605",-4136.31252326199,"NRI_P002",100
"22606",-982.521913261997,"NRI_P002",25
"22607",-1123.85052326199,"NRI_P002",50
"22608",9106.28582673802,"NRI_P002",100
"22609",1426.86646673802,"NRI_P002",25
"22610",8383.19523673801,"NRI_P002",50
"22611",14974.360066738,"NRI_P002",100
"22612",12632.107866738,"NRI_P002",25
"22613",31141.927796738,"NRI_P002",50
"22614",9540.21395673801,"NRI_P002",100
"22615",9888.60350673803,"NRI_P002",25
"22616",345.999856738024,"NRI_P002",50
"22617",4537.06281673801,"NRI_P002",100
"22618",1786.72528673802,"NRI_P002",25
"22619",37944.577296738,"NRI_P002",50
"22620",6468.36653673803,"NRI_P002",100
"22621",8162.98802673802,"NRI_P002",25
"22622",7569.83111673803,"NRI_P002",50
"22623",7516.83901673803,"NRI_P002",100
"22624",-582.597413261974,"NRI_P002",25
"22625",1138.47644673803,"NRI_P002",50
"22626",-2056.59538326197,"NRI_P002",100
"22627",-1880.89012326198,"NRI_P002",25
"22628",721.003776738013,"NRI_P002",50
"22629",32610.372226738,"NRI_P002",100
"22630",8621.32293673803,"NRI_P002",25
"22631",8138.11290673801,"NRI_P002",50
"22632",7400.26889673801,"NRI_P002",100
"22633",-1101.47662326199,"NRI_P002",25
"22634",3445.84901673801,"NRI_P002",50
"22635",2333.72460673802,"NRI_P002",100
"22636",-1891.45661326198,"NRI_P002",25
"22637",30259.429266738,"NRI_P002",50
"22638",14028.249566738,"NRI_P002",100
"22639",8779.42872673803,"NRI_P002",25
"22640",12477.817796738,"NRI_P002",50
"22641",-4456.71397326197,"NRI_P002",100
"22642",1808.00815673801,"NRI_P002",25
"22643",16442.510906738,"NRI_P002",50
"22644",77969.435516738,"NRI_P002",100
"22645",29676.770136738,"NRI_P002",25
"22646",2776.40113673802,"NRI_P002",50
"22647",-4673.75819326198,"NRI_P002",100
"22648",-6395.87986326197,"NRI_P002",25
"22649",-9905.242123262,"NRI_P002",50
"22650",3588.56259673802,"NRI_P002",100
"22651",2707.59631673803,"NRI_P002",25
"22652",2209.08414673802,"NRI_P002",50
"22653",78374.878146738,"NRI_P002",100
"22654",345.837316738005,"NRI_P002",25
"22655",13373.178676738,"NRI_P002",50
"22656",3425.11730673802,"NRI_P002",100
"22657",-1132.14196326199,"NRI_P002",25
"22658",9113.26651673802,"NRI_P002",50
"22659",33924.431376738,"NRI_P002",100
"22660",-1734.68136326197,"NRI_P002",25
"22661",10753.918936738,"NRI_P002",50
"22662",38744.403286738,"NRI_P002",100
"22663",4665.55929673801,"NRI_P002",25
"22664",-8740.03216326199,"NRI_P002",50
"22665",10415.912796738,"NRI_P002",100
"22666",2096.199026738,"NRI_P002",25
"22667",-1412.19493326198,"NRI_P002",50
"22668",-2225.91228326198,"NRI_P002",100
"22669",2565.66729673801,"NRI_P002",25
"22670",6048.20735673801,"NRI_P002",50
"22671",13547.987936738,"NRI_P002",100
"22672",-963.273053261975,"NRI_P002",25
"22673",29882.733046738,"NRI_P002",50
"22674",38681.890616738,"NRI_P002",100
"22675",-571.874633261992,"NRI_P002",25
"22676",31417.109076738,"NRI_P002",50
"22677",-2945.845543262,"NRI_P002",100
"22678",3166.06862673801,"NRI_P002",25
"22679",1181.38348673802,"NRI_P002",50
"22680",-1851.90844326199,"NRI_P002",100
"22681",7689.803486738,"NRI_P002",25
"22682",1765.120236738,"NRI_P002",50
"22683",42322.389836738,"NRI_P002",100
"22684",-2249.70250326197,"NRI_P002",25
"22685",28867.071736738,"NRI_P002",50
"22686",-6239.77002326198,"NRI_P002",100
"22687",-8141.68189326199,"NRI_P002",25
"22688",-3426.00771326199,"NRI_P002",50
"22689",8982.078586738,"NRI_P002",100
"22690",-46.3552532619797,"NRI_P002",25
"22691",44388.278276738,"NRI_P002",50
"22692",8324.13488673803,"NRI_P002",100
"22693",3041.98759673801,"NRI_P002",25
"22694",2720.54593673802,"NRI_P002",50
"22695",5896.54212673803,"NRI_P002",100
"22696",6795.00143673801,"NRI_P002",25
"22697",26854.630286738,"NRI_P002",50
"22698",40701.432716738,"NRI_P002",100
"22699",1120.21548673802,"NRI_P002",25
"22700",4855.30194673801,"NRI_P002",50
"22701",-2731.25211326199,"NRI_P002",100
"22702",29860.442866738,"NRI_P002",25
"22703",6530.34176673801,"NRI_P002",50
"22704",14898.974156738,"NRI_P002",100
"22705",11878.854776738,"NRI_P002",25
"22706",1243.15548673802,"NRI_P002",50
"22707",31084.874456738,"NRI_P002",100
"22708",2643.24566673802,"NRI_P002",25
"22709",12817.395086738,"NRI_P002",50
"22710",15919.657976738,"NRI_P002",100
"22711",-4212.07462326199,"NRI_P002",25
"22712",36181.134666738,"NRI_P002",50
"22713",37235.656426738,"NRI_P002",100
"22714",2172.06893673801,"NRI_P002",25
"22715",26570.488226738,"NRI_P002",50
"22716",7829.29792673801,"NRI_P002",100
"22717",6432.53304673801,"NRI_P002",25
"22718",7808.67123673801,"NRI_P002",50
"22719",-150.658303261996,"NRI_P002",100
"22720",7627.62893673801,"NRI_P002",25
"22721",2775.52591673803,"NRI_P002",50
"22722",40995.943596738,"NRI_P002",100
"22723",-7650.50521326199,"NRI_P002",25
"22724",831.398396738019,"NRI_P002",50
"22725",22055.532706738,"NRI_P002",100
"22726",4979.99748673802,"NRI_P002",25
"22727",10730.737356738,"NRI_P002",50
"22728",2721.00093673801,"NRI_P002",100
"22729",1315.24426673801,"NRI_P002",25
"22730",1183.32264673803,"NRI_P002",50
"22731",-10527.300713262,"NRI_P002",100
"22732",4847.25317673801,"NRI_P002",25
"22733",6895.96451673802,"NRI_P002",50
"22734",8462.67595673801,"NRI_P002",100
"22735",5880.47544673801,"NRI_P002",25
"22736",3604.44625673801,"NRI_P002",50
"22737",8976.94983673803,"NRI_P002",100
"22738",3001.94989673802,"NRI_P002",25
"22739",8509.93090673801,"NRI_P002",50
"22740",36675.168116738,"NRI_P002",100
"22741",-7946.34027326197,"NRI_P002",25
"22742",8911.76821673801,"NRI_P002",50
"22743",13640.286336738,"NRI_P002",100
"22744",119.294616738014,"NRI_P002",25
"22745",14596.305866738,"NRI_P002",50
"22746",58726.408536738,"NRI_P002",100
"22747",3427.63370673801,"NRI_P002",25
"22748",4991.76195673802,"NRI_P002",50
"22749",12225.985546738,"NRI_P002",100
"22750",-1064.927773262,"NRI_P002",25
"22751",-494.361003261991,"NRI_P002",50
"22752",10272.743226738,"NRI_P002",100
"22753",1329.17939673801,"NRI_P002",25
"22754",1605.13799673802,"NRI_P002",50
"22755",42989.745606738,"NRI_P002",100
"22756",5247.51670673801,"NRI_P002",25
"22757",-129.562313261995,"NRI_P002",50
"22758",35607.343786738,"NRI_P002",100
"22759",-2166.344813262,"NRI_P002",25
"22760",3530.72918673803,"NRI_P002",50
"22761",31557.852996738,"NRI_P002",100
"22762",1189.01531673802,"NRI_P002",25
"22763",8142.64415673801,"NRI_P002",50
"22764",4698.98249673803,"NRI_P002",100
"22765",973.29914673802,"NRI_P002",25
"22766",39557.431506738,"NRI_P002",50
"22767",37657.226716738,"NRI_P002",100
"22768",4572.13323673801,"NRI_P002",25
"22769",-299.626473261975,"NRI_P002",50
"22770",-14038.295513262,"NRI_P002",100
"22771",-1051.02951326198,"NRI_P002",25
"22772",12107.843466738,"NRI_P002",50
"22773",75125.441706738,"NRI_P002",100
"22774",368.768976738007,"NRI_P002",25
"22775",35717.782806738,"NRI_P002",50
"22776",8354.24631673802,"NRI_P002",100
"22777",5491.08509673801,"NRI_P002",25
"22778",65251.254036738,"NRI_P002",50
"22779",42369.632686738,"NRI_P002",100
"22780",4019.29693673801,"NRI_P002",25
"22781",40863.830906738,"NRI_P002",50
"22782",14705.035686738,"NRI_P002",100
"22783",3858.84241673801,"NRI_P002",25
"22784",5014.66254673802,"NRI_P002",50
"22785",35081.421316738,"NRI_P002",100
"22786",29254.106376738,"NRI_P002",25
"22787",1792.60260673802,"NRI_P002",50
"22788",66314.852816738,"NRI_P002",100
"22789",3039.28348673802,"NRI_P002",25
"22790",3680.94575673802,"NRI_P002",50
"22791",28256.650656738,"NRI_P002",100
"22792",3748.71256673802,"NRI_P002",25
"22793",7582.78988673803,"NRI_P002",50
"22794",-8197.91150326197,"NRI_P002",100
"22795",29335.935916738,"NRI_P002",25
"22796",7327.53681673802,"NRI_P002",50
"22797",13610.793506738,"NRI_P002",100
"22798",5943.921216738,"NRI_P002",25
"22799",7446.35571673801,"NRI_P002",50
"22800",19520.769876738,"NRI_P002",100
"22801",22654.921174901,"NRI_P003",25
"22802",47289.990134901,"NRI_P003",50
"22803",123720.848024901,"NRI_P003",100
"22804",27787.322484901,"NRI_P003",25
"22805",63291.531164901,"NRI_P003",50
"22806",73052.418364901,"NRI_P003",100
"22807",36493.291474901,"NRI_P003",25
"22808",46325.451254901,"NRI_P003",50
"22809",106590.322624901,"NRI_P003",100
"22810",35745.654054901,"NRI_P003",25
"22811",65026.540544901,"NRI_P003",50
"22812",114817.950204901,"NRI_P003",100
"22813",19697.678794901,"NRI_P003",25
"22814",62071.438504901,"NRI_P003",50
"22815",130621.363204901,"NRI_P003",100
"22816",23700.724824901,"NRI_P003",25
"22817",59327.106124901,"NRI_P003",50
"22818",77125.731534901,"NRI_P003",100
"22819",16738.471834901,"NRI_P003",25
"22820",61287.693434901,"NRI_P003",50
"22821",89042.841504901,"NRI_P003",100
"22822",19868.828014901,"NRI_P003",25
"22823",39906.212604901,"NRI_P003",50
"22824",141949.098614901,"NRI_P003",100
"22825",19550.458494901,"NRI_P003",25
"22826",49558.633764901,"NRI_P003",50
"22827",101060.769354901,"NRI_P003",100
"22828",34347.399604901,"NRI_P003",25
"22829",49664.619664901,"NRI_P003",50
"22830",85779.388634901,"NRI_P003",100
"22831",25677.101494901,"NRI_P003",25
"22832",56983.753514901,"NRI_P003",50
"22833",104798.399634901,"NRI_P003",100
"22834",28503.792484901,"NRI_P003",25
"22835",41564.709034901,"NRI_P003",50
"22836",84980.518194901,"NRI_P003",100
"22837",29228.562944901,"NRI_P003",25
"22838",40684.184544901,"NRI_P003",50
"22839",75542.729104901,"NRI_P003",100
"22840",25814.670544901,"NRI_P003",25
"22841",52841.983674901,"NRI_P003",50
"22842",60145.582574901,"NRI_P003",100
"22843",38805.477584901,"NRI_P003",25
"22844",44994.692014901,"NRI_P003",50
"22845",68775.962874901,"NRI_P003",100
"22846",28313.644394901,"NRI_P003",25
"22847",49493.852144901,"NRI_P003",50
"22848",108883.278494901,"NRI_P003",100
"22849",45771.191504901,"NRI_P003",25
"22850",39485.233414901,"NRI_P003",50
"22851",88263.927814901,"NRI_P003",100
"22852",27982.064754901,"NRI_P003",25
"22853",34166.138624901,"NRI_P003",50
"22854",85424.237704901,"NRI_P003",100
"22855",35654.867924901,"NRI_P003",25
"22856",43846.114414901,"NRI_P003",50
"22857",80646.146444901,"NRI_P003",100
"22858",31968.614984901,"NRI_P003",25
"22859",51047.714564901,"NRI_P003",50
"22860",118951.211084901,"NRI_P003",100
"22861",42582.225814901,"NRI_P003",25
"22862",36038.559074901,"NRI_P003",50
"22863",100583.243504901,"NRI_P003",100
"22864",15816.330874901,"NRI_P003",25
"22865",74704.762204901,"NRI_P003",50
"22866",63235.824214901,"NRI_P003",100
"22867",27505.091554901,"NRI_P003",25
"22868",65199.398624901,"NRI_P003",50
"22869",96618.666614901,"NRI_P003",100
"22870",25406.162114901,"NRI_P003",25
"22871",65140.127414901,"NRI_P003",50
"22872",91155.168774901,"NRI_P003",100
"22873",25582.257074901,"NRI_P003",25
"22874",62466.830544901,"NRI_P003",50
"22875",97793.157424901,"NRI_P003",100
"22876",34091.021564901,"NRI_P003",25
"22877",71318.312744901,"NRI_P003",50
"22878",97915.961244901,"NRI_P003",100
"22879",30443.513714901,"NRI_P003",25
"22880",43821.324884901,"NRI_P003",50
"22881",99554.616284901,"NRI_P003",100
"22882",14887.755534901,"NRI_P003",25
"22883",28844.086474901,"NRI_P003",50
"22884",97054.639354901,"NRI_P003",100
"22885",17375.164284901,"NRI_P003",25
"22886",45385.137284901,"NRI_P003",50
"22887",97405.100604901,"NRI_P003",100
"22888",19354.136604901,"NRI_P003",25
"22889",66198.653154901,"NRI_P003",50
"22890",114972.054894901,"NRI_P003",100
"22891",32490.489694901,"NRI_P003",25
"22892",63090.853614901,"NRI_P003",50
"22893",91354.565584901,"NRI_P003",100
"22894",24443.845764901,"NRI_P003",25
"22895",47661.712644901,"NRI_P003",50
"22896",78070.792464901,"NRI_P003",100
"22897",24526.589214901,"NRI_P003",25
"22898",60788.784574901,"NRI_P003",50
"22899",128270.376584901,"NRI_P003",100
"22900",29130.371214901,"NRI_P003",25
"22901",48275.734404901,"NRI_P003",50
"22902",112953.746344901,"NRI_P003",100
"22903",23047.700974901,"NRI_P003",25
"22904",49609.793274901,"NRI_P003",50
"22905",74129.554264901,"NRI_P003",100
"22906",28941.407094901,"NRI_P003",25
"22907",63224.306184901,"NRI_P003",50
"22908",89315.231764901,"NRI_P003",100
"22909",19889.043984901,"NRI_P003",25
"22910",50819.672774901,"NRI_P003",50
"22911",73203.319384901,"NRI_P003",100
"22912",23548.639914901,"NRI_P003",25
"22913",55398.060914901,"NRI_P003",50
"22914",93374.199604901,"NRI_P003",100
"22915",27001.578494901,"NRI_P003",25
"22916",37041.546804901,"NRI_P003",50
"22917",96767.600564901,"NRI_P003",100
"22918",23894.278484901,"NRI_P003",25
"22919",51862.489324901,"NRI_P003",50
"22920",89689.558124901,"NRI_P003",100
"22921",31558.105274901,"NRI_P003",25
"22922",27480.546474901,"NRI_P003",50
"22923",100793.536994901,"NRI_P003",100
"22924",23315.727914901,"NRI_P003",25
"22925",66922.396234901,"NRI_P003",50
"22926",98413.015624901,"NRI_P003",100
"22927",23857.242574901,"NRI_P003",25
"22928",51946.770684901,"NRI_P003",50
"22929",94112.203924901,"NRI_P003",100
"22930",38726.890414901,"NRI_P003",25
"22931",32001.279574901,"NRI_P003",50
"22932",114505.412564901,"NRI_P003",100
"22933",15918.290544901,"NRI_P003",25
"22934",45466.216234901,"NRI_P003",50
"22935",96947.127264901,"NRI_P003",100
"22936",26827.206914901,"NRI_P003",25
"22937",29959.806614901,"NRI_P003",50
"22938",85109.849344901,"NRI_P003",100
"22939",23792.094314901,"NRI_P003",25
"22940",59506.410794901,"NRI_P003",50
"22941",84603.606784901,"NRI_P003",100
"22942",10992.652364901,"NRI_P003",25
"22943",57174.955204901,"NRI_P003",50
"22944",101974.267264901,"NRI_P003",100
"22945",11469.173694901,"NRI_P003",25
"22946",28505.654804901,"NRI_P003",50
"22947",88736.867834901,"NRI_P003",100
"22948",20169.947454901,"NRI_P003",25
"22949",32217.775154901,"NRI_P003",50
"22950",92958.847034901,"NRI_P003",100
"22951",19089.588814901,"NRI_P003",25
"22952",43719.423974901,"NRI_P003",50
"22953",81529.350764901,"NRI_P003",100
"22954",20226.437034901,"NRI_P003",25
"22955",43539.904764901,"NRI_P003",50
"22956",110661.688004901,"NRI_P003",100
"22957",15125.659114901,"NRI_P003",25
"22958",43617.809404901,"NRI_P003",50
"22959",108784.836124901,"NRI_P003",100
"22960",14257.205124901,"NRI_P003",25
"22961",36814.577174901,"NRI_P003",50
"22962",97967.792594901,"NRI_P003",100
"22963",21713.716724901,"NRI_P003",25
"22964",50345.316684901,"NRI_P003",50
"22965",77529.632174901,"NRI_P003",100
"22966",33799.447054901,"NRI_P003",25
"22967",32414.855884901,"NRI_P003",50
"22968",132903.284874901,"NRI_P003",100
"22969",20491.488784901,"NRI_P003",25
"22970",48851.942454901,"NRI_P003",50
"22971",79390.894324901,"NRI_P003",100
"22972",32344.552324901,"NRI_P003",25
"22973",56222.241544901,"NRI_P003",50
"22974",75929.143474901,"NRI_P003",100
"22975",34577.311264901,"NRI_P003",25
"22976",64441.218954901,"NRI_P003",50
"22977",67643.074954901,"NRI_P003",100
"22978",12413.500884901,"NRI_P003",25
"22979",52998.741574901,"NRI_P003",50
"22980",92913.282254901,"NRI_P003",100
"22981",19754.702504901,"NRI_P003",25
"22982",53654.878024901,"NRI_P003",50
"22983",99023.062484901,"NRI_P003",100
"22984",22711.903064901,"NRI_P003",25
"22985",57229.902584901,"NRI_P003",50
"22986",100512.447544901,"NRI_P003",100
"22987",18857.446474901,"NRI_P003",25
"22988",28290.661164901,"NRI_P003",50
"22989",119259.845234901,"NRI_P003",100
"22990",19322.701894901,"NRI_P003",25
"22991",63476.676884901,"NRI_P003",50
"22992",100987.021504901,"NRI_P003",100
"22993",17200.157474901,"NRI_P003",25
"22994",46982.372784901,"NRI_P003",50
"22995",96153.892084901,"NRI_P003",100
"22996",36051.498974901,"NRI_P003",25
"22997",34202.742444901,"NRI_P003",50
"22998",112982.599624901,"NRI_P003",100
"22999",18779.356694901,"NRI_P003",25
"23000",62919.765144901,"NRI_P003",50
"23001",80374.011614901,"NRI_P003",100
"23002",20916.036714901,"NRI_P003",25
"23003",52183.815964901,"NRI_P003",50
"23004",110845.965904901,"NRI_P003",100
"23005",16802.364984901,"NRI_P003",25
"23006",63251.542114901,"NRI_P003",50
"23007",91003.894794901,"NRI_P003",100
"23008",31847.660704901,"NRI_P003",25
"23009",56990.420094901,"NRI_P003",50
"23010",116787.075904901,"NRI_P003",100
"23011",12326.573404901,"NRI_P003",25
"23012",41281.977694901,"NRI_P003",50
"23013",89124.932754901,"NRI_P003",100
"23014",20748.350444901,"NRI_P003",25
"23015",34716.086824901,"NRI_P003",50
"23016",103017.214134901,"NRI_P003",100
"23017",49637.771764901,"NRI_P003",25
"23018",58287.987004901,"NRI_P003",50
"23019",95045.284134901,"NRI_P003",100
"23020",28941.355424901,"NRI_P003",25
"23021",67676.788694901,"NRI_P003",50
"23022",122296.140104901,"NRI_P003",100
"23023",5861.509824901,"NRI_P003",25
"23024",52358.662924901,"NRI_P003",50
"23025",100020.934974901,"NRI_P003",100
"23026",29980.239414901,"NRI_P003",25
"23027",53990.158214901,"NRI_P003",50
"23028",103339.298704901,"NRI_P003",100
"23029",7857.58123490098,"NRI_P003",25
"23030",52845.234754901,"NRI_P003",50
"23031",108924.981934901,"NRI_P003",100
"23032",27175.323334901,"NRI_P003",25
"23033",36639.882274901,"NRI_P003",50
"23034",101313.733364901,"NRI_P003",100
"23035",24854.101304901,"NRI_P003",25
"23036",45183.088224901,"NRI_P003",50
"23037",95772.720314901,"NRI_P003",100
"23038",25521.620814901,"NRI_P003",25
"23039",33453.246264901,"NRI_P003",50
"23040",97993.975914901,"NRI_P003",100
"23041",22433.869644901,"NRI_P003",25
"23042",51751.204824901,"NRI_P003",50
"23043",89584.781534901,"NRI_P003",100
"23044",28017.722124901,"NRI_P003",25
"23045",68831.275914901,"NRI_P003",50
"23046",89139.526724901,"NRI_P003",100
"23047",19806.398414901,"NRI_P003",25
"23048",73750.454234901,"NRI_P003",50
"23049",106030.095924901,"NRI_P003",100
"23050",10950.091654901,"NRI_P003",25
"23051",58757.563584901,"NRI_P003",50
"23052",82698.218524901,"NRI_P003",100
"23053",12074.402294901,"NRI_P003",25
"23054",36133.643504901,"NRI_P003",50
"23055",95780.360374901,"NRI_P003",100
"23056",23561.287824901,"NRI_P003",25
"23057",44515.827084901,"NRI_P003",50
"23058",118517.827214901,"NRI_P003",100
"23059",33189.199124901,"NRI_P003",25
"23060",49543.852954901,"NRI_P003",50
"23061",82272.839034901,"NRI_P003",100
"23062",24368.851574901,"NRI_P003",25
"23063",27739.503444901,"NRI_P003",50
"23064",125260.381714901,"NRI_P003",100
"23065",34849.503314901,"NRI_P003",25
"23066",39912.935474901,"NRI_P003",50
"23067",71193.045724901,"NRI_P003",100
"23068",16293.843214901,"NRI_P003",25
"23069",26312.505574901,"NRI_P003",50
"23070",82650.245124901,"NRI_P003",100
"23071",19589.998604901,"NRI_P003",25
"23072",32367.468024901,"NRI_P003",50
"23073",78817.891134901,"NRI_P003",100
"23074",18217.584864901,"NRI_P003",25
"23075",46794.253024901,"NRI_P003",50
"23076",103007.016774901,"NRI_P003",100
"23077",35574.276114901,"NRI_P003",25
"23078",54280.254974901,"NRI_P003",50
"23079",74745.243504901,"NRI_P003",100
"23080",21347.236264901,"NRI_P003",25
"23081",44652.197004901,"NRI_P003",50
"23082",91784.381294901,"NRI_P003",100
"23083",25543.297714901,"NRI_P003",25
"23084",25132.800684901,"NRI_P003",50
"23085",96499.668284901,"NRI_P003",100
"23086",27464.363214901,"NRI_P003",25
"23087",48728.575084901,"NRI_P003",50
"23088",81751.357374901,"NRI_P003",100
"23089",32651.584764901,"NRI_P003",25
"23090",47274.045774901,"NRI_P003",50
"23091",117546.767664901,"NRI_P003",100
"23092",27973.052854901,"NRI_P003",25
"23093",17777.637584901,"NRI_P003",50
"23094",104213.184524901,"NRI_P003",100
"23095",21652.656064901,"NRI_P003",25
"23096",65946.807074901,"NRI_P003",50
"23097",86597.838544901,"NRI_P003",100
"23098",19732.944064901,"NRI_P003",25
"23099",49421.133044901,"NRI_P003",50
"23100",99129.639554901,"NRI_P003",100
"23101",17168.387122108,"NRI_P006",25
"23102",8788.901242108,"NRI_P006",50
"23103",16377.595602108,"NRI_P006",100
"23104",19017.368572108,"NRI_P006",25
"23105",9807.363632108,"NRI_P006",50
"23106",13656.361172108,"NRI_P006",100
"23107",-11724.679777892,"NRI_P006",25
"23108",1746.49250210801,"NRI_P006",50
"23109",3961.697032108,"NRI_P006",100
"23110",-15572.086747892,"NRI_P006",25
"23111",24142.341242108,"NRI_P006",50
"23112",-3214.99138789199,"NRI_P006",100
"23113",4260.251872108,"NRI_P006",25
"23114",-4309.10800789201,"NRI_P006",50
"23115",58213.320362108,"NRI_P006",100
"23116",9151.324122108,"NRI_P006",25
"23117",-6888.80762789201,"NRI_P006",50
"23118",6984.02344210801,"NRI_P006",100
"23119",7196.079222108,"NRI_P006",25
"23120",-16927.603107892,"NRI_P006",50
"23121",33804.583682108,"NRI_P006",100
"23122",5010.140502108,"NRI_P006",25
"23123",35859.104912108,"NRI_P006",50
"23124",44672.240462108,"NRI_P006",100
"23125",-5231.67385789199,"NRI_P006",25
"23126",15618.215252108,"NRI_P006",50
"23127",46759.255552108,"NRI_P006",100
"23128",-2753.338907892,"NRI_P006",25
"23129",22014.199922108,"NRI_P006",50
"23130",40056.134552108,"NRI_P006",100
"23131",15350.497372108,"NRI_P006",25
"23132",9588.683192108,"NRI_P006",50
"23133",24650.986222108,"NRI_P006",100
"23134",-1873.99741789201,"NRI_P006",25
"23135",6477.671232108,"NRI_P006",50
"23136",-20324.627297892,"NRI_P006",100
"23137",-1497.99449789201,"NRI_P006",25
"23138",433.980452107993,"NRI_P006",50
"23139",39029.009192108,"NRI_P006",100
"23140",9283.97834210799,"NRI_P006",25
"23141",9991.26361210798,"NRI_P006",50
"23142",10710.778032108,"NRI_P006",100
"23143",16220.485942108,"NRI_P006",25
"23144",9744.205272108,"NRI_P006",50
"23145",14452.669272108,"NRI_P006",100
"23146",23311.941182108,"NRI_P006",25
"23147",-14976.472327892,"NRI_P006",50
"23148",4509.04411210801,"NRI_P006",100
"23149",28303.200082108,"NRI_P006",25
"23150",-5140.21233789201,"NRI_P006",50
"23151",31858.397472108,"NRI_P006",100
"23152",-5409.961357892,"NRI_P006",25
"23153",19637.028922108,"NRI_P006",50
"23154",2456.104352108,"NRI_P006",100
"23155",-14179.638507892,"NRI_P006",25
"23156",7162.33920210801,"NRI_P006",50
"23157",-5732.489267892,"NRI_P006",100
"23158",-6190.140957892,"NRI_P006",25
"23159",-9926.60570789201,"NRI_P006",50
"23160",7076.06991210801,"NRI_P006",100
"23161",17978.152462108,"NRI_P006",25
"23162",38665.014742108,"NRI_P006",50
"23163",2250.175872108,"NRI_P006",100
"23164",29219.225062108,"NRI_P006",25
"23165",15181.790312108,"NRI_P006",50
"23166",7163.68545210801,"NRI_P006",100
"23167",-957.761277892016,"NRI_P006",25
"23168",28566.118252108,"NRI_P006",50
"23169",12669.661412108,"NRI_P006",100
"23170",17881.181442108,"NRI_P006",25
"23171",18275.706322108,"NRI_P006",50
"23172",-1067.12180789199,"NRI_P006",100
"23173",9792.73100210799,"NRI_P006",25
"23174",154.923862108,"NRI_P006",50
"23175",14815.653882108,"NRI_P006",100
"23176",-10454.107237892,"NRI_P006",25
"23177",-23309.358827892,"NRI_P006",50
"23178",27238.055702108,"NRI_P006",100
"23179",-1167.01977789201,"NRI_P006",25
"23180",40408.788812108,"NRI_P006",50
"23181",33104.813502108,"NRI_P006",100
"23182",8424.90466210799,"NRI_P006",25
"23183",19520.799282108,"NRI_P006",50
"23184",16873.595052108,"NRI_P006",100
"23185",-1419.54117789201,"NRI_P006",25
"23186",25694.289912108,"NRI_P006",50
"23187",6565.10304210801,"NRI_P006",100
"23188",-228.51648789199,"NRI_P006",25
"23189",5132.683712108,"NRI_P006",50
"23190",25194.502112108,"NRI_P006",100
"23191",-5342.898467892,"NRI_P006",25
"23192",-4806.051717892,"NRI_P006",50
"23193",68215.357332108,"NRI_P006",100
"23194",-10793.037837892,"NRI_P006",25
"23195",-9588.69807789201,"NRI_P006",50
"23196",-4920.12840789201,"NRI_P006",100
"23197",-4415.49268789199,"NRI_P006",25
"23198",-16322.678197892,"NRI_P006",50
"23199",16719.953222108,"NRI_P006",100
"23200",5676.56590210801,"NRI_P006",25
"23201",18566.140612108,"NRI_P006",50
"23202",-7183.448167892,"NRI_P006",100
"23203",23948.382282108,"NRI_P006",25
"23204",45928.840542108,"NRI_P006",50
"23205",63746.650472108,"NRI_P006",100
"23206",6256.046982108,"NRI_P006",25
"23207",16288.145172108,"NRI_P006",50
"23208",9149.760342108,"NRI_P006",100
"23209",157.208072107984,"NRI_P006",25
"23210",-3836.89422789201,"NRI_P006",50
"23211",41223.914112108,"NRI_P006",100
"23212",18441.779142108,"NRI_P006",25
"23213",28882.171642108,"NRI_P006",50
"23214",47047.704202108,"NRI_P006",100
"23215",-1002.929687892,"NRI_P006",25
"23216",1591.06375210799,"NRI_P006",50
"23217",-11615.061347892,"NRI_P006",100
"23218",8875.438772108,"NRI_P006",25
"23219",-1613.41358789199,"NRI_P006",50
"23220",16462.787722108,"NRI_P006",100
"23221",12718.092962108,"NRI_P006",25
"23222",6099.01557210801,"NRI_P006",50
"23223",16703.713742108,"NRI_P006",100
"23224",-2452.91619789202,"NRI_P006",25
"23225",12076.937742108,"NRI_P006",50
"23226",34147.311582108,"NRI_P006",100
"23227",-4897.93871789202,"NRI_P006",25
"23228",46646.918952108,"NRI_P006",50
"23229",49618.143452108,"NRI_P006",100
"23230",-8718.66564789199,"NRI_P006",25
"23231",17474.722312108,"NRI_P006",50
"23232",17697.226272108,"NRI_P006",100
"23233",-5509.70825789199,"NRI_P006",25
"23234",7649.88423210799,"NRI_P006",50
"23235",56759.643462108,"NRI_P006",100
"23236",-5682.04143789201,"NRI_P006",25
"23237",-3356.52756789202,"NRI_P006",50
"23238",38360.383022108,"NRI_P006",100
"23239",2826.14252210798,"NRI_P006",25
"23240",24037.691822108,"NRI_P006",50
"23241",33391.922382108,"NRI_P006",100
"23242",25433.592892108,"NRI_P006",25
"23243",13418.055042108,"NRI_P006",50
"23244",72241.976562108,"NRI_P006",100
"23245",8400.552822108,"NRI_P006",25
"23246",-13455.881007892,"NRI_P006",50
"23247",17999.543122108,"NRI_P006",100
"23248",23035.017062108,"NRI_P006",25
"23249",-10250.777717892,"NRI_P006",50
"23250",85306.127502108,"NRI_P006",100
"23251",-9200.57924789199,"NRI_P006",25
"23252",8333.91918210799,"NRI_P006",50
"23253",-23213.329417892,"NRI_P006",100
"23254",11036.844542108,"NRI_P006",25
"23255",27041.788812108,"NRI_P006",50
"23256",21349.622122108,"NRI_P006",100
"23257",9617.94446210799,"NRI_P006",25
"23258",-15620.635627892,"NRI_P006",50
"23259",8065.95130210801,"NRI_P006",100
"23260",-5060.88238789199,"NRI_P006",25
"23261",40502.116202108,"NRI_P006",50
"23262",22063.313282108,"NRI_P006",100
"23263",1682.80989210799,"NRI_P006",25
"23264",35164.903932108,"NRI_P006",50
"23265",18806.902622108,"NRI_P006",100
"23266",-15208.672227892,"NRI_P006",25
"23267",-3899.92617789199,"NRI_P006",50
"23268",21372.620802108,"NRI_P006",100
"23269",-11245.793727892,"NRI_P006",25
"23270",82443.932282108,"NRI_P006",50
"23271",-7408.88908789199,"NRI_P006",100
"23272",3766.829122108,"NRI_P006",25
"23273",31217.918372108,"NRI_P006",50
"23274",-16482.858967892,"NRI_P006",100
"23275",28849.602022108,"NRI_P006",25
"23276",10363.017642108,"NRI_P006",50
"23277",43564.978762108,"NRI_P006",100
"23278",-6227.44780789199,"NRI_P006",25
"23279",-924.957517892006,"NRI_P006",50
"23280",-7261.58511789201,"NRI_P006",100
"23281",16130.190652108,"NRI_P006",25
"23282",33097.019222108,"NRI_P006",50
"23283",77111.550082108,"NRI_P006",100
"23284",64.9215421080007,"NRI_P006",25
"23285",43634.455252108,"NRI_P006",50
"23286",40821.409632108,"NRI_P006",100
"23287",-3058.334947892,"NRI_P006",25
"23288",550.657272107987,"NRI_P006",50
"23289",457.18558210801,"NRI_P006",100
"23290",34430.663942108,"NRI_P006",25
"23291",8575.29222210799,"NRI_P006",50
"23292",24399.892052108,"NRI_P006",100
"23293",69716.202942108,"NRI_P006",25
"23294",10181.783622108,"NRI_P006",50
"23295",5100.32671210798,"NRI_P006",100
"23296",14684.613492108,"NRI_P006",25
"23297",-1233.52302789199,"NRI_P006",50
"23298",51652.603452108,"NRI_P006",100
"23299",-13084.600457892,"NRI_P006",25
"23300",-14070.216897892,"NRI_P006",50
"23301",-22658.545867892,"NRI_P006",100
"23302",28688.724692108,"NRI_P006",25
"23303",-1746.11488789201,"NRI_P006",50
"23304",58432.126682108,"NRI_P006",100
"23305",-1881.26872789199,"NRI_P006",25
"23306",11395.882322108,"NRI_P006",50
"23307",-27219.058697892,"NRI_P006",100
"23308",9486.06376210801,"NRI_P006",25
"23309",9407.56955210801,"NRI_P006",50
"23310",71.5307721080026,"NRI_P006",100
"23311",11349.865612108,"NRI_P006",25
"23312",7864.76045210799,"NRI_P006",50
"23313",30644.751812108,"NRI_P006",100
"23314",17817.369092108,"NRI_P006",25
"23315",33181.394552108,"NRI_P006",50
"23316",53490.916512108,"NRI_P006",100
"23317",6902.04519210799,"NRI_P006",25
"23318",37808.326672108,"NRI_P006",50
"23319",28855.277892108,"NRI_P006",100
"23320",-4179.702697892,"NRI_P006",25
"23321",7785.980652108,"NRI_P006",50
"23322",15494.097272108,"NRI_P006",100
"23323",3353.11184210799,"NRI_P006",25
"23324",17282.555802108,"NRI_P006",50
"23325",6479.343042108,"NRI_P006",100
"23326",7966.63585210801,"NRI_P006",25
"23327",2251.06024210801,"NRI_P006",50
"23328",1091.43845210801,"NRI_P006",100
"23329",-7329.54194789199,"NRI_P006",25
"23330",23519.273442108,"NRI_P006",50
"23331",5978.27369210799,"NRI_P006",100
"23332",15612.990132108,"NRI_P006",25
"23333",17782.476282108,"NRI_P006",50
"23334",10834.261802108,"NRI_P006",100
"23335",12332.283772108,"NRI_P006",25
"23336",26371.400482108,"NRI_P006",50
"23337",15196.439832108,"NRI_P006",100
"23338",12258.259022108,"NRI_P006",25
"23339",-845.420067892002,"NRI_P006",50
"23340",49344.719812108,"NRI_P006",100
"23341",34606.936882108,"NRI_P006",25
"23342",33046.409702108,"NRI_P006",50
"23343",67173.090442108,"NRI_P006",100
"23344",-4846.29954789201,"NRI_P006",25
"23345",-3036.164127892,"NRI_P006",50
"23346",32305.927402108,"NRI_P006",100
"23347",2229.96829210801,"NRI_P006",25
"23348",19659.463732108,"NRI_P006",50
"23349",18405.270082108,"NRI_P006",100
"23350",9505.344992108,"NRI_P006",25
"23351",13005.551342108,"NRI_P006",50
"23352",18528.145672108,"NRI_P006",100
"23353",7943.84438210799,"NRI_P006",25
"23354",-7801.66264789199,"NRI_P006",50
"23355",18991.567702108,"NRI_P006",100
"23356",22733.801602108,"NRI_P006",25
"23357",23.8342921079893,"NRI_P006",50
"23358",27533.637012108,"NRI_P006",100
"23359",-2281.43688789199,"NRI_P006",25
"23360",30648.038652108,"NRI_P006",50
"23361",6178.496992108,"NRI_P006",100
"23362",27397.934292108,"NRI_P006",25
"23363",2982.971142108,"NRI_P006",50
"23364",19185.526362108,"NRI_P006",100
"23365",2158.258802108,"NRI_P006",25
"23366",-10611.610157892,"NRI_P006",50
"23367",9164.76869210799,"NRI_P006",100
"23368",2958.13535210799,"NRI_P006",25
"23369",14970.529852108,"NRI_P006",50
"23370",43358.292262108,"NRI_P006",100
"23371",27912.398332108,"NRI_P006",25
"23372",-14812.999467892,"NRI_P006",50
"23373",25450.154662108,"NRI_P006",100
"23374",-1361.958647892,"NRI_P006",25
"23375",43088.814622108,"NRI_P006",50
"23376",-15066.186827892,"NRI_P006",100
"23377",17833.297782108,"NRI_P006",25
"23378",-5748.142777892,"NRI_P006",50
"23379",-6600.34756789199,"NRI_P006",100
"23380",13887.469382108,"NRI_P006",25
"23381",-12993.295127892,"NRI_P006",50
"23382",27622.973782108,"NRI_P006",100
"23383",17994.410452108,"NRI_P006",25
"23384",12929.726962108,"NRI_P006",50
"23385",-7044.616847892,"NRI_P006",100
"23386",7676.655822108,"NRI_P006",25
"23387",3748.700782108,"NRI_P006",50
"23388",921.633792107983,"NRI_P006",100
"23389",33901.770682108,"NRI_P006",25
"23390",-4821.792407892,"NRI_P006",50
"23391",15471.369592108,"NRI_P006",100
"23392",-3428.37741789201,"NRI_P006",25
"23393",13836.571582108,"NRI_P006",50
"23394",72.0600821079861,"NRI_P006",100
"23395",-736.571287892002,"NRI_P006",25
"23396",-6909.405367892,"NRI_P006",50
"23397",39870.945432108,"NRI_P006",100
"23398",7039.05568210801,"NRI_P006",25
"23399",30084.152122108,"NRI_P006",50
"23400",53059.275062108,"NRI_P006",100
"23401",-53646.103634055,"NRI_P008",25
"23402",-51715.063034055,"NRI_P008",50
"23403",-80985.248464055,"NRI_P008",100
"23404",6141.70326594502,"NRI_P008",25
"23405",-37754.206674055,"NRI_P008",50
"23406",-59655.663974055,"NRI_P008",100
"23407",-2376.04453405499,"NRI_P008",25
"23408",-63709.661694055,"NRI_P008",50
"23409",-69432.593454055,"NRI_P008",100
"23410",-2678.346134055,"NRI_P008",25
"23411",-41302.658024055,"NRI_P008",50
"23412",-49292.765704055,"NRI_P008",100
"23413",-43865.649764055,"NRI_P008",25
"23414",-52600.219564055,"NRI_P008",50
"23415",-65488.108594055,"NRI_P008",100
"23416",-46769.714584055,"NRI_P008",25
"23417",-60112.772724055,"NRI_P008",50
"23418",-51725.351744055,"NRI_P008",100
"23419",408.274865944986,"NRI_P008",25
"23420",-50633.982954055,"NRI_P008",50
"23421",-59376.604124055,"NRI_P008",100
"23422",-4252.514164055,"NRI_P008",25
"23423",-47813.731354055,"NRI_P008",50
"23424",-52917.947094055,"NRI_P008",100
"23425",-4926.92368405499,"NRI_P008",25
"23426",-46627.237374055,"NRI_P008",50
"23427",-64406.984314055,"NRI_P008",100
"23428",-5461.74616405502,"NRI_P008",25
"23429",-18341.283524055,"NRI_P008",50
"23430",-56638.734964055,"NRI_P008",100
"23431",-58223.531974055,"NRI_P008",25
"23432",-11798.455464055,"NRI_P008",50
"23433",-77600.998784055,"NRI_P008",100
"23434",1400.31726594502,"NRI_P008",25
"23435",-50341.934324055,"NRI_P008",50
"23436",-78272.410194055,"NRI_P008",100
"23437",-47965.208214055,"NRI_P008",25
"23438",733.034085944993,"NRI_P008",50
"23439",-70531.445934055,"NRI_P008",100
"23440",-46446.707664055,"NRI_P008",25
"23441",-69321.546194055,"NRI_P008",50
"23442",-67983.172434055,"NRI_P008",100
"23443",-3409.25456405501,"NRI_P008",25
"23444",-58116.503424055,"NRI_P008",50
"23445",-64041.220934055,"NRI_P008",100
"23446",-12105.164174055,"NRI_P008",25
"23447",-3069.64334405499,"NRI_P008",50
"23448",-69907.493374055,"NRI_P008",100
"23449",-8170.07461405499,"NRI_P008",25
"23450",-54691.805844055,"NRI_P008",50
"23451",-64102.153114055,"NRI_P008",100
"23452",-53917.965364055,"NRI_P008",25
"23453",-16627.984514055,"NRI_P008",50
"23454",-61296.128564055,"NRI_P008",100
"23455",-4238.63408405503,"NRI_P008",25
"23456",-46870.002064055,"NRI_P008",50
"23457",-57596.883684055,"NRI_P008",100
"23458",-48726.405874055,"NRI_P008",25
"23459",-38624.294414055,"NRI_P008",50
"23460",-58473.592664055,"NRI_P008",100
"23461",-612.187564055028,"NRI_P008",25
"23462",-36319.518344055,"NRI_P008",50
"23463",-46439.081124055,"NRI_P008",100
"23464",-5143.84043405502,"NRI_P008",25
"23465",-8892.43529405503,"NRI_P008",50
"23466",-70047.049684055,"NRI_P008",100
"23467",-52103.862664055,"NRI_P008",25
"23468",-59922.534384055,"NRI_P008",50
"23469",-61009.312264055,"NRI_P008",100
"23470",-8799.183784055,"NRI_P008",25
"23471",-13907.221254055,"NRI_P008",50
"23472",-63312.260634055,"NRI_P008",100
"23473",-1425.83482405503,"NRI_P008",25
"23474",9821.43558594497,"NRI_P008",50
"23475",-72649.650164055,"NRI_P008",100
"23476",-6820.89220405498,"NRI_P008",25
"23477",-4053.68384405499,"NRI_P008",50
"23478",-57716.248104055,"NRI_P008",100
"23479",-6612.77940405498,"NRI_P008",25
"23480",-42704.218084055,"NRI_P008",50
"23481",-64888.716324055,"NRI_P008",100
"23482",624.916715945001,"NRI_P008",25
"23483",-13885.003954055,"NRI_P008",50
"23484",-60334.777074055,"NRI_P008",100
"23485",-2899.18241405499,"NRI_P008",25
"23486",-6946.58976405498,"NRI_P008",50
"23487",-47859.602194055,"NRI_P008",100
"23488",1207.924115945,"NRI_P008",25
"23489",-10798.619144055,"NRI_P008",50
"23490",-79684.155814055,"NRI_P008",100
"23491",-22050.671884055,"NRI_P008",25
"23492",-15417.571114055,"NRI_P008",50
"23493",-70594.389494055,"NRI_P008",100
"23494",-234.887524055026,"NRI_P008",25
"23495",-6091.93377405498,"NRI_P008",50
"23496",-76802.076284055,"NRI_P008",100
"23497",15443.395575945,"NRI_P008",25
"23498",-46012.853384055,"NRI_P008",50
"23499",-59372.519614055,"NRI_P008",100
"23500",-4015.216334055,"NRI_P008",25
"23501",-72803.444624055,"NRI_P008",50
"23502",-62820.162704055,"NRI_P008",100
"23503",5383.75166594499,"NRI_P008",25
"23504",-5968.288764055,"NRI_P008",50
"23505",-52264.736884055,"NRI_P008",100
"23506",-4242.66179405502,"NRI_P008",25
"23507",8657.179465945,"NRI_P008",50
"23508",-66359.248434055,"NRI_P008",100
"23509",10.0653159450158,"NRI_P008",25
"23510",-67396.558584055,"NRI_P008",50
"23511",-47345.280434055,"NRI_P008",100
"23512",-4089.97495405498,"NRI_P008",25
"23513",-47425.624214055,"NRI_P008",50
"23514",-69791.828664055,"NRI_P008",100
"23515",-9104.39227405499,"NRI_P008",25
"23516",-43357.462394055,"NRI_P008",50
"23517",-69534.412034055,"NRI_P008",100
"23518",-53077.343684055,"NRI_P008",25
"23519",-54298.752904055,"NRI_P008",50
"23520",-56887.583224055,"NRI_P008",100
"23521",-1328.31077405502,"NRI_P008",25
"23522",-42121.814614055,"NRI_P008",50
"23523",-66483.724364055,"NRI_P008",100
"23524",-11248.971944055,"NRI_P008",25
"23525",-62721.212604055,"NRI_P008",50
"23526",-65020.509984055,"NRI_P008",100
"23527",-51320.913924055,"NRI_P008",25
"23528",-61301.711694055,"NRI_P008",50
"23529",-64230.069974055,"NRI_P008",100
"23530",-2610.45808405499,"NRI_P008",25
"23531",-618.284674055001,"NRI_P008",50
"23532",-67126.274124055,"NRI_P008",100
"23533",-13464.667014055,"NRI_P008",25
"23534",-22709.340414055,"NRI_P008",50
"23535",-36567.010324055,"NRI_P008",100
"23536",-3987.59393405501,"NRI_P008",25
"23537",-5995.25153405499,"NRI_P008",50
"23538",-69962.225324055,"NRI_P008",100
"23539",-4545.28967405501,"NRI_P008",25
"23540",-57545.386134055,"NRI_P008",50
"23541",-89227.103754055,"NRI_P008",100
"23542",-48433.621524055,"NRI_P008",25
"23543",-45335.480084055,"NRI_P008",50
"23544",-57094.731114055,"NRI_P008",100
"23545",-54011.468474055,"NRI_P008",25
"23546",-5740.01552405499,"NRI_P008",50
"23547",-64255.416524055,"NRI_P008",100
"23548",6708.30063594499,"NRI_P008",25
"23549",-52617.602144055,"NRI_P008",50
"23550",-70785.182574055,"NRI_P008",100
"23551",-15838.664104055,"NRI_P008",25
"23552",-4092.18535405502,"NRI_P008",50
"23553",-36337.933834055,"NRI_P008",100
"23554",-8766.359474055,"NRI_P008",25
"23555",-11314.983684055,"NRI_P008",50
"23556",-67606.457314055,"NRI_P008",100
"23557",-10078.565704055,"NRI_P008",25
"23558",1811.554435945,"NRI_P008",50
"23559",-74592.043014055,"NRI_P008",100
"23560",-40086.558414055,"NRI_P008",25
"23561",-58294.801114055,"NRI_P008",50
"23562",-68267.419954055,"NRI_P008",100
"23563",3676.553395945,"NRI_P008",25
"23564",-2859.85705405503,"NRI_P008",50
"23565",-71219.282264055,"NRI_P008",100
"23566",-7994.47378405498,"NRI_P008",25
"23567",-7622.16821405501,"NRI_P008",50
"23568",-57887.230174055,"NRI_P008",100
"23569",-4123.12753405498,"NRI_P008",25
"23570",-23619.985484055,"NRI_P008",50
"23571",-53543.195054055,"NRI_P008",100
"23572",1317.85867594497,"NRI_P008",25
"23573",-52325.852814055,"NRI_P008",50
"23574",-64503.928144055,"NRI_P008",100
"23575",-3334.55215405498,"NRI_P008",25
"23576",-458.968354055018,"NRI_P008",50
"23577",-63699.599614055,"NRI_P008",100
"23578",5786.85216594499,"NRI_P008",25
"23579",-52715.841054055,"NRI_P008",50
"23580",-77658.736564055,"NRI_P008",100
"23581",-59530.637344055,"NRI_P008",25
"23582",-7438.20635405503,"NRI_P008",50
"23583",-61201.872714055,"NRI_P008",100
"23584",-5394.266404055,"NRI_P008",25
"23585",-17174.433064055,"NRI_P008",50
"23586",-67011.587284055,"NRI_P008",100
"23587",-48840.910514055,"NRI_P008",25
"23588",-66391.492754055,"NRI_P008",50
"23589",-60084.698864055,"NRI_P008",100
"23590",-7382.07820405503,"NRI_P008",25
"23591",-78554.829874055,"NRI_P008",50
"23592",-63745.273114055,"NRI_P008",100
"23593",-1680.52054405498,"NRI_P008",25
"23594",-14955.125154055,"NRI_P008",50
"23595",-55671.060824055,"NRI_P008",100
"23596",-13748.650654055,"NRI_P008",25
"23597",-54355.165784055,"NRI_P008",50
"23598",-76597.487194055,"NRI_P008",100
"23599",-53705.491394055,"NRI_P008",25
"23600",-5633.68195405498,"NRI_P008",50
"23601",-66320.985954055,"NRI_P008",100
"23602",-1676.53888405499,"NRI_P008",25
"23603",-49278.838664055,"NRI_P008",50
"23604",-74649.339714055,"NRI_P008",100
"23605",-52588.838474055,"NRI_P008",25
"23606",-23022.829014055,"NRI_P008",50
"23607",-64322.284824055,"NRI_P008",100
"23608",-3627.60634405498,"NRI_P008",25
"23609",-53506.893684055,"NRI_P008",50
"23610",-66341.084504055,"NRI_P008",100
"23611",7661.36756594502,"NRI_P008",25
"23612",-9899.28271405498,"NRI_P008",50
"23613",-50500.486174055,"NRI_P008",100
"23614",-8621.35919405503,"NRI_P008",25
"23615",-68057.143724055,"NRI_P008",50
"23616",-71387.347674055,"NRI_P008",100
"23617",-13019.052094055,"NRI_P008",25
"23618",-7473.95492405503,"NRI_P008",50
"23619",-67515.864014055,"NRI_P008",100
"23620",4817.96807594498,"NRI_P008",25
"23621",-12038.146164055,"NRI_P008",50
"23622",-62675.308414055,"NRI_P008",100
"23623",-8304.89222405502,"NRI_P008",25
"23624",-49828.994924055,"NRI_P008",50
"23625",-56829.260994055,"NRI_P008",100
"23626",-6188.88006405497,"NRI_P008",25
"23627",-10033.525844055,"NRI_P008",50
"23628",-61888.788634055,"NRI_P008",100
"23629",-78.439764055016,"NRI_P008",25
"23630",-56016.838034055,"NRI_P008",50
"23631",-57373.261044055,"NRI_P008",100
"23632",-45894.575804055,"NRI_P008",25
"23633",-4085.39806405501,"NRI_P008",50
"23634",-54670.604964055,"NRI_P008",100
"23635",-6256.43436405499,"NRI_P008",25
"23636",-61022.784704055,"NRI_P008",50
"23637",-59900.537774055,"NRI_P008",100
"23638",-9534.23679405503,"NRI_P008",25
"23639",-39564.935264055,"NRI_P008",50
"23640",-61447.986444055,"NRI_P008",100
"23641",-12022.182424055,"NRI_P008",25
"23642",-14453.721224055,"NRI_P008",50
"23643",-79617.999934055,"NRI_P008",100
"23644",-299.24072405498,"NRI_P008",25
"23645",-46108.969964055,"NRI_P008",50
"23646",-70976.438334055,"NRI_P008",100
"23647",-7965.616674055,"NRI_P008",25
"23648",-6463.58173405501,"NRI_P008",50
"23649",-62228.878714055,"NRI_P008",100
"23650",-9176.715034055,"NRI_P008",25
"23651",-35856.369114055,"NRI_P008",50
"23652",-79799.356414055,"NRI_P008",100
"23653",6360.85240594501,"NRI_P008",25
"23654",-1656.95564405498,"NRI_P008",50
"23655",-63401.047054055,"NRI_P008",100
"23656",-3917.57521405502,"NRI_P008",25
"23657",-6484.79008405498,"NRI_P008",50
"23658",-56838.913784055,"NRI_P008",100
"23659",228.405185944983,"NRI_P008",25
"23660",-14702.644854055,"NRI_P008",50
"23661",-58404.338804055,"NRI_P008",100
"23662",-450.487914055004,"NRI_P008",25
"23663",-48695.011064055,"NRI_P008",50
"23664",-65405.351034055,"NRI_P008",100
"23665",-15043.022154055,"NRI_P008",25
"23666",-7401.85716405499,"NRI_P008",50
"23667",-61107.590304055,"NRI_P008",100
"23668",-47199.977044055,"NRI_P008",25
"23669",-44407.187914055,"NRI_P008",50
"23670",-67909.399584055,"NRI_P008",100
"23671",-9348.36165405501,"NRI_P008",25
"23672",-6419.94856405503,"NRI_P008",50
"23673",-35599.529484055,"NRI_P008",100
"23674",-12972.066714055,"NRI_P008",25
"23675",-76187.837234055,"NRI_P008",50
"23676",-68344.562064055,"NRI_P008",100
"23677",-8717.72072405502,"NRI_P008",25
"23678",-47304.505354055,"NRI_P008",50
"23679",-65685.183154055,"NRI_P008",100
"23680",-6501.52074405499,"NRI_P008",25
"23681",-57630.881454055,"NRI_P008",50
"23682",-67498.890334055,"NRI_P008",100
"23683",-52203.598264055,"NRI_P008",25
"23684",-50269.200574055,"NRI_P008",50
"23685",-50211.314704055,"NRI_P008",100
"23686",-53723.362964055,"NRI_P008",25
"23687",-16897.716544055,"NRI_P008",50
"23688",-71887.102774055,"NRI_P008",100
"23689",-7643.83697405498,"NRI_P008",25
"23690",12953.245465945,"NRI_P008",50
"23691",-59664.520114055,"NRI_P008",100
"23692",-5606.36737405503,"NRI_P008",25
"23693",-14939.003024055,"NRI_P008",50
"23694",-62996.816144055,"NRI_P008",100
"23695",-1310.43660405499,"NRI_P008",25
"23696",-61662.442534055,"NRI_P008",50
"23697",-65972.585834055,"NRI_P008",100
"23698",-5720.27706405503,"NRI_P008",25
"23699",-13793.523904055,"NRI_P008",50
"23700",-43654.222294055,"NRI_P008",100
"23701",29917.113092567,"NRI_P010",25
"23702",73690.549642567,"NRI_P010",50
"23703",30734.416392567,"NRI_P010",100
"23704",-5726.033687433,"NRI_P010",25
"23705",28243.815892567,"NRI_P010",50
"23706",25873.919192567,"NRI_P010",100
"23707",-6302.46076743299,"NRI_P010",25
"23708",13804.550112567,"NRI_P010",50
"23709",41306.704562567,"NRI_P010",100
"23710",-12648.5095174329,"NRI_P010",25
"23711",14250.555102567,"NRI_P010",50
"23712",42495.805112567,"NRI_P010",100
"23713",26375.203562567,"NRI_P010",25
"23714",-2156.88292743295,"NRI_P010",50
"23715",35027.364012567,"NRI_P010",100
"23716",17377.9392425671,"NRI_P010",25
"23717",2119.56030256703,"NRI_P010",50
"23718",24139.683632567,"NRI_P010",100
"23719",-6076.14019743295,"NRI_P010",25
"23720",50528.352092567,"NRI_P010",50
"23721",94141.396032567,"NRI_P010",100
"23722",-17564.846277433,"NRI_P010",25
"23723",-3927.216127433,"NRI_P010",50
"23724",48860.479852567,"NRI_P010",100
"23725",21402.956432567,"NRI_P010",25
"23726",14957.987032567,"NRI_P010",50
"23727",108842.145112567,"NRI_P010",100
"23728",2427.16241256701,"NRI_P010",25
"23729",30139.718462567,"NRI_P010",50
"23730",39201.660062567,"NRI_P010",100
"23731",22488.221302567,"NRI_P010",25
"23732",18022.623512567,"NRI_P010",50
"23733",62316.895102567,"NRI_P010",100
"23734",3622.78749256703,"NRI_P010",25
"23735",26563.419352567,"NRI_P010",50
"23736",44539.701982567,"NRI_P010",100
"23737",23519.040122567,"NRI_P010",25
"23738",17880.474022567,"NRI_P010",50
"23739",30761.311822567,"NRI_P010",100
"23740",34601.575672567,"NRI_P010",25
"23741",1857.98093256704,"NRI_P010",50
"23742",55931.130762567,"NRI_P010",100
"23743",18177.022092567,"NRI_P010",25
"23744",13276.138452567,"NRI_P010",50
"23745",48008.794102567,"NRI_P010",100
"23746",-281.649467432988,"NRI_P010",25
"23747",20164.511162567,"NRI_P010",50
"23748",63461.925622567,"NRI_P010",100
"23749",1651.68615256704,"NRI_P010",25
"23750",31871.261762567,"NRI_P010",50
"23751",48249.840212567,"NRI_P010",100
"23752",19948.777262567,"NRI_P010",25
"23753",39557.652512567,"NRI_P010",50
"23754",31166.323382567,"NRI_P010",100
"23755",-517.173057432985,"NRI_P010",25
"23756",2733.05916256702,"NRI_P010",50
"23757",52944.4503425671,"NRI_P010",100
"23758",5688.554542567,"NRI_P010",25
"23759",53652.570752567,"NRI_P010",50
"23760",-14268.950357433,"NRI_P010",100
"23761",-19077.1252374329,"NRI_P010",25
"23762",-1746.37811743299,"NRI_P010",50
"23763",22955.0185525671,"NRI_P010",100
"23764",1595.10163256701,"NRI_P010",25
"23765",9905.82223256701,"NRI_P010",50
"23766",34107.686152567,"NRI_P010",100
"23767",18322.550492567,"NRI_P010",25
"23768",21860.944592567,"NRI_P010",50
"23769",28810.4386925671,"NRI_P010",100
"23770",22501.976062567,"NRI_P010",25
"23771",31108.241322567,"NRI_P010",50
"23772",39062.9580325671,"NRI_P010",100
"23773",25256.908892567,"NRI_P010",25
"23774",13592.273262567,"NRI_P010",50
"23775",22526.279842567,"NRI_P010",100
"23776",6219.02151256701,"NRI_P010",25
"23777",4540.360972567,"NRI_P010",50
"23778",17809.257612567,"NRI_P010",100
"23779",7197.08556256705,"NRI_P010",25
"23780",12269.123672567,"NRI_P010",50
"23781",45265.591312567,"NRI_P010",100
"23782",18267.972622567,"NRI_P010",25
"23783",28389.487162567,"NRI_P010",50
"23784",25428.909402567,"NRI_P010",100
"23785",-5006.05452743295,"NRI_P010",25
"23786",-2582.98144743295,"NRI_P010",50
"23787",12842.566672567,"NRI_P010",100
"23788",2247.06105256703,"NRI_P010",25
"23789",21726.4899625671,"NRI_P010",50
"23790",49647.0557725671,"NRI_P010",100
"23791",15282.775412567,"NRI_P010",25
"23792",7580.54502256704,"NRI_P010",50
"23793",34130.235442567,"NRI_P010",100
"23794",23237.104842567,"NRI_P010",25
"23795",28837.946142567,"NRI_P010",50
"23796",49858.3941025671,"NRI_P010",100
"23797",-19196.799177433,"NRI_P010",25
"23798",-1355.25815743295,"NRI_P010",50
"23799",69306.498652567,"NRI_P010",100
"23800",-2021.96919743298,"NRI_P010",25
"23801",38447.066582567,"NRI_P010",50
"23802",35472.905002567,"NRI_P010",100
"23803",5935.86735256703,"NRI_P010",25
"23804",36541.604662567,"NRI_P010",50
"23805",48088.996872567,"NRI_P010",100
"23806",20187.725352567,"NRI_P010",25
"23807",26014.671992567,"NRI_P010",50
"23808",33398.609082567,"NRI_P010",100
"23809",9577.57519256702,"NRI_P010",25
"23810",10262.976192567,"NRI_P010",50
"23811",58874.094172567,"NRI_P010",100
"23812",22464.111922567,"NRI_P010",25
"23813",-5280.42703743296,"NRI_P010",50
"23814",67143.385312567,"NRI_P010",100
"23815",26651.042612567,"NRI_P010",25
"23816",31976.814012567,"NRI_P010",50
"23817",58189.236252567,"NRI_P010",100
"23818",26439.090562567,"NRI_P010",25
"23819",10403.964062567,"NRI_P010",50
"23820",16525.711462567,"NRI_P010",100
"23821",32293.172812567,"NRI_P010",25
"23822",-8176.82063743297,"NRI_P010",50
"23823",78866.2740725671,"NRI_P010",100
"23824",17373.773342567,"NRI_P010",25
"23825",-3645.19885743299,"NRI_P010",50
"23826",62661.883122567,"NRI_P010",100
"23827",-15976.551367433,"NRI_P010",25
"23828",62362.689052567,"NRI_P010",50
"23829",43488.612022567,"NRI_P010",100
"23830",19834.075042567,"NRI_P010",25
"23831",65151.9409325671,"NRI_P010",50
"23832",48632.743342567,"NRI_P010",100
"23833",1803.41092256701,"NRI_P010",25
"23834",24020.487222567,"NRI_P010",50
"23835",97653.914212567,"NRI_P010",100
"23836",2970.078522567,"NRI_P010",25
"23837",23507.826372567,"NRI_P010",50
"23838",23336.869382567,"NRI_P010",100
"23839",-16227.880217433,"NRI_P010",25
"23840",1529.14723256702,"NRI_P010",50
"23841",38724.979062567,"NRI_P010",100
"23842",-5078.06585743296,"NRI_P010",25
"23843",34871.710002567,"NRI_P010",50
"23844",83033.596672567,"NRI_P010",100
"23845",-9435.00690743298,"NRI_P010",25
"23846",47606.511902567,"NRI_P010",50
"23847",51813.690732567,"NRI_P010",100
"23848",3721.03304256703,"NRI_P010",25
"23849",19688.5373725671,"NRI_P010",50
"23850",39023.165012567,"NRI_P010",100
"23851",57788.892742567,"NRI_P010",25
"23852",44224.429972567,"NRI_P010",50
"23853",67936.607442567,"NRI_P010",100
"23854",25440.372222567,"NRI_P010",25
"23855",-16452.544117433,"NRI_P010",50
"23856",86751.388972567,"NRI_P010",100
"23857",-19977.777477433,"NRI_P010",25
"23858",40632.525132567,"NRI_P010",50
"23859",73459.291012567,"NRI_P010",100
"23860",3020.49760256702,"NRI_P010",25
"23861",25538.346502567,"NRI_P010",50
"23862",23963.442922567,"NRI_P010",100
"23863",2632.62598256703,"NRI_P010",25
"23864",26902.9361925671,"NRI_P010",50
"23865",68788.551372567,"NRI_P010",100
"23866",5551.43867256702,"NRI_P010",25
"23867",62.7055025669979,"NRI_P010",50
"23868",48522.543632567,"NRI_P010",100
"23869",-3978.50264743296,"NRI_P010",25
"23870",22905.760452567,"NRI_P010",50
"23871",35630.753532567,"NRI_P010",100
"23872",24765.612002567,"NRI_P010",25
"23873",38214.769062567,"NRI_P010",50
"23874",26326.516602567,"NRI_P010",100
"23875",6648.31776256702,"NRI_P010",25
"23876",4616.85925256705,"NRI_P010",50
"23877",55894.030632567,"NRI_P010",100
"23878",32669.9545925671,"NRI_P010",25
"23879",25123.333362567,"NRI_P010",50
"23880",86160.4094225671,"NRI_P010",100
"23881",6131.81688256701,"NRI_P010",25
"23882",22659.991072567,"NRI_P010",50
"23883",41411.702302567,"NRI_P010",100
"23884",29777.341712567,"NRI_P010",25
"23885",27395.452502567,"NRI_P010",50
"23886",64584.613572567,"NRI_P010",100
"23887",10010.031902567,"NRI_P010",25
"23888",32967.106192567,"NRI_P010",50
"23889",50789.666842567,"NRI_P010",100
"23890",-1006.20336743299,"NRI_P010",25
"23891",43079.062012567,"NRI_P010",50
"23892",42149.864732567,"NRI_P010",100
"23893",4532.37162256701,"NRI_P010",25
"23894",17026.969202567,"NRI_P010",50
"23895",27476.033532567,"NRI_P010",100
"23896",4520.621912567,"NRI_P010",25
"23897",26198.583142567,"NRI_P010",50
"23898",9513.63851256703,"NRI_P010",100
"23899",28574.864272567,"NRI_P010",25
"23900",19678.596082567,"NRI_P010",50
"23901",59842.465992567,"NRI_P010",100
"23902",12695.664692567,"NRI_P010",25
"23903",5459.48320256703,"NRI_P010",50
"23904",36230.768982567,"NRI_P010",100
"23905",8724.39751256705,"NRI_P010",25
"23906",9981.970852567,"NRI_P010",50
"23907",36119.9308725671,"NRI_P010",100
"23908",23972.496912567,"NRI_P010",25
"23909",12729.786322567,"NRI_P010",50
"23910",-7664.16450743296,"NRI_P010",100
"23911",-8946.29989743297,"NRI_P010",25
"23912",-6335.73453743296,"NRI_P010",50
"23913",74816.964852567,"NRI_P010",100
"23914",8496.98751256702,"NRI_P010",25
"23915",11693.313832567,"NRI_P010",50
"23916",49897.788602567,"NRI_P010",100
"23917",-4637.70840743295,"NRI_P010",25
"23918",3480.64925256703,"NRI_P010",50
"23919",1208.97316256701,"NRI_P010",100
"23920",7639.88852256705,"NRI_P010",25
"23921",59373.396792567,"NRI_P010",50
"23922",81239.591912567,"NRI_P010",100
"23923",26125.180702567,"NRI_P010",25
"23924",83028.939922567,"NRI_P010",50
"23925",67677.393962567,"NRI_P010",100
"23926",6652.801722567,"NRI_P010",25
"23927",-21945.020577433,"NRI_P010",50
"23928",55247.582022567,"NRI_P010",100
"23929",7753.56232256704,"NRI_P010",25
"23930",60000.461172567,"NRI_P010",50
"23931",29615.7782225671,"NRI_P010",100
"23932",-9056.13004743296,"NRI_P010",25
"23933",-4787.46107743296,"NRI_P010",50
"23934",41274.055592567,"NRI_P010",100
"23935",12896.593672567,"NRI_P010",25
"23936",-7077.61382743297,"NRI_P010",50
"23937",16408.548672567,"NRI_P010",100
"23938",4456.13611256704,"NRI_P010",25
"23939",50375.835482567,"NRI_P010",50
"23940",47595.030792567,"NRI_P010",100
"23941",-8493.61024743295,"NRI_P010",25
"23942",4519.92326256703,"NRI_P010",50
"23943",21918.490382567,"NRI_P010",100
"23944",16903.943052567,"NRI_P010",25
"23945",67679.481982567,"NRI_P010",50
"23946",62354.591842567,"NRI_P010",100
"23947",4460.96979256702,"NRI_P010",25
"23948",44528.249772567,"NRI_P010",50
"23949",49354.063292567,"NRI_P010",100
"23950",24303.938342567,"NRI_P010",25
"23951",6468.36839256703,"NRI_P010",50
"23952",22230.331652567,"NRI_P010",100
"23953",1504.75179256703,"NRI_P010",25
"23954",16559.284652567,"NRI_P010",50
"23955",75088.0284825671,"NRI_P010",100
"23956",42107.434122567,"NRI_P010",25
"23957",29473.049532567,"NRI_P010",50
"23958",104040.143142567,"NRI_P010",100
"23959",53845.574332567,"NRI_P010",25
"23960",55588.555322567,"NRI_P010",50
"23961",34782.238852567,"NRI_P010",100
"23962",15797.065792567,"NRI_P010",25
"23963",18473.515032567,"NRI_P010",50
"23964",25274.808992567,"NRI_P010",100
"23965",41660.959062567,"NRI_P010",25
"23966",9619.41433256702,"NRI_P010",50
"23967",74982.160722567,"NRI_P010",100
"23968",21726.217602567,"NRI_P010",25
"23969",-3030.69524743297,"NRI_P010",50
"23970",45747.408042567,"NRI_P010",100
"23971",27032.510842567,"NRI_P010",25
"23972",-331.034767432953,"NRI_P010",50
"23973",14555.621742567,"NRI_P010",100
"23974",12155.388052567,"NRI_P010",25
"23975",37686.619342567,"NRI_P010",50
"23976",18860.091952567,"NRI_P010",100
"23977",-9707.19829743297,"NRI_P010",25
"23978",7134.236852567,"NRI_P010",50
"23979",34369.413312567,"NRI_P010",100
"23980",596.454642567027,"NRI_P010",25
"23981",7630.59488256701,"NRI_P010",50
"23982",21092.202072567,"NRI_P010",100
"23983",9324.75443256705,"NRI_P010",25
"23984",4440.781112567,"NRI_P010",50
"23985",-3191.55451743299,"NRI_P010",100
"23986",-535.974387432972,"NRI_P010",25
"23987",3442.74527256703,"NRI_P010",50
"23988",25344.736372567,"NRI_P010",100
"23989",14299.1618225671,"NRI_P010",25
"23990",24441.529462567,"NRI_P010",50
"23991",69125.250852567,"NRI_P010",100
"23992",48738.000182567,"NRI_P010",25
"23993",39331.032932567,"NRI_P010",50
"23994",50027.299762567,"NRI_P010",100
"23995",-2081.82215743297,"NRI_P010",25
"23996",16162.907542567,"NRI_P010",50
"23997",115461.203802567,"NRI_P010",100
"23998",9089.41002256703,"NRI_P010",25
"23999",23016.658292567,"NRI_P010",50
"24000",21713.496692567,"NRI_P010",100
"24001",-932.328122370003,"NRI_P012",25
"24002",1079.62014762999,"NRI_P012",50
"24003",-14109.67937237,"NRI_P012",100
"24004",-6479.39951237,"NRI_P012",25
"24005",14988.99831763,"NRI_P012",50
"24006",1965.53575763002,"NRI_P012",100
"24007",-15247.10912237,"NRI_P012",25
"24008",4251.29117763002,"NRI_P012",50
"24009",16986.55129763,"NRI_P012",100
"24010",-2576.55658236996,"NRI_P012",25
"24011",-863.492262369953,"NRI_P012",50
"24012",-4266.51143237,"NRI_P012",100
"24013",9588.44261763,"NRI_P012",25
"24014",-8441.80812236998,"NRI_P012",50
"24015",30913.37934763,"NRI_P012",100
"24016",-1429.34933236998,"NRI_P012",25
"24017",10969.55941763,"NRI_P012",50
"24018",6165.17596763,"NRI_P012",100
"24019",-1347.96178237,"NRI_P012",25
"24020",14504.24554763,"NRI_P012",50
"24021",-4855.54529236996,"NRI_P012",100
"24022",-6516.80174237001,"NRI_P012",25
"24023",5606.56262763002,"NRI_P012",50
"24024",3938.10579763004,"NRI_P012",100
"24025",20697.84979763,"NRI_P012",25
"24026",-144.268972369959,"NRI_P012",50
"24027",-472.834212369984,"NRI_P012",100
"24028",12131.05003763,"NRI_P012",25
"24029",-4206.47940236999,"NRI_P012",50
"24030",-279.351402369968,"NRI_P012",100
"24031",747.782317630015,"NRI_P012",25
"24032",11613.49713763,"NRI_P012",50
"24033",7459.76696763001,"NRI_P012",100
"24034",-3411.41150236997,"NRI_P012",25
"24035",-8608.32366236998,"NRI_P012",50
"24036",15021.06032763,"NRI_P012",100
"24037",-536.149672369997,"NRI_P012",25
"24038",-7158.83636237,"NRI_P012",50
"24039",-4808.86559236998,"NRI_P012",100
"24040",1072.38992763002,"NRI_P012",25
"24041",-10848.76095237,"NRI_P012",50
"24042",7946.69764763,"NRI_P012",100
"24043",-7225.25539236999,"NRI_P012",25
"24044",-3446.24794236996,"NRI_P012",50
"24045",-12084.00970237,"NRI_P012",100
"24046",666.953227630001,"NRI_P012",25
"24047",876.473207630042,"NRI_P012",50
"24048",11980.89296763,"NRI_P012",100
"24049",5617.60071763,"NRI_P012",25
"24050",2116.05314763001,"NRI_P012",50
"24051",6139.37137763004,"NRI_P012",100
"24052",5770.68457763002,"NRI_P012",25
"24053",7438.87597763003,"NRI_P012",50
"24054",3129.45712763001,"NRI_P012",100
"24055",-2534.90927236999,"NRI_P012",25
"24056",28804.59570763,"NRI_P012",50
"24057",-11594.38513237,"NRI_P012",100
"24058",5564.82388763002,"NRI_P012",25
"24059",-1880.14844237,"NRI_P012",50
"24060",-2667.44081236998,"NRI_P012",100
"24061",-2347.67048236995,"NRI_P012",25
"24062",-2344.57022236998,"NRI_P012",50
"24063",29860.68873763,"NRI_P012",100
"24064",17114.65039763,"NRI_P012",25
"24065",-483.560632370005,"NRI_P012",50
"24066",8985.77976763004,"NRI_P012",100
"24067",-7696.90354236995,"NRI_P012",25
"24068",10390.74558763,"NRI_P012",50
"24069",23486.43991763,"NRI_P012",100
"24070",-4335.36110236996,"NRI_P012",25
"24071",20208.92729763,"NRI_P012",50
"24072",7729.51556763001,"NRI_P012",100
"24073",-6347.90423236997,"NRI_P012",25
"24074",1301.35137763002,"NRI_P012",50
"24075",6270.92789763003,"NRI_P012",100
"24076",-9866.89717236999,"NRI_P012",25
"24077",3600.72219763004,"NRI_P012",50
"24078",-3847.10149236995,"NRI_P012",100
"24079",-2046.15501236997,"NRI_P012",25
"24080",1893.61152763001,"NRI_P012",50
"24081",6996.99599763,"NRI_P012",100
"24082",-6676.01697236998,"NRI_P012",25
"24083",-1233.92203237,"NRI_P012",50
"24084",27890.05060763,"NRI_P012",100
"24085",4583.87649763003,"NRI_P012",25
"24086",1757.89626763004,"NRI_P012",50
"24087",6387.12010763003,"NRI_P012",100
"24088",8395.94586763001,"NRI_P012",25
"24089",44063.26032763,"NRI_P012",50
"24090",3149.84101763001,"NRI_P012",100
"24091",-5732.61430237,"NRI_P012",25
"24092",-1657.89780236996,"NRI_P012",50
"24093",5755.40417763003,"NRI_P012",100
"24094",-10454.39119237,"NRI_P012",25
"24095",11880.73243763,"NRI_P012",50
"24096",2929.92204763001,"NRI_P012",100
"24097",-1548.40093236999,"NRI_P012",25
"24098",-3117.08923236997,"NRI_P012",50
"24099",15820.19747763,"NRI_P012",100
"24100",7683.90982763004,"NRI_P012",25
"24101",12258.58120763,"NRI_P012",50
"24102",-7489.19959236996,"NRI_P012",100
"24103",-2392.79329236998,"NRI_P012",25
"24104",5893.99197763001,"NRI_P012",50
"24105",708.560747630021,"NRI_P012",100
"24106",3906.06998763001,"NRI_P012",25
"24107",6763.79405763,"NRI_P012",50
"24108",2773.50154763,"NRI_P012",100
"24109",-3663.51037236996,"NRI_P012",25
"24110",-8467.72384236997,"NRI_P012",50
"24111",-4060.91191237001,"NRI_P012",100
"24112",-14950.55980237,"NRI_P012",25
"24113",-5583.80345236999,"NRI_P012",50
"24114",9196.01171763003,"NRI_P012",100
"24115",-1798.06038236996,"NRI_P012",25
"24116",-7431.93849236995,"NRI_P012",50
"24117",1914.82645763003,"NRI_P012",100
"24118",-2372.83839236997,"NRI_P012",25
"24119",-3321.29141236999,"NRI_P012",50
"24120",15135.61716763,"NRI_P012",100
"24121",-6957.56709237001,"NRI_P012",25
"24122",5069.21635763004,"NRI_P012",50
"24123",-4991.79353237001,"NRI_P012",100
"24124",-3911.50845237001,"NRI_P012",25
"24125",-2014.34870236996,"NRI_P012",50
"24126",-8606.63592236995,"NRI_P012",100
"24127",5315.53214763,"NRI_P012",25
"24128",-7816.47539236996,"NRI_P012",50
"24129",17856.08679763,"NRI_P012",100
"24130",-1976.20195237,"NRI_P012",25
"24131",-14239.05666237,"NRI_P012",50
"24132",-5115.07721237,"NRI_P012",100
"24133",-5756.68504236999,"NRI_P012",25
"24134",-9372.61871236999,"NRI_P012",50
"24135",-1434.35781237,"NRI_P012",100
"24136",-6117.65065237001,"NRI_P012",25
"24137",9636.00969763001,"NRI_P012",50
"24138",-9524.77716236998,"NRI_P012",100
"24139",-8710.20076236996,"NRI_P012",25
"24140",-7303.27673236997,"NRI_P012",50
"24141",-1520.35876236996,"NRI_P012",100
"24142",818.278867629997,"NRI_P012",25
"24143",3887.94421763002,"NRI_P012",50
"24144",500.70210763003,"NRI_P012",100
"24145",-2160.92368236999,"NRI_P012",25
"24146",-9010.41944237001,"NRI_P012",50
"24147",5916.92957763001,"NRI_P012",100
"24148",21254.11894763,"NRI_P012",25
"24149",15618.38638763,"NRI_P012",50
"24150",-2785.59189236996,"NRI_P012",100
"24151",-1532.54794237,"NRI_P012",25
"24152",-2706.20283237001,"NRI_P012",50
"24153",14392.09593763,"NRI_P012",100
"24154",2048.36297762999,"NRI_P012",25
"24155",9326.28173763002,"NRI_P012",50
"24156",19520.95762763,"NRI_P012",100
"24157",-5419.70672237,"NRI_P012",25
"24158",21974.29209763,"NRI_P012",50
"24159",33352.96319763,"NRI_P012",100
"24160",-8328.63332237001,"NRI_P012",25
"24161",-8127.11214236997,"NRI_P012",50
"24162",10186.59316763,"NRI_P012",100
"24163",-707.246682369965,"NRI_P012",25
"24164",2819.22802763002,"NRI_P012",50
"24165",-4604.11967236997,"NRI_P012",100
"24166",43.4956176300184,"NRI_P012",25
"24167",-4975.02410236996,"NRI_P012",50
"24168",8305.79082763003,"NRI_P012",100
"24169",-3409.91352236999,"NRI_P012",25
"24170",21842.31858763,"NRI_P012",50
"24171",-6672.78498236998,"NRI_P012",100
"24172",4297.84258763003,"NRI_P012",25
"24173",2048.57769763004,"NRI_P012",50
"24174",25282.27926763,"NRI_P012",100
"24175",11260.55839763,"NRI_P012",25
"24176",364.441727630037,"NRI_P012",50
"24177",9971.00363763003,"NRI_P012",100
"24178",10392.08832763,"NRI_P012",25
"24179",19684.27742763,"NRI_P012",50
"24180",8570.41872762999,"NRI_P012",100
"24181",-399.64323236997,"NRI_P012",25
"24182",22235.60563763,"NRI_P012",50
"24183",6346.59991763002,"NRI_P012",100
"24184",3257.76953763003,"NRI_P012",25
"24185",-4140.53971236997,"NRI_P012",50
"24186",39398.39412763,"NRI_P012",100
"24187",6988.56005763001,"NRI_P012",25
"24188",-528.976482369995,"NRI_P012",50
"24189",16866.42047763,"NRI_P012",100
"24190",-388.320922370011,"NRI_P012",25
"24191",-4875.45416237001,"NRI_P012",50
"24192",13212.61169763,"NRI_P012",100
"24193",-1672.88509236998,"NRI_P012",25
"24194",-3321.57961237,"NRI_P012",50
"24195",16949.47620763,"NRI_P012",100
"24196",5261.16601763002,"NRI_P012",25
"24197",-2953.04307237,"NRI_P012",50
"24198",5844.03472763003,"NRI_P012",100
"24199",-3959.81884237,"NRI_P012",25
"24200",-5958.21639237,"NRI_P012",50
"24201",28783.73492763,"NRI_P012",100
"24202",725.764067629992,"NRI_P012",25
"24203",-4095.89359236998,"NRI_P012",50
"24204",-5898.88956236996,"NRI_P012",100
"24205",-3238.68595237,"NRI_P012",25
"24206",4744.64559763001,"NRI_P012",50
"24207",10454.61361763,"NRI_P012",100
"24208",4841.88783763,"NRI_P012",25
"24209",5718.32573763002,"NRI_P012",50
"24210",13927.31241763,"NRI_P012",100
"24211",-2930.70376236999,"NRI_P012",25
"24212",-5643.95595236996,"NRI_P012",50
"24213",-2022.80257236998,"NRI_P012",100
"24214",7196.38454763003,"NRI_P012",25
"24215",-10605.23168237,"NRI_P012",50
"24216",2047.96931762999,"NRI_P012",100
"24217",-1772.01017237001,"NRI_P012",25
"24218",11873.87085763,"NRI_P012",50
"24219",30704.92586763,"NRI_P012",100
"24220",-4184.03276236996,"NRI_P012",25
"24221",-1975.15217237,"NRI_P012",50
"24222",34525.51651763,"NRI_P012",100
"24223",-837.822952369985,"NRI_P012",25
"24224",2179.21979763004,"NRI_P012",50
"24225",1517.04434763,"NRI_P012",100
"24226",6492.39923763002,"NRI_P012",25
"24227",-881.146022369969,"NRI_P012",50
"24228",-14618.25372237,"NRI_P012",100
"24229",-4623.53552236996,"NRI_P012",25
"24230",14443.77118763,"NRI_P012",50
"24231",-3135.77734236995,"NRI_P012",100
"24232",14737.17016763,"NRI_P012",25
"24233",7188.32964763005,"NRI_P012",50
"24234",-8622.25219236995,"NRI_P012",100
"24235",-14844.67946237,"NRI_P012",25
"24236",10392.68576763,"NRI_P012",50
"24237",18066.15687763,"NRI_P012",100
"24238",-1851.48140236997,"NRI_P012",25
"24239",-8883.31420237001,"NRI_P012",50
"24240",-17954.44968237,"NRI_P012",100
"24241",19248.94827763,"NRI_P012",25
"24242",19255.53701763,"NRI_P012",50
"24243",2201.91426763003,"NRI_P012",100
"24244",-4692.18014236999,"NRI_P012",25
"24245",6888.27108763001,"NRI_P012",50
"24246",39831.63643763,"NRI_P012",100
"24247",-3377.91675236996,"NRI_P012",25
"24248",4728.09500763001,"NRI_P012",50
"24249",-5855.41631236998,"NRI_P012",100
"24250",-2306.24604236998,"NRI_P012",25
"24251",-826.931372369989,"NRI_P012",50
"24252",-3422.09746237,"NRI_P012",100
"24253",-8548.94288236997,"NRI_P012",25
"24254",-2676.55292236997,"NRI_P012",50
"24255",31964.81203763,"NRI_P012",100
"24256",-550.805492369982,"NRI_P012",25
"24257",-2570.86148237,"NRI_P012",50
"24258",-9790.45194236998,"NRI_P012",100
"24259",-9650.58329236996,"NRI_P012",25
"24260",520.051987630024,"NRI_P012",50
"24261",38242.35547763,"NRI_P012",100
"24262",-7482.20464236999,"NRI_P012",25
"24263",-8633.55154237,"NRI_P012",50
"24264",8667.26756763004,"NRI_P012",100
"24265",-2868.59800236998,"NRI_P012",25
"24266",-9502.61888237001,"NRI_P012",50
"24267",18018.99826763,"NRI_P012",100
"24268",9878.89666763,"NRI_P012",25
"24269",32700.09732763,"NRI_P012",50
"24270",26121.42262763,"NRI_P012",100
"24271",-1651.19036236999,"NRI_P012",25
"24272",-4693.80466237001,"NRI_P012",50
"24273",6115.17576762999,"NRI_P012",100
"24274",10259.72293763,"NRI_P012",25
"24275",-13041.14535237,"NRI_P012",50
"24276",5901.00099763001,"NRI_P012",100
"24277",-11894.90279237,"NRI_P012",25
"24278",-3307.80224236997,"NRI_P012",50
"24279",-3919.13491237001,"NRI_P012",100
"24280",7083.71946763003,"NRI_P012",25
"24281",7610.96038763004,"NRI_P012",50
"24282",22178.91741763,"NRI_P012",100
"24283",3351.19574763003,"NRI_P012",25
"24284",1227.93632763001,"NRI_P012",50
"24285",3070.28069763002,"NRI_P012",100
"24286",323.892247629992,"NRI_P012",25
"24287",-5970.77985236997,"NRI_P012",50
"24288",-9848.34121236997,"NRI_P012",100
"24289",771.143947630015,"NRI_P012",25
"24290",5257.00371763,"NRI_P012",50
"24291",23129.00258763,"NRI_P012",100
"24292",8898.37645763002,"NRI_P012",25
"24293",-9634.99311236996,"NRI_P012",50
"24294",-12403.57507237,"NRI_P012",100
"24295",-10727.97083237,"NRI_P012",25
"24296",12772.05181763,"NRI_P012",50
"24297",7495.27998763003,"NRI_P012",100
"24298",-1805.69328236999,"NRI_P012",25
"24299",698.32425763004,"NRI_P012",50
"24300",4613.54736763,"NRI_P012",100
"24301",4261.89367189701,"NRI_P014",25
"24302",-65008.684048103,"NRI_P014",50
"24303",-107339.483268103,"NRI_P014",100
"24304",12262.248701897,"NRI_P014",25
"24305",-19122.503968103,"NRI_P014",50
"24306",-84328.444108103,"NRI_P014",100
"24307",-8935.25586810301,"NRI_P014",25
"24308",-41554.663488103,"NRI_P014",50
"24309",-111748.733548103,"NRI_P014",100
"24310",1998.31617189699,"NRI_P014",25
"24311",-11458.961578103,"NRI_P014",50
"24312",-64349.701758103,"NRI_P014",100
"24313",-21318.346708103,"NRI_P014",25
"24314",-10002.216148103,"NRI_P014",50
"24315",-64182.341378103,"NRI_P014",100
"24316",-60571.425778103,"NRI_P014",25
"24317",-72269.468168103,"NRI_P014",50
"24318",-107313.929128103,"NRI_P014",100
"24319",-11485.424158103,"NRI_P014",25
"24320",-44026.505138103,"NRI_P014",50
"24321",-81953.306968103,"NRI_P014",100
"24322",-2148.19124810299,"NRI_P014",25
"24323",-89609.984188103,"NRI_P014",50
"24324",-83623.083088103,"NRI_P014",100
"24325",-13355.225068103,"NRI_P014",25
"24326",-43768.679558103,"NRI_P014",50
"24327",-116932.093778103,"NRI_P014",100
"24328",-7557.89885810297,"NRI_P014",25
"24329",-40072.214688103,"NRI_P014",50
"24330",-92863.889488103,"NRI_P014",100
"24331",7350.45320189703,"NRI_P014",25
"24332",-88029.504648103,"NRI_P014",50
"24333",-106545.437018103,"NRI_P014",100
"24334",-17561.126488103,"NRI_P014",25
"24335",-68305.034238103,"NRI_P014",50
"24336",-102979.282458103,"NRI_P014",100
"24337",-17341.201748103,"NRI_P014",25
"24338",-22124.849888103,"NRI_P014",50
"24339",-98581.581508103,"NRI_P014",100
"24340",-29713.886278103,"NRI_P014",25
"24341",-72777.718928103,"NRI_P014",50
"24342",-51661.352458103,"NRI_P014",100
"24343",-25450.535288103,"NRI_P014",25
"24344",-52311.100798103,"NRI_P014",50
"24345",-81797.948708103,"NRI_P014",100
"24346",-42345.124108103,"NRI_P014",25
"24347",-86957.957258103,"NRI_P014",50
"24348",-90907.020468103,"NRI_P014",100
"24349",-30854.376978103,"NRI_P014",25
"24350",-23826.125028103,"NRI_P014",50
"24351",-94510.359968103,"NRI_P014",100
"24352",-18313.192888103,"NRI_P014",25
"24353",-65841.195958103,"NRI_P014",50
"24354",-119057.562118103,"NRI_P014",100
"24355",-9857.33950810297,"NRI_P014",25
"24356",-40168.893158103,"NRI_P014",50
"24357",-95134.514478103,"NRI_P014",100
"24358",-30095.293878103,"NRI_P014",25
"24359",-2050.19742810301,"NRI_P014",50
"24360",-87743.087148103,"NRI_P014",100
"24361",-71879.774458103,"NRI_P014",25
"24362",-36530.495838103,"NRI_P014",50
"24363",-113537.712408103,"NRI_P014",100
"24364",-18226.101888103,"NRI_P014",25
"24365",-71655.515118103,"NRI_P014",50
"24366",-96972.674668103,"NRI_P014",100
"24367",-5855.44055810297,"NRI_P014",25
"24368",-70163.751308103,"NRI_P014",50
"24369",-78970.036298103,"NRI_P014",100
"24370",-17054.091978103,"NRI_P014",25
"24371",-72487.794608103,"NRI_P014",50
"24372",-78237.256188103,"NRI_P014",100
"24373",-55367.249968103,"NRI_P014",25
"24374",-38287.342668103,"NRI_P014",50
"24375",-97155.013868103,"NRI_P014",100
"24376",-5523.06923810299,"NRI_P014",25
"24377",-77556.959438103,"NRI_P014",50
"24378",-107073.666198103,"NRI_P014",100
"24379",-45712.192648103,"NRI_P014",25
"24380",-46311.979898103,"NRI_P014",50
"24381",-91188.072288103,"NRI_P014",100
"24382",-9005.03427810298,"NRI_P014",25
"24383",21262.149411897,"NRI_P014",50
"24384",-59493.658418103,"NRI_P014",100
"24385",-58299.457378103,"NRI_P014",25
"24386",-37558.607628103,"NRI_P014",50
"24387",-107973.396298103,"NRI_P014",100
"24388",-25113.279638103,"NRI_P014",25
"24389",-6484.47244810301,"NRI_P014",50
"24390",-94493.605888103,"NRI_P014",100
"24391",-16347.103178103,"NRI_P014",25
"24392",-34117.706908103,"NRI_P014",50
"24393",-74681.436238103,"NRI_P014",100
"24394",903.131081897009,"NRI_P014",25
"24395",-74584.834298103,"NRI_P014",50
"24396",-93077.982588103,"NRI_P014",100
"24397",-21811.613258103,"NRI_P014",25
"24398",-21701.211508103,"NRI_P014",50
"24399",-66692.391258103,"NRI_P014",100
"24400",-23818.055528103,"NRI_P014",25
"24401",-91185.545098103,"NRI_P014",50
"24402",-118692.589468103,"NRI_P014",100
"24403",-1852.49309810298,"NRI_P014",25
"24404",-41519.121478103,"NRI_P014",50
"24405",-68852.274048103,"NRI_P014",100
"24406",-18135.348918103,"NRI_P014",25
"24407",-17039.366158103,"NRI_P014",50
"24408",-72093.516028103,"NRI_P014",100
"24409",-3181.83796810301,"NRI_P014",25
"24410",-50008.420948103,"NRI_P014",50
"24411",-87527.089568103,"NRI_P014",100
"24412",-22945.830618103,"NRI_P014",25
"24413",-65750.619758103,"NRI_P014",50
"24414",-102779.995448103,"NRI_P014",100
"24415",-254.31549810298,"NRI_P014",25
"24416",-43327.107388103,"NRI_P014",50
"24417",-86654.652078103,"NRI_P014",100
"24418",-30429.220668103,"NRI_P014",25
"24419",-8011.53192810301,"NRI_P014",50
"24420",-60636.266118103,"NRI_P014",100
"24421",-32128.781878103,"NRI_P014",25
"24422",-7315.15769810299,"NRI_P014",50
"24423",-69227.103638103,"NRI_P014",100
"24424",-35856.095878103,"NRI_P014",25
"24425",-67446.291868103,"NRI_P014",50
"24426",-108702.677558103,"NRI_P014",100
"24427",-64930.521588103,"NRI_P014",25
"24428",-62211.546698103,"NRI_P014",50
"24429",-108628.781178103,"NRI_P014",100
"24430",-29121.621978103,"NRI_P014",25
"24431",1610.08362189704,"NRI_P014",50
"24432",-69191.308108103,"NRI_P014",100
"24433",-27954.504198103,"NRI_P014",25
"24434",-32229.856068103,"NRI_P014",50
"24435",-83375.009228103,"NRI_P014",100
"24436",5458.41099189699,"NRI_P014",25
"24437",-30923.790978103,"NRI_P014",50
"24438",-106373.610808103,"NRI_P014",100
"24439",-15355.057178103,"NRI_P014",25
"24440",17413.475461897,"NRI_P014",50
"24441",-99036.625388103,"NRI_P014",100
"24442",-22695.974968103,"NRI_P014",25
"24443",-36095.561098103,"NRI_P014",50
"24444",-103688.636258103,"NRI_P014",100
"24445",-5274.594228103,"NRI_P014",25
"24446",-66745.224598103,"NRI_P014",50
"24447",-53395.839348103,"NRI_P014",100
"24448",-1288.31817810301,"NRI_P014",25
"24449",-60167.310458103,"NRI_P014",50
"24450",-95583.115758103,"NRI_P014",100
"24451",1179.19249189703,"NRI_P014",25
"24452",-24492.472728103,"NRI_P014",50
"24453",-55522.575088103,"NRI_P014",100
"24454",-50563.737268103,"NRI_P014",25
"24455",-58405.106188103,"NRI_P014",50
"24456",-77035.320238103,"NRI_P014",100
"24457",-17128.082408103,"NRI_P014",25
"24458",-64918.739558103,"NRI_P014",50
"24459",-89190.972948103,"NRI_P014",100
"24460",10887.258011897,"NRI_P014",25
"24461",-65347.279628103,"NRI_P014",50
"24462",-79658.291278103,"NRI_P014",100
"24463",2430.427191897,"NRI_P014",25
"24464",-40989.802528103,"NRI_P014",50
"24465",-77283.294288103,"NRI_P014",100
"24466",13180.062831897,"NRI_P014",25
"24467",-73745.232218103,"NRI_P014",50
"24468",-79291.820118103,"NRI_P014",100
"24469",-50644.181588103,"NRI_P014",25
"24470",-80912.715498103,"NRI_P014",50
"24471",-89866.247488103,"NRI_P014",100
"24472",-50149.620628103,"NRI_P014",25
"24473",-67120.795988103,"NRI_P014",50
"24474",-121517.154668103,"NRI_P014",100
"24475",-18635.111078103,"NRI_P014",25
"24476",-7781.57828810299,"NRI_P014",50
"24477",-69545.535968103,"NRI_P014",100
"24478",-2231.46650810301,"NRI_P014",25
"24479",-83532.850728103,"NRI_P014",50
"24480",-103170.853418103,"NRI_P014",100
"24481",-6357.99747810297,"NRI_P014",25
"24482",-46539.179998103,"NRI_P014",50
"24483",-91471.467668103,"NRI_P014",100
"24484",-44217.148138103,"NRI_P014",25
"24485",-71349.566228103,"NRI_P014",50
"24486",-74531.044058103,"NRI_P014",100
"24487",-13076.440228103,"NRI_P014",25
"24488",-72858.365798103,"NRI_P014",50
"24489",-82856.254438103,"NRI_P014",100
"24490",-9112.91595810297,"NRI_P014",25
"24491",-7848.92913810298,"NRI_P014",50
"24492",-88899.722878103,"NRI_P014",100
"24493",-26752.939278103,"NRI_P014",25
"24494",-70064.526038103,"NRI_P014",50
"24495",-110746.210808103,"NRI_P014",100
"24496",-26957.666468103,"NRI_P014",25
"24497",-95683.185658103,"NRI_P014",50
"24498",-75509.705108103,"NRI_P014",100
"24499",-53088.826288103,"NRI_P014",25
"24500",-38738.205298103,"NRI_P014",50
"24501",-69093.377118103,"NRI_P014",100
"24502",-51720.376188103,"NRI_P014",25
"24503",-36925.097738103,"NRI_P014",50
"24504",-81099.470618103,"NRI_P014",100
"24505",-22056.520428103,"NRI_P014",25
"24506",-91599.225268103,"NRI_P014",50
"24507",-100978.071648103,"NRI_P014",100
"24508",-13058.110218103,"NRI_P014",25
"24509",20405.923141897,"NRI_P014",50
"24510",-104402.910308103,"NRI_P014",100
"24511",-3500.73633810302,"NRI_P014",25
"24512",-79159.930898103,"NRI_P014",50
"24513",-123741.801008103,"NRI_P014",100
"24514",-11336.736948103,"NRI_P014",25
"24515",-61881.131018103,"NRI_P014",50
"24516",-105176.862098103,"NRI_P014",100
"24517",-30884.174908103,"NRI_P014",25
"24518",-56123.042598103,"NRI_P014",50
"24519",-94634.594338103,"NRI_P014",100
"24520",-30221.798358103,"NRI_P014",25
"24521",-60974.789478103,"NRI_P014",50
"24522",-112091.755778103,"NRI_P014",100
"24523",2680.825681897,"NRI_P014",25
"24524",-20706.150668103,"NRI_P014",50
"24525",-61852.875368103,"NRI_P014",100
"24526",-12360.977318103,"NRI_P014",25
"24527",-80175.730168103,"NRI_P014",50
"24528",-103539.959808103,"NRI_P014",100
"24529",36445.082751897,"NRI_P014",25
"24530",-38494.752888103,"NRI_P014",50
"24531",-84016.536138103,"NRI_P014",100
"24532",-23484.984868103,"NRI_P014",25
"24533",-74311.325288103,"NRI_P014",50
"24534",-105956.140658103,"NRI_P014",100
"24535",-66103.419638103,"NRI_P014",25
"24536",-48975.139428103,"NRI_P014",50
"24537",-110063.104788103,"NRI_P014",100
"24538",-16661.576108103,"NRI_P014",25
"24539",-87327.184778103,"NRI_P014",50
"24540",-57826.348518103,"NRI_P014",100
"24541",-11042.548648103,"NRI_P014",25
"24542",-76336.661238103,"NRI_P014",50
"24543",-127865.668018103,"NRI_P014",100
"24544",-40565.952308103,"NRI_P014",25
"24545",-82655.923678103,"NRI_P014",50
"24546",-85101.846718103,"NRI_P014",100
"24547",-16171.083168103,"NRI_P014",25
"24548",-87142.513468103,"NRI_P014",50
"24549",-108132.091428103,"NRI_P014",100
"24550",-17744.389208103,"NRI_P014",25
"24551",-25317.604108103,"NRI_P014",50
"24552",-99833.153078103,"NRI_P014",100
"24553",-18808.182178103,"NRI_P014",25
"24554",-39061.160148103,"NRI_P014",50
"24555",-97719.962068103,"NRI_P014",100
"24556",-19252.730318103,"NRI_P014",25
"24557",-19186.508388103,"NRI_P014",50
"24558",-134341.295278103,"NRI_P014",100
"24559",-24462.139928103,"NRI_P014",25
"24560",-61650.340578103,"NRI_P014",50
"24561",-134392.743838103,"NRI_P014",100
"24562",-25624.804438103,"NRI_P014",25
"24563",-36198.493068103,"NRI_P014",50
"24564",-116641.141798103,"NRI_P014",100
"24565",-4337.85274810297,"NRI_P014",25
"24566",-1010.712188103,"NRI_P014",50
"24567",-109775.658318103,"NRI_P014",100
"24568",-13969.998688103,"NRI_P014",25
"24569",-70835.329228103,"NRI_P014",50
"24570",-88487.953758103,"NRI_P014",100
"24571",-10728.447818103,"NRI_P014",25
"24572",-47084.073568103,"NRI_P014",50
"24573",-101049.170798103,"NRI_P014",100
"24574",-50736.645648103,"NRI_P014",25
"24575",-28478.412228103,"NRI_P014",50
"24576",-117158.583658103,"NRI_P014",100
"24577",1677.52064189699,"NRI_P014",25
"24578",-43950.907098103,"NRI_P014",50
"24579",-90312.232318103,"NRI_P014",100
"24580",-3386.79237810301,"NRI_P014",25
"24581",-29304.233138103,"NRI_P014",50
"24582",-91729.692468103,"NRI_P014",100
"24583",-20892.080218103,"NRI_P014",25
"24584",-8436.65894810297,"NRI_P014",50
"24585",-95014.584708103,"NRI_P014",100
"24586",-10482.356218103,"NRI_P014",25
"24587",-36690.212478103,"NRI_P014",50
"24588",-80821.644938103,"NRI_P014",100
"24589",-50752.421158103,"NRI_P014",25
"24590",-55479.760228103,"NRI_P014",50
"24591",-112004.158638103,"NRI_P014",100
"24592",-38679.930568103,"NRI_P014",25
"24593",-33640.907888103,"NRI_P014",50
"24594",-124181.558918103,"NRI_P014",100
"24595",-5633.64557810297,"NRI_P014",25
"24596",-50339.072828103,"NRI_P014",50
"24597",-105176.894938103,"NRI_P014",100
"24598",-6859.764888103,"NRI_P014",25
"24599",-77757.881718103,"NRI_P014",50
"24600",-103716.073928103,"NRI_P014",100
"24601",3545.45268200499,"NRI_P015",25
"24602",4294.32342200499,"NRI_P015",50
"24603",11756.693952005,"NRI_P015",100
"24604",2222.17309200499,"NRI_P015",25
"24605",4354.743742005,"NRI_P015",50
"24606",11884.600352005,"NRI_P015",100
"24607",2809.063132005,"NRI_P015",25
"24608",9759.66529200498,"NRI_P015",50
"24609",12372.388452005,"NRI_P015",100
"24610",2930.175522005,"NRI_P015",25
"24611",4161.093122005,"NRI_P015",50
"24612",16973.308252005,"NRI_P015",100
"24613",3445.96109200499,"NRI_P015",25
"24614",11562.314892005,"NRI_P015",50
"24615",12587.454832005,"NRI_P015",100
"24616",1779.82380200499,"NRI_P015",25
"24617",6290.161132005,"NRI_P015",50
"24618",9472.806622005,"NRI_P015",100
"24619",2252.455092005,"NRI_P015",25
"24620",8725.137622005,"NRI_P015",50
"24621",9976.98735200499,"NRI_P015",100
"24622",3948.23508200499,"NRI_P015",25
"24623",6283.41063200499,"NRI_P015",50
"24624",9814.78392200499,"NRI_P015",100
"24625",6266.154302005,"NRI_P015",25
"24626",9509.62916200499,"NRI_P015",50
"24627",16359.136972005,"NRI_P015",100
"24628",5455.42435200499,"NRI_P015",25
"24629",10535.825062005,"NRI_P015",50
"24630",16242.212972005,"NRI_P015",100
"24631",2550.263052005,"NRI_P015",25
"24632",5905.35291200499,"NRI_P015",50
"24633",15792.759762005,"NRI_P015",100
"24634",5875.634182005,"NRI_P015",25
"24635",10264.152742005,"NRI_P015",50
"24636",12145.721642005,"NRI_P015",100
"24637",4255.041192005,"NRI_P015",25
"24638",6296.417312005,"NRI_P015",50
"24639",13067.645352005,"NRI_P015",100
"24640",2479.364962005,"NRI_P015",25
"24641",5342.696032005,"NRI_P015",50
"24642",19528.006022005,"NRI_P015",100
"24643",6638.717472005,"NRI_P015",25
"24644",8173.065182005,"NRI_P015",50
"24645",8947.45517200501,"NRI_P015",100
"24646",4336.74639200499,"NRI_P015",25
"24647",6859.332542005,"NRI_P015",50
"24648",14485.374012005,"NRI_P015",100
"24649",769.039692004997,"NRI_P015",25
"24650",7294.55317200499,"NRI_P015",50
"24651",11179.140052005,"NRI_P015",100
"24652",2322.374412005,"NRI_P015",25
"24653",9326.02397200499,"NRI_P015",50
"24654",13309.737912005,"NRI_P015",100
"24655",3159.34645200499,"NRI_P015",25
"24656",4928.354052005,"NRI_P015",50
"24657",13999.105472005,"NRI_P015",100
"24658",3386.17684200499,"NRI_P015",25
"24659",4277.845152005,"NRI_P015",50
"24660",14978.816542005,"NRI_P015",100
"24661",4909.54521200499,"NRI_P015",25
"24662",10234.836032005,"NRI_P015",50
"24663",10444.415842005,"NRI_P015",100
"24664",3214.364582005,"NRI_P015",25
"24665",7838.87032200499,"NRI_P015",50
"24666",16672.270562005,"NRI_P015",100
"24667",2729.357612005,"NRI_P015",25
"24668",8585.44742200499,"NRI_P015",50
"24669",10237.848872005,"NRI_P015",100
"24670",3229.27326200499,"NRI_P015",25
"24671",8639.439622005,"NRI_P015",50
"24672",16706.566732005,"NRI_P015",100
"24673",2036.330352005,"NRI_P015",25
"24674",4562.11911200499,"NRI_P015",50
"24675",8703.59442200499,"NRI_P015",100
"24676",5183.286482005,"NRI_P015",25
"24677",7359.00055200499,"NRI_P015",50
"24678",7518.157612005,"NRI_P015",100
"24679",2922.55523200499,"NRI_P015",25
"24680",7123.83017200499,"NRI_P015",50
"24681",12077.348992005,"NRI_P015",100
"24682",1791.363412005,"NRI_P015",25
"24683",6299.33227200499,"NRI_P015",50
"24684",12905.253182005,"NRI_P015",100
"24685",2378.19215200499,"NRI_P015",25
"24686",10026.215532005,"NRI_P015",50
"24687",13941.596702005,"NRI_P015",100
"24688",6042.10273200499,"NRI_P015",25
"24689",8849.392002005,"NRI_P015",50
"24690",16279.076872005,"NRI_P015",100
"24691",5761.31891200499,"NRI_P015",25
"24692",6708.48766200499,"NRI_P015",50
"24693",8742.11770200501,"NRI_P015",100
"24694",2926.70212200499,"NRI_P015",25
"24695",8007.66137200499,"NRI_P015",50
"24696",19529.587752005,"NRI_P015",100
"24697",2753.71755200499,"NRI_P015",25
"24698",8760.38789200499,"NRI_P015",50
"24699",9199.35026200498,"NRI_P015",100
"24700",4051.072932005,"NRI_P015",25
"24701",6138.669302005,"NRI_P015",50
"24702",10470.279392005,"NRI_P015",100
"24703",2880.448172005,"NRI_P015",25
"24704",9708.04829200498,"NRI_P015",50
"24705",15914.749692005,"NRI_P015",100
"24706",3074.399002005,"NRI_P015",25
"24707",4039.111732005,"NRI_P015",50
"24708",9255.90199200499,"NRI_P015",100
"24709",4808.63883200499,"NRI_P015",25
"24710",11789.775622005,"NRI_P015",50
"24711",10613.973582005,"NRI_P015",100
"24712",6849.712242005,"NRI_P015",25
"24713",9571.501182005,"NRI_P015",50
"24714",15595.864332005,"NRI_P015",100
"24715",2221.59663200499,"NRI_P015",25
"24716",10914.246042005,"NRI_P015",50
"24717",16438.484542005,"NRI_P015",100
"24718",2080.064102005,"NRI_P015",25
"24719",3646.275552005,"NRI_P015",50
"24720",12333.275802005,"NRI_P015",100
"24721",1307.50876200499,"NRI_P015",25
"24722",8399.748302005,"NRI_P015",50
"24723",9409.40183200499,"NRI_P015",100
"24724",4669.368742005,"NRI_P015",25
"24725",4379.941272005,"NRI_P015",50
"24726",15981.227982005,"NRI_P015",100
"24727",4166.77488200499,"NRI_P015",25
"24728",6344.994742005,"NRI_P015",50
"24729",16319.696572005,"NRI_P015",100
"24730",2528.82186200499,"NRI_P015",25
"24731",12010.755772005,"NRI_P015",50
"24732",12853.894302005,"NRI_P015",100
"24733",5235.384532005,"NRI_P015",25
"24734",6740.19670200499,"NRI_P015",50
"24735",13046.156722005,"NRI_P015",100
"24736",203.525402004991,"NRI_P015",25
"24737",7013.423642005,"NRI_P015",50
"24738",12325.062572005,"NRI_P015",100
"24739",4210.205402005,"NRI_P015",25
"24740",2853.72787200499,"NRI_P015",50
"24741",14013.227892005,"NRI_P015",100
"24742",2087.617812005,"NRI_P015",25
"24743",8757.921482005,"NRI_P015",50
"24744",16666.495172005,"NRI_P015",100
"24745",3184.39301200499,"NRI_P015",25
"24746",7108.71102200499,"NRI_P015",50
"24747",8998.60101200499,"NRI_P015",100
"24748",5288.33507200499,"NRI_P015",25
"24749",7077.69025200499,"NRI_P015",50
"24750",10842.252932005,"NRI_P015",100
"24751",4201.35188200499,"NRI_P015",25
"24752",8333.682412005,"NRI_P015",50
"24753",12035.026682005,"NRI_P015",100
"24754",2972.749552005,"NRI_P015",25
"24755",9796.420932005,"NRI_P015",50
"24756",12433.300362005,"NRI_P015",100
"24757",2011.87323200499,"NRI_P015",25
"24758",3860.32918200499,"NRI_P015",50
"24759",8402.287972005,"NRI_P015",100
"24760",5214.50929200499,"NRI_P015",25
"24761",7521.557672005,"NRI_P015",50
"24762",12968.252892005,"NRI_P015",100
"24763",7125.28736200499,"NRI_P015",25
"24764",9031.09015200498,"NRI_P015",50
"24765",15842.469432005,"NRI_P015",100
"24766",4009.63459200499,"NRI_P015",25
"24767",4929.189362005,"NRI_P015",50
"24768",10203.917762005,"NRI_P015",100
"24769",3705.64847200499,"NRI_P015",25
"24770",9294.91320200499,"NRI_P015",50
"24771",13006.202662005,"NRI_P015",100
"24772",1247.54350200499,"NRI_P015",25
"24773",5217.53912200499,"NRI_P015",50
"24774",12466.405812005,"NRI_P015",100
"24775",17.7993420049897,"NRI_P015",25
"24776",6160.67573200499,"NRI_P015",50
"24777",14397.004582005,"NRI_P015",100
"24778",5278.09353200499,"NRI_P015",25
"24779",4496.62294200499,"NRI_P015",50
"24780",12518.634702005,"NRI_P015",100
"24781",1816.608592005,"NRI_P015",25
"24782",8600.802652005,"NRI_P015",50
"24783",11380.480402005,"NRI_P015",100
"24784",1745.618112005,"NRI_P015",25
"24785",9568.44750200499,"NRI_P015",50
"24786",17585.932542005,"NRI_P015",100
"24787",5256.64211200499,"NRI_P015",25
"24788",6882.841032005,"NRI_P015",50
"24789",12197.611382005,"NRI_P015",100
"24790",4195.642862005,"NRI_P015",25
"24791",8739.72438200501,"NRI_P015",50
"24792",16297.258282005,"NRI_P015",100
"24793",3127.19218200499,"NRI_P015",25
"24794",9193.09917200501,"NRI_P015",50
"24795",15984.918302005,"NRI_P015",100
"24796",2439.336432005,"NRI_P015",25
"24797",7534.781832005,"NRI_P015",50
"24798",12695.563902005,"NRI_P015",100
"24799",7532.625232005,"NRI_P015",25
"24800",8269.63531200499,"NRI_P015",50
"24801",12086.017052005,"NRI_P015",100
"24802",4369.562272005,"NRI_P015",25
"24803",4542.109762005,"NRI_P015",50
"24804",17455.129542005,"NRI_P015",100
"24805",2287.32393200499,"NRI_P015",25
"24806",8786.81070200501,"NRI_P015",50
"24807",19027.229122005,"NRI_P015",100
"24808",3764.567032005,"NRI_P015",25
"24809",6054.38713200499,"NRI_P015",50
"24810",13420.437102005,"NRI_P015",100
"24811",1593.920502005,"NRI_P015",25
"24812",3261.715212005,"NRI_P015",50
"24813",17601.840812005,"NRI_P015",100
"24814",217.196442004992,"NRI_P015",25
"24815",10707.949592005,"NRI_P015",50
"24816",8281.307832005,"NRI_P015",100
"24817",4828.166502005,"NRI_P015",25
"24818",6248.78610200499,"NRI_P015",50
"24819",13689.926922005,"NRI_P015",100
"24820",2541.301642005,"NRI_P015",25
"24821",5183.63050200499,"NRI_P015",50
"24822",12796.572772005,"NRI_P015",100
"24823",5758.15161200499,"NRI_P015",25
"24824",8633.50233200499,"NRI_P015",50
"24825",16560.234932005,"NRI_P015",100
"24826",3882.463442005,"NRI_P015",25
"24827",8715.11331200499,"NRI_P015",50
"24828",13112.362922005,"NRI_P015",100
"24829",3769.029812005,"NRI_P015",25
"24830",4712.233742005,"NRI_P015",50
"24831",17599.599422005,"NRI_P015",100
"24832",2078.725532005,"NRI_P015",25
"24833",8127.907302005,"NRI_P015",50
"24834",10275.862742005,"NRI_P015",100
"24835",2806.46721200499,"NRI_P015",25
"24836",7793.032942005,"NRI_P015",50
"24837",11898.018052005,"NRI_P015",100
"24838",3828.12740200499,"NRI_P015",25
"24839",3973.17684200499,"NRI_P015",50
"24840",17883.970542005,"NRI_P015",100
"24841",3444.95543200499,"NRI_P015",25
"24842",5107.561312005,"NRI_P015",50
"24843",14909.055762005,"NRI_P015",100
"24844",2977.55851200499,"NRI_P015",25
"24845",7439.20649200499,"NRI_P015",50
"24846",19871.398202005,"NRI_P015",100
"24847",3112.758142005,"NRI_P015",25
"24848",4071.169632005,"NRI_P015",50
"24849",12535.129732005,"NRI_P015",100
"24850",5254.109332005,"NRI_P015",25
"24851",6590.642652005,"NRI_P015",50
"24852",11305.453022005,"NRI_P015",100
"24853",5037.52386200499,"NRI_P015",25
"24854",10410.968612005,"NRI_P015",50
"24855",14135.059462005,"NRI_P015",100
"24856",2782.52080200499,"NRI_P015",25
"24857",4650.04600200499,"NRI_P015",50
"24858",7009.15608200499,"NRI_P015",100
"24859",2581.60509200499,"NRI_P015",25
"24860",7051.08361200499,"NRI_P015",50
"24861",19551.051892005,"NRI_P015",100
"24862",9714.33370200499,"NRI_P015",25
"24863",7997.928792005,"NRI_P015",50
"24864",11046.493852005,"NRI_P015",100
"24865",-521.838587995007,"NRI_P015",25
"24866",4364.050742005,"NRI_P015",50
"24867",12282.020652005,"NRI_P015",100
"24868",3472.28908200499,"NRI_P015",25
"24869",7257.140362005,"NRI_P015",50
"24870",10874.056442005,"NRI_P015",100
"24871",2308.41614200499,"NRI_P015",25
"24872",5008.85054200499,"NRI_P015",50
"24873",10207.301262005,"NRI_P015",100
"24874",3430.264382005,"NRI_P015",25
"24875",8358.297692005,"NRI_P015",50
"24876",8913.59679200499,"NRI_P015",100
"24877",6518.890592005,"NRI_P015",25
"24878",3780.794762005,"NRI_P015",50
"24879",10344.669492005,"NRI_P015",100
"24880",4491.91042200499,"NRI_P015",25
"24881",7140.66046200499,"NRI_P015",50
"24882",12398.692442005,"NRI_P015",100
"24883",4938.552422005,"NRI_P015",25
"24884",4840.46978200499,"NRI_P015",50
"24885",13408.975942005,"NRI_P015",100
"24886",6644.633052005,"NRI_P015",25
"24887",9707.339122005,"NRI_P015",50
"24888",11007.982982005,"NRI_P015",100
"24889",753.447182004995,"NRI_P015",25
"24890",5590.74905200499,"NRI_P015",50
"24891",21452.417612005,"NRI_P015",100
"24892",1946.84130200499,"NRI_P015",25
"24893",8446.06543200499,"NRI_P015",50
"24894",16940.544042005,"NRI_P015",100
"24895",856.990162004993,"NRI_P015",25
"24896",6620.23608200499,"NRI_P015",50
"24897",12318.159762005,"NRI_P015",100
"24898",3093.65879200499,"NRI_P015",25
"24899",6167.093262005,"NRI_P015",50
"24900",15352.785672005,"NRI_P015",100
"24901",5826.38145179203,"NRI_P016",25
"24902",5048.31847179204,"NRI_P016",50
"24903",23555.797591792,"NRI_P016",100
"24904",5980.91985179199,"NRI_P016",25
"24905",25202.814571792,"NRI_P016",50
"24906",-4557.38378820801,"NRI_P016",100
"24907",9580.70585179201,"NRI_P016",25
"24908",21231.499041792,"NRI_P016",50
"24909",5751.61662179203,"NRI_P016",100
"24910",62.2664317919989,"NRI_P016",25
"24911",-11783.111998208,"NRI_P016",50
"24912",3538.67579179199,"NRI_P016",100
"24913",13518.617921792,"NRI_P016",25
"24914",-3111.48378820799,"NRI_P016",50
"24915",40246.632751792,"NRI_P016",100
"24916",2215.249071792,"NRI_P016",25
"24917",-124.982128207979,"NRI_P016",50
"24918",14358.010561792,"NRI_P016",100
"24919",2068.97508179198,"NRI_P016",25
"24920",24229.660391792,"NRI_P016",50
"24921",50631.850111792,"NRI_P016",100
"24922",15312.073091792,"NRI_P016",25
"24923",7986.42165179201,"NRI_P016",50
"24924",7181.35919179203,"NRI_P016",100
"24925",12734.691151792,"NRI_P016",25
"24926",12264.396851792,"NRI_P016",50
"24927",-6850.21382820798,"NRI_P016",100
"24928",16963.611351792,"NRI_P016",25
"24929",10910.012301792,"NRI_P016",50
"24930",10527.602611792,"NRI_P016",100
"24931",14958.425731792,"NRI_P016",25
"24932",-2769.37916820799,"NRI_P016",50
"24933",34661.606431792,"NRI_P016",100
"24934",2327.99520179199,"NRI_P016",25
"24935",15272.934841792,"NRI_P016",50
"24936",7657.45606179204,"NRI_P016",100
"24937",11888.106721792,"NRI_P016",25
"24938",20465.904411792,"NRI_P016",50
"24939",37465.147611792,"NRI_P016",100
"24940",-1664.65457820799,"NRI_P016",25
"24941",4869.63334179198,"NRI_P016",50
"24942",1499.79626179201,"NRI_P016",100
"24943",3339.77577179199,"NRI_P016",25
"24944",8450.060761792,"NRI_P016",50
"24945",12388.266251792,"NRI_P016",100
"24946",9987.12249179202,"NRI_P016",25
"24947",-767.757588208013,"NRI_P016",50
"24948",-13436.444908208,"NRI_P016",100
"24949",2308.43069179199,"NRI_P016",25
"24950",-2947.17107820802,"NRI_P016",50
"24951",62612.133591792,"NRI_P016",100
"24952",-8715.317548208,"NRI_P016",25
"24953",-21133.259058208,"NRI_P016",50
"24954",55503.232641792,"NRI_P016",100
"24955",-6767.91854820796,"NRI_P016",25
"24956",66939.687171792,"NRI_P016",50
"24957",43770.356881792,"NRI_P016",100
"24958",-3141.05846820801,"NRI_P016",25
"24959",28294.807751792,"NRI_P016",50
"24960",-10618.841348208,"NRI_P016",100
"24961",-8446.436158208,"NRI_P016",25
"24962",4211.57210179203,"NRI_P016",50
"24963",-3848.976848208,"NRI_P016",100
"24964",-13032.071218208,"NRI_P016",25
"24965",21282.714451792,"NRI_P016",50
"24966",23552.567911792,"NRI_P016",100
"24967",-3659.05348820798,"NRI_P016",25
"24968",13098.362731792,"NRI_P016",50
"24969",17381.465071792,"NRI_P016",100
"24970",2593.27826179203,"NRI_P016",25
"24971",31121.187651792,"NRI_P016",50
"24972",-185.689268207992,"NRI_P016",100
"24973",8116.816471792,"NRI_P016",25
"24974",44489.662651792,"NRI_P016",50
"24975",2762.55684179201,"NRI_P016",100
"24976",5932.75003179203,"NRI_P016",25
"24977",30256.610231792,"NRI_P016",50
"24978",-2497.55649820797,"NRI_P016",100
"24979",4592.92795179202,"NRI_P016",25
"24980",11458.564741792,"NRI_P016",50
"24981",9201.59794179199,"NRI_P016",100
"24982",-3556.85226820799,"NRI_P016",25
"24983",15682.537451792,"NRI_P016",50
"24984",37642.769261792,"NRI_P016",100
"24985",2500.34726179199,"NRI_P016",25
"24986",3988.19409179199,"NRI_P016",50
"24987",28313.168771792,"NRI_P016",100
"24988",12485.960721792,"NRI_P016",25
"24989",6278.39777179202,"NRI_P016",50
"24990",39287.207661792,"NRI_P016",100
"24991",1867.55711179203,"NRI_P016",25
"24992",-712.96106820798,"NRI_P016",50
"24993",25733.934951792,"NRI_P016",100
"24994",10404.872471792,"NRI_P016",25
"24995",-11152.180658208,"NRI_P016",50
"24996",-15315.295968208,"NRI_P016",100
"24997",3084.99689179199,"NRI_P016",25
"24998",-16326.096088208,"NRI_P016",50
"24999",-1130.00622820802,"NRI_P016",100
"25000",11811.562931792,"NRI_P016",25
"25001",415.049351792026,"NRI_P016",50
"25002",47560.071961792,"NRI_P016",100
"25003",515.445901792031,"NRI_P016",25
"25004",-9712.78143820801,"NRI_P016",50
"25005",22314.911861792,"NRI_P016",100
"25006",-9171.06228820799,"NRI_P016",25
"25007",-13916.538438208,"NRI_P016",50
"25008",-7125.81450820802,"NRI_P016",100
"25009",8072.79887179204,"NRI_P016",25
"25010",11257.135221792,"NRI_P016",50
"25011",42065.888201792,"NRI_P016",100
"25012",9650.88024179201,"NRI_P016",25
"25013",4047.45454179199,"NRI_P016",50
"25014",12446.969541792,"NRI_P016",100
"25015",7280.62535179203,"NRI_P016",25
"25016",-16340.728198208,"NRI_P016",50
"25017",44361.597281792,"NRI_P016",100
"25018",25750.807711792,"NRI_P016",25
"25019",5318.197571792,"NRI_P016",50
"25020",37325.547591792,"NRI_P016",100
"25021",155.895211792027,"NRI_P016",25
"25022",23745.072921792,"NRI_P016",50
"25023",13579.949791792,"NRI_P016",100
"25024",24127.747281792,"NRI_P016",25
"25025",21394.697151792,"NRI_P016",50
"25026",48938.633231792,"NRI_P016",100
"25027",9968.55396179203,"NRI_P016",25
"25028",2019.68389179202,"NRI_P016",50
"25029",35448.468361792,"NRI_P016",100
"25030",-4710.40402820799,"NRI_P016",25
"25031",12597.777541792,"NRI_P016",50
"25032",55707.799561792,"NRI_P016",100
"25033",-6866.39128820802,"NRI_P016",25
"25034",3578.90699179203,"NRI_P016",50
"25035",24281.595311792,"NRI_P016",100
"25036",772.06257179199,"NRI_P016",25
"25037",24450.626491792,"NRI_P016",50
"25038",-10146.529058208,"NRI_P016",100
"25039",-7310.65958820801,"NRI_P016",25
"25040",18417.671401792,"NRI_P016",50
"25041",34009.216081792,"NRI_P016",100
"25042",-6157.51603820798,"NRI_P016",25
"25043",9998.03937179199,"NRI_P016",50
"25044",-4555.512708208,"NRI_P016",100
"25045",321.838271791989,"NRI_P016",25
"25046",10066.144071792,"NRI_P016",50
"25047",-8861.812388208,"NRI_P016",100
"25048",11309.585071792,"NRI_P016",25
"25049",-1115.47875820799,"NRI_P016",50
"25050",-18186.816178208,"NRI_P016",100
"25051",-868.601918208005,"NRI_P016",25
"25052",-5141.54441820801,"NRI_P016",50
"25053",10216.338001792,"NRI_P016",100
"25054",1340.417231792,"NRI_P016",25
"25055",-10249.770868208,"NRI_P016",50
"25056",-5605.68621820799,"NRI_P016",100
"25057",1222.46302179201,"NRI_P016",25
"25058",44390.853881792,"NRI_P016",50
"25059",23692.513181792,"NRI_P016",100
"25060",-7547.46703820798,"NRI_P016",25
"25061",10237.867631792,"NRI_P016",50
"25062",20650.880131792,"NRI_P016",100
"25063",-5930.37357820797,"NRI_P016",25
"25064",36484.809701792,"NRI_P016",50
"25065",16978.147641792,"NRI_P016",100
"25066",-7015.06437820802,"NRI_P016",25
"25067",13931.555271792,"NRI_P016",50
"25068",36007.641281792,"NRI_P016",100
"25069",9353.994461792,"NRI_P016",25
"25070",15970.528811792,"NRI_P016",50
"25071",53456.082221792,"NRI_P016",100
"25072",2361.607101792,"NRI_P016",25
"25073",-5852.50889820798,"NRI_P016",50
"25074",-6899.30767820799,"NRI_P016",100
"25075",-6187.416458208,"NRI_P016",25
"25076",36015.474451792,"NRI_P016",50
"25077",37853.734391792,"NRI_P016",100
"25078",-12290.294778208,"NRI_P016",25
"25079",-340.744128207967,"NRI_P016",50
"25080",28189.050981792,"NRI_P016",100
"25081",17105.916371792,"NRI_P016",25
"25082",829.235941792023,"NRI_P016",50
"25083",-4483.008358208,"NRI_P016",100
"25084",23139.541521792,"NRI_P016",25
"25085",5832.10431179201,"NRI_P016",50
"25086",8847.005591792,"NRI_P016",100
"25087",6674.00138179201,"NRI_P016",25
"25088",-4857.69959820801,"NRI_P016",50
"25089",91396.079941792,"NRI_P016",100
"25090",9064.60046179203,"NRI_P016",25
"25091",-22991.025338208,"NRI_P016",50
"25092",1094.29586179199,"NRI_P016",100
"25093",40634.951521792,"NRI_P016",25
"25094",24540.270341792,"NRI_P016",50
"25095",44766.767611792,"NRI_P016",100
"25096",-10463.558108208,"NRI_P016",25
"25097",16395.985091792,"NRI_P016",50
"25098",13712.674601792,"NRI_P016",100
"25099",-13560.574978208,"NRI_P016",25
"25100",-10782.781558208,"NRI_P016",50
"25101",56598.391941792,"NRI_P016",100
"25102",2511.360311792,"NRI_P016",25
"25103",35515.995531792,"NRI_P016",50
"25104",23727.594171792,"NRI_P016",100
"25105",-7473.063008208,"NRI_P016",25
"25106",16456.338871792,"NRI_P016",50
"25107",27033.824961792,"NRI_P016",100
"25108",18072.583671792,"NRI_P016",25
"25109",-9297.37624820799,"NRI_P016",50
"25110",21643.383131792,"NRI_P016",100
"25111",4219.44669179199,"NRI_P016",25
"25112",50126.919291792,"NRI_P016",50
"25113",29075.364801792,"NRI_P016",100
"25114",-11402.363298208,"NRI_P016",25
"25115",9707.297391792,"NRI_P016",50
"25116",22945.013631792,"NRI_P016",100
"25117",-10357.837678208,"NRI_P016",25
"25118",-2870.11235820799,"NRI_P016",50
"25119",13133.241251792,"NRI_P016",100
"25120",4584.97266179201,"NRI_P016",25
"25121",2043.62674179202,"NRI_P016",50
"25122",12496.638351792,"NRI_P016",100
"25123",599.221181792032,"NRI_P016",25
"25124",19835.123821792,"NRI_P016",50
"25125",21613.502361792,"NRI_P016",100
"25126",6919.46047179203,"NRI_P016",25
"25127",3542.16589179198,"NRI_P016",50
"25128",61388.255701792,"NRI_P016",100
"25129",21656.858911792,"NRI_P016",25
"25130",20803.061741792,"NRI_P016",50
"25131",39804.976851792,"NRI_P016",100
"25132",12133.865481792,"NRI_P016",25
"25133",-17241.803128208,"NRI_P016",50
"25134",5184.600221792,"NRI_P016",100
"25135",12819.170001792,"NRI_P016",25
"25136",-535.699968207977,"NRI_P016",50
"25137",34115.387301792,"NRI_P016",100
"25138",15813.986241792,"NRI_P016",25
"25139",42377.286001792,"NRI_P016",50
"25140",24756.405551792,"NRI_P016",100
"25141",-2640.85513820802,"NRI_P016",25
"25142",39692.646071792,"NRI_P016",50
"25143",32961.690601792,"NRI_P016",100
"25144",-2089.12081820797,"NRI_P016",25
"25145",1006.35245179199,"NRI_P016",50
"25146",5275.77535179199,"NRI_P016",100
"25147",-15921.238338208,"NRI_P016",25
"25148",19812.548291792,"NRI_P016",50
"25149",-8563.88497820799,"NRI_P016",100
"25150",14418.278471792,"NRI_P016",25
"25151",11579.720811792,"NRI_P016",50
"25152",-8219.168698208,"NRI_P016",100
"25153",-10148.059868208,"NRI_P016",25
"25154",17331.731381792,"NRI_P016",50
"25155",58739.507981792,"NRI_P016",100
"25156",27396.014521792,"NRI_P016",25
"25157",-12361.126058208,"NRI_P016",50
"25158",-16088.610028208,"NRI_P016",100
"25159",9290.91569179203,"NRI_P016",25
"25160",3992.67952179199,"NRI_P016",50
"25161",7026.87282179203,"NRI_P016",100
"25162",12823.929801792,"NRI_P016",25
"25163",21966.452191792,"NRI_P016",50
"25164",20778.449531792,"NRI_P016",100
"25165",7332.49702179199,"NRI_P016",25
"25166",7920.86845179199,"NRI_P016",50
"25167",21667.964021792,"NRI_P016",100
"25168",12779.763321792,"NRI_P016",25
"25169",23353.017451792,"NRI_P016",50
"25170",23225.822651792,"NRI_P016",100
"25171",-2447.533868208,"NRI_P016",25
"25172",-11873.988058208,"NRI_P016",50
"25173",29527.282681792,"NRI_P016",100
"25174",-2365.76816820801,"NRI_P016",25
"25175",-6611.66043820797,"NRI_P016",50
"25176",49587.091731792,"NRI_P016",100
"25177",6486.066731792,"NRI_P016",25
"25178",14145.548531792,"NRI_P016",50
"25179",30426.053751792,"NRI_P016",100
"25180",6738.61944179202,"NRI_P016",25
"25181",6004.53024179203,"NRI_P016",50
"25182",5981.201921792,"NRI_P016",100
"25183",2051.64759179199,"NRI_P016",25
"25184",17229.607931792,"NRI_P016",50
"25185",-1521.91039820801,"NRI_P016",100
"25186",20762.034611792,"NRI_P016",25
"25187",-27979.680388208,"NRI_P016",50
"25188",40865.738891792,"NRI_P016",100
"25189",-6588.76894820802,"NRI_P016",25
"25190",13524.794951792,"NRI_P016",50
"25191",16282.911481792,"NRI_P016",100
"25192",15687.738501792,"NRI_P016",25
"25193",-6833.37571820797,"NRI_P016",50
"25194",51637.902991792,"NRI_P016",100
"25195",17679.062481792,"NRI_P016",25
"25196",2744.15903179202,"NRI_P016",50
"25197",-6038.90611820802,"NRI_P016",100
"25198",15110.025321792,"NRI_P016",25
"25199",6000.819391792,"NRI_P016",50
"25200",34349.090041792,"NRI_P016",100
"25201",21739.532738636,"NRI_P017",25
"25202",-15742.640141364,"NRI_P017",50
"25203",49843.057988636,"NRI_P017",100
"25204",11100.864398636,"NRI_P017",25
"25205",13029.741538636,"NRI_P017",50
"25206",-20184.057871364,"NRI_P017",100
"25207",20739.527898636,"NRI_P017",25
"25208",-3519.61132136401,"NRI_P017",50
"25209",85640.9690986359,"NRI_P017",100
"25210",1457.76122863602,"NRI_P017",25
"25211",-4581.88287136401,"NRI_P017",50
"25212",-11131.661871364,"NRI_P017",100
"25213",12109.145238636,"NRI_P017",25
"25214",36817.196718636,"NRI_P017",50
"25215",29395.507728636,"NRI_P017",100
"25216",-1188.62096136401,"NRI_P017",25
"25217",87015.9834386361,"NRI_P017",50
"25218",21149.598648636,"NRI_P017",100
"25219",22883.836558636,"NRI_P017",25
"25220",701.474588636018,"NRI_P017",50
"25221",-10918.575851364,"NRI_P017",100
"25222",-9441.92613136402,"NRI_P017",25
"25223",19329.050238636,"NRI_P017",50
"25224",105909.624338636,"NRI_P017",100
"25225",18473.201208636,"NRI_P017",25
"25226",7313.66727863601,"NRI_P017",50
"25227",41268.309208636,"NRI_P017",100
"25228",-11532.130321364,"NRI_P017",25
"25229",-595.86142136401,"NRI_P017",50
"25230",-44898.492521364,"NRI_P017",100
"25231",20879.977408636,"NRI_P017",25
"25232",-9114.54665136401,"NRI_P017",50
"25233",32739.901858636,"NRI_P017",100
"25234",13720.780518636,"NRI_P017",25
"25235",44942.564918636,"NRI_P017",50
"25236",1481.89087863598,"NRI_P017",100
"25237",-15805.909881364,"NRI_P017",25
"25238",-15341.953661364,"NRI_P017",50
"25239",20958.960978636,"NRI_P017",100
"25240",-19048.793341364,"NRI_P017",25
"25241",40196.180958636,"NRI_P017",50
"25242",-11493.973991364,"NRI_P017",100
"25243",29352.960838636,"NRI_P017",25
"25244",-26679.268351364,"NRI_P017",50
"25245",20963.651448636,"NRI_P017",100
"25246",-8945.25584136398,"NRI_P017",25
"25247",16759.227418636,"NRI_P017",50
"25248",5421.72016863601,"NRI_P017",100
"25249",46629.665598636,"NRI_P017",25
"25250",22428.802638636,"NRI_P017",50
"25251",20204.602058636,"NRI_P017",100
"25252",53870.132548636,"NRI_P017",25
"25253",-7331.89029136399,"NRI_P017",50
"25254",40776.219788636,"NRI_P017",100
"25255",-21719.848831364,"NRI_P017",25
"25256",14708.661378636,"NRI_P017",50
"25257",14692.586118636,"NRI_P017",100
"25258",-3828.99383136397,"NRI_P017",25
"25259",-26940.374891364,"NRI_P017",50
"25260",6184.69833863602,"NRI_P017",100
"25261",-3954.71509136399,"NRI_P017",25
"25262",-10418.083331364,"NRI_P017",50
"25263",64033.262478636,"NRI_P017",100
"25264",-5539.80324136402,"NRI_P017",25
"25265",23425.641328636,"NRI_P017",50
"25266",58078.405328636,"NRI_P017",100
"25267",-5187.59026136401,"NRI_P017",25
"25268",-22091.068981364,"NRI_P017",50
"25269",77406.399208636,"NRI_P017",100
"25270",8722.550448636,"NRI_P017",25
"25271",-16882.310601364,"NRI_P017",50
"25272",9426.97437863599,"NRI_P017",100
"25273",15936.175908636,"NRI_P017",25
"25274",17578.272448636,"NRI_P017",50
"25275",-18310.595381364,"NRI_P017",100
"25276",751.724878636014,"NRI_P017",25
"25277",49772.126278636,"NRI_P017",50
"25278",14580.905048636,"NRI_P017",100
"25279",14779.470738636,"NRI_P017",25
"25280",-11796.576881364,"NRI_P017",50
"25281",40241.141758636,"NRI_P017",100
"25282",28636.142608636,"NRI_P017",25
"25283",19121.071078636,"NRI_P017",50
"25284",42894.494708636,"NRI_P017",100
"25285",6408.32467863598,"NRI_P017",25
"25286",-10686.784111364,"NRI_P017",50
"25287",-11357.507751364,"NRI_P017",100
"25288",-680.030931363988,"NRI_P017",25
"25289",28418.185378636,"NRI_P017",50
"25290",25617.585858636,"NRI_P017",100
"25291",-22922.320481364,"NRI_P017",25
"25292",16.8875986359781,"NRI_P017",50
"25293",111511.785128636,"NRI_P017",100
"25294",-13375.067771364,"NRI_P017",25
"25295",69868.230758636,"NRI_P017",50
"25296",6969.83084863599,"NRI_P017",100
"25297",-9402.21269136399,"NRI_P017",25
"25298",78187.857488636,"NRI_P017",50
"25299",86268.758108636,"NRI_P017",100
"25300",-9601.12035136402,"NRI_P017",25
"25301",53334.573538636,"NRI_P017",50
"25302",-13837.448921364,"NRI_P017",100
"25303",-16766.667761364,"NRI_P017",25
"25304",5691.75056863599,"NRI_P017",50
"25305",60921.422948636,"NRI_P017",100
"25306",-1598.57102136401,"NRI_P017",25
"25307",62107.723958636,"NRI_P017",50
"25308",1840.21939863602,"NRI_P017",100
"25309",-15787.556171364,"NRI_P017",25
"25310",28418.297748636,"NRI_P017",50
"25311",19358.470358636,"NRI_P017",100
"25312",-7903.830001364,"NRI_P017",25
"25313",-925.349521363969,"NRI_P017",50
"25314",66844.532348636,"NRI_P017",100
"25315",19344.142058636,"NRI_P017",25
"25316",18119.672118636,"NRI_P017",50
"25317",5928.14952863602,"NRI_P017",100
"25318",19160.920378636,"NRI_P017",25
"25319",28760.424728636,"NRI_P017",50
"25320",23643.229908636,"NRI_P017",100
"25321",-25649.152561364,"NRI_P017",25
"25322",-16334.098131364,"NRI_P017",50
"25323",-21589.663681364,"NRI_P017",100
"25324",-207.747391364013,"NRI_P017",25
"25325",-28316.441851364,"NRI_P017",50
"25326",64896.739708636,"NRI_P017",100
"25327",-7059.97526136402,"NRI_P017",25
"25328",61406.899788636,"NRI_P017",50
"25329",-854.408771364018,"NRI_P017",100
"25330",51734.448458636,"NRI_P017",25
"25331",40444.859308636,"NRI_P017",50
"25332",7786.40510863601,"NRI_P017",100
"25333",-1729.74338136398,"NRI_P017",25
"25334",-24112.690591364,"NRI_P017",50
"25335",38799.942188636,"NRI_P017",100
"25336",-17509.330011364,"NRI_P017",25
"25337",61430.206578636,"NRI_P017",50
"25338",28065.690088636,"NRI_P017",100
"25339",-9283.79600136401,"NRI_P017",25
"25340",13591.210538636,"NRI_P017",50
"25341",28262.646088636,"NRI_P017",100
"25342",78799.211028636,"NRI_P017",25
"25343",69712.565118636,"NRI_P017",50
"25344",48527.177438636,"NRI_P017",100
"25345",6958.245738636,"NRI_P017",25
"25346",87138.175098636,"NRI_P017",50
"25347",-22635.941141364,"NRI_P017",100
"25348",6631.60873863602,"NRI_P017",25
"25349",-32760.292821364,"NRI_P017",50
"25350",9959.798758636,"NRI_P017",100
"25351",6296.46518863598,"NRI_P017",25
"25352",1595.59416863602,"NRI_P017",50
"25353",56034.242188636,"NRI_P017",100
"25354",22500.503088636,"NRI_P017",25
"25355",24772.981958636,"NRI_P017",50
"25356",123261.438278636,"NRI_P017",100
"25357",309.92498863599,"NRI_P017",25
"25358",37118.140598636,"NRI_P017",50
"25359",14479.022048636,"NRI_P017",100
"25360",715.474068636016,"NRI_P017",25
"25361",50945.951828636,"NRI_P017",50
"25362",89108.906498636,"NRI_P017",100
"25363",7565.37427863601,"NRI_P017",25
"25364",54633.918748636,"NRI_P017",50
"25365",6064.627618636,"NRI_P017",100
"25366",-12388.837551364,"NRI_P017",25
"25367",-6393.44466136402,"NRI_P017",50
"25368",100857.520528636,"NRI_P017",100
"25369",5390.858598636,"NRI_P017",25
"25370",83432.0308786361,"NRI_P017",50
"25371",96865.744038636,"NRI_P017",100
"25372",1427.742978636,"NRI_P017",25
"25373",22583.251318636,"NRI_P017",50
"25374",-29441.929771364,"NRI_P017",100
"25375",11854.790548636,"NRI_P017",25
"25376",43934.314428636,"NRI_P017",50
"25377",-35201.291381364,"NRI_P017",100
"25378",-1381.22824136401,"NRI_P017",25
"25379",-24789.362281364,"NRI_P017",50
"25380",78074.373238636,"NRI_P017",100
"25381",1502.19146863598,"NRI_P017",25
"25382",91326.010618636,"NRI_P017",50
"25383",-8335.74294136401,"NRI_P017",100
"25384",-27283.261531364,"NRI_P017",25
"25385",-8480.586621364,"NRI_P017",50
"25386",-31784.974021364,"NRI_P017",100
"25387",70289.462878636,"NRI_P017",25
"25388",-18400.474231364,"NRI_P017",50
"25389",10939.234338636,"NRI_P017",100
"25390",-16876.213701364,"NRI_P017",25
"25391",92405.1492286361,"NRI_P017",50
"25392",94951.174318636,"NRI_P017",100
"25393",-26471.476821364,"NRI_P017",25
"25394",-9648.484081364,"NRI_P017",50
"25395",41134.980648636,"NRI_P017",100
"25396",-937.261701364012,"NRI_P017",25
"25397",10816.581798636,"NRI_P017",50
"25398",36462.477098636,"NRI_P017",100
"25399",12828.079128636,"NRI_P017",25
"25400",3307.91733863601,"NRI_P017",50
"25401",-16234.650011364,"NRI_P017",100
"25402",-14461.499801364,"NRI_P017",25
"25403",4797.67828863603,"NRI_P017",50
"25404",-14413.116801364,"NRI_P017",100
"25405",-21840.327851364,"NRI_P017",25
"25406",-20680.731061364,"NRI_P017",50
"25407",-27932.007641364,"NRI_P017",100
"25408",9927.20469863602,"NRI_P017",25
"25409",94928.605078636,"NRI_P017",50
"25410",70787.656228636,"NRI_P017",100
"25411",-5348.58538136398,"NRI_P017",25
"25412",-41390.178051364,"NRI_P017",50
"25413",113363.647328636,"NRI_P017",100
"25414",22122.610348636,"NRI_P017",25
"25415",62839.089088636,"NRI_P017",50
"25416",154914.570798636,"NRI_P017",100
"25417",-5777.79010136402,"NRI_P017",25
"25418",-48116.717551364,"NRI_P017",50
"25419",-11310.559171364,"NRI_P017",100
"25420",-7880.65570136398,"NRI_P017",25
"25421",2405.125118636,"NRI_P017",50
"25422",53318.092428636,"NRI_P017",100
"25423",-5805.86241136398,"NRI_P017",25
"25424",-21616.095441364,"NRI_P017",50
"25425",32228.786458636,"NRI_P017",100
"25426",40729.324328636,"NRI_P017",25
"25427",49719.601558636,"NRI_P017",50
"25428",8023.84424863599,"NRI_P017",100
"25429",24847.609378636,"NRI_P017",25
"25430",87202.513228636,"NRI_P017",50
"25431",18530.171688636,"NRI_P017",100
"25432",-20598.984151364,"NRI_P017",25
"25433",48130.889348636,"NRI_P017",50
"25434",77695.564618636,"NRI_P017",100
"25435",4781.51408863597,"NRI_P017",25
"25436",-3411.640361364,"NRI_P017",50
"25437",-41.3695713640191,"NRI_P017",100
"25438",4705.612398636,"NRI_P017",25
"25439",5034.99519863602,"NRI_P017",50
"25440",36395.900888636,"NRI_P017",100
"25441",-9127.22475136397,"NRI_P017",25
"25442",-21657.454471364,"NRI_P017",50
"25443",-22595.935021364,"NRI_P017",100
"25444",-4461.34369136399,"NRI_P017",25
"25445",-11560.035991364,"NRI_P017",50
"25446",92144.978918636,"NRI_P017",100
"25447",37805.692578636,"NRI_P017",25
"25448",53995.244738636,"NRI_P017",50
"25449",780.940558635979,"NRI_P017",100
"25450",-5916.78124136402,"NRI_P017",25
"25451",14177.105348636,"NRI_P017",50
"25452",-10225.952951364,"NRI_P017",100
"25453",-10782.101141364,"NRI_P017",25
"25454",-17008.546201364,"NRI_P017",50
"25455",20043.392778636,"NRI_P017",100
"25456",63580.036798636,"NRI_P017",25
"25457",24553.851918636,"NRI_P017",50
"25458",24825.899338636,"NRI_P017",100
"25459",-23634.900841364,"NRI_P017",25
"25460",8732.86078863603,"NRI_P017",50
"25461",12010.006478636,"NRI_P017",100
"25462",27196.305898636,"NRI_P017",25
"25463",-8245.30235136399,"NRI_P017",50
"25464",-43413.709481364,"NRI_P017",100
"25465",4808.94234863599,"NRI_P017",25
"25466",-4311.423561364,"NRI_P017",50
"25467",120068.962898636,"NRI_P017",100
"25468",54077.835458636,"NRI_P017",25
"25469",12986.467038636,"NRI_P017",50
"25470",-40700.142161364,"NRI_P017",100
"25471",35180.464828636,"NRI_P017",25
"25472",-26363.845721364,"NRI_P017",50
"25473",108535.398318636,"NRI_P017",100
"25474",-23656.491421364,"NRI_P017",25
"25475",41746.203108636,"NRI_P017",50
"25476",22541.710918636,"NRI_P017",100
"25477",45868.808088636,"NRI_P017",25
"25478",16333.322098636,"NRI_P017",50
"25479",78192.732518636,"NRI_P017",100
"25480",34475.577818636,"NRI_P017",25
"25481",23970.010838636,"NRI_P017",50
"25482",84969.155598636,"NRI_P017",100
"25483",10798.877058636,"NRI_P017",25
"25484",30293.684328636,"NRI_P017",50
"25485",47454.446148636,"NRI_P017",100
"25486",5042.410388636,"NRI_P017",25
"25487",105124.124828636,"NRI_P017",50
"25488",19822.631288636,"NRI_P017",100
"25489",24953.928678636,"NRI_P017",25
"25490",23291.165638636,"NRI_P017",50
"25491",52638.230108636,"NRI_P017",100
"25492",12241.221758636,"NRI_P017",25
"25493",-25745.614061364,"NRI_P017",50
"25494",46656.224388636,"NRI_P017",100
"25495",19490.626878636,"NRI_P017",25
"25496",-9958.34215136402,"NRI_P017",50
"25497",50350.950478636,"NRI_P017",100
"25498",49423.067898636,"NRI_P017",25
"25499",-28283.975551364,"NRI_P017",50
"25500",114276.767008636,"NRI_P017",100
"25501",22742.404756279,"NRI_P018",25
"25502",40768.198206279,"NRI_P018",50
"25503",-1353.03500372102,"NRI_P018",100
"25504",2197.02420627902,"NRI_P018",25
"25505",19582.791366279,"NRI_P018",50
"25506",-3764.152463721,"NRI_P018",100
"25507",-19726.949543721,"NRI_P018",25
"25508",8547.67188627901,"NRI_P018",50
"25509",8317.506896279,"NRI_P018",100
"25510",22653.643516279,"NRI_P018",25
"25511",3363.39405627904,"NRI_P018",50
"25512",-33073.315213721,"NRI_P018",100
"25513",19794.780036279,"NRI_P018",25
"25514",6646.56166627898,"NRI_P018",50
"25515",-9584.159833721,"NRI_P018",100
"25516",-1702.41923372098,"NRI_P018",25
"25517",16086.139416279,"NRI_P018",50
"25518",-4395.55185372097,"NRI_P018",100
"25519",1312.513386279,"NRI_P018",25
"25520",-2301.487033721,"NRI_P018",50
"25521",-28977.636493721,"NRI_P018",100
"25522",5374.084486279,"NRI_P018",25
"25523",19446.616176279,"NRI_P018",50
"25524",-36475.120213721,"NRI_P018",100
"25525",4625.09263627901,"NRI_P018",25
"25526",1922.48065627902,"NRI_P018",50
"25527",-8363.84907372098,"NRI_P018",100
"25528",-6118.83583372098,"NRI_P018",25
"25529",-14463.965363721,"NRI_P018",50
"25530",16516.855226279,"NRI_P018",100
"25531",-2370.06740372098,"NRI_P018",25
"25532",-12472.611843721,"NRI_P018",50
"25533",10239.580646279,"NRI_P018",100
"25534",8382.85333627899,"NRI_P018",25
"25535",22519.464016279,"NRI_P018",50
"25536",4942.15267627902,"NRI_P018",100
"25537",-1444.21278372098,"NRI_P018",25
"25538",-26480.387293721,"NRI_P018",50
"25539",4414.99746627902,"NRI_P018",100
"25540",1547.78098627902,"NRI_P018",25
"25541",-4686.81778372097,"NRI_P018",50
"25542",15812.608946279,"NRI_P018",100
"25543",3970.65580627898,"NRI_P018",25
"25544",14649.325106279,"NRI_P018",50
"25545",-21281.822263721,"NRI_P018",100
"25546",6925.41398627899,"NRI_P018",25
"25547",14657.869276279,"NRI_P018",50
"25548",-14380.912233721,"NRI_P018",100
"25549",8708.746806279,"NRI_P018",25
"25550",17699.823786279,"NRI_P018",50
"25551",-3910.08417372097,"NRI_P018",100
"25552",-14849.398093721,"NRI_P018",25
"25553",9283.77731627901,"NRI_P018",50
"25554",-13290.685583721,"NRI_P018",100
"25555",-30667.085143721,"NRI_P018",25
"25556",3300.35076627904,"NRI_P018",50
"25557",19590.546706279,"NRI_P018",100
"25558",5003.32519627904,"NRI_P018",25
"25559",3613.71533627901,"NRI_P018",50
"25560",-16528.384963721,"NRI_P018",100
"25561",-7288.68012372102,"NRI_P018",25
"25562",-24327.759793721,"NRI_P018",50
"25563",17659.416216279,"NRI_P018",100
"25564",-3805.975153721,"NRI_P018",25
"25565",-4038.49981372099,"NRI_P018",50
"25566",42471.190266279,"NRI_P018",100
"25567",1773.03758627904,"NRI_P018",25
"25568",-1684.68614372099,"NRI_P018",50
"25569",19760.235276279,"NRI_P018",100
"25570",-22118.833123721,"NRI_P018",25
"25571",-12761.722613721,"NRI_P018",50
"25572",12365.809056279,"NRI_P018",100
"25573",22255.472826279,"NRI_P018",25
"25574",-11294.525973721,"NRI_P018",50
"25575",-19296.333243721,"NRI_P018",100
"25576",20766.072546279,"NRI_P018",25
"25577",-9922.040513721,"NRI_P018",50
"25578",21077.837876279,"NRI_P018",100
"25579",5678.73747627903,"NRI_P018",25
"25580",11524.510946279,"NRI_P018",50
"25581",-43270.576433721,"NRI_P018",100
"25582",-3763.04929372098,"NRI_P018",25
"25583",-32078.779053721,"NRI_P018",50
"25584",-17735.892403721,"NRI_P018",100
"25585",1155.19499627902,"NRI_P018",25
"25586",-3410.67545372096,"NRI_P018",50
"25587",-10844.911853721,"NRI_P018",100
"25588",-7232.74801372096,"NRI_P018",25
"25589",3940.62039627903,"NRI_P018",50
"25590",5660.13695627899,"NRI_P018",100
"25591",19638.681836279,"NRI_P018",25
"25592",-11871.073803721,"NRI_P018",50
"25593",3616.388616279,"NRI_P018",100
"25594",-9303.127803721,"NRI_P018",25
"25595",-312.606633720978,"NRI_P018",50
"25596",-15072.465883721,"NRI_P018",100
"25597",43113.700616279,"NRI_P018",25
"25598",16106.658676279,"NRI_P018",50
"25599",-7089.48331372096,"NRI_P018",100
"25600",-10935.542003721,"NRI_P018",25
"25601",-11864.670753721,"NRI_P018",50
"25602",48888.093536279,"NRI_P018",100
"25603",2755.29717627901,"NRI_P018",25
"25604",-779.609603721008,"NRI_P018",50
"25605",21119.479206279,"NRI_P018",100
"25606",19936.054266279,"NRI_P018",25
"25607",-6102.080233721,"NRI_P018",50
"25608",4753.646046279,"NRI_P018",100
"25609",-13498.729993721,"NRI_P018",25
"25610",-27003.552883721,"NRI_P018",50
"25611",-2769.55698372098,"NRI_P018",100
"25612",-11614.230153721,"NRI_P018",25
"25613",-5436.08641372097,"NRI_P018",50
"25614",9032.26229627902,"NRI_P018",100
"25615",-28219.455163721,"NRI_P018",25
"25616",-16510.454973721,"NRI_P018",50
"25617",-18536.248293721,"NRI_P018",100
"25618",-0.441623720980715,"NRI_P018",25
"25619",-15011.200013721,"NRI_P018",50
"25620",-13279.121063721,"NRI_P018",100
"25621",-5250.23623372096,"NRI_P018",25
"25622",-5117.020163721,"NRI_P018",50
"25623",-23791.705073721,"NRI_P018",100
"25624",-16518.188193721,"NRI_P018",25
"25625",3309.73829627899,"NRI_P018",50
"25626",-14277.032873721,"NRI_P018",100
"25627",-6696.77550372097,"NRI_P018",25
"25628",-18918.625293721,"NRI_P018",50
"25629",31656.747696279,"NRI_P018",100
"25630",7737.48273627902,"NRI_P018",25
"25631",-85.5715537209762,"NRI_P018",50
"25632",-25689.699303721,"NRI_P018",100
"25633",-15335.087053721,"NRI_P018",25
"25634",-2976.85803372099,"NRI_P018",50
"25635",-26146.383233721,"NRI_P018",100
"25636",-4112.73535372101,"NRI_P018",25
"25637",-14285.614743721,"NRI_P018",50
"25638",-5830.24546372099,"NRI_P018",100
"25639",8789.798076279,"NRI_P018",25
"25640",-4778.93992372102,"NRI_P018",50
"25641",-23298.626193721,"NRI_P018",100
"25642",12857.184956279,"NRI_P018",25
"25643",12556.160986279,"NRI_P018",50
"25644",-22077.883193721,"NRI_P018",100
"25645",1984.68687627901,"NRI_P018",25
"25646",22636.953986279,"NRI_P018",50
"25647",-15238.803663721,"NRI_P018",100
"25648",-10652.057423721,"NRI_P018",25
"25649",-16751.510363721,"NRI_P018",50
"25650",-21025.691003721,"NRI_P018",100
"25651",-16458.810673721,"NRI_P018",25
"25652",-667.031423720997,"NRI_P018",50
"25653",7651.887446279,"NRI_P018",100
"25654",7076.58443627902,"NRI_P018",25
"25655",5682.67524627899,"NRI_P018",50
"25656",-14825.497263721,"NRI_P018",100
"25657",1733.22939627903,"NRI_P018",25
"25658",-40547.329733721,"NRI_P018",50
"25659",-16285.341873721,"NRI_P018",100
"25660",-7472.76716372097,"NRI_P018",25
"25661",-13967.304313721,"NRI_P018",50
"25662",16187.198976279,"NRI_P018",100
"25663",27619.706606279,"NRI_P018",25
"25664",31337.453366279,"NRI_P018",50
"25665",1220.65393627901,"NRI_P018",100
"25666",28581.066456279,"NRI_P018",25
"25667",-2964.01376372098,"NRI_P018",50
"25668",8495.58476627903,"NRI_P018",100
"25669",-7975.78951372101,"NRI_P018",25
"25670",-16729.084343721,"NRI_P018",50
"25671",-2764.55373372097,"NRI_P018",100
"25672",-5620.79477372096,"NRI_P018",25
"25673",-4540.86064372101,"NRI_P018",50
"25674",9423.73176627903,"NRI_P018",100
"25675",2633.01714627899,"NRI_P018",25
"25676",22103.506976279,"NRI_P018",50
"25677",28465.476686279,"NRI_P018",100
"25678",-3324.79981372098,"NRI_P018",25
"25679",4304.15780627902,"NRI_P018",50
"25680",-11402.604163721,"NRI_P018",100
"25681",16072.898376279,"NRI_P018",25
"25682",12512.063966279,"NRI_P018",50
"25683",9367.76615627902,"NRI_P018",100
"25684",-961.048303721007,"NRI_P018",25
"25685",10616.037416279,"NRI_P018",50
"25686",-16939.230073721,"NRI_P018",100
"25687",-14008.479703721,"NRI_P018",25
"25688",6812.32260627899,"NRI_P018",50
"25689",-20219.273913721,"NRI_P018",100
"25690",17844.503856279,"NRI_P018",25
"25691",-2120.25182372099,"NRI_P018",50
"25692",-16989.961803721,"NRI_P018",100
"25693",-7538.22699372098,"NRI_P018",25
"25694",-4388.33307372098,"NRI_P018",50
"25695",47451.590916279,"NRI_P018",100
"25696",10319.001526279,"NRI_P018",25
"25697",-13613.632523721,"NRI_P018",50
"25698",-1704.41493372101,"NRI_P018",100
"25699",-18944.946433721,"NRI_P018",25
"25700",-11381.816323721,"NRI_P018",50
"25701",-53916.671453721,"NRI_P018",100
"25702",-12035.996903721,"NRI_P018",25
"25703",22424.251286279,"NRI_P018",50
"25704",10329.870636279,"NRI_P018",100
"25705",29647.789236279,"NRI_P018",25
"25706",-18656.338913721,"NRI_P018",50
"25707",-204.094263720966,"NRI_P018",100
"25708",-22090.489453721,"NRI_P018",25
"25709",2476.80942627898,"NRI_P018",50
"25710",-11988.026203721,"NRI_P018",100
"25711",-8445.18822372099,"NRI_P018",25
"25712",-20315.228763721,"NRI_P018",50
"25713",2879.77017627901,"NRI_P018",100
"25714",-12898.486953721,"NRI_P018",25
"25715",-4299.33321372099,"NRI_P018",50
"25716",-8265.35987372097,"NRI_P018",100
"25717",-2815.64157372096,"NRI_P018",25
"25718",4254.46882627899,"NRI_P018",50
"25719",-7685.05814372096,"NRI_P018",100
"25720",-1995.57136372098,"NRI_P018",25
"25721",-32134.745843721,"NRI_P018",50
"25722",-9591.732553721,"NRI_P018",100
"25723",-13165.593853721,"NRI_P018",25
"25724",-20142.486073721,"NRI_P018",50
"25725",5446.01125627902,"NRI_P018",100
"25726",4987.13411627902,"NRI_P018",25
"25727",58622.807506279,"NRI_P018",50
"25728",-17598.642563721,"NRI_P018",100
"25729",53171.629136279,"NRI_P018",25
"25730",2897.02457627899,"NRI_P018",50
"25731",-11848.521613721,"NRI_P018",100
"25732",-3595.68705372099,"NRI_P018",25
"25733",10317.422376279,"NRI_P018",50
"25734",-22367.163803721,"NRI_P018",100
"25735",29476.942426279,"NRI_P018",25
"25736",-10424.251283721,"NRI_P018",50
"25737",17174.900896279,"NRI_P018",100
"25738",-26306.583633721,"NRI_P018",25
"25739",16889.588776279,"NRI_P018",50
"25740",-31077.696983721,"NRI_P018",100
"25741",3055.77407627902,"NRI_P018",25
"25742",15917.264526279,"NRI_P018",50
"25743",18967.774486279,"NRI_P018",100
"25744",14403.663036279,"NRI_P018",25
"25745",-13892.888663721,"NRI_P018",50
"25746",8067.29718627903,"NRI_P018",100
"25747",6985.34335627902,"NRI_P018",25
"25748",12620.044406279,"NRI_P018",50
"25749",9131.44934627903,"NRI_P018",100
"25750",-11535.683723721,"NRI_P018",25
"25751",16522.624696279,"NRI_P018",50
"25752",-3847.24578372098,"NRI_P018",100
"25753",1521.38347627904,"NRI_P018",25
"25754",-5671.78877372097,"NRI_P018",50
"25755",-4998.40563372098,"NRI_P018",100
"25756",3650.66183627903,"NRI_P018",25
"25757",5999.02121627901,"NRI_P018",50
"25758",25703.314236279,"NRI_P018",100
"25759",-15107.686193721,"NRI_P018",25
"25760",-3264.22242372099,"NRI_P018",50
"25761",3191.93366627902,"NRI_P018",100
"25762",-1133.46290372097,"NRI_P018",25
"25763",-15792.740033721,"NRI_P018",50
"25764",-4123.51214372099,"NRI_P018",100
"25765",1835.45353627903,"NRI_P018",25
"25766",1004.75132627902,"NRI_P018",50
"25767",-7234.97582372098,"NRI_P018",100
"25768",-6932.73425372096,"NRI_P018",25
"25769",15968.349856279,"NRI_P018",50
"25770",10400.760496279,"NRI_P018",100
"25771",5274.13252627902,"NRI_P018",25
"25772",464.065526279039,"NRI_P018",50
"25773",-2355.144643721,"NRI_P018",100
"25774",-6999.71207372099,"NRI_P018",25
"25775",-3846.89508372097,"NRI_P018",50
"25776",12634.805326279,"NRI_P018",100
"25777",-19349.640603721,"NRI_P018",25
"25778",-18691.234673721,"NRI_P018",50
"25779",-24651.882853721,"NRI_P018",100
"25780",7006.89897627902,"NRI_P018",25
"25781",-6867.597233721,"NRI_P018",50
"25782",-101.07252372097,"NRI_P018",100
"25783",-2959.21800372098,"NRI_P018",25
"25784",2609.142186279,"NRI_P018",50
"25785",12466.600036279,"NRI_P018",100
"25786",-3581.47164372099,"NRI_P018",25
"25787",-23487.890253721,"NRI_P018",50
"25788",-22624.401053721,"NRI_P018",100
"25789",1595.63958627899,"NRI_P018",25
"25790",-16222.580453721,"NRI_P018",50
"25791",13023.433166279,"NRI_P018",100
"25792",9505.73706627899,"NRI_P018",25
"25793",52315.205056279,"NRI_P018",50
"25794",11858.514666279,"NRI_P018",100
"25795",4589.34713627899,"NRI_P018",25
"25796",17078.641706279,"NRI_P018",50
"25797",15916.218006279,"NRI_P018",100
"25798",-4135.91134372097,"NRI_P018",25
"25799",23095.656166279,"NRI_P018",50
"25800",32269.296396279,"NRI_P018",100
"25801",-22549.174985993,"NRI_P020",25
"25802",27024.347154007,"NRI_P020",50
"25803",-12831.109585993,"NRI_P020",100
"25804",6408.17324400699,"NRI_P020",25
"25805",-1081.93509599299,"NRI_P020",50
"25806",-26092.602275993,"NRI_P020",100
"25807",8259.610134007,"NRI_P020",25
"25808",-27131.236575993,"NRI_P020",50
"25809",-12038.766585993,"NRI_P020",100
"25810",-1307.15208599297,"NRI_P020",25
"25811",4320.99299400701,"NRI_P020",50
"25812",-15882.183025993,"NRI_P020",100
"25813",17809.432374007,"NRI_P020",25
"25814",6105.43219400704,"NRI_P020",50
"25815",16209.300644007,"NRI_P020",100
"25816",-3682.578145993,"NRI_P020",25
"25817",10620.245204007,"NRI_P020",50
"25818",15956.185554007,"NRI_P020",100
"25819",6760.85019400698,"NRI_P020",25
"25820",18748.954174007,"NRI_P020",50
"25821",8329.40693400701,"NRI_P020",100
"25822",2964.12711400702,"NRI_P020",25
"25823",33896.576364007,"NRI_P020",50
"25824",155.771694007039,"NRI_P020",100
"25825",2248.95233400702,"NRI_P020",25
"25826",-1345.50792599301,"NRI_P020",50
"25827",-9279.339015993,"NRI_P020",100
"25828",-18306.972905993,"NRI_P020",25
"25829",-8887.67964599299,"NRI_P020",50
"25830",-12167.830875993,"NRI_P020",100
"25831",5197.003274007,"NRI_P020",25
"25832",-14717.555985993,"NRI_P020",50
"25833",-4190.03373599297,"NRI_P020",100
"25834",6744.57948400703,"NRI_P020",25
"25835",2030.14973400702,"NRI_P020",50
"25836",16704.219714007,"NRI_P020",100
"25837",3238.64291400701,"NRI_P020",25
"25838",30293.837204007,"NRI_P020",50
"25839",3341.521024007,"NRI_P020",100
"25840",-4519.58183599298,"NRI_P020",25
"25841",5271.57961400703,"NRI_P020",50
"25842",-8674.044945993,"NRI_P020",100
"25843",-11765.146065993,"NRI_P020",25
"25844",6894.29001400701,"NRI_P020",50
"25845",-9676.53730599297,"NRI_P020",100
"25846",7769.38920400699,"NRI_P020",25
"25847",-19313.046215993,"NRI_P020",50
"25848",-11851.976085993,"NRI_P020",100
"25849",20056.610654007,"NRI_P020",25
"25850",13189.358224007,"NRI_P020",50
"25851",10688.445004007,"NRI_P020",100
"25852",-23420.015285993,"NRI_P020",25
"25853",58.2953640070045,"NRI_P020",50
"25854",14476.410934007,"NRI_P020",100
"25855",644.194154007011,"NRI_P020",25
"25856",13297.882974007,"NRI_P020",50
"25857",-27070.844495993,"NRI_P020",100
"25858",970.833214007027,"NRI_P020",25
"25859",-15391.699905993,"NRI_P020",50
"25860",8782.25467400701,"NRI_P020",100
"25861",-10338.075015993,"NRI_P020",25
"25862",7379.63854400703,"NRI_P020",50
"25863",19054.524514007,"NRI_P020",100
"25864",21540.132114007,"NRI_P020",25
"25865",47386.623174007,"NRI_P020",50
"25866",-1936.953045993,"NRI_P020",100
"25867",6189.30671400699,"NRI_P020",25
"25868",13433.546154007,"NRI_P020",50
"25869",-16859.930565993,"NRI_P020",100
"25870",10608.305004007,"NRI_P020",25
"25871",519.18953400699,"NRI_P020",50
"25872",13986.697204007,"NRI_P020",100
"25873",-15123.958315993,"NRI_P020",25
"25874",-15543.108915993,"NRI_P020",50
"25875",-5862.943215993,"NRI_P020",100
"25876",13674.004304007,"NRI_P020",25
"25877",-868.760265993013,"NRI_P020",50
"25878",8736.716504007,"NRI_P020",100
"25879",-24839.593645993,"NRI_P020",25
"25880",16704.532974007,"NRI_P020",50
"25881",4896.485914007,"NRI_P020",100
"25882",-9815.241405993,"NRI_P020",25
"25883",2602.22420400701,"NRI_P020",50
"25884",25438.406184007,"NRI_P020",100
"25885",-1212.126855993,"NRI_P020",25
"25886",-15892.887925993,"NRI_P020",50
"25887",7577.26038400701,"NRI_P020",100
"25888",-4997.90483599302,"NRI_P020",25
"25889",1287.44165400701,"NRI_P020",50
"25890",-3092.51841599296,"NRI_P020",100
"25891",-692.984675992979,"NRI_P020",25
"25892",20690.674784007,"NRI_P020",50
"25893",5825.58525400702,"NRI_P020",100
"25894",-14161.100255993,"NRI_P020",25
"25895",6221.642584007,"NRI_P020",50
"25896",-23944.279955993,"NRI_P020",100
"25897",11034.825544007,"NRI_P020",25
"25898",-24487.924575993,"NRI_P020",50
"25899",-4068.427575993,"NRI_P020",100
"25900",-9941.353035993,"NRI_P020",25
"25901",24467.686014007,"NRI_P020",50
"25902",2443.50608400704,"NRI_P020",100
"25903",12233.206414007,"NRI_P020",25
"25904",-8227.99171599298,"NRI_P020",50
"25905",-17597.641925993,"NRI_P020",100
"25906",6102.589784007,"NRI_P020",25
"25907",-5811.563345993,"NRI_P020",50
"25908",29594.062854007,"NRI_P020",100
"25909",-5474.68722599297,"NRI_P020",25
"25910",-3037.823375993,"NRI_P020",50
"25911",182.180394007009,"NRI_P020",100
"25912",4765.43596400699,"NRI_P020",25
"25913",4997.35679400701,"NRI_P020",50
"25914",4358.74141400703,"NRI_P020",100
"25915",4987.68559400702,"NRI_P020",25
"25916",13603.320234007,"NRI_P020",50
"25917",-12773.612565993,"NRI_P020",100
"25918",5505.334464007,"NRI_P020",25
"25919",17355.065264007,"NRI_P020",50
"25920",-13036.739965993,"NRI_P020",100
"25921",-6421.26987599296,"NRI_P020",25
"25922",-17729.998235993,"NRI_P020",50
"25923",-18109.582275993,"NRI_P020",100
"25924",-1509.256625993,"NRI_P020",25
"25925",8217.88777400699,"NRI_P020",50
"25926",5281.944994007,"NRI_P020",100
"25927",10724.114284007,"NRI_P020",25
"25928",12512.226374007,"NRI_P020",50
"25929",9753.56651400699,"NRI_P020",100
"25930",-4900.94528599299,"NRI_P020",25
"25931",-14906.744815993,"NRI_P020",50
"25932",-29542.767315993,"NRI_P020",100
"25933",5165.24877400702,"NRI_P020",25
"25934",19757.385254007,"NRI_P020",50
"25935",3035.95721400704,"NRI_P020",100
"25936",-20447.538125993,"NRI_P020",25
"25937",46897.165844007,"NRI_P020",50
"25938",-4076.60259599297,"NRI_P020",100
"25939",16524.407354007,"NRI_P020",25
"25940",10569.810744007,"NRI_P020",50
"25941",2437.43249400699,"NRI_P020",100
"25942",-8221.46455599298,"NRI_P020",25
"25943",1856.45887400699,"NRI_P020",50
"25944",24539.421374007,"NRI_P020",100
"25945",542.241254007036,"NRI_P020",25
"25946",-13744.589765993,"NRI_P020",50
"25947",1249.377364007,"NRI_P020",100
"25948",27592.008684007,"NRI_P020",25
"25949",-22078.998335993,"NRI_P020",50
"25950",7343.353904007,"NRI_P020",100
"25951",26273.238354007,"NRI_P020",25
"25952",-22030.783095993,"NRI_P020",50
"25953",26517.627774007,"NRI_P020",100
"25954",3297.45178400702,"NRI_P020",25
"25955",-29588.731555993,"NRI_P020",50
"25956",-20276.082645993,"NRI_P020",100
"25957",-149.09801599296,"NRI_P020",25
"25958",14794.050214007,"NRI_P020",50
"25959",333.639674007019,"NRI_P020",100
"25960",-12026.290155993,"NRI_P020",25
"25961",6905.393234007,"NRI_P020",50
"25962",-2588.80123599299,"NRI_P020",100
"25963",1171.39473400702,"NRI_P020",25
"25964",-19742.959355993,"NRI_P020",50
"25965",-24839.270675993,"NRI_P020",100
"25966",6242.82338400703,"NRI_P020",25
"25967",-14553.936655993,"NRI_P020",50
"25968",23431.141174007,"NRI_P020",100
"25969",1239.774204007,"NRI_P020",25
"25970",-29689.463585993,"NRI_P020",50
"25971",-627.102885992965,"NRI_P020",100
"25972",-20987.017485993,"NRI_P020",25
"25973",20092.305444007,"NRI_P020",50
"25974",-19432.164365993,"NRI_P020",100
"25975",12361.422534007,"NRI_P020",25
"25976",-4710.41232599301,"NRI_P020",50
"25977",15797.855524007,"NRI_P020",100
"25978",-22798.829005993,"NRI_P020",25
"25979",6262.440674007,"NRI_P020",50
"25980",-27295.042875993,"NRI_P020",100
"25981",20020.407674007,"NRI_P020",25
"25982",-20995.486875993,"NRI_P020",50
"25983",-23951.880305993,"NRI_P020",100
"25984",3314.45308400702,"NRI_P020",25
"25985",-5811.70928599301,"NRI_P020",50
"25986",-178.484985993011,"NRI_P020",100
"25987",8230.40284400701,"NRI_P020",25
"25988",-2496.25353599299,"NRI_P020",50
"25989",135.444494007039,"NRI_P020",100
"25990",-2470.08182599297,"NRI_P020",25
"25991",24264.144074007,"NRI_P020",50
"25992",-11642.366125993,"NRI_P020",100
"25993",374.762064006994,"NRI_P020",25
"25994",-530.61939599301,"NRI_P020",50
"25995",-1064.71863599296,"NRI_P020",100
"25996",-26033.700215993,"NRI_P020",25
"25997",-21931.585455993,"NRI_P020",50
"25998",-16990.692825993,"NRI_P020",100
"25999",-10606.170935993,"NRI_P020",25
"26000",4524.29025400704,"NRI_P020",50
"26001",-13116.308905993,"NRI_P020",100
"26002",18502.371434007,"NRI_P020",25
"26003",7316.51513400703,"NRI_P020",50
"26004",5967.29894400702,"NRI_P020",100
"26005",-1285.81880599301,"NRI_P020",25
"26006",-722.572825993004,"NRI_P020",50
"26007",-21338.199795993,"NRI_P020",100
"26008",2556.13644400699,"NRI_P020",25
"26009",-19045.084055993,"NRI_P020",50
"26010",-21767.332145993,"NRI_P020",100
"26011",3835.69934400701,"NRI_P020",25
"26012",-6288.59201599297,"NRI_P020",50
"26013",19529.035594007,"NRI_P020",100
"26014",4122.63299400703,"NRI_P020",25
"26015",-14697.920775993,"NRI_P020",50
"26016",19706.501444007,"NRI_P020",100
"26017",50282.374924007,"NRI_P020",25
"26018",-22128.617115993,"NRI_P020",50
"26019",35583.736884007,"NRI_P020",100
"26020",-5805.20498599298,"NRI_P020",25
"26021",8199.53612400702,"NRI_P020",50
"26022",-5664.80184599297,"NRI_P020",100
"26023",-7041.56382599298,"NRI_P020",25
"26024",-25905.176645993,"NRI_P020",50
"26025",-24335.130565993,"NRI_P020",100
"26026",8535.39789400704,"NRI_P020",25
"26027",14161.308144007,"NRI_P020",50
"26028",16167.541014007,"NRI_P020",100
"26029",2062.97745400702,"NRI_P020",25
"26030",-20316.374855993,"NRI_P020",50
"26031",2617.86150400701,"NRI_P020",100
"26032",4347.41292400699,"NRI_P020",25
"26033",-20329.410135993,"NRI_P020",50
"26034",-13810.612855993,"NRI_P020",100
"26035",12018.709414007,"NRI_P020",25
"26036",6829.86001400702,"NRI_P020",50
"26037",-3267.660215993,"NRI_P020",100
"26038",18289.471644007,"NRI_P020",25
"26039",-11771.113455993,"NRI_P020",50
"26040",-9966.01800599298,"NRI_P020",100
"26041",-10736.829975993,"NRI_P020",25
"26042",-9417.22400599299,"NRI_P020",50
"26043",-2563.77156599297,"NRI_P020",100
"26044",-1479.15858599299,"NRI_P020",25
"26045",-1756.28252599301,"NRI_P020",50
"26046",38281.425024007,"NRI_P020",100
"26047",-11925.478585993,"NRI_P020",25
"26048",-7635.61240599299,"NRI_P020",50
"26049",13623.188504007,"NRI_P020",100
"26050",-10036.516375993,"NRI_P020",25
"26051",23448.264784007,"NRI_P020",50
"26052",-24244.213675993,"NRI_P020",100
"26053",964.856164006982,"NRI_P020",25
"26054",-17592.210775993,"NRI_P020",50
"26055",3729.77452400699,"NRI_P020",100
"26056",33695.650394007,"NRI_P020",25
"26057",-8593.33258599299,"NRI_P020",50
"26058",-6797.02104599297,"NRI_P020",100
"26059",5363.86598400702,"NRI_P020",25
"26060",-9934.23311599297,"NRI_P020",50
"26061",27167.105254007,"NRI_P020",100
"26062",-2230.40432599297,"NRI_P020",25
"26063",-13637.635155993,"NRI_P020",50
"26064",33138.667174007,"NRI_P020",100
"26065",6283.95749400702,"NRI_P020",25
"26066",-24330.291335993,"NRI_P020",50
"26067",-2239.72924599296,"NRI_P020",100
"26068",1476.71895400702,"NRI_P020",25
"26069",5976.018784007,"NRI_P020",50
"26070",-13420.286155993,"NRI_P020",100
"26071",18792.778294007,"NRI_P020",25
"26072",-16898.399265993,"NRI_P020",50
"26073",-7824.96351599297,"NRI_P020",100
"26074",-11232.886575993,"NRI_P020",25
"26075",-10071.504285993,"NRI_P020",50
"26076",-21240.354515993,"NRI_P020",100
"26077",-2170.26981599297,"NRI_P020",25
"26078",2387.96111400699,"NRI_P020",50
"26079",-22603.011015993,"NRI_P020",100
"26080",-5477.88093599299,"NRI_P020",25
"26081",1770.52888400701,"NRI_P020",50
"26082",-20275.712355993,"NRI_P020",100
"26083",8053.08917400701,"NRI_P020",25
"26084",11189.942384007,"NRI_P020",50
"26085",22954.710764007,"NRI_P020",100
"26086",-5209.73526599299,"NRI_P020",25
"26087",-10596.568585993,"NRI_P020",50
"26088",-5288.35151599301,"NRI_P020",100
"26089",11403.619294007,"NRI_P020",25
"26090",-14485.378115993,"NRI_P020",50
"26091",26914.592664007,"NRI_P020",100
"26092",-4399.80058599298,"NRI_P020",25
"26093",-2219.38755599299,"NRI_P020",50
"26094",-9625.47837599297,"NRI_P020",100
"26095",4457.51558400702,"NRI_P020",25
"26096",-33770.988815993,"NRI_P020",50
"26097",32851.137894007,"NRI_P020",100
"26098",-646.390625992964,"NRI_P020",25
"26099",28035.553664007,"NRI_P020",50
"26100",-22330.903455993,"NRI_P020",100
"26101",-6327.87615578104,"NRI_P021",25
"26102",5887.87629421899,"NRI_P021",50
"26103",-23984.777775781,"NRI_P021",100
"26104",-7486.33756578102,"NRI_P021",25
"26105",-15801.554945781,"NRI_P021",50
"26106",-38318.122645781,"NRI_P021",100
"26107",-20059.978255781,"NRI_P021",25
"26108",-21926.483335781,"NRI_P021",50
"26109",-31502.249025781,"NRI_P021",100
"26110",-2787.70507578104,"NRI_P021",25
"26111",-20325.484355781,"NRI_P021",50
"26112",-26479.943385781,"NRI_P021",100
"26113",-9002.30582578102,"NRI_P021",25
"26114",-16863.012235781,"NRI_P021",50
"26115",-16226.469945781,"NRI_P021",100
"26116",-21753.940945781,"NRI_P021",25
"26117",-4837.788325781,"NRI_P021",50
"26118",1969.71132421901,"NRI_P021",100
"26119",-11593.514335781,"NRI_P021",25
"26120",-5693.82480578101,"NRI_P021",50
"26121",-29009.495335781,"NRI_P021",100
"26122",-10104.186095781,"NRI_P021",25
"26123",-16929.763885781,"NRI_P021",50
"26124",-19459.961145781,"NRI_P021",100
"26125",-14690.625485781,"NRI_P021",25
"26126",-25608.493745781,"NRI_P021",50
"26127",-32052.980675781,"NRI_P021",100
"26128",7448.83128421899,"NRI_P021",25
"26129",-25691.670255781,"NRI_P021",50
"26130",-133.39519578102,"NRI_P021",100
"26131",1417.57490421896,"NRI_P021",25
"26132",-20544.749435781,"NRI_P021",50
"26133",-22275.162605781,"NRI_P021",100
"26134",-14154.446265781,"NRI_P021",25
"26135",-32097.111855781,"NRI_P021",50
"26136",-50877.107355781,"NRI_P021",100
"26137",-6636.01112578099,"NRI_P021",25
"26138",-10214.057575781,"NRI_P021",50
"26139",-10552.268805781,"NRI_P021",100
"26140",9338.93673421897,"NRI_P021",25
"26141",-3159.22417578101,"NRI_P021",50
"26142",-36657.025085781,"NRI_P021",100
"26143",-15239.015665781,"NRI_P021",25
"26144",-16605.997345781,"NRI_P021",50
"26145",-13677.620785781,"NRI_P021",100
"26146",-12022.850255781,"NRI_P021",25
"26147",-29708.599795781,"NRI_P021",50
"26148",-32344.540895781,"NRI_P021",100
"26149",-4509.86770578101,"NRI_P021",25
"26150",-9077.07241578103,"NRI_P021",50
"26151",-34647.531235781,"NRI_P021",100
"26152",3407.17634421895,"NRI_P021",25
"26153",11020.104634219,"NRI_P021",50
"26154",-25175.307265781,"NRI_P021",100
"26155",-18396.033725781,"NRI_P021",25
"26156",-7254.13598578103,"NRI_P021",50
"26157",-15000.629235781,"NRI_P021",100
"26158",-7000.06858578103,"NRI_P021",25
"26159",-282.220915781043,"NRI_P021",50
"26160",-6267.95120578102,"NRI_P021",100
"26161",-2385.04624578101,"NRI_P021",25
"26162",-30383.418945781,"NRI_P021",50
"26163",-25824.875195781,"NRI_P021",100
"26164",-14980.790365781,"NRI_P021",25
"26165",3050.27768421901,"NRI_P021",50
"26166",-33750.009695781,"NRI_P021",100
"26167",-8695.02821578103,"NRI_P021",25
"26168",-1561.13592578104,"NRI_P021",50
"26169",-2421.03519578103,"NRI_P021",100
"26170",-9618.25651578105,"NRI_P021",25
"26171",-20202.632535781,"NRI_P021",50
"26172",-29623.341525781,"NRI_P021",100
"26173",-6728.26259578101,"NRI_P021",25
"26174",-13352.995095781,"NRI_P021",50
"26175",-16160.898165781,"NRI_P021",100
"26176",-3918.242925781,"NRI_P021",25
"26177",7473.54393421899,"NRI_P021",50
"26178",-50254.275735781,"NRI_P021",100
"26179",-14943.411335781,"NRI_P021",25
"26180",-17485.239595781,"NRI_P021",50
"26181",-35185.699725781,"NRI_P021",100
"26182",9797.756004219,"NRI_P021",25
"26183",-14058.208785781,"NRI_P021",50
"26184",-27986.420185781,"NRI_P021",100
"26185",8849.539364219,"NRI_P021",25
"26186",-26483.074895781,"NRI_P021",50
"26187",-37948.573035781,"NRI_P021",100
"26188",-18508.245845781,"NRI_P021",25
"26189",4550.67650421901,"NRI_P021",50
"26190",-31470.209975781,"NRI_P021",100
"26191",-2342.73417578102,"NRI_P021",25
"26192",-18550.566875781,"NRI_P021",50
"26193",-40836.957105781,"NRI_P021",100
"26194",-18082.141285781,"NRI_P021",25
"26195",-8771.26740578102,"NRI_P021",50
"26196",-21064.500295781,"NRI_P021",100
"26197",-12506.949165781,"NRI_P021",25
"26198",-23048.627535781,"NRI_P021",50
"26199",-24038.357005781,"NRI_P021",100
"26200",-9158.78580578102,"NRI_P021",25
"26201",-20075.133605781,"NRI_P021",50
"26202",-24830.228315781,"NRI_P021",100
"26203",-8122.075675781,"NRI_P021",25
"26204",-7321.97792578104,"NRI_P021",50
"26205",-20531.246105781,"NRI_P021",100
"26206",-28641.424915781,"NRI_P021",25
"26207",-4140.95749578101,"NRI_P021",50
"26208",-30747.091485781,"NRI_P021",100
"26209",4323.812664219,"NRI_P021",25
"26210",-2164.55606578104,"NRI_P021",50
"26211",9029.46812421898,"NRI_P021",100
"26212",-18222.807595781,"NRI_P021",25
"26213",-18616.990325781,"NRI_P021",50
"26214",-9020.41418578103,"NRI_P021",100
"26215",14782.237934219,"NRI_P021",25
"26216",-6907.94079578103,"NRI_P021",50
"26217",-25241.825215781,"NRI_P021",100
"26218",13552.520264219,"NRI_P021",25
"26219",-11460.229945781,"NRI_P021",50
"26220",-43386.901685781,"NRI_P021",100
"26221",-21453.070635781,"NRI_P021",25
"26222",9850.65299421898,"NRI_P021",50
"26223",-9157.62541578105,"NRI_P021",100
"26224",8217.98444421898,"NRI_P021",25
"26225",-26384.261535781,"NRI_P021",50
"26226",-22871.526295781,"NRI_P021",100
"26227",-4604.311265781,"NRI_P021",25
"26228",-33603.677465781,"NRI_P021",50
"26229",-22725.924665781,"NRI_P021",100
"26230",-3377.328335781,"NRI_P021",25
"26231",-18849.946095781,"NRI_P021",50
"26232",-9113.80790578102,"NRI_P021",100
"26233",-1252.94183578104,"NRI_P021",25
"26234",-30562.352475781,"NRI_P021",50
"26235",-29200.426345781,"NRI_P021",100
"26236",-14984.980125781,"NRI_P021",25
"26237",1325.04563421896,"NRI_P021",50
"26238",-24121.611185781,"NRI_P021",100
"26239",5496.73123421898,"NRI_P021",25
"26240",-24000.466625781,"NRI_P021",50
"26241",-47753.662985781,"NRI_P021",100
"26242",-5993.93912578101,"NRI_P021",25
"26243",-9358.92872578104,"NRI_P021",50
"26244",-32526.636855781,"NRI_P021",100
"26245",-8642.14020578103,"NRI_P021",25
"26246",840.011494218954,"NRI_P021",50
"26247",-35476.374785781,"NRI_P021",100
"26248",-10964.342945781,"NRI_P021",25
"26249",-11101.483055781,"NRI_P021",50
"26250",-4475.32362578099,"NRI_P021",100
"26251",-12967.327705781,"NRI_P021",25
"26252",12657.554794219,"NRI_P021",50
"26253",-15679.163865781,"NRI_P021",100
"26254",-5350.39536578103,"NRI_P021",25
"26255",-11830.036895781,"NRI_P021",50
"26256",-41984.271905781,"NRI_P021",100
"26257",5361.82252421899,"NRI_P021",25
"26258",6009.92662421899,"NRI_P021",50
"26259",-28239.100805781,"NRI_P021",100
"26260",-2120.48004578101,"NRI_P021",25
"26261",-13621.693695781,"NRI_P021",50
"26262",-35498.439675781,"NRI_P021",100
"26263",2126.48155421898,"NRI_P021",25
"26264",-20632.029725781,"NRI_P021",50
"26265",-22233.526995781,"NRI_P021",100
"26266",1088.62258421897,"NRI_P021",25
"26267",-24794.555835781,"NRI_P021",50
"26268",-39169.262095781,"NRI_P021",100
"26269",4690.29384421901,"NRI_P021",25
"26270",-27514.969955781,"NRI_P021",50
"26271",-20196.008625781,"NRI_P021",100
"26272",-547.002335780999,"NRI_P021",25
"26273",-1996.68978578103,"NRI_P021",50
"26274",-36384.411395781,"NRI_P021",100
"26275",-3391.22153578099,"NRI_P021",25
"26276",-9055.53577578103,"NRI_P021",50
"26277",-34262.535985781,"NRI_P021",100
"26278",-1562.17249578104,"NRI_P021",25
"26279",-1728.50575578102,"NRI_P021",50
"26280",-39788.987555781,"NRI_P021",100
"26281",531.934284218994,"NRI_P021",25
"26282",5737.862634219,"NRI_P021",50
"26283",-39589.560115781,"NRI_P021",100
"26284",-17506.059065781,"NRI_P021",25
"26285",-9213.99046578101,"NRI_P021",50
"26286",-32704.792305781,"NRI_P021",100
"26287",-12215.197075781,"NRI_P021",25
"26288",-31531.573035781,"NRI_P021",50
"26289",-29969.884425781,"NRI_P021",100
"26290",876.063804219011,"NRI_P021",25
"26291",-24187.342175781,"NRI_P021",50
"26292",-33874.156535781,"NRI_P021",100
"26293",-11543.839785781,"NRI_P021",25
"26294",-35247.784005781,"NRI_P021",50
"26295",-35932.893045781,"NRI_P021",100
"26296",-2236.62950578099,"NRI_P021",25
"26297",-20164.171355781,"NRI_P021",50
"26298",-13669.070295781,"NRI_P021",100
"26299",1317.85589421896,"NRI_P021",25
"26300",-16854.286965781,"NRI_P021",50
"26301",-21070.309565781,"NRI_P021",100
"26302",-7381.30627578101,"NRI_P021",25
"26303",-12545.238395781,"NRI_P021",50
"26304",-27451.588185781,"NRI_P021",100
"26305",-2032.848585781,"NRI_P021",25
"26306",-17443.649925781,"NRI_P021",50
"26307",-26187.715325781,"NRI_P021",100
"26308",1222.21956421901,"NRI_P021",25
"26309",8286.63247421896,"NRI_P021",50
"26310",-24192.736205781,"NRI_P021",100
"26311",-9931.05981578102,"NRI_P021",25
"26312",-5281.91723578103,"NRI_P021",50
"26313",-37739.744105781,"NRI_P021",100
"26314",-12415.774565781,"NRI_P021",25
"26315",-31597.041515781,"NRI_P021",50
"26316",-57703.242065781,"NRI_P021",100
"26317",14321.335804219,"NRI_P021",25
"26318",4944.60235421901,"NRI_P021",50
"26319",-15210.389465781,"NRI_P021",100
"26320",-7531.35631578101,"NRI_P021",25
"26321",-7721.92561578105,"NRI_P021",50
"26322",-24367.957605781,"NRI_P021",100
"26323",-9146.37067578104,"NRI_P021",25
"26324",-29895.912425781,"NRI_P021",50
"26325",1187.76617421897,"NRI_P021",100
"26326",-18046.247005781,"NRI_P021",25
"26327",-38486.168035781,"NRI_P021",50
"26328",-32131.062825781,"NRI_P021",100
"26329",-3550.66918578104,"NRI_P021",25
"26330",6873.72085421899,"NRI_P021",50
"26331",-36373.421305781,"NRI_P021",100
"26332",-792.980965781026,"NRI_P021",25
"26333",-9586.04818578099,"NRI_P021",50
"26334",-45031.366635781,"NRI_P021",100
"26335",-2505.31012578099,"NRI_P021",25
"26336",-22167.374675781,"NRI_P021",50
"26337",-43097.416225781,"NRI_P021",100
"26338",-4515.68371578102,"NRI_P021",25
"26339",-15262.618275781,"NRI_P021",50
"26340",-20376.116485781,"NRI_P021",100
"26341",-15170.665575781,"NRI_P021",25
"26342",-8735.532125781,"NRI_P021",50
"26343",-28272.138775781,"NRI_P021",100
"26344",-1368.682245781,"NRI_P021",25
"26345",-23862.731525781,"NRI_P021",50
"26346",-27283.045735781,"NRI_P021",100
"26347",-2806.72841578099,"NRI_P021",25
"26348",-7511.32709578105,"NRI_P021",50
"26349",-15800.375115781,"NRI_P021",100
"26350",-5877.87856578099,"NRI_P021",25
"26351",-27167.284315781,"NRI_P021",50
"26352",-36630.375915781,"NRI_P021",100
"26353",-2444.04530578101,"NRI_P021",25
"26354",-13110.040895781,"NRI_P021",50
"26355",-49943.836465781,"NRI_P021",100
"26356",-6699.30553578102,"NRI_P021",25
"26357",15301.946894219,"NRI_P021",50
"26358",-36418.251955781,"NRI_P021",100
"26359",-3973.02403578104,"NRI_P021",25
"26360",-23379.906055781,"NRI_P021",50
"26361",-14939.510175781,"NRI_P021",100
"26362",-8993.43514578103,"NRI_P021",25
"26363",-19411.296715781,"NRI_P021",50
"26364",-53811.150155781,"NRI_P021",100
"26365",-560.641675780993,"NRI_P021",25
"26366",-15413.051165781,"NRI_P021",50
"26367",-40777.265085781,"NRI_P021",100
"26368",-16797.375205781,"NRI_P021",25
"26369",-22080.249555781,"NRI_P021",50
"26370",-41675.046525781,"NRI_P021",100
"26371",3674.92337421898,"NRI_P021",25
"26372",-12944.719615781,"NRI_P021",50
"26373",-17991.936265781,"NRI_P021",100
"26374",-10507.299875781,"NRI_P021",25
"26375",-28971.741115781,"NRI_P021",50
"26376",-20824.159975781,"NRI_P021",100
"26377",-2667.102965781,"NRI_P021",25
"26378",-16377.021035781,"NRI_P021",50
"26379",5944.398654219,"NRI_P021",100
"26380",-9336.60803578101,"NRI_P021",25
"26381",11276.523154219,"NRI_P021",50
"26382",-36613.578065781,"NRI_P021",100
"26383",-13101.658925781,"NRI_P021",25
"26384",-9592.21788578102,"NRI_P021",50
"26385",-52291.655035781,"NRI_P021",100
"26386",-11706.023585781,"NRI_P021",25
"26387",-928.452795781021,"NRI_P021",50
"26388",-28013.599325781,"NRI_P021",100
"26389",-8724.06649578101,"NRI_P021",25
"26390",-994.465895781002,"NRI_P021",50
"26391",-46745.625725781,"NRI_P021",100
"26392",-16972.275345781,"NRI_P021",25
"26393",-17414.836555781,"NRI_P021",50
"26394",-26647.534925781,"NRI_P021",100
"26395",-13994.957945781,"NRI_P021",25
"26396",-13274.758155781,"NRI_P021",50
"26397",-46021.847735781,"NRI_P021",100
"26398",-1774.34049578104,"NRI_P021",25
"26399",-24412.575405781,"NRI_P021",50
"26400",-20413.780575781,"NRI_P021",100
"26401",-69099.0875142991,"NRI_P022",25
"26402",23502.9106057009,"NRI_P022",50
"26403",-42822.850304299,"NRI_P022",100
"26404",-1364.22042429901,"NRI_P022",25
"26405",34519.6107657009,"NRI_P022",50
"26406",-48809.532354299,"NRI_P022",100
"26407",-21386.6559142991,"NRI_P022",25
"26408",-18515.698244299,"NRI_P022",50
"26409",-67082.655214299,"NRI_P022",100
"26410",-35572.459724299,"NRI_P022",25
"26411",-5261.798074299,"NRI_P022",50
"26412",-77798.3045742991,"NRI_P022",100
"26413",-21843.6492842991,"NRI_P022",25
"26414",-12914.6961142991,"NRI_P022",50
"26415",-42715.1851742991,"NRI_P022",100
"26416",-19225.700274299,"NRI_P022",25
"26417",-41714.824004299,"NRI_P022",50
"26418",-28914.226034299,"NRI_P022",100
"26419",6656.95183570089,"NRI_P022",25
"26420",4633.40428570099,"NRI_P022",50
"26421",-85022.9264842991,"NRI_P022",100
"26422",-225.726084299036,"NRI_P022",25
"26423",-21120.7786042991,"NRI_P022",50
"26424",-40454.939114299,"NRI_P022",100
"26425",6184.73415570089,"NRI_P022",25
"26426",-17403.8614442991,"NRI_P022",50
"26427",-55537.1830142991,"NRI_P022",100
"26428",-56562.211544299,"NRI_P022",25
"26429",-25465.578484299,"NRI_P022",50
"26430",-41457.794194299,"NRI_P022",100
"26431",15671.586555701,"NRI_P022",25
"26432",-62032.6647942991,"NRI_P022",50
"26433",-37993.555734299,"NRI_P022",100
"26434",-12909.246144299,"NRI_P022",25
"26435",-27170.717014299,"NRI_P022",50
"26436",-69150.2568442991,"NRI_P022",100
"26437",-19509.736234299,"NRI_P022",25
"26438",-41647.8251442991,"NRI_P022",50
"26439",-57534.5402542991,"NRI_P022",100
"26440",5760.68228570092,"NRI_P022",25
"26441",857.441985700978,"NRI_P022",50
"26442",-28738.120894299,"NRI_P022",100
"26443",7810.82931570092,"NRI_P022",25
"26444",-64437.4817142991,"NRI_P022",50
"26445",-50249.2038742991,"NRI_P022",100
"26446",-12706.6699542991,"NRI_P022",25
"26447",-64922.725604299,"NRI_P022",50
"26448",-67032.223034299,"NRI_P022",100
"26449",-65966.520414299,"NRI_P022",25
"26450",-43779.673934299,"NRI_P022",50
"26451",-58932.0940342991,"NRI_P022",100
"26452",-21440.7238242991,"NRI_P022",25
"26453",-46718.8300842991,"NRI_P022",50
"26454",-53464.9231042991,"NRI_P022",100
"26455",-12798.1313142991,"NRI_P022",25
"26456",-8362.00592429901,"NRI_P022",50
"26457",-25252.643004299,"NRI_P022",100
"26458",220.393305700971,"NRI_P022",25
"26459",-44445.732644299,"NRI_P022",50
"26460",3039.52529570099,"NRI_P022",100
"26461",22570.241155701,"NRI_P022",25
"26462",-65486.5607342991,"NRI_P022",50
"26463",-42061.4819642991,"NRI_P022",100
"26464",-32913.119704299,"NRI_P022",25
"26465",-26538.563334299,"NRI_P022",50
"26466",-58138.042614299,"NRI_P022",100
"26467",-30680.5725942991,"NRI_P022",25
"26468",-25508.8651142991,"NRI_P022",50
"26469",54731.9592257009,"NRI_P022",100
"26470",-49901.385584299,"NRI_P022",25
"26471",-33965.111034299,"NRI_P022",50
"26472",-80207.600344299,"NRI_P022",100
"26473",5105.21140570089,"NRI_P022",25
"26474",-35738.5711542991,"NRI_P022",50
"26475",-64972.758054299,"NRI_P022",100
"26476",-23684.032604299,"NRI_P022",25
"26477",-45752.8451642991,"NRI_P022",50
"26478",-74871.0045942991,"NRI_P022",100
"26479",-3047.62274429901,"NRI_P022",25
"26480",-29163.477674299,"NRI_P022",50
"26481",-63302.2203342991,"NRI_P022",100
"26482",-31861.2273142991,"NRI_P022",25
"26483",-15507.0557942991,"NRI_P022",50
"26484",-63434.7584942991,"NRI_P022",100
"26485",14040.027585701,"NRI_P022",25
"26486",27504.6525657009,"NRI_P022",50
"26487",-19877.9400442991,"NRI_P022",100
"26488",-13650.439174299,"NRI_P022",25
"26489",-2064.99430429901,"NRI_P022",50
"26490",-20235.2592542991,"NRI_P022",100
"26491",-56009.2007842991,"NRI_P022",25
"26492",19426.5545457009,"NRI_P022",50
"26493",-73478.3739842991,"NRI_P022",100
"26494",1507.73521570093,"NRI_P022",25
"26495",-30535.6488242991,"NRI_P022",50
"26496",-41801.3883642991,"NRI_P022",100
"26497",-3838.73185429908,"NRI_P022",25
"26498",-33995.498174299,"NRI_P022",50
"26499",-68001.246364299,"NRI_P022",100
"26500",3129.60892570089,"NRI_P022",25
"26501",-12116.977704299,"NRI_P022",50
"26502",-34713.002824299,"NRI_P022",100
"26503",1096.95736570098,"NRI_P022",25
"26504",-21734.355714299,"NRI_P022",50
"26505",-2710.03482429904,"NRI_P022",100
"26506",-22994.426914299,"NRI_P022",25
"26507",-70537.333754299,"NRI_P022",50
"26508",-52378.0611142991,"NRI_P022",100
"26509",-4532.58654429903,"NRI_P022",25
"26510",20880.317075701,"NRI_P022",50
"26511",-57290.8014942991,"NRI_P022",100
"26512",-27405.6062242991,"NRI_P022",25
"26513",-51751.7498142991,"NRI_P022",50
"26514",-54368.232934299,"NRI_P022",100
"26515",-17502.196454299,"NRI_P022",25
"26516",-24967.7358942991,"NRI_P022",50
"26517",-63886.0185542991,"NRI_P022",100
"26518",-33009.9841142991,"NRI_P022",25
"26519",-6294.69127429905,"NRI_P022",50
"26520",-6924.16658429906,"NRI_P022",100
"26521",-2030.0265142991,"NRI_P022",25
"26522",7981.36173570098,"NRI_P022",50
"26523",-59320.6330042991,"NRI_P022",100
"26524",-45112.2942042991,"NRI_P022",25
"26525",18981.7813857009,"NRI_P022",50
"26526",-25038.006094299,"NRI_P022",100
"26527",-45572.2195442991,"NRI_P022",25
"26528",-36685.769914299,"NRI_P022",50
"26529",-60774.5164742991,"NRI_P022",100
"26530",-28872.6364342991,"NRI_P022",25
"26531",-47292.7222042991,"NRI_P022",50
"26532",-48039.3292242991,"NRI_P022",100
"26533",28182.0720657009,"NRI_P022",25
"26534",1558.61937570095,"NRI_P022",50
"26535",-17516.3494842991,"NRI_P022",100
"26536",-19100.056594299,"NRI_P022",25
"26537",-66893.409494299,"NRI_P022",50
"26538",-13021.155634299,"NRI_P022",100
"26539",-2798.36792429909,"NRI_P022",25
"26540",13571.6248757009,"NRI_P022",50
"26541",-12172.5282842991,"NRI_P022",100
"26542",573.307385700988,"NRI_P022",25
"26543",9210.73106570088,"NRI_P022",50
"26544",-62028.086254299,"NRI_P022",100
"26545",-838.462014299119,"NRI_P022",25
"26546",-10492.7399142991,"NRI_P022",50
"26547",-15406.2820642991,"NRI_P022",100
"26548",3369.1363857009,"NRI_P022",25
"26549",-33751.416884299,"NRI_P022",50
"26550",-78328.277354299,"NRI_P022",100
"26551",9289.5110957009,"NRI_P022",25
"26552",-24803.7502342991,"NRI_P022",50
"26553",-60749.843724299,"NRI_P022",100
"26554",-6090.90756429906,"NRI_P022",25
"26555",-14105.7330142991,"NRI_P022",50
"26556",-33007.184024299,"NRI_P022",100
"26557",15350.871885701,"NRI_P022",25
"26558",-51365.4216842991,"NRI_P022",50
"26559",-34097.6312242991,"NRI_P022",100
"26560",-6647.09911429905,"NRI_P022",25
"26561",-13371.573244299,"NRI_P022",50
"26562",-72944.433674299,"NRI_P022",100
"26563",15772.9477557009,"NRI_P022",25
"26564",-20105.1847542991,"NRI_P022",50
"26565",-39567.6443142991,"NRI_P022",100
"26566",-51769.5062742991,"NRI_P022",25
"26567",-22086.0891042991,"NRI_P022",50
"26568",-17494.344034299,"NRI_P022",100
"26569",2134.18748570094,"NRI_P022",25
"26570",-31645.965564299,"NRI_P022",50
"26571",-22109.165554299,"NRI_P022",100
"26572",-17324.470364299,"NRI_P022",25
"26573",-23469.5918242991,"NRI_P022",50
"26574",-38059.5869042991,"NRI_P022",100
"26575",13719.1028457009,"NRI_P022",25
"26576",-4333.11267429905,"NRI_P022",50
"26577",-4267.09872429911,"NRI_P022",100
"26578",-53415.124514299,"NRI_P022",25
"26579",-16419.7743742991,"NRI_P022",50
"26580",-58833.5411342991,"NRI_P022",100
"26581",-1073.28251429903,"NRI_P022",25
"26582",-12360.6875642991,"NRI_P022",50
"26583",-49452.4777342991,"NRI_P022",100
"26584",-26471.4233742991,"NRI_P022",25
"26585",-17428.668304299,"NRI_P022",50
"26586",-56081.569614299,"NRI_P022",100
"26587",2819.98225570098,"NRI_P022",25
"26588",-7950.13778429909,"NRI_P022",50
"26589",-57281.5682042991,"NRI_P022",100
"26590",-5387.02181429905,"NRI_P022",25
"26591",-33593.7465142991,"NRI_P022",50
"26592",-63766.7015442991,"NRI_P022",100
"26593",-44502.612994299,"NRI_P022",25
"26594",-61631.1104142991,"NRI_P022",50
"26595",-64743.6955742991,"NRI_P022",100
"26596",2043.60222570098,"NRI_P022",25
"26597",18893.931115701,"NRI_P022",50
"26598",-29466.938504299,"NRI_P022",100
"26599",5090.14208570099,"NRI_P022",25
"26600",-1160.61293429905,"NRI_P022",50
"26601",-42588.496384299,"NRI_P022",100
"26602",-2201.51693429903,"NRI_P022",25
"26603",-19598.8252942991,"NRI_P022",50
"26604",-78484.490884299,"NRI_P022",100
"26605",-31537.7885142991,"NRI_P022",25
"26606",5346.26642570097,"NRI_P022",50
"26607",-76982.9162242991,"NRI_P022",100
"26608",-32332.189344299,"NRI_P022",25
"26609",-44765.3337342991,"NRI_P022",50
"26610",-73303.141484299,"NRI_P022",100
"26611",-43809.0396142991,"NRI_P022",25
"26612",12363.2094857009,"NRI_P022",50
"26613",-81462.3537042991,"NRI_P022",100
"26614",6665.64506570098,"NRI_P022",25
"26615",-62860.395124299,"NRI_P022",50
"26616",45687.714705701,"NRI_P022",100
"26617",4524.97978570091,"NRI_P022",25
"26618",-18653.8951642991,"NRI_P022",50
"26619",-96938.6638342991,"NRI_P022",100
"26620",29046.501365701,"NRI_P022",25
"26621",-5312.75377429905,"NRI_P022",50
"26622",-67478.7068842991,"NRI_P022",100
"26623",-17773.427634299,"NRI_P022",25
"26624",1751.52404570091,"NRI_P022",50
"26625",-19994.3572342991,"NRI_P022",100
"26626",6071.54390570091,"NRI_P022",25
"26627",-52140.863644299,"NRI_P022",50
"26628",-7035.97793429904,"NRI_P022",100
"26629",-16711.1616342991,"NRI_P022",25
"26630",-33762.5190542991,"NRI_P022",50
"26631",-51470.1811242991,"NRI_P022",100
"26632",-18536.3520342991,"NRI_P022",25
"26633",-5378.66526429902,"NRI_P022",50
"26634",-13667.5396142991,"NRI_P022",100
"26635",-2504.52877429908,"NRI_P022",25
"26636",9481.93716570095,"NRI_P022",50
"26637",-51354.4089942991,"NRI_P022",100
"26638",-18137.5376542991,"NRI_P022",25
"26639",-36017.2287342991,"NRI_P022",50
"26640",-51036.487574299,"NRI_P022",100
"26641",-6500.84376429906,"NRI_P022",25
"26642",-9521.52144429903,"NRI_P022",50
"26643",-1105.98429429904,"NRI_P022",100
"26644",-8875.90153429902,"NRI_P022",25
"26645",-22826.8220242991,"NRI_P022",50
"26646",-77612.5296542991,"NRI_P022",100
"26647",-12445.3509342991,"NRI_P022",25
"26648",-23633.5917642991,"NRI_P022",50
"26649",-18022.505714299,"NRI_P022",100
"26650",-45828.9428142991,"NRI_P022",25
"26651",3716.15111570095,"NRI_P022",50
"26652",-67201.1661042991,"NRI_P022",100
"26653",1522.89191570098,"NRI_P022",25
"26654",6161.30370570091,"NRI_P022",50
"26655",-37057.7832542991,"NRI_P022",100
"26656",-45193.262544299,"NRI_P022",25
"26657",-21969.4784142991,"NRI_P022",50
"26658",-32174.521824299,"NRI_P022",100
"26659",-37490.4607142991,"NRI_P022",25
"26660",-22076.194664299,"NRI_P022",50
"26661",-26282.4441942991,"NRI_P022",100
"26662",-3461.45988429908,"NRI_P022",25
"26663",-45888.7396342991,"NRI_P022",50
"26664",-12961.412544299,"NRI_P022",100
"26665",3537.43691570091,"NRI_P022",25
"26666",-32036.1171442991,"NRI_P022",50
"26667",-64442.0219242991,"NRI_P022",100
"26668",-5571.09281429905,"NRI_P022",25
"26669",-30208.584084299,"NRI_P022",50
"26670",-29481.7550742991,"NRI_P022",100
"26671",-37747.2726142991,"NRI_P022",25
"26672",-44580.3586242991,"NRI_P022",50
"26673",-46348.8475242991,"NRI_P022",100
"26674",7608.11686570093,"NRI_P022",25
"26675",-10163.0527142991,"NRI_P022",50
"26676",-72290.6596442991,"NRI_P022",100
"26677",4360.15258570097,"NRI_P022",25
"26678",-20741.4255642991,"NRI_P022",50
"26679",-88119.715704299,"NRI_P022",100
"26680",-8183.60126429901,"NRI_P022",25
"26681",-73692.6612442991,"NRI_P022",50
"26682",-18290.7945542991,"NRI_P022",100
"26683",-6063.38614429906,"NRI_P022",25
"26684",3792.19179570093,"NRI_P022",50
"26685",-49192.2733142991,"NRI_P022",100
"26686",9541.76379570097,"NRI_P022",25
"26687",-47791.898074299,"NRI_P022",50
"26688",-61284.1639842991,"NRI_P022",100
"26689",7314.1996657009,"NRI_P022",25
"26690",1759.76097570092,"NRI_P022",50
"26691",-39894.6200942991,"NRI_P022",100
"26692",-9387.60841429909,"NRI_P022",25
"26693",-26900.3057142991,"NRI_P022",50
"26694",-54400.5351542991,"NRI_P022",100
"26695",-22573.255944299,"NRI_P022",25
"26696",-19944.0140942991,"NRI_P022",50
"26697",-22101.3547742991,"NRI_P022",100
"26698",27207.0033957009,"NRI_P022",25
"26699",-69764.2290642991,"NRI_P022",50
"26700",-12154.6477042991,"NRI_P022",100
"26701",36135.06488942,"NRI_P023",25
"26702",16824.46085942,"NRI_P023",50
"26703",48151.62101942,"NRI_P023",100
"26704",-2556.61665058002,"NRI_P023",25
"26705",18965.09064942,"NRI_P023",50
"26706",35873.64200942,"NRI_P023",100
"26707",-3387.52279058,"NRI_P023",25
"26708",1405.65041941998,"NRI_P023",50
"26709",31177.6338194199,"NRI_P023",100
"26710",2970.75112941995,"NRI_P023",25
"26711",19671.93130942,"NRI_P023",50
"26712",23284.12527942,"NRI_P023",100
"26713",-4886.98925058002,"NRI_P023",25
"26714",13554.58411942,"NRI_P023",50
"26715",24365.41986942,"NRI_P023",100
"26716",3985.36304942,"NRI_P023",25
"26717",6709.23148942,"NRI_P023",50
"26718",59783.46468942,"NRI_P023",100
"26719",-6572.34330058005,"NRI_P023",25
"26720",47740.58162942,"NRI_P023",50
"26721",45927.53275942,"NRI_P023",100
"26722",7977.66199941997,"NRI_P023",25
"26723",1573.25060941995,"NRI_P023",50
"26724",8357.72129941999,"NRI_P023",100
"26725",11410.37866942,"NRI_P023",25
"26726",52163.82564942,"NRI_P023",50
"26727",86361.29518942,"NRI_P023",100
"26728",12010.79904942,"NRI_P023",25
"26729",4765.25066942,"NRI_P023",50
"26730",44013.17748942,"NRI_P023",100
"26731",-4796.67186058004,"NRI_P023",25
"26732",14395.27986942,"NRI_P023",50
"26733",22236.08962942,"NRI_P023",100
"26734",1468.88247941999,"NRI_P023",25
"26735",23378.38002942,"NRI_P023",50
"26736",42496.75017942,"NRI_P023",100
"26737",4756.92071941996,"NRI_P023",25
"26738",30680.31000942,"NRI_P023",50
"26739",32252.23020942,"NRI_P023",100
"26740",36223.52946942,"NRI_P023",25
"26741",36121.65264942,"NRI_P023",50
"26742",45353.08776942,"NRI_P023",100
"26743",10782.38692942,"NRI_P023",25
"26744",19693.03823942,"NRI_P023",50
"26745",78955.15343942,"NRI_P023",100
"26746",4125.26815942,"NRI_P023",25
"26747",27831.02057942,"NRI_P023",50
"26748",-3954.46228058002,"NRI_P023",100
"26749",35350.33625942,"NRI_P023",25
"26750",22249.25098942,"NRI_P023",50
"26751",61955.49197942,"NRI_P023",100
"26752",5576.04635942,"NRI_P023",25
"26753",3471.36711941997,"NRI_P023",50
"26754",29468.70393942,"NRI_P023",100
"26755",38822.72836942,"NRI_P023",25
"26756",8586.78760941996,"NRI_P023",50
"26757",6468.52674941998,"NRI_P023",100
"26758",12888.55057942,"NRI_P023",25
"26759",21964.64776942,"NRI_P023",50
"26760",30669.57748942,"NRI_P023",100
"26761",24798.02747942,"NRI_P023",25
"26762",46784.72234942,"NRI_P023",50
"26763",11714.58784942,"NRI_P023",100
"26764",9599.21628941997,"NRI_P023",25
"26765",2728.09559941996,"NRI_P023",50
"26766",43647.14938942,"NRI_P023",100
"26767",-6023.40842058003,"NRI_P023",25
"26768",4871.28210941999,"NRI_P023",50
"26769",39685.92961942,"NRI_P023",100
"26770",3966.67911942001,"NRI_P023",25
"26771",7860.84699941997,"NRI_P023",50
"26772",85560.72685942,"NRI_P023",100
"26773",3112.45801941998,"NRI_P023",25
"26774",5518.44102942001,"NRI_P023",50
"26775",26740.12787942,"NRI_P023",100
"26776",15517.8325794199,"NRI_P023",25
"26777",73886.14990942,"NRI_P023",50
"26778",75788.34796942,"NRI_P023",100
"26779",27973.44049942,"NRI_P023",25
"26780",30741.47241942,"NRI_P023",50
"26781",1551.53684941999,"NRI_P023",100
"26782",4358.94941941998,"NRI_P023",25
"26783",70394.74795942,"NRI_P023",50
"26784",75461.51173942,"NRI_P023",100
"26785",9912.69577941997,"NRI_P023",25
"26786",41239.20821942,"NRI_P023",50
"26787",63765.7756294199,"NRI_P023",100
"26788",-1955.51041058003,"NRI_P023",25
"26789",5442.44274941995,"NRI_P023",50
"26790",37615.08317942,"NRI_P023",100
"26791",10142.15696942,"NRI_P023",25
"26792",53692.10590942,"NRI_P023",50
"26793",38457.82873942,"NRI_P023",100
"26794",33264.2992194199,"NRI_P023",25
"26795",28369.03461942,"NRI_P023",50
"26796",24074.71921942,"NRI_P023",100
"26797",3021.15627941996,"NRI_P023",25
"26798",5468.02735941997,"NRI_P023",50
"26799",28599.54145942,"NRI_P023",100
"26800",12777.53877942,"NRI_P023",25
"26801",6749.52054941998,"NRI_P023",50
"26802",51025.54405942,"NRI_P023",100
"26803",36853.73284942,"NRI_P023",25
"26804",48199.13446942,"NRI_P023",50
"26805",93487.89075942,"NRI_P023",100
"26806",71739.87817942,"NRI_P023",25
"26807",23744.65521942,"NRI_P023",50
"26808",49474.19703942,"NRI_P023",100
"26809",2304.74261941999,"NRI_P023",25
"26810",9392.10119941999,"NRI_P023",50
"26811",11527.35445942,"NRI_P023",100
"26812",9592.86795941996,"NRI_P023",25
"26813",1240.14760942,"NRI_P023",50
"26814",22353.35333942,"NRI_P023",100
"26815",1681.06232942,"NRI_P023",25
"26816",62659.78096942,"NRI_P023",50
"26817",81740.44860942,"NRI_P023",100
"26818",24973.50000942,"NRI_P023",25
"26819",47901.79575942,"NRI_P023",50
"26820",64921.36322942,"NRI_P023",100
"26821",39812.42749942,"NRI_P023",25
"26822",29297.17117942,"NRI_P023",50
"26823",89163.13853942,"NRI_P023",100
"26824",5266.65858941997,"NRI_P023",25
"26825",29530.10197942,"NRI_P023",50
"26826",54361.52547942,"NRI_P023",100
"26827",13663.97639942,"NRI_P023",25
"26828",11205.95207942,"NRI_P023",50
"26829",48305.47175942,"NRI_P023",100
"26830",3411.82727941999,"NRI_P023",25
"26831",19588.41666942,"NRI_P023",50
"26832",38880.02936942,"NRI_P023",100
"26833",-201.792420580052,"NRI_P023",25
"26834",24356.42049942,"NRI_P023",50
"26835",4537.86445941997,"NRI_P023",100
"26836",29091.17450942,"NRI_P023",25
"26837",15476.09388942,"NRI_P023",50
"26838",58540.25362942,"NRI_P023",100
"26839",-3378.02263058,"NRI_P023",25
"26840",-3897.31395058002,"NRI_P023",50
"26841",65193.13753942,"NRI_P023",100
"26842",6672.17211941996,"NRI_P023",25
"26843",3928.37652941997,"NRI_P023",50
"26844",44221.43748942,"NRI_P023",100
"26845",-10184.86131058,"NRI_P023",25
"26846",25557.27715942,"NRI_P023",50
"26847",48287.75449942,"NRI_P023",100
"26848",31734.95727942,"NRI_P023",25
"26849",42640.03432942,"NRI_P023",50
"26850",54508.8280694199,"NRI_P023",100
"26851",45677.16835942,"NRI_P023",25
"26852",39704.97390942,"NRI_P023",50
"26853",42653.53605942,"NRI_P023",100
"26854",-2774.52045058005,"NRI_P023",25
"26855",10562.85672942,"NRI_P023",50
"26856",67644.49748942,"NRI_P023",100
"26857",12203.25763942,"NRI_P023",25
"26858",14274.95679942,"NRI_P023",50
"26859",94126.99033942,"NRI_P023",100
"26860",14299.51108942,"NRI_P023",25
"26861",23367.33717942,"NRI_P023",50
"26862",36576.09471942,"NRI_P023",100
"26863",-10636.58667058,"NRI_P023",25
"26864",5472.65955941996,"NRI_P023",50
"26865",37764.80200942,"NRI_P023",100
"26866",-408.292980580009,"NRI_P023",25
"26867",48962.79161942,"NRI_P023",50
"26868",42726.33525942,"NRI_P023",100
"26869",-961.634580580052,"NRI_P023",25
"26870",11235.35569942,"NRI_P023",50
"26871",94077.08830942,"NRI_P023",100
"26872",3603.71142941999,"NRI_P023",25
"26873",3620.33144941996,"NRI_P023",50
"26874",77472.96868942,"NRI_P023",100
"26875",20435.03614942,"NRI_P023",25
"26876",37777.38997942,"NRI_P023",50
"26877",41679.67151942,"NRI_P023",100
"26878",16723.44673942,"NRI_P023",25
"26879",17758.70856942,"NRI_P023",50
"26880",65163.11316942,"NRI_P023",100
"26881",-4998.27756058,"NRI_P023",25
"26882",32071.73024942,"NRI_P023",50
"26883",34939.10643942,"NRI_P023",100
"26884",3187.83059942001,"NRI_P023",25
"26885",27166.37562942,"NRI_P023",50
"26886",83579.69507942,"NRI_P023",100
"26887",11634.28481942,"NRI_P023",25
"26888",11750.34690942,"NRI_P023",50
"26889",25216.97687942,"NRI_P023",100
"26890",17395.79387942,"NRI_P023",25
"26891",17964.81939942,"NRI_P023",50
"26892",20373.79567942,"NRI_P023",100
"26893",10378.81675942,"NRI_P023",25
"26894",7230.08584941999,"NRI_P023",50
"26895",45085.1555294199,"NRI_P023",100
"26896",2775.66889941995,"NRI_P023",25
"26897",65662.82424942,"NRI_P023",50
"26898",27152.06618942,"NRI_P023",100
"26899",14917.98593942,"NRI_P023",25
"26900",54961.5744994199,"NRI_P023",50
"26901",33600.96905942,"NRI_P023",100
"26902",2550.42208941997,"NRI_P023",25
"26903",-4436.09645058005,"NRI_P023",50
"26904",47827.61347942,"NRI_P023",100
"26905",377.747649419995,"NRI_P023",25
"26906",10644.73348942,"NRI_P023",50
"26907",21148.97409942,"NRI_P023",100
"26908",52481.1203194199,"NRI_P023",25
"26909",18588.58557942,"NRI_P023",50
"26910",14316.02025942,"NRI_P023",100
"26911",16156.94902942,"NRI_P023",25
"26912",31437.22980942,"NRI_P023",50
"26913",40465.13675942,"NRI_P023",100
"26914",11486.63522942,"NRI_P023",25
"26915",-3538.85460058,"NRI_P023",50
"26916",106566.98122942,"NRI_P023",100
"26917",327.029639419983,"NRI_P023",25
"26918",24751.54189942,"NRI_P023",50
"26919",104058.08295942,"NRI_P023",100
"26920",10452.46972942,"NRI_P023",25
"26921",16002.90161942,"NRI_P023",50
"26922",20746.99856942,"NRI_P023",100
"26923",84990.53579942,"NRI_P023",25
"26924",13835.90058942,"NRI_P023",50
"26925",17604.34708942,"NRI_P023",100
"26926",21873.06935942,"NRI_P023",25
"26927",35708.89482942,"NRI_P023",50
"26928",71938.10424942,"NRI_P023",100
"26929",5768.07664941996,"NRI_P023",25
"26930",40780.76847942,"NRI_P023",50
"26931",42569.17505942,"NRI_P023",100
"26932",-1586.39671058004,"NRI_P023",25
"26933",10178.27356942,"NRI_P023",50
"26934",20553.30034942,"NRI_P023",100
"26935",-2127.28586058004,"NRI_P023",25
"26936",27033.28926942,"NRI_P023",50
"26937",66071.61333942,"NRI_P023",100
"26938",234.768129420001,"NRI_P023",25
"26939",2443.09009941999,"NRI_P023",50
"26940",24015.2147194199,"NRI_P023",100
"26941",28079.88480942,"NRI_P023",25
"26942",59548.30903942,"NRI_P023",50
"26943",76227.14162942,"NRI_P023",100
"26944",12162.06885942,"NRI_P023",25
"26945",40332.47287942,"NRI_P023",50
"26946",172293.93935942,"NRI_P023",100
"26947",2012.32836941996,"NRI_P023",25
"26948",26656.60658942,"NRI_P023",50
"26949",-6644.23055058002,"NRI_P023",100
"26950",38036.74750942,"NRI_P023",25
"26951",23312.58336942,"NRI_P023",50
"26952",82830.96459942,"NRI_P023",100
"26953",12095.11364942,"NRI_P023",25
"26954",19563.81490942,"NRI_P023",50
"26955",40834.15323942,"NRI_P023",100
"26956",23022.83069942,"NRI_P023",25
"26957",23753.54851942,"NRI_P023",50
"26958",27773.20146942,"NRI_P023",100
"26959",3427.81049941998,"NRI_P023",25
"26960",58248.46115942,"NRI_P023",50
"26961",60171.67484942,"NRI_P023",100
"26962",6137.03641941998,"NRI_P023",25
"26963",1017.56530942,"NRI_P023",50
"26964",32770.56028942,"NRI_P023",100
"26965",7746.74570941995,"NRI_P023",25
"26966",17668.84084942,"NRI_P023",50
"26967",53742.17016942,"NRI_P023",100
"26968",333.56163941999,"NRI_P023",25
"26969",34432.23690942,"NRI_P023",50
"26970",32028.81038942,"NRI_P023",100
"26971",4580.13380941999,"NRI_P023",25
"26972",11726.3319294199,"NRI_P023",50
"26973",79564.98866942,"NRI_P023",100
"26974",13971.05286942,"NRI_P023",25
"26975",16241.98145942,"NRI_P023",50
"26976",24089.13745942,"NRI_P023",100
"26977",-7360.59667058004,"NRI_P023",25
"26978",29108.88565942,"NRI_P023",50
"26979",32560.76949942,"NRI_P023",100
"26980",10609.69979942,"NRI_P023",25
"26981",40449.92024942,"NRI_P023",50
"26982",70818.04329942,"NRI_P023",100
"26983",8073.66850941995,"NRI_P023",25
"26984",10532.35692942,"NRI_P023",50
"26985",56239.66134942,"NRI_P023",100
"26986",6757.73070941999,"NRI_P023",25
"26987",25185.56793942,"NRI_P023",50
"26988",67193.49869942,"NRI_P023",100
"26989",13927.88283942,"NRI_P023",25
"26990",8283.62934941996,"NRI_P023",50
"26991",6172.05029941996,"NRI_P023",100
"26992",13095.42769942,"NRI_P023",25
"26993",45824.03408942,"NRI_P023",50
"26994",54724.65244942,"NRI_P023",100
"26995",4189.31020941999,"NRI_P023",25
"26996",11116.54612942,"NRI_P023",50
"26997",25328.32425942,"NRI_P023",100
"26998",10197.19758942,"NRI_P023",25
"26999",36084.15718942,"NRI_P023",50
"27000",17635.57876942,"NRI_P023",100
"27001",-1039.06272151202,"NRI_P024",25
"27002",-23930.717301512,"NRI_P024",50
"27003",-78838.384321512,"NRI_P024",100
"27004",-24980.517631512,"NRI_P024",25
"27005",-27522.605287512,"NRI_P024",50
"27006",-80492.212191512,"NRI_P024",100
"27007",4690.94264848801,"NRI_P024",25
"27008",-58902.590431512,"NRI_P024",50
"27009",-72871.296671512,"NRI_P024",100
"27010",-26560.395621512,"NRI_P024",25
"27011",-68153.727631512,"NRI_P024",50
"27012",-95506.840537512,"NRI_P024",100
"27013",-36476.031971512,"NRI_P024",25
"27014",-47980.723451512,"NRI_P024",50
"27015",-77631.011891512,"NRI_P024",100
"27016",-19888.382761512,"NRI_P024",25
"27017",-35235.340561512,"NRI_P024",50
"27018",-88595.858191512,"NRI_P024",100
"27019",-17824.224881512,"NRI_P024",25
"27020",-74168.072901512,"NRI_P024",50
"27021",-80986.271181512,"NRI_P024",100
"27022",-15780.188357512,"NRI_P024",25
"27023",-22827.690277512,"NRI_P024",50
"27024",-80777.606149512,"NRI_P024",100
"27025",-8731.32988151201,"NRI_P024",25
"27026",-17177.759483512,"NRI_P024",50
"27027",-70811.612577512,"NRI_P024",100
"27028",-42266.636671512,"NRI_P024",25
"27029",-20541.651209512,"NRI_P024",50
"27030",-79272.552811512,"NRI_P024",100
"27031",-32730.266131512,"NRI_P024",25
"27032",-38500.267901512,"NRI_P024",50
"27033",-77317.710801512,"NRI_P024",100
"27034",-17285.512271512,"NRI_P024",25
"27035",-54207.391337512,"NRI_P024",50
"27036",-66827.474527512,"NRI_P024",100
"27037",-31398.082401512,"NRI_P024",25
"27038",-27057.968483512,"NRI_P024",50
"27039",-57747.567941512,"NRI_P024",100
"27040",-15841.903831512,"NRI_P024",25
"27041",-21489.998267512,"NRI_P024",50
"27042",-71352.554651512,"NRI_P024",100
"27043",-3918.514621512,"NRI_P024",25
"27044",-11536.094247512,"NRI_P024",50
"27045",-81272.710697512,"NRI_P024",100
"27046",-15534.322337512,"NRI_P024",25
"27047",-31723.611371512,"NRI_P024",50
"27048",-72102.758573512,"NRI_P024",100
"27049",-7301.815681512,"NRI_P024",25
"27050",-27612.669131512,"NRI_P024",50
"27051",-74365.735697512,"NRI_P024",100
"27052",-12600.944851512,"NRI_P024",25
"27053",-12615.636993512,"NRI_P024",50
"27054",-73902.789141512,"NRI_P024",100
"27055",-19484.507551512,"NRI_P024",25
"27056",-13250.631661512,"NRI_P024",50
"27057",-73540.109681512,"NRI_P024",100
"27058",-18078.983257512,"NRI_P024",25
"27059",-21698.856593512,"NRI_P024",50
"27060",-94667.155931512,"NRI_P024",100
"27061",-6839.75017151202,"NRI_P024",25
"27062",-66289.352947512,"NRI_P024",50
"27063",-66892.822001512,"NRI_P024",100
"27064",-15065.943811512,"NRI_P024",25
"27065",-48091.104881512,"NRI_P024",50
"27066",-76971.283231512,"NRI_P024",100
"27067",-21233.706411512,"NRI_P024",25
"27068",-61348.941501512,"NRI_P024",50
"27069",-61399.680161512,"NRI_P024",100
"27070",-30311.258611512,"NRI_P024",25
"27071",-56040.772171512,"NRI_P024",50
"27072",-79430.389347512,"NRI_P024",100
"27073",3615.04235848799,"NRI_P024",25
"27074",-39267.130271512,"NRI_P024",50
"27075",-85667.087717512,"NRI_P024",100
"27076",-15701.984461512,"NRI_P024",25
"27077",-18018.412927512,"NRI_P024",50
"27078",-86244.998587512,"NRI_P024",100
"27079",-22292.536021512,"NRI_P024",25
"27080",-68089.939407512,"NRI_P024",50
"27081",-73104.558791512,"NRI_P024",100
"27082",-3240.54029151201,"NRI_P024",25
"27083",-50501.290731512,"NRI_P024",50
"27084",-81039.403381512,"NRI_P024",100
"27085",-11131.792311512,"NRI_P024",25
"27086",-42908.229381512,"NRI_P024",50
"27087",-90620.075231512,"NRI_P024",100
"27088",-18170.865311512,"NRI_P024",25
"27089",-45720.626731512,"NRI_P024",50
"27090",-71573.939541512,"NRI_P024",100
"27091",-26829.647901512,"NRI_P024",25
"27092",-28747.862241512,"NRI_P024",50
"27093",-61930.101601512,"NRI_P024",100
"27094",-19397.619457512,"NRI_P024",25
"27095",-56487.877847512,"NRI_P024",50
"27096",-69274.387481512,"NRI_P024",100
"27097",-16770.112741512,"NRI_P024",25
"27098",-49423.905741512,"NRI_P024",50
"27099",-80305.222711512,"NRI_P024",100
"27100",-33768.594827512,"NRI_P024",25
"27101",-46555.508337512,"NRI_P024",50
"27102",-74074.952297512,"NRI_P024",100
"27103",-7662.54169151201,"NRI_P024",25
"27104",-54774.934881512,"NRI_P024",50
"27105",-63525.479267512,"NRI_P024",100
"27106",4986.420058488,"NRI_P024",25
"27107",-32058.348791512,"NRI_P024",50
"27108",-76373.969497512,"NRI_P024",100
"27109",-4343.70404151201,"NRI_P024",25
"27110",-53004.914801512,"NRI_P024",50
"27111",-83013.690417512,"NRI_P024",100
"27112",-18829.805721512,"NRI_P024",25
"27113",-44852.609671512,"NRI_P024",50
"27114",-88545.584037512,"NRI_P024",100
"27115",-38613.061341512,"NRI_P024",25
"27116",-34638.000141512,"NRI_P024",50
"27117",-84867.092897512,"NRI_P024",100
"27118",-24459.224781512,"NRI_P024",25
"27119",-30223.536561512,"NRI_P024",50
"27120",-81974.241597512,"NRI_P024",100
"27121",3395.90140848799,"NRI_P024",25
"27122",-24767.371701512,"NRI_P024",50
"27123",-72109.804737512,"NRI_P024",100
"27124",-25357.896171512,"NRI_P024",25
"27125",-44088.619371512,"NRI_P024",50
"27126",-70887.731561512,"NRI_P024",100
"27127",-4439.79894151201,"NRI_P024",25
"27128",-34015.742391512,"NRI_P024",50
"27129",-79629.590821512,"NRI_P024",100
"27130",-10036.004451512,"NRI_P024",25
"27131",-30153.696867512,"NRI_P024",50
"27132",-85716.772231512,"NRI_P024",100
"27133",-8830.71050151202,"NRI_P024",25
"27134",-42207.142871512,"NRI_P024",50
"27135",-78690.490171512,"NRI_P024",100
"27136",-27889.688477512,"NRI_P024",25
"27137",-55646.720911512,"NRI_P024",50
"27138",-74204.118521512,"NRI_P024",100
"27139",-9495.27654151199,"NRI_P024",25
"27140",-65353.067231512,"NRI_P024",50
"27141",-86190.773697512,"NRI_P024",100
"27142",-21749.949011512,"NRI_P024",25
"27143",-18336.914017512,"NRI_P024",50
"27144",-68870.942101512,"NRI_P024",100
"27145",-5157.29892751199,"NRI_P024",25
"27146",-38211.507461512,"NRI_P024",50
"27147",-82236.871201512,"NRI_P024",100
"27148",-2896.20459151201,"NRI_P024",25
"27149",-45060.639437512,"NRI_P024",50
"27150",-67132.689383512,"NRI_P024",100
"27151",-37319.931441512,"NRI_P024",25
"27152",-25896.602317512,"NRI_P024",50
"27153",-76390.700113512,"NRI_P024",100
"27154",-29155.080251512,"NRI_P024",25
"27155",-47399.296981512,"NRI_P024",50
"27156",-90292.129715512,"NRI_P024",100
"27157",-25661.976241512,"NRI_P024",25
"27158",-57070.323491512,"NRI_P024",50
"27159",-72614.604421512,"NRI_P024",100
"27160",-52721.193331512,"NRI_P024",25
"27161",-30049.613137512,"NRI_P024",50
"27162",-90579.704051512,"NRI_P024",100
"27163",-21972.917231512,"NRI_P024",25
"27164",-32854.131221512,"NRI_P024",50
"27165",-58344.128017512,"NRI_P024",100
"27166",-15320.407081512,"NRI_P024",25
"27167",-41553.247761512,"NRI_P024",50
"27168",-81484.864487512,"NRI_P024",100
"27169",-29303.903091512,"NRI_P024",25
"27170",-49888.548281512,"NRI_P024",50
"27171",-89107.545777512,"NRI_P024",100
"27172",-3995.09520151201,"NRI_P024",25
"27173",-41452.985831512,"NRI_P024",50
"27174",-62508.474701512,"NRI_P024",100
"27175",-25621.765961512,"NRI_P024",25
"27176",-68425.164861512,"NRI_P024",50
"27177",-89299.629427512,"NRI_P024",100
"27178",-17137.164431512,"NRI_P024",25
"27179",-66721.573857512,"NRI_P024",50
"27180",-74659.538057512,"NRI_P024",100
"27181",-9840.73461151202,"NRI_P024",25
"27182",-50038.122601512,"NRI_P024",50
"27183",-62840.460841512,"NRI_P024",100
"27184",-5432.44332751201,"NRI_P024",25
"27185",-56825.354341512,"NRI_P024",50
"27186",-72794.061391512,"NRI_P024",100
"27187",-20029.818731512,"NRI_P024",25
"27188",-33416.531311512,"NRI_P024",50
"27189",-76054.204977512,"NRI_P024",100
"27190",-28414.963277512,"NRI_P024",25
"27191",-11862.103807512,"NRI_P024",50
"27192",-74433.467217512,"NRI_P024",100
"27193",-14533.126241512,"NRI_P024",25
"27194",-59678.908211512,"NRI_P024",50
"27195",-89129.364937512,"NRI_P024",100
"27196",-27802.835281512,"NRI_P024",25
"27197",-17867.381851512,"NRI_P024",50
"27198",-78019.504177512,"NRI_P024",100
"27199",-19302.069801512,"NRI_P024",25
"27200",-64382.070497512,"NRI_P024",50
"27201",-78618.401361512,"NRI_P024",100
"27202",-25662.698021512,"NRI_P024",25
"27203",-56998.713271512,"NRI_P024",50
"27204",-74563.438591512,"NRI_P024",100
"27205",-9501.445401512,"NRI_P024",25
"27206",-53016.746001512,"NRI_P024",50
"27207",-70384.097431512,"NRI_P024",100
"27208",-6890.14370151202,"NRI_P024",25
"27209",-47319.803987512,"NRI_P024",50
"27210",-79196.098291512,"NRI_P024",100
"27211",7002.081732488,"NRI_P024",25
"27212",-38431.874707512,"NRI_P024",50
"27213",-77274.194661512,"NRI_P024",100
"27214",-29818.705191512,"NRI_P024",25
"27215",64.9827424880059,"NRI_P024",50
"27216",-90394.610577512,"NRI_P024",100
"27217",-22225.601101512,"NRI_P024",25
"27218",-52626.539141512,"NRI_P024",50
"27219",-68605.000571512,"NRI_P024",100
"27220",-56009.887521512,"NRI_P024",25
"27221",-39810.472653512,"NRI_P024",50
"27222",-64716.579467512,"NRI_P024",100
"27223",-61854.325791512,"NRI_P024",25
"27224",-41571.837781512,"NRI_P024",50
"27225",-74585.142513512,"NRI_P024",100
"27226",-12839.439771512,"NRI_P024",25
"27227",-31079.438201512,"NRI_P024",50
"27228",-72034.489939512,"NRI_P024",100
"27229",-41458.516021512,"NRI_P024",25
"27230",-20861.486297512,"NRI_P024",50
"27231",-67800.863601512,"NRI_P024",100
"27232",2657.95433848799,"NRI_P024",25
"27233",-36480.190341512,"NRI_P024",50
"27234",-75441.833361512,"NRI_P024",100
"27235",-501.323397511995,"NRI_P024",25
"27236",-21383.637071512,"NRI_P024",50
"27237",-70265.955171512,"NRI_P024",100
"27238",-27181.299881512,"NRI_P024",25
"27239",-45427.132551512,"NRI_P024",50
"27240",-83219.865057512,"NRI_P024",100
"27241",840.126758487982,"NRI_P024",25
"27242",-37449.501591512,"NRI_P024",50
"27243",-95445.946003512,"NRI_P024",100
"27244",-2435.356391512,"NRI_P024",25
"27245",-21189.141051512,"NRI_P024",50
"27246",-71372.482621512,"NRI_P024",100
"27247",-9206.86160151201,"NRI_P024",25
"27248",-53339.381541512,"NRI_P024",50
"27249",-74845.466521512,"NRI_P024",100
"27250",-11416.664111512,"NRI_P024",25
"27251",-20033.273477512,"NRI_P024",50
"27252",-84850.642501512,"NRI_P024",100
"27253",5255.23226648799,"NRI_P024",25
"27254",-37324.304591512,"NRI_P024",50
"27255",-79169.058421512,"NRI_P024",100
"27256",-12041.219201512,"NRI_P024",25
"27257",-44145.182287512,"NRI_P024",50
"27258",-81886.504531512,"NRI_P024",100
"27259",-28667.301981512,"NRI_P024",25
"27260",-42738.987141512,"NRI_P024",50
"27261",-66719.206691512,"NRI_P024",100
"27262",-17329.005951512,"NRI_P024",25
"27263",-43868.965211512,"NRI_P024",50
"27264",-70286.928067512,"NRI_P024",100
"27265",-42047.588261512,"NRI_P024",25
"27266",-7350.487001512,"NRI_P024",50
"27267",-79176.755871512,"NRI_P024",100
"27268",-25100.802111512,"NRI_P024",25
"27269",-22842.603921512,"NRI_P024",50
"27270",-67688.286013512,"NRI_P024",100
"27271",-30555.126257512,"NRI_P024",25
"27272",-51768.706141512,"NRI_P024",50
"27273",-65906.943431512,"NRI_P024",100
"27274",-34815.357971512,"NRI_P024",25
"27275",-13901.620711512,"NRI_P024",50
"27276",-82346.647611512,"NRI_P024",100
"27277",-48574.477951512,"NRI_P024",25
"27278",-12016.002461512,"NRI_P024",50
"27279",-76222.566751512,"NRI_P024",100
"27280",-7314.047717512,"NRI_P024",25
"27281",-56801.439757512,"NRI_P024",50
"27282",-67543.567421512,"NRI_P024",100
"27283",-47024.825881512,"NRI_P024",25
"27284",-21992.200887512,"NRI_P024",50
"27285",-83830.849001512,"NRI_P024",100
"27286",-42564.909491512,"NRI_P024",25
"27287",-55517.030721512,"NRI_P024",50
"27288",-80059.159107512,"NRI_P024",100
"27289",-11000.631691512,"NRI_P024",25
"27290",-51724.409191512,"NRI_P024",50
"27291",-67873.270151512,"NRI_P024",100
"27292",-52005.706871512,"NRI_P024",25
"27293",-28767.791691512,"NRI_P024",50
"27294",-77001.987047512,"NRI_P024",100
"27295",-17563.339481512,"NRI_P024",25
"27296",-58654.858271512,"NRI_P024",50
"27297",-93314.047991512,"NRI_P024",100
"27298",-14276.801001512,"NRI_P024",25
"27299",-48503.908127512,"NRI_P024",50
"27300",-63891.762017512,"NRI_P024",100
"27301",364.360439681041,"NRI_P025",25
"27302",17203.581629681,"NRI_P025",50
"27303",68051.025199681,"NRI_P025",100
"27304",-2417.55062031897,"NRI_P025",25
"27305",26398.693169681,"NRI_P025",50
"27306",28034.577739681,"NRI_P025",100
"27307",11308.758749681,"NRI_P025",25
"27308",8608.50622968102,"NRI_P025",50
"27309",37008.258649681,"NRI_P025",100
"27310",-21573.734410319,"NRI_P025",25
"27311",11541.711929681,"NRI_P025",50
"27312",25428.455169681,"NRI_P025",100
"27313",31606.884749681,"NRI_P025",25
"27314",13604.280159681,"NRI_P025",50
"27315",-7293.83363031899,"NRI_P025",100
"27316",3459.59008968103,"NRI_P025",25
"27317",19169.124359681,"NRI_P025",50
"27318",68555.025649681,"NRI_P025",100
"27319",-1132.184690319,"NRI_P025",25
"27320",7534.51527968101,"NRI_P025",50
"27321",24166.368569681,"NRI_P025",100
"27322",10479.823459681,"NRI_P025",25
"27323",48000.329859681,"NRI_P025",50
"27324",19143.641279681,"NRI_P025",100
"27325",-4457.43754031899,"NRI_P025",25
"27326",7463.535489681,"NRI_P025",50
"27327",61158.366499681,"NRI_P025",100
"27328",10018.452009681,"NRI_P025",25
"27329",-7222.62308031897,"NRI_P025",50
"27330",65607.692859681,"NRI_P025",100
"27331",32438.428139681,"NRI_P025",25
"27332",25473.334029681,"NRI_P025",50
"27333",17879.895489681,"NRI_P025",100
"27334",10276.086229681,"NRI_P025",25
"27335",7730.00649968104,"NRI_P025",50
"27336",14942.596329681,"NRI_P025",100
"27337",-6295.65706031898,"NRI_P025",25
"27338",21855.858479681,"NRI_P025",50
"27339",49390.920969681,"NRI_P025",100
"27340",11280.112499681,"NRI_P025",25
"27341",30640.808669681,"NRI_P025",50
"27342",48652.083649681,"NRI_P025",100
"27343",-6684.95080031897,"NRI_P025",25
"27344",29874.264499681,"NRI_P025",50
"27345",47388.192959681,"NRI_P025",100
"27346",-306.986120318994,"NRI_P025",25
"27347",38414.376459681,"NRI_P025",50
"27348",58883.452939681,"NRI_P025",100
"27349",4636.37880968105,"NRI_P025",25
"27350",26075.538279681,"NRI_P025",50
"27351",39845.544719681,"NRI_P025",100
"27352",-9537.819520319,"NRI_P025",25
"27353",6647.21933968103,"NRI_P025",50
"27354",7485.63255968102,"NRI_P025",100
"27355",28523.608529681,"NRI_P025",25
"27356",33948.443629681,"NRI_P025",50
"27357",27827.711069681,"NRI_P025",100
"27358",9633.64692968101,"NRI_P025",25
"27359",31605.105339681,"NRI_P025",50
"27360",-6170.80361031898,"NRI_P025",100
"27361",7982.88057968102,"NRI_P025",25
"27362",8646.86624968104,"NRI_P025",50
"27363",27292.080619681,"NRI_P025",100
"27364",10227.029639681,"NRI_P025",25
"27365",2102.60652968101,"NRI_P025",50
"27366",43635.091089681,"NRI_P025",100
"27367",10490.522839681,"NRI_P025",25
"27368",-13986.234180319,"NRI_P025",50
"27369",21717.433649681,"NRI_P025",100
"27370",8807.935929681,"NRI_P025",25
"27371",43048.213789681,"NRI_P025",50
"27372",41043.440739681,"NRI_P025",100
"27373",-6412.39707031898,"NRI_P025",25
"27374",10067.503539681,"NRI_P025",50
"27375",32079.935469681,"NRI_P025",100
"27376",-133.347300319001,"NRI_P025",25
"27377",36049.750659681,"NRI_P025",50
"27378",64065.527819681,"NRI_P025",100
"27379",18562.530939681,"NRI_P025",25
"27380",68571.600169681,"NRI_P025",50
"27381",29937.487239681,"NRI_P025",100
"27382",16308.945159681,"NRI_P025",25
"27383",46974.404229681,"NRI_P025",50
"27384",38550.397599681,"NRI_P025",100
"27385",15437.933199681,"NRI_P025",25
"27386",22179.701479681,"NRI_P025",50
"27387",13297.516029681,"NRI_P025",100
"27388",33165.530509681,"NRI_P025",25
"27389",-1161.809140319,"NRI_P025",50
"27390",49420.317319681,"NRI_P025",100
"27391",-10579.965060319,"NRI_P025",25
"27392",8090.69779968105,"NRI_P025",50
"27393",37317.344279681,"NRI_P025",100
"27394",33794.947979681,"NRI_P025",25
"27395",-3133.72331031901,"NRI_P025",50
"27396",12236.890309681,"NRI_P025",100
"27397",5063.85120968102,"NRI_P025",25
"27398",51356.308739681,"NRI_P025",50
"27399",2157.23734968103,"NRI_P025",100
"27400",12297.321899681,"NRI_P025",25
"27401",7577.07895968104,"NRI_P025",50
"27402",55829.997249681,"NRI_P025",100
"27403",-10752.971840319,"NRI_P025",25
"27404",18511.131629681,"NRI_P025",50
"27405",25353.028229681,"NRI_P025",100
"27406",24034.185909681,"NRI_P025",25
"27407",20577.583719681,"NRI_P025",50
"27408",57434.831119681,"NRI_P025",100
"27409",8275.70667968102,"NRI_P025",25
"27410",16004.184819681,"NRI_P025",50
"27411",45493.952259681,"NRI_P025",100
"27412",-2233.00314031896,"NRI_P025",25
"27413",16739.044529681,"NRI_P025",50
"27414",32572.154149681,"NRI_P025",100
"27415",-772.538550318975,"NRI_P025",25
"27416",17067.055549681,"NRI_P025",50
"27417",17357.032089681,"NRI_P025",100
"27418",13996.405949681,"NRI_P025",25
"27419",13144.707899681,"NRI_P025",50
"27420",-17122.737440319,"NRI_P025",100
"27421",-3251.00713031896,"NRI_P025",25
"27422",45403.901449681,"NRI_P025",50
"27423",24664.360519681,"NRI_P025",100
"27424",1517.952999681,"NRI_P025",25
"27425",20038.491129681,"NRI_P025",50
"27426",40450.705639681,"NRI_P025",100
"27427",12968.459679681,"NRI_P025",25
"27428",46318.456679681,"NRI_P025",50
"27429",26179.515539681,"NRI_P025",100
"27430",17986.988289681,"NRI_P025",25
"27431",39243.268099681,"NRI_P025",50
"27432",46496.277819681,"NRI_P025",100
"27433",38711.982239681,"NRI_P025",25
"27434",16970.200799681,"NRI_P025",50
"27435",54871.322029681,"NRI_P025",100
"27436",4372.27393968101,"NRI_P025",25
"27437",13351.357649681,"NRI_P025",50
"27438",40498.518679681,"NRI_P025",100
"27439",-18975.075330319,"NRI_P025",25
"27440",38437.268199681,"NRI_P025",50
"27441",21506.201929681,"NRI_P025",100
"27442",4118.509039681,"NRI_P025",25
"27443",12720.092839681,"NRI_P025",50
"27444",29651.811149681,"NRI_P025",100
"27445",19011.141749681,"NRI_P025",25
"27446",18839.384449681,"NRI_P025",50
"27447",34668.307909681,"NRI_P025",100
"27448",8768.30579968099,"NRI_P025",25
"27449",18380.909749681,"NRI_P025",50
"27450",10011.142319681,"NRI_P025",100
"27451",-3161.501180319,"NRI_P025",25
"27452",15.6898396810284,"NRI_P025",50
"27453",60433.823929681,"NRI_P025",100
"27454",9565.09651968104,"NRI_P025",25
"27455",643.265959681012,"NRI_P025",50
"27456",36325.095979681,"NRI_P025",100
"27457",-13947.041800319,"NRI_P025",25
"27458",19687.968299681,"NRI_P025",50
"27459",-3424.143640319,"NRI_P025",100
"27460",17704.458029681,"NRI_P025",25
"27461",-4331.72257031896,"NRI_P025",50
"27462",30969.007289681,"NRI_P025",100
"27463",91.8240696809953,"NRI_P025",25
"27464",28293.245369681,"NRI_P025",50
"27465",56249.706529681,"NRI_P025",100
"27466",7381.71312968101,"NRI_P025",25
"27467",20090.496479681,"NRI_P025",50
"27468",3837.46778968105,"NRI_P025",100
"27469",10819.976569681,"NRI_P025",25
"27470",25828.972999681,"NRI_P025",50
"27471",51619.328509681,"NRI_P025",100
"27472",12819.165919681,"NRI_P025",25
"27473",45008.189419681,"NRI_P025",50
"27474",57658.448779681,"NRI_P025",100
"27475",-3984.63078031898,"NRI_P025",25
"27476",7333.40741968103,"NRI_P025",50
"27477",6515.948229681,"NRI_P025",100
"27478",-3719.35589031898,"NRI_P025",25
"27479",15783.828969681,"NRI_P025",50
"27480",33344.678759681,"NRI_P025",100
"27481",-7413.96822031896,"NRI_P025",25
"27482",13743.822129681,"NRI_P025",50
"27483",38363.811049681,"NRI_P025",100
"27484",2929.215559681,"NRI_P025",25
"27485",2460.60934968101,"NRI_P025",50
"27486",51573.644039681,"NRI_P025",100
"27487",-1686.84111031896,"NRI_P025",25
"27488",30962.984089681,"NRI_P025",50
"27489",34981.099339681,"NRI_P025",100
"27490",-1489.08133031899,"NRI_P025",25
"27491",-4571.83098031901,"NRI_P025",50
"27492",54322.586139681,"NRI_P025",100
"27493",18497.427129681,"NRI_P025",25
"27494",27821.056809681,"NRI_P025",50
"27495",49146.278249681,"NRI_P025",100
"27496",-9582.80288031901,"NRI_P025",25
"27497",21168.286089681,"NRI_P025",50
"27498",49897.691569681,"NRI_P025",100
"27499",2164.96914968104,"NRI_P025",25
"27500",21411.971279681,"NRI_P025",50
"27501",18549.762239681,"NRI_P025",100
"27502",-13337.279770319,"NRI_P025",25
"27503",3260.42290968104,"NRI_P025",50
"27504",41183.445399681,"NRI_P025",100
"27505",-371.330840318988,"NRI_P025",25
"27506",20978.223019681,"NRI_P025",50
"27507",15870.716319681,"NRI_P025",100
"27508",11275.609489681,"NRI_P025",25
"27509",18956.664219681,"NRI_P025",50
"27510",3572.21998968103,"NRI_P025",100
"27511",7080.32782968099,"NRI_P025",25
"27512",33666.356449681,"NRI_P025",50
"27513",59058.017139681,"NRI_P025",100
"27514",-1094.87264031899,"NRI_P025",25
"27515",-751.601570318977,"NRI_P025",50
"27516",17336.010849681,"NRI_P025",100
"27517",-2982.77324031899,"NRI_P025",25
"27518",-19577.736890319,"NRI_P025",50
"27519",2132.79804968101,"NRI_P025",100
"27520",9161.26796968101,"NRI_P025",25
"27521",10738.284839681,"NRI_P025",50
"27522",24926.197719681,"NRI_P025",100
"27523",3036.36058968102,"NRI_P025",25
"27524",4753.407959681,"NRI_P025",50
"27525",63670.977469681,"NRI_P025",100
"27526",-3070.81334031897,"NRI_P025",25
"27527",-7675.98341031896,"NRI_P025",50
"27528",26865.651979681,"NRI_P025",100
"27529",-8446.162980319,"NRI_P025",25
"27530",-710.214670318994,"NRI_P025",50
"27531",52813.285729681,"NRI_P025",100
"27532",25972.029019681,"NRI_P025",25
"27533",22009.215809681,"NRI_P025",50
"27534",25702.552839681,"NRI_P025",100
"27535",15206.176749681,"NRI_P025",25
"27536",16068.467049681,"NRI_P025",50
"27537",31861.818659681,"NRI_P025",100
"27538",5067.16177968099,"NRI_P025",25
"27539",3921.18380968104,"NRI_P025",50
"27540",39884.993509681,"NRI_P025",100
"27541",2787.14576968102,"NRI_P025",25
"27542",4566.777019681,"NRI_P025",50
"27543",44914.856259681,"NRI_P025",100
"27544",-11376.487510319,"NRI_P025",25
"27545",21511.727179681,"NRI_P025",50
"27546",12585.495239681,"NRI_P025",100
"27547",1639.37207968102,"NRI_P025",25
"27548",7802.77325968101,"NRI_P025",50
"27549",6701.87349968101,"NRI_P025",100
"27550",12343.809849681,"NRI_P025",25
"27551",4415.14813968103,"NRI_P025",50
"27552",23054.413139681,"NRI_P025",100
"27553",29971.864279681,"NRI_P025",25
"27554",-4898.09234031901,"NRI_P025",50
"27555",41451.503369681,"NRI_P025",100
"27556",19439.777879681,"NRI_P025",25
"27557",9765.14670968102,"NRI_P025",50
"27558",6432.92214968102,"NRI_P025",100
"27559",-6072.61045031896,"NRI_P025",25
"27560",-8454.27453031897,"NRI_P025",50
"27561",9321.25263968104,"NRI_P025",100
"27562",13692.644289681,"NRI_P025",25
"27563",25611.831419681,"NRI_P025",50
"27564",-440.964690318971,"NRI_P025",100
"27565",13520.033969681,"NRI_P025",25
"27566",8009.79423968104,"NRI_P025",50
"27567",8682.39193968102,"NRI_P025",100
"27568",29552.371719681,"NRI_P025",25
"27569",19499.779519681,"NRI_P025",50
"27570",25147.870319681,"NRI_P025",100
"27571",16664.116679681,"NRI_P025",25
"27572",6590.46284968103,"NRI_P025",50
"27573",8359.476069681,"NRI_P025",100
"27574",-1625.271040319,"NRI_P025",25
"27575",5651.464649681,"NRI_P025",50
"27576",35900.668049681,"NRI_P025",100
"27577",17503.504839681,"NRI_P025",25
"27578",5519.238599681,"NRI_P025",50
"27579",36590.073069681,"NRI_P025",100
"27580",19785.242109681,"NRI_P025",25
"27581",-19532.303790319,"NRI_P025",50
"27582",41715.537329681,"NRI_P025",100
"27583",-5467.67110031896,"NRI_P025",25
"27584",31001.446709681,"NRI_P025",50
"27585",23784.512719681,"NRI_P025",100
"27586",-11337.678160319,"NRI_P025",25
"27587",32979.481399681,"NRI_P025",50
"27588",13175.479279681,"NRI_P025",100
"27589",4151.308009681,"NRI_P025",25
"27590",35183.463169681,"NRI_P025",50
"27591",20885.790879681,"NRI_P025",100
"27592",-6098.32210031897,"NRI_P025",25
"27593",40646.390209681,"NRI_P025",50
"27594",56465.950139681,"NRI_P025",100
"27595",11380.358769681,"NRI_P025",25
"27596",18443.242289681,"NRI_P025",50
"27597",27475.325299681,"NRI_P025",100
"27598",12613.693659681,"NRI_P025",25
"27599",20221.145889681,"NRI_P025",50
"27600",12747.666629681,"NRI_P025",100
"27601",-16825.619486425,"NRI_P027",25
"27602",9902.80501357495,"NRI_P027",50
"27603",-21026.872076425,"NRI_P027",100
"27604",-8591.65288642503,"NRI_P027",25
"27605",-18449.969516425,"NRI_P027",50
"27606",-33211.194586425,"NRI_P027",100
"27607",7238.20317357499,"NRI_P027",25
"27608",248.951823574957,"NRI_P027",50
"27609",17483.627923575,"NRI_P027",100
"27610",-8416.66424642503,"NRI_P027",25
"27611",25719.935973575,"NRI_P027",50
"27612",5493.85680357495,"NRI_P027",100
"27613",-1172.945026425,"NRI_P027",25
"27614",3472.86448357499,"NRI_P027",50
"27615",2570.46044357499,"NRI_P027",100
"27616",16468.045603575,"NRI_P027",25
"27617",-2359.22924642503,"NRI_P027",50
"27618",-5758.29623642506,"NRI_P027",100
"27619",18695.725173575,"NRI_P027",25
"27620",-14549.791096425,"NRI_P027",50
"27621",-22496.071066425,"NRI_P027",100
"27622",9462.82679357496,"NRI_P027",25
"27623",-28039.131376425,"NRI_P027",50
"27624",24864.129733575,"NRI_P027",100
"27625",14743.293573575,"NRI_P027",25
"27626",2181.87665357499,"NRI_P027",50
"27627",-41697.473376425,"NRI_P027",100
"27628",2922.03083357494,"NRI_P027",25
"27629",-25841.931206425,"NRI_P027",50
"27630",9143.89594357496,"NRI_P027",100
"27631",2080.56939357496,"NRI_P027",25
"27632",-3469.25921642501,"NRI_P027",50
"27633",-1290.64321642503,"NRI_P027",100
"27634",3094.29287357494,"NRI_P027",25
"27635",-34212.237816425,"NRI_P027",50
"27636",-2831.59989642503,"NRI_P027",100
"27637",-17399.822246425,"NRI_P027",25
"27638",-5332.33599642501,"NRI_P027",50
"27639",-45497.022416425,"NRI_P027",100
"27640",-26090.075976425,"NRI_P027",25
"27641",4211.63311357499,"NRI_P027",50
"27642",-377.715276425006,"NRI_P027",100
"27643",13645.424313575,"NRI_P027",25
"27644",-16715.5075864251,"NRI_P027",50
"27645",15818.176433575,"NRI_P027",100
"27646",-8331.29533642501,"NRI_P027",25
"27647",33745.6603435749,"NRI_P027",50
"27648",-11001.420866425,"NRI_P027",100
"27649",9761.35532357497,"NRI_P027",25
"27650",24367.6552835749,"NRI_P027",50
"27651",2685.61797357496,"NRI_P027",100
"27652",-8742.09947642504,"NRI_P027",25
"27653",-13488.767036425,"NRI_P027",50
"27654",14631.643573575,"NRI_P027",100
"27655",-3502.09286642505,"NRI_P027",25
"27656",-14372.514546425,"NRI_P027",50
"27657",-1920.27953642502,"NRI_P027",100
"27658",342.516343574971,"NRI_P027",25
"27659",17658.636763575,"NRI_P027",50
"27660",-26129.947706425,"NRI_P027",100
"27661",-3265.85616642504,"NRI_P027",25
"27662",30016.858153575,"NRI_P027",50
"27663",-18312.945656425,"NRI_P027",100
"27664",19440.274363575,"NRI_P027",25
"27665",-19999.449196425,"NRI_P027",50
"27666",-25908.005156425,"NRI_P027",100
"27667",11353.171043575,"NRI_P027",25
"27668",8863.28824357496,"NRI_P027",50
"27669",20339.333223575,"NRI_P027",100
"27670",12727.861643575,"NRI_P027",25
"27671",10486.398983575,"NRI_P027",50
"27672",-31202.443236425,"NRI_P027",100
"27673",14406.410153575,"NRI_P027",25
"27674",21161.1839035749,"NRI_P027",50
"27675",4874.32396357495,"NRI_P027",100
"27676",17441.171003575,"NRI_P027",25
"27677",4701.86203357496,"NRI_P027",50
"27678",-16807.755146425,"NRI_P027",100
"27679",12019.188423575,"NRI_P027",25
"27680",-13904.1208064251,"NRI_P027",50
"27681",-18692.295786425,"NRI_P027",100
"27682",3791.54612357495,"NRI_P027",25
"27683",256.935263574996,"NRI_P027",50
"27684",-6747.90403642505,"NRI_P027",100
"27685",7054.08220357494,"NRI_P027",25
"27686",11116.056053575,"NRI_P027",50
"27687",4655.33126357495,"NRI_P027",100
"27688",-24629.199166425,"NRI_P027",25
"27689",-4129.66220642504,"NRI_P027",50
"27690",15939.545453575,"NRI_P027",100
"27691",-12591.130306425,"NRI_P027",25
"27692",-706.315006425022,"NRI_P027",50
"27693",-3774.12413642503,"NRI_P027",100
"27694",-11913.634546425,"NRI_P027",25
"27695",-3067.60981642501,"NRI_P027",50
"27696",-11846.254346425,"NRI_P027",100
"27697",-8402.33504642505,"NRI_P027",25
"27698",5341.28301357495,"NRI_P027",50
"27699",-1670.65781642502,"NRI_P027",100
"27700",14539.192443575,"NRI_P027",25
"27701",-28777.179386425,"NRI_P027",50
"27702",-2921.71459642501,"NRI_P027",100
"27703",27387.959043575,"NRI_P027",25
"27704",14998.695723575,"NRI_P027",50
"27705",-32414.266206425,"NRI_P027",100
"27706",19496.643093575,"NRI_P027",25
"27707",33975.6472335749,"NRI_P027",50
"27708",-8038.91898642504,"NRI_P027",100
"27709",9976.41578357498,"NRI_P027",25
"27710",3663.97675357497,"NRI_P027",50
"27711",5495.64152357494,"NRI_P027",100
"27712",10668.854393575,"NRI_P027",25
"27713",25570.439993575,"NRI_P027",50
"27714",-36751.065066425,"NRI_P027",100
"27715",-12119.7321764251,"NRI_P027",25
"27716",-42738.841976425,"NRI_P027",50
"27717",-12262.626236425,"NRI_P027",100
"27718",-344.286536425003,"NRI_P027",25
"27719",-1103.94484642503,"NRI_P027",50
"27720",16142.227413575,"NRI_P027",100
"27721",6875.54759357497,"NRI_P027",25
"27722",14250.108013575,"NRI_P027",50
"27723",-30407.518126425,"NRI_P027",100
"27724",-12628.912596425,"NRI_P027",25
"27725",33319.821933575,"NRI_P027",50
"27726",-616.643686425057,"NRI_P027",100
"27727",-23925.662756425,"NRI_P027",25
"27728",-30732.812966425,"NRI_P027",50
"27729",-16144.093796425,"NRI_P027",100
"27730",6102.50150357495,"NRI_P027",25
"27731",-1576.28752642503,"NRI_P027",50
"27732",13628.068353575,"NRI_P027",100
"27733",-15509.6397264251,"NRI_P027",25
"27734",-3100.93488642504,"NRI_P027",50
"27735",23351.7137935749,"NRI_P027",100
"27736",621.600433574989,"NRI_P027",25
"27737",-8991.03523642506,"NRI_P027",50
"27738",-12952.220616425,"NRI_P027",100
"27739",-13448.715876425,"NRI_P027",25
"27740",-4972.57181642501,"NRI_P027",50
"27741",12613.681293575,"NRI_P027",100
"27742",26379.231483575,"NRI_P027",25
"27743",9045.58928357495,"NRI_P027",50
"27744",32294.926823575,"NRI_P027",100
"27745",2809.68943357497,"NRI_P027",25
"27746",20178.479363575,"NRI_P027",50
"27747",-1733.79214642505,"NRI_P027",100
"27748",-7460.95850642503,"NRI_P027",25
"27749",15088.295023575,"NRI_P027",50
"27750",-21695.923036425,"NRI_P027",100
"27751",9714.28015357495,"NRI_P027",25
"27752",2154.04813357495,"NRI_P027",50
"27753",3710.39615357498,"NRI_P027",100
"27754",16837.482803575,"NRI_P027",25
"27755",4827.024243575,"NRI_P027",50
"27756",16860.909353575,"NRI_P027",100
"27757",19138.949473575,"NRI_P027",25
"27758",28692.604093575,"NRI_P027",50
"27759",-15187.8992964251,"NRI_P027",100
"27760",-8148.64794642502,"NRI_P027",25
"27761",-24517.5161564251,"NRI_P027",50
"27762",-3633.19433642505,"NRI_P027",100
"27763",441.984663574956,"NRI_P027",25
"27764",-34520.574156425,"NRI_P027",50
"27765",2202.19219357497,"NRI_P027",100
"27766",15984.577733575,"NRI_P027",25
"27767",-140.995946425013,"NRI_P027",50
"27768",4979.88566357497,"NRI_P027",100
"27769",-12518.967156425,"NRI_P027",25
"27770",-2936.92827642505,"NRI_P027",50
"27771",24863.5052335749,"NRI_P027",100
"27772",4726.68509357498,"NRI_P027",25
"27773",4884.44834357494,"NRI_P027",50
"27774",9522.44847357494,"NRI_P027",100
"27775",12527.102883575,"NRI_P027",25
"27776",-1016.71478642506,"NRI_P027",50
"27777",10251.800133575,"NRI_P027",100
"27778",9603.37210357498,"NRI_P027",25
"27779",9999.55169357499,"NRI_P027",50
"27780",4204.84292357496,"NRI_P027",100
"27781",13090.380143575,"NRI_P027",25
"27782",-869.714006425056,"NRI_P027",50
"27783",-6522.72885642503,"NRI_P027",100
"27784",-418.383976425044,"NRI_P027",25
"27785",19765.7596435749,"NRI_P027",50
"27786",19699.015473575,"NRI_P027",100
"27787",-3959.38855642505,"NRI_P027",25
"27788",10143.975873575,"NRI_P027",50
"27789",13632.574583575,"NRI_P027",100
"27790",-6043.87357642502,"NRI_P027",25
"27791",39329.518123575,"NRI_P027",50
"27792",-14940.879786425,"NRI_P027",100
"27793",-1957.75863642502,"NRI_P027",25
"27794",9871.37006357498,"NRI_P027",50
"27795",-21616.781816425,"NRI_P027",100
"27796",16911.720483575,"NRI_P027",25
"27797",5948.68299357494,"NRI_P027",50
"27798",41028.138973575,"NRI_P027",100
"27799",-16100.808056425,"NRI_P027",25
"27800",-4336.64033642504,"NRI_P027",50
"27801",19800.514443575,"NRI_P027",100
"27802",-17562.491246425,"NRI_P027",25
"27803",29255.7386835749,"NRI_P027",50
"27804",-23028.419276425,"NRI_P027",100
"27805",16505.438443575,"NRI_P027",25
"27806",11814.623653575,"NRI_P027",50
"27807",15157.656023575,"NRI_P027",100
"27808",3298.89956357499,"NRI_P027",25
"27809",-30065.127226425,"NRI_P027",50
"27810",9422.170823575,"NRI_P027",100
"27811",7440.10645357496,"NRI_P027",25
"27812",-5065.489126425,"NRI_P027",50
"27813",-4509.26665642502,"NRI_P027",100
"27814",-10999.859216425,"NRI_P027",25
"27815",-29749.162816425,"NRI_P027",50
"27816",-7615.46017642505,"NRI_P027",100
"27817",-19731.190216425,"NRI_P027",25
"27818",-14189.663716425,"NRI_P027",50
"27819",-37307.821276425,"NRI_P027",100
"27820",18227.161163575,"NRI_P027",25
"27821",-13347.688496425,"NRI_P027",50
"27822",-16924.466556425,"NRI_P027",100
"27823",-6713.06105642504,"NRI_P027",25
"27824",-1687.70033642504,"NRI_P027",50
"27825",90.3669435749762,"NRI_P027",100
"27826",-20997.106566425,"NRI_P027",25
"27827",-33145.013306425,"NRI_P027",50
"27828",-20442.4052064251,"NRI_P027",100
"27829",-10117.552296425,"NRI_P027",25
"27830",4133.58581357496,"NRI_P027",50
"27831",16787.857333575,"NRI_P027",100
"27832",17728.0574435749,"NRI_P027",25
"27833",11224.519223575,"NRI_P027",50
"27834",22549.001033575,"NRI_P027",100
"27835",-15573.989046425,"NRI_P027",25
"27836",1154.11048357497,"NRI_P027",50
"27837",18288.785823575,"NRI_P027",100
"27838",-946.264026425022,"NRI_P027",25
"27839",-9827.40135642502,"NRI_P027",50
"27840",11688.399633575,"NRI_P027",100
"27841",-22259.1559864251,"NRI_P027",25
"27842",-8115.96211642504,"NRI_P027",50
"27843",-2493.11145642505,"NRI_P027",100
"27844",-17040.302766425,"NRI_P027",25
"27845",-12973.747456425,"NRI_P027",50
"27846",13013.652933575,"NRI_P027",100
"27847",2346.10071357497,"NRI_P027",25
"27848",7307.35680357495,"NRI_P027",50
"27849",-13041.274476425,"NRI_P027",100
"27850",4323.99577357498,"NRI_P027",25
"27851",-1836.42849642504,"NRI_P027",50
"27852",-14966.935486425,"NRI_P027",100
"27853",-32070.849286425,"NRI_P027",25
"27854",-251.261256425059,"NRI_P027",50
"27855",3866.32349357498,"NRI_P027",100
"27856",-716.582296425011,"NRI_P027",25
"27857",-12551.1241164251,"NRI_P027",50
"27858",352.227853574965,"NRI_P027",100
"27859",-5722.175846425,"NRI_P027",25
"27860",-4348.79450642504,"NRI_P027",50
"27861",-5547.55775642506,"NRI_P027",100
"27862",-1989.24675642501,"NRI_P027",25
"27863",-26928.2713464251,"NRI_P027",50
"27864",-14176.602436425,"NRI_P027",100
"27865",13842.093063575,"NRI_P027",25
"27866",-11765.205976425,"NRI_P027",50
"27867",-21794.636606425,"NRI_P027",100
"27868",3216.09325357497,"NRI_P027",25
"27869",9560.57185357495,"NRI_P027",50
"27870",-28179.119506425,"NRI_P027",100
"27871",13838.881283575,"NRI_P027",25
"27872",16912.767683575,"NRI_P027",50
"27873",-3920.58941642503,"NRI_P027",100
"27874",20533.831383575,"NRI_P027",25
"27875",-31936.588336425,"NRI_P027",50
"27876",24282.9933235749,"NRI_P027",100
"27877",-2709.96120642504,"NRI_P027",25
"27878",27783.211443575,"NRI_P027",50
"27879",29340.649283575,"NRI_P027",100
"27880",-6139.82398642501,"NRI_P027",25
"27881",38230.140023575,"NRI_P027",50
"27882",21027.011213575,"NRI_P027",100
"27883",19380.725013575,"NRI_P027",25
"27884",2943.34685357497,"NRI_P027",50
"27885",-24482.6118164251,"NRI_P027",100
"27886",-831.951766425045,"NRI_P027",25
"27887",-24590.764166425,"NRI_P027",50
"27888",-20093.3461464251,"NRI_P027",100
"27889",-4309.73983642505,"NRI_P027",25
"27890",-11520.163786425,"NRI_P027",50
"27891",-21451.154306425,"NRI_P027",100
"27892",9081.57759357494,"NRI_P027",25
"27893",3064.71667357499,"NRI_P027",50
"27894",9574.88351357495,"NRI_P027",100
"27895",-11134.236956425,"NRI_P027",25
"27896",44275.934313575,"NRI_P027",50
"27897",-12545.978586425,"NRI_P027",100
"27898",-30678.053496425,"NRI_P027",25
"27899",12333.946803575,"NRI_P027",50
"27900",-23221.819716425,"NRI_P027",100
"27901",-14458.702580321,"NRI_P028",25
"27902",-14554.087840321,"NRI_P028",50
"27903",-30576.569740321,"NRI_P028",100
"27904",-15699.005370321,"NRI_P028",25
"27905",-10841.431050321,"NRI_P028",50
"27906",-35179.836900321,"NRI_P028",100
"27907",-11459.659350321,"NRI_P028",25
"27908",-18479.646050321,"NRI_P028",50
"27909",-29906.804690321,"NRI_P028",100
"27910",686.363059679017,"NRI_P028",25
"27911",-9700.33823032098,"NRI_P028",50
"27912",-36155.458100321,"NRI_P028",100
"27913",938.146859679022,"NRI_P028",25
"27914",-13511.788350321,"NRI_P028",50
"27915",-56382.451980321,"NRI_P028",100
"27916",-4258.80379032099,"NRI_P028",25
"27917",-26846.950490321,"NRI_P028",50
"27918",-28638.411220321,"NRI_P028",100
"27919",389.274569679023,"NRI_P028",25
"27920",-35728.007760321,"NRI_P028",50
"27921",-52668.503540321,"NRI_P028",100
"27922",-6479.530010321,"NRI_P028",25
"27923",-32530.990170321,"NRI_P028",50
"27924",-33398.533600321,"NRI_P028",100
"27925",-1171.03346032099,"NRI_P028",25
"27926",-8745.090090321,"NRI_P028",50
"27927",-31859.517880321,"NRI_P028",100
"27928",-2601.52171032099,"NRI_P028",25
"27929",-8061.91214032099,"NRI_P028",50
"27930",-35037.973850321,"NRI_P028",100
"27931",-4395.596320321,"NRI_P028",25
"27932",-25259.419810321,"NRI_P028",50
"27933",-47882.850290321,"NRI_P028",100
"27934",-11360.300690321,"NRI_P028",25
"27935",-28597.453490321,"NRI_P028",50
"27936",-17052.034510321,"NRI_P028",100
"27937",-16363.116620321,"NRI_P028",25
"27938",-37277.341740321,"NRI_P028",50
"27939",-47739.038350321,"NRI_P028",100
"27940",-4385.28792032099,"NRI_P028",25
"27941",-18558.169700321,"NRI_P028",50
"27942",-15713.229360321,"NRI_P028",100
"27943",-16266.701790321,"NRI_P028",25
"27944",-41839.036110321,"NRI_P028",50
"27945",-46020.187540321,"NRI_P028",100
"27946",-25774.555410321,"NRI_P028",25
"27947",3075.59846967901,"NRI_P028",50
"27948",-38772.328820321,"NRI_P028",100
"27949",-6662.017610321,"NRI_P028",25
"27950",-21117.852730321,"NRI_P028",50
"27951",-28800.202840321,"NRI_P028",100
"27952",-17039.991590321,"NRI_P028",25
"27953",-5662.17522032099,"NRI_P028",50
"27954",-43420.636790321,"NRI_P028",100
"27955",-15758.983890321,"NRI_P028",25
"27956",-9529.79649032099,"NRI_P028",50
"27957",-25756.616970321,"NRI_P028",100
"27958",-3120.170100321,"NRI_P028",25
"27959",-11630.306150321,"NRI_P028",50
"27960",-22806.084890321,"NRI_P028",100
"27961",-23867.978490321,"NRI_P028",25
"27962",-2564.47874032098,"NRI_P028",50
"27963",-34886.960810321,"NRI_P028",100
"27964",-9022.802900321,"NRI_P028",25
"27965",-38210.792700321,"NRI_P028",50
"27966",-34334.846910321,"NRI_P028",100
"27967",-13503.449580321,"NRI_P028",25
"27968",-28404.751880321,"NRI_P028",50
"27969",-24026.244640321,"NRI_P028",100
"27970",-10792.608550321,"NRI_P028",25
"27971",-17040.414420321,"NRI_P028",50
"27972",-20316.083710321,"NRI_P028",100
"27973",-4959.26884032099,"NRI_P028",25
"27974",-18831.656960321,"NRI_P028",50
"27975",-29734.145410321,"NRI_P028",100
"27976",-11484.450240321,"NRI_P028",25
"27977",1387.576119679,"NRI_P028",50
"27978",-39857.326870321,"NRI_P028",100
"27979",-421.675540320983,"NRI_P028",25
"27980",-36183.867310321,"NRI_P028",50
"27981",-39995.460710321,"NRI_P028",100
"27982",-12233.092440321,"NRI_P028",25
"27983",-8025.57517032098,"NRI_P028",50
"27984",-40308.257970321,"NRI_P028",100
"27985",-1001.998240321,"NRI_P028",25
"27986",-11379.509920321,"NRI_P028",50
"27987",-25391.778790321,"NRI_P028",100
"27988",-5308.09683032098,"NRI_P028",25
"27989",-20341.876730321,"NRI_P028",50
"27990",-48409.430800321,"NRI_P028",100
"27991",-8966.41798032098,"NRI_P028",25
"27992",-23122.472610321,"NRI_P028",50
"27993",-42491.800740321,"NRI_P028",100
"27994",-13832.162590321,"NRI_P028",25
"27995",-4972.699840321,"NRI_P028",50
"27996",-49443.130210321,"NRI_P028",100
"27997",-6113.78120032098,"NRI_P028",25
"27998",-36158.375040321,"NRI_P028",50
"27999",-28750.398820321,"NRI_P028",100
"28000",96.7796796790208,"NRI_P028",25
"28001",-23984.094140321,"NRI_P028",50
"28002",-43458.290990321,"NRI_P028",100
"28003",-11034.981530321,"NRI_P028",25
"28004",-40574.291290321,"NRI_P028",50
"28005",-27832.178880321,"NRI_P028",100
"28006",-19085.714920321,"NRI_P028",25
"28007",-27910.585560321,"NRI_P028",50
"28008",-41109.943410321,"NRI_P028",100
"28009",-5888.51387032098,"NRI_P028",25
"28010",-18264.131830321,"NRI_P028",50
"28011",-38253.143670321,"NRI_P028",100
"28012",-20060.036150321,"NRI_P028",25
"28013",-12877.276580321,"NRI_P028",50
"28014",-20444.740330321,"NRI_P028",100
"28015",4768.53147967902,"NRI_P028",25
"28016",-17725.647010321,"NRI_P028",50
"28017",-35243.642190321,"NRI_P028",100
"28018",-20838.849660321,"NRI_P028",25
"28019",-17099.576850321,"NRI_P028",50
"28020",-37475.150500321,"NRI_P028",100
"28021",-6523.181490321,"NRI_P028",25
"28022",-11382.835030321,"NRI_P028",50
"28023",-46218.512780321,"NRI_P028",100
"28024",-20735.828220321,"NRI_P028",25
"28025",-15284.874490321,"NRI_P028",50
"28026",-24884.125100321,"NRI_P028",100
"28027",1274.95347967901,"NRI_P028",25
"28028",-21415.971400321,"NRI_P028",50
"28029",-33781.001560321,"NRI_P028",100
"28030",-7204.866700321,"NRI_P028",25
"28031",-5896.853930321,"NRI_P028",50
"28032",-14637.327290321,"NRI_P028",100
"28033",-2937.303310321,"NRI_P028",25
"28034",-7580.53745032099,"NRI_P028",50
"28035",-41141.708920321,"NRI_P028",100
"28036",-12490.468220321,"NRI_P028",25
"28037",-18271.958510321,"NRI_P028",50
"28038",-37620.486500321,"NRI_P028",100
"28039",-6674.376000321,"NRI_P028",25
"28040",-33921.040310321,"NRI_P028",50
"28041",-32194.532900321,"NRI_P028",100
"28042",-14599.041000321,"NRI_P028",25
"28043",-9299.31119032099,"NRI_P028",50
"28044",-45390.812800321,"NRI_P028",100
"28045",-21272.875350321,"NRI_P028",25
"28046",-19105.768010321,"NRI_P028",50
"28047",-27353.368960321,"NRI_P028",100
"28048",-4918.592280321,"NRI_P028",25
"28049",-9444.378560321,"NRI_P028",50
"28050",-31425.554380321,"NRI_P028",100
"28051",3794.77105967901,"NRI_P028",25
"28052",-20327.362740321,"NRI_P028",50
"28053",-48156.395640321,"NRI_P028",100
"28054",-15817.592600321,"NRI_P028",25
"28055",-22636.999640321,"NRI_P028",50
"28056",-31324.557520321,"NRI_P028",100
"28057",-19530.773820321,"NRI_P028",25
"28058",-7670.66923032099,"NRI_P028",50
"28059",-43296.717910321,"NRI_P028",100
"28060",-8639.484610321,"NRI_P028",25
"28061",-22911.294040321,"NRI_P028",50
"28062",-43095.496610321,"NRI_P028",100
"28063",-9637.12427032099,"NRI_P028",25
"28064",-8593.99581032098,"NRI_P028",50
"28065",-27828.668560321,"NRI_P028",100
"28066",-13472.504710321,"NRI_P028",25
"28067",-31006.547850321,"NRI_P028",50
"28068",-23424.151180321,"NRI_P028",100
"28069",-10708.196480321,"NRI_P028",25
"28070",-12535.057600321,"NRI_P028",50
"28071",-36590.998090321,"NRI_P028",100
"28072",-898.060710320977,"NRI_P028",25
"28073",-5091.27345032099,"NRI_P028",50
"28074",-38572.773380321,"NRI_P028",100
"28075",9630.37721967901,"NRI_P028",25
"28076",-5776.812020321,"NRI_P028",50
"28077",-47359.372680321,"NRI_P028",100
"28078",-5733.89377032098,"NRI_P028",25
"28079",-6817.475100321,"NRI_P028",50
"28080",-37899.438680321,"NRI_P028",100
"28081",-8046.862270321,"NRI_P028",25
"28082",-30285.159810321,"NRI_P028",50
"28083",-36325.265430321,"NRI_P028",100
"28084",-8279.29045032099,"NRI_P028",25
"28085",-25195.701130321,"NRI_P028",50
"28086",-35421.513960321,"NRI_P028",100
"28087",-22618.483770321,"NRI_P028",25
"28088",-19355.883270321,"NRI_P028",50
"28089",-19255.600740321,"NRI_P028",100
"28090",-7599.56406032099,"NRI_P028",25
"28091",-20268.544170321,"NRI_P028",50
"28092",-31509.931700321,"NRI_P028",100
"28093",-10788.955550321,"NRI_P028",25
"28094",1682.815929679,"NRI_P028",50
"28095",-28806.696780321,"NRI_P028",100
"28096",-27688.039140321,"NRI_P028",25
"28097",-22955.622330321,"NRI_P028",50
"28098",-34466.608950321,"NRI_P028",100
"28099",-24781.204990321,"NRI_P028",25
"28100",-30125.357690321,"NRI_P028",50
"28101",-38089.372530321,"NRI_P028",100
"28102",-4228.97323032099,"NRI_P028",25
"28103",-32713.145010321,"NRI_P028",50
"28104",-52711.430820321,"NRI_P028",100
"28105",-24579.289280321,"NRI_P028",25
"28106",-16304.332300321,"NRI_P028",50
"28107",-24639.047560321,"NRI_P028",100
"28108",-7997.671170321,"NRI_P028",25
"28109",-5495.80929032099,"NRI_P028",50
"28110",-23741.047390321,"NRI_P028",100
"28111",-13351.558910321,"NRI_P028",25
"28112",-19250.267680321,"NRI_P028",50
"28113",-29331.427570321,"NRI_P028",100
"28114",-1294.49792032098,"NRI_P028",25
"28115",-26709.090640321,"NRI_P028",50
"28116",-35692.603170321,"NRI_P028",100
"28117",-462.330780321005,"NRI_P028",25
"28118",-22093.955080321,"NRI_P028",50
"28119",-17823.816520321,"NRI_P028",100
"28120",-11395.998150321,"NRI_P028",25
"28121",-22420.927790321,"NRI_P028",50
"28122",-37457.996850321,"NRI_P028",100
"28123",-10557.541440321,"NRI_P028",25
"28124",-18479.377200321,"NRI_P028",50
"28125",-28881.598890321,"NRI_P028",100
"28126",-8189.97633032099,"NRI_P028",25
"28127",-11970.615600321,"NRI_P028",50
"28128",-24084.506460321,"NRI_P028",100
"28129",-12220.051790321,"NRI_P028",25
"28130",-12223.901560321,"NRI_P028",50
"28131",-41932.857640321,"NRI_P028",100
"28132",-11660.549140321,"NRI_P028",25
"28133",-4233.028450321,"NRI_P028",50
"28134",-41221.877070321,"NRI_P028",100
"28135",296.277409678994,"NRI_P028",25
"28136",-14792.994970321,"NRI_P028",50
"28137",-25849.990170321,"NRI_P028",100
"28138",7059.11229967902,"NRI_P028",25
"28139",-25408.854230321,"NRI_P028",50
"28140",-26705.420010321,"NRI_P028",100
"28141",-5433.208290321,"NRI_P028",25
"28142",-7179.77835032099,"NRI_P028",50
"28143",-29341.417270321,"NRI_P028",100
"28144",-6021.38029032099,"NRI_P028",25
"28145",-23545.880150321,"NRI_P028",50
"28146",-24677.872030321,"NRI_P028",100
"28147",63.6851796790143,"NRI_P028",25
"28148",-7016.232060321,"NRI_P028",50
"28149",-9509.36646032098,"NRI_P028",100
"28150",-19934.794150321,"NRI_P028",25
"28151",-25775.446970321,"NRI_P028",50
"28152",-18352.187890321,"NRI_P028",100
"28153",-4533.68839032098,"NRI_P028",25
"28154",-14604.115580321,"NRI_P028",50
"28155",-43657.705470321,"NRI_P028",100
"28156",-6978.062540321,"NRI_P028",25
"28157",-27823.454490321,"NRI_P028",50
"28158",-37088.504660321,"NRI_P028",100
"28159",-6138.70324032099,"NRI_P028",25
"28160",-37406.707880321,"NRI_P028",50
"28161",-28531.340790321,"NRI_P028",100
"28162",-7589.819990321,"NRI_P028",25
"28163",-24997.953200321,"NRI_P028",50
"28164",-35527.083850321,"NRI_P028",100
"28165",-1720.268940321,"NRI_P028",25
"28166",-16304.630160321,"NRI_P028",50
"28167",-36381.060410321,"NRI_P028",100
"28168",-3799.51726032098,"NRI_P028",25
"28169",-15178.901450321,"NRI_P028",50
"28170",-48522.889200321,"NRI_P028",100
"28171",-18027.262880321,"NRI_P028",25
"28172",-29921.343500321,"NRI_P028",50
"28173",-39376.075580321,"NRI_P028",100
"28174",-18052.974920321,"NRI_P028",25
"28175",-16886.579440321,"NRI_P028",50
"28176",-37511.622080321,"NRI_P028",100
"28177",-27338.765440321,"NRI_P028",25
"28178",4926.32888967902,"NRI_P028",50
"28179",-37782.389710321,"NRI_P028",100
"28180",-15486.679050321,"NRI_P028",25
"28181",-11446.863970321,"NRI_P028",50
"28182",-46354.261400321,"NRI_P028",100
"28183",-10778.659390321,"NRI_P028",25
"28184",-1571.84815032099,"NRI_P028",50
"28185",-32886.957640321,"NRI_P028",100
"28186",-9062.25323032099,"NRI_P028",25
"28187",-30207.142550321,"NRI_P028",50
"28188",-36134.822990321,"NRI_P028",100
"28189",-15836.496030321,"NRI_P028",25
"28190",-21269.547750321,"NRI_P028",50
"28191",-36363.173170321,"NRI_P028",100
"28192",202.893209679023,"NRI_P028",25
"28193",-10196.337160321,"NRI_P028",50
"28194",-30334.940520321,"NRI_P028",100
"28195",-13481.757860321,"NRI_P028",25
"28196",-6281.635150321,"NRI_P028",50
"28197",-39645.243050321,"NRI_P028",100
"28198",-8613.05603032099,"NRI_P028",25
"28199",-20043.439930321,"NRI_P028",50
"28200",-42157.916670321,"NRI_P028",100
"28201",-47836.5796690269,"NRI_P029",25
"28202",-48122.961269027,"NRI_P029",50
"28203",-48006.222629027,"NRI_P029",100
"28204",-13563.753259027,"NRI_P029",25
"28205",37281.566470973,"NRI_P029",50
"28206",-31070.673349027,"NRI_P029",100
"28207",-37262.9152090269,"NRI_P029",25
"28208",37356.907120973,"NRI_P029",50
"28209",-58305.650199027,"NRI_P029",100
"28210",17109.355270973,"NRI_P029",25
"28211",-46935.482809027,"NRI_P029",50
"28212",13913.123210973,"NRI_P029",100
"28213",-42830.824159027,"NRI_P029",25
"28214",-26973.433309027,"NRI_P029",50
"28215",62426.496320973,"NRI_P029",100
"28216",17137.609080973,"NRI_P029",25
"28217",-35629.3954790269,"NRI_P029",50
"28218",-18414.721079027,"NRI_P029",100
"28219",29000.400770973,"NRI_P029",25
"28220",20859.089360973,"NRI_P029",50
"28221",982.253660973045,"NRI_P029",100
"28222",-22028.900469027,"NRI_P029",25
"28223",-23124.635389027,"NRI_P029",50
"28224",-40179.542279027,"NRI_P029",100
"28225",-13003.485079027,"NRI_P029",25
"28226",-64592.729329027,"NRI_P029",50
"28227",-28374.2691490269,"NRI_P029",100
"28228",-22473.516629027,"NRI_P029",25
"28229",19762.498300973,"NRI_P029",50
"28230",-60345.733409027,"NRI_P029",100
"28231",-39648.759309027,"NRI_P029",25
"28232",-51449.925759027,"NRI_P029",50
"28233",-9458.36953902699,"NRI_P029",100
"28234",-3083.55845902697,"NRI_P029",25
"28235",2655.40918097302,"NRI_P029",50
"28236",5535.29441097303,"NRI_P029",100
"28237",2463.34661097301,"NRI_P029",25
"28238",-44826.0498790269,"NRI_P029",50
"28239",-76276.815859027,"NRI_P029",100
"28240",-19283.715859027,"NRI_P029",25
"28241",-27640.986109027,"NRI_P029",50
"28242",-40043.001999027,"NRI_P029",100
"28243",-18197.864729027,"NRI_P029",25
"28244",-78345.484889027,"NRI_P029",50
"28245",-68813.040119027,"NRI_P029",100
"28246",-15903.528239027,"NRI_P029",25
"28247",-8922.69963902695,"NRI_P029",50
"28248",-31399.879399027,"NRI_P029",100
"28249",-12045.030929027,"NRI_P029",25
"28250",-29239.744959027,"NRI_P029",50
"28251",-51562.659379027,"NRI_P029",100
"28252",5692.01236097305,"NRI_P029",25
"28253",58632.9554909731,"NRI_P029",50
"28254",-28249.733719027,"NRI_P029",100
"28255",-24274.829429027,"NRI_P029",25
"28256",-35288.075389027,"NRI_P029",50
"28257",-43619.855899027,"NRI_P029",100
"28258",-22982.283879027,"NRI_P029",25
"28259",59033.6263109731,"NRI_P029",50
"28260",-55361.279619027,"NRI_P029",100
"28261",58296.3345409731,"NRI_P029",25
"28262",-23322.167759027,"NRI_P029",50
"28263",17846.510450973,"NRI_P029",100
"28264",-32302.189699027,"NRI_P029",25
"28265",-45397.691499027,"NRI_P029",50
"28266",26117.916520973,"NRI_P029",100
"28267",-31662.443839027,"NRI_P029",25
"28268",-15493.393959027,"NRI_P029",50
"28269",-44901.701069027,"NRI_P029",100
"28270",11475.648570973,"NRI_P029",25
"28271",-13396.456409027,"NRI_P029",50
"28272",-37544.832319027,"NRI_P029",100
"28273",66223.138590973,"NRI_P029",25
"28274",20688.979890973,"NRI_P029",50
"28275",26577.306910973,"NRI_P029",100
"28276",-9442.45776902698,"NRI_P029",25
"28277",-52533.070929027,"NRI_P029",50
"28278",-38872.747339027,"NRI_P029",100
"28279",-21236.737169027,"NRI_P029",25
"28280",21891.992170973,"NRI_P029",50
"28281",-41731.757679027,"NRI_P029",100
"28282",12660.520210973,"NRI_P029",25
"28283",61385.4530109731,"NRI_P029",50
"28284",-6714.03380902699,"NRI_P029",100
"28285",-7448.972579027,"NRI_P029",25
"28286",27392.691640973,"NRI_P029",50
"28287",-38411.142409027,"NRI_P029",100
"28288",-43126.2319590269,"NRI_P029",25
"28289",-84095.105329027,"NRI_P029",50
"28290",-8502.732409027,"NRI_P029",100
"28291",-32883.183869027,"NRI_P029",25
"28292",-53605.015019027,"NRI_P029",50
"28293",-26398.3095490269,"NRI_P029",100
"28294",-28752.507379027,"NRI_P029",25
"28295",3646.59259097301,"NRI_P029",50
"28296",-96302.398329027,"NRI_P029",100
"28297",-40016.273969027,"NRI_P029",25
"28298",-1011.83492902695,"NRI_P029",50
"28299",16274.4999009731,"NRI_P029",100
"28300",-21822.915819027,"NRI_P029",25
"28301",-19726.534569027,"NRI_P029",50
"28302",-11046.692459027,"NRI_P029",100
"28303",17027.321900973,"NRI_P029",25
"28304",-51827.554069027,"NRI_P029",50
"28305",-76450.673949027,"NRI_P029",100
"28306",5429.47154097306,"NRI_P029",25
"28307",-12900.3291490269,"NRI_P029",50
"28308",7386.03460097301,"NRI_P029",100
"28309",-26725.400399027,"NRI_P029",25
"28310",-38226.699619027,"NRI_P029",50
"28311",33500.665610973,"NRI_P029",100
"28312",778.680520973052,"NRI_P029",25
"28313",1784.32258097304,"NRI_P029",50
"28314",-73829.929619027,"NRI_P029",100
"28315",-51759.282599027,"NRI_P029",25
"28316",-51559.100309027,"NRI_P029",50
"28317",-57920.348689027,"NRI_P029",100
"28318",15281.409740973,"NRI_P029",25
"28319",-14667.2469190269,"NRI_P029",50
"28320",-24112.051999027,"NRI_P029",100
"28321",14147.7970209731,"NRI_P029",25
"28322",40416.051440973,"NRI_P029",50
"28323",-28081.020449027,"NRI_P029",100
"28324",-31092.453399027,"NRI_P029",25
"28325",-57833.531109027,"NRI_P029",50
"28326",-67951.115759027,"NRI_P029",100
"28327",-5198.15218902699,"NRI_P029",25
"28328",7982.43642097304,"NRI_P029",50
"28329",-50801.156259027,"NRI_P029",100
"28330",32317.281950973,"NRI_P029",25
"28331",-34655.599059027,"NRI_P029",50
"28332",-60316.880769027,"NRI_P029",100
"28333",71312.1546409731,"NRI_P029",25
"28334",38964.246610973,"NRI_P029",50
"28335",3021.75651097303,"NRI_P029",100
"28336",45007.9889009731,"NRI_P029",25
"28337",-37319.197289027,"NRI_P029",50
"28338",-81699.484319027,"NRI_P029",100
"28339",10060.996110973,"NRI_P029",25
"28340",23521.692760973,"NRI_P029",50
"28341",-14270.235299027,"NRI_P029",100
"28342",19319.797110973,"NRI_P029",25
"28343",-45882.7675890269,"NRI_P029",50
"28344",-31296.8814590269,"NRI_P029",100
"28345",-22455.045929027,"NRI_P029",25
"28346",-5070.26874902699,"NRI_P029",50
"28347",-24368.069709027,"NRI_P029",100
"28348",-8601.96015902696,"NRI_P029",25
"28349",76612.722300973,"NRI_P029",50
"28350",-57005.244419027,"NRI_P029",100
"28351",6521.36972097302,"NRI_P029",25
"28352",-14311.555059027,"NRI_P029",50
"28353",-11821.071189027,"NRI_P029",100
"28354",-32134.569049027,"NRI_P029",25
"28355",-57533.319179027,"NRI_P029",50
"28356",-81133.974319027,"NRI_P029",100
"28357",27758.1092909731,"NRI_P029",25
"28358",18270.671830973,"NRI_P029",50
"28359",-29142.612099027,"NRI_P029",100
"28360",-18521.838709027,"NRI_P029",25
"28361",22822.252530973,"NRI_P029",50
"28362",-89300.639479027,"NRI_P029",100
"28363",-4676.185779027,"NRI_P029",25
"28364",-53594.199469027,"NRI_P029",50
"28365",-85107.219019027,"NRI_P029",100
"28366",-21709.5845990269,"NRI_P029",25
"28367",-41926.4344190269,"NRI_P029",50
"28368",-14869.932509027,"NRI_P029",100
"28369",7382.15490097302,"NRI_P029",25
"28370",-62279.924299027,"NRI_P029",50
"28371",-72971.505469027,"NRI_P029",100
"28372",26001.118440973,"NRI_P029",25
"28373",31942.741750973,"NRI_P029",50
"28374",-43087.304229027,"NRI_P029",100
"28375",-8968.35217902699,"NRI_P029",25
"28376",29009.414220973,"NRI_P029",50
"28377",-63939.695179027,"NRI_P029",100
"28378",1122.60491097305,"NRI_P029",25
"28379",-7966.39070902695,"NRI_P029",50
"28380",-13802.116979027,"NRI_P029",100
"28381",70712.5590709731,"NRI_P029",25
"28382",36465.177910973,"NRI_P029",50
"28383",44124.6202609731,"NRI_P029",100
"28384",-5452.18903902697,"NRI_P029",25
"28385",16465.544900973,"NRI_P029",50
"28386",-103661.515759027,"NRI_P029",100
"28387",-13902.230189027,"NRI_P029",25
"28388",-53522.157749027,"NRI_P029",50
"28389",-93536.689359027,"NRI_P029",100
"28390",3265.89994097303,"NRI_P029",25
"28391",-32809.709769027,"NRI_P029",50
"28392",-52709.865779027,"NRI_P029",100
"28393",7543.67609097302,"NRI_P029",25
"28394",-2034.33633902698,"NRI_P029",50
"28395",-25351.564099027,"NRI_P029",100
"28396",30207.534570973,"NRI_P029",25
"28397",-66390.907069027,"NRI_P029",50
"28398",51.0817109729978,"NRI_P029",100
"28399",-20348.342759027,"NRI_P029",25
"28400",30660.633880973,"NRI_P029",50
"28401",-10153.603299027,"NRI_P029",100
"28402",-12591.303819027,"NRI_P029",25
"28403",-25489.994759027,"NRI_P029",50
"28404",-60633.798229027,"NRI_P029",100
"28405",-12612.062549027,"NRI_P029",25
"28406",-41091.081709027,"NRI_P029",50
"28407",65097.8919509731,"NRI_P029",100
"28408",-16825.504139027,"NRI_P029",25
"28409",-51004.176129027,"NRI_P029",50
"28410",15097.040480973,"NRI_P029",100
"28411",-39099.352149027,"NRI_P029",25
"28412",-62559.301479027,"NRI_P029",50
"28413",-57361.304049027,"NRI_P029",100
"28414",550.874080973037,"NRI_P029",25
"28415",10087.373610973,"NRI_P029",50
"28416",-10502.835059027,"NRI_P029",100
"28417",-31304.546219027,"NRI_P029",25
"28418",-17945.284459027,"NRI_P029",50
"28419",5389.17376097303,"NRI_P029",100
"28420",-19956.789739027,"NRI_P029",25
"28421",-30708.870469027,"NRI_P029",50
"28422",382.870540973032,"NRI_P029",100
"28423",-37268.909739027,"NRI_P029",25
"28424",-55244.303309027,"NRI_P029",50
"28425",-8726.63773902698,"NRI_P029",100
"28426",-10853.924599027,"NRI_P029",25
"28427",-60359.412409027,"NRI_P029",50
"28428",-32675.453169027,"NRI_P029",100
"28429",-11787.154149027,"NRI_P029",25
"28430",819.412550973007,"NRI_P029",50
"28431",6144.11839097302,"NRI_P029",100
"28432",-24560.683969027,"NRI_P029",25
"28433",7556.70277097303,"NRI_P029",50
"28434",-35517.572359027,"NRI_P029",100
"28435",-4934.70908902696,"NRI_P029",25
"28436",-33500.7679790269,"NRI_P029",50
"28437",-17802.802529027,"NRI_P029",100
"28438",-8304.36925902695,"NRI_P029",25
"28439",-21994.328949027,"NRI_P029",50
"28440",-36912.549119027,"NRI_P029",100
"28441",13565.208960973,"NRI_P029",25
"28442",-13283.897729027,"NRI_P029",50
"28443",10575.850020973,"NRI_P029",100
"28444",7993.45742097305,"NRI_P029",25
"28445",-47775.4647290269,"NRI_P029",50
"28446",-67015.742259027,"NRI_P029",100
"28447",700.373300973035,"NRI_P029",25
"28448",5561.94217097305,"NRI_P029",50
"28449",38397.365050973,"NRI_P029",100
"28450",9218.18546097301,"NRI_P029",25
"28451",-50708.478439027,"NRI_P029",50
"28452",-45344.059499027,"NRI_P029",100
"28453",-9659.28719902696,"NRI_P029",25
"28454",-75430.840099027,"NRI_P029",50
"28455",-39323.267799027,"NRI_P029",100
"28456",-13078.0244690269,"NRI_P029",25
"28457",-40467.8954790269,"NRI_P029",50
"28458",-26862.462549027,"NRI_P029",100
"28459",69578.111300973,"NRI_P029",25
"28460",21338.886050973,"NRI_P029",50
"28461",-41994.110909027,"NRI_P029",100
"28462",-26429.881339027,"NRI_P029",25
"28463",-20674.314299027,"NRI_P029",50
"28464",-32556.4791690269,"NRI_P029",100
"28465",-14348.0526690269,"NRI_P029",25
"28466",18662.7330909731,"NRI_P029",50
"28467",12150.766540973,"NRI_P029",100
"28468",-35435.863119027,"NRI_P029",25
"28469",-9080.33230902697,"NRI_P029",50
"28470",13258.143490973,"NRI_P029",100
"28471",-32344.301119027,"NRI_P029",25
"28472",-51406.431559027,"NRI_P029",50
"28473",-28003.7473090269,"NRI_P029",100
"28474",27249.544420973,"NRI_P029",25
"28475",-54622.4197190269,"NRI_P029",50
"28476",-85778.926809027,"NRI_P029",100
"28477",44207.533830973,"NRI_P029",25
"28478",-5540.99982902699,"NRI_P029",50
"28479",-67678.617379027,"NRI_P029",100
"28480",-60596.855869027,"NRI_P029",25
"28481",19269.489890973,"NRI_P029",50
"28482",28302.901170973,"NRI_P029",100
"28483",-5427.04892902699,"NRI_P029",25
"28484",-5556.48932902695,"NRI_P029",50
"28485",4263.04849097301,"NRI_P029",100
"28486",4510.48629097303,"NRI_P029",25
"28487",4716.26183097303,"NRI_P029",50
"28488",-53565.675669027,"NRI_P029",100
"28489",26538.178660973,"NRI_P029",25
"28490",-48235.8924590269,"NRI_P029",50
"28491",58952.306070973,"NRI_P029",100
"28492",-27002.786719027,"NRI_P029",25
"28493",1277.86223097303,"NRI_P029",50
"28494",29089.998910973,"NRI_P029",100
"28495",39700.864800973,"NRI_P029",25
"28496",-27965.533779027,"NRI_P029",50
"28497",-76268.608179027,"NRI_P029",100
"28498",1349.78727097303,"NRI_P029",25
"28499",-41762.604819027,"NRI_P029",50
"28500",-22242.285189027,"NRI_P029",100
"28501",-17561.289342728,"NRI_P030",25
"28502",-49014.523192728,"NRI_P030",50
"28503",-8685.44731272804,"NRI_P030",100
"28504",18686.531427272,"NRI_P030",25
"28505",-9306.70518272801,"NRI_P030",50
"28506",-40133.128522728,"NRI_P030",100
"28507",6684.57169727201,"NRI_P030",25
"28508",51377.590667272,"NRI_P030",50
"28509",-20389.685362728,"NRI_P030",100
"28510",-8844.25461272802,"NRI_P030",25
"28511",81989.873457272,"NRI_P030",50
"28512",801.251447272021,"NRI_P030",100
"28513",-18969.073812728,"NRI_P030",25
"28514",42477.8558572719,"NRI_P030",50
"28515",-54648.105972728,"NRI_P030",100
"28516",59389.334397272,"NRI_P030",25
"28517",1485.29213727202,"NRI_P030",50
"28518",-16945.247052728,"NRI_P030",100
"28519",45826.859177272,"NRI_P030",25
"28520",-50004.281912728,"NRI_P030",50
"28521",-32081.462832728,"NRI_P030",100
"28522",-6697.41064272803,"NRI_P030",25
"28523",-27049.844772728,"NRI_P030",50
"28524",-50044.836262728,"NRI_P030",100
"28525",-21956.490212728,"NRI_P030",25
"28526",-49091.698432728,"NRI_P030",50
"28527",-24353.695482728,"NRI_P030",100
"28528",-12547.782082728,"NRI_P030",25
"28529",20101.182067272,"NRI_P030",50
"28530",3604.00932727201,"NRI_P030",100
"28531",4755.76183727197,"NRI_P030",25
"28532",-39185.848012728,"NRI_P030",50
"28533",-11679.612452728,"NRI_P030",100
"28534",46579.8227272719,"NRI_P030",25
"28535",-33072.732962728,"NRI_P030",50
"28536",-27519.173022728,"NRI_P030",100
"28537",5984.34206727199,"NRI_P030",25
"28538",31861.805627272,"NRI_P030",50
"28539",82676.869127272,"NRI_P030",100
"28540",-18201.235052728,"NRI_P030",25
"28541",-67609.783522728,"NRI_P030",50
"28542",-46292.732682728,"NRI_P030",100
"28543",-30373.138952728,"NRI_P030",25
"28544",-9297.25442272803,"NRI_P030",50
"28545",41830.691387272,"NRI_P030",100
"28546",-34802.139332728,"NRI_P030",25
"28547",-39276.854002728,"NRI_P030",50
"28548",43597.877747272,"NRI_P030",100
"28549",8380.09996727202,"NRI_P030",25
"28550",-28461.229282728,"NRI_P030",50
"28551",20561.068387272,"NRI_P030",100
"28552",17870.950047272,"NRI_P030",25
"28553",-47479.359732728,"NRI_P030",50
"28554",-44462.949292728,"NRI_P030",100
"28555",9343.515517272,"NRI_P030",25
"28556",3614.79733727197,"NRI_P030",50
"28557",32360.034997272,"NRI_P030",100
"28558",-13682.450532728,"NRI_P030",25
"28559",-42257.331592728,"NRI_P030",50
"28560",-6324.063172728,"NRI_P030",100
"28561",13306.894187272,"NRI_P030",25
"28562",24232.564027272,"NRI_P030",50
"28563",-42461.517372728,"NRI_P030",100
"28564",-9451.25482272799,"NRI_P030",25
"28565",31545.620387272,"NRI_P030",50
"28566",-23044.294672728,"NRI_P030",100
"28567",-35498.923182728,"NRI_P030",25
"28568",-55041.254212728,"NRI_P030",50
"28569",13226.153597272,"NRI_P030",100
"28570",-12125.633282728,"NRI_P030",25
"28571",-20937.399092728,"NRI_P030",50
"28572",-26514.872662728,"NRI_P030",100
"28573",-4790.35361272801,"NRI_P030",25
"28574",-15470.714102728,"NRI_P030",50
"28575",-63184.965422728,"NRI_P030",100
"28576",-23725.293502728,"NRI_P030",25
"28577",-11883.876522728,"NRI_P030",50
"28578",64698.821277272,"NRI_P030",100
"28579",28749.877637272,"NRI_P030",25
"28580",-27665.415032728,"NRI_P030",50
"28581",-63327.939022728,"NRI_P030",100
"28582",-12363.514352728,"NRI_P030",25
"28583",-25138.519372728,"NRI_P030",50
"28584",34122.712827272,"NRI_P030",100
"28585",-26159.889952728,"NRI_P030",25
"28586",-48276.694512728,"NRI_P030",50
"28587",8578.97893727198,"NRI_P030",100
"28588",-13382.549242728,"NRI_P030",25
"28589",-26559.662232728,"NRI_P030",50
"28590",-18474.770082728,"NRI_P030",100
"28591",-14656.305552728,"NRI_P030",25
"28592",-48605.588392728,"NRI_P030",50
"28593",4798.17513727199,"NRI_P030",100
"28594",-13709.948862728,"NRI_P030",25
"28595",-12119.387282728,"NRI_P030",50
"28596",36698.138447272,"NRI_P030",100
"28597",-24574.888342728,"NRI_P030",25
"28598",-24428.235252728,"NRI_P030",50
"28599",-37928.944722728,"NRI_P030",100
"28600",-21704.850992728,"NRI_P030",25
"28601",8.65652727201814,"NRI_P030",50
"28602",-2201.90677272802,"NRI_P030",100
"28603",-27034.029292728,"NRI_P030",25
"28604",-54234.288902728,"NRI_P030",50
"28605",6309.64010727202,"NRI_P030",100
"28606",7508.594437272,"NRI_P030",25
"28607",71569.223747272,"NRI_P030",50
"28608",91147.656457272,"NRI_P030",100
"28609",19340.225207272,"NRI_P030",25
"28610",-37018.839732728,"NRI_P030",50
"28611",-31179.523322728,"NRI_P030",100
"28612",-27919.291192728,"NRI_P030",25
"28613",-18799.513292728,"NRI_P030",50
"28614",-21953.463592728,"NRI_P030",100
"28615",-20146.647292728,"NRI_P030",25
"28616",3215.95010727202,"NRI_P030",50
"28617",-28852.404162728,"NRI_P030",100
"28618",-15268.869852728,"NRI_P030",25
"28619",-31348.015062728,"NRI_P030",50
"28620",-11178.297252728,"NRI_P030",100
"28621",-6789.50761272799,"NRI_P030",25
"28622",15428.694547272,"NRI_P030",50
"28623",81394.263327272,"NRI_P030",100
"28624",-15007.433192728,"NRI_P030",25
"28625",96825.309037272,"NRI_P030",50
"28626",-46730.287252728,"NRI_P030",100
"28627",-26948.738302728,"NRI_P030",25
"28628",-3222.97422272799,"NRI_P030",50
"28629",-22401.963182728,"NRI_P030",100
"28630",-20676.332812728,"NRI_P030",25
"28631",-7803.41733272799,"NRI_P030",50
"28632",-4637.83332272799,"NRI_P030",100
"28633",38971.008847272,"NRI_P030",25
"28634",-26540.092352728,"NRI_P030",50
"28635",-19236.712162728,"NRI_P030",100
"28636",-16955.590262728,"NRI_P030",25
"28637",-23073.662652728,"NRI_P030",50
"28638",-20240.030432728,"NRI_P030",100
"28639",250.92386727198,"NRI_P030",25
"28640",18094.983687272,"NRI_P030",50
"28641",12502.334517272,"NRI_P030",100
"28642",-23792.491612728,"NRI_P030",25
"28643",-38613.416702728,"NRI_P030",50
"28644",-50947.691112728,"NRI_P030",100
"28645",-501.562042728008,"NRI_P030",25
"28646",-3860.54545272799,"NRI_P030",50
"28647",44983.180817272,"NRI_P030",100
"28648",-22942.697212728,"NRI_P030",25
"28649",14354.459357272,"NRI_P030",50
"28650",-13904.840792728,"NRI_P030",100
"28651",11179.452327272,"NRI_P030",25
"28652",1397.96822727198,"NRI_P030",50
"28653",-60373.032472728,"NRI_P030",100
"28654",-18881.852852728,"NRI_P030",25
"28655",-29306.928852728,"NRI_P030",50
"28656",-39762.859182728,"NRI_P030",100
"28657",5432.75950727199,"NRI_P030",25
"28658",-11592.799952728,"NRI_P030",50
"28659",25609.533167272,"NRI_P030",100
"28660",-17457.545132728,"NRI_P030",25
"28661",-51015.445282728,"NRI_P030",50
"28662",57675.8136772719,"NRI_P030",100
"28663",-21027.308982728,"NRI_P030",25
"28664",-35454.581482728,"NRI_P030",50
"28665",-66637.053862728,"NRI_P030",100
"28666",-30801.246782728,"NRI_P030",25
"28667",50269.690117272,"NRI_P030",50
"28668",-58446.202032728,"NRI_P030",100
"28669",55195.176657272,"NRI_P030",25
"28670",-26433.320202728,"NRI_P030",50
"28671",2142.44229727198,"NRI_P030",100
"28672",-14526.178482728,"NRI_P030",25
"28673",20728.598507272,"NRI_P030",50
"28674",63127.985267272,"NRI_P030",100
"28675",25210.997527272,"NRI_P030",25
"28676",15792.421517272,"NRI_P030",50
"28677",-15389.416012728,"NRI_P030",100
"28678",59.4570172720123,"NRI_P030",25
"28679",17402.721617272,"NRI_P030",50
"28680",-48826.973882728,"NRI_P030",100
"28681",-35719.697662728,"NRI_P030",25
"28682",-10542.489752728,"NRI_P030",50
"28683",5656.92195727199,"NRI_P030",100
"28684",-13615.809252728,"NRI_P030",25
"28685",42161.521437272,"NRI_P030",50
"28686",-27892.124772728,"NRI_P030",100
"28687",-36077.013152728,"NRI_P030",25
"28688",-10165.092912728,"NRI_P030",50
"28689",-21903.227182728,"NRI_P030",100
"28690",-12990.925532728,"NRI_P030",25
"28691",-47581.635192728,"NRI_P030",50
"28692",8414.79570727202,"NRI_P030",100
"28693",-12904.725222728,"NRI_P030",25
"28694",-6510.27697272802,"NRI_P030",50
"28695",82817.725257272,"NRI_P030",100
"28696",9311.934427272,"NRI_P030",25
"28697",-26029.461492728,"NRI_P030",50
"28698",-30840.777362728,"NRI_P030",100
"28699",-4857.12760272803,"NRI_P030",25
"28700",42093.043117272,"NRI_P030",50
"28701",-12037.300712728,"NRI_P030",100
"28702",4390.580357272,"NRI_P030",25
"28703",-48501.628542728,"NRI_P030",50
"28704",-29472.032022728,"NRI_P030",100
"28705",-1644.15858272801,"NRI_P030",25
"28706",-24099.272222728,"NRI_P030",50
"28707",-14707.122652728,"NRI_P030",100
"28708",-31930.255032728,"NRI_P030",25
"28709",-31861.055752728,"NRI_P030",50
"28710",38412.004727272,"NRI_P030",100
"28711",30795.485447272,"NRI_P030",25
"28712",-29692.577812728,"NRI_P030",50
"28713",-8843.48283272801,"NRI_P030",100
"28714",-3345.87789272802,"NRI_P030",25
"28715",-18737.307192728,"NRI_P030",50
"28716",-58168.862022728,"NRI_P030",100
"28717",33352.809657272,"NRI_P030",25
"28718",-1.262022727984,"NRI_P030",50
"28719",-2541.23394272802,"NRI_P030",100
"28720",-12902.135742728,"NRI_P030",25
"28721",-19635.761792728,"NRI_P030",50
"28722",-52193.339922728,"NRI_P030",100
"28723",71272.5435572719,"NRI_P030",25
"28724",-12383.986372728,"NRI_P030",50
"28725",-10507.039532728,"NRI_P030",100
"28726",43882.451387272,"NRI_P030",25
"28727",-24145.689052728,"NRI_P030",50
"28728",-17442.421022728,"NRI_P030",100
"28729",5673.430987272,"NRI_P030",25
"28730",-36220.101492728,"NRI_P030",50
"28731",-29276.250562728,"NRI_P030",100
"28732",-25124.875992728,"NRI_P030",25
"28733",-3426.75879272801,"NRI_P030",50
"28734",-19100.758232728,"NRI_P030",100
"28735",-12652.613432728,"NRI_P030",25
"28736",-61282.388372728,"NRI_P030",50
"28737",-33486.691042728,"NRI_P030",100
"28738",-4353.80368272803,"NRI_P030",25
"28739",24350.382557272,"NRI_P030",50
"28740",-38463.850992728,"NRI_P030",100
"28741",-14568.050322728,"NRI_P030",25
"28742",-36106.890062728,"NRI_P030",50
"28743",11087.230627272,"NRI_P030",100
"28744",3272.73674727202,"NRI_P030",25
"28745",-5681.44627272803,"NRI_P030",50
"28746",-55356.154252728,"NRI_P030",100
"28747",-37563.589712728,"NRI_P030",25
"28748",-807.636732727988,"NRI_P030",50
"28749",-4688.77448272798,"NRI_P030",100
"28750",-16030.278332728,"NRI_P030",25
"28751",-28395.547812728,"NRI_P030",50
"28752",-33350.919262728,"NRI_P030",100
"28753",-15406.900122728,"NRI_P030",25
"28754",-1894.84957272798,"NRI_P030",50
"28755",8695.615887272,"NRI_P030",100
"28756",51866.546007272,"NRI_P030",25
"28757",28266.636617272,"NRI_P030",50
"28758",-17920.642372728,"NRI_P030",100
"28759",-28632.425842728,"NRI_P030",25
"28760",-2776.69585272798,"NRI_P030",50
"28761",-48979.929322728,"NRI_P030",100
"28762",22715.288727272,"NRI_P030",25
"28763",6120.06296727201,"NRI_P030",50
"28764",-4230.819762728,"NRI_P030",100
"28765",-8743.92696272803,"NRI_P030",25
"28766",20605.602887272,"NRI_P030",50
"28767",3313.94322727202,"NRI_P030",100
"28768",16155.793597272,"NRI_P030",25
"28769",14187.741937272,"NRI_P030",50
"28770",22012.715717272,"NRI_P030",100
"28771",9662.39364727197,"NRI_P030",25
"28772",-10830.441602728,"NRI_P030",50
"28773",63516.103177272,"NRI_P030",100
"28774",-14176.771282728,"NRI_P030",25
"28775",-16839.056662728,"NRI_P030",50
"28776",-51334.101222728,"NRI_P030",100
"28777",-18136.349982728,"NRI_P030",25
"28778",-24459.789512728,"NRI_P030",50
"28779",-24745.587412728,"NRI_P030",100
"28780",-1591.16452272801,"NRI_P030",25
"28781",-16336.023232728,"NRI_P030",50
"28782",-21365.169482728,"NRI_P030",100
"28783",13046.186867272,"NRI_P030",25
"28784",26399.846277272,"NRI_P030",50
"28785",-24456.321382728,"NRI_P030",100
"28786",871.253737271996,"NRI_P030",25
"28787",-7307.23186272802,"NRI_P030",50
"28788",-57554.254482728,"NRI_P030",100
"28789",34798.004427272,"NRI_P030",25
"28790",-31129.585182728,"NRI_P030",50
"28791",-28920.905392728,"NRI_P030",100
"28792",-21556.757782728,"NRI_P030",25
"28793",-33210.530042728,"NRI_P030",50
"28794",-1123.88987272803,"NRI_P030",100
"28795",20103.114427272,"NRI_P030",25
"28796",33042.908607272,"NRI_P030",50
"28797",8023.41862727201,"NRI_P030",100
"28798",-5684.19111272803,"NRI_P030",25
"28799",-39216.394332728,"NRI_P030",50
"28800",-22366.895042728,"NRI_P030",100
"28801",-14076.294238552,"NRI_P031",25
"28802",-51745.683758552,"NRI_P031",50
"28803",-69862.293018552,"NRI_P031",100
"28804",-43037.746798552,"NRI_P031",25
"28805",-16468.406848552,"NRI_P031",50
"28806",-70051.653528552,"NRI_P031",100
"28807",-22966.340198552,"NRI_P031",25
"28808",2275.95538144803,"NRI_P031",50
"28809",-68488.413318552,"NRI_P031",100
"28810",-292.669248552003,"NRI_P031",25
"28811",-42760.732938552,"NRI_P031",50
"28812",-85700.249378552,"NRI_P031",100
"28813",-5468.26332855201,"NRI_P031",25
"28814",-31564.200628552,"NRI_P031",50
"28815",-83047.394578552,"NRI_P031",100
"28816",-15894.297268552,"NRI_P031",25
"28817",-38738.915228552,"NRI_P031",50
"28818",-50647.060298552,"NRI_P031",100
"28819",9968.36852144799,"NRI_P031",25
"28820",-42811.249068552,"NRI_P031",50
"28821",-74806.367948552,"NRI_P031",100
"28822",8387.57328144799,"NRI_P031",25
"28823",-24704.829918552,"NRI_P031",50
"28824",-90199.100798552,"NRI_P031",100
"28825",-17293.104738552,"NRI_P031",25
"28826",-23183.190068552,"NRI_P031",50
"28827",-77391.544678552,"NRI_P031",100
"28828",-19463.651748552,"NRI_P031",25
"28829",-46239.212408552,"NRI_P031",50
"28830",-95704.336258552,"NRI_P031",100
"28831",-10467.110138552,"NRI_P031",25
"28832",-43737.331958552,"NRI_P031",50
"28833",-78083.001408552,"NRI_P031",100
"28834",-44817.439328552,"NRI_P031",25
"28835",-9021.41232855199,"NRI_P031",50
"28836",-75630.343738552,"NRI_P031",100
"28837",18024.896521448,"NRI_P031",25
"28838",-12868.254548552,"NRI_P031",50
"28839",-63041.168388552,"NRI_P031",100
"28840",-27922.032208552,"NRI_P031",25
"28841",-35346.517528552,"NRI_P031",50
"28842",-18193.060858552,"NRI_P031",100
"28843",967.414691448037,"NRI_P031",25
"28844",-19412.663408552,"NRI_P031",50
"28845",-77558.891308552,"NRI_P031",100
"28846",-11655.558578552,"NRI_P031",25
"28847",-25439.390848552,"NRI_P031",50
"28848",-54394.873658552,"NRI_P031",100
"28849",-48907.029498552,"NRI_P031",25
"28850",-1607.57962855202,"NRI_P031",50
"28851",-93156.477078552,"NRI_P031",100
"28852",-3395.10871855199,"NRI_P031",25
"28853",-47774.935138552,"NRI_P031",50
"28854",-95376.529458552,"NRI_P031",100
"28855",-9529.02731855196,"NRI_P031",25
"28856",-28603.226778552,"NRI_P031",50
"28857",-85410.950958552,"NRI_P031",100
"28858",-15561.385828552,"NRI_P031",25
"28859",-66464.530018552,"NRI_P031",50
"28860",-65387.765508552,"NRI_P031",100
"28861",-17805.689198552,"NRI_P031",25
"28862",-26661.019158552,"NRI_P031",50
"28863",-102175.010318552,"NRI_P031",100
"28864",-5645.66484855197,"NRI_P031",25
"28865",-78170.650548552,"NRI_P031",50
"28866",-88439.185058552,"NRI_P031",100
"28867",-26271.596618552,"NRI_P031",25
"28868",-76042.190338552,"NRI_P031",50
"28869",-70081.035518552,"NRI_P031",100
"28870",-33135.717648552,"NRI_P031",25
"28871",-41569.857848552,"NRI_P031",50
"28872",-72780.119178552,"NRI_P031",100
"28873",-13123.363468552,"NRI_P031",25
"28874",-35032.856798552,"NRI_P031",50
"28875",-100642.667618552,"NRI_P031",100
"28876",-48662.791768552,"NRI_P031",25
"28877",-18521.294578552,"NRI_P031",50
"28878",-71434.916928552,"NRI_P031",100
"28879",-14473.506868552,"NRI_P031",25
"28880",-29439.917158552,"NRI_P031",50
"28881",-76179.736028552,"NRI_P031",100
"28882",25601.689091448,"NRI_P031",25
"28883",-39428.822738552,"NRI_P031",50
"28884",-108936.156458552,"NRI_P031",100
"28885",5647.90455144801,"NRI_P031",25
"28886",-37052.733768552,"NRI_P031",50
"28887",-95350.054468552,"NRI_P031",100
"28888",-6833.73478855198,"NRI_P031",25
"28889",-19031.530598552,"NRI_P031",50
"28890",-103888.666438552,"NRI_P031",100
"28891",-29328.388278552,"NRI_P031",25
"28892",-39620.116508552,"NRI_P031",50
"28893",-64955.508878552,"NRI_P031",100
"28894",2556.085361448,"NRI_P031",25
"28895",-20228.744498552,"NRI_P031",50
"28896",-47057.026828552,"NRI_P031",100
"28897",-12098.166848552,"NRI_P031",25
"28898",-37545.142038552,"NRI_P031",50
"28899",-71248.646288552,"NRI_P031",100
"28900",20315.597641448,"NRI_P031",25
"28901",-30308.834118552,"NRI_P031",50
"28902",-74991.140498552,"NRI_P031",100
"28903",-28005.592618552,"NRI_P031",25
"28904",-2663.19658855197,"NRI_P031",50
"28905",-83316.058358552,"NRI_P031",100
"28906",-29367.805868552,"NRI_P031",25
"28907",-5877.87257855199,"NRI_P031",50
"28908",-95262.666318552,"NRI_P031",100
"28909",-19093.827718552,"NRI_P031",25
"28910",-44079.602848552,"NRI_P031",50
"28911",-95651.458798552,"NRI_P031",100
"28912",-35871.353608552,"NRI_P031",25
"28913",-39596.886068552,"NRI_P031",50
"28914",-81062.486418552,"NRI_P031",100
"28915",4979.86475144804,"NRI_P031",25
"28916",-50729.255108552,"NRI_P031",50
"28917",-94598.027708552,"NRI_P031",100
"28918",-6303.79068855196,"NRI_P031",25
"28919",14485.642361448,"NRI_P031",50
"28920",-65418.617698552,"NRI_P031",100
"28921",-17398.367378552,"NRI_P031",25
"28922",24997.838651448,"NRI_P031",50
"28923",-64493.225768552,"NRI_P031",100
"28924",-20642.355378552,"NRI_P031",25
"28925",-29736.319458552,"NRI_P031",50
"28926",-74259.235678552,"NRI_P031",100
"28927",-46244.409868552,"NRI_P031",25
"28928",-15262.564748552,"NRI_P031",50
"28929",-6986.40829855198,"NRI_P031",100
"28930",-19698.613198552,"NRI_P031",25
"28931",-11120.166968552,"NRI_P031",50
"28932",-51006.953888552,"NRI_P031",100
"28933",-22757.994618552,"NRI_P031",25
"28934",-45629.407038552,"NRI_P031",50
"28935",-65693.115008552,"NRI_P031",100
"28936",-15672.595258552,"NRI_P031",25
"28937",-39577.995398552,"NRI_P031",50
"28938",-50859.948528552,"NRI_P031",100
"28939",-13185.428018552,"NRI_P031",25
"28940",-31585.794578552,"NRI_P031",50
"28941",-68495.822648552,"NRI_P031",100
"28942",-36336.823058552,"NRI_P031",25
"28943",-32381.173518552,"NRI_P031",50
"28944",6580.17917144799,"NRI_P031",100
"28945",4196.06376144802,"NRI_P031",25
"28946",-27268.862568552,"NRI_P031",50
"28947",-70961.769408552,"NRI_P031",100
"28948",-25055.375748552,"NRI_P031",25
"28949",-24815.118388552,"NRI_P031",50
"28950",-63358.172518552,"NRI_P031",100
"28951",-20166.518798552,"NRI_P031",25
"28952",-37437.356958552,"NRI_P031",50
"28953",-82172.287658552,"NRI_P031",100
"28954",-6775.85524855199,"NRI_P031",25
"28955",-65367.467108552,"NRI_P031",50
"28956",-86735.102778552,"NRI_P031",100
"28957",22144.674111448,"NRI_P031",25
"28958",-1994.70917855197,"NRI_P031",50
"28959",-92105.121718552,"NRI_P031",100
"28960",-42446.442128552,"NRI_P031",25
"28961",-44755.114418552,"NRI_P031",50
"28962",-70064.517258552,"NRI_P031",100
"28963",13995.410281448,"NRI_P031",25
"28964",-60268.883168552,"NRI_P031",50
"28965",-104425.625638552,"NRI_P031",100
"28966",-17852.457658552,"NRI_P031",25
"28967",-50612.383818552,"NRI_P031",50
"28968",-86000.769158552,"NRI_P031",100
"28969",-12832.790208552,"NRI_P031",25
"28970",-38544.495778552,"NRI_P031",50
"28971",-51592.348468552,"NRI_P031",100
"28972",-61929.714968552,"NRI_P031",25
"28973",-33496.034908552,"NRI_P031",50
"28974",-76937.587028552,"NRI_P031",100
"28975",-20742.063628552,"NRI_P031",25
"28976",-47106.413938552,"NRI_P031",50
"28977",-89473.603048552,"NRI_P031",100
"28978",-32473.201758552,"NRI_P031",25
"28979",-40974.681428552,"NRI_P031",50
"28980",-94798.141568552,"NRI_P031",100
"28981",-41339.685998552,"NRI_P031",25
"28982",-21440.602418552,"NRI_P031",50
"28983",-79889.603118552,"NRI_P031",100
"28984",-15930.976798552,"NRI_P031",25
"28985",-26797.807438552,"NRI_P031",50
"28986",-75676.153018552,"NRI_P031",100
"28987",-9401.94892855198,"NRI_P031",25
"28988",29637.996181448,"NRI_P031",50
"28989",-52357.646838552,"NRI_P031",100
"28990",-21169.628418552,"NRI_P031",25
"28991",-27360.090718552,"NRI_P031",50
"28992",-66320.394598552,"NRI_P031",100
"28993",-25558.497948552,"NRI_P031",25
"28994",-52238.392558552,"NRI_P031",50
"28995",-61195.614088552,"NRI_P031",100
"28996",-2258.07340855198,"NRI_P031",25
"28997",-39285.998338552,"NRI_P031",50
"28998",-97143.354178552,"NRI_P031",100
"28999",-9089.08867855201,"NRI_P031",25
"29000",-54032.837798552,"NRI_P031",50
"29001",-59575.402388552,"NRI_P031",100
"29002",-3806.21617855201,"NRI_P031",25
"29003",-51595.636108552,"NRI_P031",50
"29004",-78206.756038552,"NRI_P031",100
"29005",-14400.446428552,"NRI_P031",25
"29006",-26872.755858552,"NRI_P031",50
"29007",-41575.853938552,"NRI_P031",100
"29008",-1983.85167855199,"NRI_P031",25
"29009",-48650.608018552,"NRI_P031",50
"29010",-63742.483338552,"NRI_P031",100
"29011",-24685.639788552,"NRI_P031",25
"29012",-26787.776718552,"NRI_P031",50
"29013",-69434.407938552,"NRI_P031",100
"29014",-28082.846158552,"NRI_P031",25
"29015",-55280.375358552,"NRI_P031",50
"29016",-76780.795988552,"NRI_P031",100
"29017",-36759.321178552,"NRI_P031",25
"29018",-65566.171678552,"NRI_P031",50
"29019",-94314.708488552,"NRI_P031",100
"29020",-36842.972978552,"NRI_P031",25
"29021",-21812.444608552,"NRI_P031",50
"29022",-67427.945938552,"NRI_P031",100
"29023",-28470.866988552,"NRI_P031",25
"29024",-19831.872168552,"NRI_P031",50
"29025",-46703.675128552,"NRI_P031",100
"29026",823.680751448032,"NRI_P031",25
"29027",-59738.597818552,"NRI_P031",50
"29028",-104166.186828552,"NRI_P031",100
"29029",-17443.209838552,"NRI_P031",25
"29030",-36153.626628552,"NRI_P031",50
"29031",-50902.578098552,"NRI_P031",100
"29032",-36447.881068552,"NRI_P031",25
"29033",-19870.695398552,"NRI_P031",50
"29034",-74006.878668552,"NRI_P031",100
"29035",-29311.563268552,"NRI_P031",25
"29036",-42054.997228552,"NRI_P031",50
"29037",-79403.024208552,"NRI_P031",100
"29038",5039.74916144804,"NRI_P031",25
"29039",-32195.981418552,"NRI_P031",50
"29040",-95238.470408552,"NRI_P031",100
"29041",-19087.520108552,"NRI_P031",25
"29042",-8362.58169855201,"NRI_P031",50
"29043",-77090.819958552,"NRI_P031",100
"29044",-37173.594548552,"NRI_P031",25
"29045",-33501.483828552,"NRI_P031",50
"29046",-75875.777558552,"NRI_P031",100
"29047",-30865.172828552,"NRI_P031",25
"29048",-23086.651168552,"NRI_P031",50
"29049",-84708.484668552,"NRI_P031",100
"29050",-19670.543468552,"NRI_P031",25
"29051",-65295.530358552,"NRI_P031",50
"29052",-90608.824218552,"NRI_P031",100
"29053",-31396.686048552,"NRI_P031",25
"29054",-59024.333238552,"NRI_P031",50
"29055",-61673.073178552,"NRI_P031",100
"29056",-25091.121118552,"NRI_P031",25
"29057",-31527.996968552,"NRI_P031",50
"29058",-76668.932238552,"NRI_P031",100
"29059",-1491.31219855201,"NRI_P031",25
"29060",-33597.824658552,"NRI_P031",50
"29061",-94575.535198552,"NRI_P031",100
"29062",-10352.025248552,"NRI_P031",25
"29063",-3039.55496855197,"NRI_P031",50
"29064",-61592.493258552,"NRI_P031",100
"29065",-23205.480458552,"NRI_P031",25
"29066",-43453.279158552,"NRI_P031",50
"29067",-59653.103588552,"NRI_P031",100
"29068",-9767.17849855201,"NRI_P031",25
"29069",-66160.002228552,"NRI_P031",50
"29070",-86569.896868552,"NRI_P031",100
"29071",-4106.67288855201,"NRI_P031",25
"29072",-27378.438568552,"NRI_P031",50
"29073",-86976.659728552,"NRI_P031",100
"29074",-21853.408928552,"NRI_P031",25
"29075",-47910.030498552,"NRI_P031",50
"29076",-110595.985948552,"NRI_P031",100
"29077",-3900.51430855197,"NRI_P031",25
"29078",-25475.934988552,"NRI_P031",50
"29079",-99421.942218552,"NRI_P031",100
"29080",-17198.987108552,"NRI_P031",25
"29081",-45082.408308552,"NRI_P031",50
"29082",-103285.297898552,"NRI_P031",100
"29083",-22304.350468552,"NRI_P031",25
"29084",-20938.217128552,"NRI_P031",50
"29085",-108313.866808552,"NRI_P031",100
"29086",-24306.671358552,"NRI_P031",25
"29087",-67689.897698552,"NRI_P031",50
"29088",-72555.507718552,"NRI_P031",100
"29089",-17089.563818552,"NRI_P031",25
"29090",-25273.152648552,"NRI_P031",50
"29091",-77402.995688552,"NRI_P031",100
"29092",-12634.713638552,"NRI_P031",25
"29093",-74296.521928552,"NRI_P031",50
"29094",-74526.397968552,"NRI_P031",100
"29095",-26147.972058552,"NRI_P031",25
"29096",-19905.994898552,"NRI_P031",50
"29097",-78010.145938552,"NRI_P031",100
"29098",12067.302951448,"NRI_P031",25
"29099",-42113.423198552,"NRI_P031",50
"29100",-84378.004558552,"NRI_P031",100
"29101",-22304.67549109,"NRI_P032",25
"29102",-18776.53290109,"NRI_P032",50
"29103",-31551.14688109,"NRI_P032",100
"29104",-11181.77899109,"NRI_P032",25
"29105",-21414.5811010899,"NRI_P032",50
"29106",-31780.86781109,"NRI_P032",100
"29107",-22749.3291210899,"NRI_P032",25
"29108",-6189.77092108998,"NRI_P032",50
"29109",-34627.57359109,"NRI_P032",100
"29110",-10029.40954109,"NRI_P032",25
"29111",-19817.83286109,"NRI_P032",50
"29112",-40437.72952109,"NRI_P032",100
"29113",-7940.63168108999,"NRI_P032",25
"29114",-20453.25513109,"NRI_P032",50
"29115",-22876.22919109,"NRI_P032",100
"29116",-15670.16817109,"NRI_P032",25
"29117",-10715.35805109,"NRI_P032",50
"29118",-54456.71994109,"NRI_P032",100
"29119",-11673.94205109,"NRI_P032",25
"29120",-26558.87051109,"NRI_P032",50
"29121",-47237.01513109,"NRI_P032",100
"29122",-8466.33646108996,"NRI_P032",25
"29123",-14372.11100109,"NRI_P032",50
"29124",-24469.6154010899,"NRI_P032",100
"29125",-7226.91746108996,"NRI_P032",25
"29126",-8026.35926108999,"NRI_P032",50
"29127",-35528.58555109,"NRI_P032",100
"29128",-9337.96247108997,"NRI_P032",25
"29129",-30299.0543610899,"NRI_P032",50
"29130",-34063.19460109,"NRI_P032",100
"29131",-888.521851089958,"NRI_P032",25
"29132",-26459.69069109,"NRI_P032",50
"29133",-41178.72095109,"NRI_P032",100
"29134",-10934.61199109,"NRI_P032",25
"29135",-5389.15294109,"NRI_P032",50
"29136",-17049.45593109,"NRI_P032",100
"29137",-4478.39650108997,"NRI_P032",25
"29138",-24141.0992710899,"NRI_P032",50
"29139",-43460.06312109,"NRI_P032",100
"29140",-20475.10073109,"NRI_P032",25
"29141",-15063.22857109,"NRI_P032",50
"29142",-33962.68878109,"NRI_P032",100
"29143",-4471.33506108995,"NRI_P032",25
"29144",-6331.67218108999,"NRI_P032",50
"29145",-34786.49067109,"NRI_P032",100
"29146",-9085.53793108999,"NRI_P032",25
"29147",-18568.80466109,"NRI_P032",50
"29148",-31987.77572109,"NRI_P032",100
"29149",-18569.13998109,"NRI_P032",25
"29150",-15508.89112109,"NRI_P032",50
"29151",-49587.01314109,"NRI_P032",100
"29152",-15234.41182109,"NRI_P032",25
"29153",-23360.39089109,"NRI_P032",50
"29154",-44649.40280109,"NRI_P032",100
"29155",-11223.96845109,"NRI_P032",25
"29156",-22436.00852109,"NRI_P032",50
"29157",-30766.61740109,"NRI_P032",100
"29158",-11171.88285109,"NRI_P032",25
"29159",-17027.37736109,"NRI_P032",50
"29160",-43270.49278109,"NRI_P032",100
"29161",-7823.22396108997,"NRI_P032",25
"29162",-13140.65110109,"NRI_P032",50
"29163",-56088.45632109,"NRI_P032",100
"29164",-9275.07516108995,"NRI_P032",25
"29165",-31475.97913109,"NRI_P032",50
"29166",-37016.09712109,"NRI_P032",100
"29167",-13802.26324109,"NRI_P032",25
"29168",-17696.27632109,"NRI_P032",50
"29169",-44485.59376109,"NRI_P032",100
"29170",-13318.81885109,"NRI_P032",25
"29171",-25258.42310109,"NRI_P032",50
"29172",-35315.38261109,"NRI_P032",100
"29173",-17005.03606109,"NRI_P032",25
"29174",-3070.63175109,"NRI_P032",50
"29175",-36018.34185109,"NRI_P032",100
"29176",74.1316689100349,"NRI_P032",25
"29177",-21527.29579109,"NRI_P032",50
"29178",-44367.15748109,"NRI_P032",100
"29179",-9964.30786109,"NRI_P032",25
"29180",-11269.22684109,"NRI_P032",50
"29181",-19861.90247109,"NRI_P032",100
"29182",-18431.95075109,"NRI_P032",25
"29183",-26442.26680109,"NRI_P032",50
"29184",-40353.38423109,"NRI_P032",100
"29185",7704.20197891002,"NRI_P032",25
"29186",-11420.86018109,"NRI_P032",50
"29187",-40960.05922109,"NRI_P032",100
"29188",-10220.48349109,"NRI_P032",25
"29189",-3896.88265108998,"NRI_P032",50
"29190",-49977.01922109,"NRI_P032",100
"29191",-14469.90736109,"NRI_P032",25
"29192",-21543.19530109,"NRI_P032",50
"29193",-41568.49059109,"NRI_P032",100
"29194",-6728.74872108997,"NRI_P032",25
"29195",-13408.81717109,"NRI_P032",50
"29196",-32893.59753109,"NRI_P032",100
"29197",-6727.33481108997,"NRI_P032",25
"29198",-24273.95338109,"NRI_P032",50
"29199",-42565.06687109,"NRI_P032",100
"29200",-8838.35445108998,"NRI_P032",25
"29201",-25693.55933109,"NRI_P032",50
"29202",-41888.90338109,"NRI_P032",100
"29203",-8671.36618108995,"NRI_P032",25
"29204",-25642.0239210899,"NRI_P032",50
"29205",-30116.99623109,"NRI_P032",100
"29206",3248.62847891002,"NRI_P032",25
"29207",-17516.42281109,"NRI_P032",50
"29208",-30034.81634109,"NRI_P032",100
"29209",-23052.88371109,"NRI_P032",25
"29210",1673.60462891002,"NRI_P032",50
"29211",-22369.34094109,"NRI_P032",100
"29212",-14331.58209109,"NRI_P032",25
"29213",-10415.45949109,"NRI_P032",50
"29214",-40868.26534109,"NRI_P032",100
"29215",-12358.04226109,"NRI_P032",25
"29216",-6830.82552108995,"NRI_P032",50
"29217",-49023.07370109,"NRI_P032",100
"29218",-11721.43949109,"NRI_P032",25
"29219",-13927.15270109,"NRI_P032",50
"29220",-39760.0304110899,"NRI_P032",100
"29221",-6993.34726108995,"NRI_P032",25
"29222",-30529.87200109,"NRI_P032",50
"29223",-13451.5171410899,"NRI_P032",100
"29224",-10508.09826109,"NRI_P032",25
"29225",-18190.32904109,"NRI_P032",50
"29226",-48148.47388109,"NRI_P032",100
"29227",-11555.71093109,"NRI_P032",25
"29228",-13994.93235109,"NRI_P032",50
"29229",-28346.41882109,"NRI_P032",100
"29230",-2607.58645109,"NRI_P032",25
"29231",-15879.52428109,"NRI_P032",50
"29232",-44127.82089109,"NRI_P032",100
"29233",-1489.40652108996,"NRI_P032",25
"29234",-18396.32115109,"NRI_P032",50
"29235",-31963.42243109,"NRI_P032",100
"29236",-19550.98227109,"NRI_P032",25
"29237",-20413.04630109,"NRI_P032",50
"29238",-26669.35611109,"NRI_P032",100
"29239",-15231.84453109,"NRI_P032",25
"29240",-10894.3297710899,"NRI_P032",50
"29241",-36802.84311109,"NRI_P032",100
"29242",-8751.30381108995,"NRI_P032",25
"29243",-22702.71158109,"NRI_P032",50
"29244",-35150.66832109,"NRI_P032",100
"29245",-15135.04020109,"NRI_P032",25
"29246",-29781.34727109,"NRI_P032",50
"29247",-30530.57837109,"NRI_P032",100
"29248",-1857.34820108995,"NRI_P032",25
"29249",-24637.32757109,"NRI_P032",50
"29250",-32387.65994109,"NRI_P032",100
"29251",-4864.49225108995,"NRI_P032",25
"29252",-10564.87547109,"NRI_P032",50
"29253",-47914.59370109,"NRI_P032",100
"29254",-15322.43846109,"NRI_P032",25
"29255",-14485.25861109,"NRI_P032",50
"29256",-47504.69621109,"NRI_P032",100
"29257",-5000.38148108998,"NRI_P032",25
"29258",-22531.59620109,"NRI_P032",50
"29259",-44955.61501109,"NRI_P032",100
"29260",-8048.07679108996,"NRI_P032",25
"29261",-17310.76313109,"NRI_P032",50
"29262",-40580.52846109,"NRI_P032",100
"29263",-3429.86072108999,"NRI_P032",25
"29264",-26408.31742109,"NRI_P032",50
"29265",-34799.53155109,"NRI_P032",100
"29266",-14750.75461109,"NRI_P032",25
"29267",-13592.8981110899,"NRI_P032",50
"29268",-42462.04209109,"NRI_P032",100
"29269",-13948.95333109,"NRI_P032",25
"29270",-14584.30735109,"NRI_P032",50
"29271",-16093.02345109,"NRI_P032",100
"29272",-6125.59626108996,"NRI_P032",25
"29273",-22924.52733109,"NRI_P032",50
"29274",-26415.49681109,"NRI_P032",100
"29275",3757.28563891002,"NRI_P032",25
"29276",-17369.64299109,"NRI_P032",50
"29277",-40498.19506109,"NRI_P032",100
"29278",-1032.98906108999,"NRI_P032",25
"29279",-22439.32148109,"NRI_P032",50
"29280",-30476.67153109,"NRI_P032",100
"29281",-20133.32730109,"NRI_P032",25
"29282",-20184.29333109,"NRI_P032",50
"29283",-37970.21065109,"NRI_P032",100
"29284",-8858.10324108996,"NRI_P032",25
"29285",-2521.95516108995,"NRI_P032",50
"29286",-43529.53342109,"NRI_P032",100
"29287",-6426.38239108998,"NRI_P032",25
"29288",-12291.54344109,"NRI_P032",50
"29289",-36741.80789109,"NRI_P032",100
"29290",-8245.12234109,"NRI_P032",25
"29291",-16182.72214109,"NRI_P032",50
"29292",-29255.68974109,"NRI_P032",100
"29293",-17751.86524109,"NRI_P032",25
"29294",-17787.13403109,"NRI_P032",50
"29295",-36184.24184109,"NRI_P032",100
"29296",-7815.95037108997,"NRI_P032",25
"29297",-27748.51173109,"NRI_P032",50
"29298",-35525.19541109,"NRI_P032",100
"29299",-9339.54031108995,"NRI_P032",25
"29300",5945.90453891002,"NRI_P032",50
"29301",-33388.86518109,"NRI_P032",100
"29302",-11765.25749109,"NRI_P032",25
"29303",-25512.78131109,"NRI_P032",50
"29304",-19620.50842109,"NRI_P032",100
"29305",-4529.07266108994,"NRI_P032",25
"29306",-13978.30006109,"NRI_P032",50
"29307",-41133.21865109,"NRI_P032",100
"29308",-2347.01939108997,"NRI_P032",25
"29309",-20515.92059109,"NRI_P032",50
"29310",-46567.38920109,"NRI_P032",100
"29311",-19091.51157109,"NRI_P032",25
"29312",-26643.49614109,"NRI_P032",50
"29313",-39016.51643109,"NRI_P032",100
"29314",-402.203601089946,"NRI_P032",25
"29315",-11835.65299109,"NRI_P032",50
"29316",-29906.42014109,"NRI_P032",100
"29317",-19604.3470010899,"NRI_P032",25
"29318",-25275.92580109,"NRI_P032",50
"29319",-33061.2675610899,"NRI_P032",100
"29320",-7251.22889108997,"NRI_P032",25
"29321",-26427.73568109,"NRI_P032",50
"29322",-38154.83302109,"NRI_P032",100
"29323",-19153.2637010899,"NRI_P032",25
"29324",-7354.24320108996,"NRI_P032",50
"29325",-49335.39070109,"NRI_P032",100
"29326",-6767.61340108997,"NRI_P032",25
"29327",-9671.66496108996,"NRI_P032",50
"29328",-51645.81265109,"NRI_P032",100
"29329",-8866.71880108997,"NRI_P032",25
"29330",-19181.43732109,"NRI_P032",50
"29331",-35163.77207109,"NRI_P032",100
"29332",-28100.3766610899,"NRI_P032",25
"29333",-37269.42262109,"NRI_P032",50
"29334",-44121.02544109,"NRI_P032",100
"29335",-4584.62749108998,"NRI_P032",25
"29336",-9401.02154108998,"NRI_P032",50
"29337",-30730.36833109,"NRI_P032",100
"29338",-9568.40888109,"NRI_P032",25
"29339",-25478.66549109,"NRI_P032",50
"29340",-37632.13495109,"NRI_P032",100
"29341",-3451.95660108997,"NRI_P032",25
"29342",-14751.82551109,"NRI_P032",50
"29343",-22583.14947109,"NRI_P032",100
"29344",1118.56482891005,"NRI_P032",25
"29345",-16541.46342109,"NRI_P032",50
"29346",-44652.56887109,"NRI_P032",100
"29347",-12471.82672109,"NRI_P032",25
"29348",-20620.12469109,"NRI_P032",50
"29349",-50908.50031109,"NRI_P032",100
"29350",-7592.17203108995,"NRI_P032",25
"29351",-21813.93674109,"NRI_P032",50
"29352",-47338.78434109,"NRI_P032",100
"29353",-20132.07478109,"NRI_P032",25
"29354",-22334.20143109,"NRI_P032",50
"29355",-38736.40766109,"NRI_P032",100
"29356",-9599.43991108995,"NRI_P032",25
"29357",-17024.0450810899,"NRI_P032",50
"29358",-20258.02043109,"NRI_P032",100
"29359",-19589.20252109,"NRI_P032",25
"29360",-28017.07375109,"NRI_P032",50
"29361",-44507.09343109,"NRI_P032",100
"29362",-8806.28008108999,"NRI_P032",25
"29363",-24101.88967109,"NRI_P032",50
"29364",-36061.15039109,"NRI_P032",100
"29365",-11722.11190109,"NRI_P032",25
"29366",-10925.7318010899,"NRI_P032",50
"29367",-44745.41971109,"NRI_P032",100
"29368",-12103.55878109,"NRI_P032",25
"29369",-31815.56680109,"NRI_P032",50
"29370",-25440.01949109,"NRI_P032",100
"29371",-12413.64950109,"NRI_P032",25
"29372",-11421.36028109,"NRI_P032",50
"29373",-37568.45422109,"NRI_P032",100
"29374",-14835.32225109,"NRI_P032",25
"29375",-10254.32025109,"NRI_P032",50
"29376",-31941.63492109,"NRI_P032",100
"29377",-17145.28867109,"NRI_P032",25
"29378",-13256.67434109,"NRI_P032",50
"29379",-41611.89223109,"NRI_P032",100
"29380",805.131758910022,"NRI_P032",25
"29381",-26295.93292109,"NRI_P032",50
"29382",-29998.80228109,"NRI_P032",100
"29383",-5112.99001108995,"NRI_P032",25
"29384",-25100.55146109,"NRI_P032",50
"29385",-24029.31840109,"NRI_P032",100
"29386",-2612.05020108999,"NRI_P032",25
"29387",-4932.06782108999,"NRI_P032",50
"29388",-45086.39973109,"NRI_P032",100
"29389",744.325918910035,"NRI_P032",25
"29390",-21585.63715109,"NRI_P032",50
"29391",-55557.97678109,"NRI_P032",100
"29392",-22490.4166410899,"NRI_P032",25
"29393",-24899.89232109,"NRI_P032",50
"29394",-41317.16965109,"NRI_P032",100
"29395",-4531.16911108996,"NRI_P032",25
"29396",-23224.09054109,"NRI_P032",50
"29397",-39141.19613109,"NRI_P032",100
"29398",426.841138910037,"NRI_P032",25
"29399",-12283.44396109,"NRI_P032",50
"29400",-40169.83469109,"NRI_P032",100
"29401",-52244.101467345,"NRI_P033",25
"29402",-97868.528837345,"NRI_P033",50
"29403",-155541.205017345,"NRI_P033",100
"29404",-47547.888627345,"NRI_P033",25
"29405",-55180.300427345,"NRI_P033",50
"29406",-156703.744497345,"NRI_P033",100
"29407",-7005.83183734497,"NRI_P033",25
"29408",-70507.427007345,"NRI_P033",50
"29409",-162851.545187345,"NRI_P033",100
"29410",-65961.061087345,"NRI_P033",25
"29411",-74212.527487345,"NRI_P033",50
"29412",-169961.188467345,"NRI_P033",100
"29413",-6488.50586734497,"NRI_P033",25
"29414",-61720.929357345,"NRI_P033",50
"29415",-170569.260207345,"NRI_P033",100
"29416",-50509.817087345,"NRI_P033",25
"29417",-99962.918837345,"NRI_P033",50
"29418",-168293.261357345,"NRI_P033",100
"29419",-6151.65951734496,"NRI_P033",25
"29420",-71530.543057345,"NRI_P033",50
"29421",-133162.782187345,"NRI_P033",100
"29422",-51028.748627345,"NRI_P033",25
"29423",-75958.697657345,"NRI_P033",50
"29424",-112994.314197345,"NRI_P033",100
"29425",-37499.980887345,"NRI_P033",25
"29426",-107769.998697345,"NRI_P033",50
"29427",-178751.761437345,"NRI_P033",100
"29428",-85687.014967345,"NRI_P033",25
"29429",-110855.042047345,"NRI_P033",50
"29430",-169009.065987345,"NRI_P033",100
"29431",-56914.8598273449,"NRI_P033",25
"29432",-52501.678107345,"NRI_P033",50
"29433",-160296.819897345,"NRI_P033",100
"29434",-31225.675547345,"NRI_P033",25
"29435",-125132.994947345,"NRI_P033",50
"29436",-176350.054387345,"NRI_P033",100
"29437",-64010.814637345,"NRI_P033",25
"29438",-103178.119107345,"NRI_P033",50
"29439",-146896.596307345,"NRI_P033",100
"29440",-15946.449147345,"NRI_P033",25
"29441",-114284.419207345,"NRI_P033",50
"29442",-159946.299327345,"NRI_P033",100
"29443",-41574.491367345,"NRI_P033",25
"29444",-64799.662627345,"NRI_P033",50
"29445",-164819.759157345,"NRI_P033",100
"29446",-45886.890237345,"NRI_P033",25
"29447",-115176.435357345,"NRI_P033",50
"29448",-165095.108047345,"NRI_P033",100
"29449",-52538.856487345,"NRI_P033",25
"29450",-54938.978787345,"NRI_P033",50
"29451",-171472.922667345,"NRI_P033",100
"29452",-46083.844937345,"NRI_P033",25
"29453",-82550.420807345,"NRI_P033",50
"29454",-154369.043527345,"NRI_P033",100
"29455",-54302.383497345,"NRI_P033",25
"29456",-97192.156407345,"NRI_P033",50
"29457",-165752.635087345,"NRI_P033",100
"29458",-47880.974767345,"NRI_P033",25
"29459",-88814.181657345,"NRI_P033",50
"29460",-133811.672297345,"NRI_P033",100
"29461",-50015.422647345,"NRI_P033",25
"29462",-86603.263067345,"NRI_P033",50
"29463",-148174.018347345,"NRI_P033",100
"29464",-48579.807157345,"NRI_P033",25
"29465",-91886.069717345,"NRI_P033",50
"29466",-154745.452887345,"NRI_P033",100
"29467",-59212.058877345,"NRI_P033",25
"29468",-91034.619017345,"NRI_P033",50
"29469",-149183.931617345,"NRI_P033",100
"29470",-35822.241497345,"NRI_P033",25
"29471",-72742.119967345,"NRI_P033",50
"29472",-160492.788047345,"NRI_P033",100
"29473",-43527.035857345,"NRI_P033",25
"29474",-97169.126147345,"NRI_P033",50
"29475",-152344.438997345,"NRI_P033",100
"29476",-73297.868407345,"NRI_P033",25
"29477",-67270.804747345,"NRI_P033",50
"29478",-164483.735617345,"NRI_P033",100
"29479",-72729.795347345,"NRI_P033",25
"29480",-65632.416587345,"NRI_P033",50
"29481",-169683.689837345,"NRI_P033",100
"29482",-5199.44618734496,"NRI_P033",25
"29483",-110746.329887345,"NRI_P033",50
"29484",-163684.915737345,"NRI_P033",100
"29485",-30115.934287345,"NRI_P033",25
"29486",-64338.696117345,"NRI_P033",50
"29487",-120169.974497345,"NRI_P033",100
"29488",-35653.579637345,"NRI_P033",25
"29489",-95029.040777345,"NRI_P033",50
"29490",-165040.446757345,"NRI_P033",100
"29491",-62113.213947345,"NRI_P033",25
"29492",-78139.467637345,"NRI_P033",50
"29493",-150102.327967345,"NRI_P033",100
"29494",-23123.217287345,"NRI_P033",25
"29495",-108083.801747345,"NRI_P033",50
"29496",-150009.470667345,"NRI_P033",100
"29497",-56368.540957345,"NRI_P033",25
"29498",-77714.961857345,"NRI_P033",50
"29499",-163941.837217345,"NRI_P033",100
"29500",-50410.596307345,"NRI_P033",25
"29501",-71810.400477345,"NRI_P033",50
"29502",-140522.057337345,"NRI_P033",100
"29503",-61438.655257345,"NRI_P033",25
"29504",-73666.015647345,"NRI_P033",50
"29505",-150834.703947345,"NRI_P033",100
"29506",-30825.859557345,"NRI_P033",25
"29507",-117122.675137345,"NRI_P033",50
"29508",-106005.233417345,"NRI_P033",100
"29509",-37233.509817345,"NRI_P033",25
"29510",-107618.785017345,"NRI_P033",50
"29511",-147988.089107345,"NRI_P033",100
"29512",-39678.828267345,"NRI_P033",25
"29513",-78396.791777345,"NRI_P033",50
"29514",-152879.470957345,"NRI_P033",100
"29515",-18081.579537345,"NRI_P033",25
"29516",-56271.230767345,"NRI_P033",50
"29517",-167629.629407345,"NRI_P033",100
"29518",-42164.487227345,"NRI_P033",25
"29519",-78822.069027345,"NRI_P033",50
"29520",-118707.958037345,"NRI_P033",100
"29521",-57402.8214073449,"NRI_P033",25
"29522",-128717.272537345,"NRI_P033",50
"29523",-159029.408337345,"NRI_P033",100
"29524",-64761.689317345,"NRI_P033",25
"29525",-68857.912717345,"NRI_P033",50
"29526",-136003.300597345,"NRI_P033",100
"29527",-44441.835907345,"NRI_P033",25
"29528",-59213.317207345,"NRI_P033",50
"29529",-131147.122857345,"NRI_P033",100
"29530",-51621.085587345,"NRI_P033",25
"29531",-42261.683747345,"NRI_P033",50
"29532",-135465.885257345,"NRI_P033",100
"29533",-47296.943347345,"NRI_P033",25
"29534",-75431.204107345,"NRI_P033",50
"29535",-143187.130807345,"NRI_P033",100
"29536",-40813.104937345,"NRI_P033",25
"29537",-81770.616637345,"NRI_P033",50
"29538",-151846.024847345,"NRI_P033",100
"29539",-41640.888737345,"NRI_P033",25
"29540",-85710.190547345,"NRI_P033",50
"29541",-136715.259647345,"NRI_P033",100
"29542",-37684.399717345,"NRI_P033",25
"29543",-31573.337667345,"NRI_P033",50
"29544",-145042.451117345,"NRI_P033",100
"29545",-54898.238737345,"NRI_P033",25
"29546",-111069.610197345,"NRI_P033",50
"29547",-153124.969877345,"NRI_P033",100
"29548",-57208.740447345,"NRI_P033",25
"29549",-99807.195837345,"NRI_P033",50
"29550",-162281.846447345,"NRI_P033",100
"29551",-36909.810617345,"NRI_P033",25
"29552",-43076.582217345,"NRI_P033",50
"29553",-151360.312307345,"NRI_P033",100
"29554",-26256.784207345,"NRI_P033",25
"29555",-64082.748757345,"NRI_P033",50
"29556",-172614.797577345,"NRI_P033",100
"29557",-57005.274257345,"NRI_P033",25
"29558",-25416.750347345,"NRI_P033",50
"29559",-132279.444357345,"NRI_P033",100
"29560",-45196.643707345,"NRI_P033",25
"29561",-101681.580827345,"NRI_P033",50
"29562",-127961.518277345,"NRI_P033",100
"29563",-31401.082807345,"NRI_P033",25
"29564",-69881.574237345,"NRI_P033",50
"29565",-153309.354987345,"NRI_P033",100
"29566",-48191.464187345,"NRI_P033",25
"29567",-87935.603997345,"NRI_P033",50
"29568",-168807.599777345,"NRI_P033",100
"29569",-66270.306847345,"NRI_P033",25
"29570",-46988.039257345,"NRI_P033",50
"29571",-138003.337287345,"NRI_P033",100
"29572",-31920.319097345,"NRI_P033",25
"29573",-74879.542667345,"NRI_P033",50
"29574",-164812.460707345,"NRI_P033",100
"29575",-17625.631677345,"NRI_P033",25
"29576",-80259.530337345,"NRI_P033",50
"29577",-166350.909447345,"NRI_P033",100
"29578",-8434.35648734495,"NRI_P033",25
"29579",-71803.839227345,"NRI_P033",50
"29580",-162442.105447345,"NRI_P033",100
"29581",-40259.564747345,"NRI_P033",25
"29582",-52845.701507345,"NRI_P033",50
"29583",-175819.067857345,"NRI_P033",100
"29584",-15200.089267345,"NRI_P033",25
"29585",-88135.689927345,"NRI_P033",50
"29586",-137193.648197345,"NRI_P033",100
"29587",-23753.172527345,"NRI_P033",25
"29588",-61471.175867345,"NRI_P033",50
"29589",-165490.092307345,"NRI_P033",100
"29590",-28610.870657345,"NRI_P033",25
"29591",-86680.086847345,"NRI_P033",50
"29592",-126864.151347345,"NRI_P033",100
"29593",-35621.812127345,"NRI_P033",25
"29594",-123121.985947345,"NRI_P033",50
"29595",-168448.009827345,"NRI_P033",100
"29596",-21493.941397345,"NRI_P033",25
"29597",-73188.471447345,"NRI_P033",50
"29598",-163076.286877345,"NRI_P033",100
"29599",-13691.510377345,"NRI_P033",25
"29600",-70361.589977345,"NRI_P033",50
"29601",-137490.247147345,"NRI_P033",100
"29602",-9307.005527345,"NRI_P033",25
"29603",-42258.987967345,"NRI_P033",50
"29604",-139970.836347345,"NRI_P033",100
"29605",-70830.274087345,"NRI_P033",25
"29606",-58705.674727345,"NRI_P033",50
"29607",-162893.661037345,"NRI_P033",100
"29608",-29802.556847345,"NRI_P033",25
"29609",-41321.666867345,"NRI_P033",50
"29610",-164510.791267345,"NRI_P033",100
"29611",-25004.823867345,"NRI_P033",25
"29612",-46647.170347345,"NRI_P033",50
"29613",-142304.175427345,"NRI_P033",100
"29614",-36333.685527345,"NRI_P033",25
"29615",-92636.149117345,"NRI_P033",50
"29616",-160670.411947345,"NRI_P033",100
"29617",-34662.404017345,"NRI_P033",25
"29618",-78437.271087345,"NRI_P033",50
"29619",-148940.960807345,"NRI_P033",100
"29620",-22633.052307345,"NRI_P033",25
"29621",-68354.552277345,"NRI_P033",50
"29622",-133092.472377345,"NRI_P033",100
"29623",-22796.624177345,"NRI_P033",25
"29624",-23327.000277345,"NRI_P033",50
"29625",-172353.029947345,"NRI_P033",100
"29626",-26679.063157345,"NRI_P033",25
"29627",-79311.440657345,"NRI_P033",50
"29628",-146921.968337345,"NRI_P033",100
"29629",-21185.156597345,"NRI_P033",25
"29630",-93596.929547345,"NRI_P033",50
"29631",-146385.320117345,"NRI_P033",100
"29632",-13728.539317345,"NRI_P033",25
"29633",-83290.994007345,"NRI_P033",50
"29634",-166683.398207345,"NRI_P033",100
"29635",-66676.579847345,"NRI_P033",25
"29636",-70516.953507345,"NRI_P033",50
"29637",-169974.553687345,"NRI_P033",100
"29638",-27288.921807345,"NRI_P033",25
"29639",-109315.216487345,"NRI_P033",50
"29640",-177083.508907345,"NRI_P033",100
"29641",-35148.703077345,"NRI_P033",25
"29642",-72802.944127345,"NRI_P033",50
"29643",-156608.107637345,"NRI_P033",100
"29644",-56752.895227345,"NRI_P033",25
"29645",-123476.131937345,"NRI_P033",50
"29646",-119358.214837345,"NRI_P033",100
"29647",-12616.156257345,"NRI_P033",25
"29648",-35631.641017345,"NRI_P033",50
"29649",-170839.836267345,"NRI_P033",100
"29650",-66941.5808173449,"NRI_P033",25
"29651",-85158.613087345,"NRI_P033",50
"29652",-144595.943547345,"NRI_P033",100
"29653",-26650.120747345,"NRI_P033",25
"29654",-58622.441257345,"NRI_P033",50
"29655",-151893.755797345,"NRI_P033",100
"29656",-41761.711537345,"NRI_P033",25
"29657",-9394.60480734496,"NRI_P033",50
"29658",-152569.298967345,"NRI_P033",100
"29659",-12905.816047345,"NRI_P033",25
"29660",-41924.315247345,"NRI_P033",50
"29661",-146671.535727345,"NRI_P033",100
"29662",-23496.012487345,"NRI_P033",25
"29663",-91166.308847345,"NRI_P033",50
"29664",-137312.352437345,"NRI_P033",100
"29665",-46664.776537345,"NRI_P033",25
"29666",-36159.620227345,"NRI_P033",50
"29667",-176728.633667345,"NRI_P033",100
"29668",-58515.391747345,"NRI_P033",25
"29669",-45195.060127345,"NRI_P033",50
"29670",-158628.062297345,"NRI_P033",100
"29671",-80786.840187345,"NRI_P033",25
"29672",-54288.518957345,"NRI_P033",50
"29673",-151997.424317345,"NRI_P033",100
"29674",-35389.337547345,"NRI_P033",25
"29675",-82684.167897345,"NRI_P033",50
"29676",-150695.590487345,"NRI_P033",100
"29677",-28016.198037345,"NRI_P033",25
"29678",-87969.875057345,"NRI_P033",50
"29679",-138615.958347345,"NRI_P033",100
"29680",-21391.006557345,"NRI_P033",25
"29681",-81215.515897345,"NRI_P033",50
"29682",-155396.181187345,"NRI_P033",100
"29683",-41279.167707345,"NRI_P033",25
"29684",-60782.337127345,"NRI_P033",50
"29685",-157136.226787345,"NRI_P033",100
"29686",-35175.390067345,"NRI_P033",25
"29687",-60837.338077345,"NRI_P033",50
"29688",-142810.645457345,"NRI_P033",100
"29689",-23406.080747345,"NRI_P033",25
"29690",-119888.319827345,"NRI_P033",50
"29691",-153943.708797345,"NRI_P033",100
"29692",-63652.5111773449,"NRI_P033",25
"29693",-40583.631237345,"NRI_P033",50
"29694",-174825.613507345,"NRI_P033",100
"29695",-10116.113827345,"NRI_P033",25
"29696",-40747.903927345,"NRI_P033",50
"29697",-153099.498307345,"NRI_P033",100
"29698",-24137.278687345,"NRI_P033",25
"29699",-72642.897507345,"NRI_P033",50
"29700",-157576.745147345,"NRI_P033",100
"29701",-4667.27295322297,"NRI_P034",25
"29702",-4429.68728322297,"NRI_P034",50
"29703",-30171.730523223,"NRI_P034",100
"29704",879.993836776994,"NRI_P034",25
"29705",-17178.290893223,"NRI_P034",50
"29706",7226.306536777,"NRI_P034",100
"29707",-5754.06480322295,"NRI_P034",25
"29708",-16847.491773223,"NRI_P034",50
"29709",4665.56061677705,"NRI_P034",100
"29710",-3251.88950322301,"NRI_P034",25
"29711",-17743.879903223,"NRI_P034",50
"29712",11087.666446777,"NRI_P034",100
"29713",-13247.759093223,"NRI_P034",25
"29714",-24634.488803223,"NRI_P034",50
"29715",-20630.181083223,"NRI_P034",100
"29716",1113.95626677701,"NRI_P034",25
"29717",-6387.70447322296,"NRI_P034",50
"29718",-44115.539853223,"NRI_P034",100
"29719",-5736.85057322297,"NRI_P034",25
"29720",-8695.47188322298,"NRI_P034",50
"29721",-25079.558213223,"NRI_P034",100
"29722",-8508.57694322296,"NRI_P034",25
"29723",921.947666777007,"NRI_P034",50
"29724",-19536.188453223,"NRI_P034",100
"29725",-4276.92641322297,"NRI_P034",25
"29726",8669.02740677702,"NRI_P034",50
"29727",-28444.664633223,"NRI_P034",100
"29728",-9799.270213223,"NRI_P034",25
"29729",26353.857746777,"NRI_P034",50
"29730",-7839.67014322296,"NRI_P034",100
"29731",-4519.58671322296,"NRI_P034",25
"29732",-13921.499623223,"NRI_P034",50
"29733",10058.138596777,"NRI_P034",100
"29734",-7448.25305322296,"NRI_P034",25
"29735",-16947.140713223,"NRI_P034",50
"29736",-12225.810703223,"NRI_P034",100
"29737",-6313.54605322296,"NRI_P034",25
"29738",-4094.21954322298,"NRI_P034",50
"29739",-13246.740523223,"NRI_P034",100
"29740",-8724.79955322295,"NRI_P034",25
"29741",-2769.07387322298,"NRI_P034",50
"29742",-9587.02678322297,"NRI_P034",100
"29743",-8123.715173223,"NRI_P034",25
"29744",-26531.295363223,"NRI_P034",50
"29745",-13787.642043223,"NRI_P034",100
"29746",-4822.78535322298,"NRI_P034",25
"29747",-13576.613003223,"NRI_P034",50
"29748",-24435.984673223,"NRI_P034",100
"29749",1285.42397677701,"NRI_P034",25
"29750",-2314.50676322298,"NRI_P034",50
"29751",-6527.84093322296,"NRI_P034",100
"29752",-9330.03239322297,"NRI_P034",25
"29753",-4066.868993223,"NRI_P034",50
"29754",-23298.935933223,"NRI_P034",100
"29755",-4772.91876322299,"NRI_P034",25
"29756",-6707.37214322295,"NRI_P034",50
"29757",-12089.292623223,"NRI_P034",100
"29758",-9344.67191322299,"NRI_P034",25
"29759",-9022.73455322295,"NRI_P034",50
"29760",-29629.739533223,"NRI_P034",100
"29761",-4379.62437322299,"NRI_P034",25
"29762",5195.16100677702,"NRI_P034",50
"29763",-18969.800573223,"NRI_P034",100
"29764",-10978.4509332229,"NRI_P034",25
"29765",-6905.38349322299,"NRI_P034",50
"29766",-26088.724153223,"NRI_P034",100
"29767",-3388.895083223,"NRI_P034",25
"29768",-20906.165733223,"NRI_P034",50
"29769",183.433266777021,"NRI_P034",100
"29770",-4554.60820322298,"NRI_P034",25
"29771",-8765.88412322296,"NRI_P034",50
"29772",-18207.694023223,"NRI_P034",100
"29773",552.797916777025,"NRI_P034",25
"29774",-21494.079453223,"NRI_P034",50
"29775",-18713.095633223,"NRI_P034",100
"29776",2663.09652677702,"NRI_P034",25
"29777",-13723.501573223,"NRI_P034",50
"29778",-6670.27259322297,"NRI_P034",100
"29779",5534.83879677701,"NRI_P034",25
"29780",4422.76556677703,"NRI_P034",50
"29781",-10545.804933223,"NRI_P034",100
"29782",-16348.785773223,"NRI_P034",25
"29783",6980.55012677703,"NRI_P034",50
"29784",-5208.24212322297,"NRI_P034",100
"29785",-12486.117873223,"NRI_P034",25
"29786",-10751.044323223,"NRI_P034",50
"29787",-37955.331383223,"NRI_P034",100
"29788",-23659.941643223,"NRI_P034",25
"29789",-4214.21583322296,"NRI_P034",50
"29790",-23491.517153223,"NRI_P034",100
"29791",-10635.520423223,"NRI_P034",25
"29792",-40234.886203223,"NRI_P034",50
"29793",-16975.420763223,"NRI_P034",100
"29794",31054.014466777,"NRI_P034",25
"29795",-10140.463473223,"NRI_P034",50
"29796",-15346.102573223,"NRI_P034",100
"29797",6107.093526777,"NRI_P034",25
"29798",-20248.576583223,"NRI_P034",50
"29799",-26979.505773223,"NRI_P034",100
"29800",14348.022456777,"NRI_P034",25
"29801",-22277.425833223,"NRI_P034",50
"29802",14977.936736777,"NRI_P034",100
"29803",969.337676777039,"NRI_P034",25
"29804",-14965.004093223,"NRI_P034",50
"29805",-4889.31627322297,"NRI_P034",100
"29806",-7871.55802322295,"NRI_P034",25
"29807",-15949.729263223,"NRI_P034",50
"29808",-18171.877923223,"NRI_P034",100
"29809",-8367.450313223,"NRI_P034",25
"29810",-23111.758773223,"NRI_P034",50
"29811",-23581.264923223,"NRI_P034",100
"29812",-10417.872323223,"NRI_P034",25
"29813",-8831.72820322297,"NRI_P034",50
"29814",-7844.32003322296,"NRI_P034",100
"29815",-10619.580163223,"NRI_P034",25
"29816",-15581.415383223,"NRI_P034",50
"29817",-9586.432303223,"NRI_P034",100
"29818",-7520.85843322298,"NRI_P034",25
"29819",-12400.294893223,"NRI_P034",50
"29820",-4127.732343223,"NRI_P034",100
"29821",-11250.688973223,"NRI_P034",25
"29822",-18594.506563223,"NRI_P034",50
"29823",-31819.779743223,"NRI_P034",100
"29824",-1893.30185322301,"NRI_P034",25
"29825",-4145.42248322297,"NRI_P034",50
"29826",-9394.505313223,"NRI_P034",100
"29827",-6051.02349322295,"NRI_P034",25
"29828",-1797.76551322296,"NRI_P034",50
"29829",-1361.82515322301,"NRI_P034",100
"29830",19415.770926777,"NRI_P034",25
"29831",-2006.15619322297,"NRI_P034",50
"29832",-18128.641883223,"NRI_P034",100
"29833",-8587.72879322298,"NRI_P034",25
"29834",-346.482293222973,"NRI_P034",50
"29835",-28809.451433223,"NRI_P034",100
"29836",-14566.503993223,"NRI_P034",25
"29837",-8415.45405322296,"NRI_P034",50
"29838",-23595.272003223,"NRI_P034",100
"29839",-2525.55864322296,"NRI_P034",25
"29840",2539.97079677699,"NRI_P034",50
"29841",-36284.528873223,"NRI_P034",100
"29842",-817.592063222954,"NRI_P034",25
"29843",1835.97744677705,"NRI_P034",50
"29844",-31555.291723223,"NRI_P034",100
"29845",-6830.81282322295,"NRI_P034",25
"29846",-25353.762483223,"NRI_P034",50
"29847",-14956.869633223,"NRI_P034",100
"29848",-13564.428953223,"NRI_P034",25
"29849",4776.42779677705,"NRI_P034",50
"29850",-37849.291463223,"NRI_P034",100
"29851",9364.63057677704,"NRI_P034",25
"29852",-1728.99662322295,"NRI_P034",50
"29853",-10229.333423223,"NRI_P034",100
"29854",16958.513636777,"NRI_P034",25
"29855",7563.38221677701,"NRI_P034",50
"29856",-26405.684463223,"NRI_P034",100
"29857",-2249.48261322296,"NRI_P034",25
"29858",-11714.157893223,"NRI_P034",50
"29859",-14018.703073223,"NRI_P034",100
"29860",10619.811176777,"NRI_P034",25
"29861",-13887.258743223,"NRI_P034",50
"29862",-4607.25264322298,"NRI_P034",100
"29863",1743.80990677699,"NRI_P034",25
"29864",-14549.025713223,"NRI_P034",50
"29865",-33284.978933223,"NRI_P034",100
"29866",-12958.948123223,"NRI_P034",25
"29867",-12891.9918532229,"NRI_P034",50
"29868",-28586.722403223,"NRI_P034",100
"29869",4758.36449677701,"NRI_P034",25
"29870",-1871.036403223,"NRI_P034",50
"29871",5581.72083677701,"NRI_P034",100
"29872",-7319.52544322296,"NRI_P034",25
"29873",-6875.41661322297,"NRI_P034",50
"29874",-33957.334593223,"NRI_P034",100
"29875",11445.947776777,"NRI_P034",25
"29876",-5025.493503223,"NRI_P034",50
"29877",-4787.54550322297,"NRI_P034",100
"29878",-1523.36975322297,"NRI_P034",25
"29879",-10990.789923223,"NRI_P034",50
"29880",-21722.525233223,"NRI_P034",100
"29881",2458.32225677703,"NRI_P034",25
"29882",-17377.404383223,"NRI_P034",50
"29883",-24831.685883223,"NRI_P034",100
"29884",-8009.18244322296,"NRI_P034",25
"29885",-15266.590033223,"NRI_P034",50
"29886",-4094.53856322297,"NRI_P034",100
"29887",-11248.071523223,"NRI_P034",25
"29888",1391.44801677699,"NRI_P034",50
"29889",-23605.071173223,"NRI_P034",100
"29890",10603.696136777,"NRI_P034",25
"29891",-16222.261003223,"NRI_P034",50
"29892",-7766.81815322296,"NRI_P034",100
"29893",1464.611146777,"NRI_P034",25
"29894",232.045386777027,"NRI_P034",50
"29895",-32242.964403223,"NRI_P034",100
"29896",794.279626777046,"NRI_P034",25
"29897",10576.4900067771,"NRI_P034",50
"29898",-22348.218203223,"NRI_P034",100
"29899",-6083.34863322298,"NRI_P034",25
"29900",-16031.493863223,"NRI_P034",50
"29901",2522.23394677701,"NRI_P034",100
"29902",-3078.24862322299,"NRI_P034",25
"29903",-8042.94436322298,"NRI_P034",50
"29904",-26806.087693223,"NRI_P034",100
"29905",-18219.344983223,"NRI_P034",25
"29906",3386.83988677704,"NRI_P034",50
"29907",-31109.958243223,"NRI_P034",100
"29908",17688.314756777,"NRI_P034",25
"29909",-11135.334003223,"NRI_P034",50
"29910",-24892.502193223,"NRI_P034",100
"29911",-8692.16363322298,"NRI_P034",25
"29912",-20452.747293223,"NRI_P034",50
"29913",10747.512206777,"NRI_P034",100
"29914",-1359.01922322297,"NRI_P034",25
"29915",-15752.334813223,"NRI_P034",50
"29916",-19683.625993223,"NRI_P034",100
"29917",-7432.23058322299,"NRI_P034",25
"29918",-11177.878123223,"NRI_P034",50
"29919",-4930.75405322301,"NRI_P034",100
"29920",-4489.03376322298,"NRI_P034",25
"29921",-6344.35837322299,"NRI_P034",50
"29922",9136.36324677704,"NRI_P034",100
"29923",11310.658056777,"NRI_P034",25
"29924",-22060.190153223,"NRI_P034",50
"29925",7777.012496777,"NRI_P034",100
"29926",3214.86792677705,"NRI_P034",25
"29927",-5473.35832322296,"NRI_P034",50
"29928",2967.95033677702,"NRI_P034",100
"29929",461.84905677702,"NRI_P034",25
"29930",-3395.46489322296,"NRI_P034",50
"29931",3657.37812677701,"NRI_P034",100
"29932",-332.399723223003,"NRI_P034",25
"29933",-4764.53719322296,"NRI_P034",50
"29934",-22677.197353223,"NRI_P034",100
"29935",2064.87849677703,"NRI_P034",25
"29936",-6442.20996322297,"NRI_P034",50
"29937",-18849.907483223,"NRI_P034",100
"29938",4289.18880677701,"NRI_P034",25
"29939",4259.62206677702,"NRI_P034",50
"29940",-17242.000983223,"NRI_P034",100
"29941",-7160.28554322297,"NRI_P034",25
"29942",-33153.047063223,"NRI_P034",50
"29943",-9094.74711322295,"NRI_P034",100
"29944",-9585.78741322301,"NRI_P034",25
"29945",-17477.536333223,"NRI_P034",50
"29946",-27981.385703223,"NRI_P034",100
"29947",-13475.989113223,"NRI_P034",25
"29948",-12866.095733223,"NRI_P034",50
"29949",-10062.515093223,"NRI_P034",100
"29950",-1927.62527322298,"NRI_P034",25
"29951",-8377.254993223,"NRI_P034",50
"29952",-19186.939713223,"NRI_P034",100
"29953",-17505.421483223,"NRI_P034",25
"29954",-18785.175953223,"NRI_P034",50
"29955",-27936.580943223,"NRI_P034",100
"29956",-13700.175063223,"NRI_P034",25
"29957",-4247.38183322299,"NRI_P034",50
"29958",-32264.166973223,"NRI_P034",100
"29959",-360.237713222974,"NRI_P034",25
"29960",-16557.393223223,"NRI_P034",50
"29961",-16310.793653223,"NRI_P034",100
"29962",-6903.36137322296,"NRI_P034",25
"29963",5189.02155677701,"NRI_P034",50
"29964",-28521.614833223,"NRI_P034",100
"29965",-1133.44003322296,"NRI_P034",25
"29966",13263.017836777,"NRI_P034",50
"29967",-29234.232863223,"NRI_P034",100
"29968",4669.649216777,"NRI_P034",25
"29969",5054.784956777,"NRI_P034",50
"29970",-39783.817193223,"NRI_P034",100
"29971",-6724.35902322299,"NRI_P034",25
"29972",6174.89519677701,"NRI_P034",50
"29973",-32692.583283223,"NRI_P034",100
"29974",-6420.64475322299,"NRI_P034",25
"29975",-23237.375593223,"NRI_P034",50
"29976",-22803.217263223,"NRI_P034",100
"29977",-11764.524533223,"NRI_P034",25
"29978",-16788.763493223,"NRI_P034",50
"29979",-32213.806853223,"NRI_P034",100
"29980",-11286.559183223,"NRI_P034",25
"29981",-2939.644203223,"NRI_P034",50
"29982",-19800.543583223,"NRI_P034",100
"29983",-18563.118813223,"NRI_P034",25
"29984",-16566.761223223,"NRI_P034",50
"29985",-4174.28317322297,"NRI_P034",100
"29986",359.720446777006,"NRI_P034",25
"29987",3422.84714677703,"NRI_P034",50
"29988",-19078.800183223,"NRI_P034",100
"29989",-2498.92404322297,"NRI_P034",25
"29990",18864.942826777,"NRI_P034",50
"29991",-18646.060183223,"NRI_P034",100
"29992",-7443.49073322298,"NRI_P034",25
"29993",8577.94099677703,"NRI_P034",50
"29994",-15740.619013223,"NRI_P034",100
"29995",-5715.503793223,"NRI_P034",25
"29996",-10994.861323223,"NRI_P034",50
"29997",1421.253446777,"NRI_P034",100
"29998",13289.273226777,"NRI_P034",25
"29999",-8028.313173223,"NRI_P034",50
"30000",-9202.45121322299,"NRI_P034",100
"30001",-26997.227357406,"NRI_P035",25
"30002",-40576.5050374061,"NRI_P035",50
"30003",-59251.169037406,"NRI_P035",100
"30004",-29073.025907406,"NRI_P035",25
"30005",-49380.125977406,"NRI_P035",50
"30006",-63339.229167406,"NRI_P035",100
"30007",-16680.469757406,"NRI_P035",25
"30008",-22538.606367406,"NRI_P035",50
"30009",21784.777642594,"NRI_P035",100
"30010",-781.625117406016,"NRI_P035",25
"30011",-14264.346337406,"NRI_P035",50
"30012",-69977.231057406,"NRI_P035",100
"30013",-9571.23903740605,"NRI_P035",25
"30014",-54170.470807406,"NRI_P035",50
"30015",-24914.764547406,"NRI_P035",100
"30016",-30412.525917406,"NRI_P035",25
"30017",-49607.705227406,"NRI_P035",50
"30018",-42818.225427406,"NRI_P035",100
"30019",-4551.453867406,"NRI_P035",25
"30020",-54138.136287406,"NRI_P035",50
"30021",-29046.666517406,"NRI_P035",100
"30022",27024.629332594,"NRI_P035",25
"30023",-7505.361707406,"NRI_P035",50
"30024",-62077.768127406,"NRI_P035",100
"30025",-22161.502497406,"NRI_P035",25
"30026",-10871.750007406,"NRI_P035",50
"30027",-7949.46919740603,"NRI_P035",100
"30028",-61792.783727406,"NRI_P035",25
"30029",-38136.6660574061,"NRI_P035",50
"30030",-23862.200037406,"NRI_P035",100
"30031",-38247.425717406,"NRI_P035",25
"30032",-45885.265557406,"NRI_P035",50
"30033",-74993.790667406,"NRI_P035",100
"30034",-25174.324207406,"NRI_P035",25
"30035",-43055.510527406,"NRI_P035",50
"30036",13463.664652594,"NRI_P035",100
"30037",-14027.085277406,"NRI_P035",25
"30038",-47382.046767406,"NRI_P035",50
"30039",-43913.029877406,"NRI_P035",100
"30040",-4895.90636740602,"NRI_P035",25
"30041",-61663.590497406,"NRI_P035",50
"30042",-38254.930027406,"NRI_P035",100
"30043",-35675.242247406,"NRI_P035",25
"30044",-9517.16791740601,"NRI_P035",50
"30045",-96861.040497406,"NRI_P035",100
"30046",-2370.65407740604,"NRI_P035",25
"30047",-54209.058077406,"NRI_P035",50
"30048",-54647.539307406,"NRI_P035",100
"30049",-25565.241477406,"NRI_P035",25
"30050",-19376.568637406,"NRI_P035",50
"30051",-14500.747647406,"NRI_P035",100
"30052",-12038.259407406,"NRI_P035",25
"30053",-29485.983527406,"NRI_P035",50
"30054",-70974.399557406,"NRI_P035",100
"30055",3193.69195259397,"NRI_P035",25
"30056",-14429.616197406,"NRI_P035",50
"30057",-69581.445547406,"NRI_P035",100
"30058",12226.525222594,"NRI_P035",25
"30059",-73843.017047406,"NRI_P035",50
"30060",-74223.150797406,"NRI_P035",100
"30061",-26600.889517406,"NRI_P035",25
"30062",2289.57817259396,"NRI_P035",50
"30063",-68236.913717406,"NRI_P035",100
"30064",1371.74738259398,"NRI_P035",25
"30065",-36740.596347406,"NRI_P035",50
"30066",-64014.672447406,"NRI_P035",100
"30067",-32246.210437406,"NRI_P035",25
"30068",-39861.500117406,"NRI_P035",50
"30069",3742.19805259397,"NRI_P035",100
"30070",-5357.05283740599,"NRI_P035",25
"30071",-24732.956277406,"NRI_P035",50
"30072",-41011.087897406,"NRI_P035",100
"30073",-19655.919307406,"NRI_P035",25
"30074",-32340.507197406,"NRI_P035",50
"30075",-55458.037717406,"NRI_P035",100
"30076",9041.67977259395,"NRI_P035",25
"30077",-40512.530207406,"NRI_P035",50
"30078",-53462.144847406,"NRI_P035",100
"30079",-1200.98937740602,"NRI_P035",25
"30080",-30892.504477406,"NRI_P035",50
"30081",-54218.530847406,"NRI_P035",100
"30082",-23527.423297406,"NRI_P035",25
"30083",-30561.235777406,"NRI_P035",50
"30084",-56096.900927406,"NRI_P035",100
"30085",-6376.54504740605,"NRI_P035",25
"30086",2425.51574259397,"NRI_P035",50
"30087",-76340.454667406,"NRI_P035",100
"30088",-11799.415977406,"NRI_P035",25
"30089",-2012.397047406,"NRI_P035",50
"30090",-100358.350997406,"NRI_P035",100
"30091",-2830.87097740604,"NRI_P035",25
"30092",-20995.787157406,"NRI_P035",50
"30093",-60695.482267406,"NRI_P035",100
"30094",5895.45720259397,"NRI_P035",25
"30095",-30541.420297406,"NRI_P035",50
"30096",-80799.635457406,"NRI_P035",100
"30097",3905.13263259397,"NRI_P035",25
"30098",-22007.234087406,"NRI_P035",50
"30099",-74175.150067406,"NRI_P035",100
"30100",11008.753902594,"NRI_P035",25
"30101",-5678.97431740601,"NRI_P035",50
"30102",-32403.120887406,"NRI_P035",100
"30103",-25782.059457406,"NRI_P035",25
"30104",-37860.214687406,"NRI_P035",50
"30105",-67024.079737406,"NRI_P035",100
"30106",-35154.381057406,"NRI_P035",25
"30107",-20317.511657406,"NRI_P035",50
"30108",-18278.335587406,"NRI_P035",100
"30109",-23913.174487406,"NRI_P035",25
"30110",-46909.340687406,"NRI_P035",50
"30111",-36104.035517406,"NRI_P035",100
"30112",-37829.539967406,"NRI_P035",25
"30113",-9381.21085740603,"NRI_P035",50
"30114",-17289.635847406,"NRI_P035",100
"30115",-28863.920217406,"NRI_P035",25
"30116",-36975.315447406,"NRI_P035",50
"30117",-59128.658467406,"NRI_P035",100
"30118",41114.700052594,"NRI_P035",25
"30119",10752.254222594,"NRI_P035",50
"30120",-44416.881247406,"NRI_P035",100
"30121",17156.740372594,"NRI_P035",25
"30122",-18631.355297406,"NRI_P035",50
"30123",-47553.278657406,"NRI_P035",100
"30124",3790.71913259395,"NRI_P035",25
"30125",-44197.193367406,"NRI_P035",50
"30126",-7793.42933740601,"NRI_P035",100
"30127",-4144.85266740603,"NRI_P035",25
"30128",-5246.79611740605,"NRI_P035",50
"30129",-32435.160537406,"NRI_P035",100
"30130",-15784.256887406,"NRI_P035",25
"30131",-45420.543447406,"NRI_P035",50
"30132",-50326.914437406,"NRI_P035",100
"30133",-1238.04739740602,"NRI_P035",25
"30134",-13690.765167406,"NRI_P035",50
"30135",-51378.577817406,"NRI_P035",100
"30136",-17599.145597406,"NRI_P035",25
"30137",-6569.50180740602,"NRI_P035",50
"30138",-20126.662737406,"NRI_P035",100
"30139",11060.037462594,"NRI_P035",25
"30140",-43025.226547406,"NRI_P035",50
"30141",-47046.897837406,"NRI_P035",100
"30142",23700.473932594,"NRI_P035",25
"30143",-31560.573887406,"NRI_P035",50
"30144",-4004.66892740602,"NRI_P035",100
"30145",-30914.918497406,"NRI_P035",25
"30146",-32921.851137406,"NRI_P035",50
"30147",-64759.514037406,"NRI_P035",100
"30148",-13622.254567406,"NRI_P035",25
"30149",9724.20084259397,"NRI_P035",50
"30150",-71875.256717406,"NRI_P035",100
"30151",-12142.696297406,"NRI_P035",25
"30152",-49851.932137406,"NRI_P035",50
"30153",-508.896687405999,"NRI_P035",100
"30154",-28738.181917406,"NRI_P035",25
"30155",-14643.445177406,"NRI_P035",50
"30156",-85807.699547406,"NRI_P035",100
"30157",-46398.336757406,"NRI_P035",25
"30158",19376.735082594,"NRI_P035",50
"30159",-46790.358717406,"NRI_P035",100
"30160",-55572.106867406,"NRI_P035",25
"30161",-46955.567227406,"NRI_P035",50
"30162",-52092.625507406,"NRI_P035",100
"30163",-41654.127237406,"NRI_P035",25
"30164",-58383.335077406,"NRI_P035",50
"30165",-38642.721507406,"NRI_P035",100
"30166",47066.684102594,"NRI_P035",25
"30167",-29823.502697406,"NRI_P035",50
"30168",-64088.869527406,"NRI_P035",100
"30169",-17370.125857406,"NRI_P035",25
"30170",2227.181842594,"NRI_P035",50
"30171",13516.666892594,"NRI_P035",100
"30172",-27008.896577406,"NRI_P035",25
"30173",-57473.033317406,"NRI_P035",50
"30174",-68666.197827406,"NRI_P035",100
"30175",18480.634162594,"NRI_P035",25
"30176",-44475.698757406,"NRI_P035",50
"30177",21171.338422594,"NRI_P035",100
"30178",-17190.625487406,"NRI_P035",25
"30179",-31787.934867406,"NRI_P035",50
"30180",-88429.957857406,"NRI_P035",100
"30181",-22330.382327406,"NRI_P035",25
"30182",-23087.923357406,"NRI_P035",50
"30183",-61456.141187406,"NRI_P035",100
"30184",-21854.790757406,"NRI_P035",25
"30185",-32661.119727406,"NRI_P035",50
"30186",-43661.338377406,"NRI_P035",100
"30187",41006.323222594,"NRI_P035",25
"30188",-4674.09405740601,"NRI_P035",50
"30189",-36345.481447406,"NRI_P035",100
"30190",-8817.18902740604,"NRI_P035",25
"30191",-33827.962317406,"NRI_P035",50
"30192",-54368.119587406,"NRI_P035",100
"30193",-23869.307337406,"NRI_P035",25
"30194",-59786.759137406,"NRI_P035",50
"30195",-52638.232657406,"NRI_P035",100
"30196",-42847.237697406,"NRI_P035",25
"30197",-71393.749117406,"NRI_P035",50
"30198",-52384.071157406,"NRI_P035",100
"30199",-44004.302437406,"NRI_P035",25
"30200",-15337.903497406,"NRI_P035",50
"30201",-69639.658237406,"NRI_P035",100
"30202",-40549.438877406,"NRI_P035",25
"30203",-21404.465287406,"NRI_P035",50
"30204",-64978.710097406,"NRI_P035",100
"30205",-5746.05765740603,"NRI_P035",25
"30206",-52483.709247406,"NRI_P035",50
"30207",-79198.463017406,"NRI_P035",100
"30208",5413.14707259397,"NRI_P035",25
"30209",-23661.283557406,"NRI_P035",50
"30210",-32136.559997406,"NRI_P035",100
"30211",-1746.22464740602,"NRI_P035",25
"30212",-48181.195967406,"NRI_P035",50
"30213",-62614.131577406,"NRI_P035",100
"30214",-38570.773497406,"NRI_P035",25
"30215",-81888.003787406,"NRI_P035",50
"30216",-42296.947737406,"NRI_P035",100
"30217",42.3190825939528,"NRI_P035",25
"30218",-50400.063867406,"NRI_P035",50
"30219",-18462.355457406,"NRI_P035",100
"30220",24758.0067425939,"NRI_P035",25
"30221",841.063522593991,"NRI_P035",50
"30222",-72066.764727406,"NRI_P035",100
"30223",-9089.05776740605,"NRI_P035",25
"30224",5455.86385259399,"NRI_P035",50
"30225",-72876.533477406,"NRI_P035",100
"30226",-15906.405897406,"NRI_P035",25
"30227",-25077.8621574061,"NRI_P035",50
"30228",-52678.189187406,"NRI_P035",100
"30229",-11206.952037406,"NRI_P035",25
"30230",-20608.218727406,"NRI_P035",50
"30231",-24713.177917406,"NRI_P035",100
"30232",-29204.330207406,"NRI_P035",25
"30233",1391.91921259399,"NRI_P035",50
"30234",-70096.840907406,"NRI_P035",100
"30235",-18995.154857406,"NRI_P035",25
"30236",-45006.479207406,"NRI_P035",50
"30237",-73683.888947406,"NRI_P035",100
"30238",4471.69752259395,"NRI_P035",25
"30239",-22017.326147406,"NRI_P035",50
"30240",-8665.10213740601,"NRI_P035",100
"30241",16605.274532594,"NRI_P035",25
"30242",-37283.613377406,"NRI_P035",50
"30243",-42411.449317406,"NRI_P035",100
"30244",-3937.67200740601,"NRI_P035",25
"30245",-42554.914347406,"NRI_P035",50
"30246",-52503.017697406,"NRI_P035",100
"30247",-31305.387897406,"NRI_P035",25
"30248",-7341.17730740603,"NRI_P035",50
"30249",-59457.698407406,"NRI_P035",100
"30250",-30675.275387406,"NRI_P035",25
"30251",-28280.506787406,"NRI_P035",50
"30252",-61122.456557406,"NRI_P035",100
"30253",16949.772862594,"NRI_P035",25
"30254",-68066.929447406,"NRI_P035",50
"30255",-47821.449017406,"NRI_P035",100
"30256",8001.45573259395,"NRI_P035",25
"30257",-40139.783837406,"NRI_P035",50
"30258",-45312.383437406,"NRI_P035",100
"30259",-20661.744597406,"NRI_P035",25
"30260",-52237.133447406,"NRI_P035",50
"30261",-19446.052227406,"NRI_P035",100
"30262",-1213.79935740604,"NRI_P035",25
"30263",-27653.041427406,"NRI_P035",50
"30264",-56947.936377406,"NRI_P035",100
"30265",44480.053692594,"NRI_P035",25
"30266",-67174.162587406,"NRI_P035",50
"30267",8898.04992259399,"NRI_P035",100
"30268",-4997.994917406,"NRI_P035",25
"30269",17610.704512594,"NRI_P035",50
"30270",-65059.718207406,"NRI_P035",100
"30271",-7634.10913740605,"NRI_P035",25
"30272",-51043.089657406,"NRI_P035",50
"30273",-74689.991257406,"NRI_P035",100
"30274",11609.783282594,"NRI_P035",25
"30275",-38713.581357406,"NRI_P035",50
"30276",-77981.043877406,"NRI_P035",100
"30277",-18963.448047406,"NRI_P035",25
"30278",-52697.860137406,"NRI_P035",50
"30279",-94671.913927406,"NRI_P035",100
"30280",-420.177967406053,"NRI_P035",25
"30281",-12186.279907406,"NRI_P035",50
"30282",-17875.007337406,"NRI_P035",100
"30283",-15183.440417406,"NRI_P035",25
"30284",-21218.674937406,"NRI_P035",50
"30285",-85088.743457406,"NRI_P035",100
"30286",-2104.26145740604,"NRI_P035",25
"30287",-11650.996047406,"NRI_P035",50
"30288",-46155.278917406,"NRI_P035",100
"30289",-9170.64294740604,"NRI_P035",25
"30290",6357.40379259398,"NRI_P035",50
"30291",7719.16416259395,"NRI_P035",100
"30292",39296.001332594,"NRI_P035",25
"30293",-41186.091977406,"NRI_P035",50
"30294",-97217.637907406,"NRI_P035",100
"30295",-25590.899707406,"NRI_P035",25
"30296",-31235.311027406,"NRI_P035",50
"30297",-64703.439767406,"NRI_P035",100
"30298",-15710.184007406,"NRI_P035",25
"30299",-50154.294687406,"NRI_P035",50
"30300",-57895.266087406,"NRI_P035",100
"30301",-8573.66589139705,"NRI_P036",25
"30302",-12136.274621397,"NRI_P036",50
"30303",-42209.772351397,"NRI_P036",100
"30304",-7410.19953139703,"NRI_P036",25
"30305",-604.747191397008,"NRI_P036",50
"30306",-19681.015331397,"NRI_P036",100
"30307",-4364.76877139701,"NRI_P036",25
"30308",-34729.850411397,"NRI_P036",50
"30309",-22141.244701397,"NRI_P036",100
"30310",7425.45200860297,"NRI_P036",25
"30311",-13699.676781397,"NRI_P036",50
"30312",-33985.894621397,"NRI_P036",100
"30313",-11843.531201397,"NRI_P036",25
"30314",-20881.590801397,"NRI_P036",50
"30315",-37368.024511397,"NRI_P036",100
"30316",-503.870481397025,"NRI_P036",25
"30317",-27169.135591397,"NRI_P036",50
"30318",-34777.151411397,"NRI_P036",100
"30319",-8254.12352139701,"NRI_P036",25
"30320",-10904.363121397,"NRI_P036",50
"30321",-34103.212861397,"NRI_P036",100
"30322",-2757.50472139701,"NRI_P036",25
"30323",-6890.47226139705,"NRI_P036",50
"30324",-29698.152831397,"NRI_P036",100
"30325",-4676.15992139705,"NRI_P036",25
"30326",-14065.326651397,"NRI_P036",50
"30327",-42583.0676013971,"NRI_P036",100
"30328",-12323.846381397,"NRI_P036",25
"30329",-25812.524071397,"NRI_P036",50
"30330",-29048.076281397,"NRI_P036",100
"30331",-25561.174311397,"NRI_P036",25
"30332",-11113.949771397,"NRI_P036",50
"30333",-29554.370911397,"NRI_P036",100
"30334",-4879.75743139704,"NRI_P036",25
"30335",-8342.11209139705,"NRI_P036",50
"30336",-39798.581701397,"NRI_P036",100
"30337",-19476.582881397,"NRI_P036",25
"30338",-34387.194491397,"NRI_P036",50
"30339",-29474.810601397,"NRI_P036",100
"30340",-3006.982131397,"NRI_P036",25
"30341",10124.844058603,"NRI_P036",50
"30342",-22592.196121397,"NRI_P036",100
"30343",-13068.655871397,"NRI_P036",25
"30344",-29483.547311397,"NRI_P036",50
"30345",-40244.050781397,"NRI_P036",100
"30346",1562.63414860296,"NRI_P036",25
"30347",-30570.813551397,"NRI_P036",50
"30348",-36733.828241397,"NRI_P036",100
"30349",-26227.579831397,"NRI_P036",25
"30350",3420.99191860296,"NRI_P036",50
"30351",-32998.916631397,"NRI_P036",100
"30352",2460.19818860298,"NRI_P036",25
"30353",-14167.3450213971,"NRI_P036",50
"30354",-39392.645161397,"NRI_P036",100
"30355",3284.42121860298,"NRI_P036",25
"30356",-18313.125761397,"NRI_P036",50
"30357",-8355.55095139705,"NRI_P036",100
"30358",-12659.8775713971,"NRI_P036",25
"30359",-21267.719711397,"NRI_P036",50
"30360",-23887.003851397,"NRI_P036",100
"30361",-3650.507701397,"NRI_P036",25
"30362",2667.45175860298,"NRI_P036",50
"30363",-10827.449501397,"NRI_P036",100
"30364",-22428.394051397,"NRI_P036",25
"30365",-21645.322391397,"NRI_P036",50
"30366",-15350.037461397,"NRI_P036",100
"30367",-10543.094121397,"NRI_P036",25
"30368",-25135.7876813971,"NRI_P036",50
"30369",-20101.250341397,"NRI_P036",100
"30370",-3943.88820139703,"NRI_P036",25
"30371",-15182.500911397,"NRI_P036",50
"30372",-19446.847291397,"NRI_P036",100
"30373",-15514.338191397,"NRI_P036",25
"30374",-17334.179441397,"NRI_P036",50
"30375",-38630.169381397,"NRI_P036",100
"30376",6188.263748603,"NRI_P036",25
"30377",27878.899788603,"NRI_P036",50
"30378",-31284.935611397,"NRI_P036",100
"30379",-23771.659871397,"NRI_P036",25
"30380",-32696.001601397,"NRI_P036",50
"30381",-27972.855631397,"NRI_P036",100
"30382",806.246388602944,"NRI_P036",25
"30383",-13041.277351397,"NRI_P036",50
"30384",-25876.123471397,"NRI_P036",100
"30385",-13603.209271397,"NRI_P036",25
"30386",-19733.867571397,"NRI_P036",50
"30387",-29440.098181397,"NRI_P036",100
"30388",-11726.6572313971,"NRI_P036",25
"30389",-26756.244721397,"NRI_P036",50
"30390",-45490.486181397,"NRI_P036",100
"30391",-7774.87094139704,"NRI_P036",25
"30392",-17661.860721397,"NRI_P036",50
"30393",-37157.243411397,"NRI_P036",100
"30394",-6113.15000139701,"NRI_P036",25
"30395",-4921.66595139704,"NRI_P036",50
"30396",-26361.655291397,"NRI_P036",100
"30397",-5061.53316139703,"NRI_P036",25
"30398",10095.401678603,"NRI_P036",50
"30399",-14214.392431397,"NRI_P036",100
"30400",-16372.2111313971,"NRI_P036",25
"30401",-7874.753321397,"NRI_P036",50
"30402",-25562.571341397,"NRI_P036",100
"30403",28478.922998603,"NRI_P036",25
"30404",-7135.53078139701,"NRI_P036",50
"30405",-34330.5821713971,"NRI_P036",100
"30406",-3280.552711397,"NRI_P036",25
"30407",-28340.727731397,"NRI_P036",50
"30408",-23057.261021397,"NRI_P036",100
"30409",-1914.63000139705,"NRI_P036",25
"30410",-11864.485531397,"NRI_P036",50
"30411",-34073.444661397,"NRI_P036",100
"30412",-15338.065611397,"NRI_P036",25
"30413",-6479.88125139702,"NRI_P036",50
"30414",-20944.799951397,"NRI_P036",100
"30415",-12257.948141397,"NRI_P036",25
"30416",-16033.095561397,"NRI_P036",50
"30417",-15071.267611397,"NRI_P036",100
"30418",11865.122068603,"NRI_P036",25
"30419",-16521.3410313971,"NRI_P036",50
"30420",-29390.4501313971,"NRI_P036",100
"30421",-26433.753541397,"NRI_P036",25
"30422",-22541.720971397,"NRI_P036",50
"30423",-18550.023851397,"NRI_P036",100
"30424",-11712.3862013971,"NRI_P036",25
"30425",-14131.549781397,"NRI_P036",50
"30426",-27357.769601397,"NRI_P036",100
"30427",-7878.31762139703,"NRI_P036",25
"30428",-28480.646771397,"NRI_P036",50
"30429",-5419.98577139701,"NRI_P036",100
"30430",-27247.557991397,"NRI_P036",25
"30431",-25086.755811397,"NRI_P036",50
"30432",-31489.099511397,"NRI_P036",100
"30433",-24666.820011397,"NRI_P036",25
"30434",-13620.465291397,"NRI_P036",50
"30435",-26651.422001397,"NRI_P036",100
"30436",-4566.23103139701,"NRI_P036",25
"30437",-42230.915711397,"NRI_P036",50
"30438",-33063.184991397,"NRI_P036",100
"30439",10076.3637986029,"NRI_P036",25
"30440",-29327.913421397,"NRI_P036",50
"30441",-18777.985061397,"NRI_P036",100
"30442",2275.20849860297,"NRI_P036",25
"30443",3460.495218603,"NRI_P036",50
"30444",-36926.624631397,"NRI_P036",100
"30445",-12091.949531397,"NRI_P036",25
"30446",-28401.8148113971,"NRI_P036",50
"30447",-23935.339211397,"NRI_P036",100
"30448",-24510.8652413971,"NRI_P036",25
"30449",7166.65835860296,"NRI_P036",50
"30450",-33484.427061397,"NRI_P036",100
"30451",-4709.99756139703,"NRI_P036",25
"30452",-20296.049031397,"NRI_P036",50
"30453",-33414.860131397,"NRI_P036",100
"30454",-22497.262411397,"NRI_P036",25
"30455",-13652.629981397,"NRI_P036",50
"30456",-29978.270501397,"NRI_P036",100
"30457",-718.883401397034,"NRI_P036",25
"30458",-12988.917351397,"NRI_P036",50
"30459",-36877.065521397,"NRI_P036",100
"30460",-4348.49682139704,"NRI_P036",25
"30461",-8738.00202139706,"NRI_P036",50
"30462",-43333.705301397,"NRI_P036",100
"30463",8265.67322860297,"NRI_P036",25
"30464",-13978.540421397,"NRI_P036",50
"30465",-40139.396071397,"NRI_P036",100
"30466",-4869.11100139702,"NRI_P036",25
"30467",-25625.478271397,"NRI_P036",50
"30468",-24922.421311397,"NRI_P036",100
"30469",6883.13829860295,"NRI_P036",25
"30470",-4284.47308139701,"NRI_P036",50
"30471",-30711.823081397,"NRI_P036",100
"30472",4732.13655860297,"NRI_P036",25
"30473",-11949.9053813971,"NRI_P036",50
"30474",-30977.486771397,"NRI_P036",100
"30475",-3639.12335139705,"NRI_P036",25
"30476",-28093.659061397,"NRI_P036",50
"30477",-5480.19429139706,"NRI_P036",100
"30478",-3957.06775139703,"NRI_P036",25
"30479",14533.577728603,"NRI_P036",50
"30480",-35283.908841397,"NRI_P036",100
"30481",-4600.87155139702,"NRI_P036",25
"30482",-25851.517941397,"NRI_P036",50
"30483",-24971.7153813971,"NRI_P036",100
"30484",-5115.91247139702,"NRI_P036",25
"30485",-16292.541501397,"NRI_P036",50
"30486",-37893.975161397,"NRI_P036",100
"30487",-2987.359271397,"NRI_P036",25
"30488",2873.15560860297,"NRI_P036",50
"30489",-16051.710201397,"NRI_P036",100
"30490",-3759.94078139705,"NRI_P036",25
"30491",-29863.825841397,"NRI_P036",50
"30492",-45549.067521397,"NRI_P036",100
"30493",2702.62874860299,"NRI_P036",25
"30494",-2272.31214139704,"NRI_P036",50
"30495",-35038.371251397,"NRI_P036",100
"30496",-29207.793961397,"NRI_P036",25
"30497",4107.50214860297,"NRI_P036",50
"30498",-21382.3344113971,"NRI_P036",100
"30499",2651.57340860297,"NRI_P036",25
"30500",-11122.073001397,"NRI_P036",50
"30501",-41948.317271397,"NRI_P036",100
"30502",-17457.548041397,"NRI_P036",25
"30503",-5672.80997139704,"NRI_P036",50
"30504",-20661.128431397,"NRI_P036",100
"30505",1107.31584860297,"NRI_P036",25
"30506",-30324.870021397,"NRI_P036",50
"30507",-19677.231001397,"NRI_P036",100
"30508",-24806.246481397,"NRI_P036",25
"30509",-15214.418851397,"NRI_P036",50
"30510",-21155.110011397,"NRI_P036",100
"30511",-4322.90012139705,"NRI_P036",25
"30512",-11538.718511397,"NRI_P036",50
"30513",-21649.358411397,"NRI_P036",100
"30514",-6407.17509139702,"NRI_P036",25
"30515",-16637.681271397,"NRI_P036",50
"30516",-39196.032001397,"NRI_P036",100
"30517",-4423.86591139704,"NRI_P036",25
"30518",-9931.57361139701,"NRI_P036",50
"30519",-38914.125361397,"NRI_P036",100
"30520",-2794.99143139704,"NRI_P036",25
"30521",-10455.468041397,"NRI_P036",50
"30522",-27452.539201397,"NRI_P036",100
"30523",-22359.981581397,"NRI_P036",25
"30524",-230.60800139705,"NRI_P036",50
"30525",-5275.89658139704,"NRI_P036",100
"30526",-7557.80048139702,"NRI_P036",25
"30527",-31946.269451397,"NRI_P036",50
"30528",-23641.742311397,"NRI_P036",100
"30529",-4227.72279139701,"NRI_P036",25
"30530",-25378.515451397,"NRI_P036",50
"30531",-27061.343811397,"NRI_P036",100
"30532",-7111.23456139705,"NRI_P036",25
"30533",-17458.325621397,"NRI_P036",50
"30534",-26695.210111397,"NRI_P036",100
"30535",1664.39474860299,"NRI_P036",25
"30536",-14539.929771397,"NRI_P036",50
"30537",-22922.677011397,"NRI_P036",100
"30538",-18475.090691397,"NRI_P036",25
"30539",-17628.908121397,"NRI_P036",50
"30540",-14561.980701397,"NRI_P036",100
"30541",4338.73175860295,"NRI_P036",25
"30542",-29291.614241397,"NRI_P036",50
"30543",-20614.064611397,"NRI_P036",100
"30544",-7098.00729139702,"NRI_P036",25
"30545",-8660.786841397,"NRI_P036",50
"30546",-24481.629441397,"NRI_P036",100
"30547",-4875.46259139705,"NRI_P036",25
"30548",-8865.736511397,"NRI_P036",50
"30549",-44469.832201397,"NRI_P036",100
"30550",5086.284678603,"NRI_P036",25
"30551",-29971.178751397,"NRI_P036",50
"30552",-32481.384411397,"NRI_P036",100
"30553",-813.268521397025,"NRI_P036",25
"30554",-25974.719941397,"NRI_P036",50
"30555",-39009.636891397,"NRI_P036",100
"30556",-1688.07988139702,"NRI_P036",25
"30557",-29181.796121397,"NRI_P036",50
"30558",-14939.065151397,"NRI_P036",100
"30559",20347.875398603,"NRI_P036",25
"30560",-10986.614741397,"NRI_P036",50
"30561",-11679.157191397,"NRI_P036",100
"30562",-2879.66094139701,"NRI_P036",25
"30563",-21335.447401397,"NRI_P036",50
"30564",-21372.216571397,"NRI_P036",100
"30565",-22150.913011397,"NRI_P036",25
"30566",-26826.292001397,"NRI_P036",50
"30567",-9157.283531397,"NRI_P036",100
"30568",4562.65929860296,"NRI_P036",25
"30569",-24262.110381397,"NRI_P036",50
"30570",-20935.4840413971,"NRI_P036",100
"30571",-7283.78288139706,"NRI_P036",25
"30572",-25357.074821397,"NRI_P036",50
"30573",-22034.236451397,"NRI_P036",100
"30574",-27676.261421397,"NRI_P036",25
"30575",-8933.79892139701,"NRI_P036",50
"30576",-8110.55051139701,"NRI_P036",100
"30577",-4202.96951139701,"NRI_P036",25
"30578",2505.41972860298,"NRI_P036",50
"30579",-38840.3036813971,"NRI_P036",100
"30580",1563.59734860295,"NRI_P036",25
"30581",-25871.068981397,"NRI_P036",50
"30582",-28162.958831397,"NRI_P036",100
"30583",4544.30861860298,"NRI_P036",25
"30584",-14311.547701397,"NRI_P036",50
"30585",-33179.796661397,"NRI_P036",100
"30586",545.664338602975,"NRI_P036",25
"30587",-517.140251397039,"NRI_P036",50
"30588",-7127.64358139702,"NRI_P036",100
"30589",-9722.01289139705,"NRI_P036",25
"30590",-28561.410881397,"NRI_P036",50
"30591",-22623.514081397,"NRI_P036",100
"30592",7659.630018603,"NRI_P036",25
"30593",17069.993478603,"NRI_P036",50
"30594",-37653.572401397,"NRI_P036",100
"30595",-1851.07642139704,"NRI_P036",25
"30596",5443.30467860296,"NRI_P036",50
"30597",-26201.0085113971,"NRI_P036",100
"30598",-25825.704671397,"NRI_P036",25
"30599",26168.156788603,"NRI_P036",50
"30600",-27173.6215013971,"NRI_P036",100
"30601",-17999.480685447,"NRI_P037",25
"30602",14180.450124553,"NRI_P037",50
"30603",-13358.340315447,"NRI_P037",100
"30604",12256.065354553,"NRI_P037",25
"30605",-5919.80333544698,"NRI_P037",50
"30606",-21055.697675447,"NRI_P037",100
"30607",-3602.08006544696,"NRI_P037",25
"30608",-27172.413655447,"NRI_P037",50
"30609",-2973.09463544696,"NRI_P037",100
"30610",34524.967304553,"NRI_P037",25
"30611",4447.12611455302,"NRI_P037",50
"30612",1082.22320455301,"NRI_P037",100
"30613",7145.81823455304,"NRI_P037",25
"30614",-12436.940245447,"NRI_P037",50
"30615",58860.706214553,"NRI_P037",100
"30616",-21418.859055447,"NRI_P037",25
"30617",-9879.57410544698,"NRI_P037",50
"30618",-4103.64556544699,"NRI_P037",100
"30619",21124.234044553,"NRI_P037",25
"30620",9711.21637455304,"NRI_P037",50
"30621",76436.921144553,"NRI_P037",100
"30622",-27448.570105447,"NRI_P037",25
"30623",9700.11162455304,"NRI_P037",50
"30624",10883.672784553,"NRI_P037",100
"30625",-4022.16914544697,"NRI_P037",25
"30626",5981.08701455302,"NRI_P037",50
"30627",-17200.040925447,"NRI_P037",100
"30628",-11751.543375447,"NRI_P037",25
"30629",31254.098814553,"NRI_P037",50
"30630",22166.253224553,"NRI_P037",100
"30631",19910.984714553,"NRI_P037",25
"30632",5246.88799455302,"NRI_P037",50
"30633",43993.675294553,"NRI_P037",100
"30634",4806.78906455304,"NRI_P037",25
"30635",658.321054553031,"NRI_P037",50
"30636",-20111.426575447,"NRI_P037",100
"30637",8801.62424455304,"NRI_P037",25
"30638",-9391.47042544698,"NRI_P037",50
"30639",10709.232624553,"NRI_P037",100
"30640",-16378.121975447,"NRI_P037",25
"30641",-2222.40889544698,"NRI_P037",50
"30642",-1335.07068544696,"NRI_P037",100
"30643",4982.98564455303,"NRI_P037",25
"30644",13588.560424553,"NRI_P037",50
"30645",-3265.61530544696,"NRI_P037",100
"30646",-618.808415446954,"NRI_P037",25
"30647",7104.62450455304,"NRI_P037",50
"30648",-4865.30208544701,"NRI_P037",100
"30649",18592.445454553,"NRI_P037",25
"30650",7403.47720455303,"NRI_P037",50
"30651",6471.485854553,"NRI_P037",100
"30652",11337.039584553,"NRI_P037",25
"30653",-13483.474795447,"NRI_P037",50
"30654",68753.054214553,"NRI_P037",100
"30655",-9260.44704544696,"NRI_P037",25
"30656",1384.23959455302,"NRI_P037",50
"30657",19309.284174553,"NRI_P037",100
"30658",25376.460544553,"NRI_P037",25
"30659",28767.356644553,"NRI_P037",50
"30660",-13478.285615447,"NRI_P037",100
"30661",-6552.16839544696,"NRI_P037",25
"30662",2736.51465455303,"NRI_P037",50
"30663",50456.514904553,"NRI_P037",100
"30664",4660.90358455305,"NRI_P037",25
"30665",3865.341154553,"NRI_P037",50
"30666",12670.580804553,"NRI_P037",100
"30667",7544.53212455299,"NRI_P037",25
"30668",-8108.626815447,"NRI_P037",50
"30669",-18676.579985447,"NRI_P037",100
"30670",-3752.20077544695,"NRI_P037",25
"30671",5987.57371455303,"NRI_P037",50
"30672",14580.802174553,"NRI_P037",100
"30673",-5171.808665447,"NRI_P037",25
"30674",10988.205674553,"NRI_P037",50
"30675",20905.381774553,"NRI_P037",100
"30676",-7431.095205447,"NRI_P037",25
"30677",1979.97528455302,"NRI_P037",50
"30678",16621.028724553,"NRI_P037",100
"30679",5863.965214553,"NRI_P037",25
"30680",-21551.885585447,"NRI_P037",50
"30681",4119.59698455303,"NRI_P037",100
"30682",-26527.147445447,"NRI_P037",25
"30683",-828.523025446979,"NRI_P037",50
"30684",37315.745694553,"NRI_P037",100
"30685",-16143.903745447,"NRI_P037",25
"30686",40694.530144553,"NRI_P037",50
"30687",7677.335994553,"NRI_P037",100
"30688",-13653.757295447,"NRI_P037",25
"30689",18411.252844553,"NRI_P037",50
"30690",758.243614553008,"NRI_P037",100
"30691",-9719.76360544696,"NRI_P037",25
"30692",19824.479664553,"NRI_P037",50
"30693",-5174.86922544701,"NRI_P037",100
"30694",1601.07850455301,"NRI_P037",25
"30695",-4438.70730544697,"NRI_P037",50
"30696",-2412.53698544699,"NRI_P037",100
"30697",-10206.017625447,"NRI_P037",25
"30698",7751.15932455304,"NRI_P037",50
"30699",4359.10043455299,"NRI_P037",100
"30700",14007.646684553,"NRI_P037",25
"30701",-12742.049385447,"NRI_P037",50
"30702",11472.820864553,"NRI_P037",100
"30703",-12976.286705447,"NRI_P037",25
"30704",-13736.613955447,"NRI_P037",50
"30705",-8405.96922544698,"NRI_P037",100
"30706",-16929.407345447,"NRI_P037",25
"30707",10237.300804553,"NRI_P037",50
"30708",-7846.83876544697,"NRI_P037",100
"30709",16702.657234553,"NRI_P037",25
"30710",-11966.588325447,"NRI_P037",50
"30711",-5425.918905447,"NRI_P037",100
"30712",-5773.92762544699,"NRI_P037",25
"30713",17428.094684553,"NRI_P037",50
"30714",975.101514553011,"NRI_P037",100
"30715",26388.253104553,"NRI_P037",25
"30716",-9117.743765447,"NRI_P037",50
"30717",20526.291214553,"NRI_P037",100
"30718",8313.76574455301,"NRI_P037",25
"30719",-19731.704335447,"NRI_P037",50
"30720",-20585.265605447,"NRI_P037",100
"30721",-22122.313205447,"NRI_P037",25
"30722",-17384.722825447,"NRI_P037",50
"30723",-15719.469895447,"NRI_P037",100
"30724",4244.48897455301,"NRI_P037",25
"30725",4737.19578455301,"NRI_P037",50
"30726",-8971.89663544699,"NRI_P037",100
"30727",11507.049914553,"NRI_P037",25
"30728",6236.67676455301,"NRI_P037",50
"30729",-20740.691105447,"NRI_P037",100
"30730",-5989.80207544699,"NRI_P037",25
"30731",6649.66914455302,"NRI_P037",50
"30732",-12109.341765447,"NRI_P037",100
"30733",2953.77785455302,"NRI_P037",25
"30734",4744.71118455305,"NRI_P037",50
"30735",-9487.52799544699,"NRI_P037",100
"30736",9327.61370455299,"NRI_P037",25
"30737",20789.749434553,"NRI_P037",50
"30738",-12121.983865447,"NRI_P037",100
"30739",-6582.563765447,"NRI_P037",25
"30740",-6536.24432544695,"NRI_P037",50
"30741",21889.065874553,"NRI_P037",100
"30742",10684.444244553,"NRI_P037",25
"30743",8076.361274553,"NRI_P037",50
"30744",-7997.85331544699,"NRI_P037",100
"30745",7693.16802455304,"NRI_P037",25
"30746",66202.339784553,"NRI_P037",50
"30747",43556.902114553,"NRI_P037",100
"30748",3090.14430455305,"NRI_P037",25
"30749",49668.140824553,"NRI_P037",50
"30750",14423.025254553,"NRI_P037",100
"30751",-691.773535446962,"NRI_P037",25
"30752",-3906.01756544696,"NRI_P037",50
"30753",1545.25442455302,"NRI_P037",100
"30754",34700.657044553,"NRI_P037",25
"30755",-4755.92339544697,"NRI_P037",50
"30756",-8660.733965447,"NRI_P037",100
"30757",-7340.450315447,"NRI_P037",25
"30758",11837.869414553,"NRI_P037",50
"30759",11963.769624553,"NRI_P037",100
"30760",3138.815814553,"NRI_P037",25
"30761",1295.861764553,"NRI_P037",50
"30762",8376.08040455304,"NRI_P037",100
"30763",592.889054553001,"NRI_P037",25
"30764",3786.49567455304,"NRI_P037",50
"30765",-1081.67627544701,"NRI_P037",100
"30766",-12970.283545447,"NRI_P037",25
"30767",26783.909514553,"NRI_P037",50
"30768",25650.508434553,"NRI_P037",100
"30769",922.003254553012,"NRI_P037",25
"30770",-6237.30628544698,"NRI_P037",50
"30771",-11788.547625447,"NRI_P037",100
"30772",7869.99349455303,"NRI_P037",25
"30773",30743.908944553,"NRI_P037",50
"30774",28065.867714553,"NRI_P037",100
"30775",-2175.628145447,"NRI_P037",25
"30776",2008.43293455301,"NRI_P037",50
"30777",841.567654553044,"NRI_P037",100
"30778",-13714.880815447,"NRI_P037",25
"30779",13316.982474553,"NRI_P037",50
"30780",21394.105914553,"NRI_P037",100
"30781",6480.97069455299,"NRI_P037",25
"30782",-10143.526715447,"NRI_P037",50
"30783",2195.37446455302,"NRI_P037",100
"30784",11841.333344553,"NRI_P037",25
"30785",-9358.64497544698,"NRI_P037",50
"30786",-22181.126315447,"NRI_P037",100
"30787",-5425.76714544697,"NRI_P037",25
"30788",-32505.896065447,"NRI_P037",50
"30789",4168.39568455302,"NRI_P037",100
"30790",-4528.309185447,"NRI_P037",25
"30791",37483.281684553,"NRI_P037",50
"30792",-2648.08503544697,"NRI_P037",100
"30793",12346.337534553,"NRI_P037",25
"30794",-18274.902825447,"NRI_P037",50
"30795",26934.639414553,"NRI_P037",100
"30796",2028.17699455301,"NRI_P037",25
"30797",106.268854552996,"NRI_P037",50
"30798",-21686.263295447,"NRI_P037",100
"30799",7552.95923455304,"NRI_P037",25
"30800",-3632.90696544701,"NRI_P037",50
"30801",23749.332114553,"NRI_P037",100
"30802",13343.601524553,"NRI_P037",25
"30803",37908.571794553,"NRI_P037",50
"30804",-7729.89784544701,"NRI_P037",100
"30805",-2712.35250544699,"NRI_P037",25
"30806",-14661.942975447,"NRI_P037",50
"30807",3046.73522455303,"NRI_P037",100
"30808",-14801.381975447,"NRI_P037",25
"30809",11267.398104553,"NRI_P037",50
"30810",-2800.475465447,"NRI_P037",100
"30811",4130.273564553,"NRI_P037",25
"30812",-5665.26481544698,"NRI_P037",50
"30813",10232.290544553,"NRI_P037",100
"30814",4248.06929455302,"NRI_P037",25
"30815",6479.84163455304,"NRI_P037",50
"30816",39981.495454553,"NRI_P037",100
"30817",-10061.317915447,"NRI_P037",25
"30818",26595.622514553,"NRI_P037",50
"30819",-19518.814255447,"NRI_P037",100
"30820",-16599.842805447,"NRI_P037",25
"30821",20931.623564553,"NRI_P037",50
"30822",6041.437114553,"NRI_P037",100
"30823",-8617.09276544699,"NRI_P037",25
"30824",58059.551744553,"NRI_P037",50
"30825",36017.380394553,"NRI_P037",100
"30826",55029.863594553,"NRI_P037",25
"30827",-16615.105635447,"NRI_P037",50
"30828",-4162.72519544698,"NRI_P037",100
"30829",-11125.676735447,"NRI_P037",25
"30830",4603.54648455302,"NRI_P037",50
"30831",-1295.337745447,"NRI_P037",100
"30832",-3517.78159544698,"NRI_P037",25
"30833",22818.721524553,"NRI_P037",50
"30834",22296.289744553,"NRI_P037",100
"30835",22716.210524553,"NRI_P037",25
"30836",16034.489134553,"NRI_P037",50
"30837",18612.522324553,"NRI_P037",100
"30838",-13746.260025447,"NRI_P037",25
"30839",3871.27838455304,"NRI_P037",50
"30840",-19327.250805447,"NRI_P037",100
"30841",-12850.236845447,"NRI_P037",25
"30842",6071.04607455304,"NRI_P037",50
"30843",16365.027974553,"NRI_P037",100
"30844",-11427.035095447,"NRI_P037",25
"30845",533.046704553009,"NRI_P037",50
"30846",-14829.585485447,"NRI_P037",100
"30847",-9804.407675447,"NRI_P037",25
"30848",-2939.65087544697,"NRI_P037",50
"30849",6783.46040455304,"NRI_P037",100
"30850",2604.600694553,"NRI_P037",25
"30851",2271.375814553,"NRI_P037",50
"30852",-13153.281165447,"NRI_P037",100
"30853",-16287.580955447,"NRI_P037",25
"30854",-12627.479865447,"NRI_P037",50
"30855",-5874.93305544701,"NRI_P037",100
"30856",-9696.11918544699,"NRI_P037",25
"30857",-8467.60720544698,"NRI_P037",50
"30858",-19342.654935447,"NRI_P037",100
"30859",9868.088464553,"NRI_P037",25
"30860",4481.46640455304,"NRI_P037",50
"30861",16242.980794553,"NRI_P037",100
"30862",-7107.14697544696,"NRI_P037",25
"30863",2781.021974553,"NRI_P037",50
"30864",9886.09398455301,"NRI_P037",100
"30865",4238.66724455304,"NRI_P037",25
"30866",-4892.38741544698,"NRI_P037",50
"30867",-9133.13234544697,"NRI_P037",100
"30868",89.6789845530293,"NRI_P037",25
"30869",-3505.50047544698,"NRI_P037",50
"30870",6042.78812455304,"NRI_P037",100
"30871",-5395.33778544696,"NRI_P037",25
"30872",9472.014574553,"NRI_P037",50
"30873",30927.239054553,"NRI_P037",100
"30874",-195.181865446968,"NRI_P037",25
"30875",-4412.46665544697,"NRI_P037",50
"30876",-15109.984445447,"NRI_P037",100
"30877",2591.77350455301,"NRI_P037",25
"30878",7341.02050455305,"NRI_P037",50
"30879",18648.735544553,"NRI_P037",100
"30880",-1731.48348544701,"NRI_P037",25
"30881",15633.218364553,"NRI_P037",50
"30882",41643.438254553,"NRI_P037",100
"30883",-19135.946975447,"NRI_P037",25
"30884",10601.597054553,"NRI_P037",50
"30885",583.884914553026,"NRI_P037",100
"30886",-1639.97089544695,"NRI_P037",25
"30887",29949.770854553,"NRI_P037",50
"30888",4709.89851455303,"NRI_P037",100
"30889",-18110.502445447,"NRI_P037",25
"30890",-3053.69743544696,"NRI_P037",50
"30891",33860.263354553,"NRI_P037",100
"30892",-8825.10590544698,"NRI_P037",25
"30893",8845.91963455302,"NRI_P037",50
"30894",24780.463664553,"NRI_P037",100
"30895",11496.636264553,"NRI_P037",25
"30896",23518.399784553,"NRI_P037",50
"30897",3946.65332455304,"NRI_P037",100
"30898",-14291.320155447,"NRI_P037",25
"30899",15944.144574553,"NRI_P037",50
"30900",31718.764884553,"NRI_P037",100
"30901",24004.745282898,"NRI_P038",25
"30902",13753.433002898,"NRI_P038",50
"30903",45892.672962898,"NRI_P038",100
"30904",5275.285822898,"NRI_P038",25
"30905",338.818662898004,"NRI_P038",50
"30906",42123.848372898,"NRI_P038",100
"30907",-1539.94643710199,"NRI_P038",25
"30908",968.179412897996,"NRI_P038",50
"30909",34879.082872898,"NRI_P038",100
"30910",10808.621172898,"NRI_P038",25
"30911",11012.371212898,"NRI_P038",50
"30912",5956.20867289801,"NRI_P038",100
"30913",7167.65453289801,"NRI_P038",25
"30914",4261.422322898,"NRI_P038",50
"30915",22076.589072898,"NRI_P038",100
"30916",21213.084592898,"NRI_P038",25
"30917",11410.797702898,"NRI_P038",50
"30918",29026.238202898,"NRI_P038",100
"30919",-9972.99399710199,"NRI_P038",25
"30920",25384.619972898,"NRI_P038",50
"30921",11819.093382898,"NRI_P038",100
"30922",-7606.53385710198,"NRI_P038",25
"30923",5989.556862898,"NRI_P038",50
"30924",4315.88194289801,"NRI_P038",100
"30925",-499.947527101991,"NRI_P038",25
"30926",36914.381722898,"NRI_P038",50
"30927",18789.631072898,"NRI_P038",100
"30928",9104.594782898,"NRI_P038",25
"30929",24674.653932898,"NRI_P038",50
"30930",22952.189162898,"NRI_P038",100
"30931",6288.30486289802,"NRI_P038",25
"30932",42447.345802898,"NRI_P038",50
"30933",20719.064592898,"NRI_P038",100
"30934",368.072662898019,"NRI_P038",25
"30935",5119.85508289799,"NRI_P038",50
"30936",20320.447212898,"NRI_P038",100
"30937",9194.64520289801,"NRI_P038",25
"30938",29831.764212898,"NRI_P038",50
"30939",60470.268952898,"NRI_P038",100
"30940",-3294.010697102,"NRI_P038",25
"30941",30074.067022898,"NRI_P038",50
"30942",13431.420642898,"NRI_P038",100
"30943",14541.904732898,"NRI_P038",25
"30944",-2534.62282710199,"NRI_P038",50
"30945",48198.960472898,"NRI_P038",100
"30946",941.092912897991,"NRI_P038",25
"30947",22870.215932898,"NRI_P038",50
"30948",11769.063952898,"NRI_P038",100
"30949",13006.274412898,"NRI_P038",25
"30950",-7876.74808710199,"NRI_P038",50
"30951",-3267.062697102,"NRI_P038",100
"30952",24125.531052898,"NRI_P038",25
"30953",12977.684232898,"NRI_P038",50
"30954",28817.927332898,"NRI_P038",100
"30955",22626.348072898,"NRI_P038",25
"30956",11140.748292898,"NRI_P038",50
"30957",75234.112732898,"NRI_P038",100
"30958",5717.218012898,"NRI_P038",25
"30959",24147.266962898,"NRI_P038",50
"30960",34727.049912898,"NRI_P038",100
"30961",31591.820012898,"NRI_P038",25
"30962",5860.09910289801,"NRI_P038",50
"30963",4831.754522898,"NRI_P038",100
"30964",55.2984828980116,"NRI_P038",25
"30965",7312.76718289801,"NRI_P038",50
"30966",23361.415902898,"NRI_P038",100
"30967",-3125.817727102,"NRI_P038",25
"30968",22172.712002898,"NRI_P038",50
"30969",17486.704252898,"NRI_P038",100
"30970",-9532.699137102,"NRI_P038",25
"30971",48772.270712898,"NRI_P038",50
"30972",43504.341752898,"NRI_P038",100
"30973",3952.63573289799,"NRI_P038",25
"30974",18047.539892898,"NRI_P038",50
"30975",8370.537262898,"NRI_P038",100
"30976",11142.269322898,"NRI_P038",25
"30977",3949.75448289802,"NRI_P038",50
"30978",45688.250012898,"NRI_P038",100
"30979",-5823.02658710198,"NRI_P038",25
"30980",9812.23261289802,"NRI_P038",50
"30981",49762.930882898,"NRI_P038",100
"30982",3562.361462898,"NRI_P038",25
"30983",12905.058222898,"NRI_P038",50
"30984",41940.398472898,"NRI_P038",100
"30985",-4096.17829710199,"NRI_P038",25
"30986",6343.44951289799,"NRI_P038",50
"30987",45146.992862898,"NRI_P038",100
"30988",11383.128372898,"NRI_P038",25
"30989",39550.253912898,"NRI_P038",50
"30990",73228.305572898,"NRI_P038",100
"30991",11136.125302898,"NRI_P038",25
"30992",2915.698672898,"NRI_P038",50
"30993",22341.797422898,"NRI_P038",100
"30994",-980.491797102004,"NRI_P038",25
"30995",-1982.26268710199,"NRI_P038",50
"30996",21643.843502898,"NRI_P038",100
"30997",9532.592542898,"NRI_P038",25
"30998",5040.518992898,"NRI_P038",50
"30999",3653.45230289802,"NRI_P038",100
"31000",23298.957342898,"NRI_P038",25
"31001",948.963222898019,"NRI_P038",50
"31002",30615.232102898,"NRI_P038",100
"31003",13300.392422898,"NRI_P038",25
"31004",13630.061032898,"NRI_P038",50
"31005",3949.863942898,"NRI_P038",100
"31006",19666.225722898,"NRI_P038",25
"31007",24789.112332898,"NRI_P038",50
"31008",24008.638792898,"NRI_P038",100
"31009",-2528.28964710201,"NRI_P038",25
"31010",10577.934322898,"NRI_P038",50
"31011",11660.767462898,"NRI_P038",100
"31012",21721.935552898,"NRI_P038",25
"31013",20619.617302898,"NRI_P038",50
"31014",8651.483982898,"NRI_P038",100
"31015",8110.65432289802,"NRI_P038",25
"31016",8038.36434289801,"NRI_P038",50
"31017",20463.603842898,"NRI_P038",100
"31018",-3558.561757102,"NRI_P038",25
"31019",21828.868482898,"NRI_P038",50
"31020",1726.519662898,"NRI_P038",100
"31021",8138.943852898,"NRI_P038",25
"31022",16339.754992898,"NRI_P038",50
"31023",60752.369932898,"NRI_P038",100
"31024",2894.71044289801,"NRI_P038",25
"31025",8850.619042898,"NRI_P038",50
"31026",8733.34450289799,"NRI_P038",100
"31027",4231.09696289801,"NRI_P038",25
"31028",25650.332182898,"NRI_P038",50
"31029",15149.251582898,"NRI_P038",100
"31030",-10400.806357102,"NRI_P038",25
"31031",2649.24091289801,"NRI_P038",50
"31032",43336.365902898,"NRI_P038",100
"31033",2565.979452898,"NRI_P038",25
"31034",-769.215597101982,"NRI_P038",50
"31035",48874.586592898,"NRI_P038",100
"31036",-5349.87295710199,"NRI_P038",25
"31037",30859.155092898,"NRI_P038",50
"31038",17681.037982898,"NRI_P038",100
"31039",4204.04765289801,"NRI_P038",25
"31040",45102.826402898,"NRI_P038",50
"31041",46735.513832898,"NRI_P038",100
"31042",-1604.539207102,"NRI_P038",25
"31043",685.661942898005,"NRI_P038",50
"31044",12402.855832898,"NRI_P038",100
"31045",13538.465992898,"NRI_P038",25
"31046",25747.218432898,"NRI_P038",50
"31047",54203.716442898,"NRI_P038",100
"31048",21032.981672898,"NRI_P038",25
"31049",10714.412042898,"NRI_P038",50
"31050",42245.060922898,"NRI_P038",100
"31051",4413.60177289799,"NRI_P038",25
"31052",8949.591992898,"NRI_P038",50
"31053",38628.291342898,"NRI_P038",100
"31054",7179.67744289801,"NRI_P038",25
"31055",12984.076372898,"NRI_P038",50
"31056",22178.131582898,"NRI_P038",100
"31057",-8249.76128710198,"NRI_P038",25
"31058",7024.30259289802,"NRI_P038",50
"31059",4828.216942898,"NRI_P038",100
"31060",10526.332832898,"NRI_P038",25
"31061",27312.992992898,"NRI_P038",50
"31062",29976.901042898,"NRI_P038",100
"31063",2244.38631289802,"NRI_P038",25
"31064",30569.680742898,"NRI_P038",50
"31065",33947.537792898,"NRI_P038",100
"31066",16849.697282898,"NRI_P038",25
"31067",10185.043802898,"NRI_P038",50
"31068",10490.028902898,"NRI_P038",100
"31069",9491.307432898,"NRI_P038",25
"31070",5490.46940289802,"NRI_P038",50
"31071",36553.910702898,"NRI_P038",100
"31072",5644.368052898,"NRI_P038",25
"31073",25433.442882898,"NRI_P038",50
"31074",23221.045122898,"NRI_P038",100
"31075",-1834.80965710199,"NRI_P038",25
"31076",166.678702898003,"NRI_P038",50
"31077",27455.914612898,"NRI_P038",100
"31078",949.025362898014,"NRI_P038",25
"31079",3510.47266289801,"NRI_P038",50
"31080",16209.032462898,"NRI_P038",100
"31081",3691.32803289802,"NRI_P038",25
"31082",-4832.826537102,"NRI_P038",50
"31083",40361.418252898,"NRI_P038",100
"31084",-1965.73566710198,"NRI_P038",25
"31085",28332.233672898,"NRI_P038",50
"31086",27045.439772898,"NRI_P038",100
"31087",15904.856642898,"NRI_P038",25
"31088",18637.559362898,"NRI_P038",50
"31089",33068.485402898,"NRI_P038",100
"31090",-7182.14949710199,"NRI_P038",25
"31091",11175.701282898,"NRI_P038",50
"31092",38225.146162898,"NRI_P038",100
"31093",10280.071362898,"NRI_P038",25
"31094",45743.334382898,"NRI_P038",50
"31095",33223.998772898,"NRI_P038",100
"31096",23037.871392898,"NRI_P038",25
"31097",24125.045352898,"NRI_P038",50
"31098",38503.811242898,"NRI_P038",100
"31099",3605.74551289799,"NRI_P038",25
"31100",-5693.901387102,"NRI_P038",50
"31101",27432.481342898,"NRI_P038",100
"31102",15573.804262898,"NRI_P038",25
"31103",22652.384402898,"NRI_P038",50
"31104",30730.997962898,"NRI_P038",100
"31105",-9018.42100710201,"NRI_P038",25
"31106",27457.916222898,"NRI_P038",50
"31107",4141.173992898,"NRI_P038",100
"31108",23138.858182898,"NRI_P038",25
"31109",37836.093712898,"NRI_P038",50
"31110",26964.462942898,"NRI_P038",100
"31111",24198.582852898,"NRI_P038",25
"31112",11865.144272898,"NRI_P038",50
"31113",25273.419972898,"NRI_P038",100
"31114",7168.39556289802,"NRI_P038",25
"31115",4461.616802898,"NRI_P038",50
"31116",51201.518962898,"NRI_P038",100
"31117",28785.645862898,"NRI_P038",25
"31118",16318.974872898,"NRI_P038",50
"31119",10476.211972898,"NRI_P038",100
"31120",6519.26994289801,"NRI_P038",25
"31121",10934.044442898,"NRI_P038",50
"31122",27865.336662898,"NRI_P038",100
"31123",24593.034652898,"NRI_P038",25
"31124",16436.283202898,"NRI_P038",50
"31125",46628.382872898,"NRI_P038",100
"31126",-10660.725907102,"NRI_P038",25
"31127",10436.834032898,"NRI_P038",50
"31128",35202.234532898,"NRI_P038",100
"31129",11869.751312898,"NRI_P038",25
"31130",8553.369702898,"NRI_P038",50
"31131",14518.739622898,"NRI_P038",100
"31132",11368.866662898,"NRI_P038",25
"31133",9599.174532898,"NRI_P038",50
"31134",24214.076222898,"NRI_P038",100
"31135",12579.902232898,"NRI_P038",25
"31136",13894.396582898,"NRI_P038",50
"31137",32956.137572898,"NRI_P038",100
"31138",13479.204262898,"NRI_P038",25
"31139",9916.728952898,"NRI_P038",50
"31140",20606.160122898,"NRI_P038",100
"31141",-3523.623757102,"NRI_P038",25
"31142",24264.621982898,"NRI_P038",50
"31143",20844.494992898,"NRI_P038",100
"31144",-3095.727827102,"NRI_P038",25
"31145",18639.038302898,"NRI_P038",50
"31146",-781.557217102003,"NRI_P038",100
"31147",12195.331672898,"NRI_P038",25
"31148",29533.399142898,"NRI_P038",50
"31149",25159.445342898,"NRI_P038",100
"31150",28626.959182898,"NRI_P038",25
"31151",23470.987932898,"NRI_P038",50
"31152",41841.673672898,"NRI_P038",100
"31153",13561.173912898,"NRI_P038",25
"31154",23901.035352898,"NRI_P038",50
"31155",12518.846242898,"NRI_P038",100
"31156",-5749.129677102,"NRI_P038",25
"31157",-3864.514217102,"NRI_P038",50
"31158",55434.101152898,"NRI_P038",100
"31159",20089.192022898,"NRI_P038",25
"31160",35768.237832898,"NRI_P038",50
"31161",29793.889412898,"NRI_P038",100
"31162",27950.407142898,"NRI_P038",25
"31163",-887.814947101986,"NRI_P038",50
"31164",19636.606082898,"NRI_P038",100
"31165",8292.63769289802,"NRI_P038",25
"31166",17765.387862898,"NRI_P038",50
"31167",45923.857112898,"NRI_P038",100
"31168",2086.387342898,"NRI_P038",25
"31169",24713.207462898,"NRI_P038",50
"31170",27779.299252898,"NRI_P038",100
"31171",10910.439032898,"NRI_P038",25
"31172",32441.416922898,"NRI_P038",50
"31173",16700.107722898,"NRI_P038",100
"31174",25978.167712898,"NRI_P038",25
"31175",3570.81244289799,"NRI_P038",50
"31176",13475.103962898,"NRI_P038",100
"31177",25135.621082898,"NRI_P038",25
"31178",16709.633642898,"NRI_P038",50
"31179",2693.275292898,"NRI_P038",100
"31180",7475.91339289802,"NRI_P038",25
"31181",13214.108062898,"NRI_P038",50
"31182",10307.623972898,"NRI_P038",100
"31183",6438.26133289799,"NRI_P038",25
"31184",10878.077432898,"NRI_P038",50
"31185",43178.340702898,"NRI_P038",100
"31186",10491.772452898,"NRI_P038",25
"31187",2399.59659289801,"NRI_P038",50
"31188",14849.226722898,"NRI_P038",100
"31189",15025.847292898,"NRI_P038",25
"31190",3545.45850289799,"NRI_P038",50
"31191",45804.708822898,"NRI_P038",100
"31192",8158.916012898,"NRI_P038",25
"31193",-988.060907101986,"NRI_P038",50
"31194",31349.025062898,"NRI_P038",100
"31195",7106.32663289801,"NRI_P038",25
"31196",16311.148662898,"NRI_P038",50
"31197",28587.499702898,"NRI_P038",100
"31198",-4992.11133710199,"NRI_P038",25
"31199",15446.396512898,"NRI_P038",50
"31200",15985.974482898,"NRI_P038",100
"31201",22149.431973803,"NRI_P039",25
"31202",25175.513273803,"NRI_P039",50
"31203",15127.726343803,"NRI_P039",100
"31204",-14500.078306197,"NRI_P039",25
"31205",-8543.97080619697,"NRI_P039",50
"31206",-13706.063656197,"NRI_P039",100
"31207",7355.51270380302,"NRI_P039",25
"31208",9321.48580380302,"NRI_P039",50
"31209",785.133883803035,"NRI_P039",100
"31210",6246.40324380301,"NRI_P039",25
"31211",24521.806253803,"NRI_P039",50
"31212",4063.22965380299,"NRI_P039",100
"31213",636.845743803016,"NRI_P039",25
"31214",16208.933693803,"NRI_P039",50
"31215",18350.305203803,"NRI_P039",100
"31216",1573.17899380304,"NRI_P039",25
"31217",528.395023802994,"NRI_P039",50
"31218",25563.648523803,"NRI_P039",100
"31219",-5794.17054619698,"NRI_P039",25
"31220",10191.409843803,"NRI_P039",50
"31221",15122.869953803,"NRI_P039",100
"31222",16856.098533803,"NRI_P039",25
"31223",-17737.373456197,"NRI_P039",50
"31224",17666.266313803,"NRI_P039",100
"31225",14267.716913803,"NRI_P039",25
"31226",33988.148443803,"NRI_P039",50
"31227",19458.145233803,"NRI_P039",100
"31228",-15528.769216197,"NRI_P039",25
"31229",39176.717413803,"NRI_P039",50
"31230",47591.861263803,"NRI_P039",100
"31231",-6462.60579619696,"NRI_P039",25
"31232",23619.726893803,"NRI_P039",50
"31233",7292.64481380302,"NRI_P039",100
"31234",16475.644383803,"NRI_P039",25
"31235",6633.20846380299,"NRI_P039",50
"31236",-7468.20257619699,"NRI_P039",100
"31237",-1012.90828619699,"NRI_P039",25
"31238",5027.81626380299,"NRI_P039",50
"31239",-26584.337276197,"NRI_P039",100
"31240",9606.89578380302,"NRI_P039",25
"31241",-13035.211716197,"NRI_P039",50
"31242",9661.737543803,"NRI_P039",100
"31243",625.045453803032,"NRI_P039",25
"31244",13565.403083803,"NRI_P039",50
"31245",1264.30214380304,"NRI_P039",100
"31246",-10248.673176197,"NRI_P039",25
"31247",-6433.82364619698,"NRI_P039",50
"31248",97250.031383803,"NRI_P039",100
"31249",6725.96602380299,"NRI_P039",25
"31250",655.213203802996,"NRI_P039",50
"31251",-1951.15166619699,"NRI_P039",100
"31252",-10758.520746197,"NRI_P039",25
"31253",35992.074883803,"NRI_P039",50
"31254",14941.678693803,"NRI_P039",100
"31255",26322.595703803,"NRI_P039",25
"31256",5725.08267380303,"NRI_P039",50
"31257",-2458.979616197,"NRI_P039",100
"31258",16310.105693803,"NRI_P039",25
"31259",-4595.87007619697,"NRI_P039",50
"31260",6204.46482380299,"NRI_P039",100
"31261",-11209.121596197,"NRI_P039",25
"31262",-13640.454796197,"NRI_P039",50
"31263",-11154.544226197,"NRI_P039",100
"31264",4408.88249380304,"NRI_P039",25
"31265",13084.606073803,"NRI_P039",50
"31266",16527.560803803,"NRI_P039",100
"31267",6084.929133803,"NRI_P039",25
"31268",-8673.86382619699,"NRI_P039",50
"31269",-9678.90145619697,"NRI_P039",100
"31270",10901.203843803,"NRI_P039",25
"31271",44748.246833803,"NRI_P039",50
"31272",13994.738233803,"NRI_P039",100
"31273",7689.68648380303,"NRI_P039",25
"31274",30743.687203803,"NRI_P039",50
"31275",20928.697823803,"NRI_P039",100
"31276",-3483.41100619698,"NRI_P039",25
"31277",-3807.10201619699,"NRI_P039",50
"31278",12425.242013803,"NRI_P039",100
"31279",3930.623383803,"NRI_P039",25
"31280",26084.994623803,"NRI_P039",50
"31281",15061.621983803,"NRI_P039",100
"31282",3928.55045380304,"NRI_P039",25
"31283",3887.40601380303,"NRI_P039",50
"31284",12985.937303803,"NRI_P039",100
"31285",-6665.44527619699,"NRI_P039",25
"31286",27381.725353803,"NRI_P039",50
"31287",35242.167853803,"NRI_P039",100
"31288",6478.789853803,"NRI_P039",25
"31289",5190.44637380302,"NRI_P039",50
"31290",19606.438573803,"NRI_P039",100
"31291",14766.977643803,"NRI_P039",25
"31292",4087.74595380301,"NRI_P039",50
"31293",8361.08270380303,"NRI_P039",100
"31294",11984.833393803,"NRI_P039",25
"31295",9552.21907380299,"NRI_P039",50
"31296",747.715433803038,"NRI_P039",100
"31297",4447.57724380301,"NRI_P039",25
"31298",6640.80118380301,"NRI_P039",50
"31299",29624.682453803,"NRI_P039",100
"31300",9155.326003803,"NRI_P039",25
"31301",-18637.946636197,"NRI_P039",50
"31302",34719.713663803,"NRI_P039",100
"31303",-1916.69387619698,"NRI_P039",25
"31304",30756.947983803,"NRI_P039",50
"31305",54473.379793803,"NRI_P039",100
"31306",13033.824373803,"NRI_P039",25
"31307",46602.968723803,"NRI_P039",50
"31308",27151.398763803,"NRI_P039",100
"31309",-1611.42657619697,"NRI_P039",25
"31310",-5669.32250619697,"NRI_P039",50
"31311",17377.922083803,"NRI_P039",100
"31312",14055.575143803,"NRI_P039",25
"31313",2906.93408380303,"NRI_P039",50
"31314",-20737.770086197,"NRI_P039",100
"31315",8163.51469380304,"NRI_P039",25
"31316",786.736453803023,"NRI_P039",50
"31317",31534.906573803,"NRI_P039",100
"31318",17613.015823803,"NRI_P039",25
"31319",15086.740643803,"NRI_P039",50
"31320",25058.812603803,"NRI_P039",100
"31321",7157.127603803,"NRI_P039",25
"31322",-5474.14409619698,"NRI_P039",50
"31323",32588.496813803,"NRI_P039",100
"31324",-2213.678536197,"NRI_P039",25
"31325",34140.602423803,"NRI_P039",50
"31326",31803.183633803,"NRI_P039",100
"31327",511.590303803037,"NRI_P039",25
"31328",-7998.363376197,"NRI_P039",50
"31329",3258.05717380304,"NRI_P039",100
"31330",10644.037403803,"NRI_P039",25
"31331",19582.564893803,"NRI_P039",50
"31332",10471.233133803,"NRI_P039",100
"31333",-3747.68620619696,"NRI_P039",25
"31334",36574.608613803,"NRI_P039",50
"31335",36499.923233803,"NRI_P039",100
"31336",16300.625583803,"NRI_P039",25
"31337",21025.109543803,"NRI_P039",50
"31338",32185.680743803,"NRI_P039",100
"31339",-11327.494696197,"NRI_P039",25
"31340",29102.103533803,"NRI_P039",50
"31341",14707.366053803,"NRI_P039",100
"31342",-20557.434996197,"NRI_P039",25
"31343",-1477.407316197,"NRI_P039",50
"31344",72722.409053803,"NRI_P039",100
"31345",-4664.93229619699,"NRI_P039",25
"31346",21656.999613803,"NRI_P039",50
"31347",24650.754523803,"NRI_P039",100
"31348",18859.590143803,"NRI_P039",25
"31349",-8234.313406197,"NRI_P039",50
"31350",-11041.447026197,"NRI_P039",100
"31351",1135.12318380299,"NRI_P039",25
"31352",10468.544243803,"NRI_P039",50
"31353",1420.982933803,"NRI_P039",100
"31354",-1596.000516197,"NRI_P039",25
"31355",16891.051023803,"NRI_P039",50
"31356",-11508.349256197,"NRI_P039",100
"31357",4080.47809380305,"NRI_P039",25
"31358",46040.941683803,"NRI_P039",50
"31359",25274.703523803,"NRI_P039",100
"31360",13443.636773803,"NRI_P039",25
"31361",23832.407033803,"NRI_P039",50
"31362",32184.437843803,"NRI_P039",100
"31363",-7302.12575619697,"NRI_P039",25
"31364",18516.838293803,"NRI_P039",50
"31365",8540.51039380301,"NRI_P039",100
"31366",13782.705973803,"NRI_P039",25
"31367",24931.474963803,"NRI_P039",50
"31368",51892.312493803,"NRI_P039",100
"31369",9439.87399380299,"NRI_P039",25
"31370",-13739.949796197,"NRI_P039",50
"31371",80990.672463803,"NRI_P039",100
"31372",5407.419983803,"NRI_P039",25
"31373",8821.15634380304,"NRI_P039",50
"31374",336.287833803042,"NRI_P039",100
"31375",-6309.04433619697,"NRI_P039",25
"31376",41876.428403803,"NRI_P039",50
"31377",23542.377973803,"NRI_P039",100
"31378",13200.482353803,"NRI_P039",25
"31379",12339.217993803,"NRI_P039",50
"31380",64284.198433803,"NRI_P039",100
"31381",13379.214363803,"NRI_P039",25
"31382",13459.376853803,"NRI_P039",50
"31383",16624.836353803,"NRI_P039",100
"31384",25069.465963803,"NRI_P039",25
"31385",11819.752913803,"NRI_P039",50
"31386",44587.386213803,"NRI_P039",100
"31387",732.850543803012,"NRI_P039",25
"31388",30022.340293803,"NRI_P039",50
"31389",23547.485843803,"NRI_P039",100
"31390",-13739.465316197,"NRI_P039",25
"31391",4664.51868380303,"NRI_P039",50
"31392",25741.623233803,"NRI_P039",100
"31393",-13055.852006197,"NRI_P039",25
"31394",-589.779236197006,"NRI_P039",50
"31395",23060.398173803,"NRI_P039",100
"31396",19363.209453803,"NRI_P039",25
"31397",9523.18584380299,"NRI_P039",50
"31398",-21353.286996197,"NRI_P039",100
"31399",9504.02812380303,"NRI_P039",25
"31400",8893.56394380302,"NRI_P039",50
"31401",31072.879183803,"NRI_P039",100
"31402",-7623.76617619698,"NRI_P039",25
"31403",14175.908293803,"NRI_P039",50
"31404",7020.32111380302,"NRI_P039",100
"31405",12071.195553803,"NRI_P039",25
"31406",9793.88544380304,"NRI_P039",50
"31407",20079.072783803,"NRI_P039",100
"31408",26873.402573803,"NRI_P039",25
"31409",-262.692466197012,"NRI_P039",50
"31410",24014.191723803,"NRI_P039",100
"31411",22105.684543803,"NRI_P039",25
"31412",14409.647273803,"NRI_P039",50
"31413",38987.419513803,"NRI_P039",100
"31414",9127.31970380299,"NRI_P039",25
"31415",-5453.03453619697,"NRI_P039",50
"31416",2191.36425380304,"NRI_P039",100
"31417",9981.70343380299,"NRI_P039",25
"31418",14724.149443803,"NRI_P039",50
"31419",6204.71902380302,"NRI_P039",100
"31420",-19799.211256197,"NRI_P039",25
"31421",19247.957413803,"NRI_P039",50
"31422",14399.901443803,"NRI_P039",100
"31423",11697.107523803,"NRI_P039",25
"31424",19711.485773803,"NRI_P039",50
"31425",3061.016033803,"NRI_P039",100
"31426",37149.950333803,"NRI_P039",25
"31427",57902.055833803,"NRI_P039",50
"31428",33679.300653803,"NRI_P039",100
"31429",-5388.51380619698,"NRI_P039",25
"31430",23461.396253803,"NRI_P039",50
"31431",18146.939553803,"NRI_P039",100
"31432",14265.242443803,"NRI_P039",25
"31433",22976.349483803,"NRI_P039",50
"31434",-13692.067366197,"NRI_P039",100
"31435",1052.80031380302,"NRI_P039",25
"31436",15065.156463803,"NRI_P039",50
"31437",34530.672233803,"NRI_P039",100
"31438",-18226.340576197,"NRI_P039",25
"31439",15417.028703803,"NRI_P039",50
"31440",34016.967363803,"NRI_P039",100
"31441",-4310.19974619697,"NRI_P039",25
"31442",17334.805133803,"NRI_P039",50
"31443",21495.134363803,"NRI_P039",100
"31444",-3217.570446197,"NRI_P039",25
"31445",5169.27997380303,"NRI_P039",50
"31446",42955.072303803,"NRI_P039",100
"31447",1878.96695380303,"NRI_P039",25
"31448",-5634.46977619699,"NRI_P039",50
"31449",38376.591783803,"NRI_P039",100
"31450",-3543.81621619698,"NRI_P039",25
"31451",-16161.335086197,"NRI_P039",50
"31452",32626.316813803,"NRI_P039",100
"31453",-10559.545506197,"NRI_P039",25
"31454",25.2972238030052,"NRI_P039",50
"31455",10447.145123803,"NRI_P039",100
"31456",-9260.434866197,"NRI_P039",25
"31457",-3593.99492619699,"NRI_P039",50
"31458",49785.424533803,"NRI_P039",100
"31459",5073.69574380299,"NRI_P039",25
"31460",10221.215893803,"NRI_P039",50
"31461",9723.48824380303,"NRI_P039",100
"31462",15226.468283803,"NRI_P039",25
"31463",38228.118203803,"NRI_P039",50
"31464",36215.849243803,"NRI_P039",100
"31465",-5042.05179619696,"NRI_P039",25
"31466",-18898.227246197,"NRI_P039",50
"31467",16994.954903803,"NRI_P039",100
"31468",-10553.354706197,"NRI_P039",25
"31469",42056.003183803,"NRI_P039",50
"31470",54590.585453803,"NRI_P039",100
"31471",13567.565523803,"NRI_P039",25
"31472",-7730.35616619699,"NRI_P039",50
"31473",17055.882203803,"NRI_P039",100
"31474",-7935.03313619696,"NRI_P039",25
"31475",24858.296903803,"NRI_P039",50
"31476",29402.713353803,"NRI_P039",100
"31477",20360.822833803,"NRI_P039",25
"31478",-21027.473596197,"NRI_P039",50
"31479",-15119.682406197,"NRI_P039",100
"31480",20637.772133803,"NRI_P039",25
"31481",17937.852253803,"NRI_P039",50
"31482",15172.183473803,"NRI_P039",100
"31483",-5407.68610619695,"NRI_P039",25
"31484",-2252.98015619698,"NRI_P039",50
"31485",17117.328593803,"NRI_P039",100
"31486",-1052.05527619697,"NRI_P039",25
"31487",8238.785733803,"NRI_P039",50
"31488",58306.449913803,"NRI_P039",100
"31489",-8493.39760619699,"NRI_P039",25
"31490",15333.776003803,"NRI_P039",50
"31491",29131.195013803,"NRI_P039",100
"31492",-16170.124106197,"NRI_P039",25
"31493",24060.942053803,"NRI_P039",50
"31494",63905.065703803,"NRI_P039",100
"31495",16120.285423803,"NRI_P039",25
"31496",50099.283683803,"NRI_P039",50
"31497",38422.899783803,"NRI_P039",100
"31498",-5998.49949619698,"NRI_P039",25
"31499",6825.78924380301,"NRI_P039",50
"31500",30351.054333803,"NRI_P039",100
"31501",8535.32766384794,"NRI_P040",25
"31502",9097.98943384795,"NRI_P040",50
"31503",22173.548053848,"NRI_P040",100
"31504",10271.961353848,"NRI_P040",25
"31505",10307.916303848,"NRI_P040",50
"31506",38898.566593848,"NRI_P040",100
"31507",29064.823003848,"NRI_P040",25
"31508",51746.7561738479,"NRI_P040",50
"31509",31706.119953848,"NRI_P040",100
"31510",16877.170493848,"NRI_P040",25
"31511",21509.352063848,"NRI_P040",50
"31512",10733.107153848,"NRI_P040",100
"31513",4652.41294384794,"NRI_P040",25
"31514",11125.457623848,"NRI_P040",50
"31515",30156.763423848,"NRI_P040",100
"31516",26145.416493848,"NRI_P040",25
"31517",7616.07875384798,"NRI_P040",50
"31518",27306.825983848,"NRI_P040",100
"31519",6365.129063848,"NRI_P040",25
"31520",9357.69053384796,"NRI_P040",50
"31521",33303.606143848,"NRI_P040",100
"31522",5986.49826384796,"NRI_P040",25
"31523",30092.872463848,"NRI_P040",50
"31524",22550.442203848,"NRI_P040",100
"31525",33213.940563848,"NRI_P040",25
"31526",20976.1878338479,"NRI_P040",50
"31527",17064.2425438479,"NRI_P040",100
"31528",18215.1706338479,"NRI_P040",25
"31529",8208.12633384799,"NRI_P040",50
"31530",15267.456023848,"NRI_P040",100
"31531",18311.8739738479,"NRI_P040",25
"31532",15680.909263848,"NRI_P040",50
"31533",75282.933833848,"NRI_P040",100
"31534",802.867773847946,"NRI_P040",25
"31535",19484.537403848,"NRI_P040",50
"31536",33526.7601038479,"NRI_P040",100
"31537",13112.146833848,"NRI_P040",25
"31538",6452.28891384799,"NRI_P040",50
"31539",15441.568483848,"NRI_P040",100
"31540",2369.51782384794,"NRI_P040",25
"31541",-4895.27947615203,"NRI_P040",50
"31542",44425.617363848,"NRI_P040",100
"31543",-4613.56891615206,"NRI_P040",25
"31544",14051.196123848,"NRI_P040",50
"31545",9451.08809384797,"NRI_P040",100
"31546",17070.889963848,"NRI_P040",25
"31547",38530.996793848,"NRI_P040",50
"31548",17302.6875738479,"NRI_P040",100
"31549",6503.95301384799,"NRI_P040",25
"31550",20942.370913848,"NRI_P040",50
"31551",42871.994273848,"NRI_P040",100
"31552",-4019.020956152,"NRI_P040",25
"31553",17657.109343848,"NRI_P040",50
"31554",35871.584753848,"NRI_P040",100
"31555",7964.52194384794,"NRI_P040",25
"31556",-5952.88215615205,"NRI_P040",50
"31557",7932.14065384795,"NRI_P040",100
"31558",12089.799163848,"NRI_P040",25
"31559",20015.097353848,"NRI_P040",50
"31560",2573.25504384795,"NRI_P040",100
"31561",14903.729963848,"NRI_P040",25
"31562",4480.32529384794,"NRI_P040",50
"31563",35668.6607038479,"NRI_P040",100
"31564",10592.165913848,"NRI_P040",25
"31565",12141.003043848,"NRI_P040",50
"31566",46613.661563848,"NRI_P040",100
"31567",4776.86015384796,"NRI_P040",25
"31568",26821.855023848,"NRI_P040",50
"31569",44855.683153848,"NRI_P040",100
"31570",1864.53303384798,"NRI_P040",25
"31571",13004.978433848,"NRI_P040",50
"31572",47680.1782638479,"NRI_P040",100
"31573",16814.372633848,"NRI_P040",25
"31574",10007.160393848,"NRI_P040",50
"31575",32858.931943848,"NRI_P040",100
"31576",19398.338433848,"NRI_P040",25
"31577",7868.96834384796,"NRI_P040",50
"31578",31794.0481638479,"NRI_P040",100
"31579",15569.9464338479,"NRI_P040",25
"31580",24148.544083848,"NRI_P040",50
"31581",34054.777283848,"NRI_P040",100
"31582",8273.51377384795,"NRI_P040",25
"31583",43931.395403848,"NRI_P040",50
"31584",40505.2402438479,"NRI_P040",100
"31585",-5626.38971615204,"NRI_P040",25
"31586",10036.183043848,"NRI_P040",50
"31587",37664.705523848,"NRI_P040",100
"31588",10742.5431038479,"NRI_P040",25
"31589",12508.778873848,"NRI_P040",50
"31590",45006.638003848,"NRI_P040",100
"31591",4731.43742384796,"NRI_P040",25
"31592",10054.307223848,"NRI_P040",50
"31593",55984.315403848,"NRI_P040",100
"31594",18909.511643848,"NRI_P040",25
"31595",11923.766263848,"NRI_P040",50
"31596",37671.9995238479,"NRI_P040",100
"31597",4110.84010384796,"NRI_P040",25
"31598",19867.929113848,"NRI_P040",50
"31599",29051.121253848,"NRI_P040",100
"31600",23987.152263848,"NRI_P040",25
"31601",22341.352443848,"NRI_P040",50
"31602",45122.291213848,"NRI_P040",100
"31603",3433.27453384799,"NRI_P040",25
"31604",24694.415013848,"NRI_P040",50
"31605",44225.581663848,"NRI_P040",100
"31606",9858.266003848,"NRI_P040",25
"31607",20000.560053848,"NRI_P040",50
"31608",47139.366973848,"NRI_P040",100
"31609",-3497.12777615205,"NRI_P040",25
"31610",15243.700973848,"NRI_P040",50
"31611",9449.95073384797,"NRI_P040",100
"31612",20831.792913848,"NRI_P040",25
"31613",6045.17344384798,"NRI_P040",50
"31614",22844.321583848,"NRI_P040",100
"31615",12398.151883848,"NRI_P040",25
"31616",23910.340183848,"NRI_P040",50
"31617",35092.446463848,"NRI_P040",100
"31618",10811.504993848,"NRI_P040",25
"31619",26876.908913848,"NRI_P040",50
"31620",32924.907863848,"NRI_P040",100
"31621",7217.88914384798,"NRI_P040",25
"31622",9907.02704384795,"NRI_P040",50
"31623",34818.6988338479,"NRI_P040",100
"31624",1488.47218384797,"NRI_P040",25
"31625",10977.797243848,"NRI_P040",50
"31626",24006.960153848,"NRI_P040",100
"31627",7348.07560384797,"NRI_P040",25
"31628",12969.269273848,"NRI_P040",50
"31629",28548.947943848,"NRI_P040",100
"31630",6778.83148384799,"NRI_P040",25
"31631",9558.01444384799,"NRI_P040",50
"31632",41013.391863848,"NRI_P040",100
"31633",14932.205503848,"NRI_P040",25
"31634",12556.151083848,"NRI_P040",50
"31635",36467.7946638479,"NRI_P040",100
"31636",23099.998963848,"NRI_P040",25
"31637",1886.91221384797,"NRI_P040",50
"31638",32887.085813848,"NRI_P040",100
"31639",2571.69931384799,"NRI_P040",25
"31640",11766.797653848,"NRI_P040",50
"31641",36401.463413848,"NRI_P040",100
"31642",20601.640023848,"NRI_P040",25
"31643",9029.50915384799,"NRI_P040",50
"31644",39596.2552338479,"NRI_P040",100
"31645",17387.866593848,"NRI_P040",25
"31646",-3369.55769615201,"NRI_P040",50
"31647",64996.425393848,"NRI_P040",100
"31648",1882.62791384797,"NRI_P040",25
"31649",40369.376683848,"NRI_P040",50
"31650",27799.3859138479,"NRI_P040",100
"31651",1287.05026384798,"NRI_P040",25
"31652",16525.363373848,"NRI_P040",50
"31653",28849.446333848,"NRI_P040",100
"31654",9870.84342384798,"NRI_P040",25
"31655",30599.373773848,"NRI_P040",50
"31656",37590.852413848,"NRI_P040",100
"31657",8127.217523848,"NRI_P040",25
"31658",8196.46325384796,"NRI_P040",50
"31659",38599.214363848,"NRI_P040",100
"31660",-280.294246152043,"NRI_P040",25
"31661",20554.484923848,"NRI_P040",50
"31662",17348.103543848,"NRI_P040",100
"31663",10327.509383848,"NRI_P040",25
"31664",5591.46292384795,"NRI_P040",50
"31665",48372.921073848,"NRI_P040",100
"31666",17158.3708238479,"NRI_P040",25
"31667",-8132.22624615201,"NRI_P040",50
"31668",26767.511393848,"NRI_P040",100
"31669",9840.84186384798,"NRI_P040",25
"31670",22519.4882938479,"NRI_P040",50
"31671",9897.87371384795,"NRI_P040",100
"31672",5114.02756384795,"NRI_P040",25
"31673",16582.929353848,"NRI_P040",50
"31674",29524.619053848,"NRI_P040",100
"31675",22980.565933848,"NRI_P040",25
"31676",6062.84808384796,"NRI_P040",50
"31677",31172.556923848,"NRI_P040",100
"31678",-178.840486152039,"NRI_P040",25
"31679",3575.52923384798,"NRI_P040",50
"31680",43645.6707638479,"NRI_P040",100
"31681",3075.54778384796,"NRI_P040",25
"31682",12284.3923038479,"NRI_P040",50
"31683",26469.8437938479,"NRI_P040",100
"31684",10993.486393848,"NRI_P040",25
"31685",5437.17391384795,"NRI_P040",50
"31686",48673.408033848,"NRI_P040",100
"31687",11705.307873848,"NRI_P040",25
"31688",4056.24225384794,"NRI_P040",50
"31689",48633.052833848,"NRI_P040",100
"31690",3966.72405384795,"NRI_P040",25
"31691",6735.47844384797,"NRI_P040",50
"31692",20121.814533848,"NRI_P040",100
"31693",7226.19384384796,"NRI_P040",25
"31694",-2615.60517615202,"NRI_P040",50
"31695",29338.686013848,"NRI_P040",100
"31696",11299.3991538479,"NRI_P040",25
"31697",35318.2187938479,"NRI_P040",50
"31698",38916.7839538479,"NRI_P040",100
"31699",-4249.87357615202,"NRI_P040",25
"31700",-4815.97441615205,"NRI_P040",50
"31701",40306.247773848,"NRI_P040",100
"31702",3793.46243384795,"NRI_P040",25
"31703",11986.794803848,"NRI_P040",50
"31704",55864.959143848,"NRI_P040",100
"31705",7303.80299384799,"NRI_P040",25
"31706",19905.897343848,"NRI_P040",50
"31707",33392.5546238479,"NRI_P040",100
"31708",1120.699253848,"NRI_P040",25
"31709",28819.734993848,"NRI_P040",50
"31710",15909.2868738479,"NRI_P040",100
"31711",-294.315096152015,"NRI_P040",25
"31712",-1011.327226152,"NRI_P040",50
"31713",36401.656903848,"NRI_P040",100
"31714",6690.13747384795,"NRI_P040",25
"31715",19608.953783848,"NRI_P040",50
"31716",49973.938633848,"NRI_P040",100
"31717",-922.914316152048,"NRI_P040",25
"31718",30836.162563848,"NRI_P040",50
"31719",21415.754363848,"NRI_P040",100
"31720",13602.894233848,"NRI_P040",25
"31721",13009.079303848,"NRI_P040",50
"31722",20590.3226038479,"NRI_P040",100
"31723",454.221823847969,"NRI_P040",25
"31724",8726.60222384799,"NRI_P040",50
"31725",39602.057623848,"NRI_P040",100
"31726",6898.10711384797,"NRI_P040",25
"31727",3910.10425384797,"NRI_P040",50
"31728",27248.228093848,"NRI_P040",100
"31729",10972.989293848,"NRI_P040",25
"31730",33499.601343848,"NRI_P040",50
"31731",47438.267293848,"NRI_P040",100
"31732",25834.907973848,"NRI_P040",25
"31733",31248.9513338479,"NRI_P040",50
"31734",59740.463993848,"NRI_P040",100
"31735",12749.308993848,"NRI_P040",25
"31736",27342.193203848,"NRI_P040",50
"31737",47933.892593848,"NRI_P040",100
"31738",-398.954146152013,"NRI_P040",25
"31739",21045.358693848,"NRI_P040",50
"31740",40105.037143848,"NRI_P040",100
"31741",5644.01550384797,"NRI_P040",25
"31742",16585.120483848,"NRI_P040",50
"31743",45073.586693848,"NRI_P040",100
"31744",13364.501253848,"NRI_P040",25
"31745",14242.8638138479,"NRI_P040",50
"31746",47829.917663848,"NRI_P040",100
"31747",7759.84040384798,"NRI_P040",25
"31748",15529.547103848,"NRI_P040",50
"31749",42727.660793848,"NRI_P040",100
"31750",-6399.91612615203,"NRI_P040",25
"31751",23604.524343848,"NRI_P040",50
"31752",24766.755513848,"NRI_P040",100
"31753",20518.129923848,"NRI_P040",25
"31754",23366.362363848,"NRI_P040",50
"31755",38770.3041038479,"NRI_P040",100
"31756",14987.9212838479,"NRI_P040",25
"31757",13637.945293848,"NRI_P040",50
"31758",44711.484383848,"NRI_P040",100
"31759",40049.255903848,"NRI_P040",25
"31760",8763.51780384796,"NRI_P040",50
"31761",35522.962013848,"NRI_P040",100
"31762",4669.05843384797,"NRI_P040",25
"31763",22824.292263848,"NRI_P040",50
"31764",22797.243473848,"NRI_P040",100
"31765",5341.50486384798,"NRI_P040",25
"31766",22863.588363848,"NRI_P040",50
"31767",28381.532573848,"NRI_P040",100
"31768",20162.669323848,"NRI_P040",25
"31769",27769.803933848,"NRI_P040",50
"31770",18133.3599838479,"NRI_P040",100
"31771",8970.07986384799,"NRI_P040",25
"31772",18018.929743848,"NRI_P040",50
"31773",29539.966573848,"NRI_P040",100
"31774",2216.83203384798,"NRI_P040",25
"31775",21271.819023848,"NRI_P040",50
"31776",55571.918603848,"NRI_P040",100
"31777",-3067.08367615205,"NRI_P040",25
"31778",17346.878003848,"NRI_P040",50
"31779",51070.170103848,"NRI_P040",100
"31780",660.177183847991,"NRI_P040",25
"31781",2416.26919384795,"NRI_P040",50
"31782",36892.3155938479,"NRI_P040",100
"31783",2160.83239384799,"NRI_P040",25
"31784",18553.148943848,"NRI_P040",50
"31785",55941.015243848,"NRI_P040",100
"31786",-7917.98002615204,"NRI_P040",25
"31787",26793.162403848,"NRI_P040",50
"31788",55413.991363848,"NRI_P040",100
"31789",-76.5268161520362,"NRI_P040",25
"31790",16783.756053848,"NRI_P040",50
"31791",72313.2071738479,"NRI_P040",100
"31792",32433.072803848,"NRI_P040",25
"31793",23543.788533848,"NRI_P040",50
"31794",68577.232443848,"NRI_P040",100
"31795",20752.343623848,"NRI_P040",25
"31796",19021.312523848,"NRI_P040",50
"31797",30652.920363848,"NRI_P040",100
"31798",13731.960733848,"NRI_P040",25
"31799",14498.0964538479,"NRI_P040",50
"31800",54120.479653848,"NRI_P040",100
"31801",-6618.48449946003,"NRI_P041",25
"31802",-7289.13410946005,"NRI_P041",50
"31803",25707.42187054,"NRI_P041",100
"31804",-12110.4484594601,"NRI_P041",25
"31805",29901.28970054,"NRI_P041",50
"31806",-22361.83709946,"NRI_P041",100
"31807",15751.51382054,"NRI_P041",25
"31808",-5763.00364946004,"NRI_P041",50
"31809",76600.3827605399,"NRI_P041",100
"31810",-23982.23177946,"NRI_P041",25
"31811",44929.47269054,"NRI_P041",50
"31812",30803.81127054,"NRI_P041",100
"31813",4300.35221053998,"NRI_P041",25
"31814",17282.70710054,"NRI_P041",50
"31815",21494.02819054,"NRI_P041",100
"31816",-40708.05425946,"NRI_P041",25
"31817",27123.33815054,"NRI_P041",50
"31818",-10401.13933946,"NRI_P041",100
"31819",20702.74457054,"NRI_P041",25
"31820",72457.29879054,"NRI_P041",50
"31821",30300.62860054,"NRI_P041",100
"31822",14029.4175505399,"NRI_P041",25
"31823",88962.05802054,"NRI_P041",50
"31824",11962.50915054,"NRI_P041",100
"31825",-15295.72887946,"NRI_P041",25
"31826",79524.3824205399,"NRI_P041",50
"31827",-26405.69675946,"NRI_P041",100
"31828",-8471.29360946,"NRI_P041",25
"31829",30342.95657054,"NRI_P041",50
"31830",36207.52005054,"NRI_P041",100
"31831",1379.35894054,"NRI_P041",25
"31832",24491.30946054,"NRI_P041",50
"31833",-16315.27156946,"NRI_P041",100
"31834",-330.632499460015,"NRI_P041",25
"31835",8093.14877053996,"NRI_P041",50
"31836",75104.82566054,"NRI_P041",100
"31837",-9060.36877946003,"NRI_P041",25
"31838",40365.86544054,"NRI_P041",50
"31839",71239.1500205399,"NRI_P041",100
"31840",-14123.0951694601,"NRI_P041",25
"31841",-15263.39060946,"NRI_P041",50
"31842",42996.76544054,"NRI_P041",100
"31843",-288.14788946003,"NRI_P041",25
"31844",16978.32147054,"NRI_P041",50
"31845",61378.89160054,"NRI_P041",100
"31846",12612.16178054,"NRI_P041",25
"31847",38294.78582054,"NRI_P041",50
"31848",55705.68282054,"NRI_P041",100
"31849",-15516.63876946,"NRI_P041",25
"31850",6551.78032053995,"NRI_P041",50
"31851",29462.57281054,"NRI_P041",100
"31852",2767.54023053998,"NRI_P041",25
"31853",51579.37472054,"NRI_P041",50
"31854",46206.4266705399,"NRI_P041",100
"31855",28894.29284054,"NRI_P041",25
"31856",3522.12777053996,"NRI_P041",50
"31857",23014.25605054,"NRI_P041",100
"31858",12793.81196054,"NRI_P041",25
"31859",8159.27419053996,"NRI_P041",50
"31860",587.865910539986,"NRI_P041",100
"31861",31753.40931054,"NRI_P041",25
"31862",38857.12158054,"NRI_P041",50
"31863",27145.7525705399,"NRI_P041",100
"31864",25136.15617054,"NRI_P041",25
"31865",42204.5449205399,"NRI_P041",50
"31866",43091.19011054,"NRI_P041",100
"31867",-38139.72793946,"NRI_P041",25
"31868",31630.04360054,"NRI_P041",50
"31869",117261.67061054,"NRI_P041",100
"31870",12188.23633054,"NRI_P041",25
"31871",3511.34054054,"NRI_P041",50
"31872",48592.77926054,"NRI_P041",100
"31873",-13122.61482946,"NRI_P041",25
"31874",14845.41553054,"NRI_P041",50
"31875",74175.9052205399,"NRI_P041",100
"31876",26502.29944054,"NRI_P041",25
"31877",-35776.0084294601,"NRI_P041",50
"31878",-8103.36322946002,"NRI_P041",100
"31879",-29135.37500946,"NRI_P041",25
"31880",9825.30406053999,"NRI_P041",50
"31881",58929.55513054,"NRI_P041",100
"31882",-16884.62104946,"NRI_P041",25
"31883",6743.64042054,"NRI_P041",50
"31884",-21400.45211946,"NRI_P041",100
"31885",8846.19350053999,"NRI_P041",25
"31886",-2816.32103946002,"NRI_P041",50
"31887",-7254.34522946004,"NRI_P041",100
"31888",-1810.96569946001,"NRI_P041",25
"31889",-42846.59505946,"NRI_P041",50
"31890",668.827690539998,"NRI_P041",100
"31891",23785.23304054,"NRI_P041",25
"31892",25674.9097305399,"NRI_P041",50
"31893",42502.23612054,"NRI_P041",100
"31894",46815.59552054,"NRI_P041",25
"31895",24410.64341054,"NRI_P041",50
"31896",13316.01040054,"NRI_P041",100
"31897",25742.00703054,"NRI_P041",25
"31898",29894.58576054,"NRI_P041",50
"31899",34918.64255054,"NRI_P041",100
"31900",25570.96188054,"NRI_P041",25
"31901",-20180.22118946,"NRI_P041",50
"31902",33564.27920054,"NRI_P041",100
"31903",33501.51479054,"NRI_P041",25
"31904",49089.88697054,"NRI_P041",50
"31905",-19243.97841946,"NRI_P041",100
"31906",-49092.56897946,"NRI_P041",25
"31907",11460.11483054,"NRI_P041",50
"31908",6910.69364054,"NRI_P041",100
"31909",-12865.70925946,"NRI_P041",25
"31910",49095.9206005399,"NRI_P041",50
"31911",-18432.06202946,"NRI_P041",100
"31912",-24437.01472946,"NRI_P041",25
"31913",-17338.44071946,"NRI_P041",50
"31914",13606.83628054,"NRI_P041",100
"31915",59741.95539054,"NRI_P041",25
"31916",-714.708159460046,"NRI_P041",50
"31917",32863.47263054,"NRI_P041",100
"31918",-12410.81702946,"NRI_P041",25
"31919",-42153.95672946,"NRI_P041",50
"31920",51243.6085705399,"NRI_P041",100
"31921",12478.00273054,"NRI_P041",25
"31922",64552.0313805399,"NRI_P041",50
"31923",12401.61168054,"NRI_P041",100
"31924",15786.83270054,"NRI_P041",25
"31925",105362.22998054,"NRI_P041",50
"31926",24708.10780054,"NRI_P041",100
"31927",812.289640539966,"NRI_P041",25
"31928",31873.32374054,"NRI_P041",50
"31929",67651.27539054,"NRI_P041",100
"31930",-44105.37338946,"NRI_P041",25
"31931",55540.50963054,"NRI_P041",50
"31932",83277.87951054,"NRI_P041",100
"31933",45840.44890054,"NRI_P041",25
"31934",51164.82560054,"NRI_P041",50
"31935",27444.94439054,"NRI_P041",100
"31936",21772.60566054,"NRI_P041",25
"31937",-29021.36389946,"NRI_P041",50
"31938",14143.39221054,"NRI_P041",100
"31939",-10412.91680946,"NRI_P041",25
"31940",33442.42544054,"NRI_P041",50
"31941",26773.74836054,"NRI_P041",100
"31942",52042.54986054,"NRI_P041",25
"31943",12302.75887054,"NRI_P041",50
"31944",27591.35958054,"NRI_P041",100
"31945",32055.61285054,"NRI_P041",25
"31946",-34665.78806946,"NRI_P041",50
"31947",70316.1136005399,"NRI_P041",100
"31948",-1703.87418946001,"NRI_P041",25
"31949",38094.55717054,"NRI_P041",50
"31950",7577.75097053999,"NRI_P041",100
"31951",13641.44175054,"NRI_P041",25
"31952",7568.63830053998,"NRI_P041",50
"31953",115411.28970054,"NRI_P041",100
"31954",1298.39551053999,"NRI_P041",25
"31955",29316.05796054,"NRI_P041",50
"31956",-3367.16606946004,"NRI_P041",100
"31957",-11927.67897946,"NRI_P041",25
"31958",29137.06415054,"NRI_P041",50
"31959",4230.18659053999,"NRI_P041",100
"31960",8591.76546053996,"NRI_P041",25
"31961",53083.65740054,"NRI_P041",50
"31962",3872.71844053996,"NRI_P041",100
"31963",12689.04184054,"NRI_P041",25
"31964",-33160.5388994601,"NRI_P041",50
"31965",-37137.66820946,"NRI_P041",100
"31966",23460.56724054,"NRI_P041",25
"31967",20441.78463054,"NRI_P041",50
"31968",15510.77192054,"NRI_P041",100
"31969",10211.62461054,"NRI_P041",25
"31970",47423.4304605399,"NRI_P041",50
"31971",28850.50162054,"NRI_P041",100
"31972",19736.91351054,"NRI_P041",25
"31973",54811.88394054,"NRI_P041",50
"31974",55891.07427054,"NRI_P041",100
"31975",27797.15433054,"NRI_P041",25
"31976",-11985.18417946,"NRI_P041",50
"31977",-20367.63711946,"NRI_P041",100
"31978",-1445.91229946003,"NRI_P041",25
"31979",26405.76043054,"NRI_P041",50
"31980",68747.4182005399,"NRI_P041",100
"31981",-28423.22528946,"NRI_P041",25
"31982",14054.7568205399,"NRI_P041",50
"31983",55785.1681205399,"NRI_P041",100
"31984",49484.0407505399,"NRI_P041",25
"31985",25935.96033054,"NRI_P041",50
"31986",75578.85285054,"NRI_P041",100
"31987",11522.12686054,"NRI_P041",25
"31988",-2974.22460946004,"NRI_P041",50
"31989",-3633.81007946003,"NRI_P041",100
"31990",28655.08842054,"NRI_P041",25
"31991",-5691.83184946002,"NRI_P041",50
"31992",-24817.41690946,"NRI_P041",100
"31993",4930.03469053999,"NRI_P041",25
"31994",29791.36559054,"NRI_P041",50
"31995",49010.88420054,"NRI_P041",100
"31996",-10129.17492946,"NRI_P041",25
"31997",10141.81720054,"NRI_P041",50
"31998",82869.8918105399,"NRI_P041",100
"31999",42851.45403054,"NRI_P041",25
"32000",8020.53276053997,"NRI_P041",50
"32001",73502.7184805399,"NRI_P041",100
"32002",37798.75365054,"NRI_P041",25
"32003",33402.31148054,"NRI_P041",50
"32004",-17597.00814946,"NRI_P041",100
"32005",-2246.99398946005,"NRI_P041",25
"32006",-37606.26773946,"NRI_P041",50
"32007",42771.75530054,"NRI_P041",100
"32008",-37242.98995946,"NRI_P041",25
"32009",7270.95892054,"NRI_P041",50
"32010",70742.19984054,"NRI_P041",100
"32011",33480.47101054,"NRI_P041",25
"32012",-10567.88305946,"NRI_P041",50
"32013",9568.20359053998,"NRI_P041",100
"32014",5458.19573053997,"NRI_P041",25
"32015",62378.57209054,"NRI_P041",50
"32016",55027.30438054,"NRI_P041",100
"32017",-12176.80541946,"NRI_P041",25
"32018",5820.87682054,"NRI_P041",50
"32019",5545.34370053996,"NRI_P041",100
"32020",-33150.23741946,"NRI_P041",25
"32021",42979.63021054,"NRI_P041",50
"32022",42107.9082705399,"NRI_P041",100
"32023",14595.26083054,"NRI_P041",25
"32024",1987.49223053997,"NRI_P041",50
"32025",58811.18259054,"NRI_P041",100
"32026",31825.95326054,"NRI_P041",25
"32027",-15047.75220946,"NRI_P041",50
"32028",56427.50752054,"NRI_P041",100
"32029",44230.12361054,"NRI_P041",25
"32030",-20632.39240946,"NRI_P041",50
"32031",35286.9034005399,"NRI_P041",100
"32032",-15844.84515946,"NRI_P041",25
"32033",1789.21041053999,"NRI_P041",50
"32034",30210.46629054,"NRI_P041",100
"32035",8730.89590054,"NRI_P041",25
"32036",33295.31277054,"NRI_P041",50
"32037",-29648.08321946,"NRI_P041",100
"32038",21519.37091054,"NRI_P041",25
"32039",-15041.02304946,"NRI_P041",50
"32040",87242.0580605399,"NRI_P041",100
"32041",61101.7779105399,"NRI_P041",25
"32042",-33220.10247946,"NRI_P041",50
"32043",19248.25603054,"NRI_P041",100
"32044",-9277.07409946003,"NRI_P041",25
"32045",-38456.02306946,"NRI_P041",50
"32046",19111.52857054,"NRI_P041",100
"32047",-14714.06682946,"NRI_P041",25
"32048",61903.8002905399,"NRI_P041",50
"32049",34745.09624054,"NRI_P041",100
"32050",26015.16130054,"NRI_P041",25
"32051",25358.68049054,"NRI_P041",50
"32052",40683.08367054,"NRI_P041",100
"32053",-6704.15964946005,"NRI_P041",25
"32054",26102.72582054,"NRI_P041",50
"32055",70622.81470054,"NRI_P041",100
"32056",16816.20272054,"NRI_P041",25
"32057",11122.10523054,"NRI_P041",50
"32058",35137.87099054,"NRI_P041",100
"32059",-494.742929460015,"NRI_P041",25
"32060",15820.58586054,"NRI_P041",50
"32061",30631.81157054,"NRI_P041",100
"32062",6546.97033053997,"NRI_P041",25
"32063",762.892890539952,"NRI_P041",50
"32064",47366.4453205399,"NRI_P041",100
"32065",13850.96719054,"NRI_P041",25
"32066",42380.8050305399,"NRI_P041",50
"32067",3326.82063053997,"NRI_P041",100
"32068",16038.25318054,"NRI_P041",25
"32069",-26282.65483946,"NRI_P041",50
"32070",60825.2541205399,"NRI_P041",100
"32071",-8444.94089946005,"NRI_P041",25
"32072",33561.57671054,"NRI_P041",50
"32073",60673.4508405399,"NRI_P041",100
"32074",-2564.83172946004,"NRI_P041",25
"32075",46220.9166105399,"NRI_P041",50
"32076",7831.49630053999,"NRI_P041",100
"32077",-26179.81304946,"NRI_P041",25
"32078",19810.36862054,"NRI_P041",50
"32079",31216.03921054,"NRI_P041",100
"32080",58462.30128054,"NRI_P041",25
"32081",7823.19266053999,"NRI_P041",50
"32082",4077.48935053998,"NRI_P041",100
"32083",17809.25358054,"NRI_P041",25
"32084",41122.42396054,"NRI_P041",50
"32085",-7885.46945946,"NRI_P041",100
"32086",-10831.40067946,"NRI_P041",25
"32087",30540.91977054,"NRI_P041",50
"32088",41886.26201054,"NRI_P041",100
"32089",-9551.62099946005,"NRI_P041",25
"32090",-6930.78596946003,"NRI_P041",50
"32091",-7653.09364946,"NRI_P041",100
"32092",47162.87320054,"NRI_P041",25
"32093",64507.54850054,"NRI_P041",50
"32094",76805.43580054,"NRI_P041",100
"32095",17604.11200054,"NRI_P041",25
"32096",13796.36428054,"NRI_P041",50
"32097",-8299.53752946004,"NRI_P041",100
"32098",-19141.44073946,"NRI_P041",25
"32099",70957.84292054,"NRI_P041",50
"32100",34308.26771054,"NRI_P041",100
"32101",16155.683783379,"NRI_P042",25
"32102",12896.639393379,"NRI_P042",50
"32103",-2798.28544662095,"NRI_P042",100
"32104",11371.473093379,"NRI_P042",25
"32105",-2555.31708662095,"NRI_P042",50
"32106",-20202.192456621,"NRI_P042",100
"32107",10025.632653379,"NRI_P042",25
"32108",11169.008233379,"NRI_P042",50
"32109",4623.81236337899,"NRI_P042",100
"32110",-10364.178716621,"NRI_P042",25
"32111",-15168.087026621,"NRI_P042",50
"32112",518.941403379024,"NRI_P042",100
"32113",7154.26996337902,"NRI_P042",25
"32114",8859.75251337903,"NRI_P042",50
"32115",-5049.481796621,"NRI_P042",100
"32116",-774.630056620983,"NRI_P042",25
"32117",19648.017273379,"NRI_P042",50
"32118",-11277.309066621,"NRI_P042",100
"32119",5573.601243379,"NRI_P042",25
"32120",14667.4661133791,"NRI_P042",50
"32121",23421.117963379,"NRI_P042",100
"32122",8602.10942337901,"NRI_P042",25
"32123",12186.459213379,"NRI_P042",50
"32124",9305.78070337902,"NRI_P042",100
"32125",-11464.672646621,"NRI_P042",25
"32126",19371.441443379,"NRI_P042",50
"32127",-13966.972546621,"NRI_P042",100
"32128",9389.558863379,"NRI_P042",25
"32129",211.984853379021,"NRI_P042",50
"32130",-7879.99447662098,"NRI_P042",100
"32131",-7970.35681662097,"NRI_P042",25
"32132",-6171.53940662096,"NRI_P042",50
"32133",21908.653573379,"NRI_P042",100
"32134",-4540.53178662097,"NRI_P042",25
"32135",2574.24489337904,"NRI_P042",50
"32136",4127.670263379,"NRI_P042",100
"32137",6057.68355337903,"NRI_P042",25
"32138",-2151.43763662095,"NRI_P042",50
"32139",19182.307503379,"NRI_P042",100
"32140",8217.61512337904,"NRI_P042",25
"32141",-6495.57719662099,"NRI_P042",50
"32142",8614.78278337902,"NRI_P042",100
"32143",779.912913379027,"NRI_P042",25
"32144",28197.851513379,"NRI_P042",50
"32145",16809.661463379,"NRI_P042",100
"32146",2628.171463379,"NRI_P042",25
"32147",-3542.99376662099,"NRI_P042",50
"32148",18759.626353379,"NRI_P042",100
"32149",-5367.76089662098,"NRI_P042",25
"32150",9030.35096337902,"NRI_P042",50
"32151",-2634.30219662096,"NRI_P042",100
"32152",8026.74615337903,"NRI_P042",25
"32153",-11712.287796621,"NRI_P042",50
"32154",12745.121053379,"NRI_P042",100
"32155",830.577513379045,"NRI_P042",25
"32156",-2221.70756662096,"NRI_P042",50
"32157",5255.07861337904,"NRI_P042",100
"32158",9132.32380337903,"NRI_P042",25
"32159",7930.37274337903,"NRI_P042",50
"32160",9629.80844337901,"NRI_P042",100
"32161",6172.28365337901,"NRI_P042",25
"32162",-2993.68405662099,"NRI_P042",50
"32163",-9479.14146662096,"NRI_P042",100
"32164",-9578.56343662099,"NRI_P042",25
"32165",8721.69543337903,"NRI_P042",50
"32166",27724.059243379,"NRI_P042",100
"32167",-668.918266620953,"NRI_P042",25
"32168",-1457.76897662098,"NRI_P042",50
"32169",4099.98332337901,"NRI_P042",100
"32170",10746.221563379,"NRI_P042",25
"32171",-11668.0317766209,"NRI_P042",50
"32172",3341.33050337899,"NRI_P042",100
"32173",-6637.70539662096,"NRI_P042",25
"32174",2681.23138337902,"NRI_P042",50
"32175",2498.31643337902,"NRI_P042",100
"32176",14576.465883379,"NRI_P042",25
"32177",4503.34031337901,"NRI_P042",50
"32178",-864.265846620954,"NRI_P042",100
"32179",-6972.95188662095,"NRI_P042",25
"32180",-6977.67840662098,"NRI_P042",50
"32181",16015.132803379,"NRI_P042",100
"32182",-3552.37587662099,"NRI_P042",25
"32183",-2216.21587662096,"NRI_P042",50
"32184",1958.645733379,"NRI_P042",100
"32185",-2224.49943662097,"NRI_P042",25
"32186",5027.12267337902,"NRI_P042",50
"32187",5604.89896337903,"NRI_P042",100
"32188",10223.586283379,"NRI_P042",25
"32189",-323.722326620948,"NRI_P042",50
"32190",18250.148753379,"NRI_P042",100
"32191",3083.51606337901,"NRI_P042",25
"32192",9937.95004337904,"NRI_P042",50
"32193",-3941.486766621,"NRI_P042",100
"32194",11811.210853379,"NRI_P042",25
"32195",6424.31096337904,"NRI_P042",50
"32196",-5766.94541662099,"NRI_P042",100
"32197",-5277.58420662099,"NRI_P042",25
"32198",-6051.71960662096,"NRI_P042",50
"32199",14621.782893379,"NRI_P042",100
"32200",44.1111733790021,"NRI_P042",25
"32201",19379.360323379,"NRI_P042",50
"32202",11752.763123379,"NRI_P042",100
"32203",-7341.16422662098,"NRI_P042",25
"32204",9874.69284337905,"NRI_P042",50
"32205",5059.07952337904,"NRI_P042",100
"32206",-10272.458076621,"NRI_P042",25
"32207",802.16362337902,"NRI_P042",50
"32208",17629.696163379,"NRI_P042",100
"32209",-7447.43060662097,"NRI_P042",25
"32210",5936.84191337903,"NRI_P042",50
"32211",41560.453303379,"NRI_P042",100
"32212",21861.481983379,"NRI_P042",25
"32213",4452.03628337901,"NRI_P042",50
"32214",7614.08629337902,"NRI_P042",100
"32215",-7272.51641662099,"NRI_P042",25
"32216",-7898.86122662097,"NRI_P042",50
"32217",14301.166363379,"NRI_P042",100
"32218",-7530.513796621,"NRI_P042",25
"32219",-9505.25121662096,"NRI_P042",50
"32220",7784.97253337904,"NRI_P042",100
"32221",19440.166213379,"NRI_P042",25
"32222",17414.844023379,"NRI_P042",50
"32223",18505.059703379,"NRI_P042",100
"32224",-616.09763662098,"NRI_P042",25
"32225",7329.40544337902,"NRI_P042",50
"32226",8593.720693379,"NRI_P042",100
"32227",3440.13315337902,"NRI_P042",25
"32228",23643.471683379,"NRI_P042",50
"32229",17540.671903379,"NRI_P042",100
"32230",11765.108303379,"NRI_P042",25
"32231",2605.65346337901,"NRI_P042",50
"32232",4098.55105337902,"NRI_P042",100
"32233",1901.19985337905,"NRI_P042",25
"32234",5878.94634337904,"NRI_P042",50
"32235",7223.32300337905,"NRI_P042",100
"32236",2385.19599337905,"NRI_P042",25
"32237",4791.327813379,"NRI_P042",50
"32238",4588.00675337901,"NRI_P042",100
"32239",5588.58438337903,"NRI_P042",25
"32240",406.657953379035,"NRI_P042",50
"32241",-3823.22506662097,"NRI_P042",100
"32242",3724.697493379,"NRI_P042",25
"32243",28239.140653379,"NRI_P042",50
"32244",12245.501753379,"NRI_P042",100
"32245",-555.72766662098,"NRI_P042",25
"32246",1480.377983379,"NRI_P042",50
"32247",11957.301493379,"NRI_P042",100
"32248",-9212.18016662099,"NRI_P042",25
"32249",811.137723379012,"NRI_P042",50
"32250",-8913.34009662096,"NRI_P042",100
"32251",5329.69874337903,"NRI_P042",25
"32252",8979.98936337902,"NRI_P042",50
"32253",-6550.70311662095,"NRI_P042",100
"32254",-582.454106620979,"NRI_P042",25
"32255",-1715.022526621,"NRI_P042",50
"32256",-623.367026620952,"NRI_P042",100
"32257",1354.30061337905,"NRI_P042",25
"32258",10834.886243379,"NRI_P042",50
"32259",15593.698163379,"NRI_P042",100
"32260",6691.26386337902,"NRI_P042",25
"32261",-5751.42235662095,"NRI_P042",50
"32262",11568.841843379,"NRI_P042",100
"32263",12928.261863379,"NRI_P042",25
"32264",6678.709953379,"NRI_P042",50
"32265",2351.36317337904,"NRI_P042",100
"32266",-3654.74207662098,"NRI_P042",25
"32267",8759.67798337905,"NRI_P042",50
"32268",-12585.038646621,"NRI_P042",100
"32269",2247.04021337902,"NRI_P042",25
"32270",15404.660393379,"NRI_P042",50
"32271",1331.55803337903,"NRI_P042",100
"32272",11387.534473379,"NRI_P042",25
"32273",-2380.68480662099,"NRI_P042",50
"32274",18501.922623379,"NRI_P042",100
"32275",7245.31276337901,"NRI_P042",25
"32276",782.565853379027,"NRI_P042",50
"32277",6020.53908337903,"NRI_P042",100
"32278",-10315.705306621,"NRI_P042",25
"32279",-3798.18974662095,"NRI_P042",50
"32280",10921.905863379,"NRI_P042",100
"32281",1246.77379337902,"NRI_P042",25
"32282",-6187.91893662099,"NRI_P042",50
"32283",11234.506963379,"NRI_P042",100
"32284",7697.82076337904,"NRI_P042",25
"32285",18734.165093379,"NRI_P042",50
"32286",8202.648363379,"NRI_P042",100
"32287",-6234.60302662099,"NRI_P042",25
"32288",15814.471723379,"NRI_P042",50
"32289",-10584.852256621,"NRI_P042",100
"32290",-6163.98369662097,"NRI_P042",25
"32291",4078.05204337905,"NRI_P042",50
"32292",11324.060243379,"NRI_P042",100
"32293",-564.858566620969,"NRI_P042",25
"32294",-1861.16786662099,"NRI_P042",50
"32295",27516.253803379,"NRI_P042",100
"32296",-2911.70519662095,"NRI_P042",25
"32297",-3402.61441662099,"NRI_P042",50
"32298",-7148.339436621,"NRI_P042",100
"32299",-1310.75984662096,"NRI_P042",25
"32300",2806.60686337901,"NRI_P042",50
"32301",13376.675753379,"NRI_P042",100
"32302",4655.16926337901,"NRI_P042",25
"32303",19088.6042233791,"NRI_P042",50
"32304",7124.35903337901,"NRI_P042",100
"32305",2415.91149337904,"NRI_P042",25
"32306",30673.218663379,"NRI_P042",50
"32307",14783.478943379,"NRI_P042",100
"32308",-4561.05996662099,"NRI_P042",25
"32309",19128.302663379,"NRI_P042",50
"32310",18210.622453379,"NRI_P042",100
"32311",1955.86683337903,"NRI_P042",25
"32312",9317.79048337904,"NRI_P042",50
"32313",35044.525873379,"NRI_P042",100
"32314",7652.400793379,"NRI_P042",25
"32315",-7648.39708662097,"NRI_P042",50
"32316",18593.438973379,"NRI_P042",100
"32317",13229.968413379,"NRI_P042",25
"32318",17620.1618233791,"NRI_P042",50
"32319",-4063.36134662095,"NRI_P042",100
"32320",-802.19846662099,"NRI_P042",25
"32321",-8179.71543662099,"NRI_P042",50
"32322",12445.067873379,"NRI_P042",100
"32323",4015.45749337901,"NRI_P042",25
"32324",-9074.38624662097,"NRI_P042",50
"32325",9196.15129337902,"NRI_P042",100
"32326",334.060263379011,"NRI_P042",25
"32327",4369.699403379,"NRI_P042",50
"32328",2338.57475337904,"NRI_P042",100
"32329",3913.50772337901,"NRI_P042",25
"32330",10389.399763379,"NRI_P042",50
"32331",13040.867783379,"NRI_P042",100
"32332",2068.43773337902,"NRI_P042",25
"32333",7869.75464337901,"NRI_P042",50
"32334",23932.573753379,"NRI_P042",100
"32335",20902.364173379,"NRI_P042",25
"32336",14688.340793379,"NRI_P042",50
"32337",16520.298583379,"NRI_P042",100
"32338",469.792973379022,"NRI_P042",25
"32339",2819.55156337901,"NRI_P042",50
"32340",-11143.768986621,"NRI_P042",100
"32341",-433.218316620972,"NRI_P042",25
"32342",-6711.44651662098,"NRI_P042",50
"32343",4756.81870337902,"NRI_P042",100
"32344",12436.425933379,"NRI_P042",25
"32345",4624.37876337901,"NRI_P042",50
"32346",-7073.95865662099,"NRI_P042",100
"32347",-3694.79563662095,"NRI_P042",25
"32348",8279.80356337904,"NRI_P042",50
"32349",12904.945243379,"NRI_P042",100
"32350",2759.47048337903,"NRI_P042",25
"32351",6310.81664337905,"NRI_P042",50
"32352",-1373.30804662098,"NRI_P042",100
"32353",1561.855883379,"NRI_P042",25
"32354",2131.01169337903,"NRI_P042",50
"32355",8220.109223379,"NRI_P042",100
"32356",7079.807593379,"NRI_P042",25
"32357",1905.91113337904,"NRI_P042",50
"32358",1210.22985337902,"NRI_P042",100
"32359",2773.02351337904,"NRI_P042",25
"32360",1555.36421337904,"NRI_P042",50
"32361",-205.291696620989,"NRI_P042",100
"32362",9545.39065337903,"NRI_P042",25
"32363",22676.066633379,"NRI_P042",50
"32364",7995.44629337901,"NRI_P042",100
"32365",7688.48645337904,"NRI_P042",25
"32366",-77.6609766209731,"NRI_P042",50
"32367",20774.977603379,"NRI_P042",100
"32368",-12724.797626621,"NRI_P042",25
"32369",6688.08346337901,"NRI_P042",50
"32370",24129.488253379,"NRI_P042",100
"32371",1964.01155337901,"NRI_P042",25
"32372",2402.456773379,"NRI_P042",50
"32373",7731.76905337902,"NRI_P042",100
"32374",11564.946543379,"NRI_P042",25
"32375",1592.47633337905,"NRI_P042",50
"32376",10441.347483379,"NRI_P042",100
"32377",14715.734963379,"NRI_P042",25
"32378",-6751.78711662098,"NRI_P042",50
"32379",21829.885053379,"NRI_P042",100
"32380",12077.708513379,"NRI_P042",25
"32381",16520.366353379,"NRI_P042",50
"32382",-12533.001926621,"NRI_P042",100
"32383",-3068.95284662099,"NRI_P042",25
"32384",10106.370173379,"NRI_P042",50
"32385",14528.945923379,"NRI_P042",100
"32386",978.551283379027,"NRI_P042",25
"32387",2267.40855337901,"NRI_P042",50
"32388",7755.35483337904,"NRI_P042",100
"32389",-7363.74161662097,"NRI_P042",25
"32390",11864.481303379,"NRI_P042",50
"32391",11174.181573379,"NRI_P042",100
"32392",-1298.43043662095,"NRI_P042",25
"32393",6021.60514337901,"NRI_P042",50
"32394",16425.441953379,"NRI_P042",100
"32395",12676.655743379,"NRI_P042",25
"32396",10588.875013379,"NRI_P042",50
"32397",13001.214313379,"NRI_P042",100
"32398",18023.299093379,"NRI_P042",25
"32399",10227.356613379,"NRI_P042",50
"32400",-3058.903006621,"NRI_P042",100
"32401",-8249.45409338899,"NRI_P046",25
"32402",-21932.281853389,"NRI_P046",50
"32403",-23321.626223389,"NRI_P046",100
"32404",-549.145933388994,"NRI_P046",25
"32405",-31074.525893389,"NRI_P046",50
"32406",-28804.611373389,"NRI_P046",100
"32407",-14958.299303389,"NRI_P046",25
"32408",-27005.660673389,"NRI_P046",50
"32409",-36102.735423389,"NRI_P046",100
"32410",-12478.513273389,"NRI_P046",25
"32411",-15098.092873389,"NRI_P046",50
"32412",-36796.777213389,"NRI_P046",100
"32413",-6583.251693389,"NRI_P046",25
"32414",-13152.108013389,"NRI_P046",50
"32415",-46908.136003389,"NRI_P046",100
"32416",-17052.174363389,"NRI_P046",25
"32417",-21607.946983389,"NRI_P046",50
"32418",-29520.746773389,"NRI_P046",100
"32419",-12118.963813389,"NRI_P046",25
"32420",-20312.909093389,"NRI_P046",50
"32421",-31638.000693389,"NRI_P046",100
"32422",-13750.290313389,"NRI_P046",25
"32423",-13848.798273389,"NRI_P046",50
"32424",-44211.146073389,"NRI_P046",100
"32425",-4514.412963389,"NRI_P046",25
"32426",-15590.312943389,"NRI_P046",50
"32427",-25890.540503389,"NRI_P046",100
"32428",-3774.655823389,"NRI_P046",25
"32429",-10370.325473389,"NRI_P046",50
"32430",-39875.947573389,"NRI_P046",100
"32431",-12737.906333389,"NRI_P046",25
"32432",-17537.827963389,"NRI_P046",50
"32433",-40640.258673389,"NRI_P046",100
"32434",-5705.70107338901,"NRI_P046",25
"32435",962.132686611003,"NRI_P046",50
"32436",-25395.766673389,"NRI_P046",100
"32437",-6130.844553389,"NRI_P046",25
"32438",-15573.332963389,"NRI_P046",50
"32439",-21326.298683389,"NRI_P046",100
"32440",-1402.402523389,"NRI_P046",25
"32441",-22881.263623389,"NRI_P046",50
"32442",-40475.191593389,"NRI_P046",100
"32443",-9138.751613389,"NRI_P046",25
"32444",-18435.028213389,"NRI_P046",50
"32445",-37946.786253389,"NRI_P046",100
"32446",-6466.301903389,"NRI_P046",25
"32447",-12045.594373389,"NRI_P046",50
"32448",-33538.266133389,"NRI_P046",100
"32449",-14200.020653389,"NRI_P046",25
"32450",-8616.907823389,"NRI_P046",50
"32451",-31310.429173389,"NRI_P046",100
"32452",-6412.376303389,"NRI_P046",25
"32453",-16444.369433389,"NRI_P046",50
"32454",-33932.247463389,"NRI_P046",100
"32455",-13079.268093389,"NRI_P046",25
"32456",-12146.320133389,"NRI_P046",50
"32457",-33992.192943389,"NRI_P046",100
"32458",-7087.293383389,"NRI_P046",25
"32459",-19830.424153389,"NRI_P046",50
"32460",-32863.297103389,"NRI_P046",100
"32461",-16650.316483389,"NRI_P046",25
"32462",-7341.493793389,"NRI_P046",50
"32463",-33057.884763389,"NRI_P046",100
"32464",-3380.17524338901,"NRI_P046",25
"32465",-6786.559563389,"NRI_P046",50
"32466",-31399.514503389,"NRI_P046",100
"32467",-4625.231323389,"NRI_P046",25
"32468",-21380.318103389,"NRI_P046",50
"32469",-29832.360833389,"NRI_P046",100
"32470",-4856.72192338901,"NRI_P046",25
"32471",-13466.159693389,"NRI_P046",50
"32472",-31174.116973389,"NRI_P046",100
"32473",-3019.051773389,"NRI_P046",25
"32474",-28853.654493389,"NRI_P046",50
"32475",-35108.909563389,"NRI_P046",100
"32476",-4960.437473389,"NRI_P046",25
"32477",-11554.573843389,"NRI_P046",50
"32478",-24880.757003389,"NRI_P046",100
"32479",-14432.322743389,"NRI_P046",25
"32480",-16993.456653389,"NRI_P046",50
"32481",-36469.765433389,"NRI_P046",100
"32482",-3282.694643389,"NRI_P046",25
"32483",-14210.779723389,"NRI_P046",50
"32484",-26938.651633389,"NRI_P046",100
"32485",-14480.286793389,"NRI_P046",25
"32486",-16412.939753389,"NRI_P046",50
"32487",-29206.935743389,"NRI_P046",100
"32488",-4548.40542338901,"NRI_P046",25
"32489",-16432.162583389,"NRI_P046",50
"32490",-35959.824593389,"NRI_P046",100
"32491",1969.026896611,"NRI_P046",25
"32492",-11601.185083389,"NRI_P046",50
"32493",-28728.688133389,"NRI_P046",100
"32494",-8844.558903389,"NRI_P046",25
"32495",-20439.500543389,"NRI_P046",50
"32496",-17872.583003389,"NRI_P046",100
"32497",-16051.587713389,"NRI_P046",25
"32498",-5469.262693389,"NRI_P046",50
"32499",-40841.561443389,"NRI_P046",100
"32500",-5388.821023389,"NRI_P046",25
"32501",-12988.911783389,"NRI_P046",50
"32502",-40504.197803389,"NRI_P046",100
"32503",-19162.281563389,"NRI_P046",25
"32504",-12165.421573389,"NRI_P046",50
"32505",-36033.370173389,"NRI_P046",100
"32506",-16984.304373389,"NRI_P046",25
"32507",-7996.852443389,"NRI_P046",50
"32508",-32375.689203389,"NRI_P046",100
"32509",-13473.368803389,"NRI_P046",25
"32510",-3708.674753389,"NRI_P046",50
"32511",-28701.820603389,"NRI_P046",100
"32512",-8082.588903389,"NRI_P046",25
"32513",-23875.178163389,"NRI_P046",50
"32514",-32738.860313389,"NRI_P046",100
"32515",-2663.72936338899,"NRI_P046",25
"32516",-18629.240893389,"NRI_P046",50
"32517",-36725.025183389,"NRI_P046",100
"32518",-3692.976163389,"NRI_P046",25
"32519",-8944.163233389,"NRI_P046",50
"32520",-26220.952613389,"NRI_P046",100
"32521",-17845.371333389,"NRI_P046",25
"32522",-12381.510943389,"NRI_P046",50
"32523",-29749.582713389,"NRI_P046",100
"32524",1999.699906611,"NRI_P046",25
"32525",-15534.060723389,"NRI_P046",50
"32526",-30149.534463389,"NRI_P046",100
"32527",6143.404026611,"NRI_P046",25
"32528",-18924.454923389,"NRI_P046",50
"32529",-42321.666453389,"NRI_P046",100
"32530",-5805.031613389,"NRI_P046",25
"32531",-24882.592883389,"NRI_P046",50
"32532",-31490.713663389,"NRI_P046",100
"32533",-12128.554853389,"NRI_P046",25
"32534",-20221.048063389,"NRI_P046",50
"32535",-32122.751713389,"NRI_P046",100
"32536",-7594.343763389,"NRI_P046",25
"32537",-12127.295673389,"NRI_P046",50
"32538",-35725.765273389,"NRI_P046",100
"32539",-10512.617923389,"NRI_P046",25
"32540",-20874.656043389,"NRI_P046",50
"32541",-38734.058903389,"NRI_P046",100
"32542",-15435.608153389,"NRI_P046",25
"32543",-28295.210643389,"NRI_P046",50
"32544",-22610.598923389,"NRI_P046",100
"32545",-13747.990203389,"NRI_P046",25
"32546",-22213.026573389,"NRI_P046",50
"32547",-40846.618903389,"NRI_P046",100
"32548",-15421.025163389,"NRI_P046",25
"32549",-27765.206533389,"NRI_P046",50
"32550",-32482.835403389,"NRI_P046",100
"32551",-3765.789443389,"NRI_P046",25
"32552",-3764.85466338899,"NRI_P046",50
"32553",-39172.836853389,"NRI_P046",100
"32554",262.255496611004,"NRI_P046",25
"32555",-15926.801613389,"NRI_P046",50
"32556",-38771.712343389,"NRI_P046",100
"32557",-5316.75940338901,"NRI_P046",25
"32558",-10531.264723389,"NRI_P046",50
"32559",-37067.266753389,"NRI_P046",100
"32560",1119.566526611,"NRI_P046",25
"32561",-26369.251353389,"NRI_P046",50
"32562",-40007.063973389,"NRI_P046",100
"32563",-7319.665213389,"NRI_P046",25
"32564",-18812.503413389,"NRI_P046",50
"32565",-27323.420213389,"NRI_P046",100
"32566",-5248.657933389,"NRI_P046",25
"32567",-19336.729803389,"NRI_P046",50
"32568",-34867.710003389,"NRI_P046",100
"32569",4737.92173661101,"NRI_P046",25
"32570",-15425.580743389,"NRI_P046",50
"32571",-40713.629833389,"NRI_P046",100
"32572",-2955.853753389,"NRI_P046",25
"32573",-17140.333703389,"NRI_P046",50
"32574",-38542.374253389,"NRI_P046",100
"32575",-13624.046813389,"NRI_P046",25
"32576",-20358.769003389,"NRI_P046",50
"32577",-34264.111593389,"NRI_P046",100
"32578",-6822.796383389,"NRI_P046",25
"32579",-25975.801083389,"NRI_P046",50
"32580",-33783.795393389,"NRI_P046",100
"32581",-6827.986523389,"NRI_P046",25
"32582",-21237.799013389,"NRI_P046",50
"32583",-20028.490453389,"NRI_P046",100
"32584",-5945.753673389,"NRI_P046",25
"32585",-25677.566063389,"NRI_P046",50
"32586",-36402.514593389,"NRI_P046",100
"32587",-20622.379903389,"NRI_P046",25
"32588",-9005.02037338899,"NRI_P046",50
"32589",-38171.681653389,"NRI_P046",100
"32590",-2365.552633389,"NRI_P046",25
"32591",-20866.471253389,"NRI_P046",50
"32592",-13774.249793389,"NRI_P046",100
"32593",-13182.195323389,"NRI_P046",25
"32594",-21894.371133389,"NRI_P046",50
"32595",-35179.830263389,"NRI_P046",100
"32596",-4293.661903389,"NRI_P046",25
"32597",-25780.626213389,"NRI_P046",50
"32598",-39265.192903389,"NRI_P046",100
"32599",-1716.323183389,"NRI_P046",25
"32600",-33159.163443389,"NRI_P046",50
"32601",-22238.317033389,"NRI_P046",100
"32602",-4759.675823389,"NRI_P046",25
"32603",-25340.210943389,"NRI_P046",50
"32604",-30431.309193389,"NRI_P046",100
"32605",3611.96307661101,"NRI_P046",25
"32606",-14036.084633389,"NRI_P046",50
"32607",-24263.459303389,"NRI_P046",100
"32608",2192.85999661101,"NRI_P046",25
"32609",-19275.663313389,"NRI_P046",50
"32610",-33983.554033389,"NRI_P046",100
"32611",-12254.653233389,"NRI_P046",25
"32612",-22618.404693389,"NRI_P046",50
"32613",-31760.646623389,"NRI_P046",100
"32614",-20466.210653389,"NRI_P046",25
"32615",-3383.631373389,"NRI_P046",50
"32616",-41572.566623389,"NRI_P046",100
"32617",11665.659396611,"NRI_P046",25
"32618",-7014.43740338901,"NRI_P046",50
"32619",-32420.956473389,"NRI_P046",100
"32620",-10950.030893389,"NRI_P046",25
"32621",-31170.712993389,"NRI_P046",50
"32622",-40024.070763389,"NRI_P046",100
"32623",297.572766611003,"NRI_P046",25
"32624",-8701.974063389,"NRI_P046",50
"32625",-41815.711333389,"NRI_P046",100
"32626",-6707.450113389,"NRI_P046",25
"32627",-23607.839163389,"NRI_P046",50
"32628",-43544.616353389,"NRI_P046",100
"32629",1519.209226611,"NRI_P046",25
"32630",-10869.699903389,"NRI_P046",50
"32631",-29949.591043389,"NRI_P046",100
"32632",-5651.821453389,"NRI_P046",25
"32633",-8287.02071338899,"NRI_P046",50
"32634",-37770.191253389,"NRI_P046",100
"32635",-2942.227073389,"NRI_P046",25
"32636",-9134.60376338899,"NRI_P046",50
"32637",-36129.659563389,"NRI_P046",100
"32638",-7865.36480338901,"NRI_P046",25
"32639",-14053.045593389,"NRI_P046",50
"32640",-37983.542863389,"NRI_P046",100
"32641",-4643.97824338901,"NRI_P046",25
"32642",-11377.184923389,"NRI_P046",50
"32643",-37814.915453389,"NRI_P046",100
"32644",-8891.678883389,"NRI_P046",25
"32645",-25888.615563389,"NRI_P046",50
"32646",-37658.732793389,"NRI_P046",100
"32647",-9957.191503389,"NRI_P046",25
"32648",-13292.714043389,"NRI_P046",50
"32649",-31064.422823389,"NRI_P046",100
"32650",1950.99837661099,"NRI_P046",25
"32651",-10113.430103389,"NRI_P046",50
"32652",-36765.114933389,"NRI_P046",100
"32653",-21404.256033389,"NRI_P046",25
"32654",-12702.229363389,"NRI_P046",50
"32655",-40695.048773389,"NRI_P046",100
"32656",-7579.21663338901,"NRI_P046",25
"32657",-14756.013173389,"NRI_P046",50
"32658",-25508.782003389,"NRI_P046",100
"32659",-16185.064343389,"NRI_P046",25
"32660",-12252.100133389,"NRI_P046",50
"32661",-12332.194163389,"NRI_P046",100
"32662",-8490.610393389,"NRI_P046",25
"32663",-34430.716483389,"NRI_P046",50
"32664",-36368.355473389,"NRI_P046",100
"32665",-6258.110413389,"NRI_P046",25
"32666",-18678.035453389,"NRI_P046",50
"32667",-33624.671663389,"NRI_P046",100
"32668",-14725.016743389,"NRI_P046",25
"32669",-5473.36524338899,"NRI_P046",50
"32670",-35780.341233389,"NRI_P046",100
"32671",-17042.625223389,"NRI_P046",25
"32672",-16459.103503389,"NRI_P046",50
"32673",-39819.745133389,"NRI_P046",100
"32674",-16756.824453389,"NRI_P046",25
"32675",-19161.859233389,"NRI_P046",50
"32676",-41417.118853389,"NRI_P046",100
"32677",-8742.960553389,"NRI_P046",25
"32678",-34254.149603389,"NRI_P046",50
"32679",-35709.810913389,"NRI_P046",100
"32680",-8243.583223389,"NRI_P046",25
"32681",-10267.619113389,"NRI_P046",50
"32682",-21038.842683389,"NRI_P046",100
"32683",-8669.746393389,"NRI_P046",25
"32684",-14050.853133389,"NRI_P046",50
"32685",-44574.245213389,"NRI_P046",100
"32686",-8450.055223389,"NRI_P046",25
"32687",-22950.093943389,"NRI_P046",50
"32688",-29262.674763389,"NRI_P046",100
"32689",-4944.272453389,"NRI_P046",25
"32690",-25813.990863389,"NRI_P046",50
"32691",-37255.358203389,"NRI_P046",100
"32692",-10816.908823389,"NRI_P046",25
"32693",-28357.821243389,"NRI_P046",50
"32694",-32046.147663389,"NRI_P046",100
"32695",-295.149103389005,"NRI_P046",25
"32696",-24890.599373389,"NRI_P046",50
"32697",-33456.470713389,"NRI_P046",100
"32698",-8122.702563389,"NRI_P046",25
"32699",-24986.313773389,"NRI_P046",50
"32700",-32702.600473389,"NRI_P046",100
"32701",9650.13630940602,"NRI_P047",25
"32702",-10898.151500594,"NRI_P047",50
"32703",-14438.505210594,"NRI_P047",100
"32704",6676.14873940602,"NRI_P047",25
"32705",-6551.42434059398,"NRI_P047",50
"32706",-25724.428170594,"NRI_P047",100
"32707",-8546.80442059401,"NRI_P047",25
"32708",-22118.340320594,"NRI_P047",50
"32709",-31006.768990594,"NRI_P047",100
"32710",-19537.010560594,"NRI_P047",25
"32711",-2804.30004059401,"NRI_P047",50
"32712",10088.744779406,"NRI_P047",100
"32713",13626.003149406,"NRI_P047",25
"32714",-13301.974700594,"NRI_P047",50
"32715",-7191.94489059399,"NRI_P047",100
"32716",3327.667319406,"NRI_P047",25
"32717",-26158.204370594,"NRI_P047",50
"32718",-48488.118380594,"NRI_P047",100
"32719",2675.90110940603,"NRI_P047",25
"32720",-15881.005330594,"NRI_P047",50
"32721",-12731.196590594,"NRI_P047",100
"32722",-3950.07440059399,"NRI_P047",25
"32723",-24345.308800594,"NRI_P047",50
"32724",4260.06551940599,"NRI_P047",100
"32725",1087.46575940598,"NRI_P047",25
"32726",-5104.11366059398,"NRI_P047",50
"32727",-29376.800490594,"NRI_P047",100
"32728",-7047.16353059403,"NRI_P047",25
"32729",-9253.13906059403,"NRI_P047",50
"32730",-19966.170060594,"NRI_P047",100
"32731",-22011.150540594,"NRI_P047",25
"32732",-17823.594530594,"NRI_P047",50
"32733",-19224.690610594,"NRI_P047",100
"32734",-7523.389890594,"NRI_P047",25
"32735",-29592.734490594,"NRI_P047",50
"32736",-104.79409059399,"NRI_P047",100
"32737",-10837.534050594,"NRI_P047",25
"32738",16457.505629406,"NRI_P047",50
"32739",-9722.427110594,"NRI_P047",100
"32740",-4194.10138059402,"NRI_P047",25
"32741",5754.95232940599,"NRI_P047",50
"32742",-47711.045910594,"NRI_P047",100
"32743",789.608799405978,"NRI_P047",25
"32744",-11513.326120594,"NRI_P047",50
"32745",-28228.258740594,"NRI_P047",100
"32746",14112.623559406,"NRI_P047",25
"32747",-18762.481080594,"NRI_P047",50
"32748",-7592.88977059402,"NRI_P047",100
"32749",-8051.23200059403,"NRI_P047",25
"32750",19166.193059406,"NRI_P047",50
"32751",-14891.523360594,"NRI_P047",100
"32752",24411.774419406,"NRI_P047",25
"32753",-18047.010680594,"NRI_P047",50
"32754",-18620.374330594,"NRI_P047",100
"32755",2061.603329406,"NRI_P047",25
"32756",3811.75354940601,"NRI_P047",50
"32757",-20475.979880594,"NRI_P047",100
"32758",-16520.022490594,"NRI_P047",25
"32759",-17945.899110594,"NRI_P047",50
"32760",9369.44626940601,"NRI_P047",100
"32761",-6071.93277059402,"NRI_P047",25
"32762",22376.476629406,"NRI_P047",50
"32763",-17845.418710594,"NRI_P047",100
"32764",6576.951849406,"NRI_P047",25
"32765",-13960.329040594,"NRI_P047",50
"32766",-21846.139640594,"NRI_P047",100
"32767",-15643.996900594,"NRI_P047",25
"32768",-16389.017190594,"NRI_P047",50
"32769",-46797.021290594,"NRI_P047",100
"32770",-6405.70457059401,"NRI_P047",25
"32771",2825.13029940601,"NRI_P047",50
"32772",32646.911839406,"NRI_P047",100
"32773",-11731.862700594,"NRI_P047",25
"32774",30759.331589406,"NRI_P047",50
"32775",554.292209405976,"NRI_P047",100
"32776",5359.37404940597,"NRI_P047",25
"32777",-7888.68231059401,"NRI_P047",50
"32778",-3079.71789059398,"NRI_P047",100
"32779",-2010.20978059398,"NRI_P047",25
"32780",-15731.348450594,"NRI_P047",50
"32781",-7602.84292059398,"NRI_P047",100
"32782",14222.020279406,"NRI_P047",25
"32783",-22016.168280594,"NRI_P047",50
"32784",-42247.533290594,"NRI_P047",100
"32785",-8248.71354059398,"NRI_P047",25
"32786",-21167.589980594,"NRI_P047",50
"32787",-31678.854940594,"NRI_P047",100
"32788",-12785.304910594,"NRI_P047",25
"32789",-34806.837930594,"NRI_P047",50
"32790",18205.854759406,"NRI_P047",100
"32791",18022.547619406,"NRI_P047",25
"32792",-36286.951970594,"NRI_P047",50
"32793",3903.80914940598,"NRI_P047",100
"32794",-25996.690830594,"NRI_P047",25
"32795",34144.500729406,"NRI_P047",50
"32796",4378.289659406,"NRI_P047",100
"32797",-9196.96101059398,"NRI_P047",25
"32798",9937.457399406,"NRI_P047",50
"32799",-21261.059180594,"NRI_P047",100
"32800",-4313.91071059398,"NRI_P047",25
"32801",-5720.50954059401,"NRI_P047",50
"32802",6929.31913940603,"NRI_P047",100
"32803",-10883.065390594,"NRI_P047",25
"32804",1350.58156940603,"NRI_P047",50
"32805",8521.330449406,"NRI_P047",100
"32806",7852.35077940603,"NRI_P047",25
"32807",-25208.134490594,"NRI_P047",50
"32808",-21088.045370594,"NRI_P047",100
"32809",-8009.20099059399,"NRI_P047",25
"32810",-14699.166490594,"NRI_P047",50
"32811",20862.566119406,"NRI_P047",100
"32812",-7608.78681059403,"NRI_P047",25
"32813",12023.252049406,"NRI_P047",50
"32814",-16095.176860594,"NRI_P047",100
"32815",-22983.892290594,"NRI_P047",25
"32816",-30731.758640594,"NRI_P047",50
"32817",15482.511089406,"NRI_P047",100
"32818",5725.45802940597,"NRI_P047",25
"32819",-21222.034630594,"NRI_P047",50
"32820",-563.439880593971,"NRI_P047",100
"32821",5072.35107940598,"NRI_P047",25
"32822",-7006.22885059402,"NRI_P047",50
"32823",-22532.249060594,"NRI_P047",100
"32824",6099.05582940602,"NRI_P047",25
"32825",-5866.31224059401,"NRI_P047",50
"32826",-3937.98663059401,"NRI_P047",100
"32827",3303.19625940599,"NRI_P047",25
"32828",-15547.438710594,"NRI_P047",50
"32829",-26754.096020594,"NRI_P047",100
"32830",-22131.348370594,"NRI_P047",25
"32831",-1283.95404059399,"NRI_P047",50
"32832",-142.944020594005,"NRI_P047",100
"32833",-6627.18984059402,"NRI_P047",25
"32834",-16785.827820594,"NRI_P047",50
"32835",-5269.18854059401,"NRI_P047",100
"32836",-6582.91464059398,"NRI_P047",25
"32837",-21265.188360594,"NRI_P047",50
"32838",-22642.832930594,"NRI_P047",100
"32839",11375.662069406,"NRI_P047",25
"32840",-21706.179830594,"NRI_P047",50
"32841",-20335.555750594,"NRI_P047",100
"32842",-8033.49927059398,"NRI_P047",25
"32843",6316.89396940602,"NRI_P047",50
"32844",-41338.128130594,"NRI_P047",100
"32845",2129.26380940602,"NRI_P047",25
"32846",23262.963549406,"NRI_P047",50
"32847",-28252.929350594,"NRI_P047",100
"32848",665.708899406018,"NRI_P047",25
"32849",-7720.290300594,"NRI_P047",50
"32850",4945.85406940599,"NRI_P047",100
"32851",10536.593629406,"NRI_P047",25
"32852",2196.32320940599,"NRI_P047",50
"32853",-10461.219630594,"NRI_P047",100
"32854",1108.409889406,"NRI_P047",25
"32855",-27228.954040594,"NRI_P047",50
"32856",-13652.438980594,"NRI_P047",100
"32857",-19299.718010594,"NRI_P047",25
"32858",-37848.341050594,"NRI_P047",50
"32859",-12859.631540594,"NRI_P047",100
"32860",17925.225149406,"NRI_P047",25
"32861",-5242.86073059402,"NRI_P047",50
"32862",10017.670799406,"NRI_P047",100
"32863",5433.735109406,"NRI_P047",25
"32864",-1350.52470059402,"NRI_P047",50
"32865",-20220.088690594,"NRI_P047",100
"32866",-25017.370800594,"NRI_P047",25
"32867",19781.389869406,"NRI_P047",50
"32868",-7149.275240594,"NRI_P047",100
"32869",-18391.757680594,"NRI_P047",25
"32870",25538.097339406,"NRI_P047",50
"32871",-36415.723200594,"NRI_P047",100
"32872",27558.125049406,"NRI_P047",25
"32873",9009.338369406,"NRI_P047",50
"32874",-48660.407980594,"NRI_P047",100
"32875",-1820.02431059402,"NRI_P047",25
"32876",-7812.185970594,"NRI_P047",50
"32877",-14952.168570594,"NRI_P047",100
"32878",6971.03051940602,"NRI_P047",25
"32879",-6761.65122059401,"NRI_P047",50
"32880",-36821.440440594,"NRI_P047",100
"32881",-572.575730593991,"NRI_P047",25
"32882",-28006.953480594,"NRI_P047",50
"32883",-16134.408750594,"NRI_P047",100
"32884",-12586.340990594,"NRI_P047",25
"32885",-41060.145810594,"NRI_P047",50
"32886",-12899.791060594,"NRI_P047",100
"32887",-12140.935500594,"NRI_P047",25
"32888",-8429.068010594,"NRI_P047",50
"32889",-52062.654010594,"NRI_P047",100
"32890",-16350.843940594,"NRI_P047",25
"32891",-23824.890960594,"NRI_P047",50
"32892",48934.109769406,"NRI_P047",100
"32893",-2737.32982059399,"NRI_P047",25
"32894",-14689.722840594,"NRI_P047",50
"32895",21270.062369406,"NRI_P047",100
"32896",7170.630879406,"NRI_P047",25
"32897",-2368.23213059403,"NRI_P047",50
"32898",15492.475909406,"NRI_P047",100
"32899",19002.643229406,"NRI_P047",25
"32900",-14607.123540594,"NRI_P047",50
"32901",867.547119405994,"NRI_P047",100
"32902",15445.642919406,"NRI_P047",25
"32903",-17562.297030594,"NRI_P047",50
"32904",-10164.251230594,"NRI_P047",100
"32905",23223.352089406,"NRI_P047",25
"32906",-15435.052780594,"NRI_P047",50
"32907",15294.559699406,"NRI_P047",100
"32908",-255.193570594012,"NRI_P047",25
"32909",-24262.511400594,"NRI_P047",50
"32910",-5297.39535059402,"NRI_P047",100
"32911",1200.73035940598,"NRI_P047",25
"32912",-5263.17512059398,"NRI_P047",50
"32913",-21488.472410594,"NRI_P047",100
"32914",-11470.927520594,"NRI_P047",25
"32915",-9619.09321059397,"NRI_P047",50
"32916",-20329.064350594,"NRI_P047",100
"32917",-18786.968510594,"NRI_P047",25
"32918",-24840.102220594,"NRI_P047",50
"32919",-24035.978300594,"NRI_P047",100
"32920",-3850.76503059402,"NRI_P047",25
"32921",-17835.879270594,"NRI_P047",50
"32922",-9521.43046059401,"NRI_P047",100
"32923",-4862.570670594,"NRI_P047",25
"32924",-2462.83335059398,"NRI_P047",50
"32925",-25344.670720594,"NRI_P047",100
"32926",-16383.517080594,"NRI_P047",25
"32927",-15149.556780594,"NRI_P047",50
"32928",-11423.875310594,"NRI_P047",100
"32929",-23840.065810594,"NRI_P047",25
"32930",-10060.362900594,"NRI_P047",50
"32931",-12581.268890594,"NRI_P047",100
"32932",-3263.26471059403,"NRI_P047",25
"32933",-2377.84075059398,"NRI_P047",50
"32934",-30884.341160594,"NRI_P047",100
"32935",-6367.57675059402,"NRI_P047",25
"32936",894.363599405973,"NRI_P047",50
"32937",24592.678339406,"NRI_P047",100
"32938",945.122039405978,"NRI_P047",25
"32939",-3683.22630059399,"NRI_P047",50
"32940",-43894.244000594,"NRI_P047",100
"32941",-14487.852810594,"NRI_P047",25
"32942",-18333.027710594,"NRI_P047",50
"32943",-9656.636350594,"NRI_P047",100
"32944",-11131.578980594,"NRI_P047",25
"32945",6364.81713940599,"NRI_P047",50
"32946",-2837.78049059398,"NRI_P047",100
"32947",-31388.662890594,"NRI_P047",25
"32948",-7910.45023059403,"NRI_P047",50
"32949",-6023.98937059398,"NRI_P047",100
"32950",491.270299406024,"NRI_P047",25
"32951",-2934.57005059399,"NRI_P047",50
"32952",-20666.914010594,"NRI_P047",100
"32953",-12888.584500594,"NRI_P047",25
"32954",-14698.469090594,"NRI_P047",50
"32955",-24890.816480594,"NRI_P047",100
"32956",-9453.041010594,"NRI_P047",25
"32957",-8018.47627059399,"NRI_P047",50
"32958",624.959149406001,"NRI_P047",100
"32959",-6930.47578059399,"NRI_P047",25
"32960",1236.08274940599,"NRI_P047",50
"32961",30392.804689406,"NRI_P047",100
"32962",10947.450769406,"NRI_P047",25
"32963",8493.22804940603,"NRI_P047",50
"32964",-27846.477120594,"NRI_P047",100
"32965",-10778.229990594,"NRI_P047",25
"32966",-7896.08595059399,"NRI_P047",50
"32967",-33841.924090594,"NRI_P047",100
"32968",-2009.20101059403,"NRI_P047",25
"32969",-940.103670593991,"NRI_P047",50
"32970",5652.237869406,"NRI_P047",100
"32971",4454.12385940598,"NRI_P047",25
"32972",-1617.45925059402,"NRI_P047",50
"32973",-44869.197390594,"NRI_P047",100
"32974",-8890.90228059399,"NRI_P047",25
"32975",27383.898969406,"NRI_P047",50
"32976",-15291.823160594,"NRI_P047",100
"32977",8017.84818940598,"NRI_P047",25
"32978",-17932.070940594,"NRI_P047",50
"32979",-24850.657930594,"NRI_P047",100
"32980",-7185.89062059403,"NRI_P047",25
"32981",33058.278879406,"NRI_P047",50
"32982",-38424.034140594,"NRI_P047",100
"32983",6597.22802940599,"NRI_P047",25
"32984",-29723.971290594,"NRI_P047",50
"32985",-34946.525210594,"NRI_P047",100
"32986",-14143.019800594,"NRI_P047",25
"32987",3924.64433940599,"NRI_P047",50
"32988",-22131.651760594,"NRI_P047",100
"32989",-2805.58124059398,"NRI_P047",25
"32990",-37534.366660594,"NRI_P047",50
"32991",-29271.507000594,"NRI_P047",100
"32992",-10595.636660594,"NRI_P047",25
"32993",-10302.796650594,"NRI_P047",50
"32994",-3687.88558059401,"NRI_P047",100
"32995",-11862.193190594,"NRI_P047",25
"32996",-13273.318720594,"NRI_P047",50
"32997",-19524.099220594,"NRI_P047",100
"32998",-9297.28960059403,"NRI_P047",25
"32999",-23309.960700594,"NRI_P047",50
"33000",-15482.540720594,"NRI_P047",100
"33001",15145.850652557,"NRI_P048",25
"33002",7127.130582557,"NRI_P048",50
"33003",34805.227102557,"NRI_P048",100
"33004",-5203.36617744301,"NRI_P048",25
"33005",36058.438752557,"NRI_P048",50
"33006",43643.856572557,"NRI_P048",100
"33007",2924.88774255704,"NRI_P048",25
"33008",11502.681902557,"NRI_P048",50
"33009",62328.432322557,"NRI_P048",100
"33010",18159.182262557,"NRI_P048",25
"33011",3820.96043255698,"NRI_P048",50
"33012",33094.875382557,"NRI_P048",100
"33013",7763.58342255699,"NRI_P048",25
"33014",21662.060492557,"NRI_P048",50
"33015",-1051.72844744299,"NRI_P048",100
"33016",-5147.91383744299,"NRI_P048",25
"33017",21112.637832557,"NRI_P048",50
"33018",50618.063842557,"NRI_P048",100
"33019",10613.662652557,"NRI_P048",25
"33020",37047.456982557,"NRI_P048",50
"33021",47399.946702557,"NRI_P048",100
"33022",27836.807202557,"NRI_P048",25
"33023",27228.080432557,"NRI_P048",50
"33024",57108.828962557,"NRI_P048",100
"33025",4870.72424255701,"NRI_P048",25
"33026",18180.868342557,"NRI_P048",50
"33027",118368.888102557,"NRI_P048",100
"33028",25322.366812557,"NRI_P048",25
"33029",31688.477552557,"NRI_P048",50
"33030",38709.421682557,"NRI_P048",100
"33031",12442.140852557,"NRI_P048",25
"33032",25890.118532557,"NRI_P048",50
"33033",26677.735422557,"NRI_P048",100
"33034",-23901.695687443,"NRI_P048",25
"33035",-5508.40367744298,"NRI_P048",50
"33036",50572.813672557,"NRI_P048",100
"33037",9573.26828255702,"NRI_P048",25
"33038",22077.178482557,"NRI_P048",50
"33039",36619.216512557,"NRI_P048",100
"33040",-4281.14656744298,"NRI_P048",25
"33041",-315.824207442987,"NRI_P048",50
"33042",99517.016342557,"NRI_P048",100
"33043",20465.131992557,"NRI_P048",25
"33044",23295.986222557,"NRI_P048",50
"33045",6307.83244255703,"NRI_P048",100
"33046",18802.829762557,"NRI_P048",25
"33047",71872.303702557,"NRI_P048",50
"33048",17345.617012557,"NRI_P048",100
"33049",40304.467452557,"NRI_P048",25
"33050",8989.48931255704,"NRI_P048",50
"33051",45078.652692557,"NRI_P048",100
"33052",-7339.031637443,"NRI_P048",25
"33053",49447.841102557,"NRI_P048",50
"33054",5423.405082557,"NRI_P048",100
"33055",-11642.550077443,"NRI_P048",25
"33056",18319.836322557,"NRI_P048",50
"33057",14251.374872557,"NRI_P048",100
"33058",677.079722556984,"NRI_P048",25
"33059",14265.785502557,"NRI_P048",50
"33060",90457.244142557,"NRI_P048",100
"33061",430.420162556984,"NRI_P048",25
"33062",18859.123082557,"NRI_P048",50
"33063",54811.445442557,"NRI_P048",100
"33064",19993.531472557,"NRI_P048",25
"33065",37683.509432557,"NRI_P048",50
"33066",91550.283322557,"NRI_P048",100
"33067",14862.295052557,"NRI_P048",25
"33068",40876.322832557,"NRI_P048",50
"33069",35146.035562557,"NRI_P048",100
"33070",-14586.963607443,"NRI_P048",25
"33071",35889.466782557,"NRI_P048",50
"33072",38895.882562557,"NRI_P048",100
"33073",-9179.95636744297,"NRI_P048",25
"33074",28520.084812557,"NRI_P048",50
"33075",58048.057092557,"NRI_P048",100
"33076",6450.71254255698,"NRI_P048",25
"33077",31419.220042557,"NRI_P048",50
"33078",37496.013142557,"NRI_P048",100
"33079",-5006.89431744302,"NRI_P048",25
"33080",9791.772392557,"NRI_P048",50
"33081",38093.226162557,"NRI_P048",100
"33082",34931.087222557,"NRI_P048",25
"33083",29042.734612557,"NRI_P048",50
"33084",54481.322542557,"NRI_P048",100
"33085",-9015.35877744301,"NRI_P048",25
"33086",3271.53785255703,"NRI_P048",50
"33087",34712.961172557,"NRI_P048",100
"33088",27942.553192557,"NRI_P048",25
"33089",25179.233522557,"NRI_P048",50
"33090",10421.726462557,"NRI_P048",100
"33091",6959.65899255703,"NRI_P048",25
"33092",4322.92263255699,"NRI_P048",50
"33093",55846.074382557,"NRI_P048",100
"33094",4171.56856255699,"NRI_P048",25
"33095",13410.598332557,"NRI_P048",50
"33096",49564.687982557,"NRI_P048",100
"33097",12774.712082557,"NRI_P048",25
"33098",24114.042812557,"NRI_P048",50
"33099",40968.766092557,"NRI_P048",100
"33100",14813.571012557,"NRI_P048",25
"33101",1719.89234255702,"NRI_P048",50
"33102",69570.735312557,"NRI_P048",100
"33103",26841.486872557,"NRI_P048",25
"33104",41878.511152557,"NRI_P048",50
"33105",14084.698492557,"NRI_P048",100
"33106",13332.480312557,"NRI_P048",25
"33107",15280.532062557,"NRI_P048",50
"33108",58343.675002557,"NRI_P048",100
"33109",-8534.22974744299,"NRI_P048",25
"33110",-1191.82935744297,"NRI_P048",50
"33111",41606.699272557,"NRI_P048",100
"33112",-3288.42028744298,"NRI_P048",25
"33113",1393.27717255702,"NRI_P048",50
"33114",28931.566472557,"NRI_P048",100
"33115",-3479.90409744298,"NRI_P048",25
"33116",24882.356922557,"NRI_P048",50
"33117",89282.972192557,"NRI_P048",100
"33118",7115.98657255701,"NRI_P048",25
"33119",-2356.524597443,"NRI_P048",50
"33120",50163.406682557,"NRI_P048",100
"33121",8323.02702255698,"NRI_P048",25
"33122",48945.647452557,"NRI_P048",50
"33123",28360.550222557,"NRI_P048",100
"33124",12647.594742557,"NRI_P048",25
"33125",15879.940292557,"NRI_P048",50
"33126",44225.196992557,"NRI_P048",100
"33127",8756.819672557,"NRI_P048",25
"33128",26616.413292557,"NRI_P048",50
"33129",31305.180352557,"NRI_P048",100
"33130",5848.53775255702,"NRI_P048",25
"33131",19423.313032557,"NRI_P048",50
"33132",58355.633922557,"NRI_P048",100
"33133",-14486.345277443,"NRI_P048",25
"33134",36211.324832557,"NRI_P048",50
"33135",55139.949432557,"NRI_P048",100
"33136",12054.715992557,"NRI_P048",25
"33137",-13119.739667443,"NRI_P048",50
"33138",42949.343432557,"NRI_P048",100
"33139",-76.5656374429818,"NRI_P048",25
"33140",22075.636332557,"NRI_P048",50
"33141",-18791.009117443,"NRI_P048",100
"33142",706.796662556997,"NRI_P048",25
"33143",311.997542557016,"NRI_P048",50
"33144",26878.777672557,"NRI_P048",100
"33145",-3974.34720744297,"NRI_P048",25
"33146",-1212.94114744297,"NRI_P048",50
"33147",54842.033572557,"NRI_P048",100
"33148",1040.11951255699,"NRI_P048",25
"33149",12997.216552557,"NRI_P048",50
"33150",40395.525712557,"NRI_P048",100
"33151",13284.807922557,"NRI_P048",25
"33152",3911.50517255702,"NRI_P048",50
"33153",18660.701212557,"NRI_P048",100
"33154",40065.148992557,"NRI_P048",25
"33155",10292.637242557,"NRI_P048",50
"33156",71698.803002557,"NRI_P048",100
"33157",20205.627772557,"NRI_P048",25
"33158",13061.415302557,"NRI_P048",50
"33159",31964.258732557,"NRI_P048",100
"33160",11487.757682557,"NRI_P048",25
"33161",-12856.872867443,"NRI_P048",50
"33162",22597.266962557,"NRI_P048",100
"33163",6864.62884255702,"NRI_P048",25
"33164",15623.829492557,"NRI_P048",50
"33165",64714.503752557,"NRI_P048",100
"33166",10214.372642557,"NRI_P048",25
"33167",-2964.43410744297,"NRI_P048",50
"33168",42581.462982557,"NRI_P048",100
"33169",-5558.50988744298,"NRI_P048",25
"33170",35976.948292557,"NRI_P048",50
"33171",64402.551972557,"NRI_P048",100
"33172",-3595.89845744299,"NRI_P048",25
"33173",27782.165702557,"NRI_P048",50
"33174",42753.292262557,"NRI_P048",100
"33175",-18882.381267443,"NRI_P048",25
"33176",38508.988602557,"NRI_P048",50
"33177",45872.856882557,"NRI_P048",100
"33178",4100.90179255704,"NRI_P048",25
"33179",7406.42487255699,"NRI_P048",50
"33180",30582.470292557,"NRI_P048",100
"33181",28559.343642557,"NRI_P048",25
"33182",3013.53082255699,"NRI_P048",50
"33183",1527.01021255704,"NRI_P048",100
"33184",4078.334112557,"NRI_P048",25
"33185",525.077902557037,"NRI_P048",50
"33186",45352.513842557,"NRI_P048",100
"33187",13477.689372557,"NRI_P048",25
"33188",17968.526752557,"NRI_P048",50
"33189",24489.830662557,"NRI_P048",100
"33190",32244.377672557,"NRI_P048",25
"33191",-4390.38708744297,"NRI_P048",50
"33192",6877.19631255703,"NRI_P048",100
"33193",2249.18800255703,"NRI_P048",25
"33194",1717.67079255701,"NRI_P048",50
"33195",66643.999932557,"NRI_P048",100
"33196",-9303.36570744298,"NRI_P048",25
"33197",11877.381202557,"NRI_P048",50
"33198",10766.686072557,"NRI_P048",100
"33199",-5762.10795744299,"NRI_P048",25
"33200",9460.357962557,"NRI_P048",50
"33201",65070.675232557,"NRI_P048",100
"33202",-6956.796697443,"NRI_P048",25
"33203",2511.99326255702,"NRI_P048",50
"33204",75192.053652557,"NRI_P048",100
"33205",4396.78288255702,"NRI_P048",25
"33206",39679.205282557,"NRI_P048",50
"33207",115450.781712557,"NRI_P048",100
"33208",-8410.24836744298,"NRI_P048",25
"33209",23422.522992557,"NRI_P048",50
"33210",25729.556742557,"NRI_P048",100
"33211",-5016.85560744297,"NRI_P048",25
"33212",31204.943142557,"NRI_P048",50
"33213",51793.133932557,"NRI_P048",100
"33214",27766.434482557,"NRI_P048",25
"33215",45376.568112557,"NRI_P048",50
"33216",50498.631492557,"NRI_P048",100
"33217",20101.303052557,"NRI_P048",25
"33218",13936.762152557,"NRI_P048",50
"33219",59832.936532557,"NRI_P048",100
"33220",12226.550522557,"NRI_P048",25
"33221",28434.995202557,"NRI_P048",50
"33222",-3283.376657443,"NRI_P048",100
"33223",10029.850072557,"NRI_P048",25
"33224",49811.523582557,"NRI_P048",50
"33225",33350.592812557,"NRI_P048",100
"33226",13030.334822557,"NRI_P048",25
"33227",37377.348882557,"NRI_P048",50
"33228",47558.683242557,"NRI_P048",100
"33229",-4289.24984744296,"NRI_P048",25
"33230",38927.905982557,"NRI_P048",50
"33231",11973.374472557,"NRI_P048",100
"33232",28930.311202557,"NRI_P048",25
"33233",5429.16172255704,"NRI_P048",50
"33234",24322.924822557,"NRI_P048",100
"33235",-13446.588457443,"NRI_P048",25
"33236",27533.418032557,"NRI_P048",50
"33237",34693.607222557,"NRI_P048",100
"33238",4658.15845255699,"NRI_P048",25
"33239",12650.023552557,"NRI_P048",50
"33240",37061.050512557,"NRI_P048",100
"33241",-4979.88691744301,"NRI_P048",25
"33242",21950.938482557,"NRI_P048",50
"33243",52900.094172557,"NRI_P048",100
"33244",1128.58837255702,"NRI_P048",25
"33245",12560.105332557,"NRI_P048",50
"33246",13759.756472557,"NRI_P048",100
"33247",15820.388752557,"NRI_P048",25
"33248",22069.591142557,"NRI_P048",50
"33249",48131.710392557,"NRI_P048",100
"33250",-922.478277442977,"NRI_P048",25
"33251",-5668.31939744297,"NRI_P048",50
"33252",11410.243472557,"NRI_P048",100
"33253",6555.66495255701,"NRI_P048",25
"33254",26598.362032557,"NRI_P048",50
"33255",64133.239752557,"NRI_P048",100
"33256",6636.874932557,"NRI_P048",25
"33257",52312.665112557,"NRI_P048",50
"33258",99928.138322557,"NRI_P048",100
"33259",-6286.67105744296,"NRI_P048",25
"33260",20525.503462557,"NRI_P048",50
"33261",45682.397092557,"NRI_P048",100
"33262",-19851.987947443,"NRI_P048",25
"33263",22165.546492557,"NRI_P048",50
"33264",24702.676882557,"NRI_P048",100
"33265",34906.079372557,"NRI_P048",25
"33266",25037.610962557,"NRI_P048",50
"33267",74490.761082557,"NRI_P048",100
"33268",1031.94593255699,"NRI_P048",25
"33269",18198.867452557,"NRI_P048",50
"33270",59853.475912557,"NRI_P048",100
"33271",29661.146722557,"NRI_P048",25
"33272",12945.428222557,"NRI_P048",50
"33273",56653.240332557,"NRI_P048",100
"33274",15726.935802557,"NRI_P048",25
"33275",18477.719452557,"NRI_P048",50
"33276",-5710.572557443,"NRI_P048",100
"33277",3009.38913255703,"NRI_P048",25
"33278",27297.728142557,"NRI_P048",50
"33279",21192.015492557,"NRI_P048",100
"33280",15881.671172557,"NRI_P048",25
"33281",3950.41934255703,"NRI_P048",50
"33282",22307.529832557,"NRI_P048",100
"33283",-5268.19472744298,"NRI_P048",25
"33284",17721.738452557,"NRI_P048",50
"33285",47233.947692557,"NRI_P048",100
"33286",19053.556562557,"NRI_P048",25
"33287",4172.47609255702,"NRI_P048",50
"33288",65623.232582557,"NRI_P048",100
"33289",19509.041352557,"NRI_P048",25
"33290",-5529.19870744296,"NRI_P048",50
"33291",16201.748072557,"NRI_P048",100
"33292",-21508.915087443,"NRI_P048",25
"33293",15191.004802557,"NRI_P048",50
"33294",41310.037802557,"NRI_P048",100
"33295",9073.790172557,"NRI_P048",25
"33296",5008.17545255698,"NRI_P048",50
"33297",29145.071412557,"NRI_P048",100
"33298",3282.03393255704,"NRI_P048",25
"33299",23594.716532557,"NRI_P048",50
"33300",35259.079182557,"NRI_P048",100
"33301",16883.934300687,"NRI_P049",25
"33302",18565.727560687,"NRI_P049",50
"33303",-3316.41980931303,"NRI_P049",100
"33304",11994.673080687,"NRI_P049",25
"33305",18497.710430687,"NRI_P049",50
"33306",-8857.68067931302,"NRI_P049",100
"33307",-8943.86827931303,"NRI_P049",25
"33308",3983.92617068702,"NRI_P049",50
"33309",11597.156680687,"NRI_P049",100
"33310",-7074.60635931301,"NRI_P049",25
"33311",6425.63317068701,"NRI_P049",50
"33312",7837.80414068699,"NRI_P049",100
"33313",15128.522870687,"NRI_P049",25
"33314",10914.594950687,"NRI_P049",50
"33315",-485.191069312976,"NRI_P049",100
"33316",21102.160040687,"NRI_P049",25
"33317",25478.549460687,"NRI_P049",50
"33318",30112.896070687,"NRI_P049",100
"33319",26571.823470687,"NRI_P049",25
"33320",29674.181050687,"NRI_P049",50
"33321",5238.81064068701,"NRI_P049",100
"33322",-5703.07061931299,"NRI_P049",25
"33323",2738.56809068698,"NRI_P049",50
"33324",15388.091850687,"NRI_P049",100
"33325",-1987.46827931301,"NRI_P049",25
"33326",5153.11099068698,"NRI_P049",50
"33327",15347.475550687,"NRI_P049",100
"33328",4114.134980687,"NRI_P049",25
"33329",7314.05513068702,"NRI_P049",50
"33330",7098.47403068701,"NRI_P049",100
"33331",-3500.24506931298,"NRI_P049",25
"33332",7648.20343068702,"NRI_P049",50
"33333",7519.89278068702,"NRI_P049",100
"33334",-9207.260819313,"NRI_P049",25
"33335",32398.929980687,"NRI_P049",50
"33336",24495.796500687,"NRI_P049",100
"33337",-19922.705249313,"NRI_P049",25
"33338",20958.503580687,"NRI_P049",50
"33339",13603.221690687,"NRI_P049",100
"33340",17889.803780687,"NRI_P049",25
"33341",9825.10468068701,"NRI_P049",50
"33342",25316.686230687,"NRI_P049",100
"33343",-3473.97815931297,"NRI_P049",25
"33344",-2992.874299313,"NRI_P049",50
"33345",24496.799350687,"NRI_P049",100
"33346",22765.703350687,"NRI_P049",25
"33347",41554.894880687,"NRI_P049",50
"33348",18224.699010687,"NRI_P049",100
"33349",9026.296750687,"NRI_P049",25
"33350",12352.935280687,"NRI_P049",50
"33351",50058.275550687,"NRI_P049",100
"33352",5165.427100687,"NRI_P049",25
"33353",8777.69833068701,"NRI_P049",50
"33354",47805.296440687,"NRI_P049",100
"33355",5709.17968068703,"NRI_P049",25
"33356",32082.577370687,"NRI_P049",50
"33357",6366.39928068698,"NRI_P049",100
"33358",-7225.74995931302,"NRI_P049",25
"33359",24436.623080687,"NRI_P049",50
"33360",23773.987280687,"NRI_P049",100
"33361",2685.14628068701,"NRI_P049",25
"33362",37491.465700687,"NRI_P049",50
"33363",34872.601310687,"NRI_P049",100
"33364",-10676.854829313,"NRI_P049",25
"33365",-1830.19853931299,"NRI_P049",50
"33366",39244.886150687,"NRI_P049",100
"33367",-2540.12319931301,"NRI_P049",25
"33368",19492.661270687,"NRI_P049",50
"33369",13444.445690687,"NRI_P049",100
"33370",8743.10812068701,"NRI_P049",25
"33371",14235.792160687,"NRI_P049",50
"33372",69506.413780687,"NRI_P049",100
"33373",11246.919120687,"NRI_P049",25
"33374",17409.316080687,"NRI_P049",50
"33375",2494.93026068702,"NRI_P049",100
"33376",14569.898050687,"NRI_P049",25
"33377",-5907.36218931299,"NRI_P049",50
"33378",18643.979070687,"NRI_P049",100
"33379",-18541.476649313,"NRI_P049",25
"33380",11286.121390687,"NRI_P049",50
"33381",6856.94781068701,"NRI_P049",100
"33382",21563.626810687,"NRI_P049",25
"33383",-3393.33281931299,"NRI_P049",50
"33384",-2179.93908931297,"NRI_P049",100
"33385",4871.31713068701,"NRI_P049",25
"33386",6916.706440687,"NRI_P049",50
"33387",18521.190910687,"NRI_P049",100
"33388",10324.998490687,"NRI_P049",25
"33389",-108.887619313027,"NRI_P049",50
"33390",33058.218780687,"NRI_P049",100
"33391",-5111.06718931301,"NRI_P049",25
"33392",12524.118250687,"NRI_P049",50
"33393",57803.533720687,"NRI_P049",100
"33394",26907.310180687,"NRI_P049",25
"33395",22715.004600687,"NRI_P049",50
"33396",40349.840420687,"NRI_P049",100
"33397",12373.479490687,"NRI_P049",25
"33398",-842.294479313015,"NRI_P049",50
"33399",12373.356800687,"NRI_P049",100
"33400",18391.376360687,"NRI_P049",25
"33401",20001.949750687,"NRI_P049",50
"33402",23332.143230687,"NRI_P049",100
"33403",-549.89494931302,"NRI_P049",25
"33404",22584.328940687,"NRI_P049",50
"33405",31727.046440687,"NRI_P049",100
"33406",24260.432640687,"NRI_P049",25
"33407",45325.018250687,"NRI_P049",50
"33408",17269.473060687,"NRI_P049",100
"33409",577.845870686986,"NRI_P049",25
"33410",16228.404790687,"NRI_P049",50
"33411",7398.50950068701,"NRI_P049",100
"33412",-11809.625099313,"NRI_P049",25
"33413",8248.21191068698,"NRI_P049",50
"33414",22475.373510687,"NRI_P049",100
"33415",16711.270780687,"NRI_P049",25
"33416",10134.083770687,"NRI_P049",50
"33417",29271.956230687,"NRI_P049",100
"33418",10035.788840687,"NRI_P049",25
"33419",-11449.573739313,"NRI_P049",50
"33420",13545.043200687,"NRI_P049",100
"33421",14405.603470687,"NRI_P049",25
"33422",18740.944490687,"NRI_P049",50
"33423",8726.06312068697,"NRI_P049",100
"33424",10884.603190687,"NRI_P049",25
"33425",27770.541960687,"NRI_P049",50
"33426",6663.17700068699,"NRI_P049",100
"33427",17096.555540687,"NRI_P049",25
"33428",22000.198870687,"NRI_P049",50
"33429",41661.169260687,"NRI_P049",100
"33430",701.861070687009,"NRI_P049",25
"33431",27371.035700687,"NRI_P049",50
"33432",45714.959630687,"NRI_P049",100
"33433",27286.862420687,"NRI_P049",25
"33434",49748.509440687,"NRI_P049",50
"33435",10270.695380687,"NRI_P049",100
"33436",-1500.17046931299,"NRI_P049",25
"33437",30710.161980687,"NRI_P049",50
"33438",33441.209530687,"NRI_P049",100
"33439",26612.706240687,"NRI_P049",25
"33440",596.834110687021,"NRI_P049",50
"33441",32854.876630687,"NRI_P049",100
"33442",5463.17328068701,"NRI_P049",25
"33443",2453.252320687,"NRI_P049",50
"33444",-824.336019313021,"NRI_P049",100
"33445",-12161.688809313,"NRI_P049",25
"33446",20622.817840687,"NRI_P049",50
"33447",42182.356690687,"NRI_P049",100
"33448",18247.586700687,"NRI_P049",25
"33449",-2384.387829313,"NRI_P049",50
"33450",19093.081150687,"NRI_P049",100
"33451",9773.24471068702,"NRI_P049",25
"33452",5843.57876068697,"NRI_P049",50
"33453",25306.758430687,"NRI_P049",100
"33454",2299.25837068702,"NRI_P049",25
"33455",8072.99670068698,"NRI_P049",50
"33456",14766.933940687,"NRI_P049",100
"33457",-1391.37690931302,"NRI_P049",25
"33458",888.888760687027,"NRI_P049",50
"33459",32781.460430687,"NRI_P049",100
"33460",37084.108360687,"NRI_P049",25
"33461",35270.060960687,"NRI_P049",50
"33462",132.673900687019,"NRI_P049",100
"33463",7043.11787068698,"NRI_P049",25
"33464",18127.153400687,"NRI_P049",50
"33465",17132.831830687,"NRI_P049",100
"33466",18958.594060687,"NRI_P049",25
"33467",30229.332700687,"NRI_P049",50
"33468",54825.838750687,"NRI_P049",100
"33469",4535.84306068701,"NRI_P049",25
"33470",15367.606330687,"NRI_P049",50
"33471",8534.78408068698,"NRI_P049",100
"33472",4485.010500687,"NRI_P049",25
"33473",29840.073220687,"NRI_P049",50
"33474",28186.495780687,"NRI_P049",100
"33475",-4265.94259931298,"NRI_P049",25
"33476",-7588.50755931297,"NRI_P049",50
"33477",3660.528610687,"NRI_P049",100
"33478",4930.37769068702,"NRI_P049",25
"33479",23262.606750687,"NRI_P049",50
"33480",15967.465000687,"NRI_P049",100
"33481",30037.030990687,"NRI_P049",25
"33482",8925.71247068699,"NRI_P049",50
"33483",34405.182770687,"NRI_P049",100
"33484",41.2379706869833,"NRI_P049",25
"33485",3412.59522068698,"NRI_P049",50
"33486",14520.159940687,"NRI_P049",100
"33487",-6947.51424931298,"NRI_P049",25
"33488",30415.345170687,"NRI_P049",50
"33489",34875.630920687,"NRI_P049",100
"33490",9577.72880068701,"NRI_P049",25
"33491",33410.396260687,"NRI_P049",50
"33492",4975.76393068698,"NRI_P049",100
"33493",2393.72942068701,"NRI_P049",25
"33494",3200.54971068702,"NRI_P049",50
"33495",21946.328970687,"NRI_P049",100
"33496",3391.100780687,"NRI_P049",25
"33497",3512.38369068701,"NRI_P049",50
"33498",16722.889450687,"NRI_P049",100
"33499",12295.842390687,"NRI_P049",25
"33500",46746.345770687,"NRI_P049",50
"33501",34225.218460687,"NRI_P049",100
"33502",20122.132940687,"NRI_P049",25
"33503",3659.941540687,"NRI_P049",50
"33504",24982.963810687,"NRI_P049",100
"33505",2110.095390687,"NRI_P049",25
"33506",8596.12985068699,"NRI_P049",50
"33507",2713.75600068702,"NRI_P049",100
"33508",23761.658270687,"NRI_P049",25
"33509",38564.519250687,"NRI_P049",50
"33510",10962.574800687,"NRI_P049",100
"33511",13496.547920687,"NRI_P049",25
"33512",33668.962550687,"NRI_P049",50
"33513",40163.815320687,"NRI_P049",100
"33514",-11666.928989313,"NRI_P049",25
"33515",11286.379930687,"NRI_P049",50
"33516",2964.89827068697,"NRI_P049",100
"33517",3424.94026068697,"NRI_P049",25
"33518",38462.510960687,"NRI_P049",50
"33519",22733.460920687,"NRI_P049",100
"33520",16589.480220687,"NRI_P049",25
"33521",12450.990050687,"NRI_P049",50
"33522",46362.181280687,"NRI_P049",100
"33523",9098.73476068699,"NRI_P049",25
"33524",41201.804510687,"NRI_P049",50
"33525",32837.337430687,"NRI_P049",100
"33526",-17128.813799313,"NRI_P049",25
"33527",13251.006690687,"NRI_P049",50
"33528",24424.912840687,"NRI_P049",100
"33529",-20221.736319313,"NRI_P049",25
"33530",-660.700419312983,"NRI_P049",50
"33531",21443.972730687,"NRI_P049",100
"33532",2874.92664068699,"NRI_P049",25
"33533",20586.786580687,"NRI_P049",50
"33534",27354.047490687,"NRI_P049",100
"33535",16352.441760687,"NRI_P049",25
"33536",9836.95603068703,"NRI_P049",50
"33537",60750.522530687,"NRI_P049",100
"33538",-642.660229313013,"NRI_P049",25
"33539",25978.762570687,"NRI_P049",50
"33540",25453.948400687,"NRI_P049",100
"33541",9524.12671068701,"NRI_P049",25
"33542",8662.34939068701,"NRI_P049",50
"33543",39398.713470687,"NRI_P049",100
"33544",8839.521890687,"NRI_P049",25
"33545",23540.089830687,"NRI_P049",50
"33546",28359.922760687,"NRI_P049",100
"33547",25061.338120687,"NRI_P049",25
"33548",33708.045830687,"NRI_P049",50
"33549",1842.01332068699,"NRI_P049",100
"33550",13515.909880687,"NRI_P049",25
"33551",26818.953340687,"NRI_P049",50
"33552",-10052.106359313,"NRI_P049",100
"33553",-7780.24545931298,"NRI_P049",25
"33554",2741.45651068701,"NRI_P049",50
"33555",10106.574190687,"NRI_P049",100
"33556",-4353.42872931302,"NRI_P049",25
"33557",23795.168950687,"NRI_P049",50
"33558",28730.785710687,"NRI_P049",100
"33559",15405.090450687,"NRI_P049",25
"33560",12422.007220687,"NRI_P049",50
"33561",13188.128610687,"NRI_P049",100
"33562",-4632.792359313,"NRI_P049",25
"33563",9835.19215068698,"NRI_P049",50
"33564",5176.151820687,"NRI_P049",100
"33565",8982.92566068697,"NRI_P049",25
"33566",13156.983660687,"NRI_P049",50
"33567",23090.077170687,"NRI_P049",100
"33568",-2404.078349313,"NRI_P049",25
"33569",26378.368010687,"NRI_P049",50
"33570",12375.025660687,"NRI_P049",100
"33571",712.599890686979,"NRI_P049",25
"33572",16574.813670687,"NRI_P049",50
"33573",1124.38873068697,"NRI_P049",100
"33574",6971.01901068701,"NRI_P049",25
"33575",42716.927720687,"NRI_P049",50
"33576",63893.889810687,"NRI_P049",100
"33577",11452.661940687,"NRI_P049",25
"33578",22231.018990687,"NRI_P049",50
"33579",27722.939490687,"NRI_P049",100
"33580",20064.440320687,"NRI_P049",25
"33581",13966.283360687,"NRI_P049",50
"33582",39851.316990687,"NRI_P049",100
"33583",-1665.64940931299,"NRI_P049",25
"33584",-7166.29991931299,"NRI_P049",50
"33585",17525.547390687,"NRI_P049",100
"33586",3896.67847068701,"NRI_P049",25
"33587",12461.545610687,"NRI_P049",50
"33588",15072.997860687,"NRI_P049",100
"33589",6773.031660687,"NRI_P049",25
"33590",28474.643980687,"NRI_P049",50
"33591",27585.931770687,"NRI_P049",100
"33592",17604.596180687,"NRI_P049",25
"33593",5976.49621068698,"NRI_P049",50
"33594",21445.769450687,"NRI_P049",100
"33595",-11295.489559313,"NRI_P049",25
"33596",-9825.66838931298,"NRI_P049",50
"33597",56121.921180687,"NRI_P049",100
"33598",2111.89998068701,"NRI_P049",25
"33599",3257.47643068701,"NRI_P049",50
"33600",-7994.15753931302,"NRI_P049",100
"33601",-2344.10812669701,"NRI_P050",25
"33602",-16716.268676697,"NRI_P050",50
"33603",-8455.08544669702,"NRI_P050",100
"33604",-8633.21146669702,"NRI_P050",25
"33605",1488.626223303,"NRI_P050",50
"33606",-18960.208086697,"NRI_P050",100
"33607",-4793.461586697,"NRI_P050",25
"33608",-1177.856446697,"NRI_P050",50
"33609",-21533.269786697,"NRI_P050",100
"33610",-3025.77681669701,"NRI_P050",25
"33611",-3643.850946697,"NRI_P050",50
"33612",-25782.570656697,"NRI_P050",100
"33613",8474.896783303,"NRI_P050",25
"33614",-16293.859006697,"NRI_P050",50
"33615",-15785.573286697,"NRI_P050",100
"33616",414.709703303,"NRI_P050",25
"33617",-6193.048766697,"NRI_P050",50
"33618",-19784.986676697,"NRI_P050",100
"33619",-3155.52847669701,"NRI_P050",25
"33620",-11838.953046697,"NRI_P050",50
"33621",-18971.673176697,"NRI_P050",100
"33622",895.916373302985,"NRI_P050",25
"33623",-8642.607356697,"NRI_P050",50
"33624",-17188.312436697,"NRI_P050",100
"33625",-5262.55240669701,"NRI_P050",25
"33626",-10464.424376697,"NRI_P050",50
"33627",-18217.083146697,"NRI_P050",100
"33628",-7293.104486697,"NRI_P050",25
"33629",-5401.10658669702,"NRI_P050",50
"33630",-19988.321216697,"NRI_P050",100
"33631",-17338.583116697,"NRI_P050",25
"33632",-9206.918916697,"NRI_P050",50
"33633",-13597.175926697,"NRI_P050",100
"33634",-5956.17774669701,"NRI_P050",25
"33635",-9749.20104669701,"NRI_P050",50
"33636",-21852.442436697,"NRI_P050",100
"33637",-6057.54015669701,"NRI_P050",25
"33638",-15881.541566697,"NRI_P050",50
"33639",-13152.352926697,"NRI_P050",100
"33640",-4661.80837669701,"NRI_P050",25
"33641",-15457.131866697,"NRI_P050",50
"33642",-18582.290616697,"NRI_P050",100
"33643",-2910.54272669702,"NRI_P050",25
"33644",-12616.075166697,"NRI_P050",50
"33645",-19889.363586697,"NRI_P050",100
"33646",-7483.13798669702,"NRI_P050",25
"33647",-14778.307656697,"NRI_P050",50
"33648",-1636.55672669702,"NRI_P050",100
"33649",-2968.67056669702,"NRI_P050",25
"33650",-8673.68882669701,"NRI_P050",50
"33651",-11170.141816697,"NRI_P050",100
"33652",5091.55865330299,"NRI_P050",25
"33653",-5452.172096697,"NRI_P050",50
"33654",-13372.746916697,"NRI_P050",100
"33655",-2337.18139669701,"NRI_P050",25
"33656",-9677.827856697,"NRI_P050",50
"33657",-17664.691686697,"NRI_P050",100
"33658",-6287.83923669701,"NRI_P050",25
"33659",-5139.281666697,"NRI_P050",50
"33660",-11277.430696697,"NRI_P050",100
"33661",-5510.48766669701,"NRI_P050",25
"33662",-11328.695896697,"NRI_P050",50
"33663",-25160.293586697,"NRI_P050",100
"33664",-3791.86003669701,"NRI_P050",25
"33665",-4446.52561669701,"NRI_P050",50
"33666",-10281.487206697,"NRI_P050",100
"33667",-12994.330086697,"NRI_P050",25
"33668",-2160.54314669702,"NRI_P050",50
"33669",-20974.362866697,"NRI_P050",100
"33670",6197.57903330299,"NRI_P050",25
"33671",-10813.705376697,"NRI_P050",50
"33672",-14813.582596697,"NRI_P050",100
"33673",-5472.603836697,"NRI_P050",25
"33674",-11428.065846697,"NRI_P050",50
"33675",-10331.255766697,"NRI_P050",100
"33676",-3835.61291669702,"NRI_P050",25
"33677",-9715.53840669701,"NRI_P050",50
"33678",-3769.023196697,"NRI_P050",100
"33679",-1247.25123669702,"NRI_P050",25
"33680",-12814.427936697,"NRI_P050",50
"33681",-25843.360016697,"NRI_P050",100
"33682",-4097.717106697,"NRI_P050",25
"33683",-5470.992886697,"NRI_P050",50
"33684",-17219.141626697,"NRI_P050",100
"33685",-6220.47199669702,"NRI_P050",25
"33686",-5460.408416697,"NRI_P050",50
"33687",-12779.843706697,"NRI_P050",100
"33688",-2985.95265669702,"NRI_P050",25
"33689",-5721.798586697,"NRI_P050",50
"33690",-15296.977756697,"NRI_P050",100
"33691",1861.16189330298,"NRI_P050",25
"33692",-7175.198606697,"NRI_P050",50
"33693",-22874.864796697,"NRI_P050",100
"33694",-6809.17018669701,"NRI_P050",25
"33695",-3896.13377669701,"NRI_P050",50
"33696",-16333.428626697,"NRI_P050",100
"33697",-6228.076626697,"NRI_P050",25
"33698",-6254.76385669701,"NRI_P050",50
"33699",-6064.83214669701,"NRI_P050",100
"33700",1414.88293330299,"NRI_P050",25
"33701",3737.93214330298,"NRI_P050",50
"33702",-22621.654136697,"NRI_P050",100
"33703",-6879.40538669701,"NRI_P050",25
"33704",-4221.19326669702,"NRI_P050",50
"33705",-11942.652986697,"NRI_P050",100
"33706",-2485.17864669702,"NRI_P050",25
"33707",-9155.99987669702,"NRI_P050",50
"33708",-19993.118096697,"NRI_P050",100
"33709",-6442.226156697,"NRI_P050",25
"33710",-7758.71725669701,"NRI_P050",50
"33711",-22711.543426697,"NRI_P050",100
"33712",-6092.07999669702,"NRI_P050",25
"33713",-12052.429466697,"NRI_P050",50
"33714",-10678.532196697,"NRI_P050",100
"33715",-13690.865876697,"NRI_P050",25
"33716",-1021.67653669702,"NRI_P050",50
"33717",-20057.531076697,"NRI_P050",100
"33718",-10383.879846697,"NRI_P050",25
"33719",-6860.636786697,"NRI_P050",50
"33720",-4447.77824669701,"NRI_P050",100
"33721",-5559.56223669701,"NRI_P050",25
"33722",-4961.968126697,"NRI_P050",50
"33723",-21174.967076697,"NRI_P050",100
"33724",4816.100913303,"NRI_P050",25
"33725",-10563.501306697,"NRI_P050",50
"33726",-19882.364766697,"NRI_P050",100
"33727",-2707.33772669701,"NRI_P050",25
"33728",-10806.721326697,"NRI_P050",50
"33729",-23186.873276697,"NRI_P050",100
"33730",-8963.28077669701,"NRI_P050",25
"33731",-17564.494936697,"NRI_P050",50
"33732",-19109.719546697,"NRI_P050",100
"33733",-4332.02858669701,"NRI_P050",25
"33734",-12170.749916697,"NRI_P050",50
"33735",-17660.878916697,"NRI_P050",100
"33736",-9979.95197669702,"NRI_P050",25
"33737",-11421.148996697,"NRI_P050",50
"33738",-14158.321346697,"NRI_P050",100
"33739",-5152.09843669701,"NRI_P050",25
"33740",-4785.85512669702,"NRI_P050",50
"33741",-14554.505766697,"NRI_P050",100
"33742",-2536.32720669699,"NRI_P050",25
"33743",-13411.651686697,"NRI_P050",50
"33744",-10885.586686697,"NRI_P050",100
"33745",1796.71015330299,"NRI_P050",25
"33746",-2451.723546697,"NRI_P050",50
"33747",-9159.28095669701,"NRI_P050",100
"33748",-5941.58036669702,"NRI_P050",25
"33749",-5828.867186697,"NRI_P050",50
"33750",-15419.092186697,"NRI_P050",100
"33751",-10504.388026697,"NRI_P050",25
"33752",-10132.653676697,"NRI_P050",50
"33753",-22227.862706697,"NRI_P050",100
"33754",-10372.979786697,"NRI_P050",25
"33755",9059.03379330298,"NRI_P050",50
"33756",-7799.54132669701,"NRI_P050",100
"33757",-10130.038746697,"NRI_P050",25
"33758",-2492.37811669701,"NRI_P050",50
"33759",-25640.306756697,"NRI_P050",100
"33760",-2490.41804669701,"NRI_P050",25
"33761",-635.434856697015,"NRI_P050",50
"33762",-19984.737076697,"NRI_P050",100
"33763",3227.59717330299,"NRI_P050",25
"33764",-11324.505296697,"NRI_P050",50
"33765",-17015.046366697,"NRI_P050",100
"33766",2743.66132330298,"NRI_P050",25
"33767",-14779.162456697,"NRI_P050",50
"33768",-19380.941916697,"NRI_P050",100
"33769",-3295.33377669702,"NRI_P050",25
"33770",-3186.875266697,"NRI_P050",50
"33771",-21804.945396697,"NRI_P050",100
"33772",-5248.234286697,"NRI_P050",25
"33773",-4902.29400669702,"NRI_P050",50
"33774",-20817.833526697,"NRI_P050",100
"33775",1829.666723303,"NRI_P050",25
"33776",-13669.274186697,"NRI_P050",50
"33777",-18029.888606697,"NRI_P050",100
"33778",-7623.672336697,"NRI_P050",25
"33779",-7321.77868669701,"NRI_P050",50
"33780",-14517.348606697,"NRI_P050",100
"33781",-7460.359466697,"NRI_P050",25
"33782",-14304.330066697,"NRI_P050",50
"33783",-3203.428196697,"NRI_P050",100
"33784",-3842.28825669701,"NRI_P050",25
"33785",-5746.67146669701,"NRI_P050",50
"33786",-20541.907476697,"NRI_P050",100
"33787",-6481.477846697,"NRI_P050",25
"33788",-8981.80660669701,"NRI_P050",50
"33789",-5608.062186697,"NRI_P050",100
"33790",-8284.844876697,"NRI_P050",25
"33791",-13091.566616697,"NRI_P050",50
"33792",-24613.183216697,"NRI_P050",100
"33793",2665.41527330299,"NRI_P050",25
"33794",-414.259656697017,"NRI_P050",50
"33795",-20274.402286697,"NRI_P050",100
"33796",-6986.965336697,"NRI_P050",25
"33797",-12763.326346697,"NRI_P050",50
"33798",-13761.516776697,"NRI_P050",100
"33799",-4322.311436697,"NRI_P050",25
"33800",-7245.141086697,"NRI_P050",50
"33801",-24249.269816697,"NRI_P050",100
"33802",-3329.70552669701,"NRI_P050",25
"33803",-9186.232616697,"NRI_P050",50
"33804",-13284.860566697,"NRI_P050",100
"33805",-2912.679916697,"NRI_P050",25
"33806",-9681.719746697,"NRI_P050",50
"33807",-27696.983796697,"NRI_P050",100
"33808",-153.388106697006,"NRI_P050",25
"33809",-13307.386616697,"NRI_P050",50
"33810",-15341.759876697,"NRI_P050",100
"33811",-7073.34856669701,"NRI_P050",25
"33812",-12765.165016697,"NRI_P050",50
"33813",-21382.608376697,"NRI_P050",100
"33814",-6039.62942669701,"NRI_P050",25
"33815",-13277.186806697,"NRI_P050",50
"33816",-5198.63811669699,"NRI_P050",100
"33817",-9124.55289669702,"NRI_P050",25
"33818",-7830.73904669701,"NRI_P050",50
"33819",-18765.607736697,"NRI_P050",100
"33820",-1182.54862669701,"NRI_P050",25
"33821",-11064.952446697,"NRI_P050",50
"33822",-16037.228636697,"NRI_P050",100
"33823",-8076.48611669702,"NRI_P050",25
"33824",-4305.427206697,"NRI_P050",50
"33825",-10367.523836697,"NRI_P050",100
"33826",-4914.36391669701,"NRI_P050",25
"33827",864.154763302999,"NRI_P050",50
"33828",-18313.420986697,"NRI_P050",100
"33829",-904.64171669702,"NRI_P050",25
"33830",-12798.558896697,"NRI_P050",50
"33831",-19749.235676697,"NRI_P050",100
"33832",-6275.05080669702,"NRI_P050",25
"33833",-12830.684596697,"NRI_P050",50
"33834",-13137.736856697,"NRI_P050",100
"33835",-6637.17052669701,"NRI_P050",25
"33836",-12289.786116697,"NRI_P050",50
"33837",-8507.60260669701,"NRI_P050",100
"33838",-1910.540606697,"NRI_P050",25
"33839",-6060.71875669702,"NRI_P050",50
"33840",-19152.359046697,"NRI_P050",100
"33841",-7851.77576669701,"NRI_P050",25
"33842",-16788.054326697,"NRI_P050",50
"33843",-13568.285216697,"NRI_P050",100
"33844",373.654393303004,"NRI_P050",25
"33845",-9107.66778669701,"NRI_P050",50
"33846",-19407.467566697,"NRI_P050",100
"33847",5091.08117330298,"NRI_P050",25
"33848",-5149.50514669702,"NRI_P050",50
"33849",-10745.825136697,"NRI_P050",100
"33850",-1788.02224669702,"NRI_P050",25
"33851",-7483.30388669702,"NRI_P050",50
"33852",-22375.791576697,"NRI_P050",100
"33853",-1974.91494669701,"NRI_P050",25
"33854",-11411.479766697,"NRI_P050",50
"33855",-15116.215026697,"NRI_P050",100
"33856",-2558.47825669701,"NRI_P050",25
"33857",-17120.800546697,"NRI_P050",50
"33858",-16133.816886697,"NRI_P050",100
"33859",-9756.89275669702,"NRI_P050",25
"33860",-10442.390936697,"NRI_P050",50
"33861",-18027.746926697,"NRI_P050",100
"33862",-10533.384206697,"NRI_P050",25
"33863",-12340.795586697,"NRI_P050",50
"33864",-16078.220456697,"NRI_P050",100
"33865",-8204.52847669701,"NRI_P050",25
"33866",-14791.425576697,"NRI_P050",50
"33867",-25374.551766697,"NRI_P050",100
"33868",-5887.15131669701,"NRI_P050",25
"33869",-3615.79611669702,"NRI_P050",50
"33870",-4369.86390669702,"NRI_P050",100
"33871",580.513633302995,"NRI_P050",25
"33872",-3492.56550669702,"NRI_P050",50
"33873",-15036.185476697,"NRI_P050",100
"33874",-8643.81339669702,"NRI_P050",25
"33875",6226.907003303,"NRI_P050",50
"33876",-14310.406306697,"NRI_P050",100
"33877",-3533.28691669702,"NRI_P050",25
"33878",-12253.115586697,"NRI_P050",50
"33879",-9361.53970669702,"NRI_P050",100
"33880",-8639.051656697,"NRI_P050",25
"33881",-9408.70061669699,"NRI_P050",50
"33882",-11303.185256697,"NRI_P050",100
"33883",-3181.36758669702,"NRI_P050",25
"33884",-6716.36610669701,"NRI_P050",50
"33885",-19184.209466697,"NRI_P050",100
"33886",-2590.133266697,"NRI_P050",25
"33887",-10018.470576697,"NRI_P050",50
"33888",-14276.610286697,"NRI_P050",100
"33889",-2366.34138669702,"NRI_P050",25
"33890",-9087.44141669702,"NRI_P050",50
"33891",-7735.56417669702,"NRI_P050",100
"33892",-3413.58846669702,"NRI_P050",25
"33893",-12514.814626697,"NRI_P050",50
"33894",-18205.404776697,"NRI_P050",100
"33895",-6442.00556669701,"NRI_P050",25
"33896",7038.312103303,"NRI_P050",50
"33897",-10341.640326697,"NRI_P050",100
"33898",-8103.80636669701,"NRI_P050",25
"33899",-7812.352506697,"NRI_P050",50
"33900",-13828.502086697,"NRI_P050",100
"33901",-14568.018238941,"NRI_P051",25
"33902",21917.699941059,"NRI_P051",50
"33903",-16470.074008941,"NRI_P051",100
"33904",-5723.99138894101,"NRI_P051",25
"33905",-17102.292228941,"NRI_P051",50
"33906",-30328.948688941,"NRI_P051",100
"33907",10710.406481059,"NRI_P051",25
"33908",6908.97058105902,"NRI_P051",50
"33909",2422.34045105899,"NRI_P051",100
"33910",11395.943431059,"NRI_P051",25
"33911",12475.629761059,"NRI_P051",50
"33912",8844.43336105897,"NRI_P051",100
"33913",12920.072051059,"NRI_P051",25
"33914",4357.96286105897,"NRI_P051",50
"33915",26625.866021059,"NRI_P051",100
"33916",-9106.302698941,"NRI_P051",25
"33917",3882.41210105902,"NRI_P051",50
"33918",-11563.564418941,"NRI_P051",100
"33919",3664.29074105897,"NRI_P051",25
"33920",-21481.368118941,"NRI_P051",50
"33921",-23791.719078941,"NRI_P051",100
"33922",-722.777768941014,"NRI_P051",25
"33923",39071.101641059,"NRI_P051",50
"33924",-18314.741738941,"NRI_P051",100
"33925",-7905.66563894099,"NRI_P051",25
"33926",29994.952051059,"NRI_P051",50
"33927",28167.967471059,"NRI_P051",100
"33928",24336.985851059,"NRI_P051",25
"33929",7794.21993105902,"NRI_P051",50
"33930",25855.882851059,"NRI_P051",100
"33931",-1750.71064894099,"NRI_P051",25
"33932",-13394.328358941,"NRI_P051",50
"33933",-5745.01181894101,"NRI_P051",100
"33934",32536.827431059,"NRI_P051",25
"33935",-21415.093378941,"NRI_P051",50
"33936",8600.93609105897,"NRI_P051",100
"33937",-1519.362618941,"NRI_P051",25
"33938",8723.18074105898,"NRI_P051",50
"33939",5565.80642105898,"NRI_P051",100
"33940",-10429.946368941,"NRI_P051",25
"33941",-14522.305398941,"NRI_P051",50
"33942",18824.482581059,"NRI_P051",100
"33943",3745.91800105901,"NRI_P051",25
"33944",957.542241058982,"NRI_P051",50
"33945",-14100.441378941,"NRI_P051",100
"33946",10416.916571059,"NRI_P051",25
"33947",8246.00709105897,"NRI_P051",50
"33948",20943.181011059,"NRI_P051",100
"33949",-9008.242228941,"NRI_P051",25
"33950",-9501.892568941,"NRI_P051",50
"33951",7196.36126105898,"NRI_P051",100
"33952",4409.35611105899,"NRI_P051",25
"33953",947.655921058991,"NRI_P051",50
"33954",-21400.662078941,"NRI_P051",100
"33955",2874.086431059,"NRI_P051",25
"33956",-26381.505878941,"NRI_P051",50
"33957",34365.376051059,"NRI_P051",100
"33958",12765.946331059,"NRI_P051",25
"33959",14874.541231059,"NRI_P051",50
"33960",28761.134741059,"NRI_P051",100
"33961",-16726.706348941,"NRI_P051",25
"33962",12102.591091059,"NRI_P051",50
"33963",9004.39600105901,"NRI_P051",100
"33964",-4718.13084894101,"NRI_P051",25
"33965",21943.410861059,"NRI_P051",50
"33966",1250.81113105899,"NRI_P051",100
"33967",23692.374191059,"NRI_P051",25
"33968",-2599.841138941,"NRI_P051",50
"33969",-10959.547708941,"NRI_P051",100
"33970",-7445.57684894101,"NRI_P051",25
"33971",653.020111058984,"NRI_P051",50
"33972",30383.264411059,"NRI_P051",100
"33973",13045.775071059,"NRI_P051",25
"33974",2277.71459105899,"NRI_P051",50
"33975",-35980.351788941,"NRI_P051",100
"33976",-11920.553698941,"NRI_P051",25
"33977",-9458.911928941,"NRI_P051",50
"33978",46989.711551059,"NRI_P051",100
"33979",16438.333501059,"NRI_P051",25
"33980",6527.47504105899,"NRI_P051",50
"33981",-28276.195998941,"NRI_P051",100
"33982",22912.210441059,"NRI_P051",25
"33983",10075.479001059,"NRI_P051",50
"33984",40431.032421059,"NRI_P051",100
"33985",-7627.339238941,"NRI_P051",25
"33986",7130.83011105898,"NRI_P051",50
"33987",52131.642651059,"NRI_P051",100
"33988",-300.123618940997,"NRI_P051",25
"33989",14386.346631059,"NRI_P051",50
"33990",55167.170931059,"NRI_P051",100
"33991",13792.291651059,"NRI_P051",25
"33992",15844.502091059,"NRI_P051",50
"33993",10722.995391059,"NRI_P051",100
"33994",-7197.58200894101,"NRI_P051",25
"33995",4845.969531059,"NRI_P051",50
"33996",19684.639401059,"NRI_P051",100
"33997",23365.161971059,"NRI_P051",25
"33998",-1488.88251894101,"NRI_P051",50
"33999",31573.504911059,"NRI_P051",100
"34000",7899.45367105902,"NRI_P051",25
"34001",7.92292105898377,"NRI_P051",50
"34002",-524.151318941003,"NRI_P051",100
"34003",-8151.698678941,"NRI_P051",25
"34004",36102.560091059,"NRI_P051",50
"34005",-12102.389398941,"NRI_P051",100
"34006",10722.184841059,"NRI_P051",25
"34007",19008.893471059,"NRI_P051",50
"34008",13474.772701059,"NRI_P051",100
"34009",-2977.265738941,"NRI_P051",25
"34010",48221.628471059,"NRI_P051",50
"34011",1289.82354105901,"NRI_P051",100
"34012",21837.895861059,"NRI_P051",25
"34013",3805.12019105899,"NRI_P051",50
"34014",36000.590901059,"NRI_P051",100
"34015",43387.326531059,"NRI_P051",25
"34016",17864.284641059,"NRI_P051",50
"34017",30416.998961059,"NRI_P051",100
"34018",6783.90530105899,"NRI_P051",25
"34019",20234.192211059,"NRI_P051",50
"34020",29096.941291059,"NRI_P051",100
"34021",17483.963711059,"NRI_P051",25
"34022",35827.675161059,"NRI_P051",50
"34023",41953.045991059,"NRI_P051",100
"34024",-773.794328941003,"NRI_P051",25
"34025",-3997.88499894101,"NRI_P051",50
"34026",30938.560331059,"NRI_P051",100
"34027",20004.995991059,"NRI_P051",25
"34028",-5410.76470894102,"NRI_P051",50
"34029",33679.185741059,"NRI_P051",100
"34030",19102.275171059,"NRI_P051",25
"34031",-5469.86027894099,"NRI_P051",50
"34032",9910.356181059,"NRI_P051",100
"34033",6273.30770105901,"NRI_P051",25
"34034",7942.29284105901,"NRI_P051",50
"34035",10496.339381059,"NRI_P051",100
"34036",16627.366701059,"NRI_P051",25
"34037",-27814.544748941,"NRI_P051",50
"34038",6723.36736105898,"NRI_P051",100
"34039",18426.783211059,"NRI_P051",25
"34040",15084.957251059,"NRI_P051",50
"34041",-14576.203748941,"NRI_P051",100
"34042",-5308.143318941,"NRI_P051",25
"34043",-5886.48137894101,"NRI_P051",50
"34044",942.528441058996,"NRI_P051",100
"34045",9646.31550105897,"NRI_P051",25
"34046",23318.191871059,"NRI_P051",50
"34047",16320.534521059,"NRI_P051",100
"34048",-1230.170318941,"NRI_P051",25
"34049",-24488.200578941,"NRI_P051",50
"34050",16643.531461059,"NRI_P051",100
"34051",12465.298641059,"NRI_P051",25
"34052",29283.012661059,"NRI_P051",50
"34053",14306.895091059,"NRI_P051",100
"34054",13267.265951059,"NRI_P051",25
"34055",25898.347821059,"NRI_P051",50
"34056",20395.028991059,"NRI_P051",100
"34057",18097.170721059,"NRI_P051",25
"34058",28721.106131059,"NRI_P051",50
"34059",30774.060901059,"NRI_P051",100
"34060",-2174.40041894099,"NRI_P051",25
"34061",-11464.868398941,"NRI_P051",50
"34062",26725.175261059,"NRI_P051",100
"34063",-3406.67901894101,"NRI_P051",25
"34064",9964.47607105898,"NRI_P051",50
"34065",34212.630151059,"NRI_P051",100
"34066",6989.82614105902,"NRI_P051",25
"34067",-11098.572978941,"NRI_P051",50
"34068",7003.90775105901,"NRI_P051",100
"34069",398.191891058988,"NRI_P051",25
"34070",-6136.19835894101,"NRI_P051",50
"34071",12214.466641059,"NRI_P051",100
"34072",-14196.429198941,"NRI_P051",25
"34073",-5352.74099894101,"NRI_P051",50
"34074",-3547.94285894101,"NRI_P051",100
"34075",14049.283261059,"NRI_P051",25
"34076",13364.900691059,"NRI_P051",50
"34077",-206.486978941015,"NRI_P051",100
"34078",27690.733161059,"NRI_P051",25
"34079",11355.302661059,"NRI_P051",50
"34080",-13605.246848941,"NRI_P051",100
"34081",2241.21392105901,"NRI_P051",25
"34082",-6889.71516894101,"NRI_P051",50
"34083",12293.018681059,"NRI_P051",100
"34084",18521.843971059,"NRI_P051",25
"34085",28304.330411059,"NRI_P051",50
"34086",-15646.777248941,"NRI_P051",100
"34087",9386.69864105902,"NRI_P051",25
"34088",-14769.331448941,"NRI_P051",50
"34089",13117.411621059,"NRI_P051",100
"34090",-3708.597268941,"NRI_P051",25
"34091",-15608.168248941,"NRI_P051",50
"34092",21174.537831059,"NRI_P051",100
"34093",13562.472041059,"NRI_P051",25
"34094",9764.91715105899,"NRI_P051",50
"34095",-13862.211088941,"NRI_P051",100
"34096",36617.070111059,"NRI_P051",25
"34097",-934.451988941,"NRI_P051",50
"34098",-19287.413858941,"NRI_P051",100
"34099",-4296.11064894102,"NRI_P051",25
"34100",-12166.320588941,"NRI_P051",50
"34101",12794.031361059,"NRI_P051",100
"34102",-5331.34880894099,"NRI_P051",25
"34103",41408.910211059,"NRI_P051",50
"34104",43851.201171059,"NRI_P051",100
"34105",-6204.04549894101,"NRI_P051",25
"34106",10614.535001059,"NRI_P051",50
"34107",25781.890021059,"NRI_P051",100
"34108",-1379.991368941,"NRI_P051",25
"34109",10879.016371059,"NRI_P051",50
"34110",3047.724121059,"NRI_P051",100
"34111",3633.66534105901,"NRI_P051",25
"34112",16695.862851059,"NRI_P051",50
"34113",4390.67405105897,"NRI_P051",100
"34114",1662.779141059,"NRI_P051",25
"34115",-6272.50646894099,"NRI_P051",50
"34116",23881.323421059,"NRI_P051",100
"34117",-4626.18854894099,"NRI_P051",25
"34118",46800.166531059,"NRI_P051",50
"34119",12474.635091059,"NRI_P051",100
"34120",-5977.96511894101,"NRI_P051",25
"34121",17206.192421059,"NRI_P051",50
"34122",6545.62668105899,"NRI_P051",100
"34123",-9606.793468941,"NRI_P051",25
"34124",24489.583291059,"NRI_P051",50
"34125",-11567.748648941,"NRI_P051",100
"34126",10892.190961059,"NRI_P051",25
"34127",654.997231059009,"NRI_P051",50
"34128",10727.177781059,"NRI_P051",100
"34129",9707.20920105898,"NRI_P051",25
"34130",-19158.454198941,"NRI_P051",50
"34131",-1416.32592894099,"NRI_P051",100
"34132",19932.462861059,"NRI_P051",25
"34133",-15235.935478941,"NRI_P051",50
"34134",31375.608701059,"NRI_P051",100
"34135",-2160.63714894099,"NRI_P051",25
"34136",9380.76135105899,"NRI_P051",50
"34137",-18616.150768941,"NRI_P051",100
"34138",16226.800101059,"NRI_P051",25
"34139",32392.785351059,"NRI_P051",50
"34140",-27662.071868941,"NRI_P051",100
"34141",-6516.210848941,"NRI_P051",25
"34142",-25012.400958941,"NRI_P051",50
"34143",-36084.231918941,"NRI_P051",100
"34144",2190.21379105901,"NRI_P051",25
"34145",24704.146471059,"NRI_P051",50
"34146",12240.174831059,"NRI_P051",100
"34147",-224.555898941006,"NRI_P051",25
"34148",19603.209401059,"NRI_P051",50
"34149",26909.802761059,"NRI_P051",100
"34150",12756.390351059,"NRI_P051",25
"34151",-1838.746008941,"NRI_P051",50
"34152",33146.862111059,"NRI_P051",100
"34153",-3893.72100894101,"NRI_P051",25
"34154",13698.885011059,"NRI_P051",50
"34155",5424.69482105898,"NRI_P051",100
"34156",-29654.389588941,"NRI_P051",25
"34157",21026.475751059,"NRI_P051",50
"34158",41891.780541059,"NRI_P051",100
"34159",8290.23183105901,"NRI_P051",25
"34160",19393.070461059,"NRI_P051",50
"34161",21712.775271059,"NRI_P051",100
"34162",18282.848831059,"NRI_P051",25
"34163",7703.110071059,"NRI_P051",50
"34164",28137.293791059,"NRI_P051",100
"34165",-1086.39658894099,"NRI_P051",25
"34166",9054.88083105898,"NRI_P051",50
"34167",3807.514991059,"NRI_P051",100
"34168",-5915.19264894101,"NRI_P051",25
"34169",46434.613371059,"NRI_P051",50
"34170",-25856.235788941,"NRI_P051",100
"34171",8003.772751059,"NRI_P051",25
"34172",23193.414231059,"NRI_P051",50
"34173",18969.901521059,"NRI_P051",100
"34174",14951.071641059,"NRI_P051",25
"34175",5606.79176105899,"NRI_P051",50
"34176",2932.00329105899,"NRI_P051",100
"34177",-4638.875418941,"NRI_P051",25
"34178",32096.473121059,"NRI_P051",50
"34179",-2302.52628894101,"NRI_P051",100
"34180",-25667.981038941,"NRI_P051",25
"34181",-5154.21641894101,"NRI_P051",50
"34182",25428.900351059,"NRI_P051",100
"34183",-4622.054258941,"NRI_P051",25
"34184",-19317.549678941,"NRI_P051",50
"34185",11494.521251059,"NRI_P051",100
"34186",-18057.897348941,"NRI_P051",25
"34187",9290.67065105899,"NRI_P051",50
"34188",-15419.524858941,"NRI_P051",100
"34189",7692.46410105898,"NRI_P051",25
"34190",-13853.991108941,"NRI_P051",50
"34191",49688.388221059,"NRI_P051",100
"34192",2950.88994105899,"NRI_P051",25
"34193",19521.212911059,"NRI_P051",50
"34194",-551.014238940988,"NRI_P051",100
"34195",39093.145771059,"NRI_P051",25
"34196",-16806.325238941,"NRI_P051",50
"34197",25906.043341059,"NRI_P051",100
"34198",-376.368868941005,"NRI_P051",25
"34199",15991.691191059,"NRI_P051",50
"34200",-236.255228941009,"NRI_P051",100
"34201",9606.324798766,"NRI_P052",25
"34202",-607.769191234023,"NRI_P052",50
"34203",-26925.254951234,"NRI_P052",100
"34204",-6671.53029123403,"NRI_P052",25
"34205",-2938.78507123399,"NRI_P052",50
"34206",1273.54232876597,"NRI_P052",100
"34207",118.276828765986,"NRI_P052",25
"34208",-18246.383741234,"NRI_P052",50
"34209",-26487.458551234,"NRI_P052",100
"34210",-10043.101161234,"NRI_P052",25
"34211",6405.95028876601,"NRI_P052",50
"34212",-11715.092641234,"NRI_P052",100
"34213",-15567.749691234,"NRI_P052",25
"34214",-20602.877961234,"NRI_P052",50
"34215",-7664.78197123401,"NRI_P052",100
"34216",-12037.500481234,"NRI_P052",25
"34217",-7751.550041234,"NRI_P052",50
"34218",-25631.209871234,"NRI_P052",100
"34219",9875.04100876598,"NRI_P052",25
"34220",-23109.395751234,"NRI_P052",50
"34221",-32135.612141234,"NRI_P052",100
"34222",3346.70958876598,"NRI_P052",25
"34223",-16457.740381234,"NRI_P052",50
"34224",-16680.980831234,"NRI_P052",100
"34225",1314.66199876601,"NRI_P052",25
"34226",928.271738765994,"NRI_P052",50
"34227",-32217.135751234,"NRI_P052",100
"34228",-3542.704471234,"NRI_P052",25
"34229",-13563.472121234,"NRI_P052",50
"34230",5776.690678766,"NRI_P052",100
"34231",-9800.919881234,"NRI_P052",25
"34232",-20087.022891234,"NRI_P052",50
"34233",-1840.44731123402,"NRI_P052",100
"34234",6624.012528766,"NRI_P052",25
"34235",-9967.61595123401,"NRI_P052",50
"34236",11660.967918766,"NRI_P052",100
"34237",-2043.699731234,"NRI_P052",25
"34238",-8318.47646123398,"NRI_P052",50
"34239",-19455.623751234,"NRI_P052",100
"34240",-13077.414001234,"NRI_P052",25
"34241",-14353.332451234,"NRI_P052",50
"34242",-1693.03786123398,"NRI_P052",100
"34243",2024.39500876598,"NRI_P052",25
"34244",-10680.741981234,"NRI_P052",50
"34245",-28733.987881234,"NRI_P052",100
"34246",-3571.989711234,"NRI_P052",25
"34247",-17267.299141234,"NRI_P052",50
"34248",-595.208921234007,"NRI_P052",100
"34249",-3407.58679123403,"NRI_P052",25
"34250",-15469.812561234,"NRI_P052",50
"34251",-18908.815361234,"NRI_P052",100
"34252",-3405.592291234,"NRI_P052",25
"34253",9012.647488766,"NRI_P052",50
"34254",7194.15210876596,"NRI_P052",100
"34255",10053.927808766,"NRI_P052",25
"34256",-8347.61822123401,"NRI_P052",50
"34257",-9550.64620123402,"NRI_P052",100
"34258",11128.150588766,"NRI_P052",25
"34259",-11583.799231234,"NRI_P052",50
"34260",-21705.093881234,"NRI_P052",100
"34261",17572.387648766,"NRI_P052",25
"34262",-14504.564861234,"NRI_P052",50
"34263",-29559.604641234,"NRI_P052",100
"34264",8582.36988876597,"NRI_P052",25
"34265",-12656.579201234,"NRI_P052",50
"34266",-24946.876771234,"NRI_P052",100
"34267",-4616.63314123399,"NRI_P052",25
"34268",17783.446618766,"NRI_P052",50
"34269",-9764.78476123401,"NRI_P052",100
"34270",-2769.42871123401,"NRI_P052",25
"34271",10133.251348766,"NRI_P052",50
"34272",-25878.331981234,"NRI_P052",100
"34273",-14324.241621234,"NRI_P052",25
"34274",3003.59597876598,"NRI_P052",50
"34275",-8321.75374123402,"NRI_P052",100
"34276",-6207.28650123399,"NRI_P052",25
"34277",-4368.21484123403,"NRI_P052",50
"34278",-165.264491234033,"NRI_P052",100
"34279",-4201.625651234,"NRI_P052",25
"34280",-2803.87417123403,"NRI_P052",50
"34281",-9430.291731234,"NRI_P052",100
"34282",-1898.90828123403,"NRI_P052",25
"34283",19920.988178766,"NRI_P052",50
"34284",-28391.327481234,"NRI_P052",100
"34285",-3023.733841234,"NRI_P052",25
"34286",-6351.700251234,"NRI_P052",50
"34287",-18738.430031234,"NRI_P052",100
"34288",-15474.481481234,"NRI_P052",25
"34289",-11683.630781234,"NRI_P052",50
"34290",151.102368765976,"NRI_P052",100
"34291",-7055.75098123401,"NRI_P052",25
"34292",2338.295298766,"NRI_P052",50
"34293",-17932.989631234,"NRI_P052",100
"34294",3154.46163876599,"NRI_P052",25
"34295",1693.48827876599,"NRI_P052",50
"34296",-16354.756661234,"NRI_P052",100
"34297",-7755.35477123404,"NRI_P052",25
"34298",-21370.530811234,"NRI_P052",50
"34299",-23711.046451234,"NRI_P052",100
"34300",-5928.00092123402,"NRI_P052",25
"34301",-23826.353011234,"NRI_P052",50
"34302",4946.51253876596,"NRI_P052",100
"34303",-7285.94706123398,"NRI_P052",25
"34304",-1064.45123123401,"NRI_P052",50
"34305",-12679.707551234,"NRI_P052",100
"34306",-10300.814641234,"NRI_P052",25
"34307",-6716.051661234,"NRI_P052",50
"34308",-17605.450801234,"NRI_P052",100
"34309",16333.108978766,"NRI_P052",25
"34310",3562.19710876601,"NRI_P052",50
"34311",-5586.80482123402,"NRI_P052",100
"34312",-6714.268691234,"NRI_P052",25
"34313",2215.82275876601,"NRI_P052",50
"34314",-32957.153591234,"NRI_P052",100
"34315",747.992908765969,"NRI_P052",25
"34316",-12013.625971234,"NRI_P052",50
"34317",6943.81310876599,"NRI_P052",100
"34318",-16428.731611234,"NRI_P052",25
"34319",-19572.415371234,"NRI_P052",50
"34320",-13524.123661234,"NRI_P052",100
"34321",-13190.684421234,"NRI_P052",25
"34322",-9828.14005123399,"NRI_P052",50
"34323",-12621.370011234,"NRI_P052",100
"34324",-3189.06887123402,"NRI_P052",25
"34325",4309.40768876602,"NRI_P052",50
"34326",-5331.65634123399,"NRI_P052",100
"34327",-2778.51783123403,"NRI_P052",25
"34328",-23306.755951234,"NRI_P052",50
"34329",-17433.848691234,"NRI_P052",100
"34330",-5439.06187123404,"NRI_P052",25
"34331",-1745.34392123402,"NRI_P052",50
"34332",-18209.183941234,"NRI_P052",100
"34333",-19954.956511234,"NRI_P052",25
"34334",10179.781588766,"NRI_P052",50
"34335",2404.46469876601,"NRI_P052",100
"34336",292.256308765966,"NRI_P052",25
"34337",-12911.656441234,"NRI_P052",50
"34338",-28000.559051234,"NRI_P052",100
"34339",-15137.752091234,"NRI_P052",25
"34340",2697.21545876598,"NRI_P052",50
"34341",-20146.299811234,"NRI_P052",100
"34342",-1583.83199123398,"NRI_P052",25
"34343",-12483.861071234,"NRI_P052",50
"34344",-14017.363261234,"NRI_P052",100
"34345",1666.64994876599,"NRI_P052",25
"34346",-11197.861771234,"NRI_P052",50
"34347",-22913.380461234,"NRI_P052",100
"34348",-426.940001234005,"NRI_P052",25
"34349",-15578.837761234,"NRI_P052",50
"34350",-12098.085431234,"NRI_P052",100
"34351",-12303.061941234,"NRI_P052",25
"34352",5717.92679876601,"NRI_P052",50
"34353",-15836.419341234,"NRI_P052",100
"34354",772.136938765994,"NRI_P052",25
"34355",-633.375361234008,"NRI_P052",50
"34356",-31849.299651234,"NRI_P052",100
"34357",-9322.19189123402,"NRI_P052",25
"34358",7740.85285876598,"NRI_P052",50
"34359",-6559.20211123402,"NRI_P052",100
"34360",1326.73957876599,"NRI_P052",25
"34361",-5615.58738123399,"NRI_P052",50
"34362",-29587.825571234,"NRI_P052",100
"34363",-15168.377151234,"NRI_P052",25
"34364",570.347718766017,"NRI_P052",50
"34365",-20682.243831234,"NRI_P052",100
"34366",1208.82230876602,"NRI_P052",25
"34367",-9741.10072123399,"NRI_P052",50
"34368",-24090.831501234,"NRI_P052",100
"34369",-1394.94764123403,"NRI_P052",25
"34370",-6942.09809123399,"NRI_P052",50
"34371",-10063.395471234,"NRI_P052",100
"34372",-3256.895151234,"NRI_P052",25
"34373",12600.169048766,"NRI_P052",50
"34374",-12695.936131234,"NRI_P052",100
"34375",23829.493518766,"NRI_P052",25
"34376",-6976.33695123403,"NRI_P052",50
"34377",10636.950638766,"NRI_P052",100
"34378",-7223.117081234,"NRI_P052",25
"34379",492.031178765988,"NRI_P052",50
"34380",-28418.841681234,"NRI_P052",100
"34381",-10753.295821234,"NRI_P052",25
"34382",2802.45353876601,"NRI_P052",50
"34383",-7494.47292123403,"NRI_P052",100
"34384",-842.021961233986,"NRI_P052",25
"34385",546.253228765971,"NRI_P052",50
"34386",-22912.092561234,"NRI_P052",100
"34387",-8197.39277123404,"NRI_P052",25
"34388",-22064.975961234,"NRI_P052",50
"34389",-23878.852401234,"NRI_P052",100
"34390",2516.87491876597,"NRI_P052",25
"34391",-8863.54940123402,"NRI_P052",50
"34392",-14788.514601234,"NRI_P052",100
"34393",-3921.19771123398,"NRI_P052",25
"34394",347.801068765984,"NRI_P052",50
"34395",-4526.246951234,"NRI_P052",100
"34396",-13724.104411234,"NRI_P052",25
"34397",5741.40307876602,"NRI_P052",50
"34398",-10349.396561234,"NRI_P052",100
"34399",-11667.666451234,"NRI_P052",25
"34400",-16487.036911234,"NRI_P052",50
"34401",-33258.558961234,"NRI_P052",100
"34402",-13728.953741234,"NRI_P052",25
"34403",11634.773838766,"NRI_P052",50
"34404",-1142.58146123402,"NRI_P052",100
"34405",5548.507138766,"NRI_P052",25
"34406",-4868.513371234,"NRI_P052",50
"34407",-25074.551331234,"NRI_P052",100
"34408",-4958.24519123399,"NRI_P052",25
"34409",-26259.851661234,"NRI_P052",50
"34410",-5432.81307123404,"NRI_P052",100
"34411",-9979.72802123398,"NRI_P052",25
"34412",-10474.228151234,"NRI_P052",50
"34413",-30233.902651234,"NRI_P052",100
"34414",-8264.48879123403,"NRI_P052",25
"34415",6427.63655876601,"NRI_P052",50
"34416",-17310.074591234,"NRI_P052",100
"34417",1261.62218876596,"NRI_P052",25
"34418",-11785.081041234,"NRI_P052",50
"34419",-12044.178651234,"NRI_P052",100
"34420",8780.56412876601,"NRI_P052",25
"34421",-15048.321011234,"NRI_P052",50
"34422",-26189.367751234,"NRI_P052",100
"34423",-2834.83908123401,"NRI_P052",25
"34424",1202.86265876598,"NRI_P052",50
"34425",5963.17015876598,"NRI_P052",100
"34426",3146.40958876599,"NRI_P052",25
"34427",-23378.807501234,"NRI_P052",50
"34428",-16803.368101234,"NRI_P052",100
"34429",3763.21938876598,"NRI_P052",25
"34430",-8142.31118123402,"NRI_P052",50
"34431",-28285.260381234,"NRI_P052",100
"34432",-259.158131233999,"NRI_P052",25
"34433",-13276.508361234,"NRI_P052",50
"34434",-7811.48987123399,"NRI_P052",100
"34435",-9741.01517123403,"NRI_P052",25
"34436",3317.461478766,"NRI_P052",50
"34437",-29722.023511234,"NRI_P052",100
"34438",-4875.24000123399,"NRI_P052",25
"34439",-18178.540051234,"NRI_P052",50
"34440",-20089.872101234,"NRI_P052",100
"34441",-15474.540591234,"NRI_P052",25
"34442",3702.07064876601,"NRI_P052",50
"34443",-11821.395581234,"NRI_P052",100
"34444",6262.89802876598,"NRI_P052",25
"34445",2682.66433876602,"NRI_P052",50
"34446",-27803.049541234,"NRI_P052",100
"34447",-5123.61190123402,"NRI_P052",25
"34448",-16111.661461234,"NRI_P052",50
"34449",-432.971851234033,"NRI_P052",100
"34450",20584.686918766,"NRI_P052",25
"34451",-16796.446521234,"NRI_P052",50
"34452",-15224.834541234,"NRI_P052",100
"34453",-3610.156251234,"NRI_P052",25
"34454",-10166.050191234,"NRI_P052",50
"34455",-26471.543061234,"NRI_P052",100
"34456",-20149.036741234,"NRI_P052",25
"34457",-9910.66522123403,"NRI_P052",50
"34458",-22376.322961234,"NRI_P052",100
"34459",5057.363088766,"NRI_P052",25
"34460",13769.917648766,"NRI_P052",50
"34461",4717.93706876598,"NRI_P052",100
"34462",-9093.87981123402,"NRI_P052",25
"34463",5322.87112876598,"NRI_P052",50
"34464",-27794.506051234,"NRI_P052",100
"34465",2231.15125876601,"NRI_P052",25
"34466",-21670.810381234,"NRI_P052",50
"34467",-20008.984831234,"NRI_P052",100
"34468",-1.93119123403449,"NRI_P052",25
"34469",7325.511748766,"NRI_P052",50
"34470",-26020.590311234,"NRI_P052",100
"34471",-7411.75858123403,"NRI_P052",25
"34472",-3887.53318123403,"NRI_P052",50
"34473",-18419.430421234,"NRI_P052",100
"34474",15714.416458766,"NRI_P052",25
"34475",-14444.722751234,"NRI_P052",50
"34476",-13065.166081234,"NRI_P052",100
"34477",-2994.67350123404,"NRI_P052",25
"34478",-4712.75104123401,"NRI_P052",50
"34479",-17108.362581234,"NRI_P052",100
"34480",5978.959628766,"NRI_P052",25
"34481",361.525098765967,"NRI_P052",50
"34482",-24720.109861234,"NRI_P052",100
"34483",-15867.423791234,"NRI_P052",25
"34484",-7643.46656123403,"NRI_P052",50
"34485",-10138.582151234,"NRI_P052",100
"34486",-7649.54425123404,"NRI_P052",25
"34487",-4892.701321234,"NRI_P052",50
"34488",-7235.71694123402,"NRI_P052",100
"34489",-2524.85584123404,"NRI_P052",25
"34490",1936.535308766,"NRI_P052",50
"34491",-16297.813221234,"NRI_P052",100
"34492",-1597.79300123401,"NRI_P052",25
"34493",-19132.906421234,"NRI_P052",50
"34494",-31106.554701234,"NRI_P052",100
"34495",-2422.21047123399,"NRI_P052",25
"34496",-4396.73317123402,"NRI_P052",50
"34497",-21149.854251234,"NRI_P052",100
"34498",1031.57425876596,"NRI_P052",25
"34499",12672.788368766,"NRI_P052",50
"34500",-24322.960101234,"NRI_P052",100
"34501",-9570.38690351805,"NRI_P053",25
"34502",-19706.796123518,"NRI_P053",50
"34503",-57205.904683518,"NRI_P053",100
"34504",-22569.370033518,"NRI_P053",25
"34505",-40081.333503518,"NRI_P053",50
"34506",-67300.668523518,"NRI_P053",100
"34507",-8604.24317351804,"NRI_P053",25
"34508",-42493.370543518,"NRI_P053",50
"34509",-49825.154433518,"NRI_P053",100
"34510",-19166.4052035181,"NRI_P053",25
"34511",-15709.901193518,"NRI_P053",50
"34512",-56046.897363518,"NRI_P053",100
"34513",3480.56022648199,"NRI_P053",25
"34514",-22367.888153518,"NRI_P053",50
"34515",-61590.478463518,"NRI_P053",100
"34516",-35410.037853518,"NRI_P053",25
"34517",-34695.083613518,"NRI_P053",50
"34518",-65822.843363518,"NRI_P053",100
"34519",1628.70626648195,"NRI_P053",25
"34520",-24613.716363518,"NRI_P053",50
"34521",-79836.422883518,"NRI_P053",100
"34522",-16707.160993518,"NRI_P053",25
"34523",-38438.818753518,"NRI_P053",50
"34524",-52185.239343518,"NRI_P053",100
"34525",-15350.6719835181,"NRI_P053",25
"34526",-15776.7286435181,"NRI_P053",50
"34527",-45535.564233518,"NRI_P053",100
"34528",-20991.615543518,"NRI_P053",25
"34529",-47107.085233518,"NRI_P053",50
"34530",-86183.494823518,"NRI_P053",100
"34531",-13920.522923518,"NRI_P053",25
"34532",-44559.819773518,"NRI_P053",50
"34533",-82599.826753518,"NRI_P053",100
"34534",-9225.63628351805,"NRI_P053",25
"34535",-56028.953013518,"NRI_P053",50
"34536",-41774.856603518,"NRI_P053",100
"34537",-15611.0956935181,"NRI_P053",25
"34538",-46828.806113518,"NRI_P053",50
"34539",-80504.353763518,"NRI_P053",100
"34540",-5865.24454351806,"NRI_P053",25
"34541",-54635.038183518,"NRI_P053",50
"34542",-54350.4959035181,"NRI_P053",100
"34543",-27841.925853518,"NRI_P053",25
"34544",-40877.165183518,"NRI_P053",50
"34545",-51960.8237235181,"NRI_P053",100
"34546",1076.92344648199,"NRI_P053",25
"34547",-40681.307213518,"NRI_P053",50
"34548",-85304.827493518,"NRI_P053",100
"34549",-16419.717493518,"NRI_P053",25
"34550",-50739.529563518,"NRI_P053",50
"34551",-77310.351633518,"NRI_P053",100
"34552",-13507.8325835181,"NRI_P053",25
"34553",-35141.605803518,"NRI_P053",50
"34554",-60658.464063518,"NRI_P053",100
"34555",-8595.24188351806,"NRI_P053",25
"34556",16991.3153264819,"NRI_P053",50
"34557",-82189.2364935181,"NRI_P053",100
"34558",-15716.8016235181,"NRI_P053",25
"34559",-35046.377063518,"NRI_P053",50
"34560",-82381.9467735181,"NRI_P053",100
"34561",-31544.7436035181,"NRI_P053",25
"34562",-40353.4760135181,"NRI_P053",50
"34563",-45009.619243518,"NRI_P053",100
"34564",-47304.040563518,"NRI_P053",25
"34565",-44893.020263518,"NRI_P053",50
"34566",-70569.206583518,"NRI_P053",100
"34567",-20125.853693518,"NRI_P053",25
"34568",-27993.017773518,"NRI_P053",50
"34569",-81506.685293518,"NRI_P053",100
"34570",-2907.09672351804,"NRI_P053",25
"34571",-34558.218043518,"NRI_P053",50
"34572",-36608.203403518,"NRI_P053",100
"34573",-26161.644783518,"NRI_P053",25
"34574",-21987.416113518,"NRI_P053",50
"34575",-80935.149923518,"NRI_P053",100
"34576",-36089.703243518,"NRI_P053",25
"34577",-21949.348883518,"NRI_P053",50
"34578",-59701.3977735181,"NRI_P053",100
"34579",1340.10670648195,"NRI_P053",25
"34580",-71829.218303518,"NRI_P053",50
"34581",-71922.654513518,"NRI_P053",100
"34582",-29737.194703518,"NRI_P053",25
"34583",-14500.945233518,"NRI_P053",50
"34584",-49362.529583518,"NRI_P053",100
"34585",-16489.527763518,"NRI_P053",25
"34586",-50422.523403518,"NRI_P053",50
"34587",-49718.324223518,"NRI_P053",100
"34588",-26669.521723518,"NRI_P053",25
"34589",-15058.008193518,"NRI_P053",50
"34590",-58011.815293518,"NRI_P053",100
"34591",-8706.62173351803,"NRI_P053",25
"34592",-39092.865113518,"NRI_P053",50
"34593",-66920.007383518,"NRI_P053",100
"34594",-9879.82679351803,"NRI_P053",25
"34595",-25700.364583518,"NRI_P053",50
"34596",-64735.3527635181,"NRI_P053",100
"34597",1598.82526648196,"NRI_P053",25
"34598",-26105.869613518,"NRI_P053",50
"34599",-38456.399263518,"NRI_P053",100
"34600",-21211.765073518,"NRI_P053",25
"34601",-30522.747563518,"NRI_P053",50
"34602",-64744.654323518,"NRI_P053",100
"34603",-13322.786203518,"NRI_P053",25
"34604",-11971.0741135181,"NRI_P053",50
"34605",-66419.651113518,"NRI_P053",100
"34606",-24945.835613518,"NRI_P053",25
"34607",-73369.4986335181,"NRI_P053",50
"34608",-36237.5881935181,"NRI_P053",100
"34609",-20472.307783518,"NRI_P053",25
"34610",-23298.481453518,"NRI_P053",50
"34611",-69537.1595535181,"NRI_P053",100
"34612",-32772.393543518,"NRI_P053",25
"34613",-1639.01804351801,"NRI_P053",50
"34614",-78826.384993518,"NRI_P053",100
"34615",1425.11422648199,"NRI_P053",25
"34616",-35805.651233518,"NRI_P053",50
"34617",-76357.700713518,"NRI_P053",100
"34618",-7202.70731351804,"NRI_P053",25
"34619",-28312.899563518,"NRI_P053",50
"34620",-84258.020053518,"NRI_P053",100
"34621",5589.27979648195,"NRI_P053",25
"34622",-36516.603633518,"NRI_P053",50
"34623",-52134.978883518,"NRI_P053",100
"34624",-22269.808293518,"NRI_P053",25
"34625",-29853.8417335181,"NRI_P053",50
"34626",-29945.108303518,"NRI_P053",100
"34627",-36134.900073518,"NRI_P053",25
"34628",-56933.602043518,"NRI_P053",50
"34629",-58316.046963518,"NRI_P053",100
"34630",-22110.760683518,"NRI_P053",25
"34631",-49605.802863518,"NRI_P053",50
"34632",-68653.9070235181,"NRI_P053",100
"34633",-4336.71621351806,"NRI_P053",25
"34634",-5215.43101351801,"NRI_P053",50
"34635",-72457.125363518,"NRI_P053",100
"34636",-26791.995473518,"NRI_P053",25
"34637",-27402.646093518,"NRI_P053",50
"34638",-43399.649893518,"NRI_P053",100
"34639",-18851.269733518,"NRI_P053",25
"34640",-47255.195463518,"NRI_P053",50
"34641",-57233.6633535181,"NRI_P053",100
"34642",-14013.594193518,"NRI_P053",25
"34643",7106.31425648194,"NRI_P053",50
"34644",-67041.388393518,"NRI_P053",100
"34645",-28139.8606535181,"NRI_P053",25
"34646",-19319.292173518,"NRI_P053",50
"34647",-64970.576823518,"NRI_P053",100
"34648",-31776.507633518,"NRI_P053",25
"34649",10848.6372364819,"NRI_P053",50
"34650",-81444.207303518,"NRI_P053",100
"34651",-17084.132823518,"NRI_P053",25
"34652",-30443.879063518,"NRI_P053",50
"34653",-63687.705933518,"NRI_P053",100
"34654",-24804.3223935181,"NRI_P053",25
"34655",-36797.854283518,"NRI_P053",50
"34656",-47889.387633518,"NRI_P053",100
"34657",-18869.712603518,"NRI_P053",25
"34658",-29453.2463635181,"NRI_P053",50
"34659",-75073.348033518,"NRI_P053",100
"34660",-23126.539473518,"NRI_P053",25
"34661",-35835.7903335181,"NRI_P053",50
"34662",-63158.028223518,"NRI_P053",100
"34663",-15109.8788235181,"NRI_P053",25
"34664",-48971.418143518,"NRI_P053",50
"34665",-83014.059203518,"NRI_P053",100
"34666",-35203.1641935181,"NRI_P053",25
"34667",-19718.812483518,"NRI_P053",50
"34668",-51926.150153518,"NRI_P053",100
"34669",818.393206481996,"NRI_P053",25
"34670",-41969.520753518,"NRI_P053",50
"34671",-76036.892273518,"NRI_P053",100
"34672",-40455.614443518,"NRI_P053",25
"34673",-38551.911943518,"NRI_P053",50
"34674",-92358.289403518,"NRI_P053",100
"34675",-712.996913518058,"NRI_P053",25
"34676",-64071.001513518,"NRI_P053",50
"34677",-82589.739133518,"NRI_P053",100
"34678",-7856.09364351805,"NRI_P053",25
"34679",-39702.656913518,"NRI_P053",50
"34680",-75493.526203518,"NRI_P053",100
"34681",-10581.080233518,"NRI_P053",25
"34682",-26987.769843518,"NRI_P053",50
"34683",-58898.336373518,"NRI_P053",100
"34684",-24838.960813518,"NRI_P053",25
"34685",-24826.708093518,"NRI_P053",50
"34686",-59240.5603235181,"NRI_P053",100
"34687",-3661.49629351805,"NRI_P053",25
"34688",-33069.003353518,"NRI_P053",50
"34689",-72880.994063518,"NRI_P053",100
"34690",-20327.9284735181,"NRI_P053",25
"34691",-29416.2357135181,"NRI_P053",50
"34692",-75472.255113518,"NRI_P053",100
"34693",-11594.979943518,"NRI_P053",25
"34694",-32603.933423518,"NRI_P053",50
"34695",-71758.4638135181,"NRI_P053",100
"34696",-28656.705513518,"NRI_P053",25
"34697",-39042.206163518,"NRI_P053",50
"34698",-52024.127253518,"NRI_P053",100
"34699",-18917.661463518,"NRI_P053",25
"34700",-44708.3163535181,"NRI_P053",50
"34701",-38883.872193518,"NRI_P053",100
"34702",-20619.1514435181,"NRI_P053",25
"34703",-38406.449093518,"NRI_P053",50
"34704",-73578.137473518,"NRI_P053",100
"34705",-6115.68044351804,"NRI_P053",25
"34706",-40519.3578635181,"NRI_P053",50
"34707",-78512.470233518,"NRI_P053",100
"34708",-19311.3908335181,"NRI_P053",25
"34709",-16069.114593518,"NRI_P053",50
"34710",-67040.879303518,"NRI_P053",100
"34711",-6060.04457351804,"NRI_P053",25
"34712",-22104.153943518,"NRI_P053",50
"34713",-101084.254403518,"NRI_P053",100
"34714",-19729.735693518,"NRI_P053",25
"34715",-60443.319973518,"NRI_P053",50
"34716",-45290.066633518,"NRI_P053",100
"34717",-21759.297543518,"NRI_P053",25
"34718",-39631.557213518,"NRI_P053",50
"34719",-36381.580253518,"NRI_P053",100
"34720",-30397.158733518,"NRI_P053",25
"34721",-44504.6317135181,"NRI_P053",50
"34722",-57895.449733518,"NRI_P053",100
"34723",-34721.013763518,"NRI_P053",25
"34724",-27220.206223518,"NRI_P053",50
"34725",-31934.507373518,"NRI_P053",100
"34726",-15200.180663518,"NRI_P053",25
"34727",-57177.8890135181,"NRI_P053",50
"34728",-57930.528493518,"NRI_P053",100
"34729",-26566.002173518,"NRI_P053",25
"34730",-44404.087343518,"NRI_P053",50
"34731",-32925.839143518,"NRI_P053",100
"34732",-20863.7967535181,"NRI_P053",25
"34733",-61933.415743518,"NRI_P053",50
"34734",-67765.0262135181,"NRI_P053",100
"34735",-22024.1866535181,"NRI_P053",25
"34736",-43064.554133518,"NRI_P053",50
"34737",-42760.938293518,"NRI_P053",100
"34738",6040.27677648194,"NRI_P053",25
"34739",-66326.8978435181,"NRI_P053",50
"34740",-78109.753863518,"NRI_P053",100
"34741",-9114.65823351801,"NRI_P053",25
"34742",-59813.887203518,"NRI_P053",50
"34743",-47880.8000635181,"NRI_P053",100
"34744",-13011.277183518,"NRI_P053",25
"34745",-26772.721463518,"NRI_P053",50
"34746",-57333.632013518,"NRI_P053",100
"34747",-17222.943293518,"NRI_P053",25
"34748",-33671.333213518,"NRI_P053",50
"34749",-83405.354433518,"NRI_P053",100
"34750",-45672.491793518,"NRI_P053",25
"34751",-21690.4001135181,"NRI_P053",50
"34752",-77057.746753518,"NRI_P053",100
"34753",-18375.757413518,"NRI_P053",25
"34754",-38048.494893518,"NRI_P053",50
"34755",-66534.115053518,"NRI_P053",100
"34756",-18199.250503518,"NRI_P053",25
"34757",-6852.25582351803,"NRI_P053",50
"34758",-71462.443943518,"NRI_P053",100
"34759",-23615.543683518,"NRI_P053",25
"34760",-49559.231483518,"NRI_P053",50
"34761",-64513.5650235181,"NRI_P053",100
"34762",-24752.885763518,"NRI_P053",25
"34763",-36998.924943518,"NRI_P053",50
"34764",-47007.488933518,"NRI_P053",100
"34765",-20771.153313518,"NRI_P053",25
"34766",-49568.926453518,"NRI_P053",50
"34767",-39682.822853518,"NRI_P053",100
"34768",-8348.49903351802,"NRI_P053",25
"34769",-67554.666673518,"NRI_P053",50
"34770",-42149.667193518,"NRI_P053",100
"34771",-19472.965473518,"NRI_P053",25
"34772",-34363.946653518,"NRI_P053",50
"34773",-67638.6820435181,"NRI_P053",100
"34774",-29285.499693518,"NRI_P053",25
"34775",-27655.6196735181,"NRI_P053",50
"34776",-70838.659983518,"NRI_P053",100
"34777",-4439.36929351802,"NRI_P053",25
"34778",-42624.996203518,"NRI_P053",50
"34779",-54940.307363518,"NRI_P053",100
"34780",-15301.228603518,"NRI_P053",25
"34781",-10773.107743518,"NRI_P053",50
"34782",-49804.3318335181,"NRI_P053",100
"34783",10049.8774364819,"NRI_P053",25
"34784",-47081.8192135181,"NRI_P053",50
"34785",-67597.306323518,"NRI_P053",100
"34786",-20802.330423518,"NRI_P053",25
"34787",-28662.3550035181,"NRI_P053",50
"34788",-79901.846523518,"NRI_P053",100
"34789",-27210.8570835181,"NRI_P053",25
"34790",-3982.45242351806,"NRI_P053",50
"34791",-85768.718153518,"NRI_P053",100
"34792",-24640.800653518,"NRI_P053",25
"34793",-7577.77843351802,"NRI_P053",50
"34794",-47074.388673518,"NRI_P053",100
"34795",-32857.914523518,"NRI_P053",25
"34796",-43215.789623518,"NRI_P053",50
"34797",-58664.229763518,"NRI_P053",100
"34798",-10498.507373518,"NRI_P053",25
"34799",-5179.46780351806,"NRI_P053",50
"34800",-52718.929043518,"NRI_P053",100
"34801",-5243.826122784,"NRI_P056",25
"34802",70170.524167216,"NRI_P056",50
"34803",60431.331257216,"NRI_P056",100
"34804",-7002.03008278401,"NRI_P056",25
"34805",16802.532427216,"NRI_P056",50
"34806",44411.386777216,"NRI_P056",100
"34807",7932.79593721603,"NRI_P056",25
"34808",32448.756637216,"NRI_P056",50
"34809",97062.301327216,"NRI_P056",100
"34810",-9633.298312784,"NRI_P056",25
"34811",31031.744447216,"NRI_P056",50
"34812",53254.288667216,"NRI_P056",100
"34813",19354.925387216,"NRI_P056",25
"34814",3937.80834721599,"NRI_P056",50
"34815",19697.962647216,"NRI_P056",100
"34816",-1470.24009278399,"NRI_P056",25
"34817",74020.087657216,"NRI_P056",50
"34818",71335.894577216,"NRI_P056",100
"34819",-22149.530342784,"NRI_P056",25
"34820",51726.192027216,"NRI_P056",50
"34821",71936.048617216,"NRI_P056",100
"34822",18887.485547216,"NRI_P056",25
"34823",28410.577097216,"NRI_P056",50
"34824",29549.560217216,"NRI_P056",100
"34825",24819.728257216,"NRI_P056",25
"34826",-18798.048062784,"NRI_P056",50
"34827",53421.659327216,"NRI_P056",100
"34828",29558.129327216,"NRI_P056",25
"34829",38692.321317216,"NRI_P056",50
"34830",83296.692737216,"NRI_P056",100
"34831",9662.01757721603,"NRI_P056",25
"34832",13259.652697216,"NRI_P056",50
"34833",108402.474337216,"NRI_P056",100
"34834",39230.047067216,"NRI_P056",25
"34835",32847.686517216,"NRI_P056",50
"34836",55591.210127216,"NRI_P056",100
"34837",49716.934157216,"NRI_P056",25
"34838",51964.108857216,"NRI_P056",50
"34839",56631.829507216,"NRI_P056",100
"34840",9663.25169721601,"NRI_P056",25
"34841",29696.989077216,"NRI_P056",50
"34842",163268.981547216,"NRI_P056",100
"34843",25437.662297216,"NRI_P056",25
"34844",-7767.13264278398,"NRI_P056",50
"34845",16142.217997216,"NRI_P056",100
"34846",-12796.724452784,"NRI_P056",25
"34847",40984.846797216,"NRI_P056",50
"34848",85442.578417216,"NRI_P056",100
"34849",17227.617667216,"NRI_P056",25
"34850",22872.181177216,"NRI_P056",50
"34851",42516.092687216,"NRI_P056",100
"34852",76608.707947216,"NRI_P056",25
"34853",47340.719017216,"NRI_P056",50
"34854",40127.703587216,"NRI_P056",100
"34855",18952.013507216,"NRI_P056",25
"34856",32660.726587216,"NRI_P056",50
"34857",108561.026677216,"NRI_P056",100
"34858",18133.638327216,"NRI_P056",25
"34859",35855.987947216,"NRI_P056",50
"34860",18425.224477216,"NRI_P056",100
"34861",16134.783147216,"NRI_P056",25
"34862",35372.395837216,"NRI_P056",50
"34863",98945.337477216,"NRI_P056",100
"34864",48871.374567216,"NRI_P056",25
"34865",41233.361737216,"NRI_P056",50
"34866",81334.341997216,"NRI_P056",100
"34867",34789.735277216,"NRI_P056",25
"34868",33943.519017216,"NRI_P056",50
"34869",86779.405087216,"NRI_P056",100
"34870",-13506.299612784,"NRI_P056",25
"34871",18159.883467216,"NRI_P056",50
"34872",81867.630777216,"NRI_P056",100
"34873",-1370.89126278402,"NRI_P056",25
"34874",31737.042917216,"NRI_P056",50
"34875",42359.305907216,"NRI_P056",100
"34876",40272.666847216,"NRI_P056",25
"34877",-6703.82831278397,"NRI_P056",50
"34878",3349.109297216,"NRI_P056",100
"34879",13184.572967216,"NRI_P056",25
"34880",76281.060417216,"NRI_P056",50
"34881",105141.828397216,"NRI_P056",100
"34882",11563.555457216,"NRI_P056",25
"34883",5887.95146721601,"NRI_P056",50
"34884",35015.197077216,"NRI_P056",100
"34885",-2932.26460278401,"NRI_P056",25
"34886",22424.935747216,"NRI_P056",50
"34887",39594.844797216,"NRI_P056",100
"34888",19964.188447216,"NRI_P056",25
"34889",33541.059987216,"NRI_P056",50
"34890",62228.359897216,"NRI_P056",100
"34891",-6491.64986278396,"NRI_P056",25
"34892",35113.038717216,"NRI_P056",50
"34893",27589.048277216,"NRI_P056",100
"34894",16460.731437216,"NRI_P056",25
"34895",-5575.652802784,"NRI_P056",50
"34896",80412.258877216,"NRI_P056",100
"34897",8098.06674721598,"NRI_P056",25
"34898",96210.610277216,"NRI_P056",50
"34899",54889.944947216,"NRI_P056",100
"34900",-4099.98330278398,"NRI_P056",25
"34901",52088.322547216,"NRI_P056",50
"34902",4925.38945721602,"NRI_P056",100
"34903",10284.126087216,"NRI_P056",25
"34904",6042.96043721604,"NRI_P056",50
"34905",73322.595727216,"NRI_P056",100
"34906",19979.325567216,"NRI_P056",25
"34907",25251.764347216,"NRI_P056",50
"34908",116749.463417216,"NRI_P056",100
"34909",3036.51539721602,"NRI_P056",25
"34910",25405.128317216,"NRI_P056",50
"34911",66010.581477216,"NRI_P056",100
"34912",42109.642927216,"NRI_P056",25
"34913",79112.453987216,"NRI_P056",50
"34914",39777.652627216,"NRI_P056",100
"34915",11408.345627216,"NRI_P056",25
"34916",68404.404247216,"NRI_P056",50
"34917",116284.112497216,"NRI_P056",100
"34918",-9212.29541278398,"NRI_P056",25
"34919",-4622.40094278398,"NRI_P056",50
"34920",31490.475107216,"NRI_P056",100
"34921",10418.974947216,"NRI_P056",25
"34922",82253.900927216,"NRI_P056",50
"34923",21367.419407216,"NRI_P056",100
"34924",31745.939737216,"NRI_P056",25
"34925",41879.308977216,"NRI_P056",50
"34926",71778.923117216,"NRI_P056",100
"34927",40692.650957216,"NRI_P056",25
"34928",13474.866307216,"NRI_P056",50
"34929",45345.187457216,"NRI_P056",100
"34930",1686.79856721603,"NRI_P056",25
"34931",13248.989877216,"NRI_P056",50
"34932",198209.795157216,"NRI_P056",100
"34933",6047.95592721598,"NRI_P056",25
"34934",42845.391497216,"NRI_P056",50
"34935",67683.237777216,"NRI_P056",100
"34936",41265.054707216,"NRI_P056",25
"34937",15634.155267216,"NRI_P056",50
"34938",28152.207937216,"NRI_P056",100
"34939",4146.61082721601,"NRI_P056",25
"34940",24045.362467216,"NRI_P056",50
"34941",130685.453187216,"NRI_P056",100
"34942",14304.212397216,"NRI_P056",25
"34943",24400.300527216,"NRI_P056",50
"34944",63531.792857216,"NRI_P056",100
"34945",68107.822177216,"NRI_P056",25
"34946",40850.642957216,"NRI_P056",50
"34947",57591.464247216,"NRI_P056",100
"34948",25565.568287216,"NRI_P056",25
"34949",3523.50105721602,"NRI_P056",50
"34950",34480.471737216,"NRI_P056",100
"34951",32411.486247216,"NRI_P056",25
"34952",29315.549997216,"NRI_P056",50
"34953",128427.029497216,"NRI_P056",100
"34954",18446.040797216,"NRI_P056",25
"34955",92393.001007216,"NRI_P056",50
"34956",58238.745927216,"NRI_P056",100
"34957",-4591.84248278401,"NRI_P056",25
"34958",8894.270157216,"NRI_P056",50
"34959",10781.549757216,"NRI_P056",100
"34960",-858.185702783987,"NRI_P056",25
"34961",21281.420117216,"NRI_P056",50
"34962",59157.576067216,"NRI_P056",100
"34963",3718.83256721601,"NRI_P056",25
"34964",20223.223457216,"NRI_P056",50
"34965",95704.285727216,"NRI_P056",100
"34966",7466.630977216,"NRI_P056",25
"34967",68112.539927216,"NRI_P056",50
"34968",106436.045627216,"NRI_P056",100
"34969",6457.97452721599,"NRI_P056",25
"34970",46766.922797216,"NRI_P056",50
"34971",105926.810267216,"NRI_P056",100
"34972",30771.068507216,"NRI_P056",25
"34973",65903.410067216,"NRI_P056",50
"34974",19745.457587216,"NRI_P056",100
"34975",-5475.45040278399,"NRI_P056",25
"34976",54926.461117216,"NRI_P056",50
"34977",152108.656877216,"NRI_P056",100
"34978",10837.055907216,"NRI_P056",25
"34979",72424.682687216,"NRI_P056",50
"34980",112589.580537216,"NRI_P056",100
"34981",16472.844577216,"NRI_P056",25
"34982",57342.531467216,"NRI_P056",50
"34983",40302.986597216,"NRI_P056",100
"34984",5775.78970721603,"NRI_P056",25
"34985",17713.030497216,"NRI_P056",50
"34986",75839.735947216,"NRI_P056",100
"34987",388.994057215983,"NRI_P056",25
"34988",5914.35914721602,"NRI_P056",50
"34989",61266.244947216,"NRI_P056",100
"34990",33503.219857216,"NRI_P056",25
"34991",127567.128517216,"NRI_P056",50
"34992",61400.141427216,"NRI_P056",100
"34993",-5171.81042278401,"NRI_P056",25
"34994",52863.337137216,"NRI_P056",50
"34995",88853.514527216,"NRI_P056",100
"34996",-3338.66144278401,"NRI_P056",25
"34997",9873.63332721603,"NRI_P056",50
"34998",59446.983567216,"NRI_P056",100
"34999",5006.35122721602,"NRI_P056",25
"35000",17032.536357216,"NRI_P056",50
"35001",39839.920127216,"NRI_P056",100
"35002",6282.79911721603,"NRI_P056",25
"35003",50920.335107216,"NRI_P056",50
"35004",115568.196637216,"NRI_P056",100
"35005",11922.231727216,"NRI_P056",25
"35006",13816.064727216,"NRI_P056",50
"35007",61302.448887216,"NRI_P056",100
"35008",11805.360577216,"NRI_P056",25
"35009",-2356.32795278396,"NRI_P056",50
"35010",35226.656327216,"NRI_P056",100
"35011",5699.58405721601,"NRI_P056",25
"35012",61067.852847216,"NRI_P056",50
"35013",23794.013187216,"NRI_P056",100
"35014",1961.016297216,"NRI_P056",25
"35015",69507.549197216,"NRI_P056",50
"35016",54105.567507216,"NRI_P056",100
"35017",15077.050217216,"NRI_P056",25
"35018",34353.161297216,"NRI_P056",50
"35019",36967.564487216,"NRI_P056",100
"35020",23301.860887216,"NRI_P056",25
"35021",39518.162537216,"NRI_P056",50
"35022",62612.758317216,"NRI_P056",100
"35023",51221.303637216,"NRI_P056",25
"35024",55545.627077216,"NRI_P056",50
"35025",46190.492017216,"NRI_P056",100
"35026",17687.468547216,"NRI_P056",25
"35027",-229.011352784,"NRI_P056",50
"35028",64534.893527216,"NRI_P056",100
"35029",42640.094547216,"NRI_P056",25
"35030",23508.160637216,"NRI_P056",50
"35031",55123.870797216,"NRI_P056",100
"35032",46419.136117216,"NRI_P056",25
"35033",24422.068047216,"NRI_P056",50
"35034",55441.883567216,"NRI_P056",100
"35035",35755.536047216,"NRI_P056",25
"35036",42985.434287216,"NRI_P056",50
"35037",64932.074057216,"NRI_P056",100
"35038",-11150.520382784,"NRI_P056",25
"35039",38263.160197216,"NRI_P056",50
"35040",42685.113757216,"NRI_P056",100
"35041",18034.936397216,"NRI_P056",25
"35042",24585.941047216,"NRI_P056",50
"35043",67128.797617216,"NRI_P056",100
"35044",7668.098977216,"NRI_P056",25
"35045",44145.229947216,"NRI_P056",50
"35046",39623.864317216,"NRI_P056",100
"35047",12012.541297216,"NRI_P056",25
"35048",111141.919987216,"NRI_P056",50
"35049",25245.240107216,"NRI_P056",100
"35050",18392.931037216,"NRI_P056",25
"35051",87908.110797216,"NRI_P056",50
"35052",42615.623737216,"NRI_P056",100
"35053",-9186.39052278397,"NRI_P056",25
"35054",27993.147797216,"NRI_P056",50
"35055",27466.908117216,"NRI_P056",100
"35056",63033.491637216,"NRI_P056",25
"35057",15370.148517216,"NRI_P056",50
"35058",91785.470127216,"NRI_P056",100
"35059",29936.892287216,"NRI_P056",25
"35060",93479.210677216,"NRI_P056",50
"35061",62285.600717216,"NRI_P056",100
"35062",14018.091167216,"NRI_P056",25
"35063",62675.427107216,"NRI_P056",50
"35064",103250.528067216,"NRI_P056",100
"35065",7738.42160721601,"NRI_P056",25
"35066",31117.924617216,"NRI_P056",50
"35067",99903.419197216,"NRI_P056",100
"35068",25233.583437216,"NRI_P056",25
"35069",3282.66583721602,"NRI_P056",50
"35070",53435.405807216,"NRI_P056",100
"35071",1240.95531721599,"NRI_P056",25
"35072",37362.650347216,"NRI_P056",50
"35073",46199.917727216,"NRI_P056",100
"35074",-2494.139432784,"NRI_P056",25
"35075",17869.889817216,"NRI_P056",50
"35076",117189.523347216,"NRI_P056",100
"35077",23123.976167216,"NRI_P056",25
"35078",8692.77632721601,"NRI_P056",50
"35079",59963.815277216,"NRI_P056",100
"35080",34283.033757216,"NRI_P056",25
"35081",13008.379867216,"NRI_P056",50
"35082",63468.087027216,"NRI_P056",100
"35083",3381.42859721603,"NRI_P056",25
"35084",44507.504777216,"NRI_P056",50
"35085",37048.552597216,"NRI_P056",100
"35086",-8274.615292784,"NRI_P056",25
"35087",18200.101567216,"NRI_P056",50
"35088",117146.619207216,"NRI_P056",100
"35089",20305.006137216,"NRI_P056",25
"35090",-14769.373772784,"NRI_P056",50
"35091",36460.026067216,"NRI_P056",100
"35092",77965.638667216,"NRI_P056",25
"35093",653.599157216027,"NRI_P056",50
"35094",49064.757547216,"NRI_P056",100
"35095",8986.46278721601,"NRI_P056",25
"35096",19928.846937216,"NRI_P056",50
"35097",73505.125897216,"NRI_P056",100
"35098",-168.013732783962,"NRI_P056",25
"35099",40292.655897216,"NRI_P056",50
"35100",33671.827037216,"NRI_P056",100
"35101",-2916.19062679302,"NRI_P057",25
"35102",-20998.291916793,"NRI_P057",50
"35103",-42653.772486793,"NRI_P057",100
"35104",-10217.909026793,"NRI_P057",25
"35105",-36485.942676793,"NRI_P057",50
"35106",-59668.783486793,"NRI_P057",100
"35107",-2854.865686793,"NRI_P057",25
"35108",-27808.624036793,"NRI_P057",50
"35109",-69695.809936793,"NRI_P057",100
"35110",-6110.23068679302,"NRI_P057",25
"35111",-13661.951036793,"NRI_P057",50
"35112",-52852.324566793,"NRI_P057",100
"35113",-12427.963426793,"NRI_P057",25
"35114",-33087.370156793,"NRI_P057",50
"35115",-56524.015386793,"NRI_P057",100
"35116",-2282.79805679299,"NRI_P057",25
"35117",-34319.251476793,"NRI_P057",50
"35118",-65374.526436793,"NRI_P057",100
"35119",-2110.55164679303,"NRI_P057",25
"35120",-20416.003686793,"NRI_P057",50
"35121",-60464.378556793,"NRI_P057",100
"35122",-13613.962196793,"NRI_P057",25
"35123",-2139.36480679299,"NRI_P057",50
"35124",-49775.434646793,"NRI_P057",100
"35125",11507.317183207,"NRI_P057",25
"35126",4710.91711320699,"NRI_P057",50
"35127",-69477.216546793,"NRI_P057",100
"35128",-22883.083656793,"NRI_P057",25
"35129",-39554.626166793,"NRI_P057",50
"35130",-25592.822036793,"NRI_P057",100
"35131",-27376.490226793,"NRI_P057",25
"35132",-38958.263566793,"NRI_P057",50
"35133",-69100.654796793,"NRI_P057",100
"35134",-10033.968566793,"NRI_P057",25
"35135",-25339.073666793,"NRI_P057",50
"35136",-57826.638746793,"NRI_P057",100
"35137",-673.494606792985,"NRI_P057",25
"35138",-20433.660936793,"NRI_P057",50
"35139",-60887.225456793,"NRI_P057",100
"35140",-11063.031996793,"NRI_P057",25
"35141",-27193.549306793,"NRI_P057",50
"35142",-62718.269466793,"NRI_P057",100
"35143",8817.50039320701,"NRI_P057",25
"35144",-39972.369056793,"NRI_P057",50
"35145",-58907.257146793,"NRI_P057",100
"35146",-11676.218746793,"NRI_P057",25
"35147",-39242.271456793,"NRI_P057",50
"35148",-41586.133596793,"NRI_P057",100
"35149",-27595.344796793,"NRI_P057",25
"35150",-16216.706006793,"NRI_P057",50
"35151",-70735.498616793,"NRI_P057",100
"35152",-8803.40694679302,"NRI_P057",25
"35153",10649.058343207,"NRI_P057",50
"35154",-62976.632606793,"NRI_P057",100
"35155",11424.834503207,"NRI_P057",25
"35156",-34452.595996793,"NRI_P057",50
"35157",-44778.760316793,"NRI_P057",100
"35158",-15366.584966793,"NRI_P057",25
"35159",-34685.468496793,"NRI_P057",50
"35160",-63457.927096793,"NRI_P057",100
"35161",-23456.456926793,"NRI_P057",25
"35162",-35178.345536793,"NRI_P057",50
"35163",-49888.557046793,"NRI_P057",100
"35164",-4821.495946793,"NRI_P057",25
"35165",-25654.213216793,"NRI_P057",50
"35166",-53177.551956793,"NRI_P057",100
"35167",-20315.676076793,"NRI_P057",25
"35168",-20375.887766793,"NRI_P057",50
"35169",-52107.786856793,"NRI_P057",100
"35170",-18634.502376793,"NRI_P057",25
"35171",-24508.211056793,"NRI_P057",50
"35172",-54415.885466793,"NRI_P057",100
"35173",-17683.931546793,"NRI_P057",25
"35174",-44953.526576793,"NRI_P057",50
"35175",-62996.216746793,"NRI_P057",100
"35176",-7089.47160679303,"NRI_P057",25
"35177",-34683.195226793,"NRI_P057",50
"35178",-46056.537486793,"NRI_P057",100
"35179",1023.84242320701,"NRI_P057",25
"35180",-30924.000976793,"NRI_P057",50
"35181",-61137.984376793,"NRI_P057",100
"35182",-17563.236566793,"NRI_P057",25
"35183",-35499.135376793,"NRI_P057",50
"35184",-66890.960916793,"NRI_P057",100
"35185",-10530.509926793,"NRI_P057",25
"35186",-42145.088206793,"NRI_P057",50
"35187",-71574.841686793,"NRI_P057",100
"35188",-8184.55347679302,"NRI_P057",25
"35189",-9090.65887679302,"NRI_P057",50
"35190",-62293.386816793,"NRI_P057",100
"35191",-21100.467636793,"NRI_P057",25
"35192",-4002.18880679301,"NRI_P057",50
"35193",-66335.363926793,"NRI_P057",100
"35194",-19335.688436793,"NRI_P057",25
"35195",-26835.761676793,"NRI_P057",50
"35196",-60653.140056793,"NRI_P057",100
"35197",-4959.42367679303,"NRI_P057",25
"35198",-33436.234586793,"NRI_P057",50
"35199",-50597.182266793,"NRI_P057",100
"35200",-1409.52697679301,"NRI_P057",25
"35201",-26880.622596793,"NRI_P057",50
"35202",-55285.063716793,"NRI_P057",100
"35203",-15218.583156793,"NRI_P057",25
"35204",-24659.501836793,"NRI_P057",50
"35205",-40108.744116793,"NRI_P057",100
"35206",-9968.35557679302,"NRI_P057",25
"35207",-21799.539826793,"NRI_P057",50
"35208",-43103.690236793,"NRI_P057",100
"35209",-1730.60699679301,"NRI_P057",25
"35210",-15048.797736793,"NRI_P057",50
"35211",-65771.799676793,"NRI_P057",100
"35212",-18984.936766793,"NRI_P057",25
"35213",-24401.026106793,"NRI_P057",50
"35214",-41091.993236793,"NRI_P057",100
"35215",-13932.147116793,"NRI_P057",25
"35216",-20432.327846793,"NRI_P057",50
"35217",-48145.209726793,"NRI_P057",100
"35218",-7648.97093679302,"NRI_P057",25
"35219",-46629.838866793,"NRI_P057",50
"35220",-51343.256606793,"NRI_P057",100
"35221",-30534.307606793,"NRI_P057",25
"35222",-41049.007216793,"NRI_P057",50
"35223",-56752.205436793,"NRI_P057",100
"35224",-22451.689136793,"NRI_P057",25
"35225",-36164.733726793,"NRI_P057",50
"35226",-62102.096006793,"NRI_P057",100
"35227",-17153.271426793,"NRI_P057",25
"35228",-34340.681636793,"NRI_P057",50
"35229",-58291.796846793,"NRI_P057",100
"35230",-29142.531886793,"NRI_P057",25
"35231",-25628.158516793,"NRI_P057",50
"35232",-33527.275816793,"NRI_P057",100
"35233",-12934.649536793,"NRI_P057",25
"35234",-36565.929906793,"NRI_P057",50
"35235",-40404.828666793,"NRI_P057",100
"35236",-31875.540126793,"NRI_P057",25
"35237",-19445.778566793,"NRI_P057",50
"35238",-42615.998886793,"NRI_P057",100
"35239",-16482.888786793,"NRI_P057",25
"35240",-26562.064036793,"NRI_P057",50
"35241",-61094.546586793,"NRI_P057",100
"35242",-23502.090946793,"NRI_P057",25
"35243",-35299.884446793,"NRI_P057",50
"35244",-47731.227296793,"NRI_P057",100
"35245",-5072.655846793,"NRI_P057",25
"35246",-17419.401936793,"NRI_P057",50
"35247",-68059.779586793,"NRI_P057",100
"35248",-18054.259096793,"NRI_P057",25
"35249",-35487.016036793,"NRI_P057",50
"35250",-71747.529296793,"NRI_P057",100
"35251",-12063.313856793,"NRI_P057",25
"35252",-17819.266136793,"NRI_P057",50
"35253",-56342.060016793,"NRI_P057",100
"35254",-6675.99954679303,"NRI_P057",25
"35255",-18029.233306793,"NRI_P057",50
"35256",-37751.307916793,"NRI_P057",100
"35257",-25130.076816793,"NRI_P057",25
"35258",-35017.479876793,"NRI_P057",50
"35259",-49167.406216793,"NRI_P057",100
"35260",-18633.891026793,"NRI_P057",25
"35261",-30009.504196793,"NRI_P057",50
"35262",-59516.045016793,"NRI_P057",100
"35263",-417.769726792991,"NRI_P057",25
"35264",-31589.761106793,"NRI_P057",50
"35265",-65582.306956793,"NRI_P057",100
"35266",-16901.537566793,"NRI_P057",25
"35267",-18011.393316793,"NRI_P057",50
"35268",-55027.878216793,"NRI_P057",100
"35269",-6646.643516793,"NRI_P057",25
"35270",-36894.011736793,"NRI_P057",50
"35271",-55490.924226793,"NRI_P057",100
"35272",-9751.20517679301,"NRI_P057",25
"35273",-35264.894236793,"NRI_P057",50
"35274",-69591.042236793,"NRI_P057",100
"35275",7264.51958320697,"NRI_P057",25
"35276",-38610.664776793,"NRI_P057",50
"35277",-59633.351536793,"NRI_P057",100
"35278",-12518.985806793,"NRI_P057",25
"35279",-38445.808476793,"NRI_P057",50
"35280",-60414.414166793,"NRI_P057",100
"35281",-2954.456486793,"NRI_P057",25
"35282",-26869.124736793,"NRI_P057",50
"35283",-71474.737706793,"NRI_P057",100
"35284",-857.036586793023,"NRI_P057",25
"35285",-34752.987766793,"NRI_P057",50
"35286",-54105.048146793,"NRI_P057",100
"35287",-14029.535846793,"NRI_P057",25
"35288",-17819.756726793,"NRI_P057",50
"35289",-71491.892766793,"NRI_P057",100
"35290",-19987.725186793,"NRI_P057",25
"35291",-30722.782546793,"NRI_P057",50
"35292",-60752.936546793,"NRI_P057",100
"35293",-11935.197536793,"NRI_P057",25
"35294",-48689.916756793,"NRI_P057",50
"35295",-56286.612476793,"NRI_P057",100
"35296",-13286.346586793,"NRI_P057",25
"35297",-17766.350006793,"NRI_P057",50
"35298",-68782.728486793,"NRI_P057",100
"35299",-42111.314786793,"NRI_P057",25
"35300",-13398.949826793,"NRI_P057",50
"35301",-62036.973596793,"NRI_P057",100
"35302",7045.617533207,"NRI_P057",25
"35303",-27616.643986793,"NRI_P057",50
"35304",-57784.786456793,"NRI_P057",100
"35305",-9004.663666793,"NRI_P057",25
"35306",-47202.044646793,"NRI_P057",50
"35307",-61606.182416793,"NRI_P057",100
"35308",-8478.74290679302,"NRI_P057",25
"35309",-31755.527486793,"NRI_P057",50
"35310",-55732.899106793,"NRI_P057",100
"35311",-30120.324666793,"NRI_P057",25
"35312",-28253.360766793,"NRI_P057",50
"35313",-65995.040796793,"NRI_P057",100
"35314",-29166.266166793,"NRI_P057",25
"35315",-19653.864296793,"NRI_P057",50
"35316",-66388.774476793,"NRI_P057",100
"35317",-14836.832216793,"NRI_P057",25
"35318",-39873.588946793,"NRI_P057",50
"35319",-61974.997246793,"NRI_P057",100
"35320",-8322.33533679301,"NRI_P057",25
"35321",-29785.604096793,"NRI_P057",50
"35322",-57256.809176793,"NRI_P057",100
"35323",-22927.963306793,"NRI_P057",25
"35324",-39015.657326793,"NRI_P057",50
"35325",-69759.099636793,"NRI_P057",100
"35326",-12294.608086793,"NRI_P057",25
"35327",-25689.154716793,"NRI_P057",50
"35328",-67494.510826793,"NRI_P057",100
"35329",-16366.088966793,"NRI_P057",25
"35330",-37994.001006793,"NRI_P057",50
"35331",-73086.204076793,"NRI_P057",100
"35332",-14035.856726793,"NRI_P057",25
"35333",-33410.748916793,"NRI_P057",50
"35334",-53240.815276793,"NRI_P057",100
"35335",-25321.275406793,"NRI_P057",25
"35336",-22886.725606793,"NRI_P057",50
"35337",-71390.696896793,"NRI_P057",100
"35338",-28502.991776793,"NRI_P057",25
"35339",-39706.948886793,"NRI_P057",50
"35340",-66348.959176793,"NRI_P057",100
"35341",-11757.444016793,"NRI_P057",25
"35342",-39597.539016793,"NRI_P057",50
"35343",-51315.702926793,"NRI_P057",100
"35344",-11114.024116793,"NRI_P057",25
"35345",-24863.386686793,"NRI_P057",50
"35346",-51421.148156793,"NRI_P057",100
"35347",-2510.22136679303,"NRI_P057",25
"35348",-12115.380946793,"NRI_P057",50
"35349",-58259.822246793,"NRI_P057",100
"35350",-11288.683416793,"NRI_P057",25
"35351",-43279.603386793,"NRI_P057",50
"35352",-53694.484316793,"NRI_P057",100
"35353",-30370.263646793,"NRI_P057",25
"35354",-40144.316456793,"NRI_P057",50
"35355",-60028.871936793,"NRI_P057",100
"35356",-6935.41174679302,"NRI_P057",25
"35357",-23533.532826793,"NRI_P057",50
"35358",-68951.462496793,"NRI_P057",100
"35359",-24031.584676793,"NRI_P057",25
"35360",-26576.826736793,"NRI_P057",50
"35361",-58322.588886793,"NRI_P057",100
"35362",-13314.798916793,"NRI_P057",25
"35363",-24248.325916793,"NRI_P057",50
"35364",-45179.204686793,"NRI_P057",100
"35365",-38009.459376793,"NRI_P057",25
"35366",-12011.669526793,"NRI_P057",50
"35367",-72266.791326793,"NRI_P057",100
"35368",-8343.37739679302,"NRI_P057",25
"35369",-32884.103316793,"NRI_P057",50
"35370",-22369.016436793,"NRI_P057",100
"35371",-17999.252876793,"NRI_P057",25
"35372",-29205.125056793,"NRI_P057",50
"35373",-68344.249736793,"NRI_P057",100
"35374",-9179.72255679301,"NRI_P057",25
"35375",-17653.718456793,"NRI_P057",50
"35376",-54193.218226793,"NRI_P057",100
"35377",-20172.778836793,"NRI_P057",25
"35378",-11089.326816793,"NRI_P057",50
"35379",-65938.534606793,"NRI_P057",100
"35380",-3969.23675679299,"NRI_P057",25
"35381",-15740.821826793,"NRI_P057",50
"35382",-64410.317086793,"NRI_P057",100
"35383",-11407.841986793,"NRI_P057",25
"35384",-6895.56319679302,"NRI_P057",50
"35385",-60343.387386793,"NRI_P057",100
"35386",-16933.785756793,"NRI_P057",25
"35387",-16850.436586793,"NRI_P057",50
"35388",-62697.103126793,"NRI_P057",100
"35389",-4068.68682679301,"NRI_P057",25
"35390",-32558.624166793,"NRI_P057",50
"35391",-50867.626986793,"NRI_P057",100
"35392",-15606.667386793,"NRI_P057",25
"35393",-30950.737056793,"NRI_P057",50
"35394",-45184.169286793,"NRI_P057",100
"35395",-13672.687936793,"NRI_P057",25
"35396",-29631.399776793,"NRI_P057",50
"35397",-44941.742466793,"NRI_P057",100
"35398",-34060.832276793,"NRI_P057",25
"35399",-33145.315426793,"NRI_P057",50
"35400",-66845.343176793,"NRI_P057",100
"35401",-19527.708218237,"NRI_P058",25
"35402",-25891.919318237,"NRI_P058",50
"35403",-86746.430368237,"NRI_P058",100
"35404",-14690.221218237,"NRI_P058",25
"35405",-25832.053018237,"NRI_P058",50
"35406",-85134.057528237,"NRI_P058",100
"35407",-48184.239618237,"NRI_P058",25
"35408",-27850.645318237,"NRI_P058",50
"35409",-86952.585568237,"NRI_P058",100
"35410",-11755.696408237,"NRI_P058",25
"35411",-49311.192458237,"NRI_P058",50
"35412",-81636.999908237,"NRI_P058",100
"35413",-32482.576748237,"NRI_P058",25
"35414",-48567.154568237,"NRI_P058",50
"35415",-74443.057188237,"NRI_P058",100
"35416",-39266.607938237,"NRI_P058",25
"35417",-28728.623318237,"NRI_P058",50
"35418",-73034.439448237,"NRI_P058",100
"35419",-17460.120948237,"NRI_P058",25
"35420",-41011.101718237,"NRI_P058",50
"35421",-93378.888068237,"NRI_P058",100
"35422",-20875.507668237,"NRI_P058",25
"35423",-46763.404868237,"NRI_P058",50
"35424",-82972.776918237,"NRI_P058",100
"35425",-45142.600348237,"NRI_P058",25
"35426",-37006.053468237,"NRI_P058",50
"35427",-77355.301678237,"NRI_P058",100
"35428",-27804.489598237,"NRI_P058",25
"35429",-60861.915118237,"NRI_P058",50
"35430",-86568.626348237,"NRI_P058",100
"35431",-7524.11568823695,"NRI_P058",25
"35432",-48265.709738237,"NRI_P058",50
"35433",-99335.684798237,"NRI_P058",100
"35434",-43550.579688237,"NRI_P058",25
"35435",-31767.974628237,"NRI_P058",50
"35436",-87187.733438237,"NRI_P058",100
"35437",-16816.062718237,"NRI_P058",25
"35438",-24492.586848237,"NRI_P058",50
"35439",-97836.954238237,"NRI_P058",100
"35440",-5882.45986823697,"NRI_P058",25
"35441",-59880.084388237,"NRI_P058",50
"35442",-84819.470438237,"NRI_P058",100
"35443",-8264.54494823696,"NRI_P058",25
"35444",-27134.168068237,"NRI_P058",50
"35445",-86798.281248237,"NRI_P058",100
"35446",-22415.881188237,"NRI_P058",25
"35447",-52774.029698237,"NRI_P058",50
"35448",-98769.325298237,"NRI_P058",100
"35449",-9405.94087823696,"NRI_P058",25
"35450",-57736.936518237,"NRI_P058",50
"35451",-83446.144408237,"NRI_P058",100
"35452",-15190.653408237,"NRI_P058",25
"35453",-33669.032808237,"NRI_P058",50
"35454",-93914.281648237,"NRI_P058",100
"35455",-5973.82648823695,"NRI_P058",25
"35456",-49849.512138237,"NRI_P058",50
"35457",-67944.894938237,"NRI_P058",100
"35458",-24766.657358237,"NRI_P058",25
"35459",-41726.820988237,"NRI_P058",50
"35460",-96189.993718237,"NRI_P058",100
"35461",-35603.305218237,"NRI_P058",25
"35462",-42153.870208237,"NRI_P058",50
"35463",-75228.732078237,"NRI_P058",100
"35464",-19359.531718237,"NRI_P058",25
"35465",-49863.055828237,"NRI_P058",50
"35466",-82792.509758237,"NRI_P058",100
"35467",-4871.37908823701,"NRI_P058",25
"35468",-49526.270698237,"NRI_P058",50
"35469",-90587.283718237,"NRI_P058",100
"35470",-11407.966568237,"NRI_P058",25
"35471",-34169.918468237,"NRI_P058",50
"35472",-91379.695538237,"NRI_P058",100
"35473",-29534.740648237,"NRI_P058",25
"35474",-51551.209938237,"NRI_P058",50
"35475",-82149.145048237,"NRI_P058",100
"35476",-32255.414978237,"NRI_P058",25
"35477",-27912.671828237,"NRI_P058",50
"35478",-75447.579448237,"NRI_P058",100
"35479",-27656.706478237,"NRI_P058",25
"35480",-54244.208668237,"NRI_P058",50
"35481",-78784.845098237,"NRI_P058",100
"35482",-13545.229228237,"NRI_P058",25
"35483",-45117.577338237,"NRI_P058",50
"35484",-90595.164558237,"NRI_P058",100
"35485",-9141.20565823698,"NRI_P058",25
"35486",-45645.152648237,"NRI_P058",50
"35487",-86779.209158237,"NRI_P058",100
"35488",-18095.827398237,"NRI_P058",25
"35489",-3656.82904823701,"NRI_P058",50
"35490",-92751.775538237,"NRI_P058",100
"35491",-43776.918418237,"NRI_P058",25
"35492",-39388.780748237,"NRI_P058",50
"35493",-87371.285338237,"NRI_P058",100
"35494",-22969.532498237,"NRI_P058",25
"35495",-52784.879558237,"NRI_P058",50
"35496",-77327.884188237,"NRI_P058",100
"35497",-23613.653638237,"NRI_P058",25
"35498",-45999.350618237,"NRI_P058",50
"35499",-80849.315158237,"NRI_P058",100
"35500",-21514.350638237,"NRI_P058",25
"35501",-51152.957598237,"NRI_P058",50
"35502",-84447.081518237,"NRI_P058",100
"35503",-9666.52697823697,"NRI_P058",25
"35504",-24588.106588237,"NRI_P058",50
"35505",-88983.136908237,"NRI_P058",100
"35506",-17317.190398237,"NRI_P058",25
"35507",-42643.521578237,"NRI_P058",50
"35508",-90137.996748237,"NRI_P058",100
"35509",-30421.037238237,"NRI_P058",25
"35510",-53036.707868237,"NRI_P058",50
"35511",-89064.079978237,"NRI_P058",100
"35512",-4945.24665823695,"NRI_P058",25
"35513",-29633.965788237,"NRI_P058",50
"35514",-98233.038718237,"NRI_P058",100
"35515",-12280.446998237,"NRI_P058",25
"35516",-40023.668648237,"NRI_P058",50
"35517",-96467.284918237,"NRI_P058",100
"35518",-33078.482318237,"NRI_P058",25
"35519",-29954.204798237,"NRI_P058",50
"35520",-72671.102928237,"NRI_P058",100
"35521",-19976.701038237,"NRI_P058",25
"35522",-49630.998598237,"NRI_P058",50
"35523",-88496.542888237,"NRI_P058",100
"35524",-18251.725498237,"NRI_P058",25
"35525",-34128.580168237,"NRI_P058",50
"35526",-74259.460898237,"NRI_P058",100
"35527",-28662.596548237,"NRI_P058",25
"35528",-40603.265148237,"NRI_P058",50
"35529",-76559.239098237,"NRI_P058",100
"35530",-19035.550648237,"NRI_P058",25
"35531",-33253.928568237,"NRI_P058",50
"35532",-77010.868918237,"NRI_P058",100
"35533",-40632.865638237,"NRI_P058",25
"35534",-39515.767258237,"NRI_P058",50
"35535",-81636.277368237,"NRI_P058",100
"35536",-32230.008948237,"NRI_P058",25
"35537",-56613.325698237,"NRI_P058",50
"35538",-75778.139858237,"NRI_P058",100
"35539",-23459.100858237,"NRI_P058",25
"35540",-48162.927878237,"NRI_P058",50
"35541",-70868.659628237,"NRI_P058",100
"35542",-8829.71141823696,"NRI_P058",25
"35543",-38581.854988237,"NRI_P058",50
"35544",-70181.417538237,"NRI_P058",100
"35545",-21655.658318237,"NRI_P058",25
"35546",-27391.898448237,"NRI_P058",50
"35547",-91433.589408237,"NRI_P058",100
"35548",-11280.635448237,"NRI_P058",25
"35549",-37558.827658237,"NRI_P058",50
"35550",-77409.958258237,"NRI_P058",100
"35551",-15543.726348237,"NRI_P058",25
"35552",-43124.708788237,"NRI_P058",50
"35553",-77511.107988237,"NRI_P058",100
"35554",-30857.085278237,"NRI_P058",25
"35555",-47529.014208237,"NRI_P058",50
"35556",-85716.205988237,"NRI_P058",100
"35557",-34126.724168237,"NRI_P058",25
"35558",-51784.521508237,"NRI_P058",50
"35559",-79984.048298237,"NRI_P058",100
"35560",-27470.348598237,"NRI_P058",25
"35561",-32529.598768237,"NRI_P058",50
"35562",-79360.879618237,"NRI_P058",100
"35563",-33886.986358237,"NRI_P058",25
"35564",-49434.375898237,"NRI_P058",50
"35565",-78497.914448237,"NRI_P058",100
"35566",-22729.747178237,"NRI_P058",25
"35567",-31003.581168237,"NRI_P058",50
"35568",-82162.506968237,"NRI_P058",100
"35569",-8833.52953823697,"NRI_P058",25
"35570",-32092.911008237,"NRI_P058",50
"35571",-87939.360718237,"NRI_P058",100
"35572",-14104.006128237,"NRI_P058",25
"35573",-34735.843138237,"NRI_P058",50
"35574",-64021.242198237,"NRI_P058",100
"35575",-27144.159598237,"NRI_P058",25
"35576",-49212.495738237,"NRI_P058",50
"35577",-80334.283888237,"NRI_P058",100
"35578",-14218.936238237,"NRI_P058",25
"35579",-31840.982338237,"NRI_P058",50
"35580",-94817.228288237,"NRI_P058",100
"35581",-19085.349038237,"NRI_P058",25
"35582",-43139.295528237,"NRI_P058",50
"35583",-80316.952318237,"NRI_P058",100
"35584",-16780.007628237,"NRI_P058",25
"35585",-45858.867188237,"NRI_P058",50
"35586",-72665.079618237,"NRI_P058",100
"35587",-37031.894068237,"NRI_P058",25
"35588",-36337.222418237,"NRI_P058",50
"35589",-89610.363858237,"NRI_P058",100
"35590",-26424.255668237,"NRI_P058",25
"35591",-56087.234198237,"NRI_P058",50
"35592",-73369.087358237,"NRI_P058",100
"35593",-36484.748088237,"NRI_P058",25
"35594",-21946.299788237,"NRI_P058",50
"35595",-79156.974588237,"NRI_P058",100
"35596",-19137.666568237,"NRI_P058",25
"35597",-40282.822448237,"NRI_P058",50
"35598",-75211.050068237,"NRI_P058",100
"35599",-26800.320448237,"NRI_P058",25
"35600",-51514.086348237,"NRI_P058",50
"35601",-89458.746128237,"NRI_P058",100
"35602",-33182.528968237,"NRI_P058",25
"35603",-24635.836138237,"NRI_P058",50
"35604",-83613.771898237,"NRI_P058",100
"35605",-13665.802588237,"NRI_P058",25
"35606",-48147.437438237,"NRI_P058",50
"35607",-72129.750578237,"NRI_P058",100
"35608",-6931.70377823699,"NRI_P058",25
"35609",-38125.149228237,"NRI_P058",50
"35610",-95402.285128237,"NRI_P058",100
"35611",-37762.851988237,"NRI_P058",25
"35612",-54121.230118237,"NRI_P058",50
"35613",-75154.078878237,"NRI_P058",100
"35614",-26036.180528237,"NRI_P058",25
"35615",-40493.952998237,"NRI_P058",50
"35616",-89434.659538237,"NRI_P058",100
"35617",-28117.290538237,"NRI_P058",25
"35618",-28885.984238237,"NRI_P058",50
"35619",-83722.368098237,"NRI_P058",100
"35620",-8404.190348237,"NRI_P058",25
"35621",-66413.567128237,"NRI_P058",50
"35622",-82509.569058237,"NRI_P058",100
"35623",-29118.989708237,"NRI_P058",25
"35624",-39449.742728237,"NRI_P058",50
"35625",-82534.690078237,"NRI_P058",100
"35626",-19104.803098237,"NRI_P058",25
"35627",-37773.586248237,"NRI_P058",50
"35628",-91514.012258237,"NRI_P058",100
"35629",-26653.904898237,"NRI_P058",25
"35630",-41581.353508237,"NRI_P058",50
"35631",-80098.646908237,"NRI_P058",100
"35632",-21583.893778237,"NRI_P058",25
"35633",-41104.350508237,"NRI_P058",50
"35634",-84183.933048237,"NRI_P058",100
"35635",-19973.506168237,"NRI_P058",25
"35636",-43214.987558237,"NRI_P058",50
"35637",-84875.777628237,"NRI_P058",100
"35638",-29358.766468237,"NRI_P058",25
"35639",-43253.519478237,"NRI_P058",50
"35640",-88757.591538237,"NRI_P058",100
"35641",-7956.92779823695,"NRI_P058",25
"35642",-58255.099678237,"NRI_P058",50
"35643",-76961.262918237,"NRI_P058",100
"35644",-21301.607348237,"NRI_P058",25
"35645",-53068.388118237,"NRI_P058",50
"35646",-73063.759878237,"NRI_P058",100
"35647",-40912.941998237,"NRI_P058",25
"35648",-43561.003888237,"NRI_P058",50
"35649",-81166.027158237,"NRI_P058",100
"35650",-19535.824278237,"NRI_P058",25
"35651",-39043.063638237,"NRI_P058",50
"35652",-81867.433168237,"NRI_P058",100
"35653",-26773.667818237,"NRI_P058",25
"35654",-47755.386678237,"NRI_P058",50
"35655",-87961.282138237,"NRI_P058",100
"35656",-18332.332308237,"NRI_P058",25
"35657",-48237.489568237,"NRI_P058",50
"35658",-70058.635548237,"NRI_P058",100
"35659",-20486.483298237,"NRI_P058",25
"35660",-27681.705708237,"NRI_P058",50
"35661",-80265.566298237,"NRI_P058",100
"35662",-26302.199448237,"NRI_P058",25
"35663",-46246.041958237,"NRI_P058",50
"35664",-91774.120898237,"NRI_P058",100
"35665",-22085.521028237,"NRI_P058",25
"35666",-44100.784448237,"NRI_P058",50
"35667",-77664.032868237,"NRI_P058",100
"35668",-4396.92280823697,"NRI_P058",25
"35669",-57017.967928237,"NRI_P058",50
"35670",-90140.511548237,"NRI_P058",100
"35671",-11988.752988237,"NRI_P058",25
"35672",-35119.199088237,"NRI_P058",50
"35673",-82175.037728237,"NRI_P058",100
"35674",-12483.643078237,"NRI_P058",25
"35675",-39240.694958237,"NRI_P058",50
"35676",-82390.499948237,"NRI_P058",100
"35677",-7640.15895823698,"NRI_P058",25
"35678",-59703.185078237,"NRI_P058",50
"35679",-90262.769098237,"NRI_P058",100
"35680",-16123.157088237,"NRI_P058",25
"35681",-45198.425798237,"NRI_P058",50
"35682",-86220.101168237,"NRI_P058",100
"35683",-8900.47280823695,"NRI_P058",25
"35684",-50382.038398237,"NRI_P058",50
"35685",-78111.644208237,"NRI_P058",100
"35686",-40642.985768237,"NRI_P058",25
"35687",-27221.102998237,"NRI_P058",50
"35688",-87909.669858237,"NRI_P058",100
"35689",-7772.02273823699,"NRI_P058",25
"35690",-14257.071588237,"NRI_P058",50
"35691",-87359.642018237,"NRI_P058",100
"35692",-27648.944168237,"NRI_P058",25
"35693",-38370.226578237,"NRI_P058",50
"35694",-91632.753118237,"NRI_P058",100
"35695",-19174.732178237,"NRI_P058",25
"35696",-31462.213508237,"NRI_P058",50
"35697",-87006.888868237,"NRI_P058",100
"35698",-24385.457368237,"NRI_P058",25
"35699",-42368.540218237,"NRI_P058",50
"35700",-85276.850418237,"NRI_P058",100
"35701",-9627.84762490104,"NRI_P059",25
"35702",25020.686675099,"NRI_P059",50
"35703",-7299.91222490103,"NRI_P059",100
"35704",4351.06915509899,"NRI_P059",25
"35705",-10191.456904901,"NRI_P059",50
"35706",25467.402305099,"NRI_P059",100
"35707",6303.48775509896,"NRI_P059",25
"35708",-33635.198394901,"NRI_P059",50
"35709",37524.024935099,"NRI_P059",100
"35710",-12017.093624901,"NRI_P059",25
"35711",-13940.683114901,"NRI_P059",50
"35712",13457.449285099,"NRI_P059",100
"35713",-8397.43042490102,"NRI_P059",25
"35714",531.166655098961,"NRI_P059",50
"35715",-44701.900894901,"NRI_P059",100
"35716",898.760925098963,"NRI_P059",25
"35717",29694.444965099,"NRI_P059",50
"35718",-845.746864901041,"NRI_P059",100
"35719",-21886.679504901,"NRI_P059",25
"35720",-16347.230704901,"NRI_P059",50
"35721",13815.124305099,"NRI_P059",100
"35722",-16828.149604901,"NRI_P059",25
"35723",2306.169565099,"NRI_P059",50
"35724",17007.803105099,"NRI_P059",100
"35725",11313.287025099,"NRI_P059",25
"35726",-506.528824901034,"NRI_P059",50
"35727",-37794.532534901,"NRI_P059",100
"35728",-32348.678414901,"NRI_P059",25
"35729",30413.590085099,"NRI_P059",50
"35730",-3013.26403490099,"NRI_P059",100
"35731",-6320.67861490103,"NRI_P059",25
"35732",-16845.057874901,"NRI_P059",50
"35733",-2928.04189490102,"NRI_P059",100
"35734",14266.790155099,"NRI_P059",25
"35735",-14925.126474901,"NRI_P059",50
"35736",-1915.404974901,"NRI_P059",100
"35737",-19131.069714901,"NRI_P059",25
"35738",4148.64432509901,"NRI_P059",50
"35739",11090.920115099,"NRI_P059",100
"35740",-7926.440864901,"NRI_P059",25
"35741",14991.904335099,"NRI_P059",50
"35742",19838.914735099,"NRI_P059",100
"35743",-10193.438634901,"NRI_P059",25
"35744",-14455.904364901,"NRI_P059",50
"35745",-4517.98404490104,"NRI_P059",100
"35746",-5047.56291490101,"NRI_P059",25
"35747",47894.390275099,"NRI_P059",50
"35748",11424.541525099,"NRI_P059",100
"35749",2580.94918509899,"NRI_P059",25
"35750",2678.88385509897,"NRI_P059",50
"35751",-23933.809804901,"NRI_P059",100
"35752",-654.761654901027,"NRI_P059",25
"35753",-9100.05854490103,"NRI_P059",50
"35754",-29129.470764901,"NRI_P059",100
"35755",10814.763935099,"NRI_P059",25
"35756",-42192.763064901,"NRI_P059",50
"35757",-9268.07598490099,"NRI_P059",100
"35758",462.348945098987,"NRI_P059",25
"35759",-2270.69649490103,"NRI_P059",50
"35760",-508.492514901038,"NRI_P059",100
"35761",3197.11950509896,"NRI_P059",25
"35762",21821.262395099,"NRI_P059",50
"35763",-37604.434664901,"NRI_P059",100
"35764",-700.005394901033,"NRI_P059",25
"35765",-29597.031284901,"NRI_P059",50
"35766",-11316.639504901,"NRI_P059",100
"35767",26475.804935099,"NRI_P059",25
"35768",3003.68110509898,"NRI_P059",50
"35769",11872.076015099,"NRI_P059",100
"35770",-10045.774134901,"NRI_P059",25
"35771",-9308.213874901,"NRI_P059",50
"35772",-11737.065654901,"NRI_P059",100
"35773",-9836.99094490102,"NRI_P059",25
"35774",6481.94074509898,"NRI_P059",50
"35775",-14038.571554901,"NRI_P059",100
"35776",-18276.047264901,"NRI_P059",25
"35777",2314.18804509897,"NRI_P059",50
"35778",-15111.735254901,"NRI_P059",100
"35779",-5975.01882490102,"NRI_P059",25
"35780",11312.136745099,"NRI_P059",50
"35781",9100.10054509901,"NRI_P059",100
"35782",7331.13201509899,"NRI_P059",25
"35783",-26636.645884901,"NRI_P059",50
"35784",18862.186675099,"NRI_P059",100
"35785",31449.912685099,"NRI_P059",25
"35786",8940.765715099,"NRI_P059",50
"35787",-5266.70927490102,"NRI_P059",100
"35788",4095.834965099,"NRI_P059",25
"35789",-15477.895964901,"NRI_P059",50
"35790",-31060.030534901,"NRI_P059",100
"35791",-7421.25382490101,"NRI_P059",25
"35792",10017.551685099,"NRI_P059",50
"35793",12786.414465099,"NRI_P059",100
"35794",-15637.977364901,"NRI_P059",25
"35795",41923.547655099,"NRI_P059",50
"35796",-15216.504404901,"NRI_P059",100
"35797",-26466.926814901,"NRI_P059",25
"35798",-315.651424901036,"NRI_P059",50
"35799",-13873.326914901,"NRI_P059",100
"35800",-24163.146784901,"NRI_P059",25
"35801",-15742.437244901,"NRI_P059",50
"35802",-16269.985304901,"NRI_P059",100
"35803",1561.40738509898,"NRI_P059",25
"35804",-3910.09346490103,"NRI_P059",50
"35805",2366.06530509901,"NRI_P059",100
"35806",20853.607195099,"NRI_P059",25
"35807",-7378.58019490103,"NRI_P059",50
"35808",-25372.512164901,"NRI_P059",100
"35809",-1357.94088490104,"NRI_P059",25
"35810",22821.555245099,"NRI_P059",50
"35811",24791.842045099,"NRI_P059",100
"35812",-3018.10763490101,"NRI_P059",25
"35813",-2466.72067490104,"NRI_P059",50
"35814",28318.571845099,"NRI_P059",100
"35815",-6250.44572490104,"NRI_P059",25
"35816",-11014.873574901,"NRI_P059",50
"35817",-11210.422504901,"NRI_P059",100
"35818",-8620.26383490104,"NRI_P059",25
"35819",-13328.793494901,"NRI_P059",50
"35820",-7575.76182490104,"NRI_P059",100
"35821",15647.835145099,"NRI_P059",25
"35822",-564.568524900998,"NRI_P059",50
"35823",-18225.111364901,"NRI_P059",100
"35824",20309.646175099,"NRI_P059",25
"35825",-5145.606944901,"NRI_P059",50
"35826",27768.034795099,"NRI_P059",100
"35827",23262.875215099,"NRI_P059",25
"35828",-6617.36371490103,"NRI_P059",50
"35829",680.080455099,"NRI_P059",100
"35830",2421.03491509898,"NRI_P059",25
"35831",3758.96131509898,"NRI_P059",50
"35832",-30886.749764901,"NRI_P059",100
"35833",1432.29132509901,"NRI_P059",25
"35834",-11079.698024901,"NRI_P059",50
"35835",16861.494895099,"NRI_P059",100
"35836",3155.73375509901,"NRI_P059",25
"35837",-28412.960604901,"NRI_P059",50
"35838",5978.45576509897,"NRI_P059",100
"35839",9804.26157509896,"NRI_P059",25
"35840",25030.221235099,"NRI_P059",50
"35841",15907.513475099,"NRI_P059",100
"35842",7061.36980509898,"NRI_P059",25
"35843",-13656.747894901,"NRI_P059",50
"35844",-25182.939394901,"NRI_P059",100
"35845",-9584.13651490101,"NRI_P059",25
"35846",2131.60970509896,"NRI_P059",50
"35847",-18236.322864901,"NRI_P059",100
"35848",-335.612784900994,"NRI_P059",25
"35849",13207.533455099,"NRI_P059",50
"35850",-11800.975384901,"NRI_P059",100
"35851",-11626.388104901,"NRI_P059",25
"35852",2662.801995099,"NRI_P059",50
"35853",3723.48387509899,"NRI_P059",100
"35854",-2816.381574901,"NRI_P059",25
"35855",25242.281275099,"NRI_P059",50
"35856",3483.026135099,"NRI_P059",100
"35857",11885.752765099,"NRI_P059",25
"35858",-28439.154854901,"NRI_P059",50
"35859",-30529.941174901,"NRI_P059",100
"35860",873.27662509901,"NRI_P059",25
"35861",-22644.972784901,"NRI_P059",50
"35862",11600.358175099,"NRI_P059",100
"35863",-7013.89866490103,"NRI_P059",25
"35864",8113.57027509902,"NRI_P059",50
"35865",-127.812844900996,"NRI_P059",100
"35866",13763.749785099,"NRI_P059",25
"35867",36886.149515099,"NRI_P059",50
"35868",62864.587295099,"NRI_P059",100
"35869",-17489.054964901,"NRI_P059",25
"35870",-18368.245484901,"NRI_P059",50
"35871",21578.198685099,"NRI_P059",100
"35872",-1226.75558490102,"NRI_P059",25
"35873",-7401.33774490101,"NRI_P059",50
"35874",-354.11956490099,"NRI_P059",100
"35875",12354.837565099,"NRI_P059",25
"35876",26823.108935099,"NRI_P059",50
"35877",67877.708425099,"NRI_P059",100
"35878",-19058.326284901,"NRI_P059",25
"35879",-3570.20876490104,"NRI_P059",50
"35880",9939.70417509897,"NRI_P059",100
"35881",-13490.789204901,"NRI_P059",25
"35882",16272.407945099,"NRI_P059",50
"35883",14595.139095099,"NRI_P059",100
"35884",-5198.01093490102,"NRI_P059",25
"35885",-2617.61665490101,"NRI_P059",50
"35886",-8186.69652490102,"NRI_P059",100
"35887",14419.015605099,"NRI_P059",25
"35888",-3649.15586490103,"NRI_P059",50
"35889",3115.26867509901,"NRI_P059",100
"35890",-3810.03786490101,"NRI_P059",25
"35891",27461.062885099,"NRI_P059",50
"35892",10024.237825099,"NRI_P059",100
"35893",9511.29398509901,"NRI_P059",25
"35894",-5024.63661490101,"NRI_P059",50
"35895",6816.64962509897,"NRI_P059",100
"35896",665.447055099008,"NRI_P059",25
"35897",-13822.537454901,"NRI_P059",50
"35898",-42838.423894901,"NRI_P059",100
"35899",-12691.607654901,"NRI_P059",25
"35900",-15484.205704901,"NRI_P059",50
"35901",-19898.364904901,"NRI_P059",100
"35902",2424.78334509896,"NRI_P059",25
"35903",8893.25035509898,"NRI_P059",50
"35904",33348.379315099,"NRI_P059",100
"35905",2030.15513509896,"NRI_P059",25
"35906",-6118.27315490099,"NRI_P059",50
"35907",-9523.88687490101,"NRI_P059",100
"35908",-1895.90632490104,"NRI_P059",25
"35909",-4476.42677490099,"NRI_P059",50
"35910",-19378.492394901,"NRI_P059",100
"35911",3035.551315099,"NRI_P059",25
"35912",13417.878475099,"NRI_P059",50
"35913",-7422.81364490103,"NRI_P059",100
"35914",3273.64592509897,"NRI_P059",25
"35915",-734.610114901036,"NRI_P059",50
"35916",-11842.052394901,"NRI_P059",100
"35917",9270.54567509901,"NRI_P059",25
"35918",-1398.04445490101,"NRI_P059",50
"35919",-11928.357794901,"NRI_P059",100
"35920",-16062.246594901,"NRI_P059",25
"35921",866.122375098988,"NRI_P059",50
"35922",24192.828005099,"NRI_P059",100
"35923",6182.66269509896,"NRI_P059",25
"35924",-28051.607264901,"NRI_P059",50
"35925",-32735.514914901,"NRI_P059",100
"35926",7954.06518509897,"NRI_P059",25
"35927",-7714.03356490104,"NRI_P059",50
"35928",2615.127215099,"NRI_P059",100
"35929",-20908.124064901,"NRI_P059",25
"35930",3229.70775509899,"NRI_P059",50
"35931",6821.17668509897,"NRI_P059",100
"35932",-3138.07409490104,"NRI_P059",25
"35933",-5411.82480490103,"NRI_P059",50
"35934",-20834.765164901,"NRI_P059",100
"35935",-8608.18348490103,"NRI_P059",25
"35936",-9159.835884901,"NRI_P059",50
"35937",29654.124475099,"NRI_P059",100
"35938",22501.805685099,"NRI_P059",25
"35939",-29077.870884901,"NRI_P059",50
"35940",1195.28160509898,"NRI_P059",100
"35941",1900.19363509899,"NRI_P059",25
"35942",9144.45708509901,"NRI_P059",50
"35943",906.864345098962,"NRI_P059",100
"35944",5017.45251509896,"NRI_P059",25
"35945",17481.283585099,"NRI_P059",50
"35946",-26923.423414901,"NRI_P059",100
"35947",-21960.310834901,"NRI_P059",25
"35948",-27169.818434901,"NRI_P059",50
"35949",-11854.217894901,"NRI_P059",100
"35950",-14039.625354901,"NRI_P059",25
"35951",-16930.105514901,"NRI_P059",50
"35952",16401.577765099,"NRI_P059",100
"35953",21091.407305099,"NRI_P059",25
"35954",20540.479415099,"NRI_P059",50
"35955",11423.809725099,"NRI_P059",100
"35956",-4499.36215490103,"NRI_P059",25
"35957",17420.829075099,"NRI_P059",50
"35958",8097.40527509898,"NRI_P059",100
"35959",14010.848675099,"NRI_P059",25
"35960",-21318.303134901,"NRI_P059",50
"35961",-407.75587490102,"NRI_P059",100
"35962",-7568.58980490104,"NRI_P059",25
"35963",-20425.024584901,"NRI_P059",50
"35964",9973.57897509896,"NRI_P059",100
"35965",4369.466325099,"NRI_P059",25
"35966",-11004.661474901,"NRI_P059",50
"35967",9563.47029509896,"NRI_P059",100
"35968",-6172.70217490103,"NRI_P059",25
"35969",9591.40725509898,"NRI_P059",50
"35970",-14163.052574901,"NRI_P059",100
"35971",14933.799625099,"NRI_P059",25
"35972",29122.879075099,"NRI_P059",50
"35973",40126.275255099,"NRI_P059",100
"35974",13467.876315099,"NRI_P059",25
"35975",-4300.57615490101,"NRI_P059",50
"35976",-7149.68633490102,"NRI_P059",100
"35977",-7687.93828490103,"NRI_P059",25
"35978",-19620.959194901,"NRI_P059",50
"35979",-25202.435234901,"NRI_P059",100
"35980",-22278.018574901,"NRI_P059",25
"35981",22972.038845099,"NRI_P059",50
"35982",-49692.056264901,"NRI_P059",100
"35983",-3988.96496490104,"NRI_P059",25
"35984",44102.939605099,"NRI_P059",50
"35985",5573.35065509897,"NRI_P059",100
"35986",-105.353944901028,"NRI_P059",25
"35987",29189.113845099,"NRI_P059",50
"35988",1117.89333509898,"NRI_P059",100
"35989",-15163.086844901,"NRI_P059",25
"35990",21145.773125099,"NRI_P059",50
"35991",-26532.557504901,"NRI_P059",100
"35992",19533.292215099,"NRI_P059",25
"35993",-8643.99724490102,"NRI_P059",50
"35994",-378.777204901038,"NRI_P059",100
"35995",-9454.39579490101,"NRI_P059",25
"35996",-23575.512594901,"NRI_P059",50
"35997",-20114.150284901,"NRI_P059",100
"35998",-32826.373154901,"NRI_P059",25
"35999",-1450.957834901,"NRI_P059",50
"36000",5962.84877509897,"NRI_P059",100
"36001",-20811.182423858,"NRI_P061",25
"36002",-21422.649813858,"NRI_P061",50
"36003",-79313.868913858,"NRI_P061",100
"36004",13762.165936142,"NRI_P061",25
"36005",-32383.921853858,"NRI_P061",50
"36006",-95813.249553858,"NRI_P061",100
"36007",-2239.06028385798,"NRI_P061",25
"36008",-49722.845613858,"NRI_P061",50
"36009",-92192.677303858,"NRI_P061",100
"36010",-17376.644383858,"NRI_P061",25
"36011",-55465.143033858,"NRI_P061",50
"36012",-95131.554523858,"NRI_P061",100
"36013",-25826.787073858,"NRI_P061",25
"36014",-69593.495523858,"NRI_P061",50
"36015",-112305.477243858,"NRI_P061",100
"36016",-25516.160363858,"NRI_P061",25
"36017",-32989.343173858,"NRI_P061",50
"36018",-96982.298443858,"NRI_P061",100
"36019",-19269.203023858,"NRI_P061",25
"36020",-59442.727623858,"NRI_P061",50
"36021",-116302.252543858,"NRI_P061",100
"36022",-38554.011173858,"NRI_P061",25
"36023",-46528.829553858,"NRI_P061",50
"36024",-95551.064323858,"NRI_P061",100
"36025",-39270.346953858,"NRI_P061",25
"36026",-47375.976453858,"NRI_P061",50
"36027",-86475.853253858,"NRI_P061",100
"36028",-21624.118503858,"NRI_P061",25
"36029",-20603.018733858,"NRI_P061",50
"36030",-90919.655463858,"NRI_P061",100
"36031",-14622.083133858,"NRI_P061",25
"36032",-47827.087153858,"NRI_P061",50
"36033",-124596.735963858,"NRI_P061",100
"36034",-18796.135203858,"NRI_P061",25
"36035",-43457.993643858,"NRI_P061",50
"36036",-105757.551403858,"NRI_P061",100
"36037",-24296.146423858,"NRI_P061",25
"36038",-60360.838473858,"NRI_P061",50
"36039",-64235.608193858,"NRI_P061",100
"36040",-33842.323113858,"NRI_P061",25
"36041",-42504.686623858,"NRI_P061",50
"36042",-90239.102833858,"NRI_P061",100
"36043",-37071.902903858,"NRI_P061",25
"36044",-14967.418673858,"NRI_P061",50
"36045",-92077.432233858,"NRI_P061",100
"36046",-11802.702813858,"NRI_P061",25
"36047",-24205.342193858,"NRI_P061",50
"36048",-104186.453253858,"NRI_P061",100
"36049",-17051.890653858,"NRI_P061",25
"36050",-58038.043223858,"NRI_P061",50
"36051",-72424.053473858,"NRI_P061",100
"36052",-9797.44739385799,"NRI_P061",25
"36053",-35224.159193858,"NRI_P061",50
"36054",-75331.654383858,"NRI_P061",100
"36055",-38103.348853858,"NRI_P061",25
"36056",-37762.187213858,"NRI_P061",50
"36057",-73757.386933858,"NRI_P061",100
"36058",-35685.366213858,"NRI_P061",25
"36059",-52307.455783858,"NRI_P061",50
"36060",-105664.440673858,"NRI_P061",100
"36061",-25237.378333858,"NRI_P061",25
"36062",-46138.482243858,"NRI_P061",50
"36063",-85999.777983858,"NRI_P061",100
"36064",-29194.282413858,"NRI_P061",25
"36065",-49959.233513858,"NRI_P061",50
"36066",-84479.695013858,"NRI_P061",100
"36067",-5014.19485385797,"NRI_P061",25
"36068",-37011.759033858,"NRI_P061",50
"36069",-66585.090543858,"NRI_P061",100
"36070",-21572.160463858,"NRI_P061",25
"36071",-33088.710403858,"NRI_P061",50
"36072",-86962.766043858,"NRI_P061",100
"36073",-34725.615833858,"NRI_P061",25
"36074",-33453.039663858,"NRI_P061",50
"36075",-96199.565203858,"NRI_P061",100
"36076",-16750.673583858,"NRI_P061",25
"36077",-75818.323753858,"NRI_P061",50
"36078",-110435.524723858,"NRI_P061",100
"36079",-38339.039913858,"NRI_P061",25
"36080",-57125.804003858,"NRI_P061",50
"36081",-98704.798273858,"NRI_P061",100
"36082",-7489.12790385797,"NRI_P061",25
"36083",-48141.547583858,"NRI_P061",50
"36084",-107030.931543858,"NRI_P061",100
"36085",-40868.766773858,"NRI_P061",25
"36086",-38302.071013858,"NRI_P061",50
"36087",-80022.000813858,"NRI_P061",100
"36088",-874.799043857958,"NRI_P061",25
"36089",-51619.440593858,"NRI_P061",50
"36090",-92860.600573858,"NRI_P061",100
"36091",-24764.287323858,"NRI_P061",25
"36092",-49280.977033858,"NRI_P061",50
"36093",-103366.299993858,"NRI_P061",100
"36094",-20176.131293858,"NRI_P061",25
"36095",-46285.103813858,"NRI_P061",50
"36096",-96030.357903858,"NRI_P061",100
"36097",-23067.686813858,"NRI_P061",25
"36098",-23978.681203858,"NRI_P061",50
"36099",-107501.142313858,"NRI_P061",100
"36100",-48747.311033858,"NRI_P061",25
"36101",-32265.375813858,"NRI_P061",50
"36102",-104249.488143858,"NRI_P061",100
"36103",-38137.305163858,"NRI_P061",25
"36104",-45501.648993858,"NRI_P061",50
"36105",-104414.889983858,"NRI_P061",100
"36106",-17422.582363858,"NRI_P061",25
"36107",-30719.426183858,"NRI_P061",50
"36108",-70274.274193858,"NRI_P061",100
"36109",-19121.934583858,"NRI_P061",25
"36110",-33614.269823858,"NRI_P061",50
"36111",-89918.643093858,"NRI_P061",100
"36112",-27544.464273858,"NRI_P061",25
"36113",-36674.372273858,"NRI_P061",50
"36114",-43750.804143858,"NRI_P061",100
"36115",-8242.18764385796,"NRI_P061",25
"36116",-63170.865093858,"NRI_P061",50
"36117",-100784.776873858,"NRI_P061",100
"36118",-13444.431103858,"NRI_P061",25
"36119",-49606.575223858,"NRI_P061",50
"36120",-68303.402513858,"NRI_P061",100
"36121",-26691.260373858,"NRI_P061",25
"36122",-66491.581613858,"NRI_P061",50
"36123",-108290.911993858,"NRI_P061",100
"36124",-13813.898343858,"NRI_P061",25
"36125",-21286.421123858,"NRI_P061",50
"36126",-74920.898993858,"NRI_P061",100
"36127",-6309.305393858,"NRI_P061",25
"36128",-68602.520933858,"NRI_P061",50
"36129",-61873.511153858,"NRI_P061",100
"36130",-16728.304763858,"NRI_P061",25
"36131",-26285.924603858,"NRI_P061",50
"36132",-80918.038923858,"NRI_P061",100
"36133",-3237.57439385797,"NRI_P061",25
"36134",-55440.491973858,"NRI_P061",50
"36135",-103811.280083858,"NRI_P061",100
"36136",-54476.676643858,"NRI_P061",25
"36137",-52317.438743858,"NRI_P061",50
"36138",-96753.863693858,"NRI_P061",100
"36139",-32185.804663858,"NRI_P061",25
"36140",-21678.324263858,"NRI_P061",50
"36141",-95746.232613858,"NRI_P061",100
"36142",-451.552943857969,"NRI_P061",25
"36143",-68391.429123858,"NRI_P061",50
"36144",-91856.273133858,"NRI_P061",100
"36145",-12283.237053858,"NRI_P061",25
"36146",-18061.841083858,"NRI_P061",50
"36147",-103129.162983858,"NRI_P061",100
"36148",-29596.473293858,"NRI_P061",25
"36149",-67062.905963858,"NRI_P061",50
"36150",-100752.436313858,"NRI_P061",100
"36151",-41378.946203858,"NRI_P061",25
"36152",-43925.995083858,"NRI_P061",50
"36153",-67600.403983858,"NRI_P061",100
"36154",-16560.882383858,"NRI_P061",25
"36155",-37347.825413858,"NRI_P061",50
"36156",-82087.861593858,"NRI_P061",100
"36157",-38933.180133858,"NRI_P061",25
"36158",-41090.448703858,"NRI_P061",50
"36159",-116651.548403858,"NRI_P061",100
"36160",-16796.486503858,"NRI_P061",25
"36161",-33342.952003858,"NRI_P061",50
"36162",-87349.157773858,"NRI_P061",100
"36163",-12036.612283858,"NRI_P061",25
"36164",-14606.768293858,"NRI_P061",50
"36165",-104483.233273858,"NRI_P061",100
"36166",-29190.849513858,"NRI_P061",25
"36167",-42149.173943858,"NRI_P061",50
"36168",-95963.469283858,"NRI_P061",100
"36169",-28586.379063858,"NRI_P061",25
"36170",-37930.848603858,"NRI_P061",50
"36171",-86045.595953858,"NRI_P061",100
"36172",-23811.870483858,"NRI_P061",25
"36173",-23926.568433858,"NRI_P061",50
"36174",-109383.273973858,"NRI_P061",100
"36175",-32238.558853858,"NRI_P061",25
"36176",-39938.802823858,"NRI_P061",50
"36177",-104012.298073858,"NRI_P061",100
"36178",-37954.053393858,"NRI_P061",25
"36179",-84751.481073858,"NRI_P061",50
"36180",-95264.935783858,"NRI_P061",100
"36181",-16899.293393858,"NRI_P061",25
"36182",-65076.112183858,"NRI_P061",50
"36183",-85791.200603858,"NRI_P061",100
"36184",-31125.412043858,"NRI_P061",25
"36185",-57083.141193858,"NRI_P061",50
"36186",-75944.520163858,"NRI_P061",100
"36187",-47541.751223858,"NRI_P061",25
"36188",-28567.829803858,"NRI_P061",50
"36189",-76185.761903858,"NRI_P061",100
"36190",7789.85488614201,"NRI_P061",25
"36191",-52655.999983858,"NRI_P061",50
"36192",-62777.718073858,"NRI_P061",100
"36193",-21383.282793858,"NRI_P061",25
"36194",-38313.431953858,"NRI_P061",50
"36195",-81178.861353858,"NRI_P061",100
"36196",-38391.569053858,"NRI_P061",25
"36197",-47205.751863858,"NRI_P061",50
"36198",-51392.186953858,"NRI_P061",100
"36199",-28651.644363858,"NRI_P061",25
"36200",-44379.034613858,"NRI_P061",50
"36201",-74252.936963858,"NRI_P061",100
"36202",-16204.910953858,"NRI_P061",25
"36203",-67703.279983858,"NRI_P061",50
"36204",-113678.744663858,"NRI_P061",100
"36205",-18391.455323858,"NRI_P061",25
"36206",-53828.384073858,"NRI_P061",50
"36207",-94394.426293858,"NRI_P061",100
"36208",-20743.250483858,"NRI_P061",25
"36209",-43199.639523858,"NRI_P061",50
"36210",-82846.521033858,"NRI_P061",100
"36211",-21323.967983858,"NRI_P061",25
"36212",-25587.835673858,"NRI_P061",50
"36213",-105456.315353858,"NRI_P061",100
"36214",-15037.452733858,"NRI_P061",25
"36215",-42830.884633858,"NRI_P061",50
"36216",-85623.115963858,"NRI_P061",100
"36217",-21065.305313858,"NRI_P061",25
"36218",-35986.329283858,"NRI_P061",50
"36219",-46598.233213858,"NRI_P061",100
"36220",-25548.264083858,"NRI_P061",25
"36221",-29091.306973858,"NRI_P061",50
"36222",-114258.210753858,"NRI_P061",100
"36223",-22382.454483858,"NRI_P061",25
"36224",-62836.060153858,"NRI_P061",50
"36225",-87013.323863858,"NRI_P061",100
"36226",-25523.387853858,"NRI_P061",25
"36227",-63138.320633858,"NRI_P061",50
"36228",-54750.994713858,"NRI_P061",100
"36229",-20714.417143858,"NRI_P061",25
"36230",-48050.316793858,"NRI_P061",50
"36231",-112363.305623858,"NRI_P061",100
"36232",-14309.670223858,"NRI_P061",25
"36233",-2350.88200385799,"NRI_P061",50
"36234",-90023.720943858,"NRI_P061",100
"36235",-30077.000423858,"NRI_P061",25
"36236",-63230.911133858,"NRI_P061",50
"36237",-103241.476793858,"NRI_P061",100
"36238",-30304.808553858,"NRI_P061",25
"36239",-45602.431583858,"NRI_P061",50
"36240",-96000.409713858,"NRI_P061",100
"36241",-13479.114673858,"NRI_P061",25
"36242",-28294.338603858,"NRI_P061",50
"36243",-102899.003313858,"NRI_P061",100
"36244",-38621.199243858,"NRI_P061",25
"36245",-60836.432323858,"NRI_P061",50
"36246",-75113.403233858,"NRI_P061",100
"36247",-34231.360143858,"NRI_P061",25
"36248",-45274.152493858,"NRI_P061",50
"36249",-64056.709433858,"NRI_P061",100
"36250",-20614.057533858,"NRI_P061",25
"36251",-53880.916373858,"NRI_P061",50
"36252",-84608.458753858,"NRI_P061",100
"36253",-34683.505243858,"NRI_P061",25
"36254",-31850.185603858,"NRI_P061",50
"36255",-66200.168233858,"NRI_P061",100
"36256",215.031046142045,"NRI_P061",25
"36257",-64454.768053858,"NRI_P061",50
"36258",-113273.183563858,"NRI_P061",100
"36259",-20831.377043858,"NRI_P061",25
"36260",-60890.684813858,"NRI_P061",50
"36261",-98708.729933858,"NRI_P061",100
"36262",-19182.908383858,"NRI_P061",25
"36263",-33636.652873858,"NRI_P061",50
"36264",-93133.759353858,"NRI_P061",100
"36265",-18745.992783858,"NRI_P061",25
"36266",-50975.880003858,"NRI_P061",50
"36267",-116778.218323858,"NRI_P061",100
"36268",-16731.513703858,"NRI_P061",25
"36269",-5705.79112385795,"NRI_P061",50
"36270",-98558.113863858,"NRI_P061",100
"36271",-5578.682793858,"NRI_P061",25
"36272",-51796.708183858,"NRI_P061",50
"36273",-62163.746443858,"NRI_P061",100
"36274",-13769.389663858,"NRI_P061",25
"36275",-48756.193093858,"NRI_P061",50
"36276",-77523.226573858,"NRI_P061",100
"36277",-16372.289333858,"NRI_P061",25
"36278",-51359.185613858,"NRI_P061",50
"36279",-80349.206083858,"NRI_P061",100
"36280",-27201.656313858,"NRI_P061",25
"36281",-56574.318103858,"NRI_P061",50
"36282",-101566.017063858,"NRI_P061",100
"36283",-5149.64994385798,"NRI_P061",25
"36284",-65245.970243858,"NRI_P061",50
"36285",-106599.213573858,"NRI_P061",100
"36286",-32879.147043858,"NRI_P061",25
"36287",-21765.637493858,"NRI_P061",50
"36288",-50411.615573858,"NRI_P061",100
"36289",-22198.150593858,"NRI_P061",25
"36290",-42375.686903858,"NRI_P061",50
"36291",-78662.060143858,"NRI_P061",100
"36292",-31918.697473858,"NRI_P061",25
"36293",-52112.349433858,"NRI_P061",50
"36294",-78823.383793858,"NRI_P061",100
"36295",-38095.654843858,"NRI_P061",25
"36296",-62052.735283858,"NRI_P061",50
"36297",-77260.288473858,"NRI_P061",100
"36298",-23296.539383858,"NRI_P061",25
"36299",-27917.953373858,"NRI_P061",50
"36300",-99555.154303858,"NRI_P061",100
"36301",24540.899859658,"NRI_P062",25
"36302",27402.922323658,"NRI_P062",50
"36303",33096.890993658,"NRI_P062",100
"36304",14937.120719658,"NRI_P062",25
"36305",2435.153493658,"NRI_P062",50
"36306",12767.562553658,"NRI_P062",100
"36307",2800.110479658,"NRI_P062",25
"36308",23658.564209658,"NRI_P062",50
"36309",5159.95407365798,"NRI_P062",100
"36310",17817.123909658,"NRI_P062",25
"36311",42219.862789658,"NRI_P062",50
"36312",26827.038640658,"NRI_P062",100
"36313",14858.101789658,"NRI_P062",25
"36314",16357.066939658,"NRI_P062",50
"36315",13430.877159658,"NRI_P062",100
"36316",5089.54548965796,"NRI_P062",25
"36317",22096.894939658,"NRI_P062",50
"36318",28955.389069658,"NRI_P062",100
"36319",-925.860390342015,"NRI_P062",25
"36320",36047.008544658,"NRI_P062",50
"36321",32343.238669658,"NRI_P062",100
"36322",-9030.047666342,"NRI_P062",25
"36323",17287.193339658,"NRI_P062",50
"36324",62025.555474658,"NRI_P062",100
"36325",12434.680840658,"NRI_P062",25
"36326",49738.106750658,"NRI_P062",50
"36327",11848.035794658,"NRI_P062",100
"36328",13801.463289658,"NRI_P062",25
"36329",598.389419657993,"NRI_P062",50
"36330",-5809.97025034204,"NRI_P062",100
"36331",6779.346619658,"NRI_P062",25
"36332",6698.05779965798,"NRI_P062",50
"36333",16287.611884658,"NRI_P062",100
"36334",13139.384079658,"NRI_P062",25
"36335",22126.004999658,"NRI_P062",50
"36336",35020.135259658,"NRI_P062",100
"36337",-9018.65705034201,"NRI_P062",25
"36338",18661.077730658,"NRI_P062",50
"36339",49551.255429658,"NRI_P062",100
"36340",17674.827679658,"NRI_P062",25
"36341",10419.880851658,"NRI_P062",50
"36342",4870.83386365802,"NRI_P062",100
"36343",17844.104879658,"NRI_P062",25
"36344",24465.070039658,"NRI_P062",50
"36345",33000.306639658,"NRI_P062",100
"36346",23250.571269658,"NRI_P062",25
"36347",4432.56712965801,"NRI_P062",50
"36348",37215.345293658,"NRI_P062",100
"36349",34630.603649658,"NRI_P062",25
"36350",26222.525903658,"NRI_P062",50
"36351",24073.768750658,"NRI_P062",100
"36352",19306.556889658,"NRI_P062",25
"36353",9330.78406065801,"NRI_P062",50
"36354",3538.013709658,"NRI_P062",100
"36355",-3538.07046034199,"NRI_P062",25
"36356",25302.906743658,"NRI_P062",50
"36357",16953.751749658,"NRI_P062",100
"36358",8033.72880965797,"NRI_P062",25
"36359",25595.920070658,"NRI_P062",50
"36360",33977.498863658,"NRI_P062",100
"36361",16567.020670658,"NRI_P062",25
"36362",3203.41550965799,"NRI_P062",50
"36363",44932.280864658,"NRI_P062",100
"36364",2881.22280965798,"NRI_P062",25
"36365",19927.258080658,"NRI_P062",50
"36366",50897.933743658,"NRI_P062",100
"36367",10244.026383658,"NRI_P062",25
"36368",22541.698415658,"NRI_P062",50
"36369",22972.889973658,"NRI_P062",100
"36370",7410.235929658,"NRI_P062",25
"36371",12922.023089658,"NRI_P062",50
"36372",54930.456706658,"NRI_P062",100
"36373",16079.503713658,"NRI_P062",25
"36374",8879.83438365796,"NRI_P062",50
"36375",57904.572768658,"NRI_P062",100
"36376",-5285.08852034202,"NRI_P062",25
"36377",-11074.690076342,"NRI_P062",50
"36378",46345.910105658,"NRI_P062",100
"36379",-6070.86233634199,"NRI_P062",25
"36380",-14389.926899342,"NRI_P062",50
"36381",23426.837011658,"NRI_P062",100
"36382",10861.237493658,"NRI_P062",25
"36383",12726.362330658,"NRI_P062",50
"36384",-13012.032722342,"NRI_P062",100
"36385",-1843.79920834204,"NRI_P062",25
"36386",20473.782829658,"NRI_P062",50
"36387",4435.73711965798,"NRI_P062",100
"36388",12033.787384658,"NRI_P062",25
"36389",13923.545563658,"NRI_P062",50
"36390",10535.973321658,"NRI_P062",100
"36391",20452.852639658,"NRI_P062",25
"36392",12152.282200658,"NRI_P062",50
"36393",30211.141772658,"NRI_P062",100
"36394",3061.94691965799,"NRI_P062",25
"36395",15434.070759658,"NRI_P062",50
"36396",61950.615813658,"NRI_P062",100
"36397",28251.811609658,"NRI_P062",25
"36398",-4921.74867634202,"NRI_P062",50
"36399",25032.823750658,"NRI_P062",100
"36400",6368.64984365797,"NRI_P062",25
"36401",6962.38184965798,"NRI_P062",50
"36402",10146.035664658,"NRI_P062",100
"36403",23843.672379658,"NRI_P062",25
"36404",20969.286293658,"NRI_P062",50
"36405",45802.895277658,"NRI_P062",100
"36406",3242.70609965798,"NRI_P062",25
"36407",20576.567733658,"NRI_P062",50
"36408",16061.374199658,"NRI_P062",100
"36409",925.932490658015,"NRI_P062",25
"36410",-2048.19473034202,"NRI_P062",50
"36411",39870.614903658,"NRI_P062",100
"36412",14828.433459658,"NRI_P062",25
"36413",8403.25648465799,"NRI_P062",50
"36414",46649.988699658,"NRI_P062",100
"36415",7276.40055965801,"NRI_P062",25
"36416",10167.000239658,"NRI_P062",50
"36417",25904.580279658,"NRI_P062",100
"36418",24658.262519658,"NRI_P062",25
"36419",15315.900089658,"NRI_P062",50
"36420",46194.775294658,"NRI_P062",100
"36421",16961.682189658,"NRI_P062",25
"36422",14147.878340658,"NRI_P062",50
"36423",35096.324252658,"NRI_P062",100
"36424",-909.372510341986,"NRI_P062",25
"36425",30618.042289658,"NRI_P062",50
"36426",25269.326191658,"NRI_P062",100
"36427",2093.66700965801,"NRI_P062",25
"36428",16457.609100658,"NRI_P062",50
"36429",62298.097001658,"NRI_P062",100
"36430",4752.54575965798,"NRI_P062",25
"36431",44041.106390658,"NRI_P062",50
"36432",43605.599751658,"NRI_P062",100
"36433",2646.82163965801,"NRI_P062",25
"36434",-1547.90034234204,"NRI_P062",50
"36435",30835.178351658,"NRI_P062",100
"36436",11205.687019658,"NRI_P062",25
"36437",10962.132719658,"NRI_P062",50
"36438",85703.212100658,"NRI_P062",100
"36439",-5563.63454934204,"NRI_P062",25
"36440",26091.346983658,"NRI_P062",50
"36441",42282.237863658,"NRI_P062",100
"36442",25267.923039658,"NRI_P062",25
"36443",35688.641409658,"NRI_P062",50
"36444",58403.321049658,"NRI_P062",100
"36445",24364.769589658,"NRI_P062",25
"36446",16953.524179658,"NRI_P062",50
"36447",13960.922903658,"NRI_P062",100
"36448",-5967.77255934203,"NRI_P062",25
"36449",1934.47320065799,"NRI_P062",50
"36450",64634.149993658,"NRI_P062",100
"36451",-7525.93669034203,"NRI_P062",25
"36452",28578.501689658,"NRI_P062",50
"36453",66476.475260658,"NRI_P062",100
"36454",-7557.42964034202,"NRI_P062",25
"36455",44446.873619658,"NRI_P062",50
"36456",-3257.29789034202,"NRI_P062",100
"36457",7367.12286965799,"NRI_P062",25
"36458",9792.13491965801,"NRI_P062",50
"36459",37380.462989658,"NRI_P062",100
"36460",23815.530699658,"NRI_P062",25
"36461",11528.832549658,"NRI_P062",50
"36462",4171.048988658,"NRI_P062",100
"36463",12937.029980658,"NRI_P062",25
"36464",35795.404993658,"NRI_P062",50
"36465",-13097.870650342,"NRI_P062",100
"36466",44515.322669658,"NRI_P062",25
"36467",18277.785099658,"NRI_P062",50
"36468",-13682.839619342,"NRI_P062",100
"36469",4784.91536965797,"NRI_P062",25
"36470",5835.90294965799,"NRI_P062",50
"36471",19937.716835658,"NRI_P062",100
"36472",11579.987349658,"NRI_P062",25
"36473",5623.32030965801,"NRI_P062",50
"36474",39205.496631658,"NRI_P062",100
"36475",10361.699890658,"NRI_P062",25
"36476",19839.696901658,"NRI_P062",50
"36477",21266.858349658,"NRI_P062",100
"36478",36653.256093658,"NRI_P062",25
"36479",19523.962294658,"NRI_P062",50
"36480",9862.87859165797,"NRI_P062",100
"36481",25697.008729658,"NRI_P062",25
"36482",-6268.922170342,"NRI_P062",50
"36483",31926.582570658,"NRI_P062",100
"36484",29568.557869658,"NRI_P062",25
"36485",9775.56498465798,"NRI_P062",50
"36486",28630.822661658,"NRI_P062",100
"36487",2972.78219965799,"NRI_P062",25
"36488",23787.409449658,"NRI_P062",50
"36489",83912.995369658,"NRI_P062",100
"36490",2826.989339658,"NRI_P062",25
"36491",9121.10639965796,"NRI_P062",50
"36492",64477.092799658,"NRI_P062",100
"36493",7454.397729658,"NRI_P062",25
"36494",108.155429658014,"NRI_P062",50
"36495",20252.791689658,"NRI_P062",100
"36496",-2714.701355342,"NRI_P062",25
"36497",-1513.39265034202,"NRI_P062",50
"36498",44910.831593658,"NRI_P062",100
"36499",19852.793893658,"NRI_P062",25
"36500",-7142.336660342,"NRI_P062",50
"36501",16388.349673658,"NRI_P062",100
"36502",9681.23468965798,"NRI_P062",25
"36503",24906.852639658,"NRI_P062",50
"36504",39488.060503658,"NRI_P062",100
"36505",231.12767365796,"NRI_P062",25
"36506",25273.183730658,"NRI_P062",50
"36507",41647.413645658,"NRI_P062",100
"36508",-12217.985530342,"NRI_P062",25
"36509",-3306.61841934203,"NRI_P062",50
"36510",42184.757324658,"NRI_P062",100
"36511",161.981671657995,"NRI_P062",25
"36512",-9185.32864034199,"NRI_P062",50
"36513",28128.698860658,"NRI_P062",100
"36514",10962.098059658,"NRI_P062",25
"36515",-3573.75603934203,"NRI_P062",50
"36516",36461.205662658,"NRI_P062",100
"36517",-2921.539120342,"NRI_P062",25
"36518",-14034.843130342,"NRI_P062",50
"36519",53385.595349658,"NRI_P062",100
"36520",15475.952549658,"NRI_P062",25
"36521",-2064.03700034204,"NRI_P062",50
"36522",26827.134091658,"NRI_P062",100
"36523",567.845139657962,"NRI_P062",25
"36524",32947.544823658,"NRI_P062",50
"36525",5869.83786065801,"NRI_P062",100
"36526",-1268.36117034202,"NRI_P062",25
"36527",-2057.29651034204,"NRI_P062",50
"36528",-5231.66552834201,"NRI_P062",100
"36529",-7450.90048634203,"NRI_P062",25
"36530",-5914.15059634199,"NRI_P062",50
"36531",40087.558547658,"NRI_P062",100
"36532",8094.63348965801,"NRI_P062",25
"36533",2340.00289965799,"NRI_P062",50
"36534",26638.464137658,"NRI_P062",100
"36535",42033.534889658,"NRI_P062",25
"36536",21970.973109658,"NRI_P062",50
"36537",8963.25803965796,"NRI_P062",100
"36538",18636.249889658,"NRI_P062",25
"36539",10289.244649658,"NRI_P062",50
"36540",21233.964400658,"NRI_P062",100
"36541",-11050.065910342,"NRI_P062",25
"36542",-1045.72795134201,"NRI_P062",50
"36543",64027.952245658,"NRI_P062",100
"36544",5176.26670965797,"NRI_P062",25
"36545",-13181.427820342,"NRI_P062",50
"36546",42974.412472658,"NRI_P062",100
"36547",9065.71179965796,"NRI_P062",25
"36548",23832.460419658,"NRI_P062",50
"36549",21629.393499658,"NRI_P062",100
"36550",15840.105213658,"NRI_P062",25
"36551",48762.563179658,"NRI_P062",50
"36552",3831.94000965799,"NRI_P062",100
"36553",-16135.245740342,"NRI_P062",25
"36554",59451.490749658,"NRI_P062",50
"36555",4483.76293065801,"NRI_P062",100
"36556",15793.693719658,"NRI_P062",25
"36557",5417.84378965799,"NRI_P062",50
"36558",49961.965790658,"NRI_P062",100
"36559",5340.70315965801,"NRI_P062",25
"36560",51503.943009658,"NRI_P062",50
"36561",20822.680509658,"NRI_P062",100
"36562",11080.277849658,"NRI_P062",25
"36563",13026.888643658,"NRI_P062",50
"36564",31477.374143658,"NRI_P062",100
"36565",23238.158599658,"NRI_P062",25
"36566",11827.794739658,"NRI_P062",50
"36567",59055.390789658,"NRI_P062",100
"36568",26883.476669658,"NRI_P062",25
"36569",9595.25409965799,"NRI_P062",50
"36570",44217.160750658,"NRI_P062",100
"36571",10063.412393658,"NRI_P062",25
"36572",42443.653730658,"NRI_P062",50
"36573",3274.30575965799,"NRI_P062",100
"36574",29412.447009658,"NRI_P062",25
"36575",10399.751589658,"NRI_P062",50
"36576",-4295.24625534203,"NRI_P062",100
"36577",8684.44129965798,"NRI_P062",25
"36578",13972.036299658,"NRI_P062",50
"36579",63962.186441658,"NRI_P062",100
"36580",20202.943629658,"NRI_P062",25
"36581",-14895.822460342,"NRI_P062",50
"36582",84624.001787658,"NRI_P062",100
"36583",-10771.576550342,"NRI_P062",25
"36584",20105.214549658,"NRI_P062",50
"36585",76834.803940658,"NRI_P062",100
"36586",-915.079270342016,"NRI_P062",25
"36587",15924.353649658,"NRI_P062",50
"36588",58979.781820658,"NRI_P062",100
"36589",-6657.81379934202,"NRI_P062",25
"36590",2655.24055765796,"NRI_P062",50
"36591",14842.273033658,"NRI_P062",100
"36592",26098.528249658,"NRI_P062",25
"36593",-19464.007150342,"NRI_P062",50
"36594",5898.33902365802,"NRI_P062",100
"36595",-2992.99286034203,"NRI_P062",25
"36596",-1104.75941034203,"NRI_P062",50
"36597",63671.198139658,"NRI_P062",100
"36598",-121.298870342027,"NRI_P062",25
"36599",39144.017759658,"NRI_P062",50
"36600",8928.97797865799,"NRI_P062",100
"36601",6614.79863111698,"NRI_P063",25
"36602",433.766721117019,"NRI_P063",50
"36603",-54721.909188883,"NRI_P063",100
"36604",2572.209761117,"NRI_P063",25
"36605",-26818.385138883,"NRI_P063",50
"36606",-55361.573848883,"NRI_P063",100
"36607",-18.1415188829997,"NRI_P063",25
"36608",10721.065661117,"NRI_P063",50
"36609",-8335.64951888297,"NRI_P063",100
"36610",-30074.253898883,"NRI_P063",25
"36611",-33707.762758883,"NRI_P063",50
"36612",-81236.566188883,"NRI_P063",100
"36613",-36508.675968883,"NRI_P063",25
"36614",-47531.550258883,"NRI_P063",50
"36615",-42123.504158883,"NRI_P063",100
"36616",-14674.779568883,"NRI_P063",25
"36617",-23912.157378883,"NRI_P063",50
"36618",-2771.48943888297,"NRI_P063",100
"36619",-4711.35422888299,"NRI_P063",25
"36620",-28260.993168883,"NRI_P063",50
"36621",15258.206271117,"NRI_P063",100
"36622",10154.245281117,"NRI_P063",25
"36623",-13707.244768883,"NRI_P063",50
"36624",-48519.026858883,"NRI_P063",100
"36625",-24658.533978883,"NRI_P063",25
"36626",35645.672521117,"NRI_P063",50
"36627",-31724.753188883,"NRI_P063",100
"36628",9960.49719111703,"NRI_P063",25
"36629",-53213.371858883,"NRI_P063",50
"36630",-59401.551398883,"NRI_P063",100
"36631",-11587.695458883,"NRI_P063",25
"36632",-6375.19526888302,"NRI_P063",50
"36633",9817.66581111698,"NRI_P063",100
"36634",797.355331116996,"NRI_P063",25
"36635",-8731.12836888299,"NRI_P063",50
"36636",-27906.618778883,"NRI_P063",100
"36637",-16001.129508883,"NRI_P063",25
"36638",-36473.459598883,"NRI_P063",50
"36639",-61856.357478883,"NRI_P063",100
"36640",-16871.610918883,"NRI_P063",25
"36641",-27931.239188883,"NRI_P063",50
"36642",-61564.662578883,"NRI_P063",100
"36643",-27412.236598883,"NRI_P063",25
"36644",-28426.011178883,"NRI_P063",50
"36645",-80758.078698883,"NRI_P063",100
"36646",-18211.649998883,"NRI_P063",25
"36647",-1180.70714888297,"NRI_P063",50
"36648",-58714.147958883,"NRI_P063",100
"36649",-9930.85981888301,"NRI_P063",25
"36650",41711.443991117,"NRI_P063",50
"36651",-54901.698928883,"NRI_P063",100
"36652",-9013.517428883,"NRI_P063",25
"36653",-51946.175098883,"NRI_P063",50
"36654",-48527.592648883,"NRI_P063",100
"36655",-19930.335628883,"NRI_P063",25
"36656",3315.652161117,"NRI_P063",50
"36657",7918.66104111698,"NRI_P063",100
"36658",24401.622891117,"NRI_P063",25
"36659",-15053.608378883,"NRI_P063",50
"36660",-52181.264458883,"NRI_P063",100
"36661",-34921.806078883,"NRI_P063",25
"36662",17293.151571117,"NRI_P063",50
"36663",-25142.575158883,"NRI_P063",100
"36664",24824.713821117,"NRI_P063",25
"36665",-11825.068838883,"NRI_P063",50
"36666",-44052.300658883,"NRI_P063",100
"36667",-6918.14707888302,"NRI_P063",25
"36668",-9241.99375888298,"NRI_P063",50
"36669",-32618.042908883,"NRI_P063",100
"36670",305.677351117018,"NRI_P063",25
"36671",-30744.263988883,"NRI_P063",50
"36672",-41218.544308883,"NRI_P063",100
"36673",-5916.50357888301,"NRI_P063",25
"36674",-36901.345858883,"NRI_P063",50
"36675",-37821.252488883,"NRI_P063",100
"36676",9961.13257111702,"NRI_P063",25
"36677",-38755.918558883,"NRI_P063",50
"36678",-56409.166238883,"NRI_P063",100
"36679",8822.53101111698,"NRI_P063",25
"36680",9454.128341117,"NRI_P063",50
"36681",-6182.87425888301,"NRI_P063",100
"36682",-37917.705278883,"NRI_P063",25
"36683",-14845.826358883,"NRI_P063",50
"36684",1905.60652111698,"NRI_P063",100
"36685",-10398.816178883,"NRI_P063",25
"36686",-1106.678448883,"NRI_P063",50
"36687",-48818.350178883,"NRI_P063",100
"36688",-10637.963088883,"NRI_P063",25
"36689",35790.699301117,"NRI_P063",50
"36690",-33108.339328883,"NRI_P063",100
"36691",9954.88268111699,"NRI_P063",25
"36692",12454.088951117,"NRI_P063",50
"36693",-42412.409958883,"NRI_P063",100
"36694",-6777.26945888298,"NRI_P063",25
"36695",19369.973771117,"NRI_P063",50
"36696",-64597.361458883,"NRI_P063",100
"36697",-39030.137238883,"NRI_P063",25
"36698",-26350.434348883,"NRI_P063",50
"36699",20087.559981117,"NRI_P063",100
"36700",21571.824371117,"NRI_P063",25
"36701",-12397.100408883,"NRI_P063",50
"36702",-53679.350868883,"NRI_P063",100
"36703",6062.46940111701,"NRI_P063",25
"36704",11239.385621117,"NRI_P063",50
"36705",-5096.860688883,"NRI_P063",100
"36706",-36152.355408883,"NRI_P063",25
"36707",-27408.643708883,"NRI_P063",50
"36708",-33913.908188883,"NRI_P063",100
"36709",-5975.09184888302,"NRI_P063",25
"36710",-37228.087988883,"NRI_P063",50
"36711",-36207.807258883,"NRI_P063",100
"36712",-5846.89689888299,"NRI_P063",25
"36713",-6169.60788888298,"NRI_P063",50
"36714",-19976.551778883,"NRI_P063",100
"36715",-15037.595568883,"NRI_P063",25
"36716",-47571.977328883,"NRI_P063",50
"36717",-4299.67794888298,"NRI_P063",100
"36718",-14901.678798883,"NRI_P063",25
"36719",-33476.634088883,"NRI_P063",50
"36720",-33928.419978883,"NRI_P063",100
"36721",36279.911941117,"NRI_P063",25
"36722",-63191.366818883,"NRI_P063",50
"36723",-5594.88766888302,"NRI_P063",100
"36724",-2524.34363888297,"NRI_P063",25
"36725",-24819.197458883,"NRI_P063",50
"36726",-3332.40414888301,"NRI_P063",100
"36727",-15444.049648883,"NRI_P063",25
"36728",-35138.365278883,"NRI_P063",50
"36729",-40315.109978883,"NRI_P063",100
"36730",-19518.655088883,"NRI_P063",25
"36731",9962.88832111703,"NRI_P063",50
"36732",-41394.544648883,"NRI_P063",100
"36733",6674.73190111702,"NRI_P063",25
"36734",15102.746781117,"NRI_P063",50
"36735",-47784.247318883,"NRI_P063",100
"36736",-16621.997768883,"NRI_P063",25
"36737",-10919.655228883,"NRI_P063",50
"36738",-62406.903218883,"NRI_P063",100
"36739",-8725.70341888297,"NRI_P063",25
"36740",-5936.22143888299,"NRI_P063",50
"36741",-53045.700338883,"NRI_P063",100
"36742",37833.206771117,"NRI_P063",25
"36743",-28347.537648883,"NRI_P063",50
"36744",-50257.579078883,"NRI_P063",100
"36745",-29714.450908883,"NRI_P063",25
"36746",50578.946371117,"NRI_P063",50
"36747",-44562.783948883,"NRI_P063",100
"36748",-19902.207058883,"NRI_P063",25
"36749",-3246.85080888297,"NRI_P063",50
"36750",-28572.254988883,"NRI_P063",100
"36751",-8681.05049888301,"NRI_P063",25
"36752",13319.591201117,"NRI_P063",50
"36753",-20037.865558883,"NRI_P063",100
"36754",-36295.742428883,"NRI_P063",25
"36755",19939.107751117,"NRI_P063",50
"36756",-65041.731118883,"NRI_P063",100
"36757",-20823.278928883,"NRI_P063",25
"36758",38898.969541117,"NRI_P063",50
"36759",-70841.818258883,"NRI_P063",100
"36760",-17566.102768883,"NRI_P063",25
"36761",-32652.701718883,"NRI_P063",50
"36762",-29735.636138883,"NRI_P063",100
"36763",-13308.143398883,"NRI_P063",25
"36764",-976.090458882973,"NRI_P063",50
"36765",5001.46786111698,"NRI_P063",100
"36766",9787.35301111703,"NRI_P063",25
"36767",16724.224681117,"NRI_P063",50
"36768",-37042.963688883,"NRI_P063",100
"36769",-753.341478882998,"NRI_P063",25
"36770",-10976.766638883,"NRI_P063",50
"36771",24827.381081117,"NRI_P063",100
"36772",-23648.253848883,"NRI_P063",25
"36773",-21300.159518883,"NRI_P063",50
"36774",-46902.620408883,"NRI_P063",100
"36775",1528.57614111702,"NRI_P063",25
"36776",1594.351701117,"NRI_P063",50
"36777",-40803.841198883,"NRI_P063",100
"36778",2486.65739111701,"NRI_P063",25
"36779",2049.843621117,"NRI_P063",50
"36780",-5458.27004888299,"NRI_P063",100
"36781",-16873.016838883,"NRI_P063",25
"36782",-13335.999248883,"NRI_P063",50
"36783",-30695.443768883,"NRI_P063",100
"36784",24152.077441117,"NRI_P063",25
"36785",-29995.923618883,"NRI_P063",50
"36786",-38769.720348883,"NRI_P063",100
"36787",6271.97362111701,"NRI_P063",25
"36788",-27846.640368883,"NRI_P063",50
"36789",-43250.159148883,"NRI_P063",100
"36790",5242.11108111701,"NRI_P063",25
"36791",-44193.732518883,"NRI_P063",50
"36792",-18657.277378883,"NRI_P063",100
"36793",-18541.098288883,"NRI_P063",25
"36794",8095.15228111699,"NRI_P063",50
"36795",-72109.327148883,"NRI_P063",100
"36796",-10763.587558883,"NRI_P063",25
"36797",33741.056371117,"NRI_P063",50
"36798",-37734.472678883,"NRI_P063",100
"36799",5086.72111111699,"NRI_P063",25
"36800",-10837.277228883,"NRI_P063",50
"36801",-16121.799048883,"NRI_P063",100
"36802",-788.462848883006,"NRI_P063",25
"36803",-30957.694188883,"NRI_P063",50
"36804",-36730.116328883,"NRI_P063",100
"36805",-3186.917318883,"NRI_P063",25
"36806",-42141.049288883,"NRI_P063",50
"36807",-28912.706788883,"NRI_P063",100
"36808",-4770.29415888299,"NRI_P063",25
"36809",-17931.150108883,"NRI_P063",50
"36810",-65310.991898883,"NRI_P063",100
"36811",-11025.475588883,"NRI_P063",25
"36812",25489.028731117,"NRI_P063",50
"36813",-10522.704018883,"NRI_P063",100
"36814",-1993.97061888297,"NRI_P063",25
"36815",-20937.581208883,"NRI_P063",50
"36816",-25956.866128883,"NRI_P063",100
"36817",-29965.292438883,"NRI_P063",25
"36818",-21361.387608883,"NRI_P063",50
"36819",-49392.876578883,"NRI_P063",100
"36820",-37472.649748883,"NRI_P063",25
"36821",13824.548791117,"NRI_P063",50
"36822",-46864.535868883,"NRI_P063",100
"36823",3225.81552111701,"NRI_P063",25
"36824",-14733.418048883,"NRI_P063",50
"36825",-1227.63373888301,"NRI_P063",100
"36826",-8417.429808883,"NRI_P063",25
"36827",-9490.588038883,"NRI_P063",50
"36828",-44028.606468883,"NRI_P063",100
"36829",-301.727048882982,"NRI_P063",25
"36830",-47399.016118883,"NRI_P063",50
"36831",-3905.78853888297,"NRI_P063",100
"36832",13370.585751117,"NRI_P063",25
"36833",-25719.247798883,"NRI_P063",50
"36834",-10980.026578883,"NRI_P063",100
"36835",6160.61465111701,"NRI_P063",25
"36836",-34432.419928883,"NRI_P063",50
"36837",-8560.57699888299,"NRI_P063",100
"36838",96.0722611169913,"NRI_P063",25
"36839",-40098.993508883,"NRI_P063",50
"36840",-12093.091978883,"NRI_P063",100
"36841",-27985.094028883,"NRI_P063",25
"36842",-25891.351938883,"NRI_P063",50
"36843",-38773.025398883,"NRI_P063",100
"36844",-3731.22370888299,"NRI_P063",25
"36845",-20703.828848883,"NRI_P063",50
"36846",-78614.924448883,"NRI_P063",100
"36847",-10360.729728883,"NRI_P063",25
"36848",-12593.865928883,"NRI_P063",50
"36849",-48679.470748883,"NRI_P063",100
"36850",-15948.120708883,"NRI_P063",25
"36851",-10641.720028883,"NRI_P063",50
"36852",-38672.028548883,"NRI_P063",100
"36853",-4674.85236888297,"NRI_P063",25
"36854",-27604.062258883,"NRI_P063",50
"36855",-11457.955818883,"NRI_P063",100
"36856",13430.107771117,"NRI_P063",25
"36857",-14250.771408883,"NRI_P063",50
"36858",-20924.506938883,"NRI_P063",100
"36859",17137.983301117,"NRI_P063",25
"36860",-37812.506648883,"NRI_P063",50
"36861",-60772.267588883,"NRI_P063",100
"36862",-21448.098918883,"NRI_P063",25
"36863",-35940.847058883,"NRI_P063",50
"36864",-44631.756708883,"NRI_P063",100
"36865",-17413.383688883,"NRI_P063",25
"36866",-12589.594398883,"NRI_P063",50
"36867",-15328.558368883,"NRI_P063",100
"36868",-8187.72209888301,"NRI_P063",25
"36869",13127.289511117,"NRI_P063",50
"36870",-84913.522618883,"NRI_P063",100
"36871",-1940.21718888299,"NRI_P063",25
"36872",-15143.455118883,"NRI_P063",50
"36873",-3716.36309888301,"NRI_P063",100
"36874",986.570561117027,"NRI_P063",25
"36875",-11519.788318883,"NRI_P063",50
"36876",15863.775561117,"NRI_P063",100
"36877",-12752.385868883,"NRI_P063",25
"36878",22925.063691117,"NRI_P063",50
"36879",-33440.762758883,"NRI_P063",100
"36880",-25549.141248883,"NRI_P063",25
"36881",-29068.286908883,"NRI_P063",50
"36882",-41727.187008883,"NRI_P063",100
"36883",22909.484171117,"NRI_P063",25
"36884",-19243.239228883,"NRI_P063",50
"36885",-63933.907828883,"NRI_P063",100
"36886",-7909.95723888301,"NRI_P063",25
"36887",-2889.96487888298,"NRI_P063",50
"36888",-55268.669548883,"NRI_P063",100
"36889",15789.929051117,"NRI_P063",25
"36890",5563.10690111702,"NRI_P063",50
"36891",-15186.617588883,"NRI_P063",100
"36892",11990.969151117,"NRI_P063",25
"36893",-27133.859998883,"NRI_P063",50
"36894",3678.52589111699,"NRI_P063",100
"36895",-28082.342758883,"NRI_P063",25
"36896",-2288.10781888297,"NRI_P063",50
"36897",-61076.628558883,"NRI_P063",100
"36898",-18246.301968883,"NRI_P063",25
"36899",550.186031116988,"NRI_P063",50
"36900",-19508.618298883,"NRI_P063",100
"36901",19.7564358539967,"NRI_P066",25
"36902",1007.216765854,"NRI_P066",50
"36903",-297.776194146005,"NRI_P066",100
"36904",-14.2122441460087,"NRI_P066",25
"36905",964.114455853996,"NRI_P066",50
"36906",-268.983914145996,"NRI_P066",100
"36907",-194.336734145996,"NRI_P066",25
"36908",-263.443274146004,"NRI_P066",50
"36909",-162.203654145997,"NRI_P066",100
"36910",-91.5443441460084,"NRI_P066",25
"36911",-35.180264146009,"NRI_P066",50
"36912",264.17534585399,"NRI_P066",100
"36913",203.247635854001,"NRI_P066",25
"36914",-109.579344145997,"NRI_P066",50
"36915",1868.83615585399,"NRI_P066",100
"36916",82.9003058539965,"NRI_P066",25
"36917",817.795545853995,"NRI_P066",50
"36918",-353.677524145998,"NRI_P066",100
"36919",3.27916585399362,"NRI_P066",25
"36920",39.1273058539955,"NRI_P066",50
"36921",46.6220858540037,"NRI_P066",100
"36922",12.7512258539937,"NRI_P066",25
"36923",25.841085854001,"NRI_P066",50
"36924",575.582015854001,"NRI_P066",100
"36925",195.878855853996,"NRI_P066",25
"36926",192.265835853992,"NRI_P066",50
"36927",623.779275854002,"NRI_P066",100
"36928",323.231105853993,"NRI_P066",25
"36929",609.90028585399,"NRI_P066",50
"36930",768.745615854001,"NRI_P066",100
"36931",-20.1769141460099,"NRI_P066",25
"36932",-295.433514146003,"NRI_P066",50
"36933",126.406375854,"NRI_P066",100
"36934",86.5408358540008,"NRI_P066",25
"36935",-597.667834146006,"NRI_P066",50
"36936",1285.280775854,"NRI_P066",100
"36937",-375.997524146005,"NRI_P066",25
"36938",259.031835853995,"NRI_P066",50
"36939",462.279185854,"NRI_P066",100
"36940",286.932435854003,"NRI_P066",25
"36941",705.94533585399,"NRI_P066",50
"36942",-328.219694145999,"NRI_P066",100
"36943",-176.889324146003,"NRI_P066",25
"36944",246.715755853991,"NRI_P066",50
"36945",2537.47787585399,"NRI_P066",100
"36946",52.611835853997,"NRI_P066",25
"36947",93.7298058540036,"NRI_P066",50
"36948",89.3569458540005,"NRI_P066",100
"36949",175.114635853999,"NRI_P066",25
"36950",314.012455853997,"NRI_P066",50
"36951",-204.663314146004,"NRI_P066",100
"36952",213.091435854003,"NRI_P066",25
"36953",850.005485853995,"NRI_P066",50
"36954",-454.477784146002,"NRI_P066",100
"36955",-373.994424146003,"NRI_P066",25
"36956",389.504085854001,"NRI_P066",50
"36957",-542.457854146007,"NRI_P066",100
"36958",-313.111114145999,"NRI_P066",25
"36959",-64.5191441460047,"NRI_P066",50
"36960",1221.707275854,"NRI_P066",100
"36961",215.412755853991,"NRI_P066",25
"36962",-33.5156241460063,"NRI_P066",50
"36963",-62.516514146002,"NRI_P066",100
"36964",19.7564358539967,"NRI_P066",25
"36965",-277.375014146004,"NRI_P066",50
"36966",208.634885854,"NRI_P066",100
"36967",554.32295585399,"NRI_P066",25
"36968",-14.922964145997,"NRI_P066",50
"36969",107.861885853999,"NRI_P066",100
"36970",896.403235853999,"NRI_P066",25
"36971",-419.715894146007,"NRI_P066",50
"36972",-410.963184146007,"NRI_P066",100
"36973",-375.818654146002,"NRI_P066",25
"36974",-31.819864146004,"NRI_P066",50
"36975",537.956525853995,"NRI_P066",100
"36976",225.445735853995,"NRI_P066",25
"36977",-10.0432641460065,"NRI_P066",50
"36978",2874.822585854,"NRI_P066",100
"36979",557.287605853999,"NRI_P066",25
"36980",-184.07594414601,"NRI_P066",50
"36981",2351.56126585399,"NRI_P066",100
"36982",-352.430814146006,"NRI_P066",25
"36983",772.624715853992,"NRI_P066",50
"36984",227.829055854003,"NRI_P066",100
"36985",8.25209585399716,"NRI_P066",25
"36986",-346.329604145998,"NRI_P066",50
"36987",1226.475835854,"NRI_P066",100
"36988",-92.3959441460029,"NRI_P066",25
"36989",-124.463994146005,"NRI_P066",50
"36990",-131.49891414601,"NRI_P066",100
"36991",-387.710434146007,"NRI_P066",25
"36992",-184.377804146003,"NRI_P066",50
"36993",-419.280004146,"NRI_P066",100
"36994",390.672735853994,"NRI_P066",25
"36995",-86.3359941460076,"NRI_P066",50
"36996",171.249665854004,"NRI_P066",100
"36997",37.6617858539976,"NRI_P066",25
"36998",143.384675854002,"NRI_P066",50
"36999",-423.774714145999,"NRI_P066",100
"37000",93.315635854,"NRI_P066",25
"37001",105.880975854001,"NRI_P066",50
"37002",4330.04098585399,"NRI_P066",100
"37003",224.386855853998,"NRI_P066",25
"37004",13.3178958539938,"NRI_P066",50
"37005",353.852695854002,"NRI_P066",100
"37006",-18.59223414601,"NRI_P066",25
"37007",-400.937554146003,"NRI_P066",50
"37008",-490.781784146006,"NRI_P066",100
"37009",626.107005853992,"NRI_P066",25
"37010",-466.10233414601,"NRI_P066",50
"37011",60.8616358540021,"NRI_P066",100
"37012",-330.604454146,"NRI_P066",25
"37013",1281.234405854,"NRI_P066",50
"37014",248.487715854004,"NRI_P066",100
"37015",-283.901144146002,"NRI_P066",25
"37016",2398.339785854,"NRI_P066",50
"37017",-264.378824145999,"NRI_P066",100
"37018",883.810005854,"NRI_P066",25
"37019",396.219785854002,"NRI_P066",50
"37020",3930.30908585399,"NRI_P066",100
"37021",3109.15183585399,"NRI_P066",25
"37022",1212.20139585399,"NRI_P066",50
"37023",817.211575854002,"NRI_P066",100
"37024",-382.878904145997,"NRI_P066",25
"37025",201.211975853992,"NRI_P066",50
"37026",-430.107374145999,"NRI_P066",100
"37027",-20.8264441460051,"NRI_P066",25
"37028",1043.756905854,"NRI_P066",50
"37029",172.773935853998,"NRI_P066",100
"37030",103.655235853992,"NRI_P066",25
"37031",-20.6073941460054,"NRI_P066",50
"37032",-105.420164146009,"NRI_P066",100
"37033",-15.7175441459985,"NRI_P066",25
"37034",884.040205853991,"NRI_P066",50
"37035",-304.419474146009,"NRI_P066",100
"37036",7.10135585399985,"NRI_P066",25
"37037",-265.269544146009,"NRI_P066",50
"37038",470.288685854001,"NRI_P066",100
"37039",-108.161144145997,"NRI_P066",25
"37040",178.258215854003,"NRI_P066",50
"37041",861.497575853995,"NRI_P066",100
"37042",-11.7818941459991,"NRI_P066",25
"37043",-342.845224146004,"NRI_P066",50
"37044",1451.85718585399,"NRI_P066",100
"37045",5.24076585400326,"NRI_P066",25
"37046",1298.978805854,"NRI_P066",50
"37047",-162.005194145997,"NRI_P066",100
"37048",16.5896858539927,"NRI_P066",25
"37049",394.413585853996,"NRI_P066",50
"37050",699.230075853993,"NRI_P066",100
"37051",437.261855853998,"NRI_P066",25
"37052",360.568835853992,"NRI_P066",50
"37053",490.462035853998,"NRI_P066",100
"37054",-1.52380414599611,"NRI_P066",25
"37055",-115.48176414601,"NRI_P066",50
"37056",428.907965853999,"NRI_P066",100
"37057",-28.2942741459992,"NRI_P066",25
"37058",604.758905854003,"NRI_P066",50
"37059",-237.274164146002,"NRI_P066",100
"37060",-172.970044146001,"NRI_P066",25
"37061",1256.396615854,"NRI_P066",50
"37062",-107.232444146008,"NRI_P066",100
"37063",-344.737644146007,"NRI_P066",25
"37064",-318.837714146008,"NRI_P066",50
"37065",-117.760604146009,"NRI_P066",100
"37066",-363.98077414601,"NRI_P066",25
"37067",-529.738754146005,"NRI_P066",50
"37068",187.839995853996,"NRI_P066",100
"37069",33.9296058539912,"NRI_P066",25
"37070",3608.247335854,"NRI_P066",50
"37071",-313.880024145998,"NRI_P066",100
"37072",-346.782044146006,"NRI_P066",25
"37073",-101.392134146008,"NRI_P066",50
"37074",578.51376585399,"NRI_P066",100
"37075",-1.52380414599611,"NRI_P066",25
"37076",151.271165853992,"NRI_P066",50
"37077",678.21089585399,"NRI_P066",100
"37078",-110.156444146007,"NRI_P066",25
"37079",-175.506484145997,"NRI_P066",50
"37080",1094.49528585399,"NRI_P066",100
"37081",-209.009454145998,"NRI_P066",25
"37082",847.947455853995,"NRI_P066",50
"37083",329.286175853995,"NRI_P066",100
"37084",-326.566454145999,"NRI_P066",25
"37085",-13.5711941460031,"NRI_P066",50
"37086",-562.391574146008,"NRI_P066",100
"37087",-198.401524146,"NRI_P066",25
"37088",-67.0767941460072,"NRI_P066",50
"37089",252.590115853993,"NRI_P066",100
"37090",-221.593144145998,"NRI_P066",25
"37091",-37.0284541459987,"NRI_P066",50
"37092",531.937155854001,"NRI_P066",100
"37093",200.49820585399,"NRI_P066",25
"37094",291.422235853999,"NRI_P066",50
"37095",105.009025854,"NRI_P066",100
"37096",541.935155853993,"NRI_P066",25
"37097",1316.390035854,"NRI_P066",50
"37098",338.715475853998,"NRI_P066",100
"37099",-15.7010441460006,"NRI_P066",25
"37100",-148.591524146002,"NRI_P066",50
"37101",0.364505853998708,"NRI_P066",100
"37102",-110.156444146007,"NRI_P066",25
"37103",2254.622195854,"NRI_P066",50
"37104",786.795505853996,"NRI_P066",100
"37105",58.4193358539924,"NRI_P066",25
"37106",172.479195854001,"NRI_P066",50
"37107",2115.48209585399,"NRI_P066",100
"37108",2.85320585400041,"NRI_P066",25
"37109",255.16193585399,"NRI_P066",50
"37110",168.207135853998,"NRI_P066",100
"37111",-129.022344145997,"NRI_P066",25
"37112",973.25035585399,"NRI_P066",50
"37113",-190.749534146002,"NRI_P066",100
"37114",19.3302558540017,"NRI_P066",25
"37115",756.557405853993,"NRI_P066",50
"37116",-73.6234741460066,"NRI_P066",100
"37117",-3.87627414600865,"NRI_P066",25
"37118",846.086005853998,"NRI_P066",50
"37119",2176.38129585399,"NRI_P066",100
"37120",39.6269558539934,"NRI_P066",25
"37121",-407.989694146003,"NRI_P066",50
"37122",241.018985853996,"NRI_P066",100
"37123",-16.4294441460079,"NRI_P066",25
"37124",-56.5744941459998,"NRI_P066",50
"37125",993.552285853992,"NRI_P066",100
"37126",-370.169124146007,"NRI_P066",25
"37127",-308.584224146005,"NRI_P066",50
"37128",-200.696164146008,"NRI_P066",100
"37129",-367.305004146008,"NRI_P066",25
"37130",375.308015853996,"NRI_P066",50
"37131",2616.370405854,"NRI_P066",100
"37132",-179.847274145999,"NRI_P066",25
"37133",-302.875344145999,"NRI_P066",50
"37134",159.291935853995,"NRI_P066",100
"37135",207.718855853993,"NRI_P066",25
"37136",2005.828055854,"NRI_P066",50
"37137",2436.900005854,"NRI_P066",100
"37138",3108.27460585399,"NRI_P066",25
"37139",-557.176494145999,"NRI_P066",50
"37140",-305.118294145999,"NRI_P066",100
"37141",-49.825544146006,"NRI_P066",25
"37142",-192.075974146006,"NRI_P066",50
"37143",420.21248585399,"NRI_P066",100
"37144",16.5157558539941,"NRI_P066",25
"37145",-390.894104146006,"NRI_P066",50
"37146",272.664585854,"NRI_P066",100
"37147",-26.3089741459989,"NRI_P066",25
"37148",81.2613358539966,"NRI_P066",50
"37149",-424.889584146003,"NRI_P066",100
"37150",-340.671494146009,"NRI_P066",25
"37151",745.424585853994,"NRI_P066",50
"37152",2146.166045854,"NRI_P066",100
"37153",-261.865644146004,"NRI_P066",25
"37154",263.555735853995,"NRI_P066",50
"37155",71.8557558539906,"NRI_P066",100
"37156",30.3909558540036,"NRI_P066",25
"37157",231.187365853999,"NRI_P066",50
"37158",134.710605853994,"NRI_P066",100
"37159",51.5269358539954,"NRI_P066",25
"37160",-217.469084145996,"NRI_P066",50
"37161",384.886635853996,"NRI_P066",100
"37162",537.954805853995,"NRI_P066",25
"37163",11.6833358540025,"NRI_P066",50
"37164",622.09728585399,"NRI_P066",100
"37165",-34.1226741459977,"NRI_P066",25
"37166",285.255905853992,"NRI_P066",50
"37167",-158.962514145998,"NRI_P066",100
"37168",-18.6881441459991,"NRI_P066",25
"37169",944.315185853993,"NRI_P066",50
"37170",-130.093574145998,"NRI_P066",100
"37171",-22.1059241460025,"NRI_P066",25
"37172",1219.660685854,"NRI_P066",50
"37173",636.453205853992,"NRI_P066",100
"37174",-62.1158441459993,"NRI_P066",25
"37175",-311.048144146,"NRI_P066",50
"37176",65.824785853998,"NRI_P066",100
"37177",196.079955854002,"NRI_P066",25
"37178",572.334885853998,"NRI_P066",50
"37179",1787.52017585399,"NRI_P066",100
"37180",638.442205853993,"NRI_P066",25
"37181",2830.74588585399,"NRI_P066",50
"37182",2981.543765854,"NRI_P066",100
"37183",2650.907355854,"NRI_P066",25
"37184",380.918005853993,"NRI_P066",50
"37185",4086.81113585399,"NRI_P066",100
"37186",542.855535854003,"NRI_P066",25
"37187",805.243465854001,"NRI_P066",50
"37188",3154.125895854,"NRI_P066",100
"37189",-304.624844146005,"NRI_P066",25
"37190",-209.93525414601,"NRI_P066",50
"37191",-292.822684145998,"NRI_P066",100
"37192",132.097635853992,"NRI_P066",25
"37193",957.346085853991,"NRI_P066",50
"37194",-150.11282414601,"NRI_P066",100
"37195",212.852505853996,"NRI_P066",25
"37196",-562.429854146001,"NRI_P066",50
"37197",-155.593774146007,"NRI_P066",100
"37198",31.9234858540003,"NRI_P066",25
"37199",-185.743014146006,"NRI_P066",50
"37200",140.807165853999,"NRI_P066",100
"37201",7261.50950617099,"NRI_P067",25
"37202",10792.113746171,"NRI_P067",50
"37203",52646.454276171,"NRI_P067",100
"37204",13928.925576171,"NRI_P067",25
"37205",77031.755536171,"NRI_P067",50
"37206",48092.141826171,"NRI_P067",100
"37207",-5049.52208382904,"NRI_P067",25
"37208",30997.453286171,"NRI_P067",50
"37209",88093.669936171,"NRI_P067",100
"37210",16860.578866171,"NRI_P067",25
"37211",25567.618476171,"NRI_P067",50
"37212",88888.678176171,"NRI_P067",100
"37213",39409.857886171,"NRI_P067",25
"37214",38535.576826171,"NRI_P067",50
"37215",35464.3527161709,"NRI_P067",100
"37216",19820.961126171,"NRI_P067",25
"37217",47223.098426171,"NRI_P067",50
"37218",107191.370526171,"NRI_P067",100
"37219",38840.438976171,"NRI_P067",25
"37220",54206.888306171,"NRI_P067",50
"37221",67913.874066171,"NRI_P067",100
"37222",23679.435576171,"NRI_P067",25
"37223",29759.811776171,"NRI_P067",50
"37224",45749.688516171,"NRI_P067",100
"37225",17298.932116171,"NRI_P067",25
"37226",52064.776886171,"NRI_P067",50
"37227",63831.640256171,"NRI_P067",100
"37228",945.389556170965,"NRI_P067",25
"37229",18776.259076171,"NRI_P067",50
"37230",86664.824716171,"NRI_P067",100
"37231",12744.298746171,"NRI_P067",25
"37232",36897.996566171,"NRI_P067",50
"37233",67457.599556171,"NRI_P067",100
"37234",12494.666826171,"NRI_P067",25
"37235",52277.991226171,"NRI_P067",50
"37236",31129.181856171,"NRI_P067",100
"37237",16787.851746171,"NRI_P067",25
"37238",63201.144066171,"NRI_P067",50
"37239",73299.740546171,"NRI_P067",100
"37240",7461.53224617097,"NRI_P067",25
"37241",36086.434626171,"NRI_P067",50
"37242",24893.707016171,"NRI_P067",100
"37243",33216.513626171,"NRI_P067",25
"37244",43756.141136171,"NRI_P067",50
"37245",38001.108616171,"NRI_P067",100
"37246",9433.52841617097,"NRI_P067",25
"37247",14000.126396171,"NRI_P067",50
"37248",82815.240986171,"NRI_P067",100
"37249",16531.066796171,"NRI_P067",25
"37250",49340.176366171,"NRI_P067",50
"37251",53879.394706171,"NRI_P067",100
"37252",25329.429296171,"NRI_P067",25
"37253",44341.759516171,"NRI_P067",50
"37254",60747.548366171,"NRI_P067",100
"37255",26258.555506171,"NRI_P067",25
"37256",29516.297206171,"NRI_P067",50
"37257",50219.227786171,"NRI_P067",100
"37258",9910.31281617098,"NRI_P067",25
"37259",38700.731326171,"NRI_P067",50
"37260",64859.839506171,"NRI_P067",100
"37261",29017.260826171,"NRI_P067",25
"37262",11876.882296171,"NRI_P067",50
"37263",96331.059796171,"NRI_P067",100
"37264",22518.145166171,"NRI_P067",25
"37265",34011.027776171,"NRI_P067",50
"37266",121985.287446171,"NRI_P067",100
"37267",946.090016170987,"NRI_P067",25
"37268",51964.221526171,"NRI_P067",50
"37269",65710.479596171,"NRI_P067",100
"37270",29706.876486171,"NRI_P067",25
"37271",52225.271786171,"NRI_P067",50
"37272",40947.268006171,"NRI_P067",100
"37273",-216.778583829,"NRI_P067",25
"37274",35762.897086171,"NRI_P067",50
"37275",30264.254876171,"NRI_P067",100
"37276",23700.419806171,"NRI_P067",25
"37277",32144.665676171,"NRI_P067",50
"37278",35043.764826171,"NRI_P067",100
"37279",25822.130376171,"NRI_P067",25
"37280",40145.132906171,"NRI_P067",50
"37281",50031.975276171,"NRI_P067",100
"37282",14827.451116171,"NRI_P067",25
"37283",5627.18748617097,"NRI_P067",50
"37284",64136.009536171,"NRI_P067",100
"37285",13599.769696171,"NRI_P067",25
"37286",21178.293786171,"NRI_P067",50
"37287",43284.236166171,"NRI_P067",100
"37288",337.363186170987,"NRI_P067",25
"37289",39885.846816171,"NRI_P067",50
"37290",44123.108536171,"NRI_P067",100
"37291",31414.209936171,"NRI_P067",25
"37292",36960.811866171,"NRI_P067",50
"37293",37593.166936171,"NRI_P067",100
"37294",23312.113026171,"NRI_P067",25
"37295",35866.115416171,"NRI_P067",50
"37296",92840.661676171,"NRI_P067",100
"37297",24337.795706171,"NRI_P067",25
"37298",47582.677016171,"NRI_P067",50
"37299",81294.003766171,"NRI_P067",100
"37300",25394.205446171,"NRI_P067",25
"37301",27438.401906171,"NRI_P067",50
"37302",70035.3328561709,"NRI_P067",100
"37303",42231.400636171,"NRI_P067",25
"37304",44378.575036171,"NRI_P067",50
"37305",59562.0447261709,"NRI_P067",100
"37306",19046.717156171,"NRI_P067",25
"37307",20948.485086171,"NRI_P067",50
"37308",85711.739636171,"NRI_P067",100
"37309",1065.47036617098,"NRI_P067",25
"37310",16271.271476171,"NRI_P067",50
"37311",56976.234216171,"NRI_P067",100
"37312",2327.77219617099,"NRI_P067",25
"37313",18636.461716171,"NRI_P067",50
"37314",89493.406236171,"NRI_P067",100
"37315",23012.220166171,"NRI_P067",25
"37316",31353.211286171,"NRI_P067",50
"37317",70013.268006171,"NRI_P067",100
"37318",29721.242326171,"NRI_P067",25
"37319",33551.216636171,"NRI_P067",50
"37320",44315.423856171,"NRI_P067",100
"37321",-10117.530413829,"NRI_P067",25
"37322",63336.942406171,"NRI_P067",50
"37323",89866.297836171,"NRI_P067",100
"37324",23127.714706171,"NRI_P067",25
"37325",25371.061006171,"NRI_P067",50
"37326",49267.311256171,"NRI_P067",100
"37327",-3587.66899382905,"NRI_P067",25
"37328",38478.438656171,"NRI_P067",50
"37329",104555.316626171,"NRI_P067",100
"37330",24472.198396171,"NRI_P067",25
"37331",58326.565556171,"NRI_P067",50
"37332",15887.715916171,"NRI_P067",100
"37333",33404.736706171,"NRI_P067",25
"37334",37429.415986171,"NRI_P067",50
"37335",68106.665306171,"NRI_P067",100
"37336",39008.302266171,"NRI_P067",25
"37337",36083.600016171,"NRI_P067",50
"37338",52033.953636171,"NRI_P067",100
"37339",13383.281986171,"NRI_P067",25
"37340",21656.608746171,"NRI_P067",50
"37341",84430.864166171,"NRI_P067",100
"37342",10520.972736171,"NRI_P067",25
"37343",30553.276006171,"NRI_P067",50
"37344",67543.401706171,"NRI_P067",100
"37345",29173.218216171,"NRI_P067",25
"37346",40429.719856171,"NRI_P067",50
"37347",105420.726876171,"NRI_P067",100
"37348",26529.343466171,"NRI_P067",25
"37349",20652.231436171,"NRI_P067",50
"37350",31274.479376171,"NRI_P067",100
"37351",21817.429796171,"NRI_P067",25
"37352",27342.954216171,"NRI_P067",50
"37353",68928.852086171,"NRI_P067",100
"37354",41134.665176171,"NRI_P067",25
"37355",21653.203666171,"NRI_P067",50
"37356",75914.522966171,"NRI_P067",100
"37357",25253.082006171,"NRI_P067",25
"37358",23607.951876171,"NRI_P067",50
"37359",77548.755366171,"NRI_P067",100
"37360",20757.630766171,"NRI_P067",25
"37361",14548.536876171,"NRI_P067",50
"37362",53663.925946171,"NRI_P067",100
"37363",26983.430826171,"NRI_P067",25
"37364",14561.664626171,"NRI_P067",50
"37365",39492.812456171,"NRI_P067",100
"37366",41122.235796171,"NRI_P067",25
"37367",40944.856076171,"NRI_P067",50
"37368",81018.014336171,"NRI_P067",100
"37369",12884.902986171,"NRI_P067",25
"37370",25374.235046171,"NRI_P067",50
"37371",59034.986336171,"NRI_P067",100
"37372",40790.376316171,"NRI_P067",25
"37373",41768.343486171,"NRI_P067",50
"37374",62852.107756171,"NRI_P067",100
"37375",26046.933766171,"NRI_P067",25
"37376",15128.707636171,"NRI_P067",50
"37377",62727.248626171,"NRI_P067",100
"37378",38680.052536171,"NRI_P067",25
"37379",39.6248761710012,"NRI_P067",50
"37380",90787.489706171,"NRI_P067",100
"37381",9254.19152617099,"NRI_P067",25
"37382",4034.57227617101,"NRI_P067",50
"37383",99850.927046171,"NRI_P067",100
"37384",7998.775736171,"NRI_P067",25
"37385",11832.561286171,"NRI_P067",50
"37386",53337.137006171,"NRI_P067",100
"37387",29622.986246171,"NRI_P067",25
"37388",43407.946826171,"NRI_P067",50
"37389",65173.126766171,"NRI_P067",100
"37390",6660.69278617098,"NRI_P067",25
"37391",37484.805796171,"NRI_P067",50
"37392",71518.590146171,"NRI_P067",100
"37393",30747.210656171,"NRI_P067",25
"37394",71527.581196171,"NRI_P067",50
"37395",68860.771306171,"NRI_P067",100
"37396",9987.03397617099,"NRI_P067",25
"37397",19205.474646171,"NRI_P067",50
"37398",92815.488116171,"NRI_P067",100
"37399",4516.17558617098,"NRI_P067",25
"37400",25563.084986171,"NRI_P067",50
"37401",87578.690826171,"NRI_P067",100
"37402",-5382.88978382904,"NRI_P067",25
"37403",20604.740236171,"NRI_P067",50
"37404",70050.570486171,"NRI_P067",100
"37405",32377.056066171,"NRI_P067",25
"37406",66959.991936171,"NRI_P067",50
"37407",26294.574436171,"NRI_P067",100
"37408",26527.380196171,"NRI_P067",25
"37409",32824.713756171,"NRI_P067",50
"37410",76225.092066171,"NRI_P067",100
"37411",34778.742846171,"NRI_P067",25
"37412",43732.640126171,"NRI_P067",50
"37413",54254.242926171,"NRI_P067",100
"37414",91.7836761709768,"NRI_P067",25
"37415",12563.7045461709,"NRI_P067",50
"37416",131727.965156171,"NRI_P067",100
"37417",9172.37519617099,"NRI_P067",25
"37418",45894.687476171,"NRI_P067",50
"37419",52736.545616171,"NRI_P067",100
"37420",17162.435756171,"NRI_P067",25
"37421",16577.675636171,"NRI_P067",50
"37422",87239.605016171,"NRI_P067",100
"37423",16626.992966171,"NRI_P067",25
"37424",30407.226776171,"NRI_P067",50
"37425",68706.477206171,"NRI_P067",100
"37426",23916.908626171,"NRI_P067",25
"37427",54041.924666171,"NRI_P067",50
"37428",69259.869106171,"NRI_P067",100
"37429",27592.854996171,"NRI_P067",25
"37430",32271.930536171,"NRI_P067",50
"37431",38681.663256171,"NRI_P067",100
"37432",18878.415006171,"NRI_P067",25
"37433",15544.490456171,"NRI_P067",50
"37434",53796.295186171,"NRI_P067",100
"37435",39630.229616171,"NRI_P067",25
"37436",273.502486170968,"NRI_P067",50
"37437",76242.349396171,"NRI_P067",100
"37438",14051.338176171,"NRI_P067",25
"37439",39822.651756171,"NRI_P067",50
"37440",99358.587986171,"NRI_P067",100
"37441",9546.398956171,"NRI_P067",25
"37442",38799.399366171,"NRI_P067",50
"37443",65746.573896171,"NRI_P067",100
"37444",3848.52791617101,"NRI_P067",25
"37445",26901.685356171,"NRI_P067",50
"37446",80269.728746171,"NRI_P067",100
"37447",36272.956256171,"NRI_P067",25
"37448",26225.673596171,"NRI_P067",50
"37449",102499.477396171,"NRI_P067",100
"37450",3803.02660617098,"NRI_P067",25
"37451",27760.715296171,"NRI_P067",50
"37452",134865.513986171,"NRI_P067",100
"37453",5509.775416171,"NRI_P067",25
"37454",34201.411286171,"NRI_P067",50
"37455",31512.280316171,"NRI_P067",100
"37456",29771.714716171,"NRI_P067",25
"37457",35246.608916171,"NRI_P067",50
"37458",35605.024106171,"NRI_P067",100
"37459",16650.868636171,"NRI_P067",25
"37460",30923.748676171,"NRI_P067",50
"37461",44807.716446171,"NRI_P067",100
"37462",9960.735696171,"NRI_P067",25
"37463",51135.716426171,"NRI_P067",50
"37464",69788.507406171,"NRI_P067",100
"37465",8627.73259617097,"NRI_P067",25
"37466",51050.582086171,"NRI_P067",50
"37467",66017.5945061709,"NRI_P067",100
"37468",22422.940446171,"NRI_P067",25
"37469",35102.854896171,"NRI_P067",50
"37470",67934.831496171,"NRI_P067",100
"37471",19776.797396171,"NRI_P067",25
"37472",-2872.94246382901,"NRI_P067",50
"37473",60388.317956171,"NRI_P067",100
"37474",24352.240086171,"NRI_P067",25
"37475",17308.062176171,"NRI_P067",50
"37476",36808.380256171,"NRI_P067",100
"37477",32392.891746171,"NRI_P067",25
"37478",15505.687506171,"NRI_P067",50
"37479",78735.991526171,"NRI_P067",100
"37480",21375.485096171,"NRI_P067",25
"37481",16893.231736171,"NRI_P067",50
"37482",52802.168646171,"NRI_P067",100
"37483",15277.6518461709,"NRI_P067",25
"37484",15744.768846171,"NRI_P067",50
"37485",53291.547376171,"NRI_P067",100
"37486",12328.784366171,"NRI_P067",25
"37487",50860.045076171,"NRI_P067",50
"37488",59415.174966171,"NRI_P067",100
"37489",37197.406286171,"NRI_P067",25
"37490",27679.471966171,"NRI_P067",50
"37491",103979.107876171,"NRI_P067",100
"37492",24315.098756171,"NRI_P067",25
"37493",24656.041206171,"NRI_P067",50
"37494",57096.040286171,"NRI_P067",100
"37495",25722.736416171,"NRI_P067",25
"37496",23954.973806171,"NRI_P067",50
"37497",62896.983786171,"NRI_P067",100
"37498",28216.378206171,"NRI_P067",25
"37499",61933.442946171,"NRI_P067",50
"37500",81779.562216171,"NRI_P067",100
"37501",16647.815838394,"NRI_P068",25
"37502",-7920.51170160601,"NRI_P068",50
"37503",20928.489378394,"NRI_P068",100
"37504",1231.859718394,"NRI_P068",25
"37505",16516.035278394,"NRI_P068",50
"37506",19364.133248394,"NRI_P068",100
"37507",-5719.86571160602,"NRI_P068",25
"37508",15927.997008394,"NRI_P068",50
"37509",22270.529698394,"NRI_P068",100
"37510",-1333.95302160602,"NRI_P068",25
"37511",38997.582248394,"NRI_P068",50
"37512",29606.594728394,"NRI_P068",100
"37513",22111.124778394,"NRI_P068",25
"37514",11593.491678394,"NRI_P068",50
"37515",15691.024088394,"NRI_P068",100
"37516",-1917.76078160602,"NRI_P068",25
"37517",34638.055208394,"NRI_P068",50
"37518",13924.965468394,"NRI_P068",100
"37519",-1364.099231606,"NRI_P068",25
"37520",-9542.30204160602,"NRI_P068",50
"37521",-13037.627131606,"NRI_P068",100
"37522",-2958.27949160602,"NRI_P068",25
"37523",-8637.28120160601,"NRI_P068",50
"37524",32794.317698394,"NRI_P068",100
"37525",26865.862468394,"NRI_P068",25
"37526",17320.875688394,"NRI_P068",50
"37527",28899.427178394,"NRI_P068",100
"37528",19976.104638394,"NRI_P068",25
"37529",-6120.44739160602,"NRI_P068",50
"37530",31757.722358394,"NRI_P068",100
"37531",7084.89279839399,"NRI_P068",25
"37532",5466.829248394,"NRI_P068",50
"37533",31919.020008394,"NRI_P068",100
"37534",47331.100738394,"NRI_P068",25
"37535",-3849.184431606,"NRI_P068",50
"37536",22647.057858394,"NRI_P068",100
"37537",9920.26310839399,"NRI_P068",25
"37538",48614.163398394,"NRI_P068",50
"37539",18277.649618394,"NRI_P068",100
"37540",10673.613328394,"NRI_P068",25
"37541",-3773.96523160601,"NRI_P068",50
"37542",60069.055338394,"NRI_P068",100
"37543",-4776.63243160601,"NRI_P068",25
"37544",10571.664608394,"NRI_P068",50
"37545",8432.93625839398,"NRI_P068",100
"37546",2810.92282839399,"NRI_P068",25
"37547",2145.882528394,"NRI_P068",50
"37548",16601.287668394,"NRI_P068",100
"37549",20673.376098394,"NRI_P068",25
"37550",16064.312268394,"NRI_P068",50
"37551",33432.929948394,"NRI_P068",100
"37552",12135.224348394,"NRI_P068",25
"37553",-2037.295201606,"NRI_P068",50
"37554",21584.425488394,"NRI_P068",100
"37555",-6924.867761606,"NRI_P068",25
"37556",9009.079458394,"NRI_P068",50
"37557",20772.201768394,"NRI_P068",100
"37558",-1520.71799160601,"NRI_P068",25
"37559",21910.574428394,"NRI_P068",50
"37560",14623.468558394,"NRI_P068",100
"37561",1730.21286839398,"NRI_P068",25
"37562",9247.28758839399,"NRI_P068",50
"37563",29045.354378394,"NRI_P068",100
"37564",22328.951568394,"NRI_P068",25
"37565",37828.348228394,"NRI_P068",50
"37566",10105.480828394,"NRI_P068",100
"37567",10584.360828394,"NRI_P068",25
"37568",16542.882788394,"NRI_P068",50
"37569",-8560.622531606,"NRI_P068",100
"37570",-3563.45235160601,"NRI_P068",25
"37571",4995.19795839398,"NRI_P068",50
"37572",49678.234308394,"NRI_P068",100
"37573",7981.11450839398,"NRI_P068",25
"37574",-12103.977551606,"NRI_P068",50
"37575",-1597.538351606,"NRI_P068",100
"37576",18578.579258394,"NRI_P068",25
"37577",7070.71166839398,"NRI_P068",50
"37578",31828.671948394,"NRI_P068",100
"37579",-2510.48897160601,"NRI_P068",25
"37580",-13544.715921606,"NRI_P068",50
"37581",13105.332608394,"NRI_P068",100
"37582",-3182.32430160602,"NRI_P068",25
"37583",-8838.10416160602,"NRI_P068",50
"37584",4033.98219839399,"NRI_P068",100
"37585",7332.154778394,"NRI_P068",25
"37586",42009.553608394,"NRI_P068",50
"37587",5224.87982839398,"NRI_P068",100
"37588",1181.91552839399,"NRI_P068",25
"37589",-18632.415221606,"NRI_P068",50
"37590",5272.46257839398,"NRI_P068",100
"37591",6988.49423839399,"NRI_P068",25
"37592",-6042.692091606,"NRI_P068",50
"37593",-2823.84048160602,"NRI_P068",100
"37594",2917.694138394,"NRI_P068",25
"37595",32809.117238394,"NRI_P068",50
"37596",-11494.756461606,"NRI_P068",100
"37597",8345.17981839398,"NRI_P068",25
"37598",637.034188393998,"NRI_P068",50
"37599",-1146.652091606,"NRI_P068",100
"37600",-3437.97083160601,"NRI_P068",25
"37601",12127.243598394,"NRI_P068",50
"37602",14805.700368394,"NRI_P068",100
"37603",24137.740658394,"NRI_P068",25
"37604",-9514.36288160601,"NRI_P068",50
"37605",-1286.24483160602,"NRI_P068",100
"37606",-65.5273716060037,"NRI_P068",25
"37607",11910.838858394,"NRI_P068",50
"37608",-273.860431606008,"NRI_P068",100
"37609",8772.44347839398,"NRI_P068",25
"37610",-3099.68403160601,"NRI_P068",50
"37611",-18228.314831606,"NRI_P068",100
"37612",51565.805568394,"NRI_P068",25
"37613",11732.869698394,"NRI_P068",50
"37614",55945.336828394,"NRI_P068",100
"37615",3679.30901839398,"NRI_P068",25
"37616",-6575.98204160601,"NRI_P068",50
"37617",-18830.813971606,"NRI_P068",100
"37618",10763.204078394,"NRI_P068",25
"37619",-7851.19562160602,"NRI_P068",50
"37620",81850.824858394,"NRI_P068",100
"37621",-7677.61162160602,"NRI_P068",25
"37622",67484.912488394,"NRI_P068",50
"37623",3889.63834839399,"NRI_P068",100
"37624",-2711.074001606,"NRI_P068",25
"37625",-7101.86003160602,"NRI_P068",50
"37626",-9975.872241606,"NRI_P068",100
"37627",15389.855968394,"NRI_P068",25
"37628",-6021.69662160601,"NRI_P068",50
"37629",23548.274648394,"NRI_P068",100
"37630",-7289.63334160601,"NRI_P068",25
"37631",19130.500308394,"NRI_P068",50
"37632",5577.50390839399,"NRI_P068",100
"37633",-6558.45414160602,"NRI_P068",25
"37634",32410.700788394,"NRI_P068",50
"37635",54378.967638394,"NRI_P068",100
"37636",-812.960101606004,"NRI_P068",25
"37637",13734.233948394,"NRI_P068",50
"37638",40958.494198394,"NRI_P068",100
"37639",471.459518393996,"NRI_P068",25
"37640",15202.646618394,"NRI_P068",50
"37641",2037.576408394,"NRI_P068",100
"37642",4060.12343839399,"NRI_P068",25
"37643",14419.266718394,"NRI_P068",50
"37644",49831.828188394,"NRI_P068",100
"37645",-7548.33671160601,"NRI_P068",25
"37646",-14772.060481606,"NRI_P068",50
"37647",12106.990978394,"NRI_P068",100
"37648",1386.51738839399,"NRI_P068",25
"37649",24359.517218394,"NRI_P068",50
"37650",67636.834818394,"NRI_P068",100
"37651",-5490.20092160601,"NRI_P068",25
"37652",13994.800618394,"NRI_P068",50
"37653",3607.364458394,"NRI_P068",100
"37654",11085.625608394,"NRI_P068",25
"37655",13717.813438394,"NRI_P068",50
"37656",41903.776538394,"NRI_P068",100
"37657",-8541.317251606,"NRI_P068",25
"37658",11407.600088394,"NRI_P068",50
"37659",7009.704978394,"NRI_P068",100
"37660",16362.242578394,"NRI_P068",25
"37661",-255.379231605999,"NRI_P068",50
"37662",22892.509428394,"NRI_P068",100
"37663",-8380.332421606,"NRI_P068",25
"37664",45570.678818394,"NRI_P068",50
"37665",10886.334318394,"NRI_P068",100
"37666",-5803.93189160601,"NRI_P068",25
"37667",3994.26454839399,"NRI_P068",50
"37668",877.200748393981,"NRI_P068",100
"37669",-3908.86634160602,"NRI_P068",25
"37670",-1958.83838160601,"NRI_P068",50
"37671",30977.383728394,"NRI_P068",100
"37672",-356.689951606008,"NRI_P068",25
"37673",-16796.603491606,"NRI_P068",50
"37674",-13652.567771606,"NRI_P068",100
"37675",3034.866078394,"NRI_P068",25
"37676",-5865.12630160601,"NRI_P068",50
"37677",-10344.706771606,"NRI_P068",100
"37678",-1563.67326160602,"NRI_P068",25
"37679",-9668.40256160602,"NRI_P068",50
"37680",-357.181021605997,"NRI_P068",100
"37681",19817.770258394,"NRI_P068",25
"37682",8071.19514839398,"NRI_P068",50
"37683",16459.491848394,"NRI_P068",100
"37684",596.005548393994,"NRI_P068",25
"37685",-10750.425701606,"NRI_P068",50
"37686",57950.171938394,"NRI_P068",100
"37687",13112.678418394,"NRI_P068",25
"37688",1906.10389839398,"NRI_P068",50
"37689",20968.846958394,"NRI_P068",100
"37690",410.990408393991,"NRI_P068",25
"37691",43938.238308394,"NRI_P068",50
"37692",27378.654088394,"NRI_P068",100
"37693",15548.941878394,"NRI_P068",25
"37694",6016.88079839398,"NRI_P068",50
"37695",18100.854198394,"NRI_P068",100
"37696",2027.88701839399,"NRI_P068",25
"37697",19031.967468394,"NRI_P068",50
"37698",-10049.881031606,"NRI_P068",100
"37699",-1610.42470160601,"NRI_P068",25
"37700",8365.59132839399,"NRI_P068",50
"37701",50388.946918394,"NRI_P068",100
"37702",-3947.04956160602,"NRI_P068",25
"37703",29224.152258394,"NRI_P068",50
"37704",12728.029638394,"NRI_P068",100
"37705",1224.486778394,"NRI_P068",25
"37706",-1556.71384160602,"NRI_P068",50
"37707",-12650.433891606,"NRI_P068",100
"37708",-5387.175021606,"NRI_P068",25
"37709",-7010.371981606,"NRI_P068",50
"37710",-8652.692721606,"NRI_P068",100
"37711",-2558.44447160602,"NRI_P068",25
"37712",-13443.115161606,"NRI_P068",50
"37713",17259.619188394,"NRI_P068",100
"37714",-2228.38391160601,"NRI_P068",25
"37715",60694.130018394,"NRI_P068",50
"37716",51262.404198394,"NRI_P068",100
"37717",-8526.04902160601,"NRI_P068",25
"37718",46417.680958394,"NRI_P068",50
"37719",15579.794598394,"NRI_P068",100
"37720",3253.493528394,"NRI_P068",25
"37721",25251.918908394,"NRI_P068",50
"37722",6024.17123839399,"NRI_P068",100
"37723",22653.706068394,"NRI_P068",25
"37724",-10571.064081606,"NRI_P068",50
"37725",17418.109868394,"NRI_P068",100
"37726",27277.173328394,"NRI_P068",25
"37727",5298.33908839399,"NRI_P068",50
"37728",24881.521858394,"NRI_P068",100
"37729",-8936.91343160602,"NRI_P068",25
"37730",27919.733958394,"NRI_P068",50
"37731",21264.165848394,"NRI_P068",100
"37732",10880.060488394,"NRI_P068",25
"37733",5650.23783839398,"NRI_P068",50
"37734",5215.15783839399,"NRI_P068",100
"37735",30292.026068394,"NRI_P068",25
"37736",21523.009598394,"NRI_P068",50
"37737",35305.359278394,"NRI_P068",100
"37738",36653.218028394,"NRI_P068",25
"37739",5864.071848394,"NRI_P068",50
"37740",1782.95856839398,"NRI_P068",100
"37741",-10435.963111606,"NRI_P068",25
"37742",-12824.974211606,"NRI_P068",50
"37743",-2433.305291606,"NRI_P068",100
"37744",10813.787078394,"NRI_P068",25
"37745",2570.36549839398,"NRI_P068",50
"37746",23599.592298394,"NRI_P068",100
"37747",1505.23391839399,"NRI_P068",25
"37748",14119.643288394,"NRI_P068",50
"37749",5154.87800839398,"NRI_P068",100
"37750",-1959.357391606,"NRI_P068",25
"37751",13855.595398394,"NRI_P068",50
"37752",17410.845698394,"NRI_P068",100
"37753",-2815.68757160602,"NRI_P068",25
"37754",-6086.30942160601,"NRI_P068",50
"37755",3094.972908394,"NRI_P068",100
"37756",-3483.32991160601,"NRI_P068",25
"37757",9665.10985839399,"NRI_P068",50
"37758",12758.149068394,"NRI_P068",100
"37759",-6247.17154160602,"NRI_P068",25
"37760",19509.620088394,"NRI_P068",50
"37761",46555.949678394,"NRI_P068",100
"37762",-6086.78273160601,"NRI_P068",25
"37763",12148.811348394,"NRI_P068",50
"37764",4943.855468394,"NRI_P068",100
"37765",-9074.97395160602,"NRI_P068",25
"37766",-11464.194271606,"NRI_P068",50
"37767",-4726.77473160601,"NRI_P068",100
"37768",26950.458258394,"NRI_P068",25
"37769",16551.575358394,"NRI_P068",50
"37770",12615.053768394,"NRI_P068",100
"37771",14191.092768394,"NRI_P068",25
"37772",40343.843778394,"NRI_P068",50
"37773",10906.901048394,"NRI_P068",100
"37774",-387.941441606003,"NRI_P068",25
"37775",-7026.743281606,"NRI_P068",50
"37776",40722.962948394,"NRI_P068",100
"37777",17619.472638394,"NRI_P068",25
"37778",20117.026448394,"NRI_P068",50
"37779",447.964478393988,"NRI_P068",100
"37780",17290.649448394,"NRI_P068",25
"37781",15862.995938394,"NRI_P068",50
"37782",46744.951048394,"NRI_P068",100
"37783",24727.289848394,"NRI_P068",25
"37784",47165.838578394,"NRI_P068",50
"37785",-17448.833121606,"NRI_P068",100
"37786",19971.140198394,"NRI_P068",25
"37787",21283.240538394,"NRI_P068",50
"37788",-20477.588871606,"NRI_P068",100
"37789",-3364.816941606,"NRI_P068",25
"37790",-9072.699991606,"NRI_P068",50
"37791",19859.835528394,"NRI_P068",100
"37792",323.394768393977,"NRI_P068",25
"37793",25097.853718394,"NRI_P068",50
"37794",-527.371431606007,"NRI_P068",100
"37795",56025.012858394,"NRI_P068",25
"37796",4955.82751839398,"NRI_P068",50
"37797",574.763628393994,"NRI_P068",100
"37798",1162.28111839399,"NRI_P068",25
"37799",25146.575238394,"NRI_P068",50
"37800",2151.42301839398,"NRI_P068",100
"37801",-1086.5449340428,"NRI_P069",25
"37802",-6626.2066740428,"NRI_P069",50
"37803",-810.477494042803,"NRI_P069",100
"37804",-4045.69689404279,"NRI_P069",25
"37805",-1600.9224940428,"NRI_P069",50
"37806",-3839.8580340428,"NRI_P069",100
"37807",1174.84737595721,"NRI_P069",25
"37808",-2694.42553404279,"NRI_P069",50
"37809",-13581.1490940428,"NRI_P069",100
"37810",-6333.94251404279,"NRI_P069",25
"37811",3984.69645595721,"NRI_P069",50
"37812",-11048.2795240428,"NRI_P069",100
"37813",7110.0061859572,"NRI_P069",25
"37814",-3334.1369140428,"NRI_P069",50
"37815",-5069.7547340428,"NRI_P069",100
"37816",-4626.38117404279,"NRI_P069",25
"37817",-292.649544042797,"NRI_P069",50
"37818",-4896.52921404279,"NRI_P069",100
"37819",-312.657144042794,"NRI_P069",25
"37820",-117.357664042793,"NRI_P069",50
"37821",-9522.2447540428,"NRI_P069",100
"37822",1608.1657959572,"NRI_P069",25
"37823",-6420.75986404279,"NRI_P069",50
"37824",4923.45582595721,"NRI_P069",100
"37825",-1332.32129404279,"NRI_P069",25
"37826",-6887.3157240428,"NRI_P069",50
"37827",-7473.2970340428,"NRI_P069",100
"37828",-2504.4806940428,"NRI_P069",25
"37829",-2072.40115404279,"NRI_P069",50
"37830",-8180.65399404279,"NRI_P069",100
"37831",18.0900259572081,"NRI_P069",25
"37832",-7340.5887240428,"NRI_P069",50
"37833",-3912.8927140428,"NRI_P069",100
"37834",404.344205957212,"NRI_P069",25
"37835",9469.8354359572,"NRI_P069",50
"37836",-12846.2725740428,"NRI_P069",100
"37837",8159.2761259572,"NRI_P069",25
"37838",-4990.12235404279,"NRI_P069",50
"37839",-13208.1268340428,"NRI_P069",100
"37840",330.611125957206,"NRI_P069",25
"37841",-12771.9478140428,"NRI_P069",50
"37842",-5204.8197240428,"NRI_P069",100
"37843",600.960525957198,"NRI_P069",25
"37844",2014.5343459572,"NRI_P069",50
"37845",-15304.9462740428,"NRI_P069",100
"37846",-7135.78049404279,"NRI_P069",25
"37847",8262.6942859572,"NRI_P069",50
"37848",-7578.57821404279,"NRI_P069",100
"37849",2273.8989359572,"NRI_P069",25
"37850",-5053.04482404279,"NRI_P069",50
"37851",-10864.4907640428,"NRI_P069",100
"37852",150.121185957207,"NRI_P069",25
"37853",-1817.9003740428,"NRI_P069",50
"37854",-13703.8128340428,"NRI_P069",100
"37855",-4837.69320404279,"NRI_P069",25
"37856",5832.32850595721,"NRI_P069",50
"37857",-11888.4752540428,"NRI_P069",100
"37858",-4132.8319440428,"NRI_P069",25
"37859",-3518.8010240428,"NRI_P069",50
"37860",-5714.88366404279,"NRI_P069",100
"37861",-4333.22264404279,"NRI_P069",25
"37862",-7294.2071540428,"NRI_P069",50
"37863",-12395.4700040428,"NRI_P069",100
"37864",-4192.6584840428,"NRI_P069",25
"37865",-1754.04279404279,"NRI_P069",50
"37866",-13400.7444140428,"NRI_P069",100
"37867",-517.573244042796,"NRI_P069",25
"37868",-9152.60057404279,"NRI_P069",50
"37869",-9636.54343404279,"NRI_P069",100
"37870",-392.5477640428,"NRI_P069",25
"37871",-5793.7724540428,"NRI_P069",50
"37872",-3545.0314340428,"NRI_P069",100
"37873",-1070.1771940428,"NRI_P069",25
"37874",3136.9776759572,"NRI_P069",50
"37875",-790.9004540428,"NRI_P069",100
"37876",-587.234814042793,"NRI_P069",25
"37877",-8490.37407404279,"NRI_P069",50
"37878",-8914.6324340428,"NRI_P069",100
"37879",-4912.5583740428,"NRI_P069",25
"37880",2459.3630359572,"NRI_P069",50
"37881",-2883.2807940428,"NRI_P069",100
"37882",-5262.22131404279,"NRI_P069",25
"37883",-1046.91195404279,"NRI_P069",50
"37884",940.8174359572,"NRI_P069",100
"37885",600.029245957208,"NRI_P069",25
"37886",-6770.4348040428,"NRI_P069",50
"37887",-11777.0605040428,"NRI_P069",100
"37888",-5554.88392404279,"NRI_P069",25
"37889",-11949.1950940428,"NRI_P069",50
"37890",-12264.1188940428,"NRI_P069",100
"37891",-1955.7711940428,"NRI_P069",25
"37892",-4367.0422640428,"NRI_P069",50
"37893",-12320.0226740428,"NRI_P069",100
"37894",-3623.3596140428,"NRI_P069",25
"37895",-2044.1961840428,"NRI_P069",50
"37896",-7025.94900404279,"NRI_P069",100
"37897",-4253.93637404279,"NRI_P069",25
"37898",-5985.3762040428,"NRI_P069",50
"37899",-7346.3746740428,"NRI_P069",100
"37900",-2935.70197404279,"NRI_P069",25
"37901",-7327.6201140428,"NRI_P069",50
"37902",-13272.0464340428,"NRI_P069",100
"37903",-1305.86066404279,"NRI_P069",25
"37904",6958.50099595721,"NRI_P069",50
"37905",4276.38348595721,"NRI_P069",100
"37906",3234.7781959572,"NRI_P069",25
"37907",-578.136404042802,"NRI_P069",50
"37908",-17624.3620040428,"NRI_P069",100
"37909",-4624.1146840428,"NRI_P069",25
"37910",-13297.5567640428,"NRI_P069",50
"37911",-10708.6597740428,"NRI_P069",100
"37912",-7381.61341404279,"NRI_P069",25
"37913",1443.1486359572,"NRI_P069",50
"37914",-2610.1453940428,"NRI_P069",100
"37915",-730.394464042794,"NRI_P069",25
"37916",-7031.6318940428,"NRI_P069",50
"37917",-11410.9504940428,"NRI_P069",100
"37918",-917.459524042803,"NRI_P069",25
"37919",-566.986414042796,"NRI_P069",50
"37920",-333.513774042804,"NRI_P069",100
"37921",-1911.48657404279,"NRI_P069",25
"37922",-4360.14913404279,"NRI_P069",50
"37923",-5434.1758540428,"NRI_P069",100
"37924",4919.7474059572,"NRI_P069",25
"37925",-1747.6738040428,"NRI_P069",50
"37926",-9013.7543940428,"NRI_P069",100
"37927",-544.430654042793,"NRI_P069",25
"37928",-9233.22398404279,"NRI_P069",50
"37929",4583.68682595721,"NRI_P069",100
"37930",-4328.9459640428,"NRI_P069",25
"37931",315.502545957206,"NRI_P069",50
"37932",4037.92143595721,"NRI_P069",100
"37933",1930.92470595721,"NRI_P069",25
"37934",-4392.64079404279,"NRI_P069",50
"37935",-5280.0391740428,"NRI_P069",100
"37936",-3280.1140840428,"NRI_P069",25
"37937",-5099.6330340428,"NRI_P069",50
"37938",-8569.3630240428,"NRI_P069",100
"37939",-757.154274042798,"NRI_P069",25
"37940",-2801.7423540428,"NRI_P069",50
"37941",-6395.6278040428,"NRI_P069",100
"37942",-2356.95008404279,"NRI_P069",25
"37943",-2742.3944840428,"NRI_P069",50
"37944",-8141.36294404279,"NRI_P069",100
"37945",-5721.6409540428,"NRI_P069",25
"37946",-4209.4415840428,"NRI_P069",50
"37947",-9979.8627640428,"NRI_P069",100
"37948",-2080.02272404279,"NRI_P069",25
"37949",-6265.12314404279,"NRI_P069",50
"37950",-5914.3200740428,"NRI_P069",100
"37951",-5472.9229240428,"NRI_P069",25
"37952",-4193.50384404279,"NRI_P069",50
"37953",-9778.9788140428,"NRI_P069",100
"37954",-5728.8901040428,"NRI_P069",25
"37955",-8053.9688740428,"NRI_P069",50
"37956",5660.7683359572,"NRI_P069",100
"37957",-1671.0418840428,"NRI_P069",25
"37958",-4077.63882404279,"NRI_P069",50
"37959",-6307.4261040428,"NRI_P069",100
"37960",-6650.40623404279,"NRI_P069",25
"37961",-4654.95622404279,"NRI_P069",50
"37962",-2289.5533540428,"NRI_P069",100
"37963",-6773.20743404279,"NRI_P069",25
"37964",13622.0953059572,"NRI_P069",50
"37965",-7701.83066404279,"NRI_P069",100
"37966",-5124.0321640428,"NRI_P069",25
"37967",-9096.4579340428,"NRI_P069",50
"37968",-10150.0211240428,"NRI_P069",100
"37969",-5248.8683040428,"NRI_P069",25
"37970",-2380.1569040428,"NRI_P069",50
"37971",-8433.8429740428,"NRI_P069",100
"37972",-1381.8566040428,"NRI_P069",25
"37973",-5477.7850840428,"NRI_P069",50
"37974",-8724.3886840428,"NRI_P069",100
"37975",-4240.0285140428,"NRI_P069",25
"37976",-8749.0921540428,"NRI_P069",50
"37977",-11096.7028840428,"NRI_P069",100
"37978",-873.506934042802,"NRI_P069",25
"37979",-13478.6050740428,"NRI_P069",50
"37980",-2514.47552404279,"NRI_P069",100
"37981",-5269.41160404279,"NRI_P069",25
"37982",-8644.44104404279,"NRI_P069",50
"37983",-5859.35078404279,"NRI_P069",100
"37984",2953.3506659572,"NRI_P069",25
"37985",-2331.9420640428,"NRI_P069",50
"37986",-4083.19153404279,"NRI_P069",100
"37987",-7151.6416440428,"NRI_P069",25
"37988",637.049935957199,"NRI_P069",50
"37989",-6274.7818540428,"NRI_P069",100
"37990",408.724375957201,"NRI_P069",25
"37991",-5948.9729140428,"NRI_P069",50
"37992",-5707.03028404279,"NRI_P069",100
"37993",-6519.39905404279,"NRI_P069",25
"37994",4486.2385959572,"NRI_P069",50
"37995",-1176.8677740428,"NRI_P069",100
"37996",12733.2087859572,"NRI_P069",25
"37997",-4637.61149404279,"NRI_P069",50
"37998",793.365925957201,"NRI_P069",100
"37999",-1637.31123404279,"NRI_P069",25
"38000",-9231.3463840428,"NRI_P069",50
"38001",-3729.2030340428,"NRI_P069",100
"38002",2958.4579559572,"NRI_P069",25
"38003",-3812.3658940428,"NRI_P069",50
"38004",-6798.4632140428,"NRI_P069",100
"38005",-8997.5223940428,"NRI_P069",25
"38006",-3395.83156404279,"NRI_P069",50
"38007",-4051.1833840428,"NRI_P069",100
"38008",-8081.24882404279,"NRI_P069",25
"38009",-9629.67038404279,"NRI_P069",50
"38010",-12941.6352540428,"NRI_P069",100
"38011",4749.0353359572,"NRI_P069",25
"38012",-10279.5443440428,"NRI_P069",50
"38013",-6070.4968340428,"NRI_P069",100
"38014",-890.805954042793,"NRI_P069",25
"38015",-32.3710440427967,"NRI_P069",50
"38016",-2852.3609040428,"NRI_P069",100
"38017",-4720.2344140428,"NRI_P069",25
"38018",-7089.3691940428,"NRI_P069",50
"38019",-10135.6907340428,"NRI_P069",100
"38020",-1015.26490404279,"NRI_P069",25
"38021",-3368.0167340428,"NRI_P069",50
"38022",1114.14465595721,"NRI_P069",100
"38023",2098.7981359572,"NRI_P069",25
"38024",-1897.9760240428,"NRI_P069",50
"38025",-7931.04783404279,"NRI_P069",100
"38026",658.42982595721,"NRI_P069",25
"38027",-6850.88659404279,"NRI_P069",50
"38028",-6601.5416540428,"NRI_P069",100
"38029",-2866.9904140428,"NRI_P069",25
"38030",-430.290884042799,"NRI_P069",50
"38031",-7128.1683440428,"NRI_P069",100
"38032",8.85342595720431,"NRI_P069",25
"38033",1551.48333595721,"NRI_P069",50
"38034",-9703.02277404279,"NRI_P069",100
"38035",2652.1085359572,"NRI_P069",25
"38036",-5141.86054404279,"NRI_P069",50
"38037",-6306.1087640428,"NRI_P069",100
"38038",-2396.80723404279,"NRI_P069",25
"38039",15.7886159572081,"NRI_P069",50
"38040",-8083.1572340428,"NRI_P069",100
"38041",-823.7693940428,"NRI_P069",25
"38042",-5645.0042540428,"NRI_P069",50
"38043",2304.53461595721,"NRI_P069",100
"38044",-4591.3705440428,"NRI_P069",25
"38045",-2468.45666404279,"NRI_P069",50
"38046",-7920.1506240428,"NRI_P069",100
"38047",-242.738064042802,"NRI_P069",25
"38048",6391.1321659572,"NRI_P069",50
"38049",-1393.50609404279,"NRI_P069",100
"38050",1321.5526959572,"NRI_P069",25
"38051",-4755.1000240428,"NRI_P069",50
"38052",-6450.8661640428,"NRI_P069",100
"38053",5105.5461659572,"NRI_P069",25
"38054",-8256.3737540428,"NRI_P069",50
"38055",-5384.2579940428,"NRI_P069",100
"38056",-11326.2499540428,"NRI_P069",25
"38057",-3496.5421740428,"NRI_P069",50
"38058",-9925.01098404279,"NRI_P069",100
"38059",-885.721974042797,"NRI_P069",25
"38060",162.32064595721,"NRI_P069",50
"38061",-6993.19818404279,"NRI_P069",100
"38062",2917.2573559572,"NRI_P069",25
"38063",-4265.9142040428,"NRI_P069",50
"38064",-7411.50372404279,"NRI_P069",100
"38065",-1664.8546740428,"NRI_P069",25
"38066",-1603.56905404279,"NRI_P069",50
"38067",-5608.1499440428,"NRI_P069",100
"38068",-3608.6558140428,"NRI_P069",25
"38069",3036.39319595721,"NRI_P069",50
"38070",-11179.2721740428,"NRI_P069",100
"38071",1450.6534059572,"NRI_P069",25
"38072",-443.375914042801,"NRI_P069",50
"38073",-8318.64901404279,"NRI_P069",100
"38074",2236.1596859572,"NRI_P069",25
"38075",-2765.9760640428,"NRI_P069",50
"38076",347.804445957197,"NRI_P069",100
"38077",-3006.7051740428,"NRI_P069",25
"38078",-9799.2636640428,"NRI_P069",50
"38079",-435.651734042796,"NRI_P069",100
"38080",-7505.71864404279,"NRI_P069",25
"38081",-6056.8388940428,"NRI_P069",50
"38082",-9460.01529404279,"NRI_P069",100
"38083",268.716705957209,"NRI_P069",25
"38084",-7330.4939840428,"NRI_P069",50
"38085",2693.99270595721,"NRI_P069",100
"38086",754.507905957202,"NRI_P069",25
"38087",377.365525957197,"NRI_P069",50
"38088",-10876.6421240428,"NRI_P069",100
"38089",-1385.50080404279,"NRI_P069",25
"38090",-1636.2468140428,"NRI_P069",50
"38091",2920.9597659572,"NRI_P069",100
"38092",4065.60589595721,"NRI_P069",25
"38093",-5228.49727404279,"NRI_P069",50
"38094",-2167.3008640428,"NRI_P069",100
"38095",-1916.8417240428,"NRI_P069",25
"38096",-8576.2041440428,"NRI_P069",50
"38097",-4010.46663404279,"NRI_P069",100
"38098",-1256.33097404279,"NRI_P069",25
"38099",-670.727804042792,"NRI_P069",50
"38100",-5320.9360840428,"NRI_P069",100
"38101",-12209.712671593,"NRI_P070",25
"38102",1160.98701840697,"NRI_P070",50
"38103",-3970.18618159302,"NRI_P070",100
"38104",-1886.36399159301,"NRI_P070",25
"38105",2101.475268407,"NRI_P070",50
"38106",5421.78540840698,"NRI_P070",100
"38107",14520.799238407,"NRI_P070",25
"38108",-5883.09250159303,"NRI_P070",50
"38109",23201.333208407,"NRI_P070",100
"38110",-8410.19896159301,"NRI_P070",25
"38111",1107.97310840699,"NRI_P070",50
"38112",7521.55940840699,"NRI_P070",100
"38113",-1343.99617159303,"NRI_P070",25
"38114",39979.167688407,"NRI_P070",50
"38115",-10965.195991593,"NRI_P070",100
"38116",14534.983248407,"NRI_P070",25
"38117",-588.653161593014,"NRI_P070",50
"38118",-2418.991791593,"NRI_P070",100
"38119",79.3341584070004,"NRI_P070",25
"38120",-6626.21211159302,"NRI_P070",50
"38121",-5594.72486159301,"NRI_P070",100
"38122",-9119.285681593,"NRI_P070",25
"38123",-11082.470481593,"NRI_P070",50
"38124",-5466.664221593,"NRI_P070",100
"38125",108.156168406975,"NRI_P070",25
"38126",-3961.405961593,"NRI_P070",50
"38127",4018.27417840698,"NRI_P070",100
"38128",8342.42220840699,"NRI_P070",25
"38129",9338.626278407,"NRI_P070",50
"38130",-476.701941592997,"NRI_P070",100
"38131",-9053.098961593,"NRI_P070",25
"38132",8888.20302840698,"NRI_P070",50
"38133",-23357.471701593,"NRI_P070",100
"38134",26486.556958407,"NRI_P070",25
"38135",-5279.52362159302,"NRI_P070",50
"38136",8977.852588407,"NRI_P070",100
"38137",358.709388406976,"NRI_P070",25
"38138",-3485.31886159303,"NRI_P070",50
"38139",-11325.332361593,"NRI_P070",100
"38140",8216.90843840697,"NRI_P070",25
"38141",-4608.19870159301,"NRI_P070",50
"38142",-13509.329641593,"NRI_P070",100
"38143",3743.82497840698,"NRI_P070",25
"38144",-13453.075591593,"NRI_P070",50
"38145",-3743.21185159302,"NRI_P070",100
"38146",1148.18642840697,"NRI_P070",25
"38147",11694.105788407,"NRI_P070",50
"38148",-1618.28173159302,"NRI_P070",100
"38149",-880.277771593013,"NRI_P070",25
"38150",-21147.810161593,"NRI_P070",50
"38151",-16811.765101593,"NRI_P070",100
"38152",11231.097768407,"NRI_P070",25
"38153",6194.109418407,"NRI_P070",50
"38154",-14707.616411593,"NRI_P070",100
"38155",6289.55510840699,"NRI_P070",25
"38156",1673.89862840698,"NRI_P070",50
"38157",-5732.161461593,"NRI_P070",100
"38158",-556.773881593021,"NRI_P070",25
"38159",-871.682431593013,"NRI_P070",50
"38160",-13967.335351593,"NRI_P070",100
"38161",2704.62709840699,"NRI_P070",25
"38162",-17057.314741593,"NRI_P070",50
"38163",-3130.84991159302,"NRI_P070",100
"38164",-6112.46410159301,"NRI_P070",25
"38165",-23007.399321593,"NRI_P070",50
"38166",22590.762678407,"NRI_P070",100
"38167",-15505.236611593,"NRI_P070",25
"38168",13261.597048407,"NRI_P070",50
"38169",-4898.668391593,"NRI_P070",100
"38170",11436.293058407,"NRI_P070",25
"38171",-4673.090101593,"NRI_P070",50
"38172",-11932.453501593,"NRI_P070",100
"38173",1802.425618407,"NRI_P070",25
"38174",-15512.489721593,"NRI_P070",50
"38175",24613.683698407,"NRI_P070",100
"38176",-5504.35625159301,"NRI_P070",25
"38177",-16616.045721593,"NRI_P070",50
"38178",-21331.649581593,"NRI_P070",100
"38179",-11051.539281593,"NRI_P070",25
"38180",-6525.61748159301,"NRI_P070",50
"38181",40113.668708407,"NRI_P070",100
"38182",-4156.44627159301,"NRI_P070",25
"38183",-11666.786411593,"NRI_P070",50
"38184",-19226.139781593,"NRI_P070",100
"38185",-1184.09426159301,"NRI_P070",25
"38186",9818.07605840699,"NRI_P070",50
"38187",35514.698128407,"NRI_P070",100
"38188",12209.119148407,"NRI_P070",25
"38189",1535.54666840698,"NRI_P070",50
"38190",-16914.157341593,"NRI_P070",100
"38191",-2651.589711593,"NRI_P070",25
"38192",3035.13679840698,"NRI_P070",50
"38193",6465.45139840699,"NRI_P070",100
"38194",58.71399840698,"NRI_P070",25
"38195",1494.307028407,"NRI_P070",50
"38196",-2882.21058159301,"NRI_P070",100
"38197",6105.14950840699,"NRI_P070",25
"38198",-4421.98812159302,"NRI_P070",50
"38199",972.376098406996,"NRI_P070",100
"38200",-9765.43143159302,"NRI_P070",25
"38201",5454.55944840697,"NRI_P070",50
"38202",-4072.34304159301,"NRI_P070",100
"38203",11415.366538407,"NRI_P070",25
"38204",-2401.38599159301,"NRI_P070",50
"38205",3011.14903840699,"NRI_P070",100
"38206",-6373.72788159302,"NRI_P070",25
"38207",236.504118407,"NRI_P070",50
"38208",-12469.999251593,"NRI_P070",100
"38209",666.818888406997,"NRI_P070",25
"38210",-15641.757991593,"NRI_P070",50
"38211",16135.839028407,"NRI_P070",100
"38212",-12577.710731593,"NRI_P070",25
"38213",-13530.984521593,"NRI_P070",50
"38214",3470.512278407,"NRI_P070",100
"38215",2281.190318407,"NRI_P070",25
"38216",19524.106028407,"NRI_P070",50
"38217",-2224.62936159302,"NRI_P070",100
"38218",-1313.48940159302,"NRI_P070",25
"38219",2946.08344840698,"NRI_P070",50
"38220",2221.88812840698,"NRI_P070",100
"38221",-15234.526211593,"NRI_P070",25
"38222",-16599.303571593,"NRI_P070",50
"38223",-8309.759691593,"NRI_P070",100
"38224",968.214428406995,"NRI_P070",25
"38225",1416.770018407,"NRI_P070",50
"38226",21398.853338407,"NRI_P070",100
"38227",-8689.02712159301,"NRI_P070",25
"38228",-2842.56986159302,"NRI_P070",50
"38229",350.56913840698,"NRI_P070",100
"38230",-2910.89434159303,"NRI_P070",25
"38231",-4283.03361159301,"NRI_P070",50
"38232",21082.980618407,"NRI_P070",100
"38233",11261.790428407,"NRI_P070",25
"38234",26738.430998407,"NRI_P070",50
"38235",-8368.80626159301,"NRI_P070",100
"38236",9070.54891840697,"NRI_P070",25
"38237",-11403.672981593,"NRI_P070",50
"38238",11895.272228407,"NRI_P070",100
"38239",8907.83712840697,"NRI_P070",25
"38240",-14585.594021593,"NRI_P070",50
"38241",-17949.243421593,"NRI_P070",100
"38242",-6870.22605159302,"NRI_P070",25
"38243",-20699.969951593,"NRI_P070",50
"38244",-10293.523261593,"NRI_P070",100
"38245",-7653.97068159303,"NRI_P070",25
"38246",28582.347388407,"NRI_P070",50
"38247",-12294.735611593,"NRI_P070",100
"38248",-2812.84843159301,"NRI_P070",25
"38249",-5827.48504159303,"NRI_P070",50
"38250",-8549.23901159302,"NRI_P070",100
"38251",-12487.890361593,"NRI_P070",25
"38252",-3291.326651593,"NRI_P070",50
"38253",5894.11820840699,"NRI_P070",100
"38254",-3986.34691159302,"NRI_P070",25
"38255",1515.25066840698,"NRI_P070",50
"38256",-2561.62173159301,"NRI_P070",100
"38257",-13348.786401593,"NRI_P070",25
"38258",-1752.33879159301,"NRI_P070",50
"38259",-13866.794511593,"NRI_P070",100
"38260",-1215.571491593,"NRI_P070",25
"38261",3137.671808407,"NRI_P070",50
"38262",2510.355168407,"NRI_P070",100
"38263",-1146.99060159302,"NRI_P070",25
"38264",-12335.744331593,"NRI_P070",50
"38265",34232.414558407,"NRI_P070",100
"38266",-4416.61871159301,"NRI_P070",25
"38267",2679.87530840698,"NRI_P070",50
"38268",-13219.093731593,"NRI_P070",100
"38269",-4331.169021593,"NRI_P070",25
"38270",49.7965484069719,"NRI_P070",50
"38271",12073.683258407,"NRI_P070",100
"38272",-3530.85209159303,"NRI_P070",25
"38273",8012.82141840699,"NRI_P070",50
"38274",3383.503128407,"NRI_P070",100
"38275",11796.409078407,"NRI_P070",25
"38276",5290.36696840698,"NRI_P070",50
"38277",-7411.85716159301,"NRI_P070",100
"38278",1699.26773840698,"NRI_P070",25
"38279",-10686.403641593,"NRI_P070",50
"38280",6659.368458407,"NRI_P070",100
"38281",12682.874168407,"NRI_P070",25
"38282",5728.67181840699,"NRI_P070",50
"38283",-1899.20662159301,"NRI_P070",100
"38284",8998.53758840699,"NRI_P070",25
"38285",-2178.48951159301,"NRI_P070",50
"38286",-5562.78446159302,"NRI_P070",100
"38287",-11776.394061593,"NRI_P070",25
"38288",-12121.605591593,"NRI_P070",50
"38289",-1144.81559159301,"NRI_P070",100
"38290",5808.00381840699,"NRI_P070",25
"38291",13329.703478407,"NRI_P070",50
"38292",1824.81782840699,"NRI_P070",100
"38293",6441.11306840699,"NRI_P070",25
"38294",-4199.730971593,"NRI_P070",50
"38295",-11889.382611593,"NRI_P070",100
"38296",10075.006468407,"NRI_P070",25
"38297",-16926.140541593,"NRI_P070",50
"38298",30189.292108407,"NRI_P070",100
"38299",-7946.49862159303,"NRI_P070",25
"38300",131.725338406977,"NRI_P070",50
"38301",29607.147378407,"NRI_P070",100
"38302",857.454008406989,"NRI_P070",25
"38303",7331.96938840699,"NRI_P070",50
"38304",4000.20358840699,"NRI_P070",100
"38305",16713.080038407,"NRI_P070",25
"38306",-13005.668101593,"NRI_P070",50
"38307",11405.983738407,"NRI_P070",100
"38308",-3173.24935159303,"NRI_P070",25
"38309",1455.33151840698,"NRI_P070",50
"38310",31424.089498407,"NRI_P070",100
"38311",-6884.53965159302,"NRI_P070",25
"38312",-313.987791593012,"NRI_P070",50
"38313",8316.533258407,"NRI_P070",100
"38314",530.635878406989,"NRI_P070",25
"38315",-10603.207981593,"NRI_P070",50
"38316",-1657.51054159302,"NRI_P070",100
"38317",1429.71368840698,"NRI_P070",25
"38318",-13479.472121593,"NRI_P070",50
"38319",-18091.228071593,"NRI_P070",100
"38320",-8622.030831593,"NRI_P070",25
"38321",7619.61007840699,"NRI_P070",50
"38322",10276.763568407,"NRI_P070",100
"38323",-18034.921621593,"NRI_P070",25
"38324",1686.12054840699,"NRI_P070",50
"38325",-16472.266131593,"NRI_P070",100
"38326",16236.549208407,"NRI_P070",25
"38327",-12211.273651593,"NRI_P070",50
"38328",-11303.271631593,"NRI_P070",100
"38329",-1722.46660159301,"NRI_P070",25
"38330",-6155.92912159301,"NRI_P070",50
"38331",-2617.27814159301,"NRI_P070",100
"38332",-9843.08988159301,"NRI_P070",25
"38333",-20283.399241593,"NRI_P070",50
"38334",-27089.854671593,"NRI_P070",100
"38335",9405.11729840699,"NRI_P070",25
"38336",-4694.71654159302,"NRI_P070",50
"38337",-6409.97472159303,"NRI_P070",100
"38338",-7812.53854159301,"NRI_P070",25
"38339",10367.497658407,"NRI_P070",50
"38340",-10273.178721593,"NRI_P070",100
"38341",-6693.847321593,"NRI_P070",25
"38342",13825.102848407,"NRI_P070",50
"38343",49818.513788407,"NRI_P070",100
"38344",-6942.73345159303,"NRI_P070",25
"38345",5069.34672840699,"NRI_P070",50
"38346",4363.76476840698,"NRI_P070",100
"38347",5094.355378407,"NRI_P070",25
"38348",-3956.89978159301,"NRI_P070",50
"38349",1697.41058840699,"NRI_P070",100
"38350",-10613.129921593,"NRI_P070",25
"38351",16717.858148407,"NRI_P070",50
"38352",-20867.589821593,"NRI_P070",100
"38353",-4443.66624159302,"NRI_P070",25
"38354",865.944748406997,"NRI_P070",50
"38355",-5192.22730159303,"NRI_P070",100
"38356",-2902.80642159301,"NRI_P070",25
"38357",8196.69215840698,"NRI_P070",50
"38358",30276.198308407,"NRI_P070",100
"38359",-3115.17266159301,"NRI_P070",25
"38360",-6974.03337159302,"NRI_P070",50
"38361",-5511.98007159302,"NRI_P070",100
"38362",-424.453211593005,"NRI_P070",25
"38363",8386.41412840699,"NRI_P070",50
"38364",-13124.562261593,"NRI_P070",100
"38365",-8409.95704159301,"NRI_P070",25
"38366",-6932.288961593,"NRI_P070",50
"38367",-24405.031781593,"NRI_P070",100
"38368",-7257.92099159301,"NRI_P070",25
"38369",12956.361558407,"NRI_P070",50
"38370",-6669.36548159301,"NRI_P070",100
"38371",14841.981508407,"NRI_P070",25
"38372",23962.756438407,"NRI_P070",50
"38373",-13298.462951593,"NRI_P070",100
"38374",3093.43615840698,"NRI_P070",25
"38375",-6598.24517159301,"NRI_P070",50
"38376",-8929.71011159301,"NRI_P070",100
"38377",-2567.334781593,"NRI_P070",25
"38378",2393.22282840699,"NRI_P070",50
"38379",3586.21724840699,"NRI_P070",100
"38380",-6878.01834159301,"NRI_P070",25
"38381",265.79728840699,"NRI_P070",50
"38382",22636.323038407,"NRI_P070",100
"38383",-4147.70988159301,"NRI_P070",25
"38384",19302.828868407,"NRI_P070",50
"38385",-4040.90730159302,"NRI_P070",100
"38386",-1963.28953159301,"NRI_P070",25
"38387",-7772.501121593,"NRI_P070",50
"38388",-13920.820151593,"NRI_P070",100
"38389",-752.043071593012,"NRI_P070",25
"38390",-5071.11422159302,"NRI_P070",50
"38391",13758.903658407,"NRI_P070",100
"38392",2117.79526840698,"NRI_P070",25
"38393",8996.81255840699,"NRI_P070",50
"38394",-2367.98734159302,"NRI_P070",100
"38395",-6022.05741159301,"NRI_P070",25
"38396",2002.12519840698,"NRI_P070",50
"38397",-20739.209511593,"NRI_P070",100
"38398",-2619.248251593,"NRI_P070",25
"38399",-8870.29724159301,"NRI_P070",50
"38400",18267.752658407,"NRI_P070",100
"38401",2355.58524226199,"NRI_P071",25
"38402",13023.861992262,"NRI_P071",50
"38403",35777.764602262,"NRI_P071",100
"38404",27654.802652262,"NRI_P071",25
"38405",22465.887512262,"NRI_P071",50
"38406",1862.170102262,"NRI_P071",100
"38407",3511.52672226197,"NRI_P071",25
"38408",1703.06767226197,"NRI_P071",50
"38409",69691.280352262,"NRI_P071",100
"38410",13367.302102262,"NRI_P071",25
"38411",13629.338652262,"NRI_P071",50
"38412",27547.959382262,"NRI_P071",100
"38413",3005.01407226198,"NRI_P071",25
"38414",18250.701612262,"NRI_P071",50
"38415",27435.617692262,"NRI_P071",100
"38416",2198.86278226197,"NRI_P071",25
"38417",22636.628172262,"NRI_P071",50
"38418",20432.204432262,"NRI_P071",100
"38419",12178.229202262,"NRI_P071",25
"38420",-8516.30163773801,"NRI_P071",50
"38421",30226.696772262,"NRI_P071",100
"38422",19656.980902262,"NRI_P071",25
"38423",14237.931292262,"NRI_P071",50
"38424",27303.064332262,"NRI_P071",100
"38425",8222.93066226196,"NRI_P071",25
"38426",1755.69383226195,"NRI_P071",50
"38427",31012.986382262,"NRI_P071",100
"38428",11792.820812262,"NRI_P071",25
"38429",1971.27150226198,"NRI_P071",50
"38430",28242.794392262,"NRI_P071",100
"38431",9410.13573226199,"NRI_P071",25
"38432",31770.389752262,"NRI_P071",50
"38433",17822.683152262,"NRI_P071",100
"38434",3801.73422226199,"NRI_P071",25
"38435",14890.273482262,"NRI_P071",50
"38436",10089.646512262,"NRI_P071",100
"38437",2827.82350226201,"NRI_P071",25
"38438",10909.070702262,"NRI_P071",50
"38439",9944.34213226195,"NRI_P071",100
"38440",16182.861342262,"NRI_P071",25
"38441",22105.447642262,"NRI_P071",50
"38442",31915.688832262,"NRI_P071",100
"38443",3381.02642226196,"NRI_P071",25
"38444",15596.218012262,"NRI_P071",50
"38445",54187.512382262,"NRI_P071",100
"38446",11361.310112262,"NRI_P071",25
"38447",31637.936932262,"NRI_P071",50
"38448",18812.934132262,"NRI_P071",100
"38449",3701.42519226199,"NRI_P071",25
"38450",10019.941842262,"NRI_P071",50
"38451",12218.246882262,"NRI_P071",100
"38452",-4724.79610773805,"NRI_P071",25
"38453",10023.186132262,"NRI_P071",50
"38454",24932.319922262,"NRI_P071",100
"38455",11720.382542262,"NRI_P071",25
"38456",5662.44737226196,"NRI_P071",50
"38457",16464.528852262,"NRI_P071",100
"38458",8725.193502262,"NRI_P071",25
"38459",4203.62251226197,"NRI_P071",50
"38460",32604.902362262,"NRI_P071",100
"38461",1111.72995226196,"NRI_P071",25
"38462",46538.660102262,"NRI_P071",50
"38463",23676.813912262,"NRI_P071",100
"38464",-5205.34247773804,"NRI_P071",25
"38465",-4307.587617738,"NRI_P071",50
"38466",47745.103012262,"NRI_P071",100
"38467",19065.563492262,"NRI_P071",25
"38468",3293.93080226198,"NRI_P071",50
"38469",38496.516422262,"NRI_P071",100
"38470",2029.15199226199,"NRI_P071",25
"38471",16829.367002262,"NRI_P071",50
"38472",67005.744532262,"NRI_P071",100
"38473",6263.35587226198,"NRI_P071",25
"38474",-3513.12646773801,"NRI_P071",50
"38475",20422.239652262,"NRI_P071",100
"38476",16118.296142262,"NRI_P071",25
"38477",40352.076392262,"NRI_P071",50
"38478",9597.85019226198,"NRI_P071",100
"38479",-6903.859977738,"NRI_P071",25
"38480",25531.939352262,"NRI_P071",50
"38481",50133.724192262,"NRI_P071",100
"38482",6988.26101226197,"NRI_P071",25
"38483",11601.689822262,"NRI_P071",50
"38484",47973.082142262,"NRI_P071",100
"38485",5658.15210226196,"NRI_P071",25
"38486",-8220.35405773803,"NRI_P071",50
"38487",23847.579112262,"NRI_P071",100
"38488",1961.26479226199,"NRI_P071",25
"38489",43750.310172262,"NRI_P071",50
"38490",42076.485382262,"NRI_P071",100
"38491",24607.447552262,"NRI_P071",25
"38492",23663.419082262,"NRI_P071",50
"38493",49674.688512262,"NRI_P071",100
"38494",10231.104042262,"NRI_P071",25
"38495",35011.510362262,"NRI_P071",50
"38496",31034.089042262,"NRI_P071",100
"38497",6653.68225226196,"NRI_P071",25
"38498",40069.623192262,"NRI_P071",50
"38499",19357.868302262,"NRI_P071",100
"38500",9425.77408226195,"NRI_P071",25
"38501",8544.54516226199,"NRI_P071",50
"38502",31092.959682262,"NRI_P071",100
"38503",2990.68794226198,"NRI_P071",25
"38504",9175.84731226199,"NRI_P071",50
"38505",8648.08283226198,"NRI_P071",100
"38506",19036.571602262,"NRI_P071",25
"38507",29798.492522262,"NRI_P071",50
"38508",51022.104602262,"NRI_P071",100
"38509",4888.28503226198,"NRI_P071",25
"38510",28343.278332262,"NRI_P071",50
"38511",27024.972802262,"NRI_P071",100
"38512",398.954022261954,"NRI_P071",25
"38513",16976.761262262,"NRI_P071",50
"38514",20500.724302262,"NRI_P071",100
"38515",14478.224622262,"NRI_P071",25
"38516",14392.254682262,"NRI_P071",50
"38517",20543.714222262,"NRI_P071",100
"38518",-12833.791407738,"NRI_P071",25
"38519",21015.683232262,"NRI_P071",50
"38520",14520.371442262,"NRI_P071",100
"38521",7716.43679226196,"NRI_P071",25
"38522",-3646.39510773803,"NRI_P071",50
"38523",53978.579702262,"NRI_P071",100
"38524",15857.668752262,"NRI_P071",25
"38525",9176.24906226195,"NRI_P071",50
"38526",9054.04349226196,"NRI_P071",100
"38527",6382.60190226196,"NRI_P071",25
"38528",26304.779972262,"NRI_P071",50
"38529",47832.717102262,"NRI_P071",100
"38530",12736.836062262,"NRI_P071",25
"38531",-1505.03589773801,"NRI_P071",50
"38532",16351.324322262,"NRI_P071",100
"38533",17088.878432262,"NRI_P071",25
"38534",2624.45743226196,"NRI_P071",50
"38535",44037.255642262,"NRI_P071",100
"38536",9863.66003226198,"NRI_P071",25
"38537",12233.368652262,"NRI_P071",50
"38538",43319.655412262,"NRI_P071",100
"38539",17052.610332262,"NRI_P071",25
"38540",15882.112262262,"NRI_P071",50
"38541",48442.825452262,"NRI_P071",100
"38542",20388.243882262,"NRI_P071",25
"38543",9553.698012262,"NRI_P071",50
"38544",54075.759252262,"NRI_P071",100
"38545",-6039.03990773804,"NRI_P071",25
"38546",2224.58783226198,"NRI_P071",50
"38547",65945.355652262,"NRI_P071",100
"38548",16528.956532262,"NRI_P071",25
"38549",-5556.40528773802,"NRI_P071",50
"38550",15943.911272262,"NRI_P071",100
"38551",26264.551542262,"NRI_P071",25
"38552",25792.574102262,"NRI_P071",50
"38553",32259.047242262,"NRI_P071",100
"38554",-5317.75082773803,"NRI_P071",25
"38555",17093.208432262,"NRI_P071",50
"38556",26464.545062262,"NRI_P071",100
"38557",14026.403202262,"NRI_P071",25
"38558",21925.673552262,"NRI_P071",50
"38559",32042.621552262,"NRI_P071",100
"38560",2554.577232262,"NRI_P071",25
"38561",54882.196242262,"NRI_P071",50
"38562",35188.835612262,"NRI_P071",100
"38563",-10409.914397738,"NRI_P071",25
"38564",19941.463642262,"NRI_P071",50
"38565",32734.278632262,"NRI_P071",100
"38566",20199.716432262,"NRI_P071",25
"38567",4965.94173226197,"NRI_P071",50
"38568",18230.759382262,"NRI_P071",100
"38569",9536.13370226196,"NRI_P071",25
"38570",14576.831102262,"NRI_P071",50
"38571",42929.315922262,"NRI_P071",100
"38572",10370.808962262,"NRI_P071",25
"38573",21946.754272262,"NRI_P071",50
"38574",27373.307092262,"NRI_P071",100
"38575",8004.094102262,"NRI_P071",25
"38576",4715.53280226199,"NRI_P071",50
"38577",85690.719552262,"NRI_P071",100
"38578",-6289.46992773801,"NRI_P071",25
"38579",-1692.06965773803,"NRI_P071",50
"38580",28810.755882262,"NRI_P071",100
"38581",-600.077487738046,"NRI_P071",25
"38582",-9868.85053773801,"NRI_P071",50
"38583",29703.261832262,"NRI_P071",100
"38584",9911.560812262,"NRI_P071",25
"38585",23465.886952262,"NRI_P071",50
"38586",32224.410712262,"NRI_P071",100
"38587",2765.86864226195,"NRI_P071",25
"38588",17891.589172262,"NRI_P071",50
"38589",54654.749762262,"NRI_P071",100
"38590",13318.859472262,"NRI_P071",25
"38591",44393.553362262,"NRI_P071",50
"38592",4739.19373226201,"NRI_P071",100
"38593",12423.989652262,"NRI_P071",25
"38594",22699.931222262,"NRI_P071",50
"38595",34802.506802262,"NRI_P071",100
"38596",9460.36913226196,"NRI_P071",25
"38597",25569.117922262,"NRI_P071",50
"38598",31071.878852262,"NRI_P071",100
"38599",14991.518482262,"NRI_P071",25
"38600",653.386662261968,"NRI_P071",50
"38601",30051.098952262,"NRI_P071",100
"38602",4915.387132262,"NRI_P071",25
"38603",12859.404912262,"NRI_P071",50
"38604",38601.717062262,"NRI_P071",100
"38605",7735.03516226198,"NRI_P071",25
"38606",8234.95632226201,"NRI_P071",50
"38607",2550.57552226196,"NRI_P071",100
"38608",7603.86822226195,"NRI_P071",25
"38609",13557.766842262,"NRI_P071",50
"38610",23115.966062262,"NRI_P071",100
"38611",-8129.19985773804,"NRI_P071",25
"38612",37359.629242262,"NRI_P071",50
"38613",13965.017382262,"NRI_P071",100
"38614",6449.37216226198,"NRI_P071",25
"38615",17963.612912262,"NRI_P071",50
"38616",-1843.335897738,"NRI_P071",100
"38617",-75.6256577380118,"NRI_P071",25
"38618",-7138.37934773799,"NRI_P071",50
"38619",38139.865652262,"NRI_P071",100
"38620",10824.276862262,"NRI_P071",25
"38621",-3836.688797738,"NRI_P071",50
"38622",45384.061812262,"NRI_P071",100
"38623",8823.54350226198,"NRI_P071",25
"38624",-500.001917738002,"NRI_P071",50
"38625",26063.242952262,"NRI_P071",100
"38626",3645.92972226196,"NRI_P071",25
"38627",19548.327682262,"NRI_P071",50
"38628",35270.386892262,"NRI_P071",100
"38629",-1854.72427773802,"NRI_P071",25
"38630",14783.602902262,"NRI_P071",50
"38631",30745.133502262,"NRI_P071",100
"38632",19342.116822262,"NRI_P071",25
"38633",11014.721012262,"NRI_P071",50
"38634",35472.283702262,"NRI_P071",100
"38635",3484.06842226197,"NRI_P071",25
"38636",20220.232952262,"NRI_P071",50
"38637",25848.156942262,"NRI_P071",100
"38638",6139.94008226198,"NRI_P071",25
"38639",16863.934822262,"NRI_P071",50
"38640",44368.557842262,"NRI_P071",100
"38641",8025.26157226198,"NRI_P071",25
"38642",-8934.473977738,"NRI_P071",50
"38643",3355.79295226198,"NRI_P071",100
"38644",4203.25465226197,"NRI_P071",25
"38645",30306.199732262,"NRI_P071",50
"38646",41999.092122262,"NRI_P071",100
"38647",18649.411182262,"NRI_P071",25
"38648",29497.804422262,"NRI_P071",50
"38649",27817.088422262,"NRI_P071",100
"38650",31270.835472262,"NRI_P071",25
"38651",-3295.08993773803,"NRI_P071",50
"38652",26994.136902262,"NRI_P071",100
"38653",2228.56379226199,"NRI_P071",25
"38654",1159.821972262,"NRI_P071",50
"38655",40727.014002262,"NRI_P071",100
"38656",13978.874562262,"NRI_P071",25
"38657",-14918.468167738,"NRI_P071",50
"38658",17541.584362262,"NRI_P071",100
"38659",21163.465692262,"NRI_P071",25
"38660",19940.770832262,"NRI_P071",50
"38661",36274.230322262,"NRI_P071",100
"38662",7160.029432262,"NRI_P071",25
"38663",2484.25068226201,"NRI_P071",50
"38664",23970.268032262,"NRI_P071",100
"38665",-723.562877738033,"NRI_P071",25
"38666",10478.351652262,"NRI_P071",50
"38667",31753.388182262,"NRI_P071",100
"38668",-6039.719467738,"NRI_P071",25
"38669",14947.994662262,"NRI_P071",50
"38670",56395.050512262,"NRI_P071",100
"38671",9565.04966226197,"NRI_P071",25
"38672",18828.452662262,"NRI_P071",50
"38673",33310.918262262,"NRI_P071",100
"38674",490.055752262007,"NRI_P071",25
"38675",31732.465672262,"NRI_P071",50
"38676",58485.839332262,"NRI_P071",100
"38677",-8192.786377738,"NRI_P071",25
"38678",13815.124832262,"NRI_P071",50
"38679",37080.937472262,"NRI_P071",100
"38680",14261.191142262,"NRI_P071",25
"38681",-4396.95053773804,"NRI_P071",50
"38682",34014.476122262,"NRI_P071",100
"38683",3741.03220226197,"NRI_P071",25
"38684",7747.09048226196,"NRI_P071",50
"38685",45609.445552262,"NRI_P071",100
"38686",13427.283472262,"NRI_P071",25
"38687",2113.16580226197,"NRI_P071",50
"38688",74920.958142262,"NRI_P071",100
"38689",2643.05225226196,"NRI_P071",25
"38690",14011.747542262,"NRI_P071",50
"38691",52909.735852262,"NRI_P071",100
"38692",25326.754502262,"NRI_P071",25
"38693",2460.82308226195,"NRI_P071",50
"38694",41585.949782262,"NRI_P071",100
"38695",1857.09353226196,"NRI_P071",25
"38696",-486.050437738013,"NRI_P071",50
"38697",33514.942002262,"NRI_P071",100
"38698",19869.277742262,"NRI_P071",25
"38699",6428.88118226198,"NRI_P071",50
"38700",34017.972712262,"NRI_P071",100
"38701",1297.6081737447,"NRI_P072",25
"38702",1954.7097157447,"NRI_P072",50
"38703",-5801.5161762553,"NRI_P072",100
"38704",6220.3586737447,"NRI_P072",25
"38705",-5502.9680702553,"NRI_P072",50
"38706",11315.0676237447,"NRI_P072",100
"38707",10088.8444337447,"NRI_P072",25
"38708",-3438.3035052553,"NRI_P072",50
"38709",-6515.4165362553,"NRI_P072",100
"38710",1958.3165517447,"NRI_P072",25
"38711",4694.5937107447,"NRI_P072",50
"38712",-5617.5074462553,"NRI_P072",100
"38713",-3491.4257982553,"NRI_P072",25
"38714",-2614.0096362553,"NRI_P072",50
"38715",-3381.3544062553,"NRI_P072",100
"38716",-1405.5781912553,"NRI_P072",25
"38717",-392.286113255301,"NRI_P072",50
"38718",-9328.6468862553,"NRI_P072",100
"38719",-1765.6032122553,"NRI_P072",25
"38720",7144.0115967447,"NRI_P072",50
"38721",-4499.3367462553,"NRI_P072",100
"38722",-2164.7598442553,"NRI_P072",25
"38723",-3667.7793272553,"NRI_P072",50
"38724",-5503.9177162553,"NRI_P072",100
"38725",11565.3975397447,"NRI_P072",25
"38726",-6131.2455532553,"NRI_P072",50
"38727",-5466.4958462553,"NRI_P072",100
"38728",5130.1914667447,"NRI_P072",25
"38729",6010.9892357447,"NRI_P072",50
"38730",-5909.2220362553,"NRI_P072",100
"38731",2197.6665397447,"NRI_P072",25
"38732",13009.9557097447,"NRI_P072",50
"38733",-6611.3025962553,"NRI_P072",100
"38734",9488.8133717447,"NRI_P072",25
"38735",-3335.1428922553,"NRI_P072",50
"38736",-7170.7018762553,"NRI_P072",100
"38737",4353.2609877447,"NRI_P072",25
"38738",-6240.6934212553,"NRI_P072",50
"38739",-9628.7405162553,"NRI_P072",100
"38740",-3398.3194792553,"NRI_P072",25
"38741",-2021.5521722553,"NRI_P072",50
"38742",-442.328746255298,"NRI_P072",100
"38743",-6824.8529332553,"NRI_P072",25
"38744",7161.5368527447,"NRI_P072",50
"38745",5694.3966037447,"NRI_P072",100
"38746",-2717.6877722553,"NRI_P072",25
"38747",-3399.7139132553,"NRI_P072",50
"38748",328.841493744701,"NRI_P072",100
"38749",4676.2529377447,"NRI_P072",25
"38750",8917.2686327447,"NRI_P072",50
"38751",369.162043744702,"NRI_P072",100
"38752",-3949.3329862553,"NRI_P072",25
"38753",2659.4325587447,"NRI_P072",50
"38754",15690.7382937447,"NRI_P072",100
"38755",5330.7115567447,"NRI_P072",25
"38756",-837.8297302553,"NRI_P072",50
"38757",14523.5336137447,"NRI_P072",100
"38758",-49.8041182552988,"NRI_P072",25
"38759",-7392.7247292553,"NRI_P072",50
"38760",-280.072646255299,"NRI_P072",100
"38761",-5978.8381482553,"NRI_P072",25
"38762",2279.9465727447,"NRI_P072",50
"38763",-402.392076255299,"NRI_P072",100
"38764",-2361.6041402553,"NRI_P072",25
"38765",5686.5401047447,"NRI_P072",50
"38766",555.746183744701,"NRI_P072",100
"38767",-524.776200255299,"NRI_P072",25
"38768",4699.9779687447,"NRI_P072",50
"38769",513.410923744701,"NRI_P072",100
"38770",-1673.7090222553,"NRI_P072",25
"38771",-2777.5401712553,"NRI_P072",50
"38772",-12.7616362552981,"NRI_P072",100
"38773",-274.9849702553,"NRI_P072",25
"38774",-4581.7019582553,"NRI_P072",50
"38775",-6059.4138162553,"NRI_P072",100
"38776",-593.255808255297,"NRI_P072",25
"38777",-2461.9957892553,"NRI_P072",50
"38778",-5813.4140862553,"NRI_P072",100
"38779",-3734.7278052553,"NRI_P072",25
"38780",4840.5626817447,"NRI_P072",50
"38781",-5976.4842362553,"NRI_P072",100
"38782",-848.675223255297,"NRI_P072",25
"38783",-6383.3849002553,"NRI_P072",50
"38784",-4086.4600262553,"NRI_P072",100
"38785",-3975.8832632553,"NRI_P072",25
"38786",13007.2270267447,"NRI_P072",50
"38787",-5253.8132962553,"NRI_P072",100
"38788",-2171.1258182553,"NRI_P072",25
"38789",556.569629744703,"NRI_P072",50
"38790",6661.5704237447,"NRI_P072",100
"38791",-3324.6950162553,"NRI_P072",25
"38792",-2994.5228122553,"NRI_P072",50
"38793",1431.6673337447,"NRI_P072",100
"38794",-1192.5218632553,"NRI_P072",25
"38795",-2470.2054932553,"NRI_P072",50
"38796",-9754.9256662553,"NRI_P072",100
"38797",-3407.2089412553,"NRI_P072",25
"38798",-1184.4553602553,"NRI_P072",50
"38799",7223.9810637447,"NRI_P072",100
"38800",-60.9007052552988,"NRI_P072",25
"38801",7412.1545227447,"NRI_P072",50
"38802",15193.2007337447,"NRI_P072",100
"38803",-3387.8167902553,"NRI_P072",25
"38804",-3721.2341992553,"NRI_P072",50
"38805",128.182323744702,"NRI_P072",100
"38806",-3668.1095212553,"NRI_P072",25
"38807",-249.296112255299,"NRI_P072",50
"38808",-10474.1606462553,"NRI_P072",100
"38809",-3594.7140622553,"NRI_P072",25
"38810",2799.8467277447,"NRI_P072",50
"38811",-1266.1411362553,"NRI_P072",100
"38812",3435.96705274471,"NRI_P072",25
"38813",990.5170617447,"NRI_P072",50
"38814",-11995.7658662553,"NRI_P072",100
"38815",1980.2258367447,"NRI_P072",25
"38816",2624.8862827447,"NRI_P072",50
"38817",-492.408946255298,"NRI_P072",100
"38818",-1640.3784852553,"NRI_P072",25
"38819",-3306.9913942553,"NRI_P072",50
"38820",6085.4117837447,"NRI_P072",100
"38821",11809.2990827447,"NRI_P072",25
"38822",3442.0967817447,"NRI_P072",50
"38823",-11712.4140262553,"NRI_P072",100
"38824",-1143.3979762553,"NRI_P072",25
"38825",-4570.4765172553,"NRI_P072",50
"38826",-952.227836255301,"NRI_P072",100
"38827",5161.4882867447,"NRI_P072",25
"38828",-4477.0788192553,"NRI_P072",50
"38829",-6422.2059762553,"NRI_P072",100
"38830",-1366.5325462553,"NRI_P072",25
"38831",1043.1598877447,"NRI_P072",50
"38832",-1192.9440062553,"NRI_P072",100
"38833",2171.0694407447,"NRI_P072",25
"38834",-2768.5287192553,"NRI_P072",50
"38835",4039.8419237447,"NRI_P072",100
"38836",-2115.3711132553,"NRI_P072",25
"38837",-1162.0304482553,"NRI_P072",50
"38838",9142.6372437447,"NRI_P072",100
"38839",3202.3760677447,"NRI_P072",25
"38840",-672.825418255299,"NRI_P072",50
"38841",-4.6320662552971,"NRI_P072",100
"38842",-3194.8615972553,"NRI_P072",25
"38843",-4704.4726152553,"NRI_P072",50
"38844",673.973083744702,"NRI_P072",100
"38845",-4150.7966282553,"NRI_P072",25
"38846",10380.2052047447,"NRI_P072",50
"38847",-802.5701862553,"NRI_P072",100
"38848",-5534.5694262553,"NRI_P072",25
"38849",-4269.5061492553,"NRI_P072",50
"38850",-6023.2784662553,"NRI_P072",100
"38851",-6066.2991232553,"NRI_P072",25
"38852",1161.2282967447,"NRI_P072",50
"38853",-5735.5678162553,"NRI_P072",100
"38854",7574.2499837447,"NRI_P072",25
"38855",-3611.3363612553,"NRI_P072",50
"38856",-1475.7110762553,"NRI_P072",100
"38857",-3616.0095032553,"NRI_P072",25
"38858",1633.6156147447,"NRI_P072",50
"38859",11093.5996337447,"NRI_P072",100
"38860",-2121.0674062553,"NRI_P072",25
"38861",-2925.8677152553,"NRI_P072",50
"38862",5469.8870337447,"NRI_P072",100
"38863",2380.2782837447,"NRI_P072",25
"38864",-4341.9623732553,"NRI_P072",50
"38865",10741.7973837447,"NRI_P072",100
"38866",2815.7410717447,"NRI_P072",25
"38867",-4859.4455742553,"NRI_P072",50
"38868",3119.4379837447,"NRI_P072",100
"38869",-84.683712255297,"NRI_P072",25
"38870",16371.3760127447,"NRI_P072",50
"38871",-885.555936255299,"NRI_P072",100
"38872",-2544.5869462553,"NRI_P072",25
"38873",-832.061082255299,"NRI_P072",50
"38874",-6142.2231562553,"NRI_P072",100
"38875",-4409.6652432553,"NRI_P072",25
"38876",-99.6662702553003,"NRI_P072",50
"38877",-11397.9862962553,"NRI_P072",100
"38878",2180.3052037447,"NRI_P072",25
"38879",-4977.6070832553,"NRI_P072",50
"38880",-6584.2157762553,"NRI_P072",100
"38881",-1316.1105382553,"NRI_P072",25
"38882",-6116.8752132553,"NRI_P072",50
"38883",-10320.6696162553,"NRI_P072",100
"38884",-6955.4348032553,"NRI_P072",25
"38885",-2755.9543482553,"NRI_P072",50
"38886",-616.139126255297,"NRI_P072",100
"38887",-2954.0016482553,"NRI_P072",25
"38888",-7955.1498702553,"NRI_P072",50
"38889",-11183.5923862553,"NRI_P072",100
"38890",-2505.6950862553,"NRI_P072",25
"38891",-6241.6415122553,"NRI_P072",50
"38892",-3878.3716162553,"NRI_P072",100
"38893",-678.8798832553,"NRI_P072",25
"38894",6927.8407537447,"NRI_P072",50
"38895",4703.5981037447,"NRI_P072",100
"38896",9826.5171277447,"NRI_P072",25
"38897",5092.5785717447,"NRI_P072",50
"38898",10492.6735837447,"NRI_P072",100
"38899",-3254.8365122553,"NRI_P072",25
"38900",328.343838744702,"NRI_P072",50
"38901",-6721.5366562553,"NRI_P072",100
"38902",3758.0770217447,"NRI_P072",25
"38903",-8688.3826452553,"NRI_P072",50
"38904",-4880.5792262553,"NRI_P072",100
"38905",-3732.1382122553,"NRI_P072",25
"38906",-5224.4574672553,"NRI_P072",50
"38907",5720.5344937447,"NRI_P072",100
"38908",-921.871883255299,"NRI_P072",25
"38909",-7.19658525530031,"NRI_P072",50
"38910",5433.3928737447,"NRI_P072",100
"38911",-46.6323662553004,"NRI_P072",25
"38912",379.504056744699,"NRI_P072",50
"38913",-12454.6930962553,"NRI_P072",100
"38914",-2343.6739152553,"NRI_P072",25
"38915",-2956.2217952553,"NRI_P072",50
"38916",-746.735866255298,"NRI_P072",100
"38917",-3011.5179732553,"NRI_P072",25
"38918",-3041.3779632553,"NRI_P072",50
"38919",-5298.8732762553,"NRI_P072",100
"38920",-1800.5690832553,"NRI_P072",25
"38921",-752.815887255299,"NRI_P072",50
"38922",-10076.8180262553,"NRI_P072",100
"38923",-3253.6212252553,"NRI_P072",25
"38924",-4580.4885752553,"NRI_P072",50
"38925",-5245.9996762553,"NRI_P072",100
"38926",3115.2373567447,"NRI_P072",25
"38927",3855.9700607447,"NRI_P072",50
"38928",-6769.3453262553,"NRI_P072",100
"38929",-3675.7404852553,"NRI_P072",25
"38930",3024.7779627447,"NRI_P072",50
"38931",4074.3146737447,"NRI_P072",100
"38932",-3840.9777052553,"NRI_P072",25
"38933",1076.6790947447,"NRI_P072",50
"38934",-10635.6024262553,"NRI_P072",100
"38935",-1779.0800632553,"NRI_P072",25
"38936",1604.6752687447,"NRI_P072",50
"38937",11580.9889637447,"NRI_P072",100
"38938",2019.1018487447,"NRI_P072",25
"38939",-7097.4964232553,"NRI_P072",50
"38940",10308.3799337447,"NRI_P072",100
"38941",1512.3501537447,"NRI_P072",25
"38942",-2518.3352862553,"NRI_P072",50
"38943",-1083.4695362553,"NRI_P072",100
"38944",470.257226744699,"NRI_P072",25
"38945",3203.4084937447,"NRI_P072",50
"38946",-9418.7993562553,"NRI_P072",100
"38947",-7372.6169412553,"NRI_P072",25
"38948",-4731.6886512553,"NRI_P072",50
"38949",-5009.0687962553,"NRI_P072",100
"38950",-1776.2500012553,"NRI_P072",25
"38951",470.656539744701,"NRI_P072",50
"38952",11421.3476637447,"NRI_P072",100
"38953",-3972.8318332553,"NRI_P072",25
"38954",-1871.5065252553,"NRI_P072",50
"38955",4095.4347837447,"NRI_P072",100
"38956",-1946.3507182553,"NRI_P072",25
"38957",224.337122744702,"NRI_P072",50
"38958",6586.1063037447,"NRI_P072",100
"38959",-3323.5937432553,"NRI_P072",25
"38960",-3838.0600402553,"NRI_P072",50
"38961",-4921.6485262553,"NRI_P072",100
"38962",2297.7083067447,"NRI_P072",25
"38963",1470.5428777447,"NRI_P072",50
"38964",20.5103237447001,"NRI_P072",100
"38965",2881.5177427447,"NRI_P072",25
"38966",-7721.5804052553,"NRI_P072",50
"38967",4965.0813237447,"NRI_P072",100
"38968",10224.4379337447,"NRI_P072",25
"38969",-7661.4357852553,"NRI_P072",50
"38970",183.126503744701,"NRI_P072",100
"38971",-3236.7429662553,"NRI_P072",25
"38972",6063.5478097447,"NRI_P072",50
"38973",5093.2654537447,"NRI_P072",100
"38974",4165.8106547447,"NRI_P072",25
"38975",-9282.5456342553,"NRI_P072",50
"38976",7008.0992837447,"NRI_P072",100
"38977",1964.4922617447,"NRI_P072",25
"38978",-776.087127255298,"NRI_P072",50
"38979",3814.9991737447,"NRI_P072",100
"38980",49.9811537447022,"NRI_P072",25
"38981",8932.4102677447,"NRI_P072",50
"38982",16685.6797737447,"NRI_P072",100
"38983",-2493.7641012553,"NRI_P072",25
"38984",4334.7922697447,"NRI_P072",50
"38985",-731.368796255298,"NRI_P072",100
"38986",2586.5221867447,"NRI_P072",25
"38987",-413.8873072553,"NRI_P072",50
"38988",346.668043744699,"NRI_P072",100
"38989",-2140.3503172553,"NRI_P072",25
"38990",2207.8968377447,"NRI_P072",50
"38991",9820.8313537447,"NRI_P072",100
"38992",-4131.0224002553,"NRI_P072",25
"38993",-7771.5265382553,"NRI_P072",50
"38994",-6329.7279762553,"NRI_P072",100
"38995",7428.8911017447,"NRI_P072",25
"38996",5975.4286077447,"NRI_P072",50
"38997",10320.2954737447,"NRI_P072",100
"38998",-352.156752255298,"NRI_P072",25
"38999",-4794.9026272553,"NRI_P072",50
"39000",-11661.0014362553,"NRI_P072",100
"39001",-9725.01949503098,"NRI_P073",25
"39002",-2522.520655031,"NRI_P073",50
"39003",-29845.167865031,"NRI_P073",100
"39004",-10778.371685031,"NRI_P073",25
"39005",6432.08414496901,"NRI_P073",50
"39006",3116.429094969,"NRI_P073",100
"39007",36.0605049690057,"NRI_P073",25
"39008",11604.474054969,"NRI_P073",50
"39009",21992.667514969,"NRI_P073",100
"39010",2707.57301496901,"NRI_P073",25
"39011",2577.774754969,"NRI_P073",50
"39012",-12664.235545031,"NRI_P073",100
"39013",-6993.148075031,"NRI_P073",25
"39014",28982.907824969,"NRI_P073",50
"39015",8885.834254969,"NRI_P073",100
"39016",-8962.01141503098,"NRI_P073",25
"39017",-10266.241995031,"NRI_P073",50
"39018",3622.586234969,"NRI_P073",100
"39019",798.365064968995,"NRI_P073",25
"39020",-5308.71029503099,"NRI_P073",50
"39021",-4556.62608503099,"NRI_P073",100
"39022",6557.73442496901,"NRI_P073",25
"39023",23762.772014969,"NRI_P073",50
"39024",18116.616224969,"NRI_P073",100
"39025",23725.355884969,"NRI_P073",25
"39026",5742.709484969,"NRI_P073",50
"39027",4876.82949496902,"NRI_P073",100
"39028",-3588.85852503098,"NRI_P073",25
"39029",-5928.63909503099,"NRI_P073",50
"39030",3532.66740496902,"NRI_P073",100
"39031",-3316.619615031,"NRI_P073",25
"39032",-9032.317485031,"NRI_P073",50
"39033",11782.078884969,"NRI_P073",100
"39034",-6473.15963503098,"NRI_P073",25
"39035",420.692024969001,"NRI_P073",50
"39036",10539.569304969,"NRI_P073",100
"39037",20029.523234969,"NRI_P073",25
"39038",19957.698794969,"NRI_P073",50
"39039",19519.797134969,"NRI_P073",100
"39040",-6338.53354503098,"NRI_P073",25
"39041",-5376.21619503098,"NRI_P073",50
"39042",-3656.78004503099,"NRI_P073",100
"39043",-2435.49819503099,"NRI_P073",25
"39044",-10394.559635031,"NRI_P073",50
"39045",1140.57073496899,"NRI_P073",100
"39046",2326.041714969,"NRI_P073",25
"39047",-4667.62613503099,"NRI_P073",50
"39048",-9198.628865031,"NRI_P073",100
"39049",-181.341495030996,"NRI_P073",25
"39050",-4845.920285031,"NRI_P073",50
"39051",-14183.052915031,"NRI_P073",100
"39052",-6975.07313503098,"NRI_P073",25
"39053",32069.809544969,"NRI_P073",50
"39054",-1923.359315031,"NRI_P073",100
"39055",-1092.54855503098,"NRI_P073",25
"39056",-5652.50202503099,"NRI_P073",50
"39057",-2722.597775031,"NRI_P073",100
"39058",4294.51261496902,"NRI_P073",25
"39059",-594.858125030994,"NRI_P073",50
"39060",-6289.25216503101,"NRI_P073",100
"39061",-7135.79370503098,"NRI_P073",25
"39062",-9808.38945503099,"NRI_P073",50
"39063",1079.85572496901,"NRI_P073",100
"39064",8885.600304969,"NRI_P073",25
"39065",5199.96116496902,"NRI_P073",50
"39066",1651.96601496902,"NRI_P073",100
"39067",-8778.69258503101,"NRI_P073",25
"39068",-4480.23576503099,"NRI_P073",50
"39069",-5285.93424503101,"NRI_P073",100
"39070",9881.845354969,"NRI_P073",25
"39071",3376.78198496901,"NRI_P073",50
"39072",-23898.648335031,"NRI_P073",100
"39073",-10707.972025031,"NRI_P073",25
"39074",5107.356044969,"NRI_P073",50
"39075",1126.94083496902,"NRI_P073",100
"39076",3377.75070496902,"NRI_P073",25
"39077",16423.735604969,"NRI_P073",50
"39078",-7566.41975503101,"NRI_P073",100
"39079",3291.241784969,"NRI_P073",25
"39080",-11204.512775031,"NRI_P073",50
"39081",-2644.44940503099,"NRI_P073",100
"39082",-7526.96973503099,"NRI_P073",25
"39083",10339.933284969,"NRI_P073",50
"39084",-949.465935030981,"NRI_P073",100
"39085",-2733.082445031,"NRI_P073",25
"39086",2352.750874969,"NRI_P073",50
"39087",18600.214004969,"NRI_P073",100
"39088",4351.47602496902,"NRI_P073",25
"39089",-26899.380635031,"NRI_P073",50
"39090",2893.89314496901,"NRI_P073",100
"39091",-1652.31916503099,"NRI_P073",25
"39092",6496.798054969,"NRI_P073",50
"39093",3892.681494969,"NRI_P073",100
"39094",26502.703224969,"NRI_P073",25
"39095",-832.448105030984,"NRI_P073",50
"39096",2017.682724969,"NRI_P073",100
"39097",5109.76498496902,"NRI_P073",25
"39098",4941.57548496901,"NRI_P073",50
"39099",-782.442425030982,"NRI_P073",100
"39100",-17810.784825031,"NRI_P073",25
"39101",25835.821414969,"NRI_P073",50
"39102",1579.495454969,"NRI_P073",100
"39103",8660.081644969,"NRI_P073",25
"39104",12465.046394969,"NRI_P073",50
"39105",-945.561435031006,"NRI_P073",100
"39106",-6753.56648503098,"NRI_P073",25
"39107",5396.82706496899,"NRI_P073",50
"39108",1399.146624969,"NRI_P073",100
"39109",18490.994444969,"NRI_P073",25
"39110",-6821.02394503099,"NRI_P073",50
"39111",4943.87565496902,"NRI_P073",100
"39112",409.855154969002,"NRI_P073",25
"39113",-5895.400345031,"NRI_P073",50
"39114",289.855754969001,"NRI_P073",100
"39115",-2937.90244503098,"NRI_P073",25
"39116",-9945.58634503098,"NRI_P073",50
"39117",-9273.198925031,"NRI_P073",100
"39118",3295.47368496901,"NRI_P073",25
"39119",6644.86819496899,"NRI_P073",50
"39120",-10325.055105031,"NRI_P073",100
"39121",14473.382894969,"NRI_P073",25
"39122",7295.18615496901,"NRI_P073",50
"39123",4548.78459496901,"NRI_P073",100
"39124",-2457.54458503099,"NRI_P073",25
"39125",7008.01285496901,"NRI_P073",50
"39126",5061.56086496901,"NRI_P073",100
"39127",-14702.629345031,"NRI_P073",25
"39128",4944.80001496902,"NRI_P073",50
"39129",8805.56510496899,"NRI_P073",100
"39130",2692.97042496901,"NRI_P073",25
"39131",20452.132584969,"NRI_P073",50
"39132",34251.713404969,"NRI_P073",100
"39133",2983.84182496901,"NRI_P073",25
"39134",7243.91591496899,"NRI_P073",50
"39135",12647.598154969,"NRI_P073",100
"39136",15465.685864969,"NRI_P073",25
"39137",-7352.36186503098,"NRI_P073",50
"39138",-263.737585030991,"NRI_P073",100
"39139",10903.543714969,"NRI_P073",25
"39140",-17370.443325031,"NRI_P073",50
"39141",-6193.21562503101,"NRI_P073",100
"39142",4814.74580496902,"NRI_P073",25
"39143",-4088.325225031,"NRI_P073",50
"39144",23087.735414969,"NRI_P073",100
"39145",-6646.04071503101,"NRI_P073",25
"39146",-452.364965030982,"NRI_P073",50
"39147",1413.689834969,"NRI_P073",100
"39148",3455.151004969,"NRI_P073",25
"39149",-24971.871695031,"NRI_P073",50
"39150",7413.24778496902,"NRI_P073",100
"39151",-2200.035245031,"NRI_P073",25
"39152",-10.0666050309956,"NRI_P073",50
"39153",16507.768304969,"NRI_P073",100
"39154",-780.201845030999,"NRI_P073",25
"39155",1572.59398496902,"NRI_P073",50
"39156",-7395.82717503101,"NRI_P073",100
"39157",8759.506374969,"NRI_P073",25
"39158",14320.522354969,"NRI_P073",50
"39159",-11392.045735031,"NRI_P073",100
"39160",-2502.60028503099,"NRI_P073",25
"39161",-11431.378515031,"NRI_P073",50
"39162",17936.006304969,"NRI_P073",100
"39163",-4305.42355503098,"NRI_P073",25
"39164",2826.33019496899,"NRI_P073",50
"39165",13578.322294969,"NRI_P073",100
"39166",-14401.552775031,"NRI_P073",25
"39167",6567.400064969,"NRI_P073",50
"39168",14807.356124969,"NRI_P073",100
"39169",-309.917795030982,"NRI_P073",25
"39170",26217.392934969,"NRI_P073",50
"39171",-17124.937535031,"NRI_P073",100
"39172",-8635.95274503098,"NRI_P073",25
"39173",-3970.63459503101,"NRI_P073",50
"39174",-18731.774075031,"NRI_P073",100
"39175",1147.27435496901,"NRI_P073",25
"39176",-780.575055030989,"NRI_P073",50
"39177",-14718.670215031,"NRI_P073",100
"39178",-1588.17704503099,"NRI_P073",25
"39179",6668.57639496902,"NRI_P073",50
"39180",-7254.590035031,"NRI_P073",100
"39181",8307.206284969,"NRI_P073",25
"39182",-18918.527895031,"NRI_P073",50
"39183",-6103.43553503099,"NRI_P073",100
"39184",1584.77517496899,"NRI_P073",25
"39185",5500.43417496901,"NRI_P073",50
"39186",-8702.32446503101,"NRI_P073",100
"39187",-2996.29798503101,"NRI_P073",25
"39188",-9653.07025503099,"NRI_P073",50
"39189",7542.32235496902,"NRI_P073",100
"39190",-2728.89508503099,"NRI_P073",25
"39191",9966.23340496901,"NRI_P073",50
"39192",19699.107824969,"NRI_P073",100
"39193",4933.50266496901,"NRI_P073",25
"39194",11386.640354969,"NRI_P073",50
"39195",1306.77200496901,"NRI_P073",100
"39196",3051.41689496901,"NRI_P073",25
"39197",616.381264969008,"NRI_P073",50
"39198",-9620.47418503099,"NRI_P073",100
"39199",-10336.545235031,"NRI_P073",25
"39200",-5601.677525031,"NRI_P073",50
"39201",-12864.360725031,"NRI_P073",100
"39202",3054.96062496901,"NRI_P073",25
"39203",-13560.013785031,"NRI_P073",50
"39204",3655.06854496902,"NRI_P073",100
"39205",11581.229964969,"NRI_P073",25
"39206",4192.313144969,"NRI_P073",50
"39207",-2938.17955503101,"NRI_P073",100
"39208",-10866.101935031,"NRI_P073",25
"39209",21349.388334969,"NRI_P073",50
"39210",-11331.707715031,"NRI_P073",100
"39211",-111.477465030999,"NRI_P073",25
"39212",3420.085034969,"NRI_P073",50
"39213",13377.136144969,"NRI_P073",100
"39214",6391.419874969,"NRI_P073",25
"39215",-6573.996675031,"NRI_P073",50
"39216",21500.366194969,"NRI_P073",100
"39217",11897.428834969,"NRI_P073",25
"39218",-4264.46264503099,"NRI_P073",50
"39219",-8005.84724503101,"NRI_P073",100
"39220",-3546.93157503099,"NRI_P073",25
"39221",20152.727034969,"NRI_P073",50
"39222",-15250.501265031,"NRI_P073",100
"39223",4383.01284496899,"NRI_P073",25
"39224",9444.179644969,"NRI_P073",50
"39225",-3012.09474503101,"NRI_P073",100
"39226",-7120.98497503099,"NRI_P073",25
"39227",-10683.062125031,"NRI_P073",50
"39228",-11796.593175031,"NRI_P073",100
"39229",-12972.018265031,"NRI_P073",25
"39230",10524.835324969,"NRI_P073",50
"39231",-8218.207135031,"NRI_P073",100
"39232",20862.854534969,"NRI_P073",25
"39233",3789.434914969,"NRI_P073",50
"39234",-3131.103685031,"NRI_P073",100
"39235",-11299.040615031,"NRI_P073",25
"39236",3719.16758496899,"NRI_P073",50
"39237",7248.38014496901,"NRI_P073",100
"39238",15675.181994969,"NRI_P073",25
"39239",-12264.312765031,"NRI_P073",50
"39240",12635.808474969,"NRI_P073",100
"39241",11744.773164969,"NRI_P073",25
"39242",16857.615364969,"NRI_P073",50
"39243",10747.712884969,"NRI_P073",100
"39244",-4248.50726503099,"NRI_P073",25
"39245",2479.764094969,"NRI_P073",50
"39246",12407.336014969,"NRI_P073",100
"39247",-11790.669525031,"NRI_P073",25
"39248",3264.51558496902,"NRI_P073",50
"39249",14294.392634969,"NRI_P073",100
"39250",-9563.37710503099,"NRI_P073",25
"39251",976.416794969002,"NRI_P073",50
"39252",20798.148744969,"NRI_P073",100
"39253",-2094.62552503101,"NRI_P073",25
"39254",6253.65880496902,"NRI_P073",50
"39255",-4042.986695031,"NRI_P073",100
"39256",-7446.10114503099,"NRI_P073",25
"39257",15592.405104969,"NRI_P073",50
"39258",-20836.168255031,"NRI_P073",100
"39259",1553.603724969,"NRI_P073",25
"39260",-6889.393745031,"NRI_P073",50
"39261",4706.80872496901,"NRI_P073",100
"39262",-5316.85320503099,"NRI_P073",25
"39263",11133.784834969,"NRI_P073",50
"39264",-9262.807555031,"NRI_P073",100
"39265",15545.407534969,"NRI_P073",25
"39266",10936.549194969,"NRI_P073",50
"39267",-22419.479205031,"NRI_P073",100
"39268",-5416.21850503099,"NRI_P073",25
"39269",10398.300294969,"NRI_P073",50
"39270",-8211.41388503098,"NRI_P073",100
"39271",4657.30184496901,"NRI_P073",25
"39272",-6744.77350503099,"NRI_P073",50
"39273",12982.556054969,"NRI_P073",100
"39274",-18288.922995031,"NRI_P073",25
"39275",-9621.665825031,"NRI_P073",50
"39276",27444.246524969,"NRI_P073",100
"39277",777.874184968998,"NRI_P073",25
"39278",-26039.788905031,"NRI_P073",50
"39279",-2925.727335031,"NRI_P073",100
"39280",-9532.538845031,"NRI_P073",25
"39281",2449.83243496899,"NRI_P073",50
"39282",-3617.54120503098,"NRI_P073",100
"39283",3113.05768496901,"NRI_P073",25
"39284",-10685.990065031,"NRI_P073",50
"39285",-11035.621595031,"NRI_P073",100
"39286",3411.58835496902,"NRI_P073",25
"39287",16766.366784969,"NRI_P073",50
"39288",1862.61906496901,"NRI_P073",100
"39289",2980.737684969,"NRI_P073",25
"39290",31258.751244969,"NRI_P073",50
"39291",6449.276624969,"NRI_P073",100
"39292",640.479274968995,"NRI_P073",25
"39293",-8363.23926503101,"NRI_P073",50
"39294",12712.878104969,"NRI_P073",100
"39295",2325.46961496901,"NRI_P073",25
"39296",-8110.806255031,"NRI_P073",50
"39297",-2894.58282503099,"NRI_P073",100
"39298",-5529.68606503098,"NRI_P073",25
"39299",-9354.965735031,"NRI_P073",50
"39300",9029.489354969,"NRI_P073",100
"39301",-32554.280733385,"NRI_P074",25
"39302",-46479.482923385,"NRI_P074",50
"39303",-111961.419643385,"NRI_P074",100
"39304",3209.29472661496,"NRI_P074",25
"39305",-70798.763753385,"NRI_P074",50
"39306",-113710.271873385,"NRI_P074",100
"39307",-354.324583385023,"NRI_P074",25
"39308",-29217.625153385,"NRI_P074",50
"39309",-131908.282463385,"NRI_P074",100
"39310",-49533.973623385,"NRI_P074",25
"39311",-40548.536613385,"NRI_P074",50
"39312",-94365.922413385,"NRI_P074",100
"39313",-14533.959493385,"NRI_P074",25
"39314",-59120.659903385,"NRI_P074",50
"39315",-116832.152963385,"NRI_P074",100
"39316",-166.832133385004,"NRI_P074",25
"39317",-60951.849983385,"NRI_P074",50
"39318",-128498.918093385,"NRI_P074",100
"39319",-37355.810683385,"NRI_P074",25
"39320",-51652.935363385,"NRI_P074",50
"39321",-76749.148583385,"NRI_P074",100
"39322",-20195.262093385,"NRI_P074",25
"39323",-39578.956663385,"NRI_P074",50
"39324",-138856.462943385,"NRI_P074",100
"39325",-21981.707503385,"NRI_P074",25
"39326",-44544.254383385,"NRI_P074",50
"39327",-94132.147143385,"NRI_P074",100
"39328",-27177.285143385,"NRI_P074",25
"39329",3958.53197661496,"NRI_P074",50
"39330",-138716.422853385,"NRI_P074",100
"39331",8816.72996661498,"NRI_P074",25
"39332",-29665.218323385,"NRI_P074",50
"39333",-105728.680593385,"NRI_P074",100
"39334",-24495.982683385,"NRI_P074",25
"39335",-53082.538313385,"NRI_P074",50
"39336",-109735.559913385,"NRI_P074",100
"39337",-19877.329843385,"NRI_P074",25
"39338",-30119.880483385,"NRI_P074",50
"39339",-133976.155483385,"NRI_P074",100
"39340",-17686.530263385,"NRI_P074",25
"39341",-53219.451593385,"NRI_P074",50
"39342",-126330.573953385,"NRI_P074",100
"39343",-21620.691653385,"NRI_P074",25
"39344",-33998.067813385,"NRI_P074",50
"39345",-120763.635393385,"NRI_P074",100
"39346",-57486.542713385,"NRI_P074",25
"39347",19462.736456615,"NRI_P074",50
"39348",-123296.083893385,"NRI_P074",100
"39349",-8703.609553385,"NRI_P074",25
"39350",-63102.154563385,"NRI_P074",50
"39351",-97953.443493385,"NRI_P074",100
"39352",-20653.231683385,"NRI_P074",25
"39353",-69738.473603385,"NRI_P074",50
"39354",-103369.523683385,"NRI_P074",100
"39355",-21914.108153385,"NRI_P074",25
"39356",-56388.437563385,"NRI_P074",50
"39357",-116248.090603385,"NRI_P074",100
"39358",-14892.698973385,"NRI_P074",25
"39359",-29007.007243385,"NRI_P074",50
"39360",-87777.508383385,"NRI_P074",100
"39361",-31547.902263385,"NRI_P074",25
"39362",-54105.471183385,"NRI_P074",50
"39363",-100655.094063385,"NRI_P074",100
"39364",-57076.094443385,"NRI_P074",25
"39365",-12909.837813385,"NRI_P074",50
"39366",-105639.642713385,"NRI_P074",100
"39367",-10558.852633385,"NRI_P074",25
"39368",-79182.731613385,"NRI_P074",50
"39369",-109305.968023385,"NRI_P074",100
"39370",20074.234776615,"NRI_P074",25
"39371",-65789.484493385,"NRI_P074",50
"39372",-86290.053933385,"NRI_P074",100
"39373",-7433.881523385,"NRI_P074",25
"39374",-30405.278883385,"NRI_P074",50
"39375",-152589.438093385,"NRI_P074",100
"39376",-17164.697603385,"NRI_P074",25
"39377",-53446.297453385,"NRI_P074",50
"39378",-129038.654033385,"NRI_P074",100
"39379",-5627.14140338503,"NRI_P074",25
"39380",-47640.856433385,"NRI_P074",50
"39381",-110092.891163385,"NRI_P074",100
"39382",-42436.729933385,"NRI_P074",25
"39383",-26793.001353385,"NRI_P074",50
"39384",-116070.020693385,"NRI_P074",100
"39385",-17518.720283385,"NRI_P074",25
"39386",-27504.476433385,"NRI_P074",50
"39387",-129618.878933385,"NRI_P074",100
"39388",-10853.050003385,"NRI_P074",25
"39389",-12869.678733385,"NRI_P074",50
"39390",-97846.215923385,"NRI_P074",100
"39391",-9391.41032338503,"NRI_P074",25
"39392",-50338.180203385,"NRI_P074",50
"39393",-97108.976913385,"NRI_P074",100
"39394",-36593.074573385,"NRI_P074",25
"39395",-4186.66515338502,"NRI_P074",50
"39396",-134685.826043385,"NRI_P074",100
"39397",-59185.118823385,"NRI_P074",25
"39398",-59935.741423385,"NRI_P074",50
"39399",-100531.106473385,"NRI_P074",100
"39400",-11504.492493385,"NRI_P074",25
"39401",-63050.817003385,"NRI_P074",50
"39402",-112267.762943385,"NRI_P074",100
"39403",-22322.361673385,"NRI_P074",25
"39404",-44706.864093385,"NRI_P074",50
"39405",-136219.185843385,"NRI_P074",100
"39406",-33923.064753385,"NRI_P074",25
"39407",-47117.758313385,"NRI_P074",50
"39408",-118687.402033385,"NRI_P074",100
"39409",-47849.396883385,"NRI_P074",25
"39410",-45396.452943385,"NRI_P074",50
"39411",-101727.907173385,"NRI_P074",100
"39412",-36215.171113385,"NRI_P074",25
"39413",-75861.177713385,"NRI_P074",50
"39414",-86501.731003385,"NRI_P074",100
"39415",-62701.397893385,"NRI_P074",25
"39416",-105662.046633385,"NRI_P074",50
"39417",-125437.995883385,"NRI_P074",100
"39418",-10280.877643385,"NRI_P074",25
"39419",-40152.882193385,"NRI_P074",50
"39420",-80184.597043385,"NRI_P074",100
"39421",-17286.677063385,"NRI_P074",25
"39422",-71470.154823385,"NRI_P074",50
"39423",-101691.024793385,"NRI_P074",100
"39424",986.821846614999,"NRI_P074",25
"39425",-24613.265853385,"NRI_P074",50
"39426",-103792.211123385,"NRI_P074",100
"39427",-38698.611913385,"NRI_P074",25
"39428",-39388.960903385,"NRI_P074",50
"39429",-111279.270083385,"NRI_P074",100
"39430",-51078.036723385,"NRI_P074",25
"39431",-42647.142533385,"NRI_P074",50
"39432",-117258.123343385,"NRI_P074",100
"39433",-58657.825903385,"NRI_P074",25
"39434",-36740.272833385,"NRI_P074",50
"39435",-107126.111403385,"NRI_P074",100
"39436",-12047.293533385,"NRI_P074",25
"39437",-97453.926353385,"NRI_P074",50
"39438",-116416.441843385,"NRI_P074",100
"39439",-21192.613143385,"NRI_P074",25
"39440",-54243.992423385,"NRI_P074",50
"39441",-79135.101933385,"NRI_P074",100
"39442",-7460.460833385,"NRI_P074",25
"39443",-34040.086903385,"NRI_P074",50
"39444",-106238.601923385,"NRI_P074",100
"39445",-32021.976083385,"NRI_P074",25
"39446",-33609.842743385,"NRI_P074",50
"39447",-101440.929983385,"NRI_P074",100
"39448",-33946.489123385,"NRI_P074",25
"39449",-59646.015363385,"NRI_P074",50
"39450",-102649.404103385,"NRI_P074",100
"39451",-12358.980123385,"NRI_P074",25
"39452",-67242.194323385,"NRI_P074",50
"39453",-110213.555113385,"NRI_P074",100
"39454",30111.155806615,"NRI_P074",25
"39455",-85414.696843385,"NRI_P074",50
"39456",-130631.497993385,"NRI_P074",100
"39457",-27825.353473385,"NRI_P074",25
"39458",-79222.419383385,"NRI_P074",50
"39459",-97538.332943385,"NRI_P074",100
"39460",-49166.618263385,"NRI_P074",25
"39461",-47308.560343385,"NRI_P074",50
"39462",-83157.619313385,"NRI_P074",100
"39463",-33157.649783385,"NRI_P074",25
"39464",-70578.886343385,"NRI_P074",50
"39465",-72928.737673385,"NRI_P074",100
"39466",-31548.066453385,"NRI_P074",25
"39467",-97114.949553385,"NRI_P074",50
"39468",-106916.416293385,"NRI_P074",100
"39469",-55738.892733385,"NRI_P074",25
"39470",-32082.464503385,"NRI_P074",50
"39471",-99809.546043385,"NRI_P074",100
"39472",-25913.768653385,"NRI_P074",25
"39473",-74813.609803385,"NRI_P074",50
"39474",-113450.286383385,"NRI_P074",100
"39475",-26830.303673385,"NRI_P074",25
"39476",-22072.499173385,"NRI_P074",50
"39477",-101676.308323385,"NRI_P074",100
"39478",-12393.954033385,"NRI_P074",25
"39479",-24519.084653385,"NRI_P074",50
"39480",-102756.733453385,"NRI_P074",100
"39481",-38928.850103385,"NRI_P074",25
"39482",-76189.092893385,"NRI_P074",50
"39483",-135815.274053385,"NRI_P074",100
"39484",-17537.904383385,"NRI_P074",25
"39485",-42811.801743385,"NRI_P074",50
"39486",-95149.678093385,"NRI_P074",100
"39487",-25834.233413385,"NRI_P074",25
"39488",-68482.510473385,"NRI_P074",50
"39489",-108813.023793385,"NRI_P074",100
"39490",-3997.920333385,"NRI_P074",25
"39491",-88266.054333385,"NRI_P074",50
"39492",-101964.466973385,"NRI_P074",100
"39493",-5565.92109338503,"NRI_P074",25
"39494",-46957.756383385,"NRI_P074",50
"39495",-59925.379743385,"NRI_P074",100
"39496",1007.602576615,"NRI_P074",25
"39497",-2547.36009338504,"NRI_P074",50
"39498",-75843.777593385,"NRI_P074",100
"39499",-31085.323073385,"NRI_P074",25
"39500",-92027.847603385,"NRI_P074",50
"39501",-114775.996043385,"NRI_P074",100
"39502",11818.956486615,"NRI_P074",25
"39503",-62918.253703385,"NRI_P074",50
"39504",-78496.148553385,"NRI_P074",100
"39505",-3579.12805338501,"NRI_P074",25
"39506",-111908.795263385,"NRI_P074",50
"39507",-69166.447013385,"NRI_P074",100
"39508",-73084.165433385,"NRI_P074",25
"39509",-31644.852573385,"NRI_P074",50
"39510",-112473.355963385,"NRI_P074",100
"39511",-16637.169083385,"NRI_P074",25
"39512",-21248.832713385,"NRI_P074",50
"39513",-91722.049943385,"NRI_P074",100
"39514",-43743.450513385,"NRI_P074",25
"39515",-61122.477513385,"NRI_P074",50
"39516",-97636.724093385,"NRI_P074",100
"39517",-3798.88517338503,"NRI_P074",25
"39518",-70888.173623385,"NRI_P074",50
"39519",-108289.614073385,"NRI_P074",100
"39520",-60734.219793385,"NRI_P074",25
"39521",-59889.509733385,"NRI_P074",50
"39522",-119729.525613385,"NRI_P074",100
"39523",-28328.846753385,"NRI_P074",25
"39524",-56239.868493385,"NRI_P074",50
"39525",-119421.565083385,"NRI_P074",100
"39526",-28756.978423385,"NRI_P074",25
"39527",-77176.158323385,"NRI_P074",50
"39528",-74431.120033385,"NRI_P074",100
"39529",-23268.263073385,"NRI_P074",25
"39530",-80381.078543385,"NRI_P074",50
"39531",-129561.518963385,"NRI_P074",100
"39532",-9136.197203385,"NRI_P074",25
"39533",-78991.340343385,"NRI_P074",50
"39534",-135395.194953385,"NRI_P074",100
"39535",-14505.689623385,"NRI_P074",25
"39536",-16192.051293385,"NRI_P074",50
"39537",-97441.041293385,"NRI_P074",100
"39538",-75071.249443385,"NRI_P074",25
"39539",-23380.453693385,"NRI_P074",50
"39540",-145630.315303385,"NRI_P074",100
"39541",-68265.723653385,"NRI_P074",25
"39542",-63001.986543385,"NRI_P074",50
"39543",-106216.152653385,"NRI_P074",100
"39544",-52371.918783385,"NRI_P074",25
"39545",-50411.822663385,"NRI_P074",50
"39546",-118449.554683385,"NRI_P074",100
"39547",-26048.927103385,"NRI_P074",25
"39548",-49041.743523385,"NRI_P074",50
"39549",-104964.428213385,"NRI_P074",100
"39550",-5250.33273338503,"NRI_P074",25
"39551",-80949.632843385,"NRI_P074",50
"39552",-121696.623003385,"NRI_P074",100
"39553",-16120.102633385,"NRI_P074",25
"39554",-52095.851963385,"NRI_P074",50
"39555",-120856.460913385,"NRI_P074",100
"39556",-34230.453223385,"NRI_P074",25
"39557",-69204.560603385,"NRI_P074",50
"39558",-137016.593073385,"NRI_P074",100
"39559",-25466.383653385,"NRI_P074",25
"39560",-68134.572213385,"NRI_P074",50
"39561",-111774.545573385,"NRI_P074",100
"39562",-13485.618313385,"NRI_P074",25
"39563",-56922.259643385,"NRI_P074",50
"39564",-121621.195853385,"NRI_P074",100
"39565",-37804.124123385,"NRI_P074",25
"39566",-53050.357473385,"NRI_P074",50
"39567",-100892.784103385,"NRI_P074",100
"39568",-67938.330663385,"NRI_P074",25
"39569",-85305.789053385,"NRI_P074",50
"39570",-137229.043993385,"NRI_P074",100
"39571",-15801.785973385,"NRI_P074",25
"39572",-93161.314803385,"NRI_P074",50
"39573",-119339.748533385,"NRI_P074",100
"39574",-12939.436933385,"NRI_P074",25
"39575",-84806.651363385,"NRI_P074",50
"39576",-119513.692483385,"NRI_P074",100
"39577",-28815.016893385,"NRI_P074",25
"39578",-60376.564693385,"NRI_P074",50
"39579",-119373.762273385,"NRI_P074",100
"39580",-32469.246853385,"NRI_P074",25
"39581",-38029.110673385,"NRI_P074",50
"39582",-105783.579593385,"NRI_P074",100
"39583",-13229.961483385,"NRI_P074",25
"39584",-65194.570053385,"NRI_P074",50
"39585",-134510.623023385,"NRI_P074",100
"39586",-33717.158323385,"NRI_P074",25
"39587",-47351.817963385,"NRI_P074",50
"39588",-83253.420013385,"NRI_P074",100
"39589",-32664.207803385,"NRI_P074",25
"39590",-49929.321583385,"NRI_P074",50
"39591",-120150.782003385,"NRI_P074",100
"39592",-33083.941683385,"NRI_P074",25
"39593",-58061.467253385,"NRI_P074",50
"39594",-101766.507753385,"NRI_P074",100
"39595",-15886.335603385,"NRI_P074",25
"39596",-42596.754533385,"NRI_P074",50
"39597",-126711.516443385,"NRI_P074",100
"39598",-69746.598413385,"NRI_P074",25
"39599",-38909.386943385,"NRI_P074",50
"39600",-121370.209033385,"NRI_P074",100
"39601",-33730.955186944,"NRI_P075",25
"39602",-7603.35382694402,"NRI_P075",50
"39603",-94303.035026944,"NRI_P075",100
"39604",-5202.33335694403,"NRI_P075",25
"39605",-28418.052456944,"NRI_P075",50
"39606",-91554.519916944,"NRI_P075",100
"39607",-33807.284686944,"NRI_P075",25
"39608",-55666.069756944,"NRI_P075",50
"39609",-84356.135916944,"NRI_P075",100
"39610",-21347.025556944,"NRI_P075",25
"39611",-54189.198476944,"NRI_P075",50
"39612",-110498.015976944,"NRI_P075",100
"39613",-13063.201686944,"NRI_P075",25
"39614",-67244.656676944,"NRI_P075",50
"39615",-106010.973536944,"NRI_P075",100
"39616",638.19783305598,"NRI_P075",25
"39617",-48191.659356944,"NRI_P075",50
"39618",-98658.781426944,"NRI_P075",100
"39619",-2674.091516944,"NRI_P075",25
"39620",-36659.228696944,"NRI_P075",50
"39621",-91198.779956944,"NRI_P075",100
"39622",-43560.360476944,"NRI_P075",25
"39623",-3284.16213694401,"NRI_P075",50
"39624",-65251.941076944,"NRI_P075",100
"39625",13880.964723056,"NRI_P075",25
"39626",-40543.199536944,"NRI_P075",50
"39627",-13999.658236944,"NRI_P075",100
"39628",-38688.328796944,"NRI_P075",25
"39629",-61317.927616944,"NRI_P075",50
"39630",-72901.155166944,"NRI_P075",100
"39631",5444.83228305599,"NRI_P075",25
"39632",-46669.570916944,"NRI_P075",50
"39633",-38873.194686944,"NRI_P075",100
"39634",-20560.592186944,"NRI_P075",25
"39635",-3715.38177694398,"NRI_P075",50
"39636",-71198.792086944,"NRI_P075",100
"39637",-36138.790386944,"NRI_P075",25
"39638",-68081.607106944,"NRI_P075",50
"39639",-71382.103476944,"NRI_P075",100
"39640",-17525.031326944,"NRI_P075",25
"39641",-20789.908096944,"NRI_P075",50
"39642",-88694.236426944,"NRI_P075",100
"39643",-45598.908976944,"NRI_P075",25
"39644",-48828.693676944,"NRI_P075",50
"39645",-98139.088916944,"NRI_P075",100
"39646",-22307.719716944,"NRI_P075",25
"39647",-27198.639396944,"NRI_P075",50
"39648",-49052.309286944,"NRI_P075",100
"39649",-15327.531546944,"NRI_P075",25
"39650",-57746.862916944,"NRI_P075",50
"39651",-102469.567426944,"NRI_P075",100
"39652",-29993.453426944,"NRI_P075",25
"39653",-8341.38940694398,"NRI_P075",50
"39654",-79579.028316944,"NRI_P075",100
"39655",-24184.395206944,"NRI_P075",25
"39656",-49872.635536944,"NRI_P075",50
"39657",-66914.089386944,"NRI_P075",100
"39658",-14037.655556944,"NRI_P075",25
"39659",-12055.718196944,"NRI_P075",50
"39660",-76781.369496944,"NRI_P075",100
"39661",-25270.078386944,"NRI_P075",25
"39662",-71531.696306944,"NRI_P075",50
"39663",-55002.659876944,"NRI_P075",100
"39664",-11445.282766944,"NRI_P075",25
"39665",-44752.666566944,"NRI_P075",50
"39666",-74265.257326944,"NRI_P075",100
"39667",-24144.496296944,"NRI_P075",25
"39668",-20353.448576944,"NRI_P075",50
"39669",-87246.036956944,"NRI_P075",100
"39670",-356.635196944,"NRI_P075",25
"39671",-77063.741076944,"NRI_P075",50
"39672",-103578.873196944,"NRI_P075",100
"39673",-28655.531956944,"NRI_P075",25
"39674",-51701.172076944,"NRI_P075",50
"39675",-70952.663766944,"NRI_P075",100
"39676",-28074.427516944,"NRI_P075",25
"39677",-53774.505276944,"NRI_P075",50
"39678",-66128.309246944,"NRI_P075",100
"39679",-36030.363396944,"NRI_P075",25
"39680",-44287.163036944,"NRI_P075",50
"39681",-80503.323656944,"NRI_P075",100
"39682",-25735.954336944,"NRI_P075",25
"39683",-65920.488886944,"NRI_P075",50
"39684",-84571.997716944,"NRI_P075",100
"39685",-9661.44137694401,"NRI_P075",25
"39686",-60177.708636944,"NRI_P075",50
"39687",-79957.943676944,"NRI_P075",100
"39688",-17897.005826944,"NRI_P075",25
"39689",-37325.927426944,"NRI_P075",50
"39690",-53353.049556944,"NRI_P075",100
"39691",-20035.224306944,"NRI_P075",25
"39692",-41072.409696944,"NRI_P075",50
"39693",-78914.872586944,"NRI_P075",100
"39694",-3863.47191694402,"NRI_P075",25
"39695",-70169.920946944,"NRI_P075",50
"39696",-98948.852466944,"NRI_P075",100
"39697",-16877.516256944,"NRI_P075",25
"39698",15288.363373056,"NRI_P075",50
"39699",-83678.566326944,"NRI_P075",100
"39700",-17644.572326944,"NRI_P075",25
"39701",-22903.099086944,"NRI_P075",50
"39702",-62266.021736944,"NRI_P075",100
"39703",632.17810305598,"NRI_P075",25
"39704",-26066.038976944,"NRI_P075",50
"39705",-76949.709986944,"NRI_P075",100
"39706",3208.46089305601,"NRI_P075",25
"39707",-70902.792666944,"NRI_P075",50
"39708",-100786.068276944,"NRI_P075",100
"39709",-34952.736786944,"NRI_P075",25
"39710",-69862.870466944,"NRI_P075",50
"39711",-107258.742846944,"NRI_P075",100
"39712",-29479.960636944,"NRI_P075",25
"39713",-27325.237036944,"NRI_P075",50
"39714",-87553.697826944,"NRI_P075",100
"39715",-10192.821016944,"NRI_P075",25
"39716",-52274.619716944,"NRI_P075",50
"39717",-97151.647346944,"NRI_P075",100
"39718",-42358.001176944,"NRI_P075",25
"39719",-47887.400476944,"NRI_P075",50
"39720",-71955.894886944,"NRI_P075",100
"39721",1394.34652305598,"NRI_P075",25
"39722",-14693.189836944,"NRI_P075",50
"39723",-96316.829336944,"NRI_P075",100
"39724",-22446.015226944,"NRI_P075",25
"39725",-59182.299396944,"NRI_P075",50
"39726",-71682.764926944,"NRI_P075",100
"39727",-6469.71458694403,"NRI_P075",25
"39728",-42863.842106944,"NRI_P075",50
"39729",-105621.727476944,"NRI_P075",100
"39730",-7383.62094694399,"NRI_P075",25
"39731",13532.705833056,"NRI_P075",50
"39732",-122012.349646944,"NRI_P075",100
"39733",-46235.713406944,"NRI_P075",25
"39734",-64147.699246944,"NRI_P075",50
"39735",-76357.808886944,"NRI_P075",100
"39736",-16243.141536944,"NRI_P075",25
"39737",-39461.628766944,"NRI_P075",50
"39738",-56049.537526944,"NRI_P075",100
"39739",-35370.169906944,"NRI_P075",25
"39740",-61644.158096944,"NRI_P075",50
"39741",-50914.009716944,"NRI_P075",100
"39742",-35794.586026944,"NRI_P075",25
"39743",-27834.169116944,"NRI_P075",50
"39744",-72524.904096944,"NRI_P075",100
"39745",-15151.478236944,"NRI_P075",25
"39746",-59108.774416944,"NRI_P075",50
"39747",-79127.062716944,"NRI_P075",100
"39748",-13954.049456944,"NRI_P075",25
"39749",-10743.901236944,"NRI_P075",50
"39750",-105277.784766944,"NRI_P075",100
"39751",-38563.999826944,"NRI_P075",25
"39752",-59746.551026944,"NRI_P075",50
"39753",-68199.094646944,"NRI_P075",100
"39754",-16623.219086944,"NRI_P075",25
"39755",-24263.893046944,"NRI_P075",50
"39756",-67535.472936944,"NRI_P075",100
"39757",-36026.738876944,"NRI_P075",25
"39758",-21143.804676944,"NRI_P075",50
"39759",-68656.348756944,"NRI_P075",100
"39760",-20216.231286944,"NRI_P075",25
"39761",-33071.181296944,"NRI_P075",50
"39762",-59228.261606944,"NRI_P075",100
"39763",-19009.785416944,"NRI_P075",25
"39764",1432.48973305599,"NRI_P075",50
"39765",-77850.102796944,"NRI_P075",100
"39766",-15896.921716944,"NRI_P075",25
"39767",-32469.803796944,"NRI_P075",50
"39768",-79490.083176944,"NRI_P075",100
"39769",-5081.41877694399,"NRI_P075",25
"39770",-18004.082536944,"NRI_P075",50
"39771",-62451.885286944,"NRI_P075",100
"39772",-57464.156686944,"NRI_P075",25
"39773",-61658.733106944,"NRI_P075",50
"39774",-94254.063316944,"NRI_P075",100
"39775",2235.94299305597,"NRI_P075",25
"39776",-19325.588176944,"NRI_P075",50
"39777",-98646.457836944,"NRI_P075",100
"39778",722.59885305597,"NRI_P075",25
"39779",-70212.923736944,"NRI_P075",50
"39780",-73012.667656944,"NRI_P075",100
"39781",-35991.901836944,"NRI_P075",25
"39782",-45482.743776944,"NRI_P075",50
"39783",-82162.702046944,"NRI_P075",100
"39784",8205.89000305597,"NRI_P075",25
"39785",-34446.787416944,"NRI_P075",50
"39786",-60165.214296944,"NRI_P075",100
"39787",166.362773055967,"NRI_P075",25
"39788",-42514.730836944,"NRI_P075",50
"39789",-95388.169666944,"NRI_P075",100
"39790",-46437.192426944,"NRI_P075",25
"39791",-49319.117646944,"NRI_P075",50
"39792",-98769.428366944,"NRI_P075",100
"39793",-7280.35111694399,"NRI_P075",25
"39794",-48906.678826944,"NRI_P075",50
"39795",-96981.622066944,"NRI_P075",100
"39796",-14633.910516944,"NRI_P075",25
"39797",-38339.017946944,"NRI_P075",50
"39798",-44121.405766944,"NRI_P075",100
"39799",-35881.036626944,"NRI_P075",25
"39800",-69791.454546944,"NRI_P075",50
"39801",-50330.381216944,"NRI_P075",100
"39802",-33121.933216944,"NRI_P075",25
"39803",-25800.882586944,"NRI_P075",50
"39804",-68421.888776944,"NRI_P075",100
"39805",-30336.817326944,"NRI_P075",25
"39806",-35770.610416944,"NRI_P075",50
"39807",-64796.109666944,"NRI_P075",100
"39808",-10272.912136944,"NRI_P075",25
"39809",-52655.396176944,"NRI_P075",50
"39810",-85781.376456944,"NRI_P075",100
"39811",3758.87855305598,"NRI_P075",25
"39812",7525.358833056,"NRI_P075",50
"39813",-92200.037786944,"NRI_P075",100
"39814",-16444.885356944,"NRI_P075",25
"39815",-40004.876986944,"NRI_P075",50
"39816",-89939.927036944,"NRI_P075",100
"39817",2419.94697305601,"NRI_P075",25
"39818",-58386.766556944,"NRI_P075",50
"39819",-58386.255606944,"NRI_P075",100
"39820",-10784.943376944,"NRI_P075",25
"39821",-31106.667256944,"NRI_P075",50
"39822",-85856.618486944,"NRI_P075",100
"39823",-16740.616796944,"NRI_P075",25
"39824",-39600.130406944,"NRI_P075",50
"39825",-71839.010126944,"NRI_P075",100
"39826",-10015.951436944,"NRI_P075",25
"39827",-28985.956466944,"NRI_P075",50
"39828",-76673.646126944,"NRI_P075",100
"39829",-37301.650646944,"NRI_P075",25
"39830",-51233.662456944,"NRI_P075",50
"39831",-38134.284966944,"NRI_P075",100
"39832",-15820.700796944,"NRI_P075",25
"39833",-71101.439996944,"NRI_P075",50
"39834",-80684.414676944,"NRI_P075",100
"39835",-25585.746136944,"NRI_P075",25
"39836",-63696.309816944,"NRI_P075",50
"39837",-52184.039436944,"NRI_P075",100
"39838",-27327.106926944,"NRI_P075",25
"39839",-27193.283926944,"NRI_P075",50
"39840",-78371.348526944,"NRI_P075",100
"39841",-24822.366096944,"NRI_P075",25
"39842",-48921.950546944,"NRI_P075",50
"39843",-103546.944056944,"NRI_P075",100
"39844",-33878.055656944,"NRI_P075",25
"39845",-46646.232156944,"NRI_P075",50
"39846",-82076.286846944,"NRI_P075",100
"39847",-9273.28513694397,"NRI_P075",25
"39848",-64534.392516944,"NRI_P075",50
"39849",-67124.582286944,"NRI_P075",100
"39850",-19829.109196944,"NRI_P075",25
"39851",-62508.054156944,"NRI_P075",50
"39852",-93711.104316944,"NRI_P075",100
"39853",-27266.694476944,"NRI_P075",25
"39854",-20845.987786944,"NRI_P075",50
"39855",-82196.015086944,"NRI_P075",100
"39856",-10486.436036944,"NRI_P075",25
"39857",-21455.935066944,"NRI_P075",50
"39858",-95565.212996944,"NRI_P075",100
"39859",-21714.058686944,"NRI_P075",25
"39860",-22319.311076944,"NRI_P075",50
"39861",-113463.393406944,"NRI_P075",100
"39862",-32246.239476944,"NRI_P075",25
"39863",-37067.006036944,"NRI_P075",50
"39864",-85073.308546944,"NRI_P075",100
"39865",-27829.753626944,"NRI_P075",25
"39866",-15453.564436944,"NRI_P075",50
"39867",-66201.105816944,"NRI_P075",100
"39868",-5225.34147694398,"NRI_P075",25
"39869",12126.133183056,"NRI_P075",50
"39870",-68426.013266944,"NRI_P075",100
"39871",-17307.222116944,"NRI_P075",25
"39872",-44780.840546944,"NRI_P075",50
"39873",-74283.375336944,"NRI_P075",100
"39874",1237.562133056,"NRI_P075",25
"39875",-43559.324736944,"NRI_P075",50
"39876",-55507.140486944,"NRI_P075",100
"39877",-27456.012256944,"NRI_P075",25
"39878",-67513.792386944,"NRI_P075",50
"39879",-103916.894116944,"NRI_P075",100
"39880",-27675.221566944,"NRI_P075",25
"39881",-27590.536566944,"NRI_P075",50
"39882",-89397.994566944,"NRI_P075",100
"39883",-15073.666756944,"NRI_P075",25
"39884",-8651.66396694398,"NRI_P075",50
"39885",-65789.953696944,"NRI_P075",100
"39886",14491.614893056,"NRI_P075",25
"39887",-42143.030006944,"NRI_P075",50
"39888",-48328.282106944,"NRI_P075",100
"39889",-19315.107846944,"NRI_P075",25
"39890",-63093.246976944,"NRI_P075",50
"39891",4559.264403056,"NRI_P075",100
"39892",-40221.292766944,"NRI_P075",25
"39893",-28295.043876944,"NRI_P075",50
"39894",-73048.778136944,"NRI_P075",100
"39895",-12383.819766944,"NRI_P075",25
"39896",-60334.827016944,"NRI_P075",50
"39897",-81202.647646944,"NRI_P075",100
"39898",-24873.232416944,"NRI_P075",25
"39899",-50196.324606944,"NRI_P075",50
"39900",-79329.192776944,"NRI_P075",100
"39901",10774.265228034,"NRI_P076",25
"39902",1232.67285803403,"NRI_P076",50
"39903",30275.575118034,"NRI_P076",100
"39904",17341.288548034,"NRI_P076",25
"39905",9695.04581803404,"NRI_P076",50
"39906",9635.60442803398,"NRI_P076",100
"39907",-10827.157951966,"NRI_P076",25
"39908",11305.171868034,"NRI_P076",50
"39909",22071.612198034,"NRI_P076",100
"39910",-12701.544191966,"NRI_P076",25
"39911",3047.119978034,"NRI_P076",50
"39912",25845.315048034,"NRI_P076",100
"39913",19600.525088034,"NRI_P076",25
"39914",17583.873528034,"NRI_P076",50
"39915",25026.512668034,"NRI_P076",100
"39916",7095.38258803403,"NRI_P076",25
"39917",33723.678958034,"NRI_P076",50
"39918",16242.228938034,"NRI_P076",100
"39919",-2185.04961196601,"NRI_P076",25
"39920",2127.973658034,"NRI_P076",50
"39921",58363.112838034,"NRI_P076",100
"39922",37232.825868034,"NRI_P076",25
"39923",29373.214888034,"NRI_P076",50
"39924",-33629.464751966,"NRI_P076",100
"39925",2546.44550803403,"NRI_P076",25
"39926",15127.883238034,"NRI_P076",50
"39927",6261.21607803402,"NRI_P076",100
"39928",18956.557598034,"NRI_P076",25
"39929",-2894.07590196602,"NRI_P076",50
"39930",20789.828468034,"NRI_P076",100
"39931",13136.111068034,"NRI_P076",25
"39932",26489.243168034,"NRI_P076",50
"39933",30571.667598034,"NRI_P076",100
"39934",-25891.160101966,"NRI_P076",25
"39935",-15547.986601966,"NRI_P076",50
"39936",-20130.559831966,"NRI_P076",100
"39937",-551.169081965985,"NRI_P076",25
"39938",-39998.586101966,"NRI_P076",50
"39939",58801.799228034,"NRI_P076",100
"39940",13919.352818034,"NRI_P076",25
"39941",31332.318588034,"NRI_P076",50
"39942",24036.158648034,"NRI_P076",100
"39943",-4786.50407196599,"NRI_P076",25
"39944",-5975.19016196596,"NRI_P076",50
"39945",-21066.154211966,"NRI_P076",100
"39946",12637.652338034,"NRI_P076",25
"39947",31433.351648034,"NRI_P076",50
"39948",35121.334878034,"NRI_P076",100
"39949",-9752.81542196596,"NRI_P076",25
"39950",5140.16691803403,"NRI_P076",50
"39951",6371.14519803401,"NRI_P076",100
"39952",17141.148328034,"NRI_P076",25
"39953",6660.76789803401,"NRI_P076",50
"39954",59133.532248034,"NRI_P076",100
"39955",21067.614528034,"NRI_P076",25
"39956",-26159.899101966,"NRI_P076",50
"39957",91926.883728034,"NRI_P076",100
"39958",26963.874698034,"NRI_P076",25
"39959",12721.986718034,"NRI_P076",50
"39960",55468.783898034,"NRI_P076",100
"39961",-1047.62683196599,"NRI_P076",25
"39962",15522.628778034,"NRI_P076",50
"39963",7316.07225803402,"NRI_P076",100
"39964",-11583.789581966,"NRI_P076",25
"39965",-5006.57292196597,"NRI_P076",50
"39966",6046.53205803403,"NRI_P076",100
"39967",26092.885518034,"NRI_P076",25
"39968",36737.661628034,"NRI_P076",50
"39969",19728.734048034,"NRI_P076",100
"39970",-2523.13807196601,"NRI_P076",25
"39971",-27083.274391966,"NRI_P076",50
"39972",36863.126008034,"NRI_P076",100
"39973",26465.772048034,"NRI_P076",25
"39974",31716.882868034,"NRI_P076",50
"39975",7113.19043803401,"NRI_P076",100
"39976",21478.267678034,"NRI_P076",25
"39977",943.789988033997,"NRI_P076",50
"39978",-3495.70478196599,"NRI_P076",100
"39979",4095.71961803403,"NRI_P076",25
"39980",-14858.920651966,"NRI_P076",50
"39981",-2709.57332196599,"NRI_P076",100
"39982",25254.257238034,"NRI_P076",25
"39983",-20516.099121966,"NRI_P076",50
"39984",4436.33602803398,"NRI_P076",100
"39985",24522.418308034,"NRI_P076",25
"39986",14481.075538034,"NRI_P076",50
"39987",8633.64339803404,"NRI_P076",100
"39988",19375.016098034,"NRI_P076",25
"39989",26209.457188034,"NRI_P076",50
"39990",22338.109608034,"NRI_P076",100
"39991",23801.311128034,"NRI_P076",25
"39992",26100.880378034,"NRI_P076",50
"39993",49422.527878034,"NRI_P076",100
"39994",-10924.100471966,"NRI_P076",25
"39995",3232.70119803399,"NRI_P076",50
"39996",45299.397388034,"NRI_P076",100
"39997",-9752.76346196601,"NRI_P076",25
"39998",-6805.22608196602,"NRI_P076",50
"39999",24694.174338034,"NRI_P076",100
"40000",12252.272248034,"NRI_P076",25
"40001",-14252.032811966,"NRI_P076",50
"40002",18158.163238034,"NRI_P076",100
"40003",17838.441408034,"NRI_P076",25
"40004",15571.885208034,"NRI_P076",50
"40005",56280.820958034,"NRI_P076",100
"40006",-8038.07478196599,"NRI_P076",25
"40007",7138.33981803403,"NRI_P076",50
"40008",-17036.396861966,"NRI_P076",100
"40009",-25470.451391966,"NRI_P076",25
"40010",-10891.870431966,"NRI_P076",50
"40011",21647.520958034,"NRI_P076",100
"40012",26443.816838034,"NRI_P076",25
"40013",15349.202628034,"NRI_P076",50
"40014",-13227.142011966,"NRI_P076",100
"40015",2432.340128034,"NRI_P076",25
"40016",-2003.94653196598,"NRI_P076",50
"40017",678.571208034002,"NRI_P076",100
"40018",8484.64863803401,"NRI_P076",25
"40019",21252.322408034,"NRI_P076",50
"40020",-896.615721965965,"NRI_P076",100
"40021",-6749.787471966,"NRI_P076",25
"40022",18112.328208034,"NRI_P076",50
"40023",26720.372058034,"NRI_P076",100
"40024",-6192.05416196596,"NRI_P076",25
"40025",-20207.773371966,"NRI_P076",50
"40026",64660.610158034,"NRI_P076",100
"40027",26835.857378034,"NRI_P076",25
"40028",25141.076168034,"NRI_P076",50
"40029",43115.795838034,"NRI_P076",100
"40030",-2745.29734196601,"NRI_P076",25
"40031",-24243.694271966,"NRI_P076",50
"40032",53233.368398034,"NRI_P076",100
"40033",28082.055268034,"NRI_P076",25
"40034",19336.763718034,"NRI_P076",50
"40035",17219.683588034,"NRI_P076",100
"40036",-4922.09589196602,"NRI_P076",25
"40037",-16740.010921966,"NRI_P076",50
"40038",-8074.607271966,"NRI_P076",100
"40039",6820.89717803401,"NRI_P076",25
"40040",-4842.63866196602,"NRI_P076",50
"40041",-21220.358411966,"NRI_P076",100
"40042",-15183.870071966,"NRI_P076",25
"40043",-5762.03641196596,"NRI_P076",50
"40044",42950.899248034,"NRI_P076",100
"40045",-4337.09886196599,"NRI_P076",25
"40046",-4186.81706196599,"NRI_P076",50
"40047",-8379.62075196597,"NRI_P076",100
"40048",-9810.02710196597,"NRI_P076",25
"40049",6276.52787803399,"NRI_P076",50
"40050",-6130.78718196601,"NRI_P076",100
"40051",-6506.074141966,"NRI_P076",25
"40052",27113.685908034,"NRI_P076",50
"40053",-6063.61000196601,"NRI_P076",100
"40054",-13472.741221966,"NRI_P076",25
"40055",-8190.57458196598,"NRI_P076",50
"40056",75830.436458034,"NRI_P076",100
"40057",19933.209498034,"NRI_P076",25
"40058",12701.916758034,"NRI_P076",50
"40059",26601.842978034,"NRI_P076",100
"40060",11159.971418034,"NRI_P076",25
"40061",6354.14468803402,"NRI_P076",50
"40062",17784.358108034,"NRI_P076",100
"40063",40492.170128034,"NRI_P076",25
"40064",17361.906248034,"NRI_P076",50
"40065",4157.72485803399,"NRI_P076",100
"40066",-11224.654951966,"NRI_P076",25
"40067",25331.235408034,"NRI_P076",50
"40068",21528.429298034,"NRI_P076",100
"40069",-10463.231831966,"NRI_P076",25
"40070",33324.270228034,"NRI_P076",50
"40071",21081.856988034,"NRI_P076",100
"40072",14505.661168034,"NRI_P076",25
"40073",10118.802318034,"NRI_P076",50
"40074",8157.94265803404,"NRI_P076",100
"40075",27007.027908034,"NRI_P076",25
"40076",-8193.727111966,"NRI_P076",50
"40077",5327.22124803404,"NRI_P076",100
"40078",19984.674968034,"NRI_P076",25
"40079",25225.138968034,"NRI_P076",50
"40080",11095.051818034,"NRI_P076",100
"40081",18247.420808034,"NRI_P076",25
"40082",54858.949118034,"NRI_P076",50
"40083",8791.70841803402,"NRI_P076",100
"40084",-2013.77239196602,"NRI_P076",25
"40085",17451.631898034,"NRI_P076",50
"40086",52525.053938034,"NRI_P076",100
"40087",6997.12292803399,"NRI_P076",25
"40088",27010.170358034,"NRI_P076",50
"40089",44730.802508034,"NRI_P076",100
"40090",4914.80233803403,"NRI_P076",25
"40091",4662.46800803399,"NRI_P076",50
"40092",17021.881808034,"NRI_P076",100
"40093",-7646.76758196601,"NRI_P076",25
"40094",-10574.832851966,"NRI_P076",50
"40095",17953.249398034,"NRI_P076",100
"40096",-8917.18600196601,"NRI_P076",25
"40097",-8150.03197196597,"NRI_P076",50
"40098",51494.548818034,"NRI_P076",100
"40099",25614.892708034,"NRI_P076",25
"40100",36195.816568034,"NRI_P076",50
"40101",-2358.625801966,"NRI_P076",100
"40102",16376.049448034,"NRI_P076",25
"40103",16377.734408034,"NRI_P076",50
"40104",16859.783308034,"NRI_P076",100
"40105",-1500.47333196597,"NRI_P076",25
"40106",11217.095618034,"NRI_P076",50
"40107",17265.775558034,"NRI_P076",100
"40108",1798.21943803399,"NRI_P076",25
"40109",3822.31871803402,"NRI_P076",50
"40110",32908.383918034,"NRI_P076",100
"40111",654.26156803401,"NRI_P076",25
"40112",-9568.63791196601,"NRI_P076",50
"40113",3117.76673803403,"NRI_P076",100
"40114",11271.735268034,"NRI_P076",25
"40115",-6338.53778196598,"NRI_P076",50
"40116",-11727.721171966,"NRI_P076",100
"40117",-15574.617261966,"NRI_P076",25
"40118",38443.920078034,"NRI_P076",50
"40119",43021.755138034,"NRI_P076",100
"40120",37514.662688034,"NRI_P076",25
"40121",5661.637178034,"NRI_P076",50
"40122",-37294.452411966,"NRI_P076",100
"40123",8384.92762803403,"NRI_P076",25
"40124",33981.644748034,"NRI_P076",50
"40125",33288.933498034,"NRI_P076",100
"40126",-1961.31063196599,"NRI_P076",25
"40127",-21960.904051966,"NRI_P076",50
"40128",60060.506558034,"NRI_P076",100
"40129",6309.92211803398,"NRI_P076",25
"40130",-17083.457141966,"NRI_P076",50
"40131",4074.00105803402,"NRI_P076",100
"40132",27851.896098034,"NRI_P076",25
"40133",6868.63508803403,"NRI_P076",50
"40134",30370.696298034,"NRI_P076",100
"40135",-12858.041901966,"NRI_P076",25
"40136",5946.76553803403,"NRI_P076",50
"40137",33622.814808034,"NRI_P076",100
"40138",-10674.936171966,"NRI_P076",25
"40139",13207.564028034,"NRI_P076",50
"40140",28413.061478034,"NRI_P076",100
"40141",-3356.43753196602,"NRI_P076",25
"40142",22909.894698034,"NRI_P076",50
"40143",21557.906618034,"NRI_P076",100
"40144",17321.226118034,"NRI_P076",25
"40145",-4813.36338196602,"NRI_P076",50
"40146",30458.449938034,"NRI_P076",100
"40147",30182.665018034,"NRI_P076",25
"40148",-5963.25469196599,"NRI_P076",50
"40149",10282.306088034,"NRI_P076",100
"40150",-4849.920551966,"NRI_P076",25
"40151",145.363438034023,"NRI_P076",50
"40152",2068.04203803401,"NRI_P076",100
"40153",-7271.30369196599,"NRI_P076",25
"40154",-4258.83599196601,"NRI_P076",50
"40155",-778.234931965999,"NRI_P076",100
"40156",19263.875918034,"NRI_P076",25
"40157",43071.702868034,"NRI_P076",50
"40158",8718.40279803402,"NRI_P076",100
"40159",-4389.50981196598,"NRI_P076",25
"40160",-10012.832381966,"NRI_P076",50
"40161",37053.652558034,"NRI_P076",100
"40162",6439.48521803401,"NRI_P076",25
"40163",6187.37188803399,"NRI_P076",50
"40164",-15927.094861966,"NRI_P076",100
"40165",3250.184588034,"NRI_P076",25
"40166",32420.103458034,"NRI_P076",50
"40167",9577.47029803402,"NRI_P076",100
"40168",-4869.08017196599,"NRI_P076",25
"40169",14386.304698034,"NRI_P076",50
"40170",68867.452098034,"NRI_P076",100
"40171",17953.882568034,"NRI_P076",25
"40172",32636.945738034,"NRI_P076",50
"40173",7780.70369803399,"NRI_P076",100
"40174",-15169.874311966,"NRI_P076",25
"40175",-17776.653341966,"NRI_P076",50
"40176",68829.838108034,"NRI_P076",100
"40177",-1970.91589196597,"NRI_P076",25
"40178",6112.597068034,"NRI_P076",50
"40179",22370.480208034,"NRI_P076",100
"40180",12926.972088034,"NRI_P076",25
"40181",51239.697698034,"NRI_P076",50
"40182",30391.710288034,"NRI_P076",100
"40183",7303.353948034,"NRI_P076",25
"40184",-6718.41667196597,"NRI_P076",50
"40185",22323.852678034,"NRI_P076",100
"40186",46989.871548034,"NRI_P076",25
"40187",-21554.069181966,"NRI_P076",50
"40188",15167.052838034,"NRI_P076",100
"40189",-31102.313131966,"NRI_P076",25
"40190",624.760228033992,"NRI_P076",50
"40191",-13522.691701966,"NRI_P076",100
"40192",8998.40881803399,"NRI_P076",25
"40193",30515.202928034,"NRI_P076",50
"40194",13979.651728034,"NRI_P076",100
"40195",3073.274898034,"NRI_P076",25
"40196",21248.724998034,"NRI_P076",50
"40197",-11601.155601966,"NRI_P076",100
"40198",-5884.684371966,"NRI_P076",25
"40199",13382.509468034,"NRI_P076",50
"40200",61555.404638034,"NRI_P076",100
"40201",-7213.28279263098,"NRI_P077",25
"40202",6644.29456736901,"NRI_P077",50
"40203",-47361.699542631,"NRI_P077",100
"40204",-2333.067862631,"NRI_P077",25
"40205",-7334.42898263098,"NRI_P077",50
"40206",-41628.137932631,"NRI_P077",100
"40207",3653.73055736901,"NRI_P077",25
"40208",-4279.99612263098,"NRI_P077",50
"40209",-51754.319262631,"NRI_P077",100
"40210",-2758.36982263101,"NRI_P077",25
"40211",-45939.500732631,"NRI_P077",50
"40212",-48906.679392631,"NRI_P077",100
"40213",3600.886577369,"NRI_P077",25
"40214",-39772.189312631,"NRI_P077",50
"40215",-51050.282712631,"NRI_P077",100
"40216",-39529.859462631,"NRI_P077",25
"40217",-3320.277902631,"NRI_P077",50
"40218",-35896.328252631,"NRI_P077",100
"40219",-31806.215852631,"NRI_P077",25
"40220",-41322.094762631,"NRI_P077",50
"40221",-52411.615042631,"NRI_P077",100
"40222",1999.22346736901,"NRI_P077",25
"40223",-36673.533982631,"NRI_P077",50
"40224",-44347.891902631,"NRI_P077",100
"40225",-36878.952132631,"NRI_P077",25
"40226",-6794.34339263098,"NRI_P077",50
"40227",-49425.893842631,"NRI_P077",100
"40228",-182.211232631002,"NRI_P077",25
"40229",-18973.479802631,"NRI_P077",50
"40230",-48388.246302631,"NRI_P077",100
"40231",-3225.32735263099,"NRI_P077",25
"40232",-6783.099292631,"NRI_P077",50
"40233",-46515.695912631,"NRI_P077",100
"40234",-3089.149542631,"NRI_P077",25
"40235",-40352.676662631,"NRI_P077",50
"40236",-47620.712262631,"NRI_P077",100
"40237",-4544.25263263099,"NRI_P077",25
"40238",-52710.629652631,"NRI_P077",50
"40239",-38262.828062631,"NRI_P077",100
"40240",-32390.943892631,"NRI_P077",25
"40241",-8346.33629263099,"NRI_P077",50
"40242",-44277.677692631,"NRI_P077",100
"40243",-4077.83747263098,"NRI_P077",25
"40244",-2882.917782631,"NRI_P077",50
"40245",-53471.885272631,"NRI_P077",100
"40246",-6098.38925263099,"NRI_P077",25
"40247",-52385.271982631,"NRI_P077",50
"40248",-44242.153172631,"NRI_P077",100
"40249",-8181.89856263099,"NRI_P077",25
"40250",-39234.027872631,"NRI_P077",50
"40251",-48335.970392631,"NRI_P077",100
"40252",-10181.863972631,"NRI_P077",25
"40253",-5808.16512263101,"NRI_P077",50
"40254",-51800.182752631,"NRI_P077",100
"40255",-14778.669682631,"NRI_P077",25
"40256",-4304.039112631,"NRI_P077",50
"40257",-53478.455152631,"NRI_P077",100
"40258",4251.550077369,"NRI_P077",25
"40259",-1878.21909263098,"NRI_P077",50
"40260",-34975.399572631,"NRI_P077",100
"40261",-3800.122902631,"NRI_P077",25
"40262",-24089.115742631,"NRI_P077",50
"40263",-39442.412452631,"NRI_P077",100
"40264",-6479.221632631,"NRI_P077",25
"40265",-13653.175042631,"NRI_P077",50
"40266",-49788.562662631,"NRI_P077",100
"40267",-5115.84365263098,"NRI_P077",25
"40268",-10501.419042631,"NRI_P077",50
"40269",-51572.458602631,"NRI_P077",100
"40270",9255.55772736899,"NRI_P077",25
"40271",-41315.747482631,"NRI_P077",50
"40272",-42906.309222631,"NRI_P077",100
"40273",-829.559412631002,"NRI_P077",25
"40274",-25426.915312631,"NRI_P077",50
"40275",-44828.475412631,"NRI_P077",100
"40276",-2958.90085263099,"NRI_P077",25
"40277",-8615.141542631,"NRI_P077",50
"40278",-50945.516372631,"NRI_P077",100
"40279",-33826.294852631,"NRI_P077",25
"40280",-44031.350302631,"NRI_P077",50
"40281",-40543.401152631,"NRI_P077",100
"40282",7806.590577369,"NRI_P077",25
"40283",-46388.905292631,"NRI_P077",50
"40284",-54029.428722631,"NRI_P077",100
"40285",-14792.731462631,"NRI_P077",25
"40286",-3375.73790263099,"NRI_P077",50
"40287",-48672.476022631,"NRI_P077",100
"40288",-28006.319902631,"NRI_P077",25
"40289",-38544.557572631,"NRI_P077",50
"40290",-54852.682852631,"NRI_P077",100
"40291",-11743.802012631,"NRI_P077",25
"40292",3804.806047369,"NRI_P077",50
"40293",-47562.203112631,"NRI_P077",100
"40294",-14394.412172631,"NRI_P077",25
"40295",2360.564677369,"NRI_P077",50
"40296",-55455.332252631,"NRI_P077",100
"40297",2087.30822736901,"NRI_P077",25
"40298",-16666.149402631,"NRI_P077",50
"40299",-39706.092992631,"NRI_P077",100
"40300",1956.833487369,"NRI_P077",25
"40301",9009.12824736899,"NRI_P077",50
"40302",-49097.791472631,"NRI_P077",100
"40303",129.342957368994,"NRI_P077",25
"40304",-46420.023342631,"NRI_P077",50
"40305",-39639.281832631,"NRI_P077",100
"40306",6990.969127369,"NRI_P077",25
"40307",25286.588227369,"NRI_P077",50
"40308",-55376.395962631,"NRI_P077",100
"40309",-3563.594362631,"NRI_P077",25
"40310",-17999.624102631,"NRI_P077",50
"40311",-58821.901542631,"NRI_P077",100
"40312",1728.03633736901,"NRI_P077",25
"40313",-5871.54189263101,"NRI_P077",50
"40314",-46614.601302631,"NRI_P077",100
"40315",-14199.876772631,"NRI_P077",25
"40316",-1149.383302631,"NRI_P077",50
"40317",-53762.460702631,"NRI_P077",100
"40318",-9878.90172263098,"NRI_P077",25
"40319",-11080.270442631,"NRI_P077",50
"40320",-40908.470982631,"NRI_P077",100
"40321",-12231.724762631,"NRI_P077",25
"40322",-38162.008372631,"NRI_P077",50
"40323",-40483.618712631,"NRI_P077",100
"40324",-3791.018702631,"NRI_P077",25
"40325",-8406.98395263098,"NRI_P077",50
"40326",-51565.446612631,"NRI_P077",100
"40327",-2554.85920263099,"NRI_P077",25
"40328",-46581.455012631,"NRI_P077",50
"40329",-55970.767232631,"NRI_P077",100
"40330",-3509.56886263099,"NRI_P077",25
"40331",-23991.378772631,"NRI_P077",50
"40332",-50235.640802631,"NRI_P077",100
"40333",-7779.543802631,"NRI_P077",25
"40334",-11648.592292631,"NRI_P077",50
"40335",-54135.837852631,"NRI_P077",100
"40336",-33276.097112631,"NRI_P077",25
"40337",-53033.615812631,"NRI_P077",50
"40338",-45311.994552631,"NRI_P077",100
"40339",1661.02417736899,"NRI_P077",25
"40340",-19832.773082631,"NRI_P077",50
"40341",-51032.777292631,"NRI_P077",100
"40342",-47565.338852631,"NRI_P077",25
"40343",-49088.484392631,"NRI_P077",50
"40344",-39850.556462631,"NRI_P077",100
"40345",-34237.794762631,"NRI_P077",25
"40346",-8382.14092263099,"NRI_P077",50
"40347",-45366.599702631,"NRI_P077",100
"40348",-28443.460162631,"NRI_P077",25
"40349",-11086.621082631,"NRI_P077",50
"40350",-54627.542162631,"NRI_P077",100
"40351",-20769.788642631,"NRI_P077",25
"40352",-20235.107682631,"NRI_P077",50
"40353",-48001.919452631,"NRI_P077",100
"40354",6000.801407369,"NRI_P077",25
"40355",-3507.71894263101,"NRI_P077",50
"40356",-46267.730932631,"NRI_P077",100
"40357",-16145.819832631,"NRI_P077",25
"40358",85.9299573689932,"NRI_P077",50
"40359",-43149.723352631,"NRI_P077",100
"40360",1726.38607736901,"NRI_P077",25
"40361",-2676.09330263099,"NRI_P077",50
"40362",-36130.965482631,"NRI_P077",100
"40363",-591.723302630999,"NRI_P077",25
"40364",-14667.439782631,"NRI_P077",50
"40365",-46465.081502631,"NRI_P077",100
"40366",-39433.630352631,"NRI_P077",25
"40367",-9937.162572631,"NRI_P077",50
"40368",-42949.987362631,"NRI_P077",100
"40369",-3039.277122631,"NRI_P077",25
"40370",-44035.623022631,"NRI_P077",50
"40371",-47042.842872631,"NRI_P077",100
"40372",-4190.64071263099,"NRI_P077",25
"40373",-40114.536622631,"NRI_P077",50
"40374",-49701.361122631,"NRI_P077",100
"40375",-9088.67251263099,"NRI_P077",25
"40376",-41962.080412631,"NRI_P077",50
"40377",-48255.810242631,"NRI_P077",100
"40378",6354.602177369,"NRI_P077",25
"40379",-18350.993032631,"NRI_P077",50
"40380",-55303.279722631,"NRI_P077",100
"40381",-11009.786622631,"NRI_P077",25
"40382",2570.74444736901,"NRI_P077",50
"40383",-46513.314582631,"NRI_P077",100
"40384",-41991.820962631,"NRI_P077",25
"40385",-51196.964782631,"NRI_P077",50
"40386",-56500.398322631,"NRI_P077",100
"40387",-35840.088542631,"NRI_P077",25
"40388",-48400.128852631,"NRI_P077",50
"40389",-48101.443852631,"NRI_P077",100
"40390",-31436.490122631,"NRI_P077",25
"40391",-22269.543282631,"NRI_P077",50
"40392",-52718.897652631,"NRI_P077",100
"40393",-6695.985912631,"NRI_P077",25
"40394",-15968.016852631,"NRI_P077",50
"40395",-51303.550832631,"NRI_P077",100
"40396",-37886.523102631,"NRI_P077",25
"40397",-33829.164882631,"NRI_P077",50
"40398",-34910.443682631,"NRI_P077",100
"40399",-3848.717802631,"NRI_P077",25
"40400",-7305.26562263101,"NRI_P077",50
"40401",-54563.174072631,"NRI_P077",100
"40402",-2015.67295263099,"NRI_P077",25
"40403",-30658.955702631,"NRI_P077",50
"40404",-38356.038952631,"NRI_P077",100
"40405",-8828.83046263098,"NRI_P077",25
"40406",-1809.14028263101,"NRI_P077",50
"40407",-52903.401862631,"NRI_P077",100
"40408",-6423.15064263099,"NRI_P077",25
"40409",-41611.563632631,"NRI_P077",50
"40410",-55443.158752631,"NRI_P077",100
"40411",1974.28640736901,"NRI_P077",25
"40412",-12277.666372631,"NRI_P077",50
"40413",-49859.075662631,"NRI_P077",100
"40414",6312.328307369,"NRI_P077",25
"40415",-40835.379342631,"NRI_P077",50
"40416",-50848.976782631,"NRI_P077",100
"40417",12305.534467369,"NRI_P077",25
"40418",-45319.893542631,"NRI_P077",50
"40419",-41808.679302631,"NRI_P077",100
"40420",-49495.973202631,"NRI_P077",25
"40421",-46229.266742631,"NRI_P077",50
"40422",-50272.634202631,"NRI_P077",100
"40423",-15690.119402631,"NRI_P077",25
"40424",8.37729736900656,"NRI_P077",50
"40425",-45163.951372631,"NRI_P077",100
"40426",6316.139267369,"NRI_P077",25
"40427",-25678.399522631,"NRI_P077",50
"40428",-48462.757462631,"NRI_P077",100
"40429",-39259.730452631,"NRI_P077",25
"40430",-10562.128442631,"NRI_P077",50
"40431",-36298.207522631,"NRI_P077",100
"40432",-35211.305902631,"NRI_P077",25
"40433",-44888.415242631,"NRI_P077",50
"40434",-48808.903802631,"NRI_P077",100
"40435",-5198.555032631,"NRI_P077",25
"40436",-49315.533272631,"NRI_P077",50
"40437",-55958.483532631,"NRI_P077",100
"40438",-30570.020282631,"NRI_P077",25
"40439",3245.66202736899,"NRI_P077",50
"40440",-36964.064512631,"NRI_P077",100
"40441",-31359.621032631,"NRI_P077",25
"40442",-41403.187222631,"NRI_P077",50
"40443",-41656.332932631,"NRI_P077",100
"40444",-36664.601092631,"NRI_P077",25
"40445",-8586.86285263099,"NRI_P077",50
"40446",-44535.988732631,"NRI_P077",100
"40447",-5117.227962631,"NRI_P077",25
"40448",-45329.310592631,"NRI_P077",50
"40449",-55426.165442631,"NRI_P077",100
"40450",1712.86464736902,"NRI_P077",25
"40451",-12673.253262631,"NRI_P077",50
"40452",-52135.074592631,"NRI_P077",100
"40453",-2084.48399263099,"NRI_P077",25
"40454",-42064.324282631,"NRI_P077",50
"40455",-44342.847682631,"NRI_P077",100
"40456",-566.564492631005,"NRI_P077",25
"40457",-50969.048962631,"NRI_P077",50
"40458",-24698.285462631,"NRI_P077",100
"40459",9418.41059736899,"NRI_P077",25
"40460",-1812.27799263099,"NRI_P077",50
"40461",-41841.838922631,"NRI_P077",100
"40462",-32231.301702631,"NRI_P077",25
"40463",-48920.378692631,"NRI_P077",50
"40464",-46247.358292631,"NRI_P077",100
"40465",-38613.455102631,"NRI_P077",25
"40466",-11814.903332631,"NRI_P077",50
"40467",-47879.416942631,"NRI_P077",100
"40468",-8656.18938263098,"NRI_P077",25
"40469",-29858.836172631,"NRI_P077",50
"40470",-60198.642832631,"NRI_P077",100
"40471",-7811.027252631,"NRI_P077",25
"40472",-46678.027572631,"NRI_P077",50
"40473",-44119.802562631,"NRI_P077",100
"40474",-5526.72691263098,"NRI_P077",25
"40475",-9281.39757263099,"NRI_P077",50
"40476",-56324.504592631,"NRI_P077",100
"40477",6770.528917369,"NRI_P077",25
"40478",-41455.412932631,"NRI_P077",50
"40479",-53402.849852631,"NRI_P077",100
"40480",-4522.56810263099,"NRI_P077",25
"40481",-25587.448862631,"NRI_P077",50
"40482",-50961.528832631,"NRI_P077",100
"40483",-9211.53026263099,"NRI_P077",25
"40484",-41317.010022631,"NRI_P077",50
"40485",-31719.157122631,"NRI_P077",100
"40486",-6822.08919263099,"NRI_P077",25
"40487",-11207.178002631,"NRI_P077",50
"40488",-25895.089952631,"NRI_P077",100
"40489",6986.26651736902,"NRI_P077",25
"40490",-35145.358112631,"NRI_P077",50
"40491",-47508.392482631,"NRI_P077",100
"40492",-6629.549982631,"NRI_P077",25
"40493",-5199.91788263098,"NRI_P077",50
"40494",-57343.340032631,"NRI_P077",100
"40495",6528.805157369,"NRI_P077",25
"40496",-31682.715802631,"NRI_P077",50
"40497",-55476.158752631,"NRI_P077",100
"40498",-5630.321822631,"NRI_P077",25
"40499",-21580.877912631,"NRI_P077",50
"40500",-44347.279622631,"NRI_P077",100
"40501",-2367.71430358198,"NRI_P078",25
"40502",-14325.390093582,"NRI_P078",50
"40503",-27626.739773582,"NRI_P078",100
"40504",-14898.434323582,"NRI_P078",25
"40505",-20474.9701935819,"NRI_P078",50
"40506",-23446.896733582,"NRI_P078",100
"40507",-1200.89870358194,"NRI_P078",25
"40508",23564.068446418,"NRI_P078",50
"40509",7042.19993641804,"NRI_P078",100
"40510",7823.10549641802,"NRI_P078",25
"40511",-4050.32920358196,"NRI_P078",50
"40512",-27754.004663582,"NRI_P078",100
"40513",16633.9175264181,"NRI_P078",25
"40514",-9077.14962358196,"NRI_P078",50
"40515",-24908.1208935819,"NRI_P078",100
"40516",33704.398636418,"NRI_P078",25
"40517",3083.30989641801,"NRI_P078",50
"40518",-9509.68106358196,"NRI_P078",100
"40519",-1033.31662358198,"NRI_P078",25
"40520",10844.090246418,"NRI_P078",50
"40521",-30814.802533582,"NRI_P078",100
"40522",-5304.61686358199,"NRI_P078",25
"40523",8032.00535641803,"NRI_P078",50
"40524",16939.762536418,"NRI_P078",100
"40525",-18657.405613582,"NRI_P078",25
"40526",-1588.78899358195,"NRI_P078",50
"40527",-1725.20657358196,"NRI_P078",100
"40528",-5272.44888358196,"NRI_P078",25
"40529",-7682.56226358196,"NRI_P078",50
"40530",-25365.025923582,"NRI_P078",100
"40531",16670.280526418,"NRI_P078",25
"40532",68548.298716418,"NRI_P078",50
"40533",-18712.396423582,"NRI_P078",100
"40534",28486.344366418,"NRI_P078",25
"40535",-10190.813573582,"NRI_P078",50
"40536",-28584.931003582,"NRI_P078",100
"40537",11721.515186418,"NRI_P078",25
"40538",-26470.610813582,"NRI_P078",50
"40539",-13909.120623582,"NRI_P078",100
"40540",302.541366418009,"NRI_P078",25
"40541",3405.70037641801,"NRI_P078",50
"40542",-25876.696793582,"NRI_P078",100
"40543",4409.74050641805,"NRI_P078",25
"40544",-10249.019093582,"NRI_P078",50
"40545",26217.509446418,"NRI_P078",100
"40546",-16261.794683582,"NRI_P078",25
"40547",36794.141406418,"NRI_P078",50
"40548",77180.2672164181,"NRI_P078",100
"40549",-11054.436253582,"NRI_P078",25
"40550",1996.89280641801,"NRI_P078",50
"40551",7264.38101641805,"NRI_P078",100
"40552",-12020.316073582,"NRI_P078",25
"40553",10914.841886418,"NRI_P078",50
"40554",-30914.318263582,"NRI_P078",100
"40555",-26045.573723582,"NRI_P078",25
"40556",44611.817276418,"NRI_P078",50
"40557",1627.56947641802,"NRI_P078",100
"40558",-18355.249243582,"NRI_P078",25
"40559",6208.93913641805,"NRI_P078",50
"40560",22097.105736418,"NRI_P078",100
"40561",13872.058416418,"NRI_P078",25
"40562",-37026.108193582,"NRI_P078",50
"40563",21194.2813964181,"NRI_P078",100
"40564",-2670.90239358199,"NRI_P078",25
"40565",-34956.8955235819,"NRI_P078",50
"40566",39339.364196418,"NRI_P078",100
"40567",-673.383613581944,"NRI_P078",25
"40568",-2700.32892358198,"NRI_P078",50
"40569",73173.6639264181,"NRI_P078",100
"40570",-2600.14403358195,"NRI_P078",25
"40571",25481.857056418,"NRI_P078",50
"40572",-7559.50223358197,"NRI_P078",100
"40573",39788.889496418,"NRI_P078",25
"40574",-10691.488473582,"NRI_P078",50
"40575",-28071.014693582,"NRI_P078",100
"40576",-11388.187313582,"NRI_P078",25
"40577",24448.385286418,"NRI_P078",50
"40578",-18837.603643582,"NRI_P078",100
"40579",-23302.067233582,"NRI_P078",25
"40580",22519.592376418,"NRI_P078",50
"40581",-36372.9026635819,"NRI_P078",100
"40582",-20595.017573582,"NRI_P078",25
"40583",-14585.182143582,"NRI_P078",50
"40584",-36262.9260935819,"NRI_P078",100
"40585",-2835.67765358195,"NRI_P078",25
"40586",-12042.359783582,"NRI_P078",50
"40587",-41007.507323582,"NRI_P078",100
"40588",11792.181906418,"NRI_P078",25
"40589",6948.72195641801,"NRI_P078",50
"40590",742.663966418011,"NRI_P078",100
"40591",-6705.78185358195,"NRI_P078",25
"40592",-15573.494533582,"NRI_P078",50
"40593",1132.71092641802,"NRI_P078",100
"40594",11379.1403664181,"NRI_P078",25
"40595",20316.900916418,"NRI_P078",50
"40596",-4168.10585358198,"NRI_P078",100
"40597",-10820.377493582,"NRI_P078",25
"40598",53619.578116418,"NRI_P078",50
"40599",10444.750356418,"NRI_P078",100
"40600",-14251.998983582,"NRI_P078",25
"40601",31669.262426418,"NRI_P078",50
"40602",-33251.286503582,"NRI_P078",100
"40603",-14734.934333582,"NRI_P078",25
"40604",10441.934186418,"NRI_P078",50
"40605",-29502.593963582,"NRI_P078",100
"40606",1910.235286418,"NRI_P078",25
"40607",-3727.01268358197,"NRI_P078",50
"40608",-28372.683843582,"NRI_P078",100
"40609",4047.88136641803,"NRI_P078",25
"40610",-7270.87977358198,"NRI_P078",50
"40611",82541.1554864181,"NRI_P078",100
"40612",11130.255446418,"NRI_P078",25
"40613",-8854.36288358195,"NRI_P078",50
"40614",-12332.620493582,"NRI_P078",100
"40615",-8271.27025358198,"NRI_P078",25
"40616",-15960.453173582,"NRI_P078",50
"40617",9229.88497641805,"NRI_P078",100
"40618",-12275.796153582,"NRI_P078",25
"40619",2871.69920641801,"NRI_P078",50
"40620",-23368.980053582,"NRI_P078",100
"40621",-8662.132963582,"NRI_P078",25
"40622",1234.91776641802,"NRI_P078",50
"40623",-20317.895083582,"NRI_P078",100
"40624",595.432666418026,"NRI_P078",25
"40625",57905.616136418,"NRI_P078",50
"40626",-592.202193581965,"NRI_P078",100
"40627",15149.142026418,"NRI_P078",25
"40628",-18189.917723582,"NRI_P078",50
"40629",11369.500886418,"NRI_P078",100
"40630",9168.48722641804,"NRI_P078",25
"40631",18036.964096418,"NRI_P078",50
"40632",21719.136816418,"NRI_P078",100
"40633",8207.66702641803,"NRI_P078",25
"40634",-17847.324273582,"NRI_P078",50
"40635",38759.211176418,"NRI_P078",100
"40636",-24780.038733582,"NRI_P078",25
"40637",15008.122036418,"NRI_P078",50
"40638",-14568.310863582,"NRI_P078",100
"40639",-24912.130483582,"NRI_P078",25
"40640",-9767.03337358194,"NRI_P078",50
"40641",4822.48566641804,"NRI_P078",100
"40642",-587.866913581965,"NRI_P078",25
"40643",-6227.10487358196,"NRI_P078",50
"40644",-21054.608473582,"NRI_P078",100
"40645",303.393776418001,"NRI_P078",25
"40646",-46835.566653582,"NRI_P078",50
"40647",-42070.499993582,"NRI_P078",100
"40648",1056.73428641801,"NRI_P078",25
"40649",-6989.40667358198,"NRI_P078",50
"40650",-4803.766983582,"NRI_P078",100
"40651",-27304.247173582,"NRI_P078",25
"40652",9022.46739641804,"NRI_P078",50
"40653",-8437.66277358198,"NRI_P078",100
"40654",-12246.538563582,"NRI_P078",25
"40655",-13931.646833582,"NRI_P078",50
"40656",12173.874846418,"NRI_P078",100
"40657",-5671.48246358195,"NRI_P078",25
"40658",-11521.035413582,"NRI_P078",50
"40659",11679.629666418,"NRI_P078",100
"40660",-5699.47495358199,"NRI_P078",25
"40661",-6281.93805358198,"NRI_P078",50
"40662",-16616.7988535819,"NRI_P078",100
"40663",13933.933316418,"NRI_P078",25
"40664",-14526.679453582,"NRI_P078",50
"40665",-917.131013581995,"NRI_P078",100
"40666",3770.748786418,"NRI_P078",25
"40667",15829.677236418,"NRI_P078",50
"40668",1129.87678641803,"NRI_P078",100
"40669",5692.97993641801,"NRI_P078",25
"40670",6459.70143641805,"NRI_P078",50
"40671",-17822.801033582,"NRI_P078",100
"40672",-2717.00166358199,"NRI_P078",25
"40673",5863.56210641802,"NRI_P078",50
"40674",29071.824726418,"NRI_P078",100
"40675",-12551.883133582,"NRI_P078",25
"40676",-5297.99667358195,"NRI_P078",50
"40677",7996.784026418,"NRI_P078",100
"40678",21475.020246418,"NRI_P078",25
"40679",-14982.606023582,"NRI_P078",50
"40680",20569.783696418,"NRI_P078",100
"40681",-4162.43172358198,"NRI_P078",25
"40682",-18374.522643582,"NRI_P078",50
"40683",50537.2853864181,"NRI_P078",100
"40684",-23686.479723582,"NRI_P078",25
"40685",38497.282066418,"NRI_P078",50
"40686",-3475.96248358197,"NRI_P078",100
"40687",6086.180186418,"NRI_P078",25
"40688",-16338.000453582,"NRI_P078",50
"40689",11100.356136418,"NRI_P078",100
"40690",-25416.369383582,"NRI_P078",25
"40691",3043.99655641802,"NRI_P078",50
"40692",-35004.813583582,"NRI_P078",100
"40693",41320.8583364181,"NRI_P078",25
"40694",-9830.91178358195,"NRI_P078",50
"40695",3391.116356418,"NRI_P078",100
"40696",-17490.111503582,"NRI_P078",25
"40697",43640.383726418,"NRI_P078",50
"40698",-26095.353653582,"NRI_P078",100
"40699",961.912476418016,"NRI_P078",25
"40700",-13664.210023582,"NRI_P078",50
"40701",-579.955123581982,"NRI_P078",100
"40702",26381.488546418,"NRI_P078",25
"40703",-4911.39126358199,"NRI_P078",50
"40704",-34436.856723582,"NRI_P078",100
"40705",1240.84726641804,"NRI_P078",25
"40706",4444.94095641805,"NRI_P078",50
"40707",-8768.18963358196,"NRI_P078",100
"40708",-7587.40939358197,"NRI_P078",25
"40709",-3416.781293582,"NRI_P078",50
"40710",-43562.510583582,"NRI_P078",100
"40711",-21135.843183582,"NRI_P078",25
"40712",12725.990836418,"NRI_P078",50
"40713",-27054.965693582,"NRI_P078",100
"40714",-3593.69251358195,"NRI_P078",25
"40715",38345.008526418,"NRI_P078",50
"40716",-6871.42397358199,"NRI_P078",100
"40717",-8096.18839358195,"NRI_P078",25
"40718",-34692.256843582,"NRI_P078",50
"40719",-38723.6596735819,"NRI_P078",100
"40720",14814.848546418,"NRI_P078",25
"40721",-22292.216453582,"NRI_P078",50
"40722",-28568.589293582,"NRI_P078",100
"40723",67181.8746264181,"NRI_P078",25
"40724",-6306.33983358199,"NRI_P078",50
"40725",43138.780106418,"NRI_P078",100
"40726",25951.731046418,"NRI_P078",25
"40727",13365.205706418,"NRI_P078",50
"40728",-1264.83118358196,"NRI_P078",100
"40729",-19503.2932735819,"NRI_P078",25
"40730",70660.005946418,"NRI_P078",50
"40731",-18436.921573582,"NRI_P078",100
"40732",-11675.092483582,"NRI_P078",25
"40733",5686.251966418,"NRI_P078",50
"40734",19570.067846418,"NRI_P078",100
"40735",32436.785986418,"NRI_P078",25
"40736",34608.371856418,"NRI_P078",50
"40737",-26059.292543582,"NRI_P078",100
"40738",1899.91825641802,"NRI_P078",25
"40739",10614.936136418,"NRI_P078",50
"40740",11600.876096418,"NRI_P078",100
"40741",-11595.1468235819,"NRI_P078",25
"40742",-31738.487743582,"NRI_P078",50
"40743",-4278.13923358195,"NRI_P078",100
"40744",27224.1317664181,"NRI_P078",25
"40745",40567.486296418,"NRI_P078",50
"40746",9650.76274641801,"NRI_P078",100
"40747",-6581.64265358198,"NRI_P078",25
"40748",-19049.979283582,"NRI_P078",50
"40749",29228.832906418,"NRI_P078",100
"40750",-11276.987313582,"NRI_P078",25
"40751",550.935646418016,"NRI_P078",50
"40752",17851.275006418,"NRI_P078",100
"40753",15198.439616418,"NRI_P078",25
"40754",-31496.449963582,"NRI_P078",50
"40755",-28156.853983582,"NRI_P078",100
"40756",17426.014606418,"NRI_P078",25
"40757",-17373.443523582,"NRI_P078",50
"40758",-6484.537493582,"NRI_P078",100
"40759",7320.431516418,"NRI_P078",25
"40760",-11094.2168835819,"NRI_P078",50
"40761",-23154.796643582,"NRI_P078",100
"40762",7395.52009641804,"NRI_P078",25
"40763",-4509.44319358194,"NRI_P078",50
"40764",11200.045126418,"NRI_P078",100
"40765",45617.6451364181,"NRI_P078",25
"40766",-5480.29104358196,"NRI_P078",50
"40767",-23764.507443582,"NRI_P078",100
"40768",-10323.699573582,"NRI_P078",25
"40769",-13630.836093582,"NRI_P078",50
"40770",34401.294096418,"NRI_P078",100
"40771",19083.764786418,"NRI_P078",25
"40772",27127.108196418,"NRI_P078",50
"40773",-24436.348383582,"NRI_P078",100
"40774",253.663806418015,"NRI_P078",25
"40775",-9366.48829358199,"NRI_P078",50
"40776",-4682.38559358194,"NRI_P078",100
"40777",2202.45441641804,"NRI_P078",25
"40778",4644.332996418,"NRI_P078",50
"40779",-3719.29512358195,"NRI_P078",100
"40780",-15206.228503582,"NRI_P078",25
"40781",-13889.262323582,"NRI_P078",50
"40782",-10024.042403582,"NRI_P078",100
"40783",6968.65447641804,"NRI_P078",25
"40784",-16086.749623582,"NRI_P078",50
"40785",2361.43215641804,"NRI_P078",100
"40786",-422.425153581949,"NRI_P078",25
"40787",-10448.949493582,"NRI_P078",50
"40788",-913.560923582001,"NRI_P078",100
"40789",-14545.773493582,"NRI_P078",25
"40790",41604.160656418,"NRI_P078",50
"40791",58161.812656418,"NRI_P078",100
"40792",-5819.28135358199,"NRI_P078",25
"40793",18957.564646418,"NRI_P078",50
"40794",-18036.796923582,"NRI_P078",100
"40795",19956.425696418,"NRI_P078",25
"40796",18696.292316418,"NRI_P078",50
"40797",-5987.18333358195,"NRI_P078",100
"40798",37700.793196418,"NRI_P078",25
"40799",-26814.356303582,"NRI_P078",50
"40800",-23259.028743582,"NRI_P078",100
"40801",-7004.45537612902,"NRI_P080",25
"40802",-13971.208586129,"NRI_P080",50
"40803",-58148.0709861291,"NRI_P080",100
"40804",-32854.755076129,"NRI_P080",25
"40805",-37989.517176129,"NRI_P080",50
"40806",-69058.869416129,"NRI_P080",100
"40807",-4756.32389612903,"NRI_P080",25
"40808",-57347.707536129,"NRI_P080",50
"40809",-60893.976596129,"NRI_P080",100
"40810",-10123.772706129,"NRI_P080",25
"40811",-45922.199236129,"NRI_P080",50
"40812",-67972.642276129,"NRI_P080",100
"40813",45796.457023871,"NRI_P080",25
"40814",-31881.018966129,"NRI_P080",50
"40815",-8400.43623612903,"NRI_P080",100
"40816",-2419.77330612903,"NRI_P080",25
"40817",-50356.684466129,"NRI_P080",50
"40818",-47674.036316129,"NRI_P080",100
"40819",-25544.458656129,"NRI_P080",25
"40820",-51838.533876129,"NRI_P080",50
"40821",11222.895683871,"NRI_P080",100
"40822",-22297.760916129,"NRI_P080",25
"40823",-58826.6056761291,"NRI_P080",50
"40824",-81752.420136129,"NRI_P080",100
"40825",-23055.293766129,"NRI_P080",25
"40826",-15648.411436129,"NRI_P080",50
"40827",-66058.038786129,"NRI_P080",100
"40828",-784.114026129013,"NRI_P080",25
"40829",-29015.616876129,"NRI_P080",50
"40830",-57452.091616129,"NRI_P080",100
"40831",-37176.872836129,"NRI_P080",25
"40832",-35749.419106129,"NRI_P080",50
"40833",-59874.214116129,"NRI_P080",100
"40834",50968.606663871,"NRI_P080",25
"40835",-40133.534426129,"NRI_P080",50
"40836",-39794.061556129,"NRI_P080",100
"40837",-22129.053086129,"NRI_P080",25
"40838",-31486.808546129,"NRI_P080",50
"40839",-80233.818276129,"NRI_P080",100
"40840",-22734.511476129,"NRI_P080",25
"40841",-27606.975486129,"NRI_P080",50
"40842",-73216.439266129,"NRI_P080",100
"40843",-14482.177766129,"NRI_P080",25
"40844",-33824.552876129,"NRI_P080",50
"40845",-36346.464116129,"NRI_P080",100
"40846",-29959.087706129,"NRI_P080",25
"40847",348.01592387096,"NRI_P080",50
"40848",-59883.883416129,"NRI_P080",100
"40849",-14308.386416129,"NRI_P080",25
"40850",-38418.786666129,"NRI_P080",50
"40851",-15438.801996129,"NRI_P080",100
"40852",-6050.32500612905,"NRI_P080",25
"40853",-42584.988246129,"NRI_P080",50
"40854",-78582.414796129,"NRI_P080",100
"40855",-30818.417076129,"NRI_P080",25
"40856",-48642.142596129,"NRI_P080",50
"40857",-68771.647466129,"NRI_P080",100
"40858",-40296.048516129,"NRI_P080",25
"40859",-51804.077166129,"NRI_P080",50
"40860",-77138.839196129,"NRI_P080",100
"40861",-10529.394576129,"NRI_P080",25
"40862",-28747.015126129,"NRI_P080",50
"40863",2663.78005387099,"NRI_P080",100
"40864",2130.404573871,"NRI_P080",25
"40865",-18816.569966129,"NRI_P080",50
"40866",-35883.875706129,"NRI_P080",100
"40867",-1019.45537612902,"NRI_P080",25
"40868",-17325.793316129,"NRI_P080",50
"40869",16180.910943871,"NRI_P080",100
"40870",-8395.39349612902,"NRI_P080",25
"40871",-39806.9739261291,"NRI_P080",50
"40872",-45438.875506129,"NRI_P080",100
"40873",-17380.690256129,"NRI_P080",25
"40874",-31908.227656129,"NRI_P080",50
"40875",-53625.056436129,"NRI_P080",100
"40876",-24853.456086129,"NRI_P080",25
"40877",-48642.875716129,"NRI_P080",50
"40878",-57088.733296129,"NRI_P080",100
"40879",-13535.971856129,"NRI_P080",25
"40880",-62709.062796129,"NRI_P080",50
"40881",-63996.962506129,"NRI_P080",100
"40882",-30002.025906129,"NRI_P080",25
"40883",-2450.02220612904,"NRI_P080",50
"40884",-80473.039536129,"NRI_P080",100
"40885",-6547.722176129,"NRI_P080",25
"40886",-34664.538456129,"NRI_P080",50
"40887",-36937.011496129,"NRI_P080",100
"40888",-7373.15280612902,"NRI_P080",25
"40889",-31927.989116129,"NRI_P080",50
"40890",-66718.6990361291,"NRI_P080",100
"40891",-20635.908666129,"NRI_P080",25
"40892",-44647.819106129,"NRI_P080",50
"40893",-52484.484236129,"NRI_P080",100
"40894",-6686.73331612902,"NRI_P080",25
"40895",-31917.583206129,"NRI_P080",50
"40896",-62383.860826129,"NRI_P080",100
"40897",-11476.654056129,"NRI_P080",25
"40898",-33207.940226129,"NRI_P080",50
"40899",-82881.069746129,"NRI_P080",100
"40900",-36335.207926129,"NRI_P080",25
"40901",-2456.43674612901,"NRI_P080",50
"40902",-69571.744656129,"NRI_P080",100
"40903",60022.810813871,"NRI_P080",25
"40904",-12246.356846129,"NRI_P080",50
"40905",-45863.648736129,"NRI_P080",100
"40906",-14812.422546129,"NRI_P080",25
"40907",-32566.693336129,"NRI_P080",50
"40908",-76864.282866129,"NRI_P080",100
"40909",-597.858946129039,"NRI_P080",25
"40910",-39161.731866129,"NRI_P080",50
"40911",-27829.787706129,"NRI_P080",100
"40912",72465.962263871,"NRI_P080",25
"40913",-29786.165556129,"NRI_P080",50
"40914",-66685.772656129,"NRI_P080",100
"40915",3641.15555387095,"NRI_P080",25
"40916",-25763.5656961291,"NRI_P080",50
"40917",-74039.623546129,"NRI_P080",100
"40918",11162.239253871,"NRI_P080",25
"40919",-40555.630686129,"NRI_P080",50
"40920",-68992.636356129,"NRI_P080",100
"40921",-40737.210136129,"NRI_P080",25
"40922",-31259.431056129,"NRI_P080",50
"40923",-53133.996436129,"NRI_P080",100
"40924",-27385.415036129,"NRI_P080",25
"40925",-23929.275166129,"NRI_P080",50
"40926",-59289.199086129,"NRI_P080",100
"40927",-24540.197556129,"NRI_P080",25
"40928",-61147.318396129,"NRI_P080",50
"40929",-13703.834296129,"NRI_P080",100
"40930",-25462.418426129,"NRI_P080",25
"40931",-36449.951096129,"NRI_P080",50
"40932",-57232.761766129,"NRI_P080",100
"40933",-11876.097606129,"NRI_P080",25
"40934",-26583.576816129,"NRI_P080",50
"40935",-70590.143676129,"NRI_P080",100
"40936",-32002.342936129,"NRI_P080",25
"40937",-21188.711046129,"NRI_P080",50
"40938",-63141.903246129,"NRI_P080",100
"40939",-16331.199536129,"NRI_P080",25
"40940",-11138.148696129,"NRI_P080",50
"40941",-60961.178296129,"NRI_P080",100
"40942",-5048.93584612902,"NRI_P080",25
"40943",-24209.320866129,"NRI_P080",50
"40944",28095.247283871,"NRI_P080",100
"40945",-6319.429896129,"NRI_P080",25
"40946",3182.749493871,"NRI_P080",50
"40947",-65552.730296129,"NRI_P080",100
"40948",-29075.141266129,"NRI_P080",25
"40949",-30811.169806129,"NRI_P080",50
"40950",-53052.037166129,"NRI_P080",100
"40951",-26839.948536129,"NRI_P080",25
"40952",-24009.316616129,"NRI_P080",50
"40953",-39914.155266129,"NRI_P080",100
"40954",-8432.41291612905,"NRI_P080",25
"40955",-18231.469096129,"NRI_P080",50
"40956",-68737.453486129,"NRI_P080",100
"40957",-29580.189886129,"NRI_P080",25
"40958",-26106.660296129,"NRI_P080",50
"40959",-5663.69591612904,"NRI_P080",100
"40960",-12309.529576129,"NRI_P080",25
"40961",-34363.577046129,"NRI_P080",50
"40962",-76892.980756129,"NRI_P080",100
"40963",2373.56161387096,"NRI_P080",25
"40964",-46798.428616129,"NRI_P080",50
"40965",-58857.529526129,"NRI_P080",100
"40966",-26247.371996129,"NRI_P080",25
"40967",-39701.831736129,"NRI_P080",50
"40968",3226.32498387096,"NRI_P080",100
"40969",-7272.62058612902,"NRI_P080",25
"40970",-34669.129496129,"NRI_P080",50
"40971",-76666.788816129,"NRI_P080",100
"40972",-8924.54565612902,"NRI_P080",25
"40973",-20443.314006129,"NRI_P080",50
"40974",21141.550593871,"NRI_P080",100
"40975",50815.836723871,"NRI_P080",25
"40976",-33332.077866129,"NRI_P080",50
"40977",-72160.174136129,"NRI_P080",100
"40978",-10061.139916129,"NRI_P080",25
"40979",-2205.21708612901,"NRI_P080",50
"40980",-37425.816546129,"NRI_P080",100
"40981",-16289.730136129,"NRI_P080",25
"40982",19867.696663871,"NRI_P080",50
"40983",-68973.244826129,"NRI_P080",100
"40984",-7285.70668612904,"NRI_P080",25
"40985",-32284.399286129,"NRI_P080",50
"40986",-65020.289666129,"NRI_P080",100
"40987",-4954.86322612903,"NRI_P080",25
"40988",-17813.932656129,"NRI_P080",50
"40989",-68958.028046129,"NRI_P080",100
"40990",-15695.595696129,"NRI_P080",25
"40991",-57547.381236129,"NRI_P080",50
"40992",-66880.327896129,"NRI_P080",100
"40993",13523.585313871,"NRI_P080",25
"40994",-38125.5116661291,"NRI_P080",50
"40995",-43345.706536129,"NRI_P080",100
"40996",-13140.774966129,"NRI_P080",25
"40997",-56873.826156129,"NRI_P080",50
"40998",-55307.244576129,"NRI_P080",100
"40999",-11491.648466129,"NRI_P080",25
"41000",-10218.108126129,"NRI_P080",50
"41001",-62730.776926129,"NRI_P080",100
"41002",-15615.522266129,"NRI_P080",25
"41003",-41062.6276761291,"NRI_P080",50
"41004",-11861.992246129,"NRI_P080",100
"41005",-24645.881686129,"NRI_P080",25
"41006",-18161.116856129,"NRI_P080",50
"41007",-76714.816026129,"NRI_P080",100
"41008",-6724.64079612901,"NRI_P080",25
"41009",-736.922736129025,"NRI_P080",50
"41010",-64857.179756129,"NRI_P080",100
"41011",-3109.604156129,"NRI_P080",25
"41012",-42099.4486461291,"NRI_P080",50
"41013",-68758.275736129,"NRI_P080",100
"41014",-7948.88123612903,"NRI_P080",25
"41015",-33505.381276129,"NRI_P080",50
"41016",-57753.899096129,"NRI_P080",100
"41017",-17346.761706129,"NRI_P080",25
"41018",-34057.873046129,"NRI_P080",50
"41019",-8613.03982612904,"NRI_P080",100
"41020",-16068.613366129,"NRI_P080",25
"41021",-35369.226246129,"NRI_P080",50
"41022",-55527.126446129,"NRI_P080",100
"41023",-26753.582576129,"NRI_P080",25
"41024",30226.333463871,"NRI_P080",50
"41025",38530.567333871,"NRI_P080",100
"41026",-33102.754866129,"NRI_P080",25
"41027",4421.66429387097,"NRI_P080",50
"41028",-51992.872346129,"NRI_P080",100
"41029",-14606.895656129,"NRI_P080",25
"41030",-40313.853526129,"NRI_P080",50
"41031",18071.944863871,"NRI_P080",100
"41032",-22455.370296129,"NRI_P080",25
"41033",-43056.093256129,"NRI_P080",50
"41034",530.025673870987,"NRI_P080",100
"41035",-17426.128346129,"NRI_P080",25
"41036",-24643.441646129,"NRI_P080",50
"41037",19667.296673871,"NRI_P080",100
"41038",10545.170933871,"NRI_P080",25
"41039",-39336.792946129,"NRI_P080",50
"41040",-61285.647306129,"NRI_P080",100
"41041",-5463.82662612904,"NRI_P080",25
"41042",-52774.370776129,"NRI_P080",50
"41043",-49792.894086129,"NRI_P080",100
"41044",-32393.416186129,"NRI_P080",25
"41045",-25985.8421761291,"NRI_P080",50
"41046",-422.497036129003,"NRI_P080",100
"41047",-13390.509476129,"NRI_P080",25
"41048",12422.666693871,"NRI_P080",50
"41049",-35823.450066129,"NRI_P080",100
"41050",44545.6929038709,"NRI_P080",25
"41051",-21031.211456129,"NRI_P080",50
"41052",-41832.420216129,"NRI_P080",100
"41053",4044.23530387098,"NRI_P080",25
"41054",-29619.268636129,"NRI_P080",50
"41055",-54947.146616129,"NRI_P080",100
"41056",-2913.39526612899,"NRI_P080",25
"41057",-4055.196476129,"NRI_P080",50
"41058",-72026.529896129,"NRI_P080",100
"41059",47410.5860438709,"NRI_P080",25
"41060",-33250.951536129,"NRI_P080",50
"41061",-71893.610416129,"NRI_P080",100
"41062",-28416.669276129,"NRI_P080",25
"41063",-11268.551086129,"NRI_P080",50
"41064",-61553.205326129,"NRI_P080",100
"41065",8008.96395387099,"NRI_P080",25
"41066",-26245.904316129,"NRI_P080",50
"41067",-56457.199466129,"NRI_P080",100
"41068",-34922.427916129,"NRI_P080",25
"41069",-39301.887806129,"NRI_P080",50
"41070",-59170.396616129,"NRI_P080",100
"41071",-3220.37468612904,"NRI_P080",25
"41072",-3278.64886612905,"NRI_P080",50
"41073",-50267.7598161291,"NRI_P080",100
"41074",-8154.249146129,"NRI_P080",25
"41075",-46251.585316129,"NRI_P080",50
"41076",-76810.733196129,"NRI_P080",100
"41077",-23617.524046129,"NRI_P080",25
"41078",-24160.765736129,"NRI_P080",50
"41079",-5650.34612612904,"NRI_P080",100
"41080",-16905.637786129,"NRI_P080",25
"41081",-53618.534996129,"NRI_P080",50
"41082",-64644.705556129,"NRI_P080",100
"41083",-4876.172236129,"NRI_P080",25
"41084",-32580.220106129,"NRI_P080",50
"41085",12876.518223871,"NRI_P080",100
"41086",-23586.292896129,"NRI_P080",25
"41087",-29072.212036129,"NRI_P080",50
"41088",-47927.156576129,"NRI_P080",100
"41089",-19413.876206129,"NRI_P080",25
"41090",-14815.2036761291,"NRI_P080",50
"41091",-55524.529816129,"NRI_P080",100
"41092",14502.347673871,"NRI_P080",25
"41093",-27966.229006129,"NRI_P080",50
"41094",-35941.016946129,"NRI_P080",100
"41095",-10922.930046129,"NRI_P080",25
"41096",-23339.632916129,"NRI_P080",50
"41097",-64224.532486129,"NRI_P080",100
"41098",19673.501713871,"NRI_P080",25
"41099",-13928.457326129,"NRI_P080",50
"41100",-61646.971656129,"NRI_P080",100
"41101",3073.27108113997,"NRI_P081",25
"41102",-45564.35935886,"NRI_P081",50
"41103",-52266.42227886,"NRI_P081",100
"41104",-16290.22904886,"NRI_P081",25
"41105",-25997.93904886,"NRI_P081",50
"41106",-68091.05151886,"NRI_P081",100
"41107",-9030.78425886005,"NRI_P081",25
"41108",-30082.90322886,"NRI_P081",50
"41109",-104530.58432886,"NRI_P081",100
"41110",-25519.93645886,"NRI_P081",25
"41111",-58697.22243886,"NRI_P081",50
"41112",-48904.33676886,"NRI_P081",100
"41113",-19743.36639886,"NRI_P081",25
"41114",-64512.59186886,"NRI_P081",50
"41115",-47381.02162886,"NRI_P081",100
"41116",-15704.84058886,"NRI_P081",25
"41117",-35129.71327886,"NRI_P081",50
"41118",-37255.96740886,"NRI_P081",100
"41119",-3805.43998886005,"NRI_P081",25
"41120",-34226.12894886,"NRI_P081",50
"41121",-52542.64030886,"NRI_P081",100
"41122",-34146.39927886,"NRI_P081",25
"41123",-48797.27231886,"NRI_P081",50
"41124",-95338.12420886,"NRI_P081",100
"41125",-26228.44363886,"NRI_P081",25
"41126",-26496.01241886,"NRI_P081",50
"41127",-79394.67846886,"NRI_P081",100
"41128",-12458.01140886,"NRI_P081",25
"41129",-40104.69539886,"NRI_P081",50
"41130",-45379.76183886,"NRI_P081",100
"41131",-16043.23411886,"NRI_P081",25
"41132",-14392.55136886,"NRI_P081",50
"41133",-80083.26076886,"NRI_P081",100
"41134",-29608.61802886,"NRI_P081",25
"41135",-47338.59643886,"NRI_P081",50
"41136",-54331.82586886,"NRI_P081",100
"41137",-1383.09485886001,"NRI_P081",25
"41138",-37066.05549886,"NRI_P081",50
"41139",-43065.22303886,"NRI_P081",100
"41140",-33362.23207886,"NRI_P081",25
"41141",-24991.46697886,"NRI_P081",50
"41142",-26850.48495886,"NRI_P081",100
"41143",-28096.36626886,"NRI_P081",25
"41144",-43143.43026886,"NRI_P081",50
"41145",-39286.48069886,"NRI_P081",100
"41146",-8977.09255886002,"NRI_P081",25
"41147",-40600.77583886,"NRI_P081",50
"41148",-71913.89009886,"NRI_P081",100
"41149",5903.42259113997,"NRI_P081",25
"41150",-22162.57734886,"NRI_P081",50
"41151",-86982.64019886,"NRI_P081",100
"41152",-26404.78630886,"NRI_P081",25
"41153",-25681.52007886,"NRI_P081",50
"41154",-34068.9852288601,"NRI_P081",100
"41155",-5757.11500886001,"NRI_P081",25
"41156",-27442.68653886,"NRI_P081",50
"41157",-59600.87852886,"NRI_P081",100
"41158",-29410.46201886,"NRI_P081",25
"41159",-20285.31937886,"NRI_P081",50
"41160",-46107.79921886,"NRI_P081",100
"41161",-5956.22705886001,"NRI_P081",25
"41162",-39640.28345886,"NRI_P081",50
"41163",-51681.40986886,"NRI_P081",100
"41164",-16439.04516886,"NRI_P081",25
"41165",-39536.31018886,"NRI_P081",50
"41166",-80777.00394886,"NRI_P081",100
"41167",-12433.33625886,"NRI_P081",25
"41168",-25384.41275886,"NRI_P081",50
"41169",-52184.85623886,"NRI_P081",100
"41170",5429.62179114,"NRI_P081",25
"41171",-42338.99214886,"NRI_P081",50
"41172",-56291.70919886,"NRI_P081",100
"41173",-29066.8349488601,"NRI_P081",25
"41174",-55365.74009886,"NRI_P081",50
"41175",-49663.55213886,"NRI_P081",100
"41176",-2348.77995886002,"NRI_P081",25
"41177",-24888.14040886,"NRI_P081",50
"41178",-40559.00245886,"NRI_P081",100
"41179",816.635941140004,"NRI_P081",25
"41180",-33141.24529886,"NRI_P081",50
"41181",-65765.15317886,"NRI_P081",100
"41182",-18880.34714886,"NRI_P081",25
"41183",2998.57141113997,"NRI_P081",50
"41184",-72703.88098886,"NRI_P081",100
"41185",-15637.82939886,"NRI_P081",25
"41186",-26328.80305886,"NRI_P081",50
"41187",-79339.62236886,"NRI_P081",100
"41188",-16828.57434886,"NRI_P081",25
"41189",-48602.10110886,"NRI_P081",50
"41190",-61332.52251886,"NRI_P081",100
"41191",-1496.44023886003,"NRI_P081",25
"41192",-42223.71782886,"NRI_P081",50
"41193",-88184.97321886,"NRI_P081",100
"41194",-10541.12648886,"NRI_P081",25
"41195",-25056.3183988601,"NRI_P081",50
"41196",-78991.63389886,"NRI_P081",100
"41197",166.496101139986,"NRI_P081",25
"41198",-45222.04666886,"NRI_P081",50
"41199",-76453.73194886,"NRI_P081",100
"41200",-44192.53661886,"NRI_P081",25
"41201",-31589.96444886,"NRI_P081",50
"41202",-50882.38286886,"NRI_P081",100
"41203",-15838.13936886,"NRI_P081",25
"41204",-19440.06124886,"NRI_P081",50
"41205",-81351.78172886,"NRI_P081",100
"41206",-11556.16415886,"NRI_P081",25
"41207",-31769.91300886,"NRI_P081",50
"41208",-27235.59205886,"NRI_P081",100
"41209",-36033.72506886,"NRI_P081",25
"41210",-51263.11575886,"NRI_P081",50
"41211",-78457.96676886,"NRI_P081",100
"41212",-29999.96549886,"NRI_P081",25
"41213",-31129.73137886,"NRI_P081",50
"41214",-36073.03342886,"NRI_P081",100
"41215",-9537.55101886002,"NRI_P081",25
"41216",-32629.7756288601,"NRI_P081",50
"41217",-87307.09976886,"NRI_P081",100
"41218",-22640.65469886,"NRI_P081",25
"41219",-55082.54071886,"NRI_P081",50
"41220",-77110.57346886,"NRI_P081",100
"41221",-21084.74114886,"NRI_P081",25
"41222",-37501.00117886,"NRI_P081",50
"41223",-69894.73751886,"NRI_P081",100
"41224",-17707.54375886,"NRI_P081",25
"41225",-39917.73848886,"NRI_P081",50
"41226",-54426.31608886,"NRI_P081",100
"41227",-22090.00488886,"NRI_P081",25
"41228",-24719.27363886,"NRI_P081",50
"41229",-95347.62047886,"NRI_P081",100
"41230",-23514.62233886,"NRI_P081",25
"41231",-15677.20185886,"NRI_P081",50
"41232",-85843.93158886,"NRI_P081",100
"41233",-1855.96715886,"NRI_P081",25
"41234",-27968.91820886,"NRI_P081",50
"41235",-51791.43344886,"NRI_P081",100
"41236",-25863.42753886,"NRI_P081",25
"41237",-48599.54374886,"NRI_P081",50
"41238",-55115.45604886,"NRI_P081",100
"41239",-10129.76568886,"NRI_P081",25
"41240",-4644.05728886003,"NRI_P081",50
"41241",-68568.48792886,"NRI_P081",100
"41242",-3571.56489886,"NRI_P081",25
"41243",-27624.27176886,"NRI_P081",50
"41244",-67290.18321886,"NRI_P081",100
"41245",550.919461140002,"NRI_P081",25
"41246",-41928.78506886,"NRI_P081",50
"41247",-54595.50192886,"NRI_P081",100
"41248",-36003.47049886,"NRI_P081",25
"41249",-15523.51025886,"NRI_P081",50
"41250",-80979.53451886,"NRI_P081",100
"41251",-10126.29872886,"NRI_P081",25
"41252",-1329.80017886002,"NRI_P081",50
"41253",-55741.19543886,"NRI_P081",100
"41254",-17948.97310886,"NRI_P081",25
"41255",-11928.53803886,"NRI_P081",50
"41256",7581.77959113999,"NRI_P081",100
"41257",-13141.12485886,"NRI_P081",25
"41258",-30445.09468886,"NRI_P081",50
"41259",-72406.35638886,"NRI_P081",100
"41260",-27161.88206886,"NRI_P081",25
"41261",-19145.40181886,"NRI_P081",50
"41262",-99145.46127886,"NRI_P081",100
"41263",3088.57785114,"NRI_P081",25
"41264",-31188.34966886,"NRI_P081",50
"41265",-48881.92813886,"NRI_P081",100
"41266",-29828.13370886,"NRI_P081",25
"41267",-28674.21454886,"NRI_P081",50
"41268",-66774.98349886,"NRI_P081",100
"41269",-27455.47257886,"NRI_P081",25
"41270",-25271.58978886,"NRI_P081",50
"41271",-38209.34780886,"NRI_P081",100
"41272",-22888.25575886,"NRI_P081",25
"41273",-27754.11713886,"NRI_P081",50
"41274",-75700.54305886,"NRI_P081",100
"41275",-18440.64029886,"NRI_P081",25
"41276",-50720.84247886,"NRI_P081",50
"41277",-54926.34931886,"NRI_P081",100
"41278",-12411.55154886,"NRI_P081",25
"41279",-20618.63539886,"NRI_P081",50
"41280",-70779.80980886,"NRI_P081",100
"41281",-24161.04105886,"NRI_P081",25
"41282",-31065.75597886,"NRI_P081",50
"41283",-67040.64333886,"NRI_P081",100
"41284",19486.35645114,"NRI_P081",25
"41285",-44177.29093886,"NRI_P081",50
"41286",-69288.94532886,"NRI_P081",100
"41287",-21567.76177886,"NRI_P081",25
"41288",-46225.47245886,"NRI_P081",50
"41289",-76676.43124886,"NRI_P081",100
"41290",13706.34183114,"NRI_P081",25
"41291",-8187.63039886003,"NRI_P081",50
"41292",-7297.76776886004,"NRI_P081",100
"41293",12858.60626114,"NRI_P081",25
"41294",-27324.73608886,"NRI_P081",50
"41295",-56504.45874886,"NRI_P081",100
"41296",-22141.81904886,"NRI_P081",25
"41297",-40253.11048886,"NRI_P081",50
"41298",-83271.96101886,"NRI_P081",100
"41299",-6698.65442886,"NRI_P081",25
"41300",-50609.17437886,"NRI_P081",50
"41301",-74743.89739886,"NRI_P081",100
"41302",-8659.50288886001,"NRI_P081",25
"41303",-21354.59630886,"NRI_P081",50
"41304",-87156.17204886,"NRI_P081",100
"41305",-12733.72516886,"NRI_P081",25
"41306",-35353.34549886,"NRI_P081",50
"41307",-62398.44667886,"NRI_P081",100
"41308",-6635.55421885999,"NRI_P081",25
"41309",-40761.36660886,"NRI_P081",50
"41310",-43123.99006886,"NRI_P081",100
"41311",-3362.01716886001,"NRI_P081",25
"41312",-27529.36489886,"NRI_P081",50
"41313",-72447.82548886,"NRI_P081",100
"41314",-1588.26042886003,"NRI_P081",25
"41315",-37165.45939886,"NRI_P081",50
"41316",-60326.17777886,"NRI_P081",100
"41317",-3999.15827886004,"NRI_P081",25
"41318",-49863.93468886,"NRI_P081",50
"41319",-81722.22454886,"NRI_P081",100
"41320",-35921.91021886,"NRI_P081",25
"41321",-22638.56874886,"NRI_P081",50
"41322",-59448.30145886,"NRI_P081",100
"41323",-18977.18079886,"NRI_P081",25
"41324",-32980.61947886,"NRI_P081",50
"41325",-19602.93548886,"NRI_P081",100
"41326",-8592.51987886004,"NRI_P081",25
"41327",-16949.80000886,"NRI_P081",50
"41328",-75993.52902886,"NRI_P081",100
"41329",-31114.61984886,"NRI_P081",25
"41330",-38141.54134886,"NRI_P081",50
"41331",-43868.23274886,"NRI_P081",100
"41332",-3212.68879886001,"NRI_P081",25
"41333",-16681.91388886,"NRI_P081",50
"41334",-56605.20229886,"NRI_P081",100
"41335",-16218.39079886,"NRI_P081",25
"41336",-10033.51821886,"NRI_P081",50
"41337",-77506.88104886,"NRI_P081",100
"41338",-14959.28588886,"NRI_P081",25
"41339",-53184.45666886,"NRI_P081",50
"41340",-65243.27966886,"NRI_P081",100
"41341",-37841.23298886,"NRI_P081",25
"41342",-20869.47994886,"NRI_P081",50
"41343",-16500.71672886,"NRI_P081",100
"41344",-23075.69629886,"NRI_P081",25
"41345",-35633.77539886,"NRI_P081",50
"41346",-47723.46649886,"NRI_P081",100
"41347",-441.219658860005,"NRI_P081",25
"41348",-26161.34736886,"NRI_P081",50
"41349",-55595.41045886,"NRI_P081",100
"41350",-20546.02753886,"NRI_P081",25
"41351",-39329.51781886,"NRI_P081",50
"41352",-36125.06974886,"NRI_P081",100
"41353",-1734.70560886001,"NRI_P081",25
"41354",15636.10880114,"NRI_P081",50
"41355",-63308.14779886,"NRI_P081",100
"41356",-18116.62469886,"NRI_P081",25
"41357",-14092.43045886,"NRI_P081",50
"41358",-56768.74601886,"NRI_P081",100
"41359",-9004.84397886001,"NRI_P081",25
"41360",-43868.04573886,"NRI_P081",50
"41361",-63945.60854886,"NRI_P081",100
"41362",-1409.46446886001,"NRI_P081",25
"41363",-21884.10093886,"NRI_P081",50
"41364",-70817.76680886,"NRI_P081",100
"41365",-18215.06999886,"NRI_P081",25
"41366",-40057.04219886,"NRI_P081",50
"41367",-64247.37003886,"NRI_P081",100
"41368",-16246.51372886,"NRI_P081",25
"41369",-26845.33562886,"NRI_P081",50
"41370",-91710.69632886,"NRI_P081",100
"41371",-15936.04941886,"NRI_P081",25
"41372",-24795.60503886,"NRI_P081",50
"41373",-71073.22817886,"NRI_P081",100
"41374",-17681.40416886,"NRI_P081",25
"41375",-1076.59018886002,"NRI_P081",50
"41376",-49160.81218886,"NRI_P081",100
"41377",-37374.26492886,"NRI_P081",25
"41378",-51967.55457886,"NRI_P081",50
"41379",-49790.71963886,"NRI_P081",100
"41380",-12270.25132886,"NRI_P081",25
"41381",-45598.91733886,"NRI_P081",50
"41382",-14971.13725886,"NRI_P081",100
"41383",1392.61673114001,"NRI_P081",25
"41384",-25488.84310886,"NRI_P081",50
"41385",-77493.77346886,"NRI_P081",100
"41386",-34400.96814886,"NRI_P081",25
"41387",-25039.81274886,"NRI_P081",50
"41388",-6528.23513886001,"NRI_P081",100
"41389",-1651.85249886004,"NRI_P081",25
"41390",-24272.72248886,"NRI_P081",50
"41391",-66228.89329886,"NRI_P081",100
"41392",-18740.30506886,"NRI_P081",25
"41393",-43962.76951886,"NRI_P081",50
"41394",-65594.09756886,"NRI_P081",100
"41395",-22242.70104886,"NRI_P081",25
"41396",-52983.03900886,"NRI_P081",50
"41397",-77297.62685886,"NRI_P081",100
"41398",-2330.72994886001,"NRI_P081",25
"41399",-32828.80512886,"NRI_P081",50
"41400",-55431.36349886,"NRI_P081",100
"41401",-8667.72973540699,"NRI_P082",25
"41402",-13944.832745407,"NRI_P082",50
"41403",-14465.046335407,"NRI_P082",100
"41404",3406.72481459301,"NRI_P082",25
"41405",-19215.474915407,"NRI_P082",50
"41406",7272.428374593,"NRI_P082",100
"41407",5039.17942459299,"NRI_P082",25
"41408",13238.271774593,"NRI_P082",50
"41409",-8877.685235407,"NRI_P082",100
"41410",2742.770954593,"NRI_P082",25
"41411",-5776.91598540702,"NRI_P082",50
"41412",-2309.59871540699,"NRI_P082",100
"41413",11435.707544593,"NRI_P082",25
"41414",-14991.234665407,"NRI_P082",50
"41415",-11605.049335407,"NRI_P082",100
"41416",5439.38032459299,"NRI_P082",25
"41417",-8811.00054540701,"NRI_P082",50
"41418",-18093.407225407,"NRI_P082",100
"41419",40726.733124593,"NRI_P082",25
"41420",37414.605854593,"NRI_P082",50
"41421",4075.30993459301,"NRI_P082",100
"41422",-12601.877605407,"NRI_P082",25
"41423",-14049.753585407,"NRI_P082",50
"41424",-20960.401055407,"NRI_P082",100
"41425",-2471.39042540701,"NRI_P082",25
"41426",1302.89224459301,"NRI_P082",50
"41427",-11848.238895407,"NRI_P082",100
"41428",1032.30627459299,"NRI_P082",25
"41429",-2883.93131540701,"NRI_P082",50
"41430",-14616.108785407,"NRI_P082",100
"41431",-4114.34455540701,"NRI_P082",25
"41432",-18500.306635407,"NRI_P082",50
"41433",4708.63820459301,"NRI_P082",100
"41434",-13987.345585407,"NRI_P082",25
"41435",8601.475654593,"NRI_P082",50
"41436",-23662.008635407,"NRI_P082",100
"41437",-12866.010475407,"NRI_P082",25
"41438",-7435.99981540701,"NRI_P082",50
"41439",-19649.787855407,"NRI_P082",100
"41440",-9290.43513540699,"NRI_P082",25
"41441",-23313.478975407,"NRI_P082",50
"41442",-7984.26867540702,"NRI_P082",100
"41443",-11093.893875407,"NRI_P082",25
"41444",12223.250924593,"NRI_P082",50
"41445",-23365.183885407,"NRI_P082",100
"41446",1178.357354593,"NRI_P082",25
"41447",-11571.997875407,"NRI_P082",50
"41448",-11360.243585407,"NRI_P082",100
"41449",-1269.52393540699,"NRI_P082",25
"41450",-10436.349385407,"NRI_P082",50
"41451",-9590.26404540701,"NRI_P082",100
"41452",-9659.846045407,"NRI_P082",25
"41453",-13184.865985407,"NRI_P082",50
"41454",46637.318234593,"NRI_P082",100
"41455",-1702.919705407,"NRI_P082",25
"41456",-5963.535835407,"NRI_P082",50
"41457",-13407.999145407,"NRI_P082",100
"41458",-3194.792615407,"NRI_P082",25
"41459",-18069.167695407,"NRI_P082",50
"41460",-16571.701145407,"NRI_P082",100
"41461",-10121.920905407,"NRI_P082",25
"41462",-10523.446775407,"NRI_P082",50
"41463",14094.443104593,"NRI_P082",100
"41464",3429.54460459299,"NRI_P082",25
"41465",13595.283534593,"NRI_P082",50
"41466",-8311.75235540699,"NRI_P082",100
"41467",15633.931304593,"NRI_P082",25
"41468",3411.952174593,"NRI_P082",50
"41469",-25308.466005407,"NRI_P082",100
"41470",-12639.251105407,"NRI_P082",25
"41471",-9745.797695407,"NRI_P082",50
"41472",13278.320924593,"NRI_P082",100
"41473",-7341.77334540701,"NRI_P082",25
"41474",-8995.789875407,"NRI_P082",50
"41475",2362.330454593,"NRI_P082",100
"41476",-13972.667185407,"NRI_P082",25
"41477",6167.87277459301,"NRI_P082",50
"41478",-27719.455925407,"NRI_P082",100
"41479",2364.244914593,"NRI_P082",25
"41480",-2608.625285407,"NRI_P082",50
"41481",-21967.498175407,"NRI_P082",100
"41482",-872.562555406999,"NRI_P082",25
"41483",-1863.15855540699,"NRI_P082",50
"41484",3532.639384593,"NRI_P082",100
"41485",-2015.787145407,"NRI_P082",25
"41486",8571.79281459301,"NRI_P082",50
"41487",624.968754592992,"NRI_P082",100
"41488",8366.73117459301,"NRI_P082",25
"41489",-11240.084235407,"NRI_P082",50
"41490",-18237.541985407,"NRI_P082",100
"41491",-9520.119425407,"NRI_P082",25
"41492",394.268794592994,"NRI_P082",50
"41493",-6158.04862540701,"NRI_P082",100
"41494",16363.035474593,"NRI_P082",25
"41495",-8407.46655540701,"NRI_P082",50
"41496",-20630.906585407,"NRI_P082",100
"41497",9776.536744593,"NRI_P082",25
"41498",4947.578004593,"NRI_P082",50
"41499",-16424.354865407,"NRI_P082",100
"41500",-12667.895525407,"NRI_P082",25
"41501",1065.78655459301,"NRI_P082",50
"41502",-4447.638655407,"NRI_P082",100
"41503",-9549.206215407,"NRI_P082",25
"41504",5694.342524593,"NRI_P082",50
"41505",-14817.606245407,"NRI_P082",100
"41506",19357.502074593,"NRI_P082",25
"41507",-32660.404135407,"NRI_P082",50
"41508",12470.445384593,"NRI_P082",100
"41509",-2002.667825407,"NRI_P082",25
"41510",-14103.954365407,"NRI_P082",50
"41511",-3224.66079540699,"NRI_P082",100
"41512",-11091.980115407,"NRI_P082",25
"41513",-9130.56446540699,"NRI_P082",50
"41514",-4481.18968540701,"NRI_P082",100
"41515",-7181.48748540701,"NRI_P082",25
"41516",-18097.846485407,"NRI_P082",50
"41517",3136.631354593,"NRI_P082",100
"41518",-6991.56204540702,"NRI_P082",25
"41519",-201.448825407017,"NRI_P082",50
"41520",-12582.911245407,"NRI_P082",100
"41521",-10278.724095407,"NRI_P082",25
"41522",1060.633154593,"NRI_P082",50
"41523",-16005.040325407,"NRI_P082",100
"41524",-2238.66121540702,"NRI_P082",25
"41525",6468.602294593,"NRI_P082",50
"41526",58178.894794593,"NRI_P082",100
"41527",-9997.882115407,"NRI_P082",25
"41528",-4730.05901540699,"NRI_P082",50
"41529",9626.24328459299,"NRI_P082",100
"41530",5220.593514593,"NRI_P082",25
"41531",5772.91728459299,"NRI_P082",50
"41532",575.632304592989,"NRI_P082",100
"41533",-14191.781475407,"NRI_P082",25
"41534",12740.798114593,"NRI_P082",50
"41535",-14421.146665407,"NRI_P082",100
"41536",-7725.33620540702,"NRI_P082",25
"41537",16743.134984593,"NRI_P082",50
"41538",7813.588404593,"NRI_P082",100
"41539",-9223.85651540701,"NRI_P082",25
"41540",-15408.954165407,"NRI_P082",50
"41541",-5217.85895540699,"NRI_P082",100
"41542",7219.60442459301,"NRI_P082",25
"41543",5008.17825459299,"NRI_P082",50
"41544",-4474.68188540702,"NRI_P082",100
"41545",-3049.501275407,"NRI_P082",25
"41546",-23272.866775407,"NRI_P082",50
"41547",-12209.174285407,"NRI_P082",100
"41548",8953.047434593,"NRI_P082",25
"41549",-7494.39287540701,"NRI_P082",50
"41550",7597.22569459298,"NRI_P082",100
"41551",-1019.50593540701,"NRI_P082",25
"41552",-24.1192154070013,"NRI_P082",50
"41553",-22528.636525407,"NRI_P082",100
"41554",-6564.06455540701,"NRI_P082",25
"41555",-1916.560935407,"NRI_P082",50
"41556",-27153.401585407,"NRI_P082",100
"41557",8639.462854593,"NRI_P082",25
"41558",-5438.24519540701,"NRI_P082",50
"41559",-1508.15220540701,"NRI_P082",100
"41560",-2813.83889540701,"NRI_P082",25
"41561",-23096.909265407,"NRI_P082",50
"41562",-14911.749695407,"NRI_P082",100
"41563",1263.70229459301,"NRI_P082",25
"41564",-11004.471865407,"NRI_P082",50
"41565",397.601454593008,"NRI_P082",100
"41566",-8121.75411540701,"NRI_P082",25
"41567",2942.38755459301,"NRI_P082",50
"41568",-4313.05652540701,"NRI_P082",100
"41569",-862.758505406993,"NRI_P082",25
"41570",-25510.921825407,"NRI_P082",50
"41571",-18775.719115407,"NRI_P082",100
"41572",372.187984593009,"NRI_P082",25
"41573",9830.20224459301,"NRI_P082",50
"41574",-25019.543975407,"NRI_P082",100
"41575",-4366.799545407,"NRI_P082",25
"41576",-20635.525025407,"NRI_P082",50
"41577",-9547.57093540701,"NRI_P082",100
"41578",-4374.491535407,"NRI_P082",25
"41579",-7945.024395407,"NRI_P082",50
"41580",2351.737224593,"NRI_P082",100
"41581",8023.63639459299,"NRI_P082",25
"41582",378.75405459301,"NRI_P082",50
"41583",-21391.645915407,"NRI_P082",100
"41584",-2571.963565407,"NRI_P082",25
"41585",-10103.147855407,"NRI_P082",50
"41586",-13083.095855407,"NRI_P082",100
"41587",24322.918624593,"NRI_P082",25
"41588",16230.403904593,"NRI_P082",50
"41589",8373.807754593,"NRI_P082",100
"41590",-7059.44325540701,"NRI_P082",25
"41591",-13370.873085407,"NRI_P082",50
"41592",-34377.054895407,"NRI_P082",100
"41593",4305.90973459301,"NRI_P082",25
"41594",-20938.781395407,"NRI_P082",50
"41595",989.049424592988,"NRI_P082",100
"41596",-291.204475406994,"NRI_P082",25
"41597",1751.51632459299,"NRI_P082",50
"41598",-31497.180115407,"NRI_P082",100
"41599",-19033.067325407,"NRI_P082",25
"41600",-9023.054705407,"NRI_P082",50
"41601",-12581.950625407,"NRI_P082",100
"41602",14393.775064593,"NRI_P082",25
"41603",-22855.935185407,"NRI_P082",50
"41604",-2061.34001540701,"NRI_P082",100
"41605",-4515.37238540701,"NRI_P082",25
"41606",-11266.174935407,"NRI_P082",50
"41607",-28501.388845407,"NRI_P082",100
"41608",-8622.53496540702,"NRI_P082",25
"41609",-14139.708405407,"NRI_P082",50
"41610",-19639.253425407,"NRI_P082",100
"41611",-15530.493725407,"NRI_P082",25
"41612",-4134.335095407,"NRI_P082",50
"41613",-6164.07088540701,"NRI_P082",100
"41614",9756.375074593,"NRI_P082",25
"41615",-28070.054495407,"NRI_P082",50
"41616",6449.219814593,"NRI_P082",100
"41617",6834.27555459298,"NRI_P082",25
"41618",7743.462774593,"NRI_P082",50
"41619",10111.071974593,"NRI_P082",100
"41620",-3886.24407540701,"NRI_P082",25
"41621",-6648.316695407,"NRI_P082",50
"41622",-24894.378585407,"NRI_P082",100
"41623",-7017.90348540701,"NRI_P082",25
"41624",-9224.47194540701,"NRI_P082",50
"41625",-11887.628875407,"NRI_P082",100
"41626",-7321.71615540699,"NRI_P082",25
"41627",-5055.101835407,"NRI_P082",50
"41628",-25521.378125407,"NRI_P082",100
"41629",8922.396814593,"NRI_P082",25
"41630",-8883.68255540699,"NRI_P082",50
"41631",-15898.137625407,"NRI_P082",100
"41632",-19305.636025407,"NRI_P082",25
"41633",-19194.945695407,"NRI_P082",50
"41634",-23961.204945407,"NRI_P082",100
"41635",10640.786164593,"NRI_P082",25
"41636",-733.737655406992,"NRI_P082",50
"41637",-17838.355275407,"NRI_P082",100
"41638",916.990564592998,"NRI_P082",25
"41639",-11947.418995407,"NRI_P082",50
"41640",-14520.480635407,"NRI_P082",100
"41641",-8764.59553540702,"NRI_P082",25
"41642",-6474.93668540701,"NRI_P082",50
"41643",-19778.234955407,"NRI_P082",100
"41644",8657.63629459299,"NRI_P082",25
"41645",-9617.84472540699,"NRI_P082",50
"41646",-2356.13909540701,"NRI_P082",100
"41647",1514.26390459298,"NRI_P082",25
"41648",3280.35862459301,"NRI_P082",50
"41649",-8775.65076540702,"NRI_P082",100
"41650",8153.53900459301,"NRI_P082",25
"41651",-15773.784165407,"NRI_P082",50
"41652",-8545.33818540699,"NRI_P082",100
"41653",-1670.30219540701,"NRI_P082",25
"41654",-7858.895255407,"NRI_P082",50
"41655",-1165.23237540701,"NRI_P082",100
"41656",-7747.784455407,"NRI_P082",25
"41657",-14761.268345407,"NRI_P082",50
"41658",-37404.605565407,"NRI_P082",100
"41659",4697.21102459301,"NRI_P082",25
"41660",-5693.68863540702,"NRI_P082",50
"41661",-19798.477485407,"NRI_P082",100
"41662",-12537.137865407,"NRI_P082",25
"41663",-14701.567655407,"NRI_P082",50
"41664",-23152.776105407,"NRI_P082",100
"41665",440.264514593,"NRI_P082",25
"41666",-3073.52355540701,"NRI_P082",50
"41667",6705.46329459301,"NRI_P082",100
"41668",-14306.261245407,"NRI_P082",25
"41669",-14876.141775407,"NRI_P082",50
"41670",43584.515524593,"NRI_P082",100
"41671",-13143.326145407,"NRI_P082",25
"41672",-12547.615555407,"NRI_P082",50
"41673",-1913.91911540701,"NRI_P082",100
"41674",-11135.121415407,"NRI_P082",25
"41675",-22197.698535407,"NRI_P082",50
"41676",-15445.576635407,"NRI_P082",100
"41677",-13519.312765407,"NRI_P082",25
"41678",-24592.959375407,"NRI_P082",50
"41679",-16849.404615407,"NRI_P082",100
"41680",3850.325894593,"NRI_P082",25
"41681",-7536.80883540699,"NRI_P082",50
"41682",32402.485664593,"NRI_P082",100
"41683",2050.85580459298,"NRI_P082",25
"41684",-1859.81853540702,"NRI_P082",50
"41685",-17560.164595407,"NRI_P082",100
"41686",-3285.38900540699,"NRI_P082",25
"41687",-16103.737805407,"NRI_P082",50
"41688",-11768.131695407,"NRI_P082",100
"41689",7622.540894593,"NRI_P082",25
"41690",9010.732844593,"NRI_P082",50
"41691",-23547.247955407,"NRI_P082",100
"41692",19150.368384593,"NRI_P082",25
"41693",1556.98864459299,"NRI_P082",50
"41694",-13301.765795407,"NRI_P082",100
"41695",-17211.131075407,"NRI_P082",25
"41696",-22058.645725407,"NRI_P082",50
"41697",-13957.329735407,"NRI_P082",100
"41698",-1716.249455407,"NRI_P082",25
"41699",-10756.474995407,"NRI_P082",50
"41700",3936.654524593,"NRI_P082",100
"41701",-12586.44375325,"NRI_P083",25
"41702",-20580.26540325,"NRI_P083",50
"41703",-66886.03303325,"NRI_P083",100
"41704",-27782.12220325,"NRI_P083",25
"41705",-27872.05445325,"NRI_P083",50
"41706",-76040.21012325,"NRI_P083",100
"41707",-6813.94306325004,"NRI_P083",25
"41708",-37941.16388325,"NRI_P083",50
"41709",-50264.85653325,"NRI_P083",100
"41710",-7042.31092325004,"NRI_P083",25
"41711",-34033.82142325,"NRI_P083",50
"41712",-78761.30435325,"NRI_P083",100
"41713",-6685.92933325004,"NRI_P083",25
"41714",26384.80621675,"NRI_P083",50
"41715",-44023.73480325,"NRI_P083",100
"41716",-5054.71455325,"NRI_P083",25
"41717",-54391.86349325,"NRI_P083",50
"41718",-61408.17532325,"NRI_P083",100
"41719",-38195.74431325,"NRI_P083",25
"41720",-5958.58783325,"NRI_P083",50
"41721",-99765.81046325,"NRI_P083",100
"41722",-15756.24149325,"NRI_P083",25
"41723",-6819.40025325003,"NRI_P083",50
"41724",-67424.00986325,"NRI_P083",100
"41725",-30712.68302325,"NRI_P083",25
"41726",-20015.39828325,"NRI_P083",50
"41727",-70587.12258325,"NRI_P083",100
"41728",-22143.81965325,"NRI_P083",25
"41729",-19684.53515325,"NRI_P083",50
"41730",795.634526750015,"NRI_P083",100
"41731",-13192.80364325,"NRI_P083",25
"41732",-36695.36041325,"NRI_P083",50
"41733",-38129.47664325,"NRI_P083",100
"41734",-8894.62705325003,"NRI_P083",25
"41735",-39940.60765325,"NRI_P083",50
"41736",-40582.41689325,"NRI_P083",100
"41737",-1990.12178325001,"NRI_P083",25
"41738",-28786.99287325,"NRI_P083",50
"41739",-76734.63746325,"NRI_P083",100
"41740",14750.63440675,"NRI_P083",25
"41741",-58007.90062325,"NRI_P083",50
"41742",-12208.80060325,"NRI_P083",100
"41743",-10208.92417325,"NRI_P083",25
"41744",-25088.33177325,"NRI_P083",50
"41745",-64716.71207325,"NRI_P083",100
"41746",-44788.24352325,"NRI_P083",25
"41747",-69816.06162325,"NRI_P083",50
"41748",-74408.36094325,"NRI_P083",100
"41749",-8515.58003325004,"NRI_P083",25
"41750",-63690.73109325,"NRI_P083",50
"41751",-1140.88797325001,"NRI_P083",100
"41752",-16240.74888325,"NRI_P083",25
"41753",-42338.51072325,"NRI_P083",50
"41754",-57482.24781325,"NRI_P083",100
"41755",-33797.33299325,"NRI_P083",25
"41756",-45594.55735325,"NRI_P083",50
"41757",-59485.81312325,"NRI_P083",100
"41758",-8397.35007325001,"NRI_P083",25
"41759",-50257.61566325,"NRI_P083",50
"41760",-88697.91529325,"NRI_P083",100
"41761",-4881.96588325,"NRI_P083",25
"41762",-8665.88158325001,"NRI_P083",50
"41763",-82569.26007325,"NRI_P083",100
"41764",28568.96992675,"NRI_P083",25
"41765",-39553.49320325,"NRI_P083",50
"41766",-79918.94301325,"NRI_P083",100
"41767",-34690.14676325,"NRI_P083",25
"41768",-13138.50598325,"NRI_P083",50
"41769",-39689.06240325,"NRI_P083",100
"41770",44296.27926675,"NRI_P083",25
"41771",59722.05908675,"NRI_P083",50
"41772",-48713.32944325,"NRI_P083",100
"41773",-1645.06274324999,"NRI_P083",25
"41774",-48632.31511325,"NRI_P083",50
"41775",-79026.16566325,"NRI_P083",100
"41776",-21167.48096325,"NRI_P083",25
"41777",-30627.68026325,"NRI_P083",50
"41778",-83550.55388325,"NRI_P083",100
"41779",76452.30277675,"NRI_P083",25
"41780",-30157.43505325,"NRI_P083",50
"41781",-61452.54614325,"NRI_P083",100
"41782",-27100.03606325,"NRI_P083",25
"41783",-35531.28888325,"NRI_P083",50
"41784",10999.81786675,"NRI_P083",100
"41785",-12365.03956325,"NRI_P083",25
"41786",-32155.57659325,"NRI_P083",50
"41787",-59947.40922325,"NRI_P083",100
"41788",37314.31869675,"NRI_P083",25
"41789",-12164.65607325,"NRI_P083",50
"41790",-56463.57407325,"NRI_P083",100
"41791",-8590.60360325,"NRI_P083",25
"41792",-34675.71672325,"NRI_P083",50
"41793",-65987.70416325,"NRI_P083",100
"41794",-23782.97119325,"NRI_P083",25
"41795",3760.37072675,"NRI_P083",50
"41796",-42717.15646325,"NRI_P083",100
"41797",6478.64401674998,"NRI_P083",25
"41798",-18716.75637325,"NRI_P083",50
"41799",-77673.78106325,"NRI_P083",100
"41800",-15383.01676325,"NRI_P083",25
"41801",-54361.34114325,"NRI_P083",50
"41802",-80887.57091325,"NRI_P083",100
"41803",-37612.97182325,"NRI_P083",25
"41804",-48267.36806325,"NRI_P083",50
"41805",30010.57088675,"NRI_P083",100
"41806",-26087.41704325,"NRI_P083",25
"41807",-28889.01395325,"NRI_P083",50
"41808",-81250.90914325,"NRI_P083",100
"41809",-21547.69884325,"NRI_P083",25
"41810",-40321.14713325,"NRI_P083",50
"41811",-62991.29647325,"NRI_P083",100
"41812",-11808.52625325,"NRI_P083",25
"41813",-13234.95721325,"NRI_P083",50
"41814",-68563.31817325,"NRI_P083",100
"41815",-25246.78018325,"NRI_P083",25
"41816",-29960.76002325,"NRI_P083",50
"41817",-77464.77580325,"NRI_P083",100
"41818",4137.89776674996,"NRI_P083",25
"41819",-58931.41937325,"NRI_P083",50
"41820",-80017.00350325,"NRI_P083",100
"41821",-27291.11747325,"NRI_P083",25
"41822",-24261.91817325,"NRI_P083",50
"41823",-89115.43772325,"NRI_P083",100
"41824",-18569.46211325,"NRI_P083",25
"41825",-55182.96772325,"NRI_P083",50
"41826",-40142.85820325,"NRI_P083",100
"41827",-17120.28191325,"NRI_P083",25
"41828",-27884.46577325,"NRI_P083",50
"41829",-72786.04272325,"NRI_P083",100
"41830",-17373.50476325,"NRI_P083",25
"41831",-13650.26051325,"NRI_P083",50
"41832",-42039.20736325,"NRI_P083",100
"41833",45163.81071675,"NRI_P083",25
"41834",-52671.22454325,"NRI_P083",50
"41835",-42697.41466325,"NRI_P083",100
"41836",-9907.84186325001,"NRI_P083",25
"41837",-42695.35778325,"NRI_P083",50
"41838",-69232.45676325,"NRI_P083",100
"41839",24112.59644675,"NRI_P083",25
"41840",-44644.55523325,"NRI_P083",50
"41841",-65357.45303325,"NRI_P083",100
"41842",-12296.05718325,"NRI_P083",25
"41843",24998.13770675,"NRI_P083",50
"41844",-78630.70782325,"NRI_P083",100
"41845",-27751.38579325,"NRI_P083",25
"41846",-51947.27449325,"NRI_P083",50
"41847",-70121.17470325,"NRI_P083",100
"41848",28358.85255675,"NRI_P083",25
"41849",-33345.12027325,"NRI_P083",50
"41850",-88705.39294325,"NRI_P083",100
"41851",10537.86259675,"NRI_P083",25
"41852",-23361.57396325,"NRI_P083",50
"41853",-67362.60306325,"NRI_P083",100
"41854",-29597.77305325,"NRI_P083",25
"41855",-28513.22154325,"NRI_P083",50
"41856",-55745.28737325,"NRI_P083",100
"41857",-28593.61379325,"NRI_P083",25
"41858",-23634.03666325,"NRI_P083",50
"41859",-63896.14044325,"NRI_P083",100
"41860",-832.045633250033,"NRI_P083",25
"41861",-21910.22637325,"NRI_P083",50
"41862",-14120.50329325,"NRI_P083",100
"41863",-27384.13079325,"NRI_P083",25
"41864",-36801.70241325,"NRI_P083",50
"41865",-93393.56748325,"NRI_P083",100
"41866",4842.97003674996,"NRI_P083",25
"41867",-59935.71201325,"NRI_P083",50
"41868",-76327.59438325,"NRI_P083",100
"41869",-15611.32031325,"NRI_P083",25
"41870",-43711.07743325,"NRI_P083",50
"41871",-9151.46069325,"NRI_P083",100
"41872",-24752.75594325,"NRI_P083",25
"41873",23594.91003675,"NRI_P083",50
"41874",-64370.82604325,"NRI_P083",100
"41875",-20862.15375325,"NRI_P083",25
"41876",-17573.98748325,"NRI_P083",50
"41877",-45737.95300325,"NRI_P083",100
"41878",-31127.19720325,"NRI_P083",25
"41879",-52601.42062325,"NRI_P083",50
"41880",-82465.71454325,"NRI_P083",100
"41881",-44804.13980325,"NRI_P083",25
"41882",-28655.27548325,"NRI_P083",50
"41883",-20074.69407325,"NRI_P083",100
"41884",-40246.79511325,"NRI_P083",25
"41885",-7629.48430325004,"NRI_P083",50
"41886",-78279.29178325,"NRI_P083",100
"41887",-14245.73481325,"NRI_P083",25
"41888",-37530.71942325,"NRI_P083",50
"41889",-73001.17058325,"NRI_P083",100
"41890",-23185.16873325,"NRI_P083",25
"41891",-18985.12871325,"NRI_P083",50
"41892",-84942.17129325,"NRI_P083",100
"41893",-32174.01714325,"NRI_P083",25
"41894",-3713.59584324999,"NRI_P083",50
"41895",-64543.93037325,"NRI_P083",100
"41896",22821.96551675,"NRI_P083",25
"41897",-71379.47672325,"NRI_P083",50
"41898",-70325.62078325,"NRI_P083",100
"41899",-18786.22841325,"NRI_P083",25
"41900",-55523.12736325,"NRI_P083",50
"41901",-73912.53102325,"NRI_P083",100
"41902",-13693.79334325,"NRI_P083",25
"41903",-47285.07181325,"NRI_P083",50
"41904",-80064.56837325,"NRI_P083",100
"41905",-6609.41809325002,"NRI_P083",25
"41906",-25293.50926325,"NRI_P083",50
"41907",-76959.37744325,"NRI_P083",100
"41908",15638.94456675,"NRI_P083",25
"41909",6700.25716674997,"NRI_P083",50
"41910",-52537.87415325,"NRI_P083",100
"41911",-33011.46776325,"NRI_P083",25
"41912",-28711.55783325,"NRI_P083",50
"41913",-83165.73690325,"NRI_P083",100
"41914",12825.82626675,"NRI_P083",25
"41915",-20922.21658325,"NRI_P083",50
"41916",-50114.50891325,"NRI_P083",100
"41917",-22490.91343325,"NRI_P083",25
"41918",6855.53011674999,"NRI_P083",50
"41919",-44223.55709325,"NRI_P083",100
"41920",-8137.76627325005,"NRI_P083",25
"41921",60346.68282675,"NRI_P083",50
"41922",1258.84388674999,"NRI_P083",100
"41923",-20785.01334325,"NRI_P083",25
"41924",-1920.83191325003,"NRI_P083",50
"41925",-65924.18830325,"NRI_P083",100
"41926",-36838.24159325,"NRI_P083",25
"41927",17064.11954675,"NRI_P083",50
"41928",-32777.43177325,"NRI_P083",100
"41929",-36918.99136325,"NRI_P083",25
"41930",-69716.77667325,"NRI_P083",50
"41931",-52296.94519325,"NRI_P083",100
"41932",-19416.43772325,"NRI_P083",25
"41933",-46886.80642325,"NRI_P083",50
"41934",-9056.74530325003,"NRI_P083",100
"41935",-16079.66110325,"NRI_P083",25
"41936",-36414.13307325,"NRI_P083",50
"41937",-32955.40882325,"NRI_P083",100
"41938",-5223.18908325001,"NRI_P083",25
"41939",4376.93227674998,"NRI_P083",50
"41940",-47781.09574325,"NRI_P083",100
"41941",-23961.63804325,"NRI_P083",25
"41942",-59269.51696325,"NRI_P083",50
"41943",2213.69943674997,"NRI_P083",100
"41944",30259.84335675,"NRI_P083",25
"41945",-20730.80423325,"NRI_P083",50
"41946",-29036.36336325,"NRI_P083",100
"41947",6123.31440674997,"NRI_P083",25
"41948",-52534.37361325,"NRI_P083",50
"41949",-83527.38712325,"NRI_P083",100
"41950",-9798.28552325,"NRI_P083",25
"41951",-32062.25936325,"NRI_P083",50
"41952",-28659.68487325,"NRI_P083",100
"41953",-24913.58257325,"NRI_P083",25
"41954",-37306.87227325,"NRI_P083",50
"41955",-31774.15060325,"NRI_P083",100
"41956",-14461.37513325,"NRI_P083",25
"41957",-13235.22852325,"NRI_P083",50
"41958",-64195.13170325,"NRI_P083",100
"41959",-3086.33220325003,"NRI_P083",25
"41960",12215.46443675,"NRI_P083",50
"41961",5847.56260675,"NRI_P083",100
"41962",-15603.98246325,"NRI_P083",25
"41963",-40002.21865325,"NRI_P083",50
"41964",-96833.95049325,"NRI_P083",100
"41965",-17357.69827325,"NRI_P083",25
"41966",-48509.67165325,"NRI_P083",50
"41967",-85630.63044325,"NRI_P083",100
"41968",-24034.12760325,"NRI_P083",25
"41969",-21296.95536325,"NRI_P083",50
"41970",3684.68001675,"NRI_P083",100
"41971",-797.518943250005,"NRI_P083",25
"41972",-23316.32038325,"NRI_P083",50
"41973",-87632.35350325,"NRI_P083",100
"41974",-17056.42680325,"NRI_P083",25
"41975",-53137.36884325,"NRI_P083",50
"41976",-81515.82407325,"NRI_P083",100
"41977",-6333.89387325,"NRI_P083",25
"41978",-68383.39976325,"NRI_P083",50
"41979",-85456.38769325,"NRI_P083",100
"41980",-4732.61628325004,"NRI_P083",25
"41981",-28664.74347325,"NRI_P083",50
"41982",-50017.44755325,"NRI_P083",100
"41983",-10256.25206325,"NRI_P083",25
"41984",-27771.79026325,"NRI_P083",50
"41985",-85538.61871325,"NRI_P083",100
"41986",-14080.08731325,"NRI_P083",25
"41987",-67282.83883325,"NRI_P083",50
"41988",-22536.11589325,"NRI_P083",100
"41989",12201.41623675,"NRI_P083",25
"41990",11180.88508675,"NRI_P083",50
"41991",-30579.09649325,"NRI_P083",100
"41992",-6326.35456325003,"NRI_P083",25
"41993",-43108.48998325,"NRI_P083",50
"41994",-71078.74544325,"NRI_P083",100
"41995",-34742.69154325,"NRI_P083",25
"41996",-36021.53715325,"NRI_P083",50
"41997",-92566.55027325,"NRI_P083",100
"41998",-20387.64141325,"NRI_P083",25
"41999",-28810.18604325,"NRI_P083",50
"42000",-29489.15431325,"NRI_P083",100
"42001",-17932.691685056,"NRI_P084",25
"42002",-25405.097175056,"NRI_P084",50
"42003",-55811.832025056,"NRI_P084",100
"42004",1593.27109494398,"NRI_P084",25
"42005",-8513.12965505599,"NRI_P084",50
"42006",-53868.734765056,"NRI_P084",100
"42007",-7046.13216505601,"NRI_P084",25
"42008",-4667.08116505598,"NRI_P084",50
"42009",-53712.077535056,"NRI_P084",100
"42010",-20008.386455056,"NRI_P084",25
"42011",-34600.930855056,"NRI_P084",50
"42012",-54563.129115056,"NRI_P084",100
"42013",-42617.176355056,"NRI_P084",25
"42014",-4528.708155056,"NRI_P084",50
"42015",-56270.579525056,"NRI_P084",100
"42016",-6183.02874505601,"NRI_P084",25
"42017",-19803.402285056,"NRI_P084",50
"42018",-51707.835855056,"NRI_P084",100
"42019",8304.45926494402,"NRI_P084",25
"42020",-36613.031675056,"NRI_P084",50
"42021",-60385.701215056,"NRI_P084",100
"42022",-8329.003995056,"NRI_P084",25
"42023",-32888.433215056,"NRI_P084",50
"42024",-46217.519075056,"NRI_P084",100
"42025",-34772.313045056,"NRI_P084",25
"42026",-25762.393275056,"NRI_P084",50
"42027",-32232.845535056,"NRI_P084",100
"42028",-470.536695056013,"NRI_P084",25
"42029",-16732.226345056,"NRI_P084",50
"42030",-54533.331975056,"NRI_P084",100
"42031",-1020.22118505603,"NRI_P084",25
"42032",-18152.723675056,"NRI_P084",50
"42033",-64367.904185056,"NRI_P084",100
"42034",-22134.653445056,"NRI_P084",25
"42035",2217.48942494398,"NRI_P084",50
"42036",-42823.171215056,"NRI_P084",100
"42037",-3178.98264505598,"NRI_P084",25
"42038",-9307.39576505599,"NRI_P084",50
"42039",-51250.264725056,"NRI_P084",100
"42040",-23258.515365056,"NRI_P084",25
"42041",-27072.742415056,"NRI_P084",50
"42042",-57003.206275056,"NRI_P084",100
"42043",-20751.328725056,"NRI_P084",25
"42044",-19350.706685056,"NRI_P084",50
"42045",-61159.848815056,"NRI_P084",100
"42046",-5698.08037505602,"NRI_P084",25
"42047",-19923.000105056,"NRI_P084",50
"42048",-52911.397295056,"NRI_P084",100
"42049",-22155.260565056,"NRI_P084",25
"42050",-18846.159045056,"NRI_P084",50
"42051",-36611.417855056,"NRI_P084",100
"42052",-19961.214815056,"NRI_P084",25
"42053",-33910.375685056,"NRI_P084",50
"42054",-49334.030965056,"NRI_P084",100
"42055",-4765.05003505602,"NRI_P084",25
"42056",-21682.919865056,"NRI_P084",50
"42057",-48321.510695056,"NRI_P084",100
"42058",-20419.489755056,"NRI_P084",25
"42059",-27728.802925056,"NRI_P084",50
"42060",-54642.381635056,"NRI_P084",100
"42061",-22350.187105056,"NRI_P084",25
"42062",-13653.402985056,"NRI_P084",50
"42063",-61239.165225056,"NRI_P084",100
"42064",-12866.975455056,"NRI_P084",25
"42065",-8037.89389505601,"NRI_P084",50
"42066",-47541.271475056,"NRI_P084",100
"42067",-22185.642365056,"NRI_P084",25
"42068",-22868.694505056,"NRI_P084",50
"42069",-36316.863355056,"NRI_P084",100
"42070",9299.47745494399,"NRI_P084",25
"42071",-21357.539755056,"NRI_P084",50
"42072",-55391.120955056,"NRI_P084",100
"42073",-19221.945785056,"NRI_P084",25
"42074",-29581.523855056,"NRI_P084",50
"42075",-41651.087115056,"NRI_P084",100
"42076",-21742.422475056,"NRI_P084",25
"42077",-18683.844905056,"NRI_P084",50
"42078",-53393.026985056,"NRI_P084",100
"42079",-5901.34708505601,"NRI_P084",25
"42080",-3573.96551505598,"NRI_P084",50
"42081",-45093.332775056,"NRI_P084",100
"42082",-11267.884915056,"NRI_P084",25
"42083",-24468.684935056,"NRI_P084",50
"42084",-47096.509825056,"NRI_P084",100
"42085",-8014.51912505602,"NRI_P084",25
"42086",-20817.459425056,"NRI_P084",50
"42087",-41964.184465056,"NRI_P084",100
"42088",-37862.970115056,"NRI_P084",25
"42089",-38308.279055056,"NRI_P084",50
"42090",-58661.945005056,"NRI_P084",100
"42091",-8792.72254505599,"NRI_P084",25
"42092",-25590.358585056,"NRI_P084",50
"42093",-33252.598675056,"NRI_P084",100
"42094",-3623.01370505599,"NRI_P084",25
"42095",-17993.680285056,"NRI_P084",50
"42096",-51752.508275056,"NRI_P084",100
"42097",-1402.61273505603,"NRI_P084",25
"42098",-9384.53012505602,"NRI_P084",50
"42099",-62345.076095056,"NRI_P084",100
"42100",-15562.016695056,"NRI_P084",25
"42101",-39643.922325056,"NRI_P084",50
"42102",-44827.640515056,"NRI_P084",100
"42103",-3619.52902505599,"NRI_P084",25
"42104",-45586.591755056,"NRI_P084",50
"42105",-42696.074425056,"NRI_P084",100
"42106",-15090.360865056,"NRI_P084",25
"42107",-16220.901375056,"NRI_P084",50
"42108",-44514.063675056,"NRI_P084",100
"42109",-26888.967315056,"NRI_P084",25
"42110",-29476.151795056,"NRI_P084",50
"42111",-50128.096375056,"NRI_P084",100
"42112",-4079.55380505603,"NRI_P084",25
"42113",-27798.683725056,"NRI_P084",50
"42114",-38681.294875056,"NRI_P084",100
"42115",-9658.95342505601,"NRI_P084",25
"42116",-26617.707795056,"NRI_P084",50
"42117",-59558.002735056,"NRI_P084",100
"42118",-6886.66163505599,"NRI_P084",25
"42119",-41305.519605056,"NRI_P084",50
"42120",-51366.225275056,"NRI_P084",100
"42121",-7825.300025056,"NRI_P084",25
"42122",-40417.215265056,"NRI_P084",50
"42123",-52052.716505056,"NRI_P084",100
"42124",-8171.79247505599,"NRI_P084",25
"42125",-32758.728395056,"NRI_P084",50
"42126",-37480.237505056,"NRI_P084",100
"42127",-19731.931675056,"NRI_P084",25
"42128",-19356.386345056,"NRI_P084",50
"42129",-44051.185905056,"NRI_P084",100
"42130",-2659.13708505599,"NRI_P084",25
"42131",-41566.389435056,"NRI_P084",50
"42132",-52079.618395056,"NRI_P084",100
"42133",13592.842904944,"NRI_P084",25
"42134",-12803.346985056,"NRI_P084",50
"42135",-54075.445985056,"NRI_P084",100
"42136",-16666.676715056,"NRI_P084",25
"42137",-31255.873145056,"NRI_P084",50
"42138",-62110.735705056,"NRI_P084",100
"42139",-3766.41515505599,"NRI_P084",25
"42140",-22934.842405056,"NRI_P084",50
"42141",-48730.440395056,"NRI_P084",100
"42142",-20439.154205056,"NRI_P084",25
"42143",-8458.26654505602,"NRI_P084",50
"42144",-46634.144385056,"NRI_P084",100
"42145",-8004.433995056,"NRI_P084",25
"42146",-4828.47161505598,"NRI_P084",50
"42147",-57443.159725056,"NRI_P084",100
"42148",-20878.182405056,"NRI_P084",25
"42149",-30667.498365056,"NRI_P084",50
"42150",-49353.778435056,"NRI_P084",100
"42151",-22930.499175056,"NRI_P084",25
"42152",-37327.292645056,"NRI_P084",50
"42153",-37082.249605056,"NRI_P084",100
"42154",5570.55500494398,"NRI_P084",25
"42155",-28102.729265056,"NRI_P084",50
"42156",-57947.627905056,"NRI_P084",100
"42157",-11396.186205056,"NRI_P084",25
"42158",-5336.33714505599,"NRI_P084",50
"42159",-52007.145475056,"NRI_P084",100
"42160",2925.42451494402,"NRI_P084",25
"42161",-15595.408235056,"NRI_P084",50
"42162",-53433.861855056,"NRI_P084",100
"42163",-9534.82746505601,"NRI_P084",25
"42164",-40093.351215056,"NRI_P084",50
"42165",-38569.328915056,"NRI_P084",100
"42166",-17646.948815056,"NRI_P084",25
"42167",-14547.684585056,"NRI_P084",50
"42168",-55705.909135056,"NRI_P084",100
"42169",-4312.93856505601,"NRI_P084",25
"42170",-25468.582595056,"NRI_P084",50
"42171",-50728.151545056,"NRI_P084",100
"42172",2587.73418494401,"NRI_P084",25
"42173",-47304.669325056,"NRI_P084",50
"42174",-47510.377445056,"NRI_P084",100
"42175",-23003.047765056,"NRI_P084",25
"42176",-36294.437505056,"NRI_P084",50
"42177",-54935.556935056,"NRI_P084",100
"42178",-22528.526505056,"NRI_P084",25
"42179",-14837.871365056,"NRI_P084",50
"42180",-42010.938125056,"NRI_P084",100
"42181",-10333.911445056,"NRI_P084",25
"42182",-26364.084185056,"NRI_P084",50
"42183",-38086.251405056,"NRI_P084",100
"42184",-30649.714885056,"NRI_P084",25
"42185",-48372.870095056,"NRI_P084",50
"42186",-52262.368985056,"NRI_P084",100
"42187",5606.62378494401,"NRI_P084",25
"42188",-40147.650665056,"NRI_P084",50
"42189",-52661.043835056,"NRI_P084",100
"42190",-14258.993245056,"NRI_P084",25
"42191",-26852.008525056,"NRI_P084",50
"42192",-45629.923585056,"NRI_P084",100
"42193",-2831.71889505599,"NRI_P084",25
"42194",-19403.887535056,"NRI_P084",50
"42195",-45728.608455056,"NRI_P084",100
"42196",-15098.672615056,"NRI_P084",25
"42197",-29205.635275056,"NRI_P084",50
"42198",-28593.728255056,"NRI_P084",100
"42199",-22379.072605056,"NRI_P084",25
"42200",-9030.73083505599,"NRI_P084",50
"42201",-46670.501155056,"NRI_P084",100
"42202",-10492.403305056,"NRI_P084",25
"42203",-17933.314165056,"NRI_P084",50
"42204",-52221.326365056,"NRI_P084",100
"42205",3313.754654944,"NRI_P084",25
"42206",-35527.419515056,"NRI_P084",50
"42207",-52410.403605056,"NRI_P084",100
"42208",-2569.45632505597,"NRI_P084",25
"42209",-43229.879675056,"NRI_P084",50
"42210",-43036.287365056,"NRI_P084",100
"42211",-25303.355745056,"NRI_P084",25
"42212",-24635.863185056,"NRI_P084",50
"42213",-57743.820615056,"NRI_P084",100
"42214",-4524.84926505602,"NRI_P084",25
"42215",-18418.769925056,"NRI_P084",50
"42216",-44445.470275056,"NRI_P084",100
"42217",-9548.218815056,"NRI_P084",25
"42218",-9527.34465505599,"NRI_P084",50
"42219",-57512.197265056,"NRI_P084",100
"42220",-25434.953985056,"NRI_P084",25
"42221",-22751.769825056,"NRI_P084",50
"42222",-55611.075555056,"NRI_P084",100
"42223",-11476.783665056,"NRI_P084",25
"42224",-13198.706975056,"NRI_P084",50
"42225",-47726.482445056,"NRI_P084",100
"42226",-9638.69833505599,"NRI_P084",25
"42227",-23069.781545056,"NRI_P084",50
"42228",-60788.439195056,"NRI_P084",100
"42229",-14933.736945056,"NRI_P084",25
"42230",-50222.864495056,"NRI_P084",50
"42231",-52583.982635056,"NRI_P084",100
"42232",-10598.773965056,"NRI_P084",25
"42233",-15950.436465056,"NRI_P084",50
"42234",-53080.657385056,"NRI_P084",100
"42235",-1975.78258505597,"NRI_P084",25
"42236",-22191.225045056,"NRI_P084",50
"42237",-58252.501465056,"NRI_P084",100
"42238",-19718.971615056,"NRI_P084",25
"42239",-48582.613015056,"NRI_P084",50
"42240",-50014.625895056,"NRI_P084",100
"42241",-15791.061275056,"NRI_P084",25
"42242",-38505.712575056,"NRI_P084",50
"42243",-52549.984925056,"NRI_P084",100
"42244",11734.931214944,"NRI_P084",25
"42245",-16159.171625056,"NRI_P084",50
"42246",-42400.681935056,"NRI_P084",100
"42247",-8744.67048505601,"NRI_P084",25
"42248",-26937.561865056,"NRI_P084",50
"42249",-55597.988735056,"NRI_P084",100
"42250",1641.64372494398,"NRI_P084",25
"42251",-28682.013895056,"NRI_P084",50
"42252",-50555.203835056,"NRI_P084",100
"42253",-20360.037795056,"NRI_P084",25
"42254",-22703.288175056,"NRI_P084",50
"42255",-53582.402305056,"NRI_P084",100
"42256",-24442.041885056,"NRI_P084",25
"42257",-40670.408855056,"NRI_P084",50
"42258",-52589.267585056,"NRI_P084",100
"42259",-2794.19720505603,"NRI_P084",25
"42260",-45914.049695056,"NRI_P084",50
"42261",-45356.336235056,"NRI_P084",100
"42262",-6639.70891505599,"NRI_P084",25
"42263",-28351.707435056,"NRI_P084",50
"42264",-54733.876615056,"NRI_P084",100
"42265",-20164.445715056,"NRI_P084",25
"42266",-22377.811225056,"NRI_P084",50
"42267",-53236.914275056,"NRI_P084",100
"42268",-18194.071495056,"NRI_P084",25
"42269",-1740.49211505603,"NRI_P084",50
"42270",-37577.914905056,"NRI_P084",100
"42271",-16462.778245056,"NRI_P084",25
"42272",-17865.383905056,"NRI_P084",50
"42273",-31401.223075056,"NRI_P084",100
"42274",4503.424664944,"NRI_P084",25
"42275",-21858.607315056,"NRI_P084",50
"42276",-56032.248035056,"NRI_P084",100
"42277",-18635.752555056,"NRI_P084",25
"42278",-47546.041995056,"NRI_P084",50
"42279",-56376.755855056,"NRI_P084",100
"42280",-7240.61128505602,"NRI_P084",25
"42281",-27388.397235056,"NRI_P084",50
"42282",-41013.207495056,"NRI_P084",100
"42283",-15457.488915056,"NRI_P084",25
"42284",-12715.521205056,"NRI_P084",50
"42285",-40502.352445056,"NRI_P084",100
"42286",-16228.913225056,"NRI_P084",25
"42287",-38802.106045056,"NRI_P084",50
"42288",-36661.499015056,"NRI_P084",100
"42289",3583.47310494399,"NRI_P084",25
"42290",-37665.718835056,"NRI_P084",50
"42291",-58783.262275056,"NRI_P084",100
"42292",-17170.256035056,"NRI_P084",25
"42293",-12296.586365056,"NRI_P084",50
"42294",-51400.264645056,"NRI_P084",100
"42295",-32100.296565056,"NRI_P084",25
"42296",-3091.742005056,"NRI_P084",50
"42297",-46706.073385056,"NRI_P084",100
"42298",-7416.80689505601,"NRI_P084",25
"42299",-33304.805205056,"NRI_P084",50
"42300",-40482.379575056,"NRI_P084",100
"42301",9249.88565128797,"NRI_P085",25
"42302",-15292.166208712,"NRI_P085",50
"42303",-14084.115368712,"NRI_P085",100
"42304",11796.557771288,"NRI_P085",25
"42305",-15891.552518712,"NRI_P085",50
"42306",-21310.898848712,"NRI_P085",100
"42307",-13772.361838712,"NRI_P085",25
"42308",18175.743491288,"NRI_P085",50
"42309",-45002.089488712,"NRI_P085",100
"42310",-15749.925618712,"NRI_P085",25
"42311",35575.309691288,"NRI_P085",50
"42312",-33854.083288712,"NRI_P085",100
"42313",-17054.649268712,"NRI_P085",25
"42314",-2721.52891871199,"NRI_P085",50
"42315",-4035.81583871203,"NRI_P085",100
"42316",-39364.235118712,"NRI_P085",25
"42317",-26358.444118712,"NRI_P085",50
"42318",-55613.217188712,"NRI_P085",100
"42319",10125.612111288,"NRI_P085",25
"42320",-29673.590628712,"NRI_P085",50
"42321",-52038.114068712,"NRI_P085",100
"42322",7471.74173128797,"NRI_P085",25
"42323",-49589.209758712,"NRI_P085",50
"42324",-31679.163578712,"NRI_P085",100
"42325",-732.128858712036,"NRI_P085",25
"42326",18101.982231288,"NRI_P085",50
"42327",-25234.307628712,"NRI_P085",100
"42328",-8009.75609871204,"NRI_P085",25
"42329",-18649.807788712,"NRI_P085",50
"42330",-30668.599288712,"NRI_P085",100
"42331",-200.802528712025,"NRI_P085",25
"42332",25269.703291288,"NRI_P085",50
"42333",-5322.48007871199,"NRI_P085",100
"42334",238.134481287969,"NRI_P085",25
"42335",-8153.74407871201,"NRI_P085",50
"42336",-49356.867038712,"NRI_P085",100
"42337",4631.22223128797,"NRI_P085",25
"42338",-10563.793608712,"NRI_P085",50
"42339",-35545.393108712,"NRI_P085",100
"42340",-30613.414438712,"NRI_P085",25
"42341",36663.404641288,"NRI_P085",50
"42342",-20153.860348712,"NRI_P085",100
"42343",-15074.809638712,"NRI_P085",25
"42344",-428.000448712031,"NRI_P085",50
"42345",-25149.703628712,"NRI_P085",100
"42346",11846.424181288,"NRI_P085",25
"42347",13209.841301288,"NRI_P085",50
"42348",-13044.061258712,"NRI_P085",100
"42349",-10083.507478712,"NRI_P085",25
"42350",-44100.364328712,"NRI_P085",50
"42351",-44722.774168712,"NRI_P085",100
"42352",-7853.72794871201,"NRI_P085",25
"42353",52541.315341288,"NRI_P085",50
"42354",-40533.393638712,"NRI_P085",100
"42355",-23658.180568712,"NRI_P085",25
"42356",-10374.563338712,"NRI_P085",50
"42357",-50057.239068712,"NRI_P085",100
"42358",-20599.502838712,"NRI_P085",25
"42359",5871.93731128797,"NRI_P085",50
"42360",-16210.982328712,"NRI_P085",100
"42361",17181.522201288,"NRI_P085",25
"42362",-45747.860598712,"NRI_P085",50
"42363",-27792.596828712,"NRI_P085",100
"42364",3474.07451128797,"NRI_P085",25
"42365",6477.818851288,"NRI_P085",50
"42366",-1860.90328871203,"NRI_P085",100
"42367",-11201.670018712,"NRI_P085",25
"42368",-18677.846898712,"NRI_P085",50
"42369",-36059.562958712,"NRI_P085",100
"42370",3521.93769128801,"NRI_P085",25
"42371",-30369.273018712,"NRI_P085",50
"42372",-15564.258598712,"NRI_P085",100
"42373",-3637.64727871201,"NRI_P085",25
"42374",-2948.25511871203,"NRI_P085",50
"42375",-41289.688898712,"NRI_P085",100
"42376",-6260.80273871199,"NRI_P085",25
"42377",15613.617551288,"NRI_P085",50
"42378",-33910.457388712,"NRI_P085",100
"42379",-2838.72895871202,"NRI_P085",25
"42380",-17641.220948712,"NRI_P085",50
"42381",-16600.566778712,"NRI_P085",100
"42382",4956.234251288,"NRI_P085",25
"42383",-22280.281118712,"NRI_P085",50
"42384",-45765.573518712,"NRI_P085",100
"42385",-9443.079548712,"NRI_P085",25
"42386",224.25814128801,"NRI_P085",50
"42387",3616.31608128798,"NRI_P085",100
"42388",-10347.277838712,"NRI_P085",25
"42389",902.094231288007,"NRI_P085",50
"42390",-47125.028788712,"NRI_P085",100
"42391",-30022.899168712,"NRI_P085",25
"42392",-41751.509648712,"NRI_P085",50
"42393",-596.771628712013,"NRI_P085",100
"42394",-824.678308712028,"NRI_P085",25
"42395",-45956.872588712,"NRI_P085",50
"42396",-21659.251478712,"NRI_P085",100
"42397",-12053.144898712,"NRI_P085",25
"42398",-12967.828188712,"NRI_P085",50
"42399",16874.799151288,"NRI_P085",100
"42400",8225.39612128801,"NRI_P085",25
"42401",5890.30729128799,"NRI_P085",50
"42402",-34489.698068712,"NRI_P085",100
"42403",-27824.813228712,"NRI_P085",25
"42404",-28838.422548712,"NRI_P085",50
"42405",-4869.16922871204,"NRI_P085",100
"42406",35.8047812879668,"NRI_P085",25
"42407",-29483.413578712,"NRI_P085",50
"42408",-30312.892418712,"NRI_P085",100
"42409",-21658.792938712,"NRI_P085",25
"42410",-20698.502658712,"NRI_P085",50
"42411",-51995.504878712,"NRI_P085",100
"42412",-36290.983858712,"NRI_P085",25
"42413",-9871.68519871199,"NRI_P085",50
"42414",-45191.644988712,"NRI_P085",100
"42415",-13292.197778712,"NRI_P085",25
"42416",21101.424911288,"NRI_P085",50
"42417",-18534.211098712,"NRI_P085",100
"42418",-12280.111928712,"NRI_P085",25
"42419",-25976.660168712,"NRI_P085",50
"42420",-39838.854158712,"NRI_P085",100
"42421",-13234.738178712,"NRI_P085",25
"42422",-18682.343638712,"NRI_P085",50
"42423",-5112.76471871202,"NRI_P085",100
"42424",-14211.516998712,"NRI_P085",25
"42425",-4355.45107871201,"NRI_P085",50
"42426",-15308.439638712,"NRI_P085",100
"42427",17152.949641288,"NRI_P085",25
"42428",-8762.20744871203,"NRI_P085",50
"42429",-3751.393568712,"NRI_P085",100
"42430",10834.493141288,"NRI_P085",25
"42431",-1739.01516871201,"NRI_P085",50
"42432",-15143.823488712,"NRI_P085",100
"42433",-8426.24895871204,"NRI_P085",25
"42434",-42753.025038712,"NRI_P085",50
"42435",-30188.204408712,"NRI_P085",100
"42436",-12613.299278712,"NRI_P085",25
"42437",-53894.924458712,"NRI_P085",50
"42438",-16908.679408712,"NRI_P085",100
"42439",-13357.574128712,"NRI_P085",25
"42440",-42599.476278712,"NRI_P085",50
"42441",-32479.703718712,"NRI_P085",100
"42442",-1259.621408712,"NRI_P085",25
"42443",-20921.068218712,"NRI_P085",50
"42444",-41612.800598712,"NRI_P085",100
"42445",-6179.111508712,"NRI_P085",25
"42446",15829.618621288,"NRI_P085",50
"42447",-37352.735578712,"NRI_P085",100
"42448",-1119.56850871199,"NRI_P085",25
"42449",-6113.78947871202,"NRI_P085",50
"42450",-40419.418478712,"NRI_P085",100
"42451",-11924.304568712,"NRI_P085",25
"42452",-11813.252758712,"NRI_P085",50
"42453",-40425.478958712,"NRI_P085",100
"42454",972.087951287976,"NRI_P085",25
"42455",-20149.097238712,"NRI_P085",50
"42456",3232.04113128799,"NRI_P085",100
"42457",-6027.47940871201,"NRI_P085",25
"42458",-23223.280148712,"NRI_P085",50
"42459",-1453.94718871202,"NRI_P085",100
"42460",-15517.426998712,"NRI_P085",25
"42461",-10944.124928712,"NRI_P085",50
"42462",-22532.663648712,"NRI_P085",100
"42463",-12669.934628712,"NRI_P085",25
"42464",-24795.896348712,"NRI_P085",50
"42465",-43526.310518712,"NRI_P085",100
"42466",-30638.219808712,"NRI_P085",25
"42467",-14209.914668712,"NRI_P085",50
"42468",-43987.316338712,"NRI_P085",100
"42469",11032.363141288,"NRI_P085",25
"42470",-25848.843538712,"NRI_P085",50
"42471",-11197.770878712,"NRI_P085",100
"42472",-33901.001248712,"NRI_P085",25
"42473",-5528.73606871202,"NRI_P085",50
"42474",8252.58179128799,"NRI_P085",100
"42475",-384.473358711984,"NRI_P085",25
"42476",-30663.637528712,"NRI_P085",50
"42477",-7071.86252871202,"NRI_P085",100
"42478",2109.35320128797,"NRI_P085",25
"42479",-17073.843768712,"NRI_P085",50
"42480",-47682.401478712,"NRI_P085",100
"42481",17651.182871288,"NRI_P085",25
"42482",-4169.79492871201,"NRI_P085",50
"42483",-32403.960288712,"NRI_P085",100
"42484",-10031.113858712,"NRI_P085",25
"42485",-15958.683658712,"NRI_P085",50
"42486",1371.17056128796,"NRI_P085",100
"42487",-15760.390958712,"NRI_P085",25
"42488",-43743.277658712,"NRI_P085",50
"42489",-34282.404038712,"NRI_P085",100
"42490",-8845.24420871201,"NRI_P085",25
"42491",-18370.440128712,"NRI_P085",50
"42492",-47577.121438712,"NRI_P085",100
"42493",-13539.098808712,"NRI_P085",25
"42494",-20066.474088712,"NRI_P085",50
"42495",-40525.107638712,"NRI_P085",100
"42496",-10196.471168712,"NRI_P085",25
"42497",-785.075388711994,"NRI_P085",50
"42498",-6302.29116871202,"NRI_P085",100
"42499",-34912.002408712,"NRI_P085",25
"42500",-35060.162098712,"NRI_P085",50
"42501",6764.63447128801,"NRI_P085",100
"42502",-42410.244278712,"NRI_P085",25
"42503",7171.44985128799,"NRI_P085",50
"42504",-35954.127218712,"NRI_P085",100
"42505",-25934.718098712,"NRI_P085",25
"42506",-14621.730938712,"NRI_P085",50
"42507",-27471.582138712,"NRI_P085",100
"42508",627.387371287972,"NRI_P085",25
"42509",-17716.622268712,"NRI_P085",50
"42510",-47479.068878712,"NRI_P085",100
"42511",-31731.148348712,"NRI_P085",25
"42512",1631.17306128796,"NRI_P085",50
"42513",-13933.891558712,"NRI_P085",100
"42514",-12930.637848712,"NRI_P085",25
"42515",-3396.62747871201,"NRI_P085",50
"42516",-49861.990318712,"NRI_P085",100
"42517",-6601.82667871204,"NRI_P085",25
"42518",-17168.055428712,"NRI_P085",50
"42519",-34323.677368712,"NRI_P085",100
"42520",-15921.793228712,"NRI_P085",25
"42521",-25002.551318712,"NRI_P085",50
"42522",-10652.633738712,"NRI_P085",100
"42523",-31021.995418712,"NRI_P085",25
"42524",-5768.34040871199,"NRI_P085",50
"42525",-21144.100018712,"NRI_P085",100
"42526",-5247.79867871199,"NRI_P085",25
"42527",15039.483961288,"NRI_P085",50
"42528",-45419.542748712,"NRI_P085",100
"42529",-4226.91691871203,"NRI_P085",25
"42530",-2303.23803871201,"NRI_P085",50
"42531",-38187.170178712,"NRI_P085",100
"42532",3552.25586128799,"NRI_P085",25
"42533",-12079.036458712,"NRI_P085",50
"42534",-54489.084598712,"NRI_P085",100
"42535",-33365.600158712,"NRI_P085",25
"42536",-21262.675208712,"NRI_P085",50
"42537",-8666.65181871201,"NRI_P085",100
"42538",2823.39156128798,"NRI_P085",25
"42539",-5948.13086871203,"NRI_P085",50
"42540",-13098.007838712,"NRI_P085",100
"42541",2369.42349128798,"NRI_P085",25
"42542",-30091.674808712,"NRI_P085",50
"42543",30464.976271288,"NRI_P085",100
"42544",143.203471287969,"NRI_P085",25
"42545",-13251.131278712,"NRI_P085",50
"42546",-1712.07786871202,"NRI_P085",100
"42547",-25434.308898712,"NRI_P085",25
"42548",-17479.627038712,"NRI_P085",50
"42549",-64245.578258712,"NRI_P085",100
"42550",-4845.89317871199,"NRI_P085",25
"42551",-44759.010398712,"NRI_P085",50
"42552",-21276.871898712,"NRI_P085",100
"42553",6059.75000128796,"NRI_P085",25
"42554",-20814.546168712,"NRI_P085",50
"42555",-52179.003298712,"NRI_P085",100
"42556",14215.390861288,"NRI_P085",25
"42557",-42299.237438712,"NRI_P085",50
"42558",-25411.393028712,"NRI_P085",100
"42559",-27576.625108712,"NRI_P085",25
"42560",-7900.871928712,"NRI_P085",50
"42561",-17413.895378712,"NRI_P085",100
"42562",-15605.595018712,"NRI_P085",25
"42563",-12265.407368712,"NRI_P085",50
"42564",-11744.629548712,"NRI_P085",100
"42565",-11436.049878712,"NRI_P085",25
"42566",-8297.71813871199,"NRI_P085",50
"42567",-24359.847288712,"NRI_P085",100
"42568",-5409.46178871201,"NRI_P085",25
"42569",-12435.657248712,"NRI_P085",50
"42570",-58532.476678712,"NRI_P085",100
"42571",-25949.601838712,"NRI_P085",25
"42572",13220.974181288,"NRI_P085",50
"42573",-2572.11035871203,"NRI_P085",100
"42574",12938.966751288,"NRI_P085",25
"42575",-29808.049788712,"NRI_P085",50
"42576",-23452.600768712,"NRI_P085",100
"42577",-6330.311958712,"NRI_P085",25
"42578",-4636.07630871201,"NRI_P085",50
"42579",-22588.090368712,"NRI_P085",100
"42580",18996.106091288,"NRI_P085",25
"42581",-42785.949878712,"NRI_P085",50
"42582",-51082.830428712,"NRI_P085",100
"42583",6192.24910128798,"NRI_P085",25
"42584",-34796.973398712,"NRI_P085",50
"42585",-24736.269078712,"NRI_P085",100
"42586",7498.28463128797,"NRI_P085",25
"42587",3958.10079128802,"NRI_P085",50
"42588",-25947.627298712,"NRI_P085",100
"42589",-11673.329008712,"NRI_P085",25
"42590",-12958.559308712,"NRI_P085",50
"42591",-11855.264298712,"NRI_P085",100
"42592",-28369.895888712,"NRI_P085",25
"42593",-27505.423298712,"NRI_P085",50
"42594",-9579.270288712,"NRI_P085",100
"42595",2546.847441288,"NRI_P085",25
"42596",-6764.48459871201,"NRI_P085",50
"42597",-12070.655558712,"NRI_P085",100
"42598",-11536.667118712,"NRI_P085",25
"42599",-3811.07481871202,"NRI_P085",50
"42600",7253.67375128798,"NRI_P085",100
"42601",-16975.7264993661,"NRI_P086",25
"42602",-31189.601609366,"NRI_P086",50
"42603",14142.2193706339,"NRI_P086",100
"42604",-15336.546569366,"NRI_P086",25
"42605",-8839.38075936603,"NRI_P086",50
"42606",-39798.215979366,"NRI_P086",100
"42607",-3241.23544936604,"NRI_P086",25
"42608",-26735.089319366,"NRI_P086",50
"42609",5025.60999063397,"NRI_P086",100
"42610",-20284.0658693661,"NRI_P086",25
"42611",-12133.936049366,"NRI_P086",50
"42612",-26979.276339366,"NRI_P086",100
"42613",-20783.278109366,"NRI_P086",25
"42614",-25145.678809366,"NRI_P086",50
"42615",-54119.045379366,"NRI_P086",100
"42616",-11697.029179366,"NRI_P086",25
"42617",-43973.809489366,"NRI_P086",50
"42618",-30331.447689366,"NRI_P086",100
"42619",-23364.275709366,"NRI_P086",25
"42620",-19305.368489366,"NRI_P086",50
"42621",-31945.7780993661,"NRI_P086",100
"42622",-10646.750659366,"NRI_P086",25
"42623",-22048.024479366,"NRI_P086",50
"42624",226.617230633972,"NRI_P086",100
"42625",-4650.89752936602,"NRI_P086",25
"42626",-22913.964989366,"NRI_P086",50
"42627",-56273.617789366,"NRI_P086",100
"42628",5312.70778063399,"NRI_P086",25
"42629",-45828.146729366,"NRI_P086",50
"42630",-55652.442049366,"NRI_P086",100
"42631",-11948.670949366,"NRI_P086",25
"42632",-22982.664229366,"NRI_P086",50
"42633",-67800.237689366,"NRI_P086",100
"42634",-17631.347349366,"NRI_P086",25
"42635",3944.235690634,"NRI_P086",50
"42636",-79557.1394693661,"NRI_P086",100
"42637",-26416.478429366,"NRI_P086",25
"42638",-18526.015809366,"NRI_P086",50
"42639",5069.09975063399,"NRI_P086",100
"42640",-22496.655419366,"NRI_P086",25
"42641",-26059.133569366,"NRI_P086",50
"42642",-2599.95740936603,"NRI_P086",100
"42643",-3473.05818936601,"NRI_P086",25
"42644",8626.15367063397,"NRI_P086",50
"42645",-33749.4331493661,"NRI_P086",100
"42646",-2397.74651936605,"NRI_P086",25
"42647",-41963.284239366,"NRI_P086",50
"42648",-58602.522179366,"NRI_P086",100
"42649",-12408.890939366,"NRI_P086",25
"42650",-29498.354979366,"NRI_P086",50
"42651",-46523.064629366,"NRI_P086",100
"42652",-520.545259366045,"NRI_P086",25
"42653",-48184.8123993661,"NRI_P086",50
"42654",-1054.03027936601,"NRI_P086",100
"42655",-2133.38765936601,"NRI_P086",25
"42656",2107.02052063396,"NRI_P086",50
"42657",-51694.157869366,"NRI_P086",100
"42658",-7109.79134936602,"NRI_P086",25
"42659",6786.15163063398,"NRI_P086",50
"42660",-44597.722269366,"NRI_P086",100
"42661",7770.15069063398,"NRI_P086",25
"42662",-6812.419229366,"NRI_P086",50
"42663",-63710.903589366,"NRI_P086",100
"42664",-13214.630259366,"NRI_P086",25
"42665",-3937.53047936602,"NRI_P086",50
"42666",-20376.502509366,"NRI_P086",100
"42667",-20942.943069366,"NRI_P086",25
"42668",-23517.092619366,"NRI_P086",50
"42669",-15923.574719366,"NRI_P086",100
"42670",3885.61451063398,"NRI_P086",25
"42671",-24323.526849366,"NRI_P086",50
"42672",-3848.415919366,"NRI_P086",100
"42673",-12082.045539366,"NRI_P086",25
"42674",-11335.399229366,"NRI_P086",50
"42675",-44874.902049366,"NRI_P086",100
"42676",-5968.280049366,"NRI_P086",25
"42677",5560.233290634,"NRI_P086",50
"42678",-11558.264299366,"NRI_P086",100
"42679",-8766.92853936605,"NRI_P086",25
"42680",-54195.472849366,"NRI_P086",50
"42681",-37674.719949366,"NRI_P086",100
"42682",-24075.8002293661,"NRI_P086",25
"42683",-46448.170819366,"NRI_P086",50
"42684",-20519.606289366,"NRI_P086",100
"42685",26285.159430634,"NRI_P086",25
"42686",-11092.9012793661,"NRI_P086",50
"42687",-38212.2292593661,"NRI_P086",100
"42688",-17588.367189366,"NRI_P086",25
"42689",-19171.828089366,"NRI_P086",50
"42690",-39996.851769366,"NRI_P086",100
"42691",-2818.35121936601,"NRI_P086",25
"42692",-41531.970619366,"NRI_P086",50
"42693",-42505.302769366,"NRI_P086",100
"42694",-30151.449939366,"NRI_P086",25
"42695",-18624.230739366,"NRI_P086",50
"42696",-48325.521169366,"NRI_P086",100
"42697",-5348.00208936603,"NRI_P086",25
"42698",-44447.104969366,"NRI_P086",50
"42699",-46909.205759366,"NRI_P086",100
"42700",-41357.730149366,"NRI_P086",25
"42701",-8235.29839936603,"NRI_P086",50
"42702",-49176.623259366,"NRI_P086",100
"42703",-8309.289069366,"NRI_P086",25
"42704",-28197.428209366,"NRI_P086",50
"42705",-45277.039919366,"NRI_P086",100
"42706",19276.941460634,"NRI_P086",25
"42707",-22635.933499366,"NRI_P086",50
"42708",-30074.129719366,"NRI_P086",100
"42709",-32691.745169366,"NRI_P086",25
"42710",-11986.305139366,"NRI_P086",50
"42711",-71713.624549366,"NRI_P086",100
"42712",-4834.96550936601,"NRI_P086",25
"42713",-14494.491659366,"NRI_P086",50
"42714",-53475.918849366,"NRI_P086",100
"42715",-15083.966469366,"NRI_P086",25
"42716",-29084.844269366,"NRI_P086",50
"42717",-53510.770859366,"NRI_P086",100
"42718",-21092.708269366,"NRI_P086",25
"42719",-10245.054659366,"NRI_P086",50
"42720",-37460.918859366,"NRI_P086",100
"42721",12117.9492206339,"NRI_P086",25
"42722",-10093.905709366,"NRI_P086",50
"42723",-28514.0858593661,"NRI_P086",100
"42724",-2765.18501936604,"NRI_P086",25
"42725",-49301.457959366,"NRI_P086",50
"42726",-44361.414289366,"NRI_P086",100
"42727",-43838.594579366,"NRI_P086",25
"42728",-54125.913829366,"NRI_P086",50
"42729",-48295.706059366,"NRI_P086",100
"42730",-16641.418169366,"NRI_P086",25
"42731",-32324.737229366,"NRI_P086",50
"42732",-29922.336619366,"NRI_P086",100
"42733",-17058.459289366,"NRI_P086",25
"42734",-32702.887439366,"NRI_P086",50
"42735",-59635.0524993661,"NRI_P086",100
"42736",-11019.636099366,"NRI_P086",25
"42737",-12546.6422593661,"NRI_P086",50
"42738",-86806.868909366,"NRI_P086",100
"42739",-26201.710329366,"NRI_P086",25
"42740",-26546.680669366,"NRI_P086",50
"42741",-51647.7304293661,"NRI_P086",100
"42742",-4695.79606936604,"NRI_P086",25
"42743",-5598.37757936603,"NRI_P086",50
"42744",1075.471670634,"NRI_P086",100
"42745",-33391.130369366,"NRI_P086",25
"42746",-22489.1288893661,"NRI_P086",50
"42747",-25321.370889366,"NRI_P086",100
"42748",-23282.592339366,"NRI_P086",25
"42749",-29376.012659366,"NRI_P086",50
"42750",-59241.885439366,"NRI_P086",100
"42751",-18374.724539366,"NRI_P086",25
"42752",-15603.666919366,"NRI_P086",50
"42753",-63207.4212393661,"NRI_P086",100
"42754",-21955.3897593661,"NRI_P086",25
"42755",-45851.394649366,"NRI_P086",50
"42756",-52327.477059366,"NRI_P086",100
"42757",-6935.71761936601,"NRI_P086",25
"42758",-5505.41769936605,"NRI_P086",50
"42759",-21153.5867693661,"NRI_P086",100
"42760",-24588.075229366,"NRI_P086",25
"42761",-17142.076339366,"NRI_P086",50
"42762",-28039.841659366,"NRI_P086",100
"42763",-23245.924629366,"NRI_P086",25
"42764",-18830.219239366,"NRI_P086",50
"42765",-50669.3709393661,"NRI_P086",100
"42766",-13677.3423493661,"NRI_P086",25
"42767",17145.997360634,"NRI_P086",50
"42768",-45918.864169366,"NRI_P086",100
"42769",-2315.20147936605,"NRI_P086",25
"42770",-33415.453419366,"NRI_P086",50
"42771",-64623.081419366,"NRI_P086",100
"42772",-17405.555329366,"NRI_P086",25
"42773",-15074.193739366,"NRI_P086",50
"42774",-21339.736339366,"NRI_P086",100
"42775",6114.138630634,"NRI_P086",25
"42776",-13247.422939366,"NRI_P086",50
"42777",-50581.3573093661,"NRI_P086",100
"42778",-23692.900309366,"NRI_P086",25
"42779",-22419.600579366,"NRI_P086",50
"42780",-44651.835329366,"NRI_P086",100
"42781",-16896.1409593661,"NRI_P086",25
"42782",-25394.370079366,"NRI_P086",50
"42783",-53557.165459366,"NRI_P086",100
"42784",-23081.085659366,"NRI_P086",25
"42785",-22108.5408493661,"NRI_P086",50
"42786",-12124.264089366,"NRI_P086",100
"42787",-24791.991799366,"NRI_P086",25
"42788",-25577.454899366,"NRI_P086",50
"42789",-65210.3755793661,"NRI_P086",100
"42790",-16094.735769366,"NRI_P086",25
"42791",-11311.877399366,"NRI_P086",50
"42792",-26888.5735293661,"NRI_P086",100
"42793",5294.27945063397,"NRI_P086",25
"42794",-48891.329219366,"NRI_P086",50
"42795",-32611.4323993661,"NRI_P086",100
"42796",4140.97256063396,"NRI_P086",25
"42797",-23498.274639366,"NRI_P086",50
"42798",-15537.621329366,"NRI_P086",100
"42799",-3220.20077936602,"NRI_P086",25
"42800",3768.09314063395,"NRI_P086",50
"42801",-83364.758389366,"NRI_P086",100
"42802",-40375.4542393661,"NRI_P086",25
"42803",-29889.970929366,"NRI_P086",50
"42804",-30122.6579993661,"NRI_P086",100
"42805",-22613.025679366,"NRI_P086",25
"42806",-34978.6739293661,"NRI_P086",50
"42807",-29629.425109366,"NRI_P086",100
"42808",-2551.01742936601,"NRI_P086",25
"42809",-32694.8492293661,"NRI_P086",50
"42810",-34731.827949366,"NRI_P086",100
"42811",14891.931640634,"NRI_P086",25
"42812",-27730.9817893661,"NRI_P086",50
"42813",-24585.079989366,"NRI_P086",100
"42814",11128.468370634,"NRI_P086",25
"42815",-22776.968619366,"NRI_P086",50
"42816",-58410.593759366,"NRI_P086",100
"42817",6514.67110063398,"NRI_P086",25
"42818",5133.98129063396,"NRI_P086",50
"42819",-41605.735899366,"NRI_P086",100
"42820",-3947.24997936602,"NRI_P086",25
"42821",-37715.658409366,"NRI_P086",50
"42822",-26601.750809366,"NRI_P086",100
"42823",-31571.872929366,"NRI_P086",25
"42824",-12925.3039593661,"NRI_P086",50
"42825",-50340.597749366,"NRI_P086",100
"42826",-27276.992839366,"NRI_P086",25
"42827",-43875.763889366,"NRI_P086",50
"42828",-3071.91371936601,"NRI_P086",100
"42829",1096.48041063396,"NRI_P086",25
"42830",-43418.305409366,"NRI_P086",50
"42831",-22388.652209366,"NRI_P086",100
"42832",-27816.716579366,"NRI_P086",25
"42833",-22709.434489366,"NRI_P086",50
"42834",-42192.325839366,"NRI_P086",100
"42835",-8752.95613936603,"NRI_P086",25
"42836",-17118.351229366,"NRI_P086",50
"42837",-52209.296089366,"NRI_P086",100
"42838",-13654.352489366,"NRI_P086",25
"42839",-29626.474309366,"NRI_P086",50
"42840",-6384.72654936602,"NRI_P086",100
"42841",27356.278590634,"NRI_P086",25
"42842",-42570.8608793661,"NRI_P086",50
"42843",-13442.095949366,"NRI_P086",100
"42844",-10459.284049366,"NRI_P086",25
"42845",-42414.988899366,"NRI_P086",50
"42846",-58108.928659366,"NRI_P086",100
"42847",-26305.227269366,"NRI_P086",25
"42848",-13230.353639366,"NRI_P086",50
"42849",-83211.564519366,"NRI_P086",100
"42850",8044.14862063399,"NRI_P086",25
"42851",17077.446010634,"NRI_P086",50
"42852",-35406.820169366,"NRI_P086",100
"42853",-12039.854989366,"NRI_P086",25
"42854",-19644.381689366,"NRI_P086",50
"42855",-82992.256929366,"NRI_P086",100
"42856",-2768.49691936601,"NRI_P086",25
"42857",-41105.259519366,"NRI_P086",50
"42858",-46795.218869366,"NRI_P086",100
"42859",22312.910250634,"NRI_P086",25
"42860",-38493.479469366,"NRI_P086",50
"42861",-62554.734519366,"NRI_P086",100
"42862",-33054.770899366,"NRI_P086",25
"42863",-8439.31865936605,"NRI_P086",50
"42864",-49646.812019366,"NRI_P086",100
"42865",-7066.850759366,"NRI_P086",25
"42866",13829.038920634,"NRI_P086",50
"42867",-52009.748739366,"NRI_P086",100
"42868",-4404.37359936605,"NRI_P086",25
"42869",-25935.521599366,"NRI_P086",50
"42870",-13163.406029366,"NRI_P086",100
"42871",6061.81232063397,"NRI_P086",25
"42872",389.722480633995,"NRI_P086",50
"42873",-62291.763419366,"NRI_P086",100
"42874",13025.536230634,"NRI_P086",25
"42875",10650.136680634,"NRI_P086",50
"42876",-58264.179409366,"NRI_P086",100
"42877",10699.673340634,"NRI_P086",25
"42878",-33175.035979366,"NRI_P086",50
"42879",-57556.078279366,"NRI_P086",100
"42880",-27970.587239366,"NRI_P086",25
"42881",-54256.464289366,"NRI_P086",50
"42882",-79085.147929366,"NRI_P086",100
"42883",-14416.693979366,"NRI_P086",25
"42884",-28188.6867493661,"NRI_P086",50
"42885",-10717.633369366,"NRI_P086",100
"42886",-9469.87094936601,"NRI_P086",25
"42887",-9654.17771936604,"NRI_P086",50
"42888",-29246.1085093661,"NRI_P086",100
"42889",-6263.165009366,"NRI_P086",25
"42890",-27405.456139366,"NRI_P086",50
"42891",-1672.54103936604,"NRI_P086",100
"42892",3306.45835063397,"NRI_P086",25
"42893",-25565.809529366,"NRI_P086",50
"42894",6255.21403063397,"NRI_P086",100
"42895",13033.957390634,"NRI_P086",25
"42896",-16948.691209366,"NRI_P086",50
"42897",-46485.607899366,"NRI_P086",100
"42898",-25024.644129366,"NRI_P086",25
"42899",-51497.279159366,"NRI_P086",50
"42900",-44408.217159366,"NRI_P086",100
"42901",-5099.25879766699,"NRI_P087",25
"42902",-20.9987176670111,"NRI_P087",50
"42903",-41447.387967667,"NRI_P087",100
"42904",-7698.100737667,"NRI_P087",25
"42905",-24807.675347667,"NRI_P087",50
"42906",-30721.006007667,"NRI_P087",100
"42907",-19521.735437667,"NRI_P087",25
"42908",-15946.155787667,"NRI_P087",50
"42909",-32700.965797667,"NRI_P087",100
"42910",-10797.642807667,"NRI_P087",25
"42911",-29136.492057667,"NRI_P087",50
"42912",-44279.678267667,"NRI_P087",100
"42913",-22062.551547667,"NRI_P087",25
"42914",-29293.850967667,"NRI_P087",50
"42915",-40983.552317667,"NRI_P087",100
"42916",-18026.704437667,"NRI_P087",25
"42917",-22201.407567667,"NRI_P087",50
"42918",-47020.910087667,"NRI_P087",100
"42919",-10985.149947667,"NRI_P087",25
"42920",-11533.188627667,"NRI_P087",50
"42921",-41324.270077667,"NRI_P087",100
"42922",-7451.23537766701,"NRI_P087",25
"42923",-22059.786447667,"NRI_P087",50
"42924",-46530.129857667,"NRI_P087",100
"42925",-18673.581657667,"NRI_P087",25
"42926",-23255.851647667,"NRI_P087",50
"42927",-36429.599447667,"NRI_P087",100
"42928",-19830.382737667,"NRI_P087",25
"42929",-17754.271207667,"NRI_P087",50
"42930",-16921.343437667,"NRI_P087",100
"42931",8952.817712333,"NRI_P087",25
"42932",-21756.113997667,"NRI_P087",50
"42933",-17193.608227667,"NRI_P087",100
"42934",977.595142333012,"NRI_P087",25
"42935",-31657.188347667,"NRI_P087",50
"42936",-54787.781677667,"NRI_P087",100
"42937",-17587.906047667,"NRI_P087",25
"42938",-10298.815687667,"NRI_P087",50
"42939",-50105.347747667,"NRI_P087",100
"42940",-13903.385427667,"NRI_P087",25
"42941",-27965.255777667,"NRI_P087",50
"42942",-53753.048707667,"NRI_P087",100
"42943",-1743.36802766699,"NRI_P087",25
"42944",-17517.402017667,"NRI_P087",50
"42945",-42795.471367667,"NRI_P087",100
"42946",-9473.45099766701,"NRI_P087",25
"42947",-20691.354547667,"NRI_P087",50
"42948",-34850.022757667,"NRI_P087",100
"42949",-1139.55154766701,"NRI_P087",25
"42950",-7553.01455766699,"NRI_P087",50
"42951",-24393.320537667,"NRI_P087",100
"42952",-12773.296707667,"NRI_P087",25
"42953",-14187.016497667,"NRI_P087",50
"42954",-33058.404187667,"NRI_P087",100
"42955",-18795.239317667,"NRI_P087",25
"42956",284.464712332992,"NRI_P087",50
"42957",-28679.888727667,"NRI_P087",100
"42958",-6285.65783766701,"NRI_P087",25
"42959",-19809.291377667,"NRI_P087",50
"42960",-38050.927627667,"NRI_P087",100
"42961",-5250.79946766701,"NRI_P087",25
"42962",-32752.914787667,"NRI_P087",50
"42963",-46582.094397667,"NRI_P087",100
"42964",-4100.77449766701,"NRI_P087",25
"42965",-23272.954527667,"NRI_P087",50
"42966",-47606.971527667,"NRI_P087",100
"42967",-11922.238077667,"NRI_P087",25
"42968",-19962.246777667,"NRI_P087",50
"42969",-44372.888617667,"NRI_P087",100
"42970",-3715.93495766699,"NRI_P087",25
"42971",-23580.178787667,"NRI_P087",50
"42972",-33824.011487667,"NRI_P087",100
"42973",-5763.42433766701,"NRI_P087",25
"42974",-28357.244867667,"NRI_P087",50
"42975",-27755.582657667,"NRI_P087",100
"42976",-11139.827637667,"NRI_P087",25
"42977",-13092.206157667,"NRI_P087",50
"42978",-57810.786577667,"NRI_P087",100
"42979",-28992.434597667,"NRI_P087",25
"42980",-32385.176557667,"NRI_P087",50
"42981",-47943.829627667,"NRI_P087",100
"42982",586.639282332995,"NRI_P087",25
"42983",-26701.949707667,"NRI_P087",50
"42984",-27045.682657667,"NRI_P087",100
"42985",-10601.492487667,"NRI_P087",25
"42986",-21797.567757667,"NRI_P087",50
"42987",-32651.383077667,"NRI_P087",100
"42988",-7315.16561766699,"NRI_P087",25
"42989",-9957.86114766699,"NRI_P087",50
"42990",-45742.806247667,"NRI_P087",100
"42991",-8772.32981766699,"NRI_P087",25
"42992",-26336.617947667,"NRI_P087",50
"42993",-36672.071137667,"NRI_P087",100
"42994",-13502.831927667,"NRI_P087",25
"42995",-17835.466677667,"NRI_P087",50
"42996",-30407.428627667,"NRI_P087",100
"42997",-20850.788667667,"NRI_P087",25
"42998",-21341.177437667,"NRI_P087",50
"42999",-50385.869157667,"NRI_P087",100
"43000",-11771.071817667,"NRI_P087",25
"43001",-31617.699247667,"NRI_P087",50
"43002",-7009.68903766701,"NRI_P087",100
"43003",-3031.52003766701,"NRI_P087",25
"43004",-21689.389657667,"NRI_P087",50
"43005",-47555.858097667,"NRI_P087",100
"43006",5995.61320233298,"NRI_P087",25
"43007",-6900.761527667,"NRI_P087",50
"43008",-19254.871917667,"NRI_P087",100
"43009",-19220.063797667,"NRI_P087",25
"43010",-9823.722667667,"NRI_P087",50
"43011",-36685.913307667,"NRI_P087",100
"43012",-20317.717567667,"NRI_P087",25
"43013",-13451.799087667,"NRI_P087",50
"43014",-52491.373837667,"NRI_P087",100
"43015",-1222.044127667,"NRI_P087",25
"43016",-28857.845257667,"NRI_P087",50
"43017",-37747.753687667,"NRI_P087",100
"43018",-10242.239077667,"NRI_P087",25
"43019",-19733.016297667,"NRI_P087",50
"43020",-33638.992727667,"NRI_P087",100
"43021",4885.180562333,"NRI_P087",25
"43022",-13787.102867667,"NRI_P087",50
"43023",-45688.705247667,"NRI_P087",100
"43024",-11955.306187667,"NRI_P087",25
"43025",-35610.611417667,"NRI_P087",50
"43026",-32633.262757667,"NRI_P087",100
"43027",-10710.853367667,"NRI_P087",25
"43028",-14770.124717667,"NRI_P087",50
"43029",-51545.871647667,"NRI_P087",100
"43030",-8477.21709766702,"NRI_P087",25
"43031",-25924.244497667,"NRI_P087",50
"43032",-48933.100037667,"NRI_P087",100
"43033",-16569.792347667,"NRI_P087",25
"43034",-28475.637507667,"NRI_P087",50
"43035",-34957.671217667,"NRI_P087",100
"43036",-8597.865567667,"NRI_P087",25
"43037",-33531.222867667,"NRI_P087",50
"43038",-29681.230697667,"NRI_P087",100
"43039",-18612.464747667,"NRI_P087",25
"43040",-20960.558797667,"NRI_P087",50
"43041",-34635.403057667,"NRI_P087",100
"43042",-8730.78082766701,"NRI_P087",25
"43043",-15873.103987667,"NRI_P087",50
"43044",-39978.051377667,"NRI_P087",100
"43045",-19475.090857667,"NRI_P087",25
"43046",-21944.878507667,"NRI_P087",50
"43047",-49668.417867667,"NRI_P087",100
"43048",-10165.752257667,"NRI_P087",25
"43049",-21309.466477667,"NRI_P087",50
"43050",-42598.320467667,"NRI_P087",100
"43051",-20533.252877667,"NRI_P087",25
"43052",-5600.766347667,"NRI_P087",50
"43053",-17149.263137667,"NRI_P087",100
"43054",-12599.184907667,"NRI_P087",25
"43055",-21215.656107667,"NRI_P087",50
"43056",-42767.827807667,"NRI_P087",100
"43057",-14319.965597667,"NRI_P087",25
"43058",-11614.429497667,"NRI_P087",50
"43059",-30442.521187667,"NRI_P087",100
"43060",-3315.412067667,"NRI_P087",25
"43061",-24806.051627667,"NRI_P087",50
"43062",-40366.748227667,"NRI_P087",100
"43063",3487.598102333,"NRI_P087",25
"43064",-11777.046347667,"NRI_P087",50
"43065",-44173.936497667,"NRI_P087",100
"43066",-21310.707057667,"NRI_P087",25
"43067",-32004.643467667,"NRI_P087",50
"43068",-27864.092937667,"NRI_P087",100
"43069",-3853.19009766701,"NRI_P087",25
"43070",-16268.622037667,"NRI_P087",50
"43071",-35446.369207667,"NRI_P087",100
"43072",-6266.77350766701,"NRI_P087",25
"43073",-31136.755417667,"NRI_P087",50
"43074",-29611.566477667,"NRI_P087",100
"43075",-30754.769597667,"NRI_P087",25
"43076",-1132.729907667,"NRI_P087",50
"43077",-52354.166707667,"NRI_P087",100
"43078",-10802.198897667,"NRI_P087",25
"43079",-16678.169967667,"NRI_P087",50
"43080",-32972.530977667,"NRI_P087",100
"43081",-16836.256447667,"NRI_P087",25
"43082",-12722.216147667,"NRI_P087",50
"43083",-25660.166487667,"NRI_P087",100
"43084",-11851.971097667,"NRI_P087",25
"43085",-4560.91092766699,"NRI_P087",50
"43086",-19523.487657667,"NRI_P087",100
"43087",-3392.515277667,"NRI_P087",25
"43088",-34854.446727667,"NRI_P087",50
"43089",-61534.277877667,"NRI_P087",100
"43090",-6319.15805766699,"NRI_P087",25
"43091",-26487.155347667,"NRI_P087",50
"43092",-40808.154727667,"NRI_P087",100
"43093",-12198.649037667,"NRI_P087",25
"43094",-29879.006817667,"NRI_P087",50
"43095",-24059.942537667,"NRI_P087",100
"43096",4374.321302333,"NRI_P087",25
"43097",-27147.334697667,"NRI_P087",50
"43098",-16031.844767667,"NRI_P087",100
"43099",-21229.951237667,"NRI_P087",25
"43100",-23170.095747667,"NRI_P087",50
"43101",-51188.527167667,"NRI_P087",100
"43102",-19141.312577667,"NRI_P087",25
"43103",-25112.725767667,"NRI_P087",50
"43104",-44973.584337667,"NRI_P087",100
"43105",-8387.728867667,"NRI_P087",25
"43106",-6523.39029766701,"NRI_P087",50
"43107",-36997.824667667,"NRI_P087",100
"43108",-14891.886047667,"NRI_P087",25
"43109",-30599.186127667,"NRI_P087",50
"43110",-33540.445947667,"NRI_P087",100
"43111",-14242.859407667,"NRI_P087",25
"43112",-26312.209507667,"NRI_P087",50
"43113",-39391.363727667,"NRI_P087",100
"43114",-4349.82528766702,"NRI_P087",25
"43115",-13190.602447667,"NRI_P087",50
"43116",-17385.371677667,"NRI_P087",100
"43117",-12070.863547667,"NRI_P087",25
"43118",-29080.584657667,"NRI_P087",50
"43119",-45599.532397667,"NRI_P087",100
"43120",-4786.81494766701,"NRI_P087",25
"43121",-7657.72845766699,"NRI_P087",50
"43122",-30355.105947667,"NRI_P087",100
"43123",-11857.768527667,"NRI_P087",25
"43124",-36655.363607667,"NRI_P087",50
"43125",-32368.912217667,"NRI_P087",100
"43126",1534.389332333,"NRI_P087",25
"43127",-21099.706297667,"NRI_P087",50
"43128",-45223.568967667,"NRI_P087",100
"43129",-1768.76667766701,"NRI_P087",25
"43130",-11010.557387667,"NRI_P087",50
"43131",-42696.521257667,"NRI_P087",100
"43132",-13070.545197667,"NRI_P087",25
"43133",-23482.301567667,"NRI_P087",50
"43134",-10348.979027667,"NRI_P087",100
"43135",-11003.528527667,"NRI_P087",25
"43136",-19248.617657667,"NRI_P087",50
"43137",-40479.428887667,"NRI_P087",100
"43138",-5456.16501766699,"NRI_P087",25
"43139",-1741.41067766701,"NRI_P087",50
"43140",-30449.008107667,"NRI_P087",100
"43141",-12566.660687667,"NRI_P087",25
"43142",-31922.958797667,"NRI_P087",50
"43143",-19873.718777667,"NRI_P087",100
"43144",-11463.092087667,"NRI_P087",25
"43145",-29291.159267667,"NRI_P087",50
"43146",-40431.262837667,"NRI_P087",100
"43147",5196.49136233301,"NRI_P087",25
"43148",-29315.990667667,"NRI_P087",50
"43149",-38000.885827667,"NRI_P087",100
"43150",-6903.639337667,"NRI_P087",25
"43151",-34501.919627667,"NRI_P087",50
"43152",-53774.877227667,"NRI_P087",100
"43153",-2884.85595766699,"NRI_P087",25
"43154",-29828.763117667,"NRI_P087",50
"43155",-12862.305707667,"NRI_P087",100
"43156",-12142.471157667,"NRI_P087",25
"43157",-15834.608297667,"NRI_P087",50
"43158",-36453.578887667,"NRI_P087",100
"43159",-11599.837987667,"NRI_P087",25
"43160",-20672.738817667,"NRI_P087",50
"43161",-7431.448737667,"NRI_P087",100
"43162",-6117.41499766702,"NRI_P087",25
"43163",-883.200377667003,"NRI_P087",50
"43164",-53275.227427667,"NRI_P087",100
"43165",-6801.181357667,"NRI_P087",25
"43166",-22018.663297667,"NRI_P087",50
"43167",-3247.92025766699,"NRI_P087",100
"43168",-12761.919317667,"NRI_P087",25
"43169",-26547.730027667,"NRI_P087",50
"43170",-30120.261087667,"NRI_P087",100
"43171",-28856.704107667,"NRI_P087",25
"43172",-41739.688307667,"NRI_P087",50
"43173",-31905.748667667,"NRI_P087",100
"43174",-1842.995387667,"NRI_P087",25
"43175",-9198.80928766701,"NRI_P087",50
"43176",-38007.903127667,"NRI_P087",100
"43177",-4033.501407667,"NRI_P087",25
"43178",-5132.45434766699,"NRI_P087",50
"43179",-29784.165447667,"NRI_P087",100
"43180",-12792.703447667,"NRI_P087",25
"43181",-27018.551837667,"NRI_P087",50
"43182",-38815.464127667,"NRI_P087",100
"43183",-4257.651147667,"NRI_P087",25
"43184",-28462.530937667,"NRI_P087",50
"43185",-30158.448177667,"NRI_P087",100
"43186",-13395.893947667,"NRI_P087",25
"43187",-14392.799267667,"NRI_P087",50
"43188",-55650.618047667,"NRI_P087",100
"43189",-10827.756087667,"NRI_P087",25
"43190",-14872.964587667,"NRI_P087",50
"43191",-44683.698747667,"NRI_P087",100
"43192",-10269.500397667,"NRI_P087",25
"43193",-17003.599907667,"NRI_P087",50
"43194",-29159.713127667,"NRI_P087",100
"43195",-7296.60249766702,"NRI_P087",25
"43196",-31482.164397667,"NRI_P087",50
"43197",-47375.508787667,"NRI_P087",100
"43198",-1856.214977667,"NRI_P087",25
"43199",-39707.137887667,"NRI_P087",50
"43200",-17016.987427667,"NRI_P087",100
"43201",33177.392502293,"NRI_P089",25
"43202",83010.992332293,"NRI_P089",50
"43203",104103.456642293,"NRI_P089",100
"43204",30878.460152293,"NRI_P089",25
"43205",37550.583062293,"NRI_P089",50
"43206",171426.640622293,"NRI_P089",100
"43207",78531.403772293,"NRI_P089",25
"43208",98953.012672293,"NRI_P089",50
"43209",188310.020572293,"NRI_P089",100
"43210",36666.536542293,"NRI_P089",25
"43211",11712.420292293,"NRI_P089",50
"43212",181377.072442293,"NRI_P089",100
"43213",21532.826272293,"NRI_P089",25
"43214",88530.415512293,"NRI_P089",50
"43215",91298.195112293,"NRI_P089",100
"43216",-5091.109117707,"NRI_P089",25
"43217",50271.565972293,"NRI_P089",50
"43218",241788.848492293,"NRI_P089",100
"43219",-3314.28160770703,"NRI_P089",25
"43220",40248.552172293,"NRI_P089",50
"43221",137143.492002293,"NRI_P089",100
"43222",28511.995632293,"NRI_P089",25
"43223",109711.914342293,"NRI_P089",50
"43224",161861.695812293,"NRI_P089",100
"43225",9535.74011229299,"NRI_P089",25
"43226",86315.8157922929,"NRI_P089",50
"43227",177436.735842293,"NRI_P089",100
"43228",51621.270082293,"NRI_P089",25
"43229",200270.731422293,"NRI_P089",50
"43230",121081.462952293,"NRI_P089",100
"43231",7725.81159229297,"NRI_P089",25
"43232",39595.184802293,"NRI_P089",50
"43233",215622.177142293,"NRI_P089",100
"43234",23514.135662293,"NRI_P089",25
"43235",58059.188362293,"NRI_P089",50
"43236",256337.859192293,"NRI_P089",100
"43237",89114.892582293,"NRI_P089",25
"43238",47277.241402293,"NRI_P089",50
"43239",126985.416872293,"NRI_P089",100
"43240",48384.225982293,"NRI_P089",25
"43241",82889.5239022929,"NRI_P089",50
"43242",84904.889702293,"NRI_P089",100
"43243",8904.54704229301,"NRI_P089",25
"43244",113591.741332293,"NRI_P089",50
"43245",85346.3022922929,"NRI_P089",100
"43246",-11270.070787707,"NRI_P089",25
"43247",58255.411852293,"NRI_P089",50
"43248",140168.994882293,"NRI_P089",100
"43249",34339.330642293,"NRI_P089",25
"43250",178643.930252293,"NRI_P089",50
"43251",98525.445812293,"NRI_P089",100
"43252",-7176.382577707,"NRI_P089",25
"43253",83784.231862293,"NRI_P089",50
"43254",179452.573162293,"NRI_P089",100
"43255",57161.203232293,"NRI_P089",25
"43256",132914.580812293,"NRI_P089",50
"43257",191678.208322293,"NRI_P089",100
"43258",27085.655342293,"NRI_P089",25
"43259",76560.599822293,"NRI_P089",50
"43260",178399.986172293,"NRI_P089",100
"43261",21391.189962293,"NRI_P089",25
"43262",83391.041082293,"NRI_P089",50
"43263",284106.163122293,"NRI_P089",100
"43264",14623.349652293,"NRI_P089",25
"43265",58586.634972293,"NRI_P089",50
"43266",58045.112502293,"NRI_P089",100
"43267",92214.238482293,"NRI_P089",25
"43268",40668.048832293,"NRI_P089",50
"43269",158416.509062293,"NRI_P089",100
"43270",5456.17245229299,"NRI_P089",25
"43271",88278.722262293,"NRI_P089",50
"43272",143283.902532293,"NRI_P089",100
"43273",12464.469352293,"NRI_P089",25
"43274",25461.067822293,"NRI_P089",50
"43275",140589.257952293,"NRI_P089",100
"43276",24917.114892293,"NRI_P089",25
"43277",60469.141742293,"NRI_P089",50
"43278",127009.460592293,"NRI_P089",100
"43279",48588.976802293,"NRI_P089",25
"43280",38255.771232293,"NRI_P089",50
"43281",109705.438822293,"NRI_P089",100
"43282",21078.769552293,"NRI_P089",25
"43283",85043.0984322929,"NRI_P089",50
"43284",167102.268812293,"NRI_P089",100
"43285",21126.960392293,"NRI_P089",25
"43286",26629.567662293,"NRI_P089",50
"43287",140571.721932293,"NRI_P089",100
"43288",22012.296082293,"NRI_P089",25
"43289",38382.927202293,"NRI_P089",50
"43290",121946.497712293,"NRI_P089",100
"43291",-1034.17413770704,"NRI_P089",25
"43292",112432.116912293,"NRI_P089",50
"43293",172511.259032293,"NRI_P089",100
"43294",15793.805192293,"NRI_P089",25
"43295",110643.441312293,"NRI_P089",50
"43296",130973.800052293,"NRI_P089",100
"43297",1752.80250229297,"NRI_P089",25
"43298",34525.242122293,"NRI_P089",50
"43299",187958.233922293,"NRI_P089",100
"43300",14413.488262293,"NRI_P089",25
"43301",18253.963572293,"NRI_P089",50
"43302",143274.900702293,"NRI_P089",100
"43303",31255.783272293,"NRI_P089",25
"43304",115768.410602293,"NRI_P089",50
"43305",121377.103232293,"NRI_P089",100
"43306",39414.068432293,"NRI_P089",25
"43307",53557.831052293,"NRI_P089",50
"43308",67581.831902293,"NRI_P089",100
"43309",27908.459272293,"NRI_P089",25
"43310",128265.018452293,"NRI_P089",50
"43311",73061.1019022929,"NRI_P089",100
"43312",-14581.305837707,"NRI_P089",25
"43313",30869.521292293,"NRI_P089",50
"43314",171959.485542293,"NRI_P089",100
"43315",8210.71544229297,"NRI_P089",25
"43316",53808.865982293,"NRI_P089",50
"43317",99222.055002293,"NRI_P089",100
"43318",45489.096252293,"NRI_P089",25
"43319",22249.291882293,"NRI_P089",50
"43320",91115.302102293,"NRI_P089",100
"43321",24177.626582293,"NRI_P089",25
"43322",79557.068092293,"NRI_P089",50
"43323",150168.546802293,"NRI_P089",100
"43324",-2782.81432770699,"NRI_P089",25
"43325",26938.368402293,"NRI_P089",50
"43326",222687.134352293,"NRI_P089",100
"43327",49276.798142293,"NRI_P089",25
"43328",73306.789792293,"NRI_P089",50
"43329",70031.472672293,"NRI_P089",100
"43330",28940.973512293,"NRI_P089",25
"43331",108332.291442293,"NRI_P089",50
"43332",114212.081952293,"NRI_P089",100
"43333",58424.535212293,"NRI_P089",25
"43334",35981.256902293,"NRI_P089",50
"43335",236906.836292293,"NRI_P089",100
"43336",123736.638312293,"NRI_P089",25
"43337",123307.303952293,"NRI_P089",50
"43338",83539.261022293,"NRI_P089",100
"43339",73395.800522293,"NRI_P089",25
"43340",90114.399462293,"NRI_P089",50
"43341",72954.999672293,"NRI_P089",100
"43342",122688.581392293,"NRI_P089",25
"43343",145360.989322293,"NRI_P089",50
"43344",242258.667362293,"NRI_P089",100
"43345",64244.759452293,"NRI_P089",25
"43346",95399.452082293,"NRI_P089",50
"43347",169835.520762293,"NRI_P089",100
"43348",1262.15233229299,"NRI_P089",25
"43349",150029.313622293,"NRI_P089",50
"43350",133894.529502293,"NRI_P089",100
"43351",33509.305252293,"NRI_P089",25
"43352",20852.655752293,"NRI_P089",50
"43353",44869.596142293,"NRI_P089",100
"43354",1371.903282293,"NRI_P089",25
"43355",118032.871932293,"NRI_P089",50
"43356",146558.088692293,"NRI_P089",100
"43357",43133.349372293,"NRI_P089",25
"43358",40311.696242293,"NRI_P089",50
"43359",242602.832542293,"NRI_P089",100
"43360",37845.524862293,"NRI_P089",25
"43361",50919.784622293,"NRI_P089",50
"43362",228075.984042293,"NRI_P089",100
"43363",-5376.37367770704,"NRI_P089",25
"43364",163043.774752293,"NRI_P089",50
"43365",228157.454172293,"NRI_P089",100
"43366",68886.902292293,"NRI_P089",25
"43367",65237.2149322929,"NRI_P089",50
"43368",161025.685782293,"NRI_P089",100
"43369",3935.84520229296,"NRI_P089",25
"43370",89178.416962293,"NRI_P089",50
"43371",178620.706642293,"NRI_P089",100
"43372",33387.105842293,"NRI_P089",25
"43373",28128.771002293,"NRI_P089",50
"43374",179443.812122293,"NRI_P089",100
"43375",25060.033502293,"NRI_P089",25
"43376",125205.137952293,"NRI_P089",50
"43377",195729.106632293,"NRI_P089",100
"43378",22408.036392293,"NRI_P089",25
"43379",22879.473922293,"NRI_P089",50
"43380",216692.803742293,"NRI_P089",100
"43381",64282.096492293,"NRI_P089",25
"43382",80094.894402293,"NRI_P089",50
"43383",144947.419582293,"NRI_P089",100
"43384",-5034.62203770701,"NRI_P089",25
"43385",71953.5616022929,"NRI_P089",50
"43386",148073.038872293,"NRI_P089",100
"43387",-12178.966547707,"NRI_P089",25
"43388",56854.941372293,"NRI_P089",50
"43389",130581.456242293,"NRI_P089",100
"43390",53130.500212293,"NRI_P089",25
"43391",41112.798812293,"NRI_P089",50
"43392",131869.005602293,"NRI_P089",100
"43393",-1394.92964770703,"NRI_P089",25
"43394",71822.7120722929,"NRI_P089",50
"43395",149029.251122293,"NRI_P089",100
"43396",59714.826182293,"NRI_P089",25
"43397",99434.029382293,"NRI_P089",50
"43398",152405.192082293,"NRI_P089",100
"43399",85874.4121722929,"NRI_P089",25
"43400",37754.073542293,"NRI_P089",50
"43401",170345.404512293,"NRI_P089",100
"43402",69854.8491522929,"NRI_P089",25
"43403",81220.6785322929,"NRI_P089",50
"43404",151130.897452293,"NRI_P089",100
"43405",36547.533002293,"NRI_P089",25
"43406",126503.751462293,"NRI_P089",50
"43407",142412.580972293,"NRI_P089",100
"43408",89318.182212293,"NRI_P089",25
"43409",61716.229692293,"NRI_P089",50
"43410",59286.036612293,"NRI_P089",100
"43411",11106.482322293,"NRI_P089",25
"43412",37775.961272293,"NRI_P089",50
"43413",308193.693722293,"NRI_P089",100
"43414",52636.957232293,"NRI_P089",25
"43415",86826.5705622929,"NRI_P089",50
"43416",192383.604252293,"NRI_P089",100
"43417",37008.731862293,"NRI_P089",25
"43418",95442.676142293,"NRI_P089",50
"43419",284181.294472293,"NRI_P089",100
"43420",-5365.386177707,"NRI_P089",25
"43421",143178.266342293,"NRI_P089",50
"43422",58959.956342293,"NRI_P089",100
"43423",95674.276842293,"NRI_P089",25
"43424",54593.595162293,"NRI_P089",50
"43425",165238.037542293,"NRI_P089",100
"43426",14537.677232293,"NRI_P089",25
"43427",30196.083432293,"NRI_P089",50
"43428",205978.050972293,"NRI_P089",100
"43429",-970.715807706991,"NRI_P089",25
"43430",25396.686442293,"NRI_P089",50
"43431",225555.270182293,"NRI_P089",100
"43432",-5.7915277070133,"NRI_P089",25
"43433",138375.766502293,"NRI_P089",50
"43434",152705.936802293,"NRI_P089",100
"43435",20574.994952293,"NRI_P089",25
"43436",71334.919562293,"NRI_P089",50
"43437",81621.534552293,"NRI_P089",100
"43438",44198.896042293,"NRI_P089",25
"43439",52621.308282293,"NRI_P089",50
"43440",90161.398072293,"NRI_P089",100
"43441",134796.874192293,"NRI_P089",25
"43442",17822.960782293,"NRI_P089",50
"43443",111242.345952293,"NRI_P089",100
"43444",48259.439042293,"NRI_P089",25
"43445",118909.424122293,"NRI_P089",50
"43446",128772.885122293,"NRI_P089",100
"43447",19602.327062293,"NRI_P089",25
"43448",52168.172462293,"NRI_P089",50
"43449",94806.639672293,"NRI_P089",100
"43450",39872.248642293,"NRI_P089",25
"43451",66533.9987222929,"NRI_P089",50
"43452",133896.851012293,"NRI_P089",100
"43453",51464.061922293,"NRI_P089",25
"43454",109544.533342293,"NRI_P089",50
"43455",122249.462432293,"NRI_P089",100
"43456",36791.297602293,"NRI_P089",25
"43457",100338.712402293,"NRI_P089",50
"43458",205319.553212293,"NRI_P089",100
"43459",7970.98284229299,"NRI_P089",25
"43460",175528.870042293,"NRI_P089",50
"43461",191281.456812293,"NRI_P089",100
"43462",29033.569192293,"NRI_P089",25
"43463",128235.801652293,"NRI_P089",50
"43464",66388.827192293,"NRI_P089",100
"43465",62514.046162293,"NRI_P089",25
"43466",168914.165292293,"NRI_P089",50
"43467",246503.921822293,"NRI_P089",100
"43468",5098.76391229301,"NRI_P089",25
"43469",10996.402942293,"NRI_P089",50
"43470",220458.524632293,"NRI_P089",100
"43471",40989.212572293,"NRI_P089",25
"43472",26375.869252293,"NRI_P089",50
"43473",115404.229492293,"NRI_P089",100
"43474",45436.558662293,"NRI_P089",25
"43475",143832.105112293,"NRI_P089",50
"43476",170845.075012293,"NRI_P089",100
"43477",26002.327422293,"NRI_P089",25
"43478",53391.891952293,"NRI_P089",50
"43479",164626.112922293,"NRI_P089",100
"43480",49269.630182293,"NRI_P089",25
"43481",105194.240272293,"NRI_P089",50
"43482",45194.737962293,"NRI_P089",100
"43483",29116.335112293,"NRI_P089",25
"43484",80201.736752293,"NRI_P089",50
"43485",164271.802852293,"NRI_P089",100
"43486",29810.267822293,"NRI_P089",25
"43487",97861.5918122929,"NRI_P089",50
"43488",99952.092612293,"NRI_P089",100
"43489",19163.396962293,"NRI_P089",25
"43490",107516.792472293,"NRI_P089",50
"43491",154884.591682293,"NRI_P089",100
"43492",25773.224392293,"NRI_P089",25
"43493",116952.138682293,"NRI_P089",50
"43494",108169.205002293,"NRI_P089",100
"43495",1617.55469229299,"NRI_P089",25
"43496",110157.073932293,"NRI_P089",50
"43497",117467.671062293,"NRI_P089",100
"43498",-4054.04214770702,"NRI_P089",25
"43499",80472.882382293,"NRI_P089",50
"43500",285345.879972293,"NRI_P089",100
"43501",-7832.44192748301,"NRI_P090",25
"43502",-29514.658637483,"NRI_P090",50
"43503",-10314.909647483,"NRI_P090",100
"43504",-37883.662177483,"NRI_P090",25
"43505",-33654.289987483,"NRI_P090",50
"43506",-12390.236207483,"NRI_P090",100
"43507",-2159.53121748299,"NRI_P090",25
"43508",-22078.027747483,"NRI_P090",50
"43509",-24585.750567483,"NRI_P090",100
"43510",-24605.463047483,"NRI_P090",25
"43511",-1010.617997483,"NRI_P090",50
"43512",-21249.263707483,"NRI_P090",100
"43513",6986.542372517,"NRI_P090",25
"43514",-19593.206887483,"NRI_P090",50
"43515",-11300.776097483,"NRI_P090",100
"43516",-9085.98613748298,"NRI_P090",25
"43517",-11759.059267483,"NRI_P090",50
"43518",2847.23154251702,"NRI_P090",100
"43519",-14461.930987483,"NRI_P090",25
"43520",16837.037002517,"NRI_P090",50
"43521",-20260.035757483,"NRI_P090",100
"43522",-2766.53038748301,"NRI_P090",25
"43523",-839.289377483015,"NRI_P090",50
"43524",-41259.116867483,"NRI_P090",100
"43525",-22776.162377483,"NRI_P090",25
"43526",999.983072517032,"NRI_P090",50
"43527",-18722.632417483,"NRI_P090",100
"43528",-14098.740257483,"NRI_P090",25
"43529",6805.06504251703,"NRI_P090",50
"43530",-38152.358217483,"NRI_P090",100
"43531",5129.81309251703,"NRI_P090",25
"43532",9867.56938251702,"NRI_P090",50
"43533",-13608.695457483,"NRI_P090",100
"43534",-7823.04566748301,"NRI_P090",25
"43535",-9765.26913748297,"NRI_P090",50
"43536",-3927.11362748296,"NRI_P090",100
"43537",-20910.494497483,"NRI_P090",25
"43538",3258.337222517,"NRI_P090",50
"43539",-29011.212967483,"NRI_P090",100
"43540",5757.48455251701,"NRI_P090",25
"43541",-11050.944417483,"NRI_P090",50
"43542",-24181.638327483,"NRI_P090",100
"43543",-553.266937482986,"NRI_P090",25
"43544",-3473.42152748298,"NRI_P090",50
"43545",-16197.039817483,"NRI_P090",100
"43546",-14722.223307483,"NRI_P090",25
"43547",18208.628172517,"NRI_P090",50
"43548",2951.383692517,"NRI_P090",100
"43549",-26538.631517483,"NRI_P090",25
"43550",-7577.61560748296,"NRI_P090",50
"43551",-16680.290067483,"NRI_P090",100
"43552",-23470.978767483,"NRI_P090",25
"43553",-20586.449127483,"NRI_P090",50
"43554",-28029.243727483,"NRI_P090",100
"43555",18543.285082517,"NRI_P090",25
"43556",-8517.48510748299,"NRI_P090",50
"43557",-39808.169207483,"NRI_P090",100
"43558",8847.54755251703,"NRI_P090",25
"43559",-14996.781697483,"NRI_P090",50
"43560",-25895.332077483,"NRI_P090",100
"43561",-11797.859087483,"NRI_P090",25
"43562",-25911.510197483,"NRI_P090",50
"43563",-16904.776957483,"NRI_P090",100
"43564",10592.590332517,"NRI_P090",25
"43565",-31288.766237483,"NRI_P090",50
"43566",-29765.600817483,"NRI_P090",100
"43567",-30966.384847483,"NRI_P090",25
"43568",-17483.968297483,"NRI_P090",50
"43569",-48999.814077483,"NRI_P090",100
"43570",-19301.837037483,"NRI_P090",25
"43571",15403.799912517,"NRI_P090",50
"43572",1509.99079251703,"NRI_P090",100
"43573",-15201.173887483,"NRI_P090",25
"43574",20440.821192517,"NRI_P090",50
"43575",-45552.933817483,"NRI_P090",100
"43576",-6259.86503748299,"NRI_P090",25
"43577",-12580.786467483,"NRI_P090",50
"43578",-11938.937247483,"NRI_P090",100
"43579",-19602.273887483,"NRI_P090",25
"43580",-11643.090617483,"NRI_P090",50
"43581",3786.18646251701,"NRI_P090",100
"43582",23501.844762517,"NRI_P090",25
"43583",-41858.886257483,"NRI_P090",50
"43584",-15667.839367483,"NRI_P090",100
"43585",5087.84196251701,"NRI_P090",25
"43586",-21857.194727483,"NRI_P090",50
"43587",-24906.978147483,"NRI_P090",100
"43588",7043.685512517,"NRI_P090",25
"43589",-46000.771077483,"NRI_P090",50
"43590",-37516.558727483,"NRI_P090",100
"43591",20296.369452517,"NRI_P090",25
"43592",2660.70606251701,"NRI_P090",50
"43593",13022.419652517,"NRI_P090",100
"43594",-34573.549057483,"NRI_P090",25
"43595",-4855.316467483,"NRI_P090",50
"43596",-50001.112487483,"NRI_P090",100
"43597",6882.02848251699,"NRI_P090",25
"43598",26715.447472517,"NRI_P090",50
"43599",-44786.956377483,"NRI_P090",100
"43600",12400.888792517,"NRI_P090",25
"43601",18946.167122517,"NRI_P090",50
"43602",-11654.602277483,"NRI_P090",100
"43603",-2298.64848748298,"NRI_P090",25
"43604",-17980.424217483,"NRI_P090",50
"43605",-35800.252357483,"NRI_P090",100
"43606",21255.734902517,"NRI_P090",25
"43607",5591.173542517,"NRI_P090",50
"43608",-9926.65639748296,"NRI_P090",100
"43609",-13263.088267483,"NRI_P090",25
"43610",-18529.585537483,"NRI_P090",50
"43611",-17942.391587483,"NRI_P090",100
"43612",-2215.74649748299,"NRI_P090",25
"43613",-25030.370917483,"NRI_P090",50
"43614",-9267.72648748301,"NRI_P090",100
"43615",19649.232072517,"NRI_P090",25
"43616",-11909.512617483,"NRI_P090",50
"43617",-33631.518717483,"NRI_P090",100
"43618",-26515.254587483,"NRI_P090",25
"43619",19299.015172517,"NRI_P090",50
"43620",-40337.417937483,"NRI_P090",100
"43621",-7270.72450748301,"NRI_P090",25
"43622",-21504.762767483,"NRI_P090",50
"43623",-2348.13619748299,"NRI_P090",100
"43624",8087.872492517,"NRI_P090",25
"43625",12990.927072517,"NRI_P090",50
"43626",-8944.155347483,"NRI_P090",100
"43627",5888.19022251701,"NRI_P090",25
"43628",7136.96194251702,"NRI_P090",50
"43629",-13741.503847483,"NRI_P090",100
"43630",743.091222517018,"NRI_P090",25
"43631",-5313.15806748299,"NRI_P090",50
"43632",-2697.69864748296,"NRI_P090",100
"43633",8104.06239251699,"NRI_P090",25
"43634",18203.580652517,"NRI_P090",50
"43635",-45072.321167483,"NRI_P090",100
"43636",15524.001992517,"NRI_P090",25
"43637",-10985.822247483,"NRI_P090",50
"43638",-12225.267417483,"NRI_P090",100
"43639",-19719.707157483,"NRI_P090",25
"43640",-28776.513397483,"NRI_P090",50
"43641",-41326.127727483,"NRI_P090",100
"43642",-16972.475127483,"NRI_P090",25
"43643",4132.77379251702,"NRI_P090",50
"43644",-34494.138257483,"NRI_P090",100
"43645",1529.12602251704,"NRI_P090",25
"43646",1663.96969251701,"NRI_P090",50
"43647",-18335.192377483,"NRI_P090",100
"43648",2294.811782517,"NRI_P090",25
"43649",-35756.047627483,"NRI_P090",50
"43650",-47487.880607483,"NRI_P090",100
"43651",-27283.845787483,"NRI_P090",25
"43652",-10271.283697483,"NRI_P090",50
"43653",4411.990192517,"NRI_P090",100
"43654",-6680.340737483,"NRI_P090",25
"43655",6325.71788251703,"NRI_P090",50
"43656",-52755.323517483,"NRI_P090",100
"43657",-10967.435187483,"NRI_P090",25
"43658",-5139.71350748301,"NRI_P090",50
"43659",-22086.650407483,"NRI_P090",100
"43660",-20871.597617483,"NRI_P090",25
"43661",15238.335532517,"NRI_P090",50
"43662",-44309.099177483,"NRI_P090",100
"43663",-5118.50853748299,"NRI_P090",25
"43664",-2944.90687748301,"NRI_P090",50
"43665",-70.8020374829648,"NRI_P090",100
"43666",-2706.83204748301,"NRI_P090",25
"43667",3386.96911251702,"NRI_P090",50
"43668",16745.374252517,"NRI_P090",100
"43669",-23263.452107483,"NRI_P090",25
"43670",-25723.136807483,"NRI_P090",50
"43671",-39988.941407483,"NRI_P090",100
"43672",-9389.27358748298,"NRI_P090",25
"43673",-36879.164087483,"NRI_P090",50
"43674",-7654.03771748301,"NRI_P090",100
"43675",14377.329772517,"NRI_P090",25
"43676",-8553.32090748299,"NRI_P090",50
"43677",10727.996042517,"NRI_P090",100
"43678",1385.64783251699,"NRI_P090",25
"43679",-19158.609387483,"NRI_P090",50
"43680",-9170.18878748297,"NRI_P090",100
"43681",-11403.751897483,"NRI_P090",25
"43682",-9806.40129748301,"NRI_P090",50
"43683",-25336.723667483,"NRI_P090",100
"43684",2255.60375251702,"NRI_P090",25
"43685",6746.19388251699,"NRI_P090",50
"43686",-18722.596377483,"NRI_P090",100
"43687",-41012.513297483,"NRI_P090",25
"43688",-5737.28539748298,"NRI_P090",50
"43689",-20190.307427483,"NRI_P090",100
"43690",319.543442516995,"NRI_P090",25
"43691",-25664.153487483,"NRI_P090",50
"43692",-21075.118717483,"NRI_P090",100
"43693",-33444.237747483,"NRI_P090",25
"43694",1352.945802517,"NRI_P090",50
"43695",-10270.106657483,"NRI_P090",100
"43696",3556.14396251703,"NRI_P090",25
"43697",-27084.897147483,"NRI_P090",50
"43698",-24684.978007483,"NRI_P090",100
"43699",8354.22159251699,"NRI_P090",25
"43700",408.199232516985,"NRI_P090",50
"43701",-35546.731577483,"NRI_P090",100
"43702",16995.978232517,"NRI_P090",25
"43703",-12531.337307483,"NRI_P090",50
"43704",-16754.870837483,"NRI_P090",100
"43705",4571.95824251702,"NRI_P090",25
"43706",-31600.008127483,"NRI_P090",50
"43707",-21007.683937483,"NRI_P090",100
"43708",-9909.96833748301,"NRI_P090",25
"43709",-16725.266367483,"NRI_P090",50
"43710",-21726.744217483,"NRI_P090",100
"43711",8213.112922517,"NRI_P090",25
"43712",-19116.824457483,"NRI_P090",50
"43713",-14524.736597483,"NRI_P090",100
"43714",-26578.847787483,"NRI_P090",25
"43715",-16982.326947483,"NRI_P090",50
"43716",-21989.105807483,"NRI_P090",100
"43717",-3446.85265748296,"NRI_P090",25
"43718",4813.026342517,"NRI_P090",50
"43719",-2511.87127748301,"NRI_P090",100
"43720",-9451.94009748299,"NRI_P090",25
"43721",-13511.272257483,"NRI_P090",50
"43722",-34713.867787483,"NRI_P090",100
"43723",5247.18696251704,"NRI_P090",25
"43724",-616.788637482969,"NRI_P090",50
"43725",-21814.709767483,"NRI_P090",100
"43726",-1167.83190748299,"NRI_P090",25
"43727",-21224.212957483,"NRI_P090",50
"43728",-26467.080527483,"NRI_P090",100
"43729",-23552.643547483,"NRI_P090",25
"43730",-36242.310437483,"NRI_P090",50
"43731",16706.756952517,"NRI_P090",100
"43732",-24900.909697483,"NRI_P090",25
"43733",-22410.666507483,"NRI_P090",50
"43734",-21367.349937483,"NRI_P090",100
"43735",-16677.823287483,"NRI_P090",25
"43736",-24257.690927483,"NRI_P090",50
"43737",4291.51935251703,"NRI_P090",100
"43738",-5371.92980748299,"NRI_P090",25
"43739",-10946.174367483,"NRI_P090",50
"43740",-26018.610907483,"NRI_P090",100
"43741",-21645.042957483,"NRI_P090",25
"43742",17795.079222517,"NRI_P090",50
"43743",-39442.662527483,"NRI_P090",100
"43744",-2201.66341748298,"NRI_P090",25
"43745",-17898.144497483,"NRI_P090",50
"43746",2173.55458251701,"NRI_P090",100
"43747",4301.24758251704,"NRI_P090",25
"43748",-7074.30236748297,"NRI_P090",50
"43749",-22724.751207483,"NRI_P090",100
"43750",20135.816572517,"NRI_P090",25
"43751",263.022792517033,"NRI_P090",50
"43752",-23784.351687483,"NRI_P090",100
"43753",-1317.19450748299,"NRI_P090",25
"43754",-13444.061607483,"NRI_P090",50
"43755",-13073.723707483,"NRI_P090",100
"43756",10181.911602517,"NRI_P090",25
"43757",9727.09000251704,"NRI_P090",50
"43758",3651.41405251704,"NRI_P090",100
"43759",6366.561422517,"NRI_P090",25
"43760",1672.68119251699,"NRI_P090",50
"43761",-20661.701507483,"NRI_P090",100
"43762",12406.103162517,"NRI_P090",25
"43763",-9393.888407483,"NRI_P090",50
"43764",3443.18408251699,"NRI_P090",100
"43765",3357.04486251704,"NRI_P090",25
"43766",-20750.396587483,"NRI_P090",50
"43767",-35413.572377483,"NRI_P090",100
"43768",1662.67934251699,"NRI_P090",25
"43769",-10968.289957483,"NRI_P090",50
"43770",-13865.542677483,"NRI_P090",100
"43771",23589.726282517,"NRI_P090",25
"43772",-9963.07872748299,"NRI_P090",50
"43773",-27178.124387483,"NRI_P090",100
"43774",-37238.495677483,"NRI_P090",25
"43775",-5134.24239748297,"NRI_P090",50
"43776",-3436.18910748296,"NRI_P090",100
"43777",-34424.393657483,"NRI_P090",25
"43778",5359.45527251699,"NRI_P090",50
"43779",-25637.270417483,"NRI_P090",100
"43780",-15865.217807483,"NRI_P090",25
"43781",-15982.021027483,"NRI_P090",50
"43782",-39464.032757483,"NRI_P090",100
"43783",-19659.341957483,"NRI_P090",25
"43784",-28061.580837483,"NRI_P090",50
"43785",-31727.864047483,"NRI_P090",100
"43786",-25699.265557483,"NRI_P090",25
"43787",-31599.346447483,"NRI_P090",50
"43788",-10918.814207483,"NRI_P090",100
"43789",2312.11705251702,"NRI_P090",25
"43790",-12892.698867483,"NRI_P090",50
"43791",-39226.559677483,"NRI_P090",100
"43792",-5551.880297483,"NRI_P090",25
"43793",20358.975462517,"NRI_P090",50
"43794",-21525.520427483,"NRI_P090",100
"43795",8313.02982251701,"NRI_P090",25
"43796",-10624.996657483,"NRI_P090",50
"43797",-36089.634307483,"NRI_P090",100
"43798",2338.692912517,"NRI_P090",25
"43799",-28105.616977483,"NRI_P090",50
"43800",4733.08675251703,"NRI_P090",100
"43801",1481.7918028101,"NRI_P091",25
"43802",6337.81672281009,"NRI_P091",50
"43803",-6494.13208718991,"NRI_P091",100
"43804",-15035.6151671899,"NRI_P091",25
"43805",-217.095077189908,"NRI_P091",50
"43806",248.498702810102,"NRI_P091",100
"43807",-650.391757189907,"NRI_P091",25
"43808",-5083.6393671899,"NRI_P091",50
"43809",-569.720167189909,"NRI_P091",100
"43810",6792.63906281009,"NRI_P091",25
"43811",-477.129107189903,"NRI_P091",50
"43812",-10416.7961671899,"NRI_P091",100
"43813",-5020.67713718991,"NRI_P091",25
"43814",959.961462810097,"NRI_P091",50
"43815",11591.8639228101,"NRI_P091",100
"43816",-4741.5605671899,"NRI_P091",25
"43817",6166.38424281009,"NRI_P091",50
"43818",22834.3009728101,"NRI_P091",100
"43819",9672.6079128101,"NRI_P091",25
"43820",903.445172810098,"NRI_P091",50
"43821",-12501.5900571899,"NRI_P091",100
"43822",1843.2085028101,"NRI_P091",25
"43823",-1891.67390718991,"NRI_P091",50
"43824",-1036.87645718991,"NRI_P091",100
"43825",775.582112810094,"NRI_P091",25
"43826",12706.3271828101,"NRI_P091",50
"43827",8197.6868328101,"NRI_P091",100
"43828",-1183.9793771899,"NRI_P091",25
"43829",-6898.5885671899,"NRI_P091",50
"43830",-4745.5742971899,"NRI_P091",100
"43831",-3.36086718989827,"NRI_P091",25
"43832",5686.61254281009,"NRI_P091",50
"43833",1889.63850281009,"NRI_P091",100
"43834",5972.9575528101,"NRI_P091",25
"43835",4553.9957628101,"NRI_P091",50
"43836",5748.8058628101,"NRI_P091",100
"43837",-4329.3729171899,"NRI_P091",25
"43838",15900.6382728101,"NRI_P091",50
"43839",-4475.1003871899,"NRI_P091",100
"43840",24425.5463028101,"NRI_P091",25
"43841",2221.68995281009,"NRI_P091",50
"43842",1246.20083281009,"NRI_P091",100
"43843",1208.80099281009,"NRI_P091",25
"43844",17513.5475028101,"NRI_P091",50
"43845",-3072.22102718991,"NRI_P091",100
"43846",-10685.7785771899,"NRI_P091",25
"43847",13538.4051728101,"NRI_P091",50
"43848",-6877.5163371899,"NRI_P091",100
"43849",387.102172810104,"NRI_P091",25
"43850",-3739.00561718991,"NRI_P091",50
"43851",879.888882810104,"NRI_P091",100
"43852",435.512592810104,"NRI_P091",25
"43853",1922.5860828101,"NRI_P091",50
"43854",-9823.7282271899,"NRI_P091",100
"43855",-316.352817189909,"NRI_P091",25
"43856",-2130.34271718991,"NRI_P091",50
"43857",-1431.57168718991,"NRI_P091",100
"43858",6330.59290281009,"NRI_P091",25
"43859",-7814.93427718991,"NRI_P091",50
"43860",3522.7931028101,"NRI_P091",100
"43861",-14739.7333571899,"NRI_P091",25
"43862",-6067.1932871899,"NRI_P091",50
"43863",-6594.95993718991,"NRI_P091",100
"43864",5986.5561528101,"NRI_P091",25
"43865",-6681.5221471899,"NRI_P091",50
"43866",-11032.0075671899,"NRI_P091",100
"43867",-11465.6917571899,"NRI_P091",25
"43868",-9308.5217171899,"NRI_P091",50
"43869",-9922.06679718991,"NRI_P091",100
"43870",-7558.4292971899,"NRI_P091",25
"43871",580.575512810101,"NRI_P091",50
"43872",-11218.2083671899,"NRI_P091",100
"43873",3641.9847128101,"NRI_P091",25
"43874",9948.9653528101,"NRI_P091",50
"43875",523.509062810102,"NRI_P091",100
"43876",-15921.7905671899,"NRI_P091",25
"43877",1068.4029128101,"NRI_P091",50
"43878",-15625.0359071899,"NRI_P091",100
"43879",-7755.3588071899,"NRI_P091",25
"43880",-6245.13616718991,"NRI_P091",50
"43881",-405.253427189906,"NRI_P091",100
"43882",-753.475847189897,"NRI_P091",25
"43883",12526.0267028101,"NRI_P091",50
"43884",-4250.3135471899,"NRI_P091",100
"43885",-4285.67545718991,"NRI_P091",25
"43886",1435.3998728101,"NRI_P091",50
"43887",-8473.1464571899,"NRI_P091",100
"43888",8538.20818281009,"NRI_P091",25
"43889",4079.39775281009,"NRI_P091",50
"43890",-13452.0441871899,"NRI_P091",100
"43891",526.605062810093,"NRI_P091",25
"43892",3948.5047028101,"NRI_P091",50
"43893",-11389.6264971899,"NRI_P091",100
"43894",-11626.2874871899,"NRI_P091",25
"43895",-2574.0930771899,"NRI_P091",50
"43896",-8979.25832718991,"NRI_P091",100
"43897",4354.2388428101,"NRI_P091",25
"43898",6068.8500528101,"NRI_P091",50
"43899",2105.4213328101,"NRI_P091",100
"43900",-408.406907189899,"NRI_P091",25
"43901",-1830.39085718991,"NRI_P091",50
"43902",-4656.0824571899,"NRI_P091",100
"43903",-15243.6534871899,"NRI_P091",25
"43904",1733.80283281009,"NRI_P091",50
"43905",-395.745307189907,"NRI_P091",100
"43906",-137.861907189901,"NRI_P091",25
"43907",15015.6817128101,"NRI_P091",50
"43908",282.336222810103,"NRI_P091",100
"43909",-957.840347189907,"NRI_P091",25
"43910",7886.30850281009,"NRI_P091",50
"43911",-14005.5033771899,"NRI_P091",100
"43912",4890.1399428101,"NRI_P091",25
"43913",-16769.7911971899,"NRI_P091",50
"43914",20945.8275428101,"NRI_P091",100
"43915",8326.2413328101,"NRI_P091",25
"43916",5136.1163028101,"NRI_P091",50
"43917",-7825.58063718991,"NRI_P091",100
"43918",-349.308257189899,"NRI_P091",25
"43919",3683.33920281009,"NRI_P091",50
"43920",-12573.2319671899,"NRI_P091",100
"43921",5808.5603428101,"NRI_P091",25
"43922",-792.598207189905,"NRI_P091",50
"43923",-16960.4473271899,"NRI_P091",100
"43924",-6725.11497718991,"NRI_P091",25
"43925",3189.79436281009,"NRI_P091",50
"43926",-4160.6823071899,"NRI_P091",100
"43927",-5262.0472971899,"NRI_P091",25
"43928",3297.9548528101,"NRI_P091",50
"43929",12396.4859828101,"NRI_P091",100
"43930",-6026.5992371899,"NRI_P091",25
"43931",-4925.9618571899,"NRI_P091",50
"43932",8101.6948828101,"NRI_P091",100
"43933",3443.63824281009,"NRI_P091",25
"43934",4880.4052928101,"NRI_P091",50
"43935",-9583.3400371899,"NRI_P091",100
"43936",3748.36954281009,"NRI_P091",25
"43937",-6861.4794771899,"NRI_P091",50
"43938",-1447.95416718991,"NRI_P091",100
"43939",12208.0440028101,"NRI_P091",25
"43940",4217.7245928101,"NRI_P091",50
"43941",-648.061527189901,"NRI_P091",100
"43942",608.610952810093,"NRI_P091",25
"43943",-2497.0587871899,"NRI_P091",50
"43944",-4622.7353671899,"NRI_P091",100
"43945",-9916.1379871899,"NRI_P091",25
"43946",-4712.4209171899,"NRI_P091",50
"43947",-7722.2442971899,"NRI_P091",100
"43948",-12122.8750071899,"NRI_P091",25
"43949",4302.32390281009,"NRI_P091",50
"43950",-6496.8796071899,"NRI_P091",100
"43951",13425.6976228101,"NRI_P091",25
"43952",5824.9554528101,"NRI_P091",50
"43953",-292.981097189899,"NRI_P091",100
"43954",6778.6387928101,"NRI_P091",25
"43955",-13340.2607071899,"NRI_P091",50
"43956",-2480.94381718991,"NRI_P091",100
"43957",-1092.8399271899,"NRI_P091",25
"43958",-4813.9250871899,"NRI_P091",50
"43959",3191.78667281009,"NRI_P091",100
"43960",-5744.6903871899,"NRI_P091",25
"43961",-2701.0753671899,"NRI_P091",50
"43962",-5868.8849771899,"NRI_P091",100
"43963",-821.775717189899,"NRI_P091",25
"43964",-6748.4396571899,"NRI_P091",50
"43965",2180.9056228101,"NRI_P091",100
"43966",-892.229907189903,"NRI_P091",25
"43967",-5912.4787871899,"NRI_P091",50
"43968",-7700.3037371899,"NRI_P091",100
"43969",-9898.8067971899,"NRI_P091",25
"43970",-13071.5704671899,"NRI_P091",50
"43971",-15765.0488371899,"NRI_P091",100
"43972",5201.25302281009,"NRI_P091",25
"43973",-3076.4451771899,"NRI_P091",50
"43974",-11882.3681071899,"NRI_P091",100
"43975",142.159912810093,"NRI_P091",25
"43976",-1443.2124571899,"NRI_P091",50
"43977",11974.9048628101,"NRI_P091",100
"43978",662.996012810094,"NRI_P091",25
"43979",1334.26213281009,"NRI_P091",50
"43980",-12480.7716371899,"NRI_P091",100
"43981",430.418082810094,"NRI_P091",25
"43982",2117.4105828101,"NRI_P091",50
"43983",760.891742810098,"NRI_P091",100
"43984",10.051432810098,"NRI_P091",25
"43985",-583.943767189907,"NRI_P091",50
"43986",26538.2793628101,"NRI_P091",100
"43987",-15.5491071899014,"NRI_P091",25
"43988",1572.9667728101,"NRI_P091",50
"43989",-16002.8871571899,"NRI_P091",100
"43990",369.367452810096,"NRI_P091",25
"43991",-12819.0182971899,"NRI_P091",50
"43992",-5211.6299071899,"NRI_P091",100
"43993",4006.0600228101,"NRI_P091",25
"43994",2013.6702028101,"NRI_P091",50
"43995",-8603.88951718991,"NRI_P091",100
"43996",-4035.4583071899,"NRI_P091",25
"43997",4482.9212428101,"NRI_P091",50
"43998",4547.0181128101,"NRI_P091",100
"43999",-7018.8722671899,"NRI_P091",25
"44000",7001.21995281009,"NRI_P091",50
"44001",-9196.0012571899,"NRI_P091",100
"44002",4718.5752528101,"NRI_P091",25
"44003",-4597.60350718991,"NRI_P091",50
"44004",8585.18471281009,"NRI_P091",100
"44005",6443.6720228101,"NRI_P091",25
"44006",-7915.37743718991,"NRI_P091",50
"44007",-3199.46671718991,"NRI_P091",100
"44008",-913.041877189899,"NRI_P091",25
"44009",-9831.46612718991,"NRI_P091",50
"44010",-10915.0658471899,"NRI_P091",100
"44011",4920.0093428101,"NRI_P091",25
"44012",-3324.6553571899,"NRI_P091",50
"44013",-3238.52294718991,"NRI_P091",100
"44014",4653.6835328101,"NRI_P091",25
"44015",-1581.2472271899,"NRI_P091",50
"44016",-5101.1188771899,"NRI_P091",100
"44017",44.9076128101005,"NRI_P091",25
"44018",177.641902810094,"NRI_P091",50
"44019",5853.18987281009,"NRI_P091",100
"44020",11400.1070128101,"NRI_P091",25
"44021",-3694.9569971899,"NRI_P091",50
"44022",-5035.8436871899,"NRI_P091",100
"44023",-9885.72785718991,"NRI_P091",25
"44024",65.5411228101002,"NRI_P091",50
"44025",11849.0209628101,"NRI_P091",100
"44026",20936.5174228101,"NRI_P091",25
"44027",7486.08241281009,"NRI_P091",50
"44028",11375.2659928101,"NRI_P091",100
"44029",-6003.8116871899,"NRI_P091",25
"44030",2550.0789628101,"NRI_P091",50
"44031",19042.4016028101,"NRI_P091",100
"44032",4579.76397281009,"NRI_P091",25
"44033",-11880.3161071899,"NRI_P091",50
"44034",-1544.1600771899,"NRI_P091",100
"44035",-4093.0236271899,"NRI_P091",25
"44036",-2174.10164718991,"NRI_P091",50
"44037",-15813.0644871899,"NRI_P091",100
"44038",7905.65488281009,"NRI_P091",25
"44039",-4483.2224071899,"NRI_P091",50
"44040",1290.21432281009,"NRI_P091",100
"44041",-643.929657189903,"NRI_P091",25
"44042",14315.3311228101,"NRI_P091",50
"44043",-12496.5787971899,"NRI_P091",100
"44044",1808.23126281009,"NRI_P091",25
"44045",-8055.3754571899,"NRI_P091",50
"44046",3890.4302328101,"NRI_P091",100
"44047",11429.7364628101,"NRI_P091",25
"44048",-10498.4708171899,"NRI_P091",50
"44049",-8074.5343471899,"NRI_P091",100
"44050",12119.0952428101,"NRI_P091",25
"44051",-5147.7918071899,"NRI_P091",50
"44052",4020.2128528101,"NRI_P091",100
"44053",-2952.1157771899,"NRI_P091",25
"44054",348.509182810099,"NRI_P091",50
"44055",3048.8313628101,"NRI_P091",100
"44056",5036.2021928101,"NRI_P091",25
"44057",4125.34260281009,"NRI_P091",50
"44058",4386.2547028101,"NRI_P091",100
"44059",-6676.9960571899,"NRI_P091",25
"44060",-1803.6220071899,"NRI_P091",50
"44061",-13958.0904571899,"NRI_P091",100
"44062",-8317.5448171899,"NRI_P091",25
"44063",-4441.7507571899,"NRI_P091",50
"44064",-7620.29259718991,"NRI_P091",100
"44065",-601.866947189905,"NRI_P091",25
"44066",-15190.9285371899,"NRI_P091",50
"44067",14386.5385128101,"NRI_P091",100
"44068",9578.9243428101,"NRI_P091",25
"44069",-3445.7049271899,"NRI_P091",50
"44070",6946.2726828101,"NRI_P091",100
"44071",4355.0614528101,"NRI_P091",25
"44072",-13210.4952371899,"NRI_P091",50
"44073",-14134.7743671899,"NRI_P091",100
"44074",438.838182810097,"NRI_P091",25
"44075",13307.4525328101,"NRI_P091",50
"44076",1540.3336728101,"NRI_P091",100
"44077",-1001.4203171899,"NRI_P091",25
"44078",-1657.3318071899,"NRI_P091",50
"44079",-12533.3927471899,"NRI_P091",100
"44080",-15137.6421471899,"NRI_P091",25
"44081",-3360.53592718991,"NRI_P091",50
"44082",3233.7054928101,"NRI_P091",100
"44083",-10198.7917671899,"NRI_P091",25
"44084",-5342.3874271899,"NRI_P091",50
"44085",-688.082757189899,"NRI_P091",100
"44086",1646.60527281009,"NRI_P091",25
"44087",7481.60785281009,"NRI_P091",50
"44088",-8118.8565671899,"NRI_P091",100
"44089",2975.19098281009,"NRI_P091",25
"44090",-3140.41251718991,"NRI_P091",50
"44091",-9634.5383271899,"NRI_P091",100
"44092",2494.56667281009,"NRI_P091",25
"44093",4629.4157328101,"NRI_P091",50
"44094",-7268.43542718991,"NRI_P091",100
"44095",-511.572307189897,"NRI_P091",25
"44096",7492.60364281009,"NRI_P091",50
"44097",-9225.73770718991,"NRI_P091",100
"44098",3033.3485628101,"NRI_P091",25
"44099",-12353.7826371899,"NRI_P091",50
"44100",10474.8175828101,"NRI_P091",100
"44101",-6664.670844009,"NRI_P092",25
"44102",417.210135990987,"NRI_P092",50
"44103",-5120.25952400902,"NRI_P092",100
"44104",-1547.22970400902,"NRI_P092",25
"44105",3106.32611599099,"NRI_P092",50
"44106",15951.690495991,"NRI_P092",100
"44107",2043.13183599099,"NRI_P092",25
"44108",10618.446355991,"NRI_P092",50
"44109",6666.597585991,"NRI_P092",100
"44110",2392.735355991,"NRI_P092",25
"44111",-4080.85879400902,"NRI_P092",50
"44112",22276.346915991,"NRI_P092",100
"44113",-2678.991864009,"NRI_P092",25
"44114",6430.76947599099,"NRI_P092",50
"44115",2404.18353599097,"NRI_P092",100
"44116",-3361.16671400901,"NRI_P092",25
"44117",4137.66003599099,"NRI_P092",50
"44118",5660.507405991,"NRI_P092",100
"44119",5630.09177599099,"NRI_P092",25
"44120",9613.96469599099,"NRI_P092",50
"44121",-6029.28947400901,"NRI_P092",100
"44122",2501.33716599099,"NRI_P092",25
"44123",30751.194645991,"NRI_P092",50
"44124",9423.481545991,"NRI_P092",100
"44125",1478.11494599099,"NRI_P092",25
"44126",17595.991185991,"NRI_P092",50
"44127",6626.18488599098,"NRI_P092",100
"44128",5394.24596599099,"NRI_P092",25
"44129",2598.51766599098,"NRI_P092",50
"44130",3194.73735599098,"NRI_P092",100
"44131",518.023735990981,"NRI_P092",25
"44132",4676.25757599098,"NRI_P092",50
"44133",-8212.11545400901,"NRI_P092",100
"44134",-4659.36340400903,"NRI_P092",25
"44135",-2535.211604009,"NRI_P092",50
"44136",-7259.26468400902,"NRI_P092",100
"44137",10706.250165991,"NRI_P092",25
"44138",-3512.14891400901,"NRI_P092",50
"44139",-2232.88061400902,"NRI_P092",100
"44140",-2145.81780400901,"NRI_P092",25
"44141",-2416.70542400901,"NRI_P092",50
"44142",10214.975475991,"NRI_P092",100
"44143",487.216755990987,"NRI_P092",25
"44144",3747.53550599099,"NRI_P092",50
"44145",18987.500375991,"NRI_P092",100
"44146",4469.84123599099,"NRI_P092",25
"44147",4107.32646599098,"NRI_P092",50
"44148",44096.314585991,"NRI_P092",100
"44149",7368.64891599098,"NRI_P092",25
"44150",-811.779864009004,"NRI_P092",50
"44151",48249.299495991,"NRI_P092",100
"44152",-1972.913674009,"NRI_P092",25
"44153",739.464825990988,"NRI_P092",50
"44154",-5718.60003400902,"NRI_P092",100
"44155",1487.05774599098,"NRI_P092",25
"44156",9912.519705991,"NRI_P092",50
"44157",-2520.481284009,"NRI_P092",100
"44158",-1159.97342400902,"NRI_P092",25
"44159",-230.566524009017,"NRI_P092",50
"44160",-3490.212724009,"NRI_P092",100
"44161",-4356.71644400901,"NRI_P092",25
"44162",19688.224005991,"NRI_P092",50
"44163",1654.41637599099,"NRI_P092",100
"44164",374.440645990981,"NRI_P092",25
"44165",2658.80316599098,"NRI_P092",50
"44166",14310.072795991,"NRI_P092",100
"44167",-2973.16812400901,"NRI_P092",25
"44168",-5608.34930400903,"NRI_P092",50
"44169",24512.278085991,"NRI_P092",100
"44170",9134.69575599098,"NRI_P092",25
"44171",7710.83498599098,"NRI_P092",50
"44172",6492.20339599097,"NRI_P092",100
"44173",11621.706725991,"NRI_P092",25
"44174",5848.236475991,"NRI_P092",50
"44175",4792.50481599098,"NRI_P092",100
"44176",10351.907185991,"NRI_P092",25
"44177",-4765.253154009,"NRI_P092",50
"44178",17715.350365991,"NRI_P092",100
"44179",14480.868315991,"NRI_P092",25
"44180",-3112.64878400901,"NRI_P092",50
"44181",3342.95181599099,"NRI_P092",100
"44182",11559.543925991,"NRI_P092",25
"44183",-8518.47571400902,"NRI_P092",50
"44184",-1207.42490400901,"NRI_P092",100
"44185",-4677.14216400901,"NRI_P092",25
"44186",13442.805355991,"NRI_P092",50
"44187",2908.830435991,"NRI_P092",100
"44188",-1526.521344009,"NRI_P092",25
"44189",-3110.54196400903,"NRI_P092",50
"44190",-6765.64301400902,"NRI_P092",100
"44191",8483.44214599099,"NRI_P092",25
"44192",2379.32187599098,"NRI_P092",50
"44193",9783.17078599098,"NRI_P092",100
"44194",5809.562865991,"NRI_P092",25
"44195",-5029.48181400902,"NRI_P092",50
"44196",16040.978705991,"NRI_P092",100
"44197",-105.343384009,"NRI_P092",25
"44198",6147.29053599099,"NRI_P092",50
"44199",5052.07044599098,"NRI_P092",100
"44200",-1731.14975400901,"NRI_P092",25
"44201",-5940.29703400901,"NRI_P092",50
"44202",4257.17533599099,"NRI_P092",100
"44203",2641.659825991,"NRI_P092",25
"44204",-6804.36706400901,"NRI_P092",50
"44205",1642.69454599099,"NRI_P092",100
"44206",-6591.937524009,"NRI_P092",25
"44207",-6981.299544009,"NRI_P092",50
"44208",-5460.465384009,"NRI_P092",100
"44209",-5586.62586400902,"NRI_P092",25
"44210",-2635.910964009,"NRI_P092",50
"44211",4523.030445991,"NRI_P092",100
"44212",15200.779345991,"NRI_P092",25
"44213",846.658075990999,"NRI_P092",50
"44214",29512.803905991,"NRI_P092",100
"44215",-1479.801184009,"NRI_P092",25
"44216",-5444.735194009,"NRI_P092",50
"44217",4107.49435599099,"NRI_P092",100
"44218",171.605515990988,"NRI_P092",25
"44219",5306.04792599098,"NRI_P092",50
"44220",5524.63807599098,"NRI_P092",100
"44221",-1556.40590400901,"NRI_P092",25
"44222",-2621.68351400903,"NRI_P092",50
"44223",12537.947955991,"NRI_P092",100
"44224",2402.21471599099,"NRI_P092",25
"44225",-3197.388004009,"NRI_P092",50
"44226",11221.954825991,"NRI_P092",100
"44227",-658.685394009022,"NRI_P092",25
"44228",2696.917955991,"NRI_P092",50
"44229",27175.926815991,"NRI_P092",100
"44230",-3181.45761400901,"NRI_P092",25
"44231",-4825.44895400901,"NRI_P092",50
"44232",-5134.66384400902,"NRI_P092",100
"44233",-3620.33784400902,"NRI_P092",25
"44234",4673.90289599099,"NRI_P092",50
"44235",1038.768555991,"NRI_P092",100
"44236",13146.530115991,"NRI_P092",25
"44237",-7523.26260400901,"NRI_P092",50
"44238",-383.034824009024,"NRI_P092",100
"44239",1584.352015991,"NRI_P092",25
"44240",570.231245990988,"NRI_P092",50
"44241",-4558.67585400902,"NRI_P092",100
"44242",1109.40370599099,"NRI_P092",25
"44243",-3275.12084400901,"NRI_P092",50
"44244",56561.355835991,"NRI_P092",100
"44245",2729.51766599098,"NRI_P092",25
"44246",-19.8891840090218,"NRI_P092",50
"44247",21629.333475991,"NRI_P092",100
"44248",-4031.095074009,"NRI_P092",25
"44249",22041.941565991,"NRI_P092",50
"44250",248.303375990974,"NRI_P092",100
"44251",-1859.32880400901,"NRI_P092",25
"44252",-2433.81857400903,"NRI_P092",50
"44253",31928.354595991,"NRI_P092",100
"44254",1447.343775991,"NRI_P092",25
"44255",16913.524275991,"NRI_P092",50
"44256",-2880.95129400902,"NRI_P092",100
"44257",-4712.16715400902,"NRI_P092",25
"44258",12528.760375991,"NRI_P092",50
"44259",3901.64473599099,"NRI_P092",100
"44260",-3052.91940400901,"NRI_P092",25
"44261",-2972.62201400902,"NRI_P092",50
"44262",-1611.14796400903,"NRI_P092",100
"44263",-2301.71724400902,"NRI_P092",25
"44264",-1167.632844009,"NRI_P092",50
"44265",9610.71750599099,"NRI_P092",100
"44266",-3204.93891400902,"NRI_P092",25
"44267",6130.26219599097,"NRI_P092",50
"44268",18198.061085991,"NRI_P092",100
"44269",1558.409955991,"NRI_P092",25
"44270",20433.093795991,"NRI_P092",50
"44271",17012.471555991,"NRI_P092",100
"44272",18656.263525991,"NRI_P092",25
"44273",-3590.80295400901,"NRI_P092",50
"44274",2652.10117599097,"NRI_P092",100
"44275",-1895.822664009,"NRI_P092",25
"44276",-4582.23082400902,"NRI_P092",50
"44277",-9075.95895400902,"NRI_P092",100
"44278",1440.23982599098,"NRI_P092",25
"44279",-4299.67851400902,"NRI_P092",50
"44280",22454.500595991,"NRI_P092",100
"44281",4812.25954599099,"NRI_P092",25
"44282",1179.76233599099,"NRI_P092",50
"44283",7084.62717599099,"NRI_P092",100
"44284",28376.175895991,"NRI_P092",25
"44285",10029.024565991,"NRI_P092",50
"44286",9433.77016599098,"NRI_P092",100
"44287",13.6667959909828,"NRI_P092",25
"44288",-1379.83695400902,"NRI_P092",50
"44289",-11590.352664009,"NRI_P092",100
"44290",15400.020135991,"NRI_P092",25
"44291",8225.53199599098,"NRI_P092",50
"44292",33917.590245991,"NRI_P092",100
"44293",-1646.578034009,"NRI_P092",25
"44294",4879.78160599098,"NRI_P092",50
"44295",4028.214035991,"NRI_P092",100
"44296",2396.06760599097,"NRI_P092",25
"44297",6412.844635991,"NRI_P092",50
"44298",18246.665675991,"NRI_P092",100
"44299",6076.61399599098,"NRI_P092",25
"44300",-5269.39828400902,"NRI_P092",50
"44301",21010.803815991,"NRI_P092",100
"44302",1187.39626599097,"NRI_P092",25
"44303",1182.37490599099,"NRI_P092",50
"44304",-9817.827954009,"NRI_P092",100
"44305",-2660.85541400901,"NRI_P092",25
"44306",5700.06680599099,"NRI_P092",50
"44307",17297.064395991,"NRI_P092",100
"44308",6452.58586599099,"NRI_P092",25
"44309",-6068.32974400901,"NRI_P092",50
"44310",-627.860334009019,"NRI_P092",100
"44311",-1605.45744400902,"NRI_P092",25
"44312",15395.845255991,"NRI_P092",50
"44313",6084.66449599099,"NRI_P092",100
"44314",2078.07427599098,"NRI_P092",25
"44315",14239.550445991,"NRI_P092",50
"44316",13931.864015991,"NRI_P092",100
"44317",-5036.65970400901,"NRI_P092",25
"44318",4865.17902599098,"NRI_P092",50
"44319",3003.55524599098,"NRI_P092",100
"44320",-3373.561614009,"NRI_P092",25
"44321",-1344.057364009,"NRI_P092",50
"44322",16112.776095991,"NRI_P092",100
"44323",-576.032844009023,"NRI_P092",25
"44324",-3870.46352400901,"NRI_P092",50
"44325",23573.962925991,"NRI_P092",100
"44326",8742.390925991,"NRI_P092",25
"44327",-1059.24445400902,"NRI_P092",50
"44328",4770.601905991,"NRI_P092",100
"44329",-55.7902540090145,"NRI_P092",25
"44330",-1293.71213400902,"NRI_P092",50
"44331",17633.547735991,"NRI_P092",100
"44332",57.2704959909897,"NRI_P092",25
"44333",22548.812465991,"NRI_P092",50
"44334",-5052.87577400901,"NRI_P092",100
"44335",-1802.41319400902,"NRI_P092",25
"44336",-1828.026064009,"NRI_P092",50
"44337",-3714.61904400901,"NRI_P092",100
"44338",-3607.19775400902,"NRI_P092",25
"44339",3792.47267599098,"NRI_P092",50
"44340",34812.984085991,"NRI_P092",100
"44341",-7059.63155400901,"NRI_P092",25
"44342",3072.96462599098,"NRI_P092",50
"44343",3697.81697599098,"NRI_P092",100
"44344",-2556.059864009,"NRI_P092",25
"44345",-2379.605734009,"NRI_P092",50
"44346",23275.855895991,"NRI_P092",100
"44347",-4295.65655400901,"NRI_P092",25
"44348",8350.549785991,"NRI_P092",50
"44349",2061.57841599098,"NRI_P092",100
"44350",9675.88824599099,"NRI_P092",25
"44351",-2009.440784009,"NRI_P092",50
"44352",1729.28457599098,"NRI_P092",100
"44353",11606.588265991,"NRI_P092",25
"44354",-2239.211634009,"NRI_P092",50
"44355",882.580535991001,"NRI_P092",100
"44356",-2161.01673400903,"NRI_P092",25
"44357",16514.519035991,"NRI_P092",50
"44358",-7608.90501400901,"NRI_P092",100
"44359",-3161.21078400902,"NRI_P092",25
"44360",-1219.42193400901,"NRI_P092",50
"44361",13589.124755991,"NRI_P092",100
"44362",-2180.08507400902,"NRI_P092",25
"44363",-7391.426314009,"NRI_P092",50
"44364",27152.586405991,"NRI_P092",100
"44365",-4519.78349400903,"NRI_P092",25
"44366",-5721.427334009,"NRI_P092",50
"44367",9268.464995991,"NRI_P092",100
"44368",-2685.28551400901,"NRI_P092",25
"44369",8368.65074599098,"NRI_P092",50
"44370",-11872.994144009,"NRI_P092",100
"44371",5917.52208599099,"NRI_P092",25
"44372",-6827.57001400902,"NRI_P092",50
"44373",11238.319795991,"NRI_P092",100
"44374",-2058.336424009,"NRI_P092",25
"44375",2272.52406599099,"NRI_P092",50
"44376",-9952.49409400902,"NRI_P092",100
"44377",-2869.48145400902,"NRI_P092",25
"44378",-6605.32165400902,"NRI_P092",50
"44379",3235.54763599098,"NRI_P092",100
"44380",-6739.59884400902,"NRI_P092",25
"44381",905.170545990986,"NRI_P092",50
"44382",-8643.003804009,"NRI_P092",100
"44383",3405.43501599098,"NRI_P092",25
"44384",1129.019785991,"NRI_P092",50
"44385",2402.40177599099,"NRI_P092",100
"44386",459.009095991001,"NRI_P092",25
"44387",17753.165485991,"NRI_P092",50
"44388",-5996.50892400902,"NRI_P092",100
"44389",-4538.19564400901,"NRI_P092",25
"44390",7576.212155991,"NRI_P092",50
"44391",24332.869415991,"NRI_P092",100
"44392",-3267.121664009,"NRI_P092",25
"44393",-2437.95976400902,"NRI_P092",50
"44394",-7942.308534009,"NRI_P092",100
"44395",-1274.565314009,"NRI_P092",25
"44396",-5411.21967400901,"NRI_P092",50
"44397",-6947.18782400902,"NRI_P092",100
"44398",3018.333665991,"NRI_P092",25
"44399",-5195.57530400902,"NRI_P092",50
"44400",12256.860805991,"NRI_P092",100
"44401",-5917.69371261701,"NRI_P093",25
"44402",5940.44849738298,"NRI_P093",50
"44403",-4167.073382617,"NRI_P093",100
"44404",8048.87657738299,"NRI_P093",25
"44405",-1230.726352617,"NRI_P093",50
"44406",-6526.054852617,"NRI_P093",100
"44407",-9135.852292617,"NRI_P093",25
"44408",7469.77897738299,"NRI_P093",50
"44409",-7927.32554261701,"NRI_P093",100
"44410",34221.370657383,"NRI_P093",25
"44411",-982.359062617004,"NRI_P093",50
"44412",43763.371747383,"NRI_P093",100
"44413",4670.99396738299,"NRI_P093",25
"44414",7169.398227383,"NRI_P093",50
"44415",34061.046057383,"NRI_P093",100
"44416",1094.72710738299,"NRI_P093",25
"44417",-2758.08734261701,"NRI_P093",50
"44418",4097.93942738298,"NRI_P093",100
"44419",3352.513667383,"NRI_P093",25
"44420",11671.925307383,"NRI_P093",50
"44421",-5091.01882261701,"NRI_P093",100
"44422",6184.70276738299,"NRI_P093",25
"44423",3279.127247383,"NRI_P093",50
"44424",-776.752252617007,"NRI_P093",100
"44425",2350.69362738298,"NRI_P093",25
"44426",6931.62458738298,"NRI_P093",50
"44427",3287.114977383,"NRI_P093",100
"44428",5787.78465738299,"NRI_P093",25
"44429",1085.05839738299,"NRI_P093",50
"44430",10833.267067383,"NRI_P093",100
"44431",-3240.738212617,"NRI_P093",25
"44432",6047.43050738299,"NRI_P093",50
"44433",-5804.343872617,"NRI_P093",100
"44434",27709.966497383,"NRI_P093",25
"44435",1313.23029738298,"NRI_P093",50
"44436",35468.344197383,"NRI_P093",100
"44437",-4107.72551261701,"NRI_P093",25
"44438",8901.36843738297,"NRI_P093",50
"44439",12387.088997383,"NRI_P093",100
"44440",-11322.079192617,"NRI_P093",25
"44441",6612.41122738298,"NRI_P093",50
"44442",5676.683987383,"NRI_P093",100
"44443",2902.88830738299,"NRI_P093",25
"44444",3464.294447383,"NRI_P093",50
"44445",1360.19009738299,"NRI_P093",100
"44446",15517.413007383,"NRI_P093",25
"44447",23511.879767383,"NRI_P093",50
"44448",15417.030917383,"NRI_P093",100
"44449",9098.797917383,"NRI_P093",25
"44450",24688.094917383,"NRI_P093",50
"44451",-1466.84467261701,"NRI_P093",100
"44452",4059.09295738299,"NRI_P093",25
"44453",4407.61230738298,"NRI_P093",50
"44454",1101.748027383,"NRI_P093",100
"44455",20748.563507383,"NRI_P093",25
"44456",-16182.684482617,"NRI_P093",50
"44457",18829.817867383,"NRI_P093",100
"44458",2647.29706738298,"NRI_P093",25
"44459",14099.851627383,"NRI_P093",50
"44460",-370.02692261702,"NRI_P093",100
"44461",4768.548437383,"NRI_P093",25
"44462",-4492.351692617,"NRI_P093",50
"44463",10696.206327383,"NRI_P093",100
"44464",5628.68107738299,"NRI_P093",25
"44465",-10891.419582617,"NRI_P093",50
"44466",10341.428987383,"NRI_P093",100
"44467",20929.922417383,"NRI_P093",25
"44468",771.360827383003,"NRI_P093",50
"44469",6844.916707383,"NRI_P093",100
"44470",4138.30289738299,"NRI_P093",25
"44471",1756.59324738299,"NRI_P093",50
"44472",16483.463017383,"NRI_P093",100
"44473",766.806307382998,"NRI_P093",25
"44474",-10829.315272617,"NRI_P093",50
"44475",28869.668547383,"NRI_P093",100
"44476",-707.702692617022,"NRI_P093",25
"44477",22918.309777383,"NRI_P093",50
"44478",13215.599357383,"NRI_P093",100
"44479",1107.47724738298,"NRI_P093",25
"44480",1762.37319738299,"NRI_P093",50
"44481",41062.296077383,"NRI_P093",100
"44482",22332.934627383,"NRI_P093",25
"44483",6174.79180738298,"NRI_P093",50
"44484",4705.67079738298,"NRI_P093",100
"44485",-194.738432617014,"NRI_P093",25
"44486",1942.97181738299,"NRI_P093",50
"44487",5719.459297383,"NRI_P093",100
"44488",13761.624707383,"NRI_P093",25
"44489",-2526.68262261702,"NRI_P093",50
"44490",17061.049137383,"NRI_P093",100
"44491",-2352.041662617,"NRI_P093",25
"44492",-9130.19853261701,"NRI_P093",50
"44493",28397.348127383,"NRI_P093",100
"44494",5770.82899738298,"NRI_P093",25
"44495",47475.406177383,"NRI_P093",50
"44496",1775.00951738298,"NRI_P093",100
"44497",-7110.06673261701,"NRI_P093",25
"44498",33895.183497383,"NRI_P093",50
"44499",22838.604497383,"NRI_P093",100
"44500",2626.40155738298,"NRI_P093",25
"44501",6982.99946738299,"NRI_P093",50
"44502",14067.790927383,"NRI_P093",100
"44503",-2669.22157261701,"NRI_P093",25
"44504",22417.194837383,"NRI_P093",50
"44505",8164.654177383,"NRI_P093",100
"44506",2818.72423738299,"NRI_P093",25
"44507",943.152317382977,"NRI_P093",50
"44508",2409.02198738299,"NRI_P093",100
"44509",8331.45940738299,"NRI_P093",25
"44510",-10319.876612617,"NRI_P093",50
"44511",5527.73245738298,"NRI_P093",100
"44512",-1200.47243261701,"NRI_P093",25
"44513",11987.675797383,"NRI_P093",50
"44514",13339.963787383,"NRI_P093",100
"44515",4442.66434738299,"NRI_P093",25
"44516",11793.325627383,"NRI_P093",50
"44517",65172.967687383,"NRI_P093",100
"44518",-3313.15458261702,"NRI_P093",25
"44519",-5151.55564261702,"NRI_P093",50
"44520",52882.490247383,"NRI_P093",100
"44521",18548.517457383,"NRI_P093",25
"44522",21779.840637383,"NRI_P093",50
"44523",9414.45450738299,"NRI_P093",100
"44524",22758.273817383,"NRI_P093",25
"44525",1220.89814738298,"NRI_P093",50
"44526",32211.072337383,"NRI_P093",100
"44527",6627.38281738298,"NRI_P093",25
"44528",13231.136707383,"NRI_P093",50
"44529",2585.370627383,"NRI_P093",100
"44530",386.251317382994,"NRI_P093",25
"44531",-7529.717102617,"NRI_P093",50
"44532",27675.419287383,"NRI_P093",100
"44533",1163.69126738299,"NRI_P093",25
"44534",28093.900417383,"NRI_P093",50
"44535",22597.858127383,"NRI_P093",100
"44536",9435.42086738299,"NRI_P093",25
"44537",-771.829212617013,"NRI_P093",50
"44538",-4504.88264261701,"NRI_P093",100
"44539",9794.21412738299,"NRI_P093",25
"44540",12843.652477383,"NRI_P093",50
"44541",34755.716317383,"NRI_P093",100
"44542",19137.778067383,"NRI_P093",25
"44543",-4937.00604261702,"NRI_P093",50
"44544",12173.714507383,"NRI_P093",100
"44545",-3226.645452617,"NRI_P093",25
"44546",2494.07967738298,"NRI_P093",50
"44547",14196.534077383,"NRI_P093",100
"44548",2203.66448738298,"NRI_P093",25
"44549",16477.006737383,"NRI_P093",50
"44550",98395.823077383,"NRI_P093",100
"44551",15681.023987383,"NRI_P093",25
"44552",1197.48811738298,"NRI_P093",50
"44553",18316.815637383,"NRI_P093",100
"44554",1987.263877383,"NRI_P093",25
"44555",32708.353417383,"NRI_P093",50
"44556",-12257.533362617,"NRI_P093",100
"44557",-1933.13276261702,"NRI_P093",25
"44558",-6649.07496261701,"NRI_P093",50
"44559",-9978.02748261701,"NRI_P093",100
"44560",-6456.77789261701,"NRI_P093",25
"44561",8509.47698738298,"NRI_P093",50
"44562",38861.015787383,"NRI_P093",100
"44563",-12133.816752617,"NRI_P093",25
"44564",982.484287382977,"NRI_P093",50
"44565",10718.693667383,"NRI_P093",100
"44566",32207.094937383,"NRI_P093",25
"44567",9532.33507738297,"NRI_P093",50
"44568",-7441.08186261702,"NRI_P093",100
"44569",14039.431237383,"NRI_P093",25
"44570",-7875.41858261701,"NRI_P093",50
"44571",19242.584097383,"NRI_P093",100
"44572",-4930.36560261701,"NRI_P093",25
"44573",-1392.65327261703,"NRI_P093",50
"44574",29143.359847383,"NRI_P093",100
"44575",-2168.82835261701,"NRI_P093",25
"44576",10407.383747383,"NRI_P093",50
"44577",-641.157602617022,"NRI_P093",100
"44578",567.770357382979,"NRI_P093",25
"44579",3828.77920738299,"NRI_P093",50
"44580",18822.599147383,"NRI_P093",100
"44581",-1726.444942617,"NRI_P093",25
"44582",24906.641557383,"NRI_P093",50
"44583",-6758.66701261702,"NRI_P093",100
"44584",5272.29395738299,"NRI_P093",25
"44585",5248.71219738299,"NRI_P093",50
"44586",19559.114517383,"NRI_P093",100
"44587",19541.841747383,"NRI_P093",25
"44588",-4407.05359261701,"NRI_P093",50
"44589",1672.13336738298,"NRI_P093",100
"44590",-12357.501122617,"NRI_P093",25
"44591",13128.317297383,"NRI_P093",50
"44592",24797.661417383,"NRI_P093",100
"44593",3948.31473738299,"NRI_P093",25
"44594",5656.70412738298,"NRI_P093",50
"44595",36264.641327383,"NRI_P093",100
"44596",9842.266247383,"NRI_P093",25
"44597",-2727.71542261701,"NRI_P093",50
"44598",42362.879457383,"NRI_P093",100
"44599",-1212.17965261702,"NRI_P093",25
"44600",2852.552137383,"NRI_P093",50
"44601",23111.462837383,"NRI_P093",100
"44602",210.290467382991,"NRI_P093",25
"44603",15826.264417383,"NRI_P093",50
"44604",60876.048977383,"NRI_P093",100
"44605",-5366.27616261702,"NRI_P093",25
"44606",4631.45769738298,"NRI_P093",50
"44607",28960.445107383,"NRI_P093",100
"44608",3591.72358738299,"NRI_P093",25
"44609",11968.456527383,"NRI_P093",50
"44610",44452.421027383,"NRI_P093",100
"44611",1809.23933738298,"NRI_P093",25
"44612",-7166.13556261701,"NRI_P093",50
"44613",-12208.893342617,"NRI_P093",100
"44614",12071.841087383,"NRI_P093",25
"44615",-6427.317472617,"NRI_P093",50
"44616",8423.28733738299,"NRI_P093",100
"44617",661.964727382991,"NRI_P093",25
"44618",35218.712897383,"NRI_P093",50
"44619",16304.450927383,"NRI_P093",100
"44620",3079.32249738299,"NRI_P093",25
"44621",-4323.60869261701,"NRI_P093",50
"44622",20246.394737383,"NRI_P093",100
"44623",-1560.67268261701,"NRI_P093",25
"44624",42628.342597383,"NRI_P093",50
"44625",-6400.057642617,"NRI_P093",100
"44626",5939.44815738298,"NRI_P093",25
"44627",9798.85898738299,"NRI_P093",50
"44628",8691.803827383,"NRI_P093",100
"44629",-5942.69830261701,"NRI_P093",25
"44630",5048.84480738299,"NRI_P093",50
"44631",28107.998677383,"NRI_P093",100
"44632",-5202.115922617,"NRI_P093",25
"44633",-3468.52258261701,"NRI_P093",50
"44634",-314.594492617005,"NRI_P093",100
"44635",-5686.281082617,"NRI_P093",25
"44636",38242.528467383,"NRI_P093",50
"44637",-490.389782617014,"NRI_P093",100
"44638",10798.426277383,"NRI_P093",25
"44639",28562.139397383,"NRI_P093",50
"44640",-6956.283922617,"NRI_P093",100
"44641",-5729.27632261702,"NRI_P093",25
"44642",348.355047382996,"NRI_P093",50
"44643",-1513.84570261702,"NRI_P093",100
"44644",-5392.775482617,"NRI_P093",25
"44645",273.182387382985,"NRI_P093",50
"44646",9558.41365738297,"NRI_P093",100
"44647",14864.724857383,"NRI_P093",25
"44648",-9567.14137261701,"NRI_P093",50
"44649",-6328.175372617,"NRI_P093",100
"44650",-415.765922617022,"NRI_P093",25
"44651",6694.736537383,"NRI_P093",50
"44652",18421.238737383,"NRI_P093",100
"44653",18017.432107383,"NRI_P093",25
"44654",4786.10138738298,"NRI_P093",50
"44655",20758.872597383,"NRI_P093",100
"44656",499.304027382983,"NRI_P093",25
"44657",29299.710627383,"NRI_P093",50
"44658",31445.104977383,"NRI_P093",100
"44659",13328.476237383,"NRI_P093",25
"44660",16204.161087383,"NRI_P093",50
"44661",5077.43288738298,"NRI_P093",100
"44662",-1782.759892617,"NRI_P093",25
"44663",-3915.31876261701,"NRI_P093",50
"44664",22630.793597383,"NRI_P093",100
"44665",13008.802457383,"NRI_P093",25
"44666",28242.089127383,"NRI_P093",50
"44667",-2991.119102617,"NRI_P093",100
"44668",-1398.495902617,"NRI_P093",25
"44669",7762.68603738298,"NRI_P093",50
"44670",-6280.21101261702,"NRI_P093",100
"44671",-2137.040992617,"NRI_P093",25
"44672",-6557.283432617,"NRI_P093",50
"44673",9291.89196738298,"NRI_P093",100
"44674",1675.26594738298,"NRI_P093",25
"44675",22258.656937383,"NRI_P093",50
"44676",17002.758897383,"NRI_P093",100
"44677",107.384927382984,"NRI_P093",25
"44678",725.415617382998,"NRI_P093",50
"44679",20843.650537383,"NRI_P093",100
"44680",-2488.33833261702,"NRI_P093",25
"44681",7331.50210738298,"NRI_P093",50
"44682",43070.254347383,"NRI_P093",100
"44683",10435.967117383,"NRI_P093",25
"44684",5383.54430738298,"NRI_P093",50
"44685",20017.700847383,"NRI_P093",100
"44686",-8063.28373261701,"NRI_P093",25
"44687",22305.128527383,"NRI_P093",50
"44688",8750.94651738298,"NRI_P093",100
"44689",-2166.17676261702,"NRI_P093",25
"44690",16080.947247383,"NRI_P093",50
"44691",14930.267677383,"NRI_P093",100
"44692",7561.89028738299,"NRI_P093",25
"44693",10071.418537383,"NRI_P093",50
"44694",14937.170247383,"NRI_P093",100
"44695",2871.90319738298,"NRI_P093",25
"44696",-14304.307332617,"NRI_P093",50
"44697",-4539.429202617,"NRI_P093",100
"44698",-615.725472617021,"NRI_P093",25
"44699",1715.10370738298,"NRI_P093",50
"44700",-3261.13855261702,"NRI_P093",100
"44701",-9311.32127914502,"NRI_P094",25
"44702",-39458.717849145,"NRI_P094",50
"44703",8942.84772085497,"NRI_P094",100
"44704",-15869.516209145,"NRI_P094",25
"44705",-16109.790919145,"NRI_P094",50
"44706",-57046.580849145,"NRI_P094",100
"44707",-29855.335689145,"NRI_P094",25
"44708",-26499.667789145,"NRI_P094",50
"44709",-63345.945509145,"NRI_P094",100
"44710",61200.474480855,"NRI_P094",25
"44711",-40028.100029145,"NRI_P094",50
"44712",20410.554480855,"NRI_P094",100
"44713",-17887.864059145,"NRI_P094",25
"44714",-31860.068339145,"NRI_P094",50
"44715",-71006.278899145,"NRI_P094",100
"44716",-20094.418799145,"NRI_P094",25
"44717",-25734.219939145,"NRI_P094",50
"44718",-68125.824729145,"NRI_P094",100
"44719",-23360.487539145,"NRI_P094",25
"44720",-19947.076629145,"NRI_P094",50
"44721",-60577.838249145,"NRI_P094",100
"44722",-2116.84013914503,"NRI_P094",25
"44723",-24328.297619145,"NRI_P094",50
"44724",12313.823290855,"NRI_P094",100
"44725",-27079.642129145,"NRI_P094",25
"44726",-36304.713299145,"NRI_P094",50
"44727",-61926.748159145,"NRI_P094",100
"44728",-1093.52445914503,"NRI_P094",25
"44729",-13071.004739145,"NRI_P094",50
"44730",-53702.790289145,"NRI_P094",100
"44731",-8437.34843914502,"NRI_P094",25
"44732",-35701.047199145,"NRI_P094",50
"44733",-68356.838079145,"NRI_P094",100
"44734",-27948.427959145,"NRI_P094",25
"44735",-31103.488219145,"NRI_P094",50
"44736",20263.450340855,"NRI_P094",100
"44737",-15166.524469145,"NRI_P094",25
"44738",46270.080010855,"NRI_P094",50
"44739",-52014.162119145,"NRI_P094",100
"44740",-29528.491799145,"NRI_P094",25
"44741",-18666.550189145,"NRI_P094",50
"44742",-51430.355259145,"NRI_P094",100
"44743",-24267.694659145,"NRI_P094",25
"44744",45359.624010855,"NRI_P094",50
"44745",28395.662570855,"NRI_P094",100
"44746",-7939.31100914499,"NRI_P094",25
"44747",-32871.772509145,"NRI_P094",50
"44748",-20844.989609145,"NRI_P094",100
"44749",-7908.03492914501,"NRI_P094",25
"44750",-33067.391829145,"NRI_P094",50
"44751",32901.275330855,"NRI_P094",100
"44752",-10371.889419145,"NRI_P094",25
"44753",58561.292020855,"NRI_P094",50
"44754",-31783.933079145,"NRI_P094",100
"44755",-25507.015809145,"NRI_P094",25
"44756",-33134.298559145,"NRI_P094",50
"44757",-53538.645829145,"NRI_P094",100
"44758",-7026.330159145,"NRI_P094",25
"44759",-11947.021199145,"NRI_P094",50
"44760",-62923.081259145,"NRI_P094",100
"44761",-27039.167799145,"NRI_P094",25
"44762",-47387.232669145,"NRI_P094",50
"44763",-45124.309049145,"NRI_P094",100
"44764",-11527.777369145,"NRI_P094",25
"44765",-26027.706959145,"NRI_P094",50
"44766",-68791.516509145,"NRI_P094",100
"44767",-7419.59254914499,"NRI_P094",25
"44768",-32898.914909145,"NRI_P094",50
"44769",-59130.661199145,"NRI_P094",100
"44770",5663.213160855,"NRI_P094",25
"44771",-23709.528519145,"NRI_P094",50
"44772",13470.816140855,"NRI_P094",100
"44773",-9917.646649145,"NRI_P094",25
"44774",-48705.222349145,"NRI_P094",50
"44775",-42851.621789145,"NRI_P094",100
"44776",-19939.626119145,"NRI_P094",25
"44777",-35626.010049145,"NRI_P094",50
"44778",-58119.641279145,"NRI_P094",100
"44779",51525.760560855,"NRI_P094",25
"44780",63807.339060855,"NRI_P094",50
"44781",-74044.242989145,"NRI_P094",100
"44782",-9335.01206914498,"NRI_P094",25
"44783",-40236.259209145,"NRI_P094",50
"44784",-66029.586569145,"NRI_P094",100
"44785",-16053.406689145,"NRI_P094",25
"44786",45480.815620855,"NRI_P094",50
"44787",-57896.392589145,"NRI_P094",100
"44788",-2121.50355914503,"NRI_P094",25
"44789",-39519.603909145,"NRI_P094",50
"44790",-63480.829829145,"NRI_P094",100
"44791",-12503.119299145,"NRI_P094",25
"44792",-32952.078029145,"NRI_P094",50
"44793",24303.395020855,"NRI_P094",100
"44794",62265.774730855,"NRI_P094",25
"44795",-27730.369019145,"NRI_P094",50
"44796",-30195.070779145,"NRI_P094",100
"44797",1776.35013085499,"NRI_P094",25
"44798",-28392.262309145,"NRI_P094",50
"44799",-58180.685909145,"NRI_P094",100
"44800",-22652.657479145,"NRI_P094",25
"44801",-25217.329339145,"NRI_P094",50
"44802",-70741.804619145,"NRI_P094",100
"44803",14402.721550855,"NRI_P094",25
"44804",-28221.087749145,"NRI_P094",50
"44805",-71922.043049145,"NRI_P094",100
"44806",-21553.948689145,"NRI_P094",25
"44807",-44369.292569145,"NRI_P094",50
"44808",-28662.145049145,"NRI_P094",100
"44809",-6225.29538914503,"NRI_P094",25
"44810",-25826.926349145,"NRI_P094",50
"44811",-51288.155899145,"NRI_P094",100
"44812",-16884.940899145,"NRI_P094",25
"44813",-2135.61791914498,"NRI_P094",50
"44814",-55561.505609145,"NRI_P094",100
"44815",-17905.712589145,"NRI_P094",25
"44816",-39346.311409145,"NRI_P094",50
"44817",27578.704050855,"NRI_P094",100
"44818",-15851.920019145,"NRI_P094",25
"44819",-28850.722619145,"NRI_P094",50
"44820",-43290.290479145,"NRI_P094",100
"44821",-1894.52507914498,"NRI_P094",25
"44822",-37043.622189145,"NRI_P094",50
"44823",-35796.498639145,"NRI_P094",100
"44824",-12034.198529145,"NRI_P094",25
"44825",-44794.745989145,"NRI_P094",50
"44826",35975.868870855,"NRI_P094",100
"44827",1946.564020855,"NRI_P094",25
"44828",-36393.318659145,"NRI_P094",50
"44829",-36522.301059145,"NRI_P094",100
"44830",-20552.922699145,"NRI_P094",25
"44831",-33335.358909145,"NRI_P094",50
"44832",-59191.319709145,"NRI_P094",100
"44833",-12840.337019145,"NRI_P094",25
"44834",-36775.510569145,"NRI_P094",50
"44835",8357.77289085498,"NRI_P094",100
"44836",-5154.85236914502,"NRI_P094",25
"44837",-33592.074739145,"NRI_P094",50
"44838",-56459.630729145,"NRI_P094",100
"44839",-12256.400119145,"NRI_P094",25
"44840",-17389.883929145,"NRI_P094",50
"44841",-36967.267069145,"NRI_P094",100
"44842",-14275.030549145,"NRI_P094",25
"44843",-35505.776529145,"NRI_P094",50
"44844",-55520.122769145,"NRI_P094",100
"44845",56903.042320855,"NRI_P094",25
"44846",-36072.991829145,"NRI_P094",50
"44847",-39166.345759145,"NRI_P094",100
"44848",131470.059070855,"NRI_P094",25
"44849",-13032.239499145,"NRI_P094",50
"44850",-49423.455669145,"NRI_P094",100
"44851",77596.478640855,"NRI_P094",25
"44852",-10609.818989145,"NRI_P094",50
"44853",-58693.467289145,"NRI_P094",100
"44854",-26196.038599145,"NRI_P094",25
"44855",-26162.139169145,"NRI_P094",50
"44856",7888.67890085501,"NRI_P094",100
"44857",-17392.786659145,"NRI_P094",25
"44858",-37907.590489145,"NRI_P094",50
"44859",-44128.004899145,"NRI_P094",100
"44860",2493.25732085499,"NRI_P094",25
"44861",-28316.696319145,"NRI_P094",50
"44862",19611.989270855,"NRI_P094",100
"44863",-4542.73383914499,"NRI_P094",25
"44864",-31747.685559145,"NRI_P094",50
"44865",29711.458640855,"NRI_P094",100
"44866",-10420.385739145,"NRI_P094",25
"44867",-33560.576589145,"NRI_P094",50
"44868",-75078.899519145,"NRI_P094",100
"44869",3325.674320855,"NRI_P094",25
"44870",44332.906720855,"NRI_P094",50
"44871",1578.544190855,"NRI_P094",100
"44872",-8669.73193914501,"NRI_P094",25
"44873",-22227.824889145,"NRI_P094",50
"44874",-57383.753359145,"NRI_P094",100
"44875",-6055.58206914499,"NRI_P094",25
"44876",-29636.604019145,"NRI_P094",50
"44877",12291.938740855,"NRI_P094",100
"44878",-18562.499559145,"NRI_P094",25
"44879",-31947.356849145,"NRI_P094",50
"44880",-60387.682659145,"NRI_P094",100
"44881",-36898.441349145,"NRI_P094",25
"44882",-32761.918659145,"NRI_P094",50
"44883",-68655.588239145,"NRI_P094",100
"44884",134401.532340855,"NRI_P094",25
"44885",-28883.504529145,"NRI_P094",50
"44886",-55176.599909145,"NRI_P094",100
"44887",4727.64979085501,"NRI_P094",25
"44888",-21094.978649145,"NRI_P094",50
"44889",-65817.379479145,"NRI_P094",100
"44890",-9341.52685914503,"NRI_P094",25
"44891",-23859.379149145,"NRI_P094",50
"44892",-49288.731889145,"NRI_P094",100
"44893",-10184.869719145,"NRI_P094",25
"44894",-28002.669869145,"NRI_P094",50
"44895",-57311.368679145,"NRI_P094",100
"44896",-12784.789699145,"NRI_P094",25
"44897",-19522.844959145,"NRI_P094",50
"44898",10603.128790855,"NRI_P094",100
"44899",-30249.679059145,"NRI_P094",25
"44900",48712.230410855,"NRI_P094",50
"44901",-75096.759329145,"NRI_P094",100
"44902",-21189.823359145,"NRI_P094",25
"44903",-34833.244239145,"NRI_P094",50
"44904",17188.445290855,"NRI_P094",100
"44905",-3861.58273914503,"NRI_P094",25
"44906",-35559.470429145,"NRI_P094",50
"44907",-57930.000859145,"NRI_P094",100
"44908",2857.47780085501,"NRI_P094",25
"44909",-27380.166299145,"NRI_P094",50
"44910",-58988.544419145,"NRI_P094",100
"44911",-12066.615439145,"NRI_P094",25
"44912",-43294.985509145,"NRI_P094",50
"44913",-65135.048549145,"NRI_P094",100
"44914",-18994.659149145,"NRI_P094",25
"44915",-19187.451289145,"NRI_P094",50
"44916",-55585.683829145,"NRI_P094",100
"44917",-15542.202779145,"NRI_P094",25
"44918",-15914.375119145,"NRI_P094",50
"44919",-62582.061599145,"NRI_P094",100
"44920",-24153.694989145,"NRI_P094",25
"44921",-27825.577609145,"NRI_P094",50
"44922",-41549.185559145,"NRI_P094",100
"44923",-10178.454999145,"NRI_P094",25
"44924",-7919.11749914498,"NRI_P094",50
"44925",64475.719770855,"NRI_P094",100
"44926",-10796.799809145,"NRI_P094",25
"44927",-44236.591379145,"NRI_P094",50
"44928",-36188.985729145,"NRI_P094",100
"44929",-12358.749279145,"NRI_P094",25
"44930",-33200.595999145,"NRI_P094",50
"44931",18978.306820855,"NRI_P094",100
"44932",-17470.515239145,"NRI_P094",25
"44933",-29122.571499145,"NRI_P094",50
"44934",-42205.102119145,"NRI_P094",100
"44935",-9851.27217914502,"NRI_P094",25
"44936",-42488.951749145,"NRI_P094",50
"44937",-61230.050199145,"NRI_P094",100
"44938",-10198.443039145,"NRI_P094",25
"44939",-28518.152499145,"NRI_P094",50
"44940",-60643.396809145,"NRI_P094",100
"44941",-7428.05016914499,"NRI_P094",25
"44942",-21433.758629145,"NRI_P094",50
"44943",18426.538430855,"NRI_P094",100
"44944",87952.619060855,"NRI_P094",25
"44945",-23674.526929145,"NRI_P094",50
"44946",-48308.795279145,"NRI_P094",100
"44947",-6307.40674914501,"NRI_P094",25
"44948",-35401.275459145,"NRI_P094",50
"44949",4887.132650855,"NRI_P094",100
"44950",-11053.529149145,"NRI_P094",25
"44951",-24927.841919145,"NRI_P094",50
"44952",-59475.088029145,"NRI_P094",100
"44953",-5052.175729145,"NRI_P094",25
"44954",-26985.681769145,"NRI_P094",50
"44955",-54148.124309145,"NRI_P094",100
"44956",-14229.465959145,"NRI_P094",25
"44957",-22792.570989145,"NRI_P094",50
"44958",-50055.203609145,"NRI_P094",100
"44959",-16942.610029145,"NRI_P094",25
"44960",39233.638440855,"NRI_P094",50
"44961",-64527.341619145,"NRI_P094",100
"44962",-24311.824959145,"NRI_P094",25
"44963",-38126.333139145,"NRI_P094",50
"44964",-31906.078349145,"NRI_P094",100
"44965",-12964.471859145,"NRI_P094",25
"44966",-33788.237129145,"NRI_P094",50
"44967",-57040.804179145,"NRI_P094",100
"44968",-24375.715919145,"NRI_P094",25
"44969",-20594.341959145,"NRI_P094",50
"44970",-61808.227659145,"NRI_P094",100
"44971",-17355.490569145,"NRI_P094",25
"44972",-32889.234379145,"NRI_P094",50
"44973",-59370.597699145,"NRI_P094",100
"44974",-6173.57478914503,"NRI_P094",25
"44975",-29190.532789145,"NRI_P094",50
"44976",-61266.232279145,"NRI_P094",100
"44977",-11428.726709145,"NRI_P094",25
"44978",37079.407070855,"NRI_P094",50
"44979",-53093.244249145,"NRI_P094",100
"44980",-3911.89196914498,"NRI_P094",25
"44981",-27722.030089145,"NRI_P094",50
"44982",94992.039480855,"NRI_P094",100
"44983",3718.641220855,"NRI_P094",25
"44984",-14544.136979145,"NRI_P094",50
"44985",-57210.046799145,"NRI_P094",100
"44986",-23893.094239145,"NRI_P094",25
"44987",-32945.338869145,"NRI_P094",50
"44988",-56074.283189145,"NRI_P094",100
"44989",-18511.955549145,"NRI_P094",25
"44990",-23416.700069145,"NRI_P094",50
"44991",-52604.193199145,"NRI_P094",100
"44992",-6147.57409914501,"NRI_P094",25
"44993",-21982.760309145,"NRI_P094",50
"44994",-70983.350439145,"NRI_P094",100
"44995",-12760.223039145,"NRI_P094",25
"44996",50993.003300855,"NRI_P094",50
"44997",-56928.412079145,"NRI_P094",100
"44998",-6723.71715914499,"NRI_P094",25
"44999",-23956.329129145,"NRI_P094",50
"45000",-57173.618729145,"NRI_P094",100
"45001",18442.665249737,"NRI_P098",25
"45002",70581.308969737,"NRI_P098",50
"45003",139345.090709737,"NRI_P098",100
"45004",20367.326409737,"NRI_P098",25
"45005",49469.846649737,"NRI_P098",50
"45006",58487.224599737,"NRI_P098",100
"45007",14950.541259737,"NRI_P098",25
"45008",28361.305759737,"NRI_P098",50
"45009",76312.319589737,"NRI_P098",100
"45010",20331.006439737,"NRI_P098",25
"45011",41041.148519737,"NRI_P098",50
"45012",68370.662559737,"NRI_P098",100
"45013",22894.748549737,"NRI_P098",25
"45014",22594.910159737,"NRI_P098",50
"45015",71468.430219737,"NRI_P098",100
"45016",36506.562839737,"NRI_P098",25
"45017",64433.366659737,"NRI_P098",50
"45018",118797.272419737,"NRI_P098",100
"45019",3664.780719737,"NRI_P098",25
"45020",26929.071429737,"NRI_P098",50
"45021",87227.014409737,"NRI_P098",100
"45022",19033.914579737,"NRI_P098",25
"45023",40090.427999737,"NRI_P098",50
"45024",97885.087069737,"NRI_P098",100
"45025",891.058289737004,"NRI_P098",25
"45026",50318.113299737,"NRI_P098",50
"45027",95105.470999737,"NRI_P098",100
"45028",25251.228729737,"NRI_P098",25
"45029",70197.141929737,"NRI_P098",50
"45030",67705.209929737,"NRI_P098",100
"45031",39412.726369737,"NRI_P098",25
"45032",33601.207469737,"NRI_P098",50
"45033",139761.115829737,"NRI_P098",100
"45034",20925.603609737,"NRI_P098",25
"45035",29071.908949737,"NRI_P098",50
"45036",77931.309969737,"NRI_P098",100
"45037",40325.129659737,"NRI_P098",25
"45038",57080.122309737,"NRI_P098",50
"45039",87828.318349737,"NRI_P098",100
"45040",17338.045719737,"NRI_P098",25
"45041",48344.545559737,"NRI_P098",50
"45042",104757.893839737,"NRI_P098",100
"45043",54896.803089737,"NRI_P098",25
"45044",44422.161769737,"NRI_P098",50
"45045",115520.282389737,"NRI_P098",100
"45046",33660.597429737,"NRI_P098",25
"45047",58962.861409737,"NRI_P098",50
"45048",87004.989719737,"NRI_P098",100
"45049",16736.967679737,"NRI_P098",25
"45050",43536.426169737,"NRI_P098",50
"45051",79080.077279737,"NRI_P098",100
"45052",-4056.89681026299,"NRI_P098",25
"45053",60541.337669737,"NRI_P098",50
"45054",88467.086269737,"NRI_P098",100
"45055",8403.463919737,"NRI_P098",25
"45056",64129.036669737,"NRI_P098",50
"45057",106766.696059737,"NRI_P098",100
"45058",32414.930849737,"NRI_P098",25
"45059",66623.847439737,"NRI_P098",50
"45060",87328.693929737,"NRI_P098",100
"45061",26329.229939737,"NRI_P098",25
"45062",25268.222879737,"NRI_P098",50
"45063",96111.175819737,"NRI_P098",100
"45064",22133.241409737,"NRI_P098",25
"45065",36254.873219737,"NRI_P098",50
"45066",80010.432039737,"NRI_P098",100
"45067",31006.182729737,"NRI_P098",25
"45068",53327.643669737,"NRI_P098",50
"45069",102080.813409737,"NRI_P098",100
"45070",11480.414719737,"NRI_P098",25
"45071",20441.084039737,"NRI_P098",50
"45072",82721.715099737,"NRI_P098",100
"45073",45395.054549737,"NRI_P098",25
"45074",44604.548379737,"NRI_P098",50
"45075",94089.639879737,"NRI_P098",100
"45076",15679.306449737,"NRI_P098",25
"45077",71937.521169737,"NRI_P098",50
"45078",69905.162219737,"NRI_P098",100
"45079",17932.707609737,"NRI_P098",25
"45080",14473.720109737,"NRI_P098",50
"45081",94785.643639737,"NRI_P098",100
"45082",37910.566779737,"NRI_P098",25
"45083",60814.594719737,"NRI_P098",50
"45084",65623.038959737,"NRI_P098",100
"45085",20782.275599737,"NRI_P098",25
"45086",18774.886779737,"NRI_P098",50
"45087",62483.974249737,"NRI_P098",100
"45088",20113.126979737,"NRI_P098",25
"45089",50043.436049737,"NRI_P098",50
"45090",98906.792489737,"NRI_P098",100
"45091",40814.690989737,"NRI_P098",25
"45092",34962.044949737,"NRI_P098",50
"45093",93907.845209737,"NRI_P098",100
"45094",37325.430059737,"NRI_P098",25
"45095",91770.146389737,"NRI_P098",50
"45096",119475.887399737,"NRI_P098",100
"45097",17124.458769737,"NRI_P098",25
"45098",54581.246919737,"NRI_P098",50
"45099",90042.992919737,"NRI_P098",100
"45100",28990.638559737,"NRI_P098",25
"45101",47596.083099737,"NRI_P098",50
"45102",111928.238999737,"NRI_P098",100
"45103",12350.556809737,"NRI_P098",25
"45104",47286.617139737,"NRI_P098",50
"45105",101089.439179737,"NRI_P098",100
"45106",23896.267839737,"NRI_P098",25
"45107",55297.328099737,"NRI_P098",50
"45108",97936.156669737,"NRI_P098",100
"45109",29542.068719737,"NRI_P098",25
"45110",53512.460289737,"NRI_P098",50
"45111",83145.112609737,"NRI_P098",100
"45112",20710.376299737,"NRI_P098",25
"45113",33539.130709737,"NRI_P098",50
"45114",100320.770669737,"NRI_P098",100
"45115",28172.937939737,"NRI_P098",25
"45116",68325.725699737,"NRI_P098",50
"45117",44307.594319737,"NRI_P098",100
"45118",22706.994609737,"NRI_P098",25
"45119",44158.452179737,"NRI_P098",50
"45120",103015.359459737,"NRI_P098",100
"45121",9275.14785973702,"NRI_P098",25
"45122",70991.298609737,"NRI_P098",50
"45123",122464.602109737,"NRI_P098",100
"45124",12368.187979737,"NRI_P098",25
"45125",49709.112469737,"NRI_P098",50
"45126",122597.466469737,"NRI_P098",100
"45127",8942.05402973702,"NRI_P098",25
"45128",47171.535819737,"NRI_P098",50
"45129",113888.585649737,"NRI_P098",100
"45130",24010.005249737,"NRI_P098",25
"45131",27460.007159737,"NRI_P098",50
"45132",83639.159939737,"NRI_P098",100
"45133",11867.391629737,"NRI_P098",25
"45134",36813.052909737,"NRI_P098",50
"45135",85040.997779737,"NRI_P098",100
"45136",22340.477099737,"NRI_P098",25
"45137",31895.156509737,"NRI_P098",50
"45138",76615.820479737,"NRI_P098",100
"45139",4481.084539737,"NRI_P098",25
"45140",37979.513229737,"NRI_P098",50
"45141",82998.483489737,"NRI_P098",100
"45142",14719.833009737,"NRI_P098",25
"45143",29499.344329737,"NRI_P098",50
"45144",79432.704029737,"NRI_P098",100
"45145",20216.084829737,"NRI_P098",25
"45146",48149.144279737,"NRI_P098",50
"45147",85296.534169737,"NRI_P098",100
"45148",22461.573529737,"NRI_P098",25
"45149",30852.179479737,"NRI_P098",50
"45150",122753.604059737,"NRI_P098",100
"45151",6780.424219737,"NRI_P098",25
"45152",36492.852199737,"NRI_P098",50
"45153",116577.916509737,"NRI_P098",100
"45154",11944.709059737,"NRI_P098",25
"45155",30252.019189737,"NRI_P098",50
"45156",69303.390849737,"NRI_P098",100
"45157",18778.524899737,"NRI_P098",25
"45158",53252.990679737,"NRI_P098",50
"45159",86156.860819737,"NRI_P098",100
"45160",41956.669649737,"NRI_P098",25
"45161",60217.411859737,"NRI_P098",50
"45162",94984.220649737,"NRI_P098",100
"45163",16910.899959737,"NRI_P098",25
"45164",80566.753669737,"NRI_P098",50
"45165",70701.703069737,"NRI_P098",100
"45166",14798.432749737,"NRI_P098",25
"45167",59100.925799737,"NRI_P098",50
"45168",106268.252819737,"NRI_P098",100
"45169",9547.812879737,"NRI_P098",25
"45170",53917.746699737,"NRI_P098",50
"45171",92074.159349737,"NRI_P098",100
"45172",54795.587149737,"NRI_P098",25
"45173",35185.885929737,"NRI_P098",50
"45174",35852.793549737,"NRI_P098",100
"45175",19557.755619737,"NRI_P098",25
"45176",20210.331219737,"NRI_P098",50
"45177",69306.613199737,"NRI_P098",100
"45178",20530.022419737,"NRI_P098",25
"45179",29208.381919737,"NRI_P098",50
"45180",71769.614979737,"NRI_P098",100
"45181",22210.400479737,"NRI_P098",25
"45182",70167.250439737,"NRI_P098",50
"45183",99503.348109737,"NRI_P098",100
"45184",31488.211649737,"NRI_P098",25
"45185",30338.216499737,"NRI_P098",50
"45186",63384.124309737,"NRI_P098",100
"45187",13362.324629737,"NRI_P098",25
"45188",36478.575699737,"NRI_P098",50
"45189",67821.983939737,"NRI_P098",100
"45190",12640.313339737,"NRI_P098",25
"45191",64492.636529737,"NRI_P098",50
"45192",69549.549959737,"NRI_P098",100
"45193",14430.035849737,"NRI_P098",25
"45194",38269.421779737,"NRI_P098",50
"45195",89946.088019737,"NRI_P098",100
"45196",21807.928489737,"NRI_P098",25
"45197",51495.486229737,"NRI_P098",50
"45198",89898.950249737,"NRI_P098",100
"45199",32019.263959737,"NRI_P098",25
"45200",42983.059399737,"NRI_P098",50
"45201",113634.916239737,"NRI_P098",100
"45202",2709.82915973701,"NRI_P098",25
"45203",33360.126819737,"NRI_P098",50
"45204",80679.244619737,"NRI_P098",100
"45205",65533.029209737,"NRI_P098",25
"45206",66537.941459737,"NRI_P098",50
"45207",113312.339129737,"NRI_P098",100
"45208",29001.244039737,"NRI_P098",25
"45209",34485.591749737,"NRI_P098",50
"45210",119077.088339737,"NRI_P098",100
"45211",34397.368069737,"NRI_P098",25
"45212",44456.245479737,"NRI_P098",50
"45213",88305.970809737,"NRI_P098",100
"45214",15731.282749737,"NRI_P098",25
"45215",13526.657919737,"NRI_P098",50
"45216",94962.878089737,"NRI_P098",100
"45217",41623.590349737,"NRI_P098",25
"45218",17361.614369737,"NRI_P098",50
"45219",112661.055089737,"NRI_P098",100
"45220",18226.230859737,"NRI_P098",25
"45221",59718.569569737,"NRI_P098",50
"45222",101888.877139737,"NRI_P098",100
"45223",15386.233839737,"NRI_P098",25
"45224",44223.786309737,"NRI_P098",50
"45225",96848.968319737,"NRI_P098",100
"45226",12712.535149737,"NRI_P098",25
"45227",52122.813169737,"NRI_P098",50
"45228",92308.967839737,"NRI_P098",100
"45229",23251.775809737,"NRI_P098",25
"45230",39258.720739737,"NRI_P098",50
"45231",134227.510359737,"NRI_P098",100
"45232",19566.767859737,"NRI_P098",25
"45233",45362.631029737,"NRI_P098",50
"45234",74948.573339737,"NRI_P098",100
"45235",53223.360849737,"NRI_P098",25
"45236",44592.818879737,"NRI_P098",50
"45237",68248.188019737,"NRI_P098",100
"45238",15913.387419737,"NRI_P098",25
"45239",37595.121089737,"NRI_P098",50
"45240",129186.775369737,"NRI_P098",100
"45241",2769.74481973701,"NRI_P098",25
"45242",31546.910269737,"NRI_P098",50
"45243",89549.157919737,"NRI_P098",100
"45244",2270.63266973701,"NRI_P098",25
"45245",47693.636139737,"NRI_P098",50
"45246",79867.779169737,"NRI_P098",100
"45247",18742.266379737,"NRI_P098",25
"45248",34565.247869737,"NRI_P098",50
"45249",122074.967759737,"NRI_P098",100
"45250",25895.007669737,"NRI_P098",25
"45251",24879.694689737,"NRI_P098",50
"45252",85883.012819737,"NRI_P098",100
"45253",38522.377329737,"NRI_P098",25
"45254",35148.250789737,"NRI_P098",50
"45255",111381.105489737,"NRI_P098",100
"45256",5733.90574973699,"NRI_P098",25
"45257",32447.705799737,"NRI_P098",50
"45258",84623.996509737,"NRI_P098",100
"45259",29268.388959737,"NRI_P098",25
"45260",40929.287009737,"NRI_P098",50
"45261",111602.364859737,"NRI_P098",100
"45262",16908.135349737,"NRI_P098",25
"45263",28747.876889737,"NRI_P098",50
"45264",93822.734499737,"NRI_P098",100
"45265",7916.44560973701,"NRI_P098",25
"45266",51702.085359737,"NRI_P098",50
"45267",125393.790169737,"NRI_P098",100
"45268",21412.454329737,"NRI_P098",25
"45269",93173.298829737,"NRI_P098",50
"45270",70329.893439737,"NRI_P098",100
"45271",33153.007189737,"NRI_P098",25
"45272",57056.057599737,"NRI_P098",50
"45273",103766.421099737,"NRI_P098",100
"45274",12500.955689737,"NRI_P098",25
"45275",70227.768519737,"NRI_P098",50
"45276",128840.290879737,"NRI_P098",100
"45277",46582.904889737,"NRI_P098",25
"45278",33252.965489737,"NRI_P098",50
"45279",87551.785139737,"NRI_P098",100
"45280",28256.531699737,"NRI_P098",25
"45281",59763.966359737,"NRI_P098",50
"45282",87691.686739737,"NRI_P098",100
"45283",17246.692189737,"NRI_P098",25
"45284",66783.279659737,"NRI_P098",50
"45285",67459.108859737,"NRI_P098",100
"45286",23695.756389737,"NRI_P098",25
"45287",66643.540779737,"NRI_P098",50
"45288",97809.028869737,"NRI_P098",100
"45289",30405.492889737,"NRI_P098",25
"45290",59392.603459737,"NRI_P098",50
"45291",92035.439289737,"NRI_P098",100
"45292",25225.065519737,"NRI_P098",25
"45293",52210.148579737,"NRI_P098",50
"45294",101950.027369737,"NRI_P098",100
"45295",20740.742359737,"NRI_P098",25
"45296",26776.848009737,"NRI_P098",50
"45297",98355.401119737,"NRI_P098",100
"45298",27993.799139737,"NRI_P098",25
"45299",31557.518459737,"NRI_P098",50
"45300",76003.141939737,"NRI_P098",100
"45301",-9257.30209350699,"NRI_P099",25
"45302",-13127.127563507,"NRI_P099",50
"45303",511.876786492998,"NRI_P099",100
"45304",-9172.31333350699,"NRI_P099",25
"45305",29721.653626493,"NRI_P099",50
"45306",-15334.244813507,"NRI_P099",100
"45307",5007.72609649302,"NRI_P099",25
"45308",-14661.014353507,"NRI_P099",50
"45309",22679.990996493,"NRI_P099",100
"45310",12532.492106493,"NRI_P099",25
"45311",-3217.516123507,"NRI_P099",50
"45312",-8004.17614350701,"NRI_P099",100
"45313",-14016.731223507,"NRI_P099",25
"45314",-1483.48929350701,"NRI_P099",50
"45315",-3046.95915350699,"NRI_P099",100
"45316",-11483.048913507,"NRI_P099",25
"45317",19307.442616493,"NRI_P099",50
"45318",9622.817726493,"NRI_P099",100
"45319",-3099.405923507,"NRI_P099",25
"45320",-12398.467183507,"NRI_P099",50
"45321",-7206.79968350701,"NRI_P099",100
"45322",-8895.059153507,"NRI_P099",25
"45323",14394.203156493,"NRI_P099",50
"45324",-17344.683063507,"NRI_P099",100
"45325",4685.77413649301,"NRI_P099",25
"45326",15761.818636493,"NRI_P099",50
"45327",-3850.174973507,"NRI_P099",100
"45328",1975.799716493,"NRI_P099",25
"45329",3259.42972649299,"NRI_P099",50
"45330",36895.617386493,"NRI_P099",100
"45331",-6025.51478350701,"NRI_P099",25
"45332",11521.753616493,"NRI_P099",50
"45333",3006.019946493,"NRI_P099",100
"45334",-6683.034603507,"NRI_P099",25
"45335",-7524.56195350699,"NRI_P099",50
"45336",-8999.235603507,"NRI_P099",100
"45337",20663.039656493,"NRI_P099",25
"45338",10134.395846493,"NRI_P099",50
"45339",-27101.987083507,"NRI_P099",100
"45340",8371.430896493,"NRI_P099",25
"45341",-20103.312093507,"NRI_P099",50
"45342",-11818.887023507,"NRI_P099",100
"45343",-1076.719653507,"NRI_P099",25
"45344",3895.57179649299,"NRI_P099",50
"45345",-15927.928433507,"NRI_P099",100
"45346",11574.124276493,"NRI_P099",25
"45347",-1396.417393507,"NRI_P099",50
"45348",1892.977206493,"NRI_P099",100
"45349",-8435.45903350701,"NRI_P099",25
"45350",-4593.27098350698,"NRI_P099",50
"45351",14486.562156493,"NRI_P099",100
"45352",-8389.37526350698,"NRI_P099",25
"45353",-8163.200673507,"NRI_P099",50
"45354",-29559.425723507,"NRI_P099",100
"45355",-2603.65672350701,"NRI_P099",25
"45356",21559.965846493,"NRI_P099",50
"45357",-14738.034753507,"NRI_P099",100
"45358",-2845.95316350699,"NRI_P099",25
"45359",-7810.25106350699,"NRI_P099",50
"45360",-13893.061343507,"NRI_P099",100
"45361",6556.92756649302,"NRI_P099",25
"45362",-13139.405723507,"NRI_P099",50
"45363",-29170.893273507,"NRI_P099",100
"45364",-6261.45509350699,"NRI_P099",25
"45365",1926.37500649301,"NRI_P099",50
"45366",-18510.588363507,"NRI_P099",100
"45367",-735.548213506991,"NRI_P099",25
"45368",-484.921343506983,"NRI_P099",50
"45369",-10980.039803507,"NRI_P099",100
"45370",-5160.245763507,"NRI_P099",25
"45371",-5879.72195350699,"NRI_P099",50
"45372",-2078.93893350699,"NRI_P099",100
"45373",-5449.82829350699,"NRI_P099",25
"45374",-8063.68539350701,"NRI_P099",50
"45375",-20220.364313507,"NRI_P099",100
"45376",-8414.95410350699,"NRI_P099",25
"45377",-6728.719833507,"NRI_P099",50
"45378",-22199.926963507,"NRI_P099",100
"45379",13033.364376493,"NRI_P099",25
"45380",-617.930463506986,"NRI_P099",50
"45381",2573.470636493,"NRI_P099",100
"45382",-2931.37422350701,"NRI_P099",25
"45383",5126.990946493,"NRI_P099",50
"45384",-12726.993183507,"NRI_P099",100
"45385",13225.068086493,"NRI_P099",25
"45386",-9666.677063507,"NRI_P099",50
"45387",-23416.977953507,"NRI_P099",100
"45388",-4675.89830350698,"NRI_P099",25
"45389",-12550.557823507,"NRI_P099",50
"45390",4132.97383649301,"NRI_P099",100
"45391",788.836586493009,"NRI_P099",25
"45392",3350.97458649302,"NRI_P099",50
"45393",-2063.70968350698,"NRI_P099",100
"45394",-4347.56150350699,"NRI_P099",25
"45395",-18803.723663507,"NRI_P099",50
"45396",-20571.051533507,"NRI_P099",100
"45397",-9596.574423507,"NRI_P099",25
"45398",-7953.953933507,"NRI_P099",50
"45399",-26296.047723507,"NRI_P099",100
"45400",-14078.844003507,"NRI_P099",25
"45401",32278.977586493,"NRI_P099",50
"45402",-21412.932243507,"NRI_P099",100
"45403",9831.350456493,"NRI_P099",25
"45404",5212.93906649301,"NRI_P099",50
"45405",-11783.570523507,"NRI_P099",100
"45406",-1417.71450350698,"NRI_P099",25
"45407",-12961.134743507,"NRI_P099",50
"45408",-4273.20272350698,"NRI_P099",100
"45409",-9247.82281350699,"NRI_P099",25
"45410",-752.889973507001,"NRI_P099",50
"45411",-15717.663093507,"NRI_P099",100
"45412",-2094.191763507,"NRI_P099",25
"45413",-12378.507703507,"NRI_P099",50
"45414",10150.390686493,"NRI_P099",100
"45415",-3792.151363507,"NRI_P099",25
"45416",-4655.66232350699,"NRI_P099",50
"45417",5237.11532649302,"NRI_P099",100
"45418",-5905.60456350699,"NRI_P099",25
"45419",-19461.076723507,"NRI_P099",50
"45420",-12909.323983507,"NRI_P099",100
"45421",-11236.797333507,"NRI_P099",25
"45422",-6814.47268350699,"NRI_P099",50
"45423",-9438.91344350699,"NRI_P099",100
"45424",-9005.718793507,"NRI_P099",25
"45425",-14057.620093507,"NRI_P099",50
"45426",2968.98423649301,"NRI_P099",100
"45427",-956.417293506995,"NRI_P099",25
"45428",-248.485563506983,"NRI_P099",50
"45429",-31838.318213507,"NRI_P099",100
"45430",-8608.74332350699,"NRI_P099",25
"45431",-9423.87426350699,"NRI_P099",50
"45432",-280.510203507001,"NRI_P099",100
"45433",12559.973756493,"NRI_P099",25
"45434",7733.73970649301,"NRI_P099",50
"45435",-550.927383506991,"NRI_P099",100
"45436",19226.862646493,"NRI_P099",25
"45437",-9311.039293507,"NRI_P099",50
"45438",-18271.286893507,"NRI_P099",100
"45439",1854.513956493,"NRI_P099",25
"45440",-11162.838343507,"NRI_P099",50
"45441",13710.687106493,"NRI_P099",100
"45442",-6153.84340350699,"NRI_P099",25
"45443",-24683.437343507,"NRI_P099",50
"45444",13355.803696493,"NRI_P099",100
"45445",-9754.331413507,"NRI_P099",25
"45446",-12606.219433507,"NRI_P099",50
"45447",-28169.602613507,"NRI_P099",100
"45448",-11511.472723507,"NRI_P099",25
"45449",-18998.292773507,"NRI_P099",50
"45450",24716.358626493,"NRI_P099",100
"45451",7024.419266493,"NRI_P099",25
"45452",9271.96123649299,"NRI_P099",50
"45453",9758.46603649302,"NRI_P099",100
"45454",-5001.68358350699,"NRI_P099",25
"45455",-8651.628633507,"NRI_P099",50
"45456",751.385066493007,"NRI_P099",100
"45457",-2173.033713507,"NRI_P099",25
"45458",5612.789756493,"NRI_P099",50
"45459",-29732.047303507,"NRI_P099",100
"45460",-8196.37878350701,"NRI_P099",25
"45461",-13427.874453507,"NRI_P099",50
"45462",-33568.944073507,"NRI_P099",100
"45463",-2685.78674350699,"NRI_P099",25
"45464",-7137.717143507,"NRI_P099",50
"45465",-7891.086983507,"NRI_P099",100
"45466",-1162.55871350699,"NRI_P099",25
"45467",-19229.353983507,"NRI_P099",50
"45468",-15044.462913507,"NRI_P099",100
"45469",-2582.36775350699,"NRI_P099",25
"45470",-9302.664263507,"NRI_P099",50
"45471",-25026.312193507,"NRI_P099",100
"45472",-9135.51926350698,"NRI_P099",25
"45473",-10888.833493507,"NRI_P099",50
"45474",-14587.843643507,"NRI_P099",100
"45475",-11400.489613507,"NRI_P099",25
"45476",-15567.502913507,"NRI_P099",50
"45477",12527.501426493,"NRI_P099",100
"45478",11763.301156493,"NRI_P099",25
"45479",-2122.42040350699,"NRI_P099",50
"45480",1938.98736649301,"NRI_P099",100
"45481",-7310.35501350698,"NRI_P099",25
"45482",-8666.481693507,"NRI_P099",50
"45483",2254.35957649301,"NRI_P099",100
"45484",-13391.088863507,"NRI_P099",25
"45485",-11040.521493507,"NRI_P099",50
"45486",-8836.200803507,"NRI_P099",100
"45487",-3887.616723507,"NRI_P099",25
"45488",-6840.758093507,"NRI_P099",50
"45489",-17259.917463507,"NRI_P099",100
"45490",7102.98996649301,"NRI_P099",25
"45491",17742.419266493,"NRI_P099",50
"45492",-22289.905633507,"NRI_P099",100
"45493",381.168526493013,"NRI_P099",25
"45494",-3422.90325350699,"NRI_P099",50
"45495",-12700.358173507,"NRI_P099",100
"45496",-10018.690143507,"NRI_P099",25
"45497",-4533.28597350701,"NRI_P099",50
"45498",1414.823356493,"NRI_P099",100
"45499",-18739.562133507,"NRI_P099",25
"45500",-64.3584535069822,"NRI_P099",50
"45501",14695.571356493,"NRI_P099",100
"45502",20885.296566493,"NRI_P099",25
"45503",-20454.557703507,"NRI_P099",50
"45504",-6614.55342350699,"NRI_P099",100
"45505",3211.801956493,"NRI_P099",25
"45506",-10809.661913507,"NRI_P099",50
"45507",887.526876493008,"NRI_P099",100
"45508",-8224.141513507,"NRI_P099",25
"45509",-10914.390413507,"NRI_P099",50
"45510",-18157.783623507,"NRI_P099",100
"45511",2526.84126649299,"NRI_P099",25
"45512",13396.394366493,"NRI_P099",50
"45513",681.697976493015,"NRI_P099",100
"45514",4556.948456493,"NRI_P099",25
"45515",-8965.890733507,"NRI_P099",50
"45516",-13284.485743507,"NRI_P099",100
"45517",-4099.54731350701,"NRI_P099",25
"45518",-4834.14113350699,"NRI_P099",50
"45519",-18261.821173507,"NRI_P099",100
"45520",14506.355256493,"NRI_P099",25
"45521",-3846.699193507,"NRI_P099",50
"45522",9226.77006649302,"NRI_P099",100
"45523",3774.883636493,"NRI_P099",25
"45524",5549.69094649301,"NRI_P099",50
"45525",-27653.612273507,"NRI_P099",100
"45526",-11356.697603507,"NRI_P099",25
"45527",9357.09375649301,"NRI_P099",50
"45528",-17264.072703507,"NRI_P099",100
"45529",-3685.97667350699,"NRI_P099",25
"45530",19617.155256493,"NRI_P099",50
"45531",22.3596664929937,"NRI_P099",100
"45532",16068.302646493,"NRI_P099",25
"45533",935.936846493016,"NRI_P099",50
"45534",-7687.02257350698,"NRI_P099",100
"45535",-11450.407793507,"NRI_P099",25
"45536",18321.652326493,"NRI_P099",50
"45537",14832.287756493,"NRI_P099",100
"45538",5328.090686493,"NRI_P099",25
"45539",-21933.084313507,"NRI_P099",50
"45540",-5121.826093507,"NRI_P099",100
"45541",2589.06513649301,"NRI_P099",25
"45542",-1984.578463507,"NRI_P099",50
"45543",-21279.760763507,"NRI_P099",100
"45544",-3927.38808350699,"NRI_P099",25
"45545",-14715.545483507,"NRI_P099",50
"45546",6216.47875649302,"NRI_P099",100
"45547",7003.41390649299,"NRI_P099",25
"45548",11742.733496493,"NRI_P099",50
"45549",-8016.09228350699,"NRI_P099",100
"45550",-5086.57204350701,"NRI_P099",25
"45551",134.958756492997,"NRI_P099",50
"45552",-997.210243506997,"NRI_P099",100
"45553",-2616.93771350701,"NRI_P099",25
"45554",10520.134676493,"NRI_P099",50
"45555",-787.052303506993,"NRI_P099",100
"45556",-2389.587973507,"NRI_P099",25
"45557",-16151.091533507,"NRI_P099",50
"45558",-21159.504923507,"NRI_P099",100
"45559",8983.760776493,"NRI_P099",25
"45560",-16113.209253507,"NRI_P099",50
"45561",18732.595776493,"NRI_P099",100
"45562",3536.21398649301,"NRI_P099",25
"45563",-15305.889513507,"NRI_P099",50
"45564",25793.043436493,"NRI_P099",100
"45565",20698.907236493,"NRI_P099",25
"45566",6212.71801649302,"NRI_P099",50
"45567",8398.510466493,"NRI_P099",100
"45568",5730.75750649301,"NRI_P099",25
"45569",-8782.10954350699,"NRI_P099",50
"45570",-30867.050723507,"NRI_P099",100
"45571",-18431.743103507,"NRI_P099",25
"45572",-1895.78140350699,"NRI_P099",50
"45573",-15179.049793507,"NRI_P099",100
"45574",-4223.695753507,"NRI_P099",25
"45575",-14608.011323507,"NRI_P099",50
"45576",7958.73689649301,"NRI_P099",100
"45577",-3005.288643507,"NRI_P099",25
"45578",-5479.49695350698,"NRI_P099",50
"45579",-24173.383753507,"NRI_P099",100
"45580",-5718.14483350699,"NRI_P099",25
"45581",8883.980126493,"NRI_P099",50
"45582",39257.153876493,"NRI_P099",100
"45583",362.876896492991,"NRI_P099",25
"45584",-22450.881943507,"NRI_P099",50
"45585",-17493.029203507,"NRI_P099",100
"45586",-1207.383873507,"NRI_P099",25
"45587",997.848176492989,"NRI_P099",50
"45588",-3797.888593507,"NRI_P099",100
"45589",17773.256626493,"NRI_P099",25
"45590",-24564.405723507,"NRI_P099",50
"45591",-16671.885893507,"NRI_P099",100
"45592",-5979.88582350701,"NRI_P099",25
"45593",-35323.069213507,"NRI_P099",50
"45594",11412.981626493,"NRI_P099",100
"45595",-8576.49140350701,"NRI_P099",25
"45596",-22303.034393507,"NRI_P099",50
"45597",7000.122376493,"NRI_P099",100
"45598",-8072.84122350698,"NRI_P099",25
"45599",6826.79078649302,"NRI_P099",50
"45600",-2319.95337350699,"NRI_P099",100
"45601",-9174.91700555105,"NRI_P100",25
"45602",-3362.718705551,"NRI_P100",50
"45603",-53727.150335551,"NRI_P100",100
"45604",-22388.225205551,"NRI_P100",25
"45605",-42269.498625551,"NRI_P100",50
"45606",-43149.141175551,"NRI_P100",100
"45607",-14259.850995551,"NRI_P100",25
"45608",-19155.578695551,"NRI_P100",50
"45609",-45530.012705551,"NRI_P100",100
"45610",2567.46735444898,"NRI_P100",25
"45611",-27675.129935551,"NRI_P100",50
"45612",-70575.803765551,"NRI_P100",100
"45613",-18665.496545551,"NRI_P100",25
"45614",-24155.291735551,"NRI_P100",50
"45615",-49859.825275551,"NRI_P100",100
"45616",-10833.019895551,"NRI_P100",25
"45617",-42600.773695551,"NRI_P100",50
"45618",-49097.624505551,"NRI_P100",100
"45619",-29832.747095551,"NRI_P100",25
"45620",-13805.735635551,"NRI_P100",50
"45621",-39786.335575551,"NRI_P100",100
"45622",3672.580424449,"NRI_P100",25
"45623",-43236.702565551,"NRI_P100",50
"45624",-56531.697885551,"NRI_P100",100
"45625",-13983.014035551,"NRI_P100",25
"45626",-15899.466065551,"NRI_P100",50
"45627",-50794.273305551,"NRI_P100",100
"45628",-21230.194155551,"NRI_P100",25
"45629",2171.295474449,"NRI_P100",50
"45630",-79738.214005551,"NRI_P100",100
"45631",-14883.242825551,"NRI_P100",25
"45632",-44076.524425551,"NRI_P100",50
"45633",-58047.534655551,"NRI_P100",100
"45634",-4569.073295551,"NRI_P100",25
"45635",-34567.109325551,"NRI_P100",50
"45636",-30527.114155551,"NRI_P100",100
"45637",-10402.272025551,"NRI_P100",25
"45638",-35267.601745551,"NRI_P100",50
"45639",-49337.458825551,"NRI_P100",100
"45640",-30557.352635551,"NRI_P100",25
"45641",-27356.045765551,"NRI_P100",50
"45642",-54611.140655551,"NRI_P100",100
"45643",-14946.219055551,"NRI_P100",25
"45644",-47229.340765551,"NRI_P100",50
"45645",-62274.416145551,"NRI_P100",100
"45646",-5484.91952555103,"NRI_P100",25
"45647",-21527.105485551,"NRI_P100",50
"45648",-26429.081805551,"NRI_P100",100
"45649",-22966.693925551,"NRI_P100",25
"45650",-26115.812435551,"NRI_P100",50
"45651",-30823.160555551,"NRI_P100",100
"45652",-15110.127695551,"NRI_P100",25
"45653",-27383.199255551,"NRI_P100",50
"45654",-48488.877885551,"NRI_P100",100
"45655",-15890.144465551,"NRI_P100",25
"45656",-30784.272875551,"NRI_P100",50
"45657",-16917.640685551,"NRI_P100",100
"45658",-21656.097875551,"NRI_P100",25
"45659",-38265.319995551,"NRI_P100",50
"45660",-62305.248315551,"NRI_P100",100
"45661",-17495.650355551,"NRI_P100",25
"45662",-9476.16583555104,"NRI_P100",50
"45663",-67096.512885551,"NRI_P100",100
"45664",-17684.167975551,"NRI_P100",25
"45665",-29752.886995551,"NRI_P100",50
"45666",-39416.091475551,"NRI_P100",100
"45667",-14935.524405551,"NRI_P100",25
"45668",-47326.780015551,"NRI_P100",50
"45669",-75024.250485551,"NRI_P100",100
"45670",-18221.623485551,"NRI_P100",25
"45671",-15661.528335551,"NRI_P100",50
"45672",-53598.351735551,"NRI_P100",100
"45673",-10749.203215551,"NRI_P100",25
"45674",-26968.588265551,"NRI_P100",50
"45675",-46077.896375551,"NRI_P100",100
"45676",-7769.13770555105,"NRI_P100",25
"45677",-33892.001855551,"NRI_P100",50
"45678",-73566.828795551,"NRI_P100",100
"45679",-1148.66450555105,"NRI_P100",25
"45680",-12616.614355551,"NRI_P100",50
"45681",-64406.920785551,"NRI_P100",100
"45682",-16284.873445551,"NRI_P100",25
"45683",-54320.571835551,"NRI_P100",50
"45684",-42620.375055551,"NRI_P100",100
"45685",-6443.88377555105,"NRI_P100",25
"45686",-43900.336365551,"NRI_P100",50
"45687",-61046.009765551,"NRI_P100",100
"45688",-13306.092045551,"NRI_P100",25
"45689",-36737.286245551,"NRI_P100",50
"45690",-11480.830095551,"NRI_P100",100
"45691",-1822.19189555105,"NRI_P100",25
"45692",-31020.408405551,"NRI_P100",50
"45693",-47237.552825551,"NRI_P100",100
"45694",-17267.969005551,"NRI_P100",25
"45695",-16654.088645551,"NRI_P100",50
"45696",-80111.935865551,"NRI_P100",100
"45697",-19398.306895551,"NRI_P100",25
"45698",-30425.394675551,"NRI_P100",50
"45699",-48742.306905551,"NRI_P100",100
"45700",-7972.908575551,"NRI_P100",25
"45701",-34681.434905551,"NRI_P100",50
"45702",-54106.427565551,"NRI_P100",100
"45703",-11150.019355551,"NRI_P100",25
"45704",-32450.140125551,"NRI_P100",50
"45705",-58648.443785551,"NRI_P100",100
"45706",-22599.355945551,"NRI_P100",25
"45707",-37385.205405551,"NRI_P100",50
"45708",-40106.591535551,"NRI_P100",100
"45709",-20207.168435551,"NRI_P100",25
"45710",-37601.433005551,"NRI_P100",50
"45711",-60247.864795551,"NRI_P100",100
"45712",-9402.98069555103,"NRI_P100",25
"45713",-25203.342635551,"NRI_P100",50
"45714",-57764.090855551,"NRI_P100",100
"45715",-18034.953365551,"NRI_P100",25
"45716",-34497.769345551,"NRI_P100",50
"45717",-76004.999125551,"NRI_P100",100
"45718",-11224.692115551,"NRI_P100",25
"45719",-37870.581595551,"NRI_P100",50
"45720",-69286.125345551,"NRI_P100",100
"45721",-21475.915825551,"NRI_P100",25
"45722",-34524.662555551,"NRI_P100",50
"45723",-54087.401685551,"NRI_P100",100
"45724",-14643.797835551,"NRI_P100",25
"45725",-23299.215605551,"NRI_P100",50
"45726",-66247.012905551,"NRI_P100",100
"45727",-244.644915551005,"NRI_P100",25
"45728",-28416.262465551,"NRI_P100",50
"45729",-43060.194815551,"NRI_P100",100
"45730",-11865.452145551,"NRI_P100",25
"45731",-52073.017145551,"NRI_P100",50
"45732",-72973.365575551,"NRI_P100",100
"45733",-15046.062325551,"NRI_P100",25
"45734",-19930.974005551,"NRI_P100",50
"45735",-65882.044335551,"NRI_P100",100
"45736",-24819.633545551,"NRI_P100",25
"45737",-8972.38127555104,"NRI_P100",50
"45738",-40767.911575551,"NRI_P100",100
"45739",-37027.070385551,"NRI_P100",25
"45740",-35377.297425551,"NRI_P100",50
"45741",-58981.386305551,"NRI_P100",100
"45742",-3693.04393555102,"NRI_P100",25
"45743",-13357.597375551,"NRI_P100",50
"45744",-40604.075245551,"NRI_P100",100
"45745",-7284.24321555102,"NRI_P100",25
"45746",-2051.64868555102,"NRI_P100",50
"45747",-61855.257155551,"NRI_P100",100
"45748",-16347.846795551,"NRI_P100",25
"45749",-29761.817835551,"NRI_P100",50
"45750",-68698.857665551,"NRI_P100",100
"45751",-8217.65575555101,"NRI_P100",25
"45752",-27252.590925551,"NRI_P100",50
"45753",-75301.401385551,"NRI_P100",100
"45754",-21458.128195551,"NRI_P100",25
"45755",-25284.030585551,"NRI_P100",50
"45756",-50598.229945551,"NRI_P100",100
"45757",-22144.662945551,"NRI_P100",25
"45758",-15727.043575551,"NRI_P100",50
"45759",-28271.913085551,"NRI_P100",100
"45760",-12881.614785551,"NRI_P100",25
"45761",-21364.687955551,"NRI_P100",50
"45762",-43323.074975551,"NRI_P100",100
"45763",-14531.889915551,"NRI_P100",25
"45764",-22926.603275551,"NRI_P100",50
"45765",-57570.288715551,"NRI_P100",100
"45766",-20346.313225551,"NRI_P100",25
"45767",-26750.633515551,"NRI_P100",50
"45768",-57547.985815551,"NRI_P100",100
"45769",-9232.68205555103,"NRI_P100",25
"45770",-20800.178305551,"NRI_P100",50
"45771",-62992.636405551,"NRI_P100",100
"45772",-10872.477875551,"NRI_P100",25
"45773",-28751.978535551,"NRI_P100",50
"45774",-56825.509055551,"NRI_P100",100
"45775",-9340.689075551,"NRI_P100",25
"45776",-9709.176225551,"NRI_P100",50
"45777",-46461.617645551,"NRI_P100",100
"45778",-12956.569875551,"NRI_P100",25
"45779",-25237.849065551,"NRI_P100",50
"45780",-48276.273855551,"NRI_P100",100
"45781",-8007.74172555102,"NRI_P100",25
"45782",-24241.170115551,"NRI_P100",50
"45783",-46091.091095551,"NRI_P100",100
"45784",-14747.912105551,"NRI_P100",25
"45785",-31654.156125551,"NRI_P100",50
"45786",-55255.652715551,"NRI_P100",100
"45787",18282.287094449,"NRI_P100",25
"45788",-10681.044915551,"NRI_P100",50
"45789",-38186.700245551,"NRI_P100",100
"45790",-19931.682855551,"NRI_P100",25
"45791",-2546.25490555103,"NRI_P100",50
"45792",-34952.749105551,"NRI_P100",100
"45793",9657.500694449,"NRI_P100",25
"45794",-33416.883485551,"NRI_P100",50
"45795",-31603.495725551,"NRI_P100",100
"45796",-11993.369435551,"NRI_P100",25
"45797",-37941.090205551,"NRI_P100",50
"45798",-28596.217935551,"NRI_P100",100
"45799",3475.876604449,"NRI_P100",25
"45800",-44066.911225551,"NRI_P100",50
"45801",-73864.682405551,"NRI_P100",100
"45802",-15999.462305551,"NRI_P100",25
"45803",-41345.137555551,"NRI_P100",50
"45804",-56469.360815551,"NRI_P100",100
"45805",-22674.614365551,"NRI_P100",25
"45806",-25304.659955551,"NRI_P100",50
"45807",-51586.470225551,"NRI_P100",100
"45808",-20047.697635551,"NRI_P100",25
"45809",-36373.504305551,"NRI_P100",50
"45810",-70713.121055551,"NRI_P100",100
"45811",-16597.364205551,"NRI_P100",25
"45812",-1274.87024555105,"NRI_P100",50
"45813",-27470.399175551,"NRI_P100",100
"45814",-5662.09136555105,"NRI_P100",25
"45815",-32976.957105551,"NRI_P100",50
"45816",-60902.573205551,"NRI_P100",100
"45817",-7324.94925555104,"NRI_P100",25
"45818",-35830.267595551,"NRI_P100",50
"45819",-24923.900695551,"NRI_P100",100
"45820",-16781.085815551,"NRI_P100",25
"45821",-6401.607985551,"NRI_P100",50
"45822",-54568.733425551,"NRI_P100",100
"45823",-1882.22922555101,"NRI_P100",25
"45824",-6992.010695551,"NRI_P100",50
"45825",-56128.190545551,"NRI_P100",100
"45826",-10635.809555551,"NRI_P100",25
"45827",-19589.795015551,"NRI_P100",50
"45828",-40453.163745551,"NRI_P100",100
"45829",-9246.82497555105,"NRI_P100",25
"45830",-42928.503065551,"NRI_P100",50
"45831",-34231.125395551,"NRI_P100",100
"45832",-8557.947675551,"NRI_P100",25
"45833",-25562.812835551,"NRI_P100",50
"45834",-76244.214425551,"NRI_P100",100
"45835",9516.021784449,"NRI_P100",25
"45836",-43774.322945551,"NRI_P100",50
"45837",-32969.335785551,"NRI_P100",100
"45838",-14100.742485551,"NRI_P100",25
"45839",-26294.442175551,"NRI_P100",50
"45840",-53870.996345551,"NRI_P100",100
"45841",-12717.805125551,"NRI_P100",25
"45842",-38715.498605551,"NRI_P100",50
"45843",-55536.548665551,"NRI_P100",100
"45844",-14993.759045551,"NRI_P100",25
"45845",-16511.800845551,"NRI_P100",50
"45846",-36123.752045551,"NRI_P100",100
"45847",-25279.829535551,"NRI_P100",25
"45848",-10685.6190455511,"NRI_P100",50
"45849",-73665.783275551,"NRI_P100",100
"45850",-18516.463375551,"NRI_P100",25
"45851",-19553.379025551,"NRI_P100",50
"45852",-38320.781885551,"NRI_P100",100
"45853",-17800.078045551,"NRI_P100",25
"45854",-51226.053135551,"NRI_P100",50
"45855",-75962.930885551,"NRI_P100",100
"45856",-27200.469625551,"NRI_P100",25
"45857",-28064.627095551,"NRI_P100",50
"45858",-62555.568935551,"NRI_P100",100
"45859",-3671.92452555103,"NRI_P100",25
"45860",-32498.145365551,"NRI_P100",50
"45861",-79686.760705551,"NRI_P100",100
"45862",-1957.92365555104,"NRI_P100",25
"45863",-33694.943825551,"NRI_P100",50
"45864",-66150.949725551,"NRI_P100",100
"45865",-16521.415175551,"NRI_P100",25
"45866",-33907.479885551,"NRI_P100",50
"45867",-69821.849285551,"NRI_P100",100
"45868",-18043.656365551,"NRI_P100",25
"45869",-10787.600835551,"NRI_P100",50
"45870",-68967.584945551,"NRI_P100",100
"45871",-14495.741675551,"NRI_P100",25
"45872",-8507.59524555103,"NRI_P100",50
"45873",-39258.452835551,"NRI_P100",100
"45874",-19314.967665551,"NRI_P100",25
"45875",-17525.487385551,"NRI_P100",50
"45876",-41010.029155551,"NRI_P100",100
"45877",-31590.215085551,"NRI_P100",25
"45878",-6701.06481555104,"NRI_P100",50
"45879",-53831.245595551,"NRI_P100",100
"45880",-21396.289785551,"NRI_P100",25
"45881",-18224.256035551,"NRI_P100",50
"45882",-54233.545415551,"NRI_P100",100
"45883",-20126.180275551,"NRI_P100",25
"45884",-26734.026385551,"NRI_P100",50
"45885",-61078.060975551,"NRI_P100",100
"45886",-24844.714175551,"NRI_P100",25
"45887",-30124.593765551,"NRI_P100",50
"45888",-61388.949935551,"NRI_P100",100
"45889",-17466.736515551,"NRI_P100",25
"45890",-25016.839045551,"NRI_P100",50
"45891",-62916.133885551,"NRI_P100",100
"45892",-8929.28235555103,"NRI_P100",25
"45893",-25497.348095551,"NRI_P100",50
"45894",-45645.691115551,"NRI_P100",100
"45895",-35846.995295551,"NRI_P100",25
"45896",-29153.999195551,"NRI_P100",50
"45897",-74058.949455551,"NRI_P100",100
"45898",-13481.722715551,"NRI_P100",25
"45899",-23934.965085551,"NRI_P100",50
"45900",-69641.772175551,"NRI_P100",100
"45901",12814.036871184,"NRI_P101",25
"45902",-7102.47662881599,"NRI_P101",50
"45903",17018.382541184,"NRI_P101",100
"45904",14079.555731184,"NRI_P101",25
"45905",-14797.007218816,"NRI_P101",50
"45906",7884.73485118401,"NRI_P101",100
"45907",17992.869891184,"NRI_P101",25
"45908",7031.38538118399,"NRI_P101",50
"45909",-19.8893688159878,"NRI_P101",100
"45910",-1083.03694881598,"NRI_P101",25
"45911",749.369911184011,"NRI_P101",50
"45912",5700.08259118401,"NRI_P101",100
"45913",-3761.82266881596,"NRI_P101",25
"45914",-3027.860138816,"NRI_P101",50
"45915",2907.85739118402,"NRI_P101",100
"45916",-560.437238815997,"NRI_P101",25
"45917",11657.650571184,"NRI_P101",50
"45918",11004.622781184,"NRI_P101",100
"45919",40.6555311839911,"NRI_P101",25
"45920",1259.639571184,"NRI_P101",50
"45921",2300.09252118401,"NRI_P101",100
"45922",112.121921184007,"NRI_P101",25
"45923",31173.125081184,"NRI_P101",50
"45924",2460.61173118401,"NRI_P101",100
"45925",615.520381184004,"NRI_P101",25
"45926",-8900.92517881596,"NRI_P101",50
"45927",13696.624291184,"NRI_P101",100
"45928",11401.177681184,"NRI_P101",25
"45929",7928.634281184,"NRI_P101",50
"45930",24893.630031184,"NRI_P101",100
"45931",-5003.50615881599,"NRI_P101",25
"45932",1567.87637118401,"NRI_P101",50
"45933",21472.670161184,"NRI_P101",100
"45934",11982.919171184,"NRI_P101",25
"45935",26881.987661184,"NRI_P101",50
"45936",-3706.009898816,"NRI_P101",100
"45937",-3214.86017881596,"NRI_P101",25
"45938",-16108.348628816,"NRI_P101",50
"45939",18713.887991184,"NRI_P101",100
"45940",-5159.229978816,"NRI_P101",25
"45941",-4712.65969881596,"NRI_P101",50
"45942",19896.257901184,"NRI_P101",100
"45943",-2665.24427881598,"NRI_P101",25
"45944",-3376.08736881596,"NRI_P101",50
"45945",-4995.91295881598,"NRI_P101",100
"45946",14949.522951184,"NRI_P101",25
"45947",1064.90243118402,"NRI_P101",50
"45948",5164.69805118401,"NRI_P101",100
"45949",-39.1111488160095,"NRI_P101",25
"45950",-3717.49277881597,"NRI_P101",50
"45951",-7492.80573881598,"NRI_P101",100
"45952",5250.19286118401,"NRI_P101",25
"45953",-4621.79798881599,"NRI_P101",50
"45954",187.748191184015,"NRI_P101",100
"45955",9678.63586118404,"NRI_P101",25
"45956",4597.31959118403,"NRI_P101",50
"45957",-4812.58825881599,"NRI_P101",100
"45958",-1193.40206881601,"NRI_P101",25
"45959",-2510.24982881598,"NRI_P101",50
"45960",20256.100271184,"NRI_P101",100
"45961",13031.553521184,"NRI_P101",25
"45962",-9896.79268881597,"NRI_P101",50
"45963",7930.84363118402,"NRI_P101",100
"45964",-12710.660448816,"NRI_P101",25
"45965",18214.939551184,"NRI_P101",50
"45966",5541.066651184,"NRI_P101",100
"45967",6865.46327118401,"NRI_P101",25
"45968",13251.300991184,"NRI_P101",50
"45969",780.622241183999,"NRI_P101",100
"45970",8797.18684118404,"NRI_P101",25
"45971",5303.25796118402,"NRI_P101",50
"45972",25820.993481184,"NRI_P101",100
"45973",-3889.96435881598,"NRI_P101",25
"45974",18811.870431184,"NRI_P101",50
"45975",-8274.30499881599,"NRI_P101",100
"45976",6316.381131184,"NRI_P101",25
"45977",-7731.69010881596,"NRI_P101",50
"45978",1057.40184118401,"NRI_P101",100
"45979",10777.468031184,"NRI_P101",25
"45980",24984.898641184,"NRI_P101",50
"45981",68270.875451184,"NRI_P101",100
"45982",704.898911183991,"NRI_P101",25
"45983",-20214.924048816,"NRI_P101",50
"45984",16168.038711184,"NRI_P101",100
"45985",-774.013128815976,"NRI_P101",25
"45986",-6074.98960881599,"NRI_P101",50
"45987",36917.033741184,"NRI_P101",100
"45988",10599.073571184,"NRI_P101",25
"45989",-4018.22652881598,"NRI_P101",50
"45990",23320.551361184,"NRI_P101",100
"45991",13490.981561184,"NRI_P101",25
"45992",18349.237181184,"NRI_P101",50
"45993",-10159.530538816,"NRI_P101",100
"45994",-4839.06799881597,"NRI_P101",25
"45995",6018.75153118401,"NRI_P101",50
"45996",-19951.756698816,"NRI_P101",100
"45997",1519.383241184,"NRI_P101",25
"45998",2282.72659118404,"NRI_P101",50
"45999",6902.08955118404,"NRI_P101",100
"46000",1083.80993118399,"NRI_P101",25
"46001",18189.700591184,"NRI_P101",50
"46002",70168.761131184,"NRI_P101",100
"46003",11523.197731184,"NRI_P101",25
"46004",4479.387071184,"NRI_P101",50
"46005",-15104.147278816,"NRI_P101",100
"46006",11017.929911184,"NRI_P101",25
"46007",12108.765151184,"NRI_P101",50
"46008",1307.87725118402,"NRI_P101",100
"46009",244.022751184006,"NRI_P101",25
"46010",17660.370341184,"NRI_P101",50
"46011",-3653.54731881601,"NRI_P101",100
"46012",-5355.37305881601,"NRI_P101",25
"46013",-4658.72024881601,"NRI_P101",50
"46014",53234.424561184,"NRI_P101",100
"46015",-263.633728815999,"NRI_P101",25
"46016",-7748.44118881598,"NRI_P101",50
"46017",10909.275921184,"NRI_P101",100
"46018",3571.95860118401,"NRI_P101",25
"46019",25178.892371184,"NRI_P101",50
"46020",14782.558031184,"NRI_P101",100
"46021",3116.251591184,"NRI_P101",25
"46022",-6654.94140881597,"NRI_P101",50
"46023",-16731.649378816,"NRI_P101",100
"46024",-2896.70026881597,"NRI_P101",25
"46025",4994.21026118402,"NRI_P101",50
"46026",-14017.383368816,"NRI_P101",100
"46027",663.854241184017,"NRI_P101",25
"46028",7936.726471184,"NRI_P101",50
"46029",-1331.82153881597,"NRI_P101",100
"46030",-3643.61179881601,"NRI_P101",25
"46031",7057.43540118402,"NRI_P101",50
"46032",-23339.395408816,"NRI_P101",100
"46033",8623.08773118403,"NRI_P101",25
"46034",-6178.177408816,"NRI_P101",50
"46035",9679.88708118402,"NRI_P101",100
"46036",1748.95067118399,"NRI_P101",25
"46037",-11994.657318816,"NRI_P101",50
"46038",7174.33637118404,"NRI_P101",100
"46039",-3970.838038816,"NRI_P101",25
"46040",8166.69517118402,"NRI_P101",50
"46041",11865.551951184,"NRI_P101",100
"46042",4448.35594118404,"NRI_P101",25
"46043",6474.28473118402,"NRI_P101",50
"46044",25608.435411184,"NRI_P101",100
"46045",-403.695608815993,"NRI_P101",25
"46046",45870.960421184,"NRI_P101",50
"46047",10104.844001184,"NRI_P101",100
"46048",-6126.66222881596,"NRI_P101",25
"46049",-8380.61261881597,"NRI_P101",50
"46050",-8826.659298816,"NRI_P101",100
"46051",-1775.20819881599,"NRI_P101",25
"46052",3093.51978118403,"NRI_P101",50
"46053",2563.61144118401,"NRI_P101",100
"46054",-8390.43891881598,"NRI_P101",25
"46055",-921.840718815976,"NRI_P101",50
"46056",29911.523161184,"NRI_P101",100
"46057",-6002.65489881596,"NRI_P101",25
"46058",14036.938391184,"NRI_P101",50
"46059",-4792.77434881596,"NRI_P101",100
"46060",664.37548118399,"NRI_P101",25
"46061",45936.654161184,"NRI_P101",50
"46062",41539.983061184,"NRI_P101",100
"46063",2609.83412118402,"NRI_P101",25
"46064",14144.999351184,"NRI_P101",50
"46065",13499.590791184,"NRI_P101",100
"46066",18917.245101184,"NRI_P101",25
"46067",13362.289011184,"NRI_P101",50
"46068",18448.721741184,"NRI_P101",100
"46069",7123.830411184,"NRI_P101",25
"46070",2148.14464118402,"NRI_P101",50
"46071",12495.311451184,"NRI_P101",100
"46072",24716.487051184,"NRI_P101",25
"46073",25305.332091184,"NRI_P101",50
"46074",7291.68624118401,"NRI_P101",100
"46075",-5986.22978881601,"NRI_P101",25
"46076",3238.99603118404,"NRI_P101",50
"46077",10669.051491184,"NRI_P101",100
"46078",-3208.41688881599,"NRI_P101",25
"46079",10246.218971184,"NRI_P101",50
"46080",1637.367501184,"NRI_P101",100
"46081",-9187.01144881599,"NRI_P101",25
"46082",-10306.611968816,"NRI_P101",50
"46083",28076.208581184,"NRI_P101",100
"46084",-6655.169978816,"NRI_P101",25
"46085",14323.895101184,"NRI_P101",50
"46086",8541.67908118403,"NRI_P101",100
"46087",9632.09705118404,"NRI_P101",25
"46088",9101.604591184,"NRI_P101",50
"46089",-7204.27873881598,"NRI_P101",100
"46090",6440.46799118404,"NRI_P101",25
"46091",8789.675201184,"NRI_P101",50
"46092",3226.26211118401,"NRI_P101",100
"46093",504.052651184029,"NRI_P101",25
"46094",6112.39730118401,"NRI_P101",50
"46095",6194.34312118404,"NRI_P101",100
"46096",6100.828951184,"NRI_P101",25
"46097",9874.99410118401,"NRI_P101",50
"46098",2807.71373118402,"NRI_P101",100
"46099",-1867.66701881599,"NRI_P101",25
"46100",21278.594341184,"NRI_P101",50
"46101",14487.184381184,"NRI_P101",100
"46102",13559.386271184,"NRI_P101",25
"46103",21170.295971184,"NRI_P101",50
"46104",-3493.677148816,"NRI_P101",100
"46105",14155.318541184,"NRI_P101",25
"46106",13857.388101184,"NRI_P101",50
"46107",-14518.990078816,"NRI_P101",100
"46108",3783.61010118399,"NRI_P101",25
"46109",23299.357711184,"NRI_P101",50
"46110",41940.406851184,"NRI_P101",100
"46111",4674.51805118402,"NRI_P101",25
"46112",15626.521151184,"NRI_P101",50
"46113",29021.991491184,"NRI_P101",100
"46114",6161.37687118404,"NRI_P101",25
"46115",-9358.621658816,"NRI_P101",50
"46116",23554.608061184,"NRI_P101",100
"46117",18897.748551184,"NRI_P101",25
"46118",-7004.04180881596,"NRI_P101",50
"46119",-10183.712938816,"NRI_P101",100
"46120",17030.635261184,"NRI_P101",25
"46121",-4066.13404881599,"NRI_P101",50
"46122",20862.853721184,"NRI_P101",100
"46123",3169.96528118401,"NRI_P101",25
"46124",-469.493428815971,"NRI_P101",50
"46125",12489.110711184,"NRI_P101",100
"46126",2034.232121184,"NRI_P101",25
"46127",25566.619901184,"NRI_P101",50
"46128",17675.176101184,"NRI_P101",100
"46129",-4624.562238816,"NRI_P101",25
"46130",15344.354521184,"NRI_P101",50
"46131",29095.228131184,"NRI_P101",100
"46132",636.70896118402,"NRI_P101",25
"46133",7017.24609118403,"NRI_P101",50
"46134",10006.628731184,"NRI_P101",100
"46135",4008.27613118401,"NRI_P101",25
"46136",4044.68084118399,"NRI_P101",50
"46137",18205.033411184,"NRI_P101",100
"46138",-6918.14377881598,"NRI_P101",25
"46139",4911.17370118399,"NRI_P101",50
"46140",16407.012571184,"NRI_P101",100
"46141",-7019.743348816,"NRI_P101",25
"46142",-3300.26166881598,"NRI_P101",50
"46143",44928.193511184,"NRI_P101",100
"46144",967.232941184018,"NRI_P101",25
"46145",-693.896288816002,"NRI_P101",50
"46146",8763.91161118401,"NRI_P101",100
"46147",73.4914311839966,"NRI_P101",25
"46148",10249.031821184,"NRI_P101",50
"46149",-15.1144888160052,"NRI_P101",100
"46150",-10522.398538816,"NRI_P101",25
"46151",-4249.47292881599,"NRI_P101",50
"46152",-7642.283778816,"NRI_P101",100
"46153",-5891.92097881599,"NRI_P101",25
"46154",-2386.39578881598,"NRI_P101",50
"46155",26623.253761184,"NRI_P101",100
"46156",584.552731183998,"NRI_P101",25
"46157",4237.91651118401,"NRI_P101",50
"46158",24918.749071184,"NRI_P101",100
"46159",17009.752211184,"NRI_P101",25
"46160",-5749.94180881599,"NRI_P101",50
"46161",5456.15912118403,"NRI_P101",100
"46162",-3750.74982881598,"NRI_P101",25
"46163",39488.149051184,"NRI_P101",50
"46164",36150.662381184,"NRI_P101",100
"46165",17495.816291184,"NRI_P101",25
"46166",10194.962071184,"NRI_P101",50
"46167",18466.210661184,"NRI_P101",100
"46168",-1885.74661881599,"NRI_P101",25
"46169",-11762.381758816,"NRI_P101",50
"46170",21765.914531184,"NRI_P101",100
"46171",-6015.37931881601,"NRI_P101",25
"46172",-2684.27124881599,"NRI_P101",50
"46173",31895.127811184,"NRI_P101",100
"46174",3067.99613118399,"NRI_P101",25
"46175",17864.341901184,"NRI_P101",50
"46176",-4503.13207881601,"NRI_P101",100
"46177",-1902.25439881597,"NRI_P101",25
"46178",19164.459091184,"NRI_P101",50
"46179",-113.623868816008,"NRI_P101",100
"46180",-9829.27625881601,"NRI_P101",25
"46181",2597.15872118401,"NRI_P101",50
"46182",-4040.47441881598,"NRI_P101",100
"46183",-1457.38261881599,"NRI_P101",25
"46184",8371.12227118399,"NRI_P101",50
"46185",10028.903871184,"NRI_P101",100
"46186",-10870.178378816,"NRI_P101",25
"46187",28085.346091184,"NRI_P101",50
"46188",6955.91054118401,"NRI_P101",100
"46189",-2628.86018881598,"NRI_P101",25
"46190",14456.116801184,"NRI_P101",50
"46191",28949.350911184,"NRI_P101",100
"46192",335.53880118404,"NRI_P101",25
"46193",916.092101184011,"NRI_P101",50
"46194",14463.958301184,"NRI_P101",100
"46195",120.220031184028,"NRI_P101",25
"46196",-20698.190148816,"NRI_P101",50
"46197",7725.982251184,"NRI_P101",100
"46198",12609.654021184,"NRI_P101",25
"46199",6000.84900118399,"NRI_P101",50
"46200",26855.688081184,"NRI_P101",100
"46201",675.452993055049,"NRI_P103",25
"46202",-80829.800166945,"NRI_P103",50
"46203",-59737.379836945,"NRI_P103",100
"46204",-16356.724526945,"NRI_P103",25
"46205",-10258.211906945,"NRI_P103",50
"46206",-98534.957216945,"NRI_P103",100
"46207",-19475.445556945,"NRI_P103",25
"46208",-24360.139676945,"NRI_P103",50
"46209",-29542.470726945,"NRI_P103",100
"46210",-62767.295696945,"NRI_P103",25
"46211",-48634.744946945,"NRI_P103",50
"46212",-68199.766476945,"NRI_P103",100
"46213",-14297.933736945,"NRI_P103",25
"46214",15185.532043055,"NRI_P103",50
"46215",-91348.948896945,"NRI_P103",100
"46216",-71320.969656945,"NRI_P103",25
"46217",-82277.796806945,"NRI_P103",50
"46218",-75885.351466945,"NRI_P103",100
"46219",-73975.314316945,"NRI_P103",25
"46220",-75918.300396945,"NRI_P103",50
"46221",-101886.223666945,"NRI_P103",100
"46222",-14504.483866945,"NRI_P103",25
"46223",-59019.154346945,"NRI_P103",50
"46224",-84688.942746945,"NRI_P103",100
"46225",-19235.772726945,"NRI_P103",25
"46226",-74936.244666945,"NRI_P103",50
"46227",-75432.516366945,"NRI_P103",100
"46228",-29265.440006945,"NRI_P103",25
"46229",-57147.270536945,"NRI_P103",50
"46230",-33990.6991969449,"NRI_P103",100
"46231",-24406.130266945,"NRI_P103",25
"46232",-7944.439036945,"NRI_P103",50
"46233",-74675.270676945,"NRI_P103",100
"46234",-4420.212596945,"NRI_P103",25
"46235",-80548.949456945,"NRI_P103",50
"46236",-95361.723686945,"NRI_P103",100
"46237",-10132.6309869449,"NRI_P103",25
"46238",-22407.097166945,"NRI_P103",50
"46239",-72403.4228469449,"NRI_P103",100
"46240",-14337.145436945,"NRI_P103",25
"46241",-16978.615926945,"NRI_P103",50
"46242",-89820.740426945,"NRI_P103",100
"46243",-64545.286796945,"NRI_P103",25
"46244",-55205.700966945,"NRI_P103",50
"46245",-61822.102486945,"NRI_P103",100
"46246",-3263.95729694498,"NRI_P103",25
"46247",89.2500430550426,"NRI_P103",50
"46248",-37122.1214769449,"NRI_P103",100
"46249",211.459663055022,"NRI_P103",25
"46250",-71663.752966945,"NRI_P103",50
"46251",-72702.8101469449,"NRI_P103",100
"46252",-21157.879176945,"NRI_P103",25
"46253",-18864.8816669449,"NRI_P103",50
"46254",-41809.480896945,"NRI_P103",100
"46255",-20230.2848369449,"NRI_P103",25
"46256",22418.680453055,"NRI_P103",50
"46257",-81980.109876945,"NRI_P103",100
"46258",-35919.111236945,"NRI_P103",25
"46259",-60829.725796945,"NRI_P103",50
"46260",-19328.519536945,"NRI_P103",100
"46261",-3595.87589694496,"NRI_P103",25
"46262",-99243.3952969449,"NRI_P103",50
"46263",-108559.875206945,"NRI_P103",100
"46264",-62575.7171769449,"NRI_P103",25
"46265",-22370.582436945,"NRI_P103",50
"46266",-104505.968896945,"NRI_P103",100
"46267",-121.998376944975,"NRI_P103",25
"46268",-36903.313416945,"NRI_P103",50
"46269",-73153.343216945,"NRI_P103",100
"46270",4958.69346305501,"NRI_P103",25
"46271",6752.04832305503,"NRI_P103",50
"46272",-89258.961906945,"NRI_P103",100
"46273",25818.401973055,"NRI_P103",25
"46274",14030.005373055,"NRI_P103",50
"46275",-73055.435686945,"NRI_P103",100
"46276",5044.45601305505,"NRI_P103",25
"46277",-33980.607776945,"NRI_P103",50
"46278",-62430.924626945,"NRI_P103",100
"46279",-18062.8088169449,"NRI_P103",25
"46280",-7373.01687694498,"NRI_P103",50
"46281",-101517.977966945,"NRI_P103",100
"46282",-64718.919616945,"NRI_P103",25
"46283",-96411.613846945,"NRI_P103",50
"46284",-93990.872626945,"NRI_P103",100
"46285",2957.83583305503,"NRI_P103",25
"46286",-78656.782346945,"NRI_P103",50
"46287",-39769.644846945,"NRI_P103",100
"46288",-65557.059876945,"NRI_P103",25
"46289",6741.45211305504,"NRI_P103",50
"46290",-77733.041366945,"NRI_P103",100
"46291",-6726.903146945,"NRI_P103",25
"46292",-58402.451296945,"NRI_P103",50
"46293",-110100.244436945,"NRI_P103",100
"46294",-23444.453586945,"NRI_P103",25
"46295",-65444.837226945,"NRI_P103",50
"46296",-61575.846196945,"NRI_P103",100
"46297",-64095.378786945,"NRI_P103",25
"46298",-49596.026246945,"NRI_P103",50
"46299",-84636.109996945,"NRI_P103",100
"46300",15338.040153055,"NRI_P103",25
"46301",-8269.74201694498,"NRI_P103",50
"46302",-59130.7341469449,"NRI_P103",100
"46303",-56568.042966945,"NRI_P103",25
"46304",-51669.529256945,"NRI_P103",50
"46305",-60561.594126945,"NRI_P103",100
"46306",13652.616063055,"NRI_P103",25
"46307",12027.685863055,"NRI_P103",50
"46308",-92125.294686945,"NRI_P103",100
"46309",-59767.571916945,"NRI_P103",25
"46310",-82560.337686945,"NRI_P103",50
"46311",-73809.9265469449,"NRI_P103",100
"46312",-57334.333956945,"NRI_P103",25
"46313",-61960.174586945,"NRI_P103",50
"46314",-83631.194576945,"NRI_P103",100
"46315",-5033.288076945,"NRI_P103",25
"46316",-12437.763776945,"NRI_P103",50
"46317",-77757.322156945,"NRI_P103",100
"46318",-76044.382886945,"NRI_P103",25
"46319",-58779.245336945,"NRI_P103",50
"46320",-42249.664236945,"NRI_P103",100
"46321",-4685.66280694498,"NRI_P103",25
"46322",2475.93176305504,"NRI_P103",50
"46323",-16912.033846945,"NRI_P103",100
"46324",-69643.098366945,"NRI_P103",25
"46325",-82140.9094469449,"NRI_P103",50
"46326",-88378.829816945,"NRI_P103",100
"46327",-3682.63194694498,"NRI_P103",25
"46328",-85125.391196945,"NRI_P103",50
"46329",-59524.845866945,"NRI_P103",100
"46330",-11692.264046945,"NRI_P103",25
"46331",-61735.322406945,"NRI_P103",50
"46332",-93395.3325369449,"NRI_P103",100
"46333",38583.791183055,"NRI_P103",25
"46334",12278.233313055,"NRI_P103",50
"46335",-104378.948276945,"NRI_P103",100
"46336",-27966.7648469449,"NRI_P103",25
"46337",-25616.914356945,"NRI_P103",50
"46338",-76527.931916945,"NRI_P103",100
"46339",-39218.928306945,"NRI_P103",25
"46340",-6679.83452694496,"NRI_P103",50
"46341",-75640.033526945,"NRI_P103",100
"46342",-84886.281256945,"NRI_P103",25
"46343",-14658.692996945,"NRI_P103",50
"46344",-106430.262566945,"NRI_P103",100
"46345",-20163.6642469449,"NRI_P103",25
"46346",-34141.832616945,"NRI_P103",50
"46347",-63189.187766945,"NRI_P103",100
"46348",-31587.088786945,"NRI_P103",25
"46349",-25910.496036945,"NRI_P103",50
"46350",-76949.707306945,"NRI_P103",100
"46351",-17955.219716945,"NRI_P103",25
"46352",-54236.085516945,"NRI_P103",50
"46353",-39304.816316945,"NRI_P103",100
"46354",-5021.03231694497,"NRI_P103",25
"46355",11126.154233055,"NRI_P103",50
"46356",-103723.084586945,"NRI_P103",100
"46357",5599.79138305504,"NRI_P103",25
"46358",-12538.623126945,"NRI_P103",50
"46359",-67299.047736945,"NRI_P103",100
"46360",-13805.159916945,"NRI_P103",25
"46361",-67170.940856945,"NRI_P103",50
"46362",-87121.653756945,"NRI_P103",100
"46363",9136.25692305504,"NRI_P103",25
"46364",-68926.413166945,"NRI_P103",50
"46365",-31629.490756945,"NRI_P103",100
"46366",6402.98757305503,"NRI_P103",25
"46367",-37433.6174869449,"NRI_P103",50
"46368",-80080.216016945,"NRI_P103",100
"46369",-80500.218196945,"NRI_P103",25
"46370",18728.605493055,"NRI_P103",50
"46371",-81759.914186945,"NRI_P103",100
"46372",11589.010753055,"NRI_P103",25
"46373",-7190.75122694497,"NRI_P103",50
"46374",-98532.0593669449,"NRI_P103",100
"46375",-18646.728296945,"NRI_P103",25
"46376",3843.36472305504,"NRI_P103",50
"46377",-79650.633176945,"NRI_P103",100
"46378",712.070423055033,"NRI_P103",25
"46379",1851.694173055,"NRI_P103",50
"46380",-31074.509016945,"NRI_P103",100
"46381",-67588.264106945,"NRI_P103",25
"46382",-48187.226776945,"NRI_P103",50
"46383",-37454.717386945,"NRI_P103",100
"46384",-3580.54502694495,"NRI_P103",25
"46385",-56932.931396945,"NRI_P103",50
"46386",-82017.254546945,"NRI_P103",100
"46387",-64310.903686945,"NRI_P103",25
"46388",4983.919153055,"NRI_P103",50
"46389",-65138.570846945,"NRI_P103",100
"46390",-81236.7666969449,"NRI_P103",25
"46391",-95960.103466945,"NRI_P103",50
"46392",-45278.687356945,"NRI_P103",100
"46393",1687.17162305501,"NRI_P103",25
"46394",5626.47089305503,"NRI_P103",50
"46395",-36883.351986945,"NRI_P103",100
"46396",23592.686563055,"NRI_P103",25
"46397",-26888.651146945,"NRI_P103",50
"46398",-80276.0372369449,"NRI_P103",100
"46399",-13968.151966945,"NRI_P103",25
"46400",13723.290803055,"NRI_P103",50
"46401",-86309.252916945,"NRI_P103",100
"46402",-24541.710806945,"NRI_P103",25
"46403",-43124.839966945,"NRI_P103",50
"46404",-20860.178386945,"NRI_P103",100
"46405",-71330.425716945,"NRI_P103",25
"46406",-10275.7416769449,"NRI_P103",50
"46407",-63615.745086945,"NRI_P103",100
"46408",4097.34828305501,"NRI_P103",25
"46409",-19487.414946945,"NRI_P103",50
"46410",-75070.3336069449,"NRI_P103",100
"46411",4932.196413055,"NRI_P103",25
"46412",-85574.9138269449,"NRI_P103",50
"46413",-100649.870606945,"NRI_P103",100
"46414",-21446.799196945,"NRI_P103",25
"46415",-20286.063736945,"NRI_P103",50
"46416",-88170.437186945,"NRI_P103",100
"46417",-2833.99401694495,"NRI_P103",25
"46418",10436.988913055,"NRI_P103",50
"46419",-101055.513186945,"NRI_P103",100
"46420",-4404.66856694495,"NRI_P103",25
"46421",-78972.923386945,"NRI_P103",50
"46422",-75578.593956945,"NRI_P103",100
"46423",15956.132033055,"NRI_P103",25
"46424",-78421.591256945,"NRI_P103",50
"46425",-83296.348976945,"NRI_P103",100
"46426",-366.031676944986,"NRI_P103",25
"46427",34762.849693055,"NRI_P103",50
"46428",-57469.693806945,"NRI_P103",100
"46429",-3975.39323694498,"NRI_P103",25
"46430",-77016.919546945,"NRI_P103",50
"46431",-70613.655116945,"NRI_P103",100
"46432",-8345.16658694495,"NRI_P103",25
"46433",-10613.352436945,"NRI_P103",50
"46434",-84460.398276945,"NRI_P103",100
"46435",-27714.831766945,"NRI_P103",25
"46436",-62467.818986945,"NRI_P103",50
"46437",-85306.512986945,"NRI_P103",100
"46438",6492.09914305503,"NRI_P103",25
"46439",1641.80935305502,"NRI_P103",50
"46440",-69993.973046945,"NRI_P103",100
"46441",-2759.67212694499,"NRI_P103",25
"46442",-27630.696096945,"NRI_P103",50
"46443",-66833.041596945,"NRI_P103",100
"46444",-44023.704156945,"NRI_P103",25
"46445",-83261.373066945,"NRI_P103",50
"46446",-48048.7512169449,"NRI_P103",100
"46447",10113.063743055,"NRI_P103",25
"46448",-69184.522156945,"NRI_P103",50
"46449",-77002.212966945,"NRI_P103",100
"46450",7464.95970305504,"NRI_P103",25
"46451",-14152.930926945,"NRI_P103",50
"46452",-55087.554326945,"NRI_P103",100
"46453",7160.519783055,"NRI_P103",25
"46454",-68638.081126945,"NRI_P103",50
"46455",-69082.380226945,"NRI_P103",100
"46456",-228.668916944996,"NRI_P103",25
"46457",17664.585563055,"NRI_P103",50
"46458",-51750.513246945,"NRI_P103",100
"46459",-83159.527616945,"NRI_P103",25
"46460",-79777.639106945,"NRI_P103",50
"46461",-92775.750426945,"NRI_P103",100
"46462",-34198.776936945,"NRI_P103",25
"46463",-63507.178286945,"NRI_P103",50
"46464",-43017.286406945,"NRI_P103",100
"46465",-40787.183346945,"NRI_P103",25
"46466",-7874.494366945,"NRI_P103",50
"46467",-57903.0213669449,"NRI_P103",100
"46468",-27709.392226945,"NRI_P103",25
"46469",8857.55597305502,"NRI_P103",50
"46470",-106967.379356945,"NRI_P103",100
"46471",31838.4912230551,"NRI_P103",25
"46472",-70462.579236945,"NRI_P103",50
"46473",-69007.466716945,"NRI_P103",100
"46474",-81175.308516945,"NRI_P103",25
"46475",-41476.389686945,"NRI_P103",50
"46476",-48191.385776945,"NRI_P103",100
"46477",12476.674043055,"NRI_P103",25
"46478",-14734.578196945,"NRI_P103",50
"46479",-61585.467526945,"NRI_P103",100
"46480",-70437.765576945,"NRI_P103",25
"46481",-100516.295216945,"NRI_P103",50
"46482",-88644.293736945,"NRI_P103",100
"46483",-82291.756396945,"NRI_P103",25
"46484",-64266.050836945,"NRI_P103",50
"46485",-100682.981156945,"NRI_P103",100
"46486",-74530.835626945,"NRI_P103",25
"46487",-44551.352516945,"NRI_P103",50
"46488",-69631.040956945,"NRI_P103",100
"46489",11321.175073055,"NRI_P103",25
"46490",-8538.90476694499,"NRI_P103",50
"46491",-40205.997476945,"NRI_P103",100
"46492",-29919.160556945,"NRI_P103",25
"46493",-8962.893476945,"NRI_P103",50
"46494",-57650.936926945,"NRI_P103",100
"46495",-5015.30724694498,"NRI_P103",25
"46496",23747.453873055,"NRI_P103",50
"46497",-80033.256366945,"NRI_P103",100
"46498",-6344.01124694495,"NRI_P103",25
"46499",-9194.45045694499,"NRI_P103",50
"46500",-104088.403256945,"NRI_P103",100
"46501",-1832.896471621,"NRI_P104",25
"46502",2631.80402837903,"NRI_P104",50
"46503",-17344.282201621,"NRI_P104",100
"46504",6002.102718379,"NRI_P104",25
"46505",-19883.297201621,"NRI_P104",50
"46506",8842.29535837902,"NRI_P104",100
"46507",-9661.30375162099,"NRI_P104",25
"46508",-2824.85156162101,"NRI_P104",50
"46509",-1692.74089162098,"NRI_P104",100
"46510",-3506.63382162101,"NRI_P104",25
"46511",-20169.901771621,"NRI_P104",50
"46512",-2870.71777162101,"NRI_P104",100
"46513",-11175.211141621,"NRI_P104",25
"46514",15589.527828379,"NRI_P104",50
"46515",-10492.286271621,"NRI_P104",100
"46516",-10751.259181621,"NRI_P104",25
"46517",-17817.854291621,"NRI_P104",50
"46518",-18779.738831621,"NRI_P104",100
"46519",15052.494768379,"NRI_P104",25
"46520",-8598.203191621,"NRI_P104",50
"46521",-276.428141621,"NRI_P104",100
"46522",6421.24392837903,"NRI_P104",25
"46523",1883.74594837899,"NRI_P104",50
"46524",-262.262711621006,"NRI_P104",100
"46525",-13237.581631621,"NRI_P104",25
"46526",-28815.707461621,"NRI_P104",50
"46527",-10419.785161621,"NRI_P104",100
"46528",6213.57393837901,"NRI_P104",25
"46529",-27270.818881621,"NRI_P104",50
"46530",9396.859858379,"NRI_P104",100
"46531",13578.776858379,"NRI_P104",25
"46532",-17720.929231621,"NRI_P104",50
"46533",8170.18260837899,"NRI_P104",100
"46534",9185.29552837898,"NRI_P104",25
"46535",-15378.126011621,"NRI_P104",50
"46536",1210.14818837901,"NRI_P104",100
"46537",-7496.17793162097,"NRI_P104",25
"46538",-8396.15376162098,"NRI_P104",50
"46539",23261.953518379,"NRI_P104",100
"46540",-23861.479581621,"NRI_P104",25
"46541",-14946.626371621,"NRI_P104",50
"46542",4114.16175837902,"NRI_P104",100
"46543",3452.30525837903,"NRI_P104",25
"46544",-1941.96818162099,"NRI_P104",50
"46545",942.357318378985,"NRI_P104",100
"46546",-1663.88772162102,"NRI_P104",25
"46547",6681.70898837899,"NRI_P104",50
"46548",-6252.49741162098,"NRI_P104",100
"46549",4162.82878837897,"NRI_P104",25
"46550",13830.815818379,"NRI_P104",50
"46551",-11008.129091621,"NRI_P104",100
"46552",6670.26488837902,"NRI_P104",25
"46553",8502.48264837899,"NRI_P104",50
"46554",-12258.107581621,"NRI_P104",100
"46555",-12113.109971621,"NRI_P104",25
"46556",-32881.848661621,"NRI_P104",50
"46557",-18413.053811621,"NRI_P104",100
"46558",5017.65307837899,"NRI_P104",25
"46559",3694.22038837901,"NRI_P104",50
"46560",4852.13557837898,"NRI_P104",100
"46561",11016.511438379,"NRI_P104",25
"46562",-6912.99759162101,"NRI_P104",50
"46563",-17839.266581621,"NRI_P104",100
"46564",-5408.45839162101,"NRI_P104",25
"46565",-21717.804401621,"NRI_P104",50
"46566",-23670.718671621,"NRI_P104",100
"46567",9705.45738837903,"NRI_P104",25
"46568",-15270.050431621,"NRI_P104",50
"46569",3252.54502837901,"NRI_P104",100
"46570",-17409.268971621,"NRI_P104",25
"46571",-23696.860371621,"NRI_P104",50
"46572",7137.179758379,"NRI_P104",100
"46573",4869.51991837902,"NRI_P104",25
"46574",-17817.528831621,"NRI_P104",50
"46575",-15409.201001621,"NRI_P104",100
"46576",-880.016611621017,"NRI_P104",25
"46577",-27803.997391621,"NRI_P104",50
"46578",-23036.015281621,"NRI_P104",100
"46579",8706.83755837899,"NRI_P104",25
"46580",-7766.897831621,"NRI_P104",50
"46581",-4314.61930162099,"NRI_P104",100
"46582",-14676.810681621,"NRI_P104",25
"46583",-3412.463611621,"NRI_P104",50
"46584",-17776.658171621,"NRI_P104",100
"46585",-10066.291771621,"NRI_P104",25
"46586",1373.74145837902,"NRI_P104",50
"46587",-10926.504271621,"NRI_P104",100
"46588",378.717918378999,"NRI_P104",25
"46589",-6377.91375162097,"NRI_P104",50
"46590",1184.80775837903,"NRI_P104",100
"46591",3597.157818379,"NRI_P104",25
"46592",-10603.139761621,"NRI_P104",50
"46593",-19942.518471621,"NRI_P104",100
"46594",-6291.92822162097,"NRI_P104",25
"46595",28183.338348379,"NRI_P104",50
"46596",-19043.663361621,"NRI_P104",100
"46597",6102.61719837901,"NRI_P104",25
"46598",-6329.044281621,"NRI_P104",50
"46599",-36049.181691621,"NRI_P104",100
"46600",5323.70310837898,"NRI_P104",25
"46601",11942.399168379,"NRI_P104",50
"46602",-36649.771941621,"NRI_P104",100
"46603",-27964.495081621,"NRI_P104",25
"46604",30806.816208379,"NRI_P104",50
"46605",13469.957638379,"NRI_P104",100
"46606",6480.74490837898,"NRI_P104",25
"46607",-402.770191620977,"NRI_P104",50
"46608",-24092.183571621,"NRI_P104",100
"46609",1230.351128379,"NRI_P104",25
"46610",13134.032488379,"NRI_P104",50
"46611",16369.766158379,"NRI_P104",100
"46612",13766.442018379,"NRI_P104",25
"46613",-14299.949781621,"NRI_P104",50
"46614",-13287.006251621,"NRI_P104",100
"46615",11197.754648379,"NRI_P104",25
"46616",-24759.192831621,"NRI_P104",50
"46617",-15191.731421621,"NRI_P104",100
"46618",-8579.88978162099,"NRI_P104",25
"46619",-19286.726141621,"NRI_P104",50
"46620",5731.07611837902,"NRI_P104",100
"46621",2100.774738379,"NRI_P104",25
"46622",30385.263798379,"NRI_P104",50
"46623",-16597.263871621,"NRI_P104",100
"46624",-13467.554811621,"NRI_P104",25
"46625",-7651.06705162098,"NRI_P104",50
"46626",-28608.201181621,"NRI_P104",100
"46627",-4517.88267162099,"NRI_P104",25
"46628",-12613.999451621,"NRI_P104",50
"46629",-29450.724791621,"NRI_P104",100
"46630",204.846068379004,"NRI_P104",25
"46631",20209.432198379,"NRI_P104",50
"46632",-12366.001541621,"NRI_P104",100
"46633",5009.65967837902,"NRI_P104",25
"46634",-7130.07098162099,"NRI_P104",50
"46635",-19527.261321621,"NRI_P104",100
"46636",-17187.262421621,"NRI_P104",25
"46637",-26976.095831621,"NRI_P104",50
"46638",-17272.467131621,"NRI_P104",100
"46639",-9103.01399162097,"NRI_P104",25
"46640",14301.409898379,"NRI_P104",50
"46641",-8131.64140162099,"NRI_P104",100
"46642",-8846.67565162102,"NRI_P104",25
"46643",-2683.19027162099,"NRI_P104",50
"46644",-12570.051301621,"NRI_P104",100
"46645",13684.828958379,"NRI_P104",25
"46646",15932.955318379,"NRI_P104",50
"46647",11410.810048379,"NRI_P104",100
"46648",320.29729837901,"NRI_P104",25
"46649",24871.076648379,"NRI_P104",50
"46650",-2041.73614162102,"NRI_P104",100
"46651",-5262.64482162101,"NRI_P104",25
"46652",-4570.766181621,"NRI_P104",50
"46653",-43857.360901621,"NRI_P104",100
"46654",1207.47356837901,"NRI_P104",25
"46655",33018.729878379,"NRI_P104",50
"46656",2707.35651837901,"NRI_P104",100
"46657",-777.228891620995,"NRI_P104",25
"46658",13072.921178379,"NRI_P104",50
"46659",9330.11226837902,"NRI_P104",100
"46660",16474.070058379,"NRI_P104",25
"46661",-35554.191231621,"NRI_P104",50
"46662",11615.351518379,"NRI_P104",100
"46663",19442.346908379,"NRI_P104",25
"46664",-29251.224071621,"NRI_P104",50
"46665",-16660.987891621,"NRI_P104",100
"46666",-3405.60298162099,"NRI_P104",25
"46667",-187.388131621003,"NRI_P104",50
"46668",-14218.483421621,"NRI_P104",100
"46669",3488.60181837901,"NRI_P104",25
"46670",11356.619308379,"NRI_P104",50
"46671",-20215.221491621,"NRI_P104",100
"46672",6899.92895837902,"NRI_P104",25
"46673",17976.888508379,"NRI_P104",50
"46674",-2442.45584162098,"NRI_P104",100
"46675",-6144.11002162099,"NRI_P104",25
"46676",-3324.81152162101,"NRI_P104",50
"46677",9576.86360837898,"NRI_P104",100
"46678",6357.38593837898,"NRI_P104",25
"46679",-3938.54127162101,"NRI_P104",50
"46680",-1890.03275162098,"NRI_P104",100
"46681",11764.202108379,"NRI_P104",25
"46682",-1711.40729162097,"NRI_P104",50
"46683",-27132.893761621,"NRI_P104",100
"46684",-15963.828581621,"NRI_P104",25
"46685",-29495.068301621,"NRI_P104",50
"46686",17469.602188379,"NRI_P104",100
"46687",833.633868378995,"NRI_P104",25
"46688",-25591.565491621,"NRI_P104",50
"46689",-13349.540411621,"NRI_P104",100
"46690",2349.81537837902,"NRI_P104",25
"46691",-14875.317121621,"NRI_P104",50
"46692",-31000.132081621,"NRI_P104",100
"46693",7218.70365837897,"NRI_P104",25
"46694",31276.061388379,"NRI_P104",50
"46695",-25878.671911621,"NRI_P104",100
"46696",6675.39536837902,"NRI_P104",25
"46697",-13363.484021621,"NRI_P104",50
"46698",8995.919828379,"NRI_P104",100
"46699",-6923.088091621,"NRI_P104",25
"46700",-9810.95177162101,"NRI_P104",50
"46701",-20589.485541621,"NRI_P104",100
"46702",-8012.27815162099,"NRI_P104",25
"46703",12710.646508379,"NRI_P104",50
"46704",-9170.98423162097,"NRI_P104",100
"46705",2192.87951837899,"NRI_P104",25
"46706",9750.78806837898,"NRI_P104",50
"46707",-3043.938851621,"NRI_P104",100
"46708",3284.746638379,"NRI_P104",25
"46709",-1734.127261621,"NRI_P104",50
"46710",-15653.548071621,"NRI_P104",100
"46711",-5144.656981621,"NRI_P104",25
"46712",-35282.503421621,"NRI_P104",50
"46713",16150.705748379,"NRI_P104",100
"46714",6732.333248379,"NRI_P104",25
"46715",-28828.361721621,"NRI_P104",50
"46716",-6151.05811162101,"NRI_P104",100
"46717",-3309.66634162102,"NRI_P104",25
"46718",-32045.186431621,"NRI_P104",50
"46719",-8845.35184162098,"NRI_P104",100
"46720",-683.55361162097,"NRI_P104",25
"46721",-22164.589321621,"NRI_P104",50
"46722",-6293.202871621,"NRI_P104",100
"46723",-15385.981661621,"NRI_P104",25
"46724",759.691128379025,"NRI_P104",50
"46725",10151.574768379,"NRI_P104",100
"46726",1989.39952837903,"NRI_P104",25
"46727",-685.464821621019,"NRI_P104",50
"46728",1509.91078837903,"NRI_P104",100
"46729",-4840.961111621,"NRI_P104",25
"46730",-13688.926251621,"NRI_P104",50
"46731",-8540.67208162101,"NRI_P104",100
"46732",-1685.888261621,"NRI_P104",25
"46733",-16140.964211621,"NRI_P104",50
"46734",4305.01486837899,"NRI_P104",100
"46735",5331.87539837899,"NRI_P104",25
"46736",2900.22569837898,"NRI_P104",50
"46737",-25536.186411621,"NRI_P104",100
"46738",-4690.989861621,"NRI_P104",25
"46739",-6141.72882162099,"NRI_P104",50
"46740",-27293.519811621,"NRI_P104",100
"46741",-7703.28550162102,"NRI_P104",25
"46742",-13179.073021621,"NRI_P104",50
"46743",-27993.355221621,"NRI_P104",100
"46744",-7272.978471621,"NRI_P104",25
"46745",-18503.828211621,"NRI_P104",50
"46746",-16207.423351621,"NRI_P104",100
"46747",4148.85367837898,"NRI_P104",25
"46748",-16757.672661621,"NRI_P104",50
"46749",17291.203448379,"NRI_P104",100
"46750",12941.261438379,"NRI_P104",25
"46751",-2937.351981621,"NRI_P104",50
"46752",-22380.514521621,"NRI_P104",100
"46753",-7425.66142162099,"NRI_P104",25
"46754",8268.08787837898,"NRI_P104",50
"46755",-8450.86051162099,"NRI_P104",100
"46756",-7403.333221621,"NRI_P104",25
"46757",-16346.583221621,"NRI_P104",50
"46758",-13440.477341621,"NRI_P104",100
"46759",2817.867128379,"NRI_P104",25
"46760",-4470.454881621,"NRI_P104",50
"46761",-1363.64821162098,"NRI_P104",100
"46762",3398.91472837899,"NRI_P104",25
"46763",-7202.28681162099,"NRI_P104",50
"46764",18410.879948379,"NRI_P104",100
"46765",12484.943698379,"NRI_P104",25
"46766",-7935.47365162103,"NRI_P104",50
"46767",-11947.085921621,"NRI_P104",100
"46768",11654.206988379,"NRI_P104",25
"46769",-24084.475721621,"NRI_P104",50
"46770",3238.604468379,"NRI_P104",100
"46771",4731.672878379,"NRI_P104",25
"46772",2835.81516837899,"NRI_P104",50
"46773",-19712.955441621,"NRI_P104",100
"46774",-20938.325661621,"NRI_P104",25
"46775",-18372.172731621,"NRI_P104",50
"46776",-20402.324041621,"NRI_P104",100
"46777",-1982.35543162102,"NRI_P104",25
"46778",-1585.320111621,"NRI_P104",50
"46779",-12769.208621621,"NRI_P104",100
"46780",-396.067721621017,"NRI_P104",25
"46781",16613.396108379,"NRI_P104",50
"46782",-14493.884551621,"NRI_P104",100
"46783",-21073.542961621,"NRI_P104",25
"46784",11716.504998379,"NRI_P104",50
"46785",25189.304018379,"NRI_P104",100
"46786",4455.27664837899,"NRI_P104",25
"46787",-4053.33993162098,"NRI_P104",50
"46788",-332.756941621017,"NRI_P104",100
"46789",-9180.61992162099,"NRI_P104",25
"46790",-3086.15271162102,"NRI_P104",50
"46791",-32858.818281621,"NRI_P104",100
"46792",8488.32544837898,"NRI_P104",25
"46793",-25979.564941621,"NRI_P104",50
"46794",-13647.552781621,"NRI_P104",100
"46795",-8064.443001621,"NRI_P104",25
"46796",-5854.19923162099,"NRI_P104",50
"46797",-2608.55309162103,"NRI_P104",100
"46798",-7364.77845162101,"NRI_P104",25
"46799",-28230.712751621,"NRI_P104",50
"46800",-4910.41709162103,"NRI_P104",100
"46801",-11827.151851128,"NRI_P105",25
"46802",-3386.08744112798,"NRI_P105",50
"46803",-7424.015021128,"NRI_P105",100
"46804",5816.42567887198,"NRI_P105",25
"46805",9304.12153887202,"NRI_P105",50
"46806",-6593.55503112799,"NRI_P105",100
"46807",5016.30788887199,"NRI_P105",25
"46808",-15602.092681128,"NRI_P105",50
"46809",-19485.308771128,"NRI_P105",100
"46810",-9182.07858112804,"NRI_P105",25
"46811",-14363.143051128,"NRI_P105",50
"46812",-34571.736591128,"NRI_P105",100
"46813",15605.631198872,"NRI_P105",25
"46814",-5217.93187112798,"NRI_P105",50
"46815",-34753.393851128,"NRI_P105",100
"46816",1657.51483887201,"NRI_P105",25
"46817",-19844.957571128,"NRI_P105",50
"46818",-30246.695361128,"NRI_P105",100
"46819",-3805.89277112798,"NRI_P105",25
"46820",-27813.117041128,"NRI_P105",50
"46821",-36856.866511128,"NRI_P105",100
"46822",-3387.271641128,"NRI_P105",25
"46823",-4778.04607112799,"NRI_P105",50
"46824",-33127.338641128,"NRI_P105",100
"46825",-9374.68230112799,"NRI_P105",25
"46826",-30425.802061128,"NRI_P105",50
"46827",2879.79522887198,"NRI_P105",100
"46828",-7127.79220112803,"NRI_P105",25
"46829",15622.625528872,"NRI_P105",50
"46830",-46723.263081128,"NRI_P105",100
"46831",-7912.40307112801,"NRI_P105",25
"46832",-6011.62316112802,"NRI_P105",50
"46833",-26761.305401128,"NRI_P105",100
"46834",5759.519928872,"NRI_P105",25
"46835",-12662.406211128,"NRI_P105",50
"46836",-4803.65718112799,"NRI_P105",100
"46837",-10894.105251128,"NRI_P105",25
"46838",-22557.836421128,"NRI_P105",50
"46839",-25969.054401128,"NRI_P105",100
"46840",-12784.772581128,"NRI_P105",25
"46841",-10615.656181128,"NRI_P105",50
"46842",-15275.601291128,"NRI_P105",100
"46843",-14911.602181128,"NRI_P105",25
"46844",-17837.521531128,"NRI_P105",50
"46845",-3846.19897112803,"NRI_P105",100
"46846",-11753.279731128,"NRI_P105",25
"46847",2284.77181887202,"NRI_P105",50
"46848",-24904.347551128,"NRI_P105",100
"46849",6737.45231887198,"NRI_P105",25
"46850",1817.41418887198,"NRI_P105",50
"46851",-19951.711921128,"NRI_P105",100
"46852",-13214.591141128,"NRI_P105",25
"46853",-24003.644241128,"NRI_P105",50
"46854",-28450.220111128,"NRI_P105",100
"46855",-3946.842971128,"NRI_P105",25
"46856",-17980.626591128,"NRI_P105",50
"46857",-24599.632981128,"NRI_P105",100
"46858",1363.96719887201,"NRI_P105",25
"46859",18690.241728872,"NRI_P105",50
"46860",-21094.258601128,"NRI_P105",100
"46861",4577.531478872,"NRI_P105",25
"46862",-33522.965481128,"NRI_P105",50
"46863",-2188.16748112801,"NRI_P105",100
"46864",10594.255718872,"NRI_P105",25
"46865",-8583.95640112803,"NRI_P105",50
"46866",-24864.466331128,"NRI_P105",100
"46867",-33160.821191128,"NRI_P105",25
"46868",-17918.880801128,"NRI_P105",50
"46869",-38125.336631128,"NRI_P105",100
"46870",-11827.130541128,"NRI_P105",25
"46871",-19193.399061128,"NRI_P105",50
"46872",-26401.690891128,"NRI_P105",100
"46873",-12579.277381128,"NRI_P105",25
"46874",-5060.95509112801,"NRI_P105",50
"46875",-32803.109041128,"NRI_P105",100
"46876",-6674.43959112803,"NRI_P105",25
"46877",-17866.933091128,"NRI_P105",50
"46878",-13362.336191128,"NRI_P105",100
"46879",-15495.869531128,"NRI_P105",25
"46880",-25773.268021128,"NRI_P105",50
"46881",-30477.680661128,"NRI_P105",100
"46882",11259.998418872,"NRI_P105",25
"46883",3754.22846887197,"NRI_P105",50
"46884",-18232.374331128,"NRI_P105",100
"46885",9490.11605887196,"NRI_P105",25
"46886",-15449.829011128,"NRI_P105",50
"46887",9366.885288872,"NRI_P105",100
"46888",4496.83280887199,"NRI_P105",25
"46889",-25978.543451128,"NRI_P105",50
"46890",-23573.810901128,"NRI_P105",100
"46891",-2817.56582112802,"NRI_P105",25
"46892",-17119.396921128,"NRI_P105",50
"46893",-31515.494731128,"NRI_P105",100
"46894",-9525.73723112803,"NRI_P105",25
"46895",-10276.805981128,"NRI_P105",50
"46896",-19969.318301128,"NRI_P105",100
"46897",-6216.33545112802,"NRI_P105",25
"46898",-22924.053651128,"NRI_P105",50
"46899",2158.09786887199,"NRI_P105",100
"46900",-10191.520791128,"NRI_P105",25
"46901",-10148.453331128,"NRI_P105",50
"46902",-23062.774221128,"NRI_P105",100
"46903",3581.43513887201,"NRI_P105",25
"46904",-9660.791991128,"NRI_P105",50
"46905",-19047.771381128,"NRI_P105",100
"46906",8907.44424887199,"NRI_P105",25
"46907",-14782.328821128,"NRI_P105",50
"46908",-29769.153281128,"NRI_P105",100
"46909",-3432.01214112801,"NRI_P105",25
"46910",15552.310848872,"NRI_P105",50
"46911",-24045.567051128,"NRI_P105",100
"46912",-2322.626881128,"NRI_P105",25
"46913",-2981.36488112801,"NRI_P105",50
"46914",-18373.618181128,"NRI_P105",100
"46915",-1070.13125112798,"NRI_P105",25
"46916",-14124.354631128,"NRI_P105",50
"46917",-15646.175551128,"NRI_P105",100
"46918",2785.22798887198,"NRI_P105",25
"46919",8025.744158872,"NRI_P105",50
"46920",-38469.698831128,"NRI_P105",100
"46921",-1178.51909112802,"NRI_P105",25
"46922",-18255.592611128,"NRI_P105",50
"46923",-16543.638081128,"NRI_P105",100
"46924",-8559.729231128,"NRI_P105",25
"46925",-13948.053821128,"NRI_P105",50
"46926",-17591.415161128,"NRI_P105",100
"46927",-15843.801001128,"NRI_P105",25
"46928",-19471.122471128,"NRI_P105",50
"46929",3160.07044887199,"NRI_P105",100
"46930",25388.090038872,"NRI_P105",25
"46931",-25178.066491128,"NRI_P105",50
"46932",-28734.803851128,"NRI_P105",100
"46933",-13193.045221128,"NRI_P105",25
"46934",-33207.441801128,"NRI_P105",50
"46935",-26069.460501128,"NRI_P105",100
"46936",-10342.853791128,"NRI_P105",25
"46937",-16104.906421128,"NRI_P105",50
"46938",-15383.033891128,"NRI_P105",100
"46939",-9770.299551128,"NRI_P105",25
"46940",-16164.756101128,"NRI_P105",50
"46941",-15755.205781128,"NRI_P105",100
"46942",-4225.33363112801,"NRI_P105",25
"46943",18014.397568872,"NRI_P105",50
"46944",-12520.447371128,"NRI_P105",100
"46945",3043.492438872,"NRI_P105",25
"46946",-25368.595751128,"NRI_P105",50
"46947",-54021.899351128,"NRI_P105",100
"46948",-5108.75688112801,"NRI_P105",25
"46949",-25755.765061128,"NRI_P105",50
"46950",-16997.476051128,"NRI_P105",100
"46951",-25149.759361128,"NRI_P105",25
"46952",13294.253538872,"NRI_P105",50
"46953",-28549.023311128,"NRI_P105",100
"46954",-4089.06937112799,"NRI_P105",25
"46955",-11600.318131128,"NRI_P105",50
"46956",-10682.457641128,"NRI_P105",100
"46957",-13101.786301128,"NRI_P105",25
"46958",-25432.319541128,"NRI_P105",50
"46959",6293.26155887201,"NRI_P105",100
"46960",-3846.665531128,"NRI_P105",25
"46961",-7778.01456112799,"NRI_P105",50
"46962",-31619.599551128,"NRI_P105",100
"46963",-19385.170501128,"NRI_P105",25
"46964",15654.904118872,"NRI_P105",50
"46965",8264.48066887201,"NRI_P105",100
"46966",3235.749678872,"NRI_P105",25
"46967",-19092.578591128,"NRI_P105",50
"46968",-19263.128641128,"NRI_P105",100
"46969",-16984.281591128,"NRI_P105",25
"46970",2769.937438872,"NRI_P105",50
"46971",-15043.337461128,"NRI_P105",100
"46972",-6465.63637112803,"NRI_P105",25
"46973",-16889.052391128,"NRI_P105",50
"46974",-26924.551231128,"NRI_P105",100
"46975",9593.93579887197,"NRI_P105",25
"46976",-19943.839041128,"NRI_P105",50
"46977",-33945.390971128,"NRI_P105",100
"46978",-501.322201128001,"NRI_P105",25
"46979",-22321.669901128,"NRI_P105",50
"46980",16058.666508872,"NRI_P105",100
"46981",-4217.836901128,"NRI_P105",25
"46982",-30116.823471128,"NRI_P105",50
"46983",-20251.399151128,"NRI_P105",100
"46984",2752.535858872,"NRI_P105",25
"46985",-26236.712951128,"NRI_P105",50
"46986",-37217.531251128,"NRI_P105",100
"46987",8332.00589887198,"NRI_P105",25
"46988",19.67626887199,"NRI_P105",50
"46989",-37167.136611128,"NRI_P105",100
"46990",1559.60332887201,"NRI_P105",25
"46991",10699.159508872,"NRI_P105",50
"46992",-3814.91302112798,"NRI_P105",100
"46993",-1891.213231128,"NRI_P105",25
"46994",-16180.190221128,"NRI_P105",50
"46995",4063.31151887198,"NRI_P105",100
"46996",7557.55969887198,"NRI_P105",25
"46997",-10622.704851128,"NRI_P105",50
"46998",-21948.096291128,"NRI_P105",100
"46999",-10788.228241128,"NRI_P105",25
"47000",-11247.138011128,"NRI_P105",50
"47001",12341.322228872,"NRI_P105",100
"47002",10446.212858872,"NRI_P105",25
"47003",-15473.538561128,"NRI_P105",50
"47004",-13714.142361128,"NRI_P105",100
"47005",-1304.01384112803,"NRI_P105",25
"47006",-24204.925171128,"NRI_P105",50
"47007",-32417.018981128,"NRI_P105",100
"47008",4479.43027887197,"NRI_P105",25
"47009",-17012.148631128,"NRI_P105",50
"47010",-32997.638611128,"NRI_P105",100
"47011",-16820.607011128,"NRI_P105",25
"47012",-9660.95998112799,"NRI_P105",50
"47013",-33513.923921128,"NRI_P105",100
"47014",3845.11365887197,"NRI_P105",25
"47015",-6492.89415112801,"NRI_P105",50
"47016",-22468.482511128,"NRI_P105",100
"47017",-2075.88384112803,"NRI_P105",25
"47018",-21583.833721128,"NRI_P105",50
"47019",-20739.219361128,"NRI_P105",100
"47020",-19627.506391128,"NRI_P105",25
"47021",-19478.317631128,"NRI_P105",50
"47022",-34747.998141128,"NRI_P105",100
"47023",-9525.99618112802,"NRI_P105",25
"47024",-6664.20659112802,"NRI_P105",50
"47025",-26158.442641128,"NRI_P105",100
"47026",355.979708871979,"NRI_P105",25
"47027",-12982.176131128,"NRI_P105",50
"47028",4958.25345887197,"NRI_P105",100
"47029",4829.20838887198,"NRI_P105",25
"47030",-12411.416841128,"NRI_P105",50
"47031",5615.04905887198,"NRI_P105",100
"47032",-13329.452961128,"NRI_P105",25
"47033",8319.229688872,"NRI_P105",50
"47034",-9639.41149112803,"NRI_P105",100
"47035",-788.305451127992,"NRI_P105",25
"47036",-34119.871181128,"NRI_P105",50
"47037",-9165.95932112803,"NRI_P105",100
"47038",-9194.57357112801,"NRI_P105",25
"47039",-27698.290841128,"NRI_P105",50
"47040",19972.064438872,"NRI_P105",100
"47041",-12448.748091128,"NRI_P105",25
"47042",-36201.746031128,"NRI_P105",50
"47043",-6709.59412112803,"NRI_P105",100
"47044",-7454.76336112799,"NRI_P105",25
"47045",-26565.086781128,"NRI_P105",50
"47046",5026.29796887201,"NRI_P105",100
"47047",10722.848958872,"NRI_P105",25
"47048",-14682.171651128,"NRI_P105",50
"47049",-18893.696001128,"NRI_P105",100
"47050",-9979.855821128,"NRI_P105",25
"47051",-15406.561581128,"NRI_P105",50
"47052",-36934.559601128,"NRI_P105",100
"47053",3892.23060887196,"NRI_P105",25
"47054",-30157.820291128,"NRI_P105",50
"47055",-11198.703911128,"NRI_P105",100
"47056",-13155.530961128,"NRI_P105",25
"47057",-12454.222841128,"NRI_P105",50
"47058",-34110.395571128,"NRI_P105",100
"47059",3955.16036887199,"NRI_P105",25
"47060",-17320.275221128,"NRI_P105",50
"47061",-36047.659931128,"NRI_P105",100
"47062",-24148.014351128,"NRI_P105",25
"47063",-14384.602361128,"NRI_P105",50
"47064",-51847.257351128,"NRI_P105",100
"47065",-5770.38568112801,"NRI_P105",25
"47066",-8408.34911112802,"NRI_P105",50
"47067",7851.01789887197,"NRI_P105",100
"47068",-5684.37058112799,"NRI_P105",25
"47069",-7234.26756112801,"NRI_P105",50
"47070",-11178.886431128,"NRI_P105",100
"47071",14140.340808872,"NRI_P105",25
"47072",-15926.524471128,"NRI_P105",50
"47073",-9731.54172112799,"NRI_P105",100
"47074",-2406.06699112803,"NRI_P105",25
"47075",6627.14574887202,"NRI_P105",50
"47076",-42860.424901128,"NRI_P105",100
"47077",2342.68356887199,"NRI_P105",25
"47078",-9966.40686112799,"NRI_P105",50
"47079",-31103.717071128,"NRI_P105",100
"47080",-3416.397971128,"NRI_P105",25
"47081",-26404.224141128,"NRI_P105",50
"47082",-22806.053401128,"NRI_P105",100
"47083",-24010.830481128,"NRI_P105",25
"47084",-6057.28773112799,"NRI_P105",50
"47085",-17222.276731128,"NRI_P105",100
"47086",-7577.150571128,"NRI_P105",25
"47087",-12313.728401128,"NRI_P105",50
"47088",-32212.393071128,"NRI_P105",100
"47089",-8708.30048112798,"NRI_P105",25
"47090",3602.26852887199,"NRI_P105",50
"47091",-25277.462151128,"NRI_P105",100
"47092",-13696.932091128,"NRI_P105",25
"47093",-15206.127971128,"NRI_P105",50
"47094",-34493.315251128,"NRI_P105",100
"47095",-3604.98024112801,"NRI_P105",25
"47096",-11307.437291128,"NRI_P105",50
"47097",-38746.004461128,"NRI_P105",100
"47098",4608.54158887197,"NRI_P105",25
"47099",-2133.60115112801,"NRI_P105",50
"47100",-29452.991231128,"NRI_P105",100
"47101",-22813.422919629,"NRI_P106",25
"47102",19803.042860371,"NRI_P106",50
"47103",26398.886420371,"NRI_P106",100
"47104",-11226.936009629,"NRI_P106",25
"47105",-453.206579628983,"NRI_P106",50
"47106",-5120.52822962898,"NRI_P106",100
"47107",14925.172560371,"NRI_P106",25
"47108",15372.067880371,"NRI_P106",50
"47109",71419.017060371,"NRI_P106",100
"47110",8543.76516037103,"NRI_P106",25
"47111",-11847.066439629,"NRI_P106",50
"47112",2797.06211037101,"NRI_P106",100
"47113",-742.975429628976,"NRI_P106",25
"47114",12410.438290371,"NRI_P106",50
"47115",20055.031450371,"NRI_P106",100
"47116",-7469.63680962898,"NRI_P106",25
"47117",2648.89139037102,"NRI_P106",50
"47118",14615.616520371,"NRI_P106",100
"47119",14711.780040371,"NRI_P106",25
"47120",-26346.525229629,"NRI_P106",50
"47121",13840.801190371,"NRI_P106",100
"47122",35516.194170371,"NRI_P106",25
"47123",-21711.242279629,"NRI_P106",50
"47124",22576.910820371,"NRI_P106",100
"47125",11834.416230371,"NRI_P106",25
"47126",30609.921690371,"NRI_P106",50
"47127",61917.594140371,"NRI_P106",100
"47128",-6439.980799629,"NRI_P106",25
"47129",19348.230270371,"NRI_P106",50
"47130",34721.086060371,"NRI_P106",100
"47131",7968.11111037101,"NRI_P106",25
"47132",7994.47670037101,"NRI_P106",50
"47133",33941.124960371,"NRI_P106",100
"47134",-14539.117959629,"NRI_P106",25
"47135",-18151.129579629,"NRI_P106",50
"47136",4125.17303037102,"NRI_P106",100
"47137",2264.76498037099,"NRI_P106",25
"47138",19816.661410371,"NRI_P106",50
"47139",50359.596260371,"NRI_P106",100
"47140",-1925.75539962895,"NRI_P106",25
"47141",-2070.764869629,"NRI_P106",50
"47142",-4356.64334962895,"NRI_P106",100
"47143",-6149.669629629,"NRI_P106",25
"47144",4127.48715037102,"NRI_P106",50
"47145",25525.611920371,"NRI_P106",100
"47146",-12414.214369629,"NRI_P106",25
"47147",58039.030510371,"NRI_P106",50
"47148",8718.06290037103,"NRI_P106",100
"47149",8712.754110371,"NRI_P106",25
"47150",965.065610371006,"NRI_P106",50
"47151",55347.927030371,"NRI_P106",100
"47152",7183.56910037104,"NRI_P106",25
"47153",-6562.403789629,"NRI_P106",50
"47154",36659.320250371,"NRI_P106",100
"47155",4464.52161037101,"NRI_P106",25
"47156",-11829.617809629,"NRI_P106",50
"47157",10622.108430371,"NRI_P106",100
"47158",-11563.985189629,"NRI_P106",25
"47159",10240.352860371,"NRI_P106",50
"47160",19637.159710371,"NRI_P106",100
"47161",6586.86831037101,"NRI_P106",25
"47162",-12316.279629629,"NRI_P106",50
"47163",22072.817680371,"NRI_P106",100
"47164",-7956.85334962897,"NRI_P106",25
"47165",42897.480990371,"NRI_P106",50
"47166",26036.203890371,"NRI_P106",100
"47167",11284.540640371,"NRI_P106",25
"47168",14671.431790371,"NRI_P106",50
"47169",1001.57488037104,"NRI_P106",100
"47170",35012.946570371,"NRI_P106",25
"47171",29829.465310371,"NRI_P106",50
"47172",70937.707860371,"NRI_P106",100
"47173",20732.900990371,"NRI_P106",25
"47174",31914.686460371,"NRI_P106",50
"47175",-26007.591849629,"NRI_P106",100
"47176",12296.753730371,"NRI_P106",25
"47177",4678.30245037103,"NRI_P106",50
"47178",69703.049140371,"NRI_P106",100
"47179",-12711.643779629,"NRI_P106",25
"47180",10497.637130371,"NRI_P106",50
"47181",47409.016860371,"NRI_P106",100
"47182",-13724.437049629,"NRI_P106",25
"47183",10146.272080371,"NRI_P106",50
"47184",-14986.305909629,"NRI_P106",100
"47185",-21352.535919629,"NRI_P106",25
"47186",-2876.44740962895,"NRI_P106",50
"47187",11517.671390371,"NRI_P106",100
"47188",-16562.431639629,"NRI_P106",25
"47189",18240.241880371,"NRI_P106",50
"47190",-24515.783619629,"NRI_P106",100
"47191",-8915.88727962895,"NRI_P106",25
"47192",8391.68423037103,"NRI_P106",50
"47193",16705.748990371,"NRI_P106",100
"47194",1696.68166037102,"NRI_P106",25
"47195",-5230.00622962898,"NRI_P106",50
"47196",-1840.27272962895,"NRI_P106",100
"47197",16763.048610371,"NRI_P106",25
"47198",43423.346640371,"NRI_P106",50
"47199",-9826.90328962897,"NRI_P106",100
"47200",3017.136640371,"NRI_P106",25
"47201",-5643.31605962897,"NRI_P106",50
"47202",-4529.04424962896,"NRI_P106",100
"47203",-12388.547769629,"NRI_P106",25
"47204",1237.56123037101,"NRI_P106",50
"47205",-40269.245759629,"NRI_P106",100
"47206",-15460.478989629,"NRI_P106",25
"47207",8893.25709037104,"NRI_P106",50
"47208",5005.28597037104,"NRI_P106",100
"47209",14602.452770371,"NRI_P106",25
"47210",23786.840380371,"NRI_P106",50
"47211",11647.141800371,"NRI_P106",100
"47212",-20816.696499629,"NRI_P106",25
"47213",-15493.008639629,"NRI_P106",50
"47214",39798.743140371,"NRI_P106",100
"47215",-23551.816949629,"NRI_P106",25
"47216",-9312.16802962899,"NRI_P106",50
"47217",55511.278700371,"NRI_P106",100
"47218",10593.974530371,"NRI_P106",25
"47219",3721.94673037104,"NRI_P106",50
"47220",24769.896880371,"NRI_P106",100
"47221",-13318.287729629,"NRI_P106",25
"47222",-13733.171339629,"NRI_P106",50
"47223",-20218.659989629,"NRI_P106",100
"47224",-6211.118159629,"NRI_P106",25
"47225",18971.492200371,"NRI_P106",50
"47226",11592.757380371,"NRI_P106",100
"47227",14163.291560371,"NRI_P106",25
"47228",43006.248830371,"NRI_P106",50
"47229",-12133.427249629,"NRI_P106",100
"47230",-9452.495499629,"NRI_P106",25
"47231",-311.859169628995,"NRI_P106",50
"47232",11047.588100371,"NRI_P106",100
"47233",-24307.901289629,"NRI_P106",25
"47234",-17041.389849629,"NRI_P106",50
"47235",6622.427950371,"NRI_P106",100
"47236",-23231.485579629,"NRI_P106",25
"47237",53987.376330371,"NRI_P106",50
"47238",20660.856890371,"NRI_P106",100
"47239",-7576.45847962896,"NRI_P106",25
"47240",-16977.204389629,"NRI_P106",50
"47241",-16679.781089629,"NRI_P106",100
"47242",9807.94117037102,"NRI_P106",25
"47243",1711.38007037103,"NRI_P106",50
"47244",74995.626230371,"NRI_P106",100
"47245",-6068.39491962898,"NRI_P106",25
"47246",12127.515690371,"NRI_P106",50
"47247",-3913.20354962896,"NRI_P106",100
"47248",35600.768600371,"NRI_P106",25
"47249",-24468.935679629,"NRI_P106",50
"47250",37331.893140371,"NRI_P106",100
"47251",34055.303880371,"NRI_P106",25
"47252",19158.516740371,"NRI_P106",50
"47253",-34248.504889629,"NRI_P106",100
"47254",2140.140600371,"NRI_P106",25
"47255",10037.062640371,"NRI_P106",50
"47256",39537.063110371,"NRI_P106",100
"47257",8537.53405037103,"NRI_P106",25
"47258",36455.411140371,"NRI_P106",50
"47259",61994.080330371,"NRI_P106",100
"47260",-7019.94859962899,"NRI_P106",25
"47261",-10419.264109629,"NRI_P106",50
"47262",9731.053630371,"NRI_P106",100
"47263",-6509.49918962899,"NRI_P106",25
"47264",26514.913640371,"NRI_P106",50
"47265",14332.808390371,"NRI_P106",100
"47266",34416.212100371,"NRI_P106",25
"47267",42692.220600371,"NRI_P106",50
"47268",35257.999450371,"NRI_P106",100
"47269",7394.800160371,"NRI_P106",25
"47270",-5894.27087962895,"NRI_P106",50
"47271",-5638.84939962899,"NRI_P106",100
"47272",31175.921000371,"NRI_P106",25
"47273",-26456.594609629,"NRI_P106",50
"47274",84031.801760371,"NRI_P106",100
"47275",-2304.53532962897,"NRI_P106",25
"47276",11781.259290371,"NRI_P106",50
"47277",75057.775510371,"NRI_P106",100
"47278",-698.06934962899,"NRI_P106",25
"47279",-1755.71273962897,"NRI_P106",50
"47280",29785.250480371,"NRI_P106",100
"47281",36463.795610371,"NRI_P106",25
"47282",22573.746250371,"NRI_P106",50
"47283",57613.020780371,"NRI_P106",100
"47284",10115.781740371,"NRI_P106",25
"47285",40285.130650371,"NRI_P106",50
"47286",43511.322120371,"NRI_P106",100
"47287",-10712.006089629,"NRI_P106",25
"47288",48096.238770371,"NRI_P106",50
"47289",64243.281230371,"NRI_P106",100
"47290",-1450.417389629,"NRI_P106",25
"47291",28445.996140371,"NRI_P106",50
"47292",39877.898870371,"NRI_P106",100
"47293",17073.583070371,"NRI_P106",25
"47294",35999.079060371,"NRI_P106",50
"47295",45602.510000371,"NRI_P106",100
"47296",34361.744690371,"NRI_P106",25
"47297",-5005.017399629,"NRI_P106",50
"47298",-19453.734549629,"NRI_P106",100
"47299",-6453.97599962901,"NRI_P106",25
"47300",-28427.531329629,"NRI_P106",50
"47301",2065.44895037101,"NRI_P106",100
"47302",6500.99053037103,"NRI_P106",25
"47303",-15149.168729629,"NRI_P106",50
"47304",42278.733410371,"NRI_P106",100
"47305",-6132.46705962898,"NRI_P106",25
"47306",29009.785160371,"NRI_P106",50
"47307",39971.496410371,"NRI_P106",100
"47308",3995.87145037099,"NRI_P106",25
"47309",526.897920371033,"NRI_P106",50
"47310",9620.539550371,"NRI_P106",100
"47311",-9719.52188962896,"NRI_P106",25
"47312",18330.199140371,"NRI_P106",50
"47313",19691.653800371,"NRI_P106",100
"47314",6606.87611037103,"NRI_P106",25
"47315",23367.188610371,"NRI_P106",50
"47316",57658.489100371,"NRI_P106",100
"47317",16001.874180371,"NRI_P106",25
"47318",24168.913020371,"NRI_P106",50
"47319",-19789.401299629,"NRI_P106",100
"47320",-4628.181959629,"NRI_P106",25
"47321",-2730.11295962898,"NRI_P106",50
"47322",-426.274079628987,"NRI_P106",100
"47323",2896.89854037104,"NRI_P106",25
"47324",-10110.709559629,"NRI_P106",50
"47325",1476.45137037104,"NRI_P106",100
"47326",-2637.15581962897,"NRI_P106",25
"47327",-12100.559449629,"NRI_P106",50
"47328",37172.850160371,"NRI_P106",100
"47329",16514.327400371,"NRI_P106",25
"47330",26600.814370371,"NRI_P106",50
"47331",4687.99917037104,"NRI_P106",100
"47332",-12473.758099629,"NRI_P106",25
"47333",34961.920790371,"NRI_P106",50
"47334",-6965.42717962898,"NRI_P106",100
"47335",32016.191600371,"NRI_P106",25
"47336",9685.77171037102,"NRI_P106",50
"47337",59360.638610371,"NRI_P106",100
"47338",2369.04761037102,"NRI_P106",25
"47339",20959.937330371,"NRI_P106",50
"47340",-4152.532979629,"NRI_P106",100
"47341",40215.663430371,"NRI_P106",25
"47342",-5495.76097962901,"NRI_P106",50
"47343",23385.082470371,"NRI_P106",100
"47344",16255.057290371,"NRI_P106",25
"47345",20939.896820371,"NRI_P106",50
"47346",-14778.177189629,"NRI_P106",100
"47347",60249.417450371,"NRI_P106",25
"47348",44558.268250371,"NRI_P106",50
"47349",91455.734480371,"NRI_P106",100
"47350",-1277.48649962898,"NRI_P106",25
"47351",15551.053080371,"NRI_P106",50
"47352",-17813.931469629,"NRI_P106",100
"47353",-24918.108769629,"NRI_P106",25
"47354",42109.808870371,"NRI_P106",50
"47355",-10217.591469629,"NRI_P106",100
"47356",-15396.955139629,"NRI_P106",25
"47357",-13635.826669629,"NRI_P106",50
"47358",25642.572720371,"NRI_P106",100
"47359",-13538.634129629,"NRI_P106",25
"47360",-9583.40811962896,"NRI_P106",50
"47361",37966.239420371,"NRI_P106",100
"47362",58777.022020371,"NRI_P106",25
"47363",26074.660470371,"NRI_P106",50
"47364",30297.707170371,"NRI_P106",100
"47365",31293.418270371,"NRI_P106",25
"47366",33189.394000371,"NRI_P106",50
"47367",51195.497320371,"NRI_P106",100
"47368",-6029.956459629,"NRI_P106",25
"47369",20581.387790371,"NRI_P106",50
"47370",-44511.706239629,"NRI_P106",100
"47371",1204.84604037105,"NRI_P106",25
"47372",46767.775180371,"NRI_P106",50
"47373",-11768.492449629,"NRI_P106",100
"47374",18301.073450371,"NRI_P106",25
"47375",-23997.938949629,"NRI_P106",50
"47376",476.770800371014,"NRI_P106",100
"47377",31921.701050371,"NRI_P106",25
"47378",-23153.465399629,"NRI_P106",50
"47379",44249.121910371,"NRI_P106",100
"47380",29877.351500371,"NRI_P106",25
"47381",-17.177659628971,"NRI_P106",50
"47382",93590.008070371,"NRI_P106",100
"47383",-1317.81932962895,"NRI_P106",25
"47384",30877.425240371,"NRI_P106",50
"47385",47188.376510371,"NRI_P106",100
"47386",-2401.08195962897,"NRI_P106",25
"47387",-23215.298129629,"NRI_P106",50
"47388",44108.444360371,"NRI_P106",100
"47389",3181.39113037102,"NRI_P106",25
"47390",10011.708750371,"NRI_P106",50
"47391",4481.88824037102,"NRI_P106",100
"47392",14104.365400371,"NRI_P106",25
"47393",55328.757160371,"NRI_P106",50
"47394",-12069.762879629,"NRI_P106",100
"47395",-15974.616869629,"NRI_P106",25
"47396",54788.737760371,"NRI_P106",50
"47397",32997.683920371,"NRI_P106",100
"47398",47626.108640371,"NRI_P106",25
"47399",59817.037880371,"NRI_P106",50
"47400",10625.372960371,"NRI_P106",100
"47401",27423.952518603,"NRI_P107",25
"47402",11574.700088603,"NRI_P107",50
"47403",22324.573768603,"NRI_P107",100
"47404",8599.63766860298,"NRI_P107",25
"47405",41196.973748603,"NRI_P107",50
"47406",15997.939558603,"NRI_P107",100
"47407",5673.22033860302,"NRI_P107",25
"47408",-5157.99983139697,"NRI_P107",50
"47409",89483.110838603,"NRI_P107",100
"47410",14532.653818603,"NRI_P107",25
"47411",-9015.58364139701,"NRI_P107",50
"47412",649.50976860302,"NRI_P107",100
"47413",1827.48938860302,"NRI_P107",25
"47414",-1514.91922139702,"NRI_P107",50
"47415",29349.357338603,"NRI_P107",100
"47416",11907.230448603,"NRI_P107",25
"47417",66495.667168603,"NRI_P107",50
"47418",4241.026208603,"NRI_P107",100
"47419",34174.916338603,"NRI_P107",25
"47420",6133.67920860299,"NRI_P107",50
"47421",12969.533718603,"NRI_P107",100
"47422",19504.149578603,"NRI_P107",25
"47423",20937.870668603,"NRI_P107",50
"47424",20956.385508603,"NRI_P107",100
"47425",-5608.15085139702,"NRI_P107",25
"47426",-23414.758701397,"NRI_P107",50
"47427",82633.806818603,"NRI_P107",100
"47428",36709.715438603,"NRI_P107",25
"47429",10056.279128603,"NRI_P107",50
"47430",81357.777418603,"NRI_P107",100
"47431",28030.382438603,"NRI_P107",25
"47432",36442.998398603,"NRI_P107",50
"47433",26680.476648603,"NRI_P107",100
"47434",-3251.443511397,"NRI_P107",25
"47435",25861.548118603,"NRI_P107",50
"47436",11439.704438603,"NRI_P107",100
"47437",15808.091428603,"NRI_P107",25
"47438",32921.380178603,"NRI_P107",50
"47439",83614.097648603,"NRI_P107",100
"47440",-8634.06392139703,"NRI_P107",25
"47441",8794.882358603,"NRI_P107",50
"47442",24683.132398603,"NRI_P107",100
"47443",17917.892448603,"NRI_P107",25
"47444",8500.67656860303,"NRI_P107",50
"47445",45972.383178603,"NRI_P107",100
"47446",26752.004798603,"NRI_P107",25
"47447",25091.763508603,"NRI_P107",50
"47448",42191.482918603,"NRI_P107",100
"47449",19431.243838603,"NRI_P107",25
"47450",40617.247388603,"NRI_P107",50
"47451",40184.795928603,"NRI_P107",100
"47452",23243.555098603,"NRI_P107",25
"47453",18350.704978603,"NRI_P107",50
"47454",74458.661688603,"NRI_P107",100
"47455",2731.941738603,"NRI_P107",25
"47456",31039.870908603,"NRI_P107",50
"47457",47956.384508603,"NRI_P107",100
"47458",19723.676658603,"NRI_P107",25
"47459",16645.202118603,"NRI_P107",50
"47460",53089.190768603,"NRI_P107",100
"47461",-7995.46443139698,"NRI_P107",25
"47462",56390.981448603,"NRI_P107",50
"47463",14766.274668603,"NRI_P107",100
"47464",-16733.405071397,"NRI_P107",25
"47465",50519.136028603,"NRI_P107",50
"47466",32760.994898603,"NRI_P107",100
"47467",-8914.009551397,"NRI_P107",25
"47468",5017.63936860301,"NRI_P107",50
"47469",8220.87369860301,"NRI_P107",100
"47470",8945.27709860302,"NRI_P107",25
"47471",1465.75014860299,"NRI_P107",50
"47472",58522.026108603,"NRI_P107",100
"47473",6869.10878860299,"NRI_P107",25
"47474",28773.920868603,"NRI_P107",50
"47475",47161.823948603,"NRI_P107",100
"47476",12304.268278603,"NRI_P107",25
"47477",22556.904768603,"NRI_P107",50
"47478",13944.488608603,"NRI_P107",100
"47479",14861.505538603,"NRI_P107",25
"47480",9462.97393860301,"NRI_P107",50
"47481",52772.237358603,"NRI_P107",100
"47482",15735.020368603,"NRI_P107",25
"47483",18317.815338603,"NRI_P107",50
"47484",15306.814988603,"NRI_P107",100
"47485",17294.045318603,"NRI_P107",25
"47486",3705.82579860301,"NRI_P107",50
"47487",43102.163328603,"NRI_P107",100
"47488",36491.788198603,"NRI_P107",25
"47489",30584.094798603,"NRI_P107",50
"47490",27898.118398603,"NRI_P107",100
"47491",12687.199708603,"NRI_P107",25
"47492",22547.518938603,"NRI_P107",50
"47493",71588.224128603,"NRI_P107",100
"47494",-5455.49230139703,"NRI_P107",25
"47495",38863.089648603,"NRI_P107",50
"47496",508.324838602974,"NRI_P107",100
"47497",16390.791368603,"NRI_P107",25
"47498",-7976.230931397,"NRI_P107",50
"47499",-23142.275891397,"NRI_P107",100
"47500",-9942.89392139699,"NRI_P107",25
"47501",9664.601298603,"NRI_P107",50
"47502",63523.888658603,"NRI_P107",100
"47503",1454.08582860301,"NRI_P107",25
"47504",-5667.90225139703,"NRI_P107",50
"47505",10707.570948603,"NRI_P107",100
"47506",-1125.176961397,"NRI_P107",25
"47507",37258.886748603,"NRI_P107",50
"47508",61490.473328603,"NRI_P107",100
"47509",-387.297881397011,"NRI_P107",25
"47510",35281.830308603,"NRI_P107",50
"47511",32076.286808603,"NRI_P107",100
"47512",9689.29376860301,"NRI_P107",25
"47513",16130.539918603,"NRI_P107",50
"47514",31690.329968603,"NRI_P107",100
"47515",25950.796208603,"NRI_P107",25
"47516",48064.781548603,"NRI_P107",50
"47517",43082.391338603,"NRI_P107",100
"47518",12386.807418603,"NRI_P107",25
"47519",45059.067278603,"NRI_P107",50
"47520",26818.666628603,"NRI_P107",100
"47521",-6035.57327139698,"NRI_P107",25
"47522",27312.369638603,"NRI_P107",50
"47523",33741.176438603,"NRI_P107",100
"47524",15575.767608603,"NRI_P107",25
"47525",-1774.42267139698,"NRI_P107",50
"47526",100290.005938603,"NRI_P107",100
"47527",-108.691761397,"NRI_P107",25
"47528",30614.648018603,"NRI_P107",50
"47529",12482.706808603,"NRI_P107",100
"47530",14805.519898603,"NRI_P107",25
"47531",12685.969748603,"NRI_P107",50
"47532",13845.164608603,"NRI_P107",100
"47533",1816.24419860297,"NRI_P107",25
"47534",26199.433288603,"NRI_P107",50
"47535",35775.188068603,"NRI_P107",100
"47536",-2486.35910139699,"NRI_P107",25
"47537",29564.342708603,"NRI_P107",50
"47538",28549.434198603,"NRI_P107",100
"47539",-1276.83452139702,"NRI_P107",25
"47540",31705.138488603,"NRI_P107",50
"47541",11193.715388603,"NRI_P107",100
"47542",-7219.74893139699,"NRI_P107",25
"47543",7263.10025860299,"NRI_P107",50
"47544",-2899.247351397,"NRI_P107",100
"47545",-15042.561871397,"NRI_P107",25
"47546",18294.021278603,"NRI_P107",50
"47547",24540.793088603,"NRI_P107",100
"47548",-5120.22420139698,"NRI_P107",25
"47549",24862.175658603,"NRI_P107",50
"47550",77431.092948603,"NRI_P107",100
"47551",8336.701248603,"NRI_P107",25
"47552",13923.152128603,"NRI_P107",50
"47553",48389.343958603,"NRI_P107",100
"47554",20428.658668603,"NRI_P107",25
"47555",1842.33065860299,"NRI_P107",50
"47556",100920.266498603,"NRI_P107",100
"47557",-2559.770001397,"NRI_P107",25
"47558",-13180.124121397,"NRI_P107",50
"47559",24136.542788603,"NRI_P107",100
"47560",-11011.152471397,"NRI_P107",25
"47561",39948.901618603,"NRI_P107",50
"47562",67362.999528603,"NRI_P107",100
"47563",-7055.23739139701,"NRI_P107",25
"47564",5774.48802860302,"NRI_P107",50
"47565",58296.051248603,"NRI_P107",100
"47566",15936.934718603,"NRI_P107",25
"47567",5281.68237860303,"NRI_P107",50
"47568",101621.017058603,"NRI_P107",100
"47569",-954.247371396981,"NRI_P107",25
"47570",6932.45931860298,"NRI_P107",50
"47571",71608.110048603,"NRI_P107",100
"47572",3754.71742860298,"NRI_P107",25
"47573",8571.24201860302,"NRI_P107",50
"47574",44483.076958603,"NRI_P107",100
"47575",5044.40874860302,"NRI_P107",25
"47576",4674.13432860299,"NRI_P107",50
"47577",43751.318678603,"NRI_P107",100
"47578",11155.771208603,"NRI_P107",25
"47579",15088.652308603,"NRI_P107",50
"47580",-1280.21462139703,"NRI_P107",100
"47581",-1382.50813139701,"NRI_P107",25
"47582",71196.752588603,"NRI_P107",50
"47583",41034.178968603,"NRI_P107",100
"47584",383.913658602978,"NRI_P107",25
"47585",48709.065788603,"NRI_P107",50
"47586",1283.75814860302,"NRI_P107",100
"47587",-18951.849891397,"NRI_P107",25
"47588",29327.859598603,"NRI_P107",50
"47589",17679.876598603,"NRI_P107",100
"47590",4519.42870860302,"NRI_P107",25
"47591",34602.526598603,"NRI_P107",50
"47592",40406.756198603,"NRI_P107",100
"47593",9271.46895860299,"NRI_P107",25
"47594",-599.219951396983,"NRI_P107",50
"47595",26689.785368603,"NRI_P107",100
"47596",1205.670648603,"NRI_P107",25
"47597",6105.30293860298,"NRI_P107",50
"47598",48330.555288603,"NRI_P107",100
"47599",7641.734088603,"NRI_P107",25
"47600",-15405.158321397,"NRI_P107",50
"47601",28400.146828603,"NRI_P107",100
"47602",24790.054708603,"NRI_P107",25
"47603",18071.799198603,"NRI_P107",50
"47604",34392.598918603,"NRI_P107",100
"47605",10979.889468603,"NRI_P107",25
"47606",7091.29376860301,"NRI_P107",50
"47607",52632.713668603,"NRI_P107",100
"47608",16959.154988603,"NRI_P107",25
"47609",8790.12754860299,"NRI_P107",50
"47610",22850.945118603,"NRI_P107",100
"47611",5743.807428603,"NRI_P107",25
"47612",-1684.40649139701,"NRI_P107",50
"47613",18925.808108603,"NRI_P107",100
"47614",17344.867948603,"NRI_P107",25
"47615",33434.323288603,"NRI_P107",50
"47616",43059.328368603,"NRI_P107",100
"47617",23050.306528603,"NRI_P107",25
"47618",17751.724178603,"NRI_P107",50
"47619",5189.31487860298,"NRI_P107",100
"47620",11468.124118603,"NRI_P107",25
"47621",-3312.92209139699,"NRI_P107",50
"47622",48826.092298603,"NRI_P107",100
"47623",5772.85572860303,"NRI_P107",25
"47624",31118.684918603,"NRI_P107",50
"47625",867.539268603025,"NRI_P107",100
"47626",-1129.631011397,"NRI_P107",25
"47627",19574.272938603,"NRI_P107",50
"47628",75927.932588603,"NRI_P107",100
"47629",27451.350618603,"NRI_P107",25
"47630",760.266608603008,"NRI_P107",50
"47631",25590.328638603,"NRI_P107",100
"47632",18378.173698603,"NRI_P107",25
"47633",25894.083268603,"NRI_P107",50
"47634",12269.594608603,"NRI_P107",100
"47635",13858.989538603,"NRI_P107",25
"47636",18651.623528603,"NRI_P107",50
"47637",42079.479368603,"NRI_P107",100
"47638",26209.654568603,"NRI_P107",25
"47639",-12257.644211397,"NRI_P107",50
"47640",45513.438348603,"NRI_P107",100
"47641",7227.57390860299,"NRI_P107",25
"47642",37736.096038603,"NRI_P107",50
"47643",65457.961018603,"NRI_P107",100
"47644",7152.14626860298,"NRI_P107",25
"47645",27542.407208603,"NRI_P107",50
"47646",33664.282078603,"NRI_P107",100
"47647",15767.709218603,"NRI_P107",25
"47648",37737.486718603,"NRI_P107",50
"47649",43750.747868603,"NRI_P107",100
"47650",14309.347838603,"NRI_P107",25
"47651",14199.494128603,"NRI_P107",50
"47652",32335.492578603,"NRI_P107",100
"47653",28577.989908603,"NRI_P107",25
"47654",6882.94740860298,"NRI_P107",50
"47655",10419.714738603,"NRI_P107",100
"47656",32603.851688603,"NRI_P107",25
"47657",12391.214478603,"NRI_P107",50
"47658",22238.316838603,"NRI_P107",100
"47659",13827.093558603,"NRI_P107",25
"47660",7540.03700860299,"NRI_P107",50
"47661",18491.206488603,"NRI_P107",100
"47662",4077.53450860298,"NRI_P107",25
"47663",27130.962308603,"NRI_P107",50
"47664",23684.734418603,"NRI_P107",100
"47665",-8985.79753139702,"NRI_P107",25
"47666",4901.63789860299,"NRI_P107",50
"47667",56124.592648603,"NRI_P107",100
"47668",3507.62331860303,"NRI_P107",25
"47669",9591.54062860302,"NRI_P107",50
"47670",16142.414998603,"NRI_P107",100
"47671",372.650648602983,"NRI_P107",25
"47672",27378.473518603,"NRI_P107",50
"47673",37332.501388603,"NRI_P107",100
"47674",37852.412048603,"NRI_P107",25
"47675",28951.657178603,"NRI_P107",50
"47676",47378.041178603,"NRI_P107",100
"47677",705.333518603002,"NRI_P107",25
"47678",9614.153708603,"NRI_P107",50
"47679",3833.72064860299,"NRI_P107",100
"47680",9009.979188603,"NRI_P107",25
"47681",21451.494418603,"NRI_P107",50
"47682",47290.271108603,"NRI_P107",100
"47683",10938.857358603,"NRI_P107",25
"47684",-7138.452761397,"NRI_P107",50
"47685",24158.704488603,"NRI_P107",100
"47686",-4148.75516139698,"NRI_P107",25
"47687",10195.444908603,"NRI_P107",50
"47688",27399.048648603,"NRI_P107",100
"47689",-1772.64333139698,"NRI_P107",25
"47690",-3647.87033139699,"NRI_P107",50
"47691",26667.987928603,"NRI_P107",100
"47692",21231.052048603,"NRI_P107",25
"47693",-26007.880011397,"NRI_P107",50
"47694",20361.475418603,"NRI_P107",100
"47695",4042.29842860298,"NRI_P107",25
"47696",22880.065348603,"NRI_P107",50
"47697",34298.808448603,"NRI_P107",100
"47698",37765.371918603,"NRI_P107",25
"47699",42599.606858603,"NRI_P107",50
"47700",32934.675868603,"NRI_P107",100
"47701",34663.729844772,"NRI_P108",25
"47702",-11159.254855228,"NRI_P108",50
"47703",57380.609004772,"NRI_P108",100
"47704",18020.037864772,"NRI_P108",25
"47705",13356.711564772,"NRI_P108",50
"47706",33125.888604772,"NRI_P108",100
"47707",16268.139434772,"NRI_P108",25
"47708",59366.445224772,"NRI_P108",50
"47709",124497.341184772,"NRI_P108",100
"47710",9007.07219477202,"NRI_P108",25
"47711",8523.07658477197,"NRI_P108",50
"47712",105992.685614772,"NRI_P108",100
"47713",15780.086964772,"NRI_P108",25
"47714",28019.753994772,"NRI_P108",50
"47715",27189.511584772,"NRI_P108",100
"47716",4716.215164772,"NRI_P108",25
"47717",66300.440384772,"NRI_P108",50
"47718",49599.258264772,"NRI_P108",100
"47719",-4618.96432522801,"NRI_P108",25
"47720",75457.187984772,"NRI_P108",50
"47721",147044.891404772,"NRI_P108",100
"47722",34257.899824772,"NRI_P108",25
"47723",4811.770684772,"NRI_P108",50
"47724",42343.685864772,"NRI_P108",100
"47725",1023.00230477197,"NRI_P108",25
"47726",84985.263814772,"NRI_P108",50
"47727",65654.021464772,"NRI_P108",100
"47728",4512.05739477201,"NRI_P108",25
"47729",61576.638834772,"NRI_P108",50
"47730",77496.036434772,"NRI_P108",100
"47731",14674.853134772,"NRI_P108",25
"47732",57596.661344772,"NRI_P108",50
"47733",98943.578704772,"NRI_P108",100
"47734",19100.859384772,"NRI_P108",25
"47735",48172.695274772,"NRI_P108",50
"47736",57315.719204772,"NRI_P108",100
"47737",19716.950394772,"NRI_P108",25
"47738",21562.023844772,"NRI_P108",50
"47739",37224.284634772,"NRI_P108",100
"47740",4663.72659477202,"NRI_P108",25
"47741",15679.475244772,"NRI_P108",50
"47742",76475.595364772,"NRI_P108",100
"47743",12510.937324772,"NRI_P108",25
"47744",28486.597514772,"NRI_P108",50
"47745",79466.674724772,"NRI_P108",100
"47746",3837.23865477199,"NRI_P108",25
"47747",53467.579264772,"NRI_P108",50
"47748",83780.377824772,"NRI_P108",100
"47749",12115.460224772,"NRI_P108",25
"47750",74625.755734772,"NRI_P108",50
"47751",72261.903884772,"NRI_P108",100
"47752",3305.235804772,"NRI_P108",25
"47753",32032.639324772,"NRI_P108",50
"47754",8838.49470477196,"NRI_P108",100
"47755",10777.336194772,"NRI_P108",25
"47756",-8203.52567522804,"NRI_P108",50
"47757",113974.631514772,"NRI_P108",100
"47758",-602.801615228003,"NRI_P108",25
"47759",30051.123224772,"NRI_P108",50
"47760",48797.119574772,"NRI_P108",100
"47761",7723.74846477201,"NRI_P108",25
"47762",32465.169294772,"NRI_P108",50
"47763",45347.938834772,"NRI_P108",100
"47764",696.821124771959,"NRI_P108",25
"47765",10232.915364772,"NRI_P108",50
"47766",180572.090504772,"NRI_P108",100
"47767",27125.952554772,"NRI_P108",25
"47768",7455.57537477202,"NRI_P108",50
"47769",57525.521074772,"NRI_P108",100
"47770",15012.296634772,"NRI_P108",25
"47771",-10083.598975228,"NRI_P108",50
"47772",46991.909454772,"NRI_P108",100
"47773",18317.803084772,"NRI_P108",25
"47774",32261.582454772,"NRI_P108",50
"47775",95772.324854772,"NRI_P108",100
"47776",22416.391924772,"NRI_P108",25
"47777",14240.599334772,"NRI_P108",50
"47778",67609.222084772,"NRI_P108",100
"47779",906.295414772001,"NRI_P108",25
"47780",-7218.28906522802,"NRI_P108",50
"47781",35398.213794772,"NRI_P108",100
"47782",-7231.06048522802,"NRI_P108",25
"47783",19053.340634772,"NRI_P108",50
"47784",29169.813624772,"NRI_P108",100
"47785",4929.56509477197,"NRI_P108",25
"47786",11185.020354772,"NRI_P108",50
"47787",29310.913514772,"NRI_P108",100
"47788",78637.080044772,"NRI_P108",25
"47789",8788.08080477198,"NRI_P108",50
"47790",51873.417874772,"NRI_P108",100
"47791",-6957.72296522802,"NRI_P108",25
"47792",21620.332904772,"NRI_P108",50
"47793",76357.500264772,"NRI_P108",100
"47794",57069.189504772,"NRI_P108",25
"47795",16014.768784772,"NRI_P108",50
"47796",49182.214144772,"NRI_P108",100
"47797",68667.631384772,"NRI_P108",25
"47798",51072.781854772,"NRI_P108",50
"47799",97358.013704772,"NRI_P108",100
"47800",53715.190714772,"NRI_P108",25
"47801",7333.83496477199,"NRI_P108",50
"47802",102879.361364772,"NRI_P108",100
"47803",2989.42222477199,"NRI_P108",25
"47804",60919.210474772,"NRI_P108",50
"47805",57462.680734772,"NRI_P108",100
"47806",9366.14361477201,"NRI_P108",25
"47807",64579.362274772,"NRI_P108",50
"47808",35532.263224772,"NRI_P108",100
"47809",59509.108014772,"NRI_P108",25
"47810",31415.040834772,"NRI_P108",50
"47811",19374.585694772,"NRI_P108",100
"47812",10056.637024772,"NRI_P108",25
"47813",25986.016604772,"NRI_P108",50
"47814",97134.375614772,"NRI_P108",100
"47815",21541.502224772,"NRI_P108",25
"47816",-10065.734055228,"NRI_P108",50
"47817",117803.651324772,"NRI_P108",100
"47818",-421.835655228002,"NRI_P108",25
"47819",17637.794824772,"NRI_P108",50
"47820",94005.478004772,"NRI_P108",100
"47821",-7639.96184522804,"NRI_P108",25
"47822",27045.714954772,"NRI_P108",50
"47823",95770.483504772,"NRI_P108",100
"47824",14105.399314772,"NRI_P108",25
"47825",17751.561964772,"NRI_P108",50
"47826",43525.253244772,"NRI_P108",100
"47827",11700.808404772,"NRI_P108",25
"47828",25662.427024772,"NRI_P108",50
"47829",47354.955794772,"NRI_P108",100
"47830",10119.438514772,"NRI_P108",25
"47831",22674.963674772,"NRI_P108",50
"47832",57550.742744772,"NRI_P108",100
"47833",16401.855184772,"NRI_P108",25
"47834",14741.779144772,"NRI_P108",50
"47835",77910.006354772,"NRI_P108",100
"47836",-12020.501705228,"NRI_P108",25
"47837",32663.618584772,"NRI_P108",50
"47838",111897.166564772,"NRI_P108",100
"47839",12664.612784772,"NRI_P108",25
"47840",75737.567764772,"NRI_P108",50
"47841",103717.322714772,"NRI_P108",100
"47842",9492.62911477196,"NRI_P108",25
"47843",1945.77835477202,"NRI_P108",50
"47844",73912.100324772,"NRI_P108",100
"47845",30048.953234772,"NRI_P108",25
"47846",57168.947354772,"NRI_P108",50
"47847",54848.103784772,"NRI_P108",100
"47848",15903.850344772,"NRI_P108",25
"47849",33453.967184772,"NRI_P108",50
"47850",80032.919674772,"NRI_P108",100
"47851",1086.86403477198,"NRI_P108",25
"47852",-4204.23348522803,"NRI_P108",50
"47853",20187.820864772,"NRI_P108",100
"47854",3003.62820477202,"NRI_P108",25
"47855",37562.305594772,"NRI_P108",50
"47856",117436.597284772,"NRI_P108",100
"47857",16045.517234772,"NRI_P108",25
"47858",28657.358494772,"NRI_P108",50
"47859",16591.862364772,"NRI_P108",100
"47860",25007.280794772,"NRI_P108",25
"47861",17423.331474772,"NRI_P108",50
"47862",25455.003484772,"NRI_P108",100
"47863",27390.853454772,"NRI_P108",25
"47864",2525.97064477199,"NRI_P108",50
"47865",19264.401154772,"NRI_P108",100
"47866",15410.002794772,"NRI_P108",25
"47867",37179.605644772,"NRI_P108",50
"47868",46383.605924772,"NRI_P108",100
"47869",8504.91560477199,"NRI_P108",25
"47870",22186.254864772,"NRI_P108",50
"47871",18956.431474772,"NRI_P108",100
"47872",17336.015674772,"NRI_P108",25
"47873",3018.26699477201,"NRI_P108",50
"47874",28539.666374772,"NRI_P108",100
"47875",3646.992354772,"NRI_P108",25
"47876",13579.899874772,"NRI_P108",50
"47877",117916.057094772,"NRI_P108",100
"47878",-2715.69654522801,"NRI_P108",25
"47879",8814.32084477198,"NRI_P108",50
"47880",44584.394784772,"NRI_P108",100
"47881",6034.99971477198,"NRI_P108",25
"47882",9788.054174772,"NRI_P108",50
"47883",79496.690224772,"NRI_P108",100
"47884",-4784.55583522801,"NRI_P108",25
"47885",-1208.96197522804,"NRI_P108",50
"47886",54451.350594772,"NRI_P108",100
"47887",-159.532795228006,"NRI_P108",25
"47888",68902.372164772,"NRI_P108",50
"47889",71165.492654772,"NRI_P108",100
"47890",6487.13258477201,"NRI_P108",25
"47891",88293.311464772,"NRI_P108",50
"47892",60561.109194772,"NRI_P108",100
"47893",34301.014254772,"NRI_P108",25
"47894",24175.850484772,"NRI_P108",50
"47895",55625.790424772,"NRI_P108",100
"47896",1683.93395477202,"NRI_P108",25
"47897",40202.275094772,"NRI_P108",50
"47898",116753.238384772,"NRI_P108",100
"47899",-2271.241645228,"NRI_P108",25
"47900",13484.665454772,"NRI_P108",50
"47901",42437.114834772,"NRI_P108",100
"47902",8977.21591477201,"NRI_P108",25
"47903",33126.542644772,"NRI_P108",50
"47904",67291.691904772,"NRI_P108",100
"47905",52740.127784772,"NRI_P108",25
"47906",40876.765094772,"NRI_P108",50
"47907",31329.315864772,"NRI_P108",100
"47908",29360.374814772,"NRI_P108",25
"47909",16807.517514772,"NRI_P108",50
"47910",78058.860434772,"NRI_P108",100
"47911",58445.204124772,"NRI_P108",25
"47912",72791.137034772,"NRI_P108",50
"47913",125877.755704772,"NRI_P108",100
"47914",1346.97493477201,"NRI_P108",25
"47915",13284.760924772,"NRI_P108",50
"47916",34748.306394772,"NRI_P108",100
"47917",-4717.25865522801,"NRI_P108",25
"47918",13812.178784772,"NRI_P108",50
"47919",57233.984424772,"NRI_P108",100
"47920",15072.899934772,"NRI_P108",25
"47921",15295.360074772,"NRI_P108",50
"47922",59859.102654772,"NRI_P108",100
"47923",69671.910954772,"NRI_P108",25
"47924",45997.299154772,"NRI_P108",50
"47925",36595.061684772,"NRI_P108",100
"47926",4929.52307477198,"NRI_P108",25
"47927",31193.255434772,"NRI_P108",50
"47928",16500.270674772,"NRI_P108",100
"47929",4865.35186477198,"NRI_P108",25
"47930",15449.149744772,"NRI_P108",50
"47931",20937.250124772,"NRI_P108",100
"47932",63937.829224772,"NRI_P108",25
"47933",78931.836914772,"NRI_P108",50
"47934",67208.331704772,"NRI_P108",100
"47935",23908.232164772,"NRI_P108",25
"47936",72019.448584772,"NRI_P108",50
"47937",46357.542894772,"NRI_P108",100
"47938",-1607.80671522801,"NRI_P108",25
"47939",9280.11883477197,"NRI_P108",50
"47940",125011.945244772,"NRI_P108",100
"47941",14050.902914772,"NRI_P108",25
"47942",25813.938114772,"NRI_P108",50
"47943",86637.613344772,"NRI_P108",100
"47944",15874.223024772,"NRI_P108",25
"47945",36349.295384772,"NRI_P108",50
"47946",113557.310424772,"NRI_P108",100
"47947",40343.017014772,"NRI_P108",25
"47948",46538.311204772,"NRI_P108",50
"47949",48195.221924772,"NRI_P108",100
"47950",12403.941104772,"NRI_P108",25
"47951",23138.203684772,"NRI_P108",50
"47952",43848.374964772,"NRI_P108",100
"47953",1460.15549477201,"NRI_P108",25
"47954",38099.329784772,"NRI_P108",50
"47955",6089.506604772,"NRI_P108",100
"47956",10589.039214772,"NRI_P108",25
"47957",65417.388234772,"NRI_P108",50
"47958",58122.014134772,"NRI_P108",100
"47959",11678.869094772,"NRI_P108",25
"47960",28582.522414772,"NRI_P108",50
"47961",65499.699674772,"NRI_P108",100
"47962",14222.029354772,"NRI_P108",25
"47963",14838.977084772,"NRI_P108",50
"47964",96686.200664772,"NRI_P108",100
"47965",10905.991614772,"NRI_P108",25
"47966",30765.051414772,"NRI_P108",50
"47967",59096.367264772,"NRI_P108",100
"47968",7125.240864772,"NRI_P108",25
"47969",-5176.40920522803,"NRI_P108",50
"47970",36645.940584772,"NRI_P108",100
"47971",7862.76990477199,"NRI_P108",25
"47972",51798.777404772,"NRI_P108",50
"47973",29080.701344772,"NRI_P108",100
"47974",24057.896514772,"NRI_P108",25
"47975",16395.765554772,"NRI_P108",50
"47976",50797.152724772,"NRI_P108",100
"47977",9260.13399477198,"NRI_P108",25
"47978",44874.378794772,"NRI_P108",50
"47979",34217.278454772,"NRI_P108",100
"47980",61087.647414772,"NRI_P108",25
"47981",25471.623514772,"NRI_P108",50
"47982",90552.313814772,"NRI_P108",100
"47983",6059.91278477199,"NRI_P108",25
"47984",30363.297964772,"NRI_P108",50
"47985",42601.772734772,"NRI_P108",100
"47986",52533.091234772,"NRI_P108",25
"47987",94613.699054772,"NRI_P108",50
"47988",75636.094934772,"NRI_P108",100
"47989",15975.954944772,"NRI_P108",25
"47990",10720.813184772,"NRI_P108",50
"47991",153634.406354772,"NRI_P108",100
"47992",12385.857424772,"NRI_P108",25
"47993",164060.148824772,"NRI_P108",50
"47994",996.915854771971,"NRI_P108",100
"47995",41434.489834772,"NRI_P108",25
"47996",28353.068804772,"NRI_P108",50
"47997",133985.403634772,"NRI_P108",100
"47998",654.599724771979,"NRI_P108",25
"47999",28217.343484772,"NRI_P108",50
"48000",79583.571074772,"NRI_P108",100
"48001",4180.07069453102,"NRI_P109",25
"48002",28567.036814531,"NRI_P109",50
"48003",56740.787254531,"NRI_P109",100
"48004",10051.840704531,"NRI_P109",25
"48005",56477.304364531,"NRI_P109",50
"48006",70559.675174531,"NRI_P109",100
"48007",4888.94306453102,"NRI_P109",25
"48008",90777.450734531,"NRI_P109",50
"48009",81492.066174531,"NRI_P109",100
"48010",10815.852424531,"NRI_P109",25
"48011",32442.171494531,"NRI_P109",50
"48012",62780.870294531,"NRI_P109",100
"48013",4887.49344453099,"NRI_P109",25
"48014",8526.90963453101,"NRI_P109",50
"48015",82709.917484531,"NRI_P109",100
"48016",-2282.47840546898,"NRI_P109",25
"48017",67236.159414531,"NRI_P109",50
"48018",55629.919784531,"NRI_P109",100
"48019",25077.137804531,"NRI_P109",25
"48020",45194.659504531,"NRI_P109",50
"48021",15793.321524531,"NRI_P109",100
"48022",10589.163804531,"NRI_P109",25
"48023",42803.973874531,"NRI_P109",50
"48024",44882.596084531,"NRI_P109",100
"48025",9861.17889453104,"NRI_P109",25
"48026",1040.927734531,"NRI_P109",50
"48027",90024.790094531,"NRI_P109",100
"48028",-2119.60178546899,"NRI_P109",25
"48029",62303.389214531,"NRI_P109",50
"48030",47053.403384531,"NRI_P109",100
"48031",-3352.07553546899,"NRI_P109",25
"48032",25730.751224531,"NRI_P109",50
"48033",98149.330304531,"NRI_P109",100
"48034",-1913.80625546898,"NRI_P109",25
"48035",18592.092374531,"NRI_P109",50
"48036",98012.899574531,"NRI_P109",100
"48037",3883.88676453102,"NRI_P109",25
"48038",80462.163284531,"NRI_P109",50
"48039",35566.453404531,"NRI_P109",100
"48040",8380.61249453103,"NRI_P109",25
"48041",24466.460404531,"NRI_P109",50
"48042",35640.140574531,"NRI_P109",100
"48043",20379.687394531,"NRI_P109",25
"48044",115609.657144531,"NRI_P109",50
"48045",35382.390414531,"NRI_P109",100
"48046",-9962.84045546898,"NRI_P109",25
"48047",38873.242664531,"NRI_P109",50
"48048",47597.468044531,"NRI_P109",100
"48049",1169.20158453099,"NRI_P109",25
"48050",32968.341504531,"NRI_P109",50
"48051",105428.284534531,"NRI_P109",100
"48052",14100.459784531,"NRI_P109",25
"48053",32004.971944531,"NRI_P109",50
"48054",83731.426564531,"NRI_P109",100
"48055",23285.688194531,"NRI_P109",25
"48056",25312.240434531,"NRI_P109",50
"48057",51107.041944531,"NRI_P109",100
"48058",-1410.868085469,"NRI_P109",25
"48059",34626.798184531,"NRI_P109",50
"48060",98469.602384531,"NRI_P109",100
"48061",28673.869574531,"NRI_P109",25
"48062",6954.74285453104,"NRI_P109",50
"48063",66742.507664531,"NRI_P109",100
"48064",18437.651854531,"NRI_P109",25
"48065",15082.062564531,"NRI_P109",50
"48066",97334.006334531,"NRI_P109",100
"48067",-15075.518145469,"NRI_P109",25
"48068",23349.614044531,"NRI_P109",50
"48069",17930.133184531,"NRI_P109",100
"48070",12431.857084531,"NRI_P109",25
"48071",78402.715684531,"NRI_P109",50
"48072",65440.711504531,"NRI_P109",100
"48073",37955.195994531,"NRI_P109",25
"48074",37988.788734531,"NRI_P109",50
"48075",44473.645534531,"NRI_P109",100
"48076",16122.930944531,"NRI_P109",25
"48077",21905.650194531,"NRI_P109",50
"48078",86444.054724531,"NRI_P109",100
"48079",171.177844531019,"NRI_P109",25
"48080",24313.300694531,"NRI_P109",50
"48081",92401.748934531,"NRI_P109",100
"48082",40573.346064531,"NRI_P109",25
"48083",19877.090174531,"NRI_P109",50
"48084",40294.215184531,"NRI_P109",100
"48085",-4137.48719546897,"NRI_P109",25
"48086",-226.982335468987,"NRI_P109",50
"48087",30472.017794531,"NRI_P109",100
"48088",20977.323764531,"NRI_P109",25
"48089",32682.435944531,"NRI_P109",50
"48090",16516.789824531,"NRI_P109",100
"48091",5566.33519453101,"NRI_P109",25
"48092",42336.166784531,"NRI_P109",50
"48093",59529.875734531,"NRI_P109",100
"48094",30785.205994531,"NRI_P109",25
"48095",41220.118414531,"NRI_P109",50
"48096",48209.918854531,"NRI_P109",100
"48097",2794.99953453103,"NRI_P109",25
"48098",6598.546374531,"NRI_P109",50
"48099",42869.449994531,"NRI_P109",100
"48100",14773.437354531,"NRI_P109",25
"48101",42048.958224531,"NRI_P109",50
"48102",19678.318104531,"NRI_P109",100
"48103",-2708.19251546898,"NRI_P109",25
"48104",58604.905944531,"NRI_P109",50
"48105",49052.293494531,"NRI_P109",100
"48106",38080.018374531,"NRI_P109",25
"48107",34405.523414531,"NRI_P109",50
"48108",23694.173144531,"NRI_P109",100
"48109",16668.129904531,"NRI_P109",25
"48110",27712.993844531,"NRI_P109",50
"48111",29410.288664531,"NRI_P109",100
"48112",23277.068444531,"NRI_P109",25
"48113",7958.82426453102,"NRI_P109",50
"48114",48125.731444531,"NRI_P109",100
"48115",7886.32438453101,"NRI_P109",25
"48116",36617.201154531,"NRI_P109",50
"48117",18842.342834531,"NRI_P109",100
"48118",-3773.99075546901,"NRI_P109",25
"48119",14299.864764531,"NRI_P109",50
"48120",52636.157684531,"NRI_P109",100
"48121",-7178.89109546901,"NRI_P109",25
"48122",15352.046124531,"NRI_P109",50
"48123",78857.486154531,"NRI_P109",100
"48124",24031.607464531,"NRI_P109",25
"48125",41047.161584531,"NRI_P109",50
"48126",54505.748264531,"NRI_P109",100
"48127",25376.771844531,"NRI_P109",25
"48128",25969.683394531,"NRI_P109",50
"48129",4005.98101453099,"NRI_P109",100
"48130",25799.049444531,"NRI_P109",25
"48131",1665.40907453099,"NRI_P109",50
"48132",23853.920394531,"NRI_P109",100
"48133",11599.159924531,"NRI_P109",25
"48134",11372.794654531,"NRI_P109",50
"48135",21600.195104531,"NRI_P109",100
"48136",-15464.584535469,"NRI_P109",25
"48137",3007.81483453099,"NRI_P109",50
"48138",46151.797104531,"NRI_P109",100
"48139",-10891.482645469,"NRI_P109",25
"48140",18393.340234531,"NRI_P109",50
"48141",52838.957314531,"NRI_P109",100
"48142",-19274.342915469,"NRI_P109",25
"48143",26955.284204531,"NRI_P109",50
"48144",34057.547194531,"NRI_P109",100
"48145",22211.039444531,"NRI_P109",25
"48146",22067.871294531,"NRI_P109",50
"48147",42165.203834531,"NRI_P109",100
"48148",7977.71301453101,"NRI_P109",25
"48149",49511.423914531,"NRI_P109",50
"48150",104269.930224531,"NRI_P109",100
"48151",-10422.491265469,"NRI_P109",25
"48152",46532.734874531,"NRI_P109",50
"48153",44652.452294531,"NRI_P109",100
"48154",-9535.92031546897,"NRI_P109",25
"48155",30032.368174531,"NRI_P109",50
"48156",42883.259994531,"NRI_P109",100
"48157",4181.38953453099,"NRI_P109",25
"48158",14932.003114531,"NRI_P109",50
"48159",78182.365514531,"NRI_P109",100
"48160",-12699.494565469,"NRI_P109",25
"48161",12622.827164531,"NRI_P109",50
"48162",72888.502344531,"NRI_P109",100
"48163",16708.846254531,"NRI_P109",25
"48164",60280.201834531,"NRI_P109",50
"48165",52416.246464531,"NRI_P109",100
"48166",29255.101404531,"NRI_P109",25
"48167",37003.720894531,"NRI_P109",50
"48168",43281.082084531,"NRI_P109",100
"48169",20803.293114531,"NRI_P109",25
"48170",1687.39099453099,"NRI_P109",50
"48171",100422.666214531,"NRI_P109",100
"48172",20884.460844531,"NRI_P109",25
"48173",43162.145134531,"NRI_P109",50
"48174",110822.150854531,"NRI_P109",100
"48175",29376.650704531,"NRI_P109",25
"48176",3083.10993453104,"NRI_P109",50
"48177",61858.550714531,"NRI_P109",100
"48178",8670.76341453101,"NRI_P109",25
"48179",-111.590375469008,"NRI_P109",50
"48180",88302.532354531,"NRI_P109",100
"48181",6721.434034531,"NRI_P109",25
"48182",16190.728444531,"NRI_P109",50
"48183",58673.909334531,"NRI_P109",100
"48184",18665.588174531,"NRI_P109",25
"48185",25477.009194531,"NRI_P109",50
"48186",55747.124524531,"NRI_P109",100
"48187",12579.107634531,"NRI_P109",25
"48188",11968.510834531,"NRI_P109",50
"48189",85107.561044531,"NRI_P109",100
"48190",985.529664531001,"NRI_P109",25
"48191",-23298.345075469,"NRI_P109",50
"48192",96107.440664531,"NRI_P109",100
"48193",3044.29879453103,"NRI_P109",25
"48194",17321.044044531,"NRI_P109",50
"48195",61308.454824531,"NRI_P109",100
"48196",6708.69953453104,"NRI_P109",25
"48197",37070.852774531,"NRI_P109",50
"48198",57531.849414531,"NRI_P109",100
"48199",10496.290394531,"NRI_P109",25
"48200",35994.982354531,"NRI_P109",50
"48201",20393.661064531,"NRI_P109",100
"48202",-1980.11109546898,"NRI_P109",25
"48203",24504.531604531,"NRI_P109",50
"48204",35615.828524531,"NRI_P109",100
"48205",44273.620354531,"NRI_P109",25
"48206",12674.582654531,"NRI_P109",50
"48207",48967.101914531,"NRI_P109",100
"48208",27238.865914531,"NRI_P109",25
"48209",30508.983054531,"NRI_P109",50
"48210",67162.492814531,"NRI_P109",100
"48211",2067.05319453101,"NRI_P109",25
"48212",61464.186524531,"NRI_P109",50
"48213",45122.451474531,"NRI_P109",100
"48214",14564.004984531,"NRI_P109",25
"48215",24208.165684531,"NRI_P109",50
"48216",30149.078794531,"NRI_P109",100
"48217",26278.479624531,"NRI_P109",25
"48218",53437.049764531,"NRI_P109",50
"48219",53429.166674531,"NRI_P109",100
"48220",10380.882174531,"NRI_P109",25
"48221",36381.136424531,"NRI_P109",50
"48222",17620.489214531,"NRI_P109",100
"48223",3782.38588453102,"NRI_P109",25
"48224",14115.928144531,"NRI_P109",50
"48225",46112.135404531,"NRI_P109",100
"48226",13041.300594531,"NRI_P109",25
"48227",-7374.97031546896,"NRI_P109",50
"48228",75729.943094531,"NRI_P109",100
"48229",-3324.12459546898,"NRI_P109",25
"48230",9566.849724531,"NRI_P109",50
"48231",96351.876734531,"NRI_P109",100
"48232",26117.736564531,"NRI_P109",25
"48233",84.3270445310045,"NRI_P109",50
"48234",25698.531584531,"NRI_P109",100
"48235",27331.315894531,"NRI_P109",25
"48236",10053.229344531,"NRI_P109",50
"48237",64185.561714531,"NRI_P109",100
"48238",21356.024264531,"NRI_P109",25
"48239",21019.534524531,"NRI_P109",50
"48240",87977.558494531,"NRI_P109",100
"48241",2517.12841453101,"NRI_P109",25
"48242",38196.851634531,"NRI_P109",50
"48243",75324.347974531,"NRI_P109",100
"48244",15209.534074531,"NRI_P109",25
"48245",23770.280434531,"NRI_P109",50
"48246",57934.915944531,"NRI_P109",100
"48247",4852.96206453099,"NRI_P109",25
"48248",75657.506874531,"NRI_P109",50
"48249",87906.519034531,"NRI_P109",100
"48250",6174.49285453104,"NRI_P109",25
"48251",13658.317194531,"NRI_P109",50
"48252",36938.192904531,"NRI_P109",100
"48253",33377.233704531,"NRI_P109",25
"48254",29134.080614531,"NRI_P109",50
"48255",-6021.16579546902,"NRI_P109",100
"48256",8418.23164453101,"NRI_P109",25
"48257",24784.603964531,"NRI_P109",50
"48258",54111.513604531,"NRI_P109",100
"48259",15762.675064531,"NRI_P109",25
"48260",27015.190964531,"NRI_P109",50
"48261",104836.082804531,"NRI_P109",100
"48262",-2138.77426546899,"NRI_P109",25
"48263",1289.86840453104,"NRI_P109",50
"48264",74155.520814531,"NRI_P109",100
"48265",11214.560744531,"NRI_P109",25
"48266",309.87030453101,"NRI_P109",50
"48267",68126.742744531,"NRI_P109",100
"48268",6398.32135453104,"NRI_P109",25
"48269",22207.664514531,"NRI_P109",50
"48270",28630.121764531,"NRI_P109",100
"48271",27146.837714531,"NRI_P109",25
"48272",40443.649924531,"NRI_P109",50
"48273",61546.735674531,"NRI_P109",100
"48274",8485.90030453104,"NRI_P109",25
"48275",53032.650604531,"NRI_P109",50
"48276",52543.231004531,"NRI_P109",100
"48277",557.780034531024,"NRI_P109",25
"48278",22564.337464531,"NRI_P109",50
"48279",62703.717404531,"NRI_P109",100
"48280",23397.997324531,"NRI_P109",25
"48281",12724.918754531,"NRI_P109",50
"48282",63753.819954531,"NRI_P109",100
"48283",11773.588124531,"NRI_P109",25
"48284",23632.355064531,"NRI_P109",50
"48285",38874.788764531,"NRI_P109",100
"48286",22926.520664531,"NRI_P109",25
"48287",36195.496484531,"NRI_P109",50
"48288",65757.363044531,"NRI_P109",100
"48289",6279.69700453099,"NRI_P109",25
"48290",30240.495684531,"NRI_P109",50
"48291",51322.255414531,"NRI_P109",100
"48292",32931.627754531,"NRI_P109",25
"48293",30515.821114531,"NRI_P109",50
"48294",68060.265484531,"NRI_P109",100
"48295",14145.377924531,"NRI_P109",25
"48296",15991.290654531,"NRI_P109",50
"48297",69285.717334531,"NRI_P109",100
"48298",21833.000544531,"NRI_P109",25
"48299",41045.217064531,"NRI_P109",50
"48300",47608.360514531,"NRI_P109",100
"48301",38944.17847694,"NRI_P110",25
"48302",8241.08684693999,"NRI_P110",50
"48303",30651.35938694,"NRI_P110",100
"48304",-9288.73704306001,"NRI_P110",25
"48305",-28771.72213306,"NRI_P110",50
"48306",10071.45445694,"NRI_P110",100
"48307",-20564.43185306,"NRI_P110",25
"48308",-54281.32399306,"NRI_P110",50
"48309",-471.419773060014,"NRI_P110",100
"48310",-19840.40467306,"NRI_P110",25
"48311",-37498.76716306,"NRI_P110",50
"48312",-52325.01833306,"NRI_P110",100
"48313",35777.35900694,"NRI_P110",25
"48314",-191.991163060011,"NRI_P110",50
"48315",9990.84685693996,"NRI_P110",100
"48316",74632.13146694,"NRI_P110",25
"48317",21987.49085694,"NRI_P110",50
"48318",-59123.33886306,"NRI_P110",100
"48319",8047.81839693995,"NRI_P110",25
"48320",18897.78312694,"NRI_P110",50
"48321",20851.26782694,"NRI_P110",100
"48322",-9388.38729306002,"NRI_P110",25
"48323",8258.77382693999,"NRI_P110",50
"48324",-1335.86777306005,"NRI_P110",100
"48325",38476.50503694,"NRI_P110",25
"48326",-24296.93552306,"NRI_P110",50
"48327",103693.72728694,"NRI_P110",100
"48328",11523.46174694,"NRI_P110",25
"48329",13230.86024694,"NRI_P110",50
"48330",53325.21838694,"NRI_P110",100
"48331",-7491.69816306001,"NRI_P110",25
"48332",-16075.45497306,"NRI_P110",50
"48333",-12230.32845306,"NRI_P110",100
"48334",5853.83437693998,"NRI_P110",25
"48335",-16241.95342306,"NRI_P110",50
"48336",-44176.32635306,"NRI_P110",100
"48337",11995.99890694,"NRI_P110",25
"48338",18442.95699694,"NRI_P110",50
"48339",63031.54077694,"NRI_P110",100
"48340",-43816.56166306,"NRI_P110",25
"48341",32396.36221694,"NRI_P110",50
"48342",-23150.13935306,"NRI_P110",100
"48343",-22630.58883306,"NRI_P110",25
"48344",50445.14975694,"NRI_P110",50
"48345",12981.89882694,"NRI_P110",100
"48346",19900.20856694,"NRI_P110",25
"48347",-47610.71000306,"NRI_P110",50
"48348",-4971.87557306001,"NRI_P110",100
"48349",-14770.99052306,"NRI_P110",25
"48350",33684.48375694,"NRI_P110",50
"48351",59230.90589694,"NRI_P110",100
"48352",12703.46940694,"NRI_P110",25
"48353",-37740.76499306,"NRI_P110",50
"48354",7456.63913694001,"NRI_P110",100
"48355",-9583.13533306,"NRI_P110",25
"48356",-28037.78805306,"NRI_P110",50
"48357",-42084.89271306,"NRI_P110",100
"48358",31476.10830694,"NRI_P110",25
"48359",-493.173573060019,"NRI_P110",50
"48360",3870.27892693999,"NRI_P110",100
"48361",-23511.66209306,"NRI_P110",25
"48362",54843.90363694,"NRI_P110",50
"48363",6840.41736694,"NRI_P110",100
"48364",-23304.30629306,"NRI_P110",25
"48365",63076.54205694,"NRI_P110",50
"48366",-52685.17676306,"NRI_P110",100
"48367",-28103.48997306,"NRI_P110",25
"48368",-737.418523060041,"NRI_P110",50
"48369",-60815.79025306,"NRI_P110",100
"48370",653.168446939962,"NRI_P110",25
"48371",-16475.99524306,"NRI_P110",50
"48372",-18845.25065306,"NRI_P110",100
"48373",-34295.93716306,"NRI_P110",25
"48374",-30059.60768306,"NRI_P110",50
"48375",47790.59012694,"NRI_P110",100
"48376",25663.91333694,"NRI_P110",25
"48377",-31996.91885306,"NRI_P110",50
"48378",-12705.82898306,"NRI_P110",100
"48379",19775.80502694,"NRI_P110",25
"48380",56591.50110694,"NRI_P110",50
"48381",16643.73731694,"NRI_P110",100
"48382",-15507.56327306,"NRI_P110",25
"48383",-2769.45257306,"NRI_P110",50
"48384",-38959.11059306,"NRI_P110",100
"48385",27996.67933694,"NRI_P110",25
"48386",-4615.60863306001,"NRI_P110",50
"48387",-50505.07808306,"NRI_P110",100
"48388",-927.263293060008,"NRI_P110",25
"48389",-51893.76534306,"NRI_P110",50
"48390",18937.55996694,"NRI_P110",100
"48391",-20961.24926306,"NRI_P110",25
"48392",-26851.04952306,"NRI_P110",50
"48393",1707.77607694,"NRI_P110",100
"48394",5746.57691693999,"NRI_P110",25
"48395",-19145.10039306,"NRI_P110",50
"48396",22791.66552694,"NRI_P110",100
"48397",-11136.93153306,"NRI_P110",25
"48398",-11545.91283306,"NRI_P110",50
"48399",-11949.84741306,"NRI_P110",100
"48400",76615.36197694,"NRI_P110",25
"48401",1293.70565694,"NRI_P110",50
"48402",25780.09080694,"NRI_P110",100
"48403",5423.64246693999,"NRI_P110",25
"48404",35075.14933694,"NRI_P110",50
"48405",-24892.50597306,"NRI_P110",100
"48406",6037.74564693996,"NRI_P110",25
"48407",11612.53605694,"NRI_P110",50
"48408",-28293.32039306,"NRI_P110",100
"48409",-13434.24015306,"NRI_P110",25
"48410",-2722.77019306005,"NRI_P110",50
"48411",-16695.03973306,"NRI_P110",100
"48412",9114.25161693996,"NRI_P110",25
"48413",-12932.86587306,"NRI_P110",50
"48414",-30557.87987306,"NRI_P110",100
"48415",-52791.39740306,"NRI_P110",25
"48416",-42291.65148306,"NRI_P110",50
"48417",4151.93113693997,"NRI_P110",100
"48418",-37344.18486306,"NRI_P110",25
"48419",-16648.62476306,"NRI_P110",50
"48420",19472.07051694,"NRI_P110",100
"48421",3126.61868694,"NRI_P110",25
"48422",-45714.79664306,"NRI_P110",50
"48423",17726.63231694,"NRI_P110",100
"48424",587.916426940006,"NRI_P110",25
"48425",-762.481343060033,"NRI_P110",50
"48426",67469.58377694,"NRI_P110",100
"48427",15148.55020694,"NRI_P110",25
"48428",-25326.71057306,"NRI_P110",50
"48429",82419.06190694,"NRI_P110",100
"48430",-2091.84291306004,"NRI_P110",25
"48431",-32958.04033306,"NRI_P110",50
"48432",2377.84013694001,"NRI_P110",100
"48433",10905.11554694,"NRI_P110",25
"48434",3716.23642693995,"NRI_P110",50
"48435",3808.56862693996,"NRI_P110",100
"48436",-228.336673060025,"NRI_P110",25
"48437",48153.74215694,"NRI_P110",50
"48438",8019.24255694001,"NRI_P110",100
"48439",-2660.53990306001,"NRI_P110",25
"48440",24691.08528694,"NRI_P110",50
"48441",-41335.66667306,"NRI_P110",100
"48442",-2341.47302306001,"NRI_P110",25
"48443",-26212.91113306,"NRI_P110",50
"48444",-43945.99629306,"NRI_P110",100
"48445",14557.75033694,"NRI_P110",25
"48446",15148.10951694,"NRI_P110",50
"48447",-36505.41819306,"NRI_P110",100
"48448",-14778.75559306,"NRI_P110",25
"48449",-28908.32360306,"NRI_P110",50
"48450",-44651.23361306,"NRI_P110",100
"48451",-28103.15675306,"NRI_P110",25
"48452",14588.71311694,"NRI_P110",50
"48453",-41380.04024306,"NRI_P110",100
"48454",-14087.17375306,"NRI_P110",25
"48455",-8155.04359305999,"NRI_P110",50
"48456",-6600.21724306,"NRI_P110",100
"48457",4713.17845693999,"NRI_P110",25
"48458",-27668.08608306,"NRI_P110",50
"48459",-35103.38473306,"NRI_P110",100
"48460",-644.085603060026,"NRI_P110",25
"48461",-15122.90928306,"NRI_P110",50
"48462",15709.86114694,"NRI_P110",100
"48463",-23596.36204306,"NRI_P110",25
"48464",26448.20428694,"NRI_P110",50
"48465",-43850.44614306,"NRI_P110",100
"48466",17412.23692694,"NRI_P110",25
"48467",-2150.61766306002,"NRI_P110",50
"48468",47635.55729694,"NRI_P110",100
"48469",-4871.98048306,"NRI_P110",25
"48470",-18420.61812306,"NRI_P110",50
"48471",5690.84450693999,"NRI_P110",100
"48472",13137.49687694,"NRI_P110",25
"48473",52409.16468694,"NRI_P110",50
"48474",10401.76742694,"NRI_P110",100
"48475",11362.95823694,"NRI_P110",25
"48476",-52891.06617306,"NRI_P110",50
"48477",6771.95149693999,"NRI_P110",100
"48478",-39566.08287306,"NRI_P110",25
"48479",-1591.73643306002,"NRI_P110",50
"48480",-38183.93295306,"NRI_P110",100
"48481",5844.29903693998,"NRI_P110",25
"48482",21711.48541694,"NRI_P110",50
"48483",21629.13055694,"NRI_P110",100
"48484",35273.16673694,"NRI_P110",25
"48485",-9267.49602306,"NRI_P110",50
"48486",-20990.09301306,"NRI_P110",100
"48487",20911.29201694,"NRI_P110",25
"48488",-27597.20156306,"NRI_P110",50
"48489",19603.66609694,"NRI_P110",100
"48490",12769.42446694,"NRI_P110",25
"48491",12246.39825694,"NRI_P110",50
"48492",60258.82200694,"NRI_P110",100
"48493",9866.44067693996,"NRI_P110",25
"48494",-40145.84839306,"NRI_P110",50
"48495",-16231.75084306,"NRI_P110",100
"48496",682.186526939971,"NRI_P110",25
"48497",-4863.67496306001,"NRI_P110",50
"48498",-10607.27954306,"NRI_P110",100
"48499",-9382.50435306004,"NRI_P110",25
"48500",15483.88971694,"NRI_P110",50
"48501",-21726.95698306,"NRI_P110",100
"48502",-26502.87968306,"NRI_P110",25
"48503",75210.99217694,"NRI_P110",50
"48504",50577.05316694,"NRI_P110",100
"48505",-33107.22975306,"NRI_P110",25
"48506",47266.31796694,"NRI_P110",50
"48507",71775.88165694,"NRI_P110",100
"48508",23490.33526694,"NRI_P110",25
"48509",21488.08473694,"NRI_P110",50
"48510",23642.55116694,"NRI_P110",100
"48511",4285.94559694,"NRI_P110",25
"48512",-52394.11873306,"NRI_P110",50
"48513",-16513.87714306,"NRI_P110",100
"48514",47210.02966694,"NRI_P110",25
"48515",17450.12426694,"NRI_P110",50
"48516",56263.21061694,"NRI_P110",100
"48517",-13184.18499306,"NRI_P110",25
"48518",-22259.47566306,"NRI_P110",50
"48519",-62531.31558306,"NRI_P110",100
"48520",-11913.75805306,"NRI_P110",25
"48521",-20965.30859306,"NRI_P110",50
"48522",32933.59562694,"NRI_P110",100
"48523",-36939.44427306,"NRI_P110",25
"48524",-27707.81950306,"NRI_P110",50
"48525",37721.73982694,"NRI_P110",100
"48526",-8097.17031305999,"NRI_P110",25
"48527",18154.60994694,"NRI_P110",50
"48528",16710.45044694,"NRI_P110",100
"48529",-4077.50116306002,"NRI_P110",25
"48530",-1080.92718306003,"NRI_P110",50
"48531",-40456.39458306,"NRI_P110",100
"48532",-29452.27000306,"NRI_P110",25
"48533",1180.13753693999,"NRI_P110",50
"48534",506.090136940009,"NRI_P110",100
"48535",-5717.25122306001,"NRI_P110",25
"48536",-1897.15815306001,"NRI_P110",50
"48537",-55.2384030600078,"NRI_P110",100
"48538",16052.95622694,"NRI_P110",25
"48539",-49196.52900306,"NRI_P110",50
"48540",-29963.83149306,"NRI_P110",100
"48541",3093.15021693998,"NRI_P110",25
"48542",13057.37152694,"NRI_P110",50
"48543",-11640.32198306,"NRI_P110",100
"48544",-22612.35161306,"NRI_P110",25
"48545",-26302.62022306,"NRI_P110",50
"48546",-9236.15319306002,"NRI_P110",100
"48547",28415.44049694,"NRI_P110",25
"48548",-5610.06792306004,"NRI_P110",50
"48549",-22808.23246306,"NRI_P110",100
"48550",32615.18463694,"NRI_P110",25
"48551",37626.99132694,"NRI_P110",50
"48552",-619.717003060039,"NRI_P110",100
"48553",-26457.26554306,"NRI_P110",25
"48554",-38368.62680306,"NRI_P110",50
"48555",8271.75512693997,"NRI_P110",100
"48556",-11161.01093306,"NRI_P110",25
"48557",1374.45010694,"NRI_P110",50
"48558",-39300.99255306,"NRI_P110",100
"48559",14012.48092694,"NRI_P110",25
"48560",-7844.17679306003,"NRI_P110",50
"48561",-45121.00646306,"NRI_P110",100
"48562",12563.77750694,"NRI_P110",25
"48563",25912.39919694,"NRI_P110",50
"48564",4535.96714694001,"NRI_P110",100
"48565",29902.24981694,"NRI_P110",25
"48566",-42074.45414306,"NRI_P110",50
"48567",-3392.83997306001,"NRI_P110",100
"48568",-36387.35219306,"NRI_P110",25
"48569",-37499.92404306,"NRI_P110",50
"48570",-25405.51751306,"NRI_P110",100
"48571",-34762.32634306,"NRI_P110",25
"48572",63508.96607694,"NRI_P110",50
"48573",20126.04788694,"NRI_P110",100
"48574",-26724.34919306,"NRI_P110",25
"48575",1228.38866693998,"NRI_P110",50
"48576",-26466.92731306,"NRI_P110",100
"48577",-37877.50312306,"NRI_P110",25
"48578",-10726.36725306,"NRI_P110",50
"48579",-19778.56969306,"NRI_P110",100
"48580",19248.14523694,"NRI_P110",25
"48581",73839.86600694,"NRI_P110",50
"48582",2662.02046693995,"NRI_P110",100
"48583",49393.33043694,"NRI_P110",25
"48584",-2254.43798306002,"NRI_P110",50
"48585",44527.25238694,"NRI_P110",100
"48586",6043.06981694,"NRI_P110",25
"48587",27268.84534694,"NRI_P110",50
"48588",12202.15501694,"NRI_P110",100
"48589",25663.13143694,"NRI_P110",25
"48590",43294.00069694,"NRI_P110",50
"48591",28892.55232694,"NRI_P110",100
"48592",-4557.13147306,"NRI_P110",25
"48593",-25239.36614306,"NRI_P110",50
"48594",-26041.53079306,"NRI_P110",100
"48595",-64950.86319306,"NRI_P110",25
"48596",15595.71948694,"NRI_P110",50
"48597",20987.30188694,"NRI_P110",100
"48598",46976.54554694,"NRI_P110",25
"48599",-9177.65825306001,"NRI_P110",50
"48600",-20310.35347306,"NRI_P110",100
"48601",927.323328777973,"NRI_P113",25
"48602",-4685.15168122202,"NRI_P113",50
"48603",2583.18204877799,"NRI_P113",100
"48604",5333.81017877802,"NRI_P113",25
"48605",3123.66283877799,"NRI_P113",50
"48606",47245.981408778,"NRI_P113",100
"48607",-2457.03211122198,"NRI_P113",25
"48608",-5421.41895122203,"NRI_P113",50
"48609",-2422.291951222,"NRI_P113",100
"48610",2102.45668877801,"NRI_P113",25
"48611",-8711.74500122201,"NRI_P113",50
"48612",-8679.65619122202,"NRI_P113",100
"48613",-4793.66951122199,"NRI_P113",25
"48614",-3359.98045122199,"NRI_P113",50
"48615",-5535.66487122199,"NRI_P113",100
"48616",1492.67225877801,"NRI_P113",25
"48617",-2305.984711222,"NRI_P113",50
"48618",1569.010358778,"NRI_P113",100
"48619",-9133.58762122202,"NRI_P113",25
"48620",6925.32880877797,"NRI_P113",50
"48621",-7850.333071222,"NRI_P113",100
"48622",-9072.67335122201,"NRI_P113",25
"48623",27096.428918778,"NRI_P113",50
"48624",2177.34741877799,"NRI_P113",100
"48625",6572.52968877798,"NRI_P113",25
"48626",-8700.88120122202,"NRI_P113",50
"48627",23289.895038778,"NRI_P113",100
"48628",21990.494208778,"NRI_P113",25
"48629",-1519.18242122198,"NRI_P113",50
"48630",10638.090168778,"NRI_P113",100
"48631",36570.521508778,"NRI_P113",25
"48632",-675.71221122198,"NRI_P113",50
"48633",11989.059748778,"NRI_P113",100
"48634",17288.918528778,"NRI_P113",25
"48635",1774.53674877802,"NRI_P113",50
"48636",2835.339538778,"NRI_P113",100
"48637",-7332.40668122203,"NRI_P113",25
"48638",34068.506448778,"NRI_P113",50
"48639",47582.811938778,"NRI_P113",100
"48640",25532.836868778,"NRI_P113",25
"48641",7394.21905877802,"NRI_P113",50
"48642",2540.32004877797,"NRI_P113",100
"48643",6945.45352877799,"NRI_P113",25
"48644",-1256.51860122202,"NRI_P113",50
"48645",16911.365958778,"NRI_P113",100
"48646",259.650708778005,"NRI_P113",25
"48647",55680.792378778,"NRI_P113",50
"48648",-8660.16482122202,"NRI_P113",100
"48649",1924.57319877797,"NRI_P113",25
"48650",4779.87400877802,"NRI_P113",50
"48651",-7333.03067122202,"NRI_P113",100
"48652",-1734.00609122199,"NRI_P113",25
"48653",476.018488777976,"NRI_P113",50
"48654",-7736.91227122198,"NRI_P113",100
"48655",17824.245188778,"NRI_P113",25
"48656",-9278.26796122198,"NRI_P113",50
"48657",-8020.78022122203,"NRI_P113",100
"48658",24115.267838778,"NRI_P113",25
"48659",9518.967488778,"NRI_P113",50
"48660",9897.29873877799,"NRI_P113",100
"48661",34.1651487780036,"NRI_P113",25
"48662",2990.884708778,"NRI_P113",50
"48663",2508.71052877797,"NRI_P113",100
"48664",24728.348588778,"NRI_P113",25
"48665",18140.734938778,"NRI_P113",50
"48666",27305.908428778,"NRI_P113",100
"48667",28090.572698778,"NRI_P113",25
"48668",3212.97074877797,"NRI_P113",50
"48669",3799.67355877801,"NRI_P113",100
"48670",5121.00323877798,"NRI_P113",25
"48671",26466.923268778,"NRI_P113",50
"48672",-897.162581222015,"NRI_P113",100
"48673",-7268.58961122204,"NRI_P113",25
"48674",-2041.16513122199,"NRI_P113",50
"48675",2773.38579877798,"NRI_P113",100
"48676",2458.49308877799,"NRI_P113",25
"48677",16274.701008778,"NRI_P113",50
"48678",-6002.72557122202,"NRI_P113",100
"48679",-8693.01211122202,"NRI_P113",25
"48680",4916.01179877797,"NRI_P113",50
"48681",17508.273098778,"NRI_P113",100
"48682",4452.36087877798,"NRI_P113",25
"48683",-1204.445411222,"NRI_P113",50
"48684",3665.19795877801,"NRI_P113",100
"48685",1340.87525877799,"NRI_P113",25
"48686",14187.282168778,"NRI_P113",50
"48687",4828.318508778,"NRI_P113",100
"48688",-549.998771222017,"NRI_P113",25
"48689",-1449.760511222,"NRI_P113",50
"48690",20012.320248778,"NRI_P113",100
"48691",-4387.00543122203,"NRI_P113",25
"48692",7585.909238778,"NRI_P113",50
"48693",15013.495518778,"NRI_P113",100
"48694",882.066268777999,"NRI_P113",25
"48695",13856.973828778,"NRI_P113",50
"48696",27282.785408778,"NRI_P113",100
"48697",-3245.064441222,"NRI_P113",25
"48698",75821.526968778,"NRI_P113",50
"48699",-2770.016381222,"NRI_P113",100
"48700",753.372848777974,"NRI_P113",25
"48701",3205.07396877802,"NRI_P113",50
"48702",5067.33802877797,"NRI_P113",100
"48703",2043.43340877799,"NRI_P113",25
"48704",9853.20946877799,"NRI_P113",50
"48705",8934.81838877802,"NRI_P113",100
"48706",-36.3765212220023,"NRI_P113",25
"48707",6668.34630877798,"NRI_P113",50
"48708",455.923588778009,"NRI_P113",100
"48709",2259.89882877801,"NRI_P113",25
"48710",6091.85474877799,"NRI_P113",50
"48711",-2484.497401222,"NRI_P113",100
"48712",28833.420898778,"NRI_P113",25
"48713",-678.587641221995,"NRI_P113",50
"48714",-468.561801222037,"NRI_P113",100
"48715",-7076.379731222,"NRI_P113",25
"48716",-9089.72431122203,"NRI_P113",50
"48717",19585.269348778,"NRI_P113",100
"48718",-1779.546791222,"NRI_P113",25
"48719",-6647.60200122203,"NRI_P113",50
"48720",43387.975678778,"NRI_P113",100
"48721",4601.49019877799,"NRI_P113",25
"48722",7310.56715877797,"NRI_P113",50
"48723",-5808.45034122199,"NRI_P113",100
"48724",2120.148628778,"NRI_P113",25
"48725",26551.067838778,"NRI_P113",50
"48726",28688.085488778,"NRI_P113",100
"48727",2418.525608778,"NRI_P113",25
"48728",-7465.01749122201,"NRI_P113",50
"48729",18842.569658778,"NRI_P113",100
"48730",568.251668778015,"NRI_P113",25
"48731",-7488.813141222,"NRI_P113",50
"48732",21841.119158778,"NRI_P113",100
"48733",1649.65608877799,"NRI_P113",25
"48734",30545.124828778,"NRI_P113",50
"48735",31974.320318778,"NRI_P113",100
"48736",464.464828778,"NRI_P113",25
"48737",26783.073368778,"NRI_P113",50
"48738",10526.160318778,"NRI_P113",100
"48739",1422.10302877799,"NRI_P113",25
"48740",8309.16192877799,"NRI_P113",50
"48741",25826.391558778,"NRI_P113",100
"48742",3974.53653877799,"NRI_P113",25
"48743",-3480.57553122198,"NRI_P113",50
"48744",14843.286798778,"NRI_P113",100
"48745",-5678.233381222,"NRI_P113",25
"48746",23351.634168778,"NRI_P113",50
"48747",28791.857578778,"NRI_P113",100
"48748",16902.447828778,"NRI_P113",25
"48749",5730.27673877799,"NRI_P113",50
"48750",-856.961381222005,"NRI_P113",100
"48751",3362.56786877802,"NRI_P113",25
"48752",3136.61924877798,"NRI_P113",50
"48753",-1134.495581222,"NRI_P113",100
"48754",4395.03753877798,"NRI_P113",25
"48755",5315.98545877798,"NRI_P113",50
"48756",-2421.45183122199,"NRI_P113",100
"48757",-5073.03054122202,"NRI_P113",25
"48758",32228.059858778,"NRI_P113",50
"48759",24045.282548778,"NRI_P113",100
"48760",-1547.94560122199,"NRI_P113",25
"48761",36877.553428778,"NRI_P113",50
"48762",50603.567878778,"NRI_P113",100
"48763",-2059.48939122201,"NRI_P113",25
"48764",398.445338777965,"NRI_P113",50
"48765",17342.876128778,"NRI_P113",100
"48766",748.547758777975,"NRI_P113",25
"48767",6325.67005877802,"NRI_P113",50
"48768",38392.189588778,"NRI_P113",100
"48769",11729.193148778,"NRI_P113",25
"48770",-395.706561222032,"NRI_P113",50
"48771",13018.064158778,"NRI_P113",100
"48772",7133.88310877798,"NRI_P113",25
"48773",-312.451011222031,"NRI_P113",50
"48774",32098.528838778,"NRI_P113",100
"48775",3334.44679877796,"NRI_P113",25
"48776",-12094.656761222,"NRI_P113",50
"48777",16403.025518778,"NRI_P113",100
"48778",-82.8403912219801,"NRI_P113",25
"48779",-4407.58887122199,"NRI_P113",50
"48780",23227.567478778,"NRI_P113",100
"48781",41594.786058778,"NRI_P113",25
"48782",26087.828228778,"NRI_P113",50
"48783",10590.678638778,"NRI_P113",100
"48784",-487.860871221987,"NRI_P113",25
"48785",3646.41694877797,"NRI_P113",50
"48786",1458.26372877799,"NRI_P113",100
"48787",-2008.48118122201,"NRI_P113",25
"48788",2824.58542877797,"NRI_P113",50
"48789",22669.265098778,"NRI_P113",100
"48790",35276.234028778,"NRI_P113",25
"48791",-8922.85809122201,"NRI_P113",50
"48792",8497.94797877799,"NRI_P113",100
"48793",888.917318777996,"NRI_P113",25
"48794",10832.499058778,"NRI_P113",50
"48795",-7763.450701222,"NRI_P113",100
"48796",-1987.97459122201,"NRI_P113",25
"48797",-2045.09870122198,"NRI_P113",50
"48798",20743.762028778,"NRI_P113",100
"48799",2872.98982877797,"NRI_P113",25
"48800",-1836.240261222,"NRI_P113",50
"48801",22487.699148778,"NRI_P113",100
"48802",2965.15069877799,"NRI_P113",25
"48803",-3418.894301222,"NRI_P113",50
"48804",22582.689268778,"NRI_P113",100
"48805",-5152.74249122199,"NRI_P113",25
"48806",5040.26202877797,"NRI_P113",50
"48807",20630.286678778,"NRI_P113",100
"48808",-4791.208781222,"NRI_P113",25
"48809",15405.070978778,"NRI_P113",50
"48810",14538.214568778,"NRI_P113",100
"48811",2707.84781877801,"NRI_P113",25
"48812",2366.00271877798,"NRI_P113",50
"48813",-2946.565611222,"NRI_P113",100
"48814",14326.442998778,"NRI_P113",25
"48815",3716.568218778,"NRI_P113",50
"48816",7541.076978778,"NRI_P113",100
"48817",-4625.80971122201,"NRI_P113",25
"48818",14223.980118778,"NRI_P113",50
"48819",17461.104928778,"NRI_P113",100
"48820",1164.07787877799,"NRI_P113",25
"48821",-8248.98430122202,"NRI_P113",50
"48822",8704.34604877798,"NRI_P113",100
"48823",149.038378777972,"NRI_P113",25
"48824",-5268.86349122203,"NRI_P113",50
"48825",24232.908388778,"NRI_P113",100
"48826",-12.3239812219981,"NRI_P113",25
"48827",9259.27407877799,"NRI_P113",50
"48828",30839.832548778,"NRI_P113",100
"48829",-1198.936261222,"NRI_P113",25
"48830",-4908.27376122202,"NRI_P113",50
"48831",3388.13848877797,"NRI_P113",100
"48832",14284.584708778,"NRI_P113",25
"48833",-2977.35541122203,"NRI_P113",50
"48834",28733.966268778,"NRI_P113",100
"48835",-3820.14783122198,"NRI_P113",25
"48836",378.221528777969,"NRI_P113",50
"48837",28818.909908778,"NRI_P113",100
"48838",-7962.44263122202,"NRI_P113",25
"48839",22684.846408778,"NRI_P113",50
"48840",-6537.28077122202,"NRI_P113",100
"48841",406.388388777967,"NRI_P113",25
"48842",17199.864398778,"NRI_P113",50
"48843",21801.176878778,"NRI_P113",100
"48844",2028.64208877797,"NRI_P113",25
"48845",-554.738921221986,"NRI_P113",50
"48846",17271.247548778,"NRI_P113",100
"48847",21400.001068778,"NRI_P113",25
"48848",1544.92817877798,"NRI_P113",50
"48849",38797.298628778,"NRI_P113",100
"48850",61.0814587780042,"NRI_P113",25
"48851",5048.04058877798,"NRI_P113",50
"48852",-67.0787712220335,"NRI_P113",100
"48853",393.325628777966,"NRI_P113",25
"48854",21143.057648778,"NRI_P113",50
"48855",-5901.278001222,"NRI_P113",100
"48856",1664.674558778,"NRI_P113",25
"48857",4306.94213877799,"NRI_P113",50
"48858",-6502.98532122199,"NRI_P113",100
"48859",-6716.91171122203,"NRI_P113",25
"48860",17702.583638778,"NRI_P113",50
"48861",4276.46202877798,"NRI_P113",100
"48862",-6018.51606122201,"NRI_P113",25
"48863",33425.086688778,"NRI_P113",50
"48864",10999.098208778,"NRI_P113",100
"48865",1356.04409877799,"NRI_P113",25
"48866",21430.234948778,"NRI_P113",50
"48867",12366.734708778,"NRI_P113",100
"48868",-2149.23914122203,"NRI_P113",25
"48869",650.084528777981,"NRI_P113",50
"48870",-8044.42387122201,"NRI_P113",100
"48871",-1360.12923122203,"NRI_P113",25
"48872",26842.456338778,"NRI_P113",50
"48873",10240.534008778,"NRI_P113",100
"48874",5230.27994877798,"NRI_P113",25
"48875",11359.570208778,"NRI_P113",50
"48876",17314.389128778,"NRI_P113",100
"48877",-3231.86164122203,"NRI_P113",25
"48878",-790.120591222018,"NRI_P113",50
"48879",-2268.00967122201,"NRI_P113",100
"48880",4164.50174877798,"NRI_P113",25
"48881",26958.212968778,"NRI_P113",50
"48882",-7935.135961222,"NRI_P113",100
"48883",-2652.37310122198,"NRI_P113",25
"48884",53694.103518778,"NRI_P113",50
"48885",31349.617678778,"NRI_P113",100
"48886",37927.335218778,"NRI_P113",25
"48887",17789.644228778,"NRI_P113",50
"48888",-8970.10485122201,"NRI_P113",100
"48889",-3197.36048122199,"NRI_P113",25
"48890",3413.287388778,"NRI_P113",50
"48891",16373.113228778,"NRI_P113",100
"48892",-885.854651222005,"NRI_P113",25
"48893",-4211.05576122203,"NRI_P113",50
"48894",-5722.99630122201,"NRI_P113",100
"48895",6007.26509877801,"NRI_P113",25
"48896",-4496.54868122202,"NRI_P113",50
"48897",11310.117088778,"NRI_P113",100
"48898",7365.746888778,"NRI_P113",25
"48899",-3893.154491222,"NRI_P113",50
"48900",10365.908378778,"NRI_P113",100
"48901",-21901.100233607,"NRI_P114",25
"48902",-92347.765683607,"NRI_P114",50
"48903",-188719.151643607,"NRI_P114",100
"48904",-74976.281423607,"NRI_P114",25
"48905",-86825.648173607,"NRI_P114",50
"48906",-164141.141993607,"NRI_P114",100
"48907",-26754.100543607,"NRI_P114",25
"48908",-84937.420693607,"NRI_P114",50
"48909",-175143.928713607,"NRI_P114",100
"48910",-46370.110183607,"NRI_P114",25
"48911",-98577.157783607,"NRI_P114",50
"48912",-181655.911463607,"NRI_P114",100
"48913",-29071.994063607,"NRI_P114",25
"48914",-55422.115573607,"NRI_P114",50
"48915",-166386.408403607,"NRI_P114",100
"48916",-33168.448663607,"NRI_P114",25
"48917",-106023.562003607,"NRI_P114",50
"48918",-157403.761283607,"NRI_P114",100
"48919",-46909.647653607,"NRI_P114",25
"48920",-104111.824283607,"NRI_P114",50
"48921",-155591.325583607,"NRI_P114",100
"48922",-39488.611993607,"NRI_P114",25
"48923",-85891.727363607,"NRI_P114",50
"48924",-184871.699763607,"NRI_P114",100
"48925",-33918.154923607,"NRI_P114",25
"48926",-51000.993663607,"NRI_P114",50
"48927",-172428.019463607,"NRI_P114",100
"48928",-20354.355873607,"NRI_P114",25
"48929",-98322.995133607,"NRI_P114",50
"48930",-191859.191293607,"NRI_P114",100
"48931",-45750.068583607,"NRI_P114",25
"48932",-93283.144603607,"NRI_P114",50
"48933",-172229.125063607,"NRI_P114",100
"48934",-48556.572673607,"NRI_P114",25
"48935",-80534.837543607,"NRI_P114",50
"48936",-187445.258143607,"NRI_P114",100
"48937",-56631.096053607,"NRI_P114",25
"48938",-83016.216583607,"NRI_P114",50
"48939",-195614.252243607,"NRI_P114",100
"48940",-44589.443253607,"NRI_P114",25
"48941",-113728.078323607,"NRI_P114",50
"48942",-171714.083523607,"NRI_P114",100
"48943",-28006.191143607,"NRI_P114",25
"48944",-95511.959583607,"NRI_P114",50
"48945",-178844.742433607,"NRI_P114",100
"48946",-28809.310033607,"NRI_P114",25
"48947",-70897.243723607,"NRI_P114",50
"48948",-192049.316413607,"NRI_P114",100
"48949",-32944.036513607,"NRI_P114",25
"48950",-70477.801943607,"NRI_P114",50
"48951",-185786.736003607,"NRI_P114",100
"48952",-31171.624283607,"NRI_P114",25
"48953",-87329.714323607,"NRI_P114",50
"48954",-166595.940873607,"NRI_P114",100
"48955",-36285.429373607,"NRI_P114",25
"48956",-63764.437423607,"NRI_P114",50
"48957",-163624.292613607,"NRI_P114",100
"48958",-71940.810913607,"NRI_P114",25
"48959",-78121.582643607,"NRI_P114",50
"48960",-163088.683913607,"NRI_P114",100
"48961",-47788.506613607,"NRI_P114",25
"48962",-78035.116303607,"NRI_P114",50
"48963",-161020.158513607,"NRI_P114",100
"48964",-44125.833573607,"NRI_P114",25
"48965",-117309.581793607,"NRI_P114",50
"48966",-162766.756243607,"NRI_P114",100
"48967",-39422.008943607,"NRI_P114",25
"48968",-83451.140513607,"NRI_P114",50
"48969",-177576.134153607,"NRI_P114",100
"48970",-30840.979633607,"NRI_P114",25
"48971",-96844.246613607,"NRI_P114",50
"48972",-182268.895043607,"NRI_P114",100
"48973",-34277.431283607,"NRI_P114",25
"48974",-97585.333673607,"NRI_P114",50
"48975",-158381.025543607,"NRI_P114",100
"48976",-52052.061553607,"NRI_P114",25
"48977",-89570.523593607,"NRI_P114",50
"48978",-175838.437033607,"NRI_P114",100
"48979",-39786.752723607,"NRI_P114",25
"48980",-91671.156783607,"NRI_P114",50
"48981",-174062.399573607,"NRI_P114",100
"48982",-46840.996293607,"NRI_P114",25
"48983",-77942.330843607,"NRI_P114",50
"48984",-159244.734693607,"NRI_P114",100
"48985",-60335.881003607,"NRI_P114",25
"48986",-92020.364883607,"NRI_P114",50
"48987",-179217.531423607,"NRI_P114",100
"48988",-48364.436643607,"NRI_P114",25
"48989",-90639.838063607,"NRI_P114",50
"48990",-167348.279043607,"NRI_P114",100
"48991",-41608.312543607,"NRI_P114",25
"48992",-81238.979833607,"NRI_P114",50
"48993",-175572.682553607,"NRI_P114",100
"48994",-31786.519513607,"NRI_P114",25
"48995",-100869.002873607,"NRI_P114",50
"48996",-176935.455293607,"NRI_P114",100
"48997",-36021.359353607,"NRI_P114",25
"48998",-82703.336453607,"NRI_P114",50
"48999",-159500.063933607,"NRI_P114",100
"49000",-31199.558093607,"NRI_P114",25
"49001",-84830.100403607,"NRI_P114",50
"49002",-167091.491193607,"NRI_P114",100
"49003",-34626.567593607,"NRI_P114",25
"49004",-70704.346333607,"NRI_P114",50
"49005",-169829.556873607,"NRI_P114",100
"49006",-44435.956413607,"NRI_P114",25
"49007",-79198.872113607,"NRI_P114",50
"49008",-177385.549653607,"NRI_P114",100
"49009",-40607.544263607,"NRI_P114",25
"49010",-114402.081813607,"NRI_P114",50
"49011",-170786.405233607,"NRI_P114",100
"49012",-50935.047453607,"NRI_P114",25
"49013",-108679.732913607,"NRI_P114",50
"49014",-172311.845323607,"NRI_P114",100
"49015",-36642.339363607,"NRI_P114",25
"49016",-96295.927973607,"NRI_P114",50
"49017",-178871.711303607,"NRI_P114",100
"49018",-26861.073273607,"NRI_P114",25
"49019",-85822.601423607,"NRI_P114",50
"49020",-178102.533113607,"NRI_P114",100
"49021",-66529.024883607,"NRI_P114",25
"49022",-119668.556953607,"NRI_P114",50
"49023",-173312.176723607,"NRI_P114",100
"49024",-58710.977063607,"NRI_P114",25
"49025",-80130.719723607,"NRI_P114",50
"49026",-163672.366353607,"NRI_P114",100
"49027",-62040.226603607,"NRI_P114",25
"49028",-107636.380043607,"NRI_P114",50
"49029",-177209.058353607,"NRI_P114",100
"49030",-60473.375523607,"NRI_P114",25
"49031",-111608.187443607,"NRI_P114",50
"49032",-158736.215913607,"NRI_P114",100
"49033",-38084.776283607,"NRI_P114",25
"49034",-64229.522103607,"NRI_P114",50
"49035",-164292.101733607,"NRI_P114",100
"49036",-34213.645693607,"NRI_P114",25
"49037",-94143.193173607,"NRI_P114",50
"49038",-175981.354833607,"NRI_P114",100
"49039",-31266.198073607,"NRI_P114",25
"49040",-79188.304033607,"NRI_P114",50
"49041",-177306.857103607,"NRI_P114",100
"49042",-40567.322983607,"NRI_P114",25
"49043",-87769.508693607,"NRI_P114",50
"49044",-166771.238843607,"NRI_P114",100
"49045",-60608.299583607,"NRI_P114",25
"49046",-85632.246763607,"NRI_P114",50
"49047",-167492.757933607,"NRI_P114",100
"49048",-33542.225743607,"NRI_P114",25
"49049",-87953.571993607,"NRI_P114",50
"49050",-176496.555003607,"NRI_P114",100
"49051",-28712.459173607,"NRI_P114",25
"49052",-92150.539463607,"NRI_P114",50
"49053",-175142.632253607,"NRI_P114",100
"49054",-41977.307323607,"NRI_P114",25
"49055",-82515.484543607,"NRI_P114",50
"49056",-157998.968333607,"NRI_P114",100
"49057",-38815.428513607,"NRI_P114",25
"49058",-79472.191873607,"NRI_P114",50
"49059",-163469.728593607,"NRI_P114",100
"49060",-47628.172383607,"NRI_P114",25
"49061",-105388.992783607,"NRI_P114",50
"49062",-159357.712963607,"NRI_P114",100
"49063",-46801.343143607,"NRI_P114",25
"49064",-84824.657413607,"NRI_P114",50
"49065",-175604.616263607,"NRI_P114",100
"49066",-53422.195863607,"NRI_P114",25
"49067",-100743.813493607,"NRI_P114",50
"49068",-178111.038223607,"NRI_P114",100
"49069",-29081.637333607,"NRI_P114",25
"49070",-63194.256123607,"NRI_P114",50
"49071",-166539.788763607,"NRI_P114",100
"49072",-32841.863843607,"NRI_P114",25
"49073",-78390.172423607,"NRI_P114",50
"49074",-182853.345693607,"NRI_P114",100
"49075",-50210.193903607,"NRI_P114",25
"49076",-103990.461933607,"NRI_P114",50
"49077",-183334.115553607,"NRI_P114",100
"49078",-31882.522963607,"NRI_P114",25
"49079",-107987.726723607,"NRI_P114",50
"49080",-184147.817573607,"NRI_P114",100
"49081",-45029.275623607,"NRI_P114",25
"49082",-116541.083763607,"NRI_P114",50
"49083",-177398.136533607,"NRI_P114",100
"49084",-37953.696283607,"NRI_P114",25
"49085",-89332.616203607,"NRI_P114",50
"49086",-165014.756963607,"NRI_P114",100
"49087",-31348.481893607,"NRI_P114",25
"49088",-78562.733033607,"NRI_P114",50
"49089",-161306.753803607,"NRI_P114",100
"49090",-47456.629113607,"NRI_P114",25
"49091",-103201.256843607,"NRI_P114",50
"49092",-160284.416673607,"NRI_P114",100
"49093",-59687.016903607,"NRI_P114",25
"49094",-87442.911493607,"NRI_P114",50
"49095",-183460.834843607,"NRI_P114",100
"49096",-49360.852893607,"NRI_P114",25
"49097",-67314.709733607,"NRI_P114",50
"49098",-174847.023103607,"NRI_P114",100
"49099",-59342.927603607,"NRI_P114",25
"49100",-91354.534123607,"NRI_P114",50
"49101",-187441.014313607,"NRI_P114",100
"49102",-65219.646493607,"NRI_P114",25
"49103",-108716.447133607,"NRI_P114",50
"49104",-173315.432043607,"NRI_P114",100
"49105",-37770.439773607,"NRI_P114",25
"49106",-87209.630533607,"NRI_P114",50
"49107",-178124.383593607,"NRI_P114",100
"49108",-33954.723343607,"NRI_P114",25
"49109",-98888.250303607,"NRI_P114",50
"49110",-180954.090953607,"NRI_P114",100
"49111",-50401.756063607,"NRI_P114",25
"49112",-86915.865123607,"NRI_P114",50
"49113",-174439.062153607,"NRI_P114",100
"49114",-51062.597353607,"NRI_P114",25
"49115",-91994.903743607,"NRI_P114",50
"49116",-176796.901053607,"NRI_P114",100
"49117",-27089.156893607,"NRI_P114",25
"49118",-73903.074333607,"NRI_P114",50
"49119",-171009.653323607,"NRI_P114",100
"49120",-59239.439303607,"NRI_P114",25
"49121",-94033.385593607,"NRI_P114",50
"49122",-142377.422703607,"NRI_P114",100
"49123",-39528.782223607,"NRI_P114",25
"49124",-74722.508523607,"NRI_P114",50
"49125",-184767.971973607,"NRI_P114",100
"49126",-44438.428393607,"NRI_P114",25
"49127",-56673.953303607,"NRI_P114",50
"49128",-183545.334493607,"NRI_P114",100
"49129",-36380.437273607,"NRI_P114",25
"49130",-99221.994103607,"NRI_P114",50
"49131",-185740.453373607,"NRI_P114",100
"49132",-36916.695853607,"NRI_P114",25
"49133",-95565.193313607,"NRI_P114",50
"49134",-156843.144353607,"NRI_P114",100
"49135",-37417.683423607,"NRI_P114",25
"49136",-78035.340203607,"NRI_P114",50
"49137",-173516.049523607,"NRI_P114",100
"49138",-50861.168453607,"NRI_P114",25
"49139",-86592.406403607,"NRI_P114",50
"49140",-177548.163083607,"NRI_P114",100
"49141",-23800.537253607,"NRI_P114",25
"49142",-89092.407213607,"NRI_P114",50
"49143",-184069.886153607,"NRI_P114",100
"49144",-33970.966523607,"NRI_P114",25
"49145",-64469.143243607,"NRI_P114",50
"49146",-185544.193423607,"NRI_P114",100
"49147",-61530.224023607,"NRI_P114",25
"49148",-87382.679163607,"NRI_P114",50
"49149",-156826.338463607,"NRI_P114",100
"49150",-36205.614773607,"NRI_P114",25
"49151",-67595.469693607,"NRI_P114",50
"49152",-167492.868193607,"NRI_P114",100
"49153",-47378.189783607,"NRI_P114",25
"49154",-96134.392083607,"NRI_P114",50
"49155",-176693.020763607,"NRI_P114",100
"49156",-43970.461643607,"NRI_P114",25
"49157",-105171.678973607,"NRI_P114",50
"49158",-167836.699923607,"NRI_P114",100
"49159",-53230.060923607,"NRI_P114",25
"49160",-75006.896653607,"NRI_P114",50
"49161",-161627.039463607,"NRI_P114",100
"49162",-35780.237213607,"NRI_P114",25
"49163",-89573.873253607,"NRI_P114",50
"49164",-168593.415653607,"NRI_P114",100
"49165",-30618.591473607,"NRI_P114",25
"49166",-77819.660913607,"NRI_P114",50
"49167",-167887.630553607,"NRI_P114",100
"49168",-59948.041353607,"NRI_P114",25
"49169",-86405.071633607,"NRI_P114",50
"49170",-197323.994663607,"NRI_P114",100
"49171",-24934.189313607,"NRI_P114",25
"49172",-107475.646623607,"NRI_P114",50
"49173",-185087.379073607,"NRI_P114",100
"49174",-36408.443753607,"NRI_P114",25
"49175",-76004.905733607,"NRI_P114",50
"49176",-175472.986653607,"NRI_P114",100
"49177",-39748.176773607,"NRI_P114",25
"49178",-77638.345933607,"NRI_P114",50
"49179",-166596.385383607,"NRI_P114",100
"49180",-49832.281413607,"NRI_P114",25
"49181",-66864.997313607,"NRI_P114",50
"49182",-171901.801393607,"NRI_P114",100
"49183",-24786.841823607,"NRI_P114",25
"49184",-68432.579183607,"NRI_P114",50
"49185",-184492.851533607,"NRI_P114",100
"49186",-53084.112393607,"NRI_P114",25
"49187",-76417.291323607,"NRI_P114",50
"49188",-181434.181233607,"NRI_P114",100
"49189",-42685.998513607,"NRI_P114",25
"49190",-118715.058843607,"NRI_P114",50
"49191",-166639.949573607,"NRI_P114",100
"49192",-44283.452903607,"NRI_P114",25
"49193",-79897.636893607,"NRI_P114",50
"49194",-179343.035063607,"NRI_P114",100
"49195",-36000.305993607,"NRI_P114",25
"49196",-89197.510943607,"NRI_P114",50
"49197",-168115.436133607,"NRI_P114",100
"49198",-63212.491113607,"NRI_P114",25
"49199",-80923.963503607,"NRI_P114",50
"49200",-177613.634403607,"NRI_P114",100
"49201",-5586.56377871998,"NRI_P115",25
"49202",16770.45686128,"NRI_P115",50
"49203",29334.16428128,"NRI_P115",100
"49204",17614.55644128,"NRI_P115",25
"49205",9983.99807128002,"NRI_P115",50
"49206",8355.26005128003,"NRI_P115",100
"49207",4160.83043128002,"NRI_P115",25
"49208",21554.03983128,"NRI_P115",50
"49209",21649.01592128,"NRI_P115",100
"49210",8711.57896128,"NRI_P115",25
"49211",12832.63260128,"NRI_P115",50
"49212",32648.88485128,"NRI_P115",100
"49213",7524.19904128002,"NRI_P115",25
"49214",27129.82326128,"NRI_P115",50
"49215",10008.23998128,"NRI_P115",100
"49216",-5075.64081871998,"NRI_P115",25
"49217",8954.38753127999,"NRI_P115",50
"49218",17597.17375128,"NRI_P115",100
"49219",10196.59923128,"NRI_P115",25
"49220",12332.96929128,"NRI_P115",50
"49221",9141.50486128003,"NRI_P115",100
"49222",6710.85626128002,"NRI_P115",25
"49223",8039.98992128001,"NRI_P115",50
"49224",37523.87651128,"NRI_P115",100
"49225",4572.50332128,"NRI_P115",25
"49226",11179.58008128,"NRI_P115",50
"49227",19766.80710128,"NRI_P115",100
"49228",14561.93183128,"NRI_P115",25
"49229",19057.55896128,"NRI_P115",50
"49230",17401.02042128,"NRI_P115",100
"49231",3358.21563128004,"NRI_P115",25
"49232",12814.73981128,"NRI_P115",50
"49233",16336.54748128,"NRI_P115",100
"49234",-10609.60376872,"NRI_P115",25
"49235",11592.39752128,"NRI_P115",50
"49236",28137.86004128,"NRI_P115",100
"49237",5317.12526127999,"NRI_P115",25
"49238",33748.53547128,"NRI_P115",50
"49239",34327.68659128,"NRI_P115",100
"49240",4730.85746128001,"NRI_P115",25
"49241",-8224.01041871996,"NRI_P115",50
"49242",30866.85045128,"NRI_P115",100
"49243",23144.28050128,"NRI_P115",25
"49244",26630.00117128,"NRI_P115",50
"49245",24061.22394128,"NRI_P115",100
"49246",-2845.19742872001,"NRI_P115",25
"49247",20594.36216128,"NRI_P115",50
"49248",30720.15120128,"NRI_P115",100
"49249",7420.38130127999,"NRI_P115",25
"49250",3078.60829127999,"NRI_P115",50
"49251",31295.31735128,"NRI_P115",100
"49252",23074.94172128,"NRI_P115",25
"49253",25598.07851128,"NRI_P115",50
"49254",11110.12096128,"NRI_P115",100
"49255",2682.25344127999,"NRI_P115",25
"49256",9797.07075128,"NRI_P115",50
"49257",39797.09605128,"NRI_P115",100
"49258",6790.73423127999,"NRI_P115",25
"49259",9096.58364128001,"NRI_P115",50
"49260",1359.07675127999,"NRI_P115",100
"49261",8066.53018127999,"NRI_P115",25
"49262",1173.99257127999,"NRI_P115",50
"49263",21790.73181128,"NRI_P115",100
"49264",1931.08072128001,"NRI_P115",25
"49265",6641.13964127999,"NRI_P115",50
"49266",34655.44854128,"NRI_P115",100
"49267",-1401.27971872,"NRI_P115",25
"49268",9362.85318128002,"NRI_P115",50
"49269",8511.25033128,"NRI_P115",100
"49270",14203.44958128,"NRI_P115",25
"49271",-2462.03324871999,"NRI_P115",50
"49272",24420.19002128,"NRI_P115",100
"49273",-5334.27898871998,"NRI_P115",25
"49274",7771.38279127999,"NRI_P115",50
"49275",19205.02099128,"NRI_P115",100
"49276",124.353141280008,"NRI_P115",25
"49277",3337.55010128004,"NRI_P115",50
"49278",20459.90515128,"NRI_P115",100
"49279",10171.44354128,"NRI_P115",25
"49280",27070.26064128,"NRI_P115",50
"49281",392.00633127999,"NRI_P115",100
"49282",15342.18238128,"NRI_P115",25
"49283",29332.20971128,"NRI_P115",50
"49284",18187.37908128,"NRI_P115",100
"49285",8879.54004128004,"NRI_P115",25
"49286",18407.36772128,"NRI_P115",50
"49287",28951.49247128,"NRI_P115",100
"49288",18589.93943128,"NRI_P115",25
"49289",3817.16798128001,"NRI_P115",50
"49290",41980.11837128,"NRI_P115",100
"49291",-726.957918719971,"NRI_P115",25
"49292",11913.51567128,"NRI_P115",50
"49293",32917.25372128,"NRI_P115",100
"49294",12171.99001128,"NRI_P115",25
"49295",2987.74669127999,"NRI_P115",50
"49296",30518.28540128,"NRI_P115",100
"49297",16152.96684128,"NRI_P115",25
"49298",9032.65887128003,"NRI_P115",50
"49299",48171.38862128,"NRI_P115",100
"49300",367.032521279994,"NRI_P115",25
"49301",12967.55177128,"NRI_P115",50
"49302",22275.30699128,"NRI_P115",100
"49303",423.272371280007,"NRI_P115",25
"49304",8871.78946127999,"NRI_P115",50
"49305",26656.76136128,"NRI_P115",100
"49306",2227.39533128001,"NRI_P115",25
"49307",34466.52633128,"NRI_P115",50
"49308",19009.49446128,"NRI_P115",100
"49309",3801.73554128001,"NRI_P115",25
"49310",3128.59372127999,"NRI_P115",50
"49311",26356.44594128,"NRI_P115",100
"49312",3435.10172128002,"NRI_P115",25
"49313",13011.59987128,"NRI_P115",50
"49314",24480.87356128,"NRI_P115",100
"49315",933.365831280011,"NRI_P115",25
"49316",10473.21136128,"NRI_P115",50
"49317",46088.74571128,"NRI_P115",100
"49318",-707.813138719997,"NRI_P115",25
"49319",3648.55098127999,"NRI_P115",50
"49320",5472.85869128001,"NRI_P115",100
"49321",-2339.33448871999,"NRI_P115",25
"49322",24110.52043128,"NRI_P115",50
"49323",31252.96950128,"NRI_P115",100
"49324",-264.343648720009,"NRI_P115",25
"49325",9307.83257128001,"NRI_P115",50
"49326",41488.37755128,"NRI_P115",100
"49327",8043.84005127999,"NRI_P115",25
"49328",27812.21012128,"NRI_P115",50
"49329",11565.98955128,"NRI_P115",100
"49330",-4217.43745872,"NRI_P115",25
"49331",12323.20267128,"NRI_P115",50
"49332",15395.64383128,"NRI_P115",100
"49333",3671.58354128001,"NRI_P115",25
"49334",13405.07786128,"NRI_P115",50
"49335",33122.55148128,"NRI_P115",100
"49336",15973.53638128,"NRI_P115",25
"49337",260.806321280019,"NRI_P115",50
"49338",38024.51091128,"NRI_P115",100
"49339",9755.71402128,"NRI_P115",25
"49340",13671.31532128,"NRI_P115",50
"49341",15103.50909128,"NRI_P115",100
"49342",17101.91527128,"NRI_P115",25
"49343",-3832.02131872001,"NRI_P115",50
"49344",21795.16398128,"NRI_P115",100
"49345",-3321.00990871998,"NRI_P115",25
"49346",17313.15687128,"NRI_P115",50
"49347",21695.32609128,"NRI_P115",100
"49348",-952.159958719974,"NRI_P115",25
"49349",6224.46294127998,"NRI_P115",50
"49350",23992.93248128,"NRI_P115",100
"49351",2932.37823128002,"NRI_P115",25
"49352",1352.03985127999,"NRI_P115",50
"49353",36484.51219128,"NRI_P115",100
"49354",17523.27043128,"NRI_P115",25
"49355",19183.79530128,"NRI_P115",50
"49356",14793.99923128,"NRI_P115",100
"49357",12049.61274128,"NRI_P115",25
"49358",5681.61435128003,"NRI_P115",50
"49359",34404.74983128,"NRI_P115",100
"49360",6497.59443127998,"NRI_P115",25
"49361",4827.91566127999,"NRI_P115",50
"49362",29597.26459128,"NRI_P115",100
"49363",3624.20511128003,"NRI_P115",25
"49364",21180.41212128,"NRI_P115",50
"49365",46354.01075128,"NRI_P115",100
"49366",8952.93626128003,"NRI_P115",25
"49367",1983.42761128,"NRI_P115",50
"49368",17156.12651128,"NRI_P115",100
"49369",4121.67044128,"NRI_P115",25
"49370",-9900.20259871997,"NRI_P115",50
"49371",16122.74711128,"NRI_P115",100
"49372",-817.081848719972,"NRI_P115",25
"49373",15624.74803128,"NRI_P115",50
"49374",11942.84218128,"NRI_P115",100
"49375",8342.90086127998,"NRI_P115",25
"49376",15035.14618128,"NRI_P115",50
"49377",29923.49076128,"NRI_P115",100
"49378",15371.33243128,"NRI_P115",25
"49379",23354.87056128,"NRI_P115",50
"49380",52574.82351128,"NRI_P115",100
"49381",10200.44226128,"NRI_P115",25
"49382",24511.84648128,"NRI_P115",50
"49383",41452.41359128,"NRI_P115",100
"49384",7506.92632128001,"NRI_P115",25
"49385",31125.38861128,"NRI_P115",50
"49386",5471.54709127999,"NRI_P115",100
"49387",-6429.52841872,"NRI_P115",25
"49388",21858.46122128,"NRI_P115",50
"49389",19067.40681128,"NRI_P115",100
"49390",8413.91021127999,"NRI_P115",25
"49391",15610.41208128,"NRI_P115",50
"49392",14817.21891128,"NRI_P115",100
"49393",6635.85528128,"NRI_P115",25
"49394",4373.95459128002,"NRI_P115",50
"49395",24103.57917128,"NRI_P115",100
"49396",2579.25587128004,"NRI_P115",25
"49397",8627.01747128001,"NRI_P115",50
"49398",30499.69948128,"NRI_P115",100
"49399",4168.60174128,"NRI_P115",25
"49400",9545.79155128001,"NRI_P115",50
"49401",6449.27807127999,"NRI_P115",100
"49402",2558.47234128002,"NRI_P115",25
"49403",2577.81962128001,"NRI_P115",50
"49404",31648.54871128,"NRI_P115",100
"49405",3129.26723127998,"NRI_P115",25
"49406",5742.08718128002,"NRI_P115",50
"49407",15047.00207128,"NRI_P115",100
"49408",10847.15843128,"NRI_P115",25
"49409",16267.13971128,"NRI_P115",50
"49410",29006.64048128,"NRI_P115",100
"49411",2674.85612128,"NRI_P115",25
"49412",15361.59408128,"NRI_P115",50
"49413",49652.95119128,"NRI_P115",100
"49414",10726.89333128,"NRI_P115",25
"49415",12311.54006128,"NRI_P115",50
"49416",38354.34150128,"NRI_P115",100
"49417",10786.09944128,"NRI_P115",25
"49418",13039.50705128,"NRI_P115",50
"49419",27990.51406128,"NRI_P115",100
"49420",7440.56812128,"NRI_P115",25
"49421",36752.88913128,"NRI_P115",50
"49422",-1551.37091871997,"NRI_P115",100
"49423",8616.10414128,"NRI_P115",25
"49424",6512.27972128004,"NRI_P115",50
"49425",21561.50028128,"NRI_P115",100
"49426",15601.65144128,"NRI_P115",25
"49427",5659.71623128001,"NRI_P115",50
"49428",34030.28657128,"NRI_P115",100
"49429",21754.63987128,"NRI_P115",25
"49430",8279.71186128003,"NRI_P115",50
"49431",25733.50318128,"NRI_P115",100
"49432",23354.12573128,"NRI_P115",25
"49433",31339.41035128,"NRI_P115",50
"49434",40934.50880128,"NRI_P115",100
"49435",8065.73024127999,"NRI_P115",25
"49436",5497.70002128003,"NRI_P115",50
"49437",57661.05617128,"NRI_P115",100
"49438",858.470621280023,"NRI_P115",25
"49439",9479.35255128,"NRI_P115",50
"49440",10994.56858128,"NRI_P115",100
"49441",384.817741280014,"NRI_P115",25
"49442",19248.42566128,"NRI_P115",50
"49443",13345.48791128,"NRI_P115",100
"49444",-3136.02848872001,"NRI_P115",25
"49445",7390.71277128003,"NRI_P115",50
"49446",42736.95415128,"NRI_P115",100
"49447",14707.11883128,"NRI_P115",25
"49448",5761.10657127999,"NRI_P115",50
"49449",38479.33027128,"NRI_P115",100
"49450",-5880.23539871996,"NRI_P115",25
"49451",-2933.56522871996,"NRI_P115",50
"49452",16009.21838128,"NRI_P115",100
"49453",3254.07174128003,"NRI_P115",25
"49454",-5121.37913871999,"NRI_P115",50
"49455",20153.48789128,"NRI_P115",100
"49456",2488.21324128,"NRI_P115",25
"49457",-2390.50547872001,"NRI_P115",50
"49458",24292.08226128,"NRI_P115",100
"49459",18889.21772128,"NRI_P115",25
"49460",27771.50230128,"NRI_P115",50
"49461",38008.91756128,"NRI_P115",100
"49462",-5578.00974871998,"NRI_P115",25
"49463",-8322.62837871996,"NRI_P115",50
"49464",12561.26396128,"NRI_P115",100
"49465",6688.55870127998,"NRI_P115",25
"49466",8091.03361128003,"NRI_P115",50
"49467",9344.17897127999,"NRI_P115",100
"49468",-2524.64432871999,"NRI_P115",25
"49469",3258.05417128,"NRI_P115",50
"49470",11004.12738128,"NRI_P115",100
"49471",14133.82363128,"NRI_P115",25
"49472",1664.38467127999,"NRI_P115",50
"49473",20472.27991128,"NRI_P115",100
"49474",13268.05143128,"NRI_P115",25
"49475",-9311.06231871998,"NRI_P115",50
"49476",30308.93917128,"NRI_P115",100
"49477",5126.88965128001,"NRI_P115",25
"49478",16941.09057128,"NRI_P115",50
"49479",16480.85185128,"NRI_P115",100
"49480",8889.97593128,"NRI_P115",25
"49481",8972.44347127998,"NRI_P115",50
"49482",31696.26077128,"NRI_P115",100
"49483",-8867.62876871997,"NRI_P115",25
"49484",7708.38860127999,"NRI_P115",50
"49485",4895.74233128002,"NRI_P115",100
"49486",8152.54885128001,"NRI_P115",25
"49487",18890.67259128,"NRI_P115",50
"49488",-5706.91406872001,"NRI_P115",100
"49489",4280.32964128,"NRI_P115",25
"49490",11081.64542128,"NRI_P115",50
"49491",50440.88117128,"NRI_P115",100
"49492",-625.72122871998,"NRI_P115",25
"49493",11124.68547128,"NRI_P115",50
"49494",14554.01247128,"NRI_P115",100
"49495",15987.49078128,"NRI_P115",25
"49496",23545.92941128,"NRI_P115",50
"49497",23407.73427128,"NRI_P115",100
"49498",8260.94786128,"NRI_P115",25
"49499",8188.71098128002,"NRI_P115",50
"49500",27560.16538128,"NRI_P115",100
"49501",-24876.566102571,"NRI_P118",25
"49502",-29055.572212571,"NRI_P118",50
"49503",-18068.370132571,"NRI_P118",100
"49504",-30634.721322571,"NRI_P118",25
"49505",909.212067428976,"NRI_P118",50
"49506",-25781.714552571,"NRI_P118",100
"49507",-3330.46207257098,"NRI_P118",25
"49508",-22461.191592571,"NRI_P118",50
"49509",-57378.531972571,"NRI_P118",100
"49510",-20041.736462571,"NRI_P118",25
"49511",10045.439337429,"NRI_P118",50
"49512",-77309.763162571,"NRI_P118",100
"49513",-1643.60698257101,"NRI_P118",25
"49514",-16319.704382571,"NRI_P118",50
"49515",-48551.845652571,"NRI_P118",100
"49516",-8474.99915257102,"NRI_P118",25
"49517",-16760.533352571,"NRI_P118",50
"49518",-48811.236772571,"NRI_P118",100
"49519",-39991.749412571,"NRI_P118",25
"49520",-25167.149572571,"NRI_P118",50
"49521",-38179.131572571,"NRI_P118",100
"49522",-2246.44894257101,"NRI_P118",25
"49523",-65284.503902571,"NRI_P118",50
"49524",-91073.427392571,"NRI_P118",100
"49525",-29887.199562571,"NRI_P118",25
"49526",-28285.254052571,"NRI_P118",50
"49527",-47423.506682571,"NRI_P118",100
"49528",-8724.32347257098,"NRI_P118",25
"49529",-60167.516902571,"NRI_P118",50
"49530",-6529.83995257103,"NRI_P118",100
"49531",-8271.19744257099,"NRI_P118",25
"49532",-41754.403272571,"NRI_P118",50
"49533",-91694.574422571,"NRI_P118",100
"49534",-5175.68764257099,"NRI_P118",25
"49535",14811.962157429,"NRI_P118",50
"49536",-12023.780492571,"NRI_P118",100
"49537",-10471.820132571,"NRI_P118",25
"49538",-33132.848112571,"NRI_P118",50
"49539",-37151.322442571,"NRI_P118",100
"49540",-16694.956422571,"NRI_P118",25
"49541",-16974.512382571,"NRI_P118",50
"49542",-32048.883332571,"NRI_P118",100
"49543",-38926.699052571,"NRI_P118",25
"49544",-8953.06908257102,"NRI_P118",50
"49545",-64464.388282571,"NRI_P118",100
"49546",-38363.458452571,"NRI_P118",25
"49547",-44795.756932571,"NRI_P118",50
"49548",-91084.101252571,"NRI_P118",100
"49549",-29818.036882571,"NRI_P118",25
"49550",-37286.592282571,"NRI_P118",50
"49551",-67802.067542571,"NRI_P118",100
"49552",-9552.09800257103,"NRI_P118",25
"49553",-28502.435132571,"NRI_P118",50
"49554",-71839.255572571,"NRI_P118",100
"49555",1846.204227429,"NRI_P118",25
"49556",-9864.60592257098,"NRI_P118",50
"49557",-57976.202962571,"NRI_P118",100
"49558",-1993.55029257102,"NRI_P118",25
"49559",-53414.899342571,"NRI_P118",50
"49560",-63478.559062571,"NRI_P118",100
"49561",6625.01061742898,"NRI_P118",25
"49562",16376.576767429,"NRI_P118",50
"49563",-15780.829812571,"NRI_P118",100
"49564",-6386.74284257099,"NRI_P118",25
"49565",-52393.124812571,"NRI_P118",50
"49566",-61242.732652571,"NRI_P118",100
"49567",-25282.491022571,"NRI_P118",25
"49568",-44868.639312571,"NRI_P118",50
"49569",-64239.732232571,"NRI_P118",100
"49570",-12915.906262571,"NRI_P118",25
"49571",-21866.066202571,"NRI_P118",50
"49572",-4036.94719257101,"NRI_P118",100
"49573",1946.647147429,"NRI_P118",25
"49574",-34639.625812571,"NRI_P118",50
"49575",-40231.184592571,"NRI_P118",100
"49576",-16684.617392571,"NRI_P118",25
"49577",-63461.733852571,"NRI_P118",50
"49578",-36007.737812571,"NRI_P118",100
"49579",-14352.421522571,"NRI_P118",25
"49580",-46290.093262571,"NRI_P118",50
"49581",-43032.661002571,"NRI_P118",100
"49582",3584.40580742899,"NRI_P118",25
"49583",-45066.735022571,"NRI_P118",50
"49584",22069.969807429,"NRI_P118",100
"49585",-24316.669282571,"NRI_P118",25
"49586",-2812.13700257102,"NRI_P118",50
"49587",-51740.013402571,"NRI_P118",100
"49588",-39808.157832571,"NRI_P118",25
"49589",-2313.23095257103,"NRI_P118",50
"49590",-49862.344782571,"NRI_P118",100
"49591",-43128.422692571,"NRI_P118",25
"49592",8914.79621742899,"NRI_P118",50
"49593",-34145.869082571,"NRI_P118",100
"49594",25586.719387429,"NRI_P118",25
"49595",-16339.369852571,"NRI_P118",50
"49596",-37567.109262571,"NRI_P118",100
"49597",1844.472787429,"NRI_P118",25
"49598",-36373.964182571,"NRI_P118",50
"49599",7071.926937429,"NRI_P118",100
"49600",5638.46710742899,"NRI_P118",25
"49601",700.03751742898,"NRI_P118",50
"49602",-67926.430862571,"NRI_P118",100
"49603",-17398.434782571,"NRI_P118",25
"49604",-30548.580362571,"NRI_P118",50
"49605",7620.50987742899,"NRI_P118",100
"49606",-40826.913502571,"NRI_P118",25
"49607",-3202.83652257099,"NRI_P118",50
"49608",-67289.982922571,"NRI_P118",100
"49609",-17738.632272571,"NRI_P118",25
"49610",-2342.53891257098,"NRI_P118",50
"49611",-42867.424212571,"NRI_P118",100
"49612",26838.733517429,"NRI_P118",25
"49613",-53541.933472571,"NRI_P118",50
"49614",-79247.080322571,"NRI_P118",100
"49615",7575.476197429,"NRI_P118",25
"49616",-34842.735602571,"NRI_P118",50
"49617",-56994.636972571,"NRI_P118",100
"49618",17672.231657429,"NRI_P118",25
"49619",-36698.274962571,"NRI_P118",50
"49620",-36763.774482571,"NRI_P118",100
"49621",18229.177717429,"NRI_P118",25
"49622",-47845.419932571,"NRI_P118",50
"49623",-92744.022522571,"NRI_P118",100
"49624",-1119.84530257102,"NRI_P118",25
"49625",-14369.377672571,"NRI_P118",50
"49626",-126794.027162571,"NRI_P118",100
"49627",-529.435672571009,"NRI_P118",25
"49628",-33552.550532571,"NRI_P118",50
"49629",-7511.67172257102,"NRI_P118",100
"49630",-29483.525682571,"NRI_P118",25
"49631",44451.438287429,"NRI_P118",50
"49632",-35899.651912571,"NRI_P118",100
"49633",-346.743362570996,"NRI_P118",25
"49634",-40719.508062571,"NRI_P118",50
"49635",-60920.029452571,"NRI_P118",100
"49636",-28331.274172571,"NRI_P118",25
"49637",-27205.210432571,"NRI_P118",50
"49638",-44368.081322571,"NRI_P118",100
"49639",-32258.259132571,"NRI_P118",25
"49640",-4757.922362571,"NRI_P118",50
"49641",-76166.387362571,"NRI_P118",100
"49642",15452.092437429,"NRI_P118",25
"49643",-44797.248512571,"NRI_P118",50
"49644",-76331.941342571,"NRI_P118",100
"49645",-21207.709942571,"NRI_P118",25
"49646",-36403.537352571,"NRI_P118",50
"49647",-61959.963282571,"NRI_P118",100
"49648",-41175.620762571,"NRI_P118",25
"49649",-37684.101622571,"NRI_P118",50
"49650",-38718.612452571,"NRI_P118",100
"49651",-22868.775262571,"NRI_P118",25
"49652",-11898.418372571,"NRI_P118",50
"49653",-61924.644312571,"NRI_P118",100
"49654",-25320.669292571,"NRI_P118",25
"49655",-7398.28818257101,"NRI_P118",50
"49656",-43422.145752571,"NRI_P118",100
"49657",-10983.329232571,"NRI_P118",25
"49658",8661.062387429,"NRI_P118",50
"49659",-12063.449312571,"NRI_P118",100
"49660",11519.734687429,"NRI_P118",25
"49661",-58861.353682571,"NRI_P118",50
"49662",-49049.433732571,"NRI_P118",100
"49663",-30841.809262571,"NRI_P118",25
"49664",13583.736577429,"NRI_P118",50
"49665",-102238.241632571,"NRI_P118",100
"49666",-32732.351512571,"NRI_P118",25
"49667",-1506.62055257102,"NRI_P118",50
"49668",-78830.260552571,"NRI_P118",100
"49669",-3825.13917257101,"NRI_P118",25
"49670",7563.723437429,"NRI_P118",50
"49671",-76059.636422571,"NRI_P118",100
"49672",-36719.123242571,"NRI_P118",25
"49673",-42717.418242571,"NRI_P118",50
"49674",-9491.79261257098,"NRI_P118",100
"49675",24686.989697429,"NRI_P118",25
"49676",-28274.413892571,"NRI_P118",50
"49677",-40682.087202571,"NRI_P118",100
"49678",-6600.583642571,"NRI_P118",25
"49679",-35778.796672571,"NRI_P118",50
"49680",-62956.587002571,"NRI_P118",100
"49681",-6440.97409257101,"NRI_P118",25
"49682",-30477.964552571,"NRI_P118",50
"49683",-28544.171832571,"NRI_P118",100
"49684",23447.787797429,"NRI_P118",25
"49685",-398.314472571015,"NRI_P118",50
"49686",-38215.720582571,"NRI_P118",100
"49687",-33053.178952571,"NRI_P118",25
"49688",1867.64920742897,"NRI_P118",50
"49689",-2052.67520257103,"NRI_P118",100
"49690",-14166.454932571,"NRI_P118",25
"49691",-28801.081522571,"NRI_P118",50
"49692",-37570.781252571,"NRI_P118",100
"49693",-10776.477152571,"NRI_P118",25
"49694",-6468.053852571,"NRI_P118",50
"49695",-53960.546332571,"NRI_P118",100
"49696",-36720.346842571,"NRI_P118",25
"49697",-43752.368802571,"NRI_P118",50
"49698",-40113.357732571,"NRI_P118",100
"49699",49593.325807429,"NRI_P118",25
"49700",2733.19334742898,"NRI_P118",50
"49701",-29460.442582571,"NRI_P118",100
"49702",-21246.242722571,"NRI_P118",25
"49703",-73582.695152571,"NRI_P118",50
"49704",-60584.340772571,"NRI_P118",100
"49705",-14474.322112571,"NRI_P118",25
"49706",-20750.325592571,"NRI_P118",50
"49707",-55504.906552571,"NRI_P118",100
"49708",-23825.800722571,"NRI_P118",25
"49709",-55007.303802571,"NRI_P118",50
"49710",-78817.054162571,"NRI_P118",100
"49711",-19746.580422571,"NRI_P118",25
"49712",-36242.299282571,"NRI_P118",50
"49713",-64300.823342571,"NRI_P118",100
"49714",-23956.830202571,"NRI_P118",25
"49715",-40756.344962571,"NRI_P118",50
"49716",-40741.961902571,"NRI_P118",100
"49717",-19048.469862571,"NRI_P118",25
"49718",19142.622977429,"NRI_P118",50
"49719",-95698.299242571,"NRI_P118",100
"49720",-32391.445682571,"NRI_P118",25
"49721",-62184.177142571,"NRI_P118",50
"49722",-82419.714412571,"NRI_P118",100
"49723",34291.611747429,"NRI_P118",25
"49724",11741.895257429,"NRI_P118",50
"49725",-52343.153782571,"NRI_P118",100
"49726",-24587.973072571,"NRI_P118",25
"49727",14188.891667429,"NRI_P118",50
"49728",-30600.073822571,"NRI_P118",100
"49729",-4757.96891257103,"NRI_P118",25
"49730",-29428.402942571,"NRI_P118",50
"49731",-49487.680222571,"NRI_P118",100
"49732",-6142.80149257102,"NRI_P118",25
"49733",-32908.339932571,"NRI_P118",50
"49734",-8687.57356257102,"NRI_P118",100
"49735",-9754.60654257098,"NRI_P118",25
"49736",-65340.976892571,"NRI_P118",50
"49737",-91495.066102571,"NRI_P118",100
"49738",6319.74064742902,"NRI_P118",25
"49739",-67694.322922571,"NRI_P118",50
"49740",-87895.343042571,"NRI_P118",100
"49741",-17869.100132571,"NRI_P118",25
"49742",12526.504147429,"NRI_P118",50
"49743",-66380.091802571,"NRI_P118",100
"49744",5975.719087429,"NRI_P118",25
"49745",-20272.497572571,"NRI_P118",50
"49746",-49261.004312571,"NRI_P118",100
"49747",-3171.24415257102,"NRI_P118",25
"49748",-32368.513762571,"NRI_P118",50
"49749",-36917.534072571,"NRI_P118",100
"49750",-22099.616982571,"NRI_P118",25
"49751",-15499.890902571,"NRI_P118",50
"49752",-73832.719112571,"NRI_P118",100
"49753",-35579.836692571,"NRI_P118",25
"49754",-2476.10159257101,"NRI_P118",50
"49755",-47495.330302571,"NRI_P118",100
"49756",33479.734907429,"NRI_P118",25
"49757",5199.462727429,"NRI_P118",50
"49758",-15522.312962571,"NRI_P118",100
"49759",7979.758647429,"NRI_P118",25
"49760",3855.202897429,"NRI_P118",50
"49761",-19058.196842571,"NRI_P118",100
"49762",-20557.688232571,"NRI_P118",25
"49763",55002.110867429,"NRI_P118",50
"49764",-79247.346992571,"NRI_P118",100
"49765",-32696.193142571,"NRI_P118",25
"49766",-14891.151082571,"NRI_P118",50
"49767",-64206.531322571,"NRI_P118",100
"49768",864.815957429004,"NRI_P118",25
"49769",-37642.252782571,"NRI_P118",50
"49770",-51000.916792571,"NRI_P118",100
"49771",-39473.767762571,"NRI_P118",25
"49772",-25065.699472571,"NRI_P118",50
"49773",-69655.925322571,"NRI_P118",100
"49774",-12836.663632571,"NRI_P118",25
"49775",-69937.965352571,"NRI_P118",50
"49776",-94129.509182571,"NRI_P118",100
"49777",-30993.599662571,"NRI_P118",25
"49778",3276.52102742897,"NRI_P118",50
"49779",-72640.616952571,"NRI_P118",100
"49780",-31266.507472571,"NRI_P118",25
"49781",-78416.044092571,"NRI_P118",50
"49782",-59681.107502571,"NRI_P118",100
"49783",-25863.008932571,"NRI_P118",25
"49784",-30994.200552571,"NRI_P118",50
"49785",-84051.998112571,"NRI_P118",100
"49786",-43289.061482571,"NRI_P118",25
"49787",-56342.598512571,"NRI_P118",50
"49788",-39943.310752571,"NRI_P118",100
"49789",-43963.694962571,"NRI_P118",25
"49790",-17263.860552571,"NRI_P118",50
"49791",-42429.060652571,"NRI_P118",100
"49792",-37661.605822571,"NRI_P118",25
"49793",-70951.798072571,"NRI_P118",50
"49794",21238.827877429,"NRI_P118",100
"49795",-26832.397252571,"NRI_P118",25
"49796",22491.070377429,"NRI_P118",50
"49797",-26289.759412571,"NRI_P118",100
"49798",-39647.879662571,"NRI_P118",25
"49799",30477.915597429,"NRI_P118",50
"49800",-12626.517962571,"NRI_P118",100
"49801",113.435303976992,"NRI_P119",25
"49802",2701.16110397701,"NRI_P119",50
"49803",162006.745713977,"NRI_P119",100
"49804",67123.410443977,"NRI_P119",25
"49805",20742.307413977,"NRI_P119",50
"49806",104132.735873977,"NRI_P119",100
"49807",-44394.9578660229,"NRI_P119",25
"49808",46162.590483977,"NRI_P119",50
"49809",25699.382923977,"NRI_P119",100
"49810",-28699.2312860229,"NRI_P119",25
"49811",13889.3507539771,"NRI_P119",50
"49812",8269.78976397705,"NRI_P119",100
"49813",-34066.637286023,"NRI_P119",25
"49814",-6976.06873602292,"NRI_P119",50
"49815",19054.7542339771,"NRI_P119",100
"49816",35640.830053977,"NRI_P119",25
"49817",82851.530243977,"NRI_P119",50
"49818",-7582.22167602298,"NRI_P119",100
"49819",-43707.480516023,"NRI_P119",25
"49820",21804.2942439771,"NRI_P119",50
"49821",58923.2705339771,"NRI_P119",100
"49822",-22401.4258960229,"NRI_P119",25
"49823",67768.5974939771,"NRI_P119",50
"49824",32128.6824239771,"NRI_P119",100
"49825",-14302.4064960229,"NRI_P119",25
"49826",-15342.760876023,"NRI_P119",50
"49827",41777.552953977,"NRI_P119",100
"49828",22259.888353977,"NRI_P119",25
"49829",-22308.777646023,"NRI_P119",50
"49830",97932.199553977,"NRI_P119",100
"49831",-25060.541486023,"NRI_P119",25
"49832",5058.03055397701,"NRI_P119",50
"49833",43558.189413977,"NRI_P119",100
"49834",-1158.71248602297,"NRI_P119",25
"49835",88965.988693977,"NRI_P119",50
"49836",42625.0973439771,"NRI_P119",100
"49837",-2720.18854602298,"NRI_P119",25
"49838",82368.583573977,"NRI_P119",50
"49839",11233.522403977,"NRI_P119",100
"49840",22005.5945139771,"NRI_P119",25
"49841",57938.129053977,"NRI_P119",50
"49842",153114.444773977,"NRI_P119",100
"49843",7388.11860397703,"NRI_P119",25
"49844",36409.766243977,"NRI_P119",50
"49845",54170.614783977,"NRI_P119",100
"49846",34607.9506939771,"NRI_P119",25
"49847",9749.77966397698,"NRI_P119",50
"49848",604.631683976972,"NRI_P119",100
"49849",-4785.59312602296,"NRI_P119",25
"49850",-960.395786023,"NRI_P119",50
"49851",31150.4676039771,"NRI_P119",100
"49852",24054.886303977,"NRI_P119",25
"49853",-16358.651506023,"NRI_P119",50
"49854",4581.523963977,"NRI_P119",100
"49855",-11838.7966460229,"NRI_P119",25
"49856",19888.908033977,"NRI_P119",50
"49857",90416.103603977,"NRI_P119",100
"49858",60223.016033977,"NRI_P119",25
"49859",70811.435073977,"NRI_P119",50
"49860",-19782.998906023,"NRI_P119",100
"49861",23373.749553977,"NRI_P119",25
"49862",96955.294783977,"NRI_P119",50
"49863",39434.6497539771,"NRI_P119",100
"49864",-13118.838346023,"NRI_P119",25
"49865",45135.551913977,"NRI_P119",50
"49866",71653.3609039771,"NRI_P119",100
"49867",-14768.226726023,"NRI_P119",25
"49868",30481.094593977,"NRI_P119",50
"49869",48869.6750239771,"NRI_P119",100
"49870",-5297.834066023,"NRI_P119",25
"49871",-6197.09951602295,"NRI_P119",50
"49872",-5255.17285602295,"NRI_P119",100
"49873",5234.12782397703,"NRI_P119",25
"49874",80861.436743977,"NRI_P119",50
"49875",83952.1497539771,"NRI_P119",100
"49876",7352.31191397703,"NRI_P119",25
"49877",-7172.16858602304,"NRI_P119",50
"49878",20888.802573977,"NRI_P119",100
"49879",-6990.52410602302,"NRI_P119",25
"49880",19619.816133977,"NRI_P119",50
"49881",49210.507833977,"NRI_P119",100
"49882",45135.8228039771,"NRI_P119",25
"49883",32506.519983977,"NRI_P119",50
"49884",-18497.587626023,"NRI_P119",100
"49885",-15196.509056023,"NRI_P119",25
"49886",42974.3120739771,"NRI_P119",50
"49887",39720.232803977,"NRI_P119",100
"49888",22095.451083977,"NRI_P119",25
"49889",28635.353353977,"NRI_P119",50
"49890",46576.121793977,"NRI_P119",100
"49891",82.5225039770594,"NRI_P119",25
"49892",-1166.96249602293,"NRI_P119",50
"49893",74119.957713977,"NRI_P119",100
"49894",-14608.516946023,"NRI_P119",25
"49895",5407.03963397699,"NRI_P119",50
"49896",62750.230573977,"NRI_P119",100
"49897",-3731.87327602296,"NRI_P119",25
"49898",45026.2304139771,"NRI_P119",50
"49899",17165.996203977,"NRI_P119",100
"49900",-1894.35370602296,"NRI_P119",25
"49901",87744.911043977,"NRI_P119",50
"49902",111528.569623977,"NRI_P119",100
"49903",-48812.083806023,"NRI_P119",25
"49904",-43507.977246023,"NRI_P119",50
"49905",37091.7858039771,"NRI_P119",100
"49906",18962.145643977,"NRI_P119",25
"49907",-10899.291246023,"NRI_P119",50
"49908",52932.349093977,"NRI_P119",100
"49909",-1474.33864602295,"NRI_P119",25
"49910",12462.435123977,"NRI_P119",50
"49911",26753.244233977,"NRI_P119",100
"49912",77410.2862639771,"NRI_P119",25
"49913",-20024.2036760229,"NRI_P119",50
"49914",-47320.754996023,"NRI_P119",100
"49915",-874.403356023016,"NRI_P119",25
"49916",-14413.8372060229,"NRI_P119",50
"49917",56574.7219439771,"NRI_P119",100
"49918",-20742.037776023,"NRI_P119",25
"49919",32084.292833977,"NRI_P119",50
"49920",66510.200873977,"NRI_P119",100
"49921",67447.410213977,"NRI_P119",25
"49922",15585.5497639771,"NRI_P119",50
"49923",43307.5642439771,"NRI_P119",100
"49924",-33600.336446023,"NRI_P119",25
"49925",115119.603323977,"NRI_P119",50
"49926",-21129.041826023,"NRI_P119",100
"49927",-36042.1828360229,"NRI_P119",25
"49928",-51157.077656023,"NRI_P119",50
"49929",179751.422123977,"NRI_P119",100
"49930",46662.8899839771,"NRI_P119",25
"49931",30535.197903977,"NRI_P119",50
"49932",-27017.472706023,"NRI_P119",100
"49933",200.332523977035,"NRI_P119",25
"49934",-14470.123156023,"NRI_P119",50
"49935",137265.464863977,"NRI_P119",100
"49936",8521.48458397703,"NRI_P119",25
"49937",51518.533243977,"NRI_P119",50
"49938",161290.863923977,"NRI_P119",100
"49939",-37361.1004460229,"NRI_P119",25
"49940",60683.413913977,"NRI_P119",50
"49941",23682.467363977,"NRI_P119",100
"49942",29278.184903977,"NRI_P119",25
"49943",41565.391853977,"NRI_P119",50
"49944",116937.276913977,"NRI_P119",100
"49945",39443.307033977,"NRI_P119",25
"49946",21529.882913977,"NRI_P119",50
"49947",85469.460023977,"NRI_P119",100
"49948",2703.49358397699,"NRI_P119",25
"49949",10905.125513977,"NRI_P119",50
"49950",46447.969213977,"NRI_P119",100
"49951",12969.385683977,"NRI_P119",25
"49952",40169.0142939771,"NRI_P119",50
"49953",40561.712943977,"NRI_P119",100
"49954",33386.8309839771,"NRI_P119",25
"49955",-28089.099716023,"NRI_P119",50
"49956",102293.367903977,"NRI_P119",100
"49957",-5199.33075602294,"NRI_P119",25
"49958",43170.398423977,"NRI_P119",50
"49959",48326.907543977,"NRI_P119",100
"49960",-22756.212586023,"NRI_P119",25
"49961",-23499.380086023,"NRI_P119",50
"49962",-4615.26415602292,"NRI_P119",100
"49963",10123.641583977,"NRI_P119",25
"49964",69647.667263977,"NRI_P119",50
"49965",-29316.2827160229,"NRI_P119",100
"49966",13081.7520339771,"NRI_P119",25
"49967",21993.274203977,"NRI_P119",50
"49968",77963.0947739771,"NRI_P119",100
"49969",44733.747333977,"NRI_P119",25
"49970",34556.233973977,"NRI_P119",50
"49971",39270.690393977,"NRI_P119",100
"49972",25196.671453977,"NRI_P119",25
"49973",2475.32918397698,"NRI_P119",50
"49974",50964.315563977,"NRI_P119",100
"49975",20144.725183977,"NRI_P119",25
"49976",6428.53287397698,"NRI_P119",50
"49977",85711.1093739771,"NRI_P119",100
"49978",-6521.92327602301,"NRI_P119",25
"49979",-15025.737946023,"NRI_P119",50
"49980",23042.341223977,"NRI_P119",100
"49981",20232.7161339771,"NRI_P119",25
"49982",51382.211833977,"NRI_P119",50
"49983",-6881.79905602301,"NRI_P119",100
"49984",29565.7724139771,"NRI_P119",25
"49985",53102.800353977,"NRI_P119",50
"49986",32058.307353977,"NRI_P119",100
"49987",-2525.07708602294,"NRI_P119",25
"49988",104908.975783977,"NRI_P119",50
"49989",112747.967573977,"NRI_P119",100
"49990",-48627.0437260229,"NRI_P119",25
"49991",-1820.13397602295,"NRI_P119",50
"49992",-65745.441926023,"NRI_P119",100
"49993",11622.910753977,"NRI_P119",25
"49994",-4514.07405602303,"NRI_P119",50
"49995",52596.138673977,"NRI_P119",100
"49996",35804.571593977,"NRI_P119",25
"49997",-10865.994156023,"NRI_P119",50
"49998",-24342.870266023,"NRI_P119",100
"49999",-35646.388786023,"NRI_P119",25
"50000",60926.043453977,"NRI_P119",50
"50001",53606.985803977,"NRI_P119",100
"50002",-19561.2539160229,"NRI_P119",25
"50003",-3239.12705602299,"NRI_P119",50
"50004",43602.0355439771,"NRI_P119",100
"50005",68658.134913977,"NRI_P119",25
"50006",58.2984139770269,"NRI_P119",50
"50007",19468.305433977,"NRI_P119",100
"50008",49181.517103977,"NRI_P119",25
"50009",28978.092163977,"NRI_P119",50
"50010",5582.67088397697,"NRI_P119",100
"50011",5970.57870397705,"NRI_P119",25
"50012",65511.201803977,"NRI_P119",50
"50013",63312.405863977,"NRI_P119",100
"50014",32861.968233977,"NRI_P119",25
"50015",57555.8403239771,"NRI_P119",50
"50016",117115.349253977,"NRI_P119",100
"50017",-205.424496022984,"NRI_P119",25
"50018",31638.776673977,"NRI_P119",50
"50019",68093.728323977,"NRI_P119",100
"50020",95349.2070239771,"NRI_P119",25
"50021",20142.909533977,"NRI_P119",50
"50022",33172.063253977,"NRI_P119",100
"50023",8846.411133977,"NRI_P119",25
"50024",-30675.515566023,"NRI_P119",50
"50025",88973.890753977,"NRI_P119",100
"50026",97542.613113977,"NRI_P119",25
"50027",-4637.323226023,"NRI_P119",50
"50028",52069.741503977,"NRI_P119",100
"50029",-11020.302076023,"NRI_P119",25
"50030",80744.5973439771,"NRI_P119",50
"50031",-16226.128006023,"NRI_P119",100
"50032",7979.43259397708,"NRI_P119",25
"50033",21962.164973977,"NRI_P119",50
"50034",31717.456983977,"NRI_P119",100
"50035",3256.51516397705,"NRI_P119",25
"50036",33720.596873977,"NRI_P119",50
"50037",27792.7753639771,"NRI_P119",100
"50038",50568.011523977,"NRI_P119",25
"50039",87861.348103977,"NRI_P119",50
"50040",13697.436793977,"NRI_P119",100
"50041",-38016.608006023,"NRI_P119",25
"50042",16991.284233977,"NRI_P119",50
"50043",16031.0246739771,"NRI_P119",100
"50044",-1934.585686023,"NRI_P119",25
"50045",-56787.0148760229,"NRI_P119",50
"50046",9245.34560397698,"NRI_P119",100
"50047",-26812.351856023,"NRI_P119",25
"50048",41339.579893977,"NRI_P119",50
"50049",31100.680763977,"NRI_P119",100
"50050",29808.8299439771,"NRI_P119",25
"50051",-16569.342866023,"NRI_P119",50
"50052",71878.996843977,"NRI_P119",100
"50053",7558.06547397701,"NRI_P119",25
"50054",15439.3302939771,"NRI_P119",50
"50055",57572.356693977,"NRI_P119",100
"50056",-427.063466022955,"NRI_P119",25
"50057",38896.054453977,"NRI_P119",50
"50058",26633.5496739771,"NRI_P119",100
"50059",39183.561423977,"NRI_P119",25
"50060",32203.182403977,"NRI_P119",50
"50061",83802.020963977,"NRI_P119",100
"50062",-17166.261776023,"NRI_P119",25
"50063",40128.501673977,"NRI_P119",50
"50064",56473.810013977,"NRI_P119",100
"50065",17339.599063977,"NRI_P119",25
"50066",26041.0883839771,"NRI_P119",50
"50067",101598.682053977,"NRI_P119",100
"50068",-5665.49954602297,"NRI_P119",25
"50069",62442.4306639771,"NRI_P119",50
"50070",-21783.547016023,"NRI_P119",100
"50071",13688.373503977,"NRI_P119",25
"50072",106620.850333977,"NRI_P119",50
"50073",78511.657403977,"NRI_P119",100
"50074",-1970.69580602297,"NRI_P119",25
"50075",-10582.782326023,"NRI_P119",50
"50076",8421.53888397699,"NRI_P119",100
"50077",-5789.54352602293,"NRI_P119",25
"50078",20750.652583977,"NRI_P119",50
"50079",9353.76457397698,"NRI_P119",100
"50080",19705.025613977,"NRI_P119",25
"50081",12065.7361939771,"NRI_P119",50
"50082",80826.762513977,"NRI_P119",100
"50083",51745.810703977,"NRI_P119",25
"50084",62281.5619339771,"NRI_P119",50
"50085",36837.225453977,"NRI_P119",100
"50086",-1677.24249602295,"NRI_P119",25
"50087",42135.807093977,"NRI_P119",50
"50088",110424.753883977,"NRI_P119",100
"50089",-67.2940460229293,"NRI_P119",25
"50090",20249.873293977,"NRI_P119",50
"50091",95534.543933977,"NRI_P119",100
"50092",54032.0864739771,"NRI_P119",25
"50093",27617.0603439771,"NRI_P119",50
"50094",-30996.168106023,"NRI_P119",100
"50095",12425.879643977,"NRI_P119",25
"50096",40944.990913977,"NRI_P119",50
"50097",86066.604733977,"NRI_P119",100
"50098",-27149.779376023,"NRI_P119",25
"50099",26109.3724939771,"NRI_P119",50
"50100",59227.7987239771,"NRI_P119",100
"50101",-23368.651366259,"NRI_P120",25
"50102",-34479.768906259,"NRI_P120",50
"50103",-58709.362906259,"NRI_P120",100
"50104",3002.97344374098,"NRI_P120",25
"50105",9947.53733374097,"NRI_P120",50
"50106",-63369.865306259,"NRI_P120",100
"50107",3196.06843374099,"NRI_P120",25
"50108",-47775.637586259,"NRI_P120",50
"50109",-65470.797816259,"NRI_P120",100
"50110",-10091.086026259,"NRI_P120",25
"50111",-41399.273496259,"NRI_P120",50
"50112",-88061.210156259,"NRI_P120",100
"50113",-15322.210466259,"NRI_P120",25
"50114",-17444.836676259,"NRI_P120",50
"50115",-31197.571676259,"NRI_P120",100
"50116",-9366.46418625902,"NRI_P120",25
"50117",-20825.903036259,"NRI_P120",50
"50118",-19393.708416259,"NRI_P120",100
"50119",-8203.825546259,"NRI_P120",25
"50120",-21683.122936259,"NRI_P120",50
"50121",-74675.780116259,"NRI_P120",100
"50122",-16387.124146259,"NRI_P120",25
"50123",-45383.323266259,"NRI_P120",50
"50124",-63409.900126259,"NRI_P120",100
"50125",-622.074066259025,"NRI_P120",25
"50126",-33110.610126259,"NRI_P120",50
"50127",-85755.267056259,"NRI_P120",100
"50128",-20801.857446259,"NRI_P120",25
"50129",-9844.46706625901,"NRI_P120",50
"50130",-69785.705216259,"NRI_P120",100
"50131",-23746.597946259,"NRI_P120",25
"50132",-40989.159456259,"NRI_P120",50
"50133",-83621.800336259,"NRI_P120",100
"50134",1668.86339374096,"NRI_P120",25
"50135",-34436.222356259,"NRI_P120",50
"50136",-87885.534466259,"NRI_P120",100
"50137",35.3032037409721,"NRI_P120",25
"50138",-61717.940256259,"NRI_P120",50
"50139",-62941.910806259,"NRI_P120",100
"50140",-27543.707736259,"NRI_P120",25
"50141",-21053.664366259,"NRI_P120",50
"50142",-81406.749346259,"NRI_P120",100
"50143",-18664.443276259,"NRI_P120",25
"50144",-58309.438106259,"NRI_P120",50
"50145",-59685.384486259,"NRI_P120",100
"50146",-12759.084876259,"NRI_P120",25
"50147",-6987.25964625902,"NRI_P120",50
"50148",-69998.484996259,"NRI_P120",100
"50149",4372.47925374098,"NRI_P120",25
"50150",-24683.769076259,"NRI_P120",50
"50151",-82975.752266259,"NRI_P120",100
"50152",10823.864363741,"NRI_P120",25
"50153",-17963.598396259,"NRI_P120",50
"50154",-68352.479716259,"NRI_P120",100
"50155",-24296.029366259,"NRI_P120",25
"50156",-42123.547026259,"NRI_P120",50
"50157",-78247.302336259,"NRI_P120",100
"50158",-17351.325016259,"NRI_P120",25
"50159",-42288.966226259,"NRI_P120",50
"50160",-78665.455196259,"NRI_P120",100
"50161",-17324.236466259,"NRI_P120",25
"50162",-51133.653406259,"NRI_P120",50
"50163",-40879.787176259,"NRI_P120",100
"50164",-23021.459106259,"NRI_P120",25
"50165",-40252.506186259,"NRI_P120",50
"50166",-65022.385946259,"NRI_P120",100
"50167",-24045.323656259,"NRI_P120",25
"50168",-52322.034236259,"NRI_P120",50
"50169",-80556.403616259,"NRI_P120",100
"50170",-34033.243676259,"NRI_P120",25
"50171",-24726.010806259,"NRI_P120",50
"50172",-71681.980016259,"NRI_P120",100
"50173",-22946.539356259,"NRI_P120",25
"50174",-9922.05573625903,"NRI_P120",50
"50175",-61030.801376259,"NRI_P120",100
"50176",-2143.91445625899,"NRI_P120",25
"50177",-58121.915896259,"NRI_P120",50
"50178",-84398.280896259,"NRI_P120",100
"50179",8111.87449374096,"NRI_P120",25
"50180",-26229.875886259,"NRI_P120",50
"50181",-84220.985366259,"NRI_P120",100
"50182",-16445.315576259,"NRI_P120",25
"50183",-13082.915546259,"NRI_P120",50
"50184",-87129.190726259,"NRI_P120",100
"50185",-16720.262256259,"NRI_P120",25
"50186",-29723.398306259,"NRI_P120",50
"50187",-45342.504676259,"NRI_P120",100
"50188",-6261.29759625898,"NRI_P120",25
"50189",-5146.96177625901,"NRI_P120",50
"50190",-81409.946476259,"NRI_P120",100
"50191",-17177.731276259,"NRI_P120",25
"50192",-16860.815266259,"NRI_P120",50
"50193",-86146.365996259,"NRI_P120",100
"50194",-44502.500386259,"NRI_P120",25
"50195",-44284.311796259,"NRI_P120",50
"50196",-53700.756376259,"NRI_P120",100
"50197",-14750.217356259,"NRI_P120",25
"50198",-22819.747836259,"NRI_P120",50
"50199",-49945.920396259,"NRI_P120",100
"50200",-2268.84820625902,"NRI_P120",25
"50201",-50267.114006259,"NRI_P120",50
"50202",-60822.575026259,"NRI_P120",100
"50203",-17467.436336259,"NRI_P120",25
"50204",-20484.128396259,"NRI_P120",50
"50205",-45038.170606259,"NRI_P120",100
"50206",-15993.421516259,"NRI_P120",25
"50207",-40159.710306259,"NRI_P120",50
"50208",-73139.448316259,"NRI_P120",100
"50209",12941.398973741,"NRI_P120",25
"50210",3966.035923741,"NRI_P120",50
"50211",-68883.418316259,"NRI_P120",100
"50212",-5033.42329625902,"NRI_P120",25
"50213",-34584.395136259,"NRI_P120",50
"50214",-38976.149666259,"NRI_P120",100
"50215",-8175.28191625903,"NRI_P120",25
"50216",-18522.821876259,"NRI_P120",50
"50217",-70057.762446259,"NRI_P120",100
"50218",4059.63046374096,"NRI_P120",25
"50219",-30209.345026259,"NRI_P120",50
"50220",-90042.121296259,"NRI_P120",100
"50221",-14501.313726259,"NRI_P120",25
"50222",-33964.591796259,"NRI_P120",50
"50223",-70742.281846259,"NRI_P120",100
"50224",-34611.154426259,"NRI_P120",25
"50225",-29156.147106259,"NRI_P120",50
"50226",-74367.166316259,"NRI_P120",100
"50227",-1877.33872625901,"NRI_P120",25
"50228",-38647.008466259,"NRI_P120",50
"50229",-78092.795496259,"NRI_P120",100
"50230",476.256193740992,"NRI_P120",25
"50231",-45510.828716259,"NRI_P120",50
"50232",-51661.311326259,"NRI_P120",100
"50233",-10620.262246259,"NRI_P120",25
"50234",-24871.227606259,"NRI_P120",50
"50235",-52328.178736259,"NRI_P120",100
"50236",-32285.466136259,"NRI_P120",25
"50237",-14761.810266259,"NRI_P120",50
"50238",-73079.668476259,"NRI_P120",100
"50239",-34567.597976259,"NRI_P120",25
"50240",-45840.846426259,"NRI_P120",50
"50241",-71038.293686259,"NRI_P120",100
"50242",1022.89344374096,"NRI_P120",25
"50243",2203.95717374102,"NRI_P120",50
"50244",-25434.682466259,"NRI_P120",100
"50245",1011.10325374099,"NRI_P120",25
"50246",-19668.392726259,"NRI_P120",50
"50247",-48650.796546259,"NRI_P120",100
"50248",-9381.87525625899,"NRI_P120",25
"50249",445.306873740978,"NRI_P120",50
"50250",-38484.188176259,"NRI_P120",100
"50251",-20037.274036259,"NRI_P120",25
"50252",-23668.172386259,"NRI_P120",50
"50253",-61953.350236259,"NRI_P120",100
"50254",3778.00339374098,"NRI_P120",25
"50255",-33452.334706259,"NRI_P120",50
"50256",-51466.533766259,"NRI_P120",100
"50257",-19213.057116259,"NRI_P120",25
"50258",-31426.620146259,"NRI_P120",50
"50259",-18207.579906259,"NRI_P120",100
"50260",-22744.060016259,"NRI_P120",25
"50261",-48820.490406259,"NRI_P120",50
"50262",-55080.518396259,"NRI_P120",100
"50263",-9305.947006259,"NRI_P120",25
"50264",-31974.084796259,"NRI_P120",50
"50265",-64422.422676259,"NRI_P120",100
"50266",-14853.679186259,"NRI_P120",25
"50267",-51021.716876259,"NRI_P120",50
"50268",-85106.596696259,"NRI_P120",100
"50269",-25123.058466259,"NRI_P120",25
"50270",-37663.201906259,"NRI_P120",50
"50271",-85737.544246259,"NRI_P120",100
"50272",-26038.229946259,"NRI_P120",25
"50273",-50412.597376259,"NRI_P120",50
"50274",-73287.518506259,"NRI_P120",100
"50275",-35486.527866259,"NRI_P120",25
"50276",-55500.777436259,"NRI_P120",50
"50277",-19596.707156259,"NRI_P120",100
"50278",-32520.496566259,"NRI_P120",25
"50279",-42847.179716259,"NRI_P120",50
"50280",-87740.661296259,"NRI_P120",100
"50281",-13268.129016259,"NRI_P120",25
"50282",-25952.028826259,"NRI_P120",50
"50283",-21150.231026259,"NRI_P120",100
"50284",-6836.85075625899,"NRI_P120",25
"50285",-9769.51877625904,"NRI_P120",50
"50286",-80382.720596259,"NRI_P120",100
"50287",-7641.92810625903,"NRI_P120",25
"50288",-38467.453446259,"NRI_P120",50
"50289",-92546.500296259,"NRI_P120",100
"50290",17700.351713741,"NRI_P120",25
"50291",-4004.89335625898,"NRI_P120",50
"50292",-65132.533686259,"NRI_P120",100
"50293",-9588.16649625899,"NRI_P120",25
"50294",-40296.611016259,"NRI_P120",50
"50295",-70398.902436259,"NRI_P120",100
"50296",-12170.347446259,"NRI_P120",25
"50297",-50651.579336259,"NRI_P120",50
"50298",-84553.367686259,"NRI_P120",100
"50299",-15283.871976259,"NRI_P120",25
"50300",-28369.256586259,"NRI_P120",50
"50301",-103241.086356259,"NRI_P120",100
"50302",-46393.538256259,"NRI_P120",25
"50303",-29241.916816259,"NRI_P120",50
"50304",-62170.474946259,"NRI_P120",100
"50305",-20834.002976259,"NRI_P120",25
"50306",-2.50418625900056,"NRI_P120",50
"50307",-57375.849806259,"NRI_P120",100
"50308",-1935.99921625899,"NRI_P120",25
"50309",-44608.307266259,"NRI_P120",50
"50310",-53869.371626259,"NRI_P120",100
"50311",-34218.805566259,"NRI_P120",25
"50312",-49734.688446259,"NRI_P120",50
"50313",-53668.935406259,"NRI_P120",100
"50314",-18994.256016259,"NRI_P120",25
"50315",-39405.690126259,"NRI_P120",50
"50316",-59593.729136259,"NRI_P120",100
"50317",-24996.442276259,"NRI_P120",25
"50318",-9986.774076259,"NRI_P120",50
"50319",-59251.560666259,"NRI_P120",100
"50320",-29323.027066259,"NRI_P120",25
"50321",-33572.166336259,"NRI_P120",50
"50322",-22836.882306259,"NRI_P120",100
"50323",-27512.385246259,"NRI_P120",25
"50324",-32592.716696259,"NRI_P120",50
"50325",-73053.438486259,"NRI_P120",100
"50326",-22095.863486259,"NRI_P120",25
"50327",-16323.883966259,"NRI_P120",50
"50328",-58003.861946259,"NRI_P120",100
"50329",-26828.269206259,"NRI_P120",25
"50330",-18996.994796259,"NRI_P120",50
"50331",-68513.920306259,"NRI_P120",100
"50332",-50256.894596259,"NRI_P120",25
"50333",-8977.77517625899,"NRI_P120",50
"50334",-75263.816596259,"NRI_P120",100
"50335",-32831.041576259,"NRI_P120",25
"50336",-54408.438596259,"NRI_P120",50
"50337",-59472.835576259,"NRI_P120",100
"50338",-20998.120826259,"NRI_P120",25
"50339",-49127.614976259,"NRI_P120",50
"50340",-48595.699566259,"NRI_P120",100
"50341",-11584.378876259,"NRI_P120",25
"50342",-8279.28945625899,"NRI_P120",50
"50343",-73815.930426259,"NRI_P120",100
"50344",-23991.698016259,"NRI_P120",25
"50345",-39865.916166259,"NRI_P120",50
"50346",-58888.882456259,"NRI_P120",100
"50347",-23388.164036259,"NRI_P120",25
"50348",-14664.790116259,"NRI_P120",50
"50349",-75651.813986259,"NRI_P120",100
"50350",-13126.630006259,"NRI_P120",25
"50351",-23085.962906259,"NRI_P120",50
"50352",-79388.887426259,"NRI_P120",100
"50353",-21217.111436259,"NRI_P120",25
"50354",-30693.347396259,"NRI_P120",50
"50355",-58398.105786259,"NRI_P120",100
"50356",-21531.109286259,"NRI_P120",25
"50357",-45509.796766259,"NRI_P120",50
"50358",-30654.902886259,"NRI_P120",100
"50359",-19283.823016259,"NRI_P120",25
"50360",-17428.302436259,"NRI_P120",50
"50361",-44410.935196259,"NRI_P120",100
"50362",-29053.950136259,"NRI_P120",25
"50363",-28900.613346259,"NRI_P120",50
"50364",-68469.240146259,"NRI_P120",100
"50365",-22413.739546259,"NRI_P120",25
"50366",-43905.217326259,"NRI_P120",50
"50367",-41751.233856259,"NRI_P120",100
"50368",-12609.585636259,"NRI_P120",25
"50369",-31205.276036259,"NRI_P120",50
"50370",-39369.390156259,"NRI_P120",100
"50371",-20683.907766259,"NRI_P120",25
"50372",-65548.112556259,"NRI_P120",50
"50373",-47696.344876259,"NRI_P120",100
"50374",-20470.887516259,"NRI_P120",25
"50375",-7234.78414625901,"NRI_P120",50
"50376",-52928.015726259,"NRI_P120",100
"50377",-22114.221366259,"NRI_P120",25
"50378",-36892.963976259,"NRI_P120",50
"50379",-91520.524136259,"NRI_P120",100
"50380",-23569.538216259,"NRI_P120",25
"50381",-29867.865796259,"NRI_P120",50
"50382",-63770.378306259,"NRI_P120",100
"50383",-44792.669766259,"NRI_P120",25
"50384",-41738.509976259,"NRI_P120",50
"50385",-42804.910046259,"NRI_P120",100
"50386",-16087.756856259,"NRI_P120",25
"50387",2522.03030374099,"NRI_P120",50
"50388",-84838.590006259,"NRI_P120",100
"50389",-16999.686846259,"NRI_P120",25
"50390",-24719.361196259,"NRI_P120",50
"50391",-39235.639726259,"NRI_P120",100
"50392",-20928.505416259,"NRI_P120",25
"50393",-1149.59497625899,"NRI_P120",50
"50394",-88283.076846259,"NRI_P120",100
"50395",-471.195136259019,"NRI_P120",25
"50396",-52579.128406259,"NRI_P120",50
"50397",-48572.305566259,"NRI_P120",100
"50398",-5964.582716259,"NRI_P120",25
"50399",-44283.618326259,"NRI_P120",50
"50400",-52683.045566259,"NRI_P120",100
"50401",10880.662482546,"NRI_P122",25
"50402",9860.73496254603,"NRI_P122",50
"50403",-25685.791997454,"NRI_P122",100
"50404",4468.26025254605,"NRI_P122",25
"50405",-20190.190147454,"NRI_P122",50
"50406",13901.200422546,"NRI_P122",100
"50407",4941.80596254603,"NRI_P122",25
"50408",687.989112546027,"NRI_P122",50
"50409",9242.50800254603,"NRI_P122",100
"50410",-4329.91704745399,"NRI_P122",25
"50411",-4329.85476745397,"NRI_P122",50
"50412",10017.803612546,"NRI_P122",100
"50413",11034.970752546,"NRI_P122",25
"50414",-18275.523147454,"NRI_P122",50
"50415",-18257.178467454,"NRI_P122",100
"50416",7701.265092546,"NRI_P122",25
"50417",34010.160762546,"NRI_P122",50
"50418",-9856.38977745397,"NRI_P122",100
"50419",22293.009112546,"NRI_P122",25
"50420",-14252.543067454,"NRI_P122",50
"50421",-5633.61046745395,"NRI_P122",100
"50422",3303.25406254601,"NRI_P122",25
"50423",12385.389522546,"NRI_P122",50
"50424",8802.49798254605,"NRI_P122",100
"50425",-257.969437453954,"NRI_P122",25
"50426",-25714.128777454,"NRI_P122",50
"50427",9226.18165254605,"NRI_P122",100
"50428",15298.222162546,"NRI_P122",25
"50429",-17320.192807454,"NRI_P122",50
"50430",-21149.428767454,"NRI_P122",100
"50431",-13293.1536874539,"NRI_P122",25
"50432",-29179.8938574539,"NRI_P122",50
"50433",14347.273432546,"NRI_P122",100
"50434",5914.65545254602,"NRI_P122",25
"50435",-26910.299047454,"NRI_P122",50
"50436",-21045.881017454,"NRI_P122",100
"50437",-11297.266627454,"NRI_P122",25
"50438",-6040.61887745396,"NRI_P122",50
"50439",21512.472472546,"NRI_P122",100
"50440",6544.61960254604,"NRI_P122",25
"50441",30427.489952546,"NRI_P122",50
"50442",-26686.8840874539,"NRI_P122",100
"50443",10995.224112546,"NRI_P122",25
"50444",4819.985822546,"NRI_P122",50
"50445",23036.014092546,"NRI_P122",100
"50446",7989.79490254604,"NRI_P122",25
"50447",-13962.206827454,"NRI_P122",50
"50448",-30453.828117454,"NRI_P122",100
"50449",-14262.163867454,"NRI_P122",25
"50450",5822.36743254605,"NRI_P122",50
"50451",-36116.716787454,"NRI_P122",100
"50452",4438.89814254601,"NRI_P122",25
"50453",6658.24675254605,"NRI_P122",50
"50454",14734.597022546,"NRI_P122",100
"50455",22657.850572546,"NRI_P122",25
"50456",-21539.547017454,"NRI_P122",50
"50457",-8173.10068745399,"NRI_P122",100
"50458",-31032.4266974539,"NRI_P122",25
"50459",-11662.3684474539,"NRI_P122",50
"50460",-28902.560767454,"NRI_P122",100
"50461",-11819.174987454,"NRI_P122",25
"50462",2398.34261254605,"NRI_P122",50
"50463",-36174.133097454,"NRI_P122",100
"50464",5534.01458254602,"NRI_P122",25
"50465",-21625.912787454,"NRI_P122",50
"50466",14269.051512546,"NRI_P122",100
"50467",-22071.966907454,"NRI_P122",25
"50468",35651.964712546,"NRI_P122",50
"50469",6702.17315254605,"NRI_P122",100
"50470",9811.19843254605,"NRI_P122",25
"50471",-48808.920557454,"NRI_P122",50
"50472",2120.83922254603,"NRI_P122",100
"50473",9776.54340254603,"NRI_P122",25
"50474",-14220.306577454,"NRI_P122",50
"50475",-18498.4651174539,"NRI_P122",100
"50476",-4349.80793745397,"NRI_P122",25
"50477",3431.930232546,"NRI_P122",50
"50478",2203.93372254603,"NRI_P122",100
"50479",-5947.69590745395,"NRI_P122",25
"50480",3124.80152254604,"NRI_P122",50
"50481",-17385.650827454,"NRI_P122",100
"50482",-9603.05043745396,"NRI_P122",25
"50483",-30002.502377454,"NRI_P122",50
"50484",17002.235282546,"NRI_P122",100
"50485",-18482.463807454,"NRI_P122",25
"50486",-40015.561777454,"NRI_P122",50
"50487",8735.89650254603,"NRI_P122",100
"50488",998.346622546029,"NRI_P122",25
"50489",-23705.609887454,"NRI_P122",50
"50490",-29992.4042074539,"NRI_P122",100
"50491",23009.021282546,"NRI_P122",25
"50492",-34124.190537454,"NRI_P122",50
"50493",-31391.206527454,"NRI_P122",100
"50494",-14119.106247454,"NRI_P122",25
"50495",42903.472522546,"NRI_P122",50
"50496",-2745.60045745398,"NRI_P122",100
"50497",28004.4432425461,"NRI_P122",25
"50498",2093.82504254603,"NRI_P122",50
"50499",26940.787492546,"NRI_P122",100
"50500",18655.1213625461,"NRI_P122",25
"50501",20673.813792546,"NRI_P122",50
"50502",-58337.0265774539,"NRI_P122",100
"50503",18564.168452546,"NRI_P122",25
"50504",-4308.50667745399,"NRI_P122",50
"50505",-4041.21270745399,"NRI_P122",100
"50506",18573.941032546,"NRI_P122",25
"50507",-23171.477277454,"NRI_P122",50
"50508",-29365.8488474539,"NRI_P122",100
"50509",722.787222546001,"NRI_P122",25
"50510",17994.0311825461,"NRI_P122",50
"50511",63300.317522546,"NRI_P122",100
"50512",4639.26480254601,"NRI_P122",25
"50513",974.39858254604,"NRI_P122",50
"50514",-594.149297453987,"NRI_P122",100
"50515",3049.19516254601,"NRI_P122",25
"50516",-4897.25965745398,"NRI_P122",50
"50517",19641.9696225461,"NRI_P122",100
"50518",-6386.447947454,"NRI_P122",25
"50519",8864.73457254603,"NRI_P122",50
"50520",64929.7116425461,"NRI_P122",100
"50521",-15235.7074274539,"NRI_P122",25
"50522",2916.35656254605,"NRI_P122",50
"50523",-12230.385097454,"NRI_P122",100
"50524",-33789.640117454,"NRI_P122",25
"50525",-32124.175167454,"NRI_P122",50
"50526",29654.533142546,"NRI_P122",100
"50527",-1634.61629745399,"NRI_P122",25
"50528",23924.5490625461,"NRI_P122",50
"50529",-19985.339107454,"NRI_P122",100
"50530",23051.535232546,"NRI_P122",25
"50531",-3459.93808745395,"NRI_P122",50
"50532",-51414.254137454,"NRI_P122",100
"50533",-12395.907687454,"NRI_P122",25
"50534",5132.62469254603,"NRI_P122",50
"50535",-3448.46293745399,"NRI_P122",100
"50536",-2143.88947745395,"NRI_P122",25
"50537",41748.7001225461,"NRI_P122",50
"50538",-3438.57039745396,"NRI_P122",100
"50539",-14453.010607454,"NRI_P122",25
"50540",-4726.73262745398,"NRI_P122",50
"50541",-16560.518067454,"NRI_P122",100
"50542",-6002.11387745396,"NRI_P122",25
"50543",34820.476432546,"NRI_P122",50
"50544",-10456.021867454,"NRI_P122",100
"50545",-9309.34479745396,"NRI_P122",25
"50546",-6811.78662745398,"NRI_P122",50
"50547",24481.734322546,"NRI_P122",100
"50548",-8850.75573745399,"NRI_P122",25
"50549",41513.460772546,"NRI_P122",50
"50550",-47219.282897454,"NRI_P122",100
"50551",-12198.962797454,"NRI_P122",25
"50552",1356.95994254603,"NRI_P122",50
"50553",-38608.465087454,"NRI_P122",100
"50554",2457.38481254602,"NRI_P122",25
"50555",3576.99271254602,"NRI_P122",50
"50556",8201.97607254604,"NRI_P122",100
"50557",-21194.951427454,"NRI_P122",25
"50558",16602.044342546,"NRI_P122",50
"50559",-10724.875117454,"NRI_P122",100
"50560",12464.586482546,"NRI_P122",25
"50561",27871.415192546,"NRI_P122",50
"50562",10036.8530625461,"NRI_P122",100
"50563",28084.225902546,"NRI_P122",25
"50564",-14901.839347454,"NRI_P122",50
"50565",-22492.910367454,"NRI_P122",100
"50566",3912.62403254601,"NRI_P122",25
"50567",9866.98449254601,"NRI_P122",50
"50568",-35561.437757454,"NRI_P122",100
"50569",-39684.764447454,"NRI_P122",25
"50570",-17248.7142074539,"NRI_P122",50
"50571",-1975.23748745397,"NRI_P122",100
"50572",-1343.30312745395,"NRI_P122",25
"50573",-10232.681737454,"NRI_P122",50
"50574",4895.73982254602,"NRI_P122",100
"50575",7949.64542254602,"NRI_P122",25
"50576",-20461.250027454,"NRI_P122",50
"50577",16836.186192546,"NRI_P122",100
"50578",34318.269182546,"NRI_P122",25
"50579",-11136.105447454,"NRI_P122",50
"50580",-9125.81693745399,"NRI_P122",100
"50581",13867.793242546,"NRI_P122",25
"50582",6389.90820254601,"NRI_P122",50
"50583",40227.9873425461,"NRI_P122",100
"50584",-952.66027745395,"NRI_P122",25
"50585",3527.90302254603,"NRI_P122",50
"50586",-67342.7536674539,"NRI_P122",100
"50587",-16547.388067454,"NRI_P122",25
"50588",443.934102546016,"NRI_P122",50
"50589",-8257.19731745397,"NRI_P122",100
"50590",-14444.215677454,"NRI_P122",25
"50591",-10005.122127454,"NRI_P122",50
"50592",-33470.9980874539,"NRI_P122",100
"50593",-19749.988357454,"NRI_P122",25
"50594",-50205.291437454,"NRI_P122",50
"50595",1611.93586254603,"NRI_P122",100
"50596",-22196.753267454,"NRI_P122",25
"50597",42660.031852546,"NRI_P122",50
"50598",-17136.827067454,"NRI_P122",100
"50599",11600.9833825461,"NRI_P122",25
"50600",-10832.500567454,"NRI_P122",50
"50601",-15273.984127454,"NRI_P122",100
"50602",-14426.173607454,"NRI_P122",25
"50603",55214.157052546,"NRI_P122",50
"50604",-19311.767307454,"NRI_P122",100
"50605",4474.22666254605,"NRI_P122",25
"50606",-3108.49802745396,"NRI_P122",50
"50607",-27138.516337454,"NRI_P122",100
"50608",-7004.33824745397,"NRI_P122",25
"50609",-2926.09083745396,"NRI_P122",50
"50610",-99.3914174539968,"NRI_P122",100
"50611",12239.126202546,"NRI_P122",25
"50612",-8253.03033745399,"NRI_P122",50
"50613",1194.11989254603,"NRI_P122",100
"50614",-13944.131357454,"NRI_P122",25
"50615",-9424.83414745395,"NRI_P122",50
"50616",-20761.659447454,"NRI_P122",100
"50617",8455.42358254601,"NRI_P122",25
"50618",-26950.998027454,"NRI_P122",50
"50619",-39065.865997454,"NRI_P122",100
"50620",19785.369372546,"NRI_P122",25
"50621",-35578.348747454,"NRI_P122",50
"50622",29249.812772546,"NRI_P122",100
"50623",18027.911402546,"NRI_P122",25
"50624",-4759.88039745396,"NRI_P122",50
"50625",5412.37569254602,"NRI_P122",100
"50626",-23571.644297454,"NRI_P122",25
"50627",8674.86086254602,"NRI_P122",50
"50628",13651.302962546,"NRI_P122",100
"50629",-5350.29517745395,"NRI_P122",25
"50630",-19725.6021874539,"NRI_P122",50
"50631",45466.720852546,"NRI_P122",100
"50632",1025.62569254602,"NRI_P122",25
"50633",2058.50048254605,"NRI_P122",50
"50634",6231.19428254606,"NRI_P122",100
"50635",27474.985272546,"NRI_P122",25
"50636",25529.418892546,"NRI_P122",50
"50637",-15928.476027454,"NRI_P122",100
"50638",3710.28970254603,"NRI_P122",25
"50639",9674.24249254604,"NRI_P122",50
"50640",26049.7548025461,"NRI_P122",100
"50641",-14200.563037454,"NRI_P122",25
"50642",-22617.331437454,"NRI_P122",50
"50643",-1552.52190745395,"NRI_P122",100
"50644",-27310.970727454,"NRI_P122",25
"50645",18005.141182546,"NRI_P122",50
"50646",8422.24900254601,"NRI_P122",100
"50647",1250.14204254601,"NRI_P122",25
"50648",-4809.10142745398,"NRI_P122",50
"50649",-5365.05179745395,"NRI_P122",100
"50650",1494.27240254602,"NRI_P122",25
"50651",20233.155572546,"NRI_P122",50
"50652",-18921.838237454,"NRI_P122",100
"50653",18979.495382546,"NRI_P122",25
"50654",-3239.27617745398,"NRI_P122",50
"50655",34434.372522546,"NRI_P122",100
"50656",-10737.1235074539,"NRI_P122",25
"50657",-10601.122737454,"NRI_P122",50
"50658",-41321.690057454,"NRI_P122",100
"50659",15157.654552546,"NRI_P122",25
"50660",15431.921812546,"NRI_P122",50
"50661",-14674.541987454,"NRI_P122",100
"50662",12424.355082546,"NRI_P122",25
"50663",3407.27412254602,"NRI_P122",50
"50664",-6246.18584745395,"NRI_P122",100
"50665",4426.09951254603,"NRI_P122",25
"50666",-22086.540697454,"NRI_P122",50
"50667",-22475.880437454,"NRI_P122",100
"50668",14580.386152546,"NRI_P122",25
"50669",37288.7217025461,"NRI_P122",50
"50670",-20890.137827454,"NRI_P122",100
"50671",-16467.438317454,"NRI_P122",25
"50672",-27389.950907454,"NRI_P122",50
"50673",23709.418272546,"NRI_P122",100
"50674",-18222.330487454,"NRI_P122",25
"50675",-19138.154717454,"NRI_P122",50
"50676",-13829.058667454,"NRI_P122",100
"50677",16595.592602546,"NRI_P122",25
"50678",-30179.151917454,"NRI_P122",50
"50679",-19468.7153774539,"NRI_P122",100
"50680",4.36257254600059,"NRI_P122",25
"50681",35756.0224225461,"NRI_P122",50
"50682",-41144.6547274539,"NRI_P122",100
"50683",-27181.435157454,"NRI_P122",25
"50684",6462.75193254603,"NRI_P122",50
"50685",-2949.76033745398,"NRI_P122",100
"50686",9998.29469254601,"NRI_P122",25
"50687",-28811.438967454,"NRI_P122",50
"50688",26209.724302546,"NRI_P122",100
"50689",8286.688052546,"NRI_P122",25
"50690",-42781.772837454,"NRI_P122",50
"50691",-23865.797757454,"NRI_P122",100
"50692",-16777.443427454,"NRI_P122",25
"50693",42518.733592546,"NRI_P122",50
"50694",19418.279712546,"NRI_P122",100
"50695",-24460.821537454,"NRI_P122",25
"50696",-1109.47528745397,"NRI_P122",50
"50697",73366.360202546,"NRI_P122",100
"50698",-9109.02417745395,"NRI_P122",25
"50699",-27035.5813874539,"NRI_P122",50
"50700",25169.688872546,"NRI_P122",100
"50701",-2886.79127950699,"NRI_P123",25
"50702",69623.402250493,"NRI_P123",50
"50703",91613.936800493,"NRI_P123",100
"50704",11348.514940493,"NRI_P123",25
"50705",624.057490492996,"NRI_P123",50
"50706",111174.297850493,"NRI_P123",100
"50707",71346.4578304929,"NRI_P123",25
"50708",-3955.19369950704,"NRI_P123",50
"50709",66159.203080493,"NRI_P123",100
"50710",-2867.40919950703,"NRI_P123",25
"50711",-7310.77641950699,"NRI_P123",50
"50712",73988.752510493,"NRI_P123",100
"50713",31788.588290493,"NRI_P123",25
"50714",5268.73129049299,"NRI_P123",50
"50715",32262.934190493,"NRI_P123",100
"50716",17455.892260493,"NRI_P123",25
"50717",-10073.581999507,"NRI_P123",50
"50718",23857.245630493,"NRI_P123",100
"50719",-8304.16489950701,"NRI_P123",25
"50720",58209.354650493,"NRI_P123",50
"50721",146506.559570493,"NRI_P123",100
"50722",-29862.405469507,"NRI_P123",25
"50723",80079.543670493,"NRI_P123",50
"50724",89062.483120493,"NRI_P123",100
"50725",6526.29348049301,"NRI_P123",25
"50726",33599.195370493,"NRI_P123",50
"50727",-14645.591739507,"NRI_P123",100
"50728",54055.929220493,"NRI_P123",25
"50729",90670.983110493,"NRI_P123",50
"50730",166536.676730493,"NRI_P123",100
"50731",37588.838870493,"NRI_P123",25
"50732",12537.151700493,"NRI_P123",50
"50733",55278.7165604929,"NRI_P123",100
"50734",24646.901720493,"NRI_P123",25
"50735",30420.795320493,"NRI_P123",50
"50736",82654.617510493,"NRI_P123",100
"50737",19946.685080493,"NRI_P123",25
"50738",24658.454010493,"NRI_P123",50
"50739",-42543.776429507,"NRI_P123",100
"50740",11772.930900493,"NRI_P123",25
"50741",38060.338110493,"NRI_P123",50
"50742",-21115.931429507,"NRI_P123",100
"50743",-12406.431139507,"NRI_P123",25
"50744",-5043.11928950698,"NRI_P123",50
"50745",81164.134520493,"NRI_P123",100
"50746",102602.577480493,"NRI_P123",25
"50747",65253.833110493,"NRI_P123",50
"50748",79222.163170493,"NRI_P123",100
"50749",32286.290200493,"NRI_P123",25
"50750",50973.335290493,"NRI_P123",50
"50751",154914.843800493,"NRI_P123",100
"50752",12552.252070493,"NRI_P123",25
"50753",8589.04748049297,"NRI_P123",50
"50754",27902.432410493,"NRI_P123",100
"50755",-8198.43343950703,"NRI_P123",25
"50756",12986.310710493,"NRI_P123",50
"50757",90384.921930493,"NRI_P123",100
"50758",1121.400010493,"NRI_P123",25
"50759",11801.755990493,"NRI_P123",50
"50760",120741.792910493,"NRI_P123",100
"50761",54984.743410493,"NRI_P123",25
"50762",71172.897850493,"NRI_P123",50
"50763",-190.341809506994,"NRI_P123",100
"50764",-16221.766479507,"NRI_P123",25
"50765",29611.000080493,"NRI_P123",50
"50766",66624.129560493,"NRI_P123",100
"50767",-9225.79537950701,"NRI_P123",25
"50768",-525.178079507023,"NRI_P123",50
"50769",-10983.056159507,"NRI_P123",100
"50770",-7591.67330950702,"NRI_P123",25
"50771",6056.46932049299,"NRI_P123",50
"50772",39649.503810493,"NRI_P123",100
"50773",-21155.464819507,"NRI_P123",25
"50774",52010.973980493,"NRI_P123",50
"50775",36388.580080493,"NRI_P123",100
"50776",29581.279310493,"NRI_P123",25
"50777",25251.125430493,"NRI_P123",50
"50778",114455.315580493,"NRI_P123",100
"50779",46119.010550493,"NRI_P123",25
"50780",-6154.42226950702,"NRI_P123",50
"50781",49307.762300493,"NRI_P123",100
"50782",-21769.271349507,"NRI_P123",25
"50783",17423.351530493,"NRI_P123",50
"50784",34121.035950493,"NRI_P123",100
"50785",21470.594440493,"NRI_P123",25
"50786",75327.029690493,"NRI_P123",50
"50787",85058.783790493,"NRI_P123",100
"50788",-8102.00002950703,"NRI_P123",25
"50789",89421.586600493,"NRI_P123",50
"50790",118524.430530493,"NRI_P123",100
"50791",10926.778440493,"NRI_P123",25
"50792",28771.351050493,"NRI_P123",50
"50793",110572.038350493,"NRI_P123",100
"50794",38643.550070493,"NRI_P123",25
"50795",21311.643710493,"NRI_P123",50
"50796",84237.294250493,"NRI_P123",100
"50797",-9262.539209507,"NRI_P123",25
"50798",-26976.644019507,"NRI_P123",50
"50799",29015.796760493,"NRI_P123",100
"50800",-2583.76605950703,"NRI_P123",25
"50801",83690.122010493,"NRI_P123",50
"50802",104109.539920493,"NRI_P123",100
"50803",33684.819070493,"NRI_P123",25
"50804",24672.834030493,"NRI_P123",50
"50805",156068.877290493,"NRI_P123",100
"50806",-14190.201149507,"NRI_P123",25
"50807",79954.741210493,"NRI_P123",50
"50808",105302.782710493,"NRI_P123",100
"50809",-1940.992479507,"NRI_P123",25
"50810",43606.279360493,"NRI_P123",50
"50811",34654.354900493,"NRI_P123",100
"50812",16180.829730493,"NRI_P123",25
"50813",35105.164690493,"NRI_P123",50
"50814",52552.723740493,"NRI_P123",100
"50815",-1041.54597950703,"NRI_P123",25
"50816",11379.145070493,"NRI_P123",50
"50817",10376.127980493,"NRI_P123",100
"50818",17056.444190493,"NRI_P123",25
"50819",51173.980890493,"NRI_P123",50
"50820",46066.204500493,"NRI_P123",100
"50821",19364.905460493,"NRI_P123",25
"50822",5140.30046049302,"NRI_P123",50
"50823",-20745.295089507,"NRI_P123",100
"50824",34366.004870493,"NRI_P123",25
"50825",37918.687560493,"NRI_P123",50
"50826",50260.698070493,"NRI_P123",100
"50827",-15136.239949507,"NRI_P123",25
"50828",82264.962190493,"NRI_P123",50
"50829",8513.64825049299,"NRI_P123",100
"50830",8148.86897049297,"NRI_P123",25
"50831",136205.665220493,"NRI_P123",50
"50832",119416.391870493,"NRI_P123",100
"50833",-13771.639379507,"NRI_P123",25
"50834",43856.700340493,"NRI_P123",50
"50835",66208.575490493,"NRI_P123",100
"50836",-24695.202449507,"NRI_P123",25
"50837",2102.05307049298,"NRI_P123",50
"50838",41792.412780493,"NRI_P123",100
"50839",14276.719740493,"NRI_P123",25
"50840",19590.697680493,"NRI_P123",50
"50841",69065.266240493,"NRI_P123",100
"50842",62182.572180493,"NRI_P123",25
"50843",48610.387330493,"NRI_P123",50
"50844",79670.323800493,"NRI_P123",100
"50845",30062.089800493,"NRI_P123",25
"50846",-33871.722669507,"NRI_P123",50
"50847",165013.948740493,"NRI_P123",100
"50848",16599.275010493,"NRI_P123",25
"50849",-6600.227389507,"NRI_P123",50
"50850",56051.413010493,"NRI_P123",100
"50851",68858.143600493,"NRI_P123",25
"50852",71060.6024304929,"NRI_P123",50
"50853",49859.620800493,"NRI_P123",100
"50854",5972.067680493,"NRI_P123",25
"50855",14451.243030493,"NRI_P123",50
"50856",99255.826480493,"NRI_P123",100
"50857",-17823.064459507,"NRI_P123",25
"50858",-1894.36975950701,"NRI_P123",50
"50859",108111.042150493,"NRI_P123",100
"50860",1960.54865049297,"NRI_P123",25
"50861",-11707.508559507,"NRI_P123",50
"50862",90137.5213104929,"NRI_P123",100
"50863",-1906.88437950698,"NRI_P123",25
"50864",-22921.265629507,"NRI_P123",50
"50865",96605.045630493,"NRI_P123",100
"50866",24702.303730493,"NRI_P123",25
"50867",7949.88341049297,"NRI_P123",50
"50868",157742.845590493,"NRI_P123",100
"50869",28032.918050493,"NRI_P123",25
"50870",42528.037430493,"NRI_P123",50
"50871",37793.310150493,"NRI_P123",100
"50872",-6870.01844950701,"NRI_P123",25
"50873",67501.116810493,"NRI_P123",50
"50874",79448.404980493,"NRI_P123",100
"50875",52596.063410493,"NRI_P123",25
"50876",3621.91683049296,"NRI_P123",50
"50877",42930.258660493,"NRI_P123",100
"50878",5526.19410049298,"NRI_P123",25
"50879",39063.782120493,"NRI_P123",50
"50880",59375.102100493,"NRI_P123",100
"50881",3680.05677049299,"NRI_P123",25
"50882",82296.785010493,"NRI_P123",50
"50883",54064.117920493,"NRI_P123",100
"50884",51823.959950493,"NRI_P123",25
"50885",30355.722580493,"NRI_P123",50
"50886",97474.429710493,"NRI_P123",100
"50887",15287.949620493,"NRI_P123",25
"50888",50419.356660493,"NRI_P123",50
"50889",65238.8097304929,"NRI_P123",100
"50890",2396.897770493,"NRI_P123",25
"50891",16392.833080493,"NRI_P123",50
"50892",155130.449700493,"NRI_P123",100
"50893",-26277.773999507,"NRI_P123",25
"50894",71344.803730493,"NRI_P123",50
"50895",39926.059800493,"NRI_P123",100
"50896",-21524.599089507,"NRI_P123",25
"50897",109621.795780493,"NRI_P123",50
"50898",70815.349540493,"NRI_P123",100
"50899",2124.125540493,"NRI_P123",25
"50900",138717.557610493,"NRI_P123",50
"50901",161398.483160493,"NRI_P123",100
"50902",-6861.60364950699,"NRI_P123",25
"50903",124170.948350493,"NRI_P123",50
"50904",-1887.703509507,"NRI_P123",100
"50905",20887.323540493,"NRI_P123",25
"50906",-2726.57468950702,"NRI_P123",50
"50907",101497.769770493,"NRI_P123",100
"50908",-12732.806039507,"NRI_P123",25
"50909",-13044.691989507,"NRI_P123",50
"50910",40626.801950493,"NRI_P123",100
"50911",-11471.371609507,"NRI_P123",25
"50912",76870.2123104929,"NRI_P123",50
"50913",24783.126520493,"NRI_P123",100
"50914",-6118.65520950704,"NRI_P123",25
"50915",1761.41363049299,"NRI_P123",50
"50916",163436.459280493,"NRI_P123",100
"50917",-7686.73946950701,"NRI_P123",25
"50918",8654.13879049302,"NRI_P123",50
"50919",84986.995010493,"NRI_P123",100
"50920",49433.643290493,"NRI_P123",25
"50921",-26447.498839507,"NRI_P123",50
"50922",209096.090450493,"NRI_P123",100
"50923",-4970.923619507,"NRI_P123",25
"50924",-13175.514909507,"NRI_P123",50
"50925",-10058.137289507,"NRI_P123",100
"50926",37800.270230493,"NRI_P123",25
"50927",87755.8545404929,"NRI_P123",50
"50928",1737.60191049299,"NRI_P123",100
"50929",42207.192950493,"NRI_P123",25
"50930",24079.775130493,"NRI_P123",50
"50931",106804.349790493,"NRI_P123",100
"50932",12812.414130493,"NRI_P123",25
"50933",-21557.340369507,"NRI_P123",50
"50934",-39120.016979507,"NRI_P123",100
"50935",25561.599900493,"NRI_P123",25
"50936",37113.614470493,"NRI_P123",50
"50937",4468.502750493,"NRI_P123",100
"50938",-8207.72499950702,"NRI_P123",25
"50939",-10432.916179507,"NRI_P123",50
"50940",64195.733320493,"NRI_P123",100
"50941",-9043.69034950703,"NRI_P123",25
"50942",52725.661400493,"NRI_P123",50
"50943",99690.463410493,"NRI_P123",100
"50944",495.480910493003,"NRI_P123",25
"50945",19261.757470493,"NRI_P123",50
"50946",87519.526250493,"NRI_P123",100
"50947",15246.597230493,"NRI_P123",25
"50948",48180.932140493,"NRI_P123",50
"50949",100675.875020493,"NRI_P123",100
"50950",4382.26884049299,"NRI_P123",25
"50951",17827.994170493,"NRI_P123",50
"50952",33851.455900493,"NRI_P123",100
"50953",-6950.565039507,"NRI_P123",25
"50954",-6133.94826950703,"NRI_P123",50
"50955",95659.481740493,"NRI_P123",100
"50956",-13595.170849507,"NRI_P123",25
"50957",28377.164420493,"NRI_P123",50
"50958",55451.146180493,"NRI_P123",100
"50959",659.926280492975,"NRI_P123",25
"50960",-8054.125169507,"NRI_P123",50
"50961",75165.540340493,"NRI_P123",100
"50962",14215.409650493,"NRI_P123",25
"50963",-19917.348789507,"NRI_P123",50
"50964",-28592.326399507,"NRI_P123",100
"50965",2767.14213049301,"NRI_P123",25
"50966",22806.335250493,"NRI_P123",50
"50967",34649.870400493,"NRI_P123",100
"50968",5263.63153049297,"NRI_P123",25
"50969",-43985.769849507,"NRI_P123",50
"50970",32685.338880493,"NRI_P123",100
"50971",10036.055070493,"NRI_P123",25
"50972",20847.263480493,"NRI_P123",50
"50973",42438.205810493,"NRI_P123",100
"50974",17654.475160493,"NRI_P123",25
"50975",14281.050250493,"NRI_P123",50
"50976",64171.436660493,"NRI_P123",100
"50977",16716.547780493,"NRI_P123",25
"50978",27970.349940493,"NRI_P123",50
"50979",56044.3467604929,"NRI_P123",100
"50980",-6273.655709507,"NRI_P123",25
"50981",50298.265200493,"NRI_P123",50
"50982",49261.283970493,"NRI_P123",100
"50983",5900.25100049301,"NRI_P123",25
"50984",117659.587870493,"NRI_P123",50
"50985",50417.342490493,"NRI_P123",100
"50986",-20055.672929507,"NRI_P123",25
"50987",21355.059430493,"NRI_P123",50
"50988",116532.188300493,"NRI_P123",100
"50989",2946.63361049298,"NRI_P123",25
"50990",-517.412449506985,"NRI_P123",50
"50991",124871.173110493,"NRI_P123",100
"50992",7473.88668049301,"NRI_P123",25
"50993",109227.294760493,"NRI_P123",50
"50994",49391.258980493,"NRI_P123",100
"50995",8005.62996049301,"NRI_P123",25
"50996",-1261.515329507,"NRI_P123",50
"50997",145884.865850493,"NRI_P123",100
"50998",55203.514440493,"NRI_P123",25
"50999",17724.378860493,"NRI_P123",50
"51000",38802.910120493,"NRI_P123",100
"51001",6522.55022689901,"NRI_P124",25
"51002",17374.124066899,"NRI_P124",50
"51003",12307.688386899,"NRI_P124",100
"51004",15671.971006899,"NRI_P124",25
"51005",6028.954136899,"NRI_P124",50
"51006",27369.952536899,"NRI_P124",100
"51007",17598.914286899,"NRI_P124",25
"51008",12164.463196899,"NRI_P124",50
"51009",23989.964256899,"NRI_P124",100
"51010",10155.486706899,"NRI_P124",25
"51011",6348.746726899,"NRI_P124",50
"51012",22038.121526899,"NRI_P124",100
"51013",6552.068846899,"NRI_P124",25
"51014",13343.704016899,"NRI_P124",50
"51015",10471.696546899,"NRI_P124",100
"51016",-778.095043100999,"NRI_P124",25
"51017",6552.031856899,"NRI_P124",50
"51018",27865.048726899,"NRI_P124",100
"51019",10509.828996899,"NRI_P124",25
"51020",1964.356216899,"NRI_P124",50
"51021",22774.247756899,"NRI_P124",100
"51022",3134.29484689899,"NRI_P124",25
"51023",2064.102566899,"NRI_P124",50
"51024",29786.258286899,"NRI_P124",100
"51025",8507.17178689901,"NRI_P124",25
"51026",30054.044136899,"NRI_P124",50
"51027",17014.717466899,"NRI_P124",100
"51028",-377.480323100986,"NRI_P124",25
"51029",20427.381456899,"NRI_P124",50
"51030",11721.375466899,"NRI_P124",100
"51031",1459.289576899,"NRI_P124",25
"51032",11381.859356899,"NRI_P124",50
"51033",18138.674146899,"NRI_P124",100
"51034",2319.77209689899,"NRI_P124",25
"51035",12756.619306899,"NRI_P124",50
"51036",32557.684886899,"NRI_P124",100
"51037",9731.08774689899,"NRI_P124",25
"51038",3689.93162689899,"NRI_P124",50
"51039",31133.716606899,"NRI_P124",100
"51040",4145.07002689899,"NRI_P124",25
"51041",-406.870973101002,"NRI_P124",50
"51042",15980.578706899,"NRI_P124",100
"51043",4920.06976689899,"NRI_P124",25
"51044",6074.78210689902,"NRI_P124",50
"51045",23762.636656899,"NRI_P124",100
"51046",7160.87439689899,"NRI_P124",25
"51047",9386.204786899,"NRI_P124",50
"51048",24033.303136899,"NRI_P124",100
"51049",20694.839196899,"NRI_P124",25
"51050",16370.611286899,"NRI_P124",50
"51051",19668.312936899,"NRI_P124",100
"51052",1215.493386899,"NRI_P124",25
"51053",807.433786898997,"NRI_P124",50
"51054",25972.943326899,"NRI_P124",100
"51055",5130.91654689901,"NRI_P124",25
"51056",16452.173416899,"NRI_P124",50
"51057",26802.425446899,"NRI_P124",100
"51058",8986.96329689899,"NRI_P124",25
"51059",8878.523466899,"NRI_P124",50
"51060",20499.122386899,"NRI_P124",100
"51061",1643.35612689902,"NRI_P124",25
"51062",-3240.88959310099,"NRI_P124",50
"51063",28137.094626899,"NRI_P124",100
"51064",4379.23631689901,"NRI_P124",25
"51065",10127.689566899,"NRI_P124",50
"51066",9684.56677689901,"NRI_P124",100
"51067",12150.773476899,"NRI_P124",25
"51068",6018.040176899,"NRI_P124",50
"51069",22111.238306899,"NRI_P124",100
"51070",2896.593736899,"NRI_P124",25
"51071",8632.508406899,"NRI_P124",50
"51072",21807.662306899,"NRI_P124",100
"51073",2658.058966899,"NRI_P124",25
"51074",18686.072576899,"NRI_P124",50
"51075",16436.465646899,"NRI_P124",100
"51076",6292.42062689899,"NRI_P124",25
"51077",14063.201246899,"NRI_P124",50
"51078",20014.913216899,"NRI_P124",100
"51079",710.893906899,"NRI_P124",25
"51080",16982.402076899,"NRI_P124",50
"51081",19091.194856899,"NRI_P124",100
"51082",18842.137826899,"NRI_P124",25
"51083",20131.833056899,"NRI_P124",50
"51084",25190.525496899,"NRI_P124",100
"51085",7094.789416899,"NRI_P124",25
"51086",9419.83259689901,"NRI_P124",50
"51087",18230.239716899,"NRI_P124",100
"51088",5577.834716899,"NRI_P124",25
"51089",2889.55614689901,"NRI_P124",50
"51090",20378.307526899,"NRI_P124",100
"51091",11631.554026899,"NRI_P124",25
"51092",1789.27756689899,"NRI_P124",50
"51093",12612.045006899,"NRI_P124",100
"51094",3267.82581689901,"NRI_P124",25
"51095",14827.039616899,"NRI_P124",50
"51096",31882.786616899,"NRI_P124",100
"51097",17006.459176899,"NRI_P124",25
"51098",2583.92120689902,"NRI_P124",50
"51099",18901.249576899,"NRI_P124",100
"51100",846.517856899009,"NRI_P124",25
"51101",13986.812026899,"NRI_P124",50
"51102",40008.564416899,"NRI_P124",100
"51103",1464.998966899,"NRI_P124",25
"51104",3013.19555689901,"NRI_P124",50
"51105",10927.281656899,"NRI_P124",100
"51106",17072.858866899,"NRI_P124",25
"51107",7350.46527689899,"NRI_P124",50
"51108",22339.038316899,"NRI_P124",100
"51109",4906.26488689901,"NRI_P124",25
"51110",15709.842356899,"NRI_P124",50
"51111",16388.357616899,"NRI_P124",100
"51112",-2479.62314310099,"NRI_P124",25
"51113",4410.85615689901,"NRI_P124",50
"51114",22660.024096899,"NRI_P124",100
"51115",7226.74108689901,"NRI_P124",25
"51116",15754.942566899,"NRI_P124",50
"51117",10086.282796899,"NRI_P124",100
"51118",8239.83272689901,"NRI_P124",25
"51119",15160.912006899,"NRI_P124",50
"51120",11710.004086899,"NRI_P124",100
"51121",6299.64079689901,"NRI_P124",25
"51122",1382.29104689902,"NRI_P124",50
"51123",31248.121326899,"NRI_P124",100
"51124",1564.69231689899,"NRI_P124",25
"51125",6917.07902689901,"NRI_P124",50
"51126",25777.612626899,"NRI_P124",100
"51127",11855.139486899,"NRI_P124",25
"51128",17883.524476899,"NRI_P124",50
"51129",37013.740856899,"NRI_P124",100
"51130",6844.983276899,"NRI_P124",25
"51131",8650.303856899,"NRI_P124",50
"51132",25083.884636899,"NRI_P124",100
"51133",-3147.14140310101,"NRI_P124",25
"51134",334.108336898993,"NRI_P124",50
"51135",26080.564626899,"NRI_P124",100
"51136",3612.41586689901,"NRI_P124",25
"51137",-1439.990553101,"NRI_P124",50
"51138",24282.595626899,"NRI_P124",100
"51139",8318.45092689901,"NRI_P124",25
"51140",8105.839356899,"NRI_P124",50
"51141",42461.239536899,"NRI_P124",100
"51142",10720.086136899,"NRI_P124",25
"51143",19846.521696899,"NRI_P124",50
"51144",17412.102926899,"NRI_P124",100
"51145",8786.55449689901,"NRI_P124",25
"51146",2478.295566899,"NRI_P124",50
"51147",32866.673466899,"NRI_P124",100
"51148",5103.82227689901,"NRI_P124",25
"51149",17907.899126899,"NRI_P124",50
"51150",11739.196276899,"NRI_P124",100
"51151",-1924.87820310099,"NRI_P124",25
"51152",19479.662976899,"NRI_P124",50
"51153",8846.48983689901,"NRI_P124",100
"51154",8801.28603689899,"NRI_P124",25
"51155",18526.501436899,"NRI_P124",50
"51156",28868.637796899,"NRI_P124",100
"51157",4421.80047689899,"NRI_P124",25
"51158",29928.645766899,"NRI_P124",50
"51159",11960.214966899,"NRI_P124",100
"51160",10546.348426899,"NRI_P124",25
"51161",13794.824926899,"NRI_P124",50
"51162",21490.869286899,"NRI_P124",100
"51163",8035.79273689899,"NRI_P124",25
"51164",9039.69683689901,"NRI_P124",50
"51165",9642.025366899,"NRI_P124",100
"51166",7021.870036899,"NRI_P124",25
"51167",29494.654706899,"NRI_P124",50
"51168",17970.343046899,"NRI_P124",100
"51169",5004.57948689899,"NRI_P124",25
"51170",8959.01753689899,"NRI_P124",50
"51171",13729.907636899,"NRI_P124",100
"51172",-424.967123101,"NRI_P124",25
"51173",15069.291526899,"NRI_P124",50
"51174",9877.496306899,"NRI_P124",100
"51175",10726.138416899,"NRI_P124",25
"51176",18209.850906899,"NRI_P124",50
"51177",12005.070796899,"NRI_P124",100
"51178",3832.89845689901,"NRI_P124",25
"51179",14722.904816899,"NRI_P124",50
"51180",39508.688026899,"NRI_P124",100
"51181",9130.51686689901,"NRI_P124",25
"51182",3913.133426899,"NRI_P124",50
"51183",46678.418636899,"NRI_P124",100
"51184",-213.540953101008,"NRI_P124",25
"51185",10765.001806899,"NRI_P124",50
"51186",32763.741536899,"NRI_P124",100
"51187",5554.534626899,"NRI_P124",25
"51188",4580.25877689899,"NRI_P124",50
"51189",13092.625106899,"NRI_P124",100
"51190",4177.407146899,"NRI_P124",25
"51191",14973.417386899,"NRI_P124",50
"51192",26579.529646899,"NRI_P124",100
"51193",5105.86525689901,"NRI_P124",25
"51194",14326.547776899,"NRI_P124",50
"51195",22957.978936899,"NRI_P124",100
"51196",3657.25934689899,"NRI_P124",25
"51197",17766.245266899,"NRI_P124",50
"51198",14790.233776899,"NRI_P124",100
"51199",19120.622986899,"NRI_P124",25
"51200",15295.661276899,"NRI_P124",50
"51201",36055.276686899,"NRI_P124",100
"51202",3406.81627689902,"NRI_P124",25
"51203",1814.601706899,"NRI_P124",50
"51204",20965.544666899,"NRI_P124",100
"51205",6024.38541689899,"NRI_P124",25
"51206",16196.581066899,"NRI_P124",50
"51207",15673.604236899,"NRI_P124",100
"51208",15671.753856899,"NRI_P124",25
"51209",14769.219516899,"NRI_P124",50
"51210",18403.316776899,"NRI_P124",100
"51211",9869.012806899,"NRI_P124",25
"51212",7393.98389689901,"NRI_P124",50
"51213",41467.990996899,"NRI_P124",100
"51214",6428.21566689899,"NRI_P124",25
"51215",10751.844596899,"NRI_P124",50
"51216",23776.148546899,"NRI_P124",100
"51217",11359.701936899,"NRI_P124",25
"51218",6932.87862689901,"NRI_P124",50
"51219",22960.697226899,"NRI_P124",100
"51220",1234.04858689901,"NRI_P124",25
"51221",-4091.98428310099,"NRI_P124",50
"51222",21443.904536899,"NRI_P124",100
"51223",-887.184893100988,"NRI_P124",25
"51224",20576.151966899,"NRI_P124",50
"51225",21112.403536899,"NRI_P124",100
"51226",3508.371156899,"NRI_P124",25
"51227",11535.917016899,"NRI_P124",50
"51228",8019.65434689901,"NRI_P124",100
"51229",7031.91641689901,"NRI_P124",25
"51230",9659.899636899,"NRI_P124",50
"51231",33611.220756899,"NRI_P124",100
"51232",14234.414246899,"NRI_P124",25
"51233",13415.454696899,"NRI_P124",50
"51234",20760.116016899,"NRI_P124",100
"51235",7508.39032689901,"NRI_P124",25
"51236",103.969986898999,"NRI_P124",50
"51237",42723.064726899,"NRI_P124",100
"51238",6008.97703689901,"NRI_P124",25
"51239",12243.838796899,"NRI_P124",50
"51240",11171.172646899,"NRI_P124",100
"51241",4115.086256899,"NRI_P124",25
"51242",5180.14925689899,"NRI_P124",50
"51243",36336.840106899,"NRI_P124",100
"51244",-3325.51650310101,"NRI_P124",25
"51245",12350.883866899,"NRI_P124",50
"51246",9884.447046899,"NRI_P124",100
"51247",12587.473806899,"NRI_P124",25
"51248",19670.504166899,"NRI_P124",50
"51249",27845.311926899,"NRI_P124",100
"51250",1118.15194689902,"NRI_P124",25
"51251",11340.062386899,"NRI_P124",50
"51252",33597.224926899,"NRI_P124",100
"51253",9789.12467689899,"NRI_P124",25
"51254",9424.83318689899,"NRI_P124",50
"51255",31736.217716899,"NRI_P124",100
"51256",-1992.98624310101,"NRI_P124",25
"51257",6407.36939689901,"NRI_P124",50
"51258",22180.502456899,"NRI_P124",100
"51259",12715.421796899,"NRI_P124",25
"51260",9844.04631689901,"NRI_P124",50
"51261",24974.791736899,"NRI_P124",100
"51262",10920.542746899,"NRI_P124",25
"51263",11878.900956899,"NRI_P124",50
"51264",24689.471616899,"NRI_P124",100
"51265",9713.42113689901,"NRI_P124",25
"51266",10559.240936899,"NRI_P124",50
"51267",30596.198106899,"NRI_P124",100
"51268",1636.12416689901,"NRI_P124",25
"51269",8547.089826899,"NRI_P124",50
"51270",31153.624246899,"NRI_P124",100
"51271",942.189646899002,"NRI_P124",25
"51272",14475.422056899,"NRI_P124",50
"51273",32885.823466899,"NRI_P124",100
"51274",11689.840496899,"NRI_P124",25
"51275",11002.843466899,"NRI_P124",50
"51276",21411.345076899,"NRI_P124",100
"51277",4626.33446689899,"NRI_P124",25
"51278",7878.752566899,"NRI_P124",50
"51279",16895.258846899,"NRI_P124",100
"51280",9501.58621689901,"NRI_P124",25
"51281",14581.618776899,"NRI_P124",50
"51282",16259.389596899,"NRI_P124",100
"51283",12840.122806899,"NRI_P124",25
"51284",23132.473026899,"NRI_P124",50
"51285",4985.212866899,"NRI_P124",100
"51286",7969.62221689901,"NRI_P124",25
"51287",12056.562716899,"NRI_P124",50
"51288",26757.704996899,"NRI_P124",100
"51289",1680.04612689899,"NRI_P124",25
"51290",13353.967836899,"NRI_P124",50
"51291",20191.602666899,"NRI_P124",100
"51292",9118.379906899,"NRI_P124",25
"51293",9169.03437689901,"NRI_P124",50
"51294",18105.040626899,"NRI_P124",100
"51295",1496.29867689899,"NRI_P124",25
"51296",5474.61467689901,"NRI_P124",50
"51297",27925.381586899,"NRI_P124",100
"51298",8225.801046899,"NRI_P124",25
"51299",1094.00138689901,"NRI_P124",50
"51300",25528.180386899,"NRI_P124",100
"51301",-10418.5947940991,"NRI_P125",25
"51302",-27626.9100840991,"NRI_P125",50
"51303",-18681.8776340991,"NRI_P125",100
"51304",-5838.1300240991,"NRI_P125",25
"51305",-5626.73401409911,"NRI_P125",50
"51306",-12069.9222840991,"NRI_P125",100
"51307",-13171.9711440991,"NRI_P125",25
"51308",-17900.7758640991,"NRI_P125",50
"51309",-25696.7789740991,"NRI_P125",100
"51310",-21213.6083040991,"NRI_P125",25
"51311",-9865.7360640991,"NRI_P125",50
"51312",-23712.1229540991,"NRI_P125",100
"51313",-12604.2033740991,"NRI_P125",25
"51314",-19589.5084540991,"NRI_P125",50
"51315",-25889.3874640991,"NRI_P125",100
"51316",-5970.00071409911,"NRI_P125",25
"51317",-8580.6251040991,"NRI_P125",50
"51318",-14259.1061140991,"NRI_P125",100
"51319",-13935.7376140991,"NRI_P125",25
"51320",-15622.0259540991,"NRI_P125",50
"51321",-34569.2935140991,"NRI_P125",100
"51322",-8486.2221140991,"NRI_P125",25
"51323",-16772.2817940991,"NRI_P125",50
"51324",-13437.7053140991,"NRI_P125",100
"51325",-14125.3112840991,"NRI_P125",25
"51326",-3274.94319409911,"NRI_P125",50
"51327",-12527.5283940991,"NRI_P125",100
"51328",-5056.2281140991,"NRI_P125",25
"51329",-25344.3147740991,"NRI_P125",50
"51330",-32778.7411340991,"NRI_P125",100
"51331",-4405.9137240991,"NRI_P125",25
"51332",-20674.5869240991,"NRI_P125",50
"51333",-26819.9593340991,"NRI_P125",100
"51334",-6246.8346840991,"NRI_P125",25
"51335",-29400.2213040991,"NRI_P125",50
"51336",-16425.8387240991,"NRI_P125",100
"51337",-3434.6445840991,"NRI_P125",25
"51338",-20351.0524740991,"NRI_P125",50
"51339",-35206.3596140991,"NRI_P125",100
"51340",-9768.57350409911,"NRI_P125",25
"51341",-5460.15397409911,"NRI_P125",50
"51342",-11504.6374040991,"NRI_P125",100
"51343",-2511.9355140991,"NRI_P125",25
"51344",-18321.9916340991,"NRI_P125",50
"51345",-23327.2162140991,"NRI_P125",100
"51346",-11781.5859140991,"NRI_P125",25
"51347",4615.21924590089,"NRI_P125",50
"51348",-32060.6602140991,"NRI_P125",100
"51349",-7268.85404409911,"NRI_P125",25
"51350",-18423.0179540991,"NRI_P125",50
"51351",-32786.8946340991,"NRI_P125",100
"51352",2796.9532259009,"NRI_P125",25
"51353",-5730.3019140991,"NRI_P125",50
"51354",1265.7132659009,"NRI_P125",100
"51355",908.306385900898,"NRI_P125",25
"51356",-12892.3241940991,"NRI_P125",50
"51357",-35504.6633040991,"NRI_P125",100
"51358",15950.5883759009,"NRI_P125",25
"51359",-10226.5886940991,"NRI_P125",50
"51360",-24069.6054840991,"NRI_P125",100
"51361",-5441.8814140991,"NRI_P125",25
"51362",-14532.8918840991,"NRI_P125",50
"51363",-15345.7216140991,"NRI_P125",100
"51364",-14096.6282440991,"NRI_P125",25
"51365",-17673.5143840991,"NRI_P125",50
"51366",-19553.7579840991,"NRI_P125",100
"51367",-3425.95542409911,"NRI_P125",25
"51368",-9745.2753040991,"NRI_P125",50
"51369",-16607.7329840991,"NRI_P125",100
"51370",-3046.4274240991,"NRI_P125",25
"51371",-29236.5928840991,"NRI_P125",50
"51372",-26452.2668740991,"NRI_P125",100
"51373",4303.2946459009,"NRI_P125",25
"51374",13848.3627059009,"NRI_P125",50
"51375",-24354.0918440991,"NRI_P125",100
"51376",-5765.1267340991,"NRI_P125",25
"51377",-22742.5411840991,"NRI_P125",50
"51378",-22805.1401340991,"NRI_P125",100
"51379",-7729.8444440991,"NRI_P125",25
"51380",14901.5874159009,"NRI_P125",50
"51381",-14833.1772440991,"NRI_P125",100
"51382",-10285.4613640991,"NRI_P125",25
"51383",-10540.3844940991,"NRI_P125",50
"51384",-14139.7669340991,"NRI_P125",100
"51385",-13990.6538440991,"NRI_P125",25
"51386",-17976.5458640991,"NRI_P125",50
"51387",-7378.3767440991,"NRI_P125",100
"51388",-2190.5280640991,"NRI_P125",25
"51389",-12509.0858840991,"NRI_P125",50
"51390",-23183.8397840991,"NRI_P125",100
"51391",-12778.6979340991,"NRI_P125",25
"51392",-22567.6804140991,"NRI_P125",50
"51393",-23607.4063940991,"NRI_P125",100
"51394",-1656.2354640991,"NRI_P125",25
"51395",-3273.2125540991,"NRI_P125",50
"51396",-26675.5333440991,"NRI_P125",100
"51397",-2009.4163040991,"NRI_P125",25
"51398",-28352.5692640991,"NRI_P125",50
"51399",-1894.9621640991,"NRI_P125",100
"51400",-9303.5732640991,"NRI_P125",25
"51401",-17711.3106840991,"NRI_P125",50
"51402",-23153.8440640991,"NRI_P125",100
"51403",-3504.99355409911,"NRI_P125",25
"51404",-5406.3894340991,"NRI_P125",50
"51405",-13562.3944140991,"NRI_P125",100
"51406",-2209.3540340991,"NRI_P125",25
"51407",-18453.0694140991,"NRI_P125",50
"51408",-15118.3755040991,"NRI_P125",100
"51409",-3709.1445740991,"NRI_P125",25
"51410",-24932.8928540991,"NRI_P125",50
"51411",-24234.7464540991,"NRI_P125",100
"51412",-2681.7210440991,"NRI_P125",25
"51413",4944.0517359009,"NRI_P125",50
"51414",-26128.3460740991,"NRI_P125",100
"51415",-10412.9105640991,"NRI_P125",25
"51416",-3901.1291840991,"NRI_P125",50
"51417",-13979.0694540991,"NRI_P125",100
"51418",-7033.2545640991,"NRI_P125",25
"51419",-5337.93681409911,"NRI_P125",50
"51420",-15060.2808640991,"NRI_P125",100
"51421",-3211.8361440991,"NRI_P125",25
"51422",-22233.5852240991,"NRI_P125",50
"51423",-23960.9167440991,"NRI_P125",100
"51424",-15483.4220740991,"NRI_P125",25
"51425",-7419.1172040991,"NRI_P125",50
"51426",-16648.7054740991,"NRI_P125",100
"51427",-3976.6553140991,"NRI_P125",25
"51428",-27418.3992940991,"NRI_P125",50
"51429",-24488.4181040991,"NRI_P125",100
"51430",-1090.29371409911,"NRI_P125",25
"51431",-28143.4284640991,"NRI_P125",50
"51432",-13800.4917540991,"NRI_P125",100
"51433",514.279735900898,"NRI_P125",25
"51434",30458.9030159009,"NRI_P125",50
"51435",-23860.4911140991,"NRI_P125",100
"51436",-7756.8179640991,"NRI_P125",25
"51437",-10147.1430940991,"NRI_P125",50
"51438",12615.3283759009,"NRI_P125",100
"51439",-1852.1664540991,"NRI_P125",25
"51440",-11071.7072940991,"NRI_P125",50
"51441",-14239.3982740991,"NRI_P125",100
"51442",-2739.9602840991,"NRI_P125",25
"51443",-19719.2436840991,"NRI_P125",50
"51444",-5783.17000409911,"NRI_P125",100
"51445",-9846.2349740991,"NRI_P125",25
"51446",-7444.3177940991,"NRI_P125",50
"51447",138.684225900899,"NRI_P125",100
"51448",10327.8581659009,"NRI_P125",25
"51449",-18936.0675440991,"NRI_P125",50
"51450",-24474.8363940991,"NRI_P125",100
"51451",-6488.7052640991,"NRI_P125",25
"51452",-2646.3624440991,"NRI_P125",50
"51453",-26112.6353840991,"NRI_P125",100
"51454",-9414.0917640991,"NRI_P125",25
"51455",-17833.9224640991,"NRI_P125",50
"51456",-26013.4016240991,"NRI_P125",100
"51457",-5881.5650040991,"NRI_P125",25
"51458",59.3333259008941,"NRI_P125",50
"51459",-6640.38463409911,"NRI_P125",100
"51460",-11215.4068040991,"NRI_P125",25
"51461",-1176.8886740991,"NRI_P125",50
"51462",-34389.5751940991,"NRI_P125",100
"51463",-3132.3186540991,"NRI_P125",25
"51464",-8125.43829409911,"NRI_P125",50
"51465",-4237.91291409911,"NRI_P125",100
"51466",-1612.7611040991,"NRI_P125",25
"51467",-298.766564099104,"NRI_P125",50
"51468",-23928.0688640991,"NRI_P125",100
"51469",3163.88954590089,"NRI_P125",25
"51470",-26147.4396840991,"NRI_P125",50
"51471",-15868.3225740991,"NRI_P125",100
"51472",-6693.55639409911,"NRI_P125",25
"51473",-17189.1687840991,"NRI_P125",50
"51474",-12653.9353040991,"NRI_P125",100
"51475",5244.50396590089,"NRI_P125",25
"51476",1525.22091590089,"NRI_P125",50
"51477",-5622.8859740991,"NRI_P125",100
"51478",-1297.84884409911,"NRI_P125",25
"51479",-25962.2854240991,"NRI_P125",50
"51480",-15282.0888440991,"NRI_P125",100
"51481",-4088.5428740991,"NRI_P125",25
"51482",4710.66545590089,"NRI_P125",50
"51483",-23372.8076040991,"NRI_P125",100
"51484",-8104.1821340991,"NRI_P125",25
"51485",-20730.7140140991,"NRI_P125",50
"51486",-34666.3982640991,"NRI_P125",100
"51487",-7813.1983040991,"NRI_P125",25
"51488",517.591345900895,"NRI_P125",50
"51489",-32928.9131440991,"NRI_P125",100
"51490",-1760.7543540991,"NRI_P125",25
"51491",-920.829194099104,"NRI_P125",50
"51492",-4959.8482540991,"NRI_P125",100
"51493",-5973.6407940991,"NRI_P125",25
"51494",997.523425900901,"NRI_P125",50
"51495",-25239.9030140991,"NRI_P125",100
"51496",-5388.0785340991,"NRI_P125",25
"51497",-2900.18253409911,"NRI_P125",50
"51498",-24645.1523340991,"NRI_P125",100
"51499",-2707.5963240991,"NRI_P125",25
"51500",-8372.6076840991,"NRI_P125",50
"51501",-23834.3734040991,"NRI_P125",100
"51502",-16293.5883340991,"NRI_P125",25
"51503",-5510.3790740991,"NRI_P125",50
"51504",-14146.9998640991,"NRI_P125",100
"51505",-9558.1311840991,"NRI_P125",25
"51506",-17960.8398940991,"NRI_P125",50
"51507",-34151.7676040991,"NRI_P125",100
"51508",5792.5640459009,"NRI_P125",25
"51509",-11169.2555740991,"NRI_P125",50
"51510",4737.75685590089,"NRI_P125",100
"51511",-11037.7480640991,"NRI_P125",25
"51512",-10706.4374740991,"NRI_P125",50
"51513",-17240.8277740991,"NRI_P125",100
"51514",-5171.1281540991,"NRI_P125",25
"51515",1687.5713359009,"NRI_P125",50
"51516",-4979.9750140991,"NRI_P125",100
"51517",-9224.42604409911,"NRI_P125",25
"51518",-5069.2256740991,"NRI_P125",50
"51519",-23883.3808340991,"NRI_P125",100
"51520",-650.223004099098,"NRI_P125",25
"51521",-5546.77076409911,"NRI_P125",50
"51522",-22548.9839240991,"NRI_P125",100
"51523",4082.06617590089,"NRI_P125",25
"51524",2949.7525659009,"NRI_P125",50
"51525",-17021.3284940991,"NRI_P125",100
"51526",7093.38652590089,"NRI_P125",25
"51527",-5792.0718640991,"NRI_P125",50
"51528",-25352.7794940991,"NRI_P125",100
"51529",-5477.4229940991,"NRI_P125",25
"51530",1776.52093590089,"NRI_P125",50
"51531",-25692.6315240991,"NRI_P125",100
"51532",-5280.1078640991,"NRI_P125",25
"51533",-9096.41583409911,"NRI_P125",50
"51534",-23459.4784140991,"NRI_P125",100
"51535",-25450.9656540991,"NRI_P125",25
"51536",-21049.1996640991,"NRI_P125",50
"51537",-18973.0699640991,"NRI_P125",100
"51538",-4515.6787140991,"NRI_P125",25
"51539",-7146.2194640991,"NRI_P125",50
"51540",-15355.6659640991,"NRI_P125",100
"51541",-10449.6179240991,"NRI_P125",25
"51542",-10985.0659140991,"NRI_P125",50
"51543",-23006.0684040991,"NRI_P125",100
"51544",15722.0532659009,"NRI_P125",25
"51545",-7855.6720540991,"NRI_P125",50
"51546",-33870.3081440991,"NRI_P125",100
"51547",-10538.4928040991,"NRI_P125",25
"51548",-16238.0347640991,"NRI_P125",50
"51549",-32612.1947740991,"NRI_P125",100
"51550",-6489.3139140991,"NRI_P125",25
"51551",-5349.10473409911,"NRI_P125",50
"51552",-26232.5945440991,"NRI_P125",100
"51553",-2238.2863540991,"NRI_P125",25
"51554",-19861.3710340991,"NRI_P125",50
"51555",-11540.5799440991,"NRI_P125",100
"51556",-1618.8533940991,"NRI_P125",25
"51557",-16557.3610540991,"NRI_P125",50
"51558",-6481.7871340991,"NRI_P125",100
"51559",351.358035900899,"NRI_P125",25
"51560",-13397.3052740991,"NRI_P125",50
"51561",-33959.5764740991,"NRI_P125",100
"51562",-13124.7261140991,"NRI_P125",25
"51563",-26416.1588740991,"NRI_P125",50
"51564",-34909.0525440991,"NRI_P125",100
"51565",-10933.3774240991,"NRI_P125",25
"51566",-27726.6507840991,"NRI_P125",50
"51567",-17068.4006440991,"NRI_P125",100
"51568",-10165.8152040991,"NRI_P125",25
"51569",-19891.5748940991,"NRI_P125",50
"51570",-32086.2175040991,"NRI_P125",100
"51571",-11801.1746440991,"NRI_P125",25
"51572",16537.6745859009,"NRI_P125",50
"51573",-24962.0186940991,"NRI_P125",100
"51574",-3288.3870040991,"NRI_P125",25
"51575",-20236.6940540991,"NRI_P125",50
"51576",-22560.0356140991,"NRI_P125",100
"51577",7467.95294590089,"NRI_P125",25
"51578",-20870.4808340991,"NRI_P125",50
"51579",-25706.3468940991,"NRI_P125",100
"51580",-13069.6374940991,"NRI_P125",25
"51581",-18273.2376340991,"NRI_P125",50
"51582",-13048.8487840991,"NRI_P125",100
"51583",9725.4037059009,"NRI_P125",25
"51584",-15601.9915940991,"NRI_P125",50
"51585",-33874.2202640991,"NRI_P125",100
"51586",-5631.7853740991,"NRI_P125",25
"51587",-664.982264099104,"NRI_P125",50
"51588",-2249.2893240991,"NRI_P125",100
"51589",-11737.2944540991,"NRI_P125",25
"51590",-1958.44818409911,"NRI_P125",50
"51591",-25566.3302340991,"NRI_P125",100
"51592",5434.27830590089,"NRI_P125",25
"51593",-14782.3983840991,"NRI_P125",50
"51594",-14530.5051140991,"NRI_P125",100
"51595",-5207.5375540991,"NRI_P125",25
"51596",-14584.6820240991,"NRI_P125",50
"51597",-26536.5034640991,"NRI_P125",100
"51598",-3720.2415240991,"NRI_P125",25
"51599",-18589.3591240991,"NRI_P125",50
"51600",-24358.8716240991,"NRI_P125",100
"51601",883.341794819979,"NRI_P126",25
"51602",-19818.00973518,"NRI_P126",50
"51603",-25830.42270518,"NRI_P126",100
"51604",12305.08530482,"NRI_P126",25
"51605",-25951.45826518,"NRI_P126",50
"51606",-41680.58691518,"NRI_P126",100
"51607",-30653.54358518,"NRI_P126",25
"51608",-4026.84806518001,"NRI_P126",50
"51609",-34495.08181518,"NRI_P126",100
"51610",3376.95240482001,"NRI_P126",25
"51611",-45860.32957518,"NRI_P126",50
"51612",-26198.07032518,"NRI_P126",100
"51613",-3894.33360517997,"NRI_P126",25
"51614",11149.21646482,"NRI_P126",50
"51615",-2398.15681517997,"NRI_P126",100
"51616",-1537.21399517998,"NRI_P126",25
"51617",-24407.23760518,"NRI_P126",50
"51618",-10117.94601518,"NRI_P126",100
"51619",3044.51080481999,"NRI_P126",25
"51620",12646.64435482,"NRI_P126",50
"51621",-41855.72225518,"NRI_P126",100
"51622",-40346.01791518,"NRI_P126",25
"51623",-29895.25453518,"NRI_P126",50
"51624",-14281.16434518,"NRI_P126",100
"51625",-31469.74036518,"NRI_P126",25
"51626",32547.56808482,"NRI_P126",50
"51627",-39479.40971518,"NRI_P126",100
"51628",-36.0392051800154,"NRI_P126",25
"51629",-46465.68935518,"NRI_P126",50
"51630",-51923.06523518,"NRI_P126",100
"51631",-4678.11231518001,"NRI_P126",25
"51632",3039.30200482003,"NRI_P126",50
"51633",-49791.46007518,"NRI_P126",100
"51634",1367.72694482002,"NRI_P126",25
"51635",6948.92148482002,"NRI_P126",50
"51636",-39174.50603518,"NRI_P126",100
"51637",-2562.96271518001,"NRI_P126",25
"51638",-29534.04545518,"NRI_P126",50
"51639",-14211.32925518,"NRI_P126",100
"51640",-39105.71665518,"NRI_P126",25
"51641",18560.79777482,"NRI_P126",50
"51642",-49708.52769518,"NRI_P126",100
"51643",444.988974820008,"NRI_P126",25
"51644",-7721.20483518002,"NRI_P126",50
"51645",-34108.30540518,"NRI_P126",100
"51646",-44074.22054518,"NRI_P126",25
"51647",2406.02068482002,"NRI_P126",50
"51648",-34387.72028518,"NRI_P126",100
"51649",-5584.24406518001,"NRI_P126",25
"51650",23682.91643482,"NRI_P126",50
"51651",-32522.95212518,"NRI_P126",100
"51652",-1918.69043517997,"NRI_P126",25
"51653",-30047.37271518,"NRI_P126",50
"51654",-35989.86025518,"NRI_P126",100
"51655",-2499.49927517999,"NRI_P126",25
"51656",-33171.16697518,"NRI_P126",50
"51657",-39871.57272518,"NRI_P126",100
"51658",3870.89312482002,"NRI_P126",25
"51659",5272.81242481997,"NRI_P126",50
"51660",-35841.40581518,"NRI_P126",100
"51661",15447.06007482,"NRI_P126",25
"51662",12949.10304482,"NRI_P126",50
"51663",-48057.67653518,"NRI_P126",100
"51664",-22423.79743518,"NRI_P126",25
"51665",3635.69901481998,"NRI_P126",50
"51666",-51797.11900518,"NRI_P126",100
"51667",-6297.10573517997,"NRI_P126",25
"51668",-33512.74653518,"NRI_P126",50
"51669",-34104.23173518,"NRI_P126",100
"51670",12937.64920482,"NRI_P126",25
"51671",22142.01043482,"NRI_P126",50
"51672",-46566.15620518,"NRI_P126",100
"51673",-8267.49228518002,"NRI_P126",25
"51674",-44290.06130518,"NRI_P126",50
"51675",-26285.47232518,"NRI_P126",100
"51676",-2671.64027517999,"NRI_P126",25
"51677",-45525.16396518,"NRI_P126",50
"51678",-15656.26694518,"NRI_P126",100
"51679",-47597.30905518,"NRI_P126",25
"51680",-3743.41267518001,"NRI_P126",50
"51681",-43254.16471518,"NRI_P126",100
"51682",-16002.37248518,"NRI_P126",25
"51683",-40236.58201518,"NRI_P126",50
"51684",-29570.52743518,"NRI_P126",100
"51685",-40724.97107518,"NRI_P126",25
"51686",-10119.50331518,"NRI_P126",50
"51687",5134.99463482003,"NRI_P126",100
"51688",2492.52618481999,"NRI_P126",25
"51689",-32145.27155518,"NRI_P126",50
"51690",-29500.75810518,"NRI_P126",100
"51691",976.603074820014,"NRI_P126",25
"51692",-49787.29978518,"NRI_P126",50
"51693",-50284.09060518,"NRI_P126",100
"51694",-5414.93334518,"NRI_P126",25
"51695",-2797.88032518001,"NRI_P126",50
"51696",-47237.89300518,"NRI_P126",100
"51697",-12936.17024518,"NRI_P126",25
"51698",-35743.09100518,"NRI_P126",50
"51699",-27960.52152518,"NRI_P126",100
"51700",-3253.00739518,"NRI_P126",25
"51701",-20375.80705518,"NRI_P126",50
"51702",-27828.74753518,"NRI_P126",100
"51703",515.582014820015,"NRI_P126",25
"51704",10714.66964482,"NRI_P126",50
"51705",-36835.47502518,"NRI_P126",100
"51706",-6572.26450518001,"NRI_P126",25
"51707",-5804.52250517998,"NRI_P126",50
"51708",-18325.20407518,"NRI_P126",100
"51709",-38443.99621518,"NRI_P126",25
"51710",-24379.74881518,"NRI_P126",50
"51711",-46195.33685518,"NRI_P126",100
"51712",-41294.07370518,"NRI_P126",25
"51713",-15144.10053518,"NRI_P126",50
"51714",-26774.41128518,"NRI_P126",100
"51715",-28740.32739518,"NRI_P126",25
"51716",-5127.94887517998,"NRI_P126",50
"51717",-17009.24197518,"NRI_P126",100
"51718",-197.401055180002,"NRI_P126",25
"51719",-45823.14682518,"NRI_P126",50
"51720",-37209.66154518,"NRI_P126",100
"51721",1489.56242481997,"NRI_P126",25
"51722",-28737.39108518,"NRI_P126",50
"51723",-36839.28545518,"NRI_P126",100
"51724",1235.49473481998,"NRI_P126",25
"51725",-42866.66121518,"NRI_P126",50
"51726",-26743.10023518,"NRI_P126",100
"51727",199.383734820003,"NRI_P126",25
"51728",5218.65037481999,"NRI_P126",50
"51729",-45858.39510518,"NRI_P126",100
"51730",-783.524075180001,"NRI_P126",25
"51731",-26444.75148518,"NRI_P126",50
"51732",-15811.40290518,"NRI_P126",100
"51733",-2848.53396517999,"NRI_P126",25
"51734",-30948.22035518,"NRI_P126",50
"51735",-44631.12702518,"NRI_P126",100
"51736",-8145.09281518002,"NRI_P126",25
"51737",-27821.73169518,"NRI_P126",50
"51738",-26192.77289518,"NRI_P126",100
"51739",-2052.56620518002,"NRI_P126",25
"51740",-4646.57704518002,"NRI_P126",50
"51741",-19797.29308518,"NRI_P126",100
"51742",-7909.60536518,"NRI_P126",25
"51743",-18143.92765518,"NRI_P126",50
"51744",-27305.01097518,"NRI_P126",100
"51745",-891.423565179983,"NRI_P126",25
"51746",-43605.18606518,"NRI_P126",50
"51747",-25409.03294518,"NRI_P126",100
"51748",-33659.51794518,"NRI_P126",25
"51749",17618.22096482,"NRI_P126",50
"51750",-15363.11988518,"NRI_P126",100
"51751",689.907754820015,"NRI_P126",25
"51752",-13866.93827518,"NRI_P126",50
"51753",-28604.58461518,"NRI_P126",100
"51754",-2817.05927517998,"NRI_P126",25
"51755",-32971.49071518,"NRI_P126",50
"51756",-10211.46594518,"NRI_P126",100
"51757",1329.13645481999,"NRI_P126",25
"51758",-34517.72215518,"NRI_P126",50
"51759",-42034.34978518,"NRI_P126",100
"51760",-5076.92045517999,"NRI_P126",25
"51761",1241.60365482001,"NRI_P126",50
"51762",804.141754820012,"NRI_P126",100
"51763",-3459.05600518,"NRI_P126",25
"51764",-39997.40716518,"NRI_P126",50
"51765",-43080.58079518,"NRI_P126",100
"51766",-6328.49560517998,"NRI_P126",25
"51767",6703.43724482,"NRI_P126",50
"51768",-26694.02000518,"NRI_P126",100
"51769",7027.84147481999,"NRI_P126",25
"51770",-36547.52749518,"NRI_P126",50
"51771",-45302.44976518,"NRI_P126",100
"51772",24824.40331482,"NRI_P126",25
"51773",-31960.07845518,"NRI_P126",50
"51774",-22491.34746518,"NRI_P126",100
"51775",-44020.41728518,"NRI_P126",25
"51776",-37589.21711518,"NRI_P126",50
"51777",-29060.25944518,"NRI_P126",100
"51778",1801.17596482002,"NRI_P126",25
"51779",-5589.17799518001,"NRI_P126",50
"51780",-52803.96697518,"NRI_P126",100
"51781",2620.74213482003,"NRI_P126",25
"51782",-26889.82916518,"NRI_P126",50
"51783",-33173.17096518,"NRI_P126",100
"51784",-3597.94529518002,"NRI_P126",25
"51785",-41804.68241518,"NRI_P126",50
"51786",-45054.29180518,"NRI_P126",100
"51787",7052.67324481998,"NRI_P126",25
"51788",-36245.65099518,"NRI_P126",50
"51789",-16238.51033518,"NRI_P126",100
"51790",-7926.34007517999,"NRI_P126",25
"51791",-27662.70938518,"NRI_P126",50
"51792",-30995.22335518,"NRI_P126",100
"51793",2229.81702482002,"NRI_P126",25
"51794",-20258.02672518,"NRI_P126",50
"51795",-26399.96655518,"NRI_P126",100
"51796",-37062.54660518,"NRI_P126",25
"51797",-7114.67087517999,"NRI_P126",50
"51798",-29887.14230518,"NRI_P126",100
"51799",-37016.59371518,"NRI_P126",25
"51800",-18905.77241518,"NRI_P126",50
"51801",-47675.48622518,"NRI_P126",100
"51802",-46701.39116518,"NRI_P126",25
"51803",-37937.44386518,"NRI_P126",50
"51804",-38601.21268518,"NRI_P126",100
"51805",-34116.66825518,"NRI_P126",25
"51806",-34871.80944518,"NRI_P126",50
"51807",-22560.00610518,"NRI_P126",100
"51808",-331.253925180004,"NRI_P126",25
"51809",-3301.97955518001,"NRI_P126",50
"51810",-23061.57178518,"NRI_P126",100
"51811",-36899.02550518,"NRI_P126",25
"51812",-542.507965179975,"NRI_P126",50
"51813",-45268.45743518,"NRI_P126",100
"51814",1806.87564481999,"NRI_P126",25
"51815",-24302.94345518,"NRI_P126",50
"51816",-46386.63312518,"NRI_P126",100
"51817",1031.31585482002,"NRI_P126",25
"51818",5439.57799482002,"NRI_P126",50
"51819",-28568.36348518,"NRI_P126",100
"51820",3657.30966482003,"NRI_P126",25
"51821",15025.13991482,"NRI_P126",50
"51822",-26257.89166518,"NRI_P126",100
"51823",-35036.35246518,"NRI_P126",25
"51824",-39927.24331518,"NRI_P126",50
"51825",-5221.70847517997,"NRI_P126",100
"51826",-45510.07896518,"NRI_P126",25
"51827",6100.19894481997,"NRI_P126",50
"51828",-39848.07060518,"NRI_P126",100
"51829",-201.723065180006,"NRI_P126",25
"51830",-3823.40407518001,"NRI_P126",50
"51831",-22651.40648518,"NRI_P126",100
"51832",2486.35278482002,"NRI_P126",25
"51833",6607.35426481999,"NRI_P126",50
"51834",-10934.92195518,"NRI_P126",100
"51835",-44114.71384518,"NRI_P126",25
"51836",-47083.42590518,"NRI_P126",50
"51837",-46204.77248518,"NRI_P126",100
"51838",-8300.14705517999,"NRI_P126",25
"51839",-39524.39085518,"NRI_P126",50
"51840",-43343.20548518,"NRI_P126",100
"51841",-36103.18997518,"NRI_P126",25
"51842",-26915.97123518,"NRI_P126",50
"51843",-47380.37394518,"NRI_P126",100
"51844",-51370.27676518,"NRI_P126",25
"51845",8730.87343481998,"NRI_P126",50
"51846",-23585.58466518,"NRI_P126",100
"51847",8508.21394481999,"NRI_P126",25
"51848",-26581.84032518,"NRI_P126",50
"51849",-33175.56028518,"NRI_P126",100
"51850",11277.20914482,"NRI_P126",25
"51851",7601.84598481999,"NRI_P126",50
"51852",-48555.24148518,"NRI_P126",100
"51853",-49449.94686518,"NRI_P126",25
"51854",-8540.15801517997,"NRI_P126",50
"51855",-41874.30281518,"NRI_P126",100
"51856",-45190.48633518,"NRI_P126",25
"51857",-20159.36202518,"NRI_P126",50
"51858",-33299.36299518,"NRI_P126",100
"51859",13589.28676482,"NRI_P126",25
"51860",-38239.06355518,"NRI_P126",50
"51861",-26837.52198518,"NRI_P126",100
"51862",10351.34788482,"NRI_P126",25
"51863",10855.92981482,"NRI_P126",50
"51864",-45186.11163518,"NRI_P126",100
"51865",-2292.40309517999,"NRI_P126",25
"51866",-38846.60194518,"NRI_P126",50
"51867",21180.43270482,"NRI_P126",100
"51868",4149.08078482002,"NRI_P126",25
"51869",-48675.57366518,"NRI_P126",50
"51870",-9462.07757517998,"NRI_P126",100
"51871",-41740.04014518,"NRI_P126",25
"51872",-43505.96623518,"NRI_P126",50
"51873",-35597.64997518,"NRI_P126",100
"51874",-6413.75721517997,"NRI_P126",25
"51875",-33553.51182518,"NRI_P126",50
"51876",-15901.42327518,"NRI_P126",100
"51877",-3162.30824518,"NRI_P126",25
"51878",23901.49785482,"NRI_P126",50
"51879",-17822.39250518,"NRI_P126",100
"51880",-5988.91754518001,"NRI_P126",25
"51881",-6201.99953517999,"NRI_P126",50
"51882",-32055.14820518,"NRI_P126",100
"51883",-3303.98617518001,"NRI_P126",25
"51884",-30643.17557518,"NRI_P126",50
"51885",-34538.72994518,"NRI_P126",100
"51886",-34064.37758518,"NRI_P126",25
"51887",14635.18316482,"NRI_P126",50
"51888",-49256.66453518,"NRI_P126",100
"51889",-29859.44211518,"NRI_P126",25
"51890",1230.85015482001,"NRI_P126",50
"51891",-43066.57686518,"NRI_P126",100
"51892",-752.598645179998,"NRI_P126",25
"51893",-36526.34223518,"NRI_P126",50
"51894",-22892.86470518,"NRI_P126",100
"51895",-13584.85818518,"NRI_P126",25
"51896",9646.14138481999,"NRI_P126",50
"51897",-22517.52670518,"NRI_P126",100
"51898",-2773.19787517999,"NRI_P126",25
"51899",4072.58970482001,"NRI_P126",50
"51900",-47792.75155518,"NRI_P126",100
"51901",10561.1085150091,"NRI_P129",25
"51902",52049.7812850091,"NRI_P129",50
"51903",80585.479715009,"NRI_P129",100
"51904",28314.709775009,"NRI_P129",25
"51905",33108.570955009,"NRI_P129",50
"51906",39489.154425009,"NRI_P129",100
"51907",8576.15011500905,"NRI_P129",25
"51908",56378.767575009,"NRI_P129",50
"51909",25446.253645009,"NRI_P129",100
"51910",7524.42360500904,"NRI_P129",25
"51911",68494.2354650091,"NRI_P129",50
"51912",69740.936725009,"NRI_P129",100
"51913",18864.993135009,"NRI_P129",25
"51914",12602.199145009,"NRI_P129",50
"51915",62406.089605009,"NRI_P129",100
"51916",43605.975525009,"NRI_P129",25
"51917",37928.795185009,"NRI_P129",50
"51918",67065.815425009,"NRI_P129",100
"51919",3016.64374500903,"NRI_P129",25
"51920",12822.118515009,"NRI_P129",50
"51921",83543.1581650091,"NRI_P129",100
"51922",14764.389115009,"NRI_P129",25
"51923",29741.146545009,"NRI_P129",50
"51924",59618.478035009,"NRI_P129",100
"51925",14449.313435009,"NRI_P129",25
"51926",14788.938545009,"NRI_P129",50
"51927",40809.625905009,"NRI_P129",100
"51928",35832.825945009,"NRI_P129",25
"51929",3491.83352500905,"NRI_P129",50
"51930",46724.027715009,"NRI_P129",100
"51931",45760.630675009,"NRI_P129",25
"51932",8933.02933500905,"NRI_P129",50
"51933",47131.197065009,"NRI_P129",100
"51934",14260.270215009,"NRI_P129",25
"51935",26130.592265009,"NRI_P129",50
"51936",61839.260945009,"NRI_P129",100
"51937",11310.024975009,"NRI_P129",25
"51938",29003.137375009,"NRI_P129",50
"51939",95295.379325009,"NRI_P129",100
"51940",31655.119895009,"NRI_P129",25
"51941",42675.834155009,"NRI_P129",50
"51942",52000.795345009,"NRI_P129",100
"51943",20215.047925009,"NRI_P129",25
"51944",38809.311245009,"NRI_P129",50
"51945",108318.555595009,"NRI_P129",100
"51946",15104.5320950091,"NRI_P129",25
"51947",26253.363915009,"NRI_P129",50
"51948",86440.780955009,"NRI_P129",100
"51949",30543.795475009,"NRI_P129",25
"51950",34014.995855009,"NRI_P129",50
"51951",54357.386045009,"NRI_P129",100
"51952",14292.001005009,"NRI_P129",25
"51953",7428.85034500901,"NRI_P129",50
"51954",53964.790285009,"NRI_P129",100
"51955",38072.946955009,"NRI_P129",25
"51956",7862.61015500902,"NRI_P129",50
"51957",66098.0348850091,"NRI_P129",100
"51958",28453.7285850091,"NRI_P129",25
"51959",77373.484485009,"NRI_P129",50
"51960",75933.559495009,"NRI_P129",100
"51961",11390.513835009,"NRI_P129",25
"51962",49019.829205009,"NRI_P129",50
"51963",66533.167455009,"NRI_P129",100
"51964",20657.7361450091,"NRI_P129",25
"51965",17212.468695009,"NRI_P129",50
"51966",78243.375895009,"NRI_P129",100
"51967",-463.586544990947,"NRI_P129",25
"51968",59999.002145009,"NRI_P129",50
"51969",73988.375285009,"NRI_P129",100
"51970",6278.67535500904,"NRI_P129",25
"51971",38069.569715009,"NRI_P129",50
"51972",66464.004595009,"NRI_P129",100
"51973",9649.61648500903,"NRI_P129",25
"51974",8974.00976500905,"NRI_P129",50
"51975",41851.364825009,"NRI_P129",100
"51976",22725.746805009,"NRI_P129",25
"51977",30657.7981250091,"NRI_P129",50
"51978",51022.647315009,"NRI_P129",100
"51979",12208.407915009,"NRI_P129",25
"51980",36441.910185009,"NRI_P129",50
"51981",51985.866185009,"NRI_P129",100
"51982",18049.853985009,"NRI_P129",25
"51983",63131.673985009,"NRI_P129",50
"51984",81956.018325009,"NRI_P129",100
"51985",7339.07417500904,"NRI_P129",25
"51986",10738.189475009,"NRI_P129",50
"51987",40594.328245009,"NRI_P129",100
"51988",8441.88416500902,"NRI_P129",25
"51989",16132.9461650091,"NRI_P129",50
"51990",81366.039075009,"NRI_P129",100
"51991",41385.480375009,"NRI_P129",25
"51992",18579.655655009,"NRI_P129",50
"51993",107767.692565009,"NRI_P129",100
"51994",31754.147535009,"NRI_P129",25
"51995",42319.166435009,"NRI_P129",50
"51996",54209.496465009,"NRI_P129",100
"51997",14501.805365009,"NRI_P129",25
"51998",20486.3031550091,"NRI_P129",50
"51999",57176.142255009,"NRI_P129",100
"52000",8379.93029500905,"NRI_P129",25
"52001",25995.810255009,"NRI_P129",50
"52002",40896.619575009,"NRI_P129",100
"52003",4910.59604500904,"NRI_P129",25
"52004",47161.089935009,"NRI_P129",50
"52005",27594.992605009,"NRI_P129",100
"52006",16102.370355009,"NRI_P129",25
"52007",41264.2518850091,"NRI_P129",50
"52008",70396.397805009,"NRI_P129",100
"52009",29576.829285009,"NRI_P129",25
"52010",28551.368715009,"NRI_P129",50
"52011",99103.836375009,"NRI_P129",100
"52012",27755.854665009,"NRI_P129",25
"52013",21444.350125009,"NRI_P129",50
"52014",30889.919885009,"NRI_P129",100
"52015",1944.77667500905,"NRI_P129",25
"52016",17562.398305009,"NRI_P129",50
"52017",95116.959895009,"NRI_P129",100
"52018",50961.844125009,"NRI_P129",25
"52019",18890.990045009,"NRI_P129",50
"52020",71195.271755009,"NRI_P129",100
"52021",54429.476115009,"NRI_P129",25
"52022",25891.923625009,"NRI_P129",50
"52023",75338.041645009,"NRI_P129",100
"52024",17647.718615009,"NRI_P129",25
"52025",20208.099455009,"NRI_P129",50
"52026",89803.368465009,"NRI_P129",100
"52027",4838.124745009,"NRI_P129",25
"52028",25169.356655009,"NRI_P129",50
"52029",53701.2027850091,"NRI_P129",100
"52030",14794.949905009,"NRI_P129",25
"52031",18399.531265009,"NRI_P129",50
"52032",68459.798885009,"NRI_P129",100
"52033",2511.409595009,"NRI_P129",25
"52034",33453.582585009,"NRI_P129",50
"52035",45931.544865009,"NRI_P129",100
"52036",16233.616135009,"NRI_P129",25
"52037",22656.530185009,"NRI_P129",50
"52038",74795.667325009,"NRI_P129",100
"52039",20379.249725009,"NRI_P129",25
"52040",25713.495995009,"NRI_P129",50
"52041",128678.462765009,"NRI_P129",100
"52042",10610.623255009,"NRI_P129",25
"52043",30361.486735009,"NRI_P129",50
"52044",58180.978515009,"NRI_P129",100
"52045",43283.308565009,"NRI_P129",25
"52046",19168.970955009,"NRI_P129",50
"52047",68832.416395009,"NRI_P129",100
"52048",7470.25903500902,"NRI_P129",25
"52049",13604.192885009,"NRI_P129",50
"52050",84857.944395009,"NRI_P129",100
"52051",13887.684155009,"NRI_P129",25
"52052",33799.955885009,"NRI_P129",50
"52053",53073.425185009,"NRI_P129",100
"52054",42455.827605009,"NRI_P129",25
"52055",23440.571865009,"NRI_P129",50
"52056",64120.434575009,"NRI_P129",100
"52057",16432.737635009,"NRI_P129",25
"52058",29035.502015009,"NRI_P129",50
"52059",86797.901885009,"NRI_P129",100
"52060",16522.921745009,"NRI_P129",25
"52061",10383.045495009,"NRI_P129",50
"52062",49161.529105009,"NRI_P129",100
"52063",19219.6279550091,"NRI_P129",25
"52064",53524.588935009,"NRI_P129",50
"52065",41631.426745009,"NRI_P129",100
"52066",4212.82667500904,"NRI_P129",25
"52067",16902.523995009,"NRI_P129",50
"52068",49845.355015009,"NRI_P129",100
"52069",4506.77533500904,"NRI_P129",25
"52070",33846.438305009,"NRI_P129",50
"52071",70147.9223150091,"NRI_P129",100
"52072",5951.69585500902,"NRI_P129",25
"52073",24824.686285009,"NRI_P129",50
"52074",53802.734745009,"NRI_P129",100
"52075",9057.18241500901,"NRI_P129",25
"52076",10183.402895009,"NRI_P129",50
"52077",51213.749975009,"NRI_P129",100
"52078",21702.138575009,"NRI_P129",25
"52079",30229.072835009,"NRI_P129",50
"52080",80895.001555009,"NRI_P129",100
"52081",26143.4996750091,"NRI_P129",25
"52082",59860.158975009,"NRI_P129",50
"52083",77361.110025009,"NRI_P129",100
"52084",29448.577595009,"NRI_P129",25
"52085",13428.513465009,"NRI_P129",50
"52086",38067.510565009,"NRI_P129",100
"52087",7467.88897500903,"NRI_P129",25
"52088",11525.039945009,"NRI_P129",50
"52089",53203.439495009,"NRI_P129",100
"52090",8724.08558500902,"NRI_P129",25
"52091",16638.723935009,"NRI_P129",50
"52092",79918.251435009,"NRI_P129",100
"52093",17558.303665009,"NRI_P129",25
"52094",12345.8896050091,"NRI_P129",50
"52095",52196.8351850091,"NRI_P129",100
"52096",8063.60087500903,"NRI_P129",25
"52097",31143.292935009,"NRI_P129",50
"52098",49086.6577750091,"NRI_P129",100
"52099",18543.263605009,"NRI_P129",25
"52100",28513.267455009,"NRI_P129",50
"52101",56288.691755009,"NRI_P129",100
"52102",1310.565715009,"NRI_P129",25
"52103",27954.723355009,"NRI_P129",50
"52104",73391.328065009,"NRI_P129",100
"52105",1860.26037500903,"NRI_P129",25
"52106",56215.138055009,"NRI_P129",50
"52107",71168.396205009,"NRI_P129",100
"52108",35460.187225009,"NRI_P129",25
"52109",44269.649175009,"NRI_P129",50
"52110",73471.392675009,"NRI_P129",100
"52111",2939.505975009,"NRI_P129",25
"52112",105272.351725009,"NRI_P129",50
"52113",38098.455615009,"NRI_P129",100
"52114",17577.622385009,"NRI_P129",25
"52115",19142.257675009,"NRI_P129",50
"52116",90340.343625009,"NRI_P129",100
"52117",12024.146595009,"NRI_P129",25
"52118",45276.3980750091,"NRI_P129",50
"52119",81322.878565009,"NRI_P129",100
"52120",6798.79860500904,"NRI_P129",25
"52121",26501.849925009,"NRI_P129",50
"52122",32673.069805009,"NRI_P129",100
"52123",20122.518665009,"NRI_P129",25
"52124",13104.2382850091,"NRI_P129",50
"52125",57035.5718150091,"NRI_P129",100
"52126",22722.755255009,"NRI_P129",25
"52127",20916.556265009,"NRI_P129",50
"52128",62747.834525009,"NRI_P129",100
"52129",24207.315265009,"NRI_P129",25
"52130",24977.900435009,"NRI_P129",50
"52131",63686.598755009,"NRI_P129",100
"52132",5983.09795500903,"NRI_P129",25
"52133",16006.169435009,"NRI_P129",50
"52134",46546.206025009,"NRI_P129",100
"52135",11545.150645009,"NRI_P129",25
"52136",29888.497365009,"NRI_P129",50
"52137",38887.349185009,"NRI_P129",100
"52138",49270.360525009,"NRI_P129",25
"52139",31831.187405009,"NRI_P129",50
"52140",59671.394425009,"NRI_P129",100
"52141",17297.012175009,"NRI_P129",25
"52142",17691.7031750091,"NRI_P129",50
"52143",50786.3675050091,"NRI_P129",100
"52144",2082.49438500905,"NRI_P129",25
"52145",38057.364405009,"NRI_P129",50
"52146",64182.5433550091,"NRI_P129",100
"52147",14507.6054650091,"NRI_P129",25
"52148",52563.124965009,"NRI_P129",50
"52149",63564.182085009,"NRI_P129",100
"52150",36200.4374050091,"NRI_P129",25
"52151",30186.096825009,"NRI_P129",50
"52152",109115.600905009,"NRI_P129",100
"52153",17381.787995009,"NRI_P129",25
"52154",25544.820325009,"NRI_P129",50
"52155",44980.076175009,"NRI_P129",100
"52156",4987.92937500903,"NRI_P129",25
"52157",56240.9380550091,"NRI_P129",50
"52158",85822.0623050091,"NRI_P129",100
"52159",12544.849715009,"NRI_P129",25
"52160",27957.2537650091,"NRI_P129",50
"52161",46605.920165009,"NRI_P129",100
"52162",-1664.74839499098,"NRI_P129",25
"52163",22006.972525009,"NRI_P129",50
"52164",80245.214885009,"NRI_P129",100
"52165",8079.415535009,"NRI_P129",25
"52166",36204.372285009,"NRI_P129",50
"52167",62651.610895009,"NRI_P129",100
"52168",10578.785135009,"NRI_P129",25
"52169",24605.558925009,"NRI_P129",50
"52170",55781.675325009,"NRI_P129",100
"52171",12509.709045009,"NRI_P129",25
"52172",19327.705035009,"NRI_P129",50
"52173",47731.210875009,"NRI_P129",100
"52174",15319.3529350091,"NRI_P129",25
"52175",35767.320945009,"NRI_P129",50
"52176",31154.758575009,"NRI_P129",100
"52177",22575.986165009,"NRI_P129",25
"52178",25978.023595009,"NRI_P129",50
"52179",49432.179985009,"NRI_P129",100
"52180",5571.94390500901,"NRI_P129",25
"52181",36795.736555009,"NRI_P129",50
"52182",64788.106995009,"NRI_P129",100
"52183",10417.883525009,"NRI_P129",25
"52184",44594.477685009,"NRI_P129",50
"52185",76802.936025009,"NRI_P129",100
"52186",-438.697434990958,"NRI_P129",25
"52187",20393.1348650091,"NRI_P129",50
"52188",74248.042365009,"NRI_P129",100
"52189",29197.7619750091,"NRI_P129",25
"52190",17032.6412250091,"NRI_P129",50
"52191",87909.5710350091,"NRI_P129",100
"52192",15515.3656550091,"NRI_P129",25
"52193",29452.1711450091,"NRI_P129",50
"52194",66673.1028050091,"NRI_P129",100
"52195",18319.061895009,"NRI_P129",25
"52196",30315.967145009,"NRI_P129",50
"52197",54502.314845009,"NRI_P129",100
"52198",14496.780805009,"NRI_P129",25
"52199",10787.114985009,"NRI_P129",50
"52200",95174.504925009,"NRI_P129",100
"52201",-3730.84682382501,"NRI_P130",25
"52202",-11918.973083825,"NRI_P130",50
"52203",-24908.599433825,"NRI_P130",100
"52204",-13801.949113825,"NRI_P130",25
"52205",23081.212216175,"NRI_P130",50
"52206",-47195.490123825,"NRI_P130",100
"52207",-13526.877213825,"NRI_P130",25
"52208",-31990.333303825,"NRI_P130",50
"52209",-22023.805233825,"NRI_P130",100
"52210",9688.391756175,"NRI_P130",25
"52211",-8195.039643825,"NRI_P130",50
"52212",-26301.700433825,"NRI_P130",100
"52213",-11424.578673825,"NRI_P130",25
"52214",-20779.771653825,"NRI_P130",50
"52215",-42171.840353825,"NRI_P130",100
"52216",2030.28597617499,"NRI_P130",25
"52217",-25503.526693825,"NRI_P130",50
"52218",-20803.801643825,"NRI_P130",100
"52219",-12303.954823825,"NRI_P130",25
"52220",3245.63875617497,"NRI_P130",50
"52221",-22565.382973825,"NRI_P130",100
"52222",-15019.896293825,"NRI_P130",25
"52223",-6549.29975382501,"NRI_P130",50
"52224",8104.36547617498,"NRI_P130",100
"52225",-2698.61106382502,"NRI_P130",25
"52226",-3019.855373825,"NRI_P130",50
"52227",-41507.572073825,"NRI_P130",100
"52228",2219.43251617497,"NRI_P130",25
"52229",-34050.737263825,"NRI_P130",50
"52230",-30666.874243825,"NRI_P130",100
"52231",-9115.49074382501,"NRI_P130",25
"52232",-7259.53012382501,"NRI_P130",50
"52233",-24920.316903825,"NRI_P130",100
"52234",-17797.662153825,"NRI_P130",25
"52235",-16169.542313825,"NRI_P130",50
"52236",-9007.60593382502,"NRI_P130",100
"52237",9077.03655617498,"NRI_P130",25
"52238",-975.802713825018,"NRI_P130",50
"52239",-7142.827643825,"NRI_P130",100
"52240",-8216.00623382503,"NRI_P130",25
"52241",-22613.878993825,"NRI_P130",50
"52242",-19322.421353825,"NRI_P130",100
"52243",-15396.817723825,"NRI_P130",25
"52244",-29561.065563825,"NRI_P130",50
"52245",-37132.572913825,"NRI_P130",100
"52246",-21330.855113825,"NRI_P130",25
"52247",-16623.631363825,"NRI_P130",50
"52248",-25575.615823825,"NRI_P130",100
"52249",-11936.112363825,"NRI_P130",25
"52250",15249.167486175,"NRI_P130",50
"52251",-16619.246573825,"NRI_P130",100
"52252",12783.447836175,"NRI_P130",25
"52253",-31879.330113825,"NRI_P130",50
"52254",-3882.52639382501,"NRI_P130",100
"52255",-2425.81395382501,"NRI_P130",25
"52256",-15809.028133825,"NRI_P130",50
"52257",-34973.788063825,"NRI_P130",100
"52258",-1041.68732382503,"NRI_P130",25
"52259",10243.037396175,"NRI_P130",50
"52260",-28995.804303825,"NRI_P130",100
"52261",5879.08205617499,"NRI_P130",25
"52262",7523.96773617499,"NRI_P130",50
"52263",-11150.965903825,"NRI_P130",100
"52264",9964.468696175,"NRI_P130",25
"52265",-16323.966533825,"NRI_P130",50
"52266",-45664.251933825,"NRI_P130",100
"52267",-6077.17153382502,"NRI_P130",25
"52268",-22686.146923825,"NRI_P130",50
"52269",5679.15131617498,"NRI_P130",100
"52270",14252.311636175,"NRI_P130",25
"52271",-2212.09581382503,"NRI_P130",50
"52272",-24467.393503825,"NRI_P130",100
"52273",-9912.52770382501,"NRI_P130",25
"52274",-20646.687113825,"NRI_P130",50
"52275",-22928.494963825,"NRI_P130",100
"52276",-980.85156382501,"NRI_P130",25
"52277",-12587.910123825,"NRI_P130",50
"52278",-39267.013393825,"NRI_P130",100
"52279",-17990.245813825,"NRI_P130",25
"52280",-5878.94110382503,"NRI_P130",50
"52281",-1118.56824382502,"NRI_P130",100
"52282",-3538.04220382503,"NRI_P130",25
"52283",-35462.690703825,"NRI_P130",50
"52284",-34411.309363825,"NRI_P130",100
"52285",6513.77154617498,"NRI_P130",25
"52286",-7634.50251382502,"NRI_P130",50
"52287",-36783.379413825,"NRI_P130",100
"52288",-123.710903825006,"NRI_P130",25
"52289",15910.643896175,"NRI_P130",50
"52290",-7316.24579382502,"NRI_P130",100
"52291",-1541.42081382501,"NRI_P130",25
"52292",-686.390253825026,"NRI_P130",50
"52293",-23529.192673825,"NRI_P130",100
"52294",12890.237386175,"NRI_P130",25
"52295",-49967.440353825,"NRI_P130",50
"52296",-20206.689143825,"NRI_P130",100
"52297",-8695.070683825,"NRI_P130",25
"52298",-25461.005763825,"NRI_P130",50
"52299",-4711.97043382502,"NRI_P130",100
"52300",7548.74479617499,"NRI_P130",25
"52301",693.296996174991,"NRI_P130",50
"52302",-30755.064583825,"NRI_P130",100
"52303",13994.204406175,"NRI_P130",25
"52304",-6537.75122382501,"NRI_P130",50
"52305",-19475.885513825,"NRI_P130",100
"52306",-3341.96017382501,"NRI_P130",25
"52307",-33198.854613825,"NRI_P130",50
"52308",24231.257536175,"NRI_P130",100
"52309",-7841.25632382501,"NRI_P130",25
"52310",-21683.920103825,"NRI_P130",50
"52311",-48639.714193825,"NRI_P130",100
"52312",-4426.72262382502,"NRI_P130",25
"52313",-2800.17863382501,"NRI_P130",50
"52314",-15220.875473825,"NRI_P130",100
"52315",-1609.50163382501,"NRI_P130",25
"52316",-10284.540303825,"NRI_P130",50
"52317",12472.284926175,"NRI_P130",100
"52318",6048.02094617498,"NRI_P130",25
"52319",-19563.373193825,"NRI_P130",50
"52320",-22819.893753825,"NRI_P130",100
"52321",-11404.332293825,"NRI_P130",25
"52322",-23509.446313825,"NRI_P130",50
"52323",21825.121956175,"NRI_P130",100
"52324",-3373.427103825,"NRI_P130",25
"52325",-13826.307403825,"NRI_P130",50
"52326",-45925.470123825,"NRI_P130",100
"52327",-15380.176163825,"NRI_P130",25
"52328",-24823.274543825,"NRI_P130",50
"52329",-49827.082333825,"NRI_P130",100
"52330",785.885306174983,"NRI_P130",25
"52331",-13891.502313825,"NRI_P130",50
"52332",-20813.788923825,"NRI_P130",100
"52333",-15389.169323825,"NRI_P130",25
"52334",-2205.62045382502,"NRI_P130",50
"52335",-21661.495703825,"NRI_P130",100
"52336",-8936.08131382501,"NRI_P130",25
"52337",-22188.505003825,"NRI_P130",50
"52338",-39302.154153825,"NRI_P130",100
"52339",-12809.846473825,"NRI_P130",25
"52340",-20253.481893825,"NRI_P130",50
"52341",-18789.371673825,"NRI_P130",100
"52342",-3472.083663825,"NRI_P130",25
"52343",221.977296174999,"NRI_P130",50
"52344",-56938.375893825,"NRI_P130",100
"52345",-1809.60690382501,"NRI_P130",25
"52346",-28540.358833825,"NRI_P130",50
"52347",-15740.352463825,"NRI_P130",100
"52348",-6408.12322382501,"NRI_P130",25
"52349",-11345.001183825,"NRI_P130",50
"52350",-38495.051443825,"NRI_P130",100
"52351",656.992986174999,"NRI_P130",25
"52352",-7043.73677382502,"NRI_P130",50
"52353",-35270.648483825,"NRI_P130",100
"52354",-11272.089873825,"NRI_P130",25
"52355",6342.42457617499,"NRI_P130",50
"52356",7757.72572617498,"NRI_P130",100
"52357",-9147.60417382501,"NRI_P130",25
"52358",-20763.625743825,"NRI_P130",50
"52359",-48920.658803825,"NRI_P130",100
"52360",2613.41958617498,"NRI_P130",25
"52361",-28699.346743825,"NRI_P130",50
"52362",-38114.099753825,"NRI_P130",100
"52363",-21123.064153825,"NRI_P130",25
"52364",-5170.45309382502,"NRI_P130",50
"52365",-29540.991623825,"NRI_P130",100
"52366",-5117.81499382501,"NRI_P130",25
"52367",-9189.70722382501,"NRI_P130",50
"52368",1488.67267617499,"NRI_P130",100
"52369",8742.72670617499,"NRI_P130",25
"52370",-31641.265293825,"NRI_P130",50
"52371",17547.415116175,"NRI_P130",100
"52372",-5702.60145382502,"NRI_P130",25
"52373",-8476.73249382502,"NRI_P130",50
"52374",-40936.865113825,"NRI_P130",100
"52375",-8861.233293825,"NRI_P130",25
"52376",1859.90241617497,"NRI_P130",50
"52377",-17672.223763825,"NRI_P130",100
"52378",-10369.541053825,"NRI_P130",25
"52379",-10715.589533825,"NRI_P130",50
"52380",-17793.731773825,"NRI_P130",100
"52381",-11885.290623825,"NRI_P130",25
"52382",-9110.96441382502,"NRI_P130",50
"52383",676.356416174996,"NRI_P130",100
"52384",-5321.33555382502,"NRI_P130",25
"52385",-14722.404423825,"NRI_P130",50
"52386",-29716.022043825,"NRI_P130",100
"52387",-27609.704903825,"NRI_P130",25
"52388",5869.50958617497,"NRI_P130",50
"52389",-6154.72251382502,"NRI_P130",100
"52390",-9067.05325382503,"NRI_P130",25
"52391",-6525.97986382502,"NRI_P130",50
"52392",4597.00037617498,"NRI_P130",100
"52393",-1049.92912382502,"NRI_P130",25
"52394",-4071.08717382501,"NRI_P130",50
"52395",-20446.214793825,"NRI_P130",100
"52396",-9788.362413825,"NRI_P130",25
"52397",-17255.797053825,"NRI_P130",50
"52398",-16789.325173825,"NRI_P130",100
"52399",-10963.022873825,"NRI_P130",25
"52400",-18443.482183825,"NRI_P130",50
"52401",8025.00030617497,"NRI_P130",100
"52402",-10683.002843825,"NRI_P130",25
"52403",-289.437333825015,"NRI_P130",50
"52404",-16172.985053825,"NRI_P130",100
"52405",19378.417726175,"NRI_P130",25
"52406",5708.93170617498,"NRI_P130",50
"52407",-4144.890743825,"NRI_P130",100
"52408",-2930.05407382501,"NRI_P130",25
"52409",-4228.30642382501,"NRI_P130",50
"52410",-43557.759293825,"NRI_P130",100
"52411",16409.110216175,"NRI_P130",25
"52412",-29338.997183825,"NRI_P130",50
"52413",-6118.55797382502,"NRI_P130",100
"52414",-269.317573825014,"NRI_P130",25
"52415",-19967.918603825,"NRI_P130",50
"52416",-28945.267883825,"NRI_P130",100
"52417",-8491.491923825,"NRI_P130",25
"52418",8355.13583617497,"NRI_P130",50
"52419",48049.229796175,"NRI_P130",100
"52420",1609.90766617499,"NRI_P130",25
"52421",22259.245926175,"NRI_P130",50
"52422",-11959.093903825,"NRI_P130",100
"52423",-7107.39484382502,"NRI_P130",25
"52424",-12163.883043825,"NRI_P130",50
"52425",-18621.459993825,"NRI_P130",100
"52426",-21640.719593825,"NRI_P130",25
"52427",12374.548806175,"NRI_P130",50
"52428",-47416.867643825,"NRI_P130",100
"52429",-392.308073825028,"NRI_P130",25
"52430",-14021.023293825,"NRI_P130",50
"52431",-29018.489233825,"NRI_P130",100
"52432",7391.14948617498,"NRI_P130",25
"52433",-26991.153623825,"NRI_P130",50
"52434",-37321.788203825,"NRI_P130",100
"52435",-22643.872953825,"NRI_P130",25
"52436",-21640.045383825,"NRI_P130",50
"52437",-31552.952503825,"NRI_P130",100
"52438",300.815176174976,"NRI_P130",25
"52439",-13661.047803825,"NRI_P130",50
"52440",-15228.917863825,"NRI_P130",100
"52441",46517.070346175,"NRI_P130",25
"52442",-33682.775013825,"NRI_P130",50
"52443",-16738.369403825,"NRI_P130",100
"52444",-3169.76064382502,"NRI_P130",25
"52445",-20044.562153825,"NRI_P130",50
"52446",-32472.892663825,"NRI_P130",100
"52447",-7439.53629382502,"NRI_P130",25
"52448",-20095.689883825,"NRI_P130",50
"52449",-30670.484143825,"NRI_P130",100
"52450",21833.853596175,"NRI_P130",25
"52451",-16050.615233825,"NRI_P130",50
"52452",-3077.55867382503,"NRI_P130",100
"52453",4385.75684617498,"NRI_P130",25
"52454",-23246.681623825,"NRI_P130",50
"52455",-39019.168703825,"NRI_P130",100
"52456",-8641.72875382501,"NRI_P130",25
"52457",-21379.790073825,"NRI_P130",50
"52458",-54316.117493825,"NRI_P130",100
"52459",2960.314426175,"NRI_P130",25
"52460",-17572.241523825,"NRI_P130",50
"52461",-32103.537173825,"NRI_P130",100
"52462",4349.45898617498,"NRI_P130",25
"52463",-7662.02706382502,"NRI_P130",50
"52464",-6050.304133825,"NRI_P130",100
"52465",-12520.233103825,"NRI_P130",25
"52466",-14555.101623825,"NRI_P130",50
"52467",-43759.683603825,"NRI_P130",100
"52468",5555.213326175,"NRI_P130",25
"52469",-14517.573093825,"NRI_P130",50
"52470",-10346.143493825,"NRI_P130",100
"52471",-17331.036283825,"NRI_P130",25
"52472",-34493.548263825,"NRI_P130",50
"52473",-29150.010693825,"NRI_P130",100
"52474",475.833056174975,"NRI_P130",25
"52475",2082.57666617498,"NRI_P130",50
"52476",-20400.058873825,"NRI_P130",100
"52477",-2586.973963825,"NRI_P130",25
"52478",-4245.08085382503,"NRI_P130",50
"52479",-30629.919643825,"NRI_P130",100
"52480",-25076.867963825,"NRI_P130",25
"52481",28114.648246175,"NRI_P130",50
"52482",-31680.677833825,"NRI_P130",100
"52483",-6914.27654382502,"NRI_P130",25
"52484",-28550.300683825,"NRI_P130",50
"52485",-49.5249038250186,"NRI_P130",100
"52486",-1181.84022382501,"NRI_P130",25
"52487",-4484.447873825,"NRI_P130",50
"52488",-24687.147793825,"NRI_P130",100
"52489",8250.365066175,"NRI_P130",25
"52490",26455.368736175,"NRI_P130",50
"52491",-24012.997493825,"NRI_P130",100
"52492",-13922.571013825,"NRI_P130",25
"52493",-20693.990473825,"NRI_P130",50
"52494",-31986.663963825,"NRI_P130",100
"52495",12600.788936175,"NRI_P130",25
"52496",5906.60941617499,"NRI_P130",50
"52497",-7835.907813825,"NRI_P130",100
"52498",-16272.193213825,"NRI_P130",25
"52499",3788.504796175,"NRI_P130",50
"52500",-12352.512943825,"NRI_P130",100
"52501",-4347.48918588801,"NRI_P131",25
"52502",-8185.508705888,"NRI_P131",50
"52503",-11541.682185888,"NRI_P131",100
"52504",21036.384454112,"NRI_P131",25
"52505",-7480.03594588801,"NRI_P131",50
"52506",-12325.421085888,"NRI_P131",100
"52507",-978.362665888009,"NRI_P131",25
"52508",13193.923464112,"NRI_P131",50
"52509",-8999.939845888,"NRI_P131",100
"52510",-471.835405888007,"NRI_P131",25
"52511",7216.321724112,"NRI_P131",50
"52512",2707.657294112,"NRI_P131",100
"52513",-3437.34927588802,"NRI_P131",25
"52514",-3755.55778588801,"NRI_P131",50
"52515",4037.14718411199,"NRI_P131",100
"52516",-5760.77802588801,"NRI_P131",25
"52517",-7933.68108588801,"NRI_P131",50
"52518",6995.88051411198,"NRI_P131",100
"52519",-3005.46238588801,"NRI_P131",25
"52520",3596.18263411199,"NRI_P131",50
"52521",-593.139195888012,"NRI_P131",100
"52522",7224.12560411199,"NRI_P131",25
"52523",2465.945914112,"NRI_P131",50
"52524",4155.896784112,"NRI_P131",100
"52525",-7906.17503588801,"NRI_P131",25
"52526",-7320.51145588802,"NRI_P131",50
"52527",-13867.869875888,"NRI_P131",100
"52528",-5133.74313588801,"NRI_P131",25
"52529",-4719.96175588801,"NRI_P131",50
"52530",3283.667924112,"NRI_P131",100
"52531",15147.957054112,"NRI_P131",25
"52532",-10436.888335888,"NRI_P131",50
"52533",-8556.23853588801,"NRI_P131",100
"52534",-7801.845415888,"NRI_P131",25
"52535",14.1449141119956,"NRI_P131",50
"52536",-11063.951375888,"NRI_P131",100
"52537",-8755.91649588801,"NRI_P131",25
"52538",-5110.00318588801,"NRI_P131",50
"52539",-5824.57827588801,"NRI_P131",100
"52540",-6521.89254588801,"NRI_P131",25
"52541",4261.29481411199,"NRI_P131",50
"52542",-6156.715725888,"NRI_P131",100
"52543",-10440.872975888,"NRI_P131",25
"52544",-11434.286145888,"NRI_P131",50
"52545",-1832.77756588801,"NRI_P131",100
"52546",-695.748575888021,"NRI_P131",25
"52547",-8993.40914588801,"NRI_P131",50
"52548",-9460.09905588801,"NRI_P131",100
"52549",-4036.29588588802,"NRI_P131",25
"52550",-2073.747365888,"NRI_P131",50
"52551",-13677.721885888,"NRI_P131",100
"52552",-3769.24625588801,"NRI_P131",25
"52553",-7278.206355888,"NRI_P131",50
"52554",-16608.214615888,"NRI_P131",100
"52555",-2521.512705888,"NRI_P131",25
"52556",-10425.218805888,"NRI_P131",50
"52557",-12651.744485888,"NRI_P131",100
"52558",2312.13983411199,"NRI_P131",25
"52559",2743.080094112,"NRI_P131",50
"52560",-11991.216235888,"NRI_P131",100
"52561",4220.368454112,"NRI_P131",25
"52562",2302.23043411199,"NRI_P131",50
"52563",-8901.02617588801,"NRI_P131",100
"52564",-6174.38041588801,"NRI_P131",25
"52565",-3501.19584588801,"NRI_P131",50
"52566",-3052.95730588801,"NRI_P131",100
"52567",-750.411565888004,"NRI_P131",25
"52568",-5170.81972588801,"NRI_P131",50
"52569",-9622.52952588801,"NRI_P131",100
"52570",530.692984111985,"NRI_P131",25
"52571",4554.14526411198,"NRI_P131",50
"52572",-11045.471575888,"NRI_P131",100
"52573",-4116.91958588801,"NRI_P131",25
"52574",11735.663574112,"NRI_P131",50
"52575",2215.473834112,"NRI_P131",100
"52576",-3652.79216588801,"NRI_P131",25
"52577",16934.811224112,"NRI_P131",50
"52578",-7906.58607588802,"NRI_P131",100
"52579",-3178.40151588801,"NRI_P131",25
"52580",-1132.52777588801,"NRI_P131",50
"52581",-14924.733785888,"NRI_P131",100
"52582",-87.5225458880013,"NRI_P131",25
"52583",-1318.771815888,"NRI_P131",50
"52584",-9438.66280588802,"NRI_P131",100
"52585",-1750.405805888,"NRI_P131",25
"52586",-12034.808985888,"NRI_P131",50
"52587",-22494.208715888,"NRI_P131",100
"52588",-5360.73967588801,"NRI_P131",25
"52589",-15163.112275888,"NRI_P131",50
"52590",-13041.825785888,"NRI_P131",100
"52591",462.920514111989,"NRI_P131",25
"52592",-1591.90688588802,"NRI_P131",50
"52593",3190.21607411199,"NRI_P131",100
"52594",691.564544111985,"NRI_P131",25
"52595",-4215.29990588801,"NRI_P131",50
"52596",-18336.220195888,"NRI_P131",100
"52597",-5647.55148588801,"NRI_P131",25
"52598",14680.312124112,"NRI_P131",50
"52599",4207.01633411198,"NRI_P131",100
"52600",3512.669414112,"NRI_P131",25
"52601",17876.156254112,"NRI_P131",50
"52602",-10825.550435888,"NRI_P131",100
"52603",-183.41807588801,"NRI_P131",25
"52604",-10997.646595888,"NRI_P131",50
"52605",5324.570134112,"NRI_P131",100
"52606",16208.312324112,"NRI_P131",25
"52607",-4791.51615588801,"NRI_P131",50
"52608",-12373.002375888,"NRI_P131",100
"52609",-5888.564545888,"NRI_P131",25
"52610",1495.97850411199,"NRI_P131",50
"52611",20870.962984112,"NRI_P131",100
"52612",-2937.37052588801,"NRI_P131",25
"52613",17687.025814112,"NRI_P131",50
"52614",13459.946644112,"NRI_P131",100
"52615",-2202.18409588801,"NRI_P131",25
"52616",-6438.03967588801,"NRI_P131",50
"52617",-7969.69641588801,"NRI_P131",100
"52618",1839.83520411199,"NRI_P131",25
"52619",-1794.46605588801,"NRI_P131",50
"52620",-12997.773045888,"NRI_P131",100
"52621",-1467.81003588802,"NRI_P131",25
"52622",-7073.63051588801,"NRI_P131",50
"52623",4561.41988411199,"NRI_P131",100
"52624",11781.098194112,"NRI_P131",25
"52625",11771.988444112,"NRI_P131",50
"52626",-10454.437475888,"NRI_P131",100
"52627",-3229.36400588801,"NRI_P131",25
"52628",10636.161914112,"NRI_P131",50
"52629",-6923.03057588801,"NRI_P131",100
"52630",16263.415054112,"NRI_P131",25
"52631",1461.04922411198,"NRI_P131",50
"52632",-15879.906965888,"NRI_P131",100
"52633",-1973.04949588802,"NRI_P131",25
"52634",-13796.533165888,"NRI_P131",50
"52635",-2699.32196588801,"NRI_P131",100
"52636",-1632.107695888,"NRI_P131",25
"52637",-8523.433835888,"NRI_P131",50
"52638",-9805.757935888,"NRI_P131",100
"52639",-2013.95421588801,"NRI_P131",25
"52640",1455.99446411198,"NRI_P131",50
"52641",-20652.801615888,"NRI_P131",100
"52642",13829.909974112,"NRI_P131",25
"52643",-8543.18051588802,"NRI_P131",50
"52644",-3932.74278588801,"NRI_P131",100
"52645",-7978.700765888,"NRI_P131",25
"52646",-2917.46853588801,"NRI_P131",50
"52647",21079.529834112,"NRI_P131",100
"52648",-7152.97409588801,"NRI_P131",25
"52649",12797.365734112,"NRI_P131",50
"52650",14859.175764112,"NRI_P131",100
"52651",-3274.14685588802,"NRI_P131",25
"52652",-8793.89091588801,"NRI_P131",50
"52653",23039.449454112,"NRI_P131",100
"52654",-1107.64317588802,"NRI_P131",25
"52655",-10720.133285888,"NRI_P131",50
"52656",-2399.201195888,"NRI_P131",100
"52657",-6290.07502588801,"NRI_P131",25
"52658",23166.193834112,"NRI_P131",50
"52659",8490.10713411198,"NRI_P131",100
"52660",-3575.57083588801,"NRI_P131",25
"52661",-7694.050705888,"NRI_P131",50
"52662",-8811.56362588801,"NRI_P131",100
"52663",2377.413314112,"NRI_P131",25
"52664",-10664.286285888,"NRI_P131",50
"52665",2911.43229411199,"NRI_P131",100
"52666",2393.44165411199,"NRI_P131",25
"52667",-6407.96713588802,"NRI_P131",50
"52668",-14445.273805888,"NRI_P131",100
"52669",-5312.443455888,"NRI_P131",25
"52670",-13772.003585888,"NRI_P131",50
"52671",6883.431584112,"NRI_P131",100
"52672",-2433.71076588801,"NRI_P131",25
"52673",-12281.197095888,"NRI_P131",50
"52674",-18941.324995888,"NRI_P131",100
"52675",-11712.572025888,"NRI_P131",25
"52676",-16547.050715888,"NRI_P131",50
"52677",-6646.44924588801,"NRI_P131",100
"52678",2745.85364411198,"NRI_P131",25
"52679",-10791.567635888,"NRI_P131",50
"52680",-18226.145035888,"NRI_P131",100
"52681",636.726004111988,"NRI_P131",25
"52682",-5834.43703588801,"NRI_P131",50
"52683",-11852.780145888,"NRI_P131",100
"52684",-1141.359075888,"NRI_P131",25
"52685",-7516.527065888,"NRI_P131",50
"52686",-3552.255145888,"NRI_P131",100
"52687",10210.650934112,"NRI_P131",25
"52688",-11652.053185888,"NRI_P131",50
"52689",2926.023874112,"NRI_P131",100
"52690",1046.07979411198,"NRI_P131",25
"52691",-1947.473035888,"NRI_P131",50
"52692",-14141.469405888,"NRI_P131",100
"52693",-2084.34875588802,"NRI_P131",25
"52694",-11266.599535888,"NRI_P131",50
"52695",-6556.25386588801,"NRI_P131",100
"52696",2908.281194112,"NRI_P131",25
"52697",28040.434144112,"NRI_P131",50
"52698",-10387.648145888,"NRI_P131",100
"52699",-4455.25238588802,"NRI_P131",25
"52700",-5984.19923588801,"NRI_P131",50
"52701",-6984.995295888,"NRI_P131",100
"52702",-3189.40675588801,"NRI_P131",25
"52703",-8012.260985888,"NRI_P131",50
"52704",-8352.71436588801,"NRI_P131",100
"52705",-3281.35454588801,"NRI_P131",25
"52706",-6243.103625888,"NRI_P131",50
"52707",-13785.339435888,"NRI_P131",100
"52708",-7613.70431588801,"NRI_P131",25
"52709",-3165.39769588801,"NRI_P131",50
"52710",-15979.921565888,"NRI_P131",100
"52711",-3093.80868588801,"NRI_P131",25
"52712",-803.642705888022,"NRI_P131",50
"52713",7825.04427411198,"NRI_P131",100
"52714",-1486.530465888,"NRI_P131",25
"52715",-4985.41810588801,"NRI_P131",50
"52716",-8251.60698588801,"NRI_P131",100
"52717",2596.41141411199,"NRI_P131",25
"52718",25566.693384112,"NRI_P131",50
"52719",-8250.89005588801,"NRI_P131",100
"52720",-2292.64207588801,"NRI_P131",25
"52721",-5919.04366588801,"NRI_P131",50
"52722",9961.47423411199,"NRI_P131",100
"52723",-8362.67730588801,"NRI_P131",25
"52724",-674.937695888017,"NRI_P131",50
"52725",-12593.641595888,"NRI_P131",100
"52726",-7725.66867588801,"NRI_P131",25
"52727",-22.3271458880045,"NRI_P131",50
"52728",-5005.278485888,"NRI_P131",100
"52729",2487.53770411198,"NRI_P131",25
"52730",-7718.59990588801,"NRI_P131",50
"52731",-11209.526875888,"NRI_P131",100
"52732",-943.609475888021,"NRI_P131",25
"52733",-5817.60210588801,"NRI_P131",50
"52734",-18830.406255888,"NRI_P131",100
"52735",556.654184112005,"NRI_P131",25
"52736",-8955.679105888,"NRI_P131",50
"52737",-11023.361915888,"NRI_P131",100
"52738",5507.83469411198,"NRI_P131",25
"52739",-10747.392995888,"NRI_P131",50
"52740",-17336.078835888,"NRI_P131",100
"52741",3190.14372411199,"NRI_P131",25
"52742",676.682214111992,"NRI_P131",50
"52743",40120.924984112,"NRI_P131",100
"52744",13616.838254112,"NRI_P131",25
"52745",28385.846564112,"NRI_P131",50
"52746",-19079.687355888,"NRI_P131",100
"52747",-10186.770605888,"NRI_P131",25
"52748",1694.435644112,"NRI_P131",50
"52749",16772.000424112,"NRI_P131",100
"52750",-2726.24255588801,"NRI_P131",25
"52751",-1062.95818588801,"NRI_P131",50
"52752",-2813.362215888,"NRI_P131",100
"52753",-2775.77088588801,"NRI_P131",25
"52754",-5872.90453588801,"NRI_P131",50
"52755",-20871.505195888,"NRI_P131",100
"52756",-8212.78522588802,"NRI_P131",25
"52757",11358.232704112,"NRI_P131",50
"52758",33493.302724112,"NRI_P131",100
"52759",-5635.83181588801,"NRI_P131",25
"52760",-6893.36781588801,"NRI_P131",50
"52761",-15780.001175888,"NRI_P131",100
"52762",-6698.73522588801,"NRI_P131",25
"52763",-12325.649935888,"NRI_P131",50
"52764",-8757.35861588801,"NRI_P131",100
"52765",-246.58988588801,"NRI_P131",25
"52766",-10091.666215888,"NRI_P131",50
"52767",-8693.48490588801,"NRI_P131",100
"52768",10885.289694112,"NRI_P131",25
"52769",13079.357794112,"NRI_P131",50
"52770",13616.329824112,"NRI_P131",100
"52771",-4047.490095888,"NRI_P131",25
"52772",19830.349674112,"NRI_P131",50
"52773",-17475.197195888,"NRI_P131",100
"52774",-4849.272855888,"NRI_P131",25
"52775",-6668.88735588802,"NRI_P131",50
"52776",-11675.805525888,"NRI_P131",100
"52777",-3022.80690588801,"NRI_P131",25
"52778",-7804.54243588801,"NRI_P131",50
"52779",-3764.619785888,"NRI_P131",100
"52780",13313.652194112,"NRI_P131",25
"52781",-1564.44385588801,"NRI_P131",50
"52782",-14625.789865888,"NRI_P131",100
"52783",-1054.563625888,"NRI_P131",25
"52784",-9776.12357588801,"NRI_P131",50
"52785",1093.64443411198,"NRI_P131",100
"52786",-2795.63299588801,"NRI_P131",25
"52787",4568.29118411199,"NRI_P131",50
"52788",-16461.893065888,"NRI_P131",100
"52789",4919.84516411199,"NRI_P131",25
"52790",-3556.072025888,"NRI_P131",50
"52791",-11732.366965888,"NRI_P131",100
"52792",-10231.969885888,"NRI_P131",25
"52793",9940.28469411199,"NRI_P131",50
"52794",-4466.18323588801,"NRI_P131",100
"52795",-531.324125888001,"NRI_P131",25
"52796",-13163.683615888,"NRI_P131",50
"52797",-15544.174725888,"NRI_P131",100
"52798",-4586.870905888,"NRI_P131",25
"52799",-8085.42190588801,"NRI_P131",50
"52800",2908.605864112,"NRI_P131",100
"52801",-5311.941559022,"NRI_P133",25
"52802",-10983.004109022,"NRI_P133",50
"52803",-2141.449539022,"NRI_P133",100
"52804",-256.767649021989,"NRI_P133",25
"52805",-18740.859549022,"NRI_P133",50
"52806",-16642.409459022,"NRI_P133",100
"52807",3641.60986097797,"NRI_P133",25
"52808",-2801.61525902199,"NRI_P133",50
"52809",-20001.352499022,"NRI_P133",100
"52810",-12689.574939022,"NRI_P133",25
"52811",16015.046750978,"NRI_P133",50
"52812",-10869.498849022,"NRI_P133",100
"52813",-21307.503489022,"NRI_P133",25
"52814",-444.274209021998,"NRI_P133",50
"52815",-17974.072359022,"NRI_P133",100
"52816",16124.700880978,"NRI_P133",25
"52817",-14323.859279022,"NRI_P133",50
"52818",2313.23819097801,"NRI_P133",100
"52819",-7398.91222902201,"NRI_P133",25
"52820",1976.389340978,"NRI_P133",50
"52821",-13618.439469022,"NRI_P133",100
"52822",13962.934170978,"NRI_P133",25
"52823",-7641.31174902199,"NRI_P133",50
"52824",4678.05413097801,"NRI_P133",100
"52825",-22459.004549022,"NRI_P133",25
"52826",-10723.752689022,"NRI_P133",50
"52827",-1273.03156902199,"NRI_P133",100
"52828",-7971.641519022,"NRI_P133",25
"52829",-5392.10018902199,"NRI_P133",50
"52830",-19973.793049022,"NRI_P133",100
"52831",2773.556950978,"NRI_P133",25
"52832",-10566.500239022,"NRI_P133",50
"52833",8217.994900978,"NRI_P133",100
"52834",10030.732450978,"NRI_P133",25
"52835",-15894.387419022,"NRI_P133",50
"52836",15982.336860978,"NRI_P133",100
"52837",-6605.17467902199,"NRI_P133",25
"52838",-6886.94011902201,"NRI_P133",50
"52839",-14395.988539022,"NRI_P133",100
"52840",-3972.22780902201,"NRI_P133",25
"52841",-6215.82543902201,"NRI_P133",50
"52842",-12156.643049022,"NRI_P133",100
"52843",7712.09087097802,"NRI_P133",25
"52844",-7298.760239022,"NRI_P133",50
"52845",-17749.079669022,"NRI_P133",100
"52846",-21491.714469022,"NRI_P133",25
"52847",-15550.875679022,"NRI_P133",50
"52848",-11956.145309022,"NRI_P133",100
"52849",-4044.538909022,"NRI_P133",25
"52850",-10121.513079022,"NRI_P133",50
"52851",-16503.775709022,"NRI_P133",100
"52852",-1660.30097902199,"NRI_P133",25
"52853",-17196.135859022,"NRI_P133",50
"52854",-6786.478079022,"NRI_P133",100
"52855",-288.163909021998,"NRI_P133",25
"52856",3874.73419097799,"NRI_P133",50
"52857",-24286.203429022,"NRI_P133",100
"52858",16853.920810978,"NRI_P133",25
"52859",6472.66852097801,"NRI_P133",50
"52860",-24294.292969022,"NRI_P133",100
"52861",-11101.835649022,"NRI_P133",25
"52862",-781.012769021996,"NRI_P133",50
"52863",-6320.02794902198,"NRI_P133",100
"52864",11222.740690978,"NRI_P133",25
"52865",-19805.576849022,"NRI_P133",50
"52866",2217.77598097798,"NRI_P133",100
"52867",-6404.807989022,"NRI_P133",25
"52868",-6948.145429022,"NRI_P133",50
"52869",-36273.460909022,"NRI_P133",100
"52870",-493.885049022007,"NRI_P133",25
"52871",4894.72907097801,"NRI_P133",50
"52872",-21586.114149022,"NRI_P133",100
"52873",-341.650109022012,"NRI_P133",25
"52874",12508.956260978,"NRI_P133",50
"52875",18638.517050978,"NRI_P133",100
"52876",-12555.612439022,"NRI_P133",25
"52877",576.618790977984,"NRI_P133",50
"52878",-18095.527139022,"NRI_P133",100
"52879",-14087.155689022,"NRI_P133",25
"52880",-20308.309449022,"NRI_P133",50
"52881",-3646.693569022,"NRI_P133",100
"52882",9190.81712097803,"NRI_P133",25
"52883",-22843.085849022,"NRI_P133",50
"52884",-16060.394819022,"NRI_P133",100
"52885",-12238.319469022,"NRI_P133",25
"52886",-6272.98417902199,"NRI_P133",50
"52887",-4705.898059022,"NRI_P133",100
"52888",-9731.87390902199,"NRI_P133",25
"52889",-6552.36132902201,"NRI_P133",50
"52890",-5967.01590902201,"NRI_P133",100
"52891",-4067.79629902201,"NRI_P133",25
"52892",-1242.49220902199,"NRI_P133",50
"52893",-142.140659021999,"NRI_P133",100
"52894",7484.45297097799,"NRI_P133",25
"52895",2353.91356097802,"NRI_P133",50
"52896",-7190.11085902201,"NRI_P133",100
"52897",-10154.890149022,"NRI_P133",25
"52898",7355.82293097803,"NRI_P133",50
"52899",-9454.27940902198,"NRI_P133",100
"52900",10973.361840978,"NRI_P133",25
"52901",-5929.485739022,"NRI_P133",50
"52902",-26639.115979022,"NRI_P133",100
"52903",-6170.16190902199,"NRI_P133",25
"52904",9385.711740978,"NRI_P133",50
"52905",-22954.859279022,"NRI_P133",100
"52906",-7136.815729022,"NRI_P133",25
"52907",-10508.828689022,"NRI_P133",50
"52908",-4288.79603902201,"NRI_P133",100
"52909",-4046.10089902199,"NRI_P133",25
"52910",-7681.566429022,"NRI_P133",50
"52911",2633.986110978,"NRI_P133",100
"52912",-13049.364339022,"NRI_P133",25
"52913",3720.815480978,"NRI_P133",50
"52914",-16510.363169022,"NRI_P133",100
"52915",167.050850978005,"NRI_P133",25
"52916",4283.90117097797,"NRI_P133",50
"52917",-18270.981359022,"NRI_P133",100
"52918",-1271.93361902199,"NRI_P133",25
"52919",-1553.34122902199,"NRI_P133",50
"52920",-6536.59406902199,"NRI_P133",100
"52921",5984.828140978,"NRI_P133",25
"52922",-17171.162229022,"NRI_P133",50
"52923",-14056.735119022,"NRI_P133",100
"52924",-2857.969139022,"NRI_P133",25
"52925",478.405530977994,"NRI_P133",50
"52926",-7947.39553902199,"NRI_P133",100
"52927",2346.150830978,"NRI_P133",25
"52928",-21347.231099022,"NRI_P133",50
"52929",8668.03798097803,"NRI_P133",100
"52930",-6402.36457902199,"NRI_P133",25
"52931",7027.96344097803,"NRI_P133",50
"52932",-18192.329149022,"NRI_P133",100
"52933",2483.66863097798,"NRI_P133",25
"52934",-15086.465419022,"NRI_P133",50
"52935",-109.236959022004,"NRI_P133",100
"52936",8415.42602097802,"NRI_P133",25
"52937",-7033.664219022,"NRI_P133",50
"52938",-20817.393349022,"NRI_P133",100
"52939",-1694.96122902201,"NRI_P133",25
"52940",-24513.334439022,"NRI_P133",50
"52941",-16283.605819022,"NRI_P133",100
"52942",4339.75455097802,"NRI_P133",25
"52943",10195.464970978,"NRI_P133",50
"52944",-24241.258459022,"NRI_P133",100
"52945",1718.44385097799,"NRI_P133",25
"52946",-19044.750579022,"NRI_P133",50
"52947",-24965.631979022,"NRI_P133",100
"52948",-9690.45549902201,"NRI_P133",25
"52949",-12031.798909022,"NRI_P133",50
"52950",-8517.40456902201,"NRI_P133",100
"52951",-27404.059719022,"NRI_P133",25
"52952",-920.315599021997,"NRI_P133",50
"52953",2205.34694097802,"NRI_P133",100
"52954",-3707.824509022,"NRI_P133",25
"52955",-13266.288139022,"NRI_P133",50
"52956",1566.634150978,"NRI_P133",100
"52957",7313.362180978,"NRI_P133",25
"52958",-784.35337902201,"NRI_P133",50
"52959",15768.236500978,"NRI_P133",100
"52960",11246.464480978,"NRI_P133",25
"52961",-17554.809619022,"NRI_P133",50
"52962",-15037.249729022,"NRI_P133",100
"52963",-6388.386149022,"NRI_P133",25
"52964",3414.65750097798,"NRI_P133",50
"52965",3645.19834097801,"NRI_P133",100
"52966",6321.61631097802,"NRI_P133",25
"52967",1450.30822097801,"NRI_P133",50
"52968",9707.17226097803,"NRI_P133",100
"52969",-14739.236429022,"NRI_P133",25
"52970",-11437.053189022,"NRI_P133",50
"52971",-4772.941639022,"NRI_P133",100
"52972",-3886.69823902199,"NRI_P133",25
"52973",892.137790978013,"NRI_P133",50
"52974",-18504.159609022,"NRI_P133",100
"52975",-7093.04017902201,"NRI_P133",25
"52976",16036.950290978,"NRI_P133",50
"52977",-11719.291159022,"NRI_P133",100
"52978",-6013.89854902201,"NRI_P133",25
"52979",5541.06559097802,"NRI_P133",50
"52980",-6370.27027902199,"NRI_P133",100
"52981",-1616.67059902201,"NRI_P133",25
"52982",-475.15018902201,"NRI_P133",50
"52983",-14469.803429022,"NRI_P133",100
"52984",-8249.19076902201,"NRI_P133",25
"52985",-2995.77510902201,"NRI_P133",50
"52986",4077.37981097802,"NRI_P133",100
"52987",-8678.13784902199,"NRI_P133",25
"52988",12602.743790978,"NRI_P133",50
"52989",-38276.556399022,"NRI_P133",100
"52990",193.929270978027,"NRI_P133",25
"52991",-19070.440519022,"NRI_P133",50
"52992",-7159.066089022,"NRI_P133",100
"52993",-6700.903069022,"NRI_P133",25
"52994",-3468.39322902201,"NRI_P133",50
"52995",7449.20446097798,"NRI_P133",100
"52996",-7307.49213902201,"NRI_P133",25
"52997",6280.54011097801,"NRI_P133",50
"52998",4423.410530978,"NRI_P133",100
"52999",-5427.45399902199,"NRI_P133",25
"53000",-22912.890749022,"NRI_P133",50
"53001",-11874.220809022,"NRI_P133",100
"53002",-9869.294279022,"NRI_P133",25
"53003",-23226.041929022,"NRI_P133",50
"53004",232.317170978,"NRI_P133",100
"53005",3612.430360978,"NRI_P133",25
"53006",-3735.99599902201,"NRI_P133",50
"53007",-18356.237409022,"NRI_P133",100
"53008",-14454.411859022,"NRI_P133",25
"53009",-755.081919021992,"NRI_P133",50
"53010",-13873.790079022,"NRI_P133",100
"53011",5866.07686097798,"NRI_P133",25
"53012",-3149.019829022,"NRI_P133",50
"53013",-29353.233149022,"NRI_P133",100
"53014",-8345.42583902201,"NRI_P133",25
"53015",7027.14532097802,"NRI_P133",50
"53016",1392.59637097799,"NRI_P133",100
"53017",-2045.866339022,"NRI_P133",25
"53018",-23626.837089022,"NRI_P133",50
"53019",-16494.764579022,"NRI_P133",100
"53020",-5723.97853902201,"NRI_P133",25
"53021",8335.87339097803,"NRI_P133",50
"53022",-20966.481229022,"NRI_P133",100
"53023",-10040.358049022,"NRI_P133",25
"53024",-1015.62549902199,"NRI_P133",50
"53025",-24748.789559022,"NRI_P133",100
"53026",-8383.13500902199,"NRI_P133",25
"53027",-1383.83314902199,"NRI_P133",50
"53028",-22622.438159022,"NRI_P133",100
"53029",12937.798690978,"NRI_P133",25
"53030",5242.70070097799,"NRI_P133",50
"53031",18127.173580978,"NRI_P133",100
"53032",-8261.59665902201,"NRI_P133",25
"53033",-3197.90508902201,"NRI_P133",50
"53034",-7881.95897902199,"NRI_P133",100
"53035",4785.53246097802,"NRI_P133",25
"53036",7804.75368097803,"NRI_P133",50
"53037",361.269260977977,"NRI_P133",100
"53038",1888.19153097802,"NRI_P133",25
"53039",-6486.891389022,"NRI_P133",50
"53040",12858.398700978,"NRI_P133",100
"53041",-12280.013399022,"NRI_P133",25
"53042",-33335.649509022,"NRI_P133",50
"53043",-6685.49938902201,"NRI_P133",100
"53044",-11768.411129022,"NRI_P133",25
"53045",657.141320978,"NRI_P133",50
"53046",-4384.93838902199,"NRI_P133",100
"53047",-10242.471069022,"NRI_P133",25
"53048",-13494.766999022,"NRI_P133",50
"53049",11707.236260978,"NRI_P133",100
"53050",-23506.746949022,"NRI_P133",25
"53051",-5283.85164902199,"NRI_P133",50
"53052",-12515.691769022,"NRI_P133",100
"53053",22698.413210978,"NRI_P133",25
"53054",5556.49982097797,"NRI_P133",50
"53055",-23103.445259022,"NRI_P133",100
"53056",7258.70999097801,"NRI_P133",25
"53057",2754.45574097801,"NRI_P133",50
"53058",-30519.360129022,"NRI_P133",100
"53059",-984.897429022007,"NRI_P133",25
"53060",-922.125769022008,"NRI_P133",50
"53061",-36995.255929022,"NRI_P133",100
"53062",-5850.26475902199,"NRI_P133",25
"53063",-22200.222289022,"NRI_P133",50
"53064",18476.381400978,"NRI_P133",100
"53065",-2913.623539022,"NRI_P133",25
"53066",-5188.09492902199,"NRI_P133",50
"53067",-9956.79751902199,"NRI_P133",100
"53068",1806.43295097799,"NRI_P133",25
"53069",1388.20228097797,"NRI_P133",50
"53070",-23789.068839022,"NRI_P133",100
"53071",-4357.48884902199,"NRI_P133",25
"53072",-16841.980669022,"NRI_P133",50
"53073",14473.812910978,"NRI_P133",100
"53074",3461.65888097801,"NRI_P133",25
"53075",-14399.696389022,"NRI_P133",50
"53076",-20933.374559022,"NRI_P133",100
"53077",-10162.394839022,"NRI_P133",25
"53078",-3955.063429022,"NRI_P133",50
"53079",-2611.03362902199,"NRI_P133",100
"53080",-5889.679859022,"NRI_P133",25
"53081",2603.22775097803,"NRI_P133",50
"53082",6514.41398097802,"NRI_P133",100
"53083",-8618.524679022,"NRI_P133",25
"53084",9112.27807097801,"NRI_P133",50
"53085",-21810.605209022,"NRI_P133",100
"53086",-2483.65146902201,"NRI_P133",25
"53087",-11619.993399022,"NRI_P133",50
"53088",-24001.059319022,"NRI_P133",100
"53089",-16350.620869022,"NRI_P133",25
"53090",-7725.46637902199,"NRI_P133",50
"53091",-10548.697479022,"NRI_P133",100
"53092",-3976.81649902201,"NRI_P133",25
"53093",5700.294680978,"NRI_P133",50
"53094",-32162.113889022,"NRI_P133",100
"53095",-5628.03750902199,"NRI_P133",25
"53096",902.054940978007,"NRI_P133",50
"53097",-19900.962849022,"NRI_P133",100
"53098",-3597.54378902199,"NRI_P133",25
"53099",7107.08157097799,"NRI_P133",50
"53100",-28855.760069022,"NRI_P133",100
"53101",-18907.281560611,"NRI_P134",25
"53102",-31744.338560611,"NRI_P134",50
"53103",-27160.854840611,"NRI_P134",100
"53104",-4544.05635061098,"NRI_P134",25
"53105",-30254.409890611,"NRI_P134",50
"53106",-39893.169540611,"NRI_P134",100
"53107",-17602.669560611,"NRI_P134",25
"53108",-37377.389600611,"NRI_P134",50
"53109",-44580.417100611,"NRI_P134",100
"53110",-11975.565240611,"NRI_P134",25
"53111",-45108.071720611,"NRI_P134",50
"53112",-58948.288250611,"NRI_P134",100
"53113",-991.120180610975,"NRI_P134",25
"53114",-43347.380730611,"NRI_P134",50
"53115",-28371.545910611,"NRI_P134",100
"53116",-1667.725040611,"NRI_P134",25
"53117",-40523.128320611,"NRI_P134",50
"53118",-41793.370180611,"NRI_P134",100
"53119",-1431.81930061098,"NRI_P134",25
"53120",5213.77015938901,"NRI_P134",50
"53121",-34578.454980611,"NRI_P134",100
"53122",13777.555609389,"NRI_P134",25
"53123",-27542.482160611,"NRI_P134",50
"53124",-48820.964590611,"NRI_P134",100
"53125",-6545.39099061099,"NRI_P134",25
"53126",-32635.631380611,"NRI_P134",50
"53127",-32989.239720611,"NRI_P134",100
"53128",-8869.69997061096,"NRI_P134",25
"53129",-5950.10896061099,"NRI_P134",50
"53130",-43139.043700611,"NRI_P134",100
"53131",-22197.422200611,"NRI_P134",25
"53132",-38316.383970611,"NRI_P134",50
"53133",-44818.000040611,"NRI_P134",100
"53134",362.922049389046,"NRI_P134",25
"53135",-36286.484010611,"NRI_P134",50
"53136",-31324.944500611,"NRI_P134",100
"53137",-4799.45192061097,"NRI_P134",25
"53138",-41270.834420611,"NRI_P134",50
"53139",-43608.821400611,"NRI_P134",100
"53140",-10790.067680611,"NRI_P134",25
"53141",-19146.342900611,"NRI_P134",50
"53142",-27694.429480611,"NRI_P134",100
"53143",-5215.29772061098,"NRI_P134",25
"53144",-25611.101270611,"NRI_P134",50
"53145",-51348.2290706109,"NRI_P134",100
"53146",-5380.58815061097,"NRI_P134",25
"53147",-29541.865210611,"NRI_P134",50
"53148",-39986.677810611,"NRI_P134",100
"53149",-22272.052460611,"NRI_P134",25
"53150",7488.53519938904,"NRI_P134",50
"53151",-29541.827220611,"NRI_P134",100
"53152",-29125.7015206109,"NRI_P134",25
"53153",-29868.671950611,"NRI_P134",50
"53154",-43895.392780611,"NRI_P134",100
"53155",-9864.62012061098,"NRI_P134",25
"53156",-23627.047800611,"NRI_P134",50
"53157",-30801.584870611,"NRI_P134",100
"53158",-7411.51483061095,"NRI_P134",25
"53159",-28340.971860611,"NRI_P134",50
"53160",-34998.149650611,"NRI_P134",100
"53161",3108.02599938901,"NRI_P134",25
"53162",-9938.79339061095,"NRI_P134",50
"53163",-48405.747850611,"NRI_P134",100
"53164",-21359.3459906109,"NRI_P134",25
"53165",-18378.893830611,"NRI_P134",50
"53166",-49022.171680611,"NRI_P134",100
"53167",-2079.87677061098,"NRI_P134",25
"53168",-31507.373650611,"NRI_P134",50
"53169",-48875.108590611,"NRI_P134",100
"53170",-4124.195320611,"NRI_P134",25
"53171",-17024.432740611,"NRI_P134",50
"53172",-51210.1126706109,"NRI_P134",100
"53173",-8392.37140061095,"NRI_P134",25
"53174",-5624.00898061099,"NRI_P134",50
"53175",-42107.223990611,"NRI_P134",100
"53176",-12015.8110406109,"NRI_P134",25
"53177",-28957.484040611,"NRI_P134",50
"53178",-40715.165580611,"NRI_P134",100
"53179",9098.59612938901,"NRI_P134",25
"53180",-36877.418500611,"NRI_P134",50
"53181",-56508.571020611,"NRI_P134",100
"53182",-10624.421490611,"NRI_P134",25
"53183",-30660.633160611,"NRI_P134",50
"53184",-46977.864790611,"NRI_P134",100
"53185",-18492.576860611,"NRI_P134",25
"53186",-26368.956770611,"NRI_P134",50
"53187",-43934.723620611,"NRI_P134",100
"53188",-28366.787190611,"NRI_P134",25
"53189",60.4126993890386,"NRI_P134",50
"53190",-22463.124380611,"NRI_P134",100
"53191",-9794.99775061099,"NRI_P134",25
"53192",-23877.467120611,"NRI_P134",50
"53193",-28661.567400611,"NRI_P134",100
"53194",-29432.587860611,"NRI_P134",25
"53195",-35227.894560611,"NRI_P134",50
"53196",-51806.740490611,"NRI_P134",100
"53197",-2222.715370611,"NRI_P134",25
"53198",-20241.809160611,"NRI_P134",50
"53199",-38864.634530611,"NRI_P134",100
"53200",-5432.06014061096,"NRI_P134",25
"53201",2133.21399938903,"NRI_P134",50
"53202",-8305.54265061097,"NRI_P134",100
"53203",-12562.825730611,"NRI_P134",25
"53204",-23397.286450611,"NRI_P134",50
"53205",-41359.685320611,"NRI_P134",100
"53206",-17632.935170611,"NRI_P134",25
"53207",-22060.182880611,"NRI_P134",50
"53208",-21367.122870611,"NRI_P134",100
"53209",-6150.04065061099,"NRI_P134",25
"53210",-26471.540680611,"NRI_P134",50
"53211",-40038.649750611,"NRI_P134",100
"53212",6060.47999938903,"NRI_P134",25
"53213",-26456.845280611,"NRI_P134",50
"53214",-46269.028710611,"NRI_P134",100
"53215",-12141.610730611,"NRI_P134",25
"53216",-21757.490120611,"NRI_P134",50
"53217",-50351.030720611,"NRI_P134",100
"53218",-10838.440640611,"NRI_P134",25
"53219",-3188.28575061099,"NRI_P134",50
"53220",-51605.192590611,"NRI_P134",100
"53221",-38560.822750611,"NRI_P134",25
"53222",-38817.004770611,"NRI_P134",50
"53223",-41313.309810611,"NRI_P134",100
"53224",90.1927693890175,"NRI_P134",25
"53225",-28381.563340611,"NRI_P134",50
"53226",-38238.111120611,"NRI_P134",100
"53227",-24524.9002806109,"NRI_P134",25
"53228",-22498.402670611,"NRI_P134",50
"53229",-30176.756230611,"NRI_P134",100
"53230",-10535.952620611,"NRI_P134",25
"53231",-4524.89384061098,"NRI_P134",50
"53232",-51504.630630611,"NRI_P134",100
"53233",-10078.025340611,"NRI_P134",25
"53234",-30375.336840611,"NRI_P134",50
"53235",-47550.773440611,"NRI_P134",100
"53236",-28407.908900611,"NRI_P134",25
"53237",-27006.729270611,"NRI_P134",50
"53238",-36377.301810611,"NRI_P134",100
"53239",681.250929389033,"NRI_P134",25
"53240",-31629.566250611,"NRI_P134",50
"53241",-51392.804560611,"NRI_P134",100
"53242",-6462.20568061096,"NRI_P134",25
"53243",-21070.379030611,"NRI_P134",50
"53244",-55895.960530611,"NRI_P134",100
"53245",-9562.85466061096,"NRI_P134",25
"53246",-24610.648940611,"NRI_P134",50
"53247",-36858.330610611,"NRI_P134",100
"53248",-3871.988540611,"NRI_P134",25
"53249",-35408.564200611,"NRI_P134",50
"53250",-53749.198520611,"NRI_P134",100
"53251",-24495.779740611,"NRI_P134",25
"53252",-27903.044920611,"NRI_P134",50
"53253",-37340.805710611,"NRI_P134",100
"53254",-14135.953030611,"NRI_P134",25
"53255",-12870.463720611,"NRI_P134",50
"53256",-42600.656580611,"NRI_P134",100
"53257",-13819.431630611,"NRI_P134",25
"53258",-25105.328950611,"NRI_P134",50
"53259",-44017.942950611,"NRI_P134",100
"53260",-22496.311730611,"NRI_P134",25
"53261",-20649.916230611,"NRI_P134",50
"53262",-31019.165130611,"NRI_P134",100
"53263",-4572.74936061096,"NRI_P134",25
"53264",-5048.46473061095,"NRI_P134",50
"53265",-60060.795080611,"NRI_P134",100
"53266",1420.93455938902,"NRI_P134",25
"53267",-15207.805390611,"NRI_P134",50
"53268",-46858.604800611,"NRI_P134",100
"53269",-1528.85126061097,"NRI_P134",25
"53270",-23261.806410611,"NRI_P134",50
"53271",-57730.4958806109,"NRI_P134",100
"53272",-4173.30319061095,"NRI_P134",25
"53273",-17949.613530611,"NRI_P134",50
"53274",-63018.913430611,"NRI_P134",100
"53275",2943.89278938901,"NRI_P134",25
"53276",-18272.176030611,"NRI_P134",50
"53277",-46052.810160611,"NRI_P134",100
"53278",-2139.49680061097,"NRI_P134",25
"53279",-21711.193490611,"NRI_P134",50
"53280",-34591.566860611,"NRI_P134",100
"53281",-5781.45647061098,"NRI_P134",25
"53282",-33558.711670611,"NRI_P134",50
"53283",-52979.169420611,"NRI_P134",100
"53284",-15357.075960611,"NRI_P134",25
"53285",-4059.96835061099,"NRI_P134",50
"53286",-53810.163100611,"NRI_P134",100
"53287",-18868.242370611,"NRI_P134",25
"53288",-29646.809770611,"NRI_P134",50
"53289",-34687.725990611,"NRI_P134",100
"53290",-12162.669130611,"NRI_P134",25
"53291",-39166.653830611,"NRI_P134",50
"53292",-37660.082600611,"NRI_P134",100
"53293",-10301.553790611,"NRI_P134",25
"53294",-20191.648810611,"NRI_P134",50
"53295",-44441.389350611,"NRI_P134",100
"53296",-7010.73844061099,"NRI_P134",25
"53297",-27320.892390611,"NRI_P134",50
"53298",-32656.327550611,"NRI_P134",100
"53299",-5763.37176061096,"NRI_P134",25
"53300",-2198.35418061097,"NRI_P134",50
"53301",-45058.893280611,"NRI_P134",100
"53302",-647.91537061095,"NRI_P134",25
"53303",-4363.52644061099,"NRI_P134",50
"53304",-56123.420820611,"NRI_P134",100
"53305",9761.51902938902,"NRI_P134",25
"53306",-7548.31358061096,"NRI_P134",50
"53307",-43774.270960611,"NRI_P134",100
"53308",-16565.435350611,"NRI_P134",25
"53309",-12287.359620611,"NRI_P134",50
"53310",-62080.246460611,"NRI_P134",100
"53311",-12716.373860611,"NRI_P134",25
"53312",-8910.56320061098,"NRI_P134",50
"53313",-59241.502350611,"NRI_P134",100
"53314",-28840.091260611,"NRI_P134",25
"53315",-10975.320380611,"NRI_P134",50
"53316",-25891.234410611,"NRI_P134",100
"53317",15506.240759389,"NRI_P134",25
"53318",-17999.275470611,"NRI_P134",50
"53319",-49975.193870611,"NRI_P134",100
"53320",-13441.868220611,"NRI_P134",25
"53321",-32985.200880611,"NRI_P134",50
"53322",-57571.296040611,"NRI_P134",100
"53323",-2800.43340061099,"NRI_P134",25
"53324",-3494.81900061097,"NRI_P134",50
"53325",-27562.141760611,"NRI_P134",100
"53326",-21755.244860611,"NRI_P134",25
"53327",-27147.688840611,"NRI_P134",50
"53328",-47018.328140611,"NRI_P134",100
"53329",-12478.346970611,"NRI_P134",25
"53330",-26872.597770611,"NRI_P134",50
"53331",-41844.504870611,"NRI_P134",100
"53332",-20624.273590611,"NRI_P134",25
"53333",-41730.854750611,"NRI_P134",50
"53334",-41900.941290611,"NRI_P134",100
"53335",226.399619389034,"NRI_P134",25
"53336",-19738.371000611,"NRI_P134",50
"53337",-29208.960130611,"NRI_P134",100
"53338",-17133.520220611,"NRI_P134",25
"53339",-14526.486530611,"NRI_P134",50
"53340",-46131.100680611,"NRI_P134",100
"53341",-19149.751160611,"NRI_P134",25
"53342",-13000.714050611,"NRI_P134",50
"53343",-42882.966530611,"NRI_P134",100
"53344",-4779.43444061099,"NRI_P134",25
"53345",-5786.277480611,"NRI_P134",50
"53346",-43272.618810611,"NRI_P134",100
"53347",-11464.969340611,"NRI_P134",25
"53348",-22960.254830611,"NRI_P134",50
"53349",-47662.545830611,"NRI_P134",100
"53350",-31948.918200611,"NRI_P134",25
"53351",-9819.386190611,"NRI_P134",50
"53352",-49909.769060611,"NRI_P134",100
"53353",-20461.926600611,"NRI_P134",25
"53354",-28960.802270611,"NRI_P134",50
"53355",-58641.528840611,"NRI_P134",100
"53356",2138.23198938899,"NRI_P134",25
"53357",-21936.964970611,"NRI_P134",50
"53358",-47237.436950611,"NRI_P134",100
"53359",-15880.897580611,"NRI_P134",25
"53360",-21176.957420611,"NRI_P134",50
"53361",-44127.964930611,"NRI_P134",100
"53362",-4681.26827061095,"NRI_P134",25
"53363",-34685.794650611,"NRI_P134",50
"53364",-44534.815290611,"NRI_P134",100
"53365",-36341.131670611,"NRI_P134",25
"53366",-22506.146630611,"NRI_P134",50
"53367",-20532.171060611,"NRI_P134",100
"53368",828.874179389037,"NRI_P134",25
"53369",-18176.660030611,"NRI_P134",50
"53370",-52954.165350611,"NRI_P134",100
"53371",-6752.80494061095,"NRI_P134",25
"53372",-10190.226940611,"NRI_P134",50
"53373",-48843.675480611,"NRI_P134",100
"53374",-6247.88396061095,"NRI_P134",25
"53375",-2657.73385061097,"NRI_P134",50
"53376",-44987.225720611,"NRI_P134",100
"53377",25263.857339389,"NRI_P134",25
"53378",-14523.703990611,"NRI_P134",50
"53379",-22836.1265906109,"NRI_P134",100
"53380",-8037.07987061096,"NRI_P134",25
"53381",-6456.10325061099,"NRI_P134",50
"53382",-32942.527810611,"NRI_P134",100
"53383",2761.18675938901,"NRI_P134",25
"53384",-38104.611430611,"NRI_P134",50
"53385",-50050.796010611,"NRI_P134",100
"53386",1943.87624938902,"NRI_P134",25
"53387",-24040.835560611,"NRI_P134",50
"53388",-25170.823750611,"NRI_P134",100
"53389",-7575.35859061097,"NRI_P134",25
"53390",-35121.942670611,"NRI_P134",50
"53391",-51364.064860611,"NRI_P134",100
"53392",-13361.292750611,"NRI_P134",25
"53393",-39370.287860611,"NRI_P134",50
"53394",-43640.495790611,"NRI_P134",100
"53395",-31857.029870611,"NRI_P134",25
"53396",-12389.177580611,"NRI_P134",50
"53397",-57844.181030611,"NRI_P134",100
"53398",-16248.767460611,"NRI_P134",25
"53399",-15876.028750611,"NRI_P134",50
"53400",-51105.435200611,"NRI_P134",100
"53401",-6630.37638460699,"NRI_P135",25
"53402",-312.879084607004,"NRI_P135",50
"53403",-43052.054494607,"NRI_P135",100
"53404",-30176.663274607,"NRI_P135",25
"53405",-23582.486694607,"NRI_P135",50
"53406",-9912.46542460698,"NRI_P135",100
"53407",9009.76135539298,"NRI_P135",25
"53408",-29268.967544607,"NRI_P135",50
"53409",-39666.240284607,"NRI_P135",100
"53410",1609.41705539299,"NRI_P135",25
"53411",2288.43722539302,"NRI_P135",50
"53412",-37415.865564607,"NRI_P135",100
"53413",-5767.39453460701,"NRI_P135",25
"53414",-9149.71446460701,"NRI_P135",50
"53415",-34714.750454607,"NRI_P135",100
"53416",7638.23843539297,"NRI_P135",25
"53417",-9647.170814607,"NRI_P135",50
"53418",-23420.218954607,"NRI_P135",100
"53419",-7282.696384607,"NRI_P135",25
"53420",-40095.905254607,"NRI_P135",50
"53421",6313.25070539297,"NRI_P135",100
"53422",2721.40605539299,"NRI_P135",25
"53423",-13782.605164607,"NRI_P135",50
"53424",-37149.895284607,"NRI_P135",100
"53425",-16985.905734607,"NRI_P135",25
"53426",-6856.430774607,"NRI_P135",50
"53427",-7618.85959460703,"NRI_P135",100
"53428",-9098.14946460701,"NRI_P135",25
"53429",-9258.56102460698,"NRI_P135",50
"53430",-33766.502624607,"NRI_P135",100
"53431",-11720.612524607,"NRI_P135",25
"53432",-29878.881794607,"NRI_P135",50
"53433",-20181.931574607,"NRI_P135",100
"53434",-9985.13277460699,"NRI_P135",25
"53435",-31741.051484607,"NRI_P135",50
"53436",-39681.382084607,"NRI_P135",100
"53437",-22941.703264607,"NRI_P135",25
"53438",590.153415392968,"NRI_P135",50
"53439",-25116.629894607,"NRI_P135",100
"53440",8619.46736539301,"NRI_P135",25
"53441",-32236.394564607,"NRI_P135",50
"53442",-6685.200244607,"NRI_P135",100
"53443",-4601.11989460699,"NRI_P135",25
"53444",-32039.722224607,"NRI_P135",50
"53445",-6639.040364607,"NRI_P135",100
"53446",-20882.744194607,"NRI_P135",25
"53447",-16454.159684607,"NRI_P135",50
"53448",-8030.35059460701,"NRI_P135",100
"53449",2036.40761539299,"NRI_P135",25
"53450",-7952.259404607,"NRI_P135",50
"53451",-34809.395414607,"NRI_P135",100
"53452",5587.244715393,"NRI_P135",25
"53453",-29781.927084607,"NRI_P135",50
"53454",-43673.710944607,"NRI_P135",100
"53455",-8594.10939460702,"NRI_P135",25
"53456",18505.731525393,"NRI_P135",50
"53457",-6890.14781460701,"NRI_P135",100
"53458",-8540.70367460704,"NRI_P135",25
"53459",-43998.681544607,"NRI_P135",50
"53460",-35007.099934607,"NRI_P135",100
"53461",11854.400195393,"NRI_P135",25
"53462",-46676.149444607,"NRI_P135",50
"53463",-21445.345444607,"NRI_P135",100
"53464",-14722.261194607,"NRI_P135",25
"53465",-30229.529314607,"NRI_P135",50
"53466",-42348.228414607,"NRI_P135",100
"53467",17249.323535393,"NRI_P135",25
"53468",1867.54782539298,"NRI_P135",50
"53469",-6363.65427460702,"NRI_P135",100
"53470",-6777.07559460698,"NRI_P135",25
"53471",-9093.68622460699,"NRI_P135",50
"53472",-48436.392284607,"NRI_P135",100
"53473",-38863.868024607,"NRI_P135",25
"53474",-26205.140024607,"NRI_P135",50
"53475",-35852.259224607,"NRI_P135",100
"53476",3627.29555539298,"NRI_P135",25
"53477",25012.051915393,"NRI_P135",50
"53478",11075.827625393,"NRI_P135",100
"53479",-13460.656994607,"NRI_P135",25
"53480",830.517975392984,"NRI_P135",50
"53481",-22565.195504607,"NRI_P135",100
"53482",5697.72226539301,"NRI_P135",25
"53483",-24408.677544607,"NRI_P135",50
"53484",-51773.981204607,"NRI_P135",100
"53485",-13456.757344607,"NRI_P135",25
"53486",-24769.227634607,"NRI_P135",50
"53487",773.251705392962,"NRI_P135",100
"53488",6287.93122539297,"NRI_P135",25
"53489",1389.68133539299,"NRI_P135",50
"53490",-6997.71355460701,"NRI_P135",100
"53491",-26221.703544607,"NRI_P135",25
"53492",-3345.54384460702,"NRI_P135",50
"53493",-37222.416074607,"NRI_P135",100
"53494",-9728.20555460703,"NRI_P135",25
"53495",17226.489285393,"NRI_P135",50
"53496",1479.52705539297,"NRI_P135",100
"53497",12171.705585393,"NRI_P135",25
"53498",4095.62956539297,"NRI_P135",50
"53499",-33770.856304607,"NRI_P135",100
"53500",-13499.375514607,"NRI_P135",25
"53501",-30981.554874607,"NRI_P135",50
"53502",-25155.996574607,"NRI_P135",100
"53503",-25240.125194607,"NRI_P135",25
"53504",10801.583565393,"NRI_P135",50
"53505",-13170.272544607,"NRI_P135",100
"53506",-6175.18786460703,"NRI_P135",25
"53507",-8294.03235460701,"NRI_P135",50
"53508",-36173.908884607,"NRI_P135",100
"53509",18734.666005393,"NRI_P135",25
"53510",28674.507595393,"NRI_P135",50
"53511",-20288.046004607,"NRI_P135",100
"53512",-7781.31186460704,"NRI_P135",25
"53513",-19379.201614607,"NRI_P135",50
"53514",-17464.925964607,"NRI_P135",100
"53515",31706.657855393,"NRI_P135",25
"53516",-11608.712534607,"NRI_P135",50
"53517",-15342.933514607,"NRI_P135",100
"53518",-14930.995694607,"NRI_P135",25
"53519",726.470235392975,"NRI_P135",50
"53520",-12742.127904607,"NRI_P135",100
"53521",20017.219795393,"NRI_P135",25
"53522",-6507.930484607,"NRI_P135",50
"53523",-29782.819184607,"NRI_P135",100
"53524",6733.10637539299,"NRI_P135",25
"53525",-17852.715304607,"NRI_P135",50
"53526",-46465.131234607,"NRI_P135",100
"53527",-3696.81112460699,"NRI_P135",25
"53528",-30145.871414607,"NRI_P135",50
"53529",-60278.592424607,"NRI_P135",100
"53530",8732.21253539302,"NRI_P135",25
"53531",32999.907005393,"NRI_P135",50
"53532",-33298.242404607,"NRI_P135",100
"53533",4679.37576539296,"NRI_P135",25
"53534",-28964.129704607,"NRI_P135",50
"53535",-29304.607084607,"NRI_P135",100
"53536",-31713.213254607,"NRI_P135",25
"53537",12803.150065393,"NRI_P135",50
"53538",-26641.157294607,"NRI_P135",100
"53539",-12576.535534607,"NRI_P135",25
"53540",-6903.37375460699,"NRI_P135",50
"53541",1792.67576539301,"NRI_P135",100
"53542",-12461.882674607,"NRI_P135",25
"53543",-9277.94342460699,"NRI_P135",50
"53544",-12896.188594607,"NRI_P135",100
"53545",5400.28832539299,"NRI_P135",25
"53546",-42305.725084607,"NRI_P135",50
"53547",-15866.237374607,"NRI_P135",100
"53548",-12951.943864607,"NRI_P135",25
"53549",-8300.06586460699,"NRI_P135",50
"53550",-9270.05831460701,"NRI_P135",100
"53551",-3688.54233460699,"NRI_P135",25
"53552",-24540.896024607,"NRI_P135",50
"53553",-19714.508374607,"NRI_P135",100
"53554",14886.365195393,"NRI_P135",25
"53555",-10098.845704607,"NRI_P135",50
"53556",-25826.494424607,"NRI_P135",100
"53557",1357.11554539297,"NRI_P135",25
"53558",-12586.313824607,"NRI_P135",50
"53559",16872.995505393,"NRI_P135",100
"53560",-12866.037814607,"NRI_P135",25
"53561",12642.854895393,"NRI_P135",50
"53562",-32993.406314607,"NRI_P135",100
"53563",15845.560785393,"NRI_P135",25
"53564",9641.29863539297,"NRI_P135",50
"53565",-16576.013524607,"NRI_P135",100
"53566",-4377.29481460701,"NRI_P135",25
"53567",-11209.489134607,"NRI_P135",50
"53568",-14864.469274607,"NRI_P135",100
"53569",-14265.539554607,"NRI_P135",25
"53570",-17045.274964607,"NRI_P135",50
"53571",-18450.031094607,"NRI_P135",100
"53572",-8884.77677460702,"NRI_P135",25
"53573",232.594665393,"NRI_P135",50
"53574",-59080.717994607,"NRI_P135",100
"53575",-36198.347784607,"NRI_P135",25
"53576",-36156.605964607,"NRI_P135",50
"53577",-32888.036914607,"NRI_P135",100
"53578",-15286.351384607,"NRI_P135",25
"53579",-8193.67611460702,"NRI_P135",50
"53580",-50772.857394607,"NRI_P135",100
"53581",-25383.869584607,"NRI_P135",25
"53582",22916.996615393,"NRI_P135",50
"53583",-35799.977404607,"NRI_P135",100
"53584",-15622.288694607,"NRI_P135",25
"53585",8912.67957539298,"NRI_P135",50
"53586",-14078.436564607,"NRI_P135",100
"53587",-7921.97994460701,"NRI_P135",25
"53588",-38442.949344607,"NRI_P135",50
"53589",-11341.334734607,"NRI_P135",100
"53590",15603.988305393,"NRI_P135",25
"53591",1825.35074539296,"NRI_P135",50
"53592",-32093.048514607,"NRI_P135",100
"53593",-20602.523934607,"NRI_P135",25
"53594",-40662.474954607,"NRI_P135",50
"53595",-13567.200394607,"NRI_P135",100
"53596",-34720.863774607,"NRI_P135",25
"53597",-28698.022374607,"NRI_P135",50
"53598",-25279.521404607,"NRI_P135",100
"53599",-19026.281054607,"NRI_P135",25
"53600",-27790.832424607,"NRI_P135",50
"53601",-19052.993944607,"NRI_P135",100
"53602",-4485.11043460702,"NRI_P135",25
"53603",13339.248385393,"NRI_P135",50
"53604",8132.36372539296,"NRI_P135",100
"53605",15958.526315393,"NRI_P135",25
"53606",-4734.85364460701,"NRI_P135",50
"53607",-48903.537844607,"NRI_P135",100
"53608",9709.888995393,"NRI_P135",25
"53609",10447.195085393,"NRI_P135",50
"53610",-2666.311844607,"NRI_P135",100
"53611",-4262.49757460703,"NRI_P135",25
"53612",1468.15326539299,"NRI_P135",50
"53613",-41544.118844607,"NRI_P135",100
"53614",2737.26387539296,"NRI_P135",25
"53615",-11294.054694607,"NRI_P135",50
"53616",-5995.48797460704,"NRI_P135",100
"53617",-17778.418194607,"NRI_P135",25
"53618",-24962.241164607,"NRI_P135",50
"53619",-15092.510684607,"NRI_P135",100
"53620",-19938.958214607,"NRI_P135",25
"53621",-1103.64271460701,"NRI_P135",50
"53622",-31334.918604607,"NRI_P135",100
"53623",8263.48434539296,"NRI_P135",25
"53624",-16409.209124607,"NRI_P135",50
"53625",-23728.100724607,"NRI_P135",100
"53626",14498.949945393,"NRI_P135",25
"53627",5671.40737539297,"NRI_P135",50
"53628",-41543.005574607,"NRI_P135",100
"53629",-10235.533374607,"NRI_P135",25
"53630",-14826.290514607,"NRI_P135",50
"53631",-25651.666554607,"NRI_P135",100
"53632",-1856.71873460698,"NRI_P135",25
"53633",-38418.453814607,"NRI_P135",50
"53634",-33207.456134607,"NRI_P135",100
"53635",6437.96136539301,"NRI_P135",25
"53636",-34731.348664607,"NRI_P135",50
"53637",-14947.468584607,"NRI_P135",100
"53638",11793.332455393,"NRI_P135",25
"53639",20610.339375393,"NRI_P135",50
"53640",6431.28263539297,"NRI_P135",100
"53641",7396.63439539302,"NRI_P135",25
"53642",-15250.675684607,"NRI_P135",50
"53643",-28873.208594607,"NRI_P135",100
"53644",4721.50643539301,"NRI_P135",25
"53645",-701.214584606991,"NRI_P135",50
"53646",3684.44011539296,"NRI_P135",100
"53647",-7142.397254607,"NRI_P135",25
"53648",-13325.150124607,"NRI_P135",50
"53649",-17393.592314607,"NRI_P135",100
"53650",-8374.512584607,"NRI_P135",25
"53651",-17964.437624607,"NRI_P135",50
"53652",-13238.010044607,"NRI_P135",100
"53653",-3435.99188460701,"NRI_P135",25
"53654",-33741.427524607,"NRI_P135",50
"53655",-7885.796204607,"NRI_P135",100
"53656",2321.45162539301,"NRI_P135",25
"53657",-11883.297084607,"NRI_P135",50
"53658",-24895.296584607,"NRI_P135",100
"53659",1003.602585393,"NRI_P135",25
"53660",-11535.215064607,"NRI_P135",50
"53661",-21088.492304607,"NRI_P135",100
"53662",11655.307635393,"NRI_P135",25
"53663",992.830145392974,"NRI_P135",50
"53664",-18359.725344607,"NRI_P135",100
"53665",3342.05460539297,"NRI_P135",25
"53666",-16983.718784607,"NRI_P135",50
"53667",-49524.793704607,"NRI_P135",100
"53668",25476.183775393,"NRI_P135",25
"53669",-33553.713414607,"NRI_P135",50
"53670",-27905.175744607,"NRI_P135",100
"53671",-16491.386664607,"NRI_P135",25
"53672",-18097.320314607,"NRI_P135",50
"53673",223.589025393012,"NRI_P135",100
"53674",2468.30509539298,"NRI_P135",25
"53675",-20715.229104607,"NRI_P135",50
"53676",-44209.920444607,"NRI_P135",100
"53677",-2329.97322460701,"NRI_P135",25
"53678",-53.365994606982,"NRI_P135",50
"53679",-31195.228544607,"NRI_P135",100
"53680",-12536.212134607,"NRI_P135",25
"53681",6157.15896539297,"NRI_P135",50
"53682",-31313.348914607,"NRI_P135",100
"53683",1591.62762539298,"NRI_P135",25
"53684",-33649.848534607,"NRI_P135",50
"53685",-18157.391184607,"NRI_P135",100
"53686",11179.792935393,"NRI_P135",25
"53687",-38887.525774607,"NRI_P135",50
"53688",-34472.706194607,"NRI_P135",100
"53689",35280.000835393,"NRI_P135",25
"53690",-21713.450674607,"NRI_P135",50
"53691",-21204.401384607,"NRI_P135",100
"53692",-16860.134524607,"NRI_P135",25
"53693",-14363.719444607,"NRI_P135",50
"53694",-17604.972284607,"NRI_P135",100
"53695",-9950.27156460698,"NRI_P135",25
"53696",-16141.407424607,"NRI_P135",50
"53697",-24691.176994607,"NRI_P135",100
"53698",-5449.19240460702,"NRI_P135",25
"53699",-30190.817044607,"NRI_P135",50
"53700",-44695.760004607,"NRI_P135",100
"53701",15343.616974417,"NRI_P136",25
"53702",3782.72333441698,"NRI_P136",50
"53703",7143.95554441703,"NRI_P136",100
"53704",7199.08615441702,"NRI_P136",25
"53705",-12206.994725583,"NRI_P136",50
"53706",-24760.004175583,"NRI_P136",100
"53707",8805.13278441702,"NRI_P136",25
"53708",-13276.331985583,"NRI_P136",50
"53709",-4439.168785583,"NRI_P136",100
"53710",-3983.49270558299,"NRI_P136",25
"53711",-2289.05386558297,"NRI_P136",50
"53712",-3741.814265583,"NRI_P136",100
"53713",-9736.34984558297,"NRI_P136",25
"53714",-1540.038725583,"NRI_P136",50
"53715",-23926.102975583,"NRI_P136",100
"53716",16036.557954417,"NRI_P136",25
"53717",1807.09054441698,"NRI_P136",50
"53718",-15607.182645583,"NRI_P136",100
"53719",1729.52212441701,"NRI_P136",25
"53720",17826.022084417,"NRI_P136",50
"53721",-5914.47111558297,"NRI_P136",100
"53722",-539.438015582971,"NRI_P136",25
"53723",-11881.852675583,"NRI_P136",50
"53724",-7316.08697558299,"NRI_P136",100
"53725",-873.860055583005,"NRI_P136",25
"53726",-16813.431145583,"NRI_P136",50
"53727",-4899.21877558302,"NRI_P136",100
"53728",-4772.32983558299,"NRI_P136",25
"53729",-10859.289025583,"NRI_P136",50
"53730",-14480.614335583,"NRI_P136",100
"53731",-4254.74263558298,"NRI_P136",25
"53732",-3037.690075583,"NRI_P136",50
"53733",-13553.459525583,"NRI_P136",100
"53734",-2596.297035583,"NRI_P136",25
"53735",-1264.212435583,"NRI_P136",50
"53736",-64.756305582996,"NRI_P136",100
"53737",-9486.60219558299,"NRI_P136",25
"53738",10258.769624417,"NRI_P136",50
"53739",-31781.574655583,"NRI_P136",100
"53740",-2416.66562558297,"NRI_P136",25
"53741",-14441.970045583,"NRI_P136",50
"53742",3352.65933441703,"NRI_P136",100
"53743",3909.81072441698,"NRI_P136",25
"53744",-1915.04705558298,"NRI_P136",50
"53745",-16365.106945583,"NRI_P136",100
"53746",3510.32379441703,"NRI_P136",25
"53747",-99.074495583016,"NRI_P136",50
"53748",1209.34484441701,"NRI_P136",100
"53749",-1687.55046558299,"NRI_P136",25
"53750",-7681.877445583,"NRI_P136",50
"53751",-8515.42379558302,"NRI_P136",100
"53752",-2544.70861558302,"NRI_P136",25
"53753",-10739.453475583,"NRI_P136",50
"53754",-14270.982935583,"NRI_P136",100
"53755",-3220.11111558299,"NRI_P136",25
"53756",-4403.70989558299,"NRI_P136",50
"53757",2086.09160441702,"NRI_P136",100
"53758",186.44717441703,"NRI_P136",25
"53759",-19690.842975583,"NRI_P136",50
"53760",9649.04533441702,"NRI_P136",100
"53761",3130.772864417,"NRI_P136",25
"53762",-17420.539615583,"NRI_P136",50
"53763",-5718.68286558299,"NRI_P136",100
"53764",-10033.432415583,"NRI_P136",25
"53765",3449.90258441702,"NRI_P136",50
"53766",8045.78883441701,"NRI_P136",100
"53767",-2785.72584558302,"NRI_P136",25
"53768",4859.02119441703,"NRI_P136",50
"53769",-26240.834965583,"NRI_P136",100
"53770",-18457.021245583,"NRI_P136",25
"53771",-1032.10391558299,"NRI_P136",50
"53772",23653.924124417,"NRI_P136",100
"53773",-7215.98380558298,"NRI_P136",25
"53774",-10676.690375583,"NRI_P136",50
"53775",13048.833234417,"NRI_P136",100
"53776",8164.66549441701,"NRI_P136",25
"53777",-6900.506115583,"NRI_P136",50
"53778",-12628.028185583,"NRI_P136",100
"53779",-3169.38420558302,"NRI_P136",25
"53780",1122.23771441699,"NRI_P136",50
"53781",-24020.731445583,"NRI_P136",100
"53782",1262.48902441701,"NRI_P136",25
"53783",-8410.26600558299,"NRI_P136",50
"53784",-8164.58702558302,"NRI_P136",100
"53785",-6871.53483558301,"NRI_P136",25
"53786",19423.669094417,"NRI_P136",50
"53787",-10294.264845583,"NRI_P136",100
"53788",7201.82616441703,"NRI_P136",25
"53789",-6747.69323558302,"NRI_P136",50
"53790",-15226.011785583,"NRI_P136",100
"53791",19532.885144417,"NRI_P136",25
"53792",-14029.905415583,"NRI_P136",50
"53793",-22234.151585583,"NRI_P136",100
"53794",-16940.154785583,"NRI_P136",25
"53795",15760.825034417,"NRI_P136",50
"53796",-3968.904285583,"NRI_P136",100
"53797",18904.984524417,"NRI_P136",25
"53798",-26372.660975583,"NRI_P136",50
"53799",-27516.285875583,"NRI_P136",100
"53800",-16169.783125583,"NRI_P136",25
"53801",-5011.57288558298,"NRI_P136",50
"53802",-2166.889455583,"NRI_P136",100
"53803",6412.769004417,"NRI_P136",25
"53804",16592.823774417,"NRI_P136",50
"53805",2686.59826441703,"NRI_P136",100
"53806",8646.58138441702,"NRI_P136",25
"53807",-18294.705565583,"NRI_P136",50
"53808",301.046424417,"NRI_P136",100
"53809",-185.527165582986,"NRI_P136",25
"53810",-4175.36788558302,"NRI_P136",50
"53811",9901.41554441699,"NRI_P136",100
"53812",6196.52384441701,"NRI_P136",25
"53813",-10304.738395583,"NRI_P136",50
"53814",-10202.721665583,"NRI_P136",100
"53815",-4593.71992558299,"NRI_P136",25
"53816",-18143.862205583,"NRI_P136",50
"53817",1945.91860441701,"NRI_P136",100
"53818",-9341.23811558302,"NRI_P136",25
"53819",8449.16510441701,"NRI_P136",50
"53820",-15699.445165583,"NRI_P136",100
"53821",16252.418234417,"NRI_P136",25
"53822",-17138.489505583,"NRI_P136",50
"53823",-14381.485805583,"NRI_P136",100
"53824",-829.536055582983,"NRI_P136",25
"53825",-7397.45444558299,"NRI_P136",50
"53826",-27852.248715583,"NRI_P136",100
"53827",3484.67235441698,"NRI_P136",25
"53828",-20082.838475583,"NRI_P136",50
"53829",-9600.82197558298,"NRI_P136",100
"53830",-9466.59933558299,"NRI_P136",25
"53831",-5253.860115583,"NRI_P136",50
"53832",-12611.298085583,"NRI_P136",100
"53833",-14487.973035583,"NRI_P136",25
"53834",-3698.43751558301,"NRI_P136",50
"53835",-13848.253375583,"NRI_P136",100
"53836",17630.120674417,"NRI_P136",25
"53837",-1204.873845583,"NRI_P136",50
"53838",-22608.657575583,"NRI_P136",100
"53839",9243.46047441702,"NRI_P136",25
"53840",17717.898954417,"NRI_P136",50
"53841",-26047.469535583,"NRI_P136",100
"53842",-5417.87991558301,"NRI_P136",25
"53843",-4492.07108558301,"NRI_P136",50
"53844",664.282494416984,"NRI_P136",100
"53845",-5749.13003558299,"NRI_P136",25
"53846",-833.099475583003,"NRI_P136",50
"53847",9489.73978441703,"NRI_P136",100
"53848",140.378574417031,"NRI_P136",25
"53849",-14265.858405583,"NRI_P136",50
"53850",-18167.987925583,"NRI_P136",100
"53851",-8707.71950558299,"NRI_P136",25
"53852",-9034.56063558301,"NRI_P136",50
"53853",-12884.578705583,"NRI_P136",100
"53854",-2405.38058558299,"NRI_P136",25
"53855",-7004.39085558301,"NRI_P136",50
"53856",-11463.890525583,"NRI_P136",100
"53857",-12261.660515583,"NRI_P136",25
"53858",8352.28590441699,"NRI_P136",50
"53859",-13096.724775583,"NRI_P136",100
"53860",-6499.33533558302,"NRI_P136",25
"53861",10726.612214417,"NRI_P136",50
"53862",-9424.63982558297,"NRI_P136",100
"53863",3928.28888441698,"NRI_P136",25
"53864",-12635.801255583,"NRI_P136",50
"53865",-22119.226585583,"NRI_P136",100
"53866",-2207.347885583,"NRI_P136",25
"53867",-4461.33757558302,"NRI_P136",50
"53868",-15361.352535583,"NRI_P136",100
"53869",9378.74864441698,"NRI_P136",25
"53870",-2781.60870558297,"NRI_P136",50
"53871",-36062.723655583,"NRI_P136",100
"53872",-5861.32433558302,"NRI_P136",25
"53873",3300.36422441702,"NRI_P136",50
"53874",-7431.65824558301,"NRI_P136",100
"53875",1922.30370441702,"NRI_P136",25
"53876",5308.45211441698,"NRI_P136",50
"53877",-26167.711425583,"NRI_P136",100
"53878",-2647.56489558297,"NRI_P136",25
"53879",-5496.093305583,"NRI_P136",50
"53880",4037.890824417,"NRI_P136",100
"53881",42.3127944170265,"NRI_P136",25
"53882",653.898634416983,"NRI_P136",50
"53883",-18961.873835583,"NRI_P136",100
"53884",-10798.622485583,"NRI_P136",25
"53885",1967.26214441698,"NRI_P136",50
"53886",12845.413554417,"NRI_P136",100
"53887",-215.223865583015,"NRI_P136",25
"53888",17916.751514417,"NRI_P136",50
"53889",-3745.25181558297,"NRI_P136",100
"53890",10581.058544417,"NRI_P136",25
"53891",-11604.444845583,"NRI_P136",50
"53892",-14109.781705583,"NRI_P136",100
"53893",-1170.99945558299,"NRI_P136",25
"53894",-1592.92098558298,"NRI_P136",50
"53895",-14702.028475583,"NRI_P136",100
"53896",6213.56436441699,"NRI_P136",25
"53897",7581.20110441698,"NRI_P136",50
"53898",-25342.045935583,"NRI_P136",100
"53899",2799.04808441701,"NRI_P136",25
"53900",-7650.36843558302,"NRI_P136",50
"53901",-13262.118935583,"NRI_P136",100
"53902",-7916.853205583,"NRI_P136",25
"53903",10525.228264417,"NRI_P136",50
"53904",-1498.96802558302,"NRI_P136",100
"53905",2411.04475441703,"NRI_P136",25
"53906",-21301.712415583,"NRI_P136",50
"53907",-9041.84795558301,"NRI_P136",100
"53908",4349.53797441704,"NRI_P136",25
"53909",4063.74034441699,"NRI_P136",50
"53910",7803.05761441699,"NRI_P136",100
"53911",-10062.510315583,"NRI_P136",25
"53912",20833.588094417,"NRI_P136",50
"53913",-9328.39576558297,"NRI_P136",100
"53914",1264.74031441699,"NRI_P136",25
"53915",-9350.182905583,"NRI_P136",50
"53916",-5140.445105583,"NRI_P136",100
"53917",18.4487844170071,"NRI_P136",25
"53918",-9140.11114558298,"NRI_P136",50
"53919",-6504.29063558299,"NRI_P136",100
"53920",-4713.18162558298,"NRI_P136",25
"53921",-14045.898325583,"NRI_P136",50
"53922",-17051.676265583,"NRI_P136",100
"53923",-1821.24534558301,"NRI_P136",25
"53924",-8457.53313558298,"NRI_P136",50
"53925",-10819.971925583,"NRI_P136",100
"53926",9195.34726441698,"NRI_P136",25
"53927",4553.27739441703,"NRI_P136",50
"53928",-19969.800995583,"NRI_P136",100
"53929",10178.998904417,"NRI_P136",25
"53930",-226.897935583023,"NRI_P136",50
"53931",-3510.66361558298,"NRI_P136",100
"53932",3997.55060441699,"NRI_P136",25
"53933",2174.30757441698,"NRI_P136",50
"53934",1480.69671441702,"NRI_P136",100
"53935",-2014.31060558301,"NRI_P136",25
"53936",26530.973764417,"NRI_P136",50
"53937",8431.235354417,"NRI_P136",100
"53938",-126.618975582998,"NRI_P136",25
"53939",1038.55257441703,"NRI_P136",50
"53940",-18132.667045583,"NRI_P136",100
"53941",-17001.502325583,"NRI_P136",25
"53942",7362.350874417,"NRI_P136",50
"53943",7203.95271441701,"NRI_P136",100
"53944",-6792.54468558298,"NRI_P136",25
"53945",18521.550664417,"NRI_P136",50
"53946",18456.991834417,"NRI_P136",100
"53947",2720.88912441698,"NRI_P136",25
"53948",-4923.47146558302,"NRI_P136",50
"53949",-6810.72908558301,"NRI_P136",100
"53950",6643.15839441703,"NRI_P136",25
"53951",3947.09836441703,"NRI_P136",50
"53952",67.4657844169997,"NRI_P136",100
"53953",-2200.52695558302,"NRI_P136",25
"53954",2994.83702441701,"NRI_P136",50
"53955",-32462.225875583,"NRI_P136",100
"53956",-7371.51777558302,"NRI_P136",25
"53957",10718.205084417,"NRI_P136",50
"53958",-32801.174605583,"NRI_P136",100
"53959",843.183084417018,"NRI_P136",25
"53960",6767.905294417,"NRI_P136",50
"53961",-14988.057345583,"NRI_P136",100
"53962",2522.29310441698,"NRI_P136",25
"53963",-9297.30628558301,"NRI_P136",50
"53964",-7519.98457558302,"NRI_P136",100
"53965",11596.988784417,"NRI_P136",25
"53966",10408.942374417,"NRI_P136",50
"53967",5738.85366441699,"NRI_P136",100
"53968",10769.285164417,"NRI_P136",25
"53969",-13311.046315583,"NRI_P136",50
"53970",-6794.67639558297,"NRI_P136",100
"53971",10938.670734417,"NRI_P136",25
"53972",-15115.833925583,"NRI_P136",50
"53973",-10462.344995583,"NRI_P136",100
"53974",5610.83106441703,"NRI_P136",25
"53975",-14324.339645583,"NRI_P136",50
"53976",2127.07390441699,"NRI_P136",100
"53977",13510.249994417,"NRI_P136",25
"53978",15921.926654417,"NRI_P136",50
"53979",-273.291345582984,"NRI_P136",100
"53980",-8545.89215558302,"NRI_P136",25
"53981",-12212.195145583,"NRI_P136",50
"53982",-18631.189065583,"NRI_P136",100
"53983",1003.50146441703,"NRI_P136",25
"53984",-26254.095155583,"NRI_P136",50
"53985",-7325.85845558299,"NRI_P136",100
"53986",-774.238115583023,"NRI_P136",25
"53987",94.1445144169847,"NRI_P136",50
"53988",-17945.939285583,"NRI_P136",100
"53989",2479.92969441699,"NRI_P136",25
"53990",-7431.31225558301,"NRI_P136",50
"53991",19.0087644170271,"NRI_P136",100
"53992",3546.54766441701,"NRI_P136",25
"53993",4511.46624441701,"NRI_P136",50
"53994",-11097.424655583,"NRI_P136",100
"53995",-5041.42733558302,"NRI_P136",25
"53996",-19489.401855583,"NRI_P136",50
"53997",-1876.00833558297,"NRI_P136",100
"53998",1949.87731441698,"NRI_P136",25
"53999",-8455.92040558299,"NRI_P136",50
"54000",-18523.409035583,"NRI_P136",100
"54001",3050.597383035,"NRI_P137",25
"54002",12067.744273035,"NRI_P137",50
"54003",10737.571323035,"NRI_P137",100
"54004",8997.49869303498,"NRI_P137",25
"54005",21167.733363035,"NRI_P137",50
"54006",12993.780903035,"NRI_P137",100
"54007",3008.38756303498,"NRI_P137",25
"54008",24763.432183035,"NRI_P137",50
"54009",20933.522273035,"NRI_P137",100
"54010",-4343.66010696502,"NRI_P137",25
"54011",727.112583034992,"NRI_P137",50
"54012",5849.35894303498,"NRI_P137",100
"54013",1195.31388303498,"NRI_P137",25
"54014",2159.35506303498,"NRI_P137",50
"54015",22509.247023035,"NRI_P137",100
"54016",9236.74637303498,"NRI_P137",25
"54017",12628.617883035,"NRI_P137",50
"54018",5864.82656303499,"NRI_P137",100
"54019",15998.297113035,"NRI_P137",25
"54020",12981.228983035,"NRI_P137",50
"54021",13391.646183035,"NRI_P137",100
"54022",-7872.63449696501,"NRI_P137",25
"54023",7395.11139303498,"NRI_P137",50
"54024",2643.46007303498,"NRI_P137",100
"54025",5741.857183035,"NRI_P137",25
"54026",16988.592373035,"NRI_P137",50
"54027",-4578.99247696501,"NRI_P137",100
"54028",-7300.33671696502,"NRI_P137",25
"54029",8913.24473303498,"NRI_P137",50
"54030",5674.23125303499,"NRI_P137",100
"54031",-9820.473066965,"NRI_P137",25
"54032",16724.847553035,"NRI_P137",50
"54033",2213.13857303499,"NRI_P137",100
"54034",-2559.92020696501,"NRI_P137",25
"54035",1619.57583303499,"NRI_P137",50
"54036",7521.060893035,"NRI_P137",100
"54037",-11944.286456965,"NRI_P137",25
"54038",10575.926273035,"NRI_P137",50
"54039",-5478.454506965,"NRI_P137",100
"54040",10669.058173035,"NRI_P137",25
"54041",8001.29440303499,"NRI_P137",50
"54042",30115.376413035,"NRI_P137",100
"54043",-7805.48697696501,"NRI_P137",25
"54044",-11511.952026965,"NRI_P137",50
"54045",14675.814353035,"NRI_P137",100
"54046",-2285.91089696501,"NRI_P137",25
"54047",23386.545293035,"NRI_P137",50
"54048",8019.083023035,"NRI_P137",100
"54049",-3535.19344696502,"NRI_P137",25
"54050",16384.501783035,"NRI_P137",50
"54051",13709.107753035,"NRI_P137",100
"54052",11326.639103035,"NRI_P137",25
"54053",8970.97145303499,"NRI_P137",50
"54054",-12393.423586965,"NRI_P137",100
"54055",22493.062593035,"NRI_P137",25
"54056",9410.095663035,"NRI_P137",50
"54057",139.784703034995,"NRI_P137",100
"54058",-4675.88188696501,"NRI_P137",25
"54059",-8886.65650696502,"NRI_P137",50
"54060",17179.215723035,"NRI_P137",100
"54061",-2664.477416965,"NRI_P137",25
"54062",12794.283263035,"NRI_P137",50
"54063",29621.968323035,"NRI_P137",100
"54064",15424.411323035,"NRI_P137",25
"54065",-25011.830406965,"NRI_P137",50
"54066",12162.836363035,"NRI_P137",100
"54067",16061.997553035,"NRI_P137",25
"54068",-10561.030936965,"NRI_P137",50
"54069",25951.099523035,"NRI_P137",100
"54070",6594.98530303498,"NRI_P137",25
"54071",1467.262363035,"NRI_P137",50
"54072",7878.94899303498,"NRI_P137",100
"54073",10782.093703035,"NRI_P137",25
"54074",8531.80253303499,"NRI_P137",50
"54075",16946.547433035,"NRI_P137",100
"54076",-2394.54612696503,"NRI_P137",25
"54077",-2443.98910696502,"NRI_P137",50
"54078",4413.746023035,"NRI_P137",100
"54079",-2808.54563696502,"NRI_P137",25
"54080",10015.358403035,"NRI_P137",50
"54081",19288.494523035,"NRI_P137",100
"54082",2060.97557303499,"NRI_P137",25
"54083",2471.68944303499,"NRI_P137",50
"54084",12150.611273035,"NRI_P137",100
"54085",1387.52716303497,"NRI_P137",25
"54086",-2228.556416965,"NRI_P137",50
"54087",5161.92165303498,"NRI_P137",100
"54088",-1618.73967696502,"NRI_P137",25
"54089",2443.85493303498,"NRI_P137",50
"54090",21450.455853035,"NRI_P137",100
"54091",3247.31622303498,"NRI_P137",25
"54092",-882.644206965022,"NRI_P137",50
"54093",3315.790173035,"NRI_P137",100
"54094",-3560.64669696501,"NRI_P137",25
"54095",7800.05131303499,"NRI_P137",50
"54096",22821.360823035,"NRI_P137",100
"54097",-1776.44627696503,"NRI_P137",25
"54098",-2640.90609696502,"NRI_P137",50
"54099",2823.88331303498,"NRI_P137",100
"54100",596.154483034974,"NRI_P137",25
"54101",2782.65337303499,"NRI_P137",50
"54102",-8850.16007696502,"NRI_P137",100
"54103",-4744.575676965,"NRI_P137",25
"54104",4041.27499303498,"NRI_P137",50
"54105",20185.889833035,"NRI_P137",100
"54106",-11881.195146965,"NRI_P137",25
"54107",23367.201883035,"NRI_P137",50
"54108",-6214.942546965,"NRI_P137",100
"54109",-539.482796965021,"NRI_P137",25
"54110",5429.814493035,"NRI_P137",50
"54111",72769.195853035,"NRI_P137",100
"54112",14834.789443035,"NRI_P137",25
"54113",29441.524483035,"NRI_P137",50
"54114",-19145.355566965,"NRI_P137",100
"54115",-831.083606965025,"NRI_P137",25
"54116",12727.283313035,"NRI_P137",50
"54117",11397.717553035,"NRI_P137",100
"54118",-10172.829086965,"NRI_P137",25
"54119",-11033.230326965,"NRI_P137",50
"54120",4720.43693303497,"NRI_P137",100
"54121",31460.266373035,"NRI_P137",25
"54122",-8906.84691696501,"NRI_P137",50
"54123",6981.70139303498,"NRI_P137",100
"54124",-9293.293856965,"NRI_P137",25
"54125",16391.748343035,"NRI_P137",50
"54126",15391.913663035,"NRI_P137",100
"54127",8157.99194303498,"NRI_P137",25
"54128",-8160.808736965,"NRI_P137",50
"54129",8429.47249303499,"NRI_P137",100
"54130",3957.49247303497,"NRI_P137",25
"54131",20087.827173035,"NRI_P137",50
"54132",34124.006833035,"NRI_P137",100
"54133",3852.30430303499,"NRI_P137",25
"54134",21492.195993035,"NRI_P137",50
"54135",16195.868973035,"NRI_P137",100
"54136",-7036.81451696501,"NRI_P137",25
"54137",2441.72210303499,"NRI_P137",50
"54138",32386.075213035,"NRI_P137",100
"54139",12220.922343035,"NRI_P137",25
"54140",11582.677913035,"NRI_P137",50
"54141",775.078913034988,"NRI_P137",100
"54142",5727.96775303499,"NRI_P137",25
"54143",12889.357023035,"NRI_P137",50
"54144",22442.396843035,"NRI_P137",100
"54145",787.050793034985,"NRI_P137",25
"54146",10418.498883035,"NRI_P137",50
"54147",18676.461513035,"NRI_P137",100
"54148",13515.344883035,"NRI_P137",25
"54149",3251.34403303498,"NRI_P137",50
"54150",31303.498693035,"NRI_P137",100
"54151",8169.19484303499,"NRI_P137",25
"54152",20750.994873035,"NRI_P137",50
"54153",50594.327153035,"NRI_P137",100
"54154",4200.829423035,"NRI_P137",25
"54155",13134.928473035,"NRI_P137",50
"54156",5725.73324303498,"NRI_P137",100
"54157",-1097.58291696501,"NRI_P137",25
"54158",13114.832043035,"NRI_P137",50
"54159",13105.318023035,"NRI_P137",100
"54160",2081.02769303499,"NRI_P137",25
"54161",-3683.53571696501,"NRI_P137",50
"54162",3946.633663035,"NRI_P137",100
"54163",735.960173034982,"NRI_P137",25
"54164",21689.068953035,"NRI_P137",50
"54165",25321.282263035,"NRI_P137",100
"54166",-7647.12129696502,"NRI_P137",25
"54167",16737.458503035,"NRI_P137",50
"54168",19787.707043035,"NRI_P137",100
"54169",1219.37755303498,"NRI_P137",25
"54170",171.784683034988,"NRI_P137",50
"54171",-101.361556965014,"NRI_P137",100
"54172",9287.46097303499,"NRI_P137",25
"54173",-7817.65036696501,"NRI_P137",50
"54174",3540.926383035,"NRI_P137",100
"54175",9534.29809303497,"NRI_P137",25
"54176",11316.915963035,"NRI_P137",50
"54177",17846.279483035,"NRI_P137",100
"54178",7628.91995303499,"NRI_P137",25
"54179",8457.60555303498,"NRI_P137",50
"54180",17742.549533035,"NRI_P137",100
"54181",12061.035493035,"NRI_P137",25
"54182",-1346.186396965,"NRI_P137",50
"54183",3758.44200303499,"NRI_P137",100
"54184",2360.30882303498,"NRI_P137",25
"54185",-8915.18409696501,"NRI_P137",50
"54186",25697.467803035,"NRI_P137",100
"54187",19101.251793035,"NRI_P137",25
"54188",24471.909143035,"NRI_P137",50
"54189",5893.38871303498,"NRI_P137",100
"54190",19390.561633035,"NRI_P137",25
"54191",-3424.62599696501,"NRI_P137",50
"54192",-1494.63628696502,"NRI_P137",100
"54193",811.751683034992,"NRI_P137",25
"54194",5249.501313035,"NRI_P137",50
"54195",32939.882623035,"NRI_P137",100
"54196",15200.496063035,"NRI_P137",25
"54197",6923.78167303497,"NRI_P137",50
"54198",12741.826763035,"NRI_P137",100
"54199",-11074.672026965,"NRI_P137",25
"54200",1377.22886303498,"NRI_P137",50
"54201",-4662.07397696501,"NRI_P137",100
"54202",3884.68259303499,"NRI_P137",25
"54203",6461.428753035,"NRI_P137",50
"54204",19913.315613035,"NRI_P137",100
"54205",-2201.69514696501,"NRI_P137",25
"54206",3086.47526303498,"NRI_P137",50
"54207",17873.840803035,"NRI_P137",100
"54208",-8926.998686965,"NRI_P137",25
"54209",10675.462473035,"NRI_P137",50
"54210",1382.71539303497,"NRI_P137",100
"54211",8047.83788303498,"NRI_P137",25
"54212",5681.86605303499,"NRI_P137",50
"54213",39537.400123035,"NRI_P137",100
"54214",-4887.16349696502,"NRI_P137",25
"54215",18196.311253035,"NRI_P137",50
"54216",23213.242583035,"NRI_P137",100
"54217",10768.365583035,"NRI_P137",25
"54218",12024.847303035,"NRI_P137",50
"54219",13346.041483035,"NRI_P137",100
"54220",746.791323034995,"NRI_P137",25
"54221",3722.21854303498,"NRI_P137",50
"54222",14439.396803035,"NRI_P137",100
"54223",-5918.92018696503,"NRI_P137",25
"54224",38570.706163035,"NRI_P137",50
"54225",16566.173803035,"NRI_P137",100
"54226",-1041.27436696502,"NRI_P137",25
"54227",5572.39778303498,"NRI_P137",50
"54228",-4126.295156965,"NRI_P137",100
"54229",-997.424826965027,"NRI_P137",25
"54230",7235.285353035,"NRI_P137",50
"54231",50139.621373035,"NRI_P137",100
"54232",4749.65527303499,"NRI_P137",25
"54233",9747.01729303499,"NRI_P137",50
"54234",13242.984953035,"NRI_P137",100
"54235",-4507.40453696501,"NRI_P137",25
"54236",17211.309893035,"NRI_P137",50
"54237",26776.590573035,"NRI_P137",100
"54238",10543.921373035,"NRI_P137",25
"54239",13870.871553035,"NRI_P137",50
"54240",1137.27784303497,"NRI_P137",100
"54241",-5837.56291696502,"NRI_P137",25
"54242",42579.266463035,"NRI_P137",50
"54243",6585.10712303498,"NRI_P137",100
"54244",504.00633303498,"NRI_P137",25
"54245",6366.61392303498,"NRI_P137",50
"54246",20055.152093035,"NRI_P137",100
"54247",-6403.19493696501,"NRI_P137",25
"54248",6427.99358303499,"NRI_P137",50
"54249",6015.42660303498,"NRI_P137",100
"54250",-3683.87941696501,"NRI_P137",25
"54251",8067.386063035,"NRI_P137",50
"54252",24302.711233035,"NRI_P137",100
"54253",9702.12892303499,"NRI_P137",25
"54254",-10408.160756965,"NRI_P137",50
"54255",17797.110883035,"NRI_P137",100
"54256",1533.82527303498,"NRI_P137",25
"54257",-3245.77061696502,"NRI_P137",50
"54258",12425.889283035,"NRI_P137",100
"54259",12277.001503035,"NRI_P137",25
"54260",1181.28847303498,"NRI_P137",50
"54261",14145.417583035,"NRI_P137",100
"54262",12966.859833035,"NRI_P137",25
"54263",6942.99486303498,"NRI_P137",50
"54264",4649.18093303498,"NRI_P137",100
"54265",7098.148103035,"NRI_P137",25
"54266",-8367.36958696501,"NRI_P137",50
"54267",32349.283033035,"NRI_P137",100
"54268",-7440.26318696502,"NRI_P137",25
"54269",3770.19234303499,"NRI_P137",50
"54270",323.75964303498,"NRI_P137",100
"54271",2653.62831303498,"NRI_P137",25
"54272",4462.01327303497,"NRI_P137",50
"54273",34190.681763035,"NRI_P137",100
"54274",3518.67295303498,"NRI_P137",25
"54275",-9909.71479696501,"NRI_P137",50
"54276",33773.671683035,"NRI_P137",100
"54277",-7815.68570696501,"NRI_P137",25
"54278",15988.026523035,"NRI_P137",50
"54279",42673.871503035,"NRI_P137",100
"54280",1456.32011303498,"NRI_P137",25
"54281",-5844.28352696501,"NRI_P137",50
"54282",4032.76245303499,"NRI_P137",100
"54283",-8377.65800696501,"NRI_P137",25
"54284",16196.944833035,"NRI_P137",50
"54285",10560.386233035,"NRI_P137",100
"54286",-2403.27373696503,"NRI_P137",25
"54287",-5397.829926965,"NRI_P137",50
"54288",-5035.00361696503,"NRI_P137",100
"54289",2391.60933303498,"NRI_P137",25
"54290",8565.53935303498,"NRI_P137",50
"54291",23018.892303035,"NRI_P137",100
"54292",16160.254713035,"NRI_P137",25
"54293",2564.29774303499,"NRI_P137",50
"54294",25084.391703035,"NRI_P137",100
"54295",-1771.18815696501,"NRI_P137",25
"54296",10415.972193035,"NRI_P137",50
"54297",29966.294673035,"NRI_P137",100
"54298",-11690.804516965,"NRI_P137",25
"54299",1042.22878303498,"NRI_P137",50
"54300",6318.89342303498,"NRI_P137",100
"54301",30637.281098737,"NRI_P138",25
"54302",-8953.93156126299,"NRI_P138",50
"54303",-15280.779421263,"NRI_P138",100
"54304",6899.904588737,"NRI_P138",25
"54305",6343.27225873701,"NRI_P138",50
"54306",-23610.589571263,"NRI_P138",100
"54307",22234.205848737,"NRI_P138",25
"54308",-6954.00048126298,"NRI_P138",50
"54309",-5148.00571126299,"NRI_P138",100
"54310",-7836.45388126298,"NRI_P138",25
"54311",10003.100938737,"NRI_P138",50
"54312",6742.48732873698,"NRI_P138",100
"54313",3576.750838737,"NRI_P138",25
"54314",-22016.066341263,"NRI_P138",50
"54315",3239.05997873703,"NRI_P138",100
"54316",-8892.73866126302,"NRI_P138",25
"54317",-12645.362481263,"NRI_P138",50
"54318",-24867.953041263,"NRI_P138",100
"54319",290.942208737019,"NRI_P138",25
"54320",915.134028737026,"NRI_P138",50
"54321",-7823.76946126297,"NRI_P138",100
"54322",38021.995448737,"NRI_P138",25
"54323",-1412.83291126299,"NRI_P138",50
"54324",10809.598588737,"NRI_P138",100
"54325",-19117.114511263,"NRI_P138",25
"54326",28957.402048737,"NRI_P138",50
"54327",6488.51308873697,"NRI_P138",100
"54328",-13117.397561263,"NRI_P138",25
"54329",26292.963218737,"NRI_P138",50
"54330",-9961.97069126298,"NRI_P138",100
"54331",9386.305648737,"NRI_P138",25
"54332",-8175.26748126297,"NRI_P138",50
"54333",7240.92751873698,"NRI_P138",100
"54334",20494.933628737,"NRI_P138",25
"54335",5853.26213873702,"NRI_P138",50
"54336",39084.130688737,"NRI_P138",100
"54337",4538.565478737,"NRI_P138",25
"54338",5112.164288737,"NRI_P138",50
"54339",-27576.479491263,"NRI_P138",100
"54340",19819.705908737,"NRI_P138",25
"54341",-11068.591381263,"NRI_P138",50
"54342",-17036.543891263,"NRI_P138",100
"54343",15370.381428737,"NRI_P138",25
"54344",17665.028038737,"NRI_P138",50
"54345",30831.148358737,"NRI_P138",100
"54346",1011.34472873702,"NRI_P138",25
"54347",11977.788038737,"NRI_P138",50
"54348",-10931.134171263,"NRI_P138",100
"54349",2571.93241873698,"NRI_P138",25
"54350",-22388.860161263,"NRI_P138",50
"54351",-35887.696461263,"NRI_P138",100
"54352",23591.765908737,"NRI_P138",25
"54353",-3492.10113126301,"NRI_P138",50
"54354",-7116.50222126301,"NRI_P138",100
"54355",5037.23188873701,"NRI_P138",25
"54356",15676.647848737,"NRI_P138",50
"54357",22105.024518737,"NRI_P138",100
"54358",-15725.285201263,"NRI_P138",25
"54359",26880.452708737,"NRI_P138",50
"54360",-2525.33083126298,"NRI_P138",100
"54361",2517.14523873699,"NRI_P138",25
"54362",-625.778181263013,"NRI_P138",50
"54363",-2710.87746126298,"NRI_P138",100
"54364",5060.04468873702,"NRI_P138",25
"54365",1121.45723873703,"NRI_P138",50
"54366",31260.881558737,"NRI_P138",100
"54367",15984.684918737,"NRI_P138",25
"54368",15581.515138737,"NRI_P138",50
"54369",19979.073938737,"NRI_P138",100
"54370",-3206.72013126302,"NRI_P138",25
"54371",-20861.260351263,"NRI_P138",50
"54372",7292.88872873702,"NRI_P138",100
"54373",-9091.58200126298,"NRI_P138",25
"54374",-6803.59050126298,"NRI_P138",50
"54375",-15956.396791263,"NRI_P138",100
"54376",-4791.90436126298,"NRI_P138",25
"54377",12539.804928737,"NRI_P138",50
"54378",14587.036578737,"NRI_P138",100
"54379",-5065.57453126297,"NRI_P138",25
"54380",24121.243578737,"NRI_P138",50
"54381",6468.50661873701,"NRI_P138",100
"54382",-2534.070751263,"NRI_P138",25
"54383",3723.189698737,"NRI_P138",50
"54384",7696.50751873699,"NRI_P138",100
"54385",10088.666728737,"NRI_P138",25
"54386",-32736.672761263,"NRI_P138",50
"54387",-8755.96120126301,"NRI_P138",100
"54388",12024.240788737,"NRI_P138",25
"54389",34466.695768737,"NRI_P138",50
"54390",44980.105548737,"NRI_P138",100
"54391",-8376.37604126299,"NRI_P138",25
"54392",22104.682128737,"NRI_P138",50
"54393",31722.080618737,"NRI_P138",100
"54394",-8346.11179126299,"NRI_P138",25
"54395",-23864.813491263,"NRI_P138",50
"54396",15861.361838737,"NRI_P138",100
"54397",10650.323198737,"NRI_P138",25
"54398",2934.905528737,"NRI_P138",50
"54399",20655.623938737,"NRI_P138",100
"54400",-32303.704361263,"NRI_P138",25
"54401",6400.86836873699,"NRI_P138",50
"54402",107.213738736988,"NRI_P138",100
"54403",7973.41930873698,"NRI_P138",25
"54404",1510.48304873699,"NRI_P138",50
"54405",7823.95454873698,"NRI_P138",100
"54406",5966.466798737,"NRI_P138",25
"54407",-5957.11463126302,"NRI_P138",50
"54408",-14250.377151263,"NRI_P138",100
"54409",27337.017458737,"NRI_P138",25
"54410",-15650.926881263,"NRI_P138",50
"54411",-17040.217731263,"NRI_P138",100
"54412",11565.435708737,"NRI_P138",25
"54413",-21031.086251263,"NRI_P138",50
"54414",65128.422568737,"NRI_P138",100
"54415",2277.717118737,"NRI_P138",25
"54416",3145.629018737,"NRI_P138",50
"54417",-4858.82358126302,"NRI_P138",100
"54418",-13108.125101263,"NRI_P138",25
"54419",-17757.626061263,"NRI_P138",50
"54420",-13612.518221263,"NRI_P138",100
"54421",4986.53443873703,"NRI_P138",25
"54422",32742.737218737,"NRI_P138",50
"54423",-23531.921841263,"NRI_P138",100
"54424",17478.379808737,"NRI_P138",25
"54425",-17911.715091263,"NRI_P138",50
"54426",29779.030878737,"NRI_P138",100
"54427",1359.145438737,"NRI_P138",25
"54428",32622.109918737,"NRI_P138",50
"54429",-31282.451421263,"NRI_P138",100
"54430",16581.819788737,"NRI_P138",25
"54431",6312.372688737,"NRI_P138",50
"54432",-14737.597861263,"NRI_P138",100
"54433",-16446.855361263,"NRI_P138",25
"54434",-14882.835901263,"NRI_P138",50
"54435",43320.671178737,"NRI_P138",100
"54436",-15250.684921263,"NRI_P138",25
"54437",-12483.093151263,"NRI_P138",50
"54438",-26579.619341263,"NRI_P138",100
"54439",30711.456218737,"NRI_P138",25
"54440",6332.200048737,"NRI_P138",50
"54441",-26443.555601263,"NRI_P138",100
"54442",14167.907848737,"NRI_P138",25
"54443",13717.780838737,"NRI_P138",50
"54444",-5608.04087126302,"NRI_P138",100
"54445",1664.21641873702,"NRI_P138",25
"54446",-4868.34571126301,"NRI_P138",50
"54447",15769.508428737,"NRI_P138",100
"54448",15284.450328737,"NRI_P138",25
"54449",-3543.82145126298,"NRI_P138",50
"54450",-10059.322011263,"NRI_P138",100
"54451",23123.869658737,"NRI_P138",25
"54452",9289.44091873697,"NRI_P138",50
"54453",16290.685748737,"NRI_P138",100
"54454",9631.78514873702,"NRI_P138",25
"54455",-15780.013931263,"NRI_P138",50
"54456",5514.47546873702,"NRI_P138",100
"54457",16018.116108737,"NRI_P138",25
"54458",4505.591408737,"NRI_P138",50
"54459",-398.227141263022,"NRI_P138",100
"54460",-1461.96835126303,"NRI_P138",25
"54461",38532.035948737,"NRI_P138",50
"54462",-9217.06827126298,"NRI_P138",100
"54463",13183.619688737,"NRI_P138",25
"54464",-2498.063511263,"NRI_P138",50
"54465",-18125.671191263,"NRI_P138",100
"54466",1460.84995873697,"NRI_P138",25
"54467",995.400768737018,"NRI_P138",50
"54468",53250.561808737,"NRI_P138",100
"54469",-21845.830031263,"NRI_P138",25
"54470",7730.840528737,"NRI_P138",50
"54471",10491.720008737,"NRI_P138",100
"54472",-1297.37982126302,"NRI_P138",25
"54473",-5417.94788126298,"NRI_P138",50
"54474",-12876.834251263,"NRI_P138",100
"54475",1595.97397873702,"NRI_P138",25
"54476",-15853.029791263,"NRI_P138",50
"54477",49510.472678737,"NRI_P138",100
"54478",-14839.067181263,"NRI_P138",25
"54479",11392.231698737,"NRI_P138",50
"54480",10281.640928737,"NRI_P138",100
"54481",-2965.93366126297,"NRI_P138",25
"54482",-18474.528431263,"NRI_P138",50
"54483",-28754.736711263,"NRI_P138",100
"54484",5194.99867873703,"NRI_P138",25
"54485",-21941.736431263,"NRI_P138",50
"54486",2178.41498873703,"NRI_P138",100
"54487",-1890.70384126302,"NRI_P138",25
"54488",-20174.196051263,"NRI_P138",50
"54489",13889.180618737,"NRI_P138",100
"54490",11823.937368737,"NRI_P138",25
"54491",3288.81607873703,"NRI_P138",50
"54492",5818.20182873699,"NRI_P138",100
"54493",10141.616518737,"NRI_P138",25
"54494",-13297.508361263,"NRI_P138",50
"54495",20509.574998737,"NRI_P138",100
"54496",10903.305338737,"NRI_P138",25
"54497",1773.33318873699,"NRI_P138",50
"54498",-30523.425141263,"NRI_P138",100
"54499",-3287.25861126301,"NRI_P138",25
"54500",16148.628128737,"NRI_P138",50
"54501",-7076.500751263,"NRI_P138",100
"54502",-4817.10311126302,"NRI_P138",25
"54503",5690.603188737,"NRI_P138",50
"54504",16264.418628737,"NRI_P138",100
"54505",-15566.215661263,"NRI_P138",25
"54506",-36138.380701263,"NRI_P138",50
"54507",-24589.889421263,"NRI_P138",100
"54508",6937.44463873701,"NRI_P138",25
"54509",-18486.401111263,"NRI_P138",50
"54510",-5130.28698126302,"NRI_P138",100
"54511",-8256.803681263,"NRI_P138",25
"54512",1520.231398737,"NRI_P138",50
"54513",61.2986287369858,"NRI_P138",100
"54514",2118.78816873702,"NRI_P138",25
"54515",-3206.88793126302,"NRI_P138",50
"54516",11951.419168737,"NRI_P138",100
"54517",20067.201658737,"NRI_P138",25
"54518",20959.527308737,"NRI_P138",50
"54519",-29500.352291263,"NRI_P138",100
"54520",-3914.88363126299,"NRI_P138",25
"54521",6894.42789873702,"NRI_P138",50
"54522",18683.527008737,"NRI_P138",100
"54523",-16890.955851263,"NRI_P138",25
"54524",46760.722788737,"NRI_P138",50
"54525",-13532.304841263,"NRI_P138",100
"54526",-3653.231411263,"NRI_P138",25
"54527",-7533.90162126301,"NRI_P138",50
"54528",9568.821548737,"NRI_P138",100
"54529",-11434.083701263,"NRI_P138",25
"54530",272.112388736976,"NRI_P138",50
"54531",61721.990958737,"NRI_P138",100
"54532",8605.55010873702,"NRI_P138",25
"54533",-11076.838931263,"NRI_P138",50
"54534",41722.034488737,"NRI_P138",100
"54535",8653.47190873697,"NRI_P138",25
"54536",-19072.718941263,"NRI_P138",50
"54537",6909.24195873702,"NRI_P138",100
"54538",1790.88348873699,"NRI_P138",25
"54539",-21653.333921263,"NRI_P138",50
"54540",-32719.038231263,"NRI_P138",100
"54541",22421.967558737,"NRI_P138",25
"54542",-19401.849471263,"NRI_P138",50
"54543",9888.22111873701,"NRI_P138",100
"54544",21749.136428737,"NRI_P138",25
"54545",11315.691288737,"NRI_P138",50
"54546",14457.927858737,"NRI_P138",100
"54547",25702.398478737,"NRI_P138",25
"54548",-12716.047051263,"NRI_P138",50
"54549",25470.333658737,"NRI_P138",100
"54550",-1851.08696126298,"NRI_P138",25
"54551",2533.77353873698,"NRI_P138",50
"54552",2185.16930873698,"NRI_P138",100
"54553",4116.36459873698,"NRI_P138",25
"54554",26408.989128737,"NRI_P138",50
"54555",-9555.32615126303,"NRI_P138",100
"54556",6929.477048737,"NRI_P138",25
"54557",17253.081398737,"NRI_P138",50
"54558",9290.24931873701,"NRI_P138",100
"54559",-1008.15456126299,"NRI_P138",25
"54560",-2717.06271126302,"NRI_P138",50
"54561",-1107.124551263,"NRI_P138",100
"54562",3881.356628737,"NRI_P138",25
"54563",-11451.713031263,"NRI_P138",50
"54564",21734.403488737,"NRI_P138",100
"54565",-8709.73024126299,"NRI_P138",25
"54566",28596.554418737,"NRI_P138",50
"54567",17623.939248737,"NRI_P138",100
"54568",-6255.50700126297,"NRI_P138",25
"54569",-21337.722901263,"NRI_P138",50
"54570",-2771.90647126298,"NRI_P138",100
"54571",-12890.459131263,"NRI_P138",25
"54572",-10283.078631263,"NRI_P138",50
"54573",20634.071898737,"NRI_P138",100
"54574",16108.422538737,"NRI_P138",25
"54575",15322.427778737,"NRI_P138",50
"54576",-51810.003501263,"NRI_P138",100
"54577",-22535.043831263,"NRI_P138",25
"54578",4408.82104873698,"NRI_P138",50
"54579",-23990.210371263,"NRI_P138",100
"54580",12909.877388737,"NRI_P138",25
"54581",-16618.359391263,"NRI_P138",50
"54582",26167.516168737,"NRI_P138",100
"54583",10024.170418737,"NRI_P138",25
"54584",-22381.303711263,"NRI_P138",50
"54585",-20727.272971263,"NRI_P138",100
"54586",-10647.994361263,"NRI_P138",25
"54587",-6925.71039126301,"NRI_P138",50
"54588",31080.041878737,"NRI_P138",100
"54589",22768.031638737,"NRI_P138",25
"54590",11013.961308737,"NRI_P138",50
"54591",-743.549401263008,"NRI_P138",100
"54592",20996.625118737,"NRI_P138",25
"54593",36753.654258737,"NRI_P138",50
"54594",21003.014648737,"NRI_P138",100
"54595",20158.565308737,"NRI_P138",25
"54596",24405.495028737,"NRI_P138",50
"54597",-34631.956781263,"NRI_P138",100
"54598",3302.89889873698,"NRI_P138",25
"54599",47394.464268737,"NRI_P138",50
"54600",-34392.215241263,"NRI_P138",100
"54601",-7225.08136220695,"NRI_P139",25
"54602",-31053.595502207,"NRI_P139",50
"54603",-47876.574622207,"NRI_P139",100
"54604",-2161.45415220701,"NRI_P139",25
"54605",-62.7879722070065,"NRI_P139",50
"54606",-5518.76875220699,"NRI_P139",100
"54607",3015.37784779305,"NRI_P139",25
"54608",-30579.301882207,"NRI_P139",50
"54609",16699.7547077931,"NRI_P139",100
"54610",-3051.18284220697,"NRI_P139",25
"54611",-11039.934212207,"NRI_P139",50
"54612",27318.3246377931,"NRI_P139",100
"54613",-34063.184332207,"NRI_P139",25
"54614",17007.358467793,"NRI_P139",50
"54615",-39062.931172207,"NRI_P139",100
"54616",-47008.342072207,"NRI_P139",25
"54617",13907.051727793,"NRI_P139",50
"54618",-10079.399682207,"NRI_P139",100
"54619",-7692.53714220697,"NRI_P139",25
"54620",19958.637787793,"NRI_P139",50
"54621",-73188.229812207,"NRI_P139",100
"54622",-51460.649182207,"NRI_P139",25
"54623",-23915.115052207,"NRI_P139",50
"54624",-72445.621552207,"NRI_P139",100
"54625",-18327.476992207,"NRI_P139",25
"54626",-26158.434942207,"NRI_P139",50
"54627",-23286.485512207,"NRI_P139",100
"54628",-23979.031682207,"NRI_P139",25
"54629",-34016.532262207,"NRI_P139",50
"54630",-83151.803832207,"NRI_P139",100
"54631",7362.42800779303,"NRI_P139",25
"54632",-39746.663412207,"NRI_P139",50
"54633",-59263.688222207,"NRI_P139",100
"54634",-3074.41242220701,"NRI_P139",25
"54635",-57445.725812207,"NRI_P139",50
"54636",-96051.552082207,"NRI_P139",100
"54637",-39773.863242207,"NRI_P139",25
"54638",-17873.059812207,"NRI_P139",50
"54639",-38491.965212207,"NRI_P139",100
"54640",-16262.376632207,"NRI_P139",25
"54641",-15469.994502207,"NRI_P139",50
"54642",-9564.060812207,"NRI_P139",100
"54643",-17363.335962207,"NRI_P139",25
"54644",-26865.702972207,"NRI_P139",50
"54645",-71937.115292207,"NRI_P139",100
"54646",-2212.03635220695,"NRI_P139",25
"54647",-21470.674902207,"NRI_P139",50
"54648",-85322.668062207,"NRI_P139",100
"54649",-32029.246782207,"NRI_P139",25
"54650",-25517.033742207,"NRI_P139",50
"54651",-58633.159712207,"NRI_P139",100
"54652",-52775.828882207,"NRI_P139",25
"54653",-13213.368272207,"NRI_P139",50
"54654",23275.2460377931,"NRI_P139",100
"54655",7799.257427793,"NRI_P139",25
"54656",-8419.11801220698,"NRI_P139",50
"54657",27778.964657793,"NRI_P139",100
"54658",-32040.403852207,"NRI_P139",25
"54659",-5092.143402207,"NRI_P139",50
"54660",13114.673387793,"NRI_P139",100
"54661",-47604.076522207,"NRI_P139",25
"54662",-15386.337912207,"NRI_P139",50
"54663",-21811.219972207,"NRI_P139",100
"54664",15764.741597793,"NRI_P139",25
"54665",-532.190772206988,"NRI_P139",50
"54666",-40862.221722207,"NRI_P139",100
"54667",-5944.848522207,"NRI_P139",25
"54668",-51256.906072207,"NRI_P139",50
"54669",-69039.780162207,"NRI_P139",100
"54670",4450.27227779303,"NRI_P139",25
"54671",-9871.97267220699,"NRI_P139",50
"54672",-34052.560302207,"NRI_P139",100
"54673",-22684.657902207,"NRI_P139",25
"54674",-4706.212942207,"NRI_P139",50
"54675",17031.782387793,"NRI_P139",100
"54676",52907.717727793,"NRI_P139",25
"54677",-8738.31423220696,"NRI_P139",50
"54678",-54470.550652207,"NRI_P139",100
"54679",-50416.778432207,"NRI_P139",25
"54680",-51576.153032207,"NRI_P139",50
"54681",16118.041747793,"NRI_P139",100
"54682",-9364.54615220695,"NRI_P139",25
"54683",-901.998822206981,"NRI_P139",50
"54684",-49546.321702207,"NRI_P139",100
"54685",-37320.772402207,"NRI_P139",25
"54686",-10204.202782207,"NRI_P139",50
"54687",-53503.866252207,"NRI_P139",100
"54688",-6118.23204220698,"NRI_P139",25
"54689",-42822.019092207,"NRI_P139",50
"54690",-13602.612452207,"NRI_P139",100
"54691",-27906.535402207,"NRI_P139",25
"54692",-23282.667502207,"NRI_P139",50
"54693",-37114.838512207,"NRI_P139",100
"54694",6131.74264779303,"NRI_P139",25
"54695",-69733.940622207,"NRI_P139",50
"54696",-41291.839092207,"NRI_P139",100
"54697",-21529.734282207,"NRI_P139",25
"54698",34099.8445277931,"NRI_P139",50
"54699",-67601.208242207,"NRI_P139",100
"54700",225.022787793016,"NRI_P139",25
"54701",-37071.247742207,"NRI_P139",50
"54702",-19248.526432207,"NRI_P139",100
"54703",-556.670262206986,"NRI_P139",25
"54704",6858.60748779302,"NRI_P139",50
"54705",-72337.388982207,"NRI_P139",100
"54706",-1625.51487220696,"NRI_P139",25
"54707",-42106.045152207,"NRI_P139",50
"54708",-95804.984412207,"NRI_P139",100
"54709",-38471.051902207,"NRI_P139",25
"54710",-61578.097642207,"NRI_P139",50
"54711",-24088.218952207,"NRI_P139",100
"54712",-14772.240132207,"NRI_P139",25
"54713",-55314.821582207,"NRI_P139",50
"54714",-44239.208072207,"NRI_P139",100
"54715",-21338.571192207,"NRI_P139",25
"54716",-28870.454952207,"NRI_P139",50
"54717",-77212.702892207,"NRI_P139",100
"54718",-10710.432392207,"NRI_P139",25
"54719",-48800.367742207,"NRI_P139",50
"54720",-39707.802502207,"NRI_P139",100
"54721",70015.625907793,"NRI_P139",25
"54722",-27246.295762207,"NRI_P139",50
"54723",-81961.954522207,"NRI_P139",100
"54724",-5790.76907220698,"NRI_P139",25
"54725",-32576.218622207,"NRI_P139",50
"54726",-41291.276152207,"NRI_P139",100
"54727",-18563.228602207,"NRI_P139",25
"54728",13534.888817793,"NRI_P139",50
"54729",-2049.934352207,"NRI_P139",100
"54730",-18668.833962207,"NRI_P139",25
"54731",-20209.375682207,"NRI_P139",50
"54732",-71056.656942207,"NRI_P139",100
"54733",-12135.306322207,"NRI_P139",25
"54734",-19152.046852207,"NRI_P139",50
"54735",-64700.546912207,"NRI_P139",100
"54736",-14497.764352207,"NRI_P139",25
"54737",35022.3364877931,"NRI_P139",50
"54738",-33189.647862207,"NRI_P139",100
"54739",-6324.00659220701,"NRI_P139",25
"54740",17307.247227793,"NRI_P139",50
"54741",-64746.124952207,"NRI_P139",100
"54742",-15371.904332207,"NRI_P139",25
"54743",-47135.988132207,"NRI_P139",50
"54744",-37975.858492207,"NRI_P139",100
"54745",41984.694717793,"NRI_P139",25
"54746",18292.459797793,"NRI_P139",50
"54747",-40728.798992207,"NRI_P139",100
"54748",11039.920477793,"NRI_P139",25
"54749",-25101.920812207,"NRI_P139",50
"54750",-47017.453292207,"NRI_P139",100
"54751",-23780.132222207,"NRI_P139",25
"54752",-20467.842672207,"NRI_P139",50
"54753",-73537.872802207,"NRI_P139",100
"54754",11388.949267793,"NRI_P139",25
"54755",-59360.435232207,"NRI_P139",50
"54756",2674.78542779305,"NRI_P139",100
"54757",-9983.04097220697,"NRI_P139",25
"54758",10859.010087793,"NRI_P139",50
"54759",-73100.265302207,"NRI_P139",100
"54760",8429.83079779299,"NRI_P139",25
"54761",-46049.572022207,"NRI_P139",50
"54762",-83901.437012207,"NRI_P139",100
"54763",-11638.003982207,"NRI_P139",25
"54764",-29318.899122207,"NRI_P139",50
"54765",38844.1097877931,"NRI_P139",100
"54766",7637.94014779304,"NRI_P139",25
"54767",17836.786777793,"NRI_P139",50
"54768",-66419.676252207,"NRI_P139",100
"54769",-23816.023122207,"NRI_P139",25
"54770",-53458.429412207,"NRI_P139",50
"54771",14052.836137793,"NRI_P139",100
"54772",18351.933267793,"NRI_P139",25
"54773",-12214.536192207,"NRI_P139",50
"54774",32360.4047677931,"NRI_P139",100
"54775",-35561.065722207,"NRI_P139",25
"54776",-28393.495692207,"NRI_P139",50
"54777",-15420.676152207,"NRI_P139",100
"54778",-5263.51542220695,"NRI_P139",25
"54779",9008.68221779302,"NRI_P139",50
"54780",-48260.749652207,"NRI_P139",100
"54781",48810.078817793,"NRI_P139",25
"54782",-4497.61665220698,"NRI_P139",50
"54783",-82391.670662207,"NRI_P139",100
"54784",-10838.260752207,"NRI_P139",25
"54785",-18295.855982207,"NRI_P139",50
"54786",-63764.842592207,"NRI_P139",100
"54787",20549.767577793,"NRI_P139",25
"54788",-47776.276262207,"NRI_P139",50
"54789",-72487.277182207,"NRI_P139",100
"54790",-9912.96935220697,"NRI_P139",25
"54791",-32172.713792207,"NRI_P139",50
"54792",-101943.342762207,"NRI_P139",100
"54793",-53548.708862207,"NRI_P139",25
"54794",-25754.352872207,"NRI_P139",50
"54795",-61850.135892207,"NRI_P139",100
"54796",14130.073587793,"NRI_P139",25
"54797",22975.882547793,"NRI_P139",50
"54798",-38551.771462207,"NRI_P139",100
"54799",7967.015867793,"NRI_P139",25
"54800",-28860.807702207,"NRI_P139",50
"54801",-35757.661372207,"NRI_P139",100
"54802",17706.4575277931,"NRI_P139",25
"54803",21386.921897793,"NRI_P139",50
"54804",-71697.567002207,"NRI_P139",100
"54805",11780.658717793,"NRI_P139",25
"54806",-17018.026102207,"NRI_P139",50
"54807",-7533.47912220698,"NRI_P139",100
"54808",-18079.925902207,"NRI_P139",25
"54809",-10503.588282207,"NRI_P139",50
"54810",-31496.480472207,"NRI_P139",100
"54811",63274.059237793,"NRI_P139",25
"54812",27626.6276277931,"NRI_P139",50
"54813",-19344.759212207,"NRI_P139",100
"54814",-5573.39699220698,"NRI_P139",25
"54815",28632.786777793,"NRI_P139",50
"54816",-10216.475442207,"NRI_P139",100
"54817",-58746.025792207,"NRI_P139",25
"54818",-45891.518352207,"NRI_P139",50
"54819",-86903.502042207,"NRI_P139",100
"54820",1295.494837793,"NRI_P139",25
"54821",22931.809417793,"NRI_P139",50
"54822",-83158.654492207,"NRI_P139",100
"54823",12503.686907793,"NRI_P139",25
"54824",-36445.938032207,"NRI_P139",50
"54825",-54199.191832207,"NRI_P139",100
"54826",-15913.784352207,"NRI_P139",25
"54827",9402.14677779301,"NRI_P139",50
"54828",-84350.420722207,"NRI_P139",100
"54829",7723.80466779304,"NRI_P139",25
"54830",-52778.481682207,"NRI_P139",50
"54831",-63775.664602207,"NRI_P139",100
"54832",-23214.056452207,"NRI_P139",25
"54833",34868.876217793,"NRI_P139",50
"54834",-86707.736282207,"NRI_P139",100
"54835",-26073.519102207,"NRI_P139",25
"54836",-29423.339272207,"NRI_P139",50
"54837",-42230.659342207,"NRI_P139",100
"54838",46140.493137793,"NRI_P139",25
"54839",-38665.980442207,"NRI_P139",50
"54840",-28060.111032207,"NRI_P139",100
"54841",24141.108537793,"NRI_P139",25
"54842",-18024.141602207,"NRI_P139",50
"54843",-75652.745582207,"NRI_P139",100
"54844",-1771.53418220696,"NRI_P139",25
"54845",-3993.455672207,"NRI_P139",50
"54846",-14975.083802207,"NRI_P139",100
"54847",-24205.215622207,"NRI_P139",25
"54848",-40742.827122207,"NRI_P139",50
"54849",-87447.868662207,"NRI_P139",100
"54850",-2095.94788220699,"NRI_P139",25
"54851",-7737.19575220696,"NRI_P139",50
"54852",-24845.667802207,"NRI_P139",100
"54853",57678.997117793,"NRI_P139",25
"54854",-1447.25589220697,"NRI_P139",50
"54855",-67749.718022207,"NRI_P139",100
"54856",-4799.69247220695,"NRI_P139",25
"54857",-25286.333902207,"NRI_P139",50
"54858",-86377.399282207,"NRI_P139",100
"54859",-33207.641452207,"NRI_P139",25
"54860",-41028.160802207,"NRI_P139",50
"54861",-17372.247072207,"NRI_P139",100
"54862",-1970.62228220695,"NRI_P139",25
"54863",-40235.116602207,"NRI_P139",50
"54864",-36734.895022207,"NRI_P139",100
"54865",-11862.508262207,"NRI_P139",25
"54866",-18886.562772207,"NRI_P139",50
"54867",8116.87028779305,"NRI_P139",100
"54868",-11755.727432207,"NRI_P139",25
"54869",-28325.507962207,"NRI_P139",50
"54870",13223.706977793,"NRI_P139",100
"54871",-25886.201462207,"NRI_P139",25
"54872",-69331.271762207,"NRI_P139",50
"54873",-10518.076562207,"NRI_P139",100
"54874",-60206.390062207,"NRI_P139",25
"54875",-28970.367612207,"NRI_P139",50
"54876",259.711187793,"NRI_P139",100
"54877",-4687.05590220698,"NRI_P139",25
"54878",-18332.134832207,"NRI_P139",50
"54879",-51791.316172207,"NRI_P139",100
"54880",-8402.43556220696,"NRI_P139",25
"54881",-55846.208322207,"NRI_P139",50
"54882",-23157.625592207,"NRI_P139",100
"54883",2532.19986779301,"NRI_P139",25
"54884",33122.625037793,"NRI_P139",50
"54885",-35569.605042207,"NRI_P139",100
"54886",-40062.846052207,"NRI_P139",25
"54887",32343.505087793,"NRI_P139",50
"54888",-8603.83964220696,"NRI_P139",100
"54889",-8338.19628220698,"NRI_P139",25
"54890",11699.750447793,"NRI_P139",50
"54891",-54123.751032207,"NRI_P139",100
"54892",-33203.138522207,"NRI_P139",25
"54893",-29716.723912207,"NRI_P139",50
"54894",5337.35006779304,"NRI_P139",100
"54895",-19805.868472207,"NRI_P139",25
"54896",-45669.517142207,"NRI_P139",50
"54897",-1534.63315220695,"NRI_P139",100
"54898",18390.024027793,"NRI_P139",25
"54899",-56402.848952207,"NRI_P139",50
"54900",-20631.602562207,"NRI_P139",100
"54901",-35.9974337449821,"NRI_P140",25
"54902",-331.549733744992,"NRI_P140",50
"54903",-2.33285374499974,"NRI_P140",100
"54904",-472.339303744986,"NRI_P140",25
"54905",470.731706254999,"NRI_P140",50
"54906",2478.57155625502,"NRI_P140",100
"54907",777.038116255018,"NRI_P140",25
"54908",193.892256255,"NRI_P140",50
"54909",3006.99740625502,"NRI_P140",100
"54910",-34.1634337449796,"NRI_P140",25
"54911",4307.46556625501,"NRI_P140",50
"54912",2362.53736625501,"NRI_P140",100
"54913",21.4829662550183,"NRI_P140",25
"54914",968.513566255016,"NRI_P140",50
"54915",-212.84722374499,"NRI_P140",100
"54916",116.372066255019,"NRI_P140",25
"54917",-107.754713745002,"NRI_P140",50
"54918",5946.09537625502,"NRI_P140",100
"54919",1147.649946255,"NRI_P140",25
"54920",2201.71144625501,"NRI_P140",50
"54921",-810.36893374499,"NRI_P140",100
"54922",2660.28465625501,"NRI_P140",25
"54923",706.905366255,"NRI_P140",50
"54924",-528.171443744999,"NRI_P140",100
"54925",1571.40547625502,"NRI_P140",25
"54926",-309.211033744999,"NRI_P140",50
"54927",3148.88846625501,"NRI_P140",100
"54928",315.793766254996,"NRI_P140",25
"54929",215.853466255008,"NRI_P140",50
"54930",-1033.876303745,"NRI_P140",100
"54931",216.756566255004,"NRI_P140",25
"54932",-592.292113745003,"NRI_P140",50
"54933",4104.69111625501,"NRI_P140",100
"54934",325.584366255003,"NRI_P140",25
"54935",-305.69110374499,"NRI_P140",50
"54936",-567.944073744991,"NRI_P140",100
"54937",946.23116625502,"NRI_P140",25
"54938",-438.707043745002,"NRI_P140",50
"54939",3558.554916255,"NRI_P140",100
"54940",-251.182313744997,"NRI_P140",25
"54941",-288.130403744988,"NRI_P140",50
"54942",-588.567523745005,"NRI_P140",100
"54943",-76.7931337449991,"NRI_P140",25
"54944",-397.698073744978,"NRI_P140",50
"54945",1254.313546255,"NRI_P140",100
"54946",2718.45589625501,"NRI_P140",25
"54947",339.758946255024,"NRI_P140",50
"54948",2595.48791625502,"NRI_P140",100
"54949",-222.866533744993,"NRI_P140",25
"54950",820.50592625502,"NRI_P140",50
"54951",-969.197843745002,"NRI_P140",100
"54952",-536.843603744986,"NRI_P140",25
"54953",1985.042666255,"NRI_P140",50
"54954",1625.80114625502,"NRI_P140",100
"54955",-528.397533744981,"NRI_P140",25
"54956",-34.795733744977,"NRI_P140",50
"54957",1250.88022625502,"NRI_P140",100
"54958",-634.235243745003,"NRI_P140",25
"54959",-552.672823745001,"NRI_P140",50
"54960",980.529286255012,"NRI_P140",100
"54961",-113.615233744989,"NRI_P140",25
"54962",171.404166255001,"NRI_P140",50
"54963",814.173866255005,"NRI_P140",100
"54964",-441.93918374498,"NRI_P140",25
"54965",3120.556666255,"NRI_P140",50
"54966",3924.463566255,"NRI_P140",100
"54967",151.254456255003,"NRI_P140",25
"54968",891.097346255003,"NRI_P140",50
"54969",1280.368536255,"NRI_P140",100
"54970",16.6845662550186,"NRI_P140",25
"54971",67.4177662550064,"NRI_P140",50
"54972",-1062.27966374499,"NRI_P140",100
"54973",-429.596323745005,"NRI_P140",25
"54974",-374.622303744982,"NRI_P140",50
"54975",348.676246254996,"NRI_P140",100
"54976",-260.001843744976,"NRI_P140",25
"54977",-496.629223744996,"NRI_P140",50
"54978",-1024.32603374499,"NRI_P140",100
"54979",-99.4836137449893,"NRI_P140",25
"54980",-339.022423744987,"NRI_P140",50
"54981",-712.852193744999,"NRI_P140",100
"54982",-227.827133744984,"NRI_P140",25
"54983",1368.564066255,"NRI_P140",50
"54984",245.904056255007,"NRI_P140",100
"54985",189.803726255021,"NRI_P140",25
"54986",-11.7290337449813,"NRI_P140",50
"54987",-395.408123745001,"NRI_P140",100
"54988",-65.6983137450006,"NRI_P140",25
"54989",987.182956255012,"NRI_P140",50
"54990",720.742026255,"NRI_P140",100
"54991",-109.301983744983,"NRI_P140",25
"54992",-207.56650374498,"NRI_P140",50
"54993",-331.536003744986,"NRI_P140",100
"54994",-268.644323744986,"NRI_P140",25
"54995",-902.415803744982,"NRI_P140",50
"54996",8820.49191625501,"NRI_P140",100
"54997",28.9337662550097,"NRI_P140",25
"54998",1908.964686255,"NRI_P140",50
"54999",1055.19194625501,"NRI_P140",100
"55000",63.266766255023,"NRI_P140",25
"55001",1836.67406625501,"NRI_P140",50
"55002",-825.026983744989,"NRI_P140",100
"55003",-123.720333745005,"NRI_P140",25
"55004",3922.69585625501,"NRI_P140",50
"55005",-532.065983744978,"NRI_P140",100
"55006",-202.493033744977,"NRI_P140",25
"55007",4047.881566255,"NRI_P140",50
"55008",3843.468596255,"NRI_P140",100
"55009",98.9802562550176,"NRI_P140",25
"55010",-279.210283744993,"NRI_P140",50
"55011",917.248986254999,"NRI_P140",100
"55012",-470.36258374498,"NRI_P140",25
"55013",-311.608803744981,"NRI_P140",50
"55014",840.608346255001,"NRI_P140",100
"55015",905.343416254997,"NRI_P140",25
"55016",3650.99857625502,"NRI_P140",50
"55017",4667.027216255,"NRI_P140",100
"55018",-260.04968374499,"NRI_P140",25
"55019",2462.375266255,"NRI_P140",50
"55020",1492.45542625501,"NRI_P140",100
"55021",-104.003833744995,"NRI_P140",25
"55022",-255.272933745,"NRI_P140",50
"55023",-875.709073744976,"NRI_P140",100
"55024",70.0268662550079,"NRI_P140",25
"55025",-156.794593744999,"NRI_P140",50
"55026",-917.325993744977,"NRI_P140",100
"55027",179.179656255001,"NRI_P140",25
"55028",713.779046255018,"NRI_P140",50
"55029",1618.57395625502,"NRI_P140",100
"55030",615.593466254999,"NRI_P140",25
"55031",-208.793673744978,"NRI_P140",50
"55032",1143.48476625502,"NRI_P140",100
"55033",-319.786543744995,"NRI_P140",25
"55034",-582.275253745,"NRI_P140",50
"55035",3803.251256255,"NRI_P140",100
"55036",7.4272662550211,"NRI_P140",25
"55037",1283.62368625501,"NRI_P140",50
"55038",-115.786213744985,"NRI_P140",100
"55039",-90.0718337449944,"NRI_P140",25
"55040",-589.925453745003,"NRI_P140",50
"55041",-261.54293374499,"NRI_P140",100
"55042",-328.631733744987,"NRI_P140",25
"55043",1113.97556625502,"NRI_P140",50
"55044",87.5996262550179,"NRI_P140",100
"55045",-80.7679337449954,"NRI_P140",25
"55046",2604.830066255,"NRI_P140",50
"55047",6430.018426255,"NRI_P140",100
"55048",49.0314662550227,"NRI_P140",25
"55049",-382.642523744988,"NRI_P140",50
"55050",6262.993406255,"NRI_P140",100
"55051",-251.121173744992,"NRI_P140",25
"55052",1236.90886625502,"NRI_P140",50
"55053",5641.14317625502,"NRI_P140",100
"55054",-159.796603744995,"NRI_P140",25
"55055",419.58226625502,"NRI_P140",50
"55056",-258.063313744991,"NRI_P140",100
"55057",204.145266255015,"NRI_P140",25
"55058",2597.41116625501,"NRI_P140",50
"55059",-874.391373744991,"NRI_P140",100
"55060",111.983866255003,"NRI_P140",25
"55061",2479.79171625501,"NRI_P140",50
"55062",-195.258473744994,"NRI_P140",100
"55063",1780.910866255,"NRI_P140",25
"55064",-227.871633745002,"NRI_P140",50
"55065",3684.91188625499,"NRI_P140",100
"55066",-51.4006337449828,"NRI_P140",25
"55067",-297.859343744989,"NRI_P140",50
"55068",-1125.040523745,"NRI_P140",100
"55069",142.811766255007,"NRI_P140",25
"55070",1462.66080625501,"NRI_P140",50
"55071",1993.76430625501,"NRI_P140",100
"55072",-103.928413744987,"NRI_P140",25
"55073",-461.766533744987,"NRI_P140",50
"55074",3116.25454625502,"NRI_P140",100
"55075",-22.6132337449817,"NRI_P140",25
"55076",1192.34636625502,"NRI_P140",50
"55077",101.620616255008,"NRI_P140",100
"55078",1206.768066255,"NRI_P140",25
"55079",-145.666033744987,"NRI_P140",50
"55080",-905.026903744991,"NRI_P140",100
"55081",-83.4071137449937,"NRI_P140",25
"55082",690.416466255003,"NRI_P140",50
"55083",-177.191773744998,"NRI_P140",100
"55084",-37.2998837449995,"NRI_P140",25
"55085",232.200666254997,"NRI_P140",50
"55086",912.895386254997,"NRI_P140",100
"55087",137.520766255009,"NRI_P140",25
"55088",-193.810083744989,"NRI_P140",50
"55089",3382.806636255,"NRI_P140",100
"55090",-200.573413744976,"NRI_P140",25
"55091",1383.624196255,"NRI_P140",50
"55092",1662.67562625502,"NRI_P140",100
"55093",968.96196625501,"NRI_P140",25
"55094",260.441066255007,"NRI_P140",50
"55095",3952.045536255,"NRI_P140",100
"55096",-160.682533744985,"NRI_P140",25
"55097",-748.564413744985,"NRI_P140",50
"55098",2477.97408625501,"NRI_P140",100
"55099",-700.051993745001,"NRI_P140",25
"55100",79.5877662550192,"NRI_P140",50
"55101",2578.85466625501,"NRI_P140",100
"55102",62.3311662549968,"NRI_P140",25
"55103",-285.828533744992,"NRI_P140",50
"55104",1514.167096255,"NRI_P140",100
"55105",39.3892662550206,"NRI_P140",25
"55106",-155.24453374499,"NRI_P140",50
"55107",-363.120713744982,"NRI_P140",100
"55108",-56.8007237449929,"NRI_P140",25
"55109",-391.226283744996,"NRI_P140",50
"55110",14.3725662550132,"NRI_P140",100
"55111",4397.80706625502,"NRI_P140",25
"55112",-402.22262374498,"NRI_P140",50
"55113",638.365816255013,"NRI_P140",100
"55114",-107.284533744998,"NRI_P140",25
"55115",1234.796966255,"NRI_P140",50
"55116",596.042816255009,"NRI_P140",100
"55117",-266.322233744984,"NRI_P140",25
"55118",-543.318033744988,"NRI_P140",50
"55119",1288.63465625502,"NRI_P140",100
"55120",1188.48404625501,"NRI_P140",25
"55121",-105.506613745005,"NRI_P140",50
"55122",762.226286254998,"NRI_P140",100
"55123",1082.58996625501,"NRI_P140",25
"55124",1385.148456255,"NRI_P140",50
"55125",30.6551262550056,"NRI_P140",100
"55126",-151.732773744996,"NRI_P140",25
"55127",-468.753773745004,"NRI_P140",50
"55128",-605.215893744986,"NRI_P140",100
"55129",146.171666255017,"NRI_P140",25
"55130",1584.12744625501,"NRI_P140",50
"55131",-843.317803744983,"NRI_P140",100
"55132",-347.007843744999,"NRI_P140",25
"55133",7095.49256625501,"NRI_P140",50
"55134",1346.57817625502,"NRI_P140",100
"55135",-420.812693744985,"NRI_P140",25
"55136",-452.558313744987,"NRI_P140",50
"55137",-139.964483744989,"NRI_P140",100
"55138",238.075866255007,"NRI_P140",25
"55139",417.568186254997,"NRI_P140",50
"55140",1940.96728625501,"NRI_P140",100
"55141",1120.790266255,"NRI_P140",25
"55142",221.736386255012,"NRI_P140",50
"55143",1497.70510625502,"NRI_P140",100
"55144",-132.803233744984,"NRI_P140",25
"55145",1309.50436625502,"NRI_P140",50
"55146",-496.796853744978,"NRI_P140",100
"55147",-441.435633744986,"NRI_P140",25
"55148",713.635466255015,"NRI_P140",50
"55149",202.872966255003,"NRI_P140",100
"55150",-255.654513744987,"NRI_P140",25
"55151",-429.677433745004,"NRI_P140",50
"55152",5649.10126625502,"NRI_P140",100
"55153",-343.553433744994,"NRI_P140",25
"55154",686.872866254998,"NRI_P140",50
"55155",-77.931083745003,"NRI_P140",100
"55156",210.176626255008,"NRI_P140",25
"55157",-119.094793744996,"NRI_P140",50
"55158",874.730206255015,"NRI_P140",100
"55159",297.961686255003,"NRI_P140",25
"55160",1637.084186255,"NRI_P140",50
"55161",-868.305223745003,"NRI_P140",100
"55162",6.11441625500447,"NRI_P140",25
"55163",1045.44776625501,"NRI_P140",50
"55164",5696.773226255,"NRI_P140",100
"55165",4458.90122625502,"NRI_P140",25
"55166",186.010456254997,"NRI_P140",50
"55167",394.392666255007,"NRI_P140",100
"55168",-107.160533744987,"NRI_P140",25
"55169",1462.719686255,"NRI_P140",50
"55170",1144.903256255,"NRI_P140",100
"55171",-517.370113744983,"NRI_P140",25
"55172",732.701866254996,"NRI_P140",50
"55173",-188.619053745002,"NRI_P140",100
"55174",174.635616255022,"NRI_P140",25
"55175",-442.693483744981,"NRI_P140",50
"55176",754.387646254996,"NRI_P140",100
"55177",7.23046625501593,"NRI_P140",25
"55178",-529.09331374499,"NRI_P140",50
"55179",1399.96086625502,"NRI_P140",100
"55180",0.0244662550103385,"NRI_P140",25
"55181",-575.223803745001,"NRI_P140",50
"55182",-1447.000283745,"NRI_P140",100
"55183",-16.4818337449979,"NRI_P140",25
"55184",1665.569066255,"NRI_P140",50
"55185",-422.779463744984,"NRI_P140",100
"55186",1169.78916625501,"NRI_P140",25
"55187",-660.337343744992,"NRI_P140",50
"55188",111.094166255003,"NRI_P140",100
"55189",-247.883433744981,"NRI_P140",25
"55190",-547.458353744994,"NRI_P140",50
"55191",-1246.16067374498,"NRI_P140",100
"55192",120.488466255018,"NRI_P140",25
"55193",123.279766255,"NRI_P140",50
"55194",1290.28426625501,"NRI_P140",100
"55195",-191.173793744994,"NRI_P140",25
"55196",255.221866255015,"NRI_P140",50
"55197",-864.436513744993,"NRI_P140",100
"55198",-429.419983745,"NRI_P140",25
"55199",-635.472423744999,"NRI_P140",50
"55200",-307.635133745003,"NRI_P140",100
"55201",2983.58428915299,"NRI_P141",25
"55202",2522.81735915301,"NRI_P141",50
"55203",38983.148519153,"NRI_P141",100
"55204",1006.67673915299,"NRI_P141",25
"55205",6768.47718915297,"NRI_P141",50
"55206",14419.369059153,"NRI_P141",100
"55207",9026.26730915299,"NRI_P141",25
"55208",11440.167189153,"NRI_P141",50
"55209",5965.78159915301,"NRI_P141",100
"55210",-3786.729210847,"NRI_P141",25
"55211",-4342.23558084702,"NRI_P141",50
"55212",14204.832739153,"NRI_P141",100
"55213",17454.559419153,"NRI_P141",25
"55214",2207.98059915297,"NRI_P141",50
"55215",-1627.92464084702,"NRI_P141",100
"55216",-2402.08968084701,"NRI_P141",25
"55217",-1754.82136084704,"NRI_P141",50
"55218",25569.798749153,"NRI_P141",100
"55219",-2884.80548084702,"NRI_P141",25
"55220",-12823.614470847,"NRI_P141",50
"55221",-3950.90433084703,"NRI_P141",100
"55222",-8139.96702084702,"NRI_P141",25
"55223",1456.67762915301,"NRI_P141",50
"55224",19366.850529153,"NRI_P141",100
"55225",-5125.875950847,"NRI_P141",25
"55226",-2905.40335084702,"NRI_P141",50
"55227",14916.387339153,"NRI_P141",100
"55228",-5279.84500084701,"NRI_P141",25
"55229",8140.31860915298,"NRI_P141",50
"55230",21806.815249153,"NRI_P141",100
"55231",2849.62760915299,"NRI_P141",25
"55232",-978.306830846996,"NRI_P141",50
"55233",-4966.98186084704,"NRI_P141",100
"55234",-2893.52626084699,"NRI_P141",25
"55235",-1268.53419084701,"NRI_P141",50
"55236",12781.759829153,"NRI_P141",100
"55237",4228.08616915299,"NRI_P141",25
"55238",-5337.308940847,"NRI_P141",50
"55239",2754.37827915297,"NRI_P141",100
"55240",-3609.46002084704,"NRI_P141",25
"55241",10795.194879153,"NRI_P141",50
"55242",38204.485799153,"NRI_P141",100
"55243",-5788.426740847,"NRI_P141",25
"55244",-8390.33337084699,"NRI_P141",50
"55245",10742.309139153,"NRI_P141",100
"55246",13135.036509153,"NRI_P141",25
"55247",12258.979999153,"NRI_P141",50
"55248",10684.758539153,"NRI_P141",100
"55249",8199.93305915297,"NRI_P141",25
"55250",-3700.74461084703,"NRI_P141",50
"55251",-2107.86269084702,"NRI_P141",100
"55252",-5968.71256084699,"NRI_P141",25
"55253",3518.62992915302,"NRI_P141",50
"55254",11991.439569153,"NRI_P141",100
"55255",2194.79858915298,"NRI_P141",25
"55256",-3203.78990084701,"NRI_P141",50
"55257",10466.177209153,"NRI_P141",100
"55258",-2615.56551084702,"NRI_P141",25
"55259",-3832.03906084702,"NRI_P141",50
"55260",3428.38987915299,"NRI_P141",100
"55261",14556.032069153,"NRI_P141",25
"55262",-11031.186410847,"NRI_P141",50
"55263",-10349.500950847,"NRI_P141",100
"55264",3284.06669915299,"NRI_P141",25
"55265",7200.02945915301,"NRI_P141",50
"55266",-5339.02775084699,"NRI_P141",100
"55267",-368.499120847031,"NRI_P141",25
"55268",3360.54368915298,"NRI_P141",50
"55269",-12525.766970847,"NRI_P141",100
"55270",7830.29378915299,"NRI_P141",25
"55271",-3010.12969084701,"NRI_P141",50
"55272",3605.31620915298,"NRI_P141",100
"55273",12470.950219153,"NRI_P141",25
"55274",12471.239779153,"NRI_P141",50
"55275",-11402.621490847,"NRI_P141",100
"55276",3566.28803915298,"NRI_P141",25
"55277",12991.494829153,"NRI_P141",50
"55278",1993.10410915298,"NRI_P141",100
"55279",216.080659152998,"NRI_P141",25
"55280",-6429.765330847,"NRI_P141",50
"55281",5831.83511915297,"NRI_P141",100
"55282",264.166429153003,"NRI_P141",25
"55283",12805.958189153,"NRI_P141",50
"55284",771.036789153004,"NRI_P141",100
"55285",4809.85808915301,"NRI_P141",25
"55286",12293.594069153,"NRI_P141",50
"55287",14957.710139153,"NRI_P141",100
"55288",6755.480289153,"NRI_P141",25
"55289",-6340.04792084702,"NRI_P141",50
"55290",-2735.70603084704,"NRI_P141",100
"55291",1678.34588915302,"NRI_P141",25
"55292",-11829.430080847,"NRI_P141",50
"55293",-5922.648150847,"NRI_P141",100
"55294",4969.26291915297,"NRI_P141",25
"55295",-3343.32711084699,"NRI_P141",50
"55296",-4378.23827084701,"NRI_P141",100
"55297",13166.227409153,"NRI_P141",25
"55298",9528.93957915297,"NRI_P141",50
"55299",23069.234769153,"NRI_P141",100
"55300",1974.18401915301,"NRI_P141",25
"55301",13056.905999153,"NRI_P141",50
"55302",-6162.306510847,"NRI_P141",100
"55303",927.099279152986,"NRI_P141",25
"55304",13874.936929153,"NRI_P141",50
"55305",5162.00007915299,"NRI_P141",100
"55306",-4877.37791084702,"NRI_P141",25
"55307",7549.921489153,"NRI_P141",50
"55308",3471.88557915296,"NRI_P141",100
"55309",3940.25825915299,"NRI_P141",25
"55310",1142.018129153,"NRI_P141",50
"55311",12482.910299153,"NRI_P141",100
"55312",-13043.708870847,"NRI_P141",25
"55313",1418.11770915298,"NRI_P141",50
"55314",8229.29682915297,"NRI_P141",100
"55315",-3394.797100847,"NRI_P141",25
"55316",9391.27647915296,"NRI_P141",50
"55317",-6383.16471084702,"NRI_P141",100
"55318",7497.79150915297,"NRI_P141",25
"55319",2918.496709153,"NRI_P141",50
"55320",-5348.320460847,"NRI_P141",100
"55321",-1894.35387084703,"NRI_P141",25
"55322",-2320.05604084703,"NRI_P141",50
"55323",18283.045659153,"NRI_P141",100
"55324",-66.7084908470279,"NRI_P141",25
"55325",7308.87682915299,"NRI_P141",50
"55326",10036.262409153,"NRI_P141",100
"55327",-5670.56505084701,"NRI_P141",25
"55328",-1411.63096084702,"NRI_P141",50
"55329",-3065.83676084701,"NRI_P141",100
"55330",-3801.40907084703,"NRI_P141",25
"55331",7759.44863915298,"NRI_P141",50
"55332",5739.89821915299,"NRI_P141",100
"55333",6172.56796915299,"NRI_P141",25
"55334",-12021.812150847,"NRI_P141",50
"55335",1128.52299915301,"NRI_P141",100
"55336",4352.80889915297,"NRI_P141",25
"55337",6408.76145915297,"NRI_P141",50
"55338",28761.808809153,"NRI_P141",100
"55339",181.44717915298,"NRI_P141",25
"55340",5804.84383915301,"NRI_P141",50
"55341",11015.173619153,"NRI_P141",100
"55342",31619.175529153,"NRI_P141",25
"55343",-3516.67049084703,"NRI_P141",50
"55344",19227.506159153,"NRI_P141",100
"55345",864.421429153008,"NRI_P141",25
"55346",2367.20999915298,"NRI_P141",50
"55347",4961.70412915299,"NRI_P141",100
"55348",-783.150270847022,"NRI_P141",25
"55349",2410.24766915297,"NRI_P141",50
"55350",11774.302769153,"NRI_P141",100
"55351",3250.60973915301,"NRI_P141",25
"55352",15317.117649153,"NRI_P141",50
"55353",-648.837800847017,"NRI_P141",100
"55354",14681.090919153,"NRI_P141",25
"55355",2964.73194915301,"NRI_P141",50
"55356",28933.391569153,"NRI_P141",100
"55357",-4855.587890847,"NRI_P141",25
"55358",-2140.67574084701,"NRI_P141",50
"55359",4611.63837915298,"NRI_P141",100
"55360",-2339.78063084703,"NRI_P141",25
"55361",-8534.32763084699,"NRI_P141",50
"55362",-15022.226020847,"NRI_P141",100
"55363",6348.247779153,"NRI_P141",25
"55364",18461.865409153,"NRI_P141",50
"55365",-5356.84975084703,"NRI_P141",100
"55366",1793.82914915297,"NRI_P141",25
"55367",-10961.731550847,"NRI_P141",50
"55368",5186.79607915296,"NRI_P141",100
"55369",2625.89772915299,"NRI_P141",25
"55370",-6652.841460847,"NRI_P141",50
"55371",-1070.99822084699,"NRI_P141",100
"55372",-6757.08412084699,"NRI_P141",25
"55373",8311.62168915296,"NRI_P141",50
"55374",24756.077179153,"NRI_P141",100
"55375",-3479.99397084699,"NRI_P141",25
"55376",9897.61384915299,"NRI_P141",50
"55377",-5112.23951084702,"NRI_P141",100
"55378",3754.60923915298,"NRI_P141",25
"55379",-3768.96645084699,"NRI_P141",50
"55380",6615.813069153,"NRI_P141",100
"55381",28.2841091529699,"NRI_P141",25
"55382",7395.629109153,"NRI_P141",50
"55383",1736.18953915301,"NRI_P141",100
"55384",24757.839689153,"NRI_P141",25
"55385",18258.238789153,"NRI_P141",50
"55386",10901.845259153,"NRI_P141",100
"55387",12259.154069153,"NRI_P141",25
"55388",813.946479153004,"NRI_P141",50
"55389",8299.33001915301,"NRI_P141",100
"55390",14622.098889153,"NRI_P141",25
"55391",4024.44431915297,"NRI_P141",50
"55392",41461.299629153,"NRI_P141",100
"55393",11201.756309153,"NRI_P141",25
"55394",-15943.147840847,"NRI_P141",50
"55395",-1022.75405084703,"NRI_P141",100
"55396",-590.91982084699,"NRI_P141",25
"55397",8538.99317915301,"NRI_P141",50
"55398",9537.70728915301,"NRI_P141",100
"55399",-6817.77489084704,"NRI_P141",25
"55400",-4030.839610847,"NRI_P141",50
"55401",2352.03345915297,"NRI_P141",100
"55402",1570.93190915301,"NRI_P141",25
"55403",6881.90894915297,"NRI_P141",50
"55404",11749.729849153,"NRI_P141",100
"55405",1639.06537915301,"NRI_P141",25
"55406",-3833.465060847,"NRI_P141",50
"55407",-1057.295700847,"NRI_P141",100
"55408",1075.32091915299,"NRI_P141",25
"55409",-6317.70798084699,"NRI_P141",50
"55410",-1101.99598084699,"NRI_P141",100
"55411",19174.692319153,"NRI_P141",25
"55412",-2073.79096084699,"NRI_P141",50
"55413",-3864.82101084699,"NRI_P141",100
"55414",-6746.425730847,"NRI_P141",25
"55415",-3990.45476084703,"NRI_P141",50
"55416",15704.649289153,"NRI_P141",100
"55417",-4635.55918084702,"NRI_P141",25
"55418",6638.196769153,"NRI_P141",50
"55419",6435.85211915302,"NRI_P141",100
"55420",2526.20525915298,"NRI_P141",25
"55421",-9390.96458084701,"NRI_P141",50
"55422",4251.20013915299,"NRI_P141",100
"55423",9243.584329153,"NRI_P141",25
"55424",9221.28659915301,"NRI_P141",50
"55425",19971.050459153,"NRI_P141",100
"55426",-4234.78291084699,"NRI_P141",25
"55427",12952.953329153,"NRI_P141",50
"55428",4535.22156915301,"NRI_P141",100
"55429",-4074.73367084702,"NRI_P141",25
"55430",10584.579649153,"NRI_P141",50
"55431",12153.818119153,"NRI_P141",100
"55432",-7891.92997084704,"NRI_P141",25
"55433",-1749.315820847,"NRI_P141",50
"55434",2145.07443915302,"NRI_P141",100
"55435",4298.64679915301,"NRI_P141",25
"55436",7319.576409153,"NRI_P141",50
"55437",12572.831589153,"NRI_P141",100
"55438",7248.39661915298,"NRI_P141",25
"55439",380.813319152978,"NRI_P141",50
"55440",-16537.616540847,"NRI_P141",100
"55441",183.211919152993,"NRI_P141",25
"55442",8897.84014915297,"NRI_P141",50
"55443",-8110.06023084698,"NRI_P141",100
"55444",9722.674769153,"NRI_P141",25
"55445",9627.56406915298,"NRI_P141",50
"55446",2046.30504915299,"NRI_P141",100
"55447",-3274.23388084699,"NRI_P141",25
"55448",-1266.65731084702,"NRI_P141",50
"55449",-2990.55866084702,"NRI_P141",100
"55450",11754.698899153,"NRI_P141",25
"55451",645.405689153005,"NRI_P141",50
"55452",-5069.90019084699,"NRI_P141",100
"55453",8428.56602915301,"NRI_P141",25
"55454",17836.984549153,"NRI_P141",50
"55455",19018.253059153,"NRI_P141",100
"55456",-2809.59141084703,"NRI_P141",25
"55457",7926.36421915301,"NRI_P141",50
"55458",13709.366399153,"NRI_P141",100
"55459",836.554659152986,"NRI_P141",25
"55460",5581.947289153,"NRI_P141",50
"55461",3546.94885915297,"NRI_P141",100
"55462",8959.44811915298,"NRI_P141",25
"55463",9191.95926915301,"NRI_P141",50
"55464",15428.232199153,"NRI_P141",100
"55465",10365.421879153,"NRI_P141",25
"55466",8350.57889915298,"NRI_P141",50
"55467",39472.506869153,"NRI_P141",100
"55468",5160.096949153,"NRI_P141",25
"55469",-1788.13333084702,"NRI_P141",50
"55470",7310.55431915302,"NRI_P141",100
"55471",4180.57544915297,"NRI_P141",25
"55472",3330.08965915296,"NRI_P141",50
"55473",8949.12502915302,"NRI_P141",100
"55474",5515.94876915298,"NRI_P141",25
"55475",-7841.546450847,"NRI_P141",50
"55476",7853.79390915297,"NRI_P141",100
"55477",-6091.13377084699,"NRI_P141",25
"55478",7119.39174915297,"NRI_P141",50
"55479",-6447.951110847,"NRI_P141",100
"55480",3727.97907915298,"NRI_P141",25
"55481",-12994.150950847,"NRI_P141",50
"55482",-2542.465550847,"NRI_P141",100
"55483",746.116269152961,"NRI_P141",25
"55484",9029.53173915297,"NRI_P141",50
"55485",-5220.02709084703,"NRI_P141",100
"55486",1875.84768915299,"NRI_P141",25
"55487",-1792.523150847,"NRI_P141",50
"55488",7182.01168915298,"NRI_P141",100
"55489",11335.192729153,"NRI_P141",25
"55490",10952.586719153,"NRI_P141",50
"55491",16933.884219153,"NRI_P141",100
"55492",960.120009152975,"NRI_P141",25
"55493",1296.81895915297,"NRI_P141",50
"55494",9031.31863915297,"NRI_P141",100
"55495",-795.795310846996,"NRI_P141",25
"55496",-5404.23646084702,"NRI_P141",50
"55497",11678.362319153,"NRI_P141",100
"55498",7635.52375915297,"NRI_P141",25
"55499",-3744.24843084702,"NRI_P141",50
"55500",2122.99944915297,"NRI_P141",100
"55501",-17136.529621796,"NRI_P142",25
"55502",-54422.186121796,"NRI_P142",50
"55503",-43134.457651796,"NRI_P142",100
"55504",-15086.354661796,"NRI_P142",25
"55505",-26766.351031796,"NRI_P142",50
"55506",-58658.360421796,"NRI_P142",100
"55507",-28632.101081796,"NRI_P142",25
"55508",-44000.979501796,"NRI_P142",50
"55509",-67852.365271796,"NRI_P142",100
"55510",-42924.676831796,"NRI_P142",25
"55511",-46186.544111796,"NRI_P142",50
"55512",-76550.642251796,"NRI_P142",100
"55513",-17454.073191796,"NRI_P142",25
"55514",-38027.735691796,"NRI_P142",50
"55515",-61465.417281796,"NRI_P142",100
"55516",-29185.442681796,"NRI_P142",25
"55517",-25986.014641796,"NRI_P142",50
"55518",-39269.621641796,"NRI_P142",100
"55519",-32465.875001796,"NRI_P142",25
"55520",-19199.670071796,"NRI_P142",50
"55521",-40968.766041796,"NRI_P142",100
"55522",-12448.757721796,"NRI_P142",25
"55523",-22220.798971796,"NRI_P142",50
"55524",-55982.221931796,"NRI_P142",100
"55525",-16285.919241796,"NRI_P142",25
"55526",-23337.399541796,"NRI_P142",50
"55527",-57657.819171796,"NRI_P142",100
"55528",5265.961248204,"NRI_P142",25
"55529",-50323.507031796,"NRI_P142",50
"55530",-67735.547871796,"NRI_P142",100
"55531",-9696.774241796,"NRI_P142",25
"55532",-29794.913911796,"NRI_P142",50
"55533",-72331.997941796,"NRI_P142",100
"55534",-9712.888161796,"NRI_P142",25
"55535",-43499.109161796,"NRI_P142",50
"55536",-55984.747021796,"NRI_P142",100
"55537",-17551.050581796,"NRI_P142",25
"55538",-36046.039341796,"NRI_P142",50
"55539",-60676.176901796,"NRI_P142",100
"55540",-4696.01111179599,"NRI_P142",25
"55541",-28773.929681796,"NRI_P142",50
"55542",-56269.832401796,"NRI_P142",100
"55543",-31426.125971796,"NRI_P142",25
"55544",-37363.309091796,"NRI_P142",50
"55545",-68093.087621796,"NRI_P142",100
"55546",-39389.750301796,"NRI_P142",25
"55547",-18694.494261796,"NRI_P142",50
"55548",-62348.178531796,"NRI_P142",100
"55549",-21333.905031796,"NRI_P142",25
"55550",-16232.867961796,"NRI_P142",50
"55551",-75218.578551796,"NRI_P142",100
"55552",-15082.387311796,"NRI_P142",25
"55553",-54411.794281796,"NRI_P142",50
"55554",-69045.687501796,"NRI_P142",100
"55555",-22444.273001796,"NRI_P142",25
"55556",-13280.569041796,"NRI_P142",50
"55557",-56075.808321796,"NRI_P142",100
"55558",-11031.181991796,"NRI_P142",25
"55559",-40731.821001796,"NRI_P142",50
"55560",-69391.777561796,"NRI_P142",100
"55561",-13627.390131796,"NRI_P142",25
"55562",-30678.363951796,"NRI_P142",50
"55563",-62764.174021796,"NRI_P142",100
"55564",-25527.252331796,"NRI_P142",25
"55565",-38238.620801796,"NRI_P142",50
"55566",-58425.467771796,"NRI_P142",100
"55567",-17433.235701796,"NRI_P142",25
"55568",-51455.750741796,"NRI_P142",50
"55569",-63623.483051796,"NRI_P142",100
"55570",-32681.175021796,"NRI_P142",25
"55571",-7684.516781796,"NRI_P142",50
"55572",-46945.188051796,"NRI_P142",100
"55573",-9809.99336179599,"NRI_P142",25
"55574",-32992.328631796,"NRI_P142",50
"55575",-68044.245621796,"NRI_P142",100
"55576",-17640.627821796,"NRI_P142",25
"55577",-37303.249681796,"NRI_P142",50
"55578",-70102.032961796,"NRI_P142",100
"55579",1168.752058204,"NRI_P142",25
"55580",-40171.436561796,"NRI_P142",50
"55581",-58789.545611796,"NRI_P142",100
"55582",-23586.615411796,"NRI_P142",25
"55583",-37789.708711796,"NRI_P142",50
"55584",-61481.520671796,"NRI_P142",100
"55585",-5760.92273179599,"NRI_P142",25
"55586",-23643.472881796,"NRI_P142",50
"55587",-66420.846591796,"NRI_P142",100
"55588",4529.901608204,"NRI_P142",25
"55589",-26965.317511796,"NRI_P142",50
"55590",-61154.263781796,"NRI_P142",100
"55591",-27699.810701796,"NRI_P142",25
"55592",-8559.926711796,"NRI_P142",50
"55593",-64323.723391796,"NRI_P142",100
"55594",7372.30270820402,"NRI_P142",25
"55595",-24216.325371796,"NRI_P142",50
"55596",-73610.088931796,"NRI_P142",100
"55597",3713.49802820402,"NRI_P142",25
"55598",-11352.914331796,"NRI_P142",50
"55599",-60757.600071796,"NRI_P142",100
"55600",-23462.449091796,"NRI_P142",25
"55601",-16480.113641796,"NRI_P142",50
"55602",-45930.655411796,"NRI_P142",100
"55603",-27038.474991796,"NRI_P142",25
"55604",-38152.173891796,"NRI_P142",50
"55605",-56867.727411796,"NRI_P142",100
"55606",3912.44578820403,"NRI_P142",25
"55607",-14176.396051796,"NRI_P142",50
"55608",-36773.589511796,"NRI_P142",100
"55609",-23619.502021796,"NRI_P142",25
"55610",-23720.722731796,"NRI_P142",50
"55611",-63713.209541796,"NRI_P142",100
"55612",-18472.015391796,"NRI_P142",25
"55613",-38772.497931796,"NRI_P142",50
"55614",-48322.439871796,"NRI_P142",100
"55615",-10872.366721796,"NRI_P142",25
"55616",-42785.517671796,"NRI_P142",50
"55617",-66104.705691796,"NRI_P142",100
"55618",-9838.809211796,"NRI_P142",25
"55619",-25025.359891796,"NRI_P142",50
"55620",-60957.012241796,"NRI_P142",100
"55621",-12633.860831796,"NRI_P142",25
"55622",-39049.924661796,"NRI_P142",50
"55623",-40598.454591796,"NRI_P142",100
"55624",-8116.27449179598,"NRI_P142",25
"55625",-16982.368391796,"NRI_P142",50
"55626",-70898.686671796,"NRI_P142",100
"55627",-35825.671821796,"NRI_P142",25
"55628",-29362.439571796,"NRI_P142",50
"55629",-56210.310321796,"NRI_P142",100
"55630",2644.77771820402,"NRI_P142",25
"55631",-22568.943781796,"NRI_P142",50
"55632",-77801.737721796,"NRI_P142",100
"55633",-10933.984591796,"NRI_P142",25
"55634",-20403.249741796,"NRI_P142",50
"55635",-62915.166591796,"NRI_P142",100
"55636",-21457.307551796,"NRI_P142",25
"55637",-45391.696171796,"NRI_P142",50
"55638",-65476.591831796,"NRI_P142",100
"55639",-23439.869271796,"NRI_P142",25
"55640",-21593.698741796,"NRI_P142",50
"55641",-39953.594061796,"NRI_P142",100
"55642",-33930.513811796,"NRI_P142",25
"55643",-23231.594121796,"NRI_P142",50
"55644",-48110.970381796,"NRI_P142",100
"55645",-5106.80092179601,"NRI_P142",25
"55646",-31314.837931796,"NRI_P142",50
"55647",-33346.520021796,"NRI_P142",100
"55648",-37661.741481796,"NRI_P142",25
"55649",-17198.038421796,"NRI_P142",50
"55650",-50026.048461796,"NRI_P142",100
"55651",-26311.022121796,"NRI_P142",25
"55652",-33198.813501796,"NRI_P142",50
"55653",-70102.544351796,"NRI_P142",100
"55654",-27972.320491796,"NRI_P142",25
"55655",-32376.695211796,"NRI_P142",50
"55656",-66313.906301796,"NRI_P142",100
"55657",4606.695088204,"NRI_P142",25
"55658",-26577.446301796,"NRI_P142",50
"55659",-57878.289101796,"NRI_P142",100
"55660",-30267.828041796,"NRI_P142",25
"55661",-43920.983491796,"NRI_P142",50
"55662",-51113.775551796,"NRI_P142",100
"55663",-12475.166221796,"NRI_P142",25
"55664",-9251.47786179598,"NRI_P142",50
"55665",-65503.982331796,"NRI_P142",100
"55666",-23040.603881796,"NRI_P142",25
"55667",-32737.121221796,"NRI_P142",50
"55668",-60540.142021796,"NRI_P142",100
"55669",-22661.668611796,"NRI_P142",25
"55670",-44884.014781796,"NRI_P142",50
"55671",-37853.816201796,"NRI_P142",100
"55672",-30134.498821796,"NRI_P142",25
"55673",-51964.709941796,"NRI_P142",50
"55674",-62698.293131796,"NRI_P142",100
"55675",-12085.645341796,"NRI_P142",25
"55676",-10537.346021796,"NRI_P142",50
"55677",-61050.734381796,"NRI_P142",100
"55678",1957.71114820402,"NRI_P142",25
"55679",-21844.039371796,"NRI_P142",50
"55680",-66907.130351796,"NRI_P142",100
"55681",-28129.796051796,"NRI_P142",25
"55682",-23605.404481796,"NRI_P142",50
"55683",-45331.508071796,"NRI_P142",100
"55684",-20234.170531796,"NRI_P142",25
"55685",-35944.713531796,"NRI_P142",50
"55686",-66853.051581796,"NRI_P142",100
"55687",-23682.104621796,"NRI_P142",25
"55688",-35259.692381796,"NRI_P142",50
"55689",-67547.150931796,"NRI_P142",100
"55690",-33386.163971796,"NRI_P142",25
"55691",-40721.236181796,"NRI_P142",50
"55692",-54730.653551796,"NRI_P142",100
"55693",-21584.225781796,"NRI_P142",25
"55694",-31662.396561796,"NRI_P142",50
"55695",-49877.056251796,"NRI_P142",100
"55696",-18808.772681796,"NRI_P142",25
"55697",-45365.112931796,"NRI_P142",50
"55698",-74848.595331796,"NRI_P142",100
"55699",-6374.035211796,"NRI_P142",25
"55700",-23582.787111796,"NRI_P142",50
"55701",-74926.577021796,"NRI_P142",100
"55702",-16847.909361796,"NRI_P142",25
"55703",-28691.683401796,"NRI_P142",50
"55704",-61053.299151796,"NRI_P142",100
"55705",-4939.10478179599,"NRI_P142",25
"55706",-34415.506441796,"NRI_P142",50
"55707",-61657.709881796,"NRI_P142",100
"55708",-22382.761861796,"NRI_P142",25
"55709",-14104.355131796,"NRI_P142",50
"55710",-64764.318581796,"NRI_P142",100
"55711",-176.457891795988,"NRI_P142",25
"55712",-36994.645631796,"NRI_P142",50
"55713",-53474.692611796,"NRI_P142",100
"55714",4057.74916820403,"NRI_P142",25
"55715",-15021.227681796,"NRI_P142",50
"55716",-48554.373491796,"NRI_P142",100
"55717",-13873.505671796,"NRI_P142",25
"55718",-13377.816291796,"NRI_P142",50
"55719",-66463.590091796,"NRI_P142",100
"55720",-11966.328881796,"NRI_P142",25
"55721",-38490.421461796,"NRI_P142",50
"55722",-73989.908481796,"NRI_P142",100
"55723",-14700.004041796,"NRI_P142",25
"55724",-20873.865441796,"NRI_P142",50
"55725",-66233.284261796,"NRI_P142",100
"55726",-10435.768531796,"NRI_P142",25
"55727",-45587.695721796,"NRI_P142",50
"55728",-63312.863221796,"NRI_P142",100
"55729",-34086.658091796,"NRI_P142",25
"55730",-30849.535601796,"NRI_P142",50
"55731",-73867.513241796,"NRI_P142",100
"55732",-19013.957811796,"NRI_P142",25
"55733",-46915.149161796,"NRI_P142",50
"55734",-47414.852731796,"NRI_P142",100
"55735",-26591.459221796,"NRI_P142",25
"55736",-43338.407391796,"NRI_P142",50
"55737",-58730.165631796,"NRI_P142",100
"55738",-11969.909681796,"NRI_P142",25
"55739",-30728.980711796,"NRI_P142",50
"55740",-70375.912021796,"NRI_P142",100
"55741",-4977.30339179598,"NRI_P142",25
"55742",-8985.55346179599,"NRI_P142",50
"55743",-70082.545381796,"NRI_P142",100
"55744",-17661.283221796,"NRI_P142",25
"55745",-20638.957041796,"NRI_P142",50
"55746",-41067.440741796,"NRI_P142",100
"55747",-14341.055811796,"NRI_P142",25
"55748",-23185.921431796,"NRI_P142",50
"55749",-56178.808101796,"NRI_P142",100
"55750",-2684.713011796,"NRI_P142",25
"55751",-42130.239631796,"NRI_P142",50
"55752",-45550.263121796,"NRI_P142",100
"55753",-18138.947181796,"NRI_P142",25
"55754",-20558.693541796,"NRI_P142",50
"55755",-52533.509861796,"NRI_P142",100
"55756",-1819.880341796,"NRI_P142",25
"55757",-27466.836121796,"NRI_P142",50
"55758",-65273.258711796,"NRI_P142",100
"55759",-22822.925961796,"NRI_P142",25
"55760",-8777.77555179599,"NRI_P142",50
"55761",-53787.974321796,"NRI_P142",100
"55762",-19311.267911796,"NRI_P142",25
"55763",-44720.765591796,"NRI_P142",50
"55764",-59493.419451796,"NRI_P142",100
"55765",-9004.145381796,"NRI_P142",25
"55766",-24873.934541796,"NRI_P142",50
"55767",-53489.650591796,"NRI_P142",100
"55768",-29081.810801796,"NRI_P142",25
"55769",-32838.132591796,"NRI_P142",50
"55770",-51967.816921796,"NRI_P142",100
"55771",1563.59266820402,"NRI_P142",25
"55772",-31645.550901796,"NRI_P142",50
"55773",-79037.191241796,"NRI_P142",100
"55774",-1325.85434179599,"NRI_P142",25
"55775",-4962.79907179601,"NRI_P142",50
"55776",-61055.195611796,"NRI_P142",100
"55777",3774.53920820402,"NRI_P142",25
"55778",-14440.283841796,"NRI_P142",50
"55779",-48554.690451796,"NRI_P142",100
"55780",-21822.348071796,"NRI_P142",25
"55781",-39127.263361796,"NRI_P142",50
"55782",-54853.243151796,"NRI_P142",100
"55783",-26255.872171796,"NRI_P142",25
"55784",-4257.72742179598,"NRI_P142",50
"55785",-67416.219951796,"NRI_P142",100
"55786",-27131.106731796,"NRI_P142",25
"55787",-32825.854091796,"NRI_P142",50
"55788",-56196.925801796,"NRI_P142",100
"55789",3002.87996820401,"NRI_P142",25
"55790",-18343.928401796,"NRI_P142",50
"55791",-71476.345511796,"NRI_P142",100
"55792",-20724.020421796,"NRI_P142",25
"55793",-28947.546961796,"NRI_P142",50
"55794",-57906.673421796,"NRI_P142",100
"55795",-21938.134291796,"NRI_P142",25
"55796",-19959.810571796,"NRI_P142",50
"55797",-71711.831461796,"NRI_P142",100
"55798",-7925.117931796,"NRI_P142",25
"55799",-44236.337231796,"NRI_P142",50
"55800",-50467.827701796,"NRI_P142",100
"55801",-6627.72387638997,"NRI_P143",25
"55802",13413.3633936101,"NRI_P143",50
"55803",-25585.08670639,"NRI_P143",100
"55804",-17905.75297639,"NRI_P143",25
"55805",-11636.03337639,"NRI_P143",50
"55806",-28701.81398639,"NRI_P143",100
"55807",-3346.19362638996,"NRI_P143",25
"55808",-21839.09466639,"NRI_P143",50
"55809",-26906.67872639,"NRI_P143",100
"55810",-16193.18800639,"NRI_P143",25
"55811",-20272.54926639,"NRI_P143",50
"55812",-35308.70888639,"NRI_P143",100
"55813",-1434.49524639,"NRI_P143",25
"55814",-5670.80189638998,"NRI_P143",50
"55815",-39892.52931639,"NRI_P143",100
"55816",-5294.72479638999,"NRI_P143",25
"55817",-18243.79793639,"NRI_P143",50
"55818",-51558.58761639,"NRI_P143",100
"55819",-11677.90621639,"NRI_P143",25
"55820",-19472.51717639,"NRI_P143",50
"55821",-44960.80847639,"NRI_P143",100
"55822",-10100.83827639,"NRI_P143",25
"55823",-23704.86522639,"NRI_P143",50
"55824",-18864.57072639,"NRI_P143",100
"55825",-19237.06046639,"NRI_P143",25
"55826",-22924.8635663899,"NRI_P143",50
"55827",-39513.8304663899,"NRI_P143",100
"55828",-5404.05107638997,"NRI_P143",25
"55829",-23159.00690639,"NRI_P143",50
"55830",-37649.34291639,"NRI_P143",100
"55831",-11073.8182663899,"NRI_P143",25
"55832",-15977.50719639,"NRI_P143",50
"55833",-16000.28154639,"NRI_P143",100
"55834",4864.20731361001,"NRI_P143",25
"55835",-23630.36672639,"NRI_P143",50
"55836",-44276.57491639,"NRI_P143",100
"55837",-9267.56402638997,"NRI_P143",25
"55838",-4342.64371638995,"NRI_P143",50
"55839",-26172.38320639,"NRI_P143",100
"55840",-8738.30679638998,"NRI_P143",25
"55841",-6599.54189638997,"NRI_P143",50
"55842",-27719.98735639,"NRI_P143",100
"55843",-9141.42067639,"NRI_P143",25
"55844",-12769.77604639,"NRI_P143",50
"55845",-31706.77114639,"NRI_P143",100
"55846",-6367.27062639,"NRI_P143",25
"55847",-26588.57263639,"NRI_P143",50
"55848",-35902.77080639,"NRI_P143",100
"55849",-2029.92257638997,"NRI_P143",25
"55850",-10309.28288639,"NRI_P143",50
"55851",-27387.37036639,"NRI_P143",100
"55852",-8161.00209639,"NRI_P143",25
"55853",-1235.65700638999,"NRI_P143",50
"55854",-24501.99687639,"NRI_P143",100
"55855",-11653.14497639,"NRI_P143",25
"55856",-7020.60151638999,"NRI_P143",50
"55857",-28464.51724639,"NRI_P143",100
"55858",-4554.04515639,"NRI_P143",25
"55859",-19477.41637639,"NRI_P143",50
"55860",-29815.14191639,"NRI_P143",100
"55861",-5447.82342638995,"NRI_P143",25
"55862",-21835.56401639,"NRI_P143",50
"55863",-23572.71814639,"NRI_P143",100
"55864",-8212.91846638999,"NRI_P143",25
"55865",-9194.56497638999,"NRI_P143",50
"55866",-36464.84966639,"NRI_P143",100
"55867",-18479.56437639,"NRI_P143",25
"55868",-18141.87584639,"NRI_P143",50
"55869",-31679.65849639,"NRI_P143",100
"55870",3164.48651361,"NRI_P143",25
"55871",-12097.50618639,"NRI_P143",50
"55872",-50329.08154639,"NRI_P143",100
"55873",-5326.68292638997,"NRI_P143",25
"55874",-26423.48582639,"NRI_P143",50
"55875",-37569.25146639,"NRI_P143",100
"55876",-4391.63193638995,"NRI_P143",25
"55877",-26038.62756639,"NRI_P143",50
"55878",-35368.45028639,"NRI_P143",100
"55879",-9646.16231638996,"NRI_P143",25
"55880",-11157.95049639,"NRI_P143",50
"55881",-29524.08104639,"NRI_P143",100
"55882",-6.17161638999823,"NRI_P143",25
"55883",-28033.16340639,"NRI_P143",50
"55884",-36196.03851639,"NRI_P143",100
"55885",-5613.03610638995,"NRI_P143",25
"55886",-11331.21654639,"NRI_P143",50
"55887",-33797.36721639,"NRI_P143",100
"55888",-1020.97031638998,"NRI_P143",25
"55889",-8362.22858638997,"NRI_P143",50
"55890",-32481.15147639,"NRI_P143",100
"55891",-13990.58075639,"NRI_P143",25
"55892",-28807.64269639,"NRI_P143",50
"55893",-7223.17117638997,"NRI_P143",100
"55894",7243.95389361004,"NRI_P143",25
"55895",-20022.90673639,"NRI_P143",50
"55896",-10409.64213639,"NRI_P143",100
"55897",-12503.89725639,"NRI_P143",25
"55898",-20352.21634639,"NRI_P143",50
"55899",-35065.67889639,"NRI_P143",100
"55900",-1301.59093638998,"NRI_P143",25
"55901",-22474.89683639,"NRI_P143",50
"55902",-23074.24773639,"NRI_P143",100
"55903",-5095.08657638996,"NRI_P143",25
"55904",-23940.59498639,"NRI_P143",50
"55905",-40698.08837639,"NRI_P143",100
"55906",-7279.55044639,"NRI_P143",25
"55907",-8845.69901638996,"NRI_P143",50
"55908",-31067.38028639,"NRI_P143",100
"55909",-18683.07917639,"NRI_P143",25
"55910",-17239.7295463899,"NRI_P143",50
"55911",-24470.81377639,"NRI_P143",100
"55912",-2720.38962638995,"NRI_P143",25
"55913",-21861.12946639,"NRI_P143",50
"55914",-36290.07709639,"NRI_P143",100
"55915",536.868223610043,"NRI_P143",25
"55916",-11520.94978639,"NRI_P143",50
"55917",-44487.42052639,"NRI_P143",100
"55918",-4995.83297638997,"NRI_P143",25
"55919",-19900.29206639,"NRI_P143",50
"55920",-49000.72562639,"NRI_P143",100
"55921",-1307.83360638999,"NRI_P143",25
"55922",-11930.07573639,"NRI_P143",50
"55923",-46838.51709639,"NRI_P143",100
"55924",-9068.21130639,"NRI_P143",25
"55925",-18109.37490639,"NRI_P143",50
"55926",-42413.09460639,"NRI_P143",100
"55927",-14324.04058639,"NRI_P143",25
"55928",-6244.67733638996,"NRI_P143",50
"55929",-26767.01559639,"NRI_P143",100
"55930",-17890.79591639,"NRI_P143",25
"55931",-22071.39626639,"NRI_P143",50
"55932",-28731.62683639,"NRI_P143",100
"55933",10786.61309361,"NRI_P143",25
"55934",-5526.08940638998,"NRI_P143",50
"55935",-31316.95007639,"NRI_P143",100
"55936",-3689.59982638998,"NRI_P143",25
"55937",-16995.44575639,"NRI_P143",50
"55938",-28479.99526639,"NRI_P143",100
"55939",-9138.68202638999,"NRI_P143",25
"55940",-20423.75513639,"NRI_P143",50
"55941",-4889.34934638999,"NRI_P143",100
"55942",-15684.54558639,"NRI_P143",25
"55943",-3057.02616638999,"NRI_P143",50
"55944",-21711.35312639,"NRI_P143",100
"55945",756.23602361005,"NRI_P143",25
"55946",3306.51317361003,"NRI_P143",50
"55947",-38307.66307639,"NRI_P143",100
"55948",-17649.44070639,"NRI_P143",25
"55949",-17985.46200639,"NRI_P143",50
"55950",-31463.21916639,"NRI_P143",100
"55951",-9231.74590638996,"NRI_P143",25
"55952",-19018.30350639,"NRI_P143",50
"55953",-22741.28042639,"NRI_P143",100
"55954",-14063.65813639,"NRI_P143",25
"55955",-26704.79489639,"NRI_P143",50
"55956",-28984.09831639,"NRI_P143",100
"55957",-13638.29695639,"NRI_P143",25
"55958",-28936.15535639,"NRI_P143",50
"55959",-41211.33205639,"NRI_P143",100
"55960",-4728.74513638997,"NRI_P143",25
"55961",-1129.50271638995,"NRI_P143",50
"55962",6602.14413361001,"NRI_P143",100
"55963",-10989.20199639,"NRI_P143",25
"55964",-18729.0731663899,"NRI_P143",50
"55965",-29021.13710639,"NRI_P143",100
"55966",-5444.15833638998,"NRI_P143",25
"55967",-10072.89171639,"NRI_P143",50
"55968",-46531.5523963899,"NRI_P143",100
"55969",-10666.46072639,"NRI_P143",25
"55970",-31325.78283639,"NRI_P143",50
"55971",-39450.35250639,"NRI_P143",100
"55972",-11431.10793639,"NRI_P143",25
"55973",-13221.09215639,"NRI_P143",50
"55974",-17794.95250639,"NRI_P143",100
"55975",-8983.61025638995,"NRI_P143",25
"55976",-13310.23010639,"NRI_P143",50
"55977",-42824.49458639,"NRI_P143",100
"55978",-12937.19660639,"NRI_P143",25
"55979",-14668.80855639,"NRI_P143",50
"55980",-40145.22601639,"NRI_P143",100
"55981",-4642.57988638995,"NRI_P143",25
"55982",-13460.28748639,"NRI_P143",50
"55983",-38518.1187263899,"NRI_P143",100
"55984",-10712.05134639,"NRI_P143",25
"55985",-2887.21874638996,"NRI_P143",50
"55986",-23631.91879639,"NRI_P143",100
"55987",-5002.36563638999,"NRI_P143",25
"55988",-21285.22074639,"NRI_P143",50
"55989",-36671.64036639,"NRI_P143",100
"55990",-1860.42303638998,"NRI_P143",25
"55991",-24827.43031639,"NRI_P143",50
"55992",-33515.15051639,"NRI_P143",100
"55993",-15478.65389639,"NRI_P143",25
"55994",-32108.35300639,"NRI_P143",50
"55995",-20440.06984639,"NRI_P143",100
"55996",-4104.97781638999,"NRI_P143",25
"55997",-5202.32255638996,"NRI_P143",50
"55998",-37739.76215639,"NRI_P143",100
"55999",-3953.64204638998,"NRI_P143",25
"56000",-7792.24728638999,"NRI_P143",50
"56001",-34907.20915639,"NRI_P143",100
"56002",-8520.26496638998,"NRI_P143",25
"56003",2287.83208361,"NRI_P143",50
"56004",-31090.84294639,"NRI_P143",100
"56005",-12986.65530639,"NRI_P143",25
"56006",-18048.89892639,"NRI_P143",50
"56007",-35290.90583639,"NRI_P143",100
"56008",-11237.63517639,"NRI_P143",25
"56009",-24244.30344639,"NRI_P143",50
"56010",-7472.48861638998,"NRI_P143",100
"56011",-4081.53815638996,"NRI_P143",25
"56012",-17860.43170639,"NRI_P143",50
"56013",-19546.52345639,"NRI_P143",100
"56014",-16471.56801639,"NRI_P143",25
"56015",-16661.79322639,"NRI_P143",50
"56016",-29304.22393639,"NRI_P143",100
"56017",-4275.32388638996,"NRI_P143",25
"56018",-25137.77045639,"NRI_P143",50
"56019",-11572.14507639,"NRI_P143",100
"56020",-8363.64832638996,"NRI_P143",25
"56021",-11147.73068639,"NRI_P143",50
"56022",-31373.17577639,"NRI_P143",100
"56023",-3854.14631638996,"NRI_P143",25
"56024",-7375.98267638998,"NRI_P143",50
"56025",-17529.82999639,"NRI_P143",100
"56026",-10973.82599639,"NRI_P143",25
"56027",-17204.37148639,"NRI_P143",50
"56028",-30740.69079639,"NRI_P143",100
"56029",-10237.73804639,"NRI_P143",25
"56030",-31186.87442639,"NRI_P143",50
"56031",-37143.27038639,"NRI_P143",100
"56032",-10721.16267639,"NRI_P143",25
"56033",-28998.32887639,"NRI_P143",50
"56034",-42175.07994639,"NRI_P143",100
"56035",-8045.08128638996,"NRI_P143",25
"56036",-21209.62746639,"NRI_P143",50
"56037",-27881.8838163899,"NRI_P143",100
"56038",-11513.21296639,"NRI_P143",25
"56039",-20776.55341639,"NRI_P143",50
"56040",-20065.29365639,"NRI_P143",100
"56041",-9102.45687638997,"NRI_P143",25
"56042",-25297.77272639,"NRI_P143",50
"56043",-31333.13662639,"NRI_P143",100
"56044",-3605.94784638996,"NRI_P143",25
"56045",-15994.22939639,"NRI_P143",50
"56046",-27091.79900639,"NRI_P143",100
"56047",-1357.48112638999,"NRI_P143",25
"56048",-13084.48858639,"NRI_P143",50
"56049",-17140.86807639,"NRI_P143",100
"56050",-14377.5992563899,"NRI_P143",25
"56051",-18272.34213639,"NRI_P143",50
"56052",-44570.29782639,"NRI_P143",100
"56053",-5817.75736638997,"NRI_P143",25
"56054",-21674.70458639,"NRI_P143",50
"56055",-20134.04352639,"NRI_P143",100
"56056",-1292.55216639,"NRI_P143",25
"56057",-13251.72346639,"NRI_P143",50
"56058",-36094.87490639,"NRI_P143",100
"56059",-9193.63911638997,"NRI_P143",25
"56060",-19535.20961639,"NRI_P143",50
"56061",-34421.83988639,"NRI_P143",100
"56062",-11938.62266639,"NRI_P143",25
"56063",-19113.78202639,"NRI_P143",50
"56064",-29591.91377639,"NRI_P143",100
"56065",-13654.66734639,"NRI_P143",25
"56066",-26555.90688639,"NRI_P143",50
"56067",-40265.96964639,"NRI_P143",100
"56068",-6199.73134638998,"NRI_P143",25
"56069",-1172.38761638995,"NRI_P143",50
"56070",-29028.28684639,"NRI_P143",100
"56071",-5554.95686638996,"NRI_P143",25
"56072",-23066.59285639,"NRI_P143",50
"56073",-35572.69147639,"NRI_P143",100
"56074",-10856.57765639,"NRI_P143",25
"56075",-25391.51521639,"NRI_P143",50
"56076",-36835.94505639,"NRI_P143",100
"56077",-9355.59996639,"NRI_P143",25
"56078",2717.52840361005,"NRI_P143",50
"56079",-48945.58740639,"NRI_P143",100
"56080",2984.00479361002,"NRI_P143",25
"56081",907.961333610001,"NRI_P143",50
"56082",-42060.91406639,"NRI_P143",100
"56083",-8959.59166638996,"NRI_P143",25
"56084",-16795.76435639,"NRI_P143",50
"56085",-34974.21402639,"NRI_P143",100
"56086",-3172.15436638996,"NRI_P143",25
"56087",3400.46468361001,"NRI_P143",50
"56088",-28839.43543639,"NRI_P143",100
"56089",-5127.19389638997,"NRI_P143",25
"56090",-33069.80185639,"NRI_P143",50
"56091",-23245.07171639,"NRI_P143",100
"56092",-1427.89857639,"NRI_P143",25
"56093",-10017.1011063899,"NRI_P143",50
"56094",-33866.46780639,"NRI_P143",100
"56095",4374.08595361002,"NRI_P143",25
"56096",-10988.15801639,"NRI_P143",50
"56097",-22109.56477639,"NRI_P143",100
"56098",-13955.77639639,"NRI_P143",25
"56099",-12365.04962639,"NRI_P143",50
"56100",-30033.72282639,"NRI_P143",100
"56101",-26599.504189435,"NRI_P144",25
"56102",-49439.626549435,"NRI_P144",50
"56103",-102502.260349435,"NRI_P144",100
"56104",-15343.4253794349,"NRI_P144",25
"56105",-34698.833379435,"NRI_P144",50
"56106",-74678.281449435,"NRI_P144",100
"56107",-29739.711089435,"NRI_P144",25
"56108",-33749.828499435,"NRI_P144",50
"56109",-62841.552349435,"NRI_P144",100
"56110",-25079.932789435,"NRI_P144",25
"56111",43073.006770565,"NRI_P144",50
"56112",-92050.037589435,"NRI_P144",100
"56113",1926.78600056504,"NRI_P144",25
"56114",-71883.741319435,"NRI_P144",50
"56115",-9982.602069435,"NRI_P144",100
"56116",-23159.827239435,"NRI_P144",25
"56117",-70739.872409435,"NRI_P144",50
"56118",-95994.504189435,"NRI_P144",100
"56119",-43268.226129435,"NRI_P144",25
"56120",-37446.475019435,"NRI_P144",50
"56121",-72024.573579435,"NRI_P144",100
"56122",8955.22252056503,"NRI_P144",25
"56123",-43710.965469435,"NRI_P144",50
"56124",-38503.616719435,"NRI_P144",100
"56125",-41954.478649435,"NRI_P144",25
"56126",4136.71823056502,"NRI_P144",50
"56127",-43926.499729435,"NRI_P144",100
"56128",-37558.024069435,"NRI_P144",25
"56129",-31964.233379435,"NRI_P144",50
"56130",-54815.064509435,"NRI_P144",100
"56131",-28242.459519435,"NRI_P144",25
"56132",-47490.675499435,"NRI_P144",50
"56133",-48588.424689435,"NRI_P144",100
"56134",8432.927980565,"NRI_P144",25
"56135",-40258.832269435,"NRI_P144",50
"56136",-82972.302459435,"NRI_P144",100
"56137",-44122.954499435,"NRI_P144",25
"56138",2412.76542056503,"NRI_P144",50
"56139",13463.322620565,"NRI_P144",100
"56140",-2728.62267943495,"NRI_P144",25
"56141",-26099.911119435,"NRI_P144",50
"56142",-52874.757049435,"NRI_P144",100
"56143",-24410.373799435,"NRI_P144",25
"56144",-27256.870739435,"NRI_P144",50
"56145",-48356.292319435,"NRI_P144",100
"56146",-32887.458989435,"NRI_P144",25
"56147",747.488680565031,"NRI_P144",50
"56148",-5974.83453943499,"NRI_P144",100
"56149",-6328.20316943497,"NRI_P144",25
"56150",-14952.316219435,"NRI_P144",50
"56151",-92648.449899435,"NRI_P144",100
"56152",-344.962929434958,"NRI_P144",25
"56153",-61952.590809435,"NRI_P144",50
"56154",-55606.498599435,"NRI_P144",100
"56155",-52965.753479435,"NRI_P144",25
"56156",-16839.819059435,"NRI_P144",50
"56157",-61917.824539435,"NRI_P144",100
"56158",-2131.791289435,"NRI_P144",25
"56159",-64591.342539435,"NRI_P144",50
"56160",-78443.248199435,"NRI_P144",100
"56161",10939.049700565,"NRI_P144",25
"56162",-17326.811699435,"NRI_P144",50
"56163",-42891.941609435,"NRI_P144",100
"56164",-9257.88126943499,"NRI_P144",25
"56165",-21255.185779435,"NRI_P144",50
"56166",-73937.924559435,"NRI_P144",100
"56167",-51508.040799435,"NRI_P144",25
"56168",-35068.154989435,"NRI_P144",50
"56169",-40885.398389435,"NRI_P144",100
"56170",-27533.643079435,"NRI_P144",25
"56171",-58435.584309435,"NRI_P144",50
"56172",-56034.588929435,"NRI_P144",100
"56173",-2813.04734943499,"NRI_P144",25
"56174",-34207.787779435,"NRI_P144",50
"56175",-24357.742479435,"NRI_P144",100
"56176",22658.593430565,"NRI_P144",25
"56177",-30416.508509435,"NRI_P144",50
"56178",-55321.260029435,"NRI_P144",100
"56179",-16245.474019435,"NRI_P144",25
"56180",-58338.998299435,"NRI_P144",50
"56181",-75523.501479435,"NRI_P144",100
"56182",-37223.158009435,"NRI_P144",25
"56183",-44257.780509435,"NRI_P144",50
"56184",-64154.069659435,"NRI_P144",100
"56185",50594.303790565,"NRI_P144",25
"56186",-64729.075159435,"NRI_P144",50
"56187",-20930.789779435,"NRI_P144",100
"56188",-3755.265199435,"NRI_P144",25
"56189",32509.405700565,"NRI_P144",50
"56190",-70499.822079435,"NRI_P144",100
"56191",-11480.253709435,"NRI_P144",25
"56192",-20488.869509435,"NRI_P144",50
"56193",-46160.871649435,"NRI_P144",100
"56194",-26487.389899435,"NRI_P144",25
"56195",-27577.395749435,"NRI_P144",50
"56196",-82742.536459435,"NRI_P144",100
"56197",-8304.42904943496,"NRI_P144",25
"56198",-44113.089809435,"NRI_P144",50
"56199",-107056.977419435,"NRI_P144",100
"56200",-8846.25835943496,"NRI_P144",25
"56201",22256.156930565,"NRI_P144",50
"56202",-68045.965349435,"NRI_P144",100
"56203",1233.62277056504,"NRI_P144",25
"56204",-20080.388739435,"NRI_P144",50
"56205",-80932.942599435,"NRI_P144",100
"56206",-24425.619059435,"NRI_P144",25
"56207",-13913.975719435,"NRI_P144",50
"56208",-73894.086179435,"NRI_P144",100
"56209",-29897.839959435,"NRI_P144",25
"56210",-21661.233419435,"NRI_P144",50
"56211",-86662.066509435,"NRI_P144",100
"56212",-32383.118839435,"NRI_P144",25
"56213",-47361.634439435,"NRI_P144",50
"56214",-10634.769839435,"NRI_P144",100
"56215",-23107.263949435,"NRI_P144",25
"56216",-54876.118459435,"NRI_P144",50
"56217",-85603.574799435,"NRI_P144",100
"56218",9222.22556056501,"NRI_P144",25
"56219",-38652.744279435,"NRI_P144",50
"56220",-88804.649259435,"NRI_P144",100
"56221",-4864.26988943497,"NRI_P144",25
"56222",-34478.864529435,"NRI_P144",50
"56223",-82352.372239435,"NRI_P144",100
"56224",12412.742080565,"NRI_P144",25
"56225",24792.982210565,"NRI_P144",50
"56226",-77770.775609435,"NRI_P144",100
"56227",-21855.347149435,"NRI_P144",25
"56228",-46676.267199435,"NRI_P144",50
"56229",-30771.965819435,"NRI_P144",100
"56230",6306.32692056504,"NRI_P144",25
"56231",-32498.521209435,"NRI_P144",50
"56232",-90535.614759435,"NRI_P144",100
"56233",-6632.26809943496,"NRI_P144",25
"56234",-35475.998189435,"NRI_P144",50
"56235",-41254.576059435,"NRI_P144",100
"56236",-26880.747129435,"NRI_P144",25
"56237",-57088.969819435,"NRI_P144",50
"56238",-78066.017779435,"NRI_P144",100
"56239",-48451.796699435,"NRI_P144",25
"56240",235.040480565047,"NRI_P144",50
"56241",-81417.756109435,"NRI_P144",100
"56242",-31915.868249435,"NRI_P144",25
"56243",-47963.914609435,"NRI_P144",50
"56244",-105123.309959435,"NRI_P144",100
"56245",-4951.74555943499,"NRI_P144",25
"56246",-15216.073329435,"NRI_P144",50
"56247",-43465.075339435,"NRI_P144",100
"56248",-2459.13932943495,"NRI_P144",25
"56249",-539.515219434979,"NRI_P144",50
"56250",-85148.988989435,"NRI_P144",100
"56251",-47955.448279435,"NRI_P144",25
"56252",-66602.907819435,"NRI_P144",50
"56253",-70235.206299435,"NRI_P144",100
"56254",-23588.728889435,"NRI_P144",25
"56255",-5532.71613943495,"NRI_P144",50
"56256",-74438.014299435,"NRI_P144",100
"56257",-15934.673019435,"NRI_P144",25
"56258",-22409.747359435,"NRI_P144",50
"56259",-60304.943779435,"NRI_P144",100
"56260",-45542.281369435,"NRI_P144",25
"56261",-44000.256969435,"NRI_P144",50
"56262",-50664.052179435,"NRI_P144",100
"56263",-2561.28827943496,"NRI_P144",25
"56264",-10498.473109435,"NRI_P144",50
"56265",-93226.409529435,"NRI_P144",100
"56266",-14879.670459435,"NRI_P144",25
"56267",32633.096110565,"NRI_P144",50
"56268",-71301.194209435,"NRI_P144",100
"56269",-9020.69231943495,"NRI_P144",25
"56270",-54869.892469435,"NRI_P144",50
"56271",-65494.267469435,"NRI_P144",100
"56272",6872.82359056501,"NRI_P144",25
"56273",-58984.674499435,"NRI_P144",50
"56274",-79694.888279435,"NRI_P144",100
"56275",-4318.49141943495,"NRI_P144",25
"56276",-29263.219529435,"NRI_P144",50
"56277",-62760.524549435,"NRI_P144",100
"56278",-26393.109009435,"NRI_P144",25
"56279",-50912.157279435,"NRI_P144",50
"56280",-58380.655939435,"NRI_P144",100
"56281",-53843.449719435,"NRI_P144",25
"56282",1220.04079056502,"NRI_P144",50
"56283",-89055.353689435,"NRI_P144",100
"56284",-2803.07105943497,"NRI_P144",25
"56285",-64541.801179435,"NRI_P144",50
"56286",-61503.908539435,"NRI_P144",100
"56287",7819.44300056499,"NRI_P144",25
"56288",-63709.908369435,"NRI_P144",50
"56289",-91130.631119435,"NRI_P144",100
"56290",-31237.769119435,"NRI_P144",25
"56291",-61587.725459435,"NRI_P144",50
"56292",-86614.609739435,"NRI_P144",100
"56293",-42512.111949435,"NRI_P144",25
"56294",-76307.020509435,"NRI_P144",50
"56295",-90630.0780594349,"NRI_P144",100
"56296",20373.256710565,"NRI_P144",25
"56297",-32551.728519435,"NRI_P144",50
"56298",-2871.02052943496,"NRI_P144",100
"56299",-33132.805489435,"NRI_P144",25
"56300",-39659.608919435,"NRI_P144",50
"56301",-67478.897599435,"NRI_P144",100
"56302",-10710.847889435,"NRI_P144",25
"56303",-38328.856889435,"NRI_P144",50
"56304",-80751.279689435,"NRI_P144",100
"56305",-20627.881769435,"NRI_P144",25
"56306",-14390.195669435,"NRI_P144",50
"56307",-52954.812939435,"NRI_P144",100
"56308",-16921.541999435,"NRI_P144",25
"56309",-39513.070679435,"NRI_P144",50
"56310",-97607.845109435,"NRI_P144",100
"56311",-44461.356619435,"NRI_P144",25
"56312",-40321.142929435,"NRI_P144",50
"56313",-66511.497469435,"NRI_P144",100
"56314",-13075.755999435,"NRI_P144",25
"56315",-16013.014669435,"NRI_P144",50
"56316",-29526.011879435,"NRI_P144",100
"56317",-7555.15429943497,"NRI_P144",25
"56318",-11962.464039435,"NRI_P144",50
"56319",-39202.236799435,"NRI_P144",100
"56320",-48925.0056294349,"NRI_P144",25
"56321",-12611.146839435,"NRI_P144",50
"56322",-39310.459759435,"NRI_P144",100
"56323",-16460.448459435,"NRI_P144",25
"56324",-36151.048609435,"NRI_P144",50
"56325",-65501.293049435,"NRI_P144",100
"56326",-29327.651259435,"NRI_P144",25
"56327",1147.16733056505,"NRI_P144",50
"56328",-53553.768739435,"NRI_P144",100
"56329",-6274.88599943498,"NRI_P144",25
"56330",-19765.062169435,"NRI_P144",50
"56331",-60961.877039435,"NRI_P144",100
"56332",-28131.341549435,"NRI_P144",25
"56333",-18448.204949435,"NRI_P144",50
"56334",-40342.092969435,"NRI_P144",100
"56335",-69393.077719435,"NRI_P144",25
"56336",-49730.409939435,"NRI_P144",50
"56337",-78888.192629435,"NRI_P144",100
"56338",-42876.978199435,"NRI_P144",25
"56339",-74527.670799435,"NRI_P144",50
"56340",-75752.415399435,"NRI_P144",100
"56341",-34354.694739435,"NRI_P144",25
"56342",-60631.616819435,"NRI_P144",50
"56343",-35734.481959435,"NRI_P144",100
"56344",-19286.188589435,"NRI_P144",25
"56345",-31227.512669435,"NRI_P144",50
"56346",-90877.811609435,"NRI_P144",100
"56347",-44956.589499435,"NRI_P144",25
"56348",-41185.475359435,"NRI_P144",50
"56349",-100385.213979435,"NRI_P144",100
"56350",-6447.57447943499,"NRI_P144",25
"56351",-9608.066179435,"NRI_P144",50
"56352",-63697.039899435,"NRI_P144",100
"56353",1088.90846056503,"NRI_P144",25
"56354",-41924.915889435,"NRI_P144",50
"56355",-94691.464079435,"NRI_P144",100
"56356",-37785.429269435,"NRI_P144",25
"56357",-49474.993449435,"NRI_P144",50
"56358",-89486.499959435,"NRI_P144",100
"56359",-49013.735809435,"NRI_P144",25
"56360",-29582.108539435,"NRI_P144",50
"56361",-58210.178939435,"NRI_P144",100
"56362",-46019.334869435,"NRI_P144",25
"56363",-7302.30405943497,"NRI_P144",50
"56364",-79343.895559435,"NRI_P144",100
"56365",-33086.979639435,"NRI_P144",25
"56366",-46033.373439435,"NRI_P144",50
"56367",-48130.191309435,"NRI_P144",100
"56368",-3710.10302943498,"NRI_P144",25
"56369",-47172.618719435,"NRI_P144",50
"56370",-54351.932279435,"NRI_P144",100
"56371",-24256.857349435,"NRI_P144",25
"56372",-13096.626989435,"NRI_P144",50
"56373",-98244.648219435,"NRI_P144",100
"56374",3917.51745056501,"NRI_P144",25
"56375",-12603.862489435,"NRI_P144",50
"56376",-92922.924079435,"NRI_P144",100
"56377",18812.518160565,"NRI_P144",25
"56378",-29577.680899435,"NRI_P144",50
"56379",-51201.115189435,"NRI_P144",100
"56380",22193.621930565,"NRI_P144",25
"56381",-42280.579749435,"NRI_P144",50
"56382",-81316.349389435,"NRI_P144",100
"56383",-9502.698219435,"NRI_P144",25
"56384",-45011.106509435,"NRI_P144",50
"56385",-82719.5466794349,"NRI_P144",100
"56386",-18271.952059435,"NRI_P144",25
"56387",-27164.124069435,"NRI_P144",50
"56388",-96791.565669435,"NRI_P144",100
"56389",-35303.808179435,"NRI_P144",25
"56390",22386.065630565,"NRI_P144",50
"56391",-77113.202479435,"NRI_P144",100
"56392",-23452.800359435,"NRI_P144",25
"56393",-74122.906859435,"NRI_P144",50
"56394",-85113.585189435,"NRI_P144",100
"56395",-5538.50128943496,"NRI_P144",25
"56396",-66162.3130994349,"NRI_P144",50
"56397",-82744.279389435,"NRI_P144",100
"56398",-41742.727749435,"NRI_P144",25
"56399",-36088.774019435,"NRI_P144",50
"56400",-25150.120609435,"NRI_P144",100
"56401",17000.887193431,"NRI_P145",25
"56402",-40710.544176569,"NRI_P145",50
"56403",-73782.597096569,"NRI_P145",100
"56404",-15696.712166569,"NRI_P145",25
"56405",-15237.036906569,"NRI_P145",50
"56406",-64526.664206569,"NRI_P145",100
"56407",-28677.082376569,"NRI_P145",25
"56408",-17306.230656569,"NRI_P145",50
"56409",-76243.967726569,"NRI_P145",100
"56410",-22229.069196569,"NRI_P145",25
"56411",-36743.792786569,"NRI_P145",50
"56412",-57882.579096569,"NRI_P145",100
"56413",-972.661376569013,"NRI_P145",25
"56414",-33992.603456569,"NRI_P145",50
"56415",-30841.463346569,"NRI_P145",100
"56416",-13924.078506569,"NRI_P145",25
"56417",-34648.989166569,"NRI_P145",50
"56418",-29026.157706569,"NRI_P145",100
"56419",-13483.689566569,"NRI_P145",25
"56420",-16522.644616569,"NRI_P145",50
"56421",-33277.738206569,"NRI_P145",100
"56422",-727.166656569054,"NRI_P145",25
"56423",-38989.148236569,"NRI_P145",50
"56424",-32872.182636569,"NRI_P145",100
"56425",9396.23448343098,"NRI_P145",25
"56426",-10726.885406569,"NRI_P145",50
"56427",-51409.405586569,"NRI_P145",100
"56428",-8543.12285656901,"NRI_P145",25
"56429",-29279.167266569,"NRI_P145",50
"56430",-33393.657196569,"NRI_P145",100
"56431",-11038.756846569,"NRI_P145",25
"56432",-34025.636876569,"NRI_P145",50
"56433",-67786.426316569,"NRI_P145",100
"56434",-22216.101236569,"NRI_P145",25
"56435",-59807.235816569,"NRI_P145",50
"56436",-46914.833716569,"NRI_P145",100
"56437",-11505.482306569,"NRI_P145",25
"56438",-34014.516406569,"NRI_P145",50
"56439",-34044.622696569,"NRI_P145",100
"56440",-8454.96223656903,"NRI_P145",25
"56441",-34593.526896569,"NRI_P145",50
"56442",-45418.113006569,"NRI_P145",100
"56443",-11345.966426569,"NRI_P145",25
"56444",-29431.437416569,"NRI_P145",50
"56445",-51130.110646569,"NRI_P145",100
"56446",-9422.59107656905,"NRI_P145",25
"56447",-28201.273246569,"NRI_P145",50
"56448",-41192.173376569,"NRI_P145",100
"56449",-24244.014686569,"NRI_P145",25
"56450",-10164.393946569,"NRI_P145",50
"56451",-61695.801516569,"NRI_P145",100
"56452",-21018.359956569,"NRI_P145",25
"56453",3089.51630343095,"NRI_P145",50
"56454",-61765.169256569,"NRI_P145",100
"56455",1524.13540343096,"NRI_P145",25
"56456",4320.74169343099,"NRI_P145",50
"56457",-19891.078806569,"NRI_P145",100
"56458",-4983.53120656905,"NRI_P145",25
"56459",-29176.0583665691,"NRI_P145",50
"56460",-45210.807706569,"NRI_P145",100
"56461",-4716.28420656902,"NRI_P145",25
"56462",-421.373906569032,"NRI_P145",50
"56463",-44360.638426569,"NRI_P145",100
"56464",1209.01884343097,"NRI_P145",25
"56465",-38981.689426569,"NRI_P145",50
"56466",-36882.199976569,"NRI_P145",100
"56467",-3625.48779656901,"NRI_P145",25
"56468",-20229.241336569,"NRI_P145",50
"56469",-65237.503416569,"NRI_P145",100
"56470",-9670.03206656902,"NRI_P145",25
"56471",-40019.739996569,"NRI_P145",50
"56472",-64096.885106569,"NRI_P145",100
"56473",-5426.15581656905,"NRI_P145",25
"56474",-10956.944196569,"NRI_P145",50
"56475",-57002.585956569,"NRI_P145",100
"56476",-3316.859156569,"NRI_P145",25
"56477",-15443.764106569,"NRI_P145",50
"56478",-66874.666356569,"NRI_P145",100
"56479",-3085.08181656903,"NRI_P145",25
"56480",-14418.531866569,"NRI_P145",50
"56481",-38756.340306569,"NRI_P145",100
"56482",-13373.489136569,"NRI_P145",25
"56483",-30081.583826569,"NRI_P145",50
"56484",-62691.018996569,"NRI_P145",100
"56485",18590.086923431,"NRI_P145",25
"56486",-20422.920736569,"NRI_P145",50
"56487",-65943.498506569,"NRI_P145",100
"56488",14298.088473431,"NRI_P145",25
"56489",-24271.0300065691,"NRI_P145",50
"56490",-58995.071746569,"NRI_P145",100
"56491",-7293.11930656905,"NRI_P145",25
"56492",-23722.447146569,"NRI_P145",50
"56493",-52348.727656569,"NRI_P145",100
"56494",5494.08135343099,"NRI_P145",25
"56495",1975.38577343099,"NRI_P145",50
"56496",-73873.306166569,"NRI_P145",100
"56497",-27076.429226569,"NRI_P145",25
"56498",-8313.11384656903,"NRI_P145",50
"56499",-33998.109206569,"NRI_P145",100
"56500",-10349.527346569,"NRI_P145",25
"56501",-47173.609966569,"NRI_P145",50
"56502",-54398.373336569,"NRI_P145",100
"56503",-11829.977836569,"NRI_P145",25
"56504",-13874.6044465691,"NRI_P145",50
"56505",-35711.305826569,"NRI_P145",100
"56506",-34947.254996569,"NRI_P145",25
"56507",-6035.77383656905,"NRI_P145",50
"56508",-59995.294076569,"NRI_P145",100
"56509",-30733.826906569,"NRI_P145",25
"56510",-43532.797716569,"NRI_P145",50
"56511",-61847.461146569,"NRI_P145",100
"56512",-1626.40525656904,"NRI_P145",25
"56513",-32137.731926569,"NRI_P145",50
"56514",-62936.646126569,"NRI_P145",100
"56515",11085.351563431,"NRI_P145",25
"56516",-45096.111046569,"NRI_P145",50
"56517",-20744.840186569,"NRI_P145",100
"56518",-4322.11864656903,"NRI_P145",25
"56519",10922.386873431,"NRI_P145",50
"56520",-26148.084386569,"NRI_P145",100
"56521",-16405.712336569,"NRI_P145",25
"56522",-9544.98427656904,"NRI_P145",50
"56523",-49541.732566569,"NRI_P145",100
"56524",9574.22866343096,"NRI_P145",25
"56525",-41083.699026569,"NRI_P145",50
"56526",-25079.865246569,"NRI_P145",100
"56527",-12842.005806569,"NRI_P145",25
"56528",-2912.890436569,"NRI_P145",50
"56529",-53960.380306569,"NRI_P145",100
"56530",-17467.680636569,"NRI_P145",25
"56531",-26505.860926569,"NRI_P145",50
"56532",-60000.397896569,"NRI_P145",100
"56533",-14176.3766765691,"NRI_P145",25
"56534",-20820.883926569,"NRI_P145",50
"56535",-67467.571006569,"NRI_P145",100
"56536",-19750.164896569,"NRI_P145",25
"56537",-44039.134316569,"NRI_P145",50
"56538",-38013.422686569,"NRI_P145",100
"56539",11576.549103431,"NRI_P145",25
"56540",-17991.585046569,"NRI_P145",50
"56541",-45633.170046569,"NRI_P145",100
"56542",-3513.43852656905,"NRI_P145",25
"56543",-17347.737706569,"NRI_P145",50
"56544",-42297.507066569,"NRI_P145",100
"56545",-28896.987506569,"NRI_P145",25
"56546",-16764.563896569,"NRI_P145",50
"56547",-62727.787466569,"NRI_P145",100
"56548",-26645.935626569,"NRI_P145",25
"56549",-40885.231506569,"NRI_P145",50
"56550",-53184.793136569,"NRI_P145",100
"56551",-36631.645736569,"NRI_P145",25
"56552",-13698.043416569,"NRI_P145",50
"56553",3241.164823431,"NRI_P145",100
"56554",-41367.335966569,"NRI_P145",25
"56555",-8619.43141656904,"NRI_P145",50
"56556",-60323.935196569,"NRI_P145",100
"56557",-24707.018706569,"NRI_P145",25
"56558",-19321.143166569,"NRI_P145",50
"56559",-62027.584216569,"NRI_P145",100
"56560",21615.115683431,"NRI_P145",25
"56561",-10341.931676569,"NRI_P145",50
"56562",-56609.096336569,"NRI_P145",100
"56563",-5628.11206656904,"NRI_P145",25
"56564",10762.717903431,"NRI_P145",50
"56565",-33306.100946569,"NRI_P145",100
"56566",-9896.58389656903,"NRI_P145",25
"56567",-22608.758266569,"NRI_P145",50
"56568",-43354.615046569,"NRI_P145",100
"56569",-22082.150456569,"NRI_P145",25
"56570",-10846.489996569,"NRI_P145",50
"56571",-51739.445466569,"NRI_P145",100
"56572",-18627.578666569,"NRI_P145",25
"56573",-17206.879086569,"NRI_P145",50
"56574",-32492.588216569,"NRI_P145",100
"56575",-16992.829236569,"NRI_P145",25
"56576",-46266.825926569,"NRI_P145",50
"56577",-42300.566256569,"NRI_P145",100
"56578",6761.70676343096,"NRI_P145",25
"56579",-31629.677996569,"NRI_P145",50
"56580",-53649.902606569,"NRI_P145",100
"56581",-5083.96926656901,"NRI_P145",25
"56582",-35668.918766569,"NRI_P145",50
"56583",-67363.233076569,"NRI_P145",100
"56584",-11637.4738665691,"NRI_P145",25
"56585",-43252.600846569,"NRI_P145",50
"56586",-22008.2675765691,"NRI_P145",100
"56587",-7154.95985656901,"NRI_P145",25
"56588",-2565.935156569,"NRI_P145",50
"56589",-44874.484666569,"NRI_P145",100
"56590",-10013.251316569,"NRI_P145",25
"56591",-33780.088226569,"NRI_P145",50
"56592",-37668.172066569,"NRI_P145",100
"56593",-31952.101456569,"NRI_P145",25
"56594",-28150.954806569,"NRI_P145",50
"56595",-40644.886636569,"NRI_P145",100
"56596",-14477.959796569,"NRI_P145",25
"56597",-35212.166406569,"NRI_P145",50
"56598",-63474.240696569,"NRI_P145",100
"56599",-25167.081216569,"NRI_P145",25
"56600",-30854.088356569,"NRI_P145",50
"56601",-58328.944776569,"NRI_P145",100
"56602",-13574.2498265691,"NRI_P145",25
"56603",-25390.006716569,"NRI_P145",50
"56604",-52161.717646569,"NRI_P145",100
"56605",-10429.055866569,"NRI_P145",25
"56606",-6210.87606656901,"NRI_P145",50
"56607",-40138.571926569,"NRI_P145",100
"56608",-19409.623146569,"NRI_P145",25
"56609",-43117.497156569,"NRI_P145",50
"56610",-13665.931286569,"NRI_P145",100
"56611",-10980.270806569,"NRI_P145",25
"56612",-18709.671936569,"NRI_P145",50
"56613",-43938.879896569,"NRI_P145",100
"56614",-21915.576556569,"NRI_P145",25
"56615",-23950.160166569,"NRI_P145",50
"56616",-52042.734886569,"NRI_P145",100
"56617",-28799.619366569,"NRI_P145",25
"56618",-28745.307696569,"NRI_P145",50
"56619",-22242.250886569,"NRI_P145",100
"56620",-6402.38918656902,"NRI_P145",25
"56621",-40060.114926569,"NRI_P145",50
"56622",-57129.630336569,"NRI_P145",100
"56623",-7307.58340656903,"NRI_P145",25
"56624",-7960.41859656904,"NRI_P145",50
"56625",-55902.246596569,"NRI_P145",100
"56626",-32073.150466569,"NRI_P145",25
"56627",-43105.349856569,"NRI_P145",50
"56628",-28855.600396569,"NRI_P145",100
"56629",-16016.690566569,"NRI_P145",25
"56630",-10763.637146569,"NRI_P145",50
"56631",-63940.292616569,"NRI_P145",100
"56632",-9726.80522656901,"NRI_P145",25
"56633",-29208.838536569,"NRI_P145",50
"56634",-66819.930576569,"NRI_P145",100
"56635",-8956.16004656901,"NRI_P145",25
"56636",-28417.390916569,"NRI_P145",50
"56637",-33636.042856569,"NRI_P145",100
"56638",-9779.97734656901,"NRI_P145",25
"56639",-40226.598866569,"NRI_P145",50
"56640",-42263.609226569,"NRI_P145",100
"56641",-4775.56367656903,"NRI_P145",25
"56642",-11638.648676569,"NRI_P145",50
"56643",-47766.114996569,"NRI_P145",100
"56644",5153.10515343095,"NRI_P145",25
"56645",7739.46491343097,"NRI_P145",50
"56646",-57916.940856569,"NRI_P145",100
"56647",-34162.809726569,"NRI_P145",25
"56648",-19176.430766569,"NRI_P145",50
"56649",-10462.429516569,"NRI_P145",100
"56650",-831.606516569038,"NRI_P145",25
"56651",-1027.03708656901,"NRI_P145",50
"56652",-32710.499676569,"NRI_P145",100
"56653",-17085.5320165691,"NRI_P145",25
"56654",-35792.994656569,"NRI_P145",50
"56655",-34695.442966569,"NRI_P145",100
"56656",-16526.289846569,"NRI_P145",25
"56657",-15886.319056569,"NRI_P145",50
"56658",-36649.273616569,"NRI_P145",100
"56659",-8113.76707656903,"NRI_P145",25
"56660",-26210.011656569,"NRI_P145",50
"56661",-28830.523906569,"NRI_P145",100
"56662",5639.360403431,"NRI_P145",25
"56663",-43510.311016569,"NRI_P145",50
"56664",-62817.913956569,"NRI_P145",100
"56665",-14328.810676569,"NRI_P145",25
"56666",-29794.227026569,"NRI_P145",50
"56667",-56961.774836569,"NRI_P145",100
"56668",-40183.710826569,"NRI_P145",25
"56669",-21663.828406569,"NRI_P145",50
"56670",-35277.999616569,"NRI_P145",100
"56671",-642.941326569009,"NRI_P145",25
"56672",-41970.237856569,"NRI_P145",50
"56673",-62600.973606569,"NRI_P145",100
"56674",191.794943430985,"NRI_P145",25
"56675",-29339.190216569,"NRI_P145",50
"56676",-15499.302706569,"NRI_P145",100
"56677",-17126.879766569,"NRI_P145",25
"56678",-26110.709556569,"NRI_P145",50
"56679",-46840.578756569,"NRI_P145",100
"56680",-329.939716569032,"NRI_P145",25
"56681",-41238.619836569,"NRI_P145",50
"56682",-53774.892266569,"NRI_P145",100
"56683",-13500.635236569,"NRI_P145",25
"56684",-39706.665656569,"NRI_P145",50
"56685",-60185.953716569,"NRI_P145",100
"56686",-9279.27035656903,"NRI_P145",25
"56687",-30327.455146569,"NRI_P145",50
"56688",-18795.962816569,"NRI_P145",100
"56689",-35716.100356569,"NRI_P145",25
"56690",-35592.668596569,"NRI_P145",50
"56691",-51508.639716569,"NRI_P145",100
"56692",-4791.63307656901,"NRI_P145",25
"56693",-43907.440376569,"NRI_P145",50
"56694",-61026.700216569,"NRI_P145",100
"56695",-2000.69077656901,"NRI_P145",25
"56696",-23431.563996569,"NRI_P145",50
"56697",-26893.641386569,"NRI_P145",100
"56698",-27537.862346569,"NRI_P145",25
"56699",-45024.036716569,"NRI_P145",50
"56700",-49941.990966569,"NRI_P145",100
"56701",4539.82777047501,"NRI_P146",25
"56702",-8403.71867952496,"NRI_P146",50
"56703",59254.485860475,"NRI_P146",100
"56704",13355.245960475,"NRI_P146",25
"56705",10254.303120475,"NRI_P146",50
"56706",-6972.05833952496,"NRI_P146",100
"56707",54790.567920475,"NRI_P146",25
"56708",20641.805060475,"NRI_P146",50
"56709",16306.976550475,"NRI_P146",100
"56710",1337.57797047502,"NRI_P146",25
"56711",-31180.695869525,"NRI_P146",50
"56712",71.3496304750443,"NRI_P146",100
"56713",12308.589210475,"NRI_P146",25
"56714",-6115.81051952497,"NRI_P146",50
"56715",5265.79682047502,"NRI_P146",100
"56716",19734.650330475,"NRI_P146",25
"56717",3389.57727047504,"NRI_P146",50
"56718",1926.30539047503,"NRI_P146",100
"56719",-189.187779525004,"NRI_P146",25
"56720",11711.657740475,"NRI_P146",50
"56721",-2501.120669525,"NRI_P146",100
"56722",17375.065470475,"NRI_P146",25
"56723",21653.474610475,"NRI_P146",50
"56724",16932.358040475,"NRI_P146",100
"56725",26447.314390475,"NRI_P146",25
"56726",-13367.431509525,"NRI_P146",50
"56727",23856.926200475,"NRI_P146",100
"56728",-386.146769524959,"NRI_P146",25
"56729",17255.284830475,"NRI_P146",50
"56730",5394.16848047503,"NRI_P146",100
"56731",17231.705480475,"NRI_P146",25
"56732",590.96579047502,"NRI_P146",50
"56733",-3757.35639952496,"NRI_P146",100
"56734",17670.080320475,"NRI_P146",25
"56735",431.846250475035,"NRI_P146",50
"56736",26106.332760475,"NRI_P146",100
"56737",11644.336140475,"NRI_P146",25
"56738",-7100.65395952499,"NRI_P146",50
"56739",4920.17121047503,"NRI_P146",100
"56740",35041.469720475,"NRI_P146",25
"56741",15556.934140475,"NRI_P146",50
"56742",-5282.49249952496,"NRI_P146",100
"56743",-14498.844129525,"NRI_P146",25
"56744",59303.185930475,"NRI_P146",50
"56745",58625.781740475,"NRI_P146",100
"56746",-5811.62101952499,"NRI_P146",25
"56747",16348.647130475,"NRI_P146",50
"56748",11662.933860475,"NRI_P146",100
"56749",697.060050475004,"NRI_P146",25
"56750",5899.44249047502,"NRI_P146",50
"56751",23668.650870475,"NRI_P146",100
"56752",2055.11306047504,"NRI_P146",25
"56753",-22542.596509525,"NRI_P146",50
"56754",8110.71585047501,"NRI_P146",100
"56755",16665.309750475,"NRI_P146",25
"56756",70627.121910475,"NRI_P146",50
"56757",5218.58339047502,"NRI_P146",100
"56758",12088.712300475,"NRI_P146",25
"56759",-2101.46490952501,"NRI_P146",50
"56760",47416.698800475,"NRI_P146",100
"56761",-15219.343409525,"NRI_P146",25
"56762",34833.967430475,"NRI_P146",50
"56763",27788.790390475,"NRI_P146",100
"56764",7781.31583047501,"NRI_P146",25
"56765",11254.000980475,"NRI_P146",50
"56766",30259.216570475,"NRI_P146",100
"56767",993.439460474998,"NRI_P146",25
"56768",-20680.645789525,"NRI_P146",50
"56769",25852.743440475,"NRI_P146",100
"56770",24849.811370475,"NRI_P146",25
"56771",13847.971420475,"NRI_P146",50
"56772",42785.030070475,"NRI_P146",100
"56773",10920.511240475,"NRI_P146",25
"56774",2654.163240475,"NRI_P146",50
"56775",61182.203110475,"NRI_P146",100
"56776",14569.143830475,"NRI_P146",25
"56777",28636.885840475,"NRI_P146",50
"56778",-24706.331209525,"NRI_P146",100
"56779",-29.7774995249929,"NRI_P146",25
"56780",6755.10507047502,"NRI_P146",50
"56781",23005.278390475,"NRI_P146",100
"56782",82230.065350475,"NRI_P146",25
"56783",6014.76578047499,"NRI_P146",50
"56784",44022.937450475,"NRI_P146",100
"56785",-5341.98072952498,"NRI_P146",25
"56786",-364.29003952496,"NRI_P146",50
"56787",-19558.546869525,"NRI_P146",100
"56788",13837.248900475,"NRI_P146",25
"56789",64261.116290475,"NRI_P146",50
"56790",-12564.311519525,"NRI_P146",100
"56791",11320.863560475,"NRI_P146",25
"56792",13226.834670475,"NRI_P146",50
"56793",20875.041110475,"NRI_P146",100
"56794",15203.127560475,"NRI_P146",25
"56795",-22263.304719525,"NRI_P146",50
"56796",24312.835890475,"NRI_P146",100
"56797",53471.498320475,"NRI_P146",25
"56798",47446.180020475,"NRI_P146",50
"56799",14210.101550475,"NRI_P146",100
"56800",14527.842010475,"NRI_P146",25
"56801",9830.53524047503,"NRI_P146",50
"56802",22344.487260475,"NRI_P146",100
"56803",-12012.926239525,"NRI_P146",25
"56804",-7816.19039952499,"NRI_P146",50
"56805",-11551.583799525,"NRI_P146",100
"56806",15366.245320475,"NRI_P146",25
"56807",-8640.35639952496,"NRI_P146",50
"56808",-12444.125109525,"NRI_P146",100
"56809",-11168.143789525,"NRI_P146",25
"56810",-16006.072129525,"NRI_P146",50
"56811",-5470.77317952499,"NRI_P146",100
"56812",-9026.85880952497,"NRI_P146",25
"56813",-6780.12818952498,"NRI_P146",50
"56814",14868.665040475,"NRI_P146",100
"56815",-4641.685959525,"NRI_P146",25
"56816",14451.345150475,"NRI_P146",50
"56817",47041.136780475,"NRI_P146",100
"56818",1708.45634047501,"NRI_P146",25
"56819",9307.985640475,"NRI_P146",50
"56820",19288.193090475,"NRI_P146",100
"56821",16055.180090475,"NRI_P146",25
"56822",26236.184260475,"NRI_P146",50
"56823",33305.378430475,"NRI_P146",100
"56824",3791.67915047501,"NRI_P146",25
"56825",8618.928720475,"NRI_P146",50
"56826",4932.74392047501,"NRI_P146",100
"56827",-8228.399289525,"NRI_P146",25
"56828",11753.614210475,"NRI_P146",50
"56829",23669.304670475,"NRI_P146",100
"56830",5173.75927047501,"NRI_P146",25
"56831",15123.271060475,"NRI_P146",50
"56832",-3844.40096952498,"NRI_P146",100
"56833",6309.58902047505,"NRI_P146",25
"56834",11893.540160475,"NRI_P146",50
"56835",50907.915770475,"NRI_P146",100
"56836",-1558.36389952496,"NRI_P146",25
"56837",17174.874570475,"NRI_P146",50
"56838",44461.806640475,"NRI_P146",100
"56839",-1073.56986952497,"NRI_P146",25
"56840",-2822.22637952497,"NRI_P146",50
"56841",4968.085100475,"NRI_P146",100
"56842",19120.602480475,"NRI_P146",25
"56843",1755.01716047502,"NRI_P146",50
"56844",30363.286510475,"NRI_P146",100
"56845",20774.924660475,"NRI_P146",25
"56846",19880.115250475,"NRI_P146",50
"56847",-87.2031195249874,"NRI_P146",100
"56848",-9180.56914952496,"NRI_P146",25
"56849",-2484.62044952495,"NRI_P146",50
"56850",4562.48884047504,"NRI_P146",100
"56851",30825.793070475,"NRI_P146",25
"56852",9080.03646047501,"NRI_P146",50
"56853",-22329.865259525,"NRI_P146",100
"56854",23541.466600475,"NRI_P146",25
"56855",16548.731930475,"NRI_P146",50
"56856",34937.534900475,"NRI_P146",100
"56857",4506.04891047504,"NRI_P146",25
"56858",34396.571270475,"NRI_P146",50
"56859",-8975.931969525,"NRI_P146",100
"56860",-18287.432929525,"NRI_P146",25
"56861",42298.837680475,"NRI_P146",50
"56862",22.8087604750181,"NRI_P146",100
"56863",-2541.45050952496,"NRI_P146",25
"56864",14970.004400475,"NRI_P146",50
"56865",48293.363640475,"NRI_P146",100
"56866",21526.672620475,"NRI_P146",25
"56867",3487.47030047502,"NRI_P146",50
"56868",-26647.754989525,"NRI_P146",100
"56869",-10520.518849525,"NRI_P146",25
"56870",-14453.807359525,"NRI_P146",50
"56871",-3368.71503952501,"NRI_P146",100
"56872",-16300.869779525,"NRI_P146",25
"56873",4411.25607047504,"NRI_P146",50
"56874",15282.239200475,"NRI_P146",100
"56875",-8683.70582952496,"NRI_P146",25
"56876",15402.515340475,"NRI_P146",50
"56877",37449.023610475,"NRI_P146",100
"56878",-900.004049524956,"NRI_P146",25
"56879",-10942.583469525,"NRI_P146",50
"56880",9285.486740475,"NRI_P146",100
"56881",22651.888950475,"NRI_P146",25
"56882",35059.836230475,"NRI_P146",50
"56883",41347.472440475,"NRI_P146",100
"56884",-11233.860119525,"NRI_P146",25
"56885",4757.22354047501,"NRI_P146",50
"56886",45014.227080475,"NRI_P146",100
"56887",40597.992440475,"NRI_P146",25
"56888",12479.278610475,"NRI_P146",50
"56889",21992.577050475,"NRI_P146",100
"56890",9866.20631047501,"NRI_P146",25
"56891",-17257.964449525,"NRI_P146",50
"56892",12714.473470475,"NRI_P146",100
"56893",1997.19072047505,"NRI_P146",25
"56894",-1096.66931952495,"NRI_P146",50
"56895",-2353.72889952495,"NRI_P146",100
"56896",1251.91742047505,"NRI_P146",25
"56897",16098.774570475,"NRI_P146",50
"56898",-17229.017609525,"NRI_P146",100
"56899",-2352.378099525,"NRI_P146",25
"56900",56598.721860475,"NRI_P146",50
"56901",47579.231140475,"NRI_P146",100
"56902",3326.606450475,"NRI_P146",25
"56903",49646.229380475,"NRI_P146",50
"56904",48571.643880475,"NRI_P146",100
"56905",11181.544740475,"NRI_P146",25
"56906",-1161.37417952501,"NRI_P146",50
"56907",7649.35248047503,"NRI_P146",100
"56908",-6043.35376952495,"NRI_P146",25
"56909",50073.762690475,"NRI_P146",50
"56910",24319.556610475,"NRI_P146",100
"56911",-2095.361549525,"NRI_P146",25
"56912",-15448.442589525,"NRI_P146",50
"56913",23963.251720475,"NRI_P146",100
"56914",17102.537520475,"NRI_P146",25
"56915",-4530.73166952498,"NRI_P146",50
"56916",9851.47698047501,"NRI_P146",100
"56917",-10047.976509525,"NRI_P146",25
"56918",5522.27120047499,"NRI_P146",50
"56919",6202.43120047502,"NRI_P146",100
"56920",48953.931970475,"NRI_P146",25
"56921",7119.43282047502,"NRI_P146",50
"56922",-17265.136819525,"NRI_P146",100
"56923",3348.26477047504,"NRI_P146",25
"56924",-3621.106359525,"NRI_P146",50
"56925",8669.60030047502,"NRI_P146",100
"56926",9202.20145047503,"NRI_P146",25
"56927",-16144.267019525,"NRI_P146",50
"56928",34248.663110475,"NRI_P146",100
"56929",3273.23341047502,"NRI_P146",25
"56930",12282.820370475,"NRI_P146",50
"56931",743.398040475033,"NRI_P146",100
"56932",13462.892510475,"NRI_P146",25
"56933",12460.403920475,"NRI_P146",50
"56934",19376.527710475,"NRI_P146",100
"56935",10550.677450475,"NRI_P146",25
"56936",-6306.608079525,"NRI_P146",50
"56937",9964.52832047502,"NRI_P146",100
"56938",24518.022700475,"NRI_P146",25
"56939",-28069.323229525,"NRI_P146",50
"56940",30351.186590475,"NRI_P146",100
"56941",9179.57152047503,"NRI_P146",25
"56942",-1462.67421952501,"NRI_P146",50
"56943",12601.308240475,"NRI_P146",100
"56944",-3437.867069525,"NRI_P146",25
"56945",7242.56062047504,"NRI_P146",50
"56946",88548.125430475,"NRI_P146",100
"56947",3092.76867047499,"NRI_P146",25
"56948",18254.358640475,"NRI_P146",50
"56949",-9832.37970952498,"NRI_P146",100
"56950",10599.484740475,"NRI_P146",25
"56951",2105.30406047503,"NRI_P146",50
"56952",9736.96900047502,"NRI_P146",100
"56953",-6467.59221952496,"NRI_P146",25
"56954",-11054.600039525,"NRI_P146",50
"56955",10069.496380475,"NRI_P146",100
"56956",9925.03199047502,"NRI_P146",25
"56957",-5303.79249952501,"NRI_P146",50
"56958",11798.016690475,"NRI_P146",100
"56959",-3321.176709525,"NRI_P146",25
"56960",70070.266310475,"NRI_P146",50
"56961",64696.987770475,"NRI_P146",100
"56962",-11729.027399525,"NRI_P146",25
"56963",18495.297510475,"NRI_P146",50
"56964",25712.577990475,"NRI_P146",100
"56965",4984.53343047504,"NRI_P146",25
"56966",-2285.48501952499,"NRI_P146",50
"56967",13123.493270475,"NRI_P146",100
"56968",-2050.84666952497,"NRI_P146",25
"56969",18764.148940475,"NRI_P146",50
"56970",21755.514280475,"NRI_P146",100
"56971",-14363.775419525,"NRI_P146",25
"56972",-3850.14656952501,"NRI_P146",50
"56973",32307.331630475,"NRI_P146",100
"56974",22681.616930475,"NRI_P146",25
"56975",35266.371060475,"NRI_P146",50
"56976",54632.557990475,"NRI_P146",100
"56977",3968.435180475,"NRI_P146",25
"56978",-23746.307739525,"NRI_P146",50
"56979",-1151.22346952499,"NRI_P146",100
"56980",-4807.85202952498,"NRI_P146",25
"56981",7324.62120047503,"NRI_P146",50
"56982",36199.041150475,"NRI_P146",100
"56983",10934.793000475,"NRI_P146",25
"56984",-14940.681199525,"NRI_P146",50
"56985",-2071.19113952498,"NRI_P146",100
"56986",12100.092240475,"NRI_P146",25
"56987",-14590.646299525,"NRI_P146",50
"56988",25991.352370475,"NRI_P146",100
"56989",-18556.162689525,"NRI_P146",25
"56990",-2273.33942952496,"NRI_P146",50
"56991",8574.16359047504,"NRI_P146",100
"56992",-2409.754919525,"NRI_P146",25
"56993",-20362.825439525,"NRI_P146",50
"56994",21502.154350475,"NRI_P146",100
"56995",87.2260504750302,"NRI_P146",25
"56996",34761.072010475,"NRI_P146",50
"56997",6833.94025047502,"NRI_P146",100
"56998",-13498.820629525,"NRI_P146",25
"56999",29277.000440475,"NRI_P146",50
"57000",40400.410600475,"NRI_P146",100
"57001",13191.048956095,"NRI_P147",25
"57002",594.726676094986,"NRI_P147",50
"57003",3710.01329609501,"NRI_P147",100
"57004",15662.096146095,"NRI_P147",25
"57005",-586.845033905003,"NRI_P147",50
"57006",22820.883806095,"NRI_P147",100
"57007",10961.610736095,"NRI_P147",25
"57008",-7298.71683390503,"NRI_P147",50
"57009",56340.267716095,"NRI_P147",100
"57010",18541.632506095,"NRI_P147",25
"57011",-6796.34208390501,"NRI_P147",50
"57012",1997.52638609498,"NRI_P147",100
"57013",2918.48279609502,"NRI_P147",25
"57014",710.606386094994,"NRI_P147",50
"57015",656.338166094967,"NRI_P147",100
"57016",55.2343560949666,"NRI_P147",25
"57017",1743.383386095,"NRI_P147",50
"57018",22161.656496095,"NRI_P147",100
"57019",-23166.215903905,"NRI_P147",25
"57020",7384.605936095,"NRI_P147",50
"57021",27801.172876095,"NRI_P147",100
"57022",9505.189916095,"NRI_P147",25
"57023",10873.122446095,"NRI_P147",50
"57024",36331.741706095,"NRI_P147",100
"57025",22009.372986095,"NRI_P147",25
"57026",3961.892606095,"NRI_P147",50
"57027",-5606.05436390499,"NRI_P147",100
"57028",6115.11153609498,"NRI_P147",25
"57029",22648.033166095,"NRI_P147",50
"57030",18238.612286095,"NRI_P147",100
"57031",9979.64018609497,"NRI_P147",25
"57032",-3327.93819390499,"NRI_P147",50
"57033",-840.958883905027,"NRI_P147",100
"57034",-2543.98472390499,"NRI_P147",25
"57035",50903.222816095,"NRI_P147",50
"57036",-33577.918173905,"NRI_P147",100
"57037",-314.086403905007,"NRI_P147",25
"57038",11104.252536095,"NRI_P147",50
"57039",-1753.99513390503,"NRI_P147",100
"57040",-3655.84858390503,"NRI_P147",25
"57041",20540.312796095,"NRI_P147",50
"57042",27967.978446095,"NRI_P147",100
"57043",5614.37859609502,"NRI_P147",25
"57044",15555.075186095,"NRI_P147",50
"57045",17760.200686095,"NRI_P147",100
"57046",22396.098356095,"NRI_P147",25
"57047",5614.43941609497,"NRI_P147",50
"57048",2475.35746609501,"NRI_P147",100
"57049",-1822.741743905,"NRI_P147",25
"57050",17944.053556095,"NRI_P147",50
"57051",7519.55437609501,"NRI_P147",100
"57052",3169.31557609502,"NRI_P147",25
"57053",9369.23909609497,"NRI_P147",50
"57054",18037.925946095,"NRI_P147",100
"57055",-7791.110543905,"NRI_P147",25
"57056",-17063.626593905,"NRI_P147",50
"57057",1034.235286095,"NRI_P147",100
"57058",17396.740986095,"NRI_P147",25
"57059",26249.225976095,"NRI_P147",50
"57060",22479.934006095,"NRI_P147",100
"57061",10659.939326095,"NRI_P147",25
"57062",-5616.21426390501,"NRI_P147",50
"57063",10962.884716095,"NRI_P147",100
"57064",-21107.137553905,"NRI_P147",25
"57065",8835.21388609498,"NRI_P147",50
"57066",7030.92302609497,"NRI_P147",100
"57067",-26631.399723905,"NRI_P147",25
"57068",11439.881846095,"NRI_P147",50
"57069",-3985.57577390503,"NRI_P147",100
"57070",2672.07739609497,"NRI_P147",25
"57071",6361.48098609498,"NRI_P147",50
"57072",-6469.387833905,"NRI_P147",100
"57073",4323.53716609499,"NRI_P147",25
"57074",23429.186216095,"NRI_P147",50
"57075",17195.583856095,"NRI_P147",100
"57076",12469.925046095,"NRI_P147",25
"57077",10250.105576095,"NRI_P147",50
"57078",20027.498216095,"NRI_P147",100
"57079",-2174.80738390499,"NRI_P147",25
"57080",2667.66681609501,"NRI_P147",50
"57081",17824.176906095,"NRI_P147",100
"57082",1391.34963609499,"NRI_P147",25
"57083",27088.987846095,"NRI_P147",50
"57084",3318.32498609502,"NRI_P147",100
"57085",4151.44123609498,"NRI_P147",25
"57086",-21476.127513905,"NRI_P147",50
"57087",63841.883926095,"NRI_P147",100
"57088",15945.032426095,"NRI_P147",25
"57089",-28072.043783905,"NRI_P147",50
"57090",9461.81126609497,"NRI_P147",100
"57091",9862.427716095,"NRI_P147",25
"57092",7607.05984609498,"NRI_P147",50
"57093",-2818.89558390499,"NRI_P147",100
"57094",7698.51652609499,"NRI_P147",25
"57095",-896.442133905017,"NRI_P147",50
"57096",-23429.334423905,"NRI_P147",100
"57097",2062.40833609499,"NRI_P147",25
"57098",-12688.162463905,"NRI_P147",50
"57099",563.725486095005,"NRI_P147",100
"57100",4500.79695609497,"NRI_P147",25
"57101",2589.706046095,"NRI_P147",50
"57102",-4899.93755390501,"NRI_P147",100
"57103",7072.723956095,"NRI_P147",25
"57104",25197.741026095,"NRI_P147",50
"57105",1096.71963609499,"NRI_P147",100
"57106",21426.297386095,"NRI_P147",25
"57107",25000.654566095,"NRI_P147",50
"57108",32042.620956095,"NRI_P147",100
"57109",3163.67422609497,"NRI_P147",25
"57110",20910.573816095,"NRI_P147",50
"57111",21339.645586095,"NRI_P147",100
"57112",9276.07435609499,"NRI_P147",25
"57113",13764.575356095,"NRI_P147",50
"57114",-12739.210873905,"NRI_P147",100
"57115",20841.681706095,"NRI_P147",25
"57116",-11213.953843905,"NRI_P147",50
"57117",17297.579776095,"NRI_P147",100
"57118",-12772.155953905,"NRI_P147",25
"57119",-1820.92603390501,"NRI_P147",50
"57120",6235.11834609497,"NRI_P147",100
"57121",9155.76507609501,"NRI_P147",25
"57122",-4008.26356390503,"NRI_P147",50
"57123",28200.282166095,"NRI_P147",100
"57124",12147.826186095,"NRI_P147",25
"57125",8415.09989609499,"NRI_P147",50
"57126",-3353.332633905,"NRI_P147",100
"57127",32067.397136095,"NRI_P147",25
"57128",-1454.29633390502,"NRI_P147",50
"57129",30962.963086095,"NRI_P147",100
"57130",12407.419546095,"NRI_P147",25
"57131",8973.55395609501,"NRI_P147",50
"57132",-9173.61486390501,"NRI_P147",100
"57133",-8357.72315390501,"NRI_P147",25
"57134",18875.679636095,"NRI_P147",50
"57135",-1224.07743390498,"NRI_P147",100
"57136",6684.604636095,"NRI_P147",25
"57137",-22532.586203905,"NRI_P147",50
"57138",25058.907676095,"NRI_P147",100
"57139",-4862.42894390499,"NRI_P147",25
"57140",26347.759346095,"NRI_P147",50
"57141",-7192.859603905,"NRI_P147",100
"57142",8481.96690609498,"NRI_P147",25
"57143",-1827.57857390499,"NRI_P147",50
"57144",23519.370796095,"NRI_P147",100
"57145",4389.66414609499,"NRI_P147",25
"57146",21939.173176095,"NRI_P147",50
"57147",61642.081106095,"NRI_P147",100
"57148",-19552.855573905,"NRI_P147",25
"57149",-18054.141763905,"NRI_P147",50
"57150",12239.389526095,"NRI_P147",100
"57151",2678.95441609499,"NRI_P147",25
"57152",-2395.66435390501,"NRI_P147",50
"57153",24991.050326095,"NRI_P147",100
"57154",1477.61301609501,"NRI_P147",25
"57155",18649.698006095,"NRI_P147",50
"57156",22497.575356095,"NRI_P147",100
"57157",-16090.072833905,"NRI_P147",25
"57158",16195.745066095,"NRI_P147",50
"57159",8998.92460609501,"NRI_P147",100
"57160",18779.413456095,"NRI_P147",25
"57161",-20368.936563905,"NRI_P147",50
"57162",11326.190586095,"NRI_P147",100
"57163",-6048.284283905,"NRI_P147",25
"57164",35175.996756095,"NRI_P147",50
"57165",5579.35148609499,"NRI_P147",100
"57166",-4937.823713905,"NRI_P147",25
"57167",2959.58333609498,"NRI_P147",50
"57168",47123.397266095,"NRI_P147",100
"57169",-492.644083905034,"NRI_P147",25
"57170",-11593.156453905,"NRI_P147",50
"57171",12502.788566095,"NRI_P147",100
"57172",-14273.916433905,"NRI_P147",25
"57173",10275.954996095,"NRI_P147",50
"57174",2612.87954609498,"NRI_P147",100
"57175",-1092.50652390503,"NRI_P147",25
"57176",12352.639226095,"NRI_P147",50
"57177",6248.61935609498,"NRI_P147",100
"57178",-13077.701753905,"NRI_P147",25
"57179",-13249.862003905,"NRI_P147",50
"57180",18233.405996095,"NRI_P147",100
"57181",3766.92558609502,"NRI_P147",25
"57182",13489.970956095,"NRI_P147",50
"57183",42875.871396095,"NRI_P147",100
"57184",11441.559356095,"NRI_P147",25
"57185",7267.63031609502,"NRI_P147",50
"57186",2690.95741609501,"NRI_P147",100
"57187",-8867.396143905,"NRI_P147",25
"57188",-1180.13909390499,"NRI_P147",50
"57189",6233.10328609502,"NRI_P147",100
"57190",-15815.777383905,"NRI_P147",25
"57191",643.105476094992,"NRI_P147",50
"57192",-3933.68130390503,"NRI_P147",100
"57193",12245.519366095,"NRI_P147",25
"57194",-2994.03284390498,"NRI_P147",50
"57195",-2175.62085390498,"NRI_P147",100
"57196",-6730.10076390498,"NRI_P147",25
"57197",25139.527926095,"NRI_P147",50
"57198",-15353.531633905,"NRI_P147",100
"57199",1639.309596095,"NRI_P147",25
"57200",12434.735126095,"NRI_P147",50
"57201",11398.975846095,"NRI_P147",100
"57202",15854.678566095,"NRI_P147",25
"57203",5629.436996095,"NRI_P147",50
"57204",20917.221076095,"NRI_P147",100
"57205",1968.496996095,"NRI_P147",25
"57206",7368.27575609501,"NRI_P147",50
"57207",-17215.935953905,"NRI_P147",100
"57208",10269.898906095,"NRI_P147",25
"57209",12026.873136095,"NRI_P147",50
"57210",6692.88742609497,"NRI_P147",100
"57211",-4068.61046390503,"NRI_P147",25
"57212",-6077.19054390502,"NRI_P147",50
"57213",1515.70266609499,"NRI_P147",100
"57214",-12560.878853905,"NRI_P147",25
"57215",16163.573996095,"NRI_P147",50
"57216",-13738.502283905,"NRI_P147",100
"57217",6307.29897609499,"NRI_P147",25
"57218",-8529.64346390503,"NRI_P147",50
"57219",17157.972026095,"NRI_P147",100
"57220",5788.59155609499,"NRI_P147",25
"57221",7236.72031609499,"NRI_P147",50
"57222",18929.984276095,"NRI_P147",100
"57223",-16324.540183905,"NRI_P147",25
"57224",18732.323386095,"NRI_P147",50
"57225",33766.081936095,"NRI_P147",100
"57226",9604.63275609497,"NRI_P147",25
"57227",14083.283686095,"NRI_P147",50
"57228",11162.007976095,"NRI_P147",100
"57229",-3459.68113390502,"NRI_P147",25
"57230",12737.847066095,"NRI_P147",50
"57231",23164.227046095,"NRI_P147",100
"57232",-9964.09894390503,"NRI_P147",25
"57233",27283.091246095,"NRI_P147",50
"57234",24347.641526095,"NRI_P147",100
"57235",23716.197136095,"NRI_P147",25
"57236",29870.497636095,"NRI_P147",50
"57237",20921.045846095,"NRI_P147",100
"57238",6516.47480609501,"NRI_P147",25
"57239",-23254.864973905,"NRI_P147",50
"57240",11859.030586095,"NRI_P147",100
"57241",-5243.31168390502,"NRI_P147",25
"57242",15495.431566095,"NRI_P147",50
"57243",10051.729646095,"NRI_P147",100
"57244",2237.25878609502,"NRI_P147",25
"57245",2115.69417609501,"NRI_P147",50
"57246",11954.336846095,"NRI_P147",100
"57247",11356.603186095,"NRI_P147",25
"57248",20267.190476095,"NRI_P147",50
"57249",-3331.23443390499,"NRI_P147",100
"57250",18103.333946095,"NRI_P147",25
"57251",25636.828316095,"NRI_P147",50
"57252",1159.842436095,"NRI_P147",100
"57253",11350.547166095,"NRI_P147",25
"57254",-4457.623133905,"NRI_P147",50
"57255",10114.015426095,"NRI_P147",100
"57256",-216.878043905017,"NRI_P147",25
"57257",-5341.11730390502,"NRI_P147",50
"57258",430.875856094994,"NRI_P147",100
"57259",-10662.506713905,"NRI_P147",25
"57260",-599.321343905001,"NRI_P147",50
"57261",16614.792646095,"NRI_P147",100
"57262",-1655.28786390502,"NRI_P147",25
"57263",-18917.416933905,"NRI_P147",50
"57264",22330.178396095,"NRI_P147",100
"57265",833.919926094997,"NRI_P147",25
"57266",-10499.004053905,"NRI_P147",50
"57267",3012.93117609498,"NRI_P147",100
"57268",7508.02432609501,"NRI_P147",25
"57269",-18782.590853905,"NRI_P147",50
"57270",-13841.989503905,"NRI_P147",100
"57271",9994.753586095,"NRI_P147",25
"57272",-10863.156213905,"NRI_P147",50
"57273",26150.051996095,"NRI_P147",100
"57274",-1166.04914390499,"NRI_P147",25
"57275",-7686.32139390503,"NRI_P147",50
"57276",-1386.475873905,"NRI_P147",100
"57277",18026.773256095,"NRI_P147",25
"57278",-7609.33454390499,"NRI_P147",50
"57279",6549.003196095,"NRI_P147",100
"57280",28935.356156095,"NRI_P147",25
"57281",39108.332936095,"NRI_P147",50
"57282",-9728.71267390501,"NRI_P147",100
"57283",3064.27458609501,"NRI_P147",25
"57284",-18236.419253905,"NRI_P147",50
"57285",9172.54007609497,"NRI_P147",100
"57286",-3759.85773390502,"NRI_P147",25
"57287",-27660.601023905,"NRI_P147",50
"57288",-9252.10561390501,"NRI_P147",100
"57289",-7235.12497390498,"NRI_P147",25
"57290",-2409.00447390502,"NRI_P147",50
"57291",5325.456046095,"NRI_P147",100
"57292",-4923.28037390503,"NRI_P147",25
"57293",23763.130156095,"NRI_P147",50
"57294",17065.848646095,"NRI_P147",100
"57295",4229.63196609501,"NRI_P147",25
"57296",-15056.253923905,"NRI_P147",50
"57297",14986.537526095,"NRI_P147",100
"57298",-2322.68509390502,"NRI_P147",25
"57299",6162.35250609502,"NRI_P147",50
"57300",-14429.262663905,"NRI_P147",100
"57301",-5398.71087479097,"NRI_P148",25
"57302",19374.268125209,"NRI_P148",50
"57303",-11113.413384791,"NRI_P148",100
"57304",-4536.38591479097,"NRI_P148",25
"57305",-5761.83562479098,"NRI_P148",50
"57306",-3232.58476479095,"NRI_P148",100
"57307",13417.313825209,"NRI_P148",25
"57308",-13570.488034791,"NRI_P148",50
"57309",3958.618285209,"NRI_P148",100
"57310",2892.78932520904,"NRI_P148",25
"57311",18286.527115209,"NRI_P148",50
"57312",17694.826445209,"NRI_P148",100
"57313",-9949.83045479096,"NRI_P148",25
"57314",906.153125209035,"NRI_P148",50
"57315",28443.141245209,"NRI_P148",100
"57316",2191.422445209,"NRI_P148",25
"57317",20606.439105209,"NRI_P148",50
"57318",11616.983415209,"NRI_P148",100
"57319",4628.66921520903,"NRI_P148",25
"57320",16619.476255209,"NRI_P148",50
"57321",10169.449105209,"NRI_P148",100
"57322",-6414.85259479098,"NRI_P148",25
"57323",-6866.04799479101,"NRI_P148",50
"57324",19021.099215209,"NRI_P148",100
"57325",10842.689065209,"NRI_P148",25
"57326",-8892.31868479098,"NRI_P148",50
"57327",49106.425495209,"NRI_P148",100
"57328",18342.945315209,"NRI_P148",25
"57329",11378.470095209,"NRI_P148",50
"57330",54435.490165209,"NRI_P148",100
"57331",-1634.47537479096,"NRI_P148",25
"57332",10084.025315209,"NRI_P148",50
"57333",39409.796665209,"NRI_P148",100
"57334",19853.346135209,"NRI_P148",25
"57335",17113.846575209,"NRI_P148",50
"57336",-831.188784790982,"NRI_P148",100
"57337",16433.292705209,"NRI_P148",25
"57338",14876.369355209,"NRI_P148",50
"57339",15819.589015209,"NRI_P148",100
"57340",-11381.770884791,"NRI_P148",25
"57341",16947.012555209,"NRI_P148",50
"57342",36267.749595209,"NRI_P148",100
"57343",19051.606655209,"NRI_P148",25
"57344",-4445.18420479097,"NRI_P148",50
"57345",37470.629085209,"NRI_P148",100
"57346",-16585.315944791,"NRI_P148",25
"57347",19572.656375209,"NRI_P148",50
"57348",31279.355075209,"NRI_P148",100
"57349",11156.295535209,"NRI_P148",25
"57350",10136.478915209,"NRI_P148",50
"57351",10718.445815209,"NRI_P148",100
"57352",14411.167705209,"NRI_P148",25
"57353",-3614.90122479096,"NRI_P148",50
"57354",24197.220905209,"NRI_P148",100
"57355",-3462.110424791,"NRI_P148",25
"57356",-6557.58610479097,"NRI_P148",50
"57357",24358.586815209,"NRI_P148",100
"57358",-15347.997214791,"NRI_P148",25
"57359",32614.168835209,"NRI_P148",50
"57360",10951.697985209,"NRI_P148",100
"57361",20925.220225209,"NRI_P148",25
"57362",18898.282265209,"NRI_P148",50
"57363",19500.956175209,"NRI_P148",100
"57364",4733.40484520904,"NRI_P148",25
"57365",-4398.42188479099,"NRI_P148",50
"57366",2379.532875209,"NRI_P148",100
"57367",1813.21475520899,"NRI_P148",25
"57368",12345.629125209,"NRI_P148",50
"57369",14330.559775209,"NRI_P148",100
"57370",-570.139934790961,"NRI_P148",25
"57371",-5743.845074791,"NRI_P148",50
"57372",32823.067175209,"NRI_P148",100
"57373",37104.176585209,"NRI_P148",25
"57374",17506.907715209,"NRI_P148",50
"57375",19471.774895209,"NRI_P148",100
"57376",-3788.06622479099,"NRI_P148",25
"57377",3343.86399520905,"NRI_P148",50
"57378",10709.756515209,"NRI_P148",100
"57379",30157.372135209,"NRI_P148",25
"57380",27277.984805209,"NRI_P148",50
"57381",24589.506775209,"NRI_P148",100
"57382",8763.55266520899,"NRI_P148",25
"57383",18184.630155209,"NRI_P148",50
"57384",22658.290915209,"NRI_P148",100
"57385",-16325.947874791,"NRI_P148",25
"57386",-8985.64263479097,"NRI_P148",50
"57387",41454.499755209,"NRI_P148",100
"57388",959.358845209004,"NRI_P148",25
"57389",16989.380615209,"NRI_P148",50
"57390",47262.537225209,"NRI_P148",100
"57391",-2925.26988479099,"NRI_P148",25
"57392",17774.084665209,"NRI_P148",50
"57393",7043.65111520904,"NRI_P148",100
"57394",7019.08867520903,"NRI_P148",25
"57395",15440.725975209,"NRI_P148",50
"57396",17602.514175209,"NRI_P148",100
"57397",-8717.764434791,"NRI_P148",25
"57398",-14461.606224791,"NRI_P148",50
"57399",17121.269915209,"NRI_P148",100
"57400",7215.23264520901,"NRI_P148",25
"57401",53311.464225209,"NRI_P148",50
"57402",4532.91177520901,"NRI_P148",100
"57403",9355.34424520901,"NRI_P148",25
"57404",4796.41641520901,"NRI_P148",50
"57405",35300.780585209,"NRI_P148",100
"57406",-2404.82016479096,"NRI_P148",25
"57407",6411.52059520903,"NRI_P148",50
"57408",8484.24238520901,"NRI_P148",100
"57409",-303.660354790976,"NRI_P148",25
"57410",20066.591735209,"NRI_P148",50
"57411",27663.534805209,"NRI_P148",100
"57412",24054.020975209,"NRI_P148",25
"57413",17300.455885209,"NRI_P148",50
"57414",31929.015295209,"NRI_P148",100
"57415",-3769.45449479099,"NRI_P148",25
"57416",-1758.18663479097,"NRI_P148",50
"57417",34187.287485209,"NRI_P148",100
"57418",-75.9772747909883,"NRI_P148",25
"57419",3362.33919520903,"NRI_P148",50
"57420",37257.072895209,"NRI_P148",100
"57421",1770.37371520902,"NRI_P148",25
"57422",33181.864615209,"NRI_P148",50
"57423",5513.53782520903,"NRI_P148",100
"57424",1328.05744520901,"NRI_P148",25
"57425",40887.797365209,"NRI_P148",50
"57426",27424.233995209,"NRI_P148",100
"57427",8242.22003520903,"NRI_P148",25
"57428",29169.707495209,"NRI_P148",50
"57429",23048.416845209,"NRI_P148",100
"57430",21494.663865209,"NRI_P148",25
"57431",15593.772985209,"NRI_P148",50
"57432",14221.700735209,"NRI_P148",100
"57433",1596.57741520903,"NRI_P148",25
"57434",8535.445615209,"NRI_P148",50
"57435",23528.231145209,"NRI_P148",100
"57436",3497.727905209,"NRI_P148",25
"57437",421.754495209025,"NRI_P148",50
"57438",50460.740845209,"NRI_P148",100
"57439",3166.93799520901,"NRI_P148",25
"57440",12346.814315209,"NRI_P148",50
"57441",18774.148165209,"NRI_P148",100
"57442",-1505.77055479097,"NRI_P148",25
"57443",24458.914365209,"NRI_P148",50
"57444",23395.836695209,"NRI_P148",100
"57445",1094.92539520899,"NRI_P148",25
"57446",55292.878135209,"NRI_P148",50
"57447",28288.174885209,"NRI_P148",100
"57448",29961.938605209,"NRI_P148",25
"57449",27816.687515209,"NRI_P148",50
"57450",4349.621595209,"NRI_P148",100
"57451",10129.331695209,"NRI_P148",25
"57452",-9033.78460479097,"NRI_P148",50
"57453",7884.33537520899,"NRI_P148",100
"57454",651.984855209012,"NRI_P148",25
"57455",1230.67356520903,"NRI_P148",50
"57456",15946.366715209,"NRI_P148",100
"57457",5516.43119520904,"NRI_P148",25
"57458",12882.096815209,"NRI_P148",50
"57459",-9124.06445479096,"NRI_P148",100
"57460",-11956.034534791,"NRI_P148",25
"57461",-17217.056054791,"NRI_P148",50
"57462",25352.340505209,"NRI_P148",100
"57463",4196.77016520902,"NRI_P148",25
"57464",15031.646125209,"NRI_P148",50
"57465",-7746.82727479097,"NRI_P148",100
"57466",9116.35091520904,"NRI_P148",25
"57467",-24270.680264791,"NRI_P148",50
"57468",14968.246635209,"NRI_P148",100
"57469",4456.12827520899,"NRI_P148",25
"57470",4432.94314520899,"NRI_P148",50
"57471",12692.141645209,"NRI_P148",100
"57472",28344.400185209,"NRI_P148",25
"57473",9117.28931520903,"NRI_P148",50
"57474",2255.23370520904,"NRI_P148",100
"57475",12419.940365209,"NRI_P148",25
"57476",-17655.105514791,"NRI_P148",50
"57477",1682.46997520904,"NRI_P148",100
"57478",-16025.117064791,"NRI_P148",25
"57479",9348.86657520902,"NRI_P148",50
"57480",20935.650955209,"NRI_P148",100
"57481",2745.22474520904,"NRI_P148",25
"57482",9639.80769520899,"NRI_P148",50
"57483",-3766.897874791,"NRI_P148",100
"57484",3115.14933520899,"NRI_P148",25
"57485",3734.25261520903,"NRI_P148",50
"57486",2423.79688520904,"NRI_P148",100
"57487",-1957.86378479097,"NRI_P148",25
"57488",14279.953045209,"NRI_P148",50
"57489",32153.577385209,"NRI_P148",100
"57490",29771.573495209,"NRI_P148",25
"57491",-9362.72128479095,"NRI_P148",50
"57492",29653.584765209,"NRI_P148",100
"57493",-12790.872454791,"NRI_P148",25
"57494",-15632.034534791,"NRI_P148",50
"57495",21872.745415209,"NRI_P148",100
"57496",-514.196684791008,"NRI_P148",25
"57497",-4096.07493479096,"NRI_P148",50
"57498",34157.600685209,"NRI_P148",100
"57499",12816.706515209,"NRI_P148",25
"57500",8135.91538520902,"NRI_P148",50
"57501",18432.296055209,"NRI_P148",100
"57502",405.592725209019,"NRI_P148",25
"57503",5893.76666520903,"NRI_P148",50
"57504",5616.67726520903,"NRI_P148",100
"57505",-17227.316444791,"NRI_P148",25
"57506",20428.855835209,"NRI_P148",50
"57507",39999.314975209,"NRI_P148",100
"57508",-12466.735824791,"NRI_P148",25
"57509",15200.700045209,"NRI_P148",50
"57510",9336.21016520902,"NRI_P148",100
"57511",3481.958205209,"NRI_P148",25
"57512",15278.628615209,"NRI_P148",50
"57513",-1681.28424479096,"NRI_P148",100
"57514",18284.443945209,"NRI_P148",25
"57515",-6215.70476479101,"NRI_P148",50
"57516",16883.301975209,"NRI_P148",100
"57517",6611.20841520902,"NRI_P148",25
"57518",15328.201165209,"NRI_P148",50
"57519",18972.924525209,"NRI_P148",100
"57520",8689.83684520901,"NRI_P148",25
"57521",16036.569955209,"NRI_P148",50
"57522",39690.499905209,"NRI_P148",100
"57523",5081.28500520904,"NRI_P148",25
"57524",4872.41704520903,"NRI_P148",50
"57525",22664.008435209,"NRI_P148",100
"57526",-467.197684790997,"NRI_P148",25
"57527",16737.658205209,"NRI_P148",50
"57528",60681.609485209,"NRI_P148",100
"57529",-3441.25879479101,"NRI_P148",25
"57530",421.970595209044,"NRI_P148",50
"57531",22755.794245209,"NRI_P148",100
"57532",3539.65176520904,"NRI_P148",25
"57533",665.992505208997,"NRI_P148",50
"57534",48550.507865209,"NRI_P148",100
"57535",-11843.806634791,"NRI_P148",25
"57536",14302.678655209,"NRI_P148",50
"57537",39292.268385209,"NRI_P148",100
"57538",-5205.47368479101,"NRI_P148",25
"57539",-7074.042604791,"NRI_P148",50
"57540",22248.300465209,"NRI_P148",100
"57541",5213.434095209,"NRI_P148",25
"57542",11699.337565209,"NRI_P148",50
"57543",18495.400845209,"NRI_P148",100
"57544",16316.645595209,"NRI_P148",25
"57545",37397.719705209,"NRI_P148",50
"57546",26766.841835209,"NRI_P148",100
"57547",1847.93911520904,"NRI_P148",25
"57548",9391.897425209,"NRI_P148",50
"57549",18054.261925209,"NRI_P148",100
"57550",6828.24680520903,"NRI_P148",25
"57551",19508.680915209,"NRI_P148",50
"57552",9040.64207520901,"NRI_P148",100
"57553",-18072.252804791,"NRI_P148",25
"57554",18023.010325209,"NRI_P148",50
"57555",13478.831115209,"NRI_P148",100
"57556",16525.720145209,"NRI_P148",25
"57557",43341.808495209,"NRI_P148",50
"57558",11455.215585209,"NRI_P148",100
"57559",9782.328305209,"NRI_P148",25
"57560",8288.78272520902,"NRI_P148",50
"57561",7603.79220520903,"NRI_P148",100
"57562",8675.31735520903,"NRI_P148",25
"57563",38807.479675209,"NRI_P148",50
"57564",1103.10348520899,"NRI_P148",100
"57565",10.9946152089979,"NRI_P148",25
"57566",40541.680565209,"NRI_P148",50
"57567",22679.214885209,"NRI_P148",100
"57568",-14510.761744791,"NRI_P148",25
"57569",22182.902535209,"NRI_P148",50
"57570",3889.48918520904,"NRI_P148",100
"57571",17408.227315209,"NRI_P148",25
"57572",7837.99372520903,"NRI_P148",50
"57573",11439.107775209,"NRI_P148",100
"57574",6497.06972520903,"NRI_P148",25
"57575",12375.064255209,"NRI_P148",50
"57576",52511.112855209,"NRI_P148",100
"57577",-5429.06930479099,"NRI_P148",25
"57578",7361.56071520899,"NRI_P148",50
"57579",42032.259705209,"NRI_P148",100
"57580",13044.945525209,"NRI_P148",25
"57581",1658.95133520901,"NRI_P148",50
"57582",20323.152705209,"NRI_P148",100
"57583",7271.57213520899,"NRI_P148",25
"57584",18385.033585209,"NRI_P148",50
"57585",52476.188265209,"NRI_P148",100
"57586",2915.28328520904,"NRI_P148",25
"57587",-2015.15103479096,"NRI_P148",50
"57588",10375.903045209,"NRI_P148",100
"57589",12158.211755209,"NRI_P148",25
"57590",3793.702105209,"NRI_P148",50
"57591",-317.055534790969,"NRI_P148",100
"57592",20734.450025209,"NRI_P148",25
"57593",-2334.47508479096,"NRI_P148",50
"57594",7649.35552520904,"NRI_P148",100
"57595",-1394.60752479098,"NRI_P148",25
"57596",26682.607055209,"NRI_P148",50
"57597",12535.740285209,"NRI_P148",100
"57598",272.008545209013,"NRI_P148",25
"57599",37473.210575209,"NRI_P148",50
"57600",45497.241775209,"NRI_P148",100
"57601",-2405.6175151935,"NRI_P149",25
"57602",-1047.51531519351,"NRI_P149",50
"57603",-4203.91390519351,"NRI_P149",100
"57604",-1570.53387519351,"NRI_P149",25
"57605",-2944.94250519351,"NRI_P149",50
"57606",-1545.9472151935,"NRI_P149",100
"57607",671.240394806489,"NRI_P149",25
"57608",-887.348735193504,"NRI_P149",50
"57609",-2678.1279251935,"NRI_P149",100
"57610",-554.007605193503,"NRI_P149",25
"57611",-307.46627519351,"NRI_P149",50
"57612",-4115.92556519351,"NRI_P149",100
"57613",2044.73076480649,"NRI_P149",25
"57614",2003.9400048065,"NRI_P149",50
"57615",1660.85925480649,"NRI_P149",100
"57616",2680.0543348065,"NRI_P149",25
"57617",-1344.86784519351,"NRI_P149",50
"57618",1960.28265480649,"NRI_P149",100
"57619",-2871.78168519351,"NRI_P149",25
"57620",1103.50630480649,"NRI_P149",50
"57621",-2130.6056151935,"NRI_P149",100
"57622",2444.15158480649,"NRI_P149",25
"57623",700.713834806491,"NRI_P149",50
"57624",618.906354806488,"NRI_P149",100
"57625",-210.940045193507,"NRI_P149",25
"57626",-214.437635193506,"NRI_P149",50
"57627",-4960.55173519351,"NRI_P149",100
"57628",-778.285155193502,"NRI_P149",25
"57629",-360.358185193501,"NRI_P149",50
"57630",-3941.35885519351,"NRI_P149",100
"57631",641.073404806491,"NRI_P149",25
"57632",2792.89519480649,"NRI_P149",50
"57633",-2168.54610519351,"NRI_P149",100
"57634",-791.289765193505,"NRI_P149",25
"57635",553.326434806499,"NRI_P149",50
"57636",2006.7689248065,"NRI_P149",100
"57637",405.710714806497,"NRI_P149",25
"57638",-493.655185193507,"NRI_P149",50
"57639",4096.3419048065,"NRI_P149",100
"57640",-379.960595193508,"NRI_P149",25
"57641",-726.152035193503,"NRI_P149",50
"57642",-649.866525193502,"NRI_P149",100
"57643",-798.742345193503,"NRI_P149",25
"57644",1489.66422480649,"NRI_P149",50
"57645",-2158.75224519351,"NRI_P149",100
"57646",355.354474806489,"NRI_P149",25
"57647",-1639.5308551935,"NRI_P149",50
"57648",-4007.25831519351,"NRI_P149",100
"57649",1383.31563480649,"NRI_P149",25
"57650",105.676544806498,"NRI_P149",50
"57651",-1571.7353751935,"NRI_P149",100
"57652",-782.007415193511,"NRI_P149",25
"57653",-1048.7785751935,"NRI_P149",50
"57654",-2708.7714451935,"NRI_P149",100
"57655",413.152064806491,"NRI_P149",25
"57656",804.962254806494,"NRI_P149",50
"57657",-1874.73371519351,"NRI_P149",100
"57658",343.25621480649,"NRI_P149",25
"57659",-2203.64078519351,"NRI_P149",50
"57660",-1315.0121151935,"NRI_P149",100
"57661",-795.573605193509,"NRI_P149",25
"57662",1222.2963948065,"NRI_P149",50
"57663",-1212.5540651935,"NRI_P149",100
"57664",-425.3645851935,"NRI_P149",25
"57665",-1812.01450519351,"NRI_P149",50
"57666",-4032.7444551935,"NRI_P149",100
"57667",-1151.18283519351,"NRI_P149",25
"57668",-1637.0654551935,"NRI_P149",50
"57669",478.161994806491,"NRI_P149",100
"57670",411.841004806498,"NRI_P149",25
"57671",-1211.0837751935,"NRI_P149",50
"57672",-935.400115193508,"NRI_P149",100
"57673",-655.64513519351,"NRI_P149",25
"57674",-2275.4778151935,"NRI_P149",50
"57675",-5309.2946051935,"NRI_P149",100
"57676",2058.9476848065,"NRI_P149",25
"57677",551.096494806494,"NRI_P149",50
"57678",-2396.93962519351,"NRI_P149",100
"57679",261.918844806496,"NRI_P149",25
"57680",-80.1783251935121,"NRI_P149",50
"57681",1907.1538148065,"NRI_P149",100
"57682",24.5480648064986,"NRI_P149",25
"57683",2419.76132480649,"NRI_P149",50
"57684",-2113.2955051935,"NRI_P149",100
"57685",-296.476615193504,"NRI_P149",25
"57686",-1459.31199519351,"NRI_P149",50
"57687",129.889034806489,"NRI_P149",100
"57688",-1277.22328519351,"NRI_P149",25
"57689",-2766.20839519351,"NRI_P149",50
"57690",-97.322825193507,"NRI_P149",100
"57691",-3804.67127519351,"NRI_P149",25
"57692",-2311.0603851935,"NRI_P149",50
"57693",-2041.8708251935,"NRI_P149",100
"57694",742.607814806499,"NRI_P149",25
"57695",-1657.17229519351,"NRI_P149",50
"57696",191.752434806491,"NRI_P149",100
"57697",660.782754806496,"NRI_P149",25
"57698",123.572124806495,"NRI_P149",50
"57699",2381.46487480649,"NRI_P149",100
"57700",-275.105735193501,"NRI_P149",25
"57701",-1239.44487519351,"NRI_P149",50
"57702",-2787.8194051935,"NRI_P149",100
"57703",492.5135948065,"NRI_P149",25
"57704",-1766.2088951935,"NRI_P149",50
"57705",-3135.3965751935,"NRI_P149",100
"57706",-927.452985193508,"NRI_P149",25
"57707",1348.6763348065,"NRI_P149",50
"57708",-3393.4609551935,"NRI_P149",100
"57709",1868.31781480649,"NRI_P149",25
"57710",1051.7691348065,"NRI_P149",50
"57711",-2120.19534519351,"NRI_P149",100
"57712",1681.03535480649,"NRI_P149",25
"57713",68.6133648065006,"NRI_P149",50
"57714",-3115.39461519351,"NRI_P149",100
"57715",1290.48937480649,"NRI_P149",25
"57716",-3145.0236751935,"NRI_P149",50
"57717",413.485394806499,"NRI_P149",100
"57718",1979.56348480649,"NRI_P149",25
"57719",-1664.9454851935,"NRI_P149",50
"57720",-7111.6930751935,"NRI_P149",100
"57721",138.816354806491,"NRI_P149",25
"57722",386.961744806496,"NRI_P149",50
"57723",-1443.6942451935,"NRI_P149",100
"57724",-25.7216351935058,"NRI_P149",25
"57725",-918.859025193509,"NRI_P149",50
"57726",-888.747105193499,"NRI_P149",100
"57727",1796.72303480649,"NRI_P149",25
"57728",-909.453685193512,"NRI_P149",50
"57729",-38.4579851935123,"NRI_P149",100
"57730",-702.72551519351,"NRI_P149",25
"57731",-3534.18587519351,"NRI_P149",50
"57732",3220.2473448065,"NRI_P149",100
"57733",-2016.1891751935,"NRI_P149",25
"57734",-2340.02168519351,"NRI_P149",50
"57735",757.717764806497,"NRI_P149",100
"57736",-1778.6234451935,"NRI_P149",25
"57737",-4140.55451519351,"NRI_P149",50
"57738",-2830.68038519351,"NRI_P149",100
"57739",-1142.0781051935,"NRI_P149",25
"57740",-903.148395193508,"NRI_P149",50
"57741",-4641.2168051935,"NRI_P149",100
"57742",2593.3000448065,"NRI_P149",25
"57743",-3008.5764251935,"NRI_P149",50
"57744",626.703094806493,"NRI_P149",100
"57745",934.468914806494,"NRI_P149",25
"57746",-3393.62986519351,"NRI_P149",50
"57747",-1544.44701519351,"NRI_P149",100
"57748",-657.387135193509,"NRI_P149",25
"57749",-577.904095193502,"NRI_P149",50
"57750",-4201.89281519351,"NRI_P149",100
"57751",-1532.5630151935,"NRI_P149",25
"57752",2051.4733048065,"NRI_P149",50
"57753",-2334.3123251935,"NRI_P149",100
"57754",-804.682985193504,"NRI_P149",25
"57755",-723.687805193505,"NRI_P149",50
"57756",-3783.76949519351,"NRI_P149",100
"57757",1630.15863480649,"NRI_P149",25
"57758",6.52980480650149,"NRI_P149",50
"57759",-5267.7569951935,"NRI_P149",100
"57760",681.148574806488,"NRI_P149",25
"57761",1046.5764248065,"NRI_P149",50
"57762",-1953.6891751935,"NRI_P149",100
"57763",-2741.54591519351,"NRI_P149",25
"57764",-152.954785193506,"NRI_P149",50
"57765",-895.956255193509,"NRI_P149",100
"57766",-2148.56667519351,"NRI_P149",25
"57767",1736.87515480649,"NRI_P149",50
"57768",-2601.2747451935,"NRI_P149",100
"57769",-1698.57058519351,"NRI_P149",25
"57770",432.93752480649,"NRI_P149",50
"57771",-2504.4021951935,"NRI_P149",100
"57772",-1449.12719519351,"NRI_P149",25
"57773",-2194.3929151935,"NRI_P149",50
"57774",1516.4082848065,"NRI_P149",100
"57775",-1939.25337519351,"NRI_P149",25
"57776",381.034824806498,"NRI_P149",50
"57777",-278.394635193501,"NRI_P149",100
"57778",805.779394806494,"NRI_P149",25
"57779",2912.8600448065,"NRI_P149",50
"57780",-6902.81638519351,"NRI_P149",100
"57781",-3256.41323519351,"NRI_P149",25
"57782",2197.15652480649,"NRI_P149",50
"57783",960.528364806494,"NRI_P149",100
"57784",-1446.7326351935,"NRI_P149",25
"57785",-559.757275193508,"NRI_P149",50
"57786",-956.354715193505,"NRI_P149",100
"57787",-1358.5565651935,"NRI_P149",25
"57788",-2855.22758519351,"NRI_P149",50
"57789",155.856374806492,"NRI_P149",100
"57790",1409.8250548065,"NRI_P149",25
"57791",1508.2341048065,"NRI_P149",50
"57792",-1628.4273051935,"NRI_P149",100
"57793",301.813474806491,"NRI_P149",25
"57794",-997.402385193505,"NRI_P149",50
"57795",-373.233055193501,"NRI_P149",100
"57796",-1418.8334251935,"NRI_P149",25
"57797",-1234.7397151935,"NRI_P149",50
"57798",-5307.99064519351,"NRI_P149",100
"57799",-1417.18743519351,"NRI_P149",25
"57800",2121.0700648065,"NRI_P149",50
"57801",-2019.00564519351,"NRI_P149",100
"57802",233.979534806494,"NRI_P149",25
"57803",57.6305048064969,"NRI_P149",50
"57804",-1193.3965751935,"NRI_P149",100
"57805",-658.70780519351,"NRI_P149",25
"57806",-3753.98849519351,"NRI_P149",50
"57807",-1376.79343519351,"NRI_P149",100
"57808",225.2966948065,"NRI_P149",25
"57809",1320.5978848065,"NRI_P149",50
"57810",-3065.55210519351,"NRI_P149",100
"57811",-1636.1738251935,"NRI_P149",25
"57812",-3896.48617519351,"NRI_P149",50
"57813",-6456.55769519351,"NRI_P149",100
"57814",788.474854806496,"NRI_P149",25
"57815",-1807.25112519351,"NRI_P149",50
"57816",-2028.72921519351,"NRI_P149",100
"57817",-1569.93506519351,"NRI_P149",25
"57818",2459.8080448065,"NRI_P149",50
"57819",-4642.1685451935,"NRI_P149",100
"57820",1447.9814448065,"NRI_P149",25
"57821",-798.487335193509,"NRI_P149",50
"57822",-547.874015193505,"NRI_P149",100
"57823",-333.217175193509,"NRI_P149",25
"57824",-1691.6380651935,"NRI_P149",50
"57825",-2799.22572519351,"NRI_P149",100
"57826",-3185.88237519351,"NRI_P149",25
"57827",1575.72304480649,"NRI_P149",50
"57828",-2490.4432151935,"NRI_P149",100
"57829",-1341.90153519351,"NRI_P149",25
"57830",-253.536875193502,"NRI_P149",50
"57831",-1641.31170519351,"NRI_P149",100
"57832",1240.85431480649,"NRI_P149",25
"57833",1918.71775480649,"NRI_P149",50
"57834",-784.533785193504,"NRI_P149",100
"57835",79.4686448064895,"NRI_P149",25
"57836",-1794.8723651935,"NRI_P149",50
"57837",-1839.76820519351,"NRI_P149",100
"57838",-2583.9472951935,"NRI_P149",25
"57839",-1222.30790519351,"NRI_P149",50
"57840",4388.56948480649,"NRI_P149",100
"57841",-2454.6142951935,"NRI_P149",25
"57842",-1669.01342519351,"NRI_P149",50
"57843",-4944.6209851935,"NRI_P149",100
"57844",-1621.3176051935,"NRI_P149",25
"57845",-4037.07192519351,"NRI_P149",50
"57846",-2911.9920051935,"NRI_P149",100
"57847",-415.6894651935,"NRI_P149",25
"57848",-3482.4363251935,"NRI_P149",50
"57849",-217.864625193499,"NRI_P149",100
"57850",-1012.7551451935,"NRI_P149",25
"57851",192.113864806495,"NRI_P149",50
"57852",-731.515615193508,"NRI_P149",100
"57853",-750.687705193501,"NRI_P149",25
"57854",1313.85898480649,"NRI_P149",50
"57855",-1984.97619519351,"NRI_P149",100
"57856",-326.996755193511,"NRI_P149",25
"57857",-2323.1120151935,"NRI_P149",50
"57858",-7909.7748751935,"NRI_P149",100
"57859",-700.964335193508,"NRI_P149",25
"57860",-1977.25796519351,"NRI_P149",50
"57861",-5043.58821519351,"NRI_P149",100
"57862",827.753714806488,"NRI_P149",25
"57863",-920.869985193509,"NRI_P149",50
"57864",-5306.67312519351,"NRI_P149",100
"57865",383.585184806492,"NRI_P149",25
"57866",-4055.03486519351,"NRI_P149",50
"57867",2933.75192480649,"NRI_P149",100
"57868",318.035644806499,"NRI_P149",25
"57869",-714.208185193507,"NRI_P149",50
"57870",148.911834806495,"NRI_P149",100
"57871",-39.2192251935048,"NRI_P149",25
"57872",-350.669545193508,"NRI_P149",50
"57873",-4265.61860519351,"NRI_P149",100
"57874",1105.26532480649,"NRI_P149",25
"57875",-1679.74618519351,"NRI_P149",50
"57876",-455.92784519351,"NRI_P149",100
"57877",4975.1341648065,"NRI_P149",25
"57878",-310.997235193499,"NRI_P149",50
"57879",-6838.52748519351,"NRI_P149",100
"57880",-449.108635193508,"NRI_P149",25
"57881",-2343.5052851935,"NRI_P149",50
"57882",-1229.55700519351,"NRI_P149",100
"57883",-922.306705193507,"NRI_P149",25
"57884",-110.477245193499,"NRI_P149",50
"57885",521.632674806489,"NRI_P149",100
"57886",550.3170248065,"NRI_P149",25
"57887",-1826.4789251935,"NRI_P149",50
"57888",-3737.8249251935,"NRI_P149",100
"57889",-910.663555193503,"NRI_P149",25
"57890",-704.833415193512,"NRI_P149",50
"57891",-5808.9826751935,"NRI_P149",100
"57892",-2421.5517051935,"NRI_P149",25
"57893",1328.92777480649,"NRI_P149",50
"57894",-702.29102519351,"NRI_P149",100
"57895",-1661.4931551935,"NRI_P149",25
"57896",2002.45402480649,"NRI_P149",50
"57897",170.108644806489,"NRI_P149",100
"57898",1728.02791480649,"NRI_P149",25
"57899",-2145.3453851935,"NRI_P149",50
"57900",-809.335825193499,"NRI_P149",100
"57901",-1215.949479071,"NRI_P150",25
"57902",2803.765800929,"NRI_P150",50
"57903",9131.19102092901,"NRI_P150",100
"57904",279.790150928995,"NRI_P150",25
"57905",7339.243440929,"NRI_P150",50
"57906",-627.311449071,"NRI_P150",100
"57907",438.644440928998,"NRI_P150",25
"57908",2564.268600929,"NRI_P150",50
"57909",3208.674500929,"NRI_P150",100
"57910",-793.650629070995,"NRI_P150",25
"57911",-4193.848669071,"NRI_P150",50
"57912",7635.217340929,"NRI_P150",100
"57913",1280.09000092901,"NRI_P150",25
"57914",4138.04461092901,"NRI_P150",50
"57915",608.985600928994,"NRI_P150",100
"57916",1290.758920929,"NRI_P150",25
"57917",4583.201780929,"NRI_P150",50
"57918",12522.392240929,"NRI_P150",100
"57919",3817.150640929,"NRI_P150",25
"57920",6881.470230929,"NRI_P150",50
"57921",399.072160929005,"NRI_P150",100
"57922",3450.19080092901,"NRI_P150",25
"57923",4276.986080929,"NRI_P150",50
"57924",7842.169210929,"NRI_P150",100
"57925",-425.983409070992,"NRI_P150",25
"57926",3890.94351092901,"NRI_P150",50
"57927",10812.382110929,"NRI_P150",100
"57928",-320.720229070997,"NRI_P150",25
"57929",165.831510928998,"NRI_P150",50
"57930",5511.20348092901,"NRI_P150",100
"57931",-709.092949070997,"NRI_P150",25
"57932",3296.29487092901,"NRI_P150",50
"57933",16624.393960929,"NRI_P150",100
"57934",1678.11193092901,"NRI_P150",25
"57935",4512.985260929,"NRI_P150",50
"57936",4281.30846092899,"NRI_P150",100
"57937",636.847240928997,"NRI_P150",25
"57938",4447.361860929,"NRI_P150",50
"57939",5047.47262092899,"NRI_P150",100
"57940",-1678.76478907099,"NRI_P150",25
"57941",2636.365120929,"NRI_P150",50
"57942",462.400100929008,"NRI_P150",100
"57943",681.096190929005,"NRI_P150",25
"57944",1696.701180929,"NRI_P150",50
"57945",9724.224660929,"NRI_P150",100
"57946",933.950870928995,"NRI_P150",25
"57947",819.663680929007,"NRI_P150",50
"57948",73.3460709289939,"NRI_P150",100
"57949",-1012.509899071,"NRI_P150",25
"57950",653.648140928999,"NRI_P150",50
"57951",9057.49011092901,"NRI_P150",100
"57952",977.549890929004,"NRI_P150",25
"57953",-455.849129070994,"NRI_P150",50
"57954",13029.652280929,"NRI_P150",100
"57955",-1355.08932907099,"NRI_P150",25
"57956",-259.680499070993,"NRI_P150",50
"57957",3983.27059092899,"NRI_P150",100
"57958",5905.487990929,"NRI_P150",25
"57959",2838.273800929,"NRI_P150",50
"57960",-132.723839070997,"NRI_P150",100
"57961",2564.551440929,"NRI_P150",25
"57962",-526.025859071,"NRI_P150",50
"57963",2293.91506092899,"NRI_P150",100
"57964",2489.854740929,"NRI_P150",25
"57965",-865.366029070996,"NRI_P150",50
"57966",934.773140928999,"NRI_P150",100
"57967",-33.8702090709994,"NRI_P150",25
"57968",2628.01263092901,"NRI_P150",50
"57969",7478.937040929,"NRI_P150",100
"57970",6138.844930929,"NRI_P150",25
"57971",2709.853610929,"NRI_P150",50
"57972",2183.790210929,"NRI_P150",100
"57973",-1154.781609071,"NRI_P150",25
"57974",687.961030929,"NRI_P150",50
"57975",972.856850929005,"NRI_P150",100
"57976",-1389.337849071,"NRI_P150",25
"57977",6651.313630929,"NRI_P150",50
"57978",2954.293310929,"NRI_P150",100
"57979",4898.225530929,"NRI_P150",25
"57980",1443.85423092901,"NRI_P150",50
"57981",7169.300050929,"NRI_P150",100
"57982",2390.50029092901,"NRI_P150",25
"57983",7882.067590929,"NRI_P150",50
"57984",-1867.74561907099,"NRI_P150",100
"57985",4677.120550929,"NRI_P150",25
"57986",3523.886030929,"NRI_P150",50
"57987",554.481660928999,"NRI_P150",100
"57988",-2423.84907907101,"NRI_P150",25
"57989",15169.569220929,"NRI_P150",50
"57990",-18.7851490710018,"NRI_P150",100
"57991",-100.597449070992,"NRI_P150",25
"57992",2184.04367092901,"NRI_P150",50
"57993",8187.34607092899,"NRI_P150",100
"57994",744.992890929003,"NRI_P150",25
"57995",313.304570929002,"NRI_P150",50
"57996",9451.720310929,"NRI_P150",100
"57997",4241.52299092901,"NRI_P150",25
"57998",7592.800320929,"NRI_P150",50
"57999",4235.534650929,"NRI_P150",100
"58000",-161.235809071004,"NRI_P150",25
"58001",5546.296910929,"NRI_P150",50
"58002",2254.725480929,"NRI_P150",100
"58003",1004.738110929,"NRI_P150",25
"58004",1897.42611092899,"NRI_P150",50
"58005",1736.673250929,"NRI_P150",100
"58006",5318.983650929,"NRI_P150",25
"58007",9337.469070929,"NRI_P150",50
"58008",3416.436840929,"NRI_P150",100
"58009",-456.001539071003,"NRI_P150",25
"58010",611.979120928998,"NRI_P150",50
"58011",3604.978620929,"NRI_P150",100
"58012",-3692.616889071,"NRI_P150",25
"58013",2895.05291092901,"NRI_P150",50
"58014",3556.15921092901,"NRI_P150",100
"58015",2450.353650929,"NRI_P150",25
"58016",-2209.767129071,"NRI_P150",50
"58017",99.0495809290005,"NRI_P150",100
"58018",2162.14876092901,"NRI_P150",25
"58019",203.307440928998,"NRI_P150",50
"58020",3430.368020929,"NRI_P150",100
"58021",-2089.571909071,"NRI_P150",25
"58022",563.363390929007,"NRI_P150",50
"58023",3188.725140929,"NRI_P150",100
"58024",2843.881030929,"NRI_P150",25
"58025",-1127.40539907099,"NRI_P150",50
"58026",12674.039920929,"NRI_P150",100
"58027",505.653400929004,"NRI_P150",25
"58028",-1927.078099071,"NRI_P150",50
"58029",9787.01311092899,"NRI_P150",100
"58030",2453.274690929,"NRI_P150",25
"58031",4774.51728092899,"NRI_P150",50
"58032",7168.708450929,"NRI_P150",100
"58033",-88.072859071006,"NRI_P150",25
"58034",997.784000928994,"NRI_P150",50
"58035",4935.536930929,"NRI_P150",100
"58036",1289.368180929,"NRI_P150",25
"58037",2189.977620929,"NRI_P150",50
"58038",4773.433250929,"NRI_P150",100
"58039",3023.644650929,"NRI_P150",25
"58040",-1268.81052907099,"NRI_P150",50
"58041",-311.320409071006,"NRI_P150",100
"58042",-50.2247890709987,"NRI_P150",25
"58043",-625.687169070996,"NRI_P150",50
"58044",2476.00352092901,"NRI_P150",100
"58045",-411.499149070994,"NRI_P150",25
"58046",4564.308260929,"NRI_P150",50
"58047",8653.33639092901,"NRI_P150",100
"58048",-1022.60324907101,"NRI_P150",25
"58049",3773.276660929,"NRI_P150",50
"58050",3454.590810929,"NRI_P150",100
"58051",289.930660929007,"NRI_P150",25
"58052",3081.63437092899,"NRI_P150",50
"58053",76.6868409290037,"NRI_P150",100
"58054",1570.209710929,"NRI_P150",25
"58055",3509.351460929,"NRI_P150",50
"58056",3149.431020929,"NRI_P150",100
"58057",-463.792159071003,"NRI_P150",25
"58058",2273.639710929,"NRI_P150",50
"58059",7407.516450929,"NRI_P150",100
"58060",418.521990929003,"NRI_P150",25
"58061",566.987990929003,"NRI_P150",50
"58062",-376.143799070996,"NRI_P150",100
"58063",-1188.51929907101,"NRI_P150",25
"58064",2024.928280929,"NRI_P150",50
"58065",7114.314480929,"NRI_P150",100
"58066",1885.585080929,"NRI_P150",25
"58067",-1196.777789071,"NRI_P150",50
"58068",4442.322240929,"NRI_P150",100
"58069",-1743.863159071,"NRI_P150",25
"58070",-367.124759070997,"NRI_P150",50
"58071",6470.23998092901,"NRI_P150",100
"58072",2336.813120929,"NRI_P150",25
"58073",3895.615530929,"NRI_P150",50
"58074",14110.973270929,"NRI_P150",100
"58075",1423.35948092901,"NRI_P150",25
"58076",245.683480929001,"NRI_P150",50
"58077",6284.925640929,"NRI_P150",100
"58078",3960.068800929,"NRI_P150",25
"58079",1762.963300929,"NRI_P150",50
"58080",7854.486700929,"NRI_P150",100
"58081",-221.128999070992,"NRI_P150",25
"58082",4197.721680929,"NRI_P150",50
"58083",2600.524780929,"NRI_P150",100
"58084",2863.281610929,"NRI_P150",25
"58085",-2450.152869071,"NRI_P150",50
"58086",4845.844100929,"NRI_P150",100
"58087",2404.86279092899,"NRI_P150",25
"58088",932.772190928998,"NRI_P150",50
"58089",6029.70181092901,"NRI_P150",100
"58090",5286.87414092899,"NRI_P150",25
"58091",2644.894180929,"NRI_P150",50
"58092",9001.970320929,"NRI_P150",100
"58093",11373.973510929,"NRI_P150",25
"58094",5726.830670929,"NRI_P150",50
"58095",1940.888140929,"NRI_P150",100
"58096",1098.082020929,"NRI_P150",25
"58097",-977.189559071005,"NRI_P150",50
"58098",8357.737840929,"NRI_P150",100
"58099",628.771930928997,"NRI_P150",25
"58100",1781.15470092901,"NRI_P150",50
"58101",303.058060929005,"NRI_P150",100
"58102",-2.1456990709994,"NRI_P150",25
"58103",824.627630928997,"NRI_P150",50
"58104",4079.606320929,"NRI_P150",100
"58105",-1689.453419071,"NRI_P150",25
"58106",-3126.669469071,"NRI_P150",50
"58107",8503.982470929,"NRI_P150",100
"58108",-868.021179071002,"NRI_P150",25
"58109",3444.04449092899,"NRI_P150",50
"58110",9387.014130929,"NRI_P150",100
"58111",879.734870928994,"NRI_P150",25
"58112",-1713.329369071,"NRI_P150",50
"58113",8407.932060929,"NRI_P150",100
"58114",1467.27170092901,"NRI_P150",25
"58115",4131.336760929,"NRI_P150",50
"58116",8581.165560929,"NRI_P150",100
"58117",1400.20396092901,"NRI_P150",25
"58118",7089.79926092899,"NRI_P150",50
"58119",2285.910300929,"NRI_P150",100
"58120",1016.15534092901,"NRI_P150",25
"58121",8075.98117092901,"NRI_P150",50
"58122",6292.339730929,"NRI_P150",100
"58123",912.695650929003,"NRI_P150",25
"58124",1870.211300929,"NRI_P150",50
"58125",6546.81237092899,"NRI_P150",100
"58126",944.938250929001,"NRI_P150",25
"58127",1906.072370929,"NRI_P150",50
"58128",3001.52798092901,"NRI_P150",100
"58129",1791.56151092899,"NRI_P150",25
"58130",3564.742460929,"NRI_P150",50
"58131",1569.66226092901,"NRI_P150",100
"58132",-408.518069070997,"NRI_P150",25
"58133",1963.466310929,"NRI_P150",50
"58134",9232.414050929,"NRI_P150",100
"58135",-10.6693890710012,"NRI_P150",25
"58136",-146.154949071002,"NRI_P150",50
"58137",700.441300929,"NRI_P150",100
"58138",2459.990550929,"NRI_P150",25
"58139",5636.797830929,"NRI_P150",50
"58140",7275.999290929,"NRI_P150",100
"58141",-842.714779071001,"NRI_P150",25
"58142",5217.973020929,"NRI_P150",50
"58143",1690.96776092899,"NRI_P150",100
"58144",427.797440929004,"NRI_P150",25
"58145",4598.116900929,"NRI_P150",50
"58146",5846.485690929,"NRI_P150",100
"58147",3634.944350929,"NRI_P150",25
"58148",4049.61846092901,"NRI_P150",50
"58149",6460.60758092901,"NRI_P150",100
"58150",4311.329720929,"NRI_P150",25
"58151",-888.918349070998,"NRI_P150",50
"58152",4133.75593092899,"NRI_P150",100
"58153",86.7257009290042,"NRI_P150",25
"58154",-330.279949071002,"NRI_P150",50
"58155",-325.801889070994,"NRI_P150",100
"58156",1129.55824092901,"NRI_P150",25
"58157",4262.074980929,"NRI_P150",50
"58158",7518.526680929,"NRI_P150",100
"58159",6692.064700929,"NRI_P150",25
"58160",1239.01805092901,"NRI_P150",50
"58161",10577.561210929,"NRI_P150",100
"58162",4694.13579092899,"NRI_P150",25
"58163",-3081.60178907099,"NRI_P150",50
"58164",2785.085160929,"NRI_P150",100
"58165",2226.329760929,"NRI_P150",25
"58166",-1083.572879071,"NRI_P150",50
"58167",1067.064700929,"NRI_P150",100
"58168",-1717.850389071,"NRI_P150",25
"58169",-594.563639070999,"NRI_P150",50
"58170",12885.637360929,"NRI_P150",100
"58171",-1045.748449071,"NRI_P150",25
"58172",55.6455109289964,"NRI_P150",50
"58173",4854.359970929,"NRI_P150",100
"58174",2184.344810929,"NRI_P150",25
"58175",928.642840928995,"NRI_P150",50
"58176",5807.22300092901,"NRI_P150",100
"58177",2775.116810929,"NRI_P150",25
"58178",3471.934600929,"NRI_P150",50
"58179",-1115.23533907101,"NRI_P150",100
"58180",-48.8445190710045,"NRI_P150",25
"58181",-2884.290359071,"NRI_P150",50
"58182",2114.869460929,"NRI_P150",100
"58183",1501.706230929,"NRI_P150",25
"58184",3182.690100929,"NRI_P150",50
"58185",3736.24436092901,"NRI_P150",100
"58186",-1693.868539071,"NRI_P150",25
"58187",4092.608630929,"NRI_P150",50
"58188",8504.934520929,"NRI_P150",100
"58189",2147.470220929,"NRI_P150",25
"58190",5048.366170929,"NRI_P150",50
"58191",24.5350309290079,"NRI_P150",100
"58192",-2998.574689071,"NRI_P150",25
"58193",7278.954930929,"NRI_P150",50
"58194",4603.223740929,"NRI_P150",100
"58195",386.706540928993,"NRI_P150",25
"58196",4023.592470929,"NRI_P150",50
"58197",11763.851010929,"NRI_P150",100
"58198",-900.783289070998,"NRI_P150",25
"58199",-1154.68281907099,"NRI_P150",50
"58200",866.876290928994,"NRI_P150",100
"58201",30966.2746586,"NRI_P151",25
"58202",-43605.2137114,"NRI_P151",50
"58203",-75030.7256614,"NRI_P151",100
"58204",-10001.2914014,"NRI_P151",25
"58205",-40400.8770714,"NRI_P151",50
"58206",-54575.4456114,"NRI_P151",100
"58207",2288.57441860001,"NRI_P151",25
"58208",3158.11225860001,"NRI_P151",50
"58209",-32144.6901914,"NRI_P151",100
"58210",-15952.1019014,"NRI_P151",25
"58211",18091.1882786,"NRI_P151",50
"58212",-61548.2825314,"NRI_P151",100
"58213",-33195.8147814,"NRI_P151",25
"58214",-39994.3111114,"NRI_P151",50
"58215",-10822.5543914,"NRI_P151",100
"58216",-41847.9310914,"NRI_P151",25
"58217",-12544.3212214,"NRI_P151",50
"58218",-79663.0860914,"NRI_P151",100
"58219",-1902.63002139999,"NRI_P151",25
"58220",-29356.2993414,"NRI_P151",50
"58221",-61438.5931014,"NRI_P151",100
"58222",-19229.7180214,"NRI_P151",25
"58223",-581.846581400023,"NRI_P151",50
"58224",-83345.3938914,"NRI_P151",100
"58225",10818.9287586,"NRI_P151",25
"58226",-62101.7451714,"NRI_P151",50
"58227",-86184.0444114,"NRI_P151",100
"58228",-36369.1332614,"NRI_P151",25
"58229",27159.4008686,"NRI_P151",50
"58230",-71326.1574114,"NRI_P151",100
"58231",-3851.5433514,"NRI_P151",25
"58232",-42584.7949214,"NRI_P151",50
"58233",-79395.9554714,"NRI_P151",100
"58234",-3141.78284140001,"NRI_P151",25
"58235",10361.8135986,"NRI_P151",50
"58236",-52306.6740214,"NRI_P151",100
"58237",-5203.46879140002,"NRI_P151",25
"58238",-19744.3374414,"NRI_P151",50
"58239",-53459.4892814,"NRI_P151",100
"58240",21660.5665186,"NRI_P151",25
"58241",-49428.3232214,"NRI_P151",50
"58242",-69797.8472514,"NRI_P151",100
"58243",-4352.32444140001,"NRI_P151",25
"58244",-16053.8638714,"NRI_P151",50
"58245",-36736.0827014,"NRI_P151",100
"58246",-13079.0437114,"NRI_P151",25
"58247",-43424.7700414,"NRI_P151",50
"58248",-52097.1533014,"NRI_P151",100
"58249",830.031318599998,"NRI_P151",25
"58250",-20897.0855614,"NRI_P151",50
"58251",-87334.2446014,"NRI_P151",100
"58252",-9884.1267814,"NRI_P151",25
"58253",-21407.8425914,"NRI_P151",50
"58254",-31082.4361114,"NRI_P151",100
"58255",-21001.3360314,"NRI_P151",25
"58256",-38435.1377014,"NRI_P151",50
"58257",-34406.8592814,"NRI_P151",100
"58258",-10766.8777614,"NRI_P151",25
"58259",-42291.7262314,"NRI_P151",50
"58260",-46949.2377714,"NRI_P151",100
"58261",-7031.05134140002,"NRI_P151",25
"58262",-21975.7802114,"NRI_P151",50
"58263",-1724.2867614,"NRI_P151",100
"58264",-36254.0990814,"NRI_P151",25
"58265",-24812.1773614,"NRI_P151",50
"58266",-68379.0516714,"NRI_P151",100
"58267",1570.26954860002,"NRI_P151",25
"58268",-31822.0995314,"NRI_P151",50
"58269",-39324.7770514,"NRI_P151",100
"58270",-27224.3937014,"NRI_P151",25
"58271",14548.3710586,"NRI_P151",50
"58272",-52875.1441914,"NRI_P151",100
"58273",4072.2116486,"NRI_P151",25
"58274",-14902.3710214,"NRI_P151",50
"58275",-28860.3890914,"NRI_P151",100
"58276",-47090.6947714,"NRI_P151",25
"58277",-31975.2731814,"NRI_P151",50
"58278",-54926.6187414,"NRI_P151",100
"58279",146.090738600004,"NRI_P151",25
"58280",-48632.9260314,"NRI_P151",50
"58281",-52471.0781314,"NRI_P151",100
"58282",-12405.9259814,"NRI_P151",25
"58283",-52319.1615814,"NRI_P151",50
"58284",4796.60063860001,"NRI_P151",100
"58285",-24100.4380814,"NRI_P151",25
"58286",-28179.1128314,"NRI_P151",50
"58287",-54097.3703614,"NRI_P151",100
"58288",-9337.56368139997,"NRI_P151",25
"58289",2829.03041860001,"NRI_P151",50
"58290",-47099.3646214,"NRI_P151",100
"58291",-23848.5234714,"NRI_P151",25
"58292",-50963.9637714,"NRI_P151",50
"58293",-25387.7691414,"NRI_P151",100
"58294",-32069.8408014,"NRI_P151",25
"58295",-54835.2593314,"NRI_P151",50
"58296",-43133.4309614,"NRI_P151",100
"58297",-21201.8891214,"NRI_P151",25
"58298",11710.3003386,"NRI_P151",50
"58299",-59878.4941214,"NRI_P151",100
"58300",-31714.7147014,"NRI_P151",25
"58301",-67743.2697414,"NRI_P151",50
"58302",-71051.6851514,"NRI_P151",100
"58303",-18154.4353714,"NRI_P151",25
"58304",-42101.7754914,"NRI_P151",50
"58305",-24346.0131014,"NRI_P151",100
"58306",24484.8282186,"NRI_P151",25
"58307",-54735.0885614,"NRI_P151",50
"58308",-24706.9381214,"NRI_P151",100
"58309",-7508.03006140003,"NRI_P151",25
"58310",-39427.6381214,"NRI_P151",50
"58311",-44250.1542714,"NRI_P151",100
"58312",-9373.6595214,"NRI_P151",25
"58313",-20140.7156214,"NRI_P151",50
"58314",-65157.8223514,"NRI_P151",100
"58315",-9407.11913140002,"NRI_P151",25
"58316",-11618.3133614,"NRI_P151",50
"58317",-78778.5049814,"NRI_P151",100
"58318",-17167.8428514,"NRI_P151",25
"58319",-22428.2451214,"NRI_P151",50
"58320",-53222.6479614,"NRI_P151",100
"58321",-15605.4456714,"NRI_P151",25
"58322",-31020.5565814,"NRI_P151",50
"58323",-10132.2246614,"NRI_P151",100
"58324",-19204.3735214,"NRI_P151",25
"58325",-50982.0389614,"NRI_P151",50
"58326",-51092.3783914,"NRI_P151",100
"58327",-17137.1899714,"NRI_P151",25
"58328",-21964.3152114,"NRI_P151",50
"58329",-73535.6801914,"NRI_P151",100
"58330",-4510.46505140001,"NRI_P151",25
"58331",-59253.6895214,"NRI_P151",50
"58332",-53682.4051614,"NRI_P151",100
"58333",-50010.7305414,"NRI_P151",25
"58334",-22825.1147214,"NRI_P151",50
"58335",10660.6066286,"NRI_P151",100
"58336",-20339.7624814,"NRI_P151",25
"58337",-16153.7287014,"NRI_P151",50
"58338",-96516.4600814,"NRI_P151",100
"58339",-39713.4010214,"NRI_P151",25
"58340",10514.7414686,"NRI_P151",50
"58341",-38488.0951514,"NRI_P151",100
"58342",-9227.39459139999,"NRI_P151",25
"58343",-53739.0587314,"NRI_P151",50
"58344",-21066.4716014,"NRI_P151",100
"58345",-13049.4008414,"NRI_P151",25
"58346",-24017.8326514,"NRI_P151",50
"58347",-40874.0952214,"NRI_P151",100
"58348",-16986.0115814,"NRI_P151",25
"58349",-55714.1712114,"NRI_P151",50
"58350",-78931.8694514,"NRI_P151",100
"58351",-40204.1913314,"NRI_P151",25
"58352",-9357.56658139999,"NRI_P151",50
"58353",-33027.8681914,"NRI_P151",100
"58354",-29410.0395014,"NRI_P151",25
"58355",18495.7993786,"NRI_P151",50
"58356",13330.5180386,"NRI_P151",100
"58357",-27939.9640014,"NRI_P151",25
"58358",-32108.0181614,"NRI_P151",50
"58359",-89972.9193414,"NRI_P151",100
"58360",-31197.4297814,"NRI_P151",25
"58361",-33016.4544814,"NRI_P151",50
"58362",-68032.4596614,"NRI_P151",100
"58363",-54302.4824514,"NRI_P151",25
"58364",-24509.6411514,"NRI_P151",50
"58365",26195.1510786,"NRI_P151",100
"58366",3457.37226859998,"NRI_P151",25
"58367",-26318.3419814,"NRI_P151",50
"58368",-45715.4933414,"NRI_P151",100
"58369",-28742.2511614,"NRI_P151",25
"58370",-40080.9995514,"NRI_P151",50
"58371",-51435.2804914,"NRI_P151",100
"58372",16047.0558786,"NRI_P151",25
"58373",-56480.7576214,"NRI_P151",50
"58374",-47707.4994214,"NRI_P151",100
"58375",15304.2571486,"NRI_P151",25
"58376",-40367.8959814,"NRI_P151",50
"58377",-30311.7856214,"NRI_P151",100
"58378",-1124.78472140001,"NRI_P151",25
"58379",-8090.19465140003,"NRI_P151",50
"58380",-22324.7677814,"NRI_P151",100
"58381",-22953.7524114,"NRI_P151",25
"58382",-54726.7349014,"NRI_P151",50
"58383",-41330.9256014,"NRI_P151",100
"58384",-3484.2423714,"NRI_P151",25
"58385",-38447.3397114,"NRI_P151",50
"58386",31763.0694486,"NRI_P151",100
"58387",-21498.9799714,"NRI_P151",25
"58388",-27812.9620114,"NRI_P151",50
"58389",-58784.1031214,"NRI_P151",100
"58390",-19302.1254614,"NRI_P151",25
"58391",16770.4234486,"NRI_P151",50
"58392",-24241.4568114,"NRI_P151",100
"58393",-5852.08532140002,"NRI_P151",25
"58394",-10412.4146814,"NRI_P151",50
"58395",-81360.7765714,"NRI_P151",100
"58396",-13635.2183714,"NRI_P151",25
"58397",-42616.9002514,"NRI_P151",50
"58398",-90656.6171114,"NRI_P151",100
"58399",-26243.2684814,"NRI_P151",25
"58400",-43282.0616714,"NRI_P151",50
"58401",-28428.7160014,"NRI_P151",100
"58402",-34096.1824214,"NRI_P151",25
"58403",-25023.9490614,"NRI_P151",50
"58404",-80124.5470114,"NRI_P151",100
"58405",3016.93155859999,"NRI_P151",25
"58406",-61245.4436814,"NRI_P151",50
"58407",-13959.9860514,"NRI_P151",100
"58408",-12952.4491814,"NRI_P151",25
"58409",-25305.3891914,"NRI_P151",50
"58410",-50943.4463214,"NRI_P151",100
"58411",765.284198599984,"NRI_P151",25
"58412",-28735.8931514,"NRI_P151",50
"58413",-36520.8537614,"NRI_P151",100
"58414",-9060.87342140003,"NRI_P151",25
"58415",-54427.0489414,"NRI_P151",50
"58416",-20722.4223414,"NRI_P151",100
"58417",-7544.82698140002,"NRI_P151",25
"58418",-38019.5997214,"NRI_P151",50
"58419",-87191.1381114,"NRI_P151",100
"58420",-12807.1710414,"NRI_P151",25
"58421",2533.77013860003,"NRI_P151",50
"58422",-108978.2083714,"NRI_P151",100
"58423",-6680.88578140002,"NRI_P151",25
"58424",8903.17385859997,"NRI_P151",50
"58425",-71423.0500614,"NRI_P151",100
"58426",-8842.52752140001,"NRI_P151",25
"58427",14796.7265386,"NRI_P151",50
"58428",-30949.6521614,"NRI_P151",100
"58429",-16047.2727414,"NRI_P151",25
"58430",-19162.1654914,"NRI_P151",50
"58431",9150.35628860001,"NRI_P151",100
"58432",-31437.8958514,"NRI_P151",25
"58433",-19386.5649114,"NRI_P151",50
"58434",-49630.5232814,"NRI_P151",100
"58435",-1096.34538140002,"NRI_P151",25
"58436",-4716.82188140001,"NRI_P151",50
"58437",-55508.3408114,"NRI_P151",100
"58438",-34727.3921714,"NRI_P151",25
"58439",-27821.0263114,"NRI_P151",50
"58440",-58233.7114614,"NRI_P151",100
"58441",-24196.5229614,"NRI_P151",25
"58442",-54222.0458114,"NRI_P151",50
"58443",-36037.1548614,"NRI_P151",100
"58444",-29395.8570914,"NRI_P151",25
"58445",-12628.1069414,"NRI_P151",50
"58446",9537.00335860002,"NRI_P151",100
"58447",-19097.8867214,"NRI_P151",25
"58448",-20770.4287714,"NRI_P151",50
"58449",2590.67938859999,"NRI_P151",100
"58450",-24596.7165814,"NRI_P151",25
"58451",-44680.8131914,"NRI_P151",50
"58452",-84510.1468014,"NRI_P151",100
"58453",10183.1570186,"NRI_P151",25
"58454",-65471.3774014,"NRI_P151",50
"58455",-28670.9682814,"NRI_P151",100
"58456",6733.02528860001,"NRI_P151",25
"58457",-42536.1386914,"NRI_P151",50
"58458",-62034.9098414,"NRI_P151",100
"58459",-8713.43568140001,"NRI_P151",25
"58460",-19951.5659614,"NRI_P151",50
"58461",-69763.5653914,"NRI_P151",100
"58462",-795.310361400014,"NRI_P151",25
"58463",-37492.5252414,"NRI_P151",50
"58464",-69217.1840814,"NRI_P151",100
"58465",-2508.59842140001,"NRI_P151",25
"58466",-14513.9178414,"NRI_P151",50
"58467",-70565.1392114,"NRI_P151",100
"58468",-18922.9074114,"NRI_P151",25
"58469",-39627.3235614,"NRI_P151",50
"58470",-25507.7579414,"NRI_P151",100
"58471",-18551.5294814,"NRI_P151",25
"58472",9239.62593859999,"NRI_P151",50
"58473",-65391.2645114,"NRI_P151",100
"58474",-5677.93313140003,"NRI_P151",25
"58475",16321.4127886,"NRI_P151",50
"58476",-31862.6815114,"NRI_P151",100
"58477",2167.33735859999,"NRI_P151",25
"58478",-51969.1767214,"NRI_P151",50
"58479",-22405.4030314,"NRI_P151",100
"58480",-348.233551400015,"NRI_P151",25
"58481",-16154.6869514,"NRI_P151",50
"58482",-60576.2459714,"NRI_P151",100
"58483",-36153.9140114,"NRI_P151",25
"58484",-17455.9699814,"NRI_P151",50
"58485",-18742.9223914,"NRI_P151",100
"58486",-5164.58596140001,"NRI_P151",25
"58487",-47341.8227914,"NRI_P151",50
"58488",-60762.5984414,"NRI_P151",100
"58489",-18715.2562514,"NRI_P151",25
"58490",-40581.4443214,"NRI_P151",50
"58491",29749.7840286,"NRI_P151",100
"58492",-4399.3831714,"NRI_P151",25
"58493",-20765.4222914,"NRI_P151",50
"58494",-16929.7703114,"NRI_P151",100
"58495",6412.03257859999,"NRI_P151",25
"58496",-74641.5866614,"NRI_P151",50
"58497",-38573.3409914,"NRI_P151",100
"58498",-5308.6164914,"NRI_P151",25
"58499",-3116.17680140003,"NRI_P151",50
"58500",-54016.4116314,"NRI_P151",100
"58501",-17448.838881055,"NRI_P152",25
"58502",33687.514958945,"NRI_P152",50
"58503",-73360.808911055,"NRI_P152",100
"58504",5088.96025894501,"NRI_P152",25
"58505",-20949.437511055,"NRI_P152",50
"58506",-34931.736261055,"NRI_P152",100
"58507",32997.379328945,"NRI_P152",25
"58508",-24355.3997510551,"NRI_P152",50
"58509",-93170.687161055,"NRI_P152",100
"58510",-30956.512881055,"NRI_P152",25
"58511",-48131.864921055,"NRI_P152",50
"58512",24670.750788945,"NRI_P152",100
"58513",4901.75465894502,"NRI_P152",25
"58514",-46217.164011055,"NRI_P152",50
"58515",-41450.260671055,"NRI_P152",100
"58516",-53525.233581055,"NRI_P152",25
"58517",-99111.606311055,"NRI_P152",50
"58518",-63516.780261055,"NRI_P152",100
"58519",4540.19231894496,"NRI_P152",25
"58520",-58739.334021055,"NRI_P152",50
"58521",-68846.344861055,"NRI_P152",100
"58522",-9505.55901105504,"NRI_P152",25
"58523",21848.332308945,"NRI_P152",50
"58524",-40483.009381055,"NRI_P152",100
"58525",-21495.014501055,"NRI_P152",25
"58526",-6981.76305105502,"NRI_P152",50
"58527",-62384.312801055,"NRI_P152",100
"58528",-2777.58875105507,"NRI_P152",25
"58529",-53909.215001055,"NRI_P152",50
"58530",-83734.919501055,"NRI_P152",100
"58531",15202.0375189449,"NRI_P152",25
"58532",-38507.854091055,"NRI_P152",50
"58533",-25397.226291055,"NRI_P152",100
"58534",23635.2078189449,"NRI_P152",25
"58535",-64700.841021055,"NRI_P152",50
"58536",-84151.147891055,"NRI_P152",100
"58537",18475.043258945,"NRI_P152",25
"58538",-30556.026381055,"NRI_P152",50
"58539",-82351.524261055,"NRI_P152",100
"58540",4718.80345894501,"NRI_P152",25
"58541",17101.786058945,"NRI_P152",50
"58542",-48152.295071055,"NRI_P152",100
"58543",-26748.929541055,"NRI_P152",25
"58544",-67484.001961055,"NRI_P152",50
"58545",18760.076088945,"NRI_P152",100
"58546",-58780.609741055,"NRI_P152",25
"58547",-70149.124221055,"NRI_P152",50
"58548",-54858.239051055,"NRI_P152",100
"58549",-32224.576771055,"NRI_P152",25
"58550",1798.11934894498,"NRI_P152",50
"58551",-53402.728671055,"NRI_P152",100
"58552",10851.616778945,"NRI_P152",25
"58553",-25521.119461055,"NRI_P152",50
"58554",-89261.076421055,"NRI_P152",100
"58555",-9250.87678105501,"NRI_P152",25
"58556",-77990.401021055,"NRI_P152",50
"58557",-79307.263321055,"NRI_P152",100
"58558",-53527.034921055,"NRI_P152",25
"58559",-35620.871381055,"NRI_P152",50
"58560",-81816.340961055,"NRI_P152",100
"58561",-124.439351055073,"NRI_P152",25
"58562",28149.279228945,"NRI_P152",50
"58563",-101810.627431055,"NRI_P152",100
"58564",-74672.828451055,"NRI_P152",25
"58565",-24464.492161055,"NRI_P152",50
"58566",-107465.035211055,"NRI_P152",100
"58567",-37634.600271055,"NRI_P152",25
"58568",-85501.933321055,"NRI_P152",50
"58569",-100478.680671055,"NRI_P152",100
"58570",-5755.65445105499,"NRI_P152",25
"58571",-19590.525411055,"NRI_P152",50
"58572",20750.815148945,"NRI_P152",100
"58573",-12685.071991055,"NRI_P152",25
"58574",-13391.581501055,"NRI_P152",50
"58575",-33643.522001055,"NRI_P152",100
"58576",-24636.9376210551,"NRI_P152",25
"58577",38103.037668945,"NRI_P152",50
"58578",-4331.86799105501,"NRI_P152",100
"58579",34384.695728945,"NRI_P152",25
"58580",5717.70358894498,"NRI_P152",50
"58581",-42478.214131055,"NRI_P152",100
"58582",-40561.872581055,"NRI_P152",25
"58583",-10513.749001055,"NRI_P152",50
"58584",-100194.982621055,"NRI_P152",100
"58585",-47402.875921055,"NRI_P152",25
"58586",-45304.918461055,"NRI_P152",50
"58587",-81874.156671055,"NRI_P152",100
"58588",-17252.635111055,"NRI_P152",25
"58589",-9680.44016105507,"NRI_P152",50
"58590",81998.102578945,"NRI_P152",100
"58591",-14697.2231210551,"NRI_P152",25
"58592",-34241.141851055,"NRI_P152",50
"58593",-55460.431331055,"NRI_P152",100
"58594",-40088.872191055,"NRI_P152",25
"58595",-79722.311731055,"NRI_P152",50
"58596",-67749.625561055,"NRI_P152",100
"58597",-6694.90388105507,"NRI_P152",25
"58598",-30024.7252310551,"NRI_P152",50
"58599",-64595.131401055,"NRI_P152",100
"58600",-7602.88538105506,"NRI_P152",25
"58601",49369.652958945,"NRI_P152",50
"58602",-22342.641551055,"NRI_P152",100
"58603",24681.842148945,"NRI_P152",25
"58604",-18524.484381055,"NRI_P152",50
"58605",-113611.179211055,"NRI_P152",100
"58606",-24808.1871010551,"NRI_P152",25
"58607",-76303.969831055,"NRI_P152",50
"58608",-28469.980821055,"NRI_P152",100
"58609",-12342.364071055,"NRI_P152",25
"58610",-69922.378871055,"NRI_P152",50
"58611",-23327.089691055,"NRI_P152",100
"58612",-38424.844251055,"NRI_P152",25
"58613",-60259.854551055,"NRI_P152",50
"58614",-42665.782971055,"NRI_P152",100
"58615",-45551.383551055,"NRI_P152",25
"58616",19111.098118945,"NRI_P152",50
"58617",-67435.013411055,"NRI_P152",100
"58618",-18630.510031055,"NRI_P152",25
"58619",-9441.29455105506,"NRI_P152",50
"58620",-75386.635011055,"NRI_P152",100
"58621",-41568.957611055,"NRI_P152",25
"58622",-57166.333991055,"NRI_P152",50
"58623",3906.58859894495,"NRI_P152",100
"58624",-59887.110121055,"NRI_P152",25
"58625",50623.611978945,"NRI_P152",50
"58626",-64576.587221055,"NRI_P152",100
"58627",9276.81587894494,"NRI_P152",25
"58628",-84221.810331055,"NRI_P152",50
"58629",-84907.240251055,"NRI_P152",100
"58630",5959.04719894496,"NRI_P152",25
"58631",-82767.369311055,"NRI_P152",50
"58632",-64812.048961055,"NRI_P152",100
"58633",6561.35641894501,"NRI_P152",25
"58634",-45918.773241055,"NRI_P152",50
"58635",-47368.835951055,"NRI_P152",100
"58636",-13390.049921055,"NRI_P152",25
"58637",19149.840028945,"NRI_P152",50
"58638",-36690.232271055,"NRI_P152",100
"58639",6377.13174894499,"NRI_P152",25
"58640",-6641.205211055,"NRI_P152",50
"58641",-34254.667101055,"NRI_P152",100
"58642",18887.508368945,"NRI_P152",25
"58643",-33744.786141055,"NRI_P152",50
"58644",-92517.604521055,"NRI_P152",100
"58645",-48438.110841055,"NRI_P152",25
"58646",2142.28615894495,"NRI_P152",50
"58647",-53061.575191055,"NRI_P152",100
"58648",-12271.472631055,"NRI_P152",25
"58649",-11003.9063410551,"NRI_P152",50
"58650",80.7959589449456,"NRI_P152",100
"58651",-12906.296481055,"NRI_P152",25
"58652",-56497.798761055,"NRI_P152",50
"58653",-82782.764631055,"NRI_P152",100
"58654",-24621.341871055,"NRI_P152",25
"58655",-11575.422251055,"NRI_P152",50
"58656",-37324.982481055,"NRI_P152",100
"58657",-54058.835471055,"NRI_P152",25
"58658",-9034.19499105506,"NRI_P152",50
"58659",-41516.220371055,"NRI_P152",100
"58660",-3282.01806105499,"NRI_P152",25
"58661",-50707.354541055,"NRI_P152",50
"58662",20077.9016489449,"NRI_P152",100
"58663",-434.340191054973,"NRI_P152",25
"58664",-66789.782871055,"NRI_P152",50
"58665",-58656.207371055,"NRI_P152",100
"58666",1491.38920894498,"NRI_P152",25
"58667",-25285.343021055,"NRI_P152",50
"58668",-46094.544491055,"NRI_P152",100
"58669",1331.08152894501,"NRI_P152",25
"58670",-44711.238901055,"NRI_P152",50
"58671",-95198.332251055,"NRI_P152",100
"58672",585.549998944975,"NRI_P152",25
"58673",-56305.365561055,"NRI_P152",50
"58674",-66737.056881055,"NRI_P152",100
"58675",-21677.9547910551,"NRI_P152",25
"58676",51287.689598945,"NRI_P152",50
"58677",-94281.452881055,"NRI_P152",100
"58678",2936.62252894498,"NRI_P152",25
"58679",-79249.849901055,"NRI_P152",50
"58680",-51460.799211055,"NRI_P152",100
"58681",-4189.92411105498,"NRI_P152",25
"58682",-66871.490351055,"NRI_P152",50
"58683",-73620.399351055,"NRI_P152",100
"58684",110.318408944993,"NRI_P152",25
"58685",-2801.80438105506,"NRI_P152",50
"58686",-72721.592581055,"NRI_P152",100
"58687",9343.41837894497,"NRI_P152",25
"58688",-3406.29898105504,"NRI_P152",50
"58689",-77680.025971055,"NRI_P152",100
"58690",-85272.062131055,"NRI_P152",25
"58691",8983.914468945,"NRI_P152",50
"58692",-27764.742641055,"NRI_P152",100
"58693",-25420.832011055,"NRI_P152",25
"58694",-49929.887671055,"NRI_P152",50
"58695",-107832.992111055,"NRI_P152",100
"58696",18526.117908945,"NRI_P152",25
"58697",-71302.506231055,"NRI_P152",50
"58698",-48872.038651055,"NRI_P152",100
"58699",-19309.637591055,"NRI_P152",25
"58700",-32647.231951055,"NRI_P152",50
"58701",-22098.389551055,"NRI_P152",100
"58702",-16643.239991055,"NRI_P152",25
"58703",-27944.170901055,"NRI_P152",50
"58704",-46648.600451055,"NRI_P152",100
"58705",-14119.281781055,"NRI_P152",25
"58706",-16860.813991055,"NRI_P152",50
"58707",-92749.565431055,"NRI_P152",100
"58708",6323.00417894498,"NRI_P152",25
"58709",-11241.3530910551,"NRI_P152",50
"58710",-106612.342681055,"NRI_P152",100
"58711",-24367.003751055,"NRI_P152",25
"58712",-60055.230561055,"NRI_P152",50
"58713",-49845.922421055,"NRI_P152",100
"58714",-15714.566621055,"NRI_P152",25
"58715",-8211.66063105501,"NRI_P152",50
"58716",-92384.618331055,"NRI_P152",100
"58717",-12149.858071055,"NRI_P152",25
"58718",5583.10897894495,"NRI_P152",50
"58719",-88946.421341055,"NRI_P152",100
"58720",-26095.364981055,"NRI_P152",25
"58721",-41756.209561055,"NRI_P152",50
"58722",-32613.111601055,"NRI_P152",100
"58723",-49914.646011055,"NRI_P152",25
"58724",-52109.602651055,"NRI_P152",50
"58725",-2017.02332105499,"NRI_P152",100
"58726",-20033.385481055,"NRI_P152",25
"58727",-17135.2069610551,"NRI_P152",50
"58728",-110683.066721055,"NRI_P152",100
"58729",44733.9615189449,"NRI_P152",25
"58730",-2355.08374105499,"NRI_P152",50
"58731",-83008.075741055,"NRI_P152",100
"58732",-30738.957321055,"NRI_P152",25
"58733",-3106.24494105496,"NRI_P152",50
"58734",-38164.697311055,"NRI_P152",100
"58735",55869.745248945,"NRI_P152",25
"58736",-56064.307981055,"NRI_P152",50
"58737",-19027.079161055,"NRI_P152",100
"58738",-5744.52728105499,"NRI_P152",25
"58739",18182.8812089449,"NRI_P152",50
"58740",-83696.042461055,"NRI_P152",100
"58741",-12876.457721055,"NRI_P152",25
"58742",-70049.827441055,"NRI_P152",50
"58743",-66042.676401055,"NRI_P152",100
"58744",-11548.613201055,"NRI_P152",25
"58745",-5470.98121105507,"NRI_P152",50
"58746",-75041.472481055,"NRI_P152",100
"58747",-18380.7439610551,"NRI_P152",25
"58748",-6791.98933105497,"NRI_P152",50
"58749",-15229.601691055,"NRI_P152",100
"58750",-10016.930631055,"NRI_P152",25
"58751",8671.78031894495,"NRI_P152",50
"58752",-90289.314231055,"NRI_P152",100
"58753",1439.98329894501,"NRI_P152",25
"58754",-51902.213221055,"NRI_P152",50
"58755",-62942.980381055,"NRI_P152",100
"58756",-1454.53186105506,"NRI_P152",25
"58757",-30183.971561055,"NRI_P152",50
"58758",-79728.560981055,"NRI_P152",100
"58759",-31975.649261055,"NRI_P152",25
"58760",15172.625988945,"NRI_P152",50
"58761",-49582.376731055,"NRI_P152",100
"58762",-34530.345281055,"NRI_P152",25
"58763",-69621.844971055,"NRI_P152",50
"58764",-58873.801221055,"NRI_P152",100
"58765",-60516.395491055,"NRI_P152",25
"58766",-53436.866031055,"NRI_P152",50
"58767",-69665.775031055,"NRI_P152",100
"58768",-42882.229951055,"NRI_P152",25
"58769",-69277.184731055,"NRI_P152",50
"58770",-52789.420561055,"NRI_P152",100
"58771",-46287.456861055,"NRI_P152",25
"58772",-40054.436501055,"NRI_P152",50
"58773",-28528.203501055,"NRI_P152",100
"58774",-16361.2905610551,"NRI_P152",25
"58775",-21464.088121055,"NRI_P152",50
"58776",-34529.107071055,"NRI_P152",100
"58777",-34858.869381055,"NRI_P152",25
"58778",-28288.2829310551,"NRI_P152",50
"58779",-100801.235141055,"NRI_P152",100
"58780",5059.39006894501,"NRI_P152",25
"58781",-39032.579661055,"NRI_P152",50
"58782",-42998.295951055,"NRI_P152",100
"58783",-19880.3008810551,"NRI_P152",25
"58784",-42591.976351055,"NRI_P152",50
"58785",-11398.576311055,"NRI_P152",100
"58786",-14936.9799410551,"NRI_P152",25
"58787",-53234.049781055,"NRI_P152",50
"58788",-93207.584491055,"NRI_P152",100
"58789",797.133848945028,"NRI_P152",25
"58790",-65530.121201055,"NRI_P152",50
"58791",-43406.443571055,"NRI_P152",100
"58792",-21236.753691055,"NRI_P152",25
"58793",-16635.561591055,"NRI_P152",50
"58794",-65808.635041055,"NRI_P152",100
"58795",-32125.492941055,"NRI_P152",25
"58796",-9064.35315105505,"NRI_P152",50
"58797",-79919.577721055,"NRI_P152",100
"58798",20808.122788945,"NRI_P152",25
"58799",-6656.11965105496,"NRI_P152",50
"58800",-72240.175021055,"NRI_P152",100
"58801",43719.491786378,"NRI_P153",25
"58802",-2193.38305362198,"NRI_P153",50
"58803",1812.88409637805,"NRI_P153",100
"58804",-2279.99130362197,"NRI_P153",25
"58805",-7217.13003362197,"NRI_P153",50
"58806",10111.679986378,"NRI_P153",100
"58807",22195.641326378,"NRI_P153",25
"58808",7440.76706637803,"NRI_P153",50
"58809",-7733.37802362198,"NRI_P153",100
"58810",-4914.28879362199,"NRI_P153",25
"58811",16298.743336378,"NRI_P153",50
"58812",37978.890286378,"NRI_P153",100
"58813",4979.04527637805,"NRI_P153",25
"58814",9793.98622637801,"NRI_P153",50
"58815",16555.880816378,"NRI_P153",100
"58816",8116.702766378,"NRI_P153",25
"58817",7666.78896637802,"NRI_P153",50
"58818",23670.141096378,"NRI_P153",100
"58819",3720.13754637801,"NRI_P153",25
"58820",23926.239336378,"NRI_P153",50
"58821",16270.572046378,"NRI_P153",100
"58822",-5816.821993622,"NRI_P153",25
"58823",26412.320296378,"NRI_P153",50
"58824",36310.882926378,"NRI_P153",100
"58825",1252.60661637801,"NRI_P153",25
"58826",16458.708916378,"NRI_P153",50
"58827",26776.788376378,"NRI_P153",100
"58828",-3333.19996362197,"NRI_P153",25
"58829",19749.762766378,"NRI_P153",50
"58830",23429.985446378,"NRI_P153",100
"58831",23070.685506378,"NRI_P153",25
"58832",4205.97418637801,"NRI_P153",50
"58833",26344.614906378,"NRI_P153",100
"58834",7827.82537637802,"NRI_P153",25
"58835",-5225.16183362197,"NRI_P153",50
"58836",5441.04587637802,"NRI_P153",100
"58837",-1550.66842362197,"NRI_P153",25
"58838",3765.18693637801,"NRI_P153",50
"58839",20383.263406378,"NRI_P153",100
"58840",4942.43627637805,"NRI_P153",25
"58841",15365.246576378,"NRI_P153",50
"58842",31746.153556378,"NRI_P153",100
"58843",-3822.03084362199,"NRI_P153",25
"58844",6192.83206637803,"NRI_P153",50
"58845",25184.180466378,"NRI_P153",100
"58846",6318.91858637804,"NRI_P153",25
"58847",-3577.308233622,"NRI_P153",50
"58848",40185.017276378,"NRI_P153",100
"58849",-8896.660713622,"NRI_P153",25
"58850",4607.09078637802,"NRI_P153",50
"58851",48413.562196378,"NRI_P153",100
"58852",19666.704556378,"NRI_P153",25
"58853",43066.414476378,"NRI_P153",50
"58854",19327.039526378,"NRI_P153",100
"58855",12076.691096378,"NRI_P153",25
"58856",14899.216806378,"NRI_P153",50
"58857",26115.780406378,"NRI_P153",100
"58858",5263.05099637801,"NRI_P153",25
"58859",20200.948646378,"NRI_P153",50
"58860",5142.15670637804,"NRI_P153",100
"58861",3940.95100637805,"NRI_P153",25
"58862",21983.545366378,"NRI_P153",50
"58863",6084.37584637804,"NRI_P153",100
"58864",-247.980203621963,"NRI_P153",25
"58865",17449.5329463781,"NRI_P153",50
"58866",18726.073546378,"NRI_P153",100
"58867",-4412.04798362195,"NRI_P153",25
"58868",3049.38267637801,"NRI_P153",50
"58869",28322.6650863781,"NRI_P153",100
"58870",10429.891376378,"NRI_P153",25
"58871",15042.855306378,"NRI_P153",50
"58872",6516.549046378,"NRI_P153",100
"58873",4567.52491637802,"NRI_P153",25
"58874",5534.675896378,"NRI_P153",50
"58875",9888.32255637803,"NRI_P153",100
"58876",5680.22251637804,"NRI_P153",25
"58877",13751.689216378,"NRI_P153",50
"58878",14949.002116378,"NRI_P153",100
"58879",2800.30651637801,"NRI_P153",25
"58880",7988.56673637801,"NRI_P153",50
"58881",12988.445286378,"NRI_P153",100
"58882",-7473.96015362197,"NRI_P153",25
"58883",1793.01501637802,"NRI_P153",50
"58884",-5280.48422362196,"NRI_P153",100
"58885",5264.79019637802,"NRI_P153",25
"58886",27507.9439663781,"NRI_P153",50
"58887",18127.072886378,"NRI_P153",100
"58888",4331.30001637805,"NRI_P153",25
"58889",4807.56408637803,"NRI_P153",50
"58890",8848.57668637804,"NRI_P153",100
"58891",23678.021706378,"NRI_P153",25
"58892",8771.12592637801,"NRI_P153",50
"58893",38846.921256378,"NRI_P153",100
"58894",10309.675896378,"NRI_P153",25
"58895",8470.82483637804,"NRI_P153",50
"58896",40688.554296378,"NRI_P153",100
"58897",-10065.960103622,"NRI_P153",25
"58898",10899.539666378,"NRI_P153",50
"58899",5570.41461637802,"NRI_P153",100
"58900",-4629.22686362197,"NRI_P153",25
"58901",12553.392596378,"NRI_P153",50
"58902",43010.1144963781,"NRI_P153",100
"58903",19652.9892363781,"NRI_P153",25
"58904",10165.552816378,"NRI_P153",50
"58905",16954.239326378,"NRI_P153",100
"58906",-702.13779362198,"NRI_P153",25
"58907",7892.85300637805,"NRI_P153",50
"58908",27197.397716378,"NRI_P153",100
"58909",5367.027076378,"NRI_P153",25
"58910",28422.235486378,"NRI_P153",50
"58911",12343.585436378,"NRI_P153",100
"58912",-5576.43311362196,"NRI_P153",25
"58913",4987.771496378,"NRI_P153",50
"58914",7478.99008637801,"NRI_P153",100
"58915",-2179.86691362195,"NRI_P153",25
"58916",43448.880996378,"NRI_P153",50
"58917",35493.966476378,"NRI_P153",100
"58918",2166.488946378,"NRI_P153",25
"58919",20687.659156378,"NRI_P153",50
"58920",15436.970006378,"NRI_P153",100
"58921",6450.71903637802,"NRI_P153",25
"58922",6923.89082637802,"NRI_P153",50
"58923",-4309.770623622,"NRI_P153",100
"58924",-10793.901133622,"NRI_P153",25
"58925",13289.394236378,"NRI_P153",50
"58926",29977.282576378,"NRI_P153",100
"58927",1304.90078637801,"NRI_P153",25
"58928",931.89948637801,"NRI_P153",50
"58929",15382.589386378,"NRI_P153",100
"58930",-7138.83612362196,"NRI_P153",25
"58931",11272.551526378,"NRI_P153",50
"58932",16398.178016378,"NRI_P153",100
"58933",545.50726637803,"NRI_P153",25
"58934",-8100.61766362196,"NRI_P153",50
"58935",28425.786026378,"NRI_P153",100
"58936",-1938.859343622,"NRI_P153",25
"58937",7737.15808637801,"NRI_P153",50
"58938",53601.6216363781,"NRI_P153",100
"58939",238.333256378013,"NRI_P153",25
"58940",18149.184626378,"NRI_P153",50
"58941",23728.742996378,"NRI_P153",100
"58942",-9476.01102362195,"NRI_P153",25
"58943",19453.033996378,"NRI_P153",50
"58944",8232.77312637802,"NRI_P153",100
"58945",31173.316216378,"NRI_P153",25
"58946",373.822686378029,"NRI_P153",50
"58947",-297.430573621998,"NRI_P153",100
"58948",-4671.05770362198,"NRI_P153",25
"58949",18420.131196378,"NRI_P153",50
"58950",24121.018406378,"NRI_P153",100
"58951",-13443.665533622,"NRI_P153",25
"58952",2010.424466378,"NRI_P153",50
"58953",18879.7633463781,"NRI_P153",100
"58954",-691.696463621978,"NRI_P153",25
"58955",6137.04048637801,"NRI_P153",50
"58956",28488.4937163781,"NRI_P153",100
"58957",18085.587986378,"NRI_P153",25
"58958",18807.609546378,"NRI_P153",50
"58959",733.589256378007,"NRI_P153",100
"58960",-992.914083621989,"NRI_P153",25
"58961",-12289.586873622,"NRI_P153",50
"58962",-1391.72832362197,"NRI_P153",100
"58963",312.557076378027,"NRI_P153",25
"58964",22761.486436378,"NRI_P153",50
"58965",25765.807456378,"NRI_P153",100
"58966",6375.14413637802,"NRI_P153",25
"58967",18436.215606378,"NRI_P153",50
"58968",20166.418436378,"NRI_P153",100
"58969",4964.034736378,"NRI_P153",25
"58970",-12391.232753622,"NRI_P153",50
"58971",47402.6992563781,"NRI_P153",100
"58972",10099.900606378,"NRI_P153",25
"58973",10717.750986378,"NRI_P153",50
"58974",30128.208916378,"NRI_P153",100
"58975",12429.343766378,"NRI_P153",25
"58976",29888.416216378,"NRI_P153",50
"58977",19096.161746378,"NRI_P153",100
"58978",-746.655163621996,"NRI_P153",25
"58979",-3454.65871362196,"NRI_P153",50
"58980",14393.123786378,"NRI_P153",100
"58981",5823.27417637804,"NRI_P153",25
"58982",19677.134166378,"NRI_P153",50
"58983",14118.627716378,"NRI_P153",100
"58984",1692.36865637801,"NRI_P153",25
"58985",3942.51416637801,"NRI_P153",50
"58986",21006.970916378,"NRI_P153",100
"58987",7459.32863637805,"NRI_P153",25
"58988",7222.15144637803,"NRI_P153",50
"58989",-8886.747583622,"NRI_P153",100
"58990",3085.95005637803,"NRI_P153",25
"58991",17265.665636378,"NRI_P153",50
"58992",23106.396756378,"NRI_P153",100
"58993",-3425.80868362199,"NRI_P153",25
"58994",-2837.26386362198,"NRI_P153",50
"58995",-4884.76791362197,"NRI_P153",100
"58996",6519.16496637801,"NRI_P153",25
"58997",2097.31457637803,"NRI_P153",50
"58998",6004.85259637801,"NRI_P153",100
"58999",16570.853056378,"NRI_P153",25
"59000",-1657.50823362195,"NRI_P153",50
"59001",30016.493056378,"NRI_P153",100
"59002",-6940.33370362199,"NRI_P153",25
"59003",8829.22414637805,"NRI_P153",50
"59004",9519.82003637805,"NRI_P153",100
"59005",17203.925306378,"NRI_P153",25
"59006",-1493.47511362197,"NRI_P153",50
"59007",10897.208806378,"NRI_P153",100
"59008",6544.12380637805,"NRI_P153",25
"59009",25751.8744263781,"NRI_P153",50
"59010",7679.238396378,"NRI_P153",100
"59011",-275.311683621956,"NRI_P153",25
"59012",3337.11308637803,"NRI_P153",50
"59013",9428.45569637802,"NRI_P153",100
"59014",7870.86354637804,"NRI_P153",25
"59015",-3248.88489362196,"NRI_P153",50
"59016",10842.548476378,"NRI_P153",100
"59017",8262.54546637804,"NRI_P153",25
"59018",18976.132096378,"NRI_P153",50
"59019",55709.7009463781,"NRI_P153",100
"59020",1429.17001637805,"NRI_P153",25
"59021",13378.874996378,"NRI_P153",50
"59022",196.852046378015,"NRI_P153",100
"59023",18928.8975963781,"NRI_P153",25
"59024",23159.143256378,"NRI_P153",50
"59025",29370.093536378,"NRI_P153",100
"59026",5245.658826378,"NRI_P153",25
"59027",-3940.91671362199,"NRI_P153",50
"59028",32298.825946378,"NRI_P153",100
"59029",18448.3903263781,"NRI_P153",25
"59030",11553.0455063781,"NRI_P153",50
"59031",16221.6286763781,"NRI_P153",100
"59032",5143.11578637804,"NRI_P153",25
"59033",3433.33810637804,"NRI_P153",50
"59034",16624.0321363781,"NRI_P153",100
"59035",16749.430206378,"NRI_P153",25
"59036",4785.95127637801,"NRI_P153",50
"59037",1146.228596378,"NRI_P153",100
"59038",24780.7086363781,"NRI_P153",25
"59039",3637.29592637805,"NRI_P153",50
"59040",32616.2993663781,"NRI_P153",100
"59041",10121.663796378,"NRI_P153",25
"59042",12210.566806378,"NRI_P153",50
"59043",44778.787986378,"NRI_P153",100
"59044",-481.209333621955,"NRI_P153",25
"59045",16508.671936378,"NRI_P153",50
"59046",11535.013276378,"NRI_P153",100
"59047",7571.22543637804,"NRI_P153",25
"59048",10640.296866378,"NRI_P153",50
"59049",3013.82641637803,"NRI_P153",100
"59050",-1170.86532362195,"NRI_P153",25
"59051",-4273.63951362198,"NRI_P153",50
"59052",23698.941146378,"NRI_P153",100
"59053",-1338.98122362199,"NRI_P153",25
"59054",13840.1073563781,"NRI_P153",50
"59055",26143.231566378,"NRI_P153",100
"59056",-97.4947936219978,"NRI_P153",25
"59057",-10016.312593622,"NRI_P153",50
"59058",17698.017646378,"NRI_P153",100
"59059",1154.60642637801,"NRI_P153",25
"59060",3924.50837637804,"NRI_P153",50
"59061",23135.546226378,"NRI_P153",100
"59062",-2342.80632362195,"NRI_P153",25
"59063",26297.573666378,"NRI_P153",50
"59064",8312.21277637803,"NRI_P153",100
"59065",12415.150166378,"NRI_P153",25
"59066",7290.86111637804,"NRI_P153",50
"59067",3977.34448637802,"NRI_P153",100
"59068",1357.64809637802,"NRI_P153",25
"59069",12552.062166378,"NRI_P153",50
"59070",17073.641996378,"NRI_P153",100
"59071",6660.083346378,"NRI_P153",25
"59072",14548.872006378,"NRI_P153",50
"59073",-3710.97505362198,"NRI_P153",100
"59074",4285.18674637802,"NRI_P153",25
"59075",10056.060116378,"NRI_P153",50
"59076",3373.30851637805,"NRI_P153",100
"59077",6877.27101637801,"NRI_P153",25
"59078",4316.08653637802,"NRI_P153",50
"59079",13832.0393063781,"NRI_P153",100
"59080",3218.03217637801,"NRI_P153",25
"59081",29351.976066378,"NRI_P153",50
"59082",42317.525066378,"NRI_P153",100
"59083",6862.21278637805,"NRI_P153",25
"59084",11460.846676378,"NRI_P153",50
"59085",2188.543626378,"NRI_P153",100
"59086",907.549226378032,"NRI_P153",25
"59087",7622.03948637802,"NRI_P153",50
"59088",36865.101276378,"NRI_P153",100
"59089",-5161.64668362198,"NRI_P153",25
"59090",-7135.73888362199,"NRI_P153",50
"59091",15571.021066378,"NRI_P153",100
"59092",-4714.58355362195,"NRI_P153",25
"59093",47175.481926378,"NRI_P153",50
"59094",14335.947756378,"NRI_P153",100
"59095",11469.7679563781,"NRI_P153",25
"59096",13072.716956378,"NRI_P153",50
"59097",43225.757866378,"NRI_P153",100
"59098",-63.2193936219555,"NRI_P153",25
"59099",-9662.76502362196,"NRI_P153",50
"59100",32098.619726378,"NRI_P153",100
"59101",-10478.914727884,"NRI_P154",25
"59102",3438.52015211602,"NRI_P154",50
"59103",5039.66402211605,"NRI_P154",100
"59104",306.466882116045,"NRI_P154",25
"59105",-23369.772907884,"NRI_P154",50
"59106",-23717.779637884,"NRI_P154",100
"59107",4610.54067211604,"NRI_P154",25
"59108",-19672.170567884,"NRI_P154",50
"59109",-17355.180777884,"NRI_P154",100
"59110",-6019.19537788397,"NRI_P154",25
"59111",3597.37043211603,"NRI_P154",50
"59112",-8289.32544788398,"NRI_P154",100
"59113",-12255.449427884,"NRI_P154",25
"59114",-8125.51627788396,"NRI_P154",50
"59115",-1588.62859788397,"NRI_P154",100
"59116",-3704.96456788399,"NRI_P154",25
"59117",-22558.763637884,"NRI_P154",50
"59118",-24786.767007884,"NRI_P154",100
"59119",-12800.883467884,"NRI_P154",25
"59120",15875.789492116,"NRI_P154",50
"59121",4764.897902116,"NRI_P154",100
"59122",-16770.992047884,"NRI_P154",25
"59123",-2994.07226788398,"NRI_P154",50
"59124",-16861.157857884,"NRI_P154",100
"59125",-11800.527587884,"NRI_P154",25
"59126",6214.15321211604,"NRI_P154",50
"59127",-25216.2889878839,"NRI_P154",100
"59128",2967.81325211603,"NRI_P154",25
"59129",-1004.60968788399,"NRI_P154",50
"59130",26792.886712116,"NRI_P154",100
"59131",-434.872897883994,"NRI_P154",25
"59132",33487.382842116,"NRI_P154",50
"59133",-22772.470707884,"NRI_P154",100
"59134",7901.10739211604,"NRI_P154",25
"59135",-3429.54529788397,"NRI_P154",50
"59136",-30105.505527884,"NRI_P154",100
"59137",6429.85884211602,"NRI_P154",25
"59138",-18228.596397884,"NRI_P154",50
"59139",-28792.079817884,"NRI_P154",100
"59140",1089.77233211603,"NRI_P154",25
"59141",-20748.300697884,"NRI_P154",50
"59142",-18549.686227884,"NRI_P154",100
"59143",-5625.33371788397,"NRI_P154",25
"59144",-13116.978827884,"NRI_P154",50
"59145",3363.45768211602,"NRI_P154",100
"59146",86100.362492116,"NRI_P154",25
"59147",-11085.873677884,"NRI_P154",50
"59148",-31839.1432178839,"NRI_P154",100
"59149",-4252.62172788399,"NRI_P154",25
"59150",-4780.366117884,"NRI_P154",50
"59151",-9015.63264788396,"NRI_P154",100
"59152",-8056.80631788395,"NRI_P154",25
"59153",-12919.745797884,"NRI_P154",50
"59154",-4298.24185788399,"NRI_P154",100
"59155",2365.59647211601,"NRI_P154",25
"59156",8992.33266211604,"NRI_P154",50
"59157",-1430.97477788397,"NRI_P154",100
"59158",9271.26958211605,"NRI_P154",25
"59159",-27147.929227884,"NRI_P154",50
"59160",13468.881852116,"NRI_P154",100
"59161",1913.08518211602,"NRI_P154",25
"59162",-10792.099987884,"NRI_P154",50
"59163",-37544.467777884,"NRI_P154",100
"59164",-5145.48021788395,"NRI_P154",25
"59165",-5161.47208788397,"NRI_P154",50
"59166",-28045.865887884,"NRI_P154",100
"59167",5045.034322116,"NRI_P154",25
"59168",-4780.39373788395,"NRI_P154",50
"59169",-35626.827447884,"NRI_P154",100
"59170",-1917.155287884,"NRI_P154",25
"59171",-13667.6144678839,"NRI_P154",50
"59172",-23301.477657884,"NRI_P154",100
"59173",-7693.293007884,"NRI_P154",25
"59174",-19057.8581078839,"NRI_P154",50
"59175",-13628.618047884,"NRI_P154",100
"59176",1337.63754211605,"NRI_P154",25
"59177",822.922972116037,"NRI_P154",50
"59178",-3300.33306788397,"NRI_P154",100
"59179",-5796.63591788395,"NRI_P154",25
"59180",-12022.657697884,"NRI_P154",50
"59181",-10910.435607884,"NRI_P154",100
"59182",-7392.32689788396,"NRI_P154",25
"59183",-11408.9599378839,"NRI_P154",50
"59184",319.653862116043,"NRI_P154",100
"59185",2446.83996211604,"NRI_P154",25
"59186",-8844.85044788395,"NRI_P154",50
"59187",-15636.203527884,"NRI_P154",100
"59188",-10088.099037884,"NRI_P154",25
"59189",-15607.837187884,"NRI_P154",50
"59190",75431.249142116,"NRI_P154",100
"59191",1947.35931211605,"NRI_P154",25
"59192",8301.86306211603,"NRI_P154",50
"59193",-17456.581247884,"NRI_P154",100
"59194",-6845.97426788398,"NRI_P154",25
"59195",2447.21502211603,"NRI_P154",50
"59196",-29771.1973478839,"NRI_P154",100
"59197",797.291072116001,"NRI_P154",25
"59198",-26274.768077884,"NRI_P154",50
"59199",-3227.35467788397,"NRI_P154",100
"59200",-8296.86817788397,"NRI_P154",25
"59201",-22503.907437884,"NRI_P154",50
"59202",-9080.83219788398,"NRI_P154",100
"59203",-9250.14212788397,"NRI_P154",25
"59204",-3523.96413788397,"NRI_P154",50
"59205",-22848.1564578839,"NRI_P154",100
"59206",-7566.65469788399,"NRI_P154",25
"59207",-5418.80431788397,"NRI_P154",50
"59208",-29424.5331778839,"NRI_P154",100
"59209",-2408.13452788396,"NRI_P154",25
"59210",3181.12470211601,"NRI_P154",50
"59211",14798.400432116,"NRI_P154",100
"59212",3002.08635211602,"NRI_P154",25
"59213",-11402.716967884,"NRI_P154",50
"59214",-22248.383777884,"NRI_P154",100
"59215",-11861.3137478839,"NRI_P154",25
"59216",-14236.716727884,"NRI_P154",50
"59217",-1187.64727788395,"NRI_P154",100
"59218",12197.712132116,"NRI_P154",25
"59219",-16808.353247884,"NRI_P154",50
"59220",-27599.202567884,"NRI_P154",100
"59221",208.809112116054,"NRI_P154",25
"59222",4034.70084211603,"NRI_P154",50
"59223",9172.42806211603,"NRI_P154",100
"59224",-737.703287883953,"NRI_P154",25
"59225",41298.200532116,"NRI_P154",50
"59226",76045.443882116,"NRI_P154",100
"59227",7074.72044211603,"NRI_P154",25
"59228",-12622.4069778839,"NRI_P154",50
"59229",-23839.448877884,"NRI_P154",100
"59230",-8940.11632788397,"NRI_P154",25
"59231",-14348.107947884,"NRI_P154",50
"59232",-14159.300587884,"NRI_P154",100
"59233",-4580.20822788397,"NRI_P154",25
"59234",47589.111392116,"NRI_P154",50
"59235",-10456.186717884,"NRI_P154",100
"59236",-4316.05902788398,"NRI_P154",25
"59237",26894.289272116,"NRI_P154",50
"59238",30402.996742116,"NRI_P154",100
"59239",12454.530272116,"NRI_P154",25
"59240",-16365.572677884,"NRI_P154",50
"59241",-23134.250587884,"NRI_P154",100
"59242",9376.82995211601,"NRI_P154",25
"59243",5990.34268211602,"NRI_P154",50
"59244",46201.796432116,"NRI_P154",100
"59245",-2695.757927884,"NRI_P154",25
"59246",13912.575412116,"NRI_P154",50
"59247",-23157.3992878839,"NRI_P154",100
"59248",-17564.468777884,"NRI_P154",25
"59249",181.024602116027,"NRI_P154",50
"59250",26171.271162116,"NRI_P154",100
"59251",-4706.576627884,"NRI_P154",25
"59252",12821.090212116,"NRI_P154",50
"59253",-19946.153447884,"NRI_P154",100
"59254",3349.35833211604,"NRI_P154",25
"59255",4827.86344211601,"NRI_P154",50
"59256",-16537.416347884,"NRI_P154",100
"59257",31007.221892116,"NRI_P154",25
"59258",1247.45572211605,"NRI_P154",50
"59259",-9382.78545788396,"NRI_P154",100
"59260",-9208.180987884,"NRI_P154",25
"59261",23503.295732116,"NRI_P154",50
"59262",-25141.715077884,"NRI_P154",100
"59263",-3024.982097884,"NRI_P154",25
"59264",11457.757542116,"NRI_P154",50
"59265",19231.698832116,"NRI_P154",100
"59266",-5901.92395788396,"NRI_P154",25
"59267",-6814.730117884,"NRI_P154",50
"59268",-14992.747667884,"NRI_P154",100
"59269",7646.15446211601,"NRI_P154",25
"59270",-24665.559447884,"NRI_P154",50
"59271",-13627.075727884,"NRI_P154",100
"59272",-242.965857883974,"NRI_P154",25
"59273",12812.1081121161,"NRI_P154",50
"59274",-26223.2974878839,"NRI_P154",100
"59275",-1314.75743788399,"NRI_P154",25
"59276",17103.642592116,"NRI_P154",50
"59277",-17269.515727884,"NRI_P154",100
"59278",-14964.501317884,"NRI_P154",25
"59279",-16983.910697884,"NRI_P154",50
"59280",-15186.434337884,"NRI_P154",100
"59281",-2682.30264788395,"NRI_P154",25
"59282",-9944.83823788399,"NRI_P154",50
"59283",12177.027902116,"NRI_P154",100
"59284",-12874.5866578839,"NRI_P154",25
"59285",-6668.78842788399,"NRI_P154",50
"59286",16882.608372116,"NRI_P154",100
"59287",-4839.45528788399,"NRI_P154",25
"59288",5483.70417211601,"NRI_P154",50
"59289",-9696.15962788399,"NRI_P154",100
"59290",-5742.61146788398,"NRI_P154",25
"59291",-8364.35012788395,"NRI_P154",50
"59292",-2841.36662788398,"NRI_P154",100
"59293",-2608.27221788396,"NRI_P154",25
"59294",-17822.367307884,"NRI_P154",50
"59295",-19521.840697884,"NRI_P154",100
"59296",2082.00576211605,"NRI_P154",25
"59297",5856.96860211605,"NRI_P154",50
"59298",-9433.04586788395,"NRI_P154",100
"59299",-2937.11833788396,"NRI_P154",25
"59300",-6167.51544788398,"NRI_P154",50
"59301",-14927.796137884,"NRI_P154",100
"59302",13728.877902116,"NRI_P154",25
"59303",-6690.91254788399,"NRI_P154",50
"59304",6163.48164211604,"NRI_P154",100
"59305",-8724.06569788395,"NRI_P154",25
"59306",804.923482116021,"NRI_P154",50
"59307",-18775.413037884,"NRI_P154",100
"59308",38807.506932116,"NRI_P154",25
"59309",34161.827342116,"NRI_P154",50
"59310",20156.787802116,"NRI_P154",100
"59311",12140.846812116,"NRI_P154",25
"59312",-8132.19752788398,"NRI_P154",50
"59313",17059.731722116,"NRI_P154",100
"59314",9527.31566211605,"NRI_P154",25
"59315",-15254.822867884,"NRI_P154",50
"59316",-3497.030447884,"NRI_P154",100
"59317",10778.963812116,"NRI_P154",25
"59318",-1300.720057884,"NRI_P154",50
"59319",21670.573912116,"NRI_P154",100
"59320",-3958.84900788398,"NRI_P154",25
"59321",-10388.5236378839,"NRI_P154",50
"59322",-21327.364027884,"NRI_P154",100
"59323",12908.462642116,"NRI_P154",25
"59324",-5528.44188788399,"NRI_P154",50
"59325",11827.843472116,"NRI_P154",100
"59326",-5592.18138788396,"NRI_P154",25
"59327",-12492.117117884,"NRI_P154",50
"59328",-5434.73132788396,"NRI_P154",100
"59329",-1026.98217788397,"NRI_P154",25
"59330",-668.156397883955,"NRI_P154",50
"59331",25279.000242116,"NRI_P154",100
"59332",-4749.45073788398,"NRI_P154",25
"59333",-19190.194537884,"NRI_P154",50
"59334",-30885.2663378839,"NRI_P154",100
"59335",-2669.19320788397,"NRI_P154",25
"59336",-15807.925407884,"NRI_P154",50
"59337",-27150.3508378839,"NRI_P154",100
"59338",-62.8360278839828,"NRI_P154",25
"59339",1174.91064211604,"NRI_P154",50
"59340",-16658.972447884,"NRI_P154",100
"59341",28464.001232116,"NRI_P154",25
"59342",-4980.51478788396,"NRI_P154",50
"59343",-15396.5593978839,"NRI_P154",100
"59344",-3167.100607884,"NRI_P154",25
"59345",-471.564707883983,"NRI_P154",50
"59346",24840.898172116,"NRI_P154",100
"59347",-8319.33426788397,"NRI_P154",25
"59348",630.121622116014,"NRI_P154",50
"59349",-35432.2248978839,"NRI_P154",100
"59350",3965.55609211605,"NRI_P154",25
"59351",-1493.38504788396,"NRI_P154",50
"59352",-10958.936687884,"NRI_P154",100
"59353",3009.17179211602,"NRI_P154",25
"59354",-13609.308577884,"NRI_P154",50
"59355",-21476.570997884,"NRI_P154",100
"59356",112.203162115999,"NRI_P154",25
"59357",-10209.6012278839,"NRI_P154",50
"59358",-6400.21775788395,"NRI_P154",100
"59359",4147.82181211602,"NRI_P154",25
"59360",-15362.086117884,"NRI_P154",50
"59361",-22736.255517884,"NRI_P154",100
"59362",-13121.976247884,"NRI_P154",25
"59363",-9099.758607884,"NRI_P154",50
"59364",15189.269762116,"NRI_P154",100
"59365",-513.272527883993,"NRI_P154",25
"59366",1302.52999211603,"NRI_P154",50
"59367",-857.890857883962,"NRI_P154",100
"59368",-14286.894077884,"NRI_P154",25
"59369",33022.480862116,"NRI_P154",50
"59370",18554.345672116,"NRI_P154",100
"59371",-12631.646757884,"NRI_P154",25
"59372",-5671.768767884,"NRI_P154",50
"59373",16756.265892116,"NRI_P154",100
"59374",-8211.53845788399,"NRI_P154",25
"59375",-3383.38232788397,"NRI_P154",50
"59376",67138.946132116,"NRI_P154",100
"59377",27286.398482116,"NRI_P154",25
"59378",-9358.50253788399,"NRI_P154",50
"59379",-22490.440507884,"NRI_P154",100
"59380",6252.20659211604,"NRI_P154",25
"59381",-743.068887883972,"NRI_P154",50
"59382",-17629.925967884,"NRI_P154",100
"59383",-6593.73169788398,"NRI_P154",25
"59384",3148.97983211605,"NRI_P154",50
"59385",52042.111992116,"NRI_P154",100
"59386",-4664.39549788396,"NRI_P154",25
"59387",-15043.166197884,"NRI_P154",50
"59388",-2477.82394788397,"NRI_P154",100
"59389",-14705.584447884,"NRI_P154",25
"59390",-12418.305527884,"NRI_P154",50
"59391",-9761.79555788398,"NRI_P154",100
"59392",-2754.17564788397,"NRI_P154",25
"59393",-17502.8362678839,"NRI_P154",50
"59394",119931.861732116,"NRI_P154",100
"59395",-12631.146757884,"NRI_P154",25
"59396",13436.521392116,"NRI_P154",50
"59397",-27392.712427884,"NRI_P154",100
"59398",5593.763812116,"NRI_P154",25
"59399",439.192872116051,"NRI_P154",50
"59400",52897.186232116,"NRI_P154",100
"59401",11021.882985424,"NRI_P156",25
"59402",4634.13273542403,"NRI_P156",50
"59403",22984.661725424,"NRI_P156",100
"59404",15355.831795424,"NRI_P156",25
"59405",20183.676695424,"NRI_P156",50
"59406",49087.245375424,"NRI_P156",100
"59407",20475.356765424,"NRI_P156",25
"59408",38694.404145424,"NRI_P156",50
"59409",43617.793425424,"NRI_P156",100
"59410",6296.38481542404,"NRI_P156",25
"59411",8465.047435424,"NRI_P156",50
"59412",52862.427045424,"NRI_P156",100
"59413",6469.08605542401,"NRI_P156",25
"59414",18165.798935424,"NRI_P156",50
"59415",26417.495915424,"NRI_P156",100
"59416",39161.197265424,"NRI_P156",25
"59417",31384.500495424,"NRI_P156",50
"59418",30623.798365424,"NRI_P156",100
"59419",6323.71489542403,"NRI_P156",25
"59420",17753.152075424,"NRI_P156",50
"59421",58103.098705424,"NRI_P156",100
"59422",20860.504355424,"NRI_P156",25
"59423",40085.061465424,"NRI_P156",50
"59424",36627.662855424,"NRI_P156",100
"59425",-7316.91477457597,"NRI_P156",25
"59426",63993.153435424,"NRI_P156",50
"59427",37728.677145424,"NRI_P156",100
"59428",25900.836925424,"NRI_P156",25
"59429",15820.713125424,"NRI_P156",50
"59430",38733.519125424,"NRI_P156",100
"59431",9991.71655542403,"NRI_P156",25
"59432",26764.671125424,"NRI_P156",50
"59433",55120.544405424,"NRI_P156",100
"59434",-6928.41095457599,"NRI_P156",25
"59435",20928.683915424,"NRI_P156",50
"59436",46705.267745424,"NRI_P156",100
"59437",13481.508845424,"NRI_P156",25
"59438",33716.053985424,"NRI_P156",50
"59439",62967.331745424,"NRI_P156",100
"59440",-1954.49096457596,"NRI_P156",25
"59441",-1383.75290457596,"NRI_P156",50
"59442",-1400.64225457597,"NRI_P156",100
"59443",17261.388925424,"NRI_P156",25
"59444",23835.557895424,"NRI_P156",50
"59445",44281.480285424,"NRI_P156",100
"59446",21804.476215424,"NRI_P156",25
"59447",34957.970945424,"NRI_P156",50
"59448",33705.403915424,"NRI_P156",100
"59449",6959.60131542402,"NRI_P156",25
"59450",32706.678985424,"NRI_P156",50
"59451",47373.389285424,"NRI_P156",100
"59452",5996.90921542404,"NRI_P156",25
"59453",21095.193255424,"NRI_P156",50
"59454",14272.510205424,"NRI_P156",100
"59455",18788.199505424,"NRI_P156",25
"59456",39671.384145424,"NRI_P156",50
"59457",37198.729465424,"NRI_P156",100
"59458",11780.444845424,"NRI_P156",25
"59459",41318.987845424,"NRI_P156",50
"59460",70369.975935424,"NRI_P156",100
"59461",6055.12219542399,"NRI_P156",25
"59462",6380.19676542399,"NRI_P156",50
"59463",35084.249175424,"NRI_P156",100
"59464",3547.03667542402,"NRI_P156",25
"59465",14979.778135424,"NRI_P156",50
"59466",22715.342375424,"NRI_P156",100
"59467",11841.809985424,"NRI_P156",25
"59468",22714.239125424,"NRI_P156",50
"59469",34074.336345424,"NRI_P156",100
"59470",9045.51600542403,"NRI_P156",25
"59471",28279.222395424,"NRI_P156",50
"59472",6643.00374542404,"NRI_P156",100
"59473",3768.12773542403,"NRI_P156",25
"59474",33826.386445424,"NRI_P156",50
"59475",82773.247005424,"NRI_P156",100
"59476",12059.843805424,"NRI_P156",25
"59477",10997.078115424,"NRI_P156",50
"59478",23142.585465424,"NRI_P156",100
"59479",4832.15772542404,"NRI_P156",25
"59480",25793.555305424,"NRI_P156",50
"59481",29679.006145424,"NRI_P156",100
"59482",15646.738465424,"NRI_P156",25
"59483",34522.923355424,"NRI_P156",50
"59484",56842.628795424,"NRI_P156",100
"59485",28687.593495424,"NRI_P156",25
"59486",32426.063475424,"NRI_P156",50
"59487",54638.609755424,"NRI_P156",100
"59488",-498.18681457598,"NRI_P156",25
"59489",46090.140375424,"NRI_P156",50
"59490",27980.995475424,"NRI_P156",100
"59491",24945.181745424,"NRI_P156",25
"59492",46370.459615424,"NRI_P156",50
"59493",63026.504755424,"NRI_P156",100
"59494",18764.323605424,"NRI_P156",25
"59495",3288.36792542401,"NRI_P156",50
"59496",57853.277495424,"NRI_P156",100
"59497",32186.806435424,"NRI_P156",25
"59498",23757.529925424,"NRI_P156",50
"59499",25764.417325424,"NRI_P156",100
"59500",-3941.33772457601,"NRI_P156",25
"59501",3702.06941542402,"NRI_P156",50
"59502",50421.011255424,"NRI_P156",100
"59503",4929.37865542399,"NRI_P156",25
"59504",18808.983045424,"NRI_P156",50
"59505",4510.62930542399,"NRI_P156",100
"59506",3938.07935542404,"NRI_P156",25
"59507",35391.639205424,"NRI_P156",50
"59508",77799.693075424,"NRI_P156",100
"59509",16729.813365424,"NRI_P156",25
"59510",4880.23631542403,"NRI_P156",50
"59511",55213.773395424,"NRI_P156",100
"59512",5186.112075424,"NRI_P156",25
"59513",18998.983195424,"NRI_P156",50
"59514",23430.599995424,"NRI_P156",100
"59515",13206.611215424,"NRI_P156",25
"59516",4707.373985424,"NRI_P156",50
"59517",33882.742875424,"NRI_P156",100
"59518",18401.765735424,"NRI_P156",25
"59519",-10899.178744576,"NRI_P156",50
"59520",62260.922625424,"NRI_P156",100
"59521",13902.036845424,"NRI_P156",25
"59522",15329.599465424,"NRI_P156",50
"59523",29629.441495424,"NRI_P156",100
"59524",-5584.32043457596,"NRI_P156",25
"59525",11195.964865424,"NRI_P156",50
"59526",54601.412475424,"NRI_P156",100
"59527",9240.12683542399,"NRI_P156",25
"59528",23141.854515424,"NRI_P156",50
"59529",57817.127625424,"NRI_P156",100
"59530",15677.050145424,"NRI_P156",25
"59531",10925.255925424,"NRI_P156",50
"59532",65027.011945424,"NRI_P156",100
"59533",-4785.88929457596,"NRI_P156",25
"59534",29077.560845424,"NRI_P156",50
"59535",51126.996515424,"NRI_P156",100
"59536",33583.885115424,"NRI_P156",25
"59537",27518.037885424,"NRI_P156",50
"59538",82977.525705424,"NRI_P156",100
"59539",-481.250614575983,"NRI_P156",25
"59540",657.208565424022,"NRI_P156",50
"59541",1560.99450542399,"NRI_P156",100
"59542",22205.148265424,"NRI_P156",25
"59543",32579.489225424,"NRI_P156",50
"59544",71073.910155424,"NRI_P156",100
"59545",2686.02548542403,"NRI_P156",25
"59546",12012.582035424,"NRI_P156",50
"59547",39476.152965424,"NRI_P156",100
"59548",7274.535625424,"NRI_P156",25
"59549",34973.259955424,"NRI_P156",50
"59550",51151.841685424,"NRI_P156",100
"59551",32798.791265424,"NRI_P156",25
"59552",21969.785965424,"NRI_P156",50
"59553",19791.769295424,"NRI_P156",100
"59554",27398.699565424,"NRI_P156",25
"59555",35892.085375424,"NRI_P156",50
"59556",63081.277015424,"NRI_P156",100
"59557",525.777585424017,"NRI_P156",25
"59558",6604.01841542404,"NRI_P156",50
"59559",68485.443555424,"NRI_P156",100
"59560",4933.29920542403,"NRI_P156",25
"59561",11202.311055424,"NRI_P156",50
"59562",33560.560725424,"NRI_P156",100
"59563",5763.99045542401,"NRI_P156",25
"59564",16327.452405424,"NRI_P156",50
"59565",78282.647585424,"NRI_P156",100
"59566",25549.171045424,"NRI_P156",25
"59567",26234.106735424,"NRI_P156",50
"59568",39877.921585424,"NRI_P156",100
"59569",4595.28136542399,"NRI_P156",25
"59570",37027.468005424,"NRI_P156",50
"59571",70574.994625424,"NRI_P156",100
"59572",19661.553395424,"NRI_P156",25
"59573",49422.475725424,"NRI_P156",50
"59574",25147.982305424,"NRI_P156",100
"59575",24978.955115424,"NRI_P156",25
"59576",15166.753135424,"NRI_P156",50
"59577",53619.258595424,"NRI_P156",100
"59578",15344.064615424,"NRI_P156",25
"59579",14033.006265424,"NRI_P156",50
"59580",76386.848065424,"NRI_P156",100
"59581",-1245.90685457597,"NRI_P156",25
"59582",36024.441925424,"NRI_P156",50
"59583",52822.046645424,"NRI_P156",100
"59584",4425.19410542399,"NRI_P156",25
"59585",46004.343325424,"NRI_P156",50
"59586",10216.997775424,"NRI_P156",100
"59587",1652.39185542404,"NRI_P156",25
"59588",41296.380945424,"NRI_P156",50
"59589",27094.551255424,"NRI_P156",100
"59590",10661.200375424,"NRI_P156",25
"59591",14580.793775424,"NRI_P156",50
"59592",46185.922425424,"NRI_P156",100
"59593",9542.26716542401,"NRI_P156",25
"59594",29410.357705424,"NRI_P156",50
"59595",68970.173335424,"NRI_P156",100
"59596",16013.218005424,"NRI_P156",25
"59597",58283.333005424,"NRI_P156",50
"59598",63868.725905424,"NRI_P156",100
"59599",10255.742585424,"NRI_P156",25
"59600",10597.292955424,"NRI_P156",50
"59601",40574.379555424,"NRI_P156",100
"59602",18528.715335424,"NRI_P156",25
"59603",41467.728295424,"NRI_P156",50
"59604",50907.405375424,"NRI_P156",100
"59605",8286.08649542404,"NRI_P156",25
"59606",10129.252505424,"NRI_P156",50
"59607",40606.653395424,"NRI_P156",100
"59608",-8913.793294576,"NRI_P156",25
"59609",16933.850575424,"NRI_P156",50
"59610",28975.931905424,"NRI_P156",100
"59611",8277.71245542401,"NRI_P156",25
"59612",9118.03621542401,"NRI_P156",50
"59613",58100.933995424,"NRI_P156",100
"59614",9610.52477542404,"NRI_P156",25
"59615",17449.333545424,"NRI_P156",50
"59616",65993.663815424,"NRI_P156",100
"59617",23152.079725424,"NRI_P156",25
"59618",15906.895075424,"NRI_P156",50
"59619",25854.418595424,"NRI_P156",100
"59620",13399.796035424,"NRI_P156",25
"59621",58943.110385424,"NRI_P156",50
"59622",54854.567155424,"NRI_P156",100
"59623",4175.09625542403,"NRI_P156",25
"59624",19767.615575424,"NRI_P156",50
"59625",26468.694045424,"NRI_P156",100
"59626",4485.10546542401,"NRI_P156",25
"59627",10793.434445424,"NRI_P156",50
"59628",21744.532535424,"NRI_P156",100
"59629",25547.191235424,"NRI_P156",25
"59630",29127.700865424,"NRI_P156",50
"59631",25840.171335424,"NRI_P156",100
"59632",-4258.28658457601,"NRI_P156",25
"59633",9014.49524542404,"NRI_P156",50
"59634",31520.572755424,"NRI_P156",100
"59635",4893.134015424,"NRI_P156",25
"59636",44748.767015424,"NRI_P156",50
"59637",19029.906265424,"NRI_P156",100
"59638",1907.04254542402,"NRI_P156",25
"59639",32502.954595424,"NRI_P156",50
"59640",35882.014875424,"NRI_P156",100
"59641",22087.968355424,"NRI_P156",25
"59642",16348.206805424,"NRI_P156",50
"59643",60743.154065424,"NRI_P156",100
"59644",-6652.92444457597,"NRI_P156",25
"59645",9618.06952542404,"NRI_P156",50
"59646",31555.895235424,"NRI_P156",100
"59647",13842.766355424,"NRI_P156",25
"59648",26784.801095424,"NRI_P156",50
"59649",39183.053875424,"NRI_P156",100
"59650",14376.144665424,"NRI_P156",25
"59651",6498.20265542401,"NRI_P156",50
"59652",64956.003575424,"NRI_P156",100
"59653",7733.98377542401,"NRI_P156",25
"59654",24211.087045424,"NRI_P156",50
"59655",8605.08882542403,"NRI_P156",100
"59656",6503.63237542403,"NRI_P156",25
"59657",39415.447445424,"NRI_P156",50
"59658",60707.873555424,"NRI_P156",100
"59659",13105.885855424,"NRI_P156",25
"59660",22050.337935424,"NRI_P156",50
"59661",30792.070675424,"NRI_P156",100
"59662",10018.423945424,"NRI_P156",25
"59663",26015.805005424,"NRI_P156",50
"59664",13809.665015424,"NRI_P156",100
"59665",6552.81666542403,"NRI_P156",25
"59666",27147.613925424,"NRI_P156",50
"59667",96050.544665424,"NRI_P156",100
"59668",14593.865255424,"NRI_P156",25
"59669",13211.713885424,"NRI_P156",50
"59670",41437.942425424,"NRI_P156",100
"59671",11752.630955424,"NRI_P156",25
"59672",10319.865505424,"NRI_P156",50
"59673",60278.297685424,"NRI_P156",100
"59674",19923.426015424,"NRI_P156",25
"59675",14248.938095424,"NRI_P156",50
"59676",62818.454005424,"NRI_P156",100
"59677",-12826.413374576,"NRI_P156",25
"59678",21818.362815424,"NRI_P156",50
"59679",52286.289265424,"NRI_P156",100
"59680",78.0152454240015,"NRI_P156",25
"59681",71994.888905424,"NRI_P156",50
"59682",28263.505485424,"NRI_P156",100
"59683",22440.924745424,"NRI_P156",25
"59684",23219.026815424,"NRI_P156",50
"59685",31332.429945424,"NRI_P156",100
"59686",2408.54056542402,"NRI_P156",25
"59687",21409.660335424,"NRI_P156",50
"59688",39927.853065424,"NRI_P156",100
"59689",21929.068275424,"NRI_P156",25
"59690",35185.744785424,"NRI_P156",50
"59691",64738.581865424,"NRI_P156",100
"59692",23863.545775424,"NRI_P156",25
"59693",27280.333425424,"NRI_P156",50
"59694",34097.182845424,"NRI_P156",100
"59695",4717.81115542399,"NRI_P156",25
"59696",32096.173665424,"NRI_P156",50
"59697",71733.547805424,"NRI_P156",100
"59698",7346.82217542402,"NRI_P156",25
"59699",27681.831815424,"NRI_P156",50
"59700",32259.048825424,"NRI_P156",100
"59701",-14203.727462201,"NRI_P159",25
"59702",-3653.93285220099,"NRI_P159",50
"59703",25586.435027799,"NRI_P159",100
"59704",-4930.471022201,"NRI_P159",25
"59705",21635.673177799,"NRI_P159",50
"59706",45979.796007799,"NRI_P159",100
"59707",-3914.61790220102,"NRI_P159",25
"59708",-15175.972192201,"NRI_P159",50
"59709",26178.082007799,"NRI_P159",100
"59710",-5805.02623220102,"NRI_P159",25
"59711",5698.25180779898,"NRI_P159",50
"59712",-4636.51797220099,"NRI_P159",100
"59713",9849.67378779902,"NRI_P159",25
"59714",-11418.244942201,"NRI_P159",50
"59715",-8633.16146220098,"NRI_P159",100
"59716",-14639.066102201,"NRI_P159",25
"59717",-1113.94193220098,"NRI_P159",50
"59718",33247.017187799,"NRI_P159",100
"59719",6809.65732779901,"NRI_P159",25
"59720",41389.391407799,"NRI_P159",50
"59721",38183.080827799,"NRI_P159",100
"59722",7842.89470779902,"NRI_P159",25
"59723",16952.793837799,"NRI_P159",50
"59724",-3385.37579220103,"NRI_P159",100
"59725",-7066.73237220099,"NRI_P159",25
"59726",-7778.595012201,"NRI_P159",50
"59727",18330.994687799,"NRI_P159",100
"59728",-17701.216362201,"NRI_P159",25
"59729",-3124.82367220102,"NRI_P159",50
"59730",7927.18396779901,"NRI_P159",100
"59731",5263.25351779902,"NRI_P159",25
"59732",13567.945057799,"NRI_P159",50
"59733",-3996.72709220101,"NRI_P159",100
"59734",10049.335637799,"NRI_P159",25
"59735",-2016.80063220102,"NRI_P159",50
"59736",31931.415417799,"NRI_P159",100
"59737",15059.488917799,"NRI_P159",25
"59738",-21840.386482201,"NRI_P159",50
"59739",3332.042477799,"NRI_P159",100
"59740",12133.448097799,"NRI_P159",25
"59741",-22362.714532201,"NRI_P159",50
"59742",6535.61021779897,"NRI_P159",100
"59743",-6101.29495220102,"NRI_P159",25
"59744",7738.09335779899,"NRI_P159",50
"59745",917.882227798982,"NRI_P159",100
"59746",7960.16450779903,"NRI_P159",25
"59747",7913.07814779901,"NRI_P159",50
"59748",2841.56047779898,"NRI_P159",100
"59749",5418.02520779899,"NRI_P159",25
"59750",-11125.829742201,"NRI_P159",50
"59751",-17803.272282201,"NRI_P159",100
"59752",-1550.07912220102,"NRI_P159",25
"59753",2856.73939779901,"NRI_P159",50
"59754",4277.83545779902,"NRI_P159",100
"59755",-5692.002592201,"NRI_P159",25
"59756",16236.890017799,"NRI_P159",50
"59757",-7879.96055220102,"NRI_P159",100
"59758",7219.20289779903,"NRI_P159",25
"59759",1660.29629779898,"NRI_P159",50
"59760",12278.255897799,"NRI_P159",100
"59761",-14041.383792201,"NRI_P159",25
"59762",-15734.082692201,"NRI_P159",50
"59763",-9107.39587220101,"NRI_P159",100
"59764",22393.801457799,"NRI_P159",25
"59765",-29780.432192201,"NRI_P159",50
"59766",9032.03398779902,"NRI_P159",100
"59767",8494.76279779902,"NRI_P159",25
"59768",-1743.10661220102,"NRI_P159",50
"59769",-6400.19941220101,"NRI_P159",100
"59770",4650.22873779899,"NRI_P159",25
"59771",21557.689167799,"NRI_P159",50
"59772",-3728.658262201,"NRI_P159",100
"59773",13872.426097799,"NRI_P159",25
"59774",7046.759897799,"NRI_P159",50
"59775",16964.839927799,"NRI_P159",100
"59776",7982.69597779901,"NRI_P159",25
"59777",7819.81662779901,"NRI_P159",50
"59778",16620.114057799,"NRI_P159",100
"59779",9916.97977779899,"NRI_P159",25
"59780",10938.906157799,"NRI_P159",50
"59781",-6882.43119220098,"NRI_P159",100
"59782",-9918.805522201,"NRI_P159",25
"59783",6247.60696779902,"NRI_P159",50
"59784",-643.267882201006,"NRI_P159",100
"59785",3384.77721779898,"NRI_P159",25
"59786",21658.445317799,"NRI_P159",50
"59787",2800.75488779898,"NRI_P159",100
"59788",18554.152907799,"NRI_P159",25
"59789",7136.37335779902,"NRI_P159",50
"59790",3322.948047799,"NRI_P159",100
"59791",32148.703977799,"NRI_P159",25
"59792",25444.632447799,"NRI_P159",50
"59793",17745.864927799,"NRI_P159",100
"59794",12073.233017799,"NRI_P159",25
"59795",22424.625917799,"NRI_P159",50
"59796",17240.996467799,"NRI_P159",100
"59797",8190.609197799,"NRI_P159",25
"59798",-1955.88651220099,"NRI_P159",50
"59799",-8314.54456220102,"NRI_P159",100
"59800",3808.69318779901,"NRI_P159",25
"59801",20293.644657799,"NRI_P159",50
"59802",-3726.21923220099,"NRI_P159",100
"59803",-16118.649582201,"NRI_P159",25
"59804",12214.270577799,"NRI_P159",50
"59805",12126.377877799,"NRI_P159",100
"59806",3741.13199779898,"NRI_P159",25
"59807",27362.543607799,"NRI_P159",50
"59808",-288.658082201029,"NRI_P159",100
"59809",-7206.33276220103,"NRI_P159",25
"59810",10176.996397799,"NRI_P159",50
"59811",-15590.991002201,"NRI_P159",100
"59812",-1453.95353220101,"NRI_P159",25
"59813",-11097.905402201,"NRI_P159",50
"59814",35760.597957799,"NRI_P159",100
"59815",10647.633837799,"NRI_P159",25
"59816",950.812847798981,"NRI_P159",50
"59817",14824.514537799,"NRI_P159",100
"59818",-3560.63966220099,"NRI_P159",25
"59819",44636.741187799,"NRI_P159",50
"59820",24608.619727799,"NRI_P159",100
"59821",16555.388317799,"NRI_P159",25
"59822",16990.582557799,"NRI_P159",50
"59823",37264.791137799,"NRI_P159",100
"59824",2983.64448779897,"NRI_P159",25
"59825",1556.30922779901,"NRI_P159",50
"59826",2335.94504779897,"NRI_P159",100
"59827",-10331.556042201,"NRI_P159",25
"59828",2512.86783779901,"NRI_P159",50
"59829",-6302.90507220099,"NRI_P159",100
"59830",-1476.592092201,"NRI_P159",25
"59831",-7594.75697220099,"NRI_P159",50
"59832",8637.737667799,"NRI_P159",100
"59833",10663.474897799,"NRI_P159",25
"59834",22730.768967799,"NRI_P159",50
"59835",-8655.63124220102,"NRI_P159",100
"59836",5143.01649779902,"NRI_P159",25
"59837",28543.982537799,"NRI_P159",50
"59838",29418.908297799,"NRI_P159",100
"59839",325.30378779897,"NRI_P159",25
"59840",1644.58059779898,"NRI_P159",50
"59841",16481.507467799,"NRI_P159",100
"59842",2008.17918779899,"NRI_P159",25
"59843",14458.164527799,"NRI_P159",50
"59844",4525.12779779901,"NRI_P159",100
"59845",7002.81705779902,"NRI_P159",25
"59846",21699.358847799,"NRI_P159",50
"59847",-31141.570432201,"NRI_P159",100
"59848",2556.39606779901,"NRI_P159",25
"59849",43046.444367799,"NRI_P159",50
"59850",12588.788317799,"NRI_P159",100
"59851",14935.179987799,"NRI_P159",25
"59852",-13554.180832201,"NRI_P159",50
"59853",-6267.27126220101,"NRI_P159",100
"59854",2714.30864779901,"NRI_P159",25
"59855",18321.266127799,"NRI_P159",50
"59856",1649.83957779902,"NRI_P159",100
"59857",4982.606407799,"NRI_P159",25
"59858",21843.768537799,"NRI_P159",50
"59859",19212.543047799,"NRI_P159",100
"59860",-11046.671322201,"NRI_P159",25
"59861",9317.02351779898,"NRI_P159",50
"59862",17348.682517799,"NRI_P159",100
"59863",-13926.825452201,"NRI_P159",25
"59864",697.584167798981,"NRI_P159",50
"59865",9784.056597799,"NRI_P159",100
"59866",-9303.11061220098,"NRI_P159",25
"59867",11616.197677799,"NRI_P159",50
"59868",8674.52301779902,"NRI_P159",100
"59869",17664.494777799,"NRI_P159",25
"59870",-966.109362201008,"NRI_P159",50
"59871",28723.157547799,"NRI_P159",100
"59872",-6779.91661220102,"NRI_P159",25
"59873",21168.320217799,"NRI_P159",50
"59874",43285.188217799,"NRI_P159",100
"59875",-16809.460412201,"NRI_P159",25
"59876",11366.596007799,"NRI_P159",50
"59877",-14718.552482201,"NRI_P159",100
"59878",14153.237167799,"NRI_P159",25
"59879",-19976.494272201,"NRI_P159",50
"59880",-9047.229492201,"NRI_P159",100
"59881",5473.99763779901,"NRI_P159",25
"59882",-2086.88498220098,"NRI_P159",50
"59883",6155.45206779899,"NRI_P159",100
"59884",-8873.92235220101,"NRI_P159",25
"59885",-19793.774812201,"NRI_P159",50
"59886",-1724.70837220101,"NRI_P159",100
"59887",-9580.95022220101,"NRI_P159",25
"59888",7694.36336779897,"NRI_P159",50
"59889",26496.325777799,"NRI_P159",100
"59890",-16361.745122201,"NRI_P159",25
"59891",-1641.53161220101,"NRI_P159",50
"59892",5007.09917779901,"NRI_P159",100
"59893",-17007.327702201,"NRI_P159",25
"59894",-7154.04859220103,"NRI_P159",50
"59895",4822.31138779898,"NRI_P159",100
"59896",6143.14003779902,"NRI_P159",25
"59897",17402.052587799,"NRI_P159",50
"59898",8699.82841779897,"NRI_P159",100
"59899",-15441.686032201,"NRI_P159",25
"59900",21890.122917799,"NRI_P159",50
"59901",3208.13362779899,"NRI_P159",100
"59902",3945.20399779902,"NRI_P159",25
"59903",39615.260317799,"NRI_P159",50
"59904",-2722.75976220099,"NRI_P159",100
"59905",-9401.34532220103,"NRI_P159",25
"59906",10830.503057799,"NRI_P159",50
"59907",41780.606797799,"NRI_P159",100
"59908",4292.600567799,"NRI_P159",25
"59909",10103.668727799,"NRI_P159",50
"59910",14281.307437799,"NRI_P159",100
"59911",22341.570417799,"NRI_P159",25
"59912",15880.976117799,"NRI_P159",50
"59913",-950.423812201014,"NRI_P159",100
"59914",17749.620787799,"NRI_P159",25
"59915",-13785.590872201,"NRI_P159",50
"59916",-4414.766222201,"NRI_P159",100
"59917",-14178.911282201,"NRI_P159",25
"59918",4747.61985779897,"NRI_P159",50
"59919",19493.589877799,"NRI_P159",100
"59920",11352.277007799,"NRI_P159",25
"59921",8640.13222779898,"NRI_P159",50
"59922",32422.425857799,"NRI_P159",100
"59923",2891.94209779898,"NRI_P159",25
"59924",-230.406792200985,"NRI_P159",50
"59925",36208.790017799,"NRI_P159",100
"59926",23054.327037799,"NRI_P159",25
"59927",-8766.592742201,"NRI_P159",50
"59928",-8085.04193220101,"NRI_P159",100
"59929",-1149.47565220098,"NRI_P159",25
"59930",-4361.35827220097,"NRI_P159",50
"59931",2796.36846779898,"NRI_P159",100
"59932",5598.320287799,"NRI_P159",25
"59933",-20959.234512201,"NRI_P159",50
"59934",19745.046327799,"NRI_P159",100
"59935",19660.969787799,"NRI_P159",25
"59936",-1844.366562201,"NRI_P159",50
"59937",2808.056917799,"NRI_P159",100
"59938",-863.786442201003,"NRI_P159",25
"59939",8170.490167799,"NRI_P159",50
"59940",26064.736487799,"NRI_P159",100
"59941",6402.62374779902,"NRI_P159",25
"59942",10182.561657799,"NRI_P159",50
"59943",-6793.20727220102,"NRI_P159",100
"59944",-12604.019012201,"NRI_P159",25
"59945",13883.771677799,"NRI_P159",50
"59946",30275.436057799,"NRI_P159",100
"59947",-1390.46063220099,"NRI_P159",25
"59948",-5135.69913220103,"NRI_P159",50
"59949",12696.383757799,"NRI_P159",100
"59950",-14447.818752201,"NRI_P159",25
"59951",16023.987627799,"NRI_P159",50
"59952",38700.204887799,"NRI_P159",100
"59953",14542.230117799,"NRI_P159",25
"59954",6880.74569779902,"NRI_P159",50
"59955",-10916.099632201,"NRI_P159",100
"59956",-3673.82774220099,"NRI_P159",25
"59957",-12954.135492201,"NRI_P159",50
"59958",13725.650877799,"NRI_P159",100
"59959",2595.71893779899,"NRI_P159",25
"59960",17220.157967799,"NRI_P159",50
"59961",5079.58655779902,"NRI_P159",100
"59962",-2428.20248220098,"NRI_P159",25
"59963",18831.593657799,"NRI_P159",50
"59964",19550.375597799,"NRI_P159",100
"59965",631.408527799009,"NRI_P159",25
"59966",-8406.261812201,"NRI_P159",50
"59967",10439.204447799,"NRI_P159",100
"59968",6807.71945779899,"NRI_P159",25
"59969",10401.160227799,"NRI_P159",50
"59970",42507.740147799,"NRI_P159",100
"59971",10600.694457799,"NRI_P159",25
"59972",-7123.17418220098,"NRI_P159",50
"59973",18919.307627799,"NRI_P159",100
"59974",21254.437687799,"NRI_P159",25
"59975",23366.437227799,"NRI_P159",50
"59976",25950.545207799,"NRI_P159",100
"59977",-5768.64978220098,"NRI_P159",25
"59978",-6035.51521220099,"NRI_P159",50
"59979",42386.690257799,"NRI_P159",100
"59980",-4025.86810220103,"NRI_P159",25
"59981",10079.540527799,"NRI_P159",50
"59982",38909.109327799,"NRI_P159",100
"59983",7511.11248779902,"NRI_P159",25
"59984",699.267467799014,"NRI_P159",50
"59985",9161.06585779903,"NRI_P159",100
"59986",13118.073507799,"NRI_P159",25
"59987",3466.677667799,"NRI_P159",50
"59988",-4703.66837220098,"NRI_P159",100
"59989",15672.004067799,"NRI_P159",25
"59990",-36108.538392201,"NRI_P159",50
"59991",-9492.08074220101,"NRI_P159",100
"59992",18159.791657799,"NRI_P159",25
"59993",-221.816482200986,"NRI_P159",50
"59994",-14528.511652201,"NRI_P159",100
"59995",-913.956352200999,"NRI_P159",25
"59996",3807.59792779898,"NRI_P159",50
"59997",-3966.76217220101,"NRI_P159",100
"59998",-6459.76442220103,"NRI_P159",25
"59999",-15732.403212201,"NRI_P159",50
"60000",-741.005642200995,"NRI_P159",100
"60001",139.944461628293,"NRI_P160",25
"60002",-328.902438371704,"NRI_P160",50
"60003",5093.34388162829,"NRI_P160",100
"60004",13907.3071716283,"NRI_P160",25
"60005",-182.685718371707,"NRI_P160",50
"60006",12468.9582616283,"NRI_P160",100
"60007",2073.1464216283,"NRI_P160",25
"60008",5672.24415162829,"NRI_P160",50
"60009",10406.6642816283,"NRI_P160",100
"60010",-347.793028371707,"NRI_P160",25
"60011",1621.2464016283,"NRI_P160",50
"60012",3409.72509162829,"NRI_P160",100
"60013",155.149331628294,"NRI_P160",25
"60014",2043.49800162829,"NRI_P160",50
"60015",8924.37586162829,"NRI_P160",100
"60016",1435.6894216283,"NRI_P160",25
"60017",14579.0525816283,"NRI_P160",50
"60018",11056.5153516283,"NRI_P160",100
"60019",-3.58716837170505,"NRI_P160",25
"60020",481.017631628296,"NRI_P160",50
"60021",-1223.9819383717,"NRI_P160",100
"60022",-446.960208371704,"NRI_P160",25
"60023",5078.8983716283,"NRI_P160",50
"60024",-128.807168371706,"NRI_P160",100
"60025",-751.943788371704,"NRI_P160",25
"60026",20944.7594816283,"NRI_P160",50
"60027",4824.12489162829,"NRI_P160",100
"60028",-17.991708371701,"NRI_P160",25
"60029",3464.54490162829,"NRI_P160",50
"60030",299.128731628298,"NRI_P160",100
"60031",-777.016458371705,"NRI_P160",25
"60032",-1634.70067837171,"NRI_P160",50
"60033",11259.1816716283,"NRI_P160",100
"60034",1390.5691516283,"NRI_P160",25
"60035",4451.9261416283,"NRI_P160",50
"60036",4408.81375162829,"NRI_P160",100
"60037",514.334171628296,"NRI_P160",25
"60038",-458.220078371705,"NRI_P160",50
"60039",6938.93283162829,"NRI_P160",100
"60040",1494.29696162829,"NRI_P160",25
"60041",-973.833918371703,"NRI_P160",50
"60042",-125.177278371702,"NRI_P160",100
"60043",-321.316048371707,"NRI_P160",25
"60044",1065.46301162829,"NRI_P160",50
"60045",4691.6602116283,"NRI_P160",100
"60046",3932.69425162829,"NRI_P160",25
"60047",2490.05341162829,"NRI_P160",50
"60048",1497.8744516283,"NRI_P160",100
"60049",-1108.29674837171,"NRI_P160",25
"60050",583.262421628293,"NRI_P160",50
"60051",4556.89499162829,"NRI_P160",100
"60052",416.808411628299,"NRI_P160",25
"60053",565.002801628296,"NRI_P160",50
"60054",9415.6112316283,"NRI_P160",100
"60055",85.221481628294,"NRI_P160",25
"60056",17524.1399416283,"NRI_P160",50
"60057",16666.2746516283,"NRI_P160",100
"60058",3384.67968162829,"NRI_P160",25
"60059",14294.0057516283,"NRI_P160",50
"60060",1279.5584516283,"NRI_P160",100
"60061",-720.028308371708,"NRI_P160",25
"60062",5352.4714916283,"NRI_P160",50
"60063",-190.915188371706,"NRI_P160",100
"60064",114.794381628293,"NRI_P160",25
"60065",6332.4543816283,"NRI_P160",50
"60066",-826.699318371706,"NRI_P160",100
"60067",4659.1426816283,"NRI_P160",25
"60068",4312.9002016283,"NRI_P160",50
"60069",12386.0325316283,"NRI_P160",100
"60070",-1520.72467837171,"NRI_P160",25
"60071",9573.71776162829,"NRI_P160",50
"60072",4437.24228162829,"NRI_P160",100
"60073",45.9378416282925,"NRI_P160",25
"60074",-1807.2551883717,"NRI_P160",50
"60075",4914.1521316283,"NRI_P160",100
"60076",13350.6501216283,"NRI_P160",25
"60077",-948.178478371701,"NRI_P160",50
"60078",-1050.55209837171,"NRI_P160",100
"60079",13046.7562116283,"NRI_P160",25
"60080",3060.11896162829,"NRI_P160",50
"60081",9813.2761216283,"NRI_P160",100
"60082",148.814851628296,"NRI_P160",25
"60083",2355.72919162829,"NRI_P160",50
"60084",5374.8137816283,"NRI_P160",100
"60085",432.652501628298,"NRI_P160",25
"60086",65.2325816282973,"NRI_P160",50
"60087",5952.39726162829,"NRI_P160",100
"60088",144.335021628292,"NRI_P160",25
"60089",3811.6078416283,"NRI_P160",50
"60090",18037.1484316283,"NRI_P160",100
"60091",274.635391628297,"NRI_P160",25
"60092",4150.2584116283,"NRI_P160",50
"60093",6963.37609162829,"NRI_P160",100
"60094",4050.34959162829,"NRI_P160",25
"60095",-764.424738371701,"NRI_P160",50
"60096",-375.841438371703,"NRI_P160",100
"60097",2621.5856416283,"NRI_P160",25
"60098",9906.0312416283,"NRI_P160",50
"60099",12718.1887816283,"NRI_P160",100
"60100",11673.5579516283,"NRI_P160",25
"60101",4538.74080162829,"NRI_P160",50
"60102",3612.9908816283,"NRI_P160",100
"60103",2340.9642916283,"NRI_P160",25
"60104",3910.2257216283,"NRI_P160",50
"60105",24915.3190816283,"NRI_P160",100
"60106",236.889571628293,"NRI_P160",25
"60107",-512.234718371707,"NRI_P160",50
"60108",3226.7349716283,"NRI_P160",100
"60109",2164.8680416283,"NRI_P160",25
"60110",14110.0390916283,"NRI_P160",50
"60111",3984.49084162829,"NRI_P160",100
"60112",14641.4991716283,"NRI_P160",25
"60113",2799.54058162829,"NRI_P160",50
"60114",1926.34818162829,"NRI_P160",100
"60115",-33.0890483717012,"NRI_P160",25
"60116",2259.1781616283,"NRI_P160",50
"60117",10767.1305216283,"NRI_P160",100
"60118",-1184.5410883717,"NRI_P160",25
"60119",2731.92826162829,"NRI_P160",50
"60120",515.185111628292,"NRI_P160",100
"60121",-1657.3033383717,"NRI_P160",25
"60122",-42.6082483717037,"NRI_P160",50
"60123",824.837481628296,"NRI_P160",100
"60124",5367.0843916283,"NRI_P160",25
"60125",-22.1399183717076,"NRI_P160",50
"60126",12593.8237716283,"NRI_P160",100
"60127",11344.3380116283,"NRI_P160",25
"60128",342.867291628296,"NRI_P160",50
"60129",18719.7579016283,"NRI_P160",100
"60130",-1451.0297283717,"NRI_P160",25
"60131",4404.0065716283,"NRI_P160",50
"60132",9182.3224816283,"NRI_P160",100
"60133",2599.94958162829,"NRI_P160",25
"60134",-1026.6886483717,"NRI_P160",50
"60135",8376.5440316283,"NRI_P160",100
"60136",-514.577338371702,"NRI_P160",25
"60137",11893.4657616283,"NRI_P160",50
"60138",7811.0447116283,"NRI_P160",100
"60139",230.179871628294,"NRI_P160",25
"60140",2951.19334162829,"NRI_P160",50
"60141",6404.4838016283,"NRI_P160",100
"60142",-2083.3124183717,"NRI_P160",25
"60143",1894.1147116283,"NRI_P160",50
"60144",4034.9543816283,"NRI_P160",100
"60145",991.125971628295,"NRI_P160",25
"60146",646.067951628298,"NRI_P160",50
"60147",5013.9428016283,"NRI_P160",100
"60148",442.821301628297,"NRI_P160",25
"60149",6092.3936016283,"NRI_P160",50
"60150",1108.82780162829,"NRI_P160",100
"60151",6912.1997416283,"NRI_P160",25
"60152",12865.4562416283,"NRI_P160",50
"60153",1339.71000162829,"NRI_P160",100
"60154",590.958101628297,"NRI_P160",25
"60155",574.597551628292,"NRI_P160",50
"60156",4340.5506916283,"NRI_P160",100
"60157",814.713201628292,"NRI_P160",25
"60158",6001.05214162829,"NRI_P160",50
"60159",-465.990638371703,"NRI_P160",100
"60160",5340.5456416283,"NRI_P160",25
"60161",823.184881628295,"NRI_P160",50
"60162",288.564771628298,"NRI_P160",100
"60163",144.012241628297,"NRI_P160",25
"60164",1953.3623316283,"NRI_P160",50
"60165",5190.67480162829,"NRI_P160",100
"60166",186.989761628298,"NRI_P160",25
"60167",1306.4803416283,"NRI_P160",50
"60168",5312.47066162829,"NRI_P160",100
"60169",4316.0197216283,"NRI_P160",25
"60170",-569.066658371703,"NRI_P160",50
"60171",-2064.6712583717,"NRI_P160",100
"60172",3132.6174716283,"NRI_P160",25
"60173",14493.6014416283,"NRI_P160",50
"60174",-701.898588371703,"NRI_P160",100
"60175",1994.10071162829,"NRI_P160",25
"60176",-1791.8340883717,"NRI_P160",50
"60177",25329.4113316283,"NRI_P160",100
"60178",-1752.4815083717,"NRI_P160",25
"60179",2830.7495616283,"NRI_P160",50
"60180",13816.3059716283,"NRI_P160",100
"60181",11039.5222816283,"NRI_P160",25
"60182",1417.29866162829,"NRI_P160",50
"60183",4199.2089016283,"NRI_P160",100
"60184",-688.870028371704,"NRI_P160",25
"60185",6313.60931162829,"NRI_P160",50
"60186",-614.795938371703,"NRI_P160",100
"60187",-49.7712683717036,"NRI_P160",25
"60188",1455.1276316283,"NRI_P160",50
"60189",19858.3907016283,"NRI_P160",100
"60190",802.109661628296,"NRI_P160",25
"60191",1111.40844162829,"NRI_P160",50
"60192",-316.767608371701,"NRI_P160",100
"60193",-20.7063383717032,"NRI_P160",25
"60194",1845.0597416283,"NRI_P160",50
"60195",4441.1573516283,"NRI_P160",100
"60196",-685.017558371706,"NRI_P160",25
"60197",-1884.67075837171,"NRI_P160",50
"60198",2091.5178516283,"NRI_P160",100
"60199",1373.79374162829,"NRI_P160",25
"60200",5660.2782116283,"NRI_P160",50
"60201",-542.835748371705,"NRI_P160",100
"60202",-2310.3607583717,"NRI_P160",25
"60203",11996.2202616283,"NRI_P160",50
"60204",12642.2373816283,"NRI_P160",100
"60205",860.324501628296,"NRI_P160",25
"60206",585.543341628298,"NRI_P160",50
"60207",2580.7362816283,"NRI_P160",100
"60208",-1015.9784483717,"NRI_P160",25
"60209",13253.9949516283,"NRI_P160",50
"60210",6899.00754162829,"NRI_P160",100
"60211",803.956071628294,"NRI_P160",25
"60212",4192.6649616283,"NRI_P160",50
"60213",6474.6476916283,"NRI_P160",100
"60214",3725.95194162829,"NRI_P160",25
"60215",-989.675458371705,"NRI_P160",50
"60216",-1624.5683583717,"NRI_P160",100
"60217",122.802101628295,"NRI_P160",25
"60218",10372.1430416283,"NRI_P160",50
"60219",3897.1019716283,"NRI_P160",100
"60220",306.641661628295,"NRI_P160",25
"60221",2843.8428116283,"NRI_P160",50
"60222",7641.63991162829,"NRI_P160",100
"60223",-57.9754183717014,"NRI_P160",25
"60224",-2947.8122583717,"NRI_P160",50
"60225",2041.20433162829,"NRI_P160",100
"60226",264.539511628296,"NRI_P160",25
"60227",4683.28275162829,"NRI_P160",50
"60228",2930.72563162829,"NRI_P160",100
"60229",295.880731628298,"NRI_P160",25
"60230",149.216051628297,"NRI_P160",50
"60231",6626.8186116283,"NRI_P160",100
"60232",309.956521628294,"NRI_P160",25
"60233",-543.792428371708,"NRI_P160",50
"60234",3115.28658162829,"NRI_P160",100
"60235",1676.62607162829,"NRI_P160",25
"60236",-776.866068371703,"NRI_P160",50
"60237",5012.22305162829,"NRI_P160",100
"60238",-2215.8093283717,"NRI_P160",25
"60239",2653.1014816283,"NRI_P160",50
"60240",-638.767558371706,"NRI_P160",100
"60241",227.461141628293,"NRI_P160",25
"60242",438.056341628297,"NRI_P160",50
"60243",4571.49469162829,"NRI_P160",100
"60244",3908.23171162829,"NRI_P160",25
"60245",3635.1384916283,"NRI_P160",50
"60246",2763.3798916283,"NRI_P160",100
"60247",-520.876068371705,"NRI_P160",25
"60248",367.318551628297,"NRI_P160",50
"60249",1736.3354016283,"NRI_P160",100
"60250",-399.465048371705,"NRI_P160",25
"60251",6249.6311416283,"NRI_P160",50
"60252",7007.6487616283,"NRI_P160",100
"60253",943.555711628294,"NRI_P160",25
"60254",11619.7052016283,"NRI_P160",50
"60255",10691.9173616283,"NRI_P160",100
"60256",1510.36883162829,"NRI_P160",25
"60257",-1675.9517983717,"NRI_P160",50
"60258",3365.33661162829,"NRI_P160",100
"60259",-864.421468371707,"NRI_P160",25
"60260",2033.8205916283,"NRI_P160",50
"60261",12290.0223816283,"NRI_P160",100
"60262",-243.125628371701,"NRI_P160",25
"60263",3908.3447916283,"NRI_P160",50
"60264",1009.1217916283,"NRI_P160",100
"60265",610.251841628298,"NRI_P160",25
"60266",-17.6250783717041,"NRI_P160",50
"60267",-86.684688371708,"NRI_P160",100
"60268",504.203321628294,"NRI_P160",25
"60269",1084.7948216283,"NRI_P160",50
"60270",3388.9953416283,"NRI_P160",100
"60271",-391.156398371706,"NRI_P160",25
"60272",-877.184258371708,"NRI_P160",50
"60273",6282.8007516283,"NRI_P160",100
"60274",1130.3607016283,"NRI_P160",25
"60275",-2155.7766583717,"NRI_P160",50
"60276",8316.31147162829,"NRI_P160",100
"60277",-1021.12521837171,"NRI_P160",25
"60278",-2167.2288883717,"NRI_P160",50
"60279",21772.2106716283,"NRI_P160",100
"60280",-479.511168371704,"NRI_P160",25
"60281",322.375021628293,"NRI_P160",50
"60282",27911.3608316283,"NRI_P160",100
"60283",-1408.61577837171,"NRI_P160",25
"60284",815.152931628298,"NRI_P160",50
"60285",8185.5257116283,"NRI_P160",100
"60286",-2155.1373283717,"NRI_P160",25
"60287",2235.8073516283,"NRI_P160",50
"60288",8686.10127162829,"NRI_P160",100
"60289",2725.51541162829,"NRI_P160",25
"60290",-2066.7300283717,"NRI_P160",50
"60291",3576.09828162829,"NRI_P160",100
"60292",-195.727468371704,"NRI_P160",25
"60293",13398.5989116283,"NRI_P160",50
"60294",888.376161628294,"NRI_P160",100
"60295",-1223.5929183717,"NRI_P160",25
"60296",2997.5014116283,"NRI_P160",50
"60297",23495.6749016283,"NRI_P160",100
"60298",801.146691628295,"NRI_P160",25
"60299",14717.2694616283,"NRI_P160",50
"60300",181.578621628294,"NRI_P160",100
"60301",-30189.46108283,"NRI_P161",25
"60302",-30892.57219283,"NRI_P161",50
"60303",-56604.71426283,"NRI_P161",100
"60304",-16612.30442283,"NRI_P161",25
"60305",-20364.28986283,"NRI_P161",50
"60306",-72066.83759283,"NRI_P161",100
"60307",-8596.09394282999,"NRI_P161",25
"60308",-28852.42203283,"NRI_P161",50
"60309",-14521.43168283,"NRI_P161",100
"60310",-17119.41878283,"NRI_P161",25
"60311",-22633.48288283,"NRI_P161",50
"60312",-62771.95012283,"NRI_P161",100
"60313",-18182.78899283,"NRI_P161",25
"60314",-31715.23372283,"NRI_P161",50
"60315",-53087.25900283,"NRI_P161",100
"60316",-29012.20700283,"NRI_P161",25
"60317",-36401.25735283,"NRI_P161",50
"60318",-61264.59860283,"NRI_P161",100
"60319",-23045.42567283,"NRI_P161",25
"60320",-13513.39104283,"NRI_P161",50
"60321",-36313.35912283,"NRI_P161",100
"60322",-11422.06293283,"NRI_P161",25
"60323",-12333.99939283,"NRI_P161",50
"60324",-56646.04202283,"NRI_P161",100
"60325",-24138.31043283,"NRI_P161",25
"60326",-25885.33924283,"NRI_P161",50
"60327",-35274.48231283,"NRI_P161",100
"60328",-3111.90291283,"NRI_P161",25
"60329",-23835.66211283,"NRI_P161",50
"60330",-40225.98814283,"NRI_P161",100
"60331",-9306.51607283001,"NRI_P161",25
"60332",-20136.50589283,"NRI_P161",50
"60333",-61288.09450283,"NRI_P161",100
"60334",-24718.75990283,"NRI_P161",25
"60335",-25217.35816283,"NRI_P161",50
"60336",-39034.84655283,"NRI_P161",100
"60337",-7495.56007283001,"NRI_P161",25
"60338",-26909.56159283,"NRI_P161",50
"60339",-66105.71835283,"NRI_P161",100
"60340",-19551.04071283,"NRI_P161",25
"60341",-23269.01734283,"NRI_P161",50
"60342",-63843.21264283,"NRI_P161",100
"60343",-17956.21905283,"NRI_P161",25
"60344",-38894.66426283,"NRI_P161",50
"60345",-41119.58997283,"NRI_P161",100
"60346",-11889.15350283,"NRI_P161",25
"60347",-40470.21126283,"NRI_P161",50
"60348",-69453.20800283,"NRI_P161",100
"60349",-13461.75452283,"NRI_P161",25
"60350",-50868.02993283,"NRI_P161",50
"60351",-19627.63531283,"NRI_P161",100
"60352",3707.17962716997,"NRI_P161",25
"60353",-34977.47442283,"NRI_P161",50
"60354",-54764.91720283,"NRI_P161",100
"60355",-23943.02283283,"NRI_P161",25
"60356",-2634.11922282999,"NRI_P161",50
"60357",-75503.35819283,"NRI_P161",100
"60358",-12976.81601283,"NRI_P161",25
"60359",-40353.45094283,"NRI_P161",50
"60360",-79248.53135283,"NRI_P161",100
"60361",-17293.09013283,"NRI_P161",25
"60362",-39418.54329283,"NRI_P161",50
"60363",-71168.79309283,"NRI_P161",100
"60364",-23508.69493283,"NRI_P161",25
"60365",-36512.84666283,"NRI_P161",50
"60366",-49554.24970283,"NRI_P161",100
"60367",-18545.79648283,"NRI_P161",25
"60368",-28902.42098283,"NRI_P161",50
"60369",-42315.17479283,"NRI_P161",100
"60370",-22135.77087283,"NRI_P161",25
"60371",-9281.22360283002,"NRI_P161",50
"60372",-71278.56810283,"NRI_P161",100
"60373",-19437.00656283,"NRI_P161",25
"60374",-22180.24969283,"NRI_P161",50
"60375",-51575.25728283,"NRI_P161",100
"60376",-3302.10619283002,"NRI_P161",25
"60377",-41703.45947283,"NRI_P161",50
"60378",-57256.80831283,"NRI_P161",100
"60379",-35603.50536283,"NRI_P161",25
"60380",-56716.72498283,"NRI_P161",50
"60381",-67961.14791283,"NRI_P161",100
"60382",-12534.63252283,"NRI_P161",25
"60383",-35300.78476283,"NRI_P161",50
"60384",-34925.11918283,"NRI_P161",100
"60385",-21682.51014283,"NRI_P161",25
"60386",-32135.77498283,"NRI_P161",50
"60387",-76190.75114283,"NRI_P161",100
"60388",-36600.49289283,"NRI_P161",25
"60389",-36766.95926283,"NRI_P161",50
"60390",-68534.39814283,"NRI_P161",100
"60391",-16926.78378283,"NRI_P161",25
"60392",-26980.62579283,"NRI_P161",50
"60393",-50193.37137283,"NRI_P161",100
"60394",-20714.04127283,"NRI_P161",25
"60395",-35016.70854283,"NRI_P161",50
"60396",-43635.54321283,"NRI_P161",100
"60397",-21703.40252283,"NRI_P161",25
"60398",-37123.82916283,"NRI_P161",50
"60399",-32616.44276283,"NRI_P161",100
"60400",-22188.84830283,"NRI_P161",25
"60401",-45536.12157283,"NRI_P161",50
"60402",-40997.42986283,"NRI_P161",100
"60403",-27271.08055283,"NRI_P161",25
"60404",-17741.81478283,"NRI_P161",50
"60405",-44554.54782283,"NRI_P161",100
"60406",-21468.32945283,"NRI_P161",25
"60407",-18917.67337283,"NRI_P161",50
"60408",-62830.50309283,"NRI_P161",100
"60409",-24404.59089283,"NRI_P161",25
"60410",4379.69142717001,"NRI_P161",50
"60411",-66371.37445283,"NRI_P161",100
"60412",-19784.64695283,"NRI_P161",25
"60413",-40889.35604283,"NRI_P161",50
"60414",-64388.99919283,"NRI_P161",100
"60415",-9143.70754283003,"NRI_P161",25
"60416",-39416.90697283,"NRI_P161",50
"60417",-68020.52337283,"NRI_P161",100
"60418",-4557.74729283003,"NRI_P161",25
"60419",-18618.63860283,"NRI_P161",50
"60420",-70174.44031283,"NRI_P161",100
"60421",-18791.34245283,"NRI_P161",25
"60422",-27498.79829283,"NRI_P161",50
"60423",-79068.89209283,"NRI_P161",100
"60424",-21207.14290283,"NRI_P161",25
"60425",-32453.10085283,"NRI_P161",50
"60426",-61465.38880283,"NRI_P161",100
"60427",-32792.90486283,"NRI_P161",25
"60428",-29026.13251283,"NRI_P161",50
"60429",-71448.97947283,"NRI_P161",100
"60430",-16051.29297283,"NRI_P161",25
"60431",5934.94518717,"NRI_P161",50
"60432",-6709.77564283001,"NRI_P161",100
"60433",-16846.45446283,"NRI_P161",25
"60434",-32386.98454283,"NRI_P161",50
"60435",-42750.78776283,"NRI_P161",100
"60436",-28134.81282283,"NRI_P161",25
"60437",-38297.90030283,"NRI_P161",50
"60438",-48003.57314283,"NRI_P161",100
"60439",-21833.21498283,"NRI_P161",25
"60440",-5947.23105283,"NRI_P161",50
"60441",-71274.25410283,"NRI_P161",100
"60442",-8870.36395283003,"NRI_P161",25
"60443",-30325.37276283,"NRI_P161",50
"60444",-70510.83414283,"NRI_P161",100
"60445",-25245.88205283,"NRI_P161",25
"60446",-37421.65379283,"NRI_P161",50
"60447",-71378.35690283,"NRI_P161",100
"60448",-6360.02194283,"NRI_P161",25
"60449",-38591.85012283,"NRI_P161",50
"60450",-49472.58570283,"NRI_P161",100
"60451",-22165.07174283,"NRI_P161",25
"60452",-33931.02019283,"NRI_P161",50
"60453",-61544.48360283,"NRI_P161",100
"60454",-12135.19819283,"NRI_P161",25
"60455",-49310.81289283,"NRI_P161",50
"60456",-55035.86021283,"NRI_P161",100
"60457",-6073.50317282998,"NRI_P161",25
"60458",-20491.37617283,"NRI_P161",50
"60459",-42205.18953283,"NRI_P161",100
"60460",-13671.29571283,"NRI_P161",25
"60461",-21642.50122283,"NRI_P161",50
"60462",-67958.85904283,"NRI_P161",100
"60463",-9559.59364282998,"NRI_P161",25
"60464",-16204.27240283,"NRI_P161",50
"60465",-33183.63158283,"NRI_P161",100
"60466",-19340.60619283,"NRI_P161",25
"60467",-26772.64455283,"NRI_P161",50
"60468",-69605.63132283,"NRI_P161",100
"60469",-14402.09814283,"NRI_P161",25
"60470",-31838.77061283,"NRI_P161",50
"60471",-66932.74066283,"NRI_P161",100
"60472",16920.81098717,"NRI_P161",25
"60473",-31036.06217283,"NRI_P161",50
"60474",-73273.97409283,"NRI_P161",100
"60475",-15095.82695283,"NRI_P161",25
"60476",-8452.26165283,"NRI_P161",50
"60477",-59449.16920283,"NRI_P161",100
"60478",-21506.89853283,"NRI_P161",25
"60479",6123.01281717001,"NRI_P161",50
"60480",-67437.17817283,"NRI_P161",100
"60481",-21761.67931283,"NRI_P161",25
"60482",-25564.48460283,"NRI_P161",50
"60483",-57554.79406283,"NRI_P161",100
"60484",-18752.50194283,"NRI_P161",25
"60485",-21390.08803283,"NRI_P161",50
"60486",-37185.94629283,"NRI_P161",100
"60487",-9459.28036282997,"NRI_P161",25
"60488",-24888.73613283,"NRI_P161",50
"60489",-65120.42042283,"NRI_P161",100
"60490",9794.51179716998,"NRI_P161",25
"60491",-38133.95922283,"NRI_P161",50
"60492",-76055.28433283,"NRI_P161",100
"60493",-17322.07063283,"NRI_P161",25
"60494",-44298.01469283,"NRI_P161",50
"60495",-50058.46283283,"NRI_P161",100
"60496",-16180.33490283,"NRI_P161",25
"60497",-34459.86292283,"NRI_P161",50
"60498",-42248.42456283,"NRI_P161",100
"60499",-2361.05523283,"NRI_P161",25
"60500",-14855.65247283,"NRI_P161",50
"60501",-54661.04337283,"NRI_P161",100
"60502",-16985.60735283,"NRI_P161",25
"60503",-30993.26406283,"NRI_P161",50
"60504",-55527.03439283,"NRI_P161",100
"60505",-19085.11789283,"NRI_P161",25
"60506",-4860.32098283002,"NRI_P161",50
"60507",-61683.58758283,"NRI_P161",100
"60508",-24063.70880283,"NRI_P161",25
"60509",-39707.78574283,"NRI_P161",50
"60510",-45227.67766283,"NRI_P161",100
"60511",-15668.25610283,"NRI_P161",25
"60512",-33204.53341283,"NRI_P161",50
"60513",-44963.11841283,"NRI_P161",100
"60514",-24792.60138283,"NRI_P161",25
"60515",-30094.95712283,"NRI_P161",50
"60516",-65703.17420283,"NRI_P161",100
"60517",-15815.41058283,"NRI_P161",25
"60518",-44388.06483283,"NRI_P161",50
"60519",-76429.23431283,"NRI_P161",100
"60520",-5799.35818282998,"NRI_P161",25
"60521",-32501.53532283,"NRI_P161",50
"60522",-69554.53517283,"NRI_P161",100
"60523",-12119.94511283,"NRI_P161",25
"60524",-44438.78885283,"NRI_P161",50
"60525",-77244.82450283,"NRI_P161",100
"60526",-18695.83393283,"NRI_P161",25
"60527",-60096.84654283,"NRI_P161",50
"60528",-69232.75447283,"NRI_P161",100
"60529",-23601.25722283,"NRI_P161",25
"60530",-18543.81103283,"NRI_P161",50
"60531",-57264.53786283,"NRI_P161",100
"60532",-24226.16783283,"NRI_P161",25
"60533",-16028.62508283,"NRI_P161",50
"60534",-72573.21288283,"NRI_P161",100
"60535",-8103.71222282998,"NRI_P161",25
"60536",-45859.13713283,"NRI_P161",50
"60537",-69128.48222283,"NRI_P161",100
"60538",-27096.05718283,"NRI_P161",25
"60539",-19063.77911283,"NRI_P161",50
"60540",-68378.98133283,"NRI_P161",100
"60541",-10839.02594283,"NRI_P161",25
"60542",-43752.48196283,"NRI_P161",50
"60543",-72530.66414283,"NRI_P161",100
"60544",-3594.31048282998,"NRI_P161",25
"60545",-41642.59550283,"NRI_P161",50
"60546",-74107.20445283,"NRI_P161",100
"60547",-6282.39087283,"NRI_P161",25
"60548",-32259.09858283,"NRI_P161",50
"60549",-77944.30004283,"NRI_P161",100
"60550",-18078.77230283,"NRI_P161",25
"60551",-24773.77893283,"NRI_P161",50
"60552",-38185.93135283,"NRI_P161",100
"60553",7800.63840717002,"NRI_P161",25
"60554",-27138.84517283,"NRI_P161",50
"60555",-27956.19781283,"NRI_P161",100
"60556",-28595.52182283,"NRI_P161",25
"60557",-35348.97241283,"NRI_P161",50
"60558",-47392.89693283,"NRI_P161",100
"60559",-14546.57292283,"NRI_P161",25
"60560",-25254.64670283,"NRI_P161",50
"60561",-57759.36352283,"NRI_P161",100
"60562",-19534.87425283,"NRI_P161",25
"60563",-49443.42663283,"NRI_P161",50
"60564",-17263.73505283,"NRI_P161",100
"60565",32776.70278717,"NRI_P161",25
"60566",-45010.37112283,"NRI_P161",50
"60567",-23117.87259283,"NRI_P161",100
"60568",-10031.67908283,"NRI_P161",25
"60569",-33923.99585283,"NRI_P161",50
"60570",-71027.81871283,"NRI_P161",100
"60571",-10470.24274283,"NRI_P161",25
"60572",-23701.35293283,"NRI_P161",50
"60573",-69673.22928283,"NRI_P161",100
"60574",-4269.74314282998,"NRI_P161",25
"60575",-41634.58337283,"NRI_P161",50
"60576",-75257.68373283,"NRI_P161",100
"60577",-12594.06649283,"NRI_P161",25
"60578",-21317.24509283,"NRI_P161",50
"60579",-44406.84182283,"NRI_P161",100
"60580",-14768.94008283,"NRI_P161",25
"60581",-44809.83351283,"NRI_P161",50
"60582",-48620.78135283,"NRI_P161",100
"60583",8891.55704717,"NRI_P161",25
"60584",-24093.79961283,"NRI_P161",50
"60585",-35569.83000283,"NRI_P161",100
"60586",-21962.48238283,"NRI_P161",25
"60587",-24388.91894283,"NRI_P161",50
"60588",-36156.14886283,"NRI_P161",100
"60589",-15043.44592283,"NRI_P161",25
"60590",-40488.94595283,"NRI_P161",50
"60591",-51690.96915283,"NRI_P161",100
"60592",-21929.19073283,"NRI_P161",25
"60593",-41342.32529283,"NRI_P161",50
"60594",-66084.09598283,"NRI_P161",100
"60595",-19550.18926283,"NRI_P161",25
"60596",-1443.75585283001,"NRI_P161",50
"60597",-39279.30274283,"NRI_P161",100
"60598",-24102.99507283,"NRI_P161",25
"60599",-19887.78839283,"NRI_P161",50
"60600",-43189.18751283,"NRI_P161",100
"60601",-3904.81533212098,"NRI_P162",25
"60602",-30686.663622121,"NRI_P162",50
"60603",1018.51105787902,"NRI_P162",100
"60604",-14310.527072121,"NRI_P162",25
"60605",-13543.958072121,"NRI_P162",50
"60606",-70572.876422121,"NRI_P162",100
"60607",-20185.082892121,"NRI_P162",25
"60608",-62721.870082121,"NRI_P162",50
"60609",-52027.297542121,"NRI_P162",100
"60610",6103.73847787897,"NRI_P162",25
"60611",6425.29816787899,"NRI_P162",50
"60612",-61675.439002121,"NRI_P162",100
"60613",889.563877879002,"NRI_P162",25
"60614",-326.539872121008,"NRI_P162",50
"60615",-74375.176422121,"NRI_P162",100
"60616",4999.09913787898,"NRI_P162",25
"60617",-78004.296402121,"NRI_P162",50
"60618",-61059.132172121,"NRI_P162",100
"60619",-55089.044332121,"NRI_P162",25
"60620",15618.552707879,"NRI_P162",50
"60621",-29998.167822121,"NRI_P162",100
"60622",-59562.679612121,"NRI_P162",25
"60623",-15496.432932121,"NRI_P162",50
"60624",6260.47298787901,"NRI_P162",100
"60625",1927.52171787899,"NRI_P162",25
"60626",-18668.304552121,"NRI_P162",50
"60627",-35698.066822121,"NRI_P162",100
"60628",11576.333117879,"NRI_P162",25
"60629",-26835.663782121,"NRI_P162",50
"60630",-43339.663472121,"NRI_P162",100
"60631",-1917.202252121,"NRI_P162",25
"60632",-40768.529062121,"NRI_P162",50
"60633",-28012.725952121,"NRI_P162",100
"60634",12148.150627879,"NRI_P162",25
"60635",1385.04614787898,"NRI_P162",50
"60636",-70287.456882121,"NRI_P162",100
"60637",-14948.169692121,"NRI_P162",25
"60638",-24003.304272121,"NRI_P162",50
"60639",-29344.467352121,"NRI_P162",100
"60640",11706.884477879,"NRI_P162",25
"60641",-5834.81471212098,"NRI_P162",50
"60642",-69327.533382121,"NRI_P162",100
"60643",23837.432737879,"NRI_P162",25
"60644",-57875.455662121,"NRI_P162",50
"60645",-43817.643242121,"NRI_P162",100
"60646",-45209.633842121,"NRI_P162",25
"60647",-21209.134952121,"NRI_P162",50
"60648",-90854.187682121,"NRI_P162",100
"60649",3220.17866787902,"NRI_P162",25
"60650",-2580.48837212101,"NRI_P162",50
"60651",-58156.815122121,"NRI_P162",100
"60652",21355.290587879,"NRI_P162",25
"60653",-11799.510562121,"NRI_P162",50
"60654",-31963.082722121,"NRI_P162",100
"60655",-2038.022052121,"NRI_P162",25
"60656",-66859.511212121,"NRI_P162",50
"60657",-21484.461302121,"NRI_P162",100
"60658",-7929.692972121,"NRI_P162",25
"60659",-8492.662562121,"NRI_P162",50
"60660",-31273.961382121,"NRI_P162",100
"60661",-20720.308462121,"NRI_P162",25
"60662",1695.382867879,"NRI_P162",50
"60663",-8441.642672121,"NRI_P162",100
"60664",36330.320457879,"NRI_P162",25
"60665",-88102.180252121,"NRI_P162",50
"60666",-65513.973212121,"NRI_P162",100
"60667",32830.371587879,"NRI_P162",25
"60668",-61254.590312121,"NRI_P162",50
"60669",-28259.773402121,"NRI_P162",100
"60670",10024.227247879,"NRI_P162",25
"60671",-38879.949742121,"NRI_P162",50
"60672",-60822.498192121,"NRI_P162",100
"60673",-21301.174722121,"NRI_P162",25
"60674",32260.467487879,"NRI_P162",50
"60675",-59110.466742121,"NRI_P162",100
"60676",12858.403037879,"NRI_P162",25
"60677",2661.96394787898,"NRI_P162",50
"60678",-56487.948802121,"NRI_P162",100
"60679",-54539.367612121,"NRI_P162",25
"60680",9160.72764787899,"NRI_P162",50
"60681",-53012.814032121,"NRI_P162",100
"60682",-57905.738762121,"NRI_P162",25
"60683",-85086.815892121,"NRI_P162",50
"60684",-1749.94296212099,"NRI_P162",100
"60685",-8028.50694212102,"NRI_P162",25
"60686",-17398.426662121,"NRI_P162",50
"60687",-94310.120992121,"NRI_P162",100
"60688",-17831.382612121,"NRI_P162",25
"60689",-62976.993232121,"NRI_P162",50
"60690",-27202.415922121,"NRI_P162",100
"60691",-160.985672120994,"NRI_P162",25
"60692",-85716.088312121,"NRI_P162",50
"60693",-39464.816062121,"NRI_P162",100
"60694",-3454.71590212098,"NRI_P162",25
"60695",-10246.471512121,"NRI_P162",50
"60696",-40411.757622121,"NRI_P162",100
"60697",19144.878747879,"NRI_P162",25
"60698",-9234.779582121,"NRI_P162",50
"60699",-15591.691842121,"NRI_P162",100
"60700",8356.45074787899,"NRI_P162",25
"60701",-62159.196402121,"NRI_P162",50
"60702",-56982.557102121,"NRI_P162",100
"60703",2736.09923787898,"NRI_P162",25
"60704",-2023.210492121,"NRI_P162",50
"60705",-23025.429252121,"NRI_P162",100
"60706",-49376.760122121,"NRI_P162",25
"60707",-18218.344462121,"NRI_P162",50
"60708",-40253.802722121,"NRI_P162",100
"60709",1938.90255787899,"NRI_P162",25
"60710",-31217.773192121,"NRI_P162",50
"60711",-49114.342282121,"NRI_P162",100
"60712",-59937.013092121,"NRI_P162",25
"60713",-12135.575652121,"NRI_P162",50
"60714",-50200.057412121,"NRI_P162",100
"60715",26198.362807879,"NRI_P162",25
"60716",-3487.57067212102,"NRI_P162",50
"60717",-68881.108792121,"NRI_P162",100
"60718",-14339.036942121,"NRI_P162",25
"60719",-38383.867412121,"NRI_P162",50
"60720",-67402.711022121,"NRI_P162",100
"60721",-7256.67026212101,"NRI_P162",25
"60722",5717.96008787898,"NRI_P162",50
"60723",-27436.081942121,"NRI_P162",100
"60724",31772.740567879,"NRI_P162",25
"60725",-5330.31114212098,"NRI_P162",50
"60726",-29831.585982121,"NRI_P162",100
"60727",21540.614167879,"NRI_P162",25
"60728",-4465.56869212101,"NRI_P162",50
"60729",-40332.541212121,"NRI_P162",100
"60730",-22228.372652121,"NRI_P162",25
"60731",-56558.159262121,"NRI_P162",50
"60732",-56072.060902121,"NRI_P162",100
"60733",-55756.328422121,"NRI_P162",25
"60734",-27004.847942121,"NRI_P162",50
"60735",-17139.761792121,"NRI_P162",100
"60736",-4346.47205212101,"NRI_P162",25
"60737",1149.026657879,"NRI_P162",50
"60738",-39969.659752121,"NRI_P162",100
"60739",-4205.96128212102,"NRI_P162",25
"60740",-24232.118272121,"NRI_P162",50
"60741",-27464.730842121,"NRI_P162",100
"60742",-42465.760712121,"NRI_P162",25
"60743",48350.538527879,"NRI_P162",50
"60744",-62034.812032121,"NRI_P162",100
"60745",-61690.436562121,"NRI_P162",25
"60746",551.038247879012,"NRI_P162",50
"60747",-63991.623212121,"NRI_P162",100
"60748",-1253.92605212098,"NRI_P162",25
"60749",-9561.77673212101,"NRI_P162",50
"60750",-38688.270812121,"NRI_P162",100
"60751",-69617.397122121,"NRI_P162",25
"60752",-50831.038052121,"NRI_P162",50
"60753",-79554.889852121,"NRI_P162",100
"60754",2490.45234787901,"NRI_P162",25
"60755",-2312.77710212098,"NRI_P162",50
"60756",-71357.625012121,"NRI_P162",100
"60757",12655.787907879,"NRI_P162",25
"60758",-43754.375682121,"NRI_P162",50
"60759",-66620.086202121,"NRI_P162",100
"60760",-68792.740602121,"NRI_P162",25
"60761",-1673.600552121,"NRI_P162",50
"60762",-55874.972922121,"NRI_P162",100
"60763",27086.535127879,"NRI_P162",25
"60764",-4710.39655212098,"NRI_P162",50
"60765",-24350.600342121,"NRI_P162",100
"60766",18.2914178789943,"NRI_P162",25
"60767",-4052.831602121,"NRI_P162",50
"60768",-59435.037042121,"NRI_P162",100
"60769",20796.309227879,"NRI_P162",25
"60770",8334.73093787901,"NRI_P162",50
"60771",-23153.673922121,"NRI_P162",100
"60772",7179.314977879,"NRI_P162",25
"60773",-11040.431472121,"NRI_P162",50
"60774",-15267.696882121,"NRI_P162",100
"60775",-5345.45836212102,"NRI_P162",25
"60776",19252.004117879,"NRI_P162",50
"60777",-34949.541232121,"NRI_P162",100
"60778",17109.878067879,"NRI_P162",25
"60779",-7546.805182121,"NRI_P162",50
"60780",-13201.931832121,"NRI_P162",100
"60781",-7094.86318212101,"NRI_P162",25
"60782",-35456.321322121,"NRI_P162",50
"60783",-61550.653352121,"NRI_P162",100
"60784",1983.925147879,"NRI_P162",25
"60785",-4248.46190212102,"NRI_P162",50
"60786",-48191.360862121,"NRI_P162",100
"60787",-3820.767932121,"NRI_P162",25
"60788",-25990.169772121,"NRI_P162",50
"60789",-38091.323182121,"NRI_P162",100
"60790",-48319.180132121,"NRI_P162",25
"60791",22456.872087879,"NRI_P162",50
"60792",-68443.315402121,"NRI_P162",100
"60793",-45396.373012121,"NRI_P162",25
"60794",21651.713827879,"NRI_P162",50
"60795",-7032.12799212098,"NRI_P162",100
"60796",-24664.847952121,"NRI_P162",25
"60797",-49475.000232121,"NRI_P162",50
"60798",-61481.539702121,"NRI_P162",100
"60799",4215.16759787902,"NRI_P162",25
"60800",-3525.58042212098,"NRI_P162",50
"60801",-38813.006162121,"NRI_P162",100
"60802",1216.03141787898,"NRI_P162",25
"60803",-36758.897572121,"NRI_P162",50
"60804",-24130.536172121,"NRI_P162",100
"60805",-42006.831452121,"NRI_P162",25
"60806",-27321.802952121,"NRI_P162",50
"60807",-69645.744262121,"NRI_P162",100
"60808",-72338.238962121,"NRI_P162",25
"60809",-75341.775522121,"NRI_P162",50
"60810",-40788.106022121,"NRI_P162",100
"60811",7071.55830787902,"NRI_P162",25
"60812",-21556.652612121,"NRI_P162",50
"60813",2734.06138787902,"NRI_P162",100
"60814",-70604.377292121,"NRI_P162",25
"60815",-32320.365052121,"NRI_P162",50
"60816",-65753.072622121,"NRI_P162",100
"60817",-59256.841422121,"NRI_P162",25
"60818",-21638.120742121,"NRI_P162",50
"60819",-56292.605532121,"NRI_P162",100
"60820",-23634.526552121,"NRI_P162",25
"60821",-19000.889222121,"NRI_P162",50
"60822",-56341.804642121,"NRI_P162",100
"60823",5845.72560787899,"NRI_P162",25
"60824",-33.6624721210101,"NRI_P162",50
"60825",-89515.879862121,"NRI_P162",100
"60826",3711.95797787898,"NRI_P162",25
"60827",-86305.008602121,"NRI_P162",50
"60828",-58283.946742121,"NRI_P162",100
"60829",-23642.512372121,"NRI_P162",25
"60830",29958.588507879,"NRI_P162",50
"60831",-39868.606362121,"NRI_P162",100
"60832",-66572.194832121,"NRI_P162",25
"60833",-55109.752102121,"NRI_P162",50
"60834",-49327.602092121,"NRI_P162",100
"60835",6707.00788787898,"NRI_P162",25
"60836",-6502.25225212099,"NRI_P162",50
"60837",-12722.382712121,"NRI_P162",100
"60838",-57767.034952121,"NRI_P162",25
"60839",-36045.183062121,"NRI_P162",50
"60840",-6761.92556212097,"NRI_P162",100
"60841",-13878.905352121,"NRI_P162",25
"60842",-7649.07029212097,"NRI_P162",50
"60843",-63356.852872121,"NRI_P162",100
"60844",-5334.42978212098,"NRI_P162",25
"60845",62895.426847879,"NRI_P162",50
"60846",-59343.196802121,"NRI_P162",100
"60847",-75898.952722121,"NRI_P162",25
"60848",3052.418627879,"NRI_P162",50
"60849",-66644.882602121,"NRI_P162",100
"60850",-48009.800192121,"NRI_P162",25
"60851",20109.300937879,"NRI_P162",50
"60852",-42629.283752121,"NRI_P162",100
"60853",894.44054787897,"NRI_P162",25
"60854",-61670.422192121,"NRI_P162",50
"60855",-38273.037252121,"NRI_P162",100
"60856",13124.746387879,"NRI_P162",25
"60857",8893.66275787901,"NRI_P162",50
"60858",-61046.444512121,"NRI_P162",100
"60859",-5936.38470212102,"NRI_P162",25
"60860",-50175.174802121,"NRI_P162",50
"60861",-80832.970222121,"NRI_P162",100
"60862",-58277.571302121,"NRI_P162",25
"60863",-20293.146752121,"NRI_P162",50
"60864",-84043.766482121,"NRI_P162",100
"60865",19389.684107879,"NRI_P162",25
"60866",-43385.119102121,"NRI_P162",50
"60867",-6965.42206212098,"NRI_P162",100
"60868",1807.48674787901,"NRI_P162",25
"60869",-3517.13145212102,"NRI_P162",50
"60870",-22222.143022121,"NRI_P162",100
"60871",-12542.534892121,"NRI_P162",25
"60872",-10084.730762121,"NRI_P162",50
"60873",-71929.525392121,"NRI_P162",100
"60874",-8267.28502212098,"NRI_P162",25
"60875",23381.461347879,"NRI_P162",50
"60876",-46458.685622121,"NRI_P162",100
"60877",3219.52661787899,"NRI_P162",25
"60878",-62415.030252121,"NRI_P162",50
"60879",-50218.339352121,"NRI_P162",100
"60880",20069.615797879,"NRI_P162",25
"60881",-16391.145252121,"NRI_P162",50
"60882",-55885.169142121,"NRI_P162",100
"60883",33708.019307879,"NRI_P162",25
"60884",-57679.951752121,"NRI_P162",50
"60885",-16879.282322121,"NRI_P162",100
"60886",-17367.064242121,"NRI_P162",25
"60887",-9529.03092212102,"NRI_P162",50
"60888",-37461.406772121,"NRI_P162",100
"60889",10977.357667879,"NRI_P162",25
"60890",4898.05476787902,"NRI_P162",50
"60891",-52356.561142121,"NRI_P162",100
"60892",12713.749527879,"NRI_P162",25
"60893",-2268.22242212098,"NRI_P162",50
"60894",-44099.577122121,"NRI_P162",100
"60895",-15393.228462121,"NRI_P162",25
"60896",-71477.756472121,"NRI_P162",50
"60897",-18487.564092121,"NRI_P162",100
"60898",-3046.76448212098,"NRI_P162",25
"60899",-54421.059362121,"NRI_P162",50
"60900",-59884.508612121,"NRI_P162",100
"60901",-19.5480180369923,"NRI_P164",25
"60902",4588.540501963,"NRI_P164",50
"60903",-637.207718037011,"NRI_P164",100
"60904",17613.697781963,"NRI_P164",25
"60905",12447.678361963,"NRI_P164",50
"60906",19910.103191963,"NRI_P164",100
"60907",4523.070651963,"NRI_P164",25
"60908",6573.85379196302,"NRI_P164",50
"60909",6649.17889196298,"NRI_P164",100
"60910",5881.164171963,"NRI_P164",25
"60911",1649.28101196297,"NRI_P164",50
"60912",1904.31468196301,"NRI_P164",100
"60913",4168.590701963,"NRI_P164",25
"60914",19045.620271963,"NRI_P164",50
"60915",17965.849121963,"NRI_P164",100
"60916",4554.72942196298,"NRI_P164",25
"60917",-215.371578036982,"NRI_P164",50
"60918",1663.68473196297,"NRI_P164",100
"60919",13497.423011963,"NRI_P164",25
"60920",2898.47079196299,"NRI_P164",50
"60921",9891.70684196299,"NRI_P164",100
"60922",8556.41187196301,"NRI_P164",25
"60923",741.500251962978,"NRI_P164",50
"60924",23660.525541963,"NRI_P164",100
"60925",-1422.06074803701,"NRI_P164",25
"60926",10155.489171963,"NRI_P164",50
"60927",20896.160401963,"NRI_P164",100
"60928",1709.651161963,"NRI_P164",25
"60929",1152.02047196298,"NRI_P164",50
"60930",6526.98529196298,"NRI_P164",100
"60931",15581.653491963,"NRI_P164",25
"60932",596.390611962997,"NRI_P164",50
"60933",14004.610471963,"NRI_P164",100
"60934",6203.23807196302,"NRI_P164",25
"60935",23980.660821963,"NRI_P164",50
"60936",16323.645021963,"NRI_P164",100
"60937",19724.526571963,"NRI_P164",25
"60938",16735.666951963,"NRI_P164",50
"60939",8876.09467196302,"NRI_P164",100
"60940",5750.269571963,"NRI_P164",25
"60941",17670.066621963,"NRI_P164",50
"60942",9520.086811963,"NRI_P164",100
"60943",228.00249196298,"NRI_P164",25
"60944",2805.669171963,"NRI_P164",50
"60945",-616.138988037012,"NRI_P164",100
"60946",1339.86235196301,"NRI_P164",25
"60947",6438.34337196301,"NRI_P164",50
"60948",13597.221921963,"NRI_P164",100
"60949",10667.421231963,"NRI_P164",25
"60950",12803.024791963,"NRI_P164",50
"60951",28777.985161963,"NRI_P164",100
"60952",4597.36544196302,"NRI_P164",25
"60953",9594.27437196299,"NRI_P164",50
"60954",-6347.03050803702,"NRI_P164",100
"60955",-4123.11687803699,"NRI_P164",25
"60956",7651.71183196298,"NRI_P164",50
"60957",10177.330331963,"NRI_P164",100
"60958",-1604.46941803698,"NRI_P164",25
"60959",1210.72436196299,"NRI_P164",50
"60960",18460.780921963,"NRI_P164",100
"60961",2039.836551963,"NRI_P164",25
"60962",9947.86039196298,"NRI_P164",50
"60963",11830.011951963,"NRI_P164",100
"60964",-1433.59022803698,"NRI_P164",25
"60965",12274.741801963,"NRI_P164",50
"60966",6967.64219196298,"NRI_P164",100
"60967",-6473.09551803698,"NRI_P164",25
"60968",12119.821481963,"NRI_P164",50
"60969",104.616581962968,"NRI_P164",100
"60970",16501.076791963,"NRI_P164",25
"60971",-1072.876748037,"NRI_P164",50
"60972",9287.247051963,"NRI_P164",100
"60973",4806.81696196302,"NRI_P164",25
"60974",-543.231818036991,"NRI_P164",50
"60975",5356.316981963,"NRI_P164",100
"60976",20888.414231963,"NRI_P164",25
"60977",26407.181911963,"NRI_P164",50
"60978",15065.531441963,"NRI_P164",100
"60979",1630.23878196301,"NRI_P164",25
"60980",6419.11304196302,"NRI_P164",50
"60981",5706.90076196298,"NRI_P164",100
"60982",3347.51251196297,"NRI_P164",25
"60983",-1416.32126803702,"NRI_P164",50
"60984",9578.20179196302,"NRI_P164",100
"60985",4990.14672196301,"NRI_P164",25
"60986",11887.709261963,"NRI_P164",50
"60987",22728.348861963,"NRI_P164",100
"60988",-2021.72340803698,"NRI_P164",25
"60989",5311.12394196301,"NRI_P164",50
"60990",-2705.17682803702,"NRI_P164",100
"60991",6016.22596196301,"NRI_P164",25
"60992",-2914.20675803698,"NRI_P164",50
"60993",29123.243031963,"NRI_P164",100
"60994",16069.664761963,"NRI_P164",25
"60995",11595.263111963,"NRI_P164",50
"60996",13607.173841963,"NRI_P164",100
"60997",6054.174911963,"NRI_P164",25
"60998",4423.65108196298,"NRI_P164",50
"60999",7737.95783196302,"NRI_P164",100
"61000",4026.04370196298,"NRI_P164",25
"61001",15057.966441963,"NRI_P164",50
"61002",10787.719741963,"NRI_P164",100
"61003",-789.039358037,"NRI_P164",25
"61004",-5176.242468037,"NRI_P164",50
"61005",-1502.86517803703,"NRI_P164",100
"61006",1685.24698196299,"NRI_P164",25
"61007",2195.05415196298,"NRI_P164",50
"61008",-5233.22758803703,"NRI_P164",100
"61009",-1554.78301803698,"NRI_P164",25
"61010",17218.542811963,"NRI_P164",50
"61011",-300.052388037031,"NRI_P164",100
"61012",1797.311691963,"NRI_P164",25
"61013",9699.97256196302,"NRI_P164",50
"61014",-1456.75305803702,"NRI_P164",100
"61015",-599.849298037007,"NRI_P164",25
"61016",-6463.31562803703,"NRI_P164",50
"61017",-2441.68647803698,"NRI_P164",100
"61018",-2944.19065803703,"NRI_P164",25
"61019",8686.371761963,"NRI_P164",50
"61020",-8439.42696803698,"NRI_P164",100
"61021",-227.251528037013,"NRI_P164",25
"61022",2716.61151196301,"NRI_P164",50
"61023",6794.51974196301,"NRI_P164",100
"61024",6251.53006196301,"NRI_P164",25
"61025",4526.02569196298,"NRI_P164",50
"61026",10161.669721963,"NRI_P164",100
"61027",-800.842948037025,"NRI_P164",25
"61028",5456.72439196298,"NRI_P164",50
"61029",12748.687761963,"NRI_P164",100
"61030",-3111.34254803701,"NRI_P164",25
"61031",1441.60577196302,"NRI_P164",50
"61032",20608.998071963,"NRI_P164",100
"61033",9381.818961963,"NRI_P164",25
"61034",2931.52604196302,"NRI_P164",50
"61035",10831.690871963,"NRI_P164",100
"61036",-336.097858036985,"NRI_P164",25
"61037",421.221951962973,"NRI_P164",50
"61038",31411.898041963,"NRI_P164",100
"61039",3654.84688196302,"NRI_P164",25
"61040",1588.019701963,"NRI_P164",50
"61041",-336.104768036981,"NRI_P164",100
"61042",-3272.957388037,"NRI_P164",25
"61043",2716.401871963,"NRI_P164",50
"61044",6701.21325196297,"NRI_P164",100
"61045",-80.0487880369765,"NRI_P164",25
"61046",8715.46770196297,"NRI_P164",50
"61047",10201.492621963,"NRI_P164",100
"61048",4489.32683196297,"NRI_P164",25
"61049",-1119.06418803701,"NRI_P164",50
"61050",3245.15157196298,"NRI_P164",100
"61051",4462.520251963,"NRI_P164",25
"61052",975.990601963014,"NRI_P164",50
"61053",16577.891221963,"NRI_P164",100
"61054",-528.279918037006,"NRI_P164",25
"61055",3363.33912196301,"NRI_P164",50
"61056",6887.31577196298,"NRI_P164",100
"61057",-564.892468037026,"NRI_P164",25
"61058",725.022911962995,"NRI_P164",50
"61059",35862.440071963,"NRI_P164",100
"61060",2387.10053196299,"NRI_P164",25
"61061",7074.16597196297,"NRI_P164",50
"61062",40841.272041963,"NRI_P164",100
"61063",-1097.17891803698,"NRI_P164",25
"61064",-4180.46226803702,"NRI_P164",50
"61065",12979.571421963,"NRI_P164",100
"61066",17343.801341963,"NRI_P164",25
"61067",-527.73599803698,"NRI_P164",50
"61068",11863.071261963,"NRI_P164",100
"61069",-4590.96583803702,"NRI_P164",25
"61070",-15.3164180369931,"NRI_P164",50
"61071",22132.957611963,"NRI_P164",100
"61072",-1140.37294803699,"NRI_P164",25
"61073",4433.59076196299,"NRI_P164",50
"61074",7609.391621963,"NRI_P164",100
"61075",4855.83730196301,"NRI_P164",25
"61076",-8854.774658037,"NRI_P164",50
"61077",1797.60834196297,"NRI_P164",100
"61078",2134.01130196301,"NRI_P164",25
"61079",15472.792191963,"NRI_P164",50
"61080",16136.669541963,"NRI_P164",100
"61081",-3584.49559803703,"NRI_P164",25
"61082",8173.13471196301,"NRI_P164",50
"61083",-8199.89596803702,"NRI_P164",100
"61084",1654.46978196298,"NRI_P164",25
"61085",4412.10101196298,"NRI_P164",50
"61086",10536.085431963,"NRI_P164",100
"61087",10670.785751963,"NRI_P164",25
"61088",-551.503728037002,"NRI_P164",50
"61089",-704.485078037018,"NRI_P164",100
"61090",8435.29784196301,"NRI_P164",25
"61091",4914.06001196301,"NRI_P164",50
"61092",1088.69537196297,"NRI_P164",100
"61093",18569.480391963,"NRI_P164",25
"61094",-781.303048036993,"NRI_P164",50
"61095",-3103.27002803702,"NRI_P164",100
"61096",15490.950821963,"NRI_P164",25
"61097",476.913781962998,"NRI_P164",50
"61098",11755.086571963,"NRI_P164",100
"61099",9872.45727196301,"NRI_P164",25
"61100",-5319.50013803702,"NRI_P164",50
"61101",3708.298061963,"NRI_P164",100
"61102",757.813271962979,"NRI_P164",25
"61103",9268.43308196298,"NRI_P164",50
"61104",14395.484861963,"NRI_P164",100
"61105",-972.724638036976,"NRI_P164",25
"61106",1497.18195196299,"NRI_P164",50
"61107",-541.58007803699,"NRI_P164",100
"61108",-4793.22238803701,"NRI_P164",25
"61109",2460.90848196298,"NRI_P164",50
"61110",284.937211962999,"NRI_P164",100
"61111",5935.52326196298,"NRI_P164",25
"61112",10301.534611963,"NRI_P164",50
"61113",18133.141631963,"NRI_P164",100
"61114",2322.99975196301,"NRI_P164",25
"61115",-6778.27884803701,"NRI_P164",50
"61116",15113.814271963,"NRI_P164",100
"61117",-6198.753108037,"NRI_P164",25
"61118",222.94356196298,"NRI_P164",50
"61119",45059.271291963,"NRI_P164",100
"61120",2472.48917196301,"NRI_P164",25
"61121",18563.515171963,"NRI_P164",50
"61122",2514.23797196301,"NRI_P164",100
"61123",-2428.40937803703,"NRI_P164",25
"61124",20638.226231963,"NRI_P164",50
"61125",37137.062851963,"NRI_P164",100
"61126",-3693.71651803702,"NRI_P164",25
"61127",38115.616621963,"NRI_P164",50
"61128",14861.337221963,"NRI_P164",100
"61129",2268.31873196299,"NRI_P164",25
"61130",4020.01810196298,"NRI_P164",50
"61131",27047.359261963,"NRI_P164",100
"61132",-68.7086280370131,"NRI_P164",25
"61133",14651.497911963,"NRI_P164",50
"61134",21412.466861963,"NRI_P164",100
"61135",7339.74178196298,"NRI_P164",25
"61136",8360.31476196297,"NRI_P164",50
"61137",29187.111211963,"NRI_P164",100
"61138",30454.833751963,"NRI_P164",25
"61139",-1847.26492803701,"NRI_P164",50
"61140",34039.926111963,"NRI_P164",100
"61141",1248.14468196302,"NRI_P164",25
"61142",-3165.030888037,"NRI_P164",50
"61143",5689.11416196299,"NRI_P164",100
"61144",-2461.10509803699,"NRI_P164",25
"61145",2358.29306196299,"NRI_P164",50
"61146",15228.665081963,"NRI_P164",100
"61147",3221.03727196297,"NRI_P164",25
"61148",99.3454319629818,"NRI_P164",50
"61149",7205.93376196298,"NRI_P164",100
"61150",-5555.45956803701,"NRI_P164",25
"61151",15772.802821963,"NRI_P164",50
"61152",3881.73374196299,"NRI_P164",100
"61153",-1030.99073803698,"NRI_P164",25
"61154",10507.981621963,"NRI_P164",50
"61155",11835.335381963,"NRI_P164",100
"61156",-1670.305098037,"NRI_P164",25
"61157",21305.566191963,"NRI_P164",50
"61158",8756.31398196297,"NRI_P164",100
"61159",305.377051963005,"NRI_P164",25
"61160",7511.47480196302,"NRI_P164",50
"61161",-126.048098037019,"NRI_P164",100
"61162",128.233541962982,"NRI_P164",25
"61163",2208.67538196297,"NRI_P164",50
"61164",16854.549791963,"NRI_P164",100
"61165",-1108.94381803699,"NRI_P164",25
"61166",5866.81408196298,"NRI_P164",50
"61167",15046.097681963,"NRI_P164",100
"61168",516.056301962992,"NRI_P164",25
"61169",-6552.90129803703,"NRI_P164",50
"61170",7213.88939196302,"NRI_P164",100
"61171",4010.308771963,"NRI_P164",25
"61172",10027.745091963,"NRI_P164",50
"61173",-9000.34269803698,"NRI_P164",100
"61174",1797.71377196297,"NRI_P164",25
"61175",-370.171378037019,"NRI_P164",50
"61176",7157.79638196301,"NRI_P164",100
"61177",-1796.35024803702,"NRI_P164",25
"61178",12861.183861963,"NRI_P164",50
"61179",17544.392211963,"NRI_P164",100
"61180",-1680.09770803701,"NRI_P164",25
"61181",-6227.539198037,"NRI_P164",50
"61182",-292.149038036994,"NRI_P164",100
"61183",29.4767619629856,"NRI_P164",25
"61184",-439.698978036991,"NRI_P164",50
"61185",22403.764381963,"NRI_P164",100
"61186",5902.42299196299,"NRI_P164",25
"61187",-1734.63792803703,"NRI_P164",50
"61188",7129.38101196301,"NRI_P164",100
"61189",20817.431591963,"NRI_P164",25
"61190",825.485191962973,"NRI_P164",50
"61191",34808.630371963,"NRI_P164",100
"61192",9451.06237196299,"NRI_P164",25
"61193",-487.262928037031,"NRI_P164",50
"61194",-2961.83031803701,"NRI_P164",100
"61195",-241.350408037018,"NRI_P164",25
"61196",-248.480998037034,"NRI_P164",50
"61197",3299.289301963,"NRI_P164",100
"61198",391.981921962986,"NRI_P164",25
"61199",5087.98818196298,"NRI_P164",50
"61200",10765.061071963,"NRI_P164",100
"61201",-3801.809056217,"NRI_P166",25
"61202",5275.62170378302,"NRI_P166",50
"61203",-13948.707536217,"NRI_P166",100
"61204",-2499.545966217,"NRI_P166",25
"61205",-6526.35409621699,"NRI_P166",50
"61206",-1339.90265621699,"NRI_P166",100
"61207",-2157.79911621698,"NRI_P166",25
"61208",-4161.73123621699,"NRI_P166",50
"61209",-4853.031036217,"NRI_P166",100
"61210",-6604.16422621699,"NRI_P166",25
"61211",725.064403783006,"NRI_P166",50
"61212",-4981.607326217,"NRI_P166",100
"61213",6920.748103783,"NRI_P166",25
"61214",7487.86159378302,"NRI_P166",50
"61215",-13005.273086217,"NRI_P166",100
"61216",2049.44177378301,"NRI_P166",25
"61217",-629.14669621698,"NRI_P166",50
"61218",-8350.330266217,"NRI_P166",100
"61219",244.353063782997,"NRI_P166",25
"61220",-446.643556216994,"NRI_P166",50
"61221",-2371.12051621699,"NRI_P166",100
"61222",-5354.655276217,"NRI_P166",25
"61223",3668.767263783,"NRI_P166",50
"61224",-7776.44250621699,"NRI_P166",100
"61225",-2666.08690621698,"NRI_P166",25
"61226",-6895.66373621699,"NRI_P166",50
"61227",214.819693783007,"NRI_P166",100
"61228",3000.61568378302,"NRI_P166",25
"61229",-6726.642146217,"NRI_P166",50
"61230",-13277.312646217,"NRI_P166",100
"61231",-267.946476216981,"NRI_P166",25
"61232",-7666.03565621699,"NRI_P166",50
"61233",-6738.93453621698,"NRI_P166",100
"61234",-4232.69256621698,"NRI_P166",25
"61235",10678.229063783,"NRI_P166",50
"61236",-7783.185486217,"NRI_P166",100
"61237",-1048.137116217,"NRI_P166",25
"61238",1614.63095378302,"NRI_P166",50
"61239",-7294.05538621699,"NRI_P166",100
"61240",2418.95303378301,"NRI_P166",25
"61241",-6697.19353621698,"NRI_P166",50
"61242",-7041.20725621699,"NRI_P166",100
"61243",-6622.68765621699,"NRI_P166",25
"61244",6145.696473783,"NRI_P166",50
"61245",-6685.897796217,"NRI_P166",100
"61246",-4449.06260621699,"NRI_P166",25
"61247",-7314.909556217,"NRI_P166",50
"61248",5841.66661378302,"NRI_P166",100
"61249",2427.764943783,"NRI_P166",25
"61250",-1233.93156621698,"NRI_P166",50
"61251",-3373.49413621699,"NRI_P166",100
"61252",-2824.54186621698,"NRI_P166",25
"61253",-3905.22741621698,"NRI_P166",50
"61254",4073.86393378302,"NRI_P166",100
"61255",-3434.451676217,"NRI_P166",25
"61256",363.806963783019,"NRI_P166",50
"61257",-9461.11614621698,"NRI_P166",100
"61258",-3958.30687621699,"NRI_P166",25
"61259",-605.181816216995,"NRI_P166",50
"61260",1447.341723783,"NRI_P166",100
"61261",-1702.86844621698,"NRI_P166",25
"61262",1223.26054378302,"NRI_P166",50
"61263",10317.961243783,"NRI_P166",100
"61264",-4215.871896217,"NRI_P166",25
"61265",419.03577378302,"NRI_P166",50
"61266",-12393.620556217,"NRI_P166",100
"61267",-3171.96886621698,"NRI_P166",25
"61268",127.788403783023,"NRI_P166",50
"61269",-13568.035106217,"NRI_P166",100
"61270",-879.555536216998,"NRI_P166",25
"61271",-5972.982846217,"NRI_P166",50
"61272",-1503.34060621698,"NRI_P166",100
"61273",2716.757983783,"NRI_P166",25
"61274",-6322.06737621699,"NRI_P166",50
"61275",-7503.00836621699,"NRI_P166",100
"61276",858.844773782999,"NRI_P166",25
"61277",-4823.43545621698,"NRI_P166",50
"61278",6262.21198378303,"NRI_P166",100
"61279",-1726.62750621699,"NRI_P166",25
"61280",1707.23354378302,"NRI_P166",50
"61281",-14655.239216217,"NRI_P166",100
"61282",-326.804316216992,"NRI_P166",25
"61283",-1721.88903621698,"NRI_P166",50
"61284",-1217.34122621699,"NRI_P166",100
"61285",-9379.96636621698,"NRI_P166",25
"61286",-1953.254766217,"NRI_P166",50
"61287",-2316.07714621699,"NRI_P166",100
"61288",754.593923783017,"NRI_P166",25
"61289",5586.55133378302,"NRI_P166",50
"61290",4285.83215378301,"NRI_P166",100
"61291",3126.15041378301,"NRI_P166",25
"61292",-7413.35188621699,"NRI_P166",50
"61293",6430.321733783,"NRI_P166",100
"61294",-1609.36937621699,"NRI_P166",25
"61295",-4033.734436217,"NRI_P166",50
"61296",-3711.40800621698,"NRI_P166",100
"61297",-7062.91399621699,"NRI_P166",25
"61298",-2973.355866217,"NRI_P166",50
"61299",3968.89324378301,"NRI_P166",100
"61300",-4660.280276217,"NRI_P166",25
"61301",-6714.41978621698,"NRI_P166",50
"61302",-456.415666216984,"NRI_P166",100
"61303",-3297.332826217,"NRI_P166",25
"61304",6263.523303783,"NRI_P166",50
"61305",-1814.80823621698,"NRI_P166",100
"61306",-776.637406216993,"NRI_P166",25
"61307",-5081.949226217,"NRI_P166",50
"61308",-9430.44078621699,"NRI_P166",100
"61309",-98.1645862169971,"NRI_P166",25
"61310",5784.19273378301,"NRI_P166",50
"61311",-11845.297566217,"NRI_P166",100
"61312",-416.743346217001,"NRI_P166",25
"61313",-4953.03475621698,"NRI_P166",50
"61314",5066.17701378302,"NRI_P166",100
"61315",-2801.15261621698,"NRI_P166",25
"61316",-2370.34049621699,"NRI_P166",50
"61317",-2877.43042621698,"NRI_P166",100
"61318",-9582.71101621698,"NRI_P166",25
"61319",7280.239843783,"NRI_P166",50
"61320",-8603.43398621699,"NRI_P166",100
"61321",3234.53424378301,"NRI_P166",25
"61322",-4530.16156621699,"NRI_P166",50
"61323",-11759.069006217,"NRI_P166",100
"61324",-2486.20084621699,"NRI_P166",25
"61325",-4675.34839621698,"NRI_P166",50
"61326",-8814.57089621699,"NRI_P166",100
"61327",-1815.47170621698,"NRI_P166",25
"61328",-4654.371446217,"NRI_P166",50
"61329",-7519.52505621698,"NRI_P166",100
"61330",-7785.198416217,"NRI_P166",25
"61331",5797.526593783,"NRI_P166",50
"61332",-6257.62046621699,"NRI_P166",100
"61333",-4474.000336217,"NRI_P166",25
"61334",-8329.741396217,"NRI_P166",50
"61335",997.975863783009,"NRI_P166",100
"61336",1157.41562378302,"NRI_P166",25
"61337",-2028.031456217,"NRI_P166",50
"61338",-6462.81443621698,"NRI_P166",100
"61339",693.261443783005,"NRI_P166",25
"61340",669.169703783002,"NRI_P166",50
"61341",-601.887186216976,"NRI_P166",100
"61342",607.951443783008,"NRI_P166",25
"61343",637.911433783011,"NRI_P166",50
"61344",-4864.51806621699,"NRI_P166",100
"61345",-9856.42499621699,"NRI_P166",25
"61346",-6311.608106217,"NRI_P166",50
"61347",-11737.358106217,"NRI_P166",100
"61348",198.285583782999,"NRI_P166",25
"61349",8707.11290378301,"NRI_P166",50
"61350",761.015953783004,"NRI_P166",100
"61351",-2962.74795621698,"NRI_P166",25
"61352",448.068503782997,"NRI_P166",50
"61353",-1433.35788621698,"NRI_P166",100
"61354",1994.874273783,"NRI_P166",25
"61355",-11532.780106217,"NRI_P166",50
"61356",-9262.12000621698,"NRI_P166",100
"61357",-4517.467416217,"NRI_P166",25
"61358",-617.499336216977,"NRI_P166",50
"61359",-8797.03938621699,"NRI_P166",100
"61360",-6752.34858621698,"NRI_P166",25
"61361",13460.566003783,"NRI_P166",50
"61362",8456.964353783,"NRI_P166",100
"61363",-7913.18839621698,"NRI_P166",25
"61364",-4381.131196217,"NRI_P166",50
"61365",6727.595553783,"NRI_P166",100
"61366",-3515.58791621699,"NRI_P166",25
"61367",-10836.759576217,"NRI_P166",50
"61368",-3909.80544621698,"NRI_P166",100
"61369",-4148.45058621699,"NRI_P166",25
"61370",5512.83400378301,"NRI_P166",50
"61371",-7529.63587621698,"NRI_P166",100
"61372",1705.49611378301,"NRI_P166",25
"61373",-8164.81479621699,"NRI_P166",50
"61374",7968.84299378301,"NRI_P166",100
"61375",1469.69603378302,"NRI_P166",25
"61376",-1940.400196217,"NRI_P166",50
"61377",1924.33603378301,"NRI_P166",100
"61378",-5978.32725621699,"NRI_P166",25
"61379",-5948.302196217,"NRI_P166",50
"61380",-2593.40408621699,"NRI_P166",100
"61381",121.908463783009,"NRI_P166",25
"61382",272.752743782999,"NRI_P166",50
"61383",-13106.871216217,"NRI_P166",100
"61384",229.325643782999,"NRI_P166",25
"61385",-9950.93995621699,"NRI_P166",50
"61386",-5243.91745621699,"NRI_P166",100
"61387",3631.55360378302,"NRI_P166",25
"61388",-1534.41441621698,"NRI_P166",50
"61389",-13857.490926217,"NRI_P166",100
"61390",-1499.394176217,"NRI_P166",25
"61391",-3541.84634621697,"NRI_P166",50
"61392",-7715.572866217,"NRI_P166",100
"61393",1248.47536378301,"NRI_P166",25
"61394",-1348.36028621698,"NRI_P166",50
"61395",-5293.78949621698,"NRI_P166",100
"61396",924.883303783019,"NRI_P166",25
"61397",-11772.948686217,"NRI_P166",50
"61398",-10223.983346217,"NRI_P166",100
"61399",-466.491466216976,"NRI_P166",25
"61400",-2974.16162621698,"NRI_P166",50
"61401",-10141.355136217,"NRI_P166",100
"61402",-220.833976216993,"NRI_P166",25
"61403",2913.89521378302,"NRI_P166",50
"61404",6362.80889378302,"NRI_P166",100
"61405",362.471633783018,"NRI_P166",25
"61406",2572.697123783,"NRI_P166",50
"61407",-7559.931836217,"NRI_P166",100
"61408",-2199.753436217,"NRI_P166",25
"61409",97.8437037830008,"NRI_P166",50
"61410",8215.27129378301,"NRI_P166",100
"61411",-2409.56860621698,"NRI_P166",25
"61412",-5196.89741621699,"NRI_P166",50
"61413",-7289.90401621698,"NRI_P166",100
"61414",-1614.245406217,"NRI_P166",25
"61415",-7548.41821621699,"NRI_P166",50
"61416",-8490.699036217,"NRI_P166",100
"61417",-4654.884816217,"NRI_P166",25
"61418",-3353.96614621699,"NRI_P166",50
"61419",-4540.22875621699,"NRI_P166",100
"61420",635.88111378302,"NRI_P166",25
"61421",3056.35205378302,"NRI_P166",50
"61422",-6185.33187621698,"NRI_P166",100
"61423",-616.709336216998,"NRI_P166",25
"61424",4198.81150378301,"NRI_P166",50
"61425",5361.98049378302,"NRI_P166",100
"61426",1446.807423783,"NRI_P166",25
"61427",1821.92956378302,"NRI_P166",50
"61428",-8471.408226217,"NRI_P166",100
"61429",-1550.52477621697,"NRI_P166",25
"61430",2992.584083783,"NRI_P166",50
"61431",-13444.015766217,"NRI_P166",100
"61432",-6880.80346621698,"NRI_P166",25
"61433",-7114.443726217,"NRI_P166",50
"61434",-5716.018006217,"NRI_P166",100
"61435",-4423.96466621698,"NRI_P166",25
"61436",-3480.881636217,"NRI_P166",50
"61437",-6495.02627621699,"NRI_P166",100
"61438",2920.94225378303,"NRI_P166",25
"61439",-3048.148036217,"NRI_P166",50
"61440",6103.49856378301,"NRI_P166",100
"61441",-4894.19449621698,"NRI_P166",25
"61442",832.267813783023,"NRI_P166",50
"61443",3967.65358378302,"NRI_P166",100
"61444",2426.87497378301,"NRI_P166",25
"61445",-133.513396216993,"NRI_P166",50
"61446",-8219.231096217,"NRI_P166",100
"61447",10270.131653783,"NRI_P166",25
"61448",-9082.064606217,"NRI_P166",50
"61449",-6716.10892621698,"NRI_P166",100
"61450",4986.91922378301,"NRI_P166",25
"61451",-5123.90223621699,"NRI_P166",50
"61452",4509.74860378302,"NRI_P166",100
"61453",1672.15329378302,"NRI_P166",25
"61454",184.275253783009,"NRI_P166",50
"61455",-6364.33714621697,"NRI_P166",100
"61456",-1515.46730621697,"NRI_P166",25
"61457",-3373.83482621697,"NRI_P166",50
"61458",571.41322378302,"NRI_P166",100
"61459",3171.14019378301,"NRI_P166",25
"61460",-584.698176217003,"NRI_P166",50
"61461",8590.65295378302,"NRI_P166",100
"61462",11130.044263783,"NRI_P166",25
"61463",-3052.34078621698,"NRI_P166",50
"61464",6392.19082378302,"NRI_P166",100
"61465",-3618.87338621699,"NRI_P166",25
"61466",1556.05960378301,"NRI_P166",50
"61467",-3433.39625621698,"NRI_P166",100
"61468",1222.19971378302,"NRI_P166",25
"61469",-7894.30809621699,"NRI_P166",50
"61470",467.775913783,"NRI_P166",100
"61471",-2666.41512621698,"NRI_P166",25
"61472",-7827.64793621699,"NRI_P166",50
"61473",-1504.117356217,"NRI_P166",100
"61474",-2455.65150621699,"NRI_P166",25
"61475",-5684.93039621698,"NRI_P166",50
"61476",-9220.05963621699,"NRI_P166",100
"61477",-2380.86796621699,"NRI_P166",25
"61478",742.724773783004,"NRI_P166",50
"61479",-7561.93912621698,"NRI_P166",100
"61480",6094.968363783,"NRI_P166",25
"61481",-481.008086216985,"NRI_P166",50
"61482",-1639.99377621699,"NRI_P166",100
"61483",-914.165286217001,"NRI_P166",25
"61484",-2484.62323621698,"NRI_P166",50
"61485",-10785.366576217,"NRI_P166",100
"61486",4070.11328378302,"NRI_P166",25
"61487",-3301.95694621699,"NRI_P166",50
"61488",-8334.80265621698,"NRI_P166",100
"61489",-3848.96539621698,"NRI_P166",25
"61490",-652.642466216988,"NRI_P166",50
"61491",-2770.54782621699,"NRI_P166",100
"61492",5296.70686378301,"NRI_P166",25
"61493",-4779.27481621699,"NRI_P166",50
"61494",-1352.88593621698,"NRI_P166",100
"61495",-6738.65657621698,"NRI_P166",25
"61496",10613.508773783,"NRI_P166",50
"61497",-6801.022516217,"NRI_P166",100
"61498",-1292.359146217,"NRI_P166",25
"61499",-899.647186216986,"NRI_P166",50
"61500",1331.768663783,"NRI_P166",100
"61501",-14416.250865695,"NRI_P167",25
"61502",-12339.901615695,"NRI_P167",50
"61503",-52158.472635695,"NRI_P167",100
"61504",-8985.761195695,"NRI_P167",25
"61505",5967.388094305,"NRI_P167",50
"61506",-34985.042345695,"NRI_P167",100
"61507",-25198.600375695,"NRI_P167",25
"61508",-13361.166295695,"NRI_P167",50
"61509",-27257.281945695,"NRI_P167",100
"61510",-22230.266545695,"NRI_P167",25
"61511",-31062.448985695,"NRI_P167",50
"61512",-33254.476385695,"NRI_P167",100
"61513",-2911.55687569501,"NRI_P167",25
"61514",-18053.432985695,"NRI_P167",50
"61515",-42217.035015695,"NRI_P167",100
"61516",-21866.500285695,"NRI_P167",25
"61517",-28018.016275695,"NRI_P167",50
"61518",-35404.929755695,"NRI_P167",100
"61519",4000.70529430499,"NRI_P167",25
"61520",-28314.697865695,"NRI_P167",50
"61521",-24313.104985695,"NRI_P167",100
"61522",-17157.883225695,"NRI_P167",25
"61523",-13230.605595695,"NRI_P167",50
"61524",-39966.622135695,"NRI_P167",100
"61525",-11355.951055695,"NRI_P167",25
"61526",-14395.684545695,"NRI_P167",50
"61527",-37540.254575695,"NRI_P167",100
"61528",-25778.532845695,"NRI_P167",25
"61529",-7484.278105695,"NRI_P167",50
"61530",-47551.720865695,"NRI_P167",100
"61531",-24288.811725695,"NRI_P167",25
"61532",-19525.344325695,"NRI_P167",50
"61533",-40069.984785695,"NRI_P167",100
"61534",-14813.253415695,"NRI_P167",25
"61535",-12251.652185695,"NRI_P167",50
"61536",-40860.624685695,"NRI_P167",100
"61537",-20253.907245695,"NRI_P167",25
"61538",4813.50498430501,"NRI_P167",50
"61539",-33548.401045695,"NRI_P167",100
"61540",8427.93182430501,"NRI_P167",25
"61541",-40583.944525695,"NRI_P167",50
"61542",-38236.831215695,"NRI_P167",100
"61543",-6510.82449569501,"NRI_P167",25
"61544",-34277.499065695,"NRI_P167",50
"61545",-36434.423425695,"NRI_P167",100
"61546",-15482.245125695,"NRI_P167",25
"61547",-32556.324005695,"NRI_P167",50
"61548",-36123.149165695,"NRI_P167",100
"61549",-9178.23464569499,"NRI_P167",25
"61550",-7881.73079569501,"NRI_P167",50
"61551",-45808.293615695,"NRI_P167",100
"61552",-15903.655105695,"NRI_P167",25
"61553",-304.411425694998,"NRI_P167",50
"61554",-30966.466365695,"NRI_P167",100
"61555",-3729.37150569499,"NRI_P167",25
"61556",-14015.657875695,"NRI_P167",50
"61557",-39863.993405695,"NRI_P167",100
"61558",-32670.239665695,"NRI_P167",25
"61559",-7803.33116569501,"NRI_P167",50
"61560",-42160.746415695,"NRI_P167",100
"61561",-1315.53314569499,"NRI_P167",25
"61562",-17106.257455695,"NRI_P167",50
"61563",-48167.567595695,"NRI_P167",100
"61564",-9725.11715569501,"NRI_P167",25
"61565",-12266.928445695,"NRI_P167",50
"61566",-49011.154065695,"NRI_P167",100
"61567",-3965.88766569499,"NRI_P167",25
"61568",6314.73342430501,"NRI_P167",50
"61569",-30380.287945695,"NRI_P167",100
"61570",1794.34857430501,"NRI_P167",25
"61571",1646.81954430501,"NRI_P167",50
"61572",-37064.175885695,"NRI_P167",100
"61573",-18017.991515695,"NRI_P167",25
"61574",-12170.809025695,"NRI_P167",50
"61575",-37065.540845695,"NRI_P167",100
"61576",-34816.521205695,"NRI_P167",25
"61577",-9652.943405695,"NRI_P167",50
"61578",-42097.327345695,"NRI_P167",100
"61579",-2419.512575695,"NRI_P167",25
"61580",-12948.033445695,"NRI_P167",50
"61581",-42386.416175695,"NRI_P167",100
"61582",-7604.655275695,"NRI_P167",25
"61583",-15988.119905695,"NRI_P167",50
"61584",-43938.890455695,"NRI_P167",100
"61585",-15088.900205695,"NRI_P167",25
"61586",-31800.709705695,"NRI_P167",50
"61587",-36982.993985695,"NRI_P167",100
"61588",-10948.227525695,"NRI_P167",25
"61589",-24131.569515695,"NRI_P167",50
"61590",-48354.409805695,"NRI_P167",100
"61591",-27151.023495695,"NRI_P167",25
"61592",-12468.133645695,"NRI_P167",50
"61593",-31944.384705695,"NRI_P167",100
"61594",-17726.716785695,"NRI_P167",25
"61595",-21863.407325695,"NRI_P167",50
"61596",-38007.537415695,"NRI_P167",100
"61597",-7575.69391569501,"NRI_P167",25
"61598",-1419.26371569501,"NRI_P167",50
"61599",-34840.925375695,"NRI_P167",100
"61600",-20040.671075695,"NRI_P167",25
"61601",-22196.784255695,"NRI_P167",50
"61602",-23055.446635695,"NRI_P167",100
"61603",-8872.307635695,"NRI_P167",25
"61604",9813.301044305,"NRI_P167",50
"61605",-36371.835115695,"NRI_P167",100
"61606",-22006.431335695,"NRI_P167",25
"61607",-21563.755775695,"NRI_P167",50
"61608",-40261.877365695,"NRI_P167",100
"61609",-4606.69326569501,"NRI_P167",25
"61610",-33231.577775695,"NRI_P167",50
"61611",-39434.622795695,"NRI_P167",100
"61612",-6902.78426569499,"NRI_P167",25
"61613",-16877.009515695,"NRI_P167",50
"61614",-42827.117115695,"NRI_P167",100
"61615",-10087.089625695,"NRI_P167",25
"61616",-5930.576535695,"NRI_P167",50
"61617",-31329.232185695,"NRI_P167",100
"61618",-10782.690645695,"NRI_P167",25
"61619",-9540.81333569501,"NRI_P167",50
"61620",-44532.164085695,"NRI_P167",100
"61621",-13166.698595695,"NRI_P167",25
"61622",-19514.596355695,"NRI_P167",50
"61623",-37530.324335695,"NRI_P167",100
"61624",-15304.610985695,"NRI_P167",25
"61625",-9454.65523569501,"NRI_P167",50
"61626",-45145.255105695,"NRI_P167",100
"61627",-15401.620665695,"NRI_P167",25
"61628",-19708.605855695,"NRI_P167",50
"61629",-41866.858255695,"NRI_P167",100
"61630",-5693.07915569501,"NRI_P167",25
"61631",-32396.505805695,"NRI_P167",50
"61632",-40174.950235695,"NRI_P167",100
"61633",3313.90212430499,"NRI_P167",25
"61634",-35386.827655695,"NRI_P167",50
"61635",-37203.119095695,"NRI_P167",100
"61636",-9260.692695695,"NRI_P167",25
"61637",-25983.986675695,"NRI_P167",50
"61638",-44713.983485695,"NRI_P167",100
"61639",-6092.78528569499,"NRI_P167",25
"61640",-22382.712745695,"NRI_P167",50
"61641",-24078.134525695,"NRI_P167",100
"61642",-13203.602685695,"NRI_P167",25
"61643",-2345.314675695,"NRI_P167",50
"61644",-50042.448315695,"NRI_P167",100
"61645",-5665.477285695,"NRI_P167",25
"61646",-15082.947885695,"NRI_P167",50
"61647",-23716.543855695,"NRI_P167",100
"61648",-12352.419945695,"NRI_P167",25
"61649",-4122.179325695,"NRI_P167",50
"61650",-43531.232015695,"NRI_P167",100
"61651",-2366.644325695,"NRI_P167",25
"61652",-14402.158485695,"NRI_P167",50
"61653",-27570.185285695,"NRI_P167",100
"61654",-10346.634475695,"NRI_P167",25
"61655",2925.426854305,"NRI_P167",50
"61656",-43298.432235695,"NRI_P167",100
"61657",-2624.804275695,"NRI_P167",25
"61658",-23552.718445695,"NRI_P167",50
"61659",-51502.139375695,"NRI_P167",100
"61660",-4594.911525695,"NRI_P167",25
"61661",-12449.892195695,"NRI_P167",50
"61662",-28602.863495695,"NRI_P167",100
"61663",7707.192724305,"NRI_P167",25
"61664",-27322.274365695,"NRI_P167",50
"61665",-42364.487525695,"NRI_P167",100
"61666",-17889.760885695,"NRI_P167",25
"61667",-8649.503895695,"NRI_P167",50
"61668",-44860.290905695,"NRI_P167",100
"61669",-8232.08082569501,"NRI_P167",25
"61670",-28912.493355695,"NRI_P167",50
"61671",-38750.159805695,"NRI_P167",100
"61672",1645.89919430501,"NRI_P167",25
"61673",-12412.375145695,"NRI_P167",50
"61674",-39493.311975695,"NRI_P167",100
"61675",-6225.899275695,"NRI_P167",25
"61676",-21180.990865695,"NRI_P167",50
"61677",-32359.210385695,"NRI_P167",100
"61678",-7371.15499569499,"NRI_P167",25
"61679",-23969.527285695,"NRI_P167",50
"61680",-48592.978285695,"NRI_P167",100
"61681",-10431.397635695,"NRI_P167",25
"61682",-24143.293235695,"NRI_P167",50
"61683",-47839.869355695,"NRI_P167",100
"61684",-23625.058605695,"NRI_P167",25
"61685",-23551.902585695,"NRI_P167",50
"61686",-41346.380995695,"NRI_P167",100
"61687",-645.435975695,"NRI_P167",25
"61688",-38836.308955695,"NRI_P167",50
"61689",-37670.713145695,"NRI_P167",100
"61690",-16318.662615695,"NRI_P167",25
"61691",-29499.540745695,"NRI_P167",50
"61692",-46079.062875695,"NRI_P167",100
"61693",-13676.429815695,"NRI_P167",25
"61694",-8116.043015695,"NRI_P167",50
"61695",-29917.331175695,"NRI_P167",100
"61696",-15319.226225695,"NRI_P167",25
"61697",-36743.529365695,"NRI_P167",50
"61698",-38992.102965695,"NRI_P167",100
"61699",-11820.215035695,"NRI_P167",25
"61700",-21093.693405695,"NRI_P167",50
"61701",-32835.603545695,"NRI_P167",100
"61702",6398.00756430501,"NRI_P167",25
"61703",-6155.168595695,"NRI_P167",50
"61704",-52799.233805695,"NRI_P167",100
"61705",-685.075905695005,"NRI_P167",25
"61706",-31132.136445695,"NRI_P167",50
"61707",-42177.518845695,"NRI_P167",100
"61708",-25320.039465695,"NRI_P167",25
"61709",-13317.023075695,"NRI_P167",50
"61710",-52502.956395695,"NRI_P167",100
"61711",10317.054554305,"NRI_P167",25
"61712",-22153.006765695,"NRI_P167",50
"61713",-44506.293325695,"NRI_P167",100
"61714",-2672.238385695,"NRI_P167",25
"61715",-18589.886255695,"NRI_P167",50
"61716",-32518.260135695,"NRI_P167",100
"61717",-29525.203015695,"NRI_P167",25
"61718",-26483.660255695,"NRI_P167",50
"61719",-51638.859375695,"NRI_P167",100
"61720",-11216.978815695,"NRI_P167",25
"61721",-18019.084715695,"NRI_P167",50
"61722",-19589.340565695,"NRI_P167",100
"61723",-5030.383975695,"NRI_P167",25
"61724",-36875.403045695,"NRI_P167",50
"61725",-26452.421835695,"NRI_P167",100
"61726",-17604.424495695,"NRI_P167",25
"61727",-10460.508745695,"NRI_P167",50
"61728",-35782.031105695,"NRI_P167",100
"61729",-20387.712545695,"NRI_P167",25
"61730",-26035.691805695,"NRI_P167",50
"61731",-30295.814195695,"NRI_P167",100
"61732",-4058.296665695,"NRI_P167",25
"61733",-5275.07331569502,"NRI_P167",50
"61734",-19218.609055695,"NRI_P167",100
"61735",-19378.397445695,"NRI_P167",25
"61736",-22588.171375695,"NRI_P167",50
"61737",-44292.451315695,"NRI_P167",100
"61738",158.684184304992,"NRI_P167",25
"61739",-25924.122305695,"NRI_P167",50
"61740",-52296.021745695,"NRI_P167",100
"61741",-9009.607495695,"NRI_P167",25
"61742",-28436.983405695,"NRI_P167",50
"61743",-33039.813685695,"NRI_P167",100
"61744",-9461.80897569499,"NRI_P167",25
"61745",-8076.792445695,"NRI_P167",50
"61746",-44105.313735695,"NRI_P167",100
"61747",-7145.11181569501,"NRI_P167",25
"61748",-19598.967755695,"NRI_P167",50
"61749",-50777.959665695,"NRI_P167",100
"61750",3511.363314305,"NRI_P167",25
"61751",-11369.308135695,"NRI_P167",50
"61752",-53898.107015695,"NRI_P167",100
"61753",-6146.87387569499,"NRI_P167",25
"61754",-27832.674885695,"NRI_P167",50
"61755",-32586.511545695,"NRI_P167",100
"61756",-8776.73105569501,"NRI_P167",25
"61757",-23272.507365695,"NRI_P167",50
"61758",-30105.248735695,"NRI_P167",100
"61759",2374.22691430501,"NRI_P167",25
"61760",552.158984304988,"NRI_P167",50
"61761",-37125.368375695,"NRI_P167",100
"61762",-19140.399745695,"NRI_P167",25
"61763",-32947.400905695,"NRI_P167",50
"61764",-49397.239675695,"NRI_P167",100
"61765",-4987.79709569499,"NRI_P167",25
"61766",-26898.740915695,"NRI_P167",50
"61767",-44410.049505695,"NRI_P167",100
"61768",-12341.221855695,"NRI_P167",25
"61769",-34164.439675695,"NRI_P167",50
"61770",-38840.405635695,"NRI_P167",100
"61771",-523.137625695002,"NRI_P167",25
"61772",-41345.758935695,"NRI_P167",50
"61773",-51576.954965695,"NRI_P167",100
"61774",5186.78756430501,"NRI_P167",25
"61775",-30288.631795695,"NRI_P167",50
"61776",-44999.649515695,"NRI_P167",100
"61777",-21368.829465695,"NRI_P167",25
"61778",-3704.50653569499,"NRI_P167",50
"61779",-27940.363755695,"NRI_P167",100
"61780",-4310.66914569499,"NRI_P167",25
"61781",-34247.931095695,"NRI_P167",50
"61782",-47986.401345695,"NRI_P167",100
"61783",-15962.824795695,"NRI_P167",25
"61784",-24095.709465695,"NRI_P167",50
"61785",-41199.444295695,"NRI_P167",100
"61786",-26480.959035695,"NRI_P167",25
"61787",599.737334305013,"NRI_P167",50
"61788",-36833.714495695,"NRI_P167",100
"61789",-24950.603485695,"NRI_P167",25
"61790",-29624.122715695,"NRI_P167",50
"61791",-31761.519785695,"NRI_P167",100
"61792",10412.069984305,"NRI_P167",25
"61793",-14743.008965695,"NRI_P167",50
"61794",-50669.102875695,"NRI_P167",100
"61795",-9959.38488569501,"NRI_P167",25
"61796",-10618.678475695,"NRI_P167",50
"61797",-34587.888875695,"NRI_P167",100
"61798",-19369.182245695,"NRI_P167",25
"61799",-33186.665145695,"NRI_P167",50
"61800",-46425.432075695,"NRI_P167",100
"61801",-6146.322826149,"NRI_P168",25
"61802",-9710.03871614899,"NRI_P168",50
"61803",-15889.528336149,"NRI_P168",100
"61804",-4017.212136149,"NRI_P168",25
"61805",-10642.606456149,"NRI_P168",50
"61806",-14883.371506149,"NRI_P168",100
"61807",-6468.66043614899,"NRI_P168",25
"61808",-4345.22861614899,"NRI_P168",50
"61809",-18575.716316149,"NRI_P168",100
"61810",-5166.62679614901,"NRI_P168",25
"61811",-11439.330126149,"NRI_P168",50
"61812",-7749.74321614899,"NRI_P168",100
"61813",3712.94329385104,"NRI_P168",25
"61814",-10230.750046149,"NRI_P168",50
"61815",-19632.132256149,"NRI_P168",100
"61816",-5603.12454614899,"NRI_P168",25
"61817",10352.866623851,"NRI_P168",50
"61818",-18936.925196149,"NRI_P168",100
"61819",-8426.30978614898,"NRI_P168",25
"61820",-9201.53952614899,"NRI_P168",50
"61821",-21487.108046149,"NRI_P168",100
"61822",-2846.39909614896,"NRI_P168",25
"61823",-6685.818316149,"NRI_P168",50
"61824",-8284.59219614899,"NRI_P168",100
"61825",2172.45431385102,"NRI_P168",25
"61826",-5422.74853614898,"NRI_P168",50
"61827",-14717.051956149,"NRI_P168",100
"61828",-3016.95651614899,"NRI_P168",25
"61829",-3354.36493614898,"NRI_P168",50
"61830",-17156.699696149,"NRI_P168",100
"61831",-5003.40444614895,"NRI_P168",25
"61832",-9882.27060614899,"NRI_P168",50
"61833",-13968.782726149,"NRI_P168",100
"61834",2072.41983385099,"NRI_P168",25
"61835",-7432.850536149,"NRI_P168",50
"61836",-5571.86616614898,"NRI_P168",100
"61837",-3102.91439614899,"NRI_P168",25
"61838",-13596.898056149,"NRI_P168",50
"61839",-13625.018496149,"NRI_P168",100
"61840",-976.148236148991,"NRI_P168",25
"61841",-13127.601326149,"NRI_P168",50
"61842",-17434.989146149,"NRI_P168",100
"61843",-3245.74042614899,"NRI_P168",25
"61844",-4644.61634614901,"NRI_P168",50
"61845",-17137.218786149,"NRI_P168",100
"61846",290.228803851001,"NRI_P168",25
"61847",-9307.29317614899,"NRI_P168",50
"61848",-10721.913426149,"NRI_P168",100
"61849",-5677.58204614901,"NRI_P168",25
"61850",-4191.97061614896,"NRI_P168",50
"61851",-9093.24321614899,"NRI_P168",100
"61852",-2235.52225614898,"NRI_P168",25
"61853",-18942.820596149,"NRI_P168",50
"61854",-9447.55443614899,"NRI_P168",100
"61855",-8161.35988614897,"NRI_P168",25
"61856",-2998.33237614896,"NRI_P168",50
"61857",-15493.355986149,"NRI_P168",100
"61858",-6414.74506614899,"NRI_P168",25
"61859",-3390.93986614898,"NRI_P168",50
"61860",-17094.565826149,"NRI_P168",100
"61861",-3801.992736149,"NRI_P168",25
"61862",-11863.610926149,"NRI_P168",50
"61863",-23938.214646149,"NRI_P168",100
"61864",-3977.67454614898,"NRI_P168",25
"61865",-7779.67558614898,"NRI_P168",50
"61866",-22280.713346149,"NRI_P168",100
"61867",-7592.67484614899,"NRI_P168",25
"61868",-9794.01301614899,"NRI_P168",50
"61869",-26774.493066149,"NRI_P168",100
"61870",-6950.18368614896,"NRI_P168",25
"61871",-6601.26228614897,"NRI_P168",50
"61872",-10425.089496149,"NRI_P168",100
"61873",-4948.48197614896,"NRI_P168",25
"61874",-9878.17175614898,"NRI_P168",50
"61875",-9645.49652614899,"NRI_P168",100
"61876",-8718.47210614898,"NRI_P168",25
"61877",-16012.023616149,"NRI_P168",50
"61878",-16330.279086149,"NRI_P168",100
"61879",-56.7361761489883,"NRI_P168",25
"61880",-4646.642366149,"NRI_P168",50
"61881",-15248.183456149,"NRI_P168",100
"61882",-475.715086148994,"NRI_P168",25
"61883",-11571.741206149,"NRI_P168",50
"61884",-16736.894066149,"NRI_P168",100
"61885",-8343.79013614898,"NRI_P168",25
"61886",-6398.67909614899,"NRI_P168",50
"61887",-7235.84379614895,"NRI_P168",100
"61888",-4256.051346149,"NRI_P168",25
"61889",-5368.37918614899,"NRI_P168",50
"61890",-14098.319226149,"NRI_P168",100
"61891",-3210.76254614897,"NRI_P168",25
"61892",-16765.566756149,"NRI_P168",50
"61893",-16519.205446149,"NRI_P168",100
"61894",-4104.45070614899,"NRI_P168",25
"61895",-7970.02782614899,"NRI_P168",50
"61896",-17022.555996149,"NRI_P168",100
"61897",-1906.28903614898,"NRI_P168",25
"61898",-14376.975016149,"NRI_P168",50
"61899",-14521.572086149,"NRI_P168",100
"61900",-3892.85148614901,"NRI_P168",25
"61901",-9713.76978614897,"NRI_P168",50
"61902",-19957.569236149,"NRI_P168",100
"61903",268.317543851037,"NRI_P168",25
"61904",-5461.20741614897,"NRI_P168",50
"61905",-16363.687776149,"NRI_P168",100
"61906",-5358.27905614901,"NRI_P168",25
"61907",-4435.40094614896,"NRI_P168",50
"61908",-17179.816546149,"NRI_P168",100
"61909",-2187.47434614896,"NRI_P168",25
"61910",-7511.43654614897,"NRI_P168",50
"61911",-21583.961166149,"NRI_P168",100
"61912",-10940.026486149,"NRI_P168",25
"61913",-12224.457726149,"NRI_P168",50
"61914",-19547.457026149,"NRI_P168",100
"61915",-6683.93953614897,"NRI_P168",25
"61916",-17437.670486149,"NRI_P168",50
"61917",-13784.274116149,"NRI_P168",100
"61918",3211.22391385102,"NRI_P168",25
"61919",-2344.13012614899,"NRI_P168",50
"61920",-24282.138006149,"NRI_P168",100
"61921",-3296.162456149,"NRI_P168",25
"61922",-11719.716016149,"NRI_P168",50
"61923",-10629.758856149,"NRI_P168",100
"61924",-9857.00778614898,"NRI_P168",25
"61925",-13920.367666149,"NRI_P168",50
"61926",-23845.855596149,"NRI_P168",100
"61927",-1078.72169614898,"NRI_P168",25
"61928",-3451.63932614896,"NRI_P168",50
"61929",-13855.040066149,"NRI_P168",100
"61930",-1953.78895614896,"NRI_P168",25
"61931",-5743.05040614901,"NRI_P168",50
"61932",-15875.299736149,"NRI_P168",100
"61933",-6484.00996614899,"NRI_P168",25
"61934",-10542.367026149,"NRI_P168",50
"61935",-1423.34387614898,"NRI_P168",100
"61936",-10963.302396149,"NRI_P168",25
"61937",3031.48858385102,"NRI_P168",50
"61938",-22144.308556149,"NRI_P168",100
"61939",-4656.36423614901,"NRI_P168",25
"61940",-7654.63559614896,"NRI_P168",50
"61941",-23073.659076149,"NRI_P168",100
"61942",-4735.48670614901,"NRI_P168",25
"61943",-10569.653936149,"NRI_P168",50
"61944",-12302.138446149,"NRI_P168",100
"61945",-5085.03717614897,"NRI_P168",25
"61946",-4608.861736149,"NRI_P168",50
"61947",-21103.695376149,"NRI_P168",100
"61948",-7342.92789614899,"NRI_P168",25
"61949",-13055.431796149,"NRI_P168",50
"61950",-20512.826616149,"NRI_P168",100
"61951",-4204.60182614898,"NRI_P168",25
"61952",-10791.577556149,"NRI_P168",50
"61953",-19185.273936149,"NRI_P168",100
"61954",-328.512196148979,"NRI_P168",25
"61955",-3691.34619614901,"NRI_P168",50
"61956",-14643.299826149,"NRI_P168",100
"61957",-1551.52847614896,"NRI_P168",25
"61958",-11156.963956149,"NRI_P168",50
"61959",-7896.27150614897,"NRI_P168",100
"61960",-1180.93505614897,"NRI_P168",25
"61961",-11368.978716149,"NRI_P168",50
"61962",-14990.602646149,"NRI_P168",100
"61963",5087.92051385104,"NRI_P168",25
"61964",-6799.75176614895,"NRI_P168",50
"61965",-20681.921876149,"NRI_P168",100
"61966",-2945.59983614896,"NRI_P168",25
"61967",-7632.14530614897,"NRI_P168",50
"61968",-13328.599496149,"NRI_P168",100
"61969",2277.87613385101,"NRI_P168",25
"61970",-9483.88414614898,"NRI_P168",50
"61971",-19498.345216149,"NRI_P168",100
"61972",566.935783851019,"NRI_P168",25
"61973",-2311.64433614898,"NRI_P168",50
"61974",-19015.285846149,"NRI_P168",100
"61975",-6029.59105614899,"NRI_P168",25
"61976",-11946.190336149,"NRI_P168",50
"61977",-19192.036936149,"NRI_P168",100
"61978",-13240.393076149,"NRI_P168",25
"61979",-2460.86791614897,"NRI_P168",50
"61980",-21708.981616149,"NRI_P168",100
"61981",-6486.84012614901,"NRI_P168",25
"61982",-8324.82900614897,"NRI_P168",50
"61983",-15193.776706149,"NRI_P168",100
"61984",-9432.36898614897,"NRI_P168",25
"61985",-6737.60734614899,"NRI_P168",50
"61986",-14550.429516149,"NRI_P168",100
"61987",-1540.07995614898,"NRI_P168",25
"61988",-4630.886496149,"NRI_P168",50
"61989",-23371.121626149,"NRI_P168",100
"61990",-9097.75744614899,"NRI_P168",25
"61991",-403.177966149,"NRI_P168",50
"61992",-20786.779696149,"NRI_P168",100
"61993",-2504.88405614899,"NRI_P168",25
"61994",-12787.232946149,"NRI_P168",50
"61995",-21429.630276149,"NRI_P168",100
"61996",-8953.09839614897,"NRI_P168",25
"61997",-11736.602366149,"NRI_P168",50
"61998",-15783.512016149,"NRI_P168",100
"61999",-1879.69562614895,"NRI_P168",25
"62000",-13751.800456149,"NRI_P168",50
"62001",-26404.392296149,"NRI_P168",100
"62002",-9587.44380614898,"NRI_P168",25
"62003",-9412.32230614897,"NRI_P168",50
"62004",-15015.319816149,"NRI_P168",100
"62005",-5855.87997614901,"NRI_P168",25
"62006",-1806.09751614899,"NRI_P168",50
"62007",-16206.224326149,"NRI_P168",100
"62008",-4672.599436149,"NRI_P168",25
"62009",-6828.80239614897,"NRI_P168",50
"62010",-13526.091046149,"NRI_P168",100
"62011",6287.51900385099,"NRI_P168",25
"62012",-6123.11808614898,"NRI_P168",50
"62013",-13757.864116149,"NRI_P168",100
"62014",-7191.43371614895,"NRI_P168",25
"62015",-16874.308126149,"NRI_P168",50
"62016",-8000.65989614898,"NRI_P168",100
"62017",-11976.927566149,"NRI_P168",25
"62018",-10341.394836149,"NRI_P168",50
"62019",-21456.043516149,"NRI_P168",100
"62020",-8082.69367614898,"NRI_P168",25
"62021",-1756.918586149,"NRI_P168",50
"62022",-2505.66328614898,"NRI_P168",100
"62023",-5050.65903614898,"NRI_P168",25
"62024",-14772.769786149,"NRI_P168",50
"62025",-16595.368416149,"NRI_P168",100
"62026",-6481.47040614899,"NRI_P168",25
"62027",-6110.810366149,"NRI_P168",50
"62028",-17477.412186149,"NRI_P168",100
"62029",-1829.86485614895,"NRI_P168",25
"62030",-13664.256376149,"NRI_P168",50
"62031",-20009.389226149,"NRI_P168",100
"62032",-6756.03199614899,"NRI_P168",25
"62033",-3416.00287614897,"NRI_P168",50
"62034",-17525.920936149,"NRI_P168",100
"62035",-5847.86071614898,"NRI_P168",25
"62036",-11697.637966149,"NRI_P168",50
"62037",-20560.019166149,"NRI_P168",100
"62038",-5503.56152614899,"NRI_P168",25
"62039",-7835.146036149,"NRI_P168",50
"62040",-4580.212496149,"NRI_P168",100
"62041",7700.31677385099,"NRI_P168",25
"62042",-1287.32750614895,"NRI_P168",50
"62043",-18784.256016149,"NRI_P168",100
"62044",-3871.30222614901,"NRI_P168",25
"62045",-12000.331806149,"NRI_P168",50
"62046",-18657.385366149,"NRI_P168",100
"62047",470.414893851033,"NRI_P168",25
"62048",-16346.924076149,"NRI_P168",50
"62049",-20250.645866149,"NRI_P168",100
"62050",-4295.03782614897,"NRI_P168",25
"62051",-5267.77975614899,"NRI_P168",50
"62052",-17772.960346149,"NRI_P168",100
"62053",-1817.487676149,"NRI_P168",25
"62054",-3232.16814614896,"NRI_P168",50
"62055",-22046.596276149,"NRI_P168",100
"62056",-1770.41598614899,"NRI_P168",25
"62057",-8241.80064614897,"NRI_P168",50
"62058",-21604.383136149,"NRI_P168",100
"62059",-1014.88099614898,"NRI_P168",25
"62060",-4529.57765614899,"NRI_P168",50
"62061",-18213.261136149,"NRI_P168",100
"62062",-2693.972426149,"NRI_P168",25
"62063",-9478.20732614899,"NRI_P168",50
"62064",-7222.20244614896,"NRI_P168",100
"62065",-561.727256148995,"NRI_P168",25
"62066",-9233.00361614898,"NRI_P168",50
"62067",-7819.08121614897,"NRI_P168",100
"62068",3861.52028385102,"NRI_P168",25
"62069",-13172.227826149,"NRI_P168",50
"62070",-14187.721326149,"NRI_P168",100
"62071",-5904.42093614896,"NRI_P168",25
"62072",-7427.01743614901,"NRI_P168",50
"62073",-15462.753156149,"NRI_P168",100
"62074",-1815.724146149,"NRI_P168",25
"62075",-3098.024636149,"NRI_P168",50
"62076",-14564.824486149,"NRI_P168",100
"62077",-5204.76653614896,"NRI_P168",25
"62078",-11026.862366149,"NRI_P168",50
"62079",-14980.012966149,"NRI_P168",100
"62080",-4447.31187614897,"NRI_P168",25
"62081",-4154.72429614898,"NRI_P168",50
"62082",-2412.09582614899,"NRI_P168",100
"62083",-9576.03458614898,"NRI_P168",25
"62084",-3146.21922614897,"NRI_P168",50
"62085",-20492.799506149,"NRI_P168",100
"62086",2469.432753851,"NRI_P168",25
"62087",-6498.066886149,"NRI_P168",50
"62088",-21812.487756149,"NRI_P168",100
"62089",-6394.44762614899,"NRI_P168",25
"62090",-13711.220406149,"NRI_P168",50
"62091",-12152.087826149,"NRI_P168",100
"62092",-8100.39054614899,"NRI_P168",25
"62093",-8288.06101614897,"NRI_P168",50
"62094",-12406.766846149,"NRI_P168",100
"62095",-3604.39857614896,"NRI_P168",25
"62096",-14087.507756149,"NRI_P168",50
"62097",-18552.614216149,"NRI_P168",100
"62098",798.450813851028,"NRI_P168",25
"62099",-19858.971496149,"NRI_P168",50
"62100",-13891.980356149,"NRI_P168",100
"62101",16293.572193696,"NRI_P170",25
"62102",31435.344913696,"NRI_P170",50
"62103",71741.311173696,"NRI_P170",100
"62104",-14092.392606304,"NRI_P170",25
"62105",60556.879473696,"NRI_P170",50
"62106",77155.627783696,"NRI_P170",100
"62107",22249.811183696,"NRI_P170",25
"62108",36395.027303696,"NRI_P170",50
"62109",56751.793433696,"NRI_P170",100
"62110",18875.189743696,"NRI_P170",25
"62111",46304.167383696,"NRI_P170",50
"62112",128810.915653696,"NRI_P170",100
"62113",37424.777703696,"NRI_P170",25
"62114",38834.115063696,"NRI_P170",50
"62115",65088.148953696,"NRI_P170",100
"62116",28594.850453696,"NRI_P170",25
"62117",16509.683923696,"NRI_P170",50
"62118",52084.880323696,"NRI_P170",100
"62119",30217.685773696,"NRI_P170",25
"62120",68129.184373696,"NRI_P170",50
"62121",43160.757323696,"NRI_P170",100
"62122",-8275.765386304,"NRI_P170",25
"62123",86544.123363696,"NRI_P170",50
"62124",42935.183153696,"NRI_P170",100
"62125",-185.928256304003,"NRI_P170",25
"62126",39766.078113696,"NRI_P170",50
"62127",92530.739063696,"NRI_P170",100
"62128",44459.587773696,"NRI_P170",25
"62129",-12947.705936304,"NRI_P170",50
"62130",76039.136383696,"NRI_P170",100
"62131",38129.963173696,"NRI_P170",25
"62132",8903.962223696,"NRI_P170",50
"62133",10590.581053696,"NRI_P170",100
"62134",12954.004353696,"NRI_P170",25
"62135",24777.008243696,"NRI_P170",50
"62136",-11101.936876304,"NRI_P170",100
"62137",9557.81134369603,"NRI_P170",25
"62138",52859.320333696,"NRI_P170",50
"62139",39382.424593696,"NRI_P170",100
"62140",3432.809643696,"NRI_P170",25
"62141",10468.003233696,"NRI_P170",50
"62142",37798.505063696,"NRI_P170",100
"62143",20141.911053696,"NRI_P170",25
"62144",1013.68112369603,"NRI_P170",50
"62145",40924.007733696,"NRI_P170",100
"62146",21918.058063696,"NRI_P170",25
"62147",26106.270283696,"NRI_P170",50
"62148",20881.422633696,"NRI_P170",100
"62149",14892.256573696,"NRI_P170",25
"62150",7199.67278369603,"NRI_P170",50
"62151",82602.838473696,"NRI_P170",100
"62152",45567.287543696,"NRI_P170",25
"62153",17013.459883696,"NRI_P170",50
"62154",28718.434833696,"NRI_P170",100
"62155",9074.17596369603,"NRI_P170",25
"62156",22188.412163696,"NRI_P170",50
"62157",104708.161383696,"NRI_P170",100
"62158",8597.42281369603,"NRI_P170",25
"62159",1479.89682369604,"NRI_P170",50
"62160",29905.014923696,"NRI_P170",100
"62161",28551.576573696,"NRI_P170",25
"62162",19888.365443696,"NRI_P170",50
"62163",19028.631973696,"NRI_P170",100
"62164",-3899.586416304,"NRI_P170",25
"62165",18976.259303696,"NRI_P170",50
"62166",78306.131133696,"NRI_P170",100
"62167",17367.143513696,"NRI_P170",25
"62168",46120.375643696,"NRI_P170",50
"62169",39721.002263696,"NRI_P170",100
"62170",714.19367369602,"NRI_P170",25
"62171",24153.356043696,"NRI_P170",50
"62172",40704.021663696,"NRI_P170",100
"62173",-13071.336646304,"NRI_P170",25
"62174",64592.572133696,"NRI_P170",50
"62175",31548.551393696,"NRI_P170",100
"62176",-10410.817406304,"NRI_P170",25
"62177",38712.116023696,"NRI_P170",50
"62178",47852.040143696,"NRI_P170",100
"62179",24790.794223696,"NRI_P170",25
"62180",71144.561853696,"NRI_P170",50
"62181",29471.467543696,"NRI_P170",100
"62182",29155.579393696,"NRI_P170",25
"62183",-1118.44808630401,"NRI_P170",50
"62184",61495.371983696,"NRI_P170",100
"62185",9375.28586369602,"NRI_P170",25
"62186",44209.669993696,"NRI_P170",50
"62187",16235.502393696,"NRI_P170",100
"62188",10011.569973696,"NRI_P170",25
"62189",40124.795133696,"NRI_P170",50
"62190",38275.715763696,"NRI_P170",100
"62191",33305.195043696,"NRI_P170",25
"62192",47994.644863696,"NRI_P170",50
"62193",70963.256773696,"NRI_P170",100
"62194",25429.007573696,"NRI_P170",25
"62195",62612.042123696,"NRI_P170",50
"62196",117429.513813696,"NRI_P170",100
"62197",20670.169113696,"NRI_P170",25
"62198",8532.84908369603,"NRI_P170",50
"62199",33154.993433696,"NRI_P170",100
"62200",-14946.911126304,"NRI_P170",25
"62201",42703.927393696,"NRI_P170",50
"62202",79481.474533696,"NRI_P170",100
"62203",44258.296713696,"NRI_P170",25
"62204",51273.755103696,"NRI_P170",50
"62205",140248.862063696,"NRI_P170",100
"62206",4376.133723696,"NRI_P170",25
"62207",31042.668203696,"NRI_P170",50
"62208",32363.048893696,"NRI_P170",100
"62209",13719.638703696,"NRI_P170",25
"62210",16714.240553696,"NRI_P170",50
"62211",26771.007453696,"NRI_P170",100
"62212",-2698.17255630397,"NRI_P170",25
"62213",24976.082763696,"NRI_P170",50
"62214",17894.081863696,"NRI_P170",100
"62215",-8367.85346630396,"NRI_P170",25
"62216",-22985.179596304,"NRI_P170",50
"62217",28517.588363696,"NRI_P170",100
"62218",14043.051653696,"NRI_P170",25
"62219",69837.012903696,"NRI_P170",50
"62220",86097.130443696,"NRI_P170",100
"62221",10722.841223696,"NRI_P170",25
"62222",15447.574283696,"NRI_P170",50
"62223",52477.415943696,"NRI_P170",100
"62224",28866.961533696,"NRI_P170",25
"62225",9938.30447369599,"NRI_P170",50
"62226",40107.036343696,"NRI_P170",100
"62227",12217.530463696,"NRI_P170",25
"62228",31276.965593696,"NRI_P170",50
"62229",64125.986843696,"NRI_P170",100
"62230",7124.876523696,"NRI_P170",25
"62231",15452.750253696,"NRI_P170",50
"62232",48830.610063696,"NRI_P170",100
"62233",497.27173369599,"NRI_P170",25
"62234",17119.077973696,"NRI_P170",50
"62235",48615.263263696,"NRI_P170",100
"62236",-11437.846996304,"NRI_P170",25
"62237",31530.850223696,"NRI_P170",50
"62238",84902.497163696,"NRI_P170",100
"62239",-4892.84522630397,"NRI_P170",25
"62240",30737.995593696,"NRI_P170",50
"62241",85856.523383696,"NRI_P170",100
"62242",3485.99770369602,"NRI_P170",25
"62243",41430.242753696,"NRI_P170",50
"62244",33498.036663696,"NRI_P170",100
"62245",6568.65149369603,"NRI_P170",25
"62246",53004.883713696,"NRI_P170",50
"62247",65025.120483696,"NRI_P170",100
"62248",9346.41814369604,"NRI_P170",25
"62249",38211.177733696,"NRI_P170",50
"62250",93870.071373696,"NRI_P170",100
"62251",26647.612963696,"NRI_P170",25
"62252",26167.840143696,"NRI_P170",50
"62253",61051.518263696,"NRI_P170",100
"62254",22412.485363696,"NRI_P170",25
"62255",23817.938453696,"NRI_P170",50
"62256",67335.631833696,"NRI_P170",100
"62257",33336.443883696,"NRI_P170",25
"62258",-32205.321536304,"NRI_P170",50
"62259",61412.924413696,"NRI_P170",100
"62260",16341.093863696,"NRI_P170",25
"62261",16397.904823696,"NRI_P170",50
"62262",26943.114613696,"NRI_P170",100
"62263",29138.850613696,"NRI_P170",25
"62264",35399.398553696,"NRI_P170",50
"62265",87541.371813696,"NRI_P170",100
"62266",3624.808763696,"NRI_P170",25
"62267",-24224.439306304,"NRI_P170",50
"62268",47457.841533696,"NRI_P170",100
"62269",-1503.04064630397,"NRI_P170",25
"62270",-5010.93739630398,"NRI_P170",50
"62271",23995.563173696,"NRI_P170",100
"62272",23285.198213696,"NRI_P170",25
"62273",68650.107633696,"NRI_P170",50
"62274",50865.343773696,"NRI_P170",100
"62275",5021.67538369604,"NRI_P170",25
"62276",44848.487503696,"NRI_P170",50
"62277",40815.429243696,"NRI_P170",100
"62278",19094.939563696,"NRI_P170",25
"62279",-11196.568806304,"NRI_P170",50
"62280",44941.317193696,"NRI_P170",100
"62281",8568.354323696,"NRI_P170",25
"62282",29526.170943696,"NRI_P170",50
"62283",24042.775063696,"NRI_P170",100
"62284",17348.272153696,"NRI_P170",25
"62285",32756.243243696,"NRI_P170",50
"62286",-6179.35701630398,"NRI_P170",100
"62287",-18251.606896304,"NRI_P170",25
"62288",23435.321953696,"NRI_P170",50
"62289",16132.364013696,"NRI_P170",100
"62290",-14659.103586304,"NRI_P170",25
"62291",41765.648543696,"NRI_P170",50
"62292",16967.967793696,"NRI_P170",100
"62293",15260.992153696,"NRI_P170",25
"62294",-9984.67090630397,"NRI_P170",50
"62295",76354.894263696,"NRI_P170",100
"62296",11173.477213696,"NRI_P170",25
"62297",49603.998873696,"NRI_P170",50
"62298",18425.770593696,"NRI_P170",100
"62299",15741.143933696,"NRI_P170",25
"62300",42183.427623696,"NRI_P170",50
"62301",37152.761293696,"NRI_P170",100
"62302",6391.64567369601,"NRI_P170",25
"62303",33815.520343696,"NRI_P170",50
"62304",31581.700673696,"NRI_P170",100
"62305",11884.914893696,"NRI_P170",25
"62306",23164.840533696,"NRI_P170",50
"62307",90021.621813696,"NRI_P170",100
"62308",5558.16049369599,"NRI_P170",25
"62309",16845.913943696,"NRI_P170",50
"62310",76649.034183696,"NRI_P170",100
"62311",38080.766193696,"NRI_P170",25
"62312",19803.216243696,"NRI_P170",50
"62313",66299.070143696,"NRI_P170",100
"62314",24318.864993696,"NRI_P170",25
"62315",-9224.698566304,"NRI_P170",50
"62316",44541.506953696,"NRI_P170",100
"62317",60.1079736960237,"NRI_P170",25
"62318",36816.576763696,"NRI_P170",50
"62319",39320.519753696,"NRI_P170",100
"62320",17073.854293696,"NRI_P170",25
"62321",-10952.827176304,"NRI_P170",50
"62322",59973.237063696,"NRI_P170",100
"62323",13089.326753696,"NRI_P170",25
"62324",55374.120973696,"NRI_P170",50
"62325",128640.769623696,"NRI_P170",100
"62326",31431.038293696,"NRI_P170",25
"62327",-22735.044696304,"NRI_P170",50
"62328",20031.102243696,"NRI_P170",100
"62329",16291.054333696,"NRI_P170",25
"62330",16771.600753696,"NRI_P170",50
"62331",112531.523843696,"NRI_P170",100
"62332",30021.013143696,"NRI_P170",25
"62333",52143.249123696,"NRI_P170",50
"62334",35651.957783696,"NRI_P170",100
"62335",-0.941886304004584,"NRI_P170",25
"62336",41146.465103696,"NRI_P170",50
"62337",24779.980663696,"NRI_P170",100
"62338",4380.73271369602,"NRI_P170",25
"62339",26390.251363696,"NRI_P170",50
"62340",57879.124043696,"NRI_P170",100
"62341",21576.703553696,"NRI_P170",25
"62342",15897.370553696,"NRI_P170",50
"62343",29469.145233696,"NRI_P170",100
"62344",-3226.25897630397,"NRI_P170",25
"62345",5256.41641369602,"NRI_P170",50
"62346",89214.171823696,"NRI_P170",100
"62347",-8604.37326630397,"NRI_P170",25
"62348",16334.397733696,"NRI_P170",50
"62349",75545.962613696,"NRI_P170",100
"62350",18501.018023696,"NRI_P170",25
"62351",1650.48519369599,"NRI_P170",50
"62352",52897.440183696,"NRI_P170",100
"62353",14804.864043696,"NRI_P170",25
"62354",14507.043093696,"NRI_P170",50
"62355",49030.584313696,"NRI_P170",100
"62356",-734.861226303969,"NRI_P170",25
"62357",23815.265223696,"NRI_P170",50
"62358",63012.396383696,"NRI_P170",100
"62359",36625.840453696,"NRI_P170",25
"62360",27488.729263696,"NRI_P170",50
"62361",70686.888453696,"NRI_P170",100
"62362",-1399.08369630401,"NRI_P170",25
"62363",24954.014893696,"NRI_P170",50
"62364",113763.911133696,"NRI_P170",100
"62365",634.023933696037,"NRI_P170",25
"62366",9662.186493696,"NRI_P170",50
"62367",56269.450563696,"NRI_P170",100
"62368",-8147.22396630398,"NRI_P170",25
"62369",65700.845033696,"NRI_P170",50
"62370",60338.563053696,"NRI_P170",100
"62371",12890.845173696,"NRI_P170",25
"62372",-5150.16201630398,"NRI_P170",50
"62373",18469.841023696,"NRI_P170",100
"62374",-13223.212866304,"NRI_P170",25
"62375",8169.02834369603,"NRI_P170",50
"62376",25.55397369602,"NRI_P170",100
"62377",22591.414103696,"NRI_P170",25
"62378",-856.840636303998,"NRI_P170",50
"62379",60987.473533696,"NRI_P170",100
"62380",15348.096973696,"NRI_P170",25
"62381",14510.842113696,"NRI_P170",50
"62382",86038.244843696,"NRI_P170",100
"62383",5564.55840369599,"NRI_P170",25
"62384",29236.602503696,"NRI_P170",50
"62385",24593.505483696,"NRI_P170",100
"62386",15990.976863696,"NRI_P170",25
"62387",14042.468813696,"NRI_P170",50
"62388",107917.907793696,"NRI_P170",100
"62389",20550.094253696,"NRI_P170",25
"62390",37133.969363696,"NRI_P170",50
"62391",51887.045773696,"NRI_P170",100
"62392",34507.973413696,"NRI_P170",25
"62393",13721.985873696,"NRI_P170",50
"62394",97764.385823696,"NRI_P170",100
"62395",11384.440733696,"NRI_P170",25
"62396",32390.844423696,"NRI_P170",50
"62397",33997.761703696,"NRI_P170",100
"62398",-26241.325826304,"NRI_P170",25
"62399",20690.974043696,"NRI_P170",50
"62400",46459.084233696,"NRI_P170",100
"62401",1438.339369347,"NRI_P171",25
"62402",-2574.097350653,"NRI_P171",50
"62403",5208.720609347,"NRI_P171",100
"62404",548.945869347001,"NRI_P171",25
"62405",884.415419347002,"NRI_P171",50
"62406",3659.354489347,"NRI_P171",100
"62407",-322.817440653002,"NRI_P171",25
"62408",1649.134669347,"NRI_P171",50
"62409",5040.395449347,"NRI_P171",100
"62410",573.687339347001,"NRI_P171",25
"62411",5929.842309347,"NRI_P171",50
"62412",5230.568689347,"NRI_P171",100
"62413",229.170239347004,"NRI_P171",25
"62414",1754.681709347,"NRI_P171",50
"62415",4223.518269347,"NRI_P171",100
"62416",525.358069346999,"NRI_P171",25
"62417",-387.401620653,"NRI_P171",50
"62418",3647.035579347,"NRI_P171",100
"62419",2981.850069347,"NRI_P171",25
"62420",1531.485709347,"NRI_P171",50
"62421",1775.391909347,"NRI_P171",100
"62422",872.444889347003,"NRI_P171",25
"62423",-1467.576510653,"NRI_P171",50
"62424",2365.673529347,"NRI_P171",100
"62425",3665.461239347,"NRI_P171",25
"62426",-381.564850652998,"NRI_P171",50
"62427",2871.720769347,"NRI_P171",100
"62428",-496.858330652998,"NRI_P171",25
"62429",2250.819389347,"NRI_P171",50
"62430",7651.591799347,"NRI_P171",100
"62431",2655.753559347,"NRI_P171",25
"62432",-443.251750652998,"NRI_P171",50
"62433",3424.454429347,"NRI_P171",100
"62434",1096.231689347,"NRI_P171",25
"62435",3636.984659347,"NRI_P171",50
"62436",5147.463619347,"NRI_P171",100
"62437",3721.059699347,"NRI_P171",25
"62438",1376.110469347,"NRI_P171",50
"62439",3766.733139347,"NRI_P171",100
"62440",323.261209347002,"NRI_P171",25
"62441",5322.843339347,"NRI_P171",50
"62442",5489.351429347,"NRI_P171",100
"62443",727.094899347001,"NRI_P171",25
"62444",621.356059347003,"NRI_P171",50
"62445",4141.204689347,"NRI_P171",100
"62446",1534.357179347,"NRI_P171",25
"62447",1730.781309347,"NRI_P171",50
"62448",4350.929979347,"NRI_P171",100
"62449",51.789719346998,"NRI_P171",25
"62450",6425.793649347,"NRI_P171",50
"62451",-62.8252206530015,"NRI_P171",100
"62452",1291.600769347,"NRI_P171",25
"62453",7370.296829347,"NRI_P171",50
"62454",2406.037669347,"NRI_P171",100
"62455",1140.396559347,"NRI_P171",25
"62456",775.135129347,"NRI_P171",50
"62457",4020.184599347,"NRI_P171",100
"62458",213.245219347002,"NRI_P171",25
"62459",-694.801730653002,"NRI_P171",50
"62460",5663.988999347,"NRI_P171",100
"62461",338.342069347003,"NRI_P171",25
"62462",4457.773699347,"NRI_P171",50
"62463",1690.764669347,"NRI_P171",100
"62464",467.164459346997,"NRI_P171",25
"62465",-132.904790652996,"NRI_P171",50
"62466",1542.474699347,"NRI_P171",100
"62467",670.931399346999,"NRI_P171",25
"62468",984.587159347,"NRI_P171",50
"62469",5567.455659347,"NRI_P171",100
"62470",113.960199346999,"NRI_P171",25
"62471",2391.093999347,"NRI_P171",50
"62472",8633.074419347,"NRI_P171",100
"62473",-643.064080652999,"NRI_P171",25
"62474",2390.165379347,"NRI_P171",50
"62475",5367.726869347,"NRI_P171",100
"62476",1669.401959347,"NRI_P171",25
"62477",2795.910759347,"NRI_P171",50
"62478",5777.372539347,"NRI_P171",100
"62479",3306.497409347,"NRI_P171",25
"62480",2222.458419347,"NRI_P171",50
"62481",2363.055319347,"NRI_P171",100
"62482",1425.508849347,"NRI_P171",25
"62483",4730.936199347,"NRI_P171",50
"62484",3226.556399347,"NRI_P171",100
"62485",2005.528209347,"NRI_P171",25
"62486",-965.401650653002,"NRI_P171",50
"62487",-155.969610652995,"NRI_P171",100
"62488",486.158439347004,"NRI_P171",25
"62489",920.370279347,"NRI_P171",50
"62490",696.437879347002,"NRI_P171",100
"62491",2854.748269347,"NRI_P171",25
"62492",1901.550729347,"NRI_P171",50
"62493",6902.700409347,"NRI_P171",100
"62494",56.7987093470001,"NRI_P171",25
"62495",3320.819769347,"NRI_P171",50
"62496",102.525899346998,"NRI_P171",100
"62497",-900.822630652998,"NRI_P171",25
"62498",3343.852039347,"NRI_P171",50
"62499",3732.667409347,"NRI_P171",100
"62500",2694.318739347,"NRI_P171",25
"62501",-813.703710652997,"NRI_P171",50
"62502",-651.055390652997,"NRI_P171",100
"62503",950.291269346999,"NRI_P171",25
"62504",-317.581020653,"NRI_P171",50
"62505",9012.612669347,"NRI_P171",100
"62506",595.797009346999,"NRI_P171",25
"62507",1548.012149347,"NRI_P171",50
"62508",1419.067279347,"NRI_P171",100
"62509",3668.162669347,"NRI_P171",25
"62510",819.009759346998,"NRI_P171",50
"62511",6034.445749347,"NRI_P171",100
"62512",1804.314569347,"NRI_P171",25
"62513",-847.149280653,"NRI_P171",50
"62514",-253.745490652997,"NRI_P171",100
"62515",1096.837059347,"NRI_P171",25
"62516",-877.155200652996,"NRI_P171",50
"62517",1975.417439347,"NRI_P171",100
"62518",2093.435169347,"NRI_P171",25
"62519",1740.772699347,"NRI_P171",50
"62520",5760.848129347,"NRI_P171",100
"62521",1119.509339347,"NRI_P171",25
"62522",1592.731009347,"NRI_P171",50
"62523",2207.409469347,"NRI_P171",100
"62524",-146.308990653,"NRI_P171",25
"62525",-296.608680653,"NRI_P171",50
"62526",380.937089347004,"NRI_P171",100
"62527",281.858459347,"NRI_P171",25
"62528",2482.221619347,"NRI_P171",50
"62529",7723.173509347,"NRI_P171",100
"62530",-531.814970653002,"NRI_P171",25
"62531",309.236829346999,"NRI_P171",50
"62532",-600.188700653001,"NRI_P171",100
"62533",1306.868449347,"NRI_P171",25
"62534",1750.015469347,"NRI_P171",50
"62535",6991.100329347,"NRI_P171",100
"62536",-331.097820652998,"NRI_P171",25
"62537",-77.4897606529994,"NRI_P171",50
"62538",9953.337249347,"NRI_P171",100
"62539",486.996249347001,"NRI_P171",25
"62540",3905.325149347,"NRI_P171",50
"62541",4102.185939347,"NRI_P171",100
"62542",-1202.494670653,"NRI_P171",25
"62543",77.7311493470042,"NRI_P171",50
"62544",3392.533699347,"NRI_P171",100
"62545",81.1899993469997,"NRI_P171",25
"62546",2373.758359347,"NRI_P171",50
"62547",-2135.366850653,"NRI_P171",100
"62548",261.754629347,"NRI_P171",25
"62549",1625.006349347,"NRI_P171",50
"62550",4363.296649347,"NRI_P171",100
"62551",649.543469347002,"NRI_P171",25
"62552",1805.571629347,"NRI_P171",50
"62553",289.704049346998,"NRI_P171",100
"62554",-1209.776130653,"NRI_P171",25
"62555",4763.329129347,"NRI_P171",50
"62556",7209.934019347,"NRI_P171",100
"62557",1217.826909347,"NRI_P171",25
"62558",2450.587459347,"NRI_P171",50
"62559",1455.521409347,"NRI_P171",100
"62560",-1376.538140653,"NRI_P171",25
"62561",-2885.821550653,"NRI_P171",50
"62562",4883.640269347,"NRI_P171",100
"62563",-552.122420653002,"NRI_P171",25
"62564",1982.045409347,"NRI_P171",50
"62565",3913.830379347,"NRI_P171",100
"62566",350.181599347001,"NRI_P171",25
"62567",1014.143779347,"NRI_P171",50
"62568",5941.436959347,"NRI_P171",100
"62569",-803.966970652997,"NRI_P171",25
"62570",312.597859346999,"NRI_P171",50
"62571",7040.871849347,"NRI_P171",100
"62572",-1071.186430653,"NRI_P171",25
"62573",-2019.873490653,"NRI_P171",50
"62574",6053.009059347,"NRI_P171",100
"62575",1810.162279347,"NRI_P171",25
"62576",2023.411039347,"NRI_P171",50
"62577",4585.091309347,"NRI_P171",100
"62578",255.310299347002,"NRI_P171",25
"62579",5849.389309347,"NRI_P171",50
"62580",9552.109699347,"NRI_P171",100
"62581",1061.429599347,"NRI_P171",25
"62582",-507.467280653,"NRI_P171",50
"62583",194.009609346998,"NRI_P171",100
"62584",-159.891590653002,"NRI_P171",25
"62585",-1137.963620653,"NRI_P171",50
"62586",1426.565209347,"NRI_P171",100
"62587",236.995089347001,"NRI_P171",25
"62588",1808.501469347,"NRI_P171",50
"62589",4667.423899347,"NRI_P171",100
"62590",636.346379347,"NRI_P171",25
"62591",79.6953493469991,"NRI_P171",50
"62592",2326.212739347,"NRI_P171",100
"62593",4297.756009347,"NRI_P171",25
"62594",6318.643039347,"NRI_P171",50
"62595",3632.983179347,"NRI_P171",100
"62596",2506.890949347,"NRI_P171",25
"62597",5727.695559347,"NRI_P171",50
"62598",3179.883039347,"NRI_P171",100
"62599",3680.484259347,"NRI_P171",25
"62600",3800.713319347,"NRI_P171",50
"62601",3970.962299347,"NRI_P171",100
"62602",-1175.693220653,"NRI_P171",25
"62603",-1212.308160653,"NRI_P171",50
"62604",3179.880999347,"NRI_P171",100
"62605",2747.661469347,"NRI_P171",25
"62606",160.126709347001,"NRI_P171",50
"62607",7756.147439347,"NRI_P171",100
"62608",3445.644659347,"NRI_P171",25
"62609",1865.662329347,"NRI_P171",50
"62610",425.747699346997,"NRI_P171",100
"62611",-3194.179980653,"NRI_P171",25
"62612",3813.882669347,"NRI_P171",50
"62613",1553.040449347,"NRI_P171",100
"62614",1795.242089347,"NRI_P171",25
"62615",2825.091569347,"NRI_P171",50
"62616",6704.599019347,"NRI_P171",100
"62617",2660.346939347,"NRI_P171",25
"62618",6530.240259347,"NRI_P171",50
"62619",26.1555493470005,"NRI_P171",100
"62620",1792.281309347,"NRI_P171",25
"62621",625.790749346997,"NRI_P171",50
"62622",631.357169347,"NRI_P171",100
"62623",2230.887189347,"NRI_P171",25
"62624",2768.773139347,"NRI_P171",50
"62625",5084.385919347,"NRI_P171",100
"62626",1126.775329347,"NRI_P171",25
"62627",4769.331559347,"NRI_P171",50
"62628",4712.833229347,"NRI_P171",100
"62629",991.238069347004,"NRI_P171",25
"62630",-675.782500652997,"NRI_P171",50
"62631",2151.426959347,"NRI_P171",100
"62632",-1895.210390653,"NRI_P171",25
"62633",5019.618029347,"NRI_P171",50
"62634",1683.755759347,"NRI_P171",100
"62635",660.305039347004,"NRI_P171",25
"62636",1000.220199347,"NRI_P171",50
"62637",2105.564959347,"NRI_P171",100
"62638",1497.587649347,"NRI_P171",25
"62639",1417.509749347,"NRI_P171",50
"62640",5047.021279347,"NRI_P171",100
"62641",-480.229360653,"NRI_P171",25
"62642",2658.680209347,"NRI_P171",50
"62643",-110.547900653,"NRI_P171",100
"62644",1552.497569347,"NRI_P171",25
"62645",-1610.921120653,"NRI_P171",50
"62646",2246.935549347,"NRI_P171",100
"62647",506.051249347001,"NRI_P171",25
"62648",-1512.478230653,"NRI_P171",50
"62649",5280.321509347,"NRI_P171",100
"62650",2766.733509347,"NRI_P171",25
"62651",1319.565669347,"NRI_P171",50
"62652",3381.135799347,"NRI_P171",100
"62653",123.078069347001,"NRI_P171",25
"62654",884.003399346999,"NRI_P171",50
"62655",2941.866349347,"NRI_P171",100
"62656",2080.652339347,"NRI_P171",25
"62657",-23.7169006530021,"NRI_P171",50
"62658",1695.327299347,"NRI_P171",100
"62659",1673.081849347,"NRI_P171",25
"62660",607.122689347001,"NRI_P171",50
"62661",452.581419347,"NRI_P171",100
"62662",-489.727870652998,"NRI_P171",25
"62663",816.404649347001,"NRI_P171",50
"62664",4660.082309347,"NRI_P171",100
"62665",30.2076693470008,"NRI_P171",25
"62666",1118.236169347,"NRI_P171",50
"62667",3142.118129347,"NRI_P171",100
"62668",442.682439347001,"NRI_P171",25
"62669",4698.238139347,"NRI_P171",50
"62670",3885.887049347,"NRI_P171",100
"62671",3952.214999347,"NRI_P171",25
"62672",160.628249346999,"NRI_P171",50
"62673",1622.008769347,"NRI_P171",100
"62674",1857.434709347,"NRI_P171",25
"62675",-3704.139620653,"NRI_P171",50
"62676",3821.661899347,"NRI_P171",100
"62677",-168.133770652996,"NRI_P171",25
"62678",6854.439549347,"NRI_P171",50
"62679",2206.538709347,"NRI_P171",100
"62680",-1259.059930653,"NRI_P171",25
"62681",-1400.730680653,"NRI_P171",50
"62682",3254.878849347,"NRI_P171",100
"62683",-440.062760652996,"NRI_P171",25
"62684",1454.633609347,"NRI_P171",50
"62685",4476.353939347,"NRI_P171",100
"62686",-483.047720652998,"NRI_P171",25
"62687",4441.692429347,"NRI_P171",50
"62688",3844.741249347,"NRI_P171",100
"62689",3910.172869347,"NRI_P171",25
"62690",1480.479309347,"NRI_P171",50
"62691",878.547179346999,"NRI_P171",100
"62692",1841.958739347,"NRI_P171",25
"62693",2429.463009347,"NRI_P171",50
"62694",5686.391119347,"NRI_P171",100
"62695",1294.846499347,"NRI_P171",25
"62696",-723.413640653001,"NRI_P171",50
"62697",10170.469749347,"NRI_P171",100
"62698",1541.892129347,"NRI_P171",25
"62699",2273.854159347,"NRI_P171",50
"62700",2892.994409347,"NRI_P171",100
"62701",7331.00287378201,"NRI_P172",25
"62702",-958.084636217973,"NRI_P172",50
"62703",16192.381163782,"NRI_P172",100
"62704",-1332.60990621796,"NRI_P172",25
"62705",-17281.183406218,"NRI_P172",50
"62706",-1117.98122621799,"NRI_P172",100
"62707",-665.054296217975,"NRI_P172",25
"62708",7707.81682378205,"NRI_P172",50
"62709",28646.1503537821,"NRI_P172",100
"62710",2094.54199378204,"NRI_P172",25
"62711",11192.670523782,"NRI_P172",50
"62712",20819.5258737821,"NRI_P172",100
"62713",15226.293573782,"NRI_P172",25
"62714",8994.90240378201,"NRI_P172",50
"62715",8297.12253378204,"NRI_P172",100
"62716",-3679.46137621795,"NRI_P172",25
"62717",2653.75847378204,"NRI_P172",50
"62718",25400.7793137821,"NRI_P172",100
"62719",9308.260723782,"NRI_P172",25
"62720",6923.31865378201,"NRI_P172",50
"62721",8500.31985378201,"NRI_P172",100
"62722",17638.680893782,"NRI_P172",25
"62723",35030.869703782,"NRI_P172",50
"62724",7337.936603782,"NRI_P172",100
"62725",-5095.34549621795,"NRI_P172",25
"62726",3549.91052378202,"NRI_P172",50
"62727",23881.687983782,"NRI_P172",100
"62728",10814.354873782,"NRI_P172",25
"62729",15854.458613782,"NRI_P172",50
"62730",-239.999606217956,"NRI_P172",100
"62731",8421.70923378202,"NRI_P172",25
"62732",-507.375226217962,"NRI_P172",50
"62733",-19534.007156218,"NRI_P172",100
"62734",-743.193116217968,"NRI_P172",25
"62735",4267.64132378204,"NRI_P172",50
"62736",-3505.00336621795,"NRI_P172",100
"62737",-5027.64434621797,"NRI_P172",25
"62738",-2553.86322621797,"NRI_P172",50
"62739",6367.57778378204,"NRI_P172",100
"62740",-662.813686217996,"NRI_P172",25
"62741",-1349.93309621798,"NRI_P172",50
"62742",31205.619383782,"NRI_P172",100
"62743",2767.16586378205,"NRI_P172",25
"62744",5604.90909378201,"NRI_P172",50
"62745",3701.46291378204,"NRI_P172",100
"62746",-4767.59498621797,"NRI_P172",25
"62747",1590.99731378205,"NRI_P172",50
"62748",-12955.303496218,"NRI_P172",100
"62749",-1506.79595621797,"NRI_P172",25
"62750",-7069.51872621797,"NRI_P172",50
"62751",-6859.13366621797,"NRI_P172",100
"62752",6014.94096378202,"NRI_P172",25
"62753",-4049.89315621799,"NRI_P172",50
"62754",13107.336763782,"NRI_P172",100
"62755",-2096.96108621795,"NRI_P172",25
"62756",833.251063782023,"NRI_P172",50
"62757",17356.697053782,"NRI_P172",100
"62758",6125.52776378201,"NRI_P172",25
"62759",-7916.22641621798,"NRI_P172",50
"62760",14196.347183782,"NRI_P172",100
"62761",10803.425803782,"NRI_P172",25
"62762",-5458.73135621799,"NRI_P172",50
"62763",45503.718163782,"NRI_P172",100
"62764",1840.36393378204,"NRI_P172",25
"62765",12808.358933782,"NRI_P172",50
"62766",14006.504763782,"NRI_P172",100
"62767",23150.132553782,"NRI_P172",25
"62768",3369.08519378206,"NRI_P172",50
"62769",2980.752283782,"NRI_P172",100
"62770",7816.16620378202,"NRI_P172",25
"62771",-1900.48415621795,"NRI_P172",50
"62772",6046.30331378203,"NRI_P172",100
"62773",-1738.51662621798,"NRI_P172",25
"62774",14769.859863782,"NRI_P172",50
"62775",-18497.4800662179,"NRI_P172",100
"62776",-4602.265206218,"NRI_P172",25
"62777",-17484.0679762179,"NRI_P172",50
"62778",-4548.249336218,"NRI_P172",100
"62779",2188.67766378203,"NRI_P172",25
"62780",16226.763533782,"NRI_P172",50
"62781",41540.230953782,"NRI_P172",100
"62782",-8936.51805621799,"NRI_P172",25
"62783",3319.13947378204,"NRI_P172",50
"62784",-2133.44706621795,"NRI_P172",100
"62785",2787.72884378204,"NRI_P172",25
"62786",10169.879903782,"NRI_P172",50
"62787",14729.0493337821,"NRI_P172",100
"62788",-1093.32614621799,"NRI_P172",25
"62789",20989.4988737821,"NRI_P172",50
"62790",-12476.700356218,"NRI_P172",100
"62791",3547.24055378203,"NRI_P172",25
"62792",-10758.934456218,"NRI_P172",50
"62793",4101.96491378202,"NRI_P172",100
"62794",-17368.251756218,"NRI_P172",25
"62795",-4884.84074621799,"NRI_P172",50
"62796",18107.325903782,"NRI_P172",100
"62797",2206.05614378204,"NRI_P172",25
"62798",-827.062596217962,"NRI_P172",50
"62799",-22639.117906218,"NRI_P172",100
"62800",-1383.85088621796,"NRI_P172",25
"62801",-2772.05048621795,"NRI_P172",50
"62802",2422.65913378203,"NRI_P172",100
"62803",8739.50022378203,"NRI_P172",25
"62804",7276.12649378204,"NRI_P172",50
"62805",-17057.167756218,"NRI_P172",100
"62806",-11060.388986218,"NRI_P172",25
"62807",13980.326863782,"NRI_P172",50
"62808",-8163.47093621799,"NRI_P172",100
"62809",2323.65725378203,"NRI_P172",25
"62810",1378.26187378203,"NRI_P172",50
"62811",26327.981463782,"NRI_P172",100
"62812",-11311.312606218,"NRI_P172",25
"62813",-15498.574146218,"NRI_P172",50
"62814",16810.488633782,"NRI_P172",100
"62815",-3439.34783621796,"NRI_P172",25
"62816",-6884.79712621798,"NRI_P172",50
"62817",-11199.618126218,"NRI_P172",100
"62818",2344.74191378203,"NRI_P172",25
"62819",16144.7369637821,"NRI_P172",50
"62820",-4818.97433621797,"NRI_P172",100
"62821",2450.67549378204,"NRI_P172",25
"62822",5908.984663782,"NRI_P172",50
"62823",12051.487373782,"NRI_P172",100
"62824",5306.349733782,"NRI_P172",25
"62825",-854.343976217962,"NRI_P172",50
"62826",-3628.76841621799,"NRI_P172",100
"62827",40473.8481737821,"NRI_P172",25
"62828",4174.99432378204,"NRI_P172",50
"62829",22097.565323782,"NRI_P172",100
"62830",1456.48882378201,"NRI_P172",25
"62831",-9047.42466621799,"NRI_P172",50
"62832",25184.4539637821,"NRI_P172",100
"62833",4947.46883378201,"NRI_P172",25
"62834",18076.731913782,"NRI_P172",50
"62835",-22439.336386218,"NRI_P172",100
"62836",-5617.49832621799,"NRI_P172",25
"62837",-3336.47020621796,"NRI_P172",50
"62838",27593.995543782,"NRI_P172",100
"62839",-8346.45797621796,"NRI_P172",25
"62840",16184.536343782,"NRI_P172",50
"62841",22893.814103782,"NRI_P172",100
"62842",-14578.140736218,"NRI_P172",25
"62843",18171.639013782,"NRI_P172",50
"62844",-9019.58693621797,"NRI_P172",100
"62845",12801.461053782,"NRI_P172",25
"62846",-11766.626166218,"NRI_P172",50
"62847",-12883.7761762179,"NRI_P172",100
"62848",29325.361553782,"NRI_P172",25
"62849",9981.10011378204,"NRI_P172",50
"62850",36414.040223782,"NRI_P172",100
"62851",17000.566113782,"NRI_P172",25
"62852",-16244.086876218,"NRI_P172",50
"62853",20072.278493782,"NRI_P172",100
"62854",7741.23734378204,"NRI_P172",25
"62855",-4801.465816218,"NRI_P172",50
"62856",-9986.058916218,"NRI_P172",100
"62857",-5537.373656218,"NRI_P172",25
"62858",9469.71869378205,"NRI_P172",50
"62859",3274.83639378205,"NRI_P172",100
"62860",-2681.46599621797,"NRI_P172",25
"62861",11584.284273782,"NRI_P172",50
"62862",-15157.407966218,"NRI_P172",100
"62863",503.228363782051,"NRI_P172",25
"62864",-1283.52031621797,"NRI_P172",50
"62865",17585.534903782,"NRI_P172",100
"62866",6864.53347378201,"NRI_P172",25
"62867",12613.252213782,"NRI_P172",50
"62868",39792.389503782,"NRI_P172",100
"62869",2989.40450378205,"NRI_P172",25
"62870",2896.02020378201,"NRI_P172",50
"62871",2460.93909378204,"NRI_P172",100
"62872",6884.63021378202,"NRI_P172",25
"62873",-11767.472706218,"NRI_P172",50
"62874",13355.6577837821,"NRI_P172",100
"62875",788.667683782056,"NRI_P172",25
"62876",2461.46046378202,"NRI_P172",50
"62877",31816.915763782,"NRI_P172",100
"62878",-16279.654576218,"NRI_P172",25
"62879",13695.6099537821,"NRI_P172",50
"62880",-7633.27417621796,"NRI_P172",100
"62881",1213.31718378206,"NRI_P172",25
"62882",1183.095383782,"NRI_P172",50
"62883",25169.243923782,"NRI_P172",100
"62884",-679.147536217992,"NRI_P172",25
"62885",-12689.1929762179,"NRI_P172",50
"62886",-19684.318436218,"NRI_P172",100
"62887",-4922.31233621796,"NRI_P172",25
"62888",34863.667543782,"NRI_P172",50
"62889",-7540.71889621799,"NRI_P172",100
"62890",5215.43067378202,"NRI_P172",25
"62891",6047.46490378201,"NRI_P172",50
"62892",376.809683782049,"NRI_P172",100
"62893",5674.21280378202,"NRI_P172",25
"62894",7733.09091378201,"NRI_P172",50
"62895",2448.54092378204,"NRI_P172",100
"62896",-3747.34028621798,"NRI_P172",25
"62897",8255.62419378205,"NRI_P172",50
"62898",-15117.696956218,"NRI_P172",100
"62899",4593.16377378203,"NRI_P172",25
"62900",238.544593782048,"NRI_P172",50
"62901",-16244.047636218,"NRI_P172",100
"62902",26525.716523782,"NRI_P172",25
"62903",10650.319423782,"NRI_P172",50
"62904",2313.01416378201,"NRI_P172",100
"62905",4601.70665378205,"NRI_P172",25
"62906",-920.514176217956,"NRI_P172",50
"62907",12332.205083782,"NRI_P172",100
"62908",2082.59564378206,"NRI_P172",25
"62909",-957.646456217975,"NRI_P172",50
"62910",21978.659833782,"NRI_P172",100
"62911",2533.51050378202,"NRI_P172",25
"62912",9812.25911378203,"NRI_P172",50
"62913",2938.920313782,"NRI_P172",100
"62914",6606.27748378203,"NRI_P172",25
"62915",-2822.82768621796,"NRI_P172",50
"62916",9469.72566378204,"NRI_P172",100
"62917",14506.016663782,"NRI_P172",25
"62918",3768.06386378204,"NRI_P172",50
"62919",17357.4504237821,"NRI_P172",100
"62920",4209.40163378202,"NRI_P172",25
"62921",13561.604913782,"NRI_P172",50
"62922",-17111.371936218,"NRI_P172",100
"62923",-8389.378426218,"NRI_P172",25
"62924",-5424.73753621796,"NRI_P172",50
"62925",7575.47711378202,"NRI_P172",100
"62926",-6342.42352621799,"NRI_P172",25
"62927",1391.56875378202,"NRI_P172",50
"62928",20788.207773782,"NRI_P172",100
"62929",-1287.17701621796,"NRI_P172",25
"62930",-6030.56218621798,"NRI_P172",50
"62931",9160.44844378205,"NRI_P172",100
"62932",-4143.92686621798,"NRI_P172",25
"62933",13094.189173782,"NRI_P172",50
"62934",-10784.842426218,"NRI_P172",100
"62935",5517.42923378205,"NRI_P172",25
"62936",-15592.2115362179,"NRI_P172",50
"62937",2127.88340378203,"NRI_P172",100
"62938",-2384.36108621798,"NRI_P172",25
"62939",-1028.26352621795,"NRI_P172",50
"62940",-17092.372876218,"NRI_P172",100
"62941",22159.198943782,"NRI_P172",25
"62942",-10753.434566218,"NRI_P172",50
"62943",8333.84476378205,"NRI_P172",100
"62944",-11202.465526218,"NRI_P172",25
"62945",-6074.98708621797,"NRI_P172",50
"62946",26709.0535537821,"NRI_P172",100
"62947",-8656.11149621796,"NRI_P172",25
"62948",22919.605613782,"NRI_P172",50
"62949",31580.543603782,"NRI_P172",100
"62950",4797.24288378202,"NRI_P172",25
"62951",2023.97186378203,"NRI_P172",50
"62952",9660.06360378204,"NRI_P172",100
"62953",-8193.49581621797,"NRI_P172",25
"62954",-20781.544216218,"NRI_P172",50
"62955",-26799.855946218,"NRI_P172",100
"62956",-2649.603666218,"NRI_P172",25
"62957",38.0033637820161,"NRI_P172",50
"62958",-21712.4859062179,"NRI_P172",100
"62959",-5844.87928621797,"NRI_P172",25
"62960",2515.12641378201,"NRI_P172",50
"62961",-12623.0833562179,"NRI_P172",100
"62962",15860.812643782,"NRI_P172",25
"62963",-8728.038246218,"NRI_P172",50
"62964",23598.294573782,"NRI_P172",100
"62965",-10814.114246218,"NRI_P172",25
"62966",5753.60530378204,"NRI_P172",50
"62967",3338.337823782,"NRI_P172",100
"62968",16926.353303782,"NRI_P172",25
"62969",1857.64261378202,"NRI_P172",50
"62970",1340.22555378202,"NRI_P172",100
"62971",1786.82820378203,"NRI_P172",25
"62972",20153.501683782,"NRI_P172",50
"62973",-16518.288886218,"NRI_P172",100
"62974",15574.440243782,"NRI_P172",25
"62975",-26751.320106218,"NRI_P172",50
"62976",-2555.77657621796,"NRI_P172",100
"62977",11386.9894637821,"NRI_P172",25
"62978",37528.093633782,"NRI_P172",50
"62979",20682.3304237821,"NRI_P172",100
"62980",650.897813782038,"NRI_P172",25
"62981",10659.606923782,"NRI_P172",50
"62982",8642.29812378203,"NRI_P172",100
"62983",5149.30061378202,"NRI_P172",25
"62984",-2919.28004621796,"NRI_P172",50
"62985",24394.8871137821,"NRI_P172",100
"62986",-32.3656462179497,"NRI_P172",25
"62987",8025.01890378201,"NRI_P172",50
"62988",9205.17578378203,"NRI_P172",100
"62989",-707.316916217969,"NRI_P172",25
"62990",15266.700773782,"NRI_P172",50
"62991",-7091.80218621797,"NRI_P172",100
"62992",10402.904883782,"NRI_P172",25
"62993",-3669.75843621796,"NRI_P172",50
"62994",8929.28056378203,"NRI_P172",100
"62995",26187.895203782,"NRI_P172",25
"62996",10955.274503782,"NRI_P172",50
"62997",9101.00947378203,"NRI_P172",100
"62998",814.64416378201,"NRI_P172",25
"62999",-14440.066596218,"NRI_P172",50
"63000",-5629.37344621797,"NRI_P172",100
"63001",-13126.991677473,"NRI_P173",25
"63002",9816.30815252697,"NRI_P173",50
"63003",-14773.932107473,"NRI_P173",100
"63004",-9544.98825747299,"NRI_P173",25
"63005",36420.434412527,"NRI_P173",50
"63006",18259.008772527,"NRI_P173",100
"63007",2313.42981252697,"NRI_P173",25
"63008",-9083.59452747303,"NRI_P173",50
"63009",-31668.989647473,"NRI_P173",100
"63010",-15095.723427473,"NRI_P173",25
"63011",-2501.209057473,"NRI_P173",50
"63012",-18678.584347473,"NRI_P173",100
"63013",576.605782527011,"NRI_P173",25
"63014",-4246.41722747299,"NRI_P173",50
"63015",-18003.479327473,"NRI_P173",100
"63016",13530.991672527,"NRI_P173",25
"63017",9441.55711252696,"NRI_P173",50
"63018",-42170.804547473,"NRI_P173",100
"63019",-18148.200947473,"NRI_P173",25
"63020",-13037.944617473,"NRI_P173",50
"63021",-9260.74811747303,"NRI_P173",100
"63022",20489.347652527,"NRI_P173",25
"63023",10280.972162527,"NRI_P173",50
"63024",6083.22197252698,"NRI_P173",100
"63025",-19615.677847473,"NRI_P173",25
"63026",14788.750822527,"NRI_P173",50
"63027",6277.53168252698,"NRI_P173",100
"63028",16453.169872527,"NRI_P173",25
"63029",-3700.39881747303,"NRI_P173",50
"63030",33790.741732527,"NRI_P173",100
"63031",-9136.21777747304,"NRI_P173",25
"63032",3348.495702527,"NRI_P173",50
"63033",32262.833002527,"NRI_P173",100
"63034",-1906.89564747299,"NRI_P173",25
"63035",-40363.216087473,"NRI_P173",50
"63036",-7348.53870747302,"NRI_P173",100
"63037",-602.645577473042,"NRI_P173",25
"63038",10386.717542527,"NRI_P173",50
"63039",48602.882732527,"NRI_P173",100
"63040",-20290.881677473,"NRI_P173",25
"63041",-34405.492217473,"NRI_P173",50
"63042",-22545.118467473,"NRI_P173",100
"63043",-10523.809037473,"NRI_P173",25
"63044",-15762.128517473,"NRI_P173",50
"63045",-4639.33673747303,"NRI_P173",100
"63046",-3860.69373747299,"NRI_P173",25
"63047",6750.80260252696,"NRI_P173",50
"63048",44217.939142527,"NRI_P173",100
"63049",3740.52256252698,"NRI_P173",25
"63050",-2278.33706747304,"NRI_P173",50
"63051",-7959.329777473,"NRI_P173",100
"63052",9293.146372527,"NRI_P173",25
"63053",392.39247252699,"NRI_P173",50
"63054",-38503.829647473,"NRI_P173",100
"63055",6361.64836252696,"NRI_P173",25
"63056",-30717.190277473,"NRI_P173",50
"63057",-38323.332697473,"NRI_P173",100
"63058",-25063.530007473,"NRI_P173",25
"63059",-12879.924337473,"NRI_P173",50
"63060",-5526.01703747304,"NRI_P173",100
"63061",2272.63210252696,"NRI_P173",25
"63062",2117.864892527,"NRI_P173",50
"63063",11512.980792527,"NRI_P173",100
"63064",-21455.017517473,"NRI_P173",25
"63065",11838.361412527,"NRI_P173",50
"63066",13155.215252527,"NRI_P173",100
"63067",-12334.941157473,"NRI_P173",25
"63068",9532.636182527,"NRI_P173",50
"63069",-5482.94657747302,"NRI_P173",100
"63070",-18906.701867473,"NRI_P173",25
"63071",1235.52251252701,"NRI_P173",50
"63072",-837.143907473015,"NRI_P173",100
"63073",-3794.45559747302,"NRI_P173",25
"63074",-223.941127473023,"NRI_P173",50
"63075",9761.71108252701,"NRI_P173",100
"63076",-12358.314127473,"NRI_P173",25
"63077",-17743.109757473,"NRI_P173",50
"63078",-45957.506977473,"NRI_P173",100
"63079",-2914.27904747298,"NRI_P173",25
"63080",-4813.04368747299,"NRI_P173",50
"63081",-19910.445907473,"NRI_P173",100
"63082",-217.965097473003,"NRI_P173",25
"63083",-4305.62659747299,"NRI_P173",50
"63084",-14871.860037473,"NRI_P173",100
"63085",-9010.90896747302,"NRI_P173",25
"63086",-10458.248077473,"NRI_P173",50
"63087",-28722.698557473,"NRI_P173",100
"63088",37203.471042527,"NRI_P173",25
"63089",2157.757222527,"NRI_P173",50
"63090",-57609.920127473,"NRI_P173",100
"63091",-17485.697477473,"NRI_P173",25
"63092",24625.642102527,"NRI_P173",50
"63093",18501.615692527,"NRI_P173",100
"63094",15169.754152527,"NRI_P173",25
"63095",-13218.465497473,"NRI_P173",50
"63096",-26593.026067473,"NRI_P173",100
"63097",-1593.452567473,"NRI_P173",25
"63098",10853.615912527,"NRI_P173",50
"63099",-29453.814847473,"NRI_P173",100
"63100",1987.00267252699,"NRI_P173",25
"63101",-3065.36706747301,"NRI_P173",50
"63102",-30776.462637473,"NRI_P173",100
"63103",-10227.750327473,"NRI_P173",25
"63104",20785.612782527,"NRI_P173",50
"63105",-18067.741907473,"NRI_P173",100
"63106",-14161.203397473,"NRI_P173",25
"63107",-3110.53290747304,"NRI_P173",50
"63108",24571.088722527,"NRI_P173",100
"63109",31622.318092527,"NRI_P173",25
"63110",6946.87144252699,"NRI_P173",50
"63111",38790.532372527,"NRI_P173",100
"63112",-7459.46271747304,"NRI_P173",25
"63113",5761.776692527,"NRI_P173",50
"63114",9084.64070252702,"NRI_P173",100
"63115",-22560.798187473,"NRI_P173",25
"63116",-1936.264487473,"NRI_P173",50
"63117",31949.454402527,"NRI_P173",100
"63118",215.793482526962,"NRI_P173",25
"63119",3162.33042252698,"NRI_P173",50
"63120",5946.64565252699,"NRI_P173",100
"63121",14720.818052527,"NRI_P173",25
"63122",18237.591462527,"NRI_P173",50
"63123",-20057.020607473,"NRI_P173",100
"63124",-21618.743027473,"NRI_P173",25
"63125",-17619.693257473,"NRI_P173",50
"63126",16232.339552527,"NRI_P173",100
"63127",-13287.374107473,"NRI_P173",25
"63128",-24649.859057473,"NRI_P173",50
"63129",12535.783022527,"NRI_P173",100
"63130",-10625.104067473,"NRI_P173",25
"63131",18388.233882527,"NRI_P173",50
"63132",-17061.186577473,"NRI_P173",100
"63133",5184.26808252698,"NRI_P173",25
"63134",-2484.312287473,"NRI_P173",50
"63135",12685.761442527,"NRI_P173",100
"63136",388.36440252699,"NRI_P173",25
"63137",11251.333342527,"NRI_P173",50
"63138",-18646.937497473,"NRI_P173",100
"63139",-532.989297472988,"NRI_P173",25
"63140",-16485.811267473,"NRI_P173",50
"63141",-15738.908867473,"NRI_P173",100
"63142",5461.89686252701,"NRI_P173",25
"63143",-6789.54526747303,"NRI_P173",50
"63144",-6962.40860747301,"NRI_P173",100
"63145",-20515.688417473,"NRI_P173",25
"63146",12435.681192527,"NRI_P173",50
"63147",-15037.387647473,"NRI_P173",100
"63148",-1857.344507473,"NRI_P173",25
"63149",12657.562402527,"NRI_P173",50
"63150",-11546.909197473,"NRI_P173",100
"63151",-4516.03538747301,"NRI_P173",25
"63152",-19680.331497473,"NRI_P173",50
"63153",-30471.159007473,"NRI_P173",100
"63154",-15127.765747473,"NRI_P173",25
"63155",-36097.325807473,"NRI_P173",50
"63156",4792.11813252699,"NRI_P173",100
"63157",6125.94038252701,"NRI_P173",25
"63158",5280.26825252699,"NRI_P173",50
"63159",-17702.389207473,"NRI_P173",100
"63160",-5069.90099747299,"NRI_P173",25
"63161",-16172.235467473,"NRI_P173",50
"63162",-14092.485017473,"NRI_P173",100
"63163",-222.012017472996,"NRI_P173",25
"63164",585.270012527006,"NRI_P173",50
"63165",-22528.516867473,"NRI_P173",100
"63166",856.892962526996,"NRI_P173",25
"63167",8408.42980252701,"NRI_P173",50
"63168",-25631.146337473,"NRI_P173",100
"63169",4203.59379252698,"NRI_P173",25
"63170",-19701.549177473,"NRI_P173",50
"63171",8710.90978252701,"NRI_P173",100
"63172",-6660.46608747303,"NRI_P173",25
"63173",7658.86060252698,"NRI_P173",50
"63174",-30554.841077473,"NRI_P173",100
"63175",24202.922012527,"NRI_P173",25
"63176",-15476.215177473,"NRI_P173",50
"63177",-29009.105937473,"NRI_P173",100
"63178",8815.53742252698,"NRI_P173",25
"63179",-747.318957473035,"NRI_P173",50
"63180",7837.00236252701,"NRI_P173",100
"63181",13913.786452527,"NRI_P173",25
"63182",13006.575422527,"NRI_P173",50
"63183",-28744.785447473,"NRI_P173",100
"63184",-21333.761617473,"NRI_P173",25
"63185",-28623.343477473,"NRI_P173",50
"63186",12486.923162527,"NRI_P173",100
"63187",6103.48835252697,"NRI_P173",25
"63188",8084.08749252697,"NRI_P173",50
"63189",1945.17446252698,"NRI_P173",100
"63190",-11604.717577473,"NRI_P173",25
"63191",20997.961072527,"NRI_P173",50
"63192",25462.479002527,"NRI_P173",100
"63193",-9433.23185747303,"NRI_P173",25
"63194",-4273.02513747301,"NRI_P173",50
"63195",4418.29967252701,"NRI_P173",100
"63196",12646.995032527,"NRI_P173",25
"63197",-1789.826237473,"NRI_P173",50
"63198",-14760.895947473,"NRI_P173",100
"63199",-11085.284647473,"NRI_P173",25
"63200",34965.680362527,"NRI_P173",50
"63201",1089.340362527,"NRI_P173",100
"63202",-22376.751397473,"NRI_P173",25
"63203",2636.60874252697,"NRI_P173",50
"63204",31737.382392527,"NRI_P173",100
"63205",-9308.56567747303,"NRI_P173",25
"63206",-29707.996237473,"NRI_P173",50
"63207",-16676.208017473,"NRI_P173",100
"63208",12337.179032527,"NRI_P173",25
"63209",17590.136852527,"NRI_P173",50
"63210",-30486.571057473,"NRI_P173",100
"63211",-250.591997473035,"NRI_P173",25
"63212",22430.525942527,"NRI_P173",50
"63213",-1085.35394747299,"NRI_P173",100
"63214",-7454.09649747302,"NRI_P173",25
"63215",4124.56950252701,"NRI_P173",50
"63216",-46595.949237473,"NRI_P173",100
"63217",-18181.518657473,"NRI_P173",25
"63218",-4529.52628747304,"NRI_P173",50
"63219",-9417.95507747302,"NRI_P173",100
"63220",-11515.120867473,"NRI_P173",25
"63221",8894.37996252696,"NRI_P173",50
"63222",-29742.631347473,"NRI_P173",100
"63223",14275.676242527,"NRI_P173",25
"63224",6232.873202527,"NRI_P173",50
"63225",33750.788862527,"NRI_P173",100
"63226",17607.882462527,"NRI_P173",25
"63227",-260.467147473013,"NRI_P173",50
"63228",-4008.70618747303,"NRI_P173",100
"63229",-20267.009237473,"NRI_P173",25
"63230",-10328.551917473,"NRI_P173",50
"63231",21312.033972527,"NRI_P173",100
"63232",-3690.287947473,"NRI_P173",25
"63233",-16423.467857473,"NRI_P173",50
"63234",38974.798612527,"NRI_P173",100
"63235",26346.180172527,"NRI_P173",25
"63236",23014.856402527,"NRI_P173",50
"63237",-16214.153557473,"NRI_P173",100
"63238",-1014.05224747304,"NRI_P173",25
"63239",3381.53822252702,"NRI_P173",50
"63240",-3233.524417473,"NRI_P173",100
"63241",6855.56989252701,"NRI_P173",25
"63242",14711.549832527,"NRI_P173",50
"63243",10264.878202527,"NRI_P173",100
"63244",-14640.733047473,"NRI_P173",25
"63245",-31419.192657473,"NRI_P173",50
"63246",18671.359752527,"NRI_P173",100
"63247",2311.94358252699,"NRI_P173",25
"63248",-19760.002677473,"NRI_P173",50
"63249",32323.462742527,"NRI_P173",100
"63250",-21542.485607473,"NRI_P173",25
"63251",-8265.294467473,"NRI_P173",50
"63252",-47526.005937473,"NRI_P173",100
"63253",588.153602526989,"NRI_P173",25
"63254",28400.377572527,"NRI_P173",50
"63255",-11217.290547473,"NRI_P173",100
"63256",-10264.459157473,"NRI_P173",25
"63257",5429.40211252699,"NRI_P173",50
"63258",-24634.948107473,"NRI_P173",100
"63259",4361.07492252701,"NRI_P173",25
"63260",30678.715712527,"NRI_P173",50
"63261",26708.713272527,"NRI_P173",100
"63262",2793.05441252701,"NRI_P173",25
"63263",6872.658312527,"NRI_P173",50
"63264",5957.71512252698,"NRI_P173",100
"63265",19631.140182527,"NRI_P173",25
"63266",-11717.838827473,"NRI_P173",50
"63267",14222.272392527,"NRI_P173",100
"63268",-16755.013847473,"NRI_P173",25
"63269",-12513.594447473,"NRI_P173",50
"63270",-10046.927967473,"NRI_P173",100
"63271",11196.303042527,"NRI_P173",25
"63272",-24846.071257473,"NRI_P173",50
"63273",8381.10633252701,"NRI_P173",100
"63274",-8182.82920747303,"NRI_P173",25
"63275",-17044.932347473,"NRI_P173",50
"63276",-7635.960357473,"NRI_P173",100
"63277",-14170.498537473,"NRI_P173",25
"63278",14028.169492527,"NRI_P173",50
"63279",-8438.33742747299,"NRI_P173",100
"63280",-13106.592527473,"NRI_P173",25
"63281",7642.15031252697,"NRI_P173",50
"63282",-2704.04789747304,"NRI_P173",100
"63283",4407.11928252701,"NRI_P173",25
"63284",-34509.095037473,"NRI_P173",50
"63285",37003.064602527,"NRI_P173",100
"63286",-6346.65389747301,"NRI_P173",25
"63287",4161.12061252701,"NRI_P173",50
"63288",10642.648992527,"NRI_P173",100
"63289",-11545.094787473,"NRI_P173",25
"63290",-37152.802857473,"NRI_P173",50
"63291",33709.364882527,"NRI_P173",100
"63292",-78.0224874730338,"NRI_P173",25
"63293",2775.15661252697,"NRI_P173",50
"63294",-21473.631247473,"NRI_P173",100
"63295",16448.691662527,"NRI_P173",25
"63296",-2652.865567473,"NRI_P173",50
"63297",4199.32538252696,"NRI_P173",100
"63298",-18233.895317473,"NRI_P173",25
"63299",-11539.580387473,"NRI_P173",50
"63300",-26204.413477473,"NRI_P173",100
"63301",-11885.765236668,"NRI_P174",25
"63302",-20109.739376668,"NRI_P174",50
"63303",-20822.529586668,"NRI_P174",100
"63304",-3185.61475666799,"NRI_P174",25
"63305",2444.09925333201,"NRI_P174",50
"63306",-24061.912666668,"NRI_P174",100
"63307",-6260.16369666799,"NRI_P174",25
"63308",-13619.571096668,"NRI_P174",50
"63309",-9202.14611666795,"NRI_P174",100
"63310",-8519.43412666797,"NRI_P174",25
"63311",-11351.341406668,"NRI_P174",50
"63312",-40985.759726668,"NRI_P174",100
"63313",-10064.516336668,"NRI_P174",25
"63314",-12448.469536668,"NRI_P174",50
"63315",-1269.83985666797,"NRI_P174",100
"63316",-7908.33967666799,"NRI_P174",25
"63317",-20394.641136668,"NRI_P174",50
"63318",-31262.199486668,"NRI_P174",100
"63319",-3706.97115666798,"NRI_P174",25
"63320",-11771.913666668,"NRI_P174",50
"63321",-29245.293796668,"NRI_P174",100
"63322",2671.03356333205,"NRI_P174",25
"63323",-17426.202866668,"NRI_P174",50
"63324",-36626.505646668,"NRI_P174",100
"63325",-13617.419506668,"NRI_P174",25
"63326",-13476.282706668,"NRI_P174",50
"63327",-21974.498866668,"NRI_P174",100
"63328",-5349.73282666795,"NRI_P174",25
"63329",-26608.225386668,"NRI_P174",50
"63330",-18110.772646668,"NRI_P174",100
"63331",-11474.273556668,"NRI_P174",25
"63332",-6098.31942666799,"NRI_P174",50
"63333",-26514.285616668,"NRI_P174",100
"63334",-13143.777476668,"NRI_P174",25
"63335",-13054.488096668,"NRI_P174",50
"63336",-29485.486396668,"NRI_P174",100
"63337",-21774.570976668,"NRI_P174",25
"63338",14214.084383332,"NRI_P174",50
"63339",-42627.042696668,"NRI_P174",100
"63340",-8192.055736668,"NRI_P174",25
"63341",-5378.01018666796,"NRI_P174",50
"63342",-32395.949486668,"NRI_P174",100
"63343",-19657.342126668,"NRI_P174",25
"63344",-12484.671046668,"NRI_P174",50
"63345",-34119.5821866679,"NRI_P174",100
"63346",-5500.26909666799,"NRI_P174",25
"63347",4934.33796333201,"NRI_P174",50
"63348",-19166.6657466679,"NRI_P174",100
"63349",-5555.28315666795,"NRI_P174",25
"63350",-20533.5715766679,"NRI_P174",50
"63351",-36246.153236668,"NRI_P174",100
"63352",-14268.211836668,"NRI_P174",25
"63353",-10542.036696668,"NRI_P174",50
"63354",-15039.309916668,"NRI_P174",100
"63355",-14880.784106668,"NRI_P174",25
"63356",-3922.229896668,"NRI_P174",50
"63357",1252.43882333202,"NRI_P174",100
"63358",-6700.99555666797,"NRI_P174",25
"63359",-21757.301406668,"NRI_P174",50
"63360",-9787.72046666796,"NRI_P174",100
"63361",-11202.587276668,"NRI_P174",25
"63362",-10499.074946668,"NRI_P174",50
"63363",-21950.716676668,"NRI_P174",100
"63364",-14011.701236668,"NRI_P174",25
"63365",-9905.17988666799,"NRI_P174",50
"63366",-21018.117606668,"NRI_P174",100
"63367",-12497.468716668,"NRI_P174",25
"63368",2042.20069333201,"NRI_P174",50
"63369",-44053.826576668,"NRI_P174",100
"63370",-5542.12633666798,"NRI_P174",25
"63371",-12531.586086668,"NRI_P174",50
"63372",-32068.725916668,"NRI_P174",100
"63373",-3415.05263666797,"NRI_P174",25
"63374",-2958.93453666795,"NRI_P174",50
"63375",-20370.279346668,"NRI_P174",100
"63376",-399.619296667981,"NRI_P174",25
"63377",-2869.62201666797,"NRI_P174",50
"63378",-11491.492686668,"NRI_P174",100
"63379",-15491.301106668,"NRI_P174",25
"63380",-8679.79984666797,"NRI_P174",50
"63381",-27041.080736668,"NRI_P174",100
"63382",-2585.71625666798,"NRI_P174",25
"63383",-16540.722166668,"NRI_P174",50
"63384",-24575.636146668,"NRI_P174",100
"63385",-6419.75154666795,"NRI_P174",25
"63386",-16679.056836668,"NRI_P174",50
"63387",-35579.4892166679,"NRI_P174",100
"63388",-6939.98436666798,"NRI_P174",25
"63389",-23378.354386668,"NRI_P174",50
"63390",-2333.71525666799,"NRI_P174",100
"63391",4059.32775333204,"NRI_P174",25
"63392",-11296.773556668,"NRI_P174",50
"63393",-16975.5750166679,"NRI_P174",100
"63394",-5274.96799666795,"NRI_P174",25
"63395",-2593.08450666798,"NRI_P174",50
"63396",-16821.025116668,"NRI_P174",100
"63397",-13927.515076668,"NRI_P174",25
"63398",-17864.599006668,"NRI_P174",50
"63399",-24216.926246668,"NRI_P174",100
"63400",-10600.845176668,"NRI_P174",25
"63401",-724.707326667965,"NRI_P174",50
"63402",-34111.101176668,"NRI_P174",100
"63403",-4124.80527666799,"NRI_P174",25
"63404",-19604.799826668,"NRI_P174",50
"63405",-12234.755856668,"NRI_P174",100
"63406",6199.90128333203,"NRI_P174",25
"63407",-13138.621716668,"NRI_P174",50
"63408",-968.282196667977,"NRI_P174",100
"63409",-3100.10760666797,"NRI_P174",25
"63410",-12795.712986668,"NRI_P174",50
"63411",-15816.079686668,"NRI_P174",100
"63412",5509.52903333202,"NRI_P174",25
"63413",-33206.178926668,"NRI_P174",50
"63414",-38373.664006668,"NRI_P174",100
"63415",-19333.155426668,"NRI_P174",25
"63416",-12055.714576668,"NRI_P174",50
"63417",-15224.2553766679,"NRI_P174",100
"63418",3545.20488333202,"NRI_P174",25
"63419",-26204.923686668,"NRI_P174",50
"63420",-7338.79040666798,"NRI_P174",100
"63421",-5885.30095666798,"NRI_P174",25
"63422",-16101.543216668,"NRI_P174",50
"63423",-28457.569786668,"NRI_P174",100
"63424",-16304.133046668,"NRI_P174",25
"63425",4755.43048333202,"NRI_P174",50
"63426",-17225.960726668,"NRI_P174",100
"63427",490.131923332054,"NRI_P174",25
"63428",-9941.67430666799,"NRI_P174",50
"63429",-17918.685916668,"NRI_P174",100
"63430",-5590.32664666796,"NRI_P174",25
"63431",10365.605863332,"NRI_P174",50
"63432",-25805.631526668,"NRI_P174",100
"63433",-9123.33284666797,"NRI_P174",25
"63434",-31264.032366668,"NRI_P174",50
"63435",-21936.002296668,"NRI_P174",100
"63436",7253.54715333204,"NRI_P174",25
"63437",-1716.77517666796,"NRI_P174",50
"63438",-18790.755366668,"NRI_P174",100
"63439",-6785.857626668,"NRI_P174",25
"63440",-11752.656816668,"NRI_P174",50
"63441",-32323.826746668,"NRI_P174",100
"63442",-15915.136596668,"NRI_P174",25
"63443",-23531.852156668,"NRI_P174",50
"63444",653.153683332028,"NRI_P174",100
"63445",1498.442543332,"NRI_P174",25
"63446",-13982.039736668,"NRI_P174",50
"63447",-30748.339516668,"NRI_P174",100
"63448",-5665.37256666797,"NRI_P174",25
"63449",-10684.123526668,"NRI_P174",50
"63450",-25286.240406668,"NRI_P174",100
"63451",2627.72471333202,"NRI_P174",25
"63452",3186.66581333202,"NRI_P174",50
"63453",-11257.262396668,"NRI_P174",100
"63454",5060.19670333201,"NRI_P174",25
"63455",5775.67734333203,"NRI_P174",50
"63456",-11151.277456668,"NRI_P174",100
"63457",-16846.359716668,"NRI_P174",25
"63458",-15842.163596668,"NRI_P174",50
"63459",-20976.905466668,"NRI_P174",100
"63460",-17614.421966668,"NRI_P174",25
"63461",-3277.48474666796,"NRI_P174",50
"63462",-21857.697216668,"NRI_P174",100
"63463",-10060.035236668,"NRI_P174",25
"63464",-21642.754016668,"NRI_P174",50
"63465",-14942.783686668,"NRI_P174",100
"63466",-9382.47206666798,"NRI_P174",25
"63467",-18543.751356668,"NRI_P174",50
"63468",-34846.763676668,"NRI_P174",100
"63469",7612.97245333204,"NRI_P174",25
"63470",-3908.88827666797,"NRI_P174",50
"63471",-19819.303296668,"NRI_P174",100
"63472",-9791.50889666798,"NRI_P174",25
"63473",-13173.583866668,"NRI_P174",50
"63474",-32312.363816668,"NRI_P174",100
"63475",-18758.549416668,"NRI_P174",25
"63476",-28461.8133666679,"NRI_P174",50
"63477",-31270.224666668,"NRI_P174",100
"63478",-12485.035006668,"NRI_P174",25
"63479",-29590.286846668,"NRI_P174",50
"63480",-28494.743756668,"NRI_P174",100
"63481",-7204.96320666798,"NRI_P174",25
"63482",-16163.499426668,"NRI_P174",50
"63483",-18293.957466668,"NRI_P174",100
"63484",-14668.099826668,"NRI_P174",25
"63485",-22070.530856668,"NRI_P174",50
"63486",-14220.891046668,"NRI_P174",100
"63487",-5770.35224666796,"NRI_P174",25
"63488",-15418.045216668,"NRI_P174",50
"63489",-22721.833996668,"NRI_P174",100
"63490",7551.12406333204,"NRI_P174",25
"63491",-4564.68441666797,"NRI_P174",50
"63492",-14444.434606668,"NRI_P174",100
"63493",5886.74957333202,"NRI_P174",25
"63494",-15608.094606668,"NRI_P174",50
"63495",-27220.843506668,"NRI_P174",100
"63496",-15632.805076668,"NRI_P174",25
"63497",-2707.99199666799,"NRI_P174",50
"63498",-20519.7209466679,"NRI_P174",100
"63499",-8302.96947666799,"NRI_P174",25
"63500",-14270.292006668,"NRI_P174",50
"63501",-20162.867896668,"NRI_P174",100
"63502",-2171.76040666795,"NRI_P174",25
"63503",-21863.417576668,"NRI_P174",50
"63504",-2990.05736666796,"NRI_P174",100
"63505",-3757.99635666795,"NRI_P174",25
"63506",-9287.20035666798,"NRI_P174",50
"63507",-26718.084886668,"NRI_P174",100
"63508",-19095.008486668,"NRI_P174",25
"63509",-31358.343246668,"NRI_P174",50
"63510",-30389.739696668,"NRI_P174",100
"63511",-21248.912996668,"NRI_P174",25
"63512",-6360.13074666797,"NRI_P174",50
"63513",-25734.826306668,"NRI_P174",100
"63514",4036.248813332,"NRI_P174",25
"63515",-12554.095856668,"NRI_P174",50
"63516",-29247.098746668,"NRI_P174",100
"63517",-2592.392606668,"NRI_P174",25
"63518",-28238.515756668,"NRI_P174",50
"63519",-32336.793006668,"NRI_P174",100
"63520",-11621.173556668,"NRI_P174",25
"63521",-9033.97067666799,"NRI_P174",50
"63522",-17344.860356668,"NRI_P174",100
"63523",-21213.736916668,"NRI_P174",25
"63524",-7401.79747666797,"NRI_P174",50
"63525",-23035.536276668,"NRI_P174",100
"63526",-14471.515006668,"NRI_P174",25
"63527",-7667.954036668,"NRI_P174",50
"63528",-17583.201646668,"NRI_P174",100
"63529",-7192.917106668,"NRI_P174",25
"63530",-17843.493896668,"NRI_P174",50
"63531",-28696.179286668,"NRI_P174",100
"63532",-610.666536667966,"NRI_P174",25
"63533",-27575.0710566679,"NRI_P174",50
"63534",-26182.510446668,"NRI_P174",100
"63535",-17912.787096668,"NRI_P174",25
"63536",-7836.57325666799,"NRI_P174",50
"63537",-25978.290306668,"NRI_P174",100
"63538",-5393.61748666799,"NRI_P174",25
"63539",2951.83378333203,"NRI_P174",50
"63540",-38765.465816668,"NRI_P174",100
"63541",-6878.57525666797,"NRI_P174",25
"63542",-10229.540866668,"NRI_P174",50
"63543",-25526.7297066679,"NRI_P174",100
"63544",-11772.161946668,"NRI_P174",25
"63545",-20466.436436668,"NRI_P174",50
"63546",-13635.632186668,"NRI_P174",100
"63547",-1050.35320666799,"NRI_P174",25
"63548",-25015.194786668,"NRI_P174",50
"63549",-3911.77865666797,"NRI_P174",100
"63550",-16528.207776668,"NRI_P174",25
"63551",-1384.89168666798,"NRI_P174",50
"63552",-20038.502086668,"NRI_P174",100
"63553",-18614.040526668,"NRI_P174",25
"63554",-682.823006667953,"NRI_P174",50
"63555",-5901.571736668,"NRI_P174",100
"63556",-1252.43100666796,"NRI_P174",25
"63557",-7409.19817666797,"NRI_P174",50
"63558",-8089.86351666797,"NRI_P174",100
"63559",-11778.132166668,"NRI_P174",25
"63560",-23139.800766668,"NRI_P174",50
"63561",-13820.853456668,"NRI_P174",100
"63562",7856.42513333203,"NRI_P174",25
"63563",-8207.00005666795,"NRI_P174",50
"63564",-29006.830496668,"NRI_P174",100
"63565",-369.918706667959,"NRI_P174",25
"63566",-3120.94094666798,"NRI_P174",50
"63567",-23683.531546668,"NRI_P174",100
"63568",-14728.073556668,"NRI_P174",25
"63569",-14835.011826668,"NRI_P174",50
"63570",17772.410533332,"NRI_P174",100
"63571",-9405.20094666799,"NRI_P174",25
"63572",-24436.168196668,"NRI_P174",50
"63573",-24138.950006668,"NRI_P174",100
"63574",-4042.57136666798,"NRI_P174",25
"63575",-15337.9463166679,"NRI_P174",50
"63576",-18687.393256668,"NRI_P174",100
"63577",-10971.513626668,"NRI_P174",25
"63578",-4739.61098666798,"NRI_P174",50
"63579",-15678.757316668,"NRI_P174",100
"63580",-2866.62465666799,"NRI_P174",25
"63581",-402.563566667959,"NRI_P174",50
"63582",-29127.098856668,"NRI_P174",100
"63583",2754.19208333205,"NRI_P174",25
"63584",-19147.208066668,"NRI_P174",50
"63585",-39030.484966668,"NRI_P174",100
"63586",-4225.18296666798,"NRI_P174",25
"63587",1558.53930333204,"NRI_P174",50
"63588",-40443.031766668,"NRI_P174",100
"63589",-1287.435796668,"NRI_P174",25
"63590",-16181.148976668,"NRI_P174",50
"63591",-14829.042366668,"NRI_P174",100
"63592",-3097.31678666797,"NRI_P174",25
"63593",-22618.610456668,"NRI_P174",50
"63594",-39609.830306668,"NRI_P174",100
"63595",-1546.81960666797,"NRI_P174",25
"63596",-30008.451266668,"NRI_P174",50
"63597",-24779.312056668,"NRI_P174",100
"63598",-1060.04087666795,"NRI_P174",25
"63599",-2694.71603666799,"NRI_P174",50
"63600",-26620.194926668,"NRI_P174",100
"63601",-2725.87895034201,"NRI_P175",25
"63602",-45903.644040342,"NRI_P175",50
"63603",-50946.168080342,"NRI_P175",100
"63604",-9716.986320342,"NRI_P175",25
"63605",-43157.871140342,"NRI_P175",50
"63606",-85210.341870342,"NRI_P175",100
"63607",-4122.51129034202,"NRI_P175",25
"63608",-35535.923850342,"NRI_P175",50
"63609",-83575.121990342,"NRI_P175",100
"63610",-33956.757180342,"NRI_P175",25
"63611",-17828.326870342,"NRI_P175",50
"63612",-61528.178400342,"NRI_P175",100
"63613",-21852.067370342,"NRI_P175",25
"63614",-44854.146800342,"NRI_P175",50
"63615",-74407.688850342,"NRI_P175",100
"63616",-45019.693090342,"NRI_P175",25
"63617",-19890.160080342,"NRI_P175",50
"63618",-68003.249770342,"NRI_P175",100
"63619",1624.79976965796,"NRI_P175",25
"63620",-3706.24931034201,"NRI_P175",50
"63621",-50700.052890342,"NRI_P175",100
"63622",-26757.161930342,"NRI_P175",25
"63623",-31393.613720342,"NRI_P175",50
"63624",-108372.836140342,"NRI_P175",100
"63625",-28647.711670342,"NRI_P175",25
"63626",-70372.146260342,"NRI_P175",50
"63627",-99515.617290342,"NRI_P175",100
"63628",15363.374859658,"NRI_P175",25
"63629",-28001.090000342,"NRI_P175",50
"63630",-12260.026200342,"NRI_P175",100
"63631",-23859.793230342,"NRI_P175",25
"63632",-29116.792700342,"NRI_P175",50
"63633",-75048.830700342,"NRI_P175",100
"63634",-27086.405910342,"NRI_P175",25
"63635",330.875639657956,"NRI_P175",50
"63636",-88234.506220342,"NRI_P175",100
"63637",-23363.830380342,"NRI_P175",25
"63638",-28966.659500342,"NRI_P175",50
"63639",-44239.864720342,"NRI_P175",100
"63640",-61822.254750342,"NRI_P175",25
"63641",-62170.399840342,"NRI_P175",50
"63642",-6286.13207034202,"NRI_P175",100
"63643",-6782.91806034202,"NRI_P175",25
"63644",-41732.497330342,"NRI_P175",50
"63645",-67374.065190342,"NRI_P175",100
"63646",7571.61800965801,"NRI_P175",25
"63647",-13087.868670342,"NRI_P175",50
"63648",-50704.296610342,"NRI_P175",100
"63649",-21734.315880342,"NRI_P175",25
"63650",-26654.327140342,"NRI_P175",50
"63651",-18910.897340342,"NRI_P175",100
"63652",1604.02767965797,"NRI_P175",25
"63653",37249.720769658,"NRI_P175",50
"63654",-41337.254520342,"NRI_P175",100
"63655",-24144.026620342,"NRI_P175",25
"63656",-11422.392740342,"NRI_P175",50
"63657",-58398.318840342,"NRI_P175",100
"63658",-9445.67747034202,"NRI_P175",25
"63659",-45935.024560342,"NRI_P175",50
"63660",-82395.379160342,"NRI_P175",100
"63661",-23875.318770342,"NRI_P175",25
"63662",-15456.427090342,"NRI_P175",50
"63663",-25457.578910342,"NRI_P175",100
"63664",-20565.206000342,"NRI_P175",25
"63665",-50181.552180342,"NRI_P175",50
"63666",-73188.547110342,"NRI_P175",100
"63667",-11395.654550342,"NRI_P175",25
"63668",-26390.819280342,"NRI_P175",50
"63669",-65774.907100342,"NRI_P175",100
"63670",-16236.406370342,"NRI_P175",25
"63671",-49431.031140342,"NRI_P175",50
"63672",-78898.838750342,"NRI_P175",100
"63673",-20259.620430342,"NRI_P175",25
"63674",-35054.510920342,"NRI_P175",50
"63675",-78203.505450342,"NRI_P175",100
"63676",-22097.909660342,"NRI_P175",25
"63677",-671.983990342007,"NRI_P175",50
"63678",-73424.233910342,"NRI_P175",100
"63679",3971.60246965796,"NRI_P175",25
"63680",16000.915039658,"NRI_P175",50
"63681",-68370.881480342,"NRI_P175",100
"63682",-53670.519660342,"NRI_P175",25
"63683",-56556.245700342,"NRI_P175",50
"63684",-80151.980870342,"NRI_P175",100
"63685",-37310.891440342,"NRI_P175",25
"63686",-17578.320870342,"NRI_P175",50
"63687",-57929.646630342,"NRI_P175",100
"63688",-15266.738610342,"NRI_P175",25
"63689",-53821.400420342,"NRI_P175",50
"63690",-78420.045050342,"NRI_P175",100
"63691",-14730.107960342,"NRI_P175",25
"63692",-57132.071350342,"NRI_P175",50
"63693",-45850.886330342,"NRI_P175",100
"63694",-19343.223930342,"NRI_P175",25
"63695",-30714.381240342,"NRI_P175",50
"63696",-8397.43289034202,"NRI_P175",100
"63697",-20781.639190342,"NRI_P175",25
"63698",-68115.865730342,"NRI_P175",50
"63699",-78873.054170342,"NRI_P175",100
"63700",41086.829089658,"NRI_P175",25
"63701",-48387.769380342,"NRI_P175",50
"63702",9226.87884965801,"NRI_P175",100
"63703",-13023.474790342,"NRI_P175",25
"63704",-44229.795280342,"NRI_P175",50
"63705",-99718.693660342,"NRI_P175",100
"63706",-13331.528000342,"NRI_P175",25
"63707",-14773.700200342,"NRI_P175",50
"63708",-69991.188640342,"NRI_P175",100
"63709",-16886.226300342,"NRI_P175",25
"63710",-9565.30708034203,"NRI_P175",50
"63711",-82247.446690342,"NRI_P175",100
"63712",-36467.016190342,"NRI_P175",25
"63713",-42906.850740342,"NRI_P175",50
"63714",-86188.791020342,"NRI_P175",100
"63715",-10102.062020342,"NRI_P175",25
"63716",-30755.259130342,"NRI_P175",50
"63717",-74466.101560342,"NRI_P175",100
"63718",-32909.617520342,"NRI_P175",25
"63719",-14660.300080342,"NRI_P175",50
"63720",-46734.190350342,"NRI_P175",100
"63721",-25686.942800342,"NRI_P175",25
"63722",5914.59445965796,"NRI_P175",50
"63723",-48526.000870342,"NRI_P175",100
"63724",-3470.67927034199,"NRI_P175",25
"63725",-33209.432310342,"NRI_P175",50
"63726",-59375.740380342,"NRI_P175",100
"63727",-23320.754240342,"NRI_P175",25
"63728",-49365.774510342,"NRI_P175",50
"63729",-30824.448910342,"NRI_P175",100
"63730",-9120.63375034201,"NRI_P175",25
"63731",17487.045999658,"NRI_P175",50
"63732",-68864.996910342,"NRI_P175",100
"63733",6976.89378965797,"NRI_P175",25
"63734",-6290.507870342,"NRI_P175",50
"63735",-66246.830780342,"NRI_P175",100
"63736",-4556.397540342,"NRI_P175",25
"63737",-13235.404120342,"NRI_P175",50
"63738",-78520.744740342,"NRI_P175",100
"63739",-11500.901730342,"NRI_P175",25
"63740",-51387.374320342,"NRI_P175",50
"63741",-72114.748030342,"NRI_P175",100
"63742",-32022.941520342,"NRI_P175",25
"63743",-46371.655710342,"NRI_P175",50
"63744",-56650.160890342,"NRI_P175",100
"63745",-2507.83806034201,"NRI_P175",25
"63746",-7228.70799034199,"NRI_P175",50
"63747",-51204.7438803421,"NRI_P175",100
"63748",-29134.074960342,"NRI_P175",25
"63749",-40904.298840342,"NRI_P175",50
"63750",-75926.200920342,"NRI_P175",100
"63751",-13465.620180342,"NRI_P175",25
"63752",-22557.534240342,"NRI_P175",50
"63753",-84796.703450342,"NRI_P175",100
"63754",-11499.162380342,"NRI_P175",25
"63755",-64166.964440342,"NRI_P175",50
"63756",-89019.421950342,"NRI_P175",100
"63757",-992.090090342041,"NRI_P175",25
"63758",-47288.251800342,"NRI_P175",50
"63759",-46332.951060342,"NRI_P175",100
"63760",-16108.125190342,"NRI_P175",25
"63761",-48649.849420342,"NRI_P175",50
"63762",-81950.263250342,"NRI_P175",100
"63763",-8089.07745034201,"NRI_P175",25
"63764",-38483.668080342,"NRI_P175",50
"63765",-78102.360450342,"NRI_P175",100
"63766",-14611.221160342,"NRI_P175",25
"63767",-15644.124690342,"NRI_P175",50
"63768",-98214.518180342,"NRI_P175",100
"63769",-43270.869930342,"NRI_P175",25
"63770",-36107.801270342,"NRI_P175",50
"63771",-58441.605580342,"NRI_P175",100
"63772",-34385.560180342,"NRI_P175",25
"63773",-63187.867180342,"NRI_P175",50
"63774",-84965.337960342,"NRI_P175",100
"63775",-15682.647930342,"NRI_P175",25
"63776",-55916.693800342,"NRI_P175",50
"63777",-54200.046610342,"NRI_P175",100
"63778",43507.690859658,"NRI_P175",25
"63779",-40125.451790342,"NRI_P175",50
"63780",-48093.353310342,"NRI_P175",100
"63781",-24920.562690342,"NRI_P175",25
"63782",-39346.909080342,"NRI_P175",50
"63783",-79048.227330342,"NRI_P175",100
"63784",-23706.992930342,"NRI_P175",25
"63785",-15105.329850342,"NRI_P175",50
"63786",-57438.512770342,"NRI_P175",100
"63787",-36145.485420342,"NRI_P175",25
"63788",-5847.24285034201,"NRI_P175",50
"63789",-80617.238360342,"NRI_P175",100
"63790",-9277.115120342,"NRI_P175",25
"63791",-32735.882500342,"NRI_P175",50
"63792",-96043.873360342,"NRI_P175",100
"63793",-14440.833690342,"NRI_P175",25
"63794",-17997.305720342,"NRI_P175",50
"63795",-78731.515020342,"NRI_P175",100
"63796",-2905.32121034199,"NRI_P175",25
"63797",-37046.476570342,"NRI_P175",50
"63798",-25068.262270342,"NRI_P175",100
"63799",-18104.107170342,"NRI_P175",25
"63800",-21457.235500342,"NRI_P175",50
"63801",-112538.921950342,"NRI_P175",100
"63802",-1566.88323034201,"NRI_P175",25
"63803",-30572.606580342,"NRI_P175",50
"63804",-47594.359920342,"NRI_P175",100
"63805",-9084.231100342,"NRI_P175",25
"63806",-16334.069590342,"NRI_P175",50
"63807",-61150.114520342,"NRI_P175",100
"63808",-2400.71632034204,"NRI_P175",25
"63809",-24007.251430342,"NRI_P175",50
"63810",-71325.799470342,"NRI_P175",100
"63811",-8213.29844034201,"NRI_P175",25
"63812",-36122.087740342,"NRI_P175",50
"63813",-66567.855640342,"NRI_P175",100
"63814",-19380.563600342,"NRI_P175",25
"63815",-53956.234830342,"NRI_P175",50
"63816",-89833.251110342,"NRI_P175",100
"63817",-18136.261270342,"NRI_P175",25
"63818",-30612.418480342,"NRI_P175",50
"63819",-86464.658420342,"NRI_P175",100
"63820",-40476.165510342,"NRI_P175",25
"63821",-43599.458810342,"NRI_P175",50
"63822",-41764.134880342,"NRI_P175",100
"63823",-10356.386930342,"NRI_P175",25
"63824",-8916.76081034204,"NRI_P175",50
"63825",-47571.843640342,"NRI_P175",100
"63826",-13290.136980342,"NRI_P175",25
"63827",-15118.715660342,"NRI_P175",50
"63828",-85800.447400342,"NRI_P175",100
"63829",-9787.26249034202,"NRI_P175",25
"63830",-32008.988100342,"NRI_P175",50
"63831",-26842.675400342,"NRI_P175",100
"63832",3596.14748965797,"NRI_P175",25
"63833",-12564.909150342,"NRI_P175",50
"63834",-74465.188520342,"NRI_P175",100
"63835",-21036.636450342,"NRI_P175",25
"63836",-32660.953310342,"NRI_P175",50
"63837",-65848.112480342,"NRI_P175",100
"63838",-17220.352290342,"NRI_P175",25
"63839",-27131.225360342,"NRI_P175",50
"63840",-95270.541810342,"NRI_P175",100
"63841",-33015.595200342,"NRI_P175",25
"63842",-5435.95138034201,"NRI_P175",50
"63843",-49912.454710342,"NRI_P175",100
"63844",-29080.389560342,"NRI_P175",25
"63845",-32384.754100342,"NRI_P175",50
"63846",-64460.306680342,"NRI_P175",100
"63847",-47530.943660342,"NRI_P175",25
"63848",-35113.642110342,"NRI_P175",50
"63849",-67459.984350342,"NRI_P175",100
"63850",-28755.987140342,"NRI_P175",25
"63851",-56701.742780342,"NRI_P175",50
"63852",-60900.226650342,"NRI_P175",100
"63853",-12882.075550342,"NRI_P175",25
"63854",-41145.161150342,"NRI_P175",50
"63855",-79188.129680342,"NRI_P175",100
"63856",-21681.494000342,"NRI_P175",25
"63857",-48424.504850342,"NRI_P175",50
"63858",-47979.493870342,"NRI_P175",100
"63859",-18244.138710342,"NRI_P175",25
"63860",13245.577319658,"NRI_P175",50
"63861",-54046.237640342,"NRI_P175",100
"63862",-31285.275170342,"NRI_P175",25
"63863",-70329.454570342,"NRI_P175",50
"63864",-48191.176850342,"NRI_P175",100
"63865",-21607.895850342,"NRI_P175",25
"63866",-34945.742900342,"NRI_P175",50
"63867",-58833.412060342,"NRI_P175",100
"63868",-19455.568150342,"NRI_P175",25
"63869",-33350.211670342,"NRI_P175",50
"63870",-86059.159020342,"NRI_P175",100
"63871",-12607.601690342,"NRI_P175",25
"63872",-43559.466180342,"NRI_P175",50
"63873",-34493.623110342,"NRI_P175",100
"63874",-7826.89539034199,"NRI_P175",25
"63875",4532.27062965796,"NRI_P175",50
"63876",-75574.930290342,"NRI_P175",100
"63877",14145.068629658,"NRI_P175",25
"63878",-30392.809360342,"NRI_P175",50
"63879",-71618.426730342,"NRI_P175",100
"63880",-22965.760730342,"NRI_P175",25
"63881",-46705.628020342,"NRI_P175",50
"63882",-24270.669420342,"NRI_P175",100
"63883",-2453.79959034204,"NRI_P175",25
"63884",-40875.369050342,"NRI_P175",50
"63885",-22369.454720342,"NRI_P175",100
"63886",5652.03537965799,"NRI_P175",25
"63887",-41319.782850342,"NRI_P175",50
"63888",-63500.907450342,"NRI_P175",100
"63889",2621.53163965797,"NRI_P175",25
"63890",-33054.092190342,"NRI_P175",50
"63891",-76690.400440342,"NRI_P175",100
"63892",-19323.135840342,"NRI_P175",25
"63893",-56882.731990342,"NRI_P175",50
"63894",-66449.576600342,"NRI_P175",100
"63895",-22354.606020342,"NRI_P175",25
"63896",-20227.979890342,"NRI_P175",50
"63897",-18253.089270342,"NRI_P175",100
"63898",-27240.956420342,"NRI_P175",25
"63899",-50166.964620342,"NRI_P175",50
"63900",-47213.000310342,"NRI_P175",100
"63901",-13249.233504421,"NRI_P176",25
"63902",-7967.15919442099,"NRI_P176",50
"63903",-27928.253354421,"NRI_P176",100
"63904",-6077.83009442099,"NRI_P176",25
"63905",-4987.10879442099,"NRI_P176",50
"63906",-32132.831729421,"NRI_P176",100
"63907",-8454.65420442101,"NRI_P176",25
"63908",-22703.055794421,"NRI_P176",50
"63909",-30723.812591421,"NRI_P176",100
"63910",-7201.392014421,"NRI_P176",25
"63911",-13317.115932421,"NRI_P176",50
"63912",-26062.330354421,"NRI_P176",100
"63913",-8122.750674421,"NRI_P176",25
"63914",-19298.087404421,"NRI_P176",50
"63915",-25210.112094421,"NRI_P176",100
"63916",186.528625578998,"NRI_P176",25
"63917",-1168.219004421,"NRI_P176",50
"63918",-28465.660004421,"NRI_P176",100
"63919",-11230.872574421,"NRI_P176",25
"63920",-8682.13288142098,"NRI_P176",50
"63921",-28340.840932421,"NRI_P176",100
"63922",-4605.780674421,"NRI_P176",25
"63923",-8484.85167442099,"NRI_P176",50
"63924",-18661.560394421,"NRI_P176",100
"63925",-14548.790084421,"NRI_P176",25
"63926",-16295.009514421,"NRI_P176",50
"63927",-28512.312424421,"NRI_P176",100
"63928",-3952.95063442099,"NRI_P176",25
"63929",-17962.914964421,"NRI_P176",50
"63930",-16064.439764421,"NRI_P176",100
"63931",-8694.00774442099,"NRI_P176",25
"63932",-19184.306894421,"NRI_P176",50
"63933",-15597.271844421,"NRI_P176",100
"63934",-17688.563424421,"NRI_P176",25
"63935",-19035.692984421,"NRI_P176",50
"63936",-18942.006354421,"NRI_P176",100
"63937",-4089.486632421,"NRI_P176",25
"63938",-12779.834644421,"NRI_P176",50
"63939",-23919.390434421,"NRI_P176",100
"63940",-594.761594420997,"NRI_P176",25
"63941",-20666.850084421,"NRI_P176",50
"63942",-27476.766874421,"NRI_P176",100
"63943",-3400.93592442101,"NRI_P176",25
"63944",-14726.619324421,"NRI_P176",50
"63945",-21472.281724421,"NRI_P176",100
"63946",625.801365579013,"NRI_P176",25
"63947",-18857.860744421,"NRI_P176",50
"63948",-22193.720924421,"NRI_P176",100
"63949",1154.05959557899,"NRI_P176",25
"63950",2911.40027557901,"NRI_P176",50
"63951",-15446.173214421,"NRI_P176",100
"63952",-10071.403824421,"NRI_P176",25
"63953",-25136.716744421,"NRI_P176",50
"63954",-24355.504484421,"NRI_P176",100
"63955",-1932.852844421,"NRI_P176",25
"63956",-12334.985874421,"NRI_P176",50
"63957",-18976.135574421,"NRI_P176",100
"63958",-1077.87230442101,"NRI_P176",25
"63959",-7640.680144421,"NRI_P176",50
"63960",-21286.093854421,"NRI_P176",100
"63961",-9231.27727442101,"NRI_P176",25
"63962",-4121.79992442101,"NRI_P176",50
"63963",-21364.907311421,"NRI_P176",100
"63964",-8207.29804442101,"NRI_P176",25
"63965",-16643.102684421,"NRI_P176",50
"63966",-15331.574674421,"NRI_P176",100
"63967",-10499.949334421,"NRI_P176",25
"63968",-5491.51772442099,"NRI_P176",50
"63969",-14545.289104421,"NRI_P176",100
"63970",-9996.97175442099,"NRI_P176",25
"63971",-24106.226054421,"NRI_P176",50
"63972",-18713.280064421,"NRI_P176",100
"63973",-5049.29905442099,"NRI_P176",25
"63974",-15294.540014421,"NRI_P176",50
"63975",-18641.683781421,"NRI_P176",100
"63976",-3557.14058442099,"NRI_P176",25
"63977",-21433.741182421,"NRI_P176",50
"63978",-29583.077044421,"NRI_P176",100
"63979",-6179.34381442101,"NRI_P176",25
"63980",-16287.006044421,"NRI_P176",50
"63981",-25948.507381421,"NRI_P176",100
"63982",-4216.98148442101,"NRI_P176",25
"63983",-9426.25436442101,"NRI_P176",50
"63984",-24568.488134421,"NRI_P176",100
"63985",-7346.72152442101,"NRI_P176",25
"63986",-17478.398824421,"NRI_P176",50
"63987",-29052.835791421,"NRI_P176",100
"63988",-5401.18565442099,"NRI_P176",25
"63989",-15784.521751421,"NRI_P176",50
"63990",-21380.885342421,"NRI_P176",100
"63991",483.173335578991,"NRI_P176",25
"63992",-13237.250294421,"NRI_P176",50
"63993",-22147.333694421,"NRI_P176",100
"63994",-12300.408324421,"NRI_P176",25
"63995",-9199.931574421,"NRI_P176",50
"63996",-28835.775404421,"NRI_P176",100
"63997",-2772.31761442099,"NRI_P176",25
"63998",-19639.666014421,"NRI_P176",50
"63999",-6563.365744421,"NRI_P176",100
"64000",4138.41672557901,"NRI_P176",25
"64001",-5926.61505442101,"NRI_P176",50
"64002",-26299.465144421,"NRI_P176",100
"64003",-4421.384224421,"NRI_P176",25
"64004",-2413.32137442101,"NRI_P176",50
"64005",-23190.585234421,"NRI_P176",100
"64006",-16584.943254421,"NRI_P176",25
"64007",-22724.467024421,"NRI_P176",50
"64008",-24871.157964421,"NRI_P176",100
"64009",-3113.521581421,"NRI_P176",25
"64010",-15081.045294421,"NRI_P176",50
"64011",-6927.06089442101,"NRI_P176",100
"64012",-15332.999904421,"NRI_P176",25
"64013",-16757.494534421,"NRI_P176",50
"64014",-24615.884394421,"NRI_P176",100
"64015",3532.08100757899,"NRI_P176",25
"64016",-13252.526534421,"NRI_P176",50
"64017",-20159.333754421,"NRI_P176",100
"64018",-3712.641774421,"NRI_P176",25
"64019",-22479.051944421,"NRI_P176",50
"64020",-18440.634934421,"NRI_P176",100
"64021",-2669.38759442099,"NRI_P176",25
"64022",-19316.246804421,"NRI_P176",50
"64023",-25081.555754421,"NRI_P176",100
"64024",5436.48115557901,"NRI_P176",25
"64025",-19679.070814421,"NRI_P176",50
"64026",-29960.079814421,"NRI_P176",100
"64027",-2543.429934421,"NRI_P176",25
"64028",-9071.639904421,"NRI_P176",50
"64029",-27373.404694421,"NRI_P176",100
"64030",-10581.092384421,"NRI_P176",25
"64031",-16393.647482421,"NRI_P176",50
"64032",-19383.378914421,"NRI_P176",100
"64033",-10777.954404421,"NRI_P176",25
"64034",-7886.25118442101,"NRI_P176",50
"64035",-21617.619054421,"NRI_P176",100
"64036",-16878.115904421,"NRI_P176",25
"64037",-14374.415984421,"NRI_P176",50
"64038",-26815.760584421,"NRI_P176",100
"64039",-4453.665414421,"NRI_P176",25
"64040",-10312.961674421,"NRI_P176",50
"64041",-27958.265984421,"NRI_P176",100
"64042",-8893.90844442099,"NRI_P176",25
"64043",-8293.42251442099,"NRI_P176",50
"64044",-20223.364544421,"NRI_P176",100
"64045",-4737.286064421,"NRI_P176",25
"64046",-18188.370174421,"NRI_P176",50
"64047",-30403.017234421,"NRI_P176",100
"64048",-1489.50349442099,"NRI_P176",25
"64049",-3629.07434142099,"NRI_P176",50
"64050",-28568.102064421,"NRI_P176",100
"64051",-12345.631024421,"NRI_P176",25
"64052",-6352.98517442099,"NRI_P176",50
"64053",-24676.115824421,"NRI_P176",100
"64054",82.141075579013,"NRI_P176",25
"64055",2231.888245579,"NRI_P176",50
"64056",-22391.904834421,"NRI_P176",100
"64057",-2168.019544421,"NRI_P176",25
"64058",-10249.670194421,"NRI_P176",50
"64059",-27588.485284421,"NRI_P176",100
"64060",-2623.977344421,"NRI_P176",25
"64061",-10434.799541421,"NRI_P176",50
"64062",-24280.663534421,"NRI_P176",100
"64063",-15228.659324421,"NRI_P176",25
"64064",-12829.603904421,"NRI_P176",50
"64065",-26233.125824421,"NRI_P176",100
"64066",-4537.51622442101,"NRI_P176",25
"64067",-13878.801234421,"NRI_P176",50
"64068",-25119.288494421,"NRI_P176",100
"64069",-9949.91830442101,"NRI_P176",25
"64070",-17236.347984421,"NRI_P176",50
"64071",-30527.598594421,"NRI_P176",100
"64072",-4778.425194421,"NRI_P176",25
"64073",-3119.34843242099,"NRI_P176",50
"64074",-22798.184054421,"NRI_P176",100
"64075",-2798.051914421,"NRI_P176",25
"64076",-12470.528562421,"NRI_P176",50
"64077",-27757.886084421,"NRI_P176",100
"64078",-5994.34409442099,"NRI_P176",25
"64079",-12038.107394421,"NRI_P176",50
"64080",-26062.162634421,"NRI_P176",100
"64081",-3702.85361442101,"NRI_P176",25
"64082",3734.216595579,"NRI_P176",50
"64083",-19972.102124421,"NRI_P176",100
"64084",-9344.908044421,"NRI_P176",25
"64085",-15652.511124421,"NRI_P176",50
"64086",-19452.772422421,"NRI_P176",100
"64087",-398.036854420992,"NRI_P176",25
"64088",-16435.612754421,"NRI_P176",50
"64089",-16785.587864421,"NRI_P176",100
"64090",-5381.36766442101,"NRI_P176",25
"64091",-21379.086134421,"NRI_P176",50
"64092",-22191.898164421,"NRI_P176",100
"64093",-11294.213874421,"NRI_P176",25
"64094",-12873.866204421,"NRI_P176",50
"64095",-9694.426204421,"NRI_P176",100
"64096",-15230.971014421,"NRI_P176",25
"64097",-17488.222964421,"NRI_P176",50
"64098",-23613.144951421,"NRI_P176",100
"64099",-528.119604420994,"NRI_P176",25
"64100",-4977.560614421,"NRI_P176",50
"64101",-25483.534212421,"NRI_P176",100
"64102",-9828.055974421,"NRI_P176",25
"64103",-10548.013984421,"NRI_P176",50
"64104",-28470.888441421,"NRI_P176",100
"64105",-7524.726954421,"NRI_P176",25
"64106",-14468.804264421,"NRI_P176",50
"64107",-14695.663314421,"NRI_P176",100
"64108",-12918.103494421,"NRI_P176",25
"64109",-1971.101224421,"NRI_P176",50
"64110",-19224.956772421,"NRI_P176",100
"64111",-8499.940304421,"NRI_P176",25
"64112",-15401.139864421,"NRI_P176",50
"64113",-21500.021404421,"NRI_P176",100
"64114",-14656.699194421,"NRI_P176",25
"64115",-3830.01115442099,"NRI_P176",50
"64116",-21730.237624421,"NRI_P176",100
"64117",-11161.598394421,"NRI_P176",25
"64118",-11422.677834421,"NRI_P176",50
"64119",-30796.517032421,"NRI_P176",100
"64120",-10776.765814421,"NRI_P176",25
"64121",9568.56787857899,"NRI_P176",50
"64122",-27363.961354421,"NRI_P176",100
"64123",-3449.77674442099,"NRI_P176",25
"64124",-19078.267004421,"NRI_P176",50
"64125",-21839.416174421,"NRI_P176",100
"64126",-2390.38858442099,"NRI_P176",25
"64127",-6537.06326442101,"NRI_P176",50
"64128",-27273.863572421,"NRI_P176",100
"64129",-1664.557624421,"NRI_P176",25
"64130",-8394.51155442101,"NRI_P176",50
"64131",-9980.59810442099,"NRI_P176",100
"64132",-12359.125394421,"NRI_P176",25
"64133",-12233.628634421,"NRI_P176",50
"64134",-22029.062824421,"NRI_P176",100
"64135",-744.955934420985,"NRI_P176",25
"64136",-10770.224804421,"NRI_P176",50
"64137",-29902.505854421,"NRI_P176",100
"64138",-11827.705314421,"NRI_P176",25
"64139",-16766.013424421,"NRI_P176",50
"64140",-17727.556374421,"NRI_P176",100
"64141",-3412.49737442099,"NRI_P176",25
"64142",-14504.176564421,"NRI_P176",50
"64143",-29493.014814421,"NRI_P176",100
"64144",-3560.601614421,"NRI_P176",25
"64145",-1952.36388442101,"NRI_P176",50
"64146",-26480.205634421,"NRI_P176",100
"64147",-3283.397334421,"NRI_P176",25
"64148",-16035.150344421,"NRI_P176",50
"64149",-21518.060884421,"NRI_P176",100
"64150",-5356.178951421,"NRI_P176",25
"64151",-8446.70940442101,"NRI_P176",50
"64152",-28906.438031421,"NRI_P176",100
"64153",-13349.320754421,"NRI_P176",25
"64154",-14163.818244421,"NRI_P176",50
"64155",-21673.216204421,"NRI_P176",100
"64156",-3164.620794421,"NRI_P176",25
"64157",-20981.831274421,"NRI_P176",50
"64158",-24895.083604421,"NRI_P176",100
"64159",-1062.608414421,"NRI_P176",25
"64160",-17550.640874421,"NRI_P176",50
"64161",-23347.477274421,"NRI_P176",100
"64162",-18382.722754421,"NRI_P176",25
"64163",-14300.829804421,"NRI_P176",50
"64164",-13567.697801421,"NRI_P176",100
"64165",-4643.593924421,"NRI_P176",25
"64166",-20893.615274421,"NRI_P176",50
"64167",-27052.924374421,"NRI_P176",100
"64168",-8747.017404421,"NRI_P176",25
"64169",-9999.890504421,"NRI_P176",50
"64170",-31329.628174421,"NRI_P176",100
"64171",-10475.613874421,"NRI_P176",25
"64172",-8030.699912421,"NRI_P176",50
"64173",-26867.084814421,"NRI_P176",100
"64174",-7787.61005142101,"NRI_P176",25
"64175",-7536.81032442101,"NRI_P176",50
"64176",-28813.833534421,"NRI_P176",100
"64177",681.964525579009,"NRI_P176",25
"64178",-18454.139054421,"NRI_P176",50
"64179",-29749.482824421,"NRI_P176",100
"64180",-9075.949044421,"NRI_P176",25
"64181",-7381.99814242101,"NRI_P176",50
"64182",-16485.344394421,"NRI_P176",100
"64183",-5194.80357442101,"NRI_P176",25
"64184",-3560.25810442099,"NRI_P176",50
"64185",-28099.751474421,"NRI_P176",100
"64186",-5604.744964421,"NRI_P176",25
"64187",-17628.494664421,"NRI_P176",50
"64188",-24127.356764421,"NRI_P176",100
"64189",-5586.86738142101,"NRI_P176",25
"64190",-4574.18481442099,"NRI_P176",50
"64191",-22090.822584421,"NRI_P176",100
"64192",2329.120605579,"NRI_P176",25
"64193",-16967.288144421,"NRI_P176",50
"64194",-27545.934164421,"NRI_P176",100
"64195",-1701.82645442101,"NRI_P176",25
"64196",-2225.300554421,"NRI_P176",50
"64197",-29500.356161421,"NRI_P176",100
"64198",-3922.10120442099,"NRI_P176",25
"64199",-20254.782484421,"NRI_P176",50
"64200",-28675.658114421,"NRI_P176",100
"64201",308.623249896795,"NRI_P177",25
"64202",1306.9924498968,"NRI_P177",50
"64203",-602.942010103201,"NRI_P177",100
"64204",445.932839896799,"NRI_P177",25
"64205",2014.7061398968,"NRI_P177",50
"64206",-1101.72407010321,"NRI_P177",100
"64207",641.003629896797,"NRI_P177",25
"64208",797.3477098968,"NRI_P177",50
"64209",-777.141850103202,"NRI_P177",100
"64210",1105.0012898968,"NRI_P177",25
"64211",340.977389896798,"NRI_P177",50
"64212",-544.486770103205,"NRI_P177",100
"64213",573.284449896797,"NRI_P177",25
"64214",47.6649198968007,"NRI_P177",50
"64215",33.5747898967966,"NRI_P177",100
"64216",-38.5847401032006,"NRI_P177",25
"64217",2389.5881198968,"NRI_P177",50
"64218",1804.8602998968,"NRI_P177",100
"64219",71.3325398968009,"NRI_P177",25
"64220",-647.356250103199,"NRI_P177",50
"64221",-396.920070103202,"NRI_P177",100
"64222",-446.360010103206,"NRI_P177",25
"64223",1423.6166598968,"NRI_P177",50
"64224",-1582.6384701032,"NRI_P177",100
"64225",373.6855498968,"NRI_P177",25
"64226",-1102.1942101032,"NRI_P177",50
"64227",3364.5446998968,"NRI_P177",100
"64228",362.508679896797,"NRI_P177",25
"64229",-868.342200103201,"NRI_P177",50
"64230",-290.759080103206,"NRI_P177",100
"64231",983.2886498968,"NRI_P177",25
"64232",2509.5450298968,"NRI_P177",50
"64233",584.539019896794,"NRI_P177",100
"64234",-354.858760103205,"NRI_P177",25
"64235",1039.9120098968,"NRI_P177",50
"64236",-542.506470103202,"NRI_P177",100
"64237",674.989789896797,"NRI_P177",25
"64238",-318.466210103201,"NRI_P177",50
"64239",3862.5957698968,"NRI_P177",100
"64240",1861.4950098968,"NRI_P177",25
"64241",-428.215060103204,"NRI_P177",50
"64242",-1404.9939001032,"NRI_P177",100
"64243",-192.193430103202,"NRI_P177",25
"64244",-1265.65927010321,"NRI_P177",50
"64245",1252.8491898968,"NRI_P177",100
"64246",296.645549896799,"NRI_P177",25
"64247",-322.009100103205,"NRI_P177",50
"64248",-1378.2878001032,"NRI_P177",100
"64249",-1296.8135301032,"NRI_P177",25
"64250",-289.253200103201,"NRI_P177",50
"64251",-2306.2943101032,"NRI_P177",100
"64252",753.666969896796,"NRI_P177",25
"64253",-113.204670103201,"NRI_P177",50
"64254",362.612549896796,"NRI_P177",100
"64255",452.505559896796,"NRI_P177",25
"64256",-21.049100103206,"NRI_P177",50
"64257",-307.762570103201,"NRI_P177",100
"64258",-55.6219801032057,"NRI_P177",25
"64259",-1002.5942701032,"NRI_P177",50
"64260",1625.0563598968,"NRI_P177",100
"64261",337.131629896794,"NRI_P177",25
"64262",-1048.4371601032,"NRI_P177",50
"64263",890.3742098968,"NRI_P177",100
"64264",-605.814290103204,"NRI_P177",25
"64265",778.312599896795,"NRI_P177",50
"64266",-1553.3833101032,"NRI_P177",100
"64267",-118.968920103202,"NRI_P177",25
"64268",-486.477440103205,"NRI_P177",50
"64269",-1200.4594701032,"NRI_P177",100
"64270",704.081309896799,"NRI_P177",25
"64271",-207.7925501032,"NRI_P177",50
"64272",-943.593180103206,"NRI_P177",100
"64273",1432.8594598968,"NRI_P177",25
"64274",1421.5091698968,"NRI_P177",50
"64275",2093.2336598968,"NRI_P177",100
"64276",-299.813000103204,"NRI_P177",25
"64277",691.393029896797,"NRI_P177",50
"64278",682.179139896798,"NRI_P177",100
"64279",-690.811030103199,"NRI_P177",25
"64280",-354.261080103206,"NRI_P177",50
"64281",645.143749896801,"NRI_P177",100
"64282",284.8986698968,"NRI_P177",25
"64283",-1006.0616101032,"NRI_P177",50
"64284",1398.8470898968,"NRI_P177",100
"64285",-458.444830103203,"NRI_P177",25
"64286",235.119239896798,"NRI_P177",50
"64287",-648.715280103206,"NRI_P177",100
"64288",-18.7171301031995,"NRI_P177",25
"64289",1436.3591098968,"NRI_P177",50
"64290",2299.51064989679,"NRI_P177",100
"64291",-1168.3608501032,"NRI_P177",25
"64292",748.413019896798,"NRI_P177",50
"64293",-353.660720103202,"NRI_P177",100
"64294",-630.297270103205,"NRI_P177",25
"64295",1706.7879598968,"NRI_P177",50
"64296",2284.37672989679,"NRI_P177",100
"64297",190.788459896794,"NRI_P177",25
"64298",-599.254610103206,"NRI_P177",50
"64299",-1766.9023601032,"NRI_P177",100
"64300",1668.6703098968,"NRI_P177",25
"64301",77.2954498967956,"NRI_P177",50
"64302",11.4486798967991,"NRI_P177",100
"64303",571.8206298968,"NRI_P177",25
"64304",134.107689896795,"NRI_P177",50
"64305",-171.142110103203,"NRI_P177",100
"64306",534.090949896796,"NRI_P177",25
"64307",-755.702160103203,"NRI_P177",50
"64308",1544.1438898968,"NRI_P177",100
"64309",941.272239896796,"NRI_P177",25
"64310",216.500969896799,"NRI_P177",50
"64311",-1465.8733801032,"NRI_P177",100
"64312",-72.2774101032046,"NRI_P177",25
"64313",-121.0234001032,"NRI_P177",50
"64314",-749.1311201032,"NRI_P177",100
"64315",-235.619660103206,"NRI_P177",25
"64316",-533.036650103204,"NRI_P177",50
"64317",-1012.6518601032,"NRI_P177",100
"64318",-105.029730103204,"NRI_P177",25
"64319",190.924729896797,"NRI_P177",50
"64320",1247.0272098968,"NRI_P177",100
"64321",1439.1289098968,"NRI_P177",25
"64322",173.768319896801,"NRI_P177",50
"64323",39.2472398967948,"NRI_P177",100
"64324",-672.685240103201,"NRI_P177",25
"64325",-800.940140103201,"NRI_P177",50
"64326",-106.254260103204,"NRI_P177",100
"64327",1190.7114898968,"NRI_P177",25
"64328",-355.545710103201,"NRI_P177",50
"64329",938.415139896795,"NRI_P177",100
"64330",71.2280998967981,"NRI_P177",25
"64331",776.098069896798,"NRI_P177",50
"64332",-1343.67051010321,"NRI_P177",100
"64333",1201.3605298968,"NRI_P177",25
"64334",331.218589896795,"NRI_P177",50
"64335",674.704329896798,"NRI_P177",100
"64336",1067.0439598968,"NRI_P177",25
"64337",-1064.42139010321,"NRI_P177",50
"64338",-556.229000103202,"NRI_P177",100
"64339",-365.142860103202,"NRI_P177",25
"64340",-106.550440103201,"NRI_P177",50
"64341",1658.81897989679,"NRI_P177",100
"64342",-408.267090103203,"NRI_P177",25
"64343",-816.291490103205,"NRI_P177",50
"64344",197.715409896795,"NRI_P177",100
"64345",-825.873090103203,"NRI_P177",25
"64346",1639.6352998968,"NRI_P177",50
"64347",1394.4885698968,"NRI_P177",100
"64348",397.670599896795,"NRI_P177",25
"64349",-227.7546801032,"NRI_P177",50
"64350",63.2351298967988,"NRI_P177",100
"64351",-436.929180103201,"NRI_P177",25
"64352",1179.85841989679,"NRI_P177",50
"64353",1149.6914998968,"NRI_P177",100
"64354",-624.532450103201,"NRI_P177",25
"64355",1852.3896598968,"NRI_P177",50
"64356",-1930.4897501032,"NRI_P177",100
"64357",-798.866070103206,"NRI_P177",25
"64358",1496.75432989679,"NRI_P177",50
"64359",767.3736098968,"NRI_P177",100
"64360",-1518.85771010321,"NRI_P177",25
"64361",365.2376898968,"NRI_P177",50
"64362",1538.1232998968,"NRI_P177",100
"64363",709.260769896799,"NRI_P177",25
"64364",-726.521910103205,"NRI_P177",50
"64365",659.4278998968,"NRI_P177",100
"64366",635.859779896797,"NRI_P177",25
"64367",986.9702398968,"NRI_P177",50
"64368",1115.5651998968,"NRI_P177",100
"64369",-196.9232001032,"NRI_P177",25
"64370",-460.1971001032,"NRI_P177",50
"64371",-1072.8755801032,"NRI_P177",100
"64372",805.234579896794,"NRI_P177",25
"64373",-318.196570103202,"NRI_P177",50
"64374",58.8282498967965,"NRI_P177",100
"64375",-500.084440103201,"NRI_P177",25
"64376",-178.296350103206,"NRI_P177",50
"64377",63.8808498967992,"NRI_P177",100
"64378",-25.7219101032024,"NRI_P177",25
"64379",604.3926098968,"NRI_P177",50
"64380",-1320.9294901032,"NRI_P177",100
"64381",105.325119896799,"NRI_P177",25
"64382",-707.0117501032,"NRI_P177",50
"64383",-481.119950103202,"NRI_P177",100
"64384",-538.967230103204,"NRI_P177",25
"64385",1319.5288198968,"NRI_P177",50
"64386",-261.1121201032,"NRI_P177",100
"64387",-515.327790103205,"NRI_P177",25
"64388",-1323.2750401032,"NRI_P177",50
"64389",1140.3436398968,"NRI_P177",100
"64390",-462.3072701032,"NRI_P177",25
"64391",-1374.0933701032,"NRI_P177",50
"64392",3970.9362998968,"NRI_P177",100
"64393",-167.0332001032,"NRI_P177",25
"64394",262.444739896797,"NRI_P177",50
"64395",-511.936200103206,"NRI_P177",100
"64396",-1185.1615001032,"NRI_P177",25
"64397",-348.335230103206,"NRI_P177",50
"64398",3254.8264198968,"NRI_P177",100
"64399",514.404189896799,"NRI_P177",25
"64400",-672.075910103202,"NRI_P177",50
"64401",405.831709896796,"NRI_P177",100
"64402",-1502.1804801032,"NRI_P177",25
"64403",22.8792998967983,"NRI_P177",50
"64404",-1330.9570301032,"NRI_P177",100
"64405",205.341839896799,"NRI_P177",25
"64406",-907.264010103201,"NRI_P177",50
"64407",2074.9581698968,"NRI_P177",100
"64408",-442.430440103206,"NRI_P177",25
"64409",-1216.0757601032,"NRI_P177",50
"64410",1777.3172698968,"NRI_P177",100
"64411",41.3804098967958,"NRI_P177",25
"64412",-92.1244201032023,"NRI_P177",50
"64413",-144.290030103206,"NRI_P177",100
"64414",477.7726598968,"NRI_P177",25
"64415",600.354699896794,"NRI_P177",50
"64416",-523.440080103202,"NRI_P177",100
"64417",-95.7514501032056,"NRI_P177",25
"64418",716.093009896795,"NRI_P177",50
"64419",480.6031498968,"NRI_P177",100
"64420",1637.1287598968,"NRI_P177",25
"64421",-683.444690103206,"NRI_P177",50
"64422",1214.5182498968,"NRI_P177",100
"64423",-459.294560103204,"NRI_P177",25
"64424",-410.403430103201,"NRI_P177",50
"64425",-721.281240103206,"NRI_P177",100
"64426",296.101829896797,"NRI_P177",25
"64427",811.292269896796,"NRI_P177",50
"64428",3115.6821098968,"NRI_P177",100
"64429",592.217859896795,"NRI_P177",25
"64430",1033.6095198968,"NRI_P177",50
"64431",809.447029896801,"NRI_P177",100
"64432",-421.6910401032,"NRI_P177",25
"64433",-433.986790103205,"NRI_P177",50
"64434",222.1976298968,"NRI_P177",100
"64435",-223.5141801032,"NRI_P177",25
"64436",1449.29679989679,"NRI_P177",50
"64437",-134.7336801032,"NRI_P177",100
"64438",615.092029896798,"NRI_P177",25
"64439",991.368669896794,"NRI_P177",50
"64440",132.535029896797,"NRI_P177",100
"64441",788.318119896794,"NRI_P177",25
"64442",603.355349896796,"NRI_P177",50
"64443",535.9584198968,"NRI_P177",100
"64444",1449.1957398968,"NRI_P177",25
"64445",-448.127990103203,"NRI_P177",50
"64446",442.577649896797,"NRI_P177",100
"64447",2056.7325298968,"NRI_P177",25
"64448",-1970.9405301032,"NRI_P177",50
"64449",776.1218898968,"NRI_P177",100
"64450",-912.794920103202,"NRI_P177",25
"64451",551.307969896799,"NRI_P177",50
"64452",241.8666898968,"NRI_P177",100
"64453",-87.2132101032039,"NRI_P177",25
"64454",-1472.76544010321,"NRI_P177",50
"64455",-988.491040103203,"NRI_P177",100
"64456",-268.330400103201,"NRI_P177",25
"64457",-619.961860103205,"NRI_P177",50
"64458",1063.4736698968,"NRI_P177",100
"64459",-1206.5696301032,"NRI_P177",25
"64460",520.3795198968,"NRI_P177",50
"64461",1386.82574989679,"NRI_P177",100
"64462",202.799579896797,"NRI_P177",25
"64463",1332.35207989679,"NRI_P177",50
"64464",-280.391290103202,"NRI_P177",100
"64465",-454.587030103205,"NRI_P177",25
"64466",-243.243500103206,"NRI_P177",50
"64467",-974.696340103204,"NRI_P177",100
"64468",3281.43937989679,"NRI_P177",25
"64469",346.5413998968,"NRI_P177",50
"64470",-1025.4845601032,"NRI_P177",100
"64471",-489.754800103205,"NRI_P177",25
"64472",-179.2302201032,"NRI_P177",50
"64473",-887.655260103202,"NRI_P177",100
"64474",-221.1112801032,"NRI_P177",25
"64475",1554.7170598968,"NRI_P177",50
"64476",-680.043790103206,"NRI_P177",100
"64477",-482.088990103206,"NRI_P177",25
"64478",-582.453670103205,"NRI_P177",50
"64479",996.914109896796,"NRI_P177",100
"64480",-159.698080103204,"NRI_P177",25
"64481",-727.798430103205,"NRI_P177",50
"64482",-636.841630103205,"NRI_P177",100
"64483",-118.970770103202,"NRI_P177",25
"64484",-702.2709501032,"NRI_P177",50
"64485",1064.0598398968,"NRI_P177",100
"64486",670.529099896798,"NRI_P177",25
"64487",672.044929896794,"NRI_P177",50
"64488",2962.6614498968,"NRI_P177",100
"64489",315.605049896796,"NRI_P177",25
"64490",729.666969896796,"NRI_P177",50
"64491",657.345569896795,"NRI_P177",100
"64492",-73.3853401032029,"NRI_P177",25
"64493",1694.5794198968,"NRI_P177",50
"64494",-14.8500301032036,"NRI_P177",100
"64495",-776.703070103205,"NRI_P177",25
"64496",-1754.5741501032,"NRI_P177",50
"64497",-95.5127101032049,"NRI_P177",100
"64498",226.832529896797,"NRI_P177",25
"64499",1432.1962098968,"NRI_P177",50
"64500",-1739.10541010321,"NRI_P177",100
"64501",-3737.51871075601,"NRI_P178",25
"64502",-1380.41199075599,"NRI_P178",50
"64503",11731.154999244,"NRI_P178",100
"64504",7233.08884924397,"NRI_P178",25
"64505",-5951.569620756,"NRI_P178",50
"64506",22920.264049244,"NRI_P178",100
"64507",7708.828449244,"NRI_P178",25
"64508",-3267.379200756,"NRI_P178",50
"64509",58334.565209244,"NRI_P178",100
"64510",11055.263069244,"NRI_P178",25
"64511",23645.483759244,"NRI_P178",50
"64512",30812.898849244,"NRI_P178",100
"64513",6616.15119924399,"NRI_P178",25
"64514",7720.44568924399,"NRI_P178",50
"64515",-10188.866750756,"NRI_P178",100
"64516",1158.030779244,"NRI_P178",25
"64517",9981.23993924397,"NRI_P178",50
"64518",-13748.186240756,"NRI_P178",100
"64519",1595.10804924398,"NRI_P178",25
"64520",3226.50710924398,"NRI_P178",50
"64521",15605.635219244,"NRI_P178",100
"64522",-8759.41512075602,"NRI_P178",25
"64523",-7139.418970756,"NRI_P178",50
"64524",33303.084569244,"NRI_P178",100
"64525",2404.37712924398,"NRI_P178",25
"64526",5911.76015924398,"NRI_P178",50
"64527",4568.674829244,"NRI_P178",100
"64528",22299.297589244,"NRI_P178",25
"64529",-9531.69397075599,"NRI_P178",50
"64530",16299.829739244,"NRI_P178",100
"64531",21119.281909244,"NRI_P178",25
"64532",-6805.770330756,"NRI_P178",50
"64533",-11468.145950756,"NRI_P178",100
"64534",6068.35228924398,"NRI_P178",25
"64535",23404.628879244,"NRI_P178",50
"64536",-8337.294800756,"NRI_P178",100
"64537",2748.88865924397,"NRI_P178",25
"64538",13411.095569244,"NRI_P178",50
"64539",6190.82492924397,"NRI_P178",100
"64540",-8825.99266075602,"NRI_P178",25
"64541",7399.53160924398,"NRI_P178",50
"64542",-3286.35722075601,"NRI_P178",100
"64543",-6450.37838075601,"NRI_P178",25
"64544",27747.630889244,"NRI_P178",50
"64545",19654.112759244,"NRI_P178",100
"64546",-6374.66004075602,"NRI_P178",25
"64547",34161.235759244,"NRI_P178",50
"64548",3571.27001924397,"NRI_P178",100
"64549",-7955.03252075601,"NRI_P178",25
"64550",20730.817049244,"NRI_P178",50
"64551",42962.342699244,"NRI_P178",100
"64552",-3790.801060756,"NRI_P178",25
"64553",-4575.62656075601,"NRI_P178",50
"64554",64018.186219244,"NRI_P178",100
"64555",4851.30684924396,"NRI_P178",25
"64556",30693.024349244,"NRI_P178",50
"64557",21427.579229244,"NRI_P178",100
"64558",10421.153689244,"NRI_P178",25
"64559",24570.713299244,"NRI_P178",50
"64560",-2881.06479075601,"NRI_P178",100
"64561",-2248.52340075601,"NRI_P178",25
"64562",3213.73798924396,"NRI_P178",50
"64563",10699.008179244,"NRI_P178",100
"64564",3686.58135924398,"NRI_P178",25
"64565",-17857.017030756,"NRI_P178",50
"64566",19694.802919244,"NRI_P178",100
"64567",8070.532109244,"NRI_P178",25
"64568",6747.72840924401,"NRI_P178",50
"64569",44750.163799244,"NRI_P178",100
"64570",17735.037199244,"NRI_P178",25
"64571",-4727.66023075601,"NRI_P178",50
"64572",31358.480499244,"NRI_P178",100
"64573",-3813.52496075601,"NRI_P178",25
"64574",-15680.058920756,"NRI_P178",50
"64575",32041.982739244,"NRI_P178",100
"64576",1190.94852924399,"NRI_P178",25
"64577",13318.791369244,"NRI_P178",50
"64578",24530.246429244,"NRI_P178",100
"64579",-1576.208430756,"NRI_P178",25
"64580",8725.69070924397,"NRI_P178",50
"64581",9718.74511924401,"NRI_P178",100
"64582",3228.37312924399,"NRI_P178",25
"64583",-685.133500755997,"NRI_P178",50
"64584",21178.478909244,"NRI_P178",100
"64585",14489.262359244,"NRI_P178",25
"64586",3841.56114924399,"NRI_P178",50
"64587",7146.52569924397,"NRI_P178",100
"64588",12695.388789244,"NRI_P178",25
"64589",284.465159243991,"NRI_P178",50
"64590",6356.49931924397,"NRI_P178",100
"64591",11918.572319244,"NRI_P178",25
"64592",-1190.562660756,"NRI_P178",50
"64593",90.2446792440023,"NRI_P178",100
"64594",395.663699244004,"NRI_P178",25
"64595",18623.141819244,"NRI_P178",50
"64596",6501.38955924401,"NRI_P178",100
"64597",8673.155749244,"NRI_P178",25
"64598",-4723.98930075602,"NRI_P178",50
"64599",17457.899839244,"NRI_P178",100
"64600",8993.05163924399,"NRI_P178",25
"64601",-12211.699790756,"NRI_P178",50
"64602",27901.504009244,"NRI_P178",100
"64603",-5888.80240075602,"NRI_P178",25
"64604",6969.64550924397,"NRI_P178",50
"64605",7538.22915924402,"NRI_P178",100
"64606",4681.80838924399,"NRI_P178",25
"64607",21734.553659244,"NRI_P178",50
"64608",43187.855669244,"NRI_P178",100
"64609",3329.78683924399,"NRI_P178",25
"64610",3214.45322924401,"NRI_P178",50
"64611",18601.107009244,"NRI_P178",100
"64612",1591.832909244,"NRI_P178",25
"64613",-12240.349440756,"NRI_P178",50
"64614",13414.218979244,"NRI_P178",100
"64615",26574.316989244,"NRI_P178",25
"64616",85.9216092439892,"NRI_P178",50
"64617",-7940.020250756,"NRI_P178",100
"64618",-9044.521030756,"NRI_P178",25
"64619",30558.280009244,"NRI_P178",50
"64620",18968.995299244,"NRI_P178",100
"64621",1240.218799244,"NRI_P178",25
"64622",4659.57398924397,"NRI_P178",50
"64623",21538.641329244,"NRI_P178",100
"64624",-4854.51954075601,"NRI_P178",25
"64625",14153.121939244,"NRI_P178",50
"64626",56617.769819244,"NRI_P178",100
"64627",-5751.94358075602,"NRI_P178",25
"64628",23823.465229244,"NRI_P178",50
"64629",32880.676369244,"NRI_P178",100
"64630",21641.147059244,"NRI_P178",25
"64631",26955.811239244,"NRI_P178",50
"64632",20761.406089244,"NRI_P178",100
"64633",-2962.473440756,"NRI_P178",25
"64634",12287.394009244,"NRI_P178",50
"64635",-8988.09110075602,"NRI_P178",100
"64636",14073.317139244,"NRI_P178",25
"64637",17436.062289244,"NRI_P178",50
"64638",14576.280169244,"NRI_P178",100
"64639",-8088.01902075601,"NRI_P178",25
"64640",-20752.091490756,"NRI_P178",50
"64641",29496.986499244,"NRI_P178",100
"64642",-4370.413050756,"NRI_P178",25
"64643",-3696.08492075599,"NRI_P178",50
"64644",7288.71391924398,"NRI_P178",100
"64645",-3943.48012075599,"NRI_P178",25
"64646",12966.523099244,"NRI_P178",50
"64647",13369.346799244,"NRI_P178",100
"64648",-7935.21741075601,"NRI_P178",25
"64649",-8503.19852075601,"NRI_P178",50
"64650",12298.285649244,"NRI_P178",100
"64651",-13113.829650756,"NRI_P178",25
"64652",16531.229089244,"NRI_P178",50
"64653",-5473.420300756,"NRI_P178",100
"64654",11036.258729244,"NRI_P178",25
"64655",13936.055509244,"NRI_P178",50
"64656",49173.708119244,"NRI_P178",100
"64657",3770.635369244,"NRI_P178",25
"64658",22224.747019244,"NRI_P178",50
"64659",27530.760749244,"NRI_P178",100
"64660",-5733.95458075602,"NRI_P178",25
"64661",21534.678189244,"NRI_P178",50
"64662",39515.115599244,"NRI_P178",100
"64663",1847.00425924399,"NRI_P178",25
"64664",29848.907709244,"NRI_P178",50
"64665",31498.751329244,"NRI_P178",100
"64666",-7423.12794075601,"NRI_P178",25
"64667",14077.669769244,"NRI_P178",50
"64668",4688.81999924398,"NRI_P178",100
"64669",-7018.34871075602,"NRI_P178",25
"64670",21278.915349244,"NRI_P178",50
"64671",18150.328369244,"NRI_P178",100
"64672",7425.63159924399,"NRI_P178",25
"64673",25976.076379244,"NRI_P178",50
"64674",36560.663689244,"NRI_P178",100
"64675",5060.909899244,"NRI_P178",25
"64676",1085.38989924398,"NRI_P178",50
"64677",-18929.750290756,"NRI_P178",100
"64678",-174.675000756019,"NRI_P178",25
"64679",135.289479244006,"NRI_P178",50
"64680",15707.826089244,"NRI_P178",100
"64681",21193.069649244,"NRI_P178",25
"64682",5243.90744924397,"NRI_P178",50
"64683",44566.361169244,"NRI_P178",100
"64684",5971.11479924401,"NRI_P178",25
"64685",21328.843779244,"NRI_P178",50
"64686",28371.165779244,"NRI_P178",100
"64687",7326.035029244,"NRI_P178",25
"64688",-2349.83848075601,"NRI_P178",50
"64689",-10290.386400756,"NRI_P178",100
"64690",7611.86979924401,"NRI_P178",25
"64691",11208.556479244,"NRI_P178",50
"64692",17611.940769244,"NRI_P178",100
"64693",34559.234439244,"NRI_P178",25
"64694",6960.13139924398,"NRI_P178",50
"64695",26891.413299244,"NRI_P178",100
"64696",868.977559243998,"NRI_P178",25
"64697",7531.15998924398,"NRI_P178",50
"64698",24030.228409244,"NRI_P178",100
"64699",6813.05481924399,"NRI_P178",25
"64700",17366.943519244,"NRI_P178",50
"64701",12634.412199244,"NRI_P178",100
"64702",34525.172719244,"NRI_P178",25
"64703",10083.703449244,"NRI_P178",50
"64704",45394.626059244,"NRI_P178",100
"64705",18241.176599244,"NRI_P178",25
"64706",7732.33492924398,"NRI_P178",50
"64707",10148.824619244,"NRI_P178",100
"64708",14396.935989244,"NRI_P178",25
"64709",13002.338349244,"NRI_P178",50
"64710",26108.923909244,"NRI_P178",100
"64711",-9360.78450075601,"NRI_P178",25
"64712",14911.099339244,"NRI_P178",50
"64713",20721.156469244,"NRI_P178",100
"64714",22213.981739244,"NRI_P178",25
"64715",17761.844389244,"NRI_P178",50
"64716",27547.157509244,"NRI_P178",100
"64717",-14370.211060756,"NRI_P178",25
"64718",-1503.99772075602,"NRI_P178",50
"64719",16158.400259244,"NRI_P178",100
"64720",-7744.160450756,"NRI_P178",25
"64721",2405.76238924399,"NRI_P178",50
"64722",25774.004639244,"NRI_P178",100
"64723",15135.427579244,"NRI_P178",25
"64724",14863.494029244,"NRI_P178",50
"64725",584.816279243998,"NRI_P178",100
"64726",1906.52624924399,"NRI_P178",25
"64727",14838.968909244,"NRI_P178",50
"64728",-5355.069800756,"NRI_P178",100
"64729",19852.034639244,"NRI_P178",25
"64730",43320.762489244,"NRI_P178",50
"64731",-4012.23214075601,"NRI_P178",100
"64732",-2042.49240075602,"NRI_P178",25
"64733",5870.22904924399,"NRI_P178",50
"64734",14198.987179244,"NRI_P178",100
"64735",-8555.193050756,"NRI_P178",25
"64736",3535.424079244,"NRI_P178",50
"64737",11577.361519244,"NRI_P178",100
"64738",-662.422520755994,"NRI_P178",25
"64739",28881.814059244,"NRI_P178",50
"64740",41618.838289244,"NRI_P178",100
"64741",-5419.68684075601,"NRI_P178",25
"64742",-16982.925330756,"NRI_P178",50
"64743",-1006.53608075602,"NRI_P178",100
"64744",11038.714859244,"NRI_P178",25
"64745",-8162.011830756,"NRI_P178",50
"64746",16023.133429244,"NRI_P178",100
"64747",741.418829243979,"NRI_P178",25
"64748",21578.408679244,"NRI_P178",50
"64749",7362.68103924397,"NRI_P178",100
"64750",9655.21709924398,"NRI_P178",25
"64751",11900.301599244,"NRI_P178",50
"64752",-12500.956420756,"NRI_P178",100
"64753",27217.152659244,"NRI_P178",25
"64754",6494.75978924401,"NRI_P178",50
"64755",74376.259649244,"NRI_P178",100
"64756",4461.076209244,"NRI_P178",25
"64757",-2964.75377075601,"NRI_P178",50
"64758",-22922.729660756,"NRI_P178",100
"64759",17299.572559244,"NRI_P178",25
"64760",6681.74788924397,"NRI_P178",50
"64761",14408.301889244,"NRI_P178",100
"64762",10057.167429244,"NRI_P178",25
"64763",37125.638079244,"NRI_P178",50
"64764",-3189.31228075601,"NRI_P178",100
"64765",3152.57167924396,"NRI_P178",25
"64766",5541.35997924398,"NRI_P178",50
"64767",-5156.552360756,"NRI_P178",100
"64768",-571.789670755999,"NRI_P178",25
"64769",8410.18852924401,"NRI_P178",50
"64770",31714.608139244,"NRI_P178",100
"64771",14463.755779244,"NRI_P178",25
"64772",-3429.52842075602,"NRI_P178",50
"64773",-9895.78685075601,"NRI_P178",100
"64774",5888.05815924398,"NRI_P178",25
"64775",21691.880139244,"NRI_P178",50
"64776",46664.686919244,"NRI_P178",100
"64777",9029.64644924397,"NRI_P178",25
"64778",9976.00063924401,"NRI_P178",50
"64779",18544.119979244,"NRI_P178",100
"64780",30052.447799244,"NRI_P178",25
"64781",1437.12010924399,"NRI_P178",50
"64782",40732.753099244,"NRI_P178",100
"64783",15029.697769244,"NRI_P178",25
"64784",-6934.851780756,"NRI_P178",50
"64785",30265.664179244,"NRI_P178",100
"64786",-1069.80268075599,"NRI_P178",25
"64787",-21729.540730756,"NRI_P178",50
"64788",-11630.947040756,"NRI_P178",100
"64789",10061.051809244,"NRI_P178",25
"64790",13319.679599244,"NRI_P178",50
"64791",13325.352999244,"NRI_P178",100
"64792",-6836.54347075601,"NRI_P178",25
"64793",-22858.463330756,"NRI_P178",50
"64794",20412.310709244,"NRI_P178",100
"64795",10382.023909244,"NRI_P178",25
"64796",6373.10733924402,"NRI_P178",50
"64797",6224.417459244,"NRI_P178",100
"64798",14436.287019244,"NRI_P178",25
"64799",-355.271310756012,"NRI_P178",50
"64800",10361.991259244,"NRI_P178",100
"64801",-915.14508016099,"NRI_P179",25
"64802",-838.755120160989,"NRI_P179",50
"64803",-28934.642080161,"NRI_P179",100
"64804",-1554.60279016101,"NRI_P179",25
"64805",-30829.066860161,"NRI_P179",50
"64806",-22239.390900161,"NRI_P179",100
"64807",-2559.906620161,"NRI_P179",25
"64808",1731.23110983902,"NRI_P179",50
"64809",-25472.923280161,"NRI_P179",100
"64810",-1411.103680161,"NRI_P179",25
"64811",1932.51035983901,"NRI_P179",50
"64812",-26800.492880161,"NRI_P179",100
"64813",356.518869838997,"NRI_P179",25
"64814",-29501.530360161,"NRI_P179",50
"64815",-24745.863390161,"NRI_P179",100
"64816",1779.677669839,"NRI_P179",25
"64817",451.226379839005,"NRI_P179",50
"64818",-27513.106010161,"NRI_P179",100
"64819",-1191.39320016099,"NRI_P179",25
"64820",-30918.087200161,"NRI_P179",50
"64821",-19870.284200161,"NRI_P179",100
"64822",3133.736179839,"NRI_P179",25
"64823",-30250.077460161,"NRI_P179",50
"64824",-27926.486730161,"NRI_P179",100
"64825",515.80254983902,"NRI_P179",25
"64826",-29386.663820161,"NRI_P179",50
"64827",-32582.538630161,"NRI_P179",100
"64828",1995.73963983901,"NRI_P179",25
"64829",-2004.123800161,"NRI_P179",50
"64830",-29369.011970161,"NRI_P179",100
"64831",-730.630940161005,"NRI_P179",25
"64832",-19671.157360161,"NRI_P179",50
"64833",-24961.258670161,"NRI_P179",100
"64834",1675.655469839,"NRI_P179",25
"64835",-28642.978730161,"NRI_P179",50
"64836",-27811.626520161,"NRI_P179",100
"64837",-28057.693910161,"NRI_P179",25
"64838",-29660.726730161,"NRI_P179",50
"64839",-21126.776160161,"NRI_P179",100
"64840",-385.642570160999,"NRI_P179",25
"64841",2124.80187983901,"NRI_P179",50
"64842",-32049.907090161,"NRI_P179",100
"64843",-29522.518590161,"NRI_P179",25
"64844",297.942319839,"NRI_P179",50
"64845",-28063.521620161,"NRI_P179",100
"64846",903.857839839009,"NRI_P179",25
"64847",-31622.651380161,"NRI_P179",50
"64848",-28095.931560161,"NRI_P179",100
"64849",-33681.277860161,"NRI_P179",25
"64850",1783.33455983902,"NRI_P179",50
"64851",-21379.547540161,"NRI_P179",100
"64852",-28875.781970161,"NRI_P179",25
"64853",854.216019839019,"NRI_P179",50
"64854",-30178.915510161,"NRI_P179",100
"64855",-29938.026050161,"NRI_P179",25
"64856",-1634.19309016099,"NRI_P179",50
"64857",-24305.211580161,"NRI_P179",100
"64858",1228.00874983901,"NRI_P179",25
"64859",756.719959839014,"NRI_P179",50
"64860",-27211.533310161,"NRI_P179",100
"64861",464.044379839004,"NRI_P179",25
"64862",3352.36757983902,"NRI_P179",50
"64863",-24850.317250161,"NRI_P179",100
"64864",-1527.419780161,"NRI_P179",25
"64865",87.6360498389986,"NRI_P179",50
"64866",-29425.031420161,"NRI_P179",100
"64867",2248.95859983901,"NRI_P179",25
"64868",1922.350129839,"NRI_P179",50
"64869",-29984.404910161,"NRI_P179",100
"64870",-309.061100160994,"NRI_P179",25
"64871",-29714.682160161,"NRI_P179",50
"64872",-25943.077810161,"NRI_P179",100
"64873",-31489.194600161,"NRI_P179",25
"64874",526.516029838996,"NRI_P179",50
"64875",-32156.875250161,"NRI_P179",100
"64876",2201.99025983902,"NRI_P179",25
"64877",3500.43594983901,"NRI_P179",50
"64878",-29163.228660161,"NRI_P179",100
"64879",-31170.695850161,"NRI_P179",25
"64880",6275.85392983901,"NRI_P179",50
"64881",-27731.251000161,"NRI_P179",100
"64882",16.4944398390071,"NRI_P179",25
"64883",2480.055979839,"NRI_P179",50
"64884",-26660.550640161,"NRI_P179",100
"64885",4295.70789983901,"NRI_P179",25
"64886",5280.89447983901,"NRI_P179",50
"64887",-24511.829640161,"NRI_P179",100
"64888",1357.84258983901,"NRI_P179",25
"64889",1076.76142983901,"NRI_P179",50
"64890",-27383.213490161,"NRI_P179",100
"64891",3743.94933983902,"NRI_P179",25
"64892",-23398.947560161,"NRI_P179",50
"64893",-19451.453750161,"NRI_P179",100
"64894",-30130.565090161,"NRI_P179",25
"64895",-29863.674970161,"NRI_P179",50
"64896",-22893.340680161,"NRI_P179",100
"64897",-30820.560480161,"NRI_P179",25
"64898",-27585.703860161,"NRI_P179",50
"64899",-24181.393180161,"NRI_P179",100
"64900",3755.201389839,"NRI_P179",25
"64901",-30274.337030161,"NRI_P179",50
"64902",-26826.418020161,"NRI_P179",100
"64903",2529.70098983901,"NRI_P179",25
"64904",-24962.735950161,"NRI_P179",50
"64905",-24396.330060161,"NRI_P179",100
"64906",1792.52966983902,"NRI_P179",25
"64907",3986.442059839,"NRI_P179",50
"64908",-27264.649580161,"NRI_P179",100
"64909",-484.890880160994,"NRI_P179",25
"64910",-32865.344220161,"NRI_P179",50
"64911",-28234.340550161,"NRI_P179",100
"64912",-1209.28768016098,"NRI_P179",25
"64913",-26834.695740161,"NRI_P179",50
"64914",-26044.463140161,"NRI_P179",100
"64915",-1655.95764016098,"NRI_P179",25
"64916",-32935.353660161,"NRI_P179",50
"64917",-28718.578070161,"NRI_P179",100
"64918",-31954.052960161,"NRI_P179",25
"64919",4754.556349839,"NRI_P179",50
"64920",-28228.515990161,"NRI_P179",100
"64921",-30063.523840161,"NRI_P179",25
"64922",-24764.817880161,"NRI_P179",50
"64923",-22251.448510161,"NRI_P179",100
"64924",3173.29296983901,"NRI_P179",25
"64925",-26350.406320161,"NRI_P179",50
"64926",-25876.145350161,"NRI_P179",100
"64927",792.494369838998,"NRI_P179",25
"64928",-1957.411800161,"NRI_P179",50
"64929",-20807.933160161,"NRI_P179",100
"64930",-1606.44168016099,"NRI_P179",25
"64931",-33454.028030161,"NRI_P179",50
"64932",-25024.794040161,"NRI_P179",100
"64933",3202.17785983899,"NRI_P179",25
"64934",-28993.614760161,"NRI_P179",50
"64935",-27671.025650161,"NRI_P179",100
"64936",1964.99207983899,"NRI_P179",25
"64937",-31313.440370161,"NRI_P179",50
"64938",-26084.319780161,"NRI_P179",100
"64939",-28714.845840161,"NRI_P179",25
"64940",3952.36669983901,"NRI_P179",50
"64941",-22754.182530161,"NRI_P179",100
"64942",-1710.23688016098,"NRI_P179",25
"64943",5015.270509839,"NRI_P179",50
"64944",-27098.874030161,"NRI_P179",100
"64945",-31878.113040161,"NRI_P179",25
"64946",-32288.776430161,"NRI_P179",50
"64947",-29656.738860161,"NRI_P179",100
"64948",-29822.482150161,"NRI_P179",25
"64949",-25543.497250161,"NRI_P179",50
"64950",-20405.129910161,"NRI_P179",100
"64951",99.969509838993,"NRI_P179",25
"64952",4533.265579839,"NRI_P179",50
"64953",-19719.951160161,"NRI_P179",100
"64954",975.227839839004,"NRI_P179",25
"64955",3637.94433983901,"NRI_P179",50
"64956",-26890.529610161,"NRI_P179",100
"64957",220.361129839002,"NRI_P179",25
"64958",3493.055669839,"NRI_P179",50
"64959",-22934.658370161,"NRI_P179",100
"64960",2096.63929983901,"NRI_P179",25
"64961",-26687.017530161,"NRI_P179",50
"64962",-30352.468630161,"NRI_P179",100
"64963",-30687.856920161,"NRI_P179",25
"64964",-474.044450160989,"NRI_P179",50
"64965",-29410.428210161,"NRI_P179",100
"64966",-28875.255430161,"NRI_P179",25
"64967",-27325.634080161,"NRI_P179",50
"64968",-30955.814670161,"NRI_P179",100
"64969",-32325.312670161,"NRI_P179",25
"64970",-22655.064540161,"NRI_P179",50
"64971",-33141.511970161,"NRI_P179",100
"64972",1707.419569839,"NRI_P179",25
"64973",-30008.497330161,"NRI_P179",50
"64974",-25128.285830161,"NRI_P179",100
"64975",5088.713329839,"NRI_P179",25
"64976",-3547.612990161,"NRI_P179",50
"64977",-27421.353540161,"NRI_P179",100
"64978",-536.434920161002,"NRI_P179",25
"64979",-28739.675020161,"NRI_P179",50
"64980",-30068.465500161,"NRI_P179",100
"64981",-1062.76820016099,"NRI_P179",25
"64982",-1792.19022016099,"NRI_P179",50
"64983",-23146.516360161,"NRI_P179",100
"64984",-285.744630161003,"NRI_P179",25
"64985",-26624.898780161,"NRI_P179",50
"64986",-28085.195460161,"NRI_P179",100
"64987",-26177.201090161,"NRI_P179",25
"64988",-32509.891550161,"NRI_P179",50
"64989",-25006.135760161,"NRI_P179",100
"64990",3794.35365983902,"NRI_P179",25
"64991",-27167.868430161,"NRI_P179",50
"64992",-29889.504550161,"NRI_P179",100
"64993",-30075.769510161,"NRI_P179",25
"64994",3120.898219839,"NRI_P179",50
"64995",-24511.073260161,"NRI_P179",100
"64996",-790.103370160999,"NRI_P179",25
"64997",3322.610299839,"NRI_P179",50
"64998",-31938.403100161,"NRI_P179",100
"64999",4840.131829839,"NRI_P179",25
"65000",-31050.211510161,"NRI_P179",50
"65001",-25357.939300161,"NRI_P179",100
"65002",855.452299839002,"NRI_P179",25
"65003",-936.744370161003,"NRI_P179",50
"65004",-26985.230210161,"NRI_P179",100
"65005",-31028.923880161,"NRI_P179",25
"65006",6754.42345983902,"NRI_P179",50
"65007",-28269.375520161,"NRI_P179",100
"65008",-28666.961750161,"NRI_P179",25
"65009",-27526.689930161,"NRI_P179",50
"65010",-25900.820870161,"NRI_P179",100
"65011",1267.09831983902,"NRI_P179",25
"65012",4712.96419983901,"NRI_P179",50
"65013",-26645.346050161,"NRI_P179",100
"65014",-3400.09867016098,"NRI_P179",25
"65015",-1186.45946016099,"NRI_P179",50
"65016",-30761.931500161,"NRI_P179",100
"65017",5038.48128983899,"NRI_P179",25
"65018",-27503.406890161,"NRI_P179",50
"65019",-26696.194180161,"NRI_P179",100
"65020",-29815.930310161,"NRI_P179",25
"65021",-27121.900960161,"NRI_P179",50
"65022",-27243.165470161,"NRI_P179",100
"65023",-29768.305670161,"NRI_P179",25
"65024",-24031.506480161,"NRI_P179",50
"65025",-29774.574490161,"NRI_P179",100
"65026",-103.182630160998,"NRI_P179",25
"65027",-25623.045000161,"NRI_P179",50
"65028",-21778.709760161,"NRI_P179",100
"65029",-30252.881740161,"NRI_P179",25
"65030",3742.54470983901,"NRI_P179",50
"65031",-25880.055160161,"NRI_P179",100
"65032",927.300799838995,"NRI_P179",25
"65033",-33034.308350161,"NRI_P179",50
"65034",-18840.480190161,"NRI_P179",100
"65035",3143.53079983901,"NRI_P179",25
"65036",-26789.118420161,"NRI_P179",50
"65037",-29017.275400161,"NRI_P179",100
"65038",837.213279838994,"NRI_P179",25
"65039",3158.85456983899,"NRI_P179",50
"65040",-24182.191110161,"NRI_P179",100
"65041",540.624949838995,"NRI_P179",25
"65042",-29944.236580161,"NRI_P179",50
"65043",-29468.537360161,"NRI_P179",100
"65044",-26761.959060161,"NRI_P179",25
"65045",-28289.628110161,"NRI_P179",50
"65046",-23594.659940161,"NRI_P179",100
"65047",2432.02908983899,"NRI_P179",25
"65048",-27439.745030161,"NRI_P179",50
"65049",-26006.593670161,"NRI_P179",100
"65050",-885.935370160994,"NRI_P179",25
"65051",-24923.236800161,"NRI_P179",50
"65052",-22177.152870161,"NRI_P179",100
"65053",129.515839839005,"NRI_P179",25
"65054",-27815.054970161,"NRI_P179",50
"65055",-29784.423500161,"NRI_P179",100
"65056",-710.211590160994,"NRI_P179",25
"65057",-24563.514560161,"NRI_P179",50
"65058",-27270.027380161,"NRI_P179",100
"65059",-27648.493560161,"NRI_P179",25
"65060",1612.695109839,"NRI_P179",50
"65061",-23701.600590161,"NRI_P179",100
"65062",-1441.746930161,"NRI_P179",25
"65063",4938.89582983902,"NRI_P179",50
"65064",-29796.070860161,"NRI_P179",100
"65065",5449.470229839,"NRI_P179",25
"65066",-26873.977470161,"NRI_P179",50
"65067",-28257.183360161,"NRI_P179",100
"65068",-441.798090160999,"NRI_P179",25
"65069",-28831.407410161,"NRI_P179",50
"65070",-27751.832540161,"NRI_P179",100
"65071",-26430.439770161,"NRI_P179",25
"65072",-25022.996870161,"NRI_P179",50
"65073",-28173.736970161,"NRI_P179",100
"65074",-30513.944540161,"NRI_P179",25
"65075",-29262.852750161,"NRI_P179",50
"65076",-28246.898450161,"NRI_P179",100
"65077",1268.00198983902,"NRI_P179",25
"65078",7972.63952983901,"NRI_P179",50
"65079",-26599.650780161,"NRI_P179",100
"65080",-2066.22492016098,"NRI_P179",25
"65081",155.713939839014,"NRI_P179",50
"65082",-29094.288010161,"NRI_P179",100
"65083",2146.95814983902,"NRI_P179",25
"65084",-694.278320160985,"NRI_P179",50
"65085",-26594.229280161,"NRI_P179",100
"65086",3651.03020983899,"NRI_P179",25
"65087",4232.84833983899,"NRI_P179",50
"65088",-23540.553610161,"NRI_P179",100
"65089",1086.69535983901,"NRI_P179",25
"65090",-26873.375890161,"NRI_P179",50
"65091",-25587.870580161,"NRI_P179",100
"65092",5036.497309839,"NRI_P179",25
"65093",1333.00891983902,"NRI_P179",50
"65094",-21817.743640161,"NRI_P179",100
"65095",-1718.81844016101,"NRI_P179",25
"65096",-30716.713370161,"NRI_P179",50
"65097",-25526.530250161,"NRI_P179",100
"65098",-1413.98823016099,"NRI_P179",25
"65099",-30132.244780161,"NRI_P179",50
"65100",-27080.015720161,"NRI_P179",100
"65101",-19163.287268798,"NRI_P180",25
"65102",-39782.953288798,"NRI_P180",50
"65103",-135432.069198798,"NRI_P180",100
"65104",-33702.569618798,"NRI_P180",25
"65105",-69368.425188798,"NRI_P180",50
"65106",-128018.160048798,"NRI_P180",100
"65107",-16840.267298798,"NRI_P180",25
"65108",-82188.043728798,"NRI_P180",50
"65109",-122651.020478798,"NRI_P180",100
"65110",-31602.082188798,"NRI_P180",25
"65111",-81385.216948798,"NRI_P180",50
"65112",-127229.200878798,"NRI_P180",100
"65113",-18233.545148798,"NRI_P180",25
"65114",-33014.316868798,"NRI_P180",50
"65115",-146786.325658798,"NRI_P180",100
"65116",-36234.983828798,"NRI_P180",25
"65117",-81613.053508798,"NRI_P180",50
"65118",-114546.946018798,"NRI_P180",100
"65119",-54426.879818798,"NRI_P180",25
"65120",-72654.018408798,"NRI_P180",50
"65121",-138125.306998798,"NRI_P180",100
"65122",-41761.148808798,"NRI_P180",25
"65123",-81045.571028798,"NRI_P180",50
"65124",-125644.545548798,"NRI_P180",100
"65125",-33810.941818798,"NRI_P180",25
"65126",-66229.880888798,"NRI_P180",50
"65127",-125328.002328798,"NRI_P180",100
"65128",-33442.361598798,"NRI_P180",25
"65129",-61602.366358798,"NRI_P180",50
"65130",-117317.413388798,"NRI_P180",100
"65131",-41394.635488798,"NRI_P180",25
"65132",-109685.729478798,"NRI_P180",50
"65133",-122904.339678798,"NRI_P180",100
"65134",-39385.277388798,"NRI_P180",25
"65135",-62975.959228798,"NRI_P180",50
"65136",-149186.137618798,"NRI_P180",100
"65137",-23296.137498798,"NRI_P180",25
"65138",-69433.368118798,"NRI_P180",50
"65139",-143654.165688798,"NRI_P180",100
"65140",-20724.220348798,"NRI_P180",25
"65141",-60638.365928798,"NRI_P180",50
"65142",-133289.386408798,"NRI_P180",100
"65143",-58416.924118798,"NRI_P180",25
"65144",-73070.498828798,"NRI_P180",50
"65145",-149523.677608798,"NRI_P180",100
"65146",-24793.746708798,"NRI_P180",25
"65147",-73749.994808798,"NRI_P180",50
"65148",-135235.282068798,"NRI_P180",100
"65149",-46314.525488798,"NRI_P180",25
"65150",-45432.880578798,"NRI_P180",50
"65151",-123108.216538798,"NRI_P180",100
"65152",-29024.478138798,"NRI_P180",25
"65153",-68508.843438798,"NRI_P180",50
"65154",-126615.208698798,"NRI_P180",100
"65155",-58838.914828798,"NRI_P180",25
"65156",-92019.727878798,"NRI_P180",50
"65157",-129059.677628798,"NRI_P180",100
"65158",-37692.861008798,"NRI_P180",25
"65159",-85330.056528798,"NRI_P180",50
"65160",-130403.404328798,"NRI_P180",100
"65161",-33319.274418798,"NRI_P180",25
"65162",-45676.767998798,"NRI_P180",50
"65163",-154020.337238798,"NRI_P180",100
"65164",-13943.504258798,"NRI_P180",25
"65165",-98942.339818798,"NRI_P180",50
"65166",-139340.644488798,"NRI_P180",100
"65167",-23333.328008798,"NRI_P180",25
"65168",-62636.064218798,"NRI_P180",50
"65169",-104927.617708798,"NRI_P180",100
"65170",-50392.431108798,"NRI_P180",25
"65171",-87548.675578798,"NRI_P180",50
"65172",-134131.128398798,"NRI_P180",100
"65173",-44116.390828798,"NRI_P180",25
"65174",-71283.165798798,"NRI_P180",50
"65175",-137185.910928798,"NRI_P180",100
"65176",-38302.057488798,"NRI_P180",25
"65177",-71908.737948798,"NRI_P180",50
"65178",-126842.741758798,"NRI_P180",100
"65179",-26954.415438798,"NRI_P180",25
"65180",-70296.342858798,"NRI_P180",50
"65181",-117847.113158798,"NRI_P180",100
"65182",-26136.734448798,"NRI_P180",25
"65183",-91505.945238798,"NRI_P180",50
"65184",-150482.103838798,"NRI_P180",100
"65185",-40135.770818798,"NRI_P180",25
"65186",-49230.698028798,"NRI_P180",50
"65187",-127505.433348798,"NRI_P180",100
"65188",-44060.110578798,"NRI_P180",25
"65189",-71161.398568798,"NRI_P180",50
"65190",-129582.690158798,"NRI_P180",100
"65191",-32912.835898798,"NRI_P180",25
"65192",-76891.664208798,"NRI_P180",50
"65193",-124954.707988798,"NRI_P180",100
"65194",-36185.980578798,"NRI_P180",25
"65195",-96057.117448798,"NRI_P180",50
"65196",-141441.153278798,"NRI_P180",100
"65197",-65014.357148798,"NRI_P180",25
"65198",-43869.125448798,"NRI_P180",50
"65199",-134520.687518798,"NRI_P180",100
"65200",-43067.938228798,"NRI_P180",25
"65201",-60183.093938798,"NRI_P180",50
"65202",-130523.373708798,"NRI_P180",100
"65203",-18633.503208798,"NRI_P180",25
"65204",-70600.309418798,"NRI_P180",50
"65205",-136740.353418798,"NRI_P180",100
"65206",-48185.237438798,"NRI_P180",25
"65207",-100707.987148798,"NRI_P180",50
"65208",-114896.934228798,"NRI_P180",100
"65209",-7126.62824879796,"NRI_P180",25
"65210",-44414.246958798,"NRI_P180",50
"65211",-122847.560168798,"NRI_P180",100
"65212",-47527.105528798,"NRI_P180",25
"65213",-84881.249718798,"NRI_P180",50
"65214",-135524.024058798,"NRI_P180",100
"65215",-35091.668428798,"NRI_P180",25
"65216",-48965.081468798,"NRI_P180",50
"65217",-148839.843328798,"NRI_P180",100
"65218",-36478.029678798,"NRI_P180",25
"65219",-71239.901578798,"NRI_P180",50
"65220",-147621.381418798,"NRI_P180",100
"65221",-40794.131518798,"NRI_P180",25
"65222",-82308.750648798,"NRI_P180",50
"65223",-133550.950998798,"NRI_P180",100
"65224",-27499.474028798,"NRI_P180",25
"65225",-71702.441538798,"NRI_P180",50
"65226",-136794.337498798,"NRI_P180",100
"65227",-43943.313298798,"NRI_P180",25
"65228",-40388.955398798,"NRI_P180",50
"65229",-134867.708388798,"NRI_P180",100
"65230",-21603.474658798,"NRI_P180",25
"65231",-59759.640748798,"NRI_P180",50
"65232",-144598.878138798,"NRI_P180",100
"65233",-17085.174268798,"NRI_P180",25
"65234",-60231.899228798,"NRI_P180",50
"65235",-142801.334068798,"NRI_P180",100
"65236",-20270.456218798,"NRI_P180",25
"65237",-53756.405798798,"NRI_P180",50
"65238",-129432.905318798,"NRI_P180",100
"65239",-19470.597848798,"NRI_P180",25
"65240",-62179.456128798,"NRI_P180",50
"65241",-112101.484298798,"NRI_P180",100
"65242",-65993.009978798,"NRI_P180",25
"65243",-55954.184308798,"NRI_P180",50
"65244",-138503.922298798,"NRI_P180",100
"65245",-47208.214158798,"NRI_P180",25
"65246",-64999.911148798,"NRI_P180",50
"65247",-130253.066038798,"NRI_P180",100
"65248",-41314.297078798,"NRI_P180",25
"65249",-58914.041758798,"NRI_P180",50
"65250",-142187.515908798,"NRI_P180",100
"65251",-37274.281118798,"NRI_P180",25
"65252",-84536.562198798,"NRI_P180",50
"65253",-135837.106458798,"NRI_P180",100
"65254",-41244.449278798,"NRI_P180",25
"65255",-74687.937038798,"NRI_P180",50
"65256",-127921.268588798,"NRI_P180",100
"65257",-74554.326528798,"NRI_P180",25
"65258",-53537.863978798,"NRI_P180",50
"65259",-143332.223798798,"NRI_P180",100
"65260",-43503.506118798,"NRI_P180",25
"65261",-73309.194648798,"NRI_P180",50
"65262",-134310.357778798,"NRI_P180",100
"65263",-19197.289788798,"NRI_P180",25
"65264",-87137.086348798,"NRI_P180",50
"65265",-126205.506158798,"NRI_P180",100
"65266",-24349.243908798,"NRI_P180",25
"65267",-75576.105108798,"NRI_P180",50
"65268",-131207.256018798,"NRI_P180",100
"65269",-62716.068818798,"NRI_P180",25
"65270",-41571.120858798,"NRI_P180",50
"65271",-131290.289548798,"NRI_P180",100
"65272",-44852.553468798,"NRI_P180",25
"65273",-62320.238568798,"NRI_P180",50
"65274",-143490.026608798,"NRI_P180",100
"65275",2950.33596120198,"NRI_P180",25
"65276",-49543.442148798,"NRI_P180",50
"65277",-122868.144218798,"NRI_P180",100
"65278",-45565.077048798,"NRI_P180",25
"65279",-64036.630448798,"NRI_P180",50
"65280",-105779.112558798,"NRI_P180",100
"65281",-34524.562158798,"NRI_P180",25
"65282",-100246.042138798,"NRI_P180",50
"65283",-126543.990908798,"NRI_P180",100
"65284",-47472.681848798,"NRI_P180",25
"65285",-63289.332568798,"NRI_P180",50
"65286",-137476.034518798,"NRI_P180",100
"65287",-55234.571258798,"NRI_P180",25
"65288",-77803.285178798,"NRI_P180",50
"65289",-138782.495648798,"NRI_P180",100
"65290",-38442.817058798,"NRI_P180",25
"65291",-95069.673168798,"NRI_P180",50
"65292",-134983.725908798,"NRI_P180",100
"65293",-49558.384468798,"NRI_P180",25
"65294",-77188.058168798,"NRI_P180",50
"65295",-139328.630668798,"NRI_P180",100
"65296",-35788.401698798,"NRI_P180",25
"65297",-40640.274818798,"NRI_P180",50
"65298",-142453.845498798,"NRI_P180",100
"65299",-43584.766108798,"NRI_P180",25
"65300",-75590.774938798,"NRI_P180",50
"65301",-143982.271048798,"NRI_P180",100
"65302",-38778.828758798,"NRI_P180",25
"65303",-76939.421218798,"NRI_P180",50
"65304",-138059.573228798,"NRI_P180",100
"65305",-45720.983548798,"NRI_P180",25
"65306",-43855.244458798,"NRI_P180",50
"65307",-128570.314168798,"NRI_P180",100
"65308",-51023.606198798,"NRI_P180",25
"65309",-53904.762178798,"NRI_P180",50
"65310",-141749.999028798,"NRI_P180",100
"65311",-54686.458018798,"NRI_P180",25
"65312",-66379.795338798,"NRI_P180",50
"65313",-129650.919178798,"NRI_P180",100
"65314",-34734.289488798,"NRI_P180",25
"65315",-64655.656178798,"NRI_P180",50
"65316",-125579.186418798,"NRI_P180",100
"65317",-29871.304878798,"NRI_P180",25
"65318",-86519.111398798,"NRI_P180",50
"65319",-127881.240488798,"NRI_P180",100
"65320",-26028.950838798,"NRI_P180",25
"65321",-73746.097798798,"NRI_P180",50
"65322",-120900.458898798,"NRI_P180",100
"65323",-13262.194528798,"NRI_P180",25
"65324",-75926.997868798,"NRI_P180",50
"65325",-127400.699658798,"NRI_P180",100
"65326",-33710.495308798,"NRI_P180",25
"65327",-57378.525438798,"NRI_P180",50
"65328",-145569.925278798,"NRI_P180",100
"65329",-39919.858108798,"NRI_P180",25
"65330",-71619.994968798,"NRI_P180",50
"65331",-137071.440208798,"NRI_P180",100
"65332",-27249.988688798,"NRI_P180",25
"65333",-53358.971548798,"NRI_P180",50
"65334",-138376.741578798,"NRI_P180",100
"65335",-14688.856458798,"NRI_P180",25
"65336",-70820.201648798,"NRI_P180",50
"65337",-128633.676438798,"NRI_P180",100
"65338",-41325.680308798,"NRI_P180",25
"65339",-61931.261698798,"NRI_P180",50
"65340",-121298.599908798,"NRI_P180",100
"65341",-12109.142288798,"NRI_P180",25
"65342",-79490.106328798,"NRI_P180",50
"65343",-130452.294548798,"NRI_P180",100
"65344",-53178.080028798,"NRI_P180",25
"65345",-91139.539698798,"NRI_P180",50
"65346",-140616.887748798,"NRI_P180",100
"65347",-51965.391158798,"NRI_P180",25
"65348",-75864.842268798,"NRI_P180",50
"65349",-143494.379238798,"NRI_P180",100
"65350",-12199.594888798,"NRI_P180",25
"65351",-67234.182798798,"NRI_P180",50
"65352",-138481.847998798,"NRI_P180",100
"65353",-22273.247288798,"NRI_P180",25
"65354",-56336.147248798,"NRI_P180",50
"65355",-120884.089138798,"NRI_P180",100
"65356",-12938.827368798,"NRI_P180",25
"65357",-91237.559618798,"NRI_P180",50
"65358",-146976.682918798,"NRI_P180",100
"65359",-52421.237938798,"NRI_P180",25
"65360",-80707.077388798,"NRI_P180",50
"65361",-130072.672238798,"NRI_P180",100
"65362",-34474.705508798,"NRI_P180",25
"65363",-82042.732148798,"NRI_P180",50
"65364",-127482.706348798,"NRI_P180",100
"65365",-38028.580388798,"NRI_P180",25
"65366",-64520.233088798,"NRI_P180",50
"65367",-142912.895808798,"NRI_P180",100
"65368",-31764.008758798,"NRI_P180",25
"65369",-68655.975128798,"NRI_P180",50
"65370",-136391.283798798,"NRI_P180",100
"65371",-63083.929058798,"NRI_P180",25
"65372",-56297.421718798,"NRI_P180",50
"65373",-137170.898098798,"NRI_P180",100
"65374",-30500.311838798,"NRI_P180",25
"65375",-47141.941748798,"NRI_P180",50
"65376",-134410.340498798,"NRI_P180",100
"65377",-40643.537338798,"NRI_P180",25
"65378",-56473.610888798,"NRI_P180",50
"65379",-119220.981078798,"NRI_P180",100
"65380",-40530.086378798,"NRI_P180",25
"65381",-67922.267648798,"NRI_P180",50
"65382",-134581.221028798,"NRI_P180",100
"65383",-15269.383628798,"NRI_P180",25
"65384",-61044.552308798,"NRI_P180",50
"65385",-127078.616258798,"NRI_P180",100
"65386",-31601.101698798,"NRI_P180",25
"65387",-58196.568678798,"NRI_P180",50
"65388",-128905.994988798,"NRI_P180",100
"65389",-60483.455758798,"NRI_P180",25
"65390",-49597.490838798,"NRI_P180",50
"65391",-123308.933648798,"NRI_P180",100
"65392",-32352.493808798,"NRI_P180",25
"65393",-79892.978278798,"NRI_P180",50
"65394",-135763.933818798,"NRI_P180",100
"65395",-30048.037248798,"NRI_P180",25
"65396",-71277.136428798,"NRI_P180",50
"65397",-131931.636718798,"NRI_P180",100
"65398",-26462.003438798,"NRI_P180",25
"65399",-92444.240258798,"NRI_P180",50
"65400",-139735.761498798,"NRI_P180",100
"65401",7666.75505306601,"NRI_P181",25
"65402",10224.253503066,"NRI_P181",50
"65403",1170.16765306599,"NRI_P181",100
"65404",3780.57338306599,"NRI_P181",25
"65405",4175.52423306601,"NRI_P181",50
"65406",566.768053065985,"NRI_P181",100
"65407",2359.36345306601,"NRI_P181",25
"65408",8404.31196306599,"NRI_P181",50
"65409",4551.86858306601,"NRI_P181",100
"65410",-118.340416933992,"NRI_P181",25
"65411",9773.58154306599,"NRI_P181",50
"65412",-3589.61599693401,"NRI_P181",100
"65413",3402.48028306599,"NRI_P181",25
"65414",3747.96334306599,"NRI_P181",50
"65415",7172.81785306599,"NRI_P181",100
"65416",9666.50453306601,"NRI_P181",25
"65417",440.732143066009,"NRI_P181",50
"65418",13235.697983066,"NRI_P181",100
"65419",6878.54549306599,"NRI_P181",25
"65420",2742.42681306601,"NRI_P181",50
"65421",15399.361393066,"NRI_P181",100
"65422",478.662783065985,"NRI_P181",25
"65423",880.905653066002,"NRI_P181",50
"65424",13462.699443066,"NRI_P181",100
"65425",-549.018716933992,"NRI_P181",25
"65426",7031.02603306601,"NRI_P181",50
"65427",16158.966323066,"NRI_P181",100
"65428",822.837643065985,"NRI_P181",25
"65429",13366.118493066,"NRI_P181",50
"65430",11351.780273066,"NRI_P181",100
"65431",-310.585776933993,"NRI_P181",25
"65432",141.272353065986,"NRI_P181",50
"65433",16759.119413066,"NRI_P181",100
"65434",750.699313065998,"NRI_P181",25
"65435",6627.31872306601,"NRI_P181",50
"65436",3170.528123066,"NRI_P181",100
"65437",8135.89312306599,"NRI_P181",25
"65438",12026.851673066,"NRI_P181",50
"65439",14303.728473066,"NRI_P181",100
"65440",2951.973913066,"NRI_P181",25
"65441",7041.50627306598,"NRI_P181",50
"65442",13403.955573066,"NRI_P181",100
"65443",-3228.92760693401,"NRI_P181",25
"65444",8236.493823066,"NRI_P181",50
"65445",15422.498753066,"NRI_P181",100
"65446",-1100.87084693401,"NRI_P181",25
"65447",19339.712623066,"NRI_P181",50
"65448",16967.341413066,"NRI_P181",100
"65449",-114.996986934013,"NRI_P181",25
"65450",6892.72695306601,"NRI_P181",50
"65451",22821.908433066,"NRI_P181",100
"65452",14295.077443066,"NRI_P181",25
"65453",-565.033116934006,"NRI_P181",50
"65454",7762.61998306599,"NRI_P181",100
"65455",17.123283066001,"NRI_P181",25
"65456",4638.337263066,"NRI_P181",50
"65457",27617.204283066,"NRI_P181",100
"65458",1279.22692306599,"NRI_P181",25
"65459",9119.461773066,"NRI_P181",50
"65460",15960.393743066,"NRI_P181",100
"65461",22831.326043066,"NRI_P181",25
"65462",2840.01722306601,"NRI_P181",50
"65463",1748.37497306601,"NRI_P181",100
"65464",1933.259383066,"NRI_P181",25
"65465",9436.875893066,"NRI_P181",50
"65466",3347.65720306599,"NRI_P181",100
"65467",-975.067406933988,"NRI_P181",25
"65468",7178.211453066,"NRI_P181",50
"65469",10084.144753066,"NRI_P181",100
"65470",10355.789393066,"NRI_P181",25
"65471",10227.409653066,"NRI_P181",50
"65472",8484.19679306599,"NRI_P181",100
"65473",10598.330233066,"NRI_P181",25
"65474",12627.784913066,"NRI_P181",50
"65475",12507.612053066,"NRI_P181",100
"65476",-227.524506933987,"NRI_P181",25
"65477",16965.469403066,"NRI_P181",50
"65478",14162.560473066,"NRI_P181",100
"65479",2304.036783066,"NRI_P181",25
"65480",10096.427053066,"NRI_P181",50
"65481",11066.354433066,"NRI_P181",100
"65482",5355.16990306601,"NRI_P181",25
"65483",7986.74973306601,"NRI_P181",50
"65484",10847.123773066,"NRI_P181",100
"65485",5717.48282306601,"NRI_P181",25
"65486",2515.039253066,"NRI_P181",50
"65487",21011.563723066,"NRI_P181",100
"65488",3267.52209306599,"NRI_P181",25
"65489",10900.546993066,"NRI_P181",50
"65490",11791.404263066,"NRI_P181",100
"65491",11510.519253066,"NRI_P181",25
"65492",2094.49039306599,"NRI_P181",50
"65493",15114.414633066,"NRI_P181",100
"65494",-2971.09459693401,"NRI_P181",25
"65495",1006.95188306601,"NRI_P181",50
"65496",5550.186513066,"NRI_P181",100
"65497",14122.200113066,"NRI_P181",25
"65498",12505.207903066,"NRI_P181",50
"65499",2693.32657306601,"NRI_P181",100
"65500",-1507.20260693401,"NRI_P181",25
"65501",5465.85653306599,"NRI_P181",50
"65502",18862.576023066,"NRI_P181",100
"65503",4342.10675306601,"NRI_P181",25
"65504",2103.15835306598,"NRI_P181",50
"65505",9549.901613066,"NRI_P181",100
"65506",6499.69641306601,"NRI_P181",25
"65507",12673.215533066,"NRI_P181",50
"65508",7389.61380306599,"NRI_P181",100
"65509",-1554.553716934,"NRI_P181",25
"65510",781.237393065996,"NRI_P181",50
"65511",15331.255993066,"NRI_P181",100
"65512",12528.906123066,"NRI_P181",25
"65513",5948.59282306599,"NRI_P181",50
"65514",-1109.56479693399,"NRI_P181",100
"65515",3110.32761306601,"NRI_P181",25
"65516",20255.531403066,"NRI_P181",50
"65517",8450.81814306599,"NRI_P181",100
"65518",-1385.38918693402,"NRI_P181",25
"65519",14759.792013066,"NRI_P181",50
"65520",22655.998313066,"NRI_P181",100
"65521",1988.89423306601,"NRI_P181",25
"65522",11281.960423066,"NRI_P181",50
"65523",22496.208343066,"NRI_P181",100
"65524",-5024.98145693401,"NRI_P181",25
"65525",13559.932483066,"NRI_P181",50
"65526",9374.397943066,"NRI_P181",100
"65527",-2109.80156693401,"NRI_P181",25
"65528",5670.77483306601,"NRI_P181",50
"65529",32150.573483066,"NRI_P181",100
"65530",3.86107306598569,"NRI_P181",25
"65531",-1349.773426934,"NRI_P181",50
"65532",23126.551633066,"NRI_P181",100
"65533",1188.711013066,"NRI_P181",25
"65534",8066.37864306601,"NRI_P181",50
"65535",9737.876283066,"NRI_P181",100
"65536",9829.49882306601,"NRI_P181",25
"65537",2242.58592306598,"NRI_P181",50
"65538",15121.814793066,"NRI_P181",100
"65539",-270.752666934015,"NRI_P181",25
"65540",5630.68030306601,"NRI_P181",50
"65541",17988.186813066,"NRI_P181",100
"65542",3855.11995306599,"NRI_P181",25
"65543",130.259723066003,"NRI_P181",50
"65544",13591.393433066,"NRI_P181",100
"65545",9039.549053066,"NRI_P181",25
"65546",2214.82914306599,"NRI_P181",50
"65547",13113.031303066,"NRI_P181",100
"65548",965.771613065997,"NRI_P181",25
"65549",8829.795043066,"NRI_P181",50
"65550",2626.62721306601,"NRI_P181",100
"65551",-389.17424693401,"NRI_P181",25
"65552",-853.751226933993,"NRI_P181",50
"65553",7395.46649306599,"NRI_P181",100
"65554",-2994.48158693401,"NRI_P181",25
"65555",4920.02534306599,"NRI_P181",50
"65556",19968.309263066,"NRI_P181",100
"65557",2411.87275306601,"NRI_P181",25
"65558",7621.86303306601,"NRI_P181",50
"65559",14293.189073066,"NRI_P181",100
"65560",3942.968103066,"NRI_P181",25
"65561",5352.18507306601,"NRI_P181",50
"65562",8895.238743066,"NRI_P181",100
"65563",11325.611673066,"NRI_P181",25
"65564",2035.501623066,"NRI_P181",50
"65565",4137.81187306601,"NRI_P181",100
"65566",-1249.28315693399,"NRI_P181",25
"65567",1520.96290306599,"NRI_P181",50
"65568",830.990543066,"NRI_P181",100
"65569",13968.050633066,"NRI_P181",25
"65570",16489.398083066,"NRI_P181",50
"65571",19278.885673066,"NRI_P181",100
"65572",2260.500783066,"NRI_P181",25
"65573",23914.259183066,"NRI_P181",50
"65574",9943.130633066,"NRI_P181",100
"65575",9707.83355306601,"NRI_P181",25
"65576",8436.013553066,"NRI_P181",50
"65577",11785.920653066,"NRI_P181",100
"65578",1096.95050306601,"NRI_P181",25
"65579",230.894093065988,"NRI_P181",50
"65580",50.757203065994,"NRI_P181",100
"65581",520.24829306599,"NRI_P181",25
"65582",2499.27717306599,"NRI_P181",50
"65583",19214.810593066,"NRI_P181",100
"65584",4596.97762306599,"NRI_P181",25
"65585",27925.554813066,"NRI_P181",50
"65586",12550.326173066,"NRI_P181",100
"65587",5958.89080306599,"NRI_P181",25
"65588",-2353.529286934,"NRI_P181",50
"65589",17188.429613066,"NRI_P181",100
"65590",68.1206230660027,"NRI_P181",25
"65591",24465.465163066,"NRI_P181",50
"65592",7239.19976306599,"NRI_P181",100
"65593",8974.48516306601,"NRI_P181",25
"65594",13786.827353066,"NRI_P181",50
"65595",5530.08698306599,"NRI_P181",100
"65596",5063.18309306601,"NRI_P181",25
"65597",20080.806293066,"NRI_P181",50
"65598",27939.984113066,"NRI_P181",100
"65599",5917.10054306599,"NRI_P181",25
"65600",7761.83083306599,"NRI_P181",50
"65601",468.011153066007,"NRI_P181",100
"65602",6034.598833066,"NRI_P181",25
"65603",11700.194063066,"NRI_P181",50
"65604",11797.978713066,"NRI_P181",100
"65605",-1476.619026934,"NRI_P181",25
"65606",11201.325493066,"NRI_P181",50
"65607",201.871313065989,"NRI_P181",100
"65608",-714.082976934005,"NRI_P181",25
"65609",7641.194153066,"NRI_P181",50
"65610",32046.956063066,"NRI_P181",100
"65611",7152.727953066,"NRI_P181",25
"65612",1611.48062306599,"NRI_P181",50
"65613",13474.536783066,"NRI_P181",100
"65614",2463.407453066,"NRI_P181",25
"65615",-586.181176934013,"NRI_P181",50
"65616",3874.944173066,"NRI_P181",100
"65617",3168.71564306601,"NRI_P181",25
"65618",4114.43652306599,"NRI_P181",50
"65619",18241.136933066,"NRI_P181",100
"65620",-944.466246933996,"NRI_P181",25
"65621",7714.03058306599,"NRI_P181",50
"65622",-1617.291126934,"NRI_P181",100
"65623",-1167.21174693402,"NRI_P181",25
"65624",6140.68120306599,"NRI_P181",50
"65625",14924.454773066,"NRI_P181",100
"65626",-3060.303086934,"NRI_P181",25
"65627",1770.57680306601,"NRI_P181",50
"65628",6019.758213066,"NRI_P181",100
"65629",3134.049443066,"NRI_P181",25
"65630",14695.671983066,"NRI_P181",50
"65631",7069.98810306599,"NRI_P181",100
"65632",9890.00132306601,"NRI_P181",25
"65633",12948.862783066,"NRI_P181",50
"65634",7941.97462306599,"NRI_P181",100
"65635",7975.258763066,"NRI_P181",25
"65636",5599.80003306599,"NRI_P181",50
"65637",10653.307293066,"NRI_P181",100
"65638",-3535.571256934,"NRI_P181",25
"65639",-886.512646933988,"NRI_P181",50
"65640",3379.05916306601,"NRI_P181",100
"65641",-698.475756934,"NRI_P181",25
"65642",12304.962723066,"NRI_P181",50
"65643",8532.05146306599,"NRI_P181",100
"65644",5840.86797306599,"NRI_P181",25
"65645",1745.46035306601,"NRI_P181",50
"65646",18945.285693066,"NRI_P181",100
"65647",3058.20221306599,"NRI_P181",25
"65648",-154.979896934005,"NRI_P181",50
"65649",17202.116603066,"NRI_P181",100
"65650",805.514523065998,"NRI_P181",25
"65651",5684.92540306601,"NRI_P181",50
"65652",3239.99441306599,"NRI_P181",100
"65653",-401.152776934003,"NRI_P181",25
"65654",16281.581213066,"NRI_P181",50
"65655",9096.71186306601,"NRI_P181",100
"65656",4914.90695306601,"NRI_P181",25
"65657",9804.187923066,"NRI_P181",50
"65658",6369.45505306599,"NRI_P181",100
"65659",915.750453065993,"NRI_P181",25
"65660",5283.04692306599,"NRI_P181",50
"65661",11562.641153066,"NRI_P181",100
"65662",-3343.41366693401,"NRI_P181",25
"65663",7255.27407306599,"NRI_P181",50
"65664",14303.942923066,"NRI_P181",100
"65665",193.263933065988,"NRI_P181",25
"65666",4415.82974306599,"NRI_P181",50
"65667",9788.47085306598,"NRI_P181",100
"65668",3894.21297306599,"NRI_P181",25
"65669",-815.242786933988,"NRI_P181",50
"65670",17097.670973066,"NRI_P181",100
"65671",2633.297933066,"NRI_P181",25
"65672",1705.641083066,"NRI_P181",50
"65673",-1669.690566934,"NRI_P181",100
"65674",5325.40567306601,"NRI_P181",25
"65675",7983.84324306599,"NRI_P181",50
"65676",-1756.16668693401,"NRI_P181",100
"65677",3055.39780306601,"NRI_P181",25
"65678",8289.79987306599,"NRI_P181",50
"65679",7611.020983066,"NRI_P181",100
"65680",4295.531903066,"NRI_P181",25
"65681",5818.316183066,"NRI_P181",50
"65682",5806.85255306601,"NRI_P181",100
"65683",-1868.95918693399,"NRI_P181",25
"65684",6565.375683066,"NRI_P181",50
"65685",18927.350083066,"NRI_P181",100
"65686",6191.132663066,"NRI_P181",25
"65687",1928.939383066,"NRI_P181",50
"65688",4356.009023066,"NRI_P181",100
"65689",-1317.228046934,"NRI_P181",25
"65690",1187.146953066,"NRI_P181",50
"65691",8574.447463066,"NRI_P181",100
"65692",-642.000326934009,"NRI_P181",25
"65693",3704.42250306599,"NRI_P181",50
"65694",18655.866363066,"NRI_P181",100
"65695",5023.16333306601,"NRI_P181",25
"65696",4792.09859306601,"NRI_P181",50
"65697",1614.272733066,"NRI_P181",100
"65698",3831.96644306599,"NRI_P181",25
"65699",6848.49556306601,"NRI_P181",50
"65700",2076.835153066,"NRI_P181",100
"65701",-9845.08093435303,"NRI_P182",25
"65702",-42023.456104353,"NRI_P182",50
"65703",-65605.844844353,"NRI_P182",100
"65704",-8798.52074435301,"NRI_P182",25
"65705",-49513.575384353,"NRI_P182",50
"65706",-59526.663974353,"NRI_P182",100
"65707",-16091.773584353,"NRI_P182",25
"65708",-14560.597514353,"NRI_P182",50
"65709",-62282.369724353,"NRI_P182",100
"65710",-27665.174784353,"NRI_P182",25
"65711",-40102.429114353,"NRI_P182",50
"65712",-60011.448664353,"NRI_P182",100
"65713",-30454.529984353,"NRI_P182",25
"65714",-22273.086634353,"NRI_P182",50
"65715",-64689.426934353,"NRI_P182",100
"65716",-7832.64998435302,"NRI_P182",25
"65717",-48925.645484353,"NRI_P182",50
"65718",-64284.486734353,"NRI_P182",100
"65719",-9915.54077435302,"NRI_P182",25
"65720",-22671.771834353,"NRI_P182",50
"65721",-61029.469044353,"NRI_P182",100
"65722",-14591.525554353,"NRI_P182",25
"65723",-28155.079684353,"NRI_P182",50
"65724",-64903.134314353,"NRI_P182",100
"65725",-5391.78963435302,"NRI_P182",25
"65726",-43941.639484353,"NRI_P182",50
"65727",-64121.146064353,"NRI_P182",100
"65728",-15451.793154353,"NRI_P182",25
"65729",-45106.036594353,"NRI_P182",50
"65730",-63258.215664353,"NRI_P182",100
"65731",-7682.07408435302,"NRI_P182",25
"65732",-25148.320114353,"NRI_P182",50
"65733",-65045.212474353,"NRI_P182",100
"65734",-10874.599384353,"NRI_P182",25
"65735",-35368.454284353,"NRI_P182",50
"65736",-63711.234204353,"NRI_P182",100
"65737",-13043.288384353,"NRI_P182",25
"65738",-46209.382204353,"NRI_P182",50
"65739",-65337.002644353,"NRI_P182",100
"65740",-13472.759914353,"NRI_P182",25
"65741",-40953.436684353,"NRI_P182",50
"65742",-61821.093874353,"NRI_P182",100
"65743",-4471.99958435301,"NRI_P182",25
"65744",-48190.537824353,"NRI_P182",50
"65745",-64201.975574353,"NRI_P182",100
"65746",-6029.82610435301,"NRI_P182",25
"65747",-42473.144214353,"NRI_P182",50
"65748",-63088.331894353,"NRI_P182",100
"65749",-16293.655444353,"NRI_P182",25
"65750",-19337.116314353,"NRI_P182",50
"65751",-60018.800654353,"NRI_P182",100
"65752",-1981.40978435302,"NRI_P182",25
"65753",-37784.464654353,"NRI_P182",50
"65754",-63734.652234353,"NRI_P182",100
"65755",-17603.190284353,"NRI_P182",25
"65756",-30818.091824353,"NRI_P182",50
"65757",-59905.644624353,"NRI_P182",100
"65758",-8839.72238435302,"NRI_P182",25
"65759",-19074.944934353,"NRI_P182",50
"65760",-63732.275154353,"NRI_P182",100
"65761",-19235.282884353,"NRI_P182",25
"65762",-13715.223544353,"NRI_P182",50
"65763",-64028.136224353,"NRI_P182",100
"65764",-29960.414684353,"NRI_P182",25
"65765",-22593.985454353,"NRI_P182",50
"65766",-65550.270614353,"NRI_P182",100
"65767",-15611.204784353,"NRI_P182",25
"65768",-42960.419874353,"NRI_P182",50
"65769",-64877.779274353,"NRI_P182",100
"65770",-5778.82215435302,"NRI_P182",25
"65771",-38613.096774353,"NRI_P182",50
"65772",-64395.629694353,"NRI_P182",100
"65773",-7676.49725435302,"NRI_P182",25
"65774",-42422.724774353,"NRI_P182",50
"65775",-62433.313394353,"NRI_P182",100
"65776",-2763.75388435301,"NRI_P182",25
"65777",-37813.994204353,"NRI_P182",50
"65778",-63462.464144353,"NRI_P182",100
"65779",-1256.576684353,"NRI_P182",25
"65780",-18558.479084353,"NRI_P182",50
"65781",-58373.621134353,"NRI_P182",100
"65782",-7834.01297435301,"NRI_P182",25
"65783",-42686.697014353,"NRI_P182",50
"65784",-64830.811064353,"NRI_P182",100
"65785",2724.163515647,"NRI_P182",25
"65786",-48502.778384353,"NRI_P182",50
"65787",-57998.221304353,"NRI_P182",100
"65788",-5812.30175435301,"NRI_P182",25
"65789",-35007.031464353,"NRI_P182",50
"65790",-63595.048764353,"NRI_P182",100
"65791",-7818.82014435303,"NRI_P182",25
"65792",-38646.028304353,"NRI_P182",50
"65793",-64959.034774353,"NRI_P182",100
"65794",-5751.75507435302,"NRI_P182",25
"65795",-11414.519814353,"NRI_P182",50
"65796",-64420.081734353,"NRI_P182",100
"65797",-27443.873684353,"NRI_P182",25
"65798",-35859.598074353,"NRI_P182",50
"65799",-64446.235454353,"NRI_P182",100
"65800",-14376.205034353,"NRI_P182",25
"65801",-48561.150904353,"NRI_P182",50
"65802",-65689.340734353,"NRI_P182",100
"65803",-15721.921874353,"NRI_P182",25
"65804",-55726.582304353,"NRI_P182",50
"65805",-65090.405084353,"NRI_P182",100
"65806",-2471.60518435301,"NRI_P182",25
"65807",-50683.275674353,"NRI_P182",50
"65808",-64641.570344353,"NRI_P182",100
"65809",-14154.982984353,"NRI_P182",25
"65810",-34459.470124353,"NRI_P182",50
"65811",-61745.833464353,"NRI_P182",100
"65812",-5380.284874353,"NRI_P182",25
"65813",-17232.439784353,"NRI_P182",50
"65814",-64089.729054353,"NRI_P182",100
"65815",-38635.002864353,"NRI_P182",25
"65816",-27911.233124353,"NRI_P182",50
"65817",-58899.632764353,"NRI_P182",100
"65818",-4721.05785435301,"NRI_P182",25
"65819",-46078.725664353,"NRI_P182",50
"65820",-64707.546714353,"NRI_P182",100
"65821",-7700.013974353,"NRI_P182",25
"65822",-37055.691174353,"NRI_P182",50
"65823",-64659.345774353,"NRI_P182",100
"65824",-28512.105404353,"NRI_P182",25
"65825",-17761.299704353,"NRI_P182",50
"65826",-64626.593104353,"NRI_P182",100
"65827",-7751.33252435303,"NRI_P182",25
"65828",-18972.367254353,"NRI_P182",50
"65829",-65522.768334353,"NRI_P182",100
"65830",-1809.971384353,"NRI_P182",25
"65831",-52031.121284353,"NRI_P182",50
"65832",-64292.888084353,"NRI_P182",100
"65833",-15598.710684353,"NRI_P182",25
"65834",-29075.525284353,"NRI_P182",50
"65835",-64411.826404353,"NRI_P182",100
"65836",-7910.79187435302,"NRI_P182",25
"65837",-20685.701054353,"NRI_P182",50
"65838",-59285.040674353,"NRI_P182",100
"65839",-6262.73128435301,"NRI_P182",25
"65840",-13405.504034353,"NRI_P182",50
"65841",-64393.103154353,"NRI_P182",100
"65842",-1628.62196435302,"NRI_P182",25
"65843",-27753.747734353,"NRI_P182",50
"65844",-64288.166684353,"NRI_P182",100
"65845",-17758.164484353,"NRI_P182",25
"65846",-28422.753334353,"NRI_P182",50
"65847",-62881.586394353,"NRI_P182",100
"65848",-9149.48912435301,"NRI_P182",25
"65849",-30366.738244353,"NRI_P182",50
"65850",-59018.257564353,"NRI_P182",100
"65851",-14395.143164353,"NRI_P182",25
"65852",-26716.665074353,"NRI_P182",50
"65853",-65082.728654353,"NRI_P182",100
"65854",-4481.58334435301,"NRI_P182",25
"65855",-14535.147064353,"NRI_P182",50
"65856",-63565.786134353,"NRI_P182",100
"65857",-13406.858844353,"NRI_P182",25
"65858",-40098.565724353,"NRI_P182",50
"65859",-58644.794874353,"NRI_P182",100
"65860",-2687.96468435301,"NRI_P182",25
"65861",-41001.010244353,"NRI_P182",50
"65862",-65673.246074353,"NRI_P182",100
"65863",-19649.839604353,"NRI_P182",25
"65864",-24212.957454353,"NRI_P182",50
"65865",-64660.807184353,"NRI_P182",100
"65866",-9087.01228435303,"NRI_P182",25
"65867",-40021.999384353,"NRI_P182",50
"65868",-64431.582264353,"NRI_P182",100
"65869",-16325.565284353,"NRI_P182",25
"65870",-38196.484504353,"NRI_P182",50
"65871",-64411.993294353,"NRI_P182",100
"65872",-2096.80914435303,"NRI_P182",25
"65873",-21258.728324353,"NRI_P182",50
"65874",-64443.739274353,"NRI_P182",100
"65875",-10878.452174353,"NRI_P182",25
"65876",-14463.647884353,"NRI_P182",50
"65877",-60172.142944353,"NRI_P182",100
"65878",-26777.236784353,"NRI_P182",25
"65879",-35404.001204353,"NRI_P182",50
"65880",-63185.552754353,"NRI_P182",100
"65881",699.436715646996,"NRI_P182",25
"65882",-44167.416104353,"NRI_P182",50
"65883",-62863.690114353,"NRI_P182",100
"65884",-8819.70828435302,"NRI_P182",25
"65885",-49552.231354353,"NRI_P182",50
"65886",-65297.838634353,"NRI_P182",100
"65887",-10821.783884353,"NRI_P182",25
"65888",-41533.943404353,"NRI_P182",50
"65889",-64019.973774353,"NRI_P182",100
"65890",-5519.74618435302,"NRI_P182",25
"65891",-18688.552994353,"NRI_P182",50
"65892",-64300.161354353,"NRI_P182",100
"65893",-3527.35750435301,"NRI_P182",25
"65894",-25942.757654353,"NRI_P182",50
"65895",-62620.661734353,"NRI_P182",100
"65896",-9809.34418435302,"NRI_P182",25
"65897",-20989.623354353,"NRI_P182",50
"65898",-64760.100414353,"NRI_P182",100
"65899",-11668.833344353,"NRI_P182",25
"65900",-20753.499434353,"NRI_P182",50
"65901",-63261.991594353,"NRI_P182",100
"65902",-2534.674784353,"NRI_P182",25
"65903",-13199.445714353,"NRI_P182",50
"65904",-63332.625084353,"NRI_P182",100
"65905",-15786.139174353,"NRI_P182",25
"65906",-46529.273714353,"NRI_P182",50
"65907",-65527.615514353,"NRI_P182",100
"65908",-16215.787784353,"NRI_P182",25
"65909",-12157.870394353,"NRI_P182",50
"65910",-64833.233104353,"NRI_P182",100
"65911",-9139.19714435301,"NRI_P182",25
"65912",-26352.157384353,"NRI_P182",50
"65913",-65379.331694353,"NRI_P182",100
"65914",-2758.60851435302,"NRI_P182",25
"65915",-39068.151114353,"NRI_P182",50
"65916",-63831.591814353,"NRI_P182",100
"65917",-26280.763484353,"NRI_P182",25
"65918",-15402.807994353,"NRI_P182",50
"65919",-65595.518914353,"NRI_P182",100
"65920",-26861.543744353,"NRI_P182",25
"65921",-23510.354904353,"NRI_P182",50
"65922",-64466.594374353,"NRI_P182",100
"65923",-5301.04034435301,"NRI_P182",25
"65924",-24028.991464353,"NRI_P182",50
"65925",-64225.341254353,"NRI_P182",100
"65926",-3947.26838435302,"NRI_P182",25
"65927",-44799.757794353,"NRI_P182",50
"65928",-61380.652574353,"NRI_P182",100
"65929",-7443.94358435302,"NRI_P182",25
"65930",-26599.706704353,"NRI_P182",50
"65931",-64814.302574353,"NRI_P182",100
"65932",-3248.60848435303,"NRI_P182",25
"65933",-53759.163164353,"NRI_P182",50
"65934",-63738.236834353,"NRI_P182",100
"65935",-1436.62798435302,"NRI_P182",25
"65936",-45621.929704353,"NRI_P182",50
"65937",-57407.979534353,"NRI_P182",100
"65938",-1587.98488435301,"NRI_P182",25
"65939",-52641.148054353,"NRI_P182",50
"65940",-64793.865014353,"NRI_P182",100
"65941",-29973.496164353,"NRI_P182",25
"65942",-45231.791864353,"NRI_P182",50
"65943",-65504.632174353,"NRI_P182",100
"65944",-6278.35928435301,"NRI_P182",25
"65945",-14574.832144353,"NRI_P182",50
"65946",-56683.554784353,"NRI_P182",100
"65947",-6339.49118435301,"NRI_P182",25
"65948",-25319.668234353,"NRI_P182",50
"65949",-65400.780804353,"NRI_P182",100
"65950",-11462.124144353,"NRI_P182",25
"65951",-12891.068834353,"NRI_P182",50
"65952",-64907.658574353,"NRI_P182",100
"65953",-4499.37840435302,"NRI_P182",25
"65954",-23686.610274353,"NRI_P182",50
"65955",-64371.158504353,"NRI_P182",100
"65956",-27327.822084353,"NRI_P182",25
"65957",-15921.183184353,"NRI_P182",50
"65958",-64296.075494353,"NRI_P182",100
"65959",-19636.181184353,"NRI_P182",25
"65960",-40071.667244353,"NRI_P182",50
"65961",-65380.376904353,"NRI_P182",100
"65962",-19712.655884353,"NRI_P182",25
"65963",-43624.116414353,"NRI_P182",50
"65964",-63699.023984353,"NRI_P182",100
"65965",-15612.783584353,"NRI_P182",25
"65966",-27063.595574353,"NRI_P182",50
"65967",-58857.871964353,"NRI_P182",100
"65968",-5375.02988435302,"NRI_P182",25
"65969",-46654.063374353,"NRI_P182",50
"65970",-65251.998114353,"NRI_P182",100
"65971",-13357.682484353,"NRI_P182",25
"65972",-19822.670254353,"NRI_P182",50
"65973",-64337.487604353,"NRI_P182",100
"65974",-9055.99088435303,"NRI_P182",25
"65975",-19447.703184353,"NRI_P182",50
"65976",-64270.222114353,"NRI_P182",100
"65977",-12259.918084353,"NRI_P182",25
"65978",-34196.018044353,"NRI_P182",50
"65979",-62484.575524353,"NRI_P182",100
"65980",-14444.628784353,"NRI_P182",25
"65981",-47657.063744353,"NRI_P182",50
"65982",-58990.680814353,"NRI_P182",100
"65983",-29975.107234353,"NRI_P182",25
"65984",-28075.175814353,"NRI_P182",50
"65985",-63940.019324353,"NRI_P182",100
"65986",-2573.23747435302,"NRI_P182",25
"65987",-12553.856004353,"NRI_P182",50
"65988",-58685.844644353,"NRI_P182",100
"65989",-9325.73558435301,"NRI_P182",25
"65990",-18583.666214353,"NRI_P182",50
"65991",-64828.244074353,"NRI_P182",100
"65992",-3616.88148435301,"NRI_P182",25
"65993",-26751.989644353,"NRI_P182",50
"65994",-64529.754194353,"NRI_P182",100
"65995",-5697.728084353,"NRI_P182",25
"65996",-46530.828004353,"NRI_P182",50
"65997",-56527.821804353,"NRI_P182",100
"65998",-17833.440304353,"NRI_P182",25
"65999",-35609.505714353,"NRI_P182",50
"66000",-62364.862524353,"NRI_P182",100
"66001",-20213.096621501,"NRI_P183",25
"66002",-168927.706541501,"NRI_P183",50
"66003",-185032.119921501,"NRI_P183",100
"66004",-40201.714291501,"NRI_P183",25
"66005",-144810.802331501,"NRI_P183",50
"66006",-194816.734011501,"NRI_P183",100
"66007",-26864.511021501,"NRI_P183",25
"66008",-173773.241421501,"NRI_P183",50
"66009",-179634.320191501,"NRI_P183",100
"66010",-65690.642161501,"NRI_P183",25
"66011",-55699.766531501,"NRI_P183",50
"66012",-185898.440171501,"NRI_P183",100
"66013",-131760.688101501,"NRI_P183",25
"66014",-89192.708911501,"NRI_P183",50
"66015",-189157.388601501,"NRI_P183",100
"66016",-120237.220671501,"NRI_P183",25
"66017",-27891.258971501,"NRI_P183",50
"66018",-185148.640651501,"NRI_P183",100
"66019",-38340.123101501,"NRI_P183",25
"66020",-158778.630211501,"NRI_P183",50
"66021",-175797.412091501,"NRI_P183",100
"66022",-84165.210731501,"NRI_P183",25
"66023",-19727.752201501,"NRI_P183",50
"66024",-175622.008601501,"NRI_P183",100
"66025",-72301.667371501,"NRI_P183",25
"66026",-91556.613511501,"NRI_P183",50
"66027",-191302.918871501,"NRI_P183",100
"66028",-30009.608251501,"NRI_P183",25
"66029",-24495.822761501,"NRI_P183",50
"66030",-176429.561191501,"NRI_P183",100
"66031",-3182.71090150101,"NRI_P183",25
"66032",-46561.868651501,"NRI_P183",50
"66033",-189010.672741501,"NRI_P183",100
"66034",-51152.299671501,"NRI_P183",25
"66035",-83435.495531501,"NRI_P183",50
"66036",-178900.949581501,"NRI_P183",100
"66037",-29986.723771501,"NRI_P183",25
"66038",-107396.815191501,"NRI_P183",50
"66039",-182817.078271501,"NRI_P183",100
"66040",-54501.213621501,"NRI_P183",25
"66041",-94009.108771501,"NRI_P183",50
"66042",-183713.688031501,"NRI_P183",100
"66043",-85454.742121501,"NRI_P183",25
"66044",-92806.187871501,"NRI_P183",50
"66045",-184968.954481501,"NRI_P183",100
"66046",-14042.097401501,"NRI_P183",25
"66047",-93816.351661501,"NRI_P183",50
"66048",-182167.578571501,"NRI_P183",100
"66049",-28200.227721501,"NRI_P183",25
"66050",-100102.070681501,"NRI_P183",50
"66051",-177652.950841501,"NRI_P183",100
"66052",-58911.989051501,"NRI_P183",25
"66053",-98654.347961501,"NRI_P183",50
"66054",-187796.722201501,"NRI_P183",100
"66055",-36006.730831501,"NRI_P183",25
"66056",-33499.076631501,"NRI_P183",50
"66057",-166394.447421501,"NRI_P183",100
"66058",-26014.326991501,"NRI_P183",25
"66059",-151202.671181501,"NRI_P183",50
"66060",-181746.816871501,"NRI_P183",100
"66061",-51053.925751501,"NRI_P183",25
"66062",-130112.133641501,"NRI_P183",50
"66063",-194080.614701501,"NRI_P183",100
"66064",2280.34726849903,"NRI_P183",25
"66065",-53603.471001501,"NRI_P183",50
"66066",-186034.249161501,"NRI_P183",100
"66067",-27970.501101501,"NRI_P183",25
"66068",-86579.531231501,"NRI_P183",50
"66069",-192161.417261501,"NRI_P183",100
"66070",-13881.939121501,"NRI_P183",25
"66071",-35460.746161501,"NRI_P183",50
"66072",-183379.548571501,"NRI_P183",100
"66073",-84785.387411501,"NRI_P183",25
"66074",-61034.582571501,"NRI_P183",50
"66075",-175678.369441501,"NRI_P183",100
"66076",-2943.29168150097,"NRI_P183",25
"66077",-46048.256791501,"NRI_P183",50
"66078",-196026.887861501,"NRI_P183",100
"66079",-79142.039791501,"NRI_P183",25
"66080",-87331.266381501,"NRI_P183",50
"66081",-191196.900231501,"NRI_P183",100
"66082",-2274.51991150097,"NRI_P183",25
"66083",-101318.144721501,"NRI_P183",50
"66084",-168275.737191501,"NRI_P183",100
"66085",-106363.323471501,"NRI_P183",25
"66086",-91447.141981501,"NRI_P183",50
"66087",-170381.316911501,"NRI_P183",100
"66088",-75497.271961501,"NRI_P183",25
"66089",-106951.908551501,"NRI_P183",50
"66090",-193429.770441501,"NRI_P183",100
"66091",-27037.465891501,"NRI_P183",25
"66092",-48146.705491501,"NRI_P183",50
"66093",-181271.957571501,"NRI_P183",100
"66094",-17223.808581501,"NRI_P183",25
"66095",-65265.025971501,"NRI_P183",50
"66096",-189856.232241501,"NRI_P183",100
"66097",-3313.03987150098,"NRI_P183",25
"66098",-64956.190941501,"NRI_P183",50
"66099",-182575.530331501,"NRI_P183",100
"66100",-81450.832411501,"NRI_P183",25
"66101",-70765.435141501,"NRI_P183",50
"66102",-181766.954531501,"NRI_P183",100
"66103",-10019.681131501,"NRI_P183",25
"66104",-94397.400611501,"NRI_P183",50
"66105",-187194.440681501,"NRI_P183",100
"66106",-79494.585921501,"NRI_P183",25
"66107",-95824.654911501,"NRI_P183",50
"66108",-176812.618671501,"NRI_P183",100
"66109",-7357.029821501,"NRI_P183",25
"66110",-91525.928201501,"NRI_P183",50
"66111",-176759.423991501,"NRI_P183",100
"66112",-20741.984821501,"NRI_P183",25
"66113",-79656.141491501,"NRI_P183",50
"66114",-183112.061581501,"NRI_P183",100
"66115",-25273.066871501,"NRI_P183",25
"66116",-29862.592651501,"NRI_P183",50
"66117",-178523.827821501,"NRI_P183",100
"66118",-12581.296041501,"NRI_P183",25
"66119",-34559.446611501,"NRI_P183",50
"66120",-177124.378451501,"NRI_P183",100
"66121",-32497.754821501,"NRI_P183",25
"66122",-106259.135171501,"NRI_P183",50
"66123",-190516.799861501,"NRI_P183",100
"66124",-79264.295501501,"NRI_P183",25
"66125",-93699.451151501,"NRI_P183",50
"66126",-178678.068651501,"NRI_P183",100
"66127",-11308.621121501,"NRI_P183",25
"66128",-42799.022661501,"NRI_P183",50
"66129",-172749.971941501,"NRI_P183",100
"66130",-26197.766691501,"NRI_P183",25
"66131",-95658.065651501,"NRI_P183",50
"66132",-178088.549921501,"NRI_P183",100
"66133",-24693.998371501,"NRI_P183",25
"66134",-120717.459441501,"NRI_P183",50
"66135",-187361.872731501,"NRI_P183",100
"66136",-23473.558191501,"NRI_P183",25
"66137",-79454.013421501,"NRI_P183",50
"66138",-183588.396731501,"NRI_P183",100
"66139",-34382.177221501,"NRI_P183",25
"66140",-43709.642041501,"NRI_P183",50
"66141",-187368.536541501,"NRI_P183",100
"66142",5399.497468499,"NRI_P183",25
"66143",-159005.045871501,"NRI_P183",50
"66144",-184251.310471501,"NRI_P183",100
"66145",-16091.218031501,"NRI_P183",25
"66146",-33824.334641501,"NRI_P183",50
"66147",-178184.571841501,"NRI_P183",100
"66148",-86853.705631501,"NRI_P183",25
"66149",-149586.319281501,"NRI_P183",50
"66150",-178063.432591501,"NRI_P183",100
"66151",-90140.759921501,"NRI_P183",25
"66152",-115468.046261501,"NRI_P183",50
"66153",-182389.470501501,"NRI_P183",100
"66154",-67028.554531501,"NRI_P183",25
"66155",-131090.881561501,"NRI_P183",50
"66156",-174003.069771501,"NRI_P183",100
"66157",-21640.369401501,"NRI_P183",25
"66158",-104226.349091501,"NRI_P183",50
"66159",-188591.721671501,"NRI_P183",100
"66160",-16348.970481501,"NRI_P183",25
"66161",-90215.742261501,"NRI_P183",50
"66162",-165037.169491501,"NRI_P183",100
"66163",-20182.747441501,"NRI_P183",25
"66164",-38809.674171501,"NRI_P183",50
"66165",-187239.852441501,"NRI_P183",100
"66166",-58547.828741501,"NRI_P183",25
"66167",-96897.056071501,"NRI_P183",50
"66168",-175083.626001501,"NRI_P183",100
"66169",-10021.635281501,"NRI_P183",25
"66170",-107976.700391501,"NRI_P183",50
"66171",-172770.463981501,"NRI_P183",100
"66172",-19551.746631501,"NRI_P183",25
"66173",-118873.331761501,"NRI_P183",50
"66174",-174213.889591501,"NRI_P183",100
"66175",-24130.481011501,"NRI_P183",25
"66176",-90585.596961501,"NRI_P183",50
"66177",-185390.630211501,"NRI_P183",100
"66178",-44879.350391501,"NRI_P183",25
"66179",-24698.093811501,"NRI_P183",50
"66180",-175160.734861501,"NRI_P183",100
"66181",-91974.589131501,"NRI_P183",25
"66182",-31885.648791501,"NRI_P183",50
"66183",-184352.409931501,"NRI_P183",100
"66184",1386.03008849901,"NRI_P183",25
"66185",-84873.722611501,"NRI_P183",50
"66186",-179191.806211501,"NRI_P183",100
"66187",-75753.721761501,"NRI_P183",25
"66188",-107774.223071501,"NRI_P183",50
"66189",-179255.476861501,"NRI_P183",100
"66190",-60148.482541501,"NRI_P183",25
"66191",-101726.151431501,"NRI_P183",50
"66192",-169195.587961501,"NRI_P183",100
"66193",-24133.190931501,"NRI_P183",25
"66194",-148559.266831501,"NRI_P183",50
"66195",-174133.778951501,"NRI_P183",100
"66196",-60294.889101501,"NRI_P183",25
"66197",-73022.241981501,"NRI_P183",50
"66198",-178074.316651501,"NRI_P183",100
"66199",-25033.097401501,"NRI_P183",25
"66200",-107009.381961501,"NRI_P183",50
"66201",-172899.938441501,"NRI_P183",100
"66202",-67567.493611501,"NRI_P183",25
"66203",-105145.184471501,"NRI_P183",50
"66204",-180388.666871501,"NRI_P183",100
"66205",-87410.207951501,"NRI_P183",25
"66206",-85768.054621501,"NRI_P183",50
"66207",-193934.640641501,"NRI_P183",100
"66208",-8607.90038150101,"NRI_P183",25
"66209",-94962.369941501,"NRI_P183",50
"66210",-183933.775381501,"NRI_P183",100
"66211",-75765.410211501,"NRI_P183",25
"66212",-26336.144181501,"NRI_P183",50
"66213",-178163.898371501,"NRI_P183",100
"66214",-89193.341351501,"NRI_P183",25
"66215",-29467.758481501,"NRI_P183",50
"66216",-184282.287451501,"NRI_P183",100
"66217",-73466.072441501,"NRI_P183",25
"66218",-141625.793491501,"NRI_P183",50
"66219",-193034.555351501,"NRI_P183",100
"66220",-70499.832611501,"NRI_P183",25
"66221",-83119.621781501,"NRI_P183",50
"66222",-184429.297361501,"NRI_P183",100
"66223",-17929.681121501,"NRI_P183",25
"66224",-96950.098861501,"NRI_P183",50
"66225",-182146.876961501,"NRI_P183",100
"66226",-55907.258761501,"NRI_P183",25
"66227",-78196.949811501,"NRI_P183",50
"66228",-179641.188531501,"NRI_P183",100
"66229",-17336.600631501,"NRI_P183",25
"66230",-145835.926011501,"NRI_P183",50
"66231",-184111.456071501,"NRI_P183",100
"66232",-38778.526141501,"NRI_P183",25
"66233",-57566.092191501,"NRI_P183",50
"66234",-180116.270261501,"NRI_P183",100
"66235",-30845.681131501,"NRI_P183",25
"66236",-13257.690001501,"NRI_P183",50
"66237",-169673.060761501,"NRI_P183",100
"66238",-84576.885761501,"NRI_P183",25
"66239",-93936.120031501,"NRI_P183",50
"66240",-188301.680611501,"NRI_P183",100
"66241",-32120.774261501,"NRI_P183",25
"66242",-43578.215031501,"NRI_P183",50
"66243",-184741.883481501,"NRI_P183",100
"66244",-34920.823601501,"NRI_P183",25
"66245",-120973.698911501,"NRI_P183",50
"66246",-175872.179901501,"NRI_P183",100
"66247",-33275.416991501,"NRI_P183",25
"66248",-139386.904601501,"NRI_P183",50
"66249",-190067.639981501,"NRI_P183",100
"66250",-13038.181111501,"NRI_P183",25
"66251",-136160.506131501,"NRI_P183",50
"66252",-171809.927031501,"NRI_P183",100
"66253",-58968.195401501,"NRI_P183",25
"66254",-73158.599011501,"NRI_P183",50
"66255",-179150.583961501,"NRI_P183",100
"66256",-53650.438301501,"NRI_P183",25
"66257",-29055.219031501,"NRI_P183",50
"66258",-185859.325141501,"NRI_P183",100
"66259",-26891.655021501,"NRI_P183",25
"66260",-130859.090151501,"NRI_P183",50
"66261",-193938.422091501,"NRI_P183",100
"66262",-2283.61944150098,"NRI_P183",25
"66263",-51417.230531501,"NRI_P183",50
"66264",-176550.731151501,"NRI_P183",100
"66265",-14041.136641501,"NRI_P183",25
"66266",-59326.846561501,"NRI_P183",50
"66267",-185968.686981501,"NRI_P183",100
"66268",-77710.694791501,"NRI_P183",25
"66269",-82575.532911501,"NRI_P183",50
"66270",-185665.123891501,"NRI_P183",100
"66271",-69872.685861501,"NRI_P183",25
"66272",-82961.089791501,"NRI_P183",50
"66273",-189342.941321501,"NRI_P183",100
"66274",-60542.569241501,"NRI_P183",25
"66275",-87891.278251501,"NRI_P183",50
"66276",-193083.111211501,"NRI_P183",100
"66277",-19092.838101501,"NRI_P183",25
"66278",-86888.317891501,"NRI_P183",50
"66279",-190947.813671501,"NRI_P183",100
"66280",-13388.257391501,"NRI_P183",25
"66281",-93070.412321501,"NRI_P183",50
"66282",-194692.384571501,"NRI_P183",100
"66283",-30226.953931501,"NRI_P183",25
"66284",-83600.444351501,"NRI_P183",50
"66285",-184740.127261501,"NRI_P183",100
"66286",-81095.500351501,"NRI_P183",25
"66287",-49575.379251501,"NRI_P183",50
"66288",-171995.673571501,"NRI_P183",100
"66289",-28257.438431501,"NRI_P183",25
"66290",-101012.396911501,"NRI_P183",50
"66291",-186389.001291501,"NRI_P183",100
"66292",-35031.285371501,"NRI_P183",25
"66293",-91871.490611501,"NRI_P183",50
"66294",-171673.299411501,"NRI_P183",100
"66295",-1367.46872150101,"NRI_P183",25
"66296",-92524.687561501,"NRI_P183",50
"66297",-201128.450941501,"NRI_P183",100
"66298",-17839.771521501,"NRI_P183",25
"66299",-147034.628171501,"NRI_P183",50
"66300",-188340.256411501,"NRI_P183",100
"66301",-35738.151668094,"NRI_P184",25
"66302",-250370.835878094,"NRI_P184",50
"66303",-404767.524978094,"NRI_P184",100
"66304",2008.15976190602,"NRI_P184",25
"66305",-175012.663008094,"NRI_P184",50
"66306",-438620.190098094,"NRI_P184",100
"66307",-50447.094738094,"NRI_P184",25
"66308",-211005.773478094,"NRI_P184",50
"66309",-443419.327418094,"NRI_P184",100
"66310",-140640.087808094,"NRI_P184",25
"66311",-293822.649708094,"NRI_P184",50
"66312",-310053.919828094,"NRI_P184",100
"66313",-37694.657068094,"NRI_P184",25
"66314",-183910.148168094,"NRI_P184",50
"66315",-434012.073598094,"NRI_P184",100
"66316",-216077.250288094,"NRI_P184",25
"66317",-334991.080928094,"NRI_P184",50
"66318",-405108.875718094,"NRI_P184",100
"66319",-113477.831158094,"NRI_P184",25
"66320",-186922.734278094,"NRI_P184",50
"66321",-441088.691588094,"NRI_P184",100
"66322",-76461.0892080941,"NRI_P184",25
"66323",-226531.785648094,"NRI_P184",50
"66324",-445827.239878094,"NRI_P184",100
"66325",-93498.3261680941,"NRI_P184",25
"66326",-215295.787548094,"NRI_P184",50
"66327",-433783.135828094,"NRI_P184",100
"66328",-53794.755838094,"NRI_P184",25
"66329",-313583.753138094,"NRI_P184",50
"66330",-441542.926448094,"NRI_P184",100
"66331",2967.88655190601,"NRI_P184",25
"66332",-292321.914638094,"NRI_P184",50
"66333",-399028.509048094,"NRI_P184",100
"66334",-65209.1242680941,"NRI_P184",25
"66335",-143727.708748094,"NRI_P184",50
"66336",-450470.692068094,"NRI_P184",100
"66337",-168329.263538094,"NRI_P184",25
"66338",-235237.096758094,"NRI_P184",50
"66339",-437874.583478094,"NRI_P184",100
"66340",-34677.540768094,"NRI_P184",25
"66341",-197622.952458094,"NRI_P184",50
"66342",-404316.247648094,"NRI_P184",100
"66343",-59619.7075780941,"NRI_P184",25
"66344",-236974.106808094,"NRI_P184",50
"66345",-436869.627148094,"NRI_P184",100
"66346",-173148.377548094,"NRI_P184",25
"66347",-232606.360878094,"NRI_P184",50
"66348",-431686.799588094,"NRI_P184",100
"66349",-115147.212958094,"NRI_P184",25
"66350",-263067.980788094,"NRI_P184",50
"66351",-439403.620168094,"NRI_P184",100
"66352",28405.297351906,"NRI_P184",25
"66353",-128494.671598094,"NRI_P184",50
"66354",-398787.631858094,"NRI_P184",100
"66355",-215647.461418094,"NRI_P184",25
"66356",-234069.418538094,"NRI_P184",50
"66357",-399371.566228094,"NRI_P184",100
"66358",-72648.7828280941,"NRI_P184",25
"66359",-301015.388778094,"NRI_P184",50
"66360",-450808.885708094,"NRI_P184",100
"66361",-73805.8950880941,"NRI_P184",25
"66362",-131344.133468094,"NRI_P184",50
"66363",-390582.733648094,"NRI_P184",100
"66364",-123953.976368094,"NRI_P184",25
"66365",-362306.080508094,"NRI_P184",50
"66366",-439494.664778094,"NRI_P184",100
"66367",-100243.127278094,"NRI_P184",25
"66368",-222641.484478094,"NRI_P184",50
"66369",-451931.350268094,"NRI_P184",100
"66370",-24646.2839280941,"NRI_P184",25
"66371",-291951.297538094,"NRI_P184",50
"66372",-442457.195388094,"NRI_P184",100
"66373",-140873.585618094,"NRI_P184",25
"66374",-263655.208888094,"NRI_P184",50
"66375",-394887.115768094,"NRI_P184",100
"66376",-109163.335298094,"NRI_P184",25
"66377",-137880.761158094,"NRI_P184",50
"66378",-389630.042758094,"NRI_P184",100
"66379",-219290.724158094,"NRI_P184",25
"66380",-156055.463518094,"NRI_P184",50
"66381",-444681.384768094,"NRI_P184",100
"66382",-93507.664908094,"NRI_P184",25
"66383",-325534.037538094,"NRI_P184",50
"66384",-373229.705858094,"NRI_P184",100
"66385",-111664.445348094,"NRI_P184",25
"66386",-44972.6826980941,"NRI_P184",50
"66387",-430035.561508094,"NRI_P184",100
"66388",-40606.642228094,"NRI_P184",25
"66389",-162010.802618094,"NRI_P184",50
"66390",-440446.932208094,"NRI_P184",100
"66391",-99080.791658094,"NRI_P184",25
"66392",-197952.342908094,"NRI_P184",50
"66393",-388961.508958094,"NRI_P184",100
"66394",-148383.035278094,"NRI_P184",25
"66395",-139407.321128094,"NRI_P184",50
"66396",-430552.485618094,"NRI_P184",100
"66397",-49081.001918094,"NRI_P184",25
"66398",-84939.458088094,"NRI_P184",50
"66399",-442922.100648094,"NRI_P184",100
"66400",-60859.4952180941,"NRI_P184",25
"66401",-248444.990008094,"NRI_P184",50
"66402",-441920.395618094,"NRI_P184",100
"66403",-109061.834738094,"NRI_P184",25
"66404",-179213.305048094,"NRI_P184",50
"66405",-400451.365868094,"NRI_P184",100
"66406",-216898.861778094,"NRI_P184",25
"66407",-255101.065018094,"NRI_P184",50
"66408",-430751.717048094,"NRI_P184",100
"66409",-135552.567118094,"NRI_P184",25
"66410",-222742.672108094,"NRI_P184",50
"66411",-394903.920568094,"NRI_P184",100
"66412",-82043.718938094,"NRI_P184",25
"66413",-336137.883208094,"NRI_P184",50
"66414",-429354.653918094,"NRI_P184",100
"66415",-144489.802508094,"NRI_P184",25
"66416",-234834.439548094,"NRI_P184",50
"66417",-440930.191348094,"NRI_P184",100
"66418",-89027.334248094,"NRI_P184",25
"66419",-137359.461568094,"NRI_P184",50
"66420",-391842.033838094,"NRI_P184",100
"66421",-45944.8020880941,"NRI_P184",25
"66422",-391248.572678094,"NRI_P184",50
"66423",-423128.138058094,"NRI_P184",100
"66424",-114165.532538094,"NRI_P184",25
"66425",-276299.133568094,"NRI_P184",50
"66426",-400717.229628094,"NRI_P184",100
"66427",-107694.570178094,"NRI_P184",25
"66428",-274265.848058094,"NRI_P184",50
"66429",-441520.632958094,"NRI_P184",100
"66430",-114905.872518094,"NRI_P184",25
"66431",-275878.907118094,"NRI_P184",50
"66432",-444966.772028094,"NRI_P184",100
"66433",-93470.199628094,"NRI_P184",25
"66434",-168937.771228094,"NRI_P184",50
"66435",-439052.483658094,"NRI_P184",100
"66436",-106400.942908094,"NRI_P184",25
"66437",-199442.535738094,"NRI_P184",50
"66438",-441063.775388094,"NRI_P184",100
"66439",-112343.497608094,"NRI_P184",25
"66440",-281940.302958094,"NRI_P184",50
"66441",-438435.558728094,"NRI_P184",100
"66442",-114532.586988094,"NRI_P184",25
"66443",-246063.891418094,"NRI_P184",50
"66444",-437897.522038094,"NRI_P184",100
"66445",-125887.835268094,"NRI_P184",25
"66446",-220454.455478094,"NRI_P184",50
"66447",-446091.514038094,"NRI_P184",100
"66448",-49707.9291680941,"NRI_P184",25
"66449",-165505.553878094,"NRI_P184",50
"66450",-438958.652908094,"NRI_P184",100
"66451",-97654.1209780941,"NRI_P184",25
"66452",-237427.720988094,"NRI_P184",50
"66453",-441641.236908094,"NRI_P184",100
"66454",-195446.585948094,"NRI_P184",25
"66455",-270986.532628094,"NRI_P184",50
"66456",-428784.118378094,"NRI_P184",100
"66457",-182287.536768094,"NRI_P184",25
"66458",-41419.265678094,"NRI_P184",50
"66459",-400241.635688094,"NRI_P184",100
"66460",-13358.934408094,"NRI_P184",25
"66461",-171043.462348094,"NRI_P184",50
"66462",-446166.395628094,"NRI_P184",100
"66463",-126311.598978094,"NRI_P184",25
"66464",-309326.093738094,"NRI_P184",50
"66465",-431567.448638094,"NRI_P184",100
"66466",-259383.772588094,"NRI_P184",25
"66467",-268841.987858094,"NRI_P184",50
"66468",-439993.241028094,"NRI_P184",100
"66469",-59841.218988094,"NRI_P184",25
"66470",-142921.421408094,"NRI_P184",50
"66471",-393621.101078094,"NRI_P184",100
"66472",-84701.9231780941,"NRI_P184",25
"66473",-227027.626668094,"NRI_P184",50
"66474",-431325.665998094,"NRI_P184",100
"66475",-22936.156638094,"NRI_P184",25
"66476",-54967.8211080941,"NRI_P184",50
"66477",-427619.653078094,"NRI_P184",100
"66478",-132643.885598094,"NRI_P184",25
"66479",-163413.707628094,"NRI_P184",50
"66480",-437428.390828094,"NRI_P184",100
"66481",-193577.850818094,"NRI_P184",25
"66482",-135414.776678094,"NRI_P184",50
"66483",-385096.578448094,"NRI_P184",100
"66484",-55910.8648780941,"NRI_P184",25
"66485",-255008.152118094,"NRI_P184",50
"66486",-314360.701898094,"NRI_P184",100
"66487",-49897.675198094,"NRI_P184",25
"66488",-207173.085348094,"NRI_P184",50
"66489",-436480.649018094,"NRI_P184",100
"66490",-69183.554578094,"NRI_P184",25
"66491",-156278.918528094,"NRI_P184",50
"66492",-442976.191838094,"NRI_P184",100
"66493",-66172.3988080941,"NRI_P184",25
"66494",-178019.442068094,"NRI_P184",50
"66495",-413270.188378094,"NRI_P184",100
"66496",-146417.532298094,"NRI_P184",25
"66497",-161375.526118094,"NRI_P184",50
"66498",-395771.762418094,"NRI_P184",100
"66499",-175737.439628094,"NRI_P184",25
"66500",-261866.191658094,"NRI_P184",50
"66501",-423268.284958094,"NRI_P184",100
"66502",-157596.051958094,"NRI_P184",25
"66503",-164852.849098094,"NRI_P184",50
"66504",-406183.557888094,"NRI_P184",100
"66505",-292159.245688094,"NRI_P184",25
"66506",-165441.600748094,"NRI_P184",50
"66507",-443313.494888094,"NRI_P184",100
"66508",-151013.021478094,"NRI_P184",25
"66509",-292536.162948094,"NRI_P184",50
"66510",-396881.188648094,"NRI_P184",100
"66511",-46305.854488094,"NRI_P184",25
"66512",-224049.223898094,"NRI_P184",50
"66513",-438802.265678094,"NRI_P184",100
"66514",-71521.428918094,"NRI_P184",25
"66515",-226159.439508094,"NRI_P184",50
"66516",-443018.620148094,"NRI_P184",100
"66517",-238984.880048094,"NRI_P184",25
"66518",-247689.316858094,"NRI_P184",50
"66519",-442463.027908094,"NRI_P184",100
"66520",-96439.878188094,"NRI_P184",25
"66521",-123764.899078094,"NRI_P184",50
"66522",-433002.805608094,"NRI_P184",100
"66523",-127435.347718094,"NRI_P184",25
"66524",-214457.639098094,"NRI_P184",50
"66525",-388166.709428094,"NRI_P184",100
"66526",-16393.9411680941,"NRI_P184",25
"66527",-107809.774298094,"NRI_P184",50
"66528",-437216.347558094,"NRI_P184",100
"66529",-39488.921228094,"NRI_P184",25
"66530",-276774.258128094,"NRI_P184",50
"66531",-428357.446108094,"NRI_P184",100
"66532",-149410.296838094,"NRI_P184",25
"66533",-364091.404898094,"NRI_P184",50
"66534",-437522.312158094,"NRI_P184",100
"66535",-96117.341328094,"NRI_P184",25
"66536",-397232.618508094,"NRI_P184",50
"66537",-437814.749848094,"NRI_P184",100
"66538",-45133.3247480941,"NRI_P184",25
"66539",-188211.728178094,"NRI_P184",50
"66540",-401146.492168094,"NRI_P184",100
"66541",-63267.231938094,"NRI_P184",25
"66542",-316500.933158094,"NRI_P184",50
"66543",-398871.969498094,"NRI_P184",100
"66544",-253681.402558094,"NRI_P184",25
"66545",-181217.493248094,"NRI_P184",50
"66546",-386529.563438094,"NRI_P184",100
"66547",-72088.2034480941,"NRI_P184",25
"66548",-283336.888258094,"NRI_P184",50
"66549",-437953.050228094,"NRI_P184",100
"66550",-147278.685908094,"NRI_P184",25
"66551",-163990.548368094,"NRI_P184",50
"66552",-431245.760458094,"NRI_P184",100
"66553",-147666.091718094,"NRI_P184",25
"66554",-234745.518808094,"NRI_P184",50
"66555",-434353.285208094,"NRI_P184",100
"66556",-106455.923928094,"NRI_P184",25
"66557",-129382.250928094,"NRI_P184",50
"66558",-436583.775108094,"NRI_P184",100
"66559",-179383.378558094,"NRI_P184",25
"66560",-314796.405568094,"NRI_P184",50
"66561",-432104.760928094,"NRI_P184",100
"66562",-120542.201218094,"NRI_P184",25
"66563",-131154.831168094,"NRI_P184",50
"66564",-443758.447928094,"NRI_P184",100
"66565",-58496.440838094,"NRI_P184",25
"66566",-206270.596018094,"NRI_P184",50
"66567",-440617.688338094,"NRI_P184",100
"66568",-138691.024198094,"NRI_P184",25
"66569",-330575.429488094,"NRI_P184",50
"66570",-425858.763478094,"NRI_P184",100
"66571",-7056.89184809406,"NRI_P184",25
"66572",4268.70646190597,"NRI_P184",50
"66573",-432858.045518094,"NRI_P184",100
"66574",-89567.9952180941,"NRI_P184",25
"66575",-212421.651748094,"NRI_P184",50
"66576",-390109.181248094,"NRI_P184",100
"66577",-98543.0292780941,"NRI_P184",25
"66578",-267909.684198094,"NRI_P184",50
"66579",-399450.852528094,"NRI_P184",100
"66580",-210463.038558094,"NRI_P184",25
"66581",-172174.665918094,"NRI_P184",50
"66582",-442225.913418094,"NRI_P184",100
"66583",-67210.6839980941,"NRI_P184",25
"66584",-211489.469538094,"NRI_P184",50
"66585",-440915.605938094,"NRI_P184",100
"66586",-106658.236758094,"NRI_P184",25
"66587",-359265.936218094,"NRI_P184",50
"66588",-448648.080048094,"NRI_P184",100
"66589",-95072.311648094,"NRI_P184",25
"66590",-347261.921268094,"NRI_P184",50
"66591",-439541.378218094,"NRI_P184",100
"66592",-188645.042898094,"NRI_P184",25
"66593",-217291.087348094,"NRI_P184",50
"66594",-393417.104768094,"NRI_P184",100
"66595",-210044.820908094,"NRI_P184",25
"66596",-83755.273918094,"NRI_P184",50
"66597",-397805.894088094,"NRI_P184",100
"66598",-19210.223028094,"NRI_P184",25
"66599",-245010.729238094,"NRI_P184",50
"66600",-402579.662328094,"NRI_P184",100
"66601",214.557772141794,"NRI_P186",25
"66602",3708.6168921418,"NRI_P186",50
"66603",7132.09855214179,"NRI_P186",100
"66604",1476.8933221418,"NRI_P186",25
"66605",4113.00666214179,"NRI_P186",50
"66606",8306.11042214179,"NRI_P186",100
"66607",-10.8131078582082,"NRI_P186",25
"66608",3358.37348214179,"NRI_P186",50
"66609",2451.2162221418,"NRI_P186",100
"66610",1844.32951214179,"NRI_P186",25
"66611",5403.5124721418,"NRI_P186",50
"66612",9644.42090214179,"NRI_P186",100
"66613",1950.3887621418,"NRI_P186",25
"66614",4141.79045214179,"NRI_P186",50
"66615",6302.25365214179,"NRI_P186",100
"66616",-719.3409378582,"NRI_P186",25
"66617",6349.17352214179,"NRI_P186",50
"66618",9769.49136214179,"NRI_P186",100
"66619",3726.33309214179,"NRI_P186",25
"66620",674.6449621418,"NRI_P186",50
"66621",9636.56665214179,"NRI_P186",100
"66622",-535.636237858213,"NRI_P186",25
"66623",7462.9206121418,"NRI_P186",50
"66624",8356.3266921418,"NRI_P186",100
"66625",2677.27153214179,"NRI_P186",25
"66626",6763.9682921418,"NRI_P186",50
"66627",4110.6961521418,"NRI_P186",100
"66628",654.085082141799,"NRI_P186",25
"66629",636.6826621418,"NRI_P186",50
"66630",3734.30906214179,"NRI_P186",100
"66631",532.17833214179,"NRI_P186",25
"66632",9260.91139214179,"NRI_P186",50
"66633",5288.83467214179,"NRI_P186",100
"66634",2448.0884721418,"NRI_P186",25
"66635",2320.60995214179,"NRI_P186",50
"66636",14760.7166621418,"NRI_P186",100
"66637",2520.6811521418,"NRI_P186",25
"66638",5397.63540214179,"NRI_P186",50
"66639",8657.17193214179,"NRI_P186",100
"66640",1044.03743214179,"NRI_P186",25
"66641",1780.21259214179,"NRI_P186",50
"66642",5179.1874221418,"NRI_P186",100
"66643",1272.21604214179,"NRI_P186",25
"66644",4657.57204214179,"NRI_P186",50
"66645",4249.84042214179,"NRI_P186",100
"66646",2094.37998214179,"NRI_P186",25
"66647",5861.24194214179,"NRI_P186",50
"66648",8722.75230214179,"NRI_P186",100
"66649",654.28416214179,"NRI_P186",25
"66650",1387.32836214179,"NRI_P186",50
"66651",5379.4997921418,"NRI_P186",100
"66652",-123.259637858209,"NRI_P186",25
"66653",2753.47163214179,"NRI_P186",50
"66654",12605.4143121418,"NRI_P186",100
"66655",3010.2480721418,"NRI_P186",25
"66656",1282.8903521418,"NRI_P186",50
"66657",5494.1773721418,"NRI_P186",100
"66658",2632.2914921418,"NRI_P186",25
"66659",-345.748277858205,"NRI_P186",50
"66660",3661.58105214179,"NRI_P186",100
"66661",7489.44497214179,"NRI_P186",25
"66662",549.125642141793,"NRI_P186",50
"66663",2698.80702214179,"NRI_P186",100
"66664",1695.2618321418,"NRI_P186",25
"66665",3372.99465214179,"NRI_P186",50
"66666",7388.25868214179,"NRI_P186",100
"66667",-1070.7986078582,"NRI_P186",25
"66668",8781.81172214179,"NRI_P186",50
"66669",5496.97681214179,"NRI_P186",100
"66670",651.990782141787,"NRI_P186",25
"66671",2144.07531214179,"NRI_P186",50
"66672",3379.96909214179,"NRI_P186",100
"66673",944.739532141801,"NRI_P186",25
"66674",1644.10039214179,"NRI_P186",50
"66675",4042.71074214179,"NRI_P186",100
"66676",1159.96185214179,"NRI_P186",25
"66677",-203.302277858209,"NRI_P186",50
"66678",4367.39631214179,"NRI_P186",100
"66679",-398.753447858209,"NRI_P186",25
"66680",2954.33480214179,"NRI_P186",50
"66681",7289.7557721418,"NRI_P186",100
"66682",4366.7536221418,"NRI_P186",25
"66683",530.664542141792,"NRI_P186",50
"66684",6828.0222321418,"NRI_P186",100
"66685",-2386.76096785821,"NRI_P186",25
"66686",5264.4282621418,"NRI_P186",50
"66687",2753.55208214179,"NRI_P186",100
"66688",4067.61679214179,"NRI_P186",25
"66689",2238.1603821418,"NRI_P186",50
"66690",4484.29874214179,"NRI_P186",100
"66691",2139.73812214179,"NRI_P186",25
"66692",3696.81988214179,"NRI_P186",50
"66693",6005.71041214179,"NRI_P186",100
"66694",-1062.93101785821,"NRI_P186",25
"66695",228.591952141796,"NRI_P186",50
"66696",4359.2511321418,"NRI_P186",100
"66697",469.477552141791,"NRI_P186",25
"66698",2782.60556214179,"NRI_P186",50
"66699",3210.84490214179,"NRI_P186",100
"66700",-716.642497858207,"NRI_P186",25
"66701",4413.4766221418,"NRI_P186",50
"66702",15381.0094821418,"NRI_P186",100
"66703",337.582202141799,"NRI_P186",25
"66704",3821.12876214179,"NRI_P186",50
"66705",11195.3072721418,"NRI_P186",100
"66706",1979.60560214179,"NRI_P186",25
"66707",-1844.97446785821,"NRI_P186",50
"66708",5862.23674214179,"NRI_P186",100
"66709",4378.6391621418,"NRI_P186",25
"66710",2855.38814214179,"NRI_P186",50
"66711",-208.379937858204,"NRI_P186",100
"66712",1475.24247214179,"NRI_P186",25
"66713",4622.9723721418,"NRI_P186",50
"66714",5181.98452214179,"NRI_P186",100
"66715",862.623142141791,"NRI_P186",25
"66716",5392.91549214179,"NRI_P186",50
"66717",12596.3986221418,"NRI_P186",100
"66718",1519.65053214179,"NRI_P186",25
"66719",1745.26464214179,"NRI_P186",50
"66720",12538.8963421418,"NRI_P186",100
"66721",2213.70313214179,"NRI_P186",25
"66722",6550.1932721418,"NRI_P186",50
"66723",4700.6671721418,"NRI_P186",100
"66724",-1665.4173678582,"NRI_P186",25
"66725",3653.8450521418,"NRI_P186",50
"66726",5049.4798621418,"NRI_P186",100
"66727",1704.2879721418,"NRI_P186",25
"66728",5100.91358214179,"NRI_P186",50
"66729",6925.63130214179,"NRI_P186",100
"66730",3925.8247721418,"NRI_P186",25
"66731",3974.95086214179,"NRI_P186",50
"66732",8150.6790921418,"NRI_P186",100
"66733",8313.9094821418,"NRI_P186",25
"66734",673.4835121418,"NRI_P186",50
"66735",15675.8052321418,"NRI_P186",100
"66736",1903.3153421418,"NRI_P186",25
"66737",1011.5415021418,"NRI_P186",50
"66738",5641.51151214179,"NRI_P186",100
"66739",604.888452141793,"NRI_P186",25
"66740",5799.5018621418,"NRI_P186",50
"66741",6713.0756221418,"NRI_P186",100
"66742",3585.30866214179,"NRI_P186",25
"66743",160.006642141787,"NRI_P186",50
"66744",6068.04083214179,"NRI_P186",100
"66745",317.305152141795,"NRI_P186",25
"66746",8759.0301921418,"NRI_P186",50
"66747",1982.0328121418,"NRI_P186",100
"66748",-1736.81400785821,"NRI_P186",25
"66749",-827.129377858204,"NRI_P186",50
"66750",4462.3586421418,"NRI_P186",100
"66751",1075.9586621418,"NRI_P186",25
"66752",7543.13139214179,"NRI_P186",50
"66753",6162.67623214179,"NRI_P186",100
"66754",542.203412141796,"NRI_P186",25
"66755",2802.0709721418,"NRI_P186",50
"66756",3795.6554921418,"NRI_P186",100
"66757",6460.1128121418,"NRI_P186",25
"66758",10119.6295621418,"NRI_P186",50
"66759",8895.24987214179,"NRI_P186",100
"66760",4157.7303321418,"NRI_P186",25
"66761",3140.98034214179,"NRI_P186",50
"66762",5211.7725321418,"NRI_P186",100
"66763",1839.4204421418,"NRI_P186",25
"66764",5067.9528121418,"NRI_P186",50
"66765",5857.0219421418,"NRI_P186",100
"66766",3400.48446214179,"NRI_P186",25
"66767",5431.62517214179,"NRI_P186",50
"66768",-1306.25203785821,"NRI_P186",100
"66769",-1294.2466378582,"NRI_P186",25
"66770",5233.16908214179,"NRI_P186",50
"66771",5937.79550214179,"NRI_P186",100
"66772",2421.9083721418,"NRI_P186",25
"66773",4654.87220214179,"NRI_P186",50
"66774",6417.39894214179,"NRI_P186",100
"66775",-5.34300785820233,"NRI_P186",25
"66776",-2449.04831785821,"NRI_P186",50
"66777",5246.14012214179,"NRI_P186",100
"66778",915.523582141788,"NRI_P186",25
"66779",4980.0540421418,"NRI_P186",50
"66780",8923.9963521418,"NRI_P186",100
"66781",5286.17355214179,"NRI_P186",25
"66782",4644.5525821418,"NRI_P186",50
"66783",5026.28988214179,"NRI_P186",100
"66784",816.064692141794,"NRI_P186",25
"66785",745.640562141794,"NRI_P186",50
"66786",11551.0793321418,"NRI_P186",100
"66787",3441.9652321418,"NRI_P186",25
"66788",4238.19406214179,"NRI_P186",50
"66789",4314.4178321418,"NRI_P186",100
"66790",1182.8347721418,"NRI_P186",25
"66791",3516.9085421418,"NRI_P186",50
"66792",9667.14906214179,"NRI_P186",100
"66793",805.741302141789,"NRI_P186",25
"66794",669.828172141788,"NRI_P186",50
"66795",5533.07724214179,"NRI_P186",100
"66796",-375.97288785821,"NRI_P186",25
"66797",500.498112141795,"NRI_P186",50
"66798",9665.85074214179,"NRI_P186",100
"66799",2763.71199214179,"NRI_P186",25
"66800",2178.3407621418,"NRI_P186",50
"66801",6356.85757214179,"NRI_P186",100
"66802",630.432852141792,"NRI_P186",25
"66803",5261.52302214179,"NRI_P186",50
"66804",6531.88596214179,"NRI_P186",100
"66805",1305.3469521418,"NRI_P186",25
"66806",3317.46127214179,"NRI_P186",50
"66807",6080.0260621418,"NRI_P186",100
"66808",5742.27317214179,"NRI_P186",25
"66809",3727.29152214179,"NRI_P186",50
"66810",6478.3288921418,"NRI_P186",100
"66811",627.860012141799,"NRI_P186",25
"66812",3609.3859721418,"NRI_P186",50
"66813",12691.2481321418,"NRI_P186",100
"66814",3808.85246214179,"NRI_P186",25
"66815",1829.45653214179,"NRI_P186",50
"66816",7459.3995121418,"NRI_P186",100
"66817",-640.494027858207,"NRI_P186",25
"66818",4903.9217821418,"NRI_P186",50
"66819",400.029632141799,"NRI_P186",100
"66820",1315.62070214179,"NRI_P186",25
"66821",3179.63217214179,"NRI_P186",50
"66822",4553.4783121418,"NRI_P186",100
"66823",60.0300021417934,"NRI_P186",25
"66824",4438.28739214179,"NRI_P186",50
"66825",1564.6299921418,"NRI_P186",100
"66826",1457.94958214179,"NRI_P186",25
"66827",5330.5610521418,"NRI_P186",50
"66828",4463.1589221418,"NRI_P186",100
"66829",1603.1280621418,"NRI_P186",25
"66830",4010.75446214179,"NRI_P186",50
"66831",3781.91878214179,"NRI_P186",100
"66832",2849.6171821418,"NRI_P186",25
"66833",8650.47872214179,"NRI_P186",50
"66834",10382.1305121418,"NRI_P186",100
"66835",647.555562141788,"NRI_P186",25
"66836",3705.40597214179,"NRI_P186",50
"66837",10823.9920021418,"NRI_P186",100
"66838",3730.06770214179,"NRI_P186",25
"66839",3322.69437214179,"NRI_P186",50
"66840",9597.1240321418,"NRI_P186",100
"66841",5012.9533221418,"NRI_P186",25
"66842",805.589802141796,"NRI_P186",50
"66843",9219.19239214179,"NRI_P186",100
"66844",-292.171077858206,"NRI_P186",25
"66845",3544.54001214179,"NRI_P186",50
"66846",6800.40348214179,"NRI_P186",100
"66847",1141.89811214179,"NRI_P186",25
"66848",5530.91100214179,"NRI_P186",50
"66849",3093.2498321418,"NRI_P186",100
"66850",3365.1947821418,"NRI_P186",25
"66851",873.631152141796,"NRI_P186",50
"66852",11954.3345821418,"NRI_P186",100
"66853",3027.52853214179,"NRI_P186",25
"66854",4211.5818121418,"NRI_P186",50
"66855",6468.1536821418,"NRI_P186",100
"66856",622.14648214179,"NRI_P186",25
"66857",2083.8720821418,"NRI_P186",50
"66858",2488.36103214179,"NRI_P186",100
"66859",1406.73494214179,"NRI_P186",25
"66860",1355.1558321418,"NRI_P186",50
"66861",13224.9296821418,"NRI_P186",100
"66862",-696.703377858212,"NRI_P186",25
"66863",1004.64288214179,"NRI_P186",50
"66864",7429.9170521418,"NRI_P186",100
"66865",2794.7351421418,"NRI_P186",25
"66866",6598.30403214179,"NRI_P186",50
"66867",9705.0081721418,"NRI_P186",100
"66868",-114.0715078582,"NRI_P186",25
"66869",697.299712141801,"NRI_P186",50
"66870",9266.1493821418,"NRI_P186",100
"66871",3160.47076214179,"NRI_P186",25
"66872",9600.66763214179,"NRI_P186",50
"66873",5053.7114521418,"NRI_P186",100
"66874",1630.2366021418,"NRI_P186",25
"66875",5023.83423214179,"NRI_P186",50
"66876",7617.43834214179,"NRI_P186",100
"66877",1398.64983214179,"NRI_P186",25
"66878",3113.2063821418,"NRI_P186",50
"66879",1020.35886214179,"NRI_P186",100
"66880",5956.4583521418,"NRI_P186",25
"66881",2307.4567221418,"NRI_P186",50
"66882",10629.0477521418,"NRI_P186",100
"66883",1663.32458214179,"NRI_P186",25
"66884",10175.5423521418,"NRI_P186",50
"66885",3734.3574321418,"NRI_P186",100
"66886",-1389.67920785821,"NRI_P186",25
"66887",3017.76452214179,"NRI_P186",50
"66888",9280.84215214179,"NRI_P186",100
"66889",2527.70585214179,"NRI_P186",25
"66890",6324.0580821418,"NRI_P186",50
"66891",8035.6759521418,"NRI_P186",100
"66892",3935.19475214179,"NRI_P186",25
"66893",4253.4907321418,"NRI_P186",50
"66894",10616.9830621418,"NRI_P186",100
"66895",3293.44543214179,"NRI_P186",25
"66896",657.396322141794,"NRI_P186",50
"66897",12709.9177321418,"NRI_P186",100
"66898",1470.91763214179,"NRI_P186",25
"66899",5955.4864321418,"NRI_P186",50
"66900",6847.2391821418,"NRI_P186",100
"66901",-1109.213335443,"NRI_P187",25
"66902",-77191.530725443,"NRI_P187",50
"66903",-108796.644665443,"NRI_P187",100
"66904",-6641.38793544302,"NRI_P187",25
"66905",-40988.978035443,"NRI_P187",50
"66906",-124363.294215443,"NRI_P187",100
"66907",-36856.386635443,"NRI_P187",25
"66908",-78153.994365443,"NRI_P187",50
"66909",-130160.257715443,"NRI_P187",100
"66910",-46011.846715443,"NRI_P187",25
"66911",-34696.823595443,"NRI_P187",50
"66912",-111660.077615443,"NRI_P187",100
"66913",-33155.035875443,"NRI_P187",25
"66914",-54707.720865443,"NRI_P187",50
"66915",-116466.474845443,"NRI_P187",100
"66916",-16139.160185443,"NRI_P187",25
"66917",-85541.088885443,"NRI_P187",50
"66918",-119505.863855443,"NRI_P187",100
"66919",-30574.231745443,"NRI_P187",25
"66920",-25747.816395443,"NRI_P187",50
"66921",-110432.135725443,"NRI_P187",100
"66922",-27034.188715443,"NRI_P187",25
"66923",-45296.191685443,"NRI_P187",50
"66924",-107189.208985443,"NRI_P187",100
"66925",-43780.418115443,"NRI_P187",25
"66926",-62728.211255443,"NRI_P187",50
"66927",-111472.726245443,"NRI_P187",100
"66928",-17165.857135443,"NRI_P187",25
"66929",-49887.742305443,"NRI_P187",50
"66930",-112742.472615443,"NRI_P187",100
"66931",-23523.230905443,"NRI_P187",25
"66932",-45316.735525443,"NRI_P187",50
"66933",-105208.447065443,"NRI_P187",100
"66934",-20650.345945443,"NRI_P187",25
"66935",-45951.985025443,"NRI_P187",50
"66936",-104301.114875443,"NRI_P187",100
"66937",-35905.653945443,"NRI_P187",25
"66938",-23154.248825443,"NRI_P187",50
"66939",-105219.546795443,"NRI_P187",100
"66940",-23348.813905443,"NRI_P187",25
"66941",-19696.316075443,"NRI_P187",50
"66942",-112144.886075443,"NRI_P187",100
"66943",-7847.408365443,"NRI_P187",25
"66944",-57644.870205443,"NRI_P187",50
"66945",-114953.433985443,"NRI_P187",100
"66946",-28186.631065443,"NRI_P187",25
"66947",-65602.604005443,"NRI_P187",50
"66948",-115954.973115443,"NRI_P187",100
"66949",-27312.349065443,"NRI_P187",25
"66950",-63617.342995443,"NRI_P187",50
"66951",-118179.551715443,"NRI_P187",100
"66952",-16389.291725443,"NRI_P187",25
"66953",-52336.893295443,"NRI_P187",50
"66954",-110644.972195443,"NRI_P187",100
"66955",-3311.309165443,"NRI_P187",25
"66956",-29853.663385443,"NRI_P187",50
"66957",-115219.363215443,"NRI_P187",100
"66958",-15933.641165443,"NRI_P187",25
"66959",-57391.261645443,"NRI_P187",50
"66960",-116744.505795443,"NRI_P187",100
"66961",-20952.457555443,"NRI_P187",25
"66962",-43023.279345443,"NRI_P187",50
"66963",-103114.384915443,"NRI_P187",100
"66964",-21909.348655443,"NRI_P187",25
"66965",-71171.435615443,"NRI_P187",50
"66966",-117763.555245443,"NRI_P187",100
"66967",-45901.285995443,"NRI_P187",25
"66968",-49580.167475443,"NRI_P187",50
"66969",-111870.166305443,"NRI_P187",100
"66970",-25077.138345443,"NRI_P187",25
"66971",-50823.860285443,"NRI_P187",50
"66972",-112845.564845443,"NRI_P187",100
"66973",-19050.347285443,"NRI_P187",25
"66974",-69815.700845443,"NRI_P187",50
"66975",-119431.063735443,"NRI_P187",100
"66976",-34356.223325443,"NRI_P187",25
"66977",-32837.874895443,"NRI_P187",50
"66978",-119643.088365443,"NRI_P187",100
"66979",-11710.425425443,"NRI_P187",25
"66980",-91177.728185443,"NRI_P187",50
"66981",-108937.520605443,"NRI_P187",100
"66982",-18780.883965443,"NRI_P187",25
"66983",-46972.517015443,"NRI_P187",50
"66984",-111420.098985443,"NRI_P187",100
"66985",-11865.464215443,"NRI_P187",25
"66986",-72749.098085443,"NRI_P187",50
"66987",-110272.220185443,"NRI_P187",100
"66988",-53348.149305443,"NRI_P187",25
"66989",-73221.852185443,"NRI_P187",50
"66990",-108198.413215443,"NRI_P187",100
"66991",-35443.318135443,"NRI_P187",25
"66992",-39932.507105443,"NRI_P187",50
"66993",-120387.031845443,"NRI_P187",100
"66994",-10423.848005443,"NRI_P187",25
"66995",-54366.416885443,"NRI_P187",50
"66996",-109024.278405443,"NRI_P187",100
"66997",-16525.993145443,"NRI_P187",25
"66998",-81727.947315443,"NRI_P187",50
"66999",-107271.463045443,"NRI_P187",100
"67000",-24348.668505443,"NRI_P187",25
"67001",-43211.322605443,"NRI_P187",50
"67002",-112842.260595443,"NRI_P187",100
"67003",-7605.86213544302,"NRI_P187",25
"67004",-46393.947765443,"NRI_P187",50
"67005",-101183.075105443,"NRI_P187",100
"67006",-28151.219995443,"NRI_P187",25
"67007",-46622.027775443,"NRI_P187",50
"67008",-116516.445365443,"NRI_P187",100
"67009",-20490.938395443,"NRI_P187",25
"67010",-31771.939055443,"NRI_P187",50
"67011",-108376.588945443,"NRI_P187",100
"67012",-46827.626405443,"NRI_P187",25
"67013",-71478.686565443,"NRI_P187",50
"67014",-110954.966155443,"NRI_P187",100
"67015",-9296.26712544303,"NRI_P187",25
"67016",-57243.939395443,"NRI_P187",50
"67017",-124924.053915443,"NRI_P187",100
"67018",-10411.9244254431,"NRI_P187",25
"67019",-80190.220125443,"NRI_P187",50
"67020",-108025.192645443,"NRI_P187",100
"67021",-18947.572515443,"NRI_P187",25
"67022",-26557.172705443,"NRI_P187",50
"67023",-119402.327755443,"NRI_P187",100
"67024",-11502.810415443,"NRI_P187",25
"67025",-21547.772585443,"NRI_P187",50
"67026",-114977.872305443,"NRI_P187",100
"67027",-32204.024875443,"NRI_P187",25
"67028",-71368.206365443,"NRI_P187",50
"67029",-114820.900325443,"NRI_P187",100
"67030",-20115.723955443,"NRI_P187",25
"67031",-47206.374385443,"NRI_P187",50
"67032",-111845.322995443,"NRI_P187",100
"67033",-48502.764415443,"NRI_P187",25
"67034",-72417.073595443,"NRI_P187",50
"67035",-128716.531525443,"NRI_P187",100
"67036",-23105.2165454431,"NRI_P187",25
"67037",-53251.081985443,"NRI_P187",50
"67038",-118415.109955443,"NRI_P187",100
"67039",-15752.168295443,"NRI_P187",25
"67040",-66959.415055443,"NRI_P187",50
"67041",-104797.347035443,"NRI_P187",100
"67042",-30533.663615443,"NRI_P187",25
"67043",-69219.325405443,"NRI_P187",50
"67044",-101667.267945443,"NRI_P187",100
"67045",-15202.391355443,"NRI_P187",25
"67046",-42426.323965443,"NRI_P187",50
"67047",-117531.794185443,"NRI_P187",100
"67048",-23812.768815443,"NRI_P187",25
"67049",-52711.449195443,"NRI_P187",50
"67050",-107378.966035443,"NRI_P187",100
"67051",-28534.400955443,"NRI_P187",25
"67052",-62912.975165443,"NRI_P187",50
"67053",-115849.838255443,"NRI_P187",100
"67054",-22572.184175443,"NRI_P187",25
"67055",-64126.664805443,"NRI_P187",50
"67056",-109077.791225443,"NRI_P187",100
"67057",-35102.879465443,"NRI_P187",25
"67058",-39332.154425443,"NRI_P187",50
"67059",-118799.314065443,"NRI_P187",100
"67060",-61779.351575443,"NRI_P187",25
"67061",-60148.651125443,"NRI_P187",50
"67062",-96117.788145443,"NRI_P187",100
"67063",-48049.521255443,"NRI_P187",25
"67064",-26925.735585443,"NRI_P187",50
"67065",-112013.080675443,"NRI_P187",100
"67066",-65211.371975443,"NRI_P187",25
"67067",-54132.072685443,"NRI_P187",50
"67068",-116411.068125443,"NRI_P187",100
"67069",-20786.681615443,"NRI_P187",25
"67070",-43369.887275443,"NRI_P187",50
"67071",-123949.578955443,"NRI_P187",100
"67072",-52270.181055443,"NRI_P187",25
"67073",-22836.625085443,"NRI_P187",50
"67074",-109110.356795443,"NRI_P187",100
"67075",-29047.584215443,"NRI_P187",25
"67076",-64787.726405443,"NRI_P187",50
"67077",-112248.597825443,"NRI_P187",100
"67078",-3032.47016544302,"NRI_P187",25
"67079",-42514.344305443,"NRI_P187",50
"67080",-115819.237385443,"NRI_P187",100
"67081",-21320.581995443,"NRI_P187",25
"67082",-51136.882225443,"NRI_P187",50
"67083",-119510.445345443,"NRI_P187",100
"67084",-44521.457355443,"NRI_P187",25
"67085",-19509.721295443,"NRI_P187",50
"67086",-117798.185205443,"NRI_P187",100
"67087",-13922.220915443,"NRI_P187",25
"67088",-53196.380005443,"NRI_P187",50
"67089",-119939.409105443,"NRI_P187",100
"67090",-30006.361455443,"NRI_P187",25
"67091",-33330.397095443,"NRI_P187",50
"67092",-115359.736025443,"NRI_P187",100
"67093",-48166.246025443,"NRI_P187",25
"67094",-76797.020575443,"NRI_P187",50
"67095",-119314.829645443,"NRI_P187",100
"67096",-19202.968185443,"NRI_P187",25
"67097",-53786.305365443,"NRI_P187",50
"67098",-118420.152185443,"NRI_P187",100
"67099",-18141.254585443,"NRI_P187",25
"67100",-80102.081435443,"NRI_P187",50
"67101",-116493.967975443,"NRI_P187",100
"67102",-25196.323015443,"NRI_P187",25
"67103",-83451.606005443,"NRI_P187",50
"67104",-112061.774885443,"NRI_P187",100
"67105",-10447.425335443,"NRI_P187",25
"67106",-47918.050025443,"NRI_P187",50
"67107",-98040.574945443,"NRI_P187",100
"67108",-34202.061955443,"NRI_P187",25
"67109",-36180.200705443,"NRI_P187",50
"67110",-104676.537475443,"NRI_P187",100
"67111",-32671.772315443,"NRI_P187",25
"67112",-60730.410625443,"NRI_P187",50
"67113",-116030.727145443,"NRI_P187",100
"67114",-20507.042055443,"NRI_P187",25
"67115",-81241.038485443,"NRI_P187",50
"67116",-117260.395965443,"NRI_P187",100
"67117",-11805.954125443,"NRI_P187",25
"67118",-46335.557045443,"NRI_P187",50
"67119",-122528.419355443,"NRI_P187",100
"67120",-52773.288665443,"NRI_P187",25
"67121",-67612.453135443,"NRI_P187",50
"67122",-103326.274785443,"NRI_P187",100
"67123",-13715.011845443,"NRI_P187",25
"67124",-51707.919015443,"NRI_P187",50
"67125",-124200.492595443,"NRI_P187",100
"67126",-17033.226455443,"NRI_P187",25
"67127",-50923.780285443,"NRI_P187",50
"67128",-107996.506725443,"NRI_P187",100
"67129",-15632.738165443,"NRI_P187",25
"67130",-55907.508765443,"NRI_P187",50
"67131",-108713.788775443,"NRI_P187",100
"67132",-53774.510795443,"NRI_P187",25
"67133",-80077.558085443,"NRI_P187",50
"67134",-107317.240525443,"NRI_P187",100
"67135",-20135.074285443,"NRI_P187",25
"67136",-16805.116915443,"NRI_P187",50
"67137",-126526.178705443,"NRI_P187",100
"67138",-48048.009345443,"NRI_P187",25
"67139",-77924.925755443,"NRI_P187",50
"67140",-108695.581365443,"NRI_P187",100
"67141",-21754.706255443,"NRI_P187",25
"67142",-59583.539145443,"NRI_P187",50
"67143",-106478.760885443,"NRI_P187",100
"67144",-15091.203185443,"NRI_P187",25
"67145",-39598.798595443,"NRI_P187",50
"67146",-110858.315145443,"NRI_P187",100
"67147",-49056.080535443,"NRI_P187",25
"67148",-49185.372765443,"NRI_P187",50
"67149",-119787.514625443,"NRI_P187",100
"67150",-25630.157825443,"NRI_P187",25
"67151",-71872.502245443,"NRI_P187",50
"67152",-106905.273405443,"NRI_P187",100
"67153",-54607.116055443,"NRI_P187",25
"67154",-68287.201355443,"NRI_P187",50
"67155",-113725.194365443,"NRI_P187",100
"67156",-36850.783635443,"NRI_P187",25
"67157",-66789.959155443,"NRI_P187",50
"67158",-104439.822815443,"NRI_P187",100
"67159",-19907.070865443,"NRI_P187",25
"67160",-69826.135455443,"NRI_P187",50
"67161",-118339.742625443,"NRI_P187",100
"67162",-49337.379005443,"NRI_P187",25
"67163",-70626.641795443,"NRI_P187",50
"67164",-105251.124505443,"NRI_P187",100
"67165",-14342.478945443,"NRI_P187",25
"67166",-55916.650735443,"NRI_P187",50
"67167",-118615.349625443,"NRI_P187",100
"67168",-12636.0818754431,"NRI_P187",25
"67169",-71929.341895443,"NRI_P187",50
"67170",-103815.536785443,"NRI_P187",100
"67171",-20220.734275443,"NRI_P187",25
"67172",-45352.376225443,"NRI_P187",50
"67173",-117942.179225443,"NRI_P187",100
"67174",-53067.239575443,"NRI_P187",25
"67175",-54939.782975443,"NRI_P187",50
"67176",-122126.890065443,"NRI_P187",100
"67177",-16131.575935443,"NRI_P187",25
"67178",-64037.349165443,"NRI_P187",50
"67179",-113399.663325443,"NRI_P187",100
"67180",-40829.578895443,"NRI_P187",25
"67181",-49617.922265443,"NRI_P187",50
"67182",-102355.593645443,"NRI_P187",100
"67183",-69711.627575443,"NRI_P187",25
"67184",-65236.143605443,"NRI_P187",50
"67185",-108289.346705443,"NRI_P187",100
"67186",-17952.634935443,"NRI_P187",25
"67187",-46581.203835443,"NRI_P187",50
"67188",-114895.045115443,"NRI_P187",100
"67189",-47352.489685443,"NRI_P187",25
"67190",-76054.262005443,"NRI_P187",50
"67191",-109780.876345443,"NRI_P187",100
"67192",-259.248305443034,"NRI_P187",25
"67193",-69031.955415443,"NRI_P187",50
"67194",-120418.718335443,"NRI_P187",100
"67195",-20612.959645443,"NRI_P187",25
"67196",-38055.206465443,"NRI_P187",50
"67197",-127260.800575443,"NRI_P187",100
"67198",-29171.538455443,"NRI_P187",25
"67199",-43887.895585443,"NRI_P187",50
"67200",-101098.923585443,"NRI_P187",100
"67201",6158.90399930003,"NRI_P188",25
"67202",-24761.1370607,"NRI_P188",50
"67203",-49985.1920707,"NRI_P188",100
"67204",-17263.7452507,"NRI_P188",25
"67205",-12374.9046307,"NRI_P188",50
"67206",-7843.09646069998,"NRI_P188",100
"67207",-26360.2320407,"NRI_P188",25
"67208",-5886.9902307,"NRI_P188",50
"67209",-56008.2602307,"NRI_P188",100
"67210",-25471.5912507,"NRI_P188",25
"67211",-22843.2399307,"NRI_P188",50
"67212",-45112.8736307,"NRI_P188",100
"67213",-2218.66161069996,"NRI_P188",25
"67214",-6045.49209069996,"NRI_P188",50
"67215",-83653.8870407,"NRI_P188",100
"67216",14254.4033293,"NRI_P188",25
"67217",-20769.6718507,"NRI_P188",50
"67218",-20154.2676707,"NRI_P188",100
"67219",-17439.4650107,"NRI_P188",25
"67220",36770.8665293001,"NRI_P188",50
"67221",-44180.1127007,"NRI_P188",100
"67222",-10926.6719707,"NRI_P188",25
"67223",27701.8582593,"NRI_P188",50
"67224",-13339.1872807,"NRI_P188",100
"67225",-7158.00982069998,"NRI_P188",25
"67226",-4104.53914069996,"NRI_P188",50
"67227",-24886.7226407,"NRI_P188",100
"67228",-10654.4576407,"NRI_P188",25
"67229",-30416.4613407,"NRI_P188",50
"67230",-8499.43211069997,"NRI_P188",100
"67231",-26915.0343307,"NRI_P188",25
"67232",-6206.45527069998,"NRI_P188",50
"67233",-375.609530699963,"NRI_P188",100
"67234",-299.085150700004,"NRI_P188",25
"67235",-32533.8505107,"NRI_P188",50
"67236",-20438.4366307,"NRI_P188",100
"67237",13381.7101393,"NRI_P188",25
"67238",11750.0051493,"NRI_P188",50
"67239",-13352.4225307,"NRI_P188",100
"67240",-5290.25339069997,"NRI_P188",25
"67241",15903.8104493,"NRI_P188",50
"67242",-31267.6531807,"NRI_P188",100
"67243",-25881.7513307,"NRI_P188",25
"67244",-2094.60992069996,"NRI_P188",50
"67245",4886.76365930005,"NRI_P188",100
"67246",-16472.1925207,"NRI_P188",25
"67247",-27184.9087307,"NRI_P188",50
"67248",-35661.8994307,"NRI_P188",100
"67249",-3732.26955069997,"NRI_P188",25
"67250",8471.72700930003,"NRI_P188",50
"67251",-66590.5181307,"NRI_P188",100
"67252",-32750.8859307,"NRI_P188",25
"67253",23988.7922993,"NRI_P188",50
"67254",5747.64092930005,"NRI_P188",100
"67255",-30352.2929207,"NRI_P188",25
"67256",-16007.9900607,"NRI_P188",50
"67257",-35995.4788607,"NRI_P188",100
"67258",8062.68183930003,"NRI_P188",25
"67259",3378.0685393,"NRI_P188",50
"67260",-46802.0061307,"NRI_P188",100
"67261",-8024.32300069998,"NRI_P188",25
"67262",-32866.7828307,"NRI_P188",50
"67263",-47402.7141607,"NRI_P188",100
"67264",-17057.8641907,"NRI_P188",25
"67265",-16793.7377907,"NRI_P188",50
"67266",-51210.4444207,"NRI_P188",100
"67267",5638.6082593,"NRI_P188",25
"67268",-34485.9679007,"NRI_P188",50
"67269",-46288.6352907,"NRI_P188",100
"67270",-24162.8028007,"NRI_P188",25
"67271",-53439.9916607,"NRI_P188",50
"67272",-65272.5145507,"NRI_P188",100
"67273",-23586.9261507,"NRI_P188",25
"67274",-20054.2039407,"NRI_P188",50
"67275",-79490.7065907,"NRI_P188",100
"67276",3795.54477930005,"NRI_P188",25
"67277",-39938.9516307,"NRI_P188",50
"67278",-74120.2595707,"NRI_P188",100
"67279",-6095.5892707,"NRI_P188",25
"67280",-24689.7352907,"NRI_P188",50
"67281",-29717.9838507,"NRI_P188",100
"67282",-10002.6333607,"NRI_P188",25
"67283",-34380.3331207,"NRI_P188",50
"67284",-15126.7837907,"NRI_P188",100
"67285",9414.55004930001,"NRI_P188",25
"67286",40946.4855893,"NRI_P188",50
"67287",-17083.0126407,"NRI_P188",100
"67288",940.658919300011,"NRI_P188",25
"67289",-18242.9066407,"NRI_P188",50
"67290",-18200.9606107,"NRI_P188",100
"67291",-3888.07889069995,"NRI_P188",25
"67292",9320.27023930004,"NRI_P188",50
"67293",-64948.8080607,"NRI_P188",100
"67294",-17121.0363807,"NRI_P188",25
"67295",-22283.4343607,"NRI_P188",50
"67296",-33664.0957707,"NRI_P188",100
"67297",22304.3033393,"NRI_P188",25
"67298",-24881.1433607,"NRI_P188",50
"67299",-34345.7182007,"NRI_P188",100
"67300",-13972.7867407,"NRI_P188",25
"67301",-18724.6052207,"NRI_P188",50
"67302",-33082.5272907,"NRI_P188",100
"67303",24246.9675893,"NRI_P188",25
"67304",-19049.1407507,"NRI_P188",50
"67305",-27315.2082807,"NRI_P188",100
"67306",-4457.3633507,"NRI_P188",25
"67307",-36036.6672307,"NRI_P188",50
"67308",-22108.0362507,"NRI_P188",100
"67309",3758.93901930004,"NRI_P188",25
"67310",-35323.8086807,"NRI_P188",50
"67311",-21356.6410407,"NRI_P188",100
"67312",-7694.85073069998,"NRI_P188",25
"67313",-2179.0901807,"NRI_P188",50
"67314",-30434.9293807,"NRI_P188",100
"67315",-21289.6270307,"NRI_P188",25
"67316",-3230.0204107,"NRI_P188",50
"67317",-18210.5367107,"NRI_P188",100
"67318",4170.30758930004,"NRI_P188",25
"67319",-53379.6395007,"NRI_P188",50
"67320",-47334.1685407,"NRI_P188",100
"67321",-4588.29096069996,"NRI_P188",25
"67322",-38505.7941507,"NRI_P188",50
"67323",-45864.5881007,"NRI_P188",100
"67324",-26450.8492607,"NRI_P188",25
"67325",-25135.4926307,"NRI_P188",50
"67326",-53873.8737307,"NRI_P188",100
"67327",-225.892490700004,"NRI_P188",25
"67328",-16241.4290507,"NRI_P188",50
"67329",-57773.0164607,"NRI_P188",100
"67330",1451.50936930004,"NRI_P188",25
"67331",20570.6433793,"NRI_P188",50
"67332",-47956.1698807,"NRI_P188",100
"67333",-25833.5215807,"NRI_P188",25
"67334",-36990.1256607,"NRI_P188",50
"67335",-19221.9192807,"NRI_P188",100
"67336",-42372.8193407,"NRI_P188",25
"67337",-14054.8223607,"NRI_P188",50
"67338",-4533.33081069996,"NRI_P188",100
"67339",-23488.6447607,"NRI_P188",25
"67340",-13516.9083907,"NRI_P188",50
"67341",-77147.0527807,"NRI_P188",100
"67342",-28063.5647907,"NRI_P188",25
"67343",-6370.20676069998,"NRI_P188",50
"67344",-29847.7860807,"NRI_P188",100
"67345",-22600.6239207,"NRI_P188",25
"67346",-30135.3744707,"NRI_P188",50
"67347",-69100.3487507,"NRI_P188",100
"67348",-29111.3917807,"NRI_P188",25
"67349",-23254.0122107,"NRI_P188",50
"67350",-63690.6462907,"NRI_P188",100
"67351",-43081.2523307,"NRI_P188",25
"67352",-2229.47470069997,"NRI_P188",50
"67353",-51355.2244707,"NRI_P188",100
"67354",-20140.1479907,"NRI_P188",25
"67355",9275.28074930003,"NRI_P188",50
"67356",-70725.0230907,"NRI_P188",100
"67357",-409.292490699969,"NRI_P188",25
"67358",-18926.1682407,"NRI_P188",50
"67359",-48854.6908507,"NRI_P188",100
"67360",29324.4843793,"NRI_P188",25
"67361",-39263.4175207,"NRI_P188",50
"67362",20107.8542793,"NRI_P188",100
"67363",-19582.0449107,"NRI_P188",25
"67364",-31714.6659607,"NRI_P188",50
"67365",-62314.8464107,"NRI_P188",100
"67366",-4872.36848069995,"NRI_P188",25
"67367",-30093.7404807,"NRI_P188",50
"67368",-566.489900699991,"NRI_P188",100
"67369",-24020.0403407,"NRI_P188",25
"67370",-230.476330699981,"NRI_P188",50
"67371",-43691.8311407,"NRI_P188",100
"67372",-13043.5217207,"NRI_P188",25
"67373",-27775.2770007,"NRI_P188",50
"67374",-22921.5811907,"NRI_P188",100
"67375",-14107.2678807,"NRI_P188",25
"67376",7301.62693930004,"NRI_P188",50
"67377",-60429.4729007,"NRI_P188",100
"67378",36264.5858593,"NRI_P188",25
"67379",48632.8905093001,"NRI_P188",50
"67380",-35198.4208607,"NRI_P188",100
"67381",2112.24557930004,"NRI_P188",25
"67382",-27305.5739607,"NRI_P188",50
"67383",5782.80059930001,"NRI_P188",100
"67384",7965.47680930002,"NRI_P188",25
"67385",11805.5210793,"NRI_P188",50
"67386",8439.75338930002,"NRI_P188",100
"67387",-19277.8304507,"NRI_P188",25
"67388",-12490.4397107,"NRI_P188",50
"67389",-27091.9603907,"NRI_P188",100
"67390",-18621.7204607,"NRI_P188",25
"67391",-35152.3102107,"NRI_P188",50
"67392",-39914.5735307,"NRI_P188",100
"67393",10334.0002693,"NRI_P188",25
"67394",-14591.1951707,"NRI_P188",50
"67395",-21373.0658407,"NRI_P188",100
"67396",-6235.9898107,"NRI_P188",25
"67397",-46820.9283407,"NRI_P188",50
"67398",-26146.2085407,"NRI_P188",100
"67399",-2044.46921069996,"NRI_P188",25
"67400",-16713.4446907,"NRI_P188",50
"67401",-79124.0768907,"NRI_P188",100
"67402",-22163.6306607,"NRI_P188",25
"67403",23536.8778493,"NRI_P188",50
"67404",-20505.0353207,"NRI_P188",100
"67405",77175.2914693,"NRI_P188",25
"67406",-27247.8437307,"NRI_P188",50
"67407",-20648.1931207,"NRI_P188",100
"67408",310.182509300008,"NRI_P188",25
"67409",-22214.8122307,"NRI_P188",50
"67410",-22460.4748007,"NRI_P188",100
"67411",-4040.31418069999,"NRI_P188",25
"67412",13822.6444893,"NRI_P188",50
"67413",-59698.0517507,"NRI_P188",100
"67414",-8431.02613069996,"NRI_P188",25
"67415",-31197.2311407,"NRI_P188",50
"67416",-9987.68990069997,"NRI_P188",100
"67417",40938.2670393,"NRI_P188",25
"67418",-18433.7006507,"NRI_P188",50
"67419",-38809.1871407,"NRI_P188",100
"67420",-7598.64009069998,"NRI_P188",25
"67421",-21079.7896807,"NRI_P188",50
"67422",-26828.7015407,"NRI_P188",100
"67423",52760.3776093,"NRI_P188",25
"67424",37685.1627893,"NRI_P188",50
"67425",40923.7657893,"NRI_P188",100
"67426",-4013.92266069999,"NRI_P188",25
"67427",-11995.6477207,"NRI_P188",50
"67428",-53266.3469507,"NRI_P188",100
"67429",-3893.77791069995,"NRI_P188",25
"67430",-28280.9354607,"NRI_P188",50
"67431",-37172.8878107,"NRI_P188",100
"67432",12750.4048093,"NRI_P188",25
"67433",-19689.4391007,"NRI_P188",50
"67434",-68633.8743307,"NRI_P188",100
"67435",-4236.44403069996,"NRI_P188",25
"67436",-29476.5206807,"NRI_P188",50
"67437",10027.7996693,"NRI_P188",100
"67438",9176.13013930002,"NRI_P188",25
"67439",-35766.2934307,"NRI_P188",50
"67440",-48608.4617107,"NRI_P188",100
"67441",-3231.47860069998,"NRI_P188",25
"67442",-6921.01584069998,"NRI_P188",50
"67443",-13250.7318107,"NRI_P188",100
"67444",-1750.07899069996,"NRI_P188",25
"67445",-1853.60317069996,"NRI_P188",50
"67446",-18734.9995907,"NRI_P188",100
"67447",-17699.6696507,"NRI_P188",25
"67448",-36141.7939407,"NRI_P188",50
"67449",21234.0540993,"NRI_P188",100
"67450",-11896.2945507,"NRI_P188",25
"67451",-37348.6108507,"NRI_P188",50
"67452",-60037.8087607,"NRI_P188",100
"67453",-1678.22701069998,"NRI_P188",25
"67454",41143.9210393,"NRI_P188",50
"67455",-44795.9684607,"NRI_P188",100
"67456",-13149.7984007,"NRI_P188",25
"67457",-16783.2709507,"NRI_P188",50
"67458",9513.03063930001,"NRI_P188",100
"67459",-12995.8387007,"NRI_P188",25
"67460",-42016.1357307,"NRI_P188",50
"67461",-40762.8655407,"NRI_P188",100
"67462",2619.2001593,"NRI_P188",25
"67463",-36599.5694207,"NRI_P188",50
"67464",-73173.1236107,"NRI_P188",100
"67465",-745.102030699956,"NRI_P188",25
"67466",12747.4421793,"NRI_P188",50
"67467",-43300.5007107,"NRI_P188",100
"67468",5607.78152930003,"NRI_P188",25
"67469",-357.452610699984,"NRI_P188",50
"67470",-6833.02208069997,"NRI_P188",100
"67471",-20173.0690107,"NRI_P188",25
"67472",359.894709300017,"NRI_P188",50
"67473",-69258.1329107,"NRI_P188",100
"67474",-26999.6815207,"NRI_P188",25
"67475",-31590.7724607,"NRI_P188",50
"67476",66800.8463793001,"NRI_P188",100
"67477",-7733.32599069999,"NRI_P188",25
"67478",-2697.49254069995,"NRI_P188",50
"67479",-23983.7823907,"NRI_P188",100
"67480",-21822.0773807,"NRI_P188",25
"67481",-38256.8453107,"NRI_P188",50
"67482",55.3077593000489,"NRI_P188",100
"67483",-17785.8801807,"NRI_P188",25
"67484",117.736679300026,"NRI_P188",50
"67485",-10850.7147807,"NRI_P188",100
"67486",-40197.0510107,"NRI_P188",25
"67487",-47689.9419807,"NRI_P188",50
"67488",-5254.65753069997,"NRI_P188",100
"67489",-19653.0790507,"NRI_P188",25
"67490",-29707.3333307,"NRI_P188",50
"67491",-27503.9640707,"NRI_P188",100
"67492",5423.83817930002,"NRI_P188",25
"67493",-8359.69388069998,"NRI_P188",50
"67494",-16953.5105607,"NRI_P188",100
"67495",-221.763340699952,"NRI_P188",25
"67496",-641.256590699952,"NRI_P188",50
"67497",-1150.93612069997,"NRI_P188",100
"67498",-8996.73686069998,"NRI_P188",25
"67499",-36844.2120907,"NRI_P188",50
"67500",-55479.3759307,"NRI_P188",100
"67501",-4945.32238426601,"OLAM_P001",25
"67502",2265.04385573399,"OLAM_P001",50
"67503",145.618385733978,"OLAM_P001",100
"67504",4108.24142573401,"OLAM_P001",25
"67505",-18501.299134266,"OLAM_P001",50
"67506",-12052.336214266,"OLAM_P001",100
"67507",-3107.637084266,"OLAM_P001",25
"67508",5375.239015734,"OLAM_P001",50
"67509",-22721.671394266,"OLAM_P001",100
"67510",4758.59431573399,"OLAM_P001",25
"67511",499.157735734014,"OLAM_P001",50
"67512",-23265.504384266,"OLAM_P001",100
"67513",578.891795734002,"OLAM_P001",25
"67514",-3738.12356426602,"OLAM_P001",50
"67515",-26024.131034266,"OLAM_P001",100
"67516",15453.317265734,"OLAM_P001",25
"67517",8806.64151573402,"OLAM_P001",50
"67518",-23418.130804266,"OLAM_P001",100
"67519",3562.29332573398,"OLAM_P001",25
"67520",-10887.283434266,"OLAM_P001",50
"67521",-18151.427334266,"OLAM_P001",100
"67522",4742.49147573399,"OLAM_P001",25
"67523",-1320.76639426599,"OLAM_P001",50
"67524",717.504985734005,"OLAM_P001",100
"67525",1597.12781573401,"OLAM_P001",25
"67526",4683.631315734,"OLAM_P001",50
"67527",-7415.861224266,"OLAM_P001",100
"67528",16322.056735734,"OLAM_P001",25
"67529",-13356.982184266,"OLAM_P001",50
"67530",-13365.676604266,"OLAM_P001",100
"67531",4441.98655573401,"OLAM_P001",25
"67532",5834.454975734,"OLAM_P001",50
"67533",-9114.84815426602,"OLAM_P001",100
"67534",-6727.83627426601,"OLAM_P001",25
"67535",-9418.23724426603,"OLAM_P001",50
"67536",-15450.302624266,"OLAM_P001",100
"67537",-8055.21442426601,"OLAM_P001",25
"67538",3440.90553573403,"OLAM_P001",50
"67539",-28246.503894266,"OLAM_P001",100
"67540",-3545.19450426602,"OLAM_P001",25
"67541",-17732.476634266,"OLAM_P001",50
"67542",-22216.846864266,"OLAM_P001",100
"67543",-16118.020464266,"OLAM_P001",25
"67544",-20878.496724266,"OLAM_P001",50
"67545",6261.193685734,"OLAM_P001",100
"67546",7565.13630573399,"OLAM_P001",25
"67547",-10817.578354266,"OLAM_P001",50
"67548",-25722.258784266,"OLAM_P001",100
"67549",6691.90786573401,"OLAM_P001",25
"67550",-14239.235024266,"OLAM_P001",50
"67551",22080.550505734,"OLAM_P001",100
"67552",5316.03588573402,"OLAM_P001",25
"67553",6549.39134573401,"OLAM_P001",50
"67554",-15060.813724266,"OLAM_P001",100
"67555",-1565.201404266,"OLAM_P001",25
"67556",-16768.051934266,"OLAM_P001",50
"67557",-5234.710914266,"OLAM_P001",100
"67558",5619.88852573402,"OLAM_P001",25
"67559",-15922.568644266,"OLAM_P001",50
"67560",-2010.67196426599,"OLAM_P001",100
"67561",1500.431385734,"OLAM_P001",25
"67562",8649.21567573398,"OLAM_P001",50
"67563",-3020.85111426603,"OLAM_P001",100
"67564",4627.55023573397,"OLAM_P001",25
"67565",-6307.83775426599,"OLAM_P001",50
"67566",-9082.17153426597,"OLAM_P001",100
"67567",-17973.990354266,"OLAM_P001",25
"67568",-6400.18800426601,"OLAM_P001",50
"67569",3263.15312573401,"OLAM_P001",100
"67570",-3064.11040426599,"OLAM_P001",25
"67571",-12793.594364266,"OLAM_P001",50
"67572",-24978.863904266,"OLAM_P001",100
"67573",5270.43817573402,"OLAM_P001",25
"67574",-3080.96025426598,"OLAM_P001",50
"67575",2113.13050573401,"OLAM_P001",100
"67576",16966.305275734,"OLAM_P001",25
"67577",-30742.084134266,"OLAM_P001",50
"67578",-21483.662604266,"OLAM_P001",100
"67579",-17634.640424266,"OLAM_P001",25
"67580",-82.0670542659936,"OLAM_P001",50
"67581",-25145.850904266,"OLAM_P001",100
"67582",9666.47563573398,"OLAM_P001",25
"67583",5524.74419573398,"OLAM_P001",50
"67584",-5463.16939426598,"OLAM_P001",100
"67585",2452.80701573403,"OLAM_P001",25
"67586",-10444.200284266,"OLAM_P001",50
"67587",-15976.640274266,"OLAM_P001",100
"67588",-4352.68701426598,"OLAM_P001",25
"67589",-4350.69080426602,"OLAM_P001",50
"67590",884.228005733981,"OLAM_P001",100
"67591",-16738.293714266,"OLAM_P001",25
"67592",262.128555734002,"OLAM_P001",50
"67593",-5111.47137426602,"OLAM_P001",100
"67594",4280.117295734,"OLAM_P001",25
"67595",-7705.256894266,"OLAM_P001",50
"67596",569.154115733982,"OLAM_P001",100
"67597",-21053.540724266,"OLAM_P001",25
"67598",14573.971335734,"OLAM_P001",50
"67599",-14869.612954266,"OLAM_P001",100
"67600",10671.220275734,"OLAM_P001",25
"67601",19177.518605734,"OLAM_P001",50
"67602",-16994.811684266,"OLAM_P001",100
"67603",1355.36361573398,"OLAM_P001",25
"67604",-4890.27975426603,"OLAM_P001",50
"67605",-6389.32823426602,"OLAM_P001",100
"67606",3545.76532573398,"OLAM_P001",25
"67607",-9979.23911426601,"OLAM_P001",50
"67608",-20774.234274266,"OLAM_P001",100
"67609",411.27541573398,"OLAM_P001",25
"67610",-1490.925994266,"OLAM_P001",50
"67611",-5932.46713426599,"OLAM_P001",100
"67612",10412.750475734,"OLAM_P001",25
"67613",-18217.114194266,"OLAM_P001",50
"67614",-28848.256534266,"OLAM_P001",100
"67615",-7273.27273426601,"OLAM_P001",25
"67616",3895.333385734,"OLAM_P001",50
"67617",-18814.114794266,"OLAM_P001",100
"67618",4267.88901573402,"OLAM_P001",25
"67619",-3964.52123426599,"OLAM_P001",50
"67620",7930.09294573398,"OLAM_P001",100
"67621",30257.303065734,"OLAM_P001",25
"67622",-8602.11517426599,"OLAM_P001",50
"67623",-13720.622004266,"OLAM_P001",100
"67624",-452.554604266013,"OLAM_P001",25
"67625",-623.471184265974,"OLAM_P001",50
"67626",-28524.866874266,"OLAM_P001",100
"67627",-640.604894265998,"OLAM_P001",25
"67628",4611.25361573399,"OLAM_P001",50
"67629",8567.15011573402,"OLAM_P001",100
"67630",-970.104314266006,"OLAM_P001",25
"67631",2553.15246573399,"OLAM_P001",50
"67632",-8802.48753426602,"OLAM_P001",100
"67633",3547.55318573402,"OLAM_P001",25
"67634",7484.71105573402,"OLAM_P001",50
"67635",-13921.261344266,"OLAM_P001",100
"67636",9358.40702573402,"OLAM_P001",25
"67637",-24122.631404266,"OLAM_P001",50
"67638",-15637.890044266,"OLAM_P001",100
"67639",-14439.263154266,"OLAM_P001",25
"67640",-10336.502074266,"OLAM_P001",50
"67641",-4007.53328426601,"OLAM_P001",100
"67642",6535.44778573402,"OLAM_P001",25
"67643",-3304.46582426602,"OLAM_P001",50
"67644",-30221.444324266,"OLAM_P001",100
"67645",-10224.877234266,"OLAM_P001",25
"67646",7198.29005573399,"OLAM_P001",50
"67647",-9057.61657426599,"OLAM_P001",100
"67648",-18569.154184266,"OLAM_P001",25
"67649",-12412.649144266,"OLAM_P001",50
"67650",8458.58002573403,"OLAM_P001",100
"67651",-583.195544266026,"OLAM_P001",25
"67652",-10505.708554266,"OLAM_P001",50
"67653",-11010.130924266,"OLAM_P001",100
"67654",-13254.986554266,"OLAM_P001",25
"67655",-10503.846514266,"OLAM_P001",50
"67656",-18514.657814266,"OLAM_P001",100
"67657",-6865.55931426602,"OLAM_P001",25
"67658",-16410.099044266,"OLAM_P001",50
"67659",-18771.662714266,"OLAM_P001",100
"67660",14687.368895734,"OLAM_P001",25
"67661",10138.783035734,"OLAM_P001",50
"67662",-26955.041634266,"OLAM_P001",100
"67663",2728.31997573399,"OLAM_P001",25
"67664",-12269.178964266,"OLAM_P001",50
"67665",-17861.403134266,"OLAM_P001",100
"67666",2154.89597573399,"OLAM_P001",25
"67667",630.575285734027,"OLAM_P001",50
"67668",-14744.875934266,"OLAM_P001",100
"67669",-7120.15838426602,"OLAM_P001",25
"67670",1446.577835734,"OLAM_P001",50
"67671",2687.55663573398,"OLAM_P001",100
"67672",-17893.131954266,"OLAM_P001",25
"67673",-25294.422544266,"OLAM_P001",50
"67674",-4631.225124266,"OLAM_P001",100
"67675",-4423.12860426598,"OLAM_P001",25
"67676",-2966.62698426598,"OLAM_P001",50
"67677",-22947.310604266,"OLAM_P001",100
"67678",5587.218735734,"OLAM_P001",25
"67679",-9016.16598426597,"OLAM_P001",50
"67680",-20485.983264266,"OLAM_P001",100
"67681",-3095.24673426599,"OLAM_P001",25
"67682",-22624.913834266,"OLAM_P001",50
"67683",20009.236875734,"OLAM_P001",100
"67684",-16325.571954266,"OLAM_P001",25
"67685",-32191.807794266,"OLAM_P001",50
"67686",9699.99515573401,"OLAM_P001",100
"67687",12578.381085734,"OLAM_P001",25
"67688",-700.243084266025,"OLAM_P001",50
"67689",-26993.756434266,"OLAM_P001",100
"67690",-7189.00682426599,"OLAM_P001",25
"67691",-1127.78500426601,"OLAM_P001",50
"67692",-167.332114265999,"OLAM_P001",100
"67693",-3641.72002426599,"OLAM_P001",25
"67694",-3246.82261426601,"OLAM_P001",50
"67695",-17678.967374266,"OLAM_P001",100
"67696",7746.26816573401,"OLAM_P001",25
"67697",-7070.98918426601,"OLAM_P001",50
"67698",-13959.064174266,"OLAM_P001",100
"67699",277.654235734022,"OLAM_P001",25
"67700",-8849.23003426602,"OLAM_P001",50
"67701",-13178.074554266,"OLAM_P001",100
"67702",-8144.52778426599,"OLAM_P001",25
"67703",9188.02408573398,"OLAM_P001",50
"67704",-18251.760044266,"OLAM_P001",100
"67705",837.756175733986,"OLAM_P001",25
"67706",-13107.361214266,"OLAM_P001",50
"67707",-13599.077444266,"OLAM_P001",100
"67708",3326.364955734,"OLAM_P001",25
"67709",-459.773764265992,"OLAM_P001",50
"67710",-22744.454614266,"OLAM_P001",100
"67711",-2001.77651426598,"OLAM_P001",25
"67712",-9739.66552426602,"OLAM_P001",50
"67713",-3969.878194266,"OLAM_P001",100
"67714",-6038.25592426601,"OLAM_P001",25
"67715",11237.350445734,"OLAM_P001",50
"67716",-10418.031804266,"OLAM_P001",100
"67717",-12650.964374266,"OLAM_P001",25
"67718",-45.4680742659839,"OLAM_P001",50
"67719",-7425.55827426602,"OLAM_P001",100
"67720",4123.19750573399,"OLAM_P001",25
"67721",-12189.868254266,"OLAM_P001",50
"67722",-73.763994265988,"OLAM_P001",100
"67723",3316.29007573402,"OLAM_P001",25
"67724",-12863.443444266,"OLAM_P001",50
"67725",-26843.087034266,"OLAM_P001",100
"67726",7908.33145573398,"OLAM_P001",25
"67727",-8249.91841426602,"OLAM_P001",50
"67728",-5813.60217426601,"OLAM_P001",100
"67729",4664.28102573397,"OLAM_P001",25
"67730",-3407.25748426601,"OLAM_P001",50
"67731",431.459955734026,"OLAM_P001",100
"67732",-7013.11552426597,"OLAM_P001",25
"67733",2429.643935734,"OLAM_P001",50
"67734",-13463.891844266,"OLAM_P001",100
"67735",13023.525725734,"OLAM_P001",25
"67736",-20552.837494266,"OLAM_P001",50
"67737",-14845.453634266,"OLAM_P001",100
"67738",2995.45055573399,"OLAM_P001",25
"67739",14866.796665734,"OLAM_P001",50
"67740",-6321.90327426599,"OLAM_P001",100
"67741",-14367.169064266,"OLAM_P001",25
"67742",-10087.394714266,"OLAM_P001",50
"67743",-12659.501994266,"OLAM_P001",100
"67744",-5341.18969426601,"OLAM_P001",25
"67745",-21174.732384266,"OLAM_P001",50
"67746",-20479.948724266,"OLAM_P001",100
"67747",474.12552573398,"OLAM_P001",25
"67748",-2315.71707426599,"OLAM_P001",50
"67749",-9989.352364266,"OLAM_P001",100
"67750",1160.43357573397,"OLAM_P001",25
"67751",4359.72536573402,"OLAM_P001",50
"67752",-9148.40738426597,"OLAM_P001",100
"67753",1988.57363573398,"OLAM_P001",25
"67754",-21087.291974266,"OLAM_P001",50
"67755",1166.55027573399,"OLAM_P001",100
"67756",5743.39281573403,"OLAM_P001",25
"67757",-7720.46963426599,"OLAM_P001",50
"67758",-9789.99500426598,"OLAM_P001",100
"67759",4705.14245573402,"OLAM_P001",25
"67760",-847.716164265992,"OLAM_P001",50
"67761",2927.18866573402,"OLAM_P001",100
"67762",-3252.83533426601,"OLAM_P001",25
"67763",-22612.643914266,"OLAM_P001",50
"67764",-2815.54915426602,"OLAM_P001",100
"67765",8289.04350573401,"OLAM_P001",25
"67766",1471.511145734,"OLAM_P001",50
"67767",5969.05607573403,"OLAM_P001",100
"67768",-2411.163014266,"OLAM_P001",25
"67769",-19534.252604266,"OLAM_P001",50
"67770",-3305.624464266,"OLAM_P001",100
"67771",-16901.751864266,"OLAM_P001",25
"67772",-12996.048404266,"OLAM_P001",50
"67773",-22123.379134266,"OLAM_P001",100
"67774",1799.80446573399,"OLAM_P001",25
"67775",-4181.08508426597,"OLAM_P001",50
"67776",-15197.720254266,"OLAM_P001",100
"67777",-2963.56739426602,"OLAM_P001",25
"67778",11312.657615734,"OLAM_P001",50
"67779",-11915.152564266,"OLAM_P001",100
"67780",-2121.53225426597,"OLAM_P001",25
"67781",-13912.285234266,"OLAM_P001",50
"67782",3607.59783573402,"OLAM_P001",100
"67783",-4555.85170426598,"OLAM_P001",25
"67784",-6237.398444266,"OLAM_P001",50
"67785",-7388.07167426602,"OLAM_P001",100
"67786",-16701.480824266,"OLAM_P001",25
"67787",-9943.21158426598,"OLAM_P001",50
"67788",-11206.456604266,"OLAM_P001",100
"67789",6789.99327573401,"OLAM_P001",25
"67790",6549.56761573401,"OLAM_P001",50
"67791",-11553.279114266,"OLAM_P001",100
"67792",1001.49278573401,"OLAM_P001",25
"67793",7583.43083573401,"OLAM_P001",50
"67794",-15866.970734266,"OLAM_P001",100
"67795",2134.97991573397,"OLAM_P001",25
"67796",-588.084744266002,"OLAM_P001",50
"67797",-8160.34671426599,"OLAM_P001",100
"67798",-15809.936864266,"OLAM_P001",25
"67799",-10007.242964266,"OLAM_P001",50
"67800",-13375.958674266,"OLAM_P001",100
"67801",2582.2754540583,"OLAM_P002",25
"67802",6242.3424240583,"OLAM_P002",50
"67803",23322.9361340583,"OLAM_P002",100
"67804",12930.0055840583,"OLAM_P002",25
"67805",15487.6641640583,"OLAM_P002",50
"67806",18044.6509540583,"OLAM_P002",100
"67807",11301.7252840583,"OLAM_P002",25
"67808",10196.3565040583,"OLAM_P002",50
"67809",17865.3060740583,"OLAM_P002",100
"67810",9964.8988140583,"OLAM_P002",25
"67811",6482.02685405831,"OLAM_P002",50
"67812",27435.7854240583,"OLAM_P002",100
"67813",3824.95827405831,"OLAM_P002",25
"67814",12624.8119940583,"OLAM_P002",50
"67815",16558.1027740583,"OLAM_P002",100
"67816",12205.0730540583,"OLAM_P002",25
"67817",6940.4856640583,"OLAM_P002",50
"67818",26403.5095640583,"OLAM_P002",100
"67819",5406.9500040583,"OLAM_P002",25
"67820",12430.4476340583,"OLAM_P002",50
"67821",17034.6189940583,"OLAM_P002",100
"67822",6655.5712940583,"OLAM_P002",25
"67823",10381.2526240583,"OLAM_P002",50
"67824",20739.5573840583,"OLAM_P002",100
"67825",5752.0286140583,"OLAM_P002",25
"67826",13492.1759040583,"OLAM_P002",50
"67827",17160.6705440583,"OLAM_P002",100
"67828",4497.4496640583,"OLAM_P002",25
"67829",11649.7540440583,"OLAM_P002",50
"67830",32035.9916640583,"OLAM_P002",100
"67831",4082.8465140583,"OLAM_P002",25
"67832",11764.4805940583,"OLAM_P002",50
"67833",13086.8413240583,"OLAM_P002",100
"67834",6448.9322840583,"OLAM_P002",25
"67835",6178.06143405831,"OLAM_P002",50
"67836",17286.3168640583,"OLAM_P002",100
"67837",6596.2760040583,"OLAM_P002",25
"67838",20393.5658140583,"OLAM_P002",50
"67839",22469.5787440583,"OLAM_P002",100
"67840",4549.9991440583,"OLAM_P002",25
"67841",9780.4130140583,"OLAM_P002",50
"67842",26781.8689640583,"OLAM_P002",100
"67843",10330.0176340583,"OLAM_P002",25
"67844",8463.8630340583,"OLAM_P002",50
"67845",20645.3311140583,"OLAM_P002",100
"67846",2638.3845240583,"OLAM_P002",25
"67847",17564.5670440583,"OLAM_P002",50
"67848",18044.7263340583,"OLAM_P002",100
"67849",1230.0074340583,"OLAM_P002",25
"67850",5248.46695405831,"OLAM_P002",50
"67851",17926.0329740583,"OLAM_P002",100
"67852",8563.69501405831,"OLAM_P002",25
"67853",7593.4537940583,"OLAM_P002",50
"67854",16831.8907940583,"OLAM_P002",100
"67855",5756.4027540583,"OLAM_P002",25
"67856",3601.6454840583,"OLAM_P002",50
"67857",13839.0016740583,"OLAM_P002",100
"67858",2901.7844940583,"OLAM_P002",25
"67859",10737.8780040583,"OLAM_P002",50
"67860",25368.0662040583,"OLAM_P002",100
"67861",3431.7734740583,"OLAM_P002",25
"67862",12410.7854740583,"OLAM_P002",50
"67863",16533.3584440583,"OLAM_P002",100
"67864",4333.9927840583,"OLAM_P002",25
"67865",18628.2410740583,"OLAM_P002",50
"67866",9081.37995405831,"OLAM_P002",100
"67867",1449.5816540583,"OLAM_P002",25
"67868",5485.8337140583,"OLAM_P002",50
"67869",28530.5775040583,"OLAM_P002",100
"67870",10679.2615240583,"OLAM_P002",25
"67871",8301.7969740583,"OLAM_P002",50
"67872",17742.5135040583,"OLAM_P002",100
"67873",4473.96592405831,"OLAM_P002",25
"67874",14035.0269840583,"OLAM_P002",50
"67875",11801.5431640583,"OLAM_P002",100
"67876",1570.4112340583,"OLAM_P002",25
"67877",5815.2066140583,"OLAM_P002",50
"67878",18590.6059440583,"OLAM_P002",100
"67879",6744.86080405831,"OLAM_P002",25
"67880",8002.0280540583,"OLAM_P002",50
"67881",15960.1154140583,"OLAM_P002",100
"67882",2693.09812405831,"OLAM_P002",25
"67883",8491.6535340583,"OLAM_P002",50
"67884",11709.2344540583,"OLAM_P002",100
"67885",8894.2282440583,"OLAM_P002",25
"67886",9511.7644040583,"OLAM_P002",50
"67887",10523.8960440583,"OLAM_P002",100
"67888",1927.3693940583,"OLAM_P002",25
"67889",15617.8339740583,"OLAM_P002",50
"67890",12505.3764640583,"OLAM_P002",100
"67891",2095.0797540583,"OLAM_P002",25
"67892",6144.8165240583,"OLAM_P002",50
"67893",15004.7006440583,"OLAM_P002",100
"67894",9679.4170540583,"OLAM_P002",25
"67895",12008.8816240583,"OLAM_P002",50
"67896",18685.2233340583,"OLAM_P002",100
"67897",7017.6963940583,"OLAM_P002",25
"67898",8632.3167140583,"OLAM_P002",50
"67899",15339.1805340583,"OLAM_P002",100
"67900",3609.3049840583,"OLAM_P002",25
"67901",2436.6750840583,"OLAM_P002",50
"67902",25758.3022840583,"OLAM_P002",100
"67903",6424.0381240583,"OLAM_P002",25
"67904",5741.47688405831,"OLAM_P002",50
"67905",15952.7479540583,"OLAM_P002",100
"67906",9553.0577740583,"OLAM_P002",25
"67907",18898.5855240583,"OLAM_P002",50
"67908",19875.1019840583,"OLAM_P002",100
"67909",1159.45313405831,"OLAM_P002",25
"67910",4860.37967405831,"OLAM_P002",50
"67911",23404.6210940583,"OLAM_P002",100
"67912",5189.9618040583,"OLAM_P002",25
"67913",12088.9438940583,"OLAM_P002",50
"67914",16921.0128340583,"OLAM_P002",100
"67915",7877.3959540583,"OLAM_P002",25
"67916",7542.2030040583,"OLAM_P002",50
"67917",32444.3529140583,"OLAM_P002",100
"67918",7626.6042140583,"OLAM_P002",25
"67919",12262.3680940583,"OLAM_P002",50
"67920",12784.9149940583,"OLAM_P002",100
"67921",4491.01559405831,"OLAM_P002",25
"67922",6692.8172140583,"OLAM_P002",50
"67923",28125.5116840583,"OLAM_P002",100
"67924",4355.8368040583,"OLAM_P002",25
"67925",4803.85343405831,"OLAM_P002",50
"67926",25283.0527140583,"OLAM_P002",100
"67927",554.147514058306,"OLAM_P002",25
"67928",3347.1870640583,"OLAM_P002",50
"67929",10992.8299740583,"OLAM_P002",100
"67930",3564.1259740583,"OLAM_P002",25
"67931",19251.4620540583,"OLAM_P002",50
"67932",21832.0091040583,"OLAM_P002",100
"67933",10980.6182940583,"OLAM_P002",25
"67934",9599.57018405831,"OLAM_P002",50
"67935",46902.0502640583,"OLAM_P002",100
"67936",2209.82678405831,"OLAM_P002",25
"67937",13204.2348640583,"OLAM_P002",50
"67938",20003.8896740583,"OLAM_P002",100
"67939",6093.0763640583,"OLAM_P002",25
"67940",13676.9925840583,"OLAM_P002",50
"67941",17827.1514740583,"OLAM_P002",100
"67942",8786.3562640583,"OLAM_P002",25
"67943",8816.81762405831,"OLAM_P002",50
"67944",20615.2282740583,"OLAM_P002",100
"67945",7242.0890940583,"OLAM_P002",25
"67946",8292.6438540583,"OLAM_P002",50
"67947",22912.2739740583,"OLAM_P002",100
"67948",3075.99332405831,"OLAM_P002",25
"67949",12222.2595340583,"OLAM_P002",50
"67950",17277.6415840583,"OLAM_P002",100
"67951",1956.8822440583,"OLAM_P002",25
"67952",19189.1242140583,"OLAM_P002",50
"67953",22848.4892740583,"OLAM_P002",100
"67954",5339.94821405831,"OLAM_P002",25
"67955",10983.6404740583,"OLAM_P002",50
"67956",17710.4817640583,"OLAM_P002",100
"67957",383.534564058304,"OLAM_P002",25
"67958",3503.4891440583,"OLAM_P002",50
"67959",24109.4668940583,"OLAM_P002",100
"67960",6772.3577040583,"OLAM_P002",25
"67961",3988.6980940583,"OLAM_P002",50
"67962",17087.2758640583,"OLAM_P002",100
"67963",10864.7911340583,"OLAM_P002",25
"67964",13319.8890040583,"OLAM_P002",50
"67965",16297.3876040583,"OLAM_P002",100
"67966",6979.9151640583,"OLAM_P002",25
"67967",2627.46624405831,"OLAM_P002",50
"67968",16990.3447240583,"OLAM_P002",100
"67969",3273.1358740583,"OLAM_P002",25
"67970",11351.0772740583,"OLAM_P002",50
"67971",14361.9903540583,"OLAM_P002",100
"67972",3299.5738740583,"OLAM_P002",25
"67973",9906.87782405831,"OLAM_P002",50
"67974",20286.3099140583,"OLAM_P002",100
"67975",3202.12013405831,"OLAM_P002",25
"67976",20337.3495440583,"OLAM_P002",50
"67977",14445.4054940583,"OLAM_P002",100
"67978",10873.7294740583,"OLAM_P002",25
"67979",10104.3349240583,"OLAM_P002",50
"67980",30553.1295240583,"OLAM_P002",100
"67981",3150.5658040583,"OLAM_P002",25
"67982",15464.7895540583,"OLAM_P002",50
"67983",21601.5775740583,"OLAM_P002",100
"67984",2477.4561840583,"OLAM_P002",25
"67985",8652.0916140583,"OLAM_P002",50
"67986",19248.2924040583,"OLAM_P002",100
"67987",7496.2220840583,"OLAM_P002",25
"67988",5538.0324940583,"OLAM_P002",50
"67989",20979.2125440583,"OLAM_P002",100
"67990",5661.7681840583,"OLAM_P002",25
"67991",7245.29452405831,"OLAM_P002",50
"67992",5393.9177340583,"OLAM_P002",100
"67993",2384.90112405831,"OLAM_P002",25
"67994",11558.5510740583,"OLAM_P002",50
"67995",26472.3648940583,"OLAM_P002",100
"67996",5004.2477640583,"OLAM_P002",25
"67997",5172.6853240583,"OLAM_P002",50
"67998",22050.8906140583,"OLAM_P002",100
"67999",3499.6584040583,"OLAM_P002",25
"68000",9066.9380740583,"OLAM_P002",50
"68001",10823.8119240583,"OLAM_P002",100
"68002",1494.3234040583,"OLAM_P002",25
"68003",2136.0090040583,"OLAM_P002",50
"68004",27727.2842040583,"OLAM_P002",100
"68005",2437.9884840583,"OLAM_P002",25
"68006",14928.6918140583,"OLAM_P002",50
"68007",14553.1464640583,"OLAM_P002",100
"68008",6259.7115040583,"OLAM_P002",25
"68009",11940.6140140583,"OLAM_P002",50
"68010",6665.8364440583,"OLAM_P002",100
"68011",6609.9415240583,"OLAM_P002",25
"68012",5165.6574140583,"OLAM_P002",50
"68013",14116.4206340583,"OLAM_P002",100
"68014",4408.9335040583,"OLAM_P002",25
"68015",11625.0883140583,"OLAM_P002",50
"68016",32004.6176740583,"OLAM_P002",100
"68017",4383.9532540583,"OLAM_P002",25
"68018",9561.7060340583,"OLAM_P002",50
"68019",29884.0489540583,"OLAM_P002",100
"68020",5930.41896405831,"OLAM_P002",25
"68021",2734.5039040583,"OLAM_P002",50
"68022",19201.9985940583,"OLAM_P002",100
"68023",6991.9206240583,"OLAM_P002",25
"68024",9352.55419405831,"OLAM_P002",50
"68025",17176.1765140583,"OLAM_P002",100
"68026",13101.4544340583,"OLAM_P002",25
"68027",3742.5771440583,"OLAM_P002",50
"68028",24123.3763440583,"OLAM_P002",100
"68029",2032.4781840583,"OLAM_P002",25
"68030",9338.7493040583,"OLAM_P002",50
"68031",13578.8279540583,"OLAM_P002",100
"68032",5169.06109405831,"OLAM_P002",25
"68033",21738.5906040583,"OLAM_P002",50
"68034",17003.0968240583,"OLAM_P002",100
"68035",4505.3514840583,"OLAM_P002",25
"68036",11058.1941440583,"OLAM_P002",50
"68037",25793.8086640583,"OLAM_P002",100
"68038",8477.88152405831,"OLAM_P002",25
"68039",8892.2239040583,"OLAM_P002",50
"68040",15646.7975240583,"OLAM_P002",100
"68041",5009.2798540583,"OLAM_P002",25
"68042",10434.7902340583,"OLAM_P002",50
"68043",25504.1908540583,"OLAM_P002",100
"68044",5444.43940405831,"OLAM_P002",25
"68045",13623.9168240583,"OLAM_P002",50
"68046",25402.1088040583,"OLAM_P002",100
"68047",834.932214058303,"OLAM_P002",25
"68048",6205.9107840583,"OLAM_P002",50
"68049",11577.3019940583,"OLAM_P002",100
"68050",3952.16668405831,"OLAM_P002",25
"68051",7598.2043640583,"OLAM_P002",50
"68052",17321.1861640583,"OLAM_P002",100
"68053",7917.7891140583,"OLAM_P002",25
"68054",8871.8794440583,"OLAM_P002",50
"68055",23516.6546940583,"OLAM_P002",100
"68056",1961.7294940583,"OLAM_P002",25
"68057",7010.89564405831,"OLAM_P002",50
"68058",20763.0986740583,"OLAM_P002",100
"68059",1838.3614740583,"OLAM_P002",25
"68060",11374.4088940583,"OLAM_P002",50
"68061",20316.1553840583,"OLAM_P002",100
"68062",8155.8005940583,"OLAM_P002",25
"68063",11602.6858640583,"OLAM_P002",50
"68064",22804.8563540583,"OLAM_P002",100
"68065",6763.6388840583,"OLAM_P002",25
"68066",5956.21504405831,"OLAM_P002",50
"68067",18661.3323640583,"OLAM_P002",100
"68068",2106.8477740583,"OLAM_P002",25
"68069",20103.7854240583,"OLAM_P002",50
"68070",15179.3510340583,"OLAM_P002",100
"68071",2776.9194540583,"OLAM_P002",25
"68072",10885.4334640583,"OLAM_P002",50
"68073",21881.5744440583,"OLAM_P002",100
"68074",4378.94316405831,"OLAM_P002",25
"68075",17356.4471040583,"OLAM_P002",50
"68076",12364.0378640583,"OLAM_P002",100
"68077",3024.2809340583,"OLAM_P002",25
"68078",11006.5082740583,"OLAM_P002",50
"68079",22429.9908740583,"OLAM_P002",100
"68080",3236.5552940583,"OLAM_P002",25
"68081",8065.3806740583,"OLAM_P002",50
"68082",12825.7147440583,"OLAM_P002",100
"68083",3196.9261440583,"OLAM_P002",25
"68084",22090.7477240583,"OLAM_P002",50
"68085",19811.3737640583,"OLAM_P002",100
"68086",1681.6225440583,"OLAM_P002",25
"68087",17615.0732540583,"OLAM_P002",50
"68088",25121.3042640583,"OLAM_P002",100
"68089",1509.08677405831,"OLAM_P002",25
"68090",8763.6712040583,"OLAM_P002",50
"68091",25187.5504340583,"OLAM_P002",100
"68092",2671.4101640583,"OLAM_P002",25
"68093",13265.5584040583,"OLAM_P002",50
"68094",14233.0649740583,"OLAM_P002",100
"68095",9677.14938405831,"OLAM_P002",25
"68096",9642.67240405831,"OLAM_P002",50
"68097",35169.3258340583,"OLAM_P002",100
"68098",5073.3786040583,"OLAM_P002",25
"68099",7306.9018040583,"OLAM_P002",50
"68100",21409.6662440583,"OLAM_P002",100
"68101",-10995.322784925,"OLAM_P003",25
"68102",-27509.926904925,"OLAM_P003",50
"68103",-58155.549784925,"OLAM_P003",100
"68104",10879.015135075,"OLAM_P003",25
"68105",-702.267304924957,"OLAM_P003",50
"68106",-10121.516464925,"OLAM_P003",100
"68107",-20337.321924925,"OLAM_P003",25
"68108",-47006.262354925,"OLAM_P003",50
"68109",-48606.026724925,"OLAM_P003",100
"68110",-77410.924634925,"OLAM_P003",25
"68111",15651.472825075,"OLAM_P003",50
"68112",-66266.862294925,"OLAM_P003",100
"68113",12773.279365075,"OLAM_P003",25
"68114",-23560.116874925,"OLAM_P003",50
"68115",-51617.217414925,"OLAM_P003",100
"68116",8603.630355075,"OLAM_P003",25
"68117",-27191.396644925,"OLAM_P003",50
"68118",-45380.153814925,"OLAM_P003",100
"68119",-41439.783634925,"OLAM_P003",25
"68120",16795.465475075,"OLAM_P003",50
"68121",-64975.989954925,"OLAM_P003",100
"68122",-15619.702324925,"OLAM_P003",25
"68123",-26839.915044925,"OLAM_P003",50
"68124",-2525.64863492496,"OLAM_P003",100
"68125",17045.954025075,"OLAM_P003",25
"68126",20241.685925075,"OLAM_P003",50
"68127",-54014.279014925,"OLAM_P003",100
"68128",-28222.036374925,"OLAM_P003",25
"68129",-24574.754234925,"OLAM_P003",50
"68130",-17556.940034925,"OLAM_P003",100
"68131",-42426.339364925,"OLAM_P003",25
"68132",27528.767345075,"OLAM_P003",50
"68133",-36255.950104925,"OLAM_P003",100
"68134",-880.763504925009,"OLAM_P003",25
"68135",7391.01540507504,"OLAM_P003",50
"68136",5061.62352507503,"OLAM_P003",100
"68137",-14140.909414925,"OLAM_P003",25
"68138",-24582.409254925,"OLAM_P003",50
"68139",-88250.888364925,"OLAM_P003",100
"68140",-2253.50064492499,"OLAM_P003",25
"68141",-25382.919894925,"OLAM_P003",50
"68142",-66197.950484925,"OLAM_P003",100
"68143",18256.045785075,"OLAM_P003",25
"68144",-41132.933044925,"OLAM_P003",50
"68145",3676.70623507502,"OLAM_P003",100
"68146",-17836.732364925,"OLAM_P003",25
"68147",5334.88841507502,"OLAM_P003",50
"68148",-75230.528404925,"OLAM_P003",100
"68149",-25056.741464925,"OLAM_P003",25
"68150",-41618.689714925,"OLAM_P003",50
"68151",-48832.741594925,"OLAM_P003",100
"68152",15694.448105075,"OLAM_P003",25
"68153",-65967.849384925,"OLAM_P003",50
"68154",-57069.334074925,"OLAM_P003",100
"68155",-4545.309804925,"OLAM_P003",25
"68156",27190.559415075,"OLAM_P003",50
"68157",-52677.312764925,"OLAM_P003",100
"68158",-5262.68644492497,"OLAM_P003",25
"68159",1197.85730507504,"OLAM_P003",50
"68160",-50900.790414925,"OLAM_P003",100
"68161",-31006.790964925,"OLAM_P003",25
"68162",-22516.046904925,"OLAM_P003",50
"68163",-63895.492864925,"OLAM_P003",100
"68164",-27021.719344925,"OLAM_P003",25
"68165",-26359.980814925,"OLAM_P003",50
"68166",-38061.834584925,"OLAM_P003",100
"68167",36853.878785075,"OLAM_P003",25
"68168",-55548.838444925,"OLAM_P003",50
"68169",-26871.949454925,"OLAM_P003",100
"68170",-40164.728044925,"OLAM_P003",25
"68171",18327.711945075,"OLAM_P003",50
"68172",-41202.853834925,"OLAM_P003",100
"68173",4590.41512507503,"OLAM_P003",25
"68174",-18801.069084925,"OLAM_P003",50
"68175",-51260.041314925,"OLAM_P003",100
"68176",2905.57267507503,"OLAM_P003",25
"68177",-13737.596604925,"OLAM_P003",50
"68178",-59158.439784925,"OLAM_P003",100
"68179",16401.705955075,"OLAM_P003",25
"68180",-25706.052984925,"OLAM_P003",50
"68181",-51062.503764925,"OLAM_P003",100
"68182",-43475.401654925,"OLAM_P003",25
"68183",-7292.65025492496,"OLAM_P003",50
"68184",-17719.785774925,"OLAM_P003",100
"68185",-41091.258674925,"OLAM_P003",25
"68186",16438.038605075,"OLAM_P003",50
"68187",-47008.231164925,"OLAM_P003",100
"68188",7413.065355075,"OLAM_P003",25
"68189",-59467.101324925,"OLAM_P003",50
"68190",-47241.887604925,"OLAM_P003",100
"68191",6030.35527507501,"OLAM_P003",25
"68192",-44347.456634925,"OLAM_P003",50
"68193",-39366.617094925,"OLAM_P003",100
"68194",-43387.519874925,"OLAM_P003",25
"68195",-64582.652384925,"OLAM_P003",50
"68196",-33169.842994925,"OLAM_P003",100
"68197",-26038.228364925,"OLAM_P003",25
"68198",-68006.088794925,"OLAM_P003",50
"68199",-60820.390114925,"OLAM_P003",100
"68200",-23847.129154925,"OLAM_P003",25
"68201",-67552.478154925,"OLAM_P003",50
"68202",-21084.372714925,"OLAM_P003",100
"68203",20537.551495075,"OLAM_P003",25
"68204",-41804.381594925,"OLAM_P003",50
"68205",-17714.193984925,"OLAM_P003",100
"68206",8947.15945507505,"OLAM_P003",25
"68207",-32880.757004925,"OLAM_P003",50
"68208",-25815.912484925,"OLAM_P003",100
"68209",-52976.206804925,"OLAM_P003",25
"68210",6337.10586507502,"OLAM_P003",50
"68211",-67819.506914925,"OLAM_P003",100
"68212",274.915475075017,"OLAM_P003",25
"68213",-19036.064954925,"OLAM_P003",50
"68214",-57155.636994925,"OLAM_P003",100
"68215",-22682.898284925,"OLAM_P003",25
"68216",45510.692405075,"OLAM_P003",50
"68217",-36564.356324925,"OLAM_P003",100
"68218",-21626.944644925,"OLAM_P003",25
"68219",29978.715595075,"OLAM_P003",50
"68220",-15304.752494925,"OLAM_P003",100
"68221",3116.34097507503,"OLAM_P003",25
"68222",-26197.882094925,"OLAM_P003",50
"68223",-16674.971854925,"OLAM_P003",100
"68224",17852.125485075,"OLAM_P003",25
"68225",11358.393845075,"OLAM_P003",50
"68226",-45604.969304925,"OLAM_P003",100
"68227",-13314.566454925,"OLAM_P003",25
"68228",-45016.187814925,"OLAM_P003",50
"68229",-10485.148894925,"OLAM_P003",100
"68230",-39078.118244925,"OLAM_P003",25
"68231",-5544.36704492499,"OLAM_P003",50
"68232",-28838.858684925,"OLAM_P003",100
"68233",-37157.373554925,"OLAM_P003",25
"68234",-3519.65315492498,"OLAM_P003",50
"68235",-27951.428114925,"OLAM_P003",100
"68236",-294.640734924993,"OLAM_P003",25
"68237",-30891.484144925,"OLAM_P003",50
"68238",-51546.005734925,"OLAM_P003",100
"68239",-44002.816434925,"OLAM_P003",25
"68240",-10810.710924925,"OLAM_P003",50
"68241",-6459.99466492498,"OLAM_P003",100
"68242",-6188.31312492496,"OLAM_P003",25
"68243",5526.574865075,"OLAM_P003",50
"68244",-25873.010774925,"OLAM_P003",100
"68245",-59134.787854925,"OLAM_P003",25
"68246",-30968.631334925,"OLAM_P003",50
"68247",12524.284405075,"OLAM_P003",100
"68248",1650.24854507501,"OLAM_P003",25
"68249",-68863.512984925,"OLAM_P003",50
"68250",-39397.378144925,"OLAM_P003",100
"68251",-12830.637444925,"OLAM_P003",25
"68252",108.996555074991,"OLAM_P003",50
"68253",-62667.017724925,"OLAM_P003",100
"68254",-30208.705534925,"OLAM_P003",25
"68255",-34385.123234925,"OLAM_P003",50
"68256",-11076.315304925,"OLAM_P003",100
"68257",-21645.407834925,"OLAM_P003",25
"68258",-8067.77463492495,"OLAM_P003",50
"68259",-3058.48184492497,"OLAM_P003",100
"68260",10634.680225075,"OLAM_P003",25
"68261",-33171.936374925,"OLAM_P003",50
"68262",-66174.175724925,"OLAM_P003",100
"68263",-38758.154584925,"OLAM_P003",25
"68264",-65372.940534925,"OLAM_P003",50
"68265",-35368.555874925,"OLAM_P003",100
"68266",-28342.342514925,"OLAM_P003",25
"68267",19213.830985075,"OLAM_P003",50
"68268",-23837.963494925,"OLAM_P003",100
"68269",12176.717265075,"OLAM_P003",25
"68270",-47241.267474925,"OLAM_P003",50
"68271",-63094.618494925,"OLAM_P003",100
"68272",-13246.783054925,"OLAM_P003",25
"68273",-42270.312964925,"OLAM_P003",50
"68274",-46332.718594925,"OLAM_P003",100
"68275",-21776.439754925,"OLAM_P003",25
"68276",-35232.641954925,"OLAM_P003",50
"68277",-19469.134824925,"OLAM_P003",100
"68278",17583.813855075,"OLAM_P003",25
"68279",7106.362475075,"OLAM_P003",50
"68280",-58172.315314925,"OLAM_P003",100
"68281",8192.12770507502,"OLAM_P003",25
"68282",-7304.71445492498,"OLAM_P003",50
"68283",-42354.199474925,"OLAM_P003",100
"68284",-52833.602814925,"OLAM_P003",25
"68285",726.494625075022,"OLAM_P003",50
"68286",-66465.562334925,"OLAM_P003",100
"68287",5502.97235507501,"OLAM_P003",25
"68288",-26711.153424925,"OLAM_P003",50
"68289",10716.363935075,"OLAM_P003",100
"68290",6579.19001507503,"OLAM_P003",25
"68291",-50613.532964925,"OLAM_P003",50
"68292",-44086.684694925,"OLAM_P003",100
"68293",-70012.116044925,"OLAM_P003",25
"68294",-32199.474324925,"OLAM_P003",50
"68295",-11850.329354925,"OLAM_P003",100
"68296",10549.723635075,"OLAM_P003",25
"68297",-63636.146364925,"OLAM_P003",50
"68298",-23619.435984925,"OLAM_P003",100
"68299",17519.087245075,"OLAM_P003",25
"68300",-32917.007304925,"OLAM_P003",50
"68301",-21028.698644925,"OLAM_P003",100
"68302",20141.853155075,"OLAM_P003",25
"68303",18967.607975075,"OLAM_P003",50
"68304",-65166.888284925,"OLAM_P003",100
"68305",-19154.847254925,"OLAM_P003",25
"68306",-44942.590404925,"OLAM_P003",50
"68307",-38803.318524925,"OLAM_P003",100
"68308",-24758.057244925,"OLAM_P003",25
"68309",-31963.727814925,"OLAM_P003",50
"68310",-45815.331604925,"OLAM_P003",100
"68311",1742.52950507501,"OLAM_P003",25
"68312",-39900.044264925,"OLAM_P003",50
"68313",-32065.946954925,"OLAM_P003",100
"68314",-43245.405134925,"OLAM_P003",25
"68315",-21039.966904925,"OLAM_P003",50
"68316",-23350.890724925,"OLAM_P003",100
"68317",10294.152025075,"OLAM_P003",25
"68318",-23473.868294925,"OLAM_P003",50
"68319",-20415.199714925,"OLAM_P003",100
"68320",-13386.608744925,"OLAM_P003",25
"68321",19826.411865075,"OLAM_P003",50
"68322",27100.012855075,"OLAM_P003",100
"68323",-24954.540104925,"OLAM_P003",25
"68324",-21617.573944925,"OLAM_P003",50
"68325",-61884.849974925,"OLAM_P003",100
"68326",-4766.002204925,"OLAM_P003",25
"68327",-64172.088564925,"OLAM_P003",50
"68328",-52172.297424925,"OLAM_P003",100
"68329",-52528.490854925,"OLAM_P003",25
"68330",39289.266265075,"OLAM_P003",50
"68331",-53153.559014925,"OLAM_P003",100
"68332",-879.152284924989,"OLAM_P003",25
"68333",17582.812145075,"OLAM_P003",50
"68334",-45288.437124925,"OLAM_P003",100
"68335",26653.244635075,"OLAM_P003",25
"68336",2387.20569507504,"OLAM_P003",50
"68337",-33885.309934925,"OLAM_P003",100
"68338",26182.132205075,"OLAM_P003",25
"68339",33078.500735075,"OLAM_P003",50
"68340",-38366.309254925,"OLAM_P003",100
"68341",-52477.931004925,"OLAM_P003",25
"68342",-57.9166049250052,"OLAM_P003",50
"68343",-55807.219834925,"OLAM_P003",100
"68344",-30121.364734925,"OLAM_P003",25
"68345",8113.43780507502,"OLAM_P003",50
"68346",-20067.118754925,"OLAM_P003",100
"68347",-2850.85259492497,"OLAM_P003",25
"68348",-26662.353344925,"OLAM_P003",50
"68349",-45859.730274925,"OLAM_P003",100
"68350",1319.65847507503,"OLAM_P003",25
"68351",-60665.364404925,"OLAM_P003",50
"68352",-39980.788414925,"OLAM_P003",100
"68353",4098.480045075,"OLAM_P003",25
"68354",1987.82828507503,"OLAM_P003",50
"68355",-48510.198674925,"OLAM_P003",100
"68356",-9204.86128492496,"OLAM_P003",25
"68357",1021.57475507504,"OLAM_P003",50
"68358",-47836.291844925,"OLAM_P003",100
"68359",-31835.251724925,"OLAM_P003",25
"68360",-24720.899354925,"OLAM_P003",50
"68361",-19570.321374925,"OLAM_P003",100
"68362",14568.107225075,"OLAM_P003",25
"68363",-19951.219774925,"OLAM_P003",50
"68364",-50694.953174925,"OLAM_P003",100
"68365",2354.52248507499,"OLAM_P003",25
"68366",19928.504335075,"OLAM_P003",50
"68367",-55909.076974925,"OLAM_P003",100
"68368",-13740.399554925,"OLAM_P003",25
"68369",-38450.852954925,"OLAM_P003",50
"68370",-57224.391134925,"OLAM_P003",100
"68371",-15714.971244925,"OLAM_P003",25
"68372",-43726.518074925,"OLAM_P003",50
"68373",-39964.570934925,"OLAM_P003",100
"68374",1559.24351507501,"OLAM_P003",25
"68375",5349.97622507502,"OLAM_P003",50
"68376",-11149.085074925,"OLAM_P003",100
"68377",-33080.887674925,"OLAM_P003",25
"68378",-46449.632634925,"OLAM_P003",50
"68379",-61285.267354925,"OLAM_P003",100
"68380",-24510.301034925,"OLAM_P003",25
"68381",-31030.546404925,"OLAM_P003",50
"68382",-50937.954564925,"OLAM_P003",100
"68383",12424.194715075,"OLAM_P003",25
"68384",2931.74810507504,"OLAM_P003",50
"68385",-36287.290284925,"OLAM_P003",100
"68386",-1079.26987492497,"OLAM_P003",25
"68387",7825.176175075,"OLAM_P003",50
"68388",-51818.929344925,"OLAM_P003",100
"68389",4284.55382507504,"OLAM_P003",25
"68390",-53660.425894925,"OLAM_P003",50
"68391",-60919.844184925,"OLAM_P003",100
"68392",-7831.657934925,"OLAM_P003",25
"68393",-23183.858704925,"OLAM_P003",50
"68394",18964.038145075,"OLAM_P003",100
"68395",-78829.504704925,"OLAM_P003",25
"68396",-15965.334274925,"OLAM_P003",50
"68397",-24414.259714925,"OLAM_P003",100
"68398",11511.870685075,"OLAM_P003",25
"68399",-9780.69359492499,"OLAM_P003",50
"68400",-54577.291244925,"OLAM_P003",100
"68401",-23753.933955859,"OLAM_P004",25
"68402",-63024.066805859,"OLAM_P004",50
"68403",-73622.628745859,"OLAM_P004",100
"68404",-9850.38110585901,"OLAM_P004",25
"68405",-35410.464335859,"OLAM_P004",50
"68406",-75006.607705859,"OLAM_P004",100
"68407",-8445.50132585899,"OLAM_P004",25
"68408",-53709.907505859,"OLAM_P004",50
"68409",-61945.356365859,"OLAM_P004",100
"68410",-10679.203505859,"OLAM_P004",25
"68411",-31606.880685859,"OLAM_P004",50
"68412",-51534.050515859,"OLAM_P004",100
"68413",-18480.326575859,"OLAM_P004",25
"68414",-35450.731285859,"OLAM_P004",50
"68415",-41090.712275859,"OLAM_P004",100
"68416",-17954.177435859,"OLAM_P004",25
"68417",-26062.747405859,"OLAM_P004",50
"68418",-83197.543435859,"OLAM_P004",100
"68419",-37207.615915859,"OLAM_P004",25
"68420",-45195.799225859,"OLAM_P004",50
"68421",-87263.686465859,"OLAM_P004",100
"68422",-23243.531515859,"OLAM_P004",25
"68423",-40236.089635859,"OLAM_P004",50
"68424",-91537.085435859,"OLAM_P004",100
"68425",-28421.091315859,"OLAM_P004",25
"68426",-27379.096005859,"OLAM_P004",50
"68427",-86939.823555859,"OLAM_P004",100
"68428",-28022.418625859,"OLAM_P004",25
"68429",-58069.099755859,"OLAM_P004",50
"68430",-87772.898615859,"OLAM_P004",100
"68431",-19055.698695859,"OLAM_P004",25
"68432",-45116.279675859,"OLAM_P004",50
"68433",-20087.550315859,"OLAM_P004",100
"68434",-24900.325435859,"OLAM_P004",25
"68435",-29801.578535859,"OLAM_P004",50
"68436",-74281.115365859,"OLAM_P004",100
"68437",-97.4592958589783,"OLAM_P004",25
"68438",-16899.998545859,"OLAM_P004",50
"68439",-66836.775085859,"OLAM_P004",100
"68440",-21496.391395859,"OLAM_P004",25
"68441",-9818.07575585903,"OLAM_P004",50
"68442",-75009.062695859,"OLAM_P004",100
"68443",5572.43773414101,"OLAM_P004",25
"68444",-46873.041575859,"OLAM_P004",50
"68445",-62575.997225859,"OLAM_P004",100
"68446",-12444.862535859,"OLAM_P004",25
"68447",-28638.391285859,"OLAM_P004",50
"68448",-106111.561695859,"OLAM_P004",100
"68449",-16094.161945859,"OLAM_P004",25
"68450",-26512.339215859,"OLAM_P004",50
"68451",-68576.862365859,"OLAM_P004",100
"68452",-24008.095215859,"OLAM_P004",25
"68453",-39620.179095859,"OLAM_P004",50
"68454",-89200.294425859,"OLAM_P004",100
"68455",-11624.518295859,"OLAM_P004",25
"68456",-65468.711915859,"OLAM_P004",50
"68457",-64771.062695859,"OLAM_P004",100
"68458",-12501.611055859,"OLAM_P004",25
"68459",-11087.083085859,"OLAM_P004",50
"68460",-59877.007285859,"OLAM_P004",100
"68461",-664.495645858988,"OLAM_P004",25
"68462",-23609.965835859,"OLAM_P004",50
"68463",-70042.721295859,"OLAM_P004",100
"68464",-612.862035859027,"OLAM_P004",25
"68465",-53262.700135859,"OLAM_P004",50
"68466",-99658.067565859,"OLAM_P004",100
"68467",-36202.482105859,"OLAM_P004",25
"68468",-31804.408395859,"OLAM_P004",50
"68469",-43414.650235859,"OLAM_P004",100
"68470",-19247.796485859,"OLAM_P004",25
"68471",-34071.769825859,"OLAM_P004",50
"68472",-88021.590635859,"OLAM_P004",100
"68473",-25877.017415859,"OLAM_P004",25
"68474",-42975.719995859,"OLAM_P004",50
"68475",-102275.774075859,"OLAM_P004",100
"68476",-15232.393335859,"OLAM_P004",25
"68477",-25787.016125859,"OLAM_P004",50
"68478",-97264.490015859,"OLAM_P004",100
"68479",11695.884814141,"OLAM_P004",25
"68480",-57564.336765859,"OLAM_P004",50
"68481",-86819.387055859,"OLAM_P004",100
"68482",-15519.482545859,"OLAM_P004",25
"68483",-29457.580265859,"OLAM_P004",50
"68484",-66297.599335859,"OLAM_P004",100
"68485",-29711.726805859,"OLAM_P004",25
"68486",-20277.720885859,"OLAM_P004",50
"68487",-49382.922985859,"OLAM_P004",100
"68488",-2986.27233585902,"OLAM_P004",25
"68489",-45230.756515859,"OLAM_P004",50
"68490",-96871.923235859,"OLAM_P004",100
"68491",-24896.598115859,"OLAM_P004",25
"68492",-34856.780055859,"OLAM_P004",50
"68493",-55608.410845859,"OLAM_P004",100
"68494",13243.337224141,"OLAM_P004",25
"68495",-29211.606445859,"OLAM_P004",50
"68496",-52090.834795859,"OLAM_P004",100
"68497",-20553.000855859,"OLAM_P004",25
"68498",-25973.272085859,"OLAM_P004",50
"68499",-52769.596375859,"OLAM_P004",100
"68500",-7754.60340585897,"OLAM_P004",25
"68501",-56728.052715859,"OLAM_P004",50
"68502",-69909.509985859,"OLAM_P004",100
"68503",-23456.200055859,"OLAM_P004",25
"68504",-31884.347985859,"OLAM_P004",50
"68505",-89295.050735859,"OLAM_P004",100
"68506",-30083.235255859,"OLAM_P004",25
"68507",-58109.964645859,"OLAM_P004",50
"68508",-83466.216295859,"OLAM_P004",100
"68509",-28161.739275859,"OLAM_P004",25
"68510",-35296.167415859,"OLAM_P004",50
"68511",-79965.277455859,"OLAM_P004",100
"68512",-33543.115645859,"OLAM_P004",25
"68513",-49700.846375859,"OLAM_P004",50
"68514",-90213.864815859,"OLAM_P004",100
"68515",1784.172184141,"OLAM_P004",25
"68516",-62365.656125859,"OLAM_P004",50
"68517",-79972.406485859,"OLAM_P004",100
"68518",-35334.246775859,"OLAM_P004",25
"68519",-55345.978195859,"OLAM_P004",50
"68520",-93677.299095859,"OLAM_P004",100
"68521",-26969.898755859,"OLAM_P004",25
"68522",-45244.895835859,"OLAM_P004",50
"68523",-50636.956305859,"OLAM_P004",100
"68524",-36138.673175859,"OLAM_P004",25
"68525",-53647.845555859,"OLAM_P004",50
"68526",-74540.991975859,"OLAM_P004",100
"68527",-13603.301185859,"OLAM_P004",25
"68528",-49744.033545859,"OLAM_P004",50
"68529",-64986.215455859,"OLAM_P004",100
"68530",-50587.755245859,"OLAM_P004",25
"68531",-41241.805385859,"OLAM_P004",50
"68532",-92274.784545859,"OLAM_P004",100
"68533",-42147.935385859,"OLAM_P004",25
"68534",-55539.586215859,"OLAM_P004",50
"68535",-91565.636235859,"OLAM_P004",100
"68536",-18089.752365859,"OLAM_P004",25
"68537",-60624.544845859,"OLAM_P004",50
"68538",-83512.013195859,"OLAM_P004",100
"68539",-20510.547645859,"OLAM_P004",25
"68540",-15972.564765859,"OLAM_P004",50
"68541",-70718.379605859,"OLAM_P004",100
"68542",-30619.854305859,"OLAM_P004",25
"68543",-14382.259915859,"OLAM_P004",50
"68544",-81981.286145859,"OLAM_P004",100
"68545",-990.213865859027,"OLAM_P004",25
"68546",-33092.893605859,"OLAM_P004",50
"68547",-77344.049075859,"OLAM_P004",100
"68548",-835.88922585902,"OLAM_P004",25
"68549",-43001.795215859,"OLAM_P004",50
"68550",-60700.106235859,"OLAM_P004",100
"68551",-15464.376285859,"OLAM_P004",25
"68552",-4464.53138585901,"OLAM_P004",50
"68553",-58564.015445859,"OLAM_P004",100
"68554",-439.569905859011,"OLAM_P004",25
"68555",-52273.733165859,"OLAM_P004",50
"68556",-34091.167795859,"OLAM_P004",100
"68557",-23845.045665859,"OLAM_P004",25
"68558",-40996.410605859,"OLAM_P004",50
"68559",-52413.664535859,"OLAM_P004",100
"68560",-24665.034935859,"OLAM_P004",25
"68561",-38794.083665859,"OLAM_P004",50
"68562",-70491.613645859,"OLAM_P004",100
"68563",-11740.483915859,"OLAM_P004",25
"68564",-47418.013635859,"OLAM_P004",50
"68565",-88222.606365859,"OLAM_P004",100
"68566",-13542.892385859,"OLAM_P004",25
"68567",-28198.047785859,"OLAM_P004",50
"68568",-72950.842715859,"OLAM_P004",100
"68569",-27798.689035859,"OLAM_P004",25
"68570",-53606.312905859,"OLAM_P004",50
"68571",-87172.755005859,"OLAM_P004",100
"68572",-19453.334855859,"OLAM_P004",25
"68573",-61081.897035859,"OLAM_P004",50
"68574",-61435.473455859,"OLAM_P004",100
"68575",-45302.461835859,"OLAM_P004",25
"68576",-45036.797825859,"OLAM_P004",50
"68577",-74893.499845859,"OLAM_P004",100
"68578",299.232674141007,"OLAM_P004",25
"68579",-45740.949545859,"OLAM_P004",50
"68580",-68060.884945859,"OLAM_P004",100
"68581",-26935.589515859,"OLAM_P004",25
"68582",-26659.825495859,"OLAM_P004",50
"68583",-65887.231315859,"OLAM_P004",100
"68584",-12282.859825859,"OLAM_P004",25
"68585",-37724.206475859,"OLAM_P004",50
"68586",-91066.091675859,"OLAM_P004",100
"68587",-32096.319125859,"OLAM_P004",25
"68588",-45334.794465859,"OLAM_P004",50
"68589",-97322.569325859,"OLAM_P004",100
"68590",4584.38922414102,"OLAM_P004",25
"68591",-34050.986265859,"OLAM_P004",50
"68592",-73751.288115859,"OLAM_P004",100
"68593",-24423.540875859,"OLAM_P004",25
"68594",-45661.981765859,"OLAM_P004",50
"68595",-64501.337035859,"OLAM_P004",100
"68596",4902.445354141,"OLAM_P004",25
"68597",-43589.827845859,"OLAM_P004",50
"68598",-41997.706125859,"OLAM_P004",100
"68599",-12360.193755859,"OLAM_P004",25
"68600",-49316.085795859,"OLAM_P004",50
"68601",-44689.690315859,"OLAM_P004",100
"68602",-22685.088425859,"OLAM_P004",25
"68603",-62825.404065859,"OLAM_P004",50
"68604",-63129.806175859,"OLAM_P004",100
"68605",-23018.505975859,"OLAM_P004",25
"68606",-27151.449715859,"OLAM_P004",50
"68607",-89001.735955859,"OLAM_P004",100
"68608",-23552.973795859,"OLAM_P004",25
"68609",-54781.213595859,"OLAM_P004",50
"68610",-73559.871595859,"OLAM_P004",100
"68611",-8770.36303585902,"OLAM_P004",25
"68612",-35856.747985859,"OLAM_P004",50
"68613",-96535.736685859,"OLAM_P004",100
"68614",-15121.895515859,"OLAM_P004",25
"68615",-35198.297135859,"OLAM_P004",50
"68616",-76739.641525859,"OLAM_P004",100
"68617",5862.94640414102,"OLAM_P004",25
"68618",-38952.614225859,"OLAM_P004",50
"68619",-71741.185945859,"OLAM_P004",100
"68620",-29009.076685859,"OLAM_P004",25
"68621",-29862.390875859,"OLAM_P004",50
"68622",-23387.078545859,"OLAM_P004",100
"68623",-14316.519025859,"OLAM_P004",25
"68624",-59230.028465859,"OLAM_P004",50
"68625",-44037.868545859,"OLAM_P004",100
"68626",-27956.627415859,"OLAM_P004",25
"68627",-23850.033345859,"OLAM_P004",50
"68628",-61015.235385859,"OLAM_P004",100
"68629",-24783.095405859,"OLAM_P004",25
"68630",-29101.837515859,"OLAM_P004",50
"68631",-93994.049005859,"OLAM_P004",100
"68632",-26184.766675859,"OLAM_P004",25
"68633",-29560.342435859,"OLAM_P004",50
"68634",-67813.572095859,"OLAM_P004",100
"68635",-2097.96981585899,"OLAM_P004",25
"68636",-40221.608455859,"OLAM_P004",50
"68637",-36825.397595859,"OLAM_P004",100
"68638",-21242.682735859,"OLAM_P004",25
"68639",-20626.758055859,"OLAM_P004",50
"68640",-70799.394835859,"OLAM_P004",100
"68641",-24979.313585859,"OLAM_P004",25
"68642",-19809.133055859,"OLAM_P004",50
"68643",-65345.732615859,"OLAM_P004",100
"68644",-26630.689215859,"OLAM_P004",25
"68645",-3040.62640585902,"OLAM_P004",50
"68646",-86556.353715859,"OLAM_P004",100
"68647",-23854.453815859,"OLAM_P004",25
"68648",-51983.776275859,"OLAM_P004",50
"68649",-85015.481095859,"OLAM_P004",100
"68650",-20685.753255859,"OLAM_P004",25
"68651",-9224.46453585901,"OLAM_P004",50
"68652",-56841.465495859,"OLAM_P004",100
"68653",-17859.319185859,"OLAM_P004",25
"68654",-54138.417695859,"OLAM_P004",50
"68655",-88567.950855859,"OLAM_P004",100
"68656",-26663.724875859,"OLAM_P004",25
"68657",-58632.041235859,"OLAM_P004",50
"68658",-97742.165005859,"OLAM_P004",100
"68659",-22600.750935859,"OLAM_P004",25
"68660",-42657.914395859,"OLAM_P004",50
"68661",-89976.068365859,"OLAM_P004",100
"68662",-52571.567265859,"OLAM_P004",25
"68663",-36372.474485859,"OLAM_P004",50
"68664",-57485.761265859,"OLAM_P004",100
"68665",-9082.51887585898,"OLAM_P004",25
"68666",-57656.035085859,"OLAM_P004",50
"68667",-56218.450125859,"OLAM_P004",100
"68668",-13528.930525859,"OLAM_P004",25
"68669",-52109.509465859,"OLAM_P004",50
"68670",-88220.099965859,"OLAM_P004",100
"68671",-22460.536115859,"OLAM_P004",25
"68672",-33651.634165859,"OLAM_P004",50
"68673",-75547.856575859,"OLAM_P004",100
"68674",-17935.722985859,"OLAM_P004",25
"68675",-16246.107145859,"OLAM_P004",50
"68676",-76597.979795859,"OLAM_P004",100
"68677",-30406.052855859,"OLAM_P004",25
"68678",-24992.255335859,"OLAM_P004",50
"68679",-86162.629515859,"OLAM_P004",100
"68680",-16130.260595859,"OLAM_P004",25
"68681",-19600.568065859,"OLAM_P004",50
"68682",-63802.676235859,"OLAM_P004",100
"68683",13643.070974141,"OLAM_P004",25
"68684",-37502.885445859,"OLAM_P004",50
"68685",-90119.499255859,"OLAM_P004",100
"68686",-9111.02618585899,"OLAM_P004",25
"68687",-33391.195575859,"OLAM_P004",50
"68688",-60791.047795859,"OLAM_P004",100
"68689",-14912.036925859,"OLAM_P004",25
"68690",-19073.440695859,"OLAM_P004",50
"68691",-66294.565355859,"OLAM_P004",100
"68692",-31460.898425859,"OLAM_P004",25
"68693",-23674.630715859,"OLAM_P004",50
"68694",-96380.051545859,"OLAM_P004",100
"68695",-24785.851935859,"OLAM_P004",25
"68696",-31343.712695859,"OLAM_P004",50
"68697",-80737.442895859,"OLAM_P004",100
"68698",-6177.153915859,"OLAM_P004",25
"68699",-60342.131685859,"OLAM_P004",50
"68700",-53443.974095859,"OLAM_P004",100
"68701",-3815.322137254,"OLAM_P005",25
"68702",-12947.804327254,"OLAM_P005",50
"68703",-34638.972867254,"OLAM_P005",100
"68704",6271.358642746,"OLAM_P005",25
"68705",-10095.345377254,"OLAM_P005",50
"68706",-46244.509947254,"OLAM_P005",100
"68707",-9761.85427725402,"OLAM_P005",25
"68708",-18064.868957254,"OLAM_P005",50
"68709",-32360.180117254,"OLAM_P005",100
"68710",1196.98917274599,"OLAM_P005",25
"68711",-22219.612617254,"OLAM_P005",50
"68712",-42958.325007254,"OLAM_P005",100
"68713",-5765.177197254,"OLAM_P005",25
"68714",-6446.11376725402,"OLAM_P005",50
"68715",-25075.194637254,"OLAM_P005",100
"68716",8931.13667274601,"OLAM_P005",25
"68717",-15012.027477254,"OLAM_P005",50
"68718",-44110.971247254,"OLAM_P005",100
"68719",-10977.076887254,"OLAM_P005",25
"68720",-1778.27590725402,"OLAM_P005",50
"68721",-20565.941667254,"OLAM_P005",100
"68722",-20591.865297254,"OLAM_P005",25
"68723",-4370.85306725401,"OLAM_P005",50
"68724",-23862.360077254,"OLAM_P005",100
"68725",-5920.70131725402,"OLAM_P005",25
"68726",-15163.976257254,"OLAM_P005",50
"68727",-14783.054937254,"OLAM_P005",100
"68728",3131.185292746,"OLAM_P005",25
"68729",-18783.085427254,"OLAM_P005",50
"68730",-42275.585407254,"OLAM_P005",100
"68731",-11468.107087254,"OLAM_P005",25
"68732",-25836.994927254,"OLAM_P005",50
"68733",-27112.531727254,"OLAM_P005",100
"68734",-8318.88157725401,"OLAM_P005",25
"68735",9281.92646274596,"OLAM_P005",50
"68736",-44004.665317254,"OLAM_P005",100
"68737",1936.30952274599,"OLAM_P005",25
"68738",-38457.726277254,"OLAM_P005",50
"68739",-24035.753527254,"OLAM_P005",100
"68740",-11539.769997254,"OLAM_P005",25
"68741",8322.54849274599,"OLAM_P005",50
"68742",-30628.714727254,"OLAM_P005",100
"68743",-4876.609437254,"OLAM_P005",25
"68744",-26526.426787254,"OLAM_P005",50
"68745",-5559.491837254,"OLAM_P005",100
"68746",-22696.414007254,"OLAM_P005",25
"68747",-18667.224707254,"OLAM_P005",50
"68748",-33922.840447254,"OLAM_P005",100
"68749",-15462.285127254,"OLAM_P005",25
"68750",-17056.505007254,"OLAM_P005",50
"68751",-17794.499157254,"OLAM_P005",100
"68752",9455.13635274596,"OLAM_P005",25
"68753",-8405.901417254,"OLAM_P005",50
"68754",-22681.872427254,"OLAM_P005",100
"68755",-12655.630127254,"OLAM_P005",25
"68756",-24984.090677254,"OLAM_P005",50
"68757",-14903.558537254,"OLAM_P005",100
"68758",1299.997612746,"OLAM_P005",25
"68759",-5434.91831725402,"OLAM_P005",50
"68760",-27894.485947254,"OLAM_P005",100
"68761",-14719.766947254,"OLAM_P005",25
"68762",-15251.628547254,"OLAM_P005",50
"68763",-15513.439687254,"OLAM_P005",100
"68764",-6314.118557254,"OLAM_P005",25
"68765",-15917.938827254,"OLAM_P005",50
"68766",-8654.153587254,"OLAM_P005",100
"68767",-13339.667487254,"OLAM_P005",25
"68768",-16333.109057254,"OLAM_P005",50
"68769",-43067.966697254,"OLAM_P005",100
"68770",-22514.934247254,"OLAM_P005",25
"68771",-1546.80216725401,"OLAM_P005",50
"68772",-29594.958687254,"OLAM_P005",100
"68773",-20670.655787254,"OLAM_P005",25
"68774",-6988.14040725402,"OLAM_P005",50
"68775",-26432.118047254,"OLAM_P005",100
"68776",-17171.043277254,"OLAM_P005",25
"68777",-10291.693787254,"OLAM_P005",50
"68778",-21976.128827254,"OLAM_P005",100
"68779",-11188.611927254,"OLAM_P005",25
"68780",-3935.27061725402,"OLAM_P005",50
"68781",-29035.831467254,"OLAM_P005",100
"68782",-3431.82227725402,"OLAM_P005",25
"68783",-15676.256777254,"OLAM_P005",50
"68784",-30542.130447254,"OLAM_P005",100
"68785",10899.977442746,"OLAM_P005",25
"68786",-7314.855627254,"OLAM_P005",50
"68787",-33516.689077254,"OLAM_P005",100
"68788",-3980.059987254,"OLAM_P005",25
"68789",-28319.428887254,"OLAM_P005",50
"68790",-30791.669257254,"OLAM_P005",100
"68791",-4747.56667725401,"OLAM_P005",25
"68792",-3725.488757254,"OLAM_P005",50
"68793",-26370.228917254,"OLAM_P005",100
"68794",-6677.314027254,"OLAM_P005",25
"68795",-21989.464047254,"OLAM_P005",50
"68796",-36744.543177254,"OLAM_P005",100
"68797",-20729.931207254,"OLAM_P005",25
"68798",-29227.354587254,"OLAM_P005",50
"68799",-25259.253797254,"OLAM_P005",100
"68800",-22069.580317254,"OLAM_P005",25
"68801",-21084.136937254,"OLAM_P005",50
"68802",-27324.914767254,"OLAM_P005",100
"68803",-20198.300137254,"OLAM_P005",25
"68804",-14211.883927254,"OLAM_P005",50
"68805",-24743.524227254,"OLAM_P005",100
"68806",-5684.22193725401,"OLAM_P005",25
"68807",-21951.627277254,"OLAM_P005",50
"68808",-28976.416687254,"OLAM_P005",100
"68809",-1735.35340725401,"OLAM_P005",25
"68810",-7163.11723725402,"OLAM_P005",50
"68811",-15436.938837254,"OLAM_P005",100
"68812",-16268.741697254,"OLAM_P005",25
"68813",-20577.250117254,"OLAM_P005",50
"68814",-21455.078527254,"OLAM_P005",100
"68815",698.951462745987,"OLAM_P005",25
"68816",-24423.436787254,"OLAM_P005",50
"68817",-31482.781677254,"OLAM_P005",100
"68818",-8926.30169725401,"OLAM_P005",25
"68819",3627.01492274599,"OLAM_P005",50
"68820",-10934.957047254,"OLAM_P005",100
"68821",-12546.420237254,"OLAM_P005",25
"68822",-8472.50214725401,"OLAM_P005",50
"68823",-35614.814447254,"OLAM_P005",100
"68824",2820.43129274598,"OLAM_P005",25
"68825",-5485.431267254,"OLAM_P005",50
"68826",-52810.532317254,"OLAM_P005",100
"68827",-19038.036307254,"OLAM_P005",25
"68828",-23535.738877254,"OLAM_P005",50
"68829",-25454.929337254,"OLAM_P005",100
"68830",-19145.991237254,"OLAM_P005",25
"68831",-17918.619997254,"OLAM_P005",50
"68832",-51527.469117254,"OLAM_P005",100
"68833",-8292.279057254,"OLAM_P005",25
"68834",-5506.13594725402,"OLAM_P005",50
"68835",-32807.060387254,"OLAM_P005",100
"68836",-3431.77375725401,"OLAM_P005",25
"68837",3497.25390274599,"OLAM_P005",50
"68838",-29802.854037254,"OLAM_P005",100
"68839",-6277.83483725402,"OLAM_P005",25
"68840",-10838.977497254,"OLAM_P005",50
"68841",-29263.755377254,"OLAM_P005",100
"68842",-11113.757347254,"OLAM_P005",25
"68843",17621.582962746,"OLAM_P005",50
"68844",-13870.893997254,"OLAM_P005",100
"68845",-9170.30705725402,"OLAM_P005",25
"68846",-10987.273407254,"OLAM_P005",50
"68847",-28309.128167254,"OLAM_P005",100
"68848",-2192.78294725402,"OLAM_P005",25
"68849",-13375.849107254,"OLAM_P005",50
"68850",-33279.644337254,"OLAM_P005",100
"68851",-3844.64115725402,"OLAM_P005",25
"68852",-30146.697927254,"OLAM_P005",50
"68853",-29717.718047254,"OLAM_P005",100
"68854",-18428.909697254,"OLAM_P005",25
"68855",-18202.114227254,"OLAM_P005",50
"68856",-41890.480487254,"OLAM_P005",100
"68857",-532.361737254017,"OLAM_P005",25
"68858",-22597.836987254,"OLAM_P005",50
"68859",-33282.462117254,"OLAM_P005",100
"68860",7274.91779274598,"OLAM_P005",25
"68861",-2670.875307254,"OLAM_P005",50
"68862",-17323.380347254,"OLAM_P005",100
"68863",-13481.320217254,"OLAM_P005",25
"68864",-13941.315517254,"OLAM_P005",50
"68865",-10896.749897254,"OLAM_P005",100
"68866",-1610.830557254,"OLAM_P005",25
"68867",-18786.915357254,"OLAM_P005",50
"68868",-23129.293767254,"OLAM_P005",100
"68869",-5345.30627725401,"OLAM_P005",25
"68870",-7672.39087725402,"OLAM_P005",50
"68871",-20392.868387254,"OLAM_P005",100
"68872",-3481.99666725402,"OLAM_P005",25
"68873",-14856.735187254,"OLAM_P005",50
"68874",-45508.933277254,"OLAM_P005",100
"68875",6482.781702746,"OLAM_P005",25
"68876",-23623.422847254,"OLAM_P005",50
"68877",-30045.692117254,"OLAM_P005",100
"68878",-5381.367517254,"OLAM_P005",25
"68879",-15376.899837254,"OLAM_P005",50
"68880",-18356.198237254,"OLAM_P005",100
"68881",10134.258182746,"OLAM_P005",25
"68882",-15611.247247254,"OLAM_P005",50
"68883",-41364.374617254,"OLAM_P005",100
"68884",-10368.885257254,"OLAM_P005",25
"68885",-15149.334117254,"OLAM_P005",50
"68886",-25814.714997254,"OLAM_P005",100
"68887",-18004.729027254,"OLAM_P005",25
"68888",-3414.64273725401,"OLAM_P005",50
"68889",-24104.542147254,"OLAM_P005",100
"68890",-11881.420877254,"OLAM_P005",25
"68891",-37479.904877254,"OLAM_P005",50
"68892",-27922.629687254,"OLAM_P005",100
"68893",-12102.557727254,"OLAM_P005",25
"68894",-2164.47678725401,"OLAM_P005",50
"68895",-35364.061117254,"OLAM_P005",100
"68896",1207.216282746,"OLAM_P005",25
"68897",-24602.055187254,"OLAM_P005",50
"68898",-34874.541127254,"OLAM_P005",100
"68899",-1971.61286725401,"OLAM_P005",25
"68900",-18238.322787254,"OLAM_P005",50
"68901",-38077.689117254,"OLAM_P005",100
"68902",-7989.28828725402,"OLAM_P005",25
"68903",-35964.883887254,"OLAM_P005",50
"68904",-26573.822547254,"OLAM_P005",100
"68905",-12602.634047254,"OLAM_P005",25
"68906",-23173.933567254,"OLAM_P005",50
"68907",-23581.372707254,"OLAM_P005",100
"68908",-8346.203447254,"OLAM_P005",25
"68909",-28810.577407254,"OLAM_P005",50
"68910",-19838.811957254,"OLAM_P005",100
"68911",-17938.298847254,"OLAM_P005",25
"68912",-16599.927007254,"OLAM_P005",50
"68913",-27404.326607254,"OLAM_P005",100
"68914",-12361.453397254,"OLAM_P005",25
"68915",-7119.066197254,"OLAM_P005",50
"68916",-28772.340737254,"OLAM_P005",100
"68917",-3841.711707254,"OLAM_P005",25
"68918",-14332.222607254,"OLAM_P005",50
"68919",-37061.792187254,"OLAM_P005",100
"68920",10485.859872746,"OLAM_P005",25
"68921",-5718.71250725401,"OLAM_P005",50
"68922",-28694.176937254,"OLAM_P005",100
"68923",-6763.52009725402,"OLAM_P005",25
"68924",-16640.535447254,"OLAM_P005",50
"68925",-11524.456067254,"OLAM_P005",100
"68926",-7042.87675725401,"OLAM_P005",25
"68927",-17506.976477254,"OLAM_P005",50
"68928",-30853.547847254,"OLAM_P005",100
"68929",-12020.698067254,"OLAM_P005",25
"68930",-9214.61854725401,"OLAM_P005",50
"68931",-40674.859717254,"OLAM_P005",100
"68932",-12697.930657254,"OLAM_P005",25
"68933",-25747.522497254,"OLAM_P005",50
"68934",-22326.742547254,"OLAM_P005",100
"68935",3471.84840274599,"OLAM_P005",25
"68936",-889.354257254017,"OLAM_P005",50
"68937",-19985.795217254,"OLAM_P005",100
"68938",-14884.066727254,"OLAM_P005",25
"68939",1817.867862746,"OLAM_P005",50
"68940",-44612.580517254,"OLAM_P005",100
"68941",-8495.46968725402,"OLAM_P005",25
"68942",-22426.244687254,"OLAM_P005",50
"68943",-42132.050487254,"OLAM_P005",100
"68944",150.608902745997,"OLAM_P005",25
"68945",-7290.00836725402,"OLAM_P005",50
"68946",-32014.928847254,"OLAM_P005",100
"68947",18102.018322746,"OLAM_P005",25
"68948",-20848.796687254,"OLAM_P005",50
"68949",-23296.260587254,"OLAM_P005",100
"68950",-24263.261447254,"OLAM_P005",25
"68951",5126.492212746,"OLAM_P005",50
"68952",-35565.732497254,"OLAM_P005",100
"68953",-8209.41617725402,"OLAM_P005",25
"68954",-14024.656137254,"OLAM_P005",50
"68955",-20181.394417254,"OLAM_P005",100
"68956",-8628.25239725402,"OLAM_P005",25
"68957",-5830.763967254,"OLAM_P005",50
"68958",-23943.968757254,"OLAM_P005",100
"68959",-12568.514997254,"OLAM_P005",25
"68960",-11408.149407254,"OLAM_P005",50
"68961",-36561.538157254,"OLAM_P005",100
"68962",-2247.02134725402,"OLAM_P005",25
"68963",-4790.122677254,"OLAM_P005",50
"68964",-14050.270557254,"OLAM_P005",100
"68965",-11762.869057254,"OLAM_P005",25
"68966",-11210.731817254,"OLAM_P005",50
"68967",-35481.812117254,"OLAM_P005",100
"68968",-7275.30105725402,"OLAM_P005",25
"68969",-9581.09154725401,"OLAM_P005",50
"68970",-34891.996667254,"OLAM_P005",100
"68971",7004.00148274598,"OLAM_P005",25
"68972",-33361.877027254,"OLAM_P005",50
"68973",-37611.528387254,"OLAM_P005",100
"68974",-6871.14132725401,"OLAM_P005",25
"68975",-9227.10782725402,"OLAM_P005",50
"68976",-31974.415227254,"OLAM_P005",100
"68977",-18281.460437254,"OLAM_P005",25
"68978",-18622.344647254,"OLAM_P005",50
"68979",-32013.565087254,"OLAM_P005",100
"68980",-7968.39944725402,"OLAM_P005",25
"68981",-16592.220077254,"OLAM_P005",50
"68982",-35522.581247254,"OLAM_P005",100
"68983",-9303.24088725401,"OLAM_P005",25
"68984",-7464.702377254,"OLAM_P005",50
"68985",-26678.956477254,"OLAM_P005",100
"68986",-1893.49552725401,"OLAM_P005",25
"68987",-10271.357247254,"OLAM_P005",50
"68988",-28586.125787254,"OLAM_P005",100
"68989",-3117.37602725401,"OLAM_P005",25
"68990",-7636.424567254,"OLAM_P005",50
"68991",-50115.231817254,"OLAM_P005",100
"68992",-5827.29269725402,"OLAM_P005",25
"68993",-20284.652657254,"OLAM_P005",50
"68994",-20808.787197254,"OLAM_P005",100
"68995",-22940.091907254,"OLAM_P005",25
"68996",-6085.10209725401,"OLAM_P005",50
"68997",-30546.465517254,"OLAM_P005",100
"68998",-10419.189157254,"OLAM_P005",25
"68999",-23789.443967254,"OLAM_P005",50
"69000",-41082.892707254,"OLAM_P005",100
"69001",-5517.43607675101,"OLAM_P006",25
"69002",-13085.283456751,"OLAM_P006",50
"69003",-41762.121586751,"OLAM_P006",100
"69004",3128.137393249,"OLAM_P006",25
"69005",-6177.98181675098,"OLAM_P006",50
"69006",-13828.870706751,"OLAM_P006",100
"69007",-3321.41242675099,"OLAM_P006",25
"69008",-7129.568436751,"OLAM_P006",50
"69009",-30415.341516751,"OLAM_P006",100
"69010",-11494.888396751,"OLAM_P006",25
"69011",-29120.641486751,"OLAM_P006",50
"69012",-25979.269266751,"OLAM_P006",100
"69013",5785.63456324898,"OLAM_P006",25
"69014",-8619.793646751,"OLAM_P006",50
"69015",-32243.498166751,"OLAM_P006",100
"69016",-8684.93557675098,"OLAM_P006",25
"69017",-20477.481926751,"OLAM_P006",50
"69018",-39123.863826751,"OLAM_P006",100
"69019",10367.803233249,"OLAM_P006",25
"69020",-5360.44178675101,"OLAM_P006",50
"69021",-28559.620936751,"OLAM_P006",100
"69022",-5206.861726751,"OLAM_P006",25
"69023",-11545.204436751,"OLAM_P006",50
"69024",-42801.997396751,"OLAM_P006",100
"69025",3354.12471324901,"OLAM_P006",25
"69026",-16805.330506751,"OLAM_P006",50
"69027",-39234.402716751,"OLAM_P006",100
"69028",1797.74257324901,"OLAM_P006",25
"69029",-19.2884767509822,"OLAM_P006",50
"69030",-28209.255986751,"OLAM_P006",100
"69031",10266.854403249,"OLAM_P006",25
"69032",-34950.847296751,"OLAM_P006",50
"69033",-31333.827656751,"OLAM_P006",100
"69034",-14556.028906751,"OLAM_P006",25
"69035",-574.910016751004,"OLAM_P006",50
"69036",-37006.426896751,"OLAM_P006",100
"69037",-8933.60414675099,"OLAM_P006",25
"69038",-28529.801426751,"OLAM_P006",50
"69039",-24427.512376751,"OLAM_P006",100
"69040",-5538.71106675098,"OLAM_P006",25
"69041",2602.28818324901,"OLAM_P006",50
"69042",-26345.523446751,"OLAM_P006",100
"69043",5744.13080324899,"OLAM_P006",25
"69044",-34356.729476751,"OLAM_P006",50
"69045",-28524.164216751,"OLAM_P006",100
"69046",-14897.176546751,"OLAM_P006",25
"69047",-1064.58737675101,"OLAM_P006",50
"69048",-43311.177376751,"OLAM_P006",100
"69049",-16349.272566751,"OLAM_P006",25
"69050",-13873.307936751,"OLAM_P006",50
"69051",-32457.234186751,"OLAM_P006",100
"69052",-27816.570446751,"OLAM_P006",25
"69053",-19981.326476751,"OLAM_P006",50
"69054",-44546.358696751,"OLAM_P006",100
"69055",-27913.009516751,"OLAM_P006",25
"69056",-35522.804046751,"OLAM_P006",50
"69057",-27396.985306751,"OLAM_P006",100
"69058",-17716.662986751,"OLAM_P006",25
"69059",-21185.761226751,"OLAM_P006",50
"69060",-11235.365206751,"OLAM_P006",100
"69061",-4010.57534675099,"OLAM_P006",25
"69062",-28106.459636751,"OLAM_P006",50
"69063",-29334.859086751,"OLAM_P006",100
"69064",6977.76118324898,"OLAM_P006",25
"69065",-38676.652306751,"OLAM_P006",50
"69066",-28679.486976751,"OLAM_P006",100
"69067",-4411.130416751,"OLAM_P006",25
"69068",-20454.230486751,"OLAM_P006",50
"69069",-24305.551386751,"OLAM_P006",100
"69070",1926.39211324899,"OLAM_P006",25
"69071",-11283.475896751,"OLAM_P006",50
"69072",-36086.761276751,"OLAM_P006",100
"69073",-19098.616326751,"OLAM_P006",25
"69074",-3792.36574675099,"OLAM_P006",50
"69075",-19367.860996751,"OLAM_P006",100
"69076",12288.420163249,"OLAM_P006",25
"69077",-17677.466536751,"OLAM_P006",50
"69078",-39937.876216751,"OLAM_P006",100
"69079",-5614.940466751,"OLAM_P006",25
"69080",-35652.013816751,"OLAM_P006",50
"69081",-32288.317636751,"OLAM_P006",100
"69082",-8078.354166751,"OLAM_P006",25
"69083",-14277.651336751,"OLAM_P006",50
"69084",-18533.045416751,"OLAM_P006",100
"69085",-56.060436750995,"OLAM_P006",25
"69086",-6664.04691675099,"OLAM_P006",50
"69087",-27514.764436751,"OLAM_P006",100
"69088",-2444.89418675099,"OLAM_P006",25
"69089",-8665.22811675101,"OLAM_P006",50
"69090",-31172.451306751,"OLAM_P006",100
"69091",-24036.297186751,"OLAM_P006",25
"69092",-33208.362006751,"OLAM_P006",50
"69093",-26209.774556751,"OLAM_P006",100
"69094",-6718.772376751,"OLAM_P006",25
"69095",-30105.223596751,"OLAM_P006",50
"69096",-11263.808396751,"OLAM_P006",100
"69097",-5812.70806675099,"OLAM_P006",25
"69098",-34398.738936751,"OLAM_P006",50
"69099",-35330.577756751,"OLAM_P006",100
"69100",-3983.006556751,"OLAM_P006",25
"69101",-26616.157786751,"OLAM_P006",50
"69102",-17152.173696751,"OLAM_P006",100
"69103",-2770.55152675099,"OLAM_P006",25
"69104",-32750.892126751,"OLAM_P006",50
"69105",-40261.218486751,"OLAM_P006",100
"69106",-21590.595286751,"OLAM_P006",25
"69107",-6162.26579675099,"OLAM_P006",50
"69108",-36266.625406751,"OLAM_P006",100
"69109",-2017.53852675098,"OLAM_P006",25
"69110",-5919.74865675101,"OLAM_P006",50
"69111",-44205.644986751,"OLAM_P006",100
"69112",-6527.40904675098,"OLAM_P006",25
"69113",-26510.428266751,"OLAM_P006",50
"69114",-38622.649066751,"OLAM_P006",100
"69115",6953.38792324901,"OLAM_P006",25
"69116",-3427.300686751,"OLAM_P006",50
"69117",-40365.863246751,"OLAM_P006",100
"69118",-10532.092746751,"OLAM_P006",25
"69119",-33342.475836751,"OLAM_P006",50
"69120",-27298.322276751,"OLAM_P006",100
"69121",-3482.094936751,"OLAM_P006",25
"69122",-18376.140326751,"OLAM_P006",50
"69123",-40197.123016751,"OLAM_P006",100
"69124",-14288.590916751,"OLAM_P006",25
"69125",-35337.214436751,"OLAM_P006",50
"69126",-29225.309306751,"OLAM_P006",100
"69127",-6684.60798675098,"OLAM_P006",25
"69128",-14660.851856751,"OLAM_P006",50
"69129",-38368.794556751,"OLAM_P006",100
"69130",-23329.414816751,"OLAM_P006",25
"69131",-14293.447656751,"OLAM_P006",50
"69132",-37480.296876751,"OLAM_P006",100
"69133",3837.01685324902,"OLAM_P006",25
"69134",-15811.064846751,"OLAM_P006",50
"69135",-35703.424926751,"OLAM_P006",100
"69136",-27259.029026751,"OLAM_P006",25
"69137",-34113.760266751,"OLAM_P006",50
"69138",-45169.663906751,"OLAM_P006",100
"69139",-22618.934206751,"OLAM_P006",25
"69140",-35890.429366751,"OLAM_P006",50
"69141",-29186.126516751,"OLAM_P006",100
"69142",-5130.32938675099,"OLAM_P006",25
"69143",-2772.83170675099,"OLAM_P006",50
"69144",-26510.308866751,"OLAM_P006",100
"69145",577.042543249001,"OLAM_P006",25
"69146",-28804.455936751,"OLAM_P006",50
"69147",-40104.434596751,"OLAM_P006",100
"69148",13359.603003249,"OLAM_P006",25
"69149",5442.34016324903,"OLAM_P006",50
"69150",-32490.807666751,"OLAM_P006",100
"69151",-17278.820826751,"OLAM_P006",25
"69152",-17678.939666751,"OLAM_P006",50
"69153",-9539.535016751,"OLAM_P006",100
"69154",-17455.413026751,"OLAM_P006",25
"69155",-14888.744246751,"OLAM_P006",50
"69156",-37134.758546751,"OLAM_P006",100
"69157",-10912.245296751,"OLAM_P006",25
"69158",-7221.44823675099,"OLAM_P006",50
"69159",-44397.489286751,"OLAM_P006",100
"69160",-8823.52846675098,"OLAM_P006",25
"69161",-28865.717876751,"OLAM_P006",50
"69162",-37043.116396751,"OLAM_P006",100
"69163",-4339.597756751,"OLAM_P006",25
"69164",-13541.618356751,"OLAM_P006",50
"69165",-42498.397936751,"OLAM_P006",100
"69166",-36154.119086751,"OLAM_P006",25
"69167",1763.91993324901,"OLAM_P006",50
"69168",-32378.162516751,"OLAM_P006",100
"69169",-3736.03659675099,"OLAM_P006",25
"69170",-35428.328236751,"OLAM_P006",50
"69171",-42247.451776751,"OLAM_P006",100
"69172",-10136.458786751,"OLAM_P006",25
"69173",-20048.571916751,"OLAM_P006",50
"69174",-41463.753026751,"OLAM_P006",100
"69175",-2359.14459675099,"OLAM_P006",25
"69176",-35838.551546751,"OLAM_P006",50
"69177",-35400.026166751,"OLAM_P006",100
"69178",8054.04243324898,"OLAM_P006",25
"69179",11130.525563249,"OLAM_P006",50
"69180",-42271.228076751,"OLAM_P006",100
"69181",-15224.710646751,"OLAM_P006",25
"69182",-35872.060766751,"OLAM_P006",50
"69183",-38691.456856751,"OLAM_P006",100
"69184",-18068.998756751,"OLAM_P006",25
"69185",-23283.727546751,"OLAM_P006",50
"69186",-31400.894316751,"OLAM_P006",100
"69187",-14633.252456751,"OLAM_P006",25
"69188",-24194.122346751,"OLAM_P006",50
"69189",-42363.014136751,"OLAM_P006",100
"69190",-12767.574156751,"OLAM_P006",25
"69191",4705.197333249,"OLAM_P006",50
"69192",-41031.619946751,"OLAM_P006",100
"69193",-19260.750696751,"OLAM_P006",25
"69194",-13810.952476751,"OLAM_P006",50
"69195",-16357.386236751,"OLAM_P006",100
"69196",7662.53341324898,"OLAM_P006",25
"69197",-18891.522906751,"OLAM_P006",50
"69198",-28851.615466751,"OLAM_P006",100
"69199",-1675.91060675099,"OLAM_P006",25
"69200",-33260.256216751,"OLAM_P006",50
"69201",-37521.973726751,"OLAM_P006",100
"69202",-9943.60036675099,"OLAM_P006",25
"69203",-21629.875296751,"OLAM_P006",50
"69204",-45405.025156751,"OLAM_P006",100
"69205",-8204.13491675101,"OLAM_P006",25
"69206",-31235.508646751,"OLAM_P006",50
"69207",-40786.604146751,"OLAM_P006",100
"69208",-10203.675636751,"OLAM_P006",25
"69209",-25413.963796751,"OLAM_P006",50
"69210",-17476.335606751,"OLAM_P006",100
"69211",1487.74016324899,"OLAM_P006",25
"69212",-28220.302416751,"OLAM_P006",50
"69213",-38969.287116751,"OLAM_P006",100
"69214",-13719.358206751,"OLAM_P006",25
"69215",-8486.108076751,"OLAM_P006",50
"69216",-25783.658556751,"OLAM_P006",100
"69217",-168.397306750994,"OLAM_P006",25
"69218",-81.3732867509825,"OLAM_P006",50
"69219",-20997.137706751,"OLAM_P006",100
"69220",-27697.867786751,"OLAM_P006",25
"69221",14213.053483249,"OLAM_P006",50
"69222",-42972.088466751,"OLAM_P006",100
"69223",-4400.322156751,"OLAM_P006",25
"69224",-44317.712176751,"OLAM_P006",50
"69225",-34364.880836751,"OLAM_P006",100
"69226",1397.297133249,"OLAM_P006",25
"69227",-491.194066750992,"OLAM_P006",50
"69228",-23416.212116751,"OLAM_P006",100
"69229",-26575.238976751,"OLAM_P006",25
"69230",-36008.778076751,"OLAM_P006",50
"69231",-16474.993106751,"OLAM_P006",100
"69232",-10015.033446751,"OLAM_P006",25
"69233",-12831.347806751,"OLAM_P006",50
"69234",-21970.725196751,"OLAM_P006",100
"69235",608.043703249015,"OLAM_P006",25
"69236",12041.225793249,"OLAM_P006",50
"69237",-34142.321186751,"OLAM_P006",100
"69238",-29666.105526751,"OLAM_P006",25
"69239",-13677.531326751,"OLAM_P006",50
"69240",-31569.744176751,"OLAM_P006",100
"69241",-23438.094206751,"OLAM_P006",25
"69242",-29826.101536751,"OLAM_P006",50
"69243",-34467.178206751,"OLAM_P006",100
"69244",-20000.442156751,"OLAM_P006",25
"69245",-17913.567536751,"OLAM_P006",50
"69246",-41449.197976751,"OLAM_P006",100
"69247",2578.93135324901,"OLAM_P006",25
"69248",-25153.943056751,"OLAM_P006",50
"69249",-30624.957206751,"OLAM_P006",100
"69250",1439.65778324901,"OLAM_P006",25
"69251",-24766.289596751,"OLAM_P006",50
"69252",-7170.23785675099,"OLAM_P006",100
"69253",-18763.385806751,"OLAM_P006",25
"69254",-11012.464256751,"OLAM_P006",50
"69255",-22118.869976751,"OLAM_P006",100
"69256",-8369.62672675098,"OLAM_P006",25
"69257",-33621.209506751,"OLAM_P006",50
"69258",-30903.565276751,"OLAM_P006",100
"69259",-19114.761786751,"OLAM_P006",25
"69260",-33288.849366751,"OLAM_P006",50
"69261",-40382.261796751,"OLAM_P006",100
"69262",-25246.349256751,"OLAM_P006",25
"69263",-17842.462956751,"OLAM_P006",50
"69264",-45072.320936751,"OLAM_P006",100
"69265",-13349.309736751,"OLAM_P006",25
"69266",-30450.479346751,"OLAM_P006",50
"69267",-40339.426676751,"OLAM_P006",100
"69268",-8418.55488675099,"OLAM_P006",25
"69269",119.457023249008,"OLAM_P006",50
"69270",-53379.453736751,"OLAM_P006",100
"69271",-8758.61264675099,"OLAM_P006",25
"69272",-31898.809246751,"OLAM_P006",50
"69273",-35956.036456751,"OLAM_P006",100
"69274",-16585.198696751,"OLAM_P006",25
"69275",-20170.387556751,"OLAM_P006",50
"69276",-30607.984136751,"OLAM_P006",100
"69277",-21763.657256751,"OLAM_P006",25
"69278",-9836.701406751,"OLAM_P006",50
"69279",-52549.187196751,"OLAM_P006",100
"69280",-5188.48908675098,"OLAM_P006",25
"69281",-19350.649306751,"OLAM_P006",50
"69282",-43858.852546751,"OLAM_P006",100
"69283",-6949.49272675099,"OLAM_P006",25
"69284",-17290.933306751,"OLAM_P006",50
"69285",-41510.810806751,"OLAM_P006",100
"69286",-12322.928496751,"OLAM_P006",25
"69287",-18188.824086751,"OLAM_P006",50
"69288",-34463.714076751,"OLAM_P006",100
"69289",-27565.949426751,"OLAM_P006",25
"69290",-26517.529596751,"OLAM_P006",50
"69291",-42758.317836751,"OLAM_P006",100
"69292",-4092.92204675099,"OLAM_P006",25
"69293",-5070.450786751,"OLAM_P006",50
"69294",-23446.561176751,"OLAM_P006",100
"69295",-6486.14764675099,"OLAM_P006",25
"69296",-38531.972656751,"OLAM_P006",50
"69297",-36658.326306751,"OLAM_P006",100
"69298",-7238.166876751,"OLAM_P006",25
"69299",-30209.456036751,"OLAM_P006",50
"69300",-23933.493066751,"OLAM_P006",100
"69301",-4203.530636034,"OLAM_P007",25
"69302",11249.946623966,"OLAM_P007",50
"69303",-2029.77724603401,"OLAM_P007",100
"69304",-921.291576034011,"OLAM_P007",25
"69305",-7075.602466034,"OLAM_P007",50
"69306",6163.946193966,"OLAM_P007",100
"69307",-21184.395216034,"OLAM_P007",25
"69308",4192.90609396601,"OLAM_P007",50
"69309",-10940.651936034,"OLAM_P007",100
"69310",-5733.68457603399,"OLAM_P007",25
"69311",-10031.240206034,"OLAM_P007",50
"69312",-32314.261386034,"OLAM_P007",100
"69313",6723.12213396601,"OLAM_P007",25
"69314",-3988.48547603399,"OLAM_P007",50
"69315",-13361.195666034,"OLAM_P007",100
"69316",2469.34650396599,"OLAM_P007",25
"69317",-13570.921616034,"OLAM_P007",50
"69318",-13496.518426034,"OLAM_P007",100
"69319",-21584.119966034,"OLAM_P007",25
"69320",18000.269733966,"OLAM_P007",50
"69321",-16380.935696034,"OLAM_P007",100
"69322",10980.078233966,"OLAM_P007",25
"69323",-11333.034756034,"OLAM_P007",50
"69324",-15241.841546034,"OLAM_P007",100
"69325",9109.528573966,"OLAM_P007",25
"69326",-5232.69216603399,"OLAM_P007",50
"69327",6940.00669396602,"OLAM_P007",100
"69328",-5940.82673603401,"OLAM_P007",25
"69329",-2945.928006034,"OLAM_P007",50
"69330",-15359.400146034,"OLAM_P007",100
"69331",-396.835136034002,"OLAM_P007",25
"69332",-30859.011206034,"OLAM_P007",50
"69333",-10156.004646034,"OLAM_P007",100
"69334",-8769.78552603399,"OLAM_P007",25
"69335",-6990.962116034,"OLAM_P007",50
"69336",-24554.501616034,"OLAM_P007",100
"69337",1239.638773966,"OLAM_P007",25
"69338",-6996.284996034,"OLAM_P007",50
"69339",12505.289213966,"OLAM_P007",100
"69340",11082.030753966,"OLAM_P007",25
"69341",-9434.87773603399,"OLAM_P007",50
"69342",-33284.719226034,"OLAM_P007",100
"69343",-7189.730726034,"OLAM_P007",25
"69344",-8090.03511603401,"OLAM_P007",50
"69345",-15029.752476034,"OLAM_P007",100
"69346",1310.16604396599,"OLAM_P007",25
"69347",-14002.825966034,"OLAM_P007",50
"69348",-33406.826386034,"OLAM_P007",100
"69349",-5213.178186034,"OLAM_P007",25
"69350",-932.604666033993,"OLAM_P007",50
"69351",-16452.036616034,"OLAM_P007",100
"69352",-12674.602336034,"OLAM_P007",25
"69353",2290.19513396602,"OLAM_P007",50
"69354",-22522.458436034,"OLAM_P007",100
"69355",8430.03356396599,"OLAM_P007",25
"69356",-8146.95551603401,"OLAM_P007",50
"69357",-19646.952716034,"OLAM_P007",100
"69358",-4415.99509603399,"OLAM_P007",25
"69359",-11594.282186034,"OLAM_P007",50
"69360",-23717.255916034,"OLAM_P007",100
"69361",4197.26131396601,"OLAM_P007",25
"69362",-5539.91424603399,"OLAM_P007",50
"69363",-21885.503306034,"OLAM_P007",100
"69364",-2362.81791603399,"OLAM_P007",25
"69365",4666.29792396599,"OLAM_P007",50
"69366",513.48767396601,"OLAM_P007",100
"69367",4361.54438396601,"OLAM_P007",25
"69368",-15863.835506034,"OLAM_P007",50
"69369",-15532.061826034,"OLAM_P007",100
"69370",-23800.935526034,"OLAM_P007",25
"69371",3961.39670396599,"OLAM_P007",50
"69372",-11695.251626034,"OLAM_P007",100
"69373",-14694.259516034,"OLAM_P007",25
"69374",-27806.488926034,"OLAM_P007",50
"69375",13852.488823966,"OLAM_P007",100
"69376",5479.78856396599,"OLAM_P007",25
"69377",-22472.905656034,"OLAM_P007",50
"69378",-19519.394876034,"OLAM_P007",100
"69379",4434.011663966,"OLAM_P007",25
"69380",-6835.69685603399,"OLAM_P007",50
"69381",25033.627793966,"OLAM_P007",100
"69382",-10848.346546034,"OLAM_P007",25
"69383",-3507.55848603399,"OLAM_P007",50
"69384",-5428.38618603398,"OLAM_P007",100
"69385",-8911.480286034,"OLAM_P007",25
"69386",-15263.952826034,"OLAM_P007",50
"69387",-26904.118756034,"OLAM_P007",100
"69388",3631.579503966,"OLAM_P007",25
"69389",-9130.12778603399,"OLAM_P007",50
"69390",-10413.859786034,"OLAM_P007",100
"69391",-11509.737236034,"OLAM_P007",25
"69392",-12360.472876034,"OLAM_P007",50
"69393",-28783.836196034,"OLAM_P007",100
"69394",-4902.07238603401,"OLAM_P007",25
"69395",-14576.490196034,"OLAM_P007",50
"69396",-3646.602366034,"OLAM_P007",100
"69397",5217.40814396599,"OLAM_P007",25
"69398",-19273.018706034,"OLAM_P007",50
"69399",-17213.573226034,"OLAM_P007",100
"69400",-4197.72881603401,"OLAM_P007",25
"69401",-4751.481356034,"OLAM_P007",50
"69402",-14077.049706034,"OLAM_P007",100
"69403",-1316.915986034,"OLAM_P007",25
"69404",-7856.878556034,"OLAM_P007",50
"69405",-25023.354966034,"OLAM_P007",100
"69406",-4380.479166034,"OLAM_P007",25
"69407",-6206.80869603399,"OLAM_P007",50
"69408",-7135.636196034,"OLAM_P007",100
"69409",4983.58955396601,"OLAM_P007",25
"69410",-2978.334666034,"OLAM_P007",50
"69411",17077.825193966,"OLAM_P007",100
"69412",1703.084823966,"OLAM_P007",25
"69413",-20335.416776034,"OLAM_P007",50
"69414",-21663.428406034,"OLAM_P007",100
"69415",7434.88771396599,"OLAM_P007",25
"69416",-14441.186366034,"OLAM_P007",50
"69417",-69.1450160339882,"OLAM_P007",100
"69418",-11017.274986034,"OLAM_P007",25
"69419",10809.311303966,"OLAM_P007",50
"69420",14778.655603966,"OLAM_P007",100
"69421",-1807.17920603399,"OLAM_P007",25
"69422",2266.77048396601,"OLAM_P007",50
"69423",-9177.07832603401,"OLAM_P007",100
"69424",5447.71695396601,"OLAM_P007",25
"69425",-4691.082716034,"OLAM_P007",50
"69426",-5825.753926034,"OLAM_P007",100
"69427",-7235.78252603399,"OLAM_P007",25
"69428",-12839.931636034,"OLAM_P007",50
"69429",-31691.658306034,"OLAM_P007",100
"69430",-16066.713076034,"OLAM_P007",25
"69431",4274.03740396601,"OLAM_P007",50
"69432",-4768.726426034,"OLAM_P007",100
"69433",6963.60065396602,"OLAM_P007",25
"69434",8905.004913966,"OLAM_P007",50
"69435",-15505.790566034,"OLAM_P007",100
"69436",-1886.71570603401,"OLAM_P007",25
"69437",-19450.516686034,"OLAM_P007",50
"69438",-28774.059866034,"OLAM_P007",100
"69439",1963.77692396601,"OLAM_P007",25
"69440",-9369.456076034,"OLAM_P007",50
"69441",-11529.172046034,"OLAM_P007",100
"69442",-7713.999206034,"OLAM_P007",25
"69443",7795.69654396601,"OLAM_P007",50
"69444",4721.98113396601,"OLAM_P007",100
"69445",-2826.503146034,"OLAM_P007",25
"69446",860.914913966,"OLAM_P007",50
"69447",-29115.915046034,"OLAM_P007",100
"69448",-5224.84735603401,"OLAM_P007",25
"69449",-16398.361086034,"OLAM_P007",50
"69450",-27314.108476034,"OLAM_P007",100
"69451",11211.345553966,"OLAM_P007",25
"69452",1760.64903396601,"OLAM_P007",50
"69453",-22542.845526034,"OLAM_P007",100
"69454",-9690.03382603399,"OLAM_P007",25
"69455",-11787.091186034,"OLAM_P007",50
"69456",6896.465583966,"OLAM_P007",100
"69457",16060.781643966,"OLAM_P007",25
"69458",-3253.37826603401,"OLAM_P007",50
"69459",-14408.664416034,"OLAM_P007",100
"69460",4725.478173966,"OLAM_P007",25
"69461",-8498.20767603398,"OLAM_P007",50
"69462",-23978.032856034,"OLAM_P007",100
"69463",1903.61627396601,"OLAM_P007",25
"69464",-17953.112166034,"OLAM_P007",50
"69465",-16518.953446034,"OLAM_P007",100
"69466",-7879.29391603399,"OLAM_P007",25
"69467",-9864.72096603399,"OLAM_P007",50
"69468",5172.78891396601,"OLAM_P007",100
"69469",-6622.59159603401,"OLAM_P007",25
"69470",16643.672723966,"OLAM_P007",50
"69471",-4703.236096034,"OLAM_P007",100
"69472",-887.123236034007,"OLAM_P007",25
"69473",-30763.857156034,"OLAM_P007",50
"69474",-6143.336256034,"OLAM_P007",100
"69475",-3459.156086034,"OLAM_P007",25
"69476",682.324403965991,"OLAM_P007",50
"69477",191.154863966018,"OLAM_P007",100
"69478",7995.03492396601,"OLAM_P007",25
"69479",-4581.76741603401,"OLAM_P007",50
"69480",-21925.214376034,"OLAM_P007",100
"69481",-295.485816033994,"OLAM_P007",25
"69482",-4372.42541603401,"OLAM_P007",50
"69483",-17150.275226034,"OLAM_P007",100
"69484",-15578.147086034,"OLAM_P007",25
"69485",-6719.59935603398,"OLAM_P007",50
"69486",-23265.918656034,"OLAM_P007",100
"69487",-5959.049506034,"OLAM_P007",25
"69488",-2580.81518603399,"OLAM_P007",50
"69489",-24381.902796034,"OLAM_P007",100
"69490",-14779.224456034,"OLAM_P007",25
"69491",-23758.562506034,"OLAM_P007",50
"69492",-9506.02639603399,"OLAM_P007",100
"69493",6074.50606396599,"OLAM_P007",25
"69494",727.010833965993,"OLAM_P007",50
"69495",-17326.686376034,"OLAM_P007",100
"69496",-6788.31357603401,"OLAM_P007",25
"69497",-5903.785796034,"OLAM_P007",50
"69498",-24784.064316034,"OLAM_P007",100
"69499",-17792.002526034,"OLAM_P007",25
"69500",-10422.326786034,"OLAM_P007",50
"69501",5168.80801396602,"OLAM_P007",100
"69502",-9794.179406034,"OLAM_P007",25
"69503",-4244.854216034,"OLAM_P007",50
"69504",2331.62786396602,"OLAM_P007",100
"69505",881.330913965998,"OLAM_P007",25
"69506",-20580.750146034,"OLAM_P007",50
"69507",-8683.97403603399,"OLAM_P007",100
"69508",-1054.61068603399,"OLAM_P007",25
"69509",-9775.74515603398,"OLAM_P007",50
"69510",-1158.885046034,"OLAM_P007",100
"69511",-222.379196033988,"OLAM_P007",25
"69512",8268.706723966,"OLAM_P007",50
"69513",-15288.626906034,"OLAM_P007",100
"69514",-8613.13451603398,"OLAM_P007",25
"69515",-8789.37567603399,"OLAM_P007",50
"69516",-7974.451276034,"OLAM_P007",100
"69517",-13252.100236034,"OLAM_P007",25
"69518",-6214.351216034,"OLAM_P007",50
"69519",-26272.042126034,"OLAM_P007",100
"69520",-1838.39350603399,"OLAM_P007",25
"69521",880.678193966014,"OLAM_P007",50
"69522",-21578.651046034,"OLAM_P007",100
"69523",-797.647106034012,"OLAM_P007",25
"69524",-2941.00437603399,"OLAM_P007",50
"69525",-5373.99613603399,"OLAM_P007",100
"69526",4850.005303966,"OLAM_P007",25
"69527",-20020.024586034,"OLAM_P007",50
"69528",-9512.871526034,"OLAM_P007",100
"69529",-417.39811603399,"OLAM_P007",25
"69530",-18652.530606034,"OLAM_P007",50
"69531",-31629.707586034,"OLAM_P007",100
"69532",-22007.827536034,"OLAM_P007",25
"69533",-9405.182096034,"OLAM_P007",50
"69534",-9968.59917603398,"OLAM_P007",100
"69535",5671.80270396601,"OLAM_P007",25
"69536",1434.944573966,"OLAM_P007",50
"69537",-14617.361256034,"OLAM_P007",100
"69538",1825.67934396601,"OLAM_P007",25
"69539",-14242.809946034,"OLAM_P007",50
"69540",-21868.879306034,"OLAM_P007",100
"69541",8487.851893966,"OLAM_P007",25
"69542",-20869.069906034,"OLAM_P007",50
"69543",-6224.41954603398,"OLAM_P007",100
"69544",-6616.440356034,"OLAM_P007",25
"69545",-9496.43473603399,"OLAM_P007",50
"69546",-17672.831936034,"OLAM_P007",100
"69547",-3795.45186603398,"OLAM_P007",25
"69548",13409.033743966,"OLAM_P007",50
"69549",14546.293823966,"OLAM_P007",100
"69550",5937.28792396601,"OLAM_P007",25
"69551",-18928.860936034,"OLAM_P007",50
"69552",-22246.348186034,"OLAM_P007",100
"69553",-15671.992576034,"OLAM_P007",25
"69554",-20080.090926034,"OLAM_P007",50
"69555",-27706.242076034,"OLAM_P007",100
"69556",-20891.716066034,"OLAM_P007",25
"69557",-17215.903006034,"OLAM_P007",50
"69558",-1587.305716034,"OLAM_P007",100
"69559",-7660.69711603399,"OLAM_P007",25
"69560",9085.72726396599,"OLAM_P007",50
"69561",-16775.943686034,"OLAM_P007",100
"69562",-4108.36093603401,"OLAM_P007",25
"69563",-29208.215556034,"OLAM_P007",50
"69564",-23357.501836034,"OLAM_P007",100
"69565",-11534.519836034,"OLAM_P007",25
"69566",-4682.32373603398,"OLAM_P007",50
"69567",-27147.011426034,"OLAM_P007",100
"69568",-15359.910706034,"OLAM_P007",25
"69569",-8418.87130603401,"OLAM_P007",50
"69570",-29079.072846034,"OLAM_P007",100
"69571",-8059.86884603399,"OLAM_P007",25
"69572",-12164.475956034,"OLAM_P007",50
"69573",-6212.68270603399,"OLAM_P007",100
"69574",13198.858283966,"OLAM_P007",25
"69575",-23002.173446034,"OLAM_P007",50
"69576",-8465.23355603399,"OLAM_P007",100
"69577",4273.28865396601,"OLAM_P007",25
"69578",2445.70959396599,"OLAM_P007",50
"69579",-18948.933456034,"OLAM_P007",100
"69580",-457.737856033986,"OLAM_P007",25
"69581",-12589.144876034,"OLAM_P007",50
"69582",-24149.210996034,"OLAM_P007",100
"69583",20390.811213966,"OLAM_P007",25
"69584",-9742.075706034,"OLAM_P007",50
"69585",-15230.834706034,"OLAM_P007",100
"69586",-9417.35574603401,"OLAM_P007",25
"69587",-27749.042616034,"OLAM_P007",50
"69588",-15435.600036034,"OLAM_P007",100
"69589",-261.953526033991,"OLAM_P007",25
"69590",-18493.509276034,"OLAM_P007",50
"69591",-17862.080956034,"OLAM_P007",100
"69592",10631.750653966,"OLAM_P007",25
"69593",-5868.577896034,"OLAM_P007",50
"69594",-4001.142376034,"OLAM_P007",100
"69595",271.416293966002,"OLAM_P007",25
"69596",-23828.800276034,"OLAM_P007",50
"69597",-2457.16699603401,"OLAM_P007",100
"69598",-13752.527356034,"OLAM_P007",25
"69599",-12633.951156034,"OLAM_P007",50
"69600",-22069.425236034,"OLAM_P007",100
"69601",12603.39022186,"OLAM_P008",25
"69602",-11864.17808814,"OLAM_P008",50
"69603",-26743.44654814,"OLAM_P008",100
"69604",-8262.80266813998,"OLAM_P008",25
"69605",-16627.15454814,"OLAM_P008",50
"69606",-28299.58831814,"OLAM_P008",100
"69607",-12489.54199814,"OLAM_P008",25
"69608",-7608.19570813997,"OLAM_P008",50
"69609",-44328.64474814,"OLAM_P008",100
"69610",-11849.03925814,"OLAM_P008",25
"69611",2178.48152186,"OLAM_P008",50
"69612",-22706.86997814,"OLAM_P008",100
"69613",-12360.18088814,"OLAM_P008",25
"69614",-39977.94816814,"OLAM_P008",50
"69615",-28038.56129814,"OLAM_P008",100
"69616",-30298.36897814,"OLAM_P008",25
"69617",-21900.96716814,"OLAM_P008",50
"69618",-44643.63220814,"OLAM_P008",100
"69619",10037.98897186,"OLAM_P008",25
"69620",-42015.49774814,"OLAM_P008",50
"69621",-49616.50553814,"OLAM_P008",100
"69622",5215.26144186,"OLAM_P008",25
"69623",-28974.65710814,"OLAM_P008",50
"69624",-14299.61297814,"OLAM_P008",100
"69625",-350.88244813995,"OLAM_P008",25
"69626",166.957911860023,"OLAM_P008",50
"69627",-28219.27259814,"OLAM_P008",100
"69628",-2884.48769813997,"OLAM_P008",25
"69629",-33995.50795814,"OLAM_P008",50
"69630",-26356.07590814,"OLAM_P008",100
"69631",5722.82251185999,"OLAM_P008",25
"69632",-5419.42408813996,"OLAM_P008",50
"69633",-47379.27183814,"OLAM_P008",100
"69634",-21444.33689814,"OLAM_P008",25
"69635",-7316.84513813996,"OLAM_P008",50
"69636",-17608.84118814,"OLAM_P008",100
"69637",-9966.34481813997,"OLAM_P008",25
"69638",10725.13554186,"OLAM_P008",50
"69639",-26178.70449814,"OLAM_P008",100
"69640",-5243.40328813996,"OLAM_P008",25
"69641",-6546.13231813995,"OLAM_P008",50
"69642",-33127.07268814,"OLAM_P008",100
"69643",-5419.76782814,"OLAM_P008",25
"69644",-21801.82406814,"OLAM_P008",50
"69645",-62322.73604814,"OLAM_P008",100
"69646",-16021.86424814,"OLAM_P008",25
"69647",3497.97801186005,"OLAM_P008",50
"69648",3868.08861186,"OLAM_P008",100
"69649",2006.60042186,"OLAM_P008",25
"69650",5638.47979186004,"OLAM_P008",50
"69651",-24902.0134181399,"OLAM_P008",100
"69652",-5861.95341813995,"OLAM_P008",25
"69653",-33277.11350814,"OLAM_P008",50
"69654",-19348.59565814,"OLAM_P008",100
"69655",-21568.37055814,"OLAM_P008",25
"69656",-28797.22465814,"OLAM_P008",50
"69657",-25872.53616814,"OLAM_P008",100
"69658",-23262.14475814,"OLAM_P008",25
"69659",-31168.70616814,"OLAM_P008",50
"69660",-52851.07412814,"OLAM_P008",100
"69661",-14056.76438814,"OLAM_P008",25
"69662",-35756.45852814,"OLAM_P008",50
"69663",-22355.15074814,"OLAM_P008",100
"69664",-40459.77233814,"OLAM_P008",25
"69665",-24887.20159814,"OLAM_P008",50
"69666",-62420.51252814,"OLAM_P008",100
"69667",-4355.76691814,"OLAM_P008",25
"69668",-13668.89597814,"OLAM_P008",50
"69669",-6585.24376813998,"OLAM_P008",100
"69670",-5659.09294813999,"OLAM_P008",25
"69671",26279.14929186,"OLAM_P008",50
"69672",-17051.14277814,"OLAM_P008",100
"69673",-3305.89422813995,"OLAM_P008",25
"69674",-4228.62382813997,"OLAM_P008",50
"69675",-66211.26797814,"OLAM_P008",100
"69676",10627.31785186,"OLAM_P008",25
"69677",-4284.56380814,"OLAM_P008",50
"69678",-2126.23240813997,"OLAM_P008",100
"69679",-10178.71800814,"OLAM_P008",25
"69680",-2421.70462813997,"OLAM_P008",50
"69681",-41405.07775814,"OLAM_P008",100
"69682",1173.53494186001,"OLAM_P008",25
"69683",-1966.57325813995,"OLAM_P008",50
"69684",-53312.48775814,"OLAM_P008",100
"69685",-24352.41530814,"OLAM_P008",25
"69686",-54641.58660814,"OLAM_P008",50
"69687",-32869.92494814,"OLAM_P008",100
"69688",-28381.65226814,"OLAM_P008",25
"69689",-36437.25622814,"OLAM_P008",50
"69690",-33702.72920814,"OLAM_P008",100
"69691",2521.23760186002,"OLAM_P008",25
"69692",-35937.08625814,"OLAM_P008",50
"69693",-40355.21911814,"OLAM_P008",100
"69694",-6414.52837814001,"OLAM_P008",25
"69695",-2098.62046814,"OLAM_P008",50
"69696",-20204.55060814,"OLAM_P008",100
"69697",17754.98102186,"OLAM_P008",25
"69698",-6378.18524813995,"OLAM_P008",50
"69699",-34693.83956814,"OLAM_P008",100
"69700",-32304.06317814,"OLAM_P008",25
"69701",-15819.13394814,"OLAM_P008",50
"69702",-34133.24277814,"OLAM_P008",100
"69703",-14757.53221814,"OLAM_P008",25
"69704",-26681.76223814,"OLAM_P008",50
"69705",-44012.48071814,"OLAM_P008",100
"69706",-13853.67528814,"OLAM_P008",25
"69707",-18723.59937814,"OLAM_P008",50
"69708",15900.63622186,"OLAM_P008",100
"69709",-17231.05075814,"OLAM_P008",25
"69710",-16489.73519814,"OLAM_P008",50
"69711",-56185.77216814,"OLAM_P008",100
"69712",-4684.25578814,"OLAM_P008",25
"69713",-29604.37674814,"OLAM_P008",50
"69714",-31654.18723814,"OLAM_P008",100
"69715",-14125.15406814,"OLAM_P008",25
"69716",-10454.08076814,"OLAM_P008",50
"69717",-50607.75735814,"OLAM_P008",100
"69718",-9433.66344813997,"OLAM_P008",25
"69719",-24990.78124814,"OLAM_P008",50
"69720",-52560.75104814,"OLAM_P008",100
"69721",-27093.05548814,"OLAM_P008",25
"69722",-17809.67505814,"OLAM_P008",50
"69723",1740.71693186002,"OLAM_P008",100
"69724",-18539.67602814,"OLAM_P008",25
"69725",20577.06129186,"OLAM_P008",50
"69726",-16009.26796814,"OLAM_P008",100
"69727",-5876.56418813998,"OLAM_P008",25
"69728",-4617.87204813998,"OLAM_P008",50
"69729",-22225.74915814,"OLAM_P008",100
"69730",-23376.43406814,"OLAM_P008",25
"69731",-26943.94432814,"OLAM_P008",50
"69732",-22240.65581814,"OLAM_P008",100
"69733",7955.18597186002,"OLAM_P008",25
"69734",-54540.48814814,"OLAM_P008",50
"69735",-53129.59486814,"OLAM_P008",100
"69736",-13490.07063814,"OLAM_P008",25
"69737",5753.15971186,"OLAM_P008",50
"69738",-9426.33601813996,"OLAM_P008",100
"69739",-28366.50313814,"OLAM_P008",25
"69740",-23408.10427814,"OLAM_P008",50
"69741",-55735.98951814,"OLAM_P008",100
"69742",-5347.94854814,"OLAM_P008",25
"69743",12302.81375186,"OLAM_P008",50
"69744",-35222.76767814,"OLAM_P008",100
"69745",10942.49539186,"OLAM_P008",25
"69746",-32120.81683814,"OLAM_P008",50
"69747",-15567.29065814,"OLAM_P008",100
"69748",-6869.70347814,"OLAM_P008",25
"69749",-36575.86963814,"OLAM_P008",50
"69750",-25509.35003814,"OLAM_P008",100
"69751",-12888.08071814,"OLAM_P008",25
"69752",-38229.24771814,"OLAM_P008",50
"69753",-70765.15271814,"OLAM_P008",100
"69754",-27575.8261781399,"OLAM_P008",25
"69755",-22729.35971814,"OLAM_P008",50
"69756",-46618.31251814,"OLAM_P008",100
"69757",-1587.46648813999,"OLAM_P008",25
"69758",18402.68796186,"OLAM_P008",50
"69759",-21752.35495814,"OLAM_P008",100
"69760",-6141.14938813995,"OLAM_P008",25
"69761",9404.86538186,"OLAM_P008",50
"69762",-55762.83771814,"OLAM_P008",100
"69763",-5595.32516814,"OLAM_P008",25
"69764",3103.43076186004,"OLAM_P008",50
"69765",-29389.77270814,"OLAM_P008",100
"69766",-29322.25869814,"OLAM_P008",25
"69767",-19415.72998814,"OLAM_P008",50
"69768",-20321.71737814,"OLAM_P008",100
"69769",-28959.19725814,"OLAM_P008",25
"69770",-10378.59495814,"OLAM_P008",50
"69771",-59317.69476814,"OLAM_P008",100
"69772",2798.69019186002,"OLAM_P008",25
"69773",22007.18380186,"OLAM_P008",50
"69774",-65876.64929814,"OLAM_P008",100
"69775",-22552.07638814,"OLAM_P008",25
"69776",-27886.27796814,"OLAM_P008",50
"69777",-47721.03476814,"OLAM_P008",100
"69778",2619.04451186,"OLAM_P008",25
"69779",-16926.07706814,"OLAM_P008",50
"69780",-41801.63149814,"OLAM_P008",100
"69781",5457.31250186003,"OLAM_P008",25
"69782",-43694.98865814,"OLAM_P008",50
"69783",-30747.62278814,"OLAM_P008",100
"69784",-24669.25131814,"OLAM_P008",25
"69785",1276.57889186003,"OLAM_P008",50
"69786",-50801.68618814,"OLAM_P008",100
"69787",463.96051186003,"OLAM_P008",25
"69788",-9783.01975813997,"OLAM_P008",50
"69789",-37079.59948814,"OLAM_P008",100
"69790",-11920.86394814,"OLAM_P008",25
"69791",-21100.00453814,"OLAM_P008",50
"69792",3775.84459186002,"OLAM_P008",100
"69793",-19293.39382814,"OLAM_P008",25
"69794",1230.59169186,"OLAM_P008",50
"69795",-42317.31953814,"OLAM_P008",100
"69796",3414.94633186003,"OLAM_P008",25
"69797",-34104.55240814,"OLAM_P008",50
"69798",-7573.03734813997,"OLAM_P008",100
"69799",-27092.00893814,"OLAM_P008",25
"69800",-12474.21213814,"OLAM_P008",50
"69801",-66691.27874814,"OLAM_P008",100
"69802",5143.77366186003,"OLAM_P008",25
"69803",-33272.86206814,"OLAM_P008",50
"69804",-27012.06038814,"OLAM_P008",100
"69805",-24296.28386814,"OLAM_P008",25
"69806",-34100.25218814,"OLAM_P008",50
"69807",-6653.48060814,"OLAM_P008",100
"69808",6277.54111186002,"OLAM_P008",25
"69809",-35107.79317814,"OLAM_P008",50
"69810",-1946.54478813999,"OLAM_P008",100
"69811",-9997.26710813999,"OLAM_P008",25
"69812",-51105.86794814,"OLAM_P008",50
"69813",-24267.78735814,"OLAM_P008",100
"69814",21368.45854186,"OLAM_P008",25
"69815",-24090.39000814,"OLAM_P008",50
"69816",-12900.2525781399,"OLAM_P008",100
"69817",-9686.31769813999,"OLAM_P008",25
"69818",-20500.88859814,"OLAM_P008",50
"69819",-52085.42761814,"OLAM_P008",100
"69820",-12993.10988814,"OLAM_P008",25
"69821",-26102.46771814,"OLAM_P008",50
"69822",-5047.48839814001,"OLAM_P008",100
"69823",4888.72861186002,"OLAM_P008",25
"69824",-29018.13768814,"OLAM_P008",50
"69825",-42373.60783814,"OLAM_P008",100
"69826",-3500.64542813995,"OLAM_P008",25
"69827",-19604.13673814,"OLAM_P008",50
"69828",-19496.55150814,"OLAM_P008",100
"69829",22706.87019186,"OLAM_P008",25
"69830",-9079.85833813995,"OLAM_P008",50
"69831",-35249.49516814,"OLAM_P008",100
"69832",-5885.28003813996,"OLAM_P008",25
"69833",-7617.78917814,"OLAM_P008",50
"69834",-2050.64674813999,"OLAM_P008",100
"69835",-25179.16464814,"OLAM_P008",25
"69836",-41467.36911814,"OLAM_P008",50
"69837",-45179.61833814,"OLAM_P008",100
"69838",8329.16580186004,"OLAM_P008",25
"69839",13966.98261186,"OLAM_P008",50
"69840",-71038.73831814,"OLAM_P008",100
"69841",-6590.15440813999,"OLAM_P008",25
"69842",-16988.14001814,"OLAM_P008",50
"69843",-42406.62476814,"OLAM_P008",100
"69844",-21969.69148814,"OLAM_P008",25
"69845",-4031.20975813997,"OLAM_P008",50
"69846",-15787.53305814,"OLAM_P008",100
"69847",-18456.19368814,"OLAM_P008",25
"69848",-13128.06778814,"OLAM_P008",50
"69849",-57039.02867814,"OLAM_P008",100
"69850",-21994.27701814,"OLAM_P008",25
"69851",2487.92686186003,"OLAM_P008",50
"69852",-55613.0677081399,"OLAM_P008",100
"69853",33039.73111186,"OLAM_P008",25
"69854",-23096.92953814,"OLAM_P008",50
"69855",-24559.16652814,"OLAM_P008",100
"69856",-7338.56735813996,"OLAM_P008",25
"69857",-19347.22501814,"OLAM_P008",50
"69858",-48941.77206814,"OLAM_P008",100
"69859",-6820.38010814,"OLAM_P008",25
"69860",-17937.65869814,"OLAM_P008",50
"69861",-51650.90328814,"OLAM_P008",100
"69862",-24952.44810814,"OLAM_P008",25
"69863",-43036.02268814,"OLAM_P008",50
"69864",-49053.24599814,"OLAM_P008",100
"69865",2416.70098186005,"OLAM_P008",25
"69866",-21137.91807814,"OLAM_P008",50
"69867",-20281.84937814,"OLAM_P008",100
"69868",-17593.40364814,"OLAM_P008",25
"69869",-45350.86198814,"OLAM_P008",50
"69870",-39400.59963814,"OLAM_P008",100
"69871",-25342.71545814,"OLAM_P008",25
"69872",-7824.86366813997,"OLAM_P008",50
"69873",-52805.7553381399,"OLAM_P008",100
"69874",-9200.19433813996,"OLAM_P008",25
"69875",35301.82010186,"OLAM_P008",50
"69876",-40108.03073814,"OLAM_P008",100
"69877",-6773.45832813997,"OLAM_P008",25
"69878",-10965.5551181399,"OLAM_P008",50
"69879",-20738.29843814,"OLAM_P008",100
"69880",15595.03406186,"OLAM_P008",25
"69881",-38329.38341814,"OLAM_P008",50
"69882",-7680.74462813995,"OLAM_P008",100
"69883",2108.66454185999,"OLAM_P008",25
"69884",-13516.81152814,"OLAM_P008",50
"69885",-16384.48452814,"OLAM_P008",100
"69886",19035.48379186,"OLAM_P008",25
"69887",-14783.56823814,"OLAM_P008",50
"69888",-43556.80086814,"OLAM_P008",100
"69889",-4958.67802813998,"OLAM_P008",25
"69890",-21059.13265814,"OLAM_P008",50
"69891",-66938.71082814,"OLAM_P008",100
"69892",-20699.43016814,"OLAM_P008",25
"69893",-6890.52913813997,"OLAM_P008",50
"69894",-42415.11547814,"OLAM_P008",100
"69895",-13986.97981814,"OLAM_P008",25
"69896",-47521.15016814,"OLAM_P008",50
"69897",26469.59028186,"OLAM_P008",100
"69898",8491.16570186004,"OLAM_P008",25
"69899",-19462.33410814,"OLAM_P008",50
"69900",-42232.38916814,"OLAM_P008",100
"69901",-335.003549855988,"OLAM_P009",25
"69902",-7892.216219856,"OLAM_P009",50
"69903",-14863.772929856,"OLAM_P009",100
"69904",-5404.886589856,"OLAM_P009",25
"69905",-12585.707489856,"OLAM_P009",50
"69906",-1095.54032985598,"OLAM_P009",100
"69907",8174.14842014399,"OLAM_P009",25
"69908",4418.52319014401,"OLAM_P009",50
"69909",-3242.97644985601,"OLAM_P009",100
"69910",-3238.285259856,"OLAM_P009",25
"69911",-155.504819855996,"OLAM_P009",50
"69912",-16370.121709856,"OLAM_P009",100
"69913",-7813.178139856,"OLAM_P009",25
"69914",-224.521509855986,"OLAM_P009",50
"69915",-8374.545739856,"OLAM_P009",100
"69916",-6411.40281985601,"OLAM_P009",25
"69917",-2050.302199856,"OLAM_P009",50
"69918",-2579.747939856,"OLAM_P009",100
"69919",-7003.48254985601,"OLAM_P009",25
"69920",-9143.36128985599,"OLAM_P009",50
"69921",-11710.241519856,"OLAM_P009",100
"69922",-2134.33897985599,"OLAM_P009",25
"69923",-123.087039856007,"OLAM_P009",50
"69924",-963.36191985599,"OLAM_P009",100
"69925",-11571.562569856,"OLAM_P009",25
"69926",1602.82385014399,"OLAM_P009",50
"69927",3462.25987014401,"OLAM_P009",100
"69928",-9184.06476985599,"OLAM_P009",25
"69929",-11813.636469856,"OLAM_P009",50
"69930",7176.100560144,"OLAM_P009",100
"69931",-1848.11239985601,"OLAM_P009",25
"69932",-2837.316869856,"OLAM_P009",50
"69933",-14204.008389856,"OLAM_P009",100
"69934",5601.18703014401,"OLAM_P009",25
"69935",-4623.02574985599,"OLAM_P009",50
"69936",1526.89493014402,"OLAM_P009",100
"69937",3056.97998014401,"OLAM_P009",25
"69938",2460.75864014399,"OLAM_P009",50
"69939",-2980.164869856,"OLAM_P009",100
"69940",4115.00299014401,"OLAM_P009",25
"69941",-5518.270139856,"OLAM_P009",50
"69942",9810.99944014399,"OLAM_P009",100
"69943",-3130.366079856,"OLAM_P009",25
"69944",12456.252060144,"OLAM_P009",50
"69945",932.370420143998,"OLAM_P009",100
"69946",-10298.901829856,"OLAM_P009",25
"69947",-6164.070309856,"OLAM_P009",50
"69948",-5283.13988985599,"OLAM_P009",100
"69949",1111.29779014399,"OLAM_P009",25
"69950",5717.010350144,"OLAM_P009",50
"69951",4021.40243014399,"OLAM_P009",100
"69952",2812.09460014402,"OLAM_P009",25
"69953",-2953.89306985599,"OLAM_P009",50
"69954",-19248.047059856,"OLAM_P009",100
"69955",-11916.916199856,"OLAM_P009",25
"69956",7190.00703014401,"OLAM_P009",50
"69957",1653.434530144,"OLAM_P009",100
"69958",-8121.26725985599,"OLAM_P009",25
"69959",-6283.484639856,"OLAM_P009",50
"69960",-14104.984329856,"OLAM_P009",100
"69961",5829.930420144,"OLAM_P009",25
"69962",-14878.830139856,"OLAM_P009",50
"69963",-15561.253719856,"OLAM_P009",100
"69964",-4591.392609856,"OLAM_P009",25
"69965",10256.000800144,"OLAM_P009",50
"69966",5193.909900144,"OLAM_P009",100
"69967",-2070.600679856,"OLAM_P009",25
"69968",-5499.29280985601,"OLAM_P009",50
"69969",-13826.836719856,"OLAM_P009",100
"69970",-7524.35169985599,"OLAM_P009",25
"69971",26.6690301439958,"OLAM_P009",50
"69972",7430.565920144,"OLAM_P009",100
"69973",11709.909510144,"OLAM_P009",25
"69974",2842.49429014401,"OLAM_P009",50
"69975",-2970.457459856,"OLAM_P009",100
"69976",-1132.35276985599,"OLAM_P009",25
"69977",-2665.11807985601,"OLAM_P009",50
"69978",13947.273730144,"OLAM_P009",100
"69979",-6478.63487985599,"OLAM_P009",25
"69980",-10601.418829856,"OLAM_P009",50
"69981",-4399.160469856,"OLAM_P009",100
"69982",-638.788179855997,"OLAM_P009",25
"69983",-3894.773969856,"OLAM_P009",50
"69984",801.826520144008,"OLAM_P009",100
"69985",1764.79143014399,"OLAM_P009",25
"69986",-13424.433139856,"OLAM_P009",50
"69987",22892.646200144,"OLAM_P009",100
"69988",2022.88497014399,"OLAM_P009",25
"69989",9760.67535014401,"OLAM_P009",50
"69990",-2353.74476985598,"OLAM_P009",100
"69991",-1496.383669856,"OLAM_P009",25
"69992",-3560.89210985601,"OLAM_P009",50
"69993",-12295.272869856,"OLAM_P009",100
"69994",-3933.525379856,"OLAM_P009",25
"69995",2854.548220144,"OLAM_P009",50
"69996",-6612.354379856,"OLAM_P009",100
"69997",-2366.173839856,"OLAM_P009",25
"69998",-8068.82504985601,"OLAM_P009",50
"69999",13335.095310144,"OLAM_P009",100
"70000",-6126.78031985598,"OLAM_P009",25
"70001",-6.65386985600344,"OLAM_P009",50
"70002",10848.040700144,"OLAM_P009",100
"70003",-5226.17199985599,"OLAM_P009",25
"70004",-3504.59953985599,"OLAM_P009",50
"70005",-11255.053189856,"OLAM_P009",100
"70006",-6546.24906985598,"OLAM_P009",25
"70007",-12970.839089856,"OLAM_P009",50
"70008",-16211.022179856,"OLAM_P009",100
"70009",-2272.07834985599,"OLAM_P009",25
"70010",6477.166450144,"OLAM_P009",50
"70011",21206.963220144,"OLAM_P009",100
"70012",-10567.228029856,"OLAM_P009",25
"70013",-5416.16148985599,"OLAM_P009",50
"70014",1254.08850014399,"OLAM_P009",100
"70015",11536.761030144,"OLAM_P009",25
"70016",-7601.077349856,"OLAM_P009",50
"70017",-1225.19329985601,"OLAM_P009",100
"70018",-3296.873869856,"OLAM_P009",25
"70019",16309.211240144,"OLAM_P009",50
"70020",-8905.90103985599,"OLAM_P009",100
"70021",-6766.54779985599,"OLAM_P009",25
"70022",-4620.60907985599,"OLAM_P009",50
"70023",-2421.93590985599,"OLAM_P009",100
"70024",-7635.897459856,"OLAM_P009",25
"70025",-12739.009129856,"OLAM_P009",50
"70026",-3921.497359856,"OLAM_P009",100
"70027",-886.531399856001,"OLAM_P009",25
"70028",-4689.95598985601,"OLAM_P009",50
"70029",-2050.64249985601,"OLAM_P009",100
"70030",-682.506819856004,"OLAM_P009",25
"70031",3105.87424014401,"OLAM_P009",50
"70032",4709.102170144,"OLAM_P009",100
"70033",-7971.03453985599,"OLAM_P009",25
"70034",-688.779269855993,"OLAM_P009",50
"70035",1545.50680014401,"OLAM_P009",100
"70036",17552.626030144,"OLAM_P009",25
"70037",3007.60967014401,"OLAM_P009",50
"70038",-15223.310509856,"OLAM_P009",100
"70039",4115.34179014401,"OLAM_P009",25
"70040",-3954.619339856,"OLAM_P009",50
"70041",2421.84046014401,"OLAM_P009",100
"70042",-5082.28420985601,"OLAM_P009",25
"70043",-944.675099855987,"OLAM_P009",50
"70044",-17045.193699856,"OLAM_P009",100
"70045",-2902.852349856,"OLAM_P009",25
"70046",-10560.577739856,"OLAM_P009",50
"70047",-10718.189209856,"OLAM_P009",100
"70048",-9297.38088985599,"OLAM_P009",25
"70049",4120.02712014399,"OLAM_P009",50
"70050",24775.603670144,"OLAM_P009",100
"70051",1764.465030144,"OLAM_P009",25
"70052",-1351.94386985601,"OLAM_P009",50
"70053",-11272.180369856,"OLAM_P009",100
"70054",5821.391710144,"OLAM_P009",25
"70055",792.802690144017,"OLAM_P009",50
"70056",-3046.90696985601,"OLAM_P009",100
"70057",-1350.499789856,"OLAM_P009",25
"70058",-13637.022059856,"OLAM_P009",50
"70059",-12871.320869856,"OLAM_P009",100
"70060",-2420.55548985599,"OLAM_P009",25
"70061",9647.08191014401,"OLAM_P009",50
"70062",2902.461330144,"OLAM_P009",100
"70063",-952.656149855989,"OLAM_P009",25
"70064",275.512910143996,"OLAM_P009",50
"70065",-14110.914709856,"OLAM_P009",100
"70066",10880.946790144,"OLAM_P009",25
"70067",5005.82753014402,"OLAM_P009",50
"70068",2166.79714014402,"OLAM_P009",100
"70069",-1648.43262985599,"OLAM_P009",25
"70070",-1628.23058985599,"OLAM_P009",50
"70071",18265.812590144,"OLAM_P009",100
"70072",9899.993960144,"OLAM_P009",25
"70073",820.708840144012,"OLAM_P009",50
"70074",-23377.474559856,"OLAM_P009",100
"70075",13384.315170144,"OLAM_P009",25
"70076",-2033.35659985599,"OLAM_P009",50
"70077",7842.66143014401,"OLAM_P009",100
"70078",2603.96948014401,"OLAM_P009",25
"70079",1318.40557014401,"OLAM_P009",50
"70080",-5697.63005985599,"OLAM_P009",100
"70081",2240.041860144,"OLAM_P009",25
"70082",-8592.92905985599,"OLAM_P009",50
"70083",4567.106270144,"OLAM_P009",100
"70084",-14541.586779856,"OLAM_P009",25
"70085",-5843.01005985599,"OLAM_P009",50
"70086",-11468.170929856,"OLAM_P009",100
"70087",705.086510143999,"OLAM_P009",25
"70088",-14519.268199856,"OLAM_P009",50
"70089",22952.611330144,"OLAM_P009",100
"70090",3647.74345014401,"OLAM_P009",25
"70091",-6209.742489856,"OLAM_P009",50
"70092",21544.013040144,"OLAM_P009",100
"70093",-7374.64210985601,"OLAM_P009",25
"70094",4022.202360144,"OLAM_P009",50
"70095",16142.340270144,"OLAM_P009",100
"70096",1777.38725014401,"OLAM_P009",25
"70097",-9378.737429856,"OLAM_P009",50
"70098",-16405.636289856,"OLAM_P009",100
"70099",5504.90454014399,"OLAM_P009",25
"70100",1417.01604014399,"OLAM_P009",50
"70101",-22524.026039856,"OLAM_P009",100
"70102",6464.33726014401,"OLAM_P009",25
"70103",-5733.38978985601,"OLAM_P009",50
"70104",-15147.453719856,"OLAM_P009",100
"70105",-218.880839855992,"OLAM_P009",25
"70106",-1251.32796985601,"OLAM_P009",50
"70107",-3485.276319856,"OLAM_P009",100
"70108",-663.244659855991,"OLAM_P009",25
"70109",-17485.419779856,"OLAM_P009",50
"70110",-13641.610099856,"OLAM_P009",100
"70111",6315.84096014401,"OLAM_P009",25
"70112",3600.75565014401,"OLAM_P009",50
"70113",9378.76008014401,"OLAM_P009",100
"70114",5897.063500144,"OLAM_P009",25
"70115",6058.14420014402,"OLAM_P009",50
"70116",1331.87598014402,"OLAM_P009",100
"70117",-1022.846429856,"OLAM_P009",25
"70118",1769.46095014401,"OLAM_P009",50
"70119",-14412.640579856,"OLAM_P009",100
"70120",-2862.18272985599,"OLAM_P009",25
"70121",-4147.65942985599,"OLAM_P009",50
"70122",-3687.29078985599,"OLAM_P009",100
"70123",-3259.29396985599,"OLAM_P009",25
"70124",-1131.28065985598,"OLAM_P009",50
"70125",-2456.87867985599,"OLAM_P009",100
"70126",-19101.705829856,"OLAM_P009",25
"70127",2835.60553014401,"OLAM_P009",50
"70128",1383.35342014401,"OLAM_P009",100
"70129",-1365.47039985599,"OLAM_P009",25
"70130",-2235.396859856,"OLAM_P009",50
"70131",446.37345014399,"OLAM_P009",100
"70132",-7730.57485985599,"OLAM_P009",25
"70133",7166.13824014401,"OLAM_P009",50
"70134",5026.046110144,"OLAM_P009",100
"70135",17512.689850144,"OLAM_P009",25
"70136",-10822.535479856,"OLAM_P009",50
"70137",8961.06969014401,"OLAM_P009",100
"70138",-5669.137869856,"OLAM_P009",25
"70139",-10056.767419856,"OLAM_P009",50
"70140",24845.718210144,"OLAM_P009",100
"70141",-10112.064389856,"OLAM_P009",25
"70142",-5365.959359856,"OLAM_P009",50
"70143",-6788.11798985599,"OLAM_P009",100
"70144",4450.37049014401,"OLAM_P009",25
"70145",-3920.33918985599,"OLAM_P009",50
"70146",-16350.385959856,"OLAM_P009",100
"70147",6503.096050144,"OLAM_P009",25
"70148",-1185.55204985599,"OLAM_P009",50
"70149",-10102.869389856,"OLAM_P009",100
"70150",-2880.212489856,"OLAM_P009",25
"70151",14047.781910144,"OLAM_P009",50
"70152",10281.143660144,"OLAM_P009",100
"70153",296.715510144015,"OLAM_P009",25
"70154",-3892.751039856,"OLAM_P009",50
"70155",-1994.64324985599,"OLAM_P009",100
"70156",5886.30655014401,"OLAM_P009",25
"70157",8098.881570144,"OLAM_P009",50
"70158",-2910.558379856,"OLAM_P009",100
"70159",4240.574000144,"OLAM_P009",25
"70160",-4927.94615985599,"OLAM_P009",50
"70161",4096.198530144,"OLAM_P009",100
"70162",-6960.03648985599,"OLAM_P009",25
"70163",2976.772580144,"OLAM_P009",50
"70164",-172.752389856003,"OLAM_P009",100
"70165",1263.49790014399,"OLAM_P009",25
"70166",-9553.559289856,"OLAM_P009",50
"70167",-11605.773759856,"OLAM_P009",100
"70168",-3084.630729856,"OLAM_P009",25
"70169",-5748.10055985599,"OLAM_P009",50
"70170",-25423.713819856,"OLAM_P009",100
"70171",14656.972190144,"OLAM_P009",25
"70172",-7714.96272985599,"OLAM_P009",50
"70173",-903.490589855995,"OLAM_P009",100
"70174",4390.42613014401,"OLAM_P009",25
"70175",-5946.84351985599,"OLAM_P009",50
"70176",-15971.091079856,"OLAM_P009",100
"70177",-15759.289369856,"OLAM_P009",25
"70178",-8343.35339985599,"OLAM_P009",50
"70179",-4734.44354985599,"OLAM_P009",100
"70180",-11055.157819856,"OLAM_P009",25
"70181",1736.76091014402,"OLAM_P009",50
"70182",-158.171939855994,"OLAM_P009",100
"70183",-1641.66157985601,"OLAM_P009",25
"70184",942.463170144008,"OLAM_P009",50
"70185",-1497.80833985598,"OLAM_P009",100
"70186",-7033.20571985599,"OLAM_P009",25
"70187",2887.112960144,"OLAM_P009",50
"70188",-19475.364909856,"OLAM_P009",100
"70189",-15610.875939856,"OLAM_P009",25
"70190",7211.68040014399,"OLAM_P009",50
"70191",-866.263699856005,"OLAM_P009",100
"70192",6051.14650014401,"OLAM_P009",25
"70193",1786.10568014401,"OLAM_P009",50
"70194",5176.12548014399,"OLAM_P009",100
"70195",-15094.552489856,"OLAM_P009",25
"70196",11680.322870144,"OLAM_P009",50
"70197",470.340600144002,"OLAM_P009",100
"70198",2524.505530144,"OLAM_P009",25
"70199",943.359580143995,"OLAM_P009",50
"70200",-4774.80853985599,"OLAM_P009",100
"70201",-6176.29054730799,"OLAM_P010",25
"70202",-38708.753787308,"OLAM_P010",50
"70203",-12981.351867308,"OLAM_P010",100
"70204",-12269.775027308,"OLAM_P010",25
"70205",2355.91564269201,"OLAM_P010",50
"70206",-64935.132487308,"OLAM_P010",100
"70207",3689.24085269205,"OLAM_P010",25
"70208",-26343.097877308,"OLAM_P010",50
"70209",-50879.721017308,"OLAM_P010",100
"70210",6151.45165269205,"OLAM_P010",25
"70211",-50275.513737308,"OLAM_P010",50
"70212",-75666.339297308,"OLAM_P010",100
"70213",-12846.912257308,"OLAM_P010",25
"70214",-38817.457627308,"OLAM_P010",50
"70215",-50594.675337308,"OLAM_P010",100
"70216",-10145.237217308,"OLAM_P010",25
"70217",-25320.182447308,"OLAM_P010",50
"70218",-38215.590687308,"OLAM_P010",100
"70219",-8926.64963730797,"OLAM_P010",25
"70220",-18229.763397308,"OLAM_P010",50
"70221",-41800.689617308,"OLAM_P010",100
"70222",-23568.620317308,"OLAM_P010",25
"70223",-40984.031377308,"OLAM_P010",50
"70224",-60695.918557308,"OLAM_P010",100
"70225",-15784.928967308,"OLAM_P010",25
"70226",-35313.992217308,"OLAM_P010",50
"70227",-53218.844647308,"OLAM_P010",100
"70228",-22042.447567308,"OLAM_P010",25
"70229",-43812.521447308,"OLAM_P010",50
"70230",-78332.167127308,"OLAM_P010",100
"70231",-15514.774957308,"OLAM_P010",25
"70232",-34637.533427308,"OLAM_P010",50
"70233",-47913.307517308,"OLAM_P010",100
"70234",-5372.161597308,"OLAM_P010",25
"70235",-28713.824097308,"OLAM_P010",50
"70236",-50696.614317308,"OLAM_P010",100
"70237",-15971.945517308,"OLAM_P010",25
"70238",8267.39245269203,"OLAM_P010",50
"70239",-74595.036417308,"OLAM_P010",100
"70240",-41528.430407308,"OLAM_P010",25
"70241",-38467.082727308,"OLAM_P010",50
"70242",-73653.619947308,"OLAM_P010",100
"70243",-17972.889487308,"OLAM_P010",25
"70244",-6494.91368730797,"OLAM_P010",50
"70245",-68205.900107308,"OLAM_P010",100
"70246",-15963.807867308,"OLAM_P010",25
"70247",-24468.510747308,"OLAM_P010",50
"70248",-50022.648207308,"OLAM_P010",100
"70249",-20915.160697308,"OLAM_P010",25
"70250",-36957.109047308,"OLAM_P010",50
"70251",-67970.230347308,"OLAM_P010",100
"70252",-11696.279777308,"OLAM_P010",25
"70253",-28140.511607308,"OLAM_P010",50
"70254",-38925.002527308,"OLAM_P010",100
"70255",-16816.671957308,"OLAM_P010",25
"70256",-26228.629417308,"OLAM_P010",50
"70257",-59278.864437308,"OLAM_P010",100
"70258",-20677.089647308,"OLAM_P010",25
"70259",8838.87433269201,"OLAM_P010",50
"70260",-32721.102787308,"OLAM_P010",100
"70261",-14284.359077308,"OLAM_P010",25
"70262",-53919.437947308,"OLAM_P010",50
"70263",-54201.285687308,"OLAM_P010",100
"70264",-16848.907257308,"OLAM_P010",25
"70265",49.3915726920241,"OLAM_P010",50
"70266",-52171.155237308,"OLAM_P010",100
"70267",-9150.12318730797,"OLAM_P010",25
"70268",-16617.405207308,"OLAM_P010",50
"70269",-35224.876757308,"OLAM_P010",100
"70270",11799.535562692,"OLAM_P010",25
"70271",-44134.123407308,"OLAM_P010",50
"70272",-64343.244487308,"OLAM_P010",100
"70273",-18461.024977308,"OLAM_P010",25
"70274",-34270.308737308,"OLAM_P010",50
"70275",-21633.070677308,"OLAM_P010",100
"70276",10735.822812692,"OLAM_P010",25
"70277",10553.254082692,"OLAM_P010",50
"70278",-66138.700107308,"OLAM_P010",100
"70279",-17863.139127308,"OLAM_P010",25
"70280",-40838.939097308,"OLAM_P010",50
"70281",-63097.131207308,"OLAM_P010",100
"70282",8719.22205269203,"OLAM_P010",25
"70283",-24141.179787308,"OLAM_P010",50
"70284",-51159.196547308,"OLAM_P010",100
"70285",-2847.51914730796,"OLAM_P010",25
"70286",2851.80960269202,"OLAM_P010",50
"70287",-24589.717697308,"OLAM_P010",100
"70288",-7204.31596730795,"OLAM_P010",25
"70289",-35332.183757308,"OLAM_P010",50
"70290",-68398.738747308,"OLAM_P010",100
"70291",-7565.79857730796,"OLAM_P010",25
"70292",-42061.332527308,"OLAM_P010",50
"70293",-61610.490807308,"OLAM_P010",100
"70294",-23956.796697308,"OLAM_P010",25
"70295",-25242.015907308,"OLAM_P010",50
"70296",-38965.051467308,"OLAM_P010",100
"70297",-14012.522517308,"OLAM_P010",25
"70298",-29819.634707308,"OLAM_P010",50
"70299",-55298.929347308,"OLAM_P010",100
"70300",-2833.31915730797,"OLAM_P010",25
"70301",-29364.626797308,"OLAM_P010",50
"70302",-71276.726677308,"OLAM_P010",100
"70303",1882.16162269202,"OLAM_P010",25
"70304",6004.16997269203,"OLAM_P010",50
"70305",-28809.856557308,"OLAM_P010",100
"70306",8119.803132692,"OLAM_P010",25
"70307",-55310.896707308,"OLAM_P010",50
"70308",-62525.839777308,"OLAM_P010",100
"70309",-16709.543317308,"OLAM_P010",25
"70310",-12651.942417308,"OLAM_P010",50
"70311",-41375.465877308,"OLAM_P010",100
"70312",-7970.08359730797,"OLAM_P010",25
"70313",-26726.658567308,"OLAM_P010",50
"70314",-51926.147667308,"OLAM_P010",100
"70315",-10196.448497308,"OLAM_P010",25
"70316",-29562.536167308,"OLAM_P010",50
"70317",-78630.961947308,"OLAM_P010",100
"70318",-7327.28457730799,"OLAM_P010",25
"70319",-59948.877807308,"OLAM_P010",50
"70320",-24709.714687308,"OLAM_P010",100
"70321",-11710.363717308,"OLAM_P010",25
"70322",-21879.334137308,"OLAM_P010",50
"70323",-54980.120877308,"OLAM_P010",100
"70324",-33650.484557308,"OLAM_P010",25
"70325",-8601.77449730795,"OLAM_P010",50
"70326",-62508.600407308,"OLAM_P010",100
"70327",-12967.802227308,"OLAM_P010",25
"70328",-3596.22502730798,"OLAM_P010",50
"70329",-68507.171307308,"OLAM_P010",100
"70330",-135.076397307974,"OLAM_P010",25
"70331",-1601.65598730795,"OLAM_P010",50
"70332",-16952.496887308,"OLAM_P010",100
"70333",-12350.178237308,"OLAM_P010",25
"70334",-22944.075187308,"OLAM_P010",50
"70335",-51251.075367308,"OLAM_P010",100
"70336",-1939.18707730796,"OLAM_P010",25
"70337",-38943.150497308,"OLAM_P010",50
"70338",-68383.735997308,"OLAM_P010",100
"70339",-10084.355107308,"OLAM_P010",25
"70340",-39422.068007308,"OLAM_P010",50
"70341",-58865.841967308,"OLAM_P010",100
"70342",-14564.779727308,"OLAM_P010",25
"70343",-20193.439227308,"OLAM_P010",50
"70344",2238.23725269205,"OLAM_P010",100
"70345",-22499.466797308,"OLAM_P010",25
"70346",-10671.333347308,"OLAM_P010",50
"70347",-52156.813137308,"OLAM_P010",100
"70348",-12460.481657308,"OLAM_P010",25
"70349",-19802.773117308,"OLAM_P010",50
"70350",-47087.763477308,"OLAM_P010",100
"70351",-16137.890197308,"OLAM_P010",25
"70352",9166.25212269201,"OLAM_P010",50
"70353",-55528.121417308,"OLAM_P010",100
"70354",-1848.41069730796,"OLAM_P010",25
"70355",-24723.244427308,"OLAM_P010",50
"70356",-76393.784127308,"OLAM_P010",100
"70357",-13556.104357308,"OLAM_P010",25
"70358",-30883.057267308,"OLAM_P010",50
"70359",-44358.582537308,"OLAM_P010",100
"70360",9638.43581269204,"OLAM_P010",25
"70361",-30337.424397308,"OLAM_P010",50
"70362",-44434.415637308,"OLAM_P010",100
"70363",-11103.144277308,"OLAM_P010",25
"70364",-32722.254907308,"OLAM_P010",50
"70365",-46906.249507308,"OLAM_P010",100
"70366",-6816.510697308,"OLAM_P010",25
"70367",15781.172512692,"OLAM_P010",50
"70368",-44661.219087308,"OLAM_P010",100
"70369",2540.18586269201,"OLAM_P010",25
"70370",-4132.44216730795,"OLAM_P010",50
"70371",-54526.012607308,"OLAM_P010",100
"70372",-3617.79140730796,"OLAM_P010",25
"70373",-18839.243237308,"OLAM_P010",50
"70374",-63096.190207308,"OLAM_P010",100
"70375",-17243.625207308,"OLAM_P010",25
"70376",-26662.045437308,"OLAM_P010",50
"70377",-58005.358417308,"OLAM_P010",100
"70378",-4482.47447730799,"OLAM_P010",25
"70379",-50067.966677308,"OLAM_P010",50
"70380",-64398.678167308,"OLAM_P010",100
"70381",-2118.00379730796,"OLAM_P010",25
"70382",-44958.260837308,"OLAM_P010",50
"70383",-40022.278367308,"OLAM_P010",100
"70384",2443.76394269202,"OLAM_P010",25
"70385",-44902.896077308,"OLAM_P010",50
"70386",-44891.930137308,"OLAM_P010",100
"70387",-5829.90611730795,"OLAM_P010",25
"70388",-26906.781807308,"OLAM_P010",50
"70389",-40157.069947308,"OLAM_P010",100
"70390",14026.606652692,"OLAM_P010",25
"70391",11384.911822692,"OLAM_P010",50
"70392",-13677.760737308,"OLAM_P010",100
"70393",-30389.100517308,"OLAM_P010",25
"70394",-50046.882787308,"OLAM_P010",50
"70395",-43962.161627308,"OLAM_P010",100
"70396",-11524.719397308,"OLAM_P010",25
"70397",-31831.408787308,"OLAM_P010",50
"70398",-45269.852337308,"OLAM_P010",100
"70399",-7397.50582730799,"OLAM_P010",25
"70400",-35076.917387308,"OLAM_P010",50
"70401",-64927.426207308,"OLAM_P010",100
"70402",626.616692692041,"OLAM_P010",25
"70403",-45372.986207308,"OLAM_P010",50
"70404",-70521.780817308,"OLAM_P010",100
"70405",-13795.380307308,"OLAM_P010",25
"70406",-27939.417217308,"OLAM_P010",50
"70407",-48950.029277308,"OLAM_P010",100
"70408",-24023.868107308,"OLAM_P010",25
"70409",-26876.976137308,"OLAM_P010",50
"70410",-81905.687467308,"OLAM_P010",100
"70411",-25822.981777308,"OLAM_P010",25
"70412",-28140.634067308,"OLAM_P010",50
"70413",-37820.560787308,"OLAM_P010",100
"70414",-9766.861587308,"OLAM_P010",25
"70415",20330.440752692,"OLAM_P010",50
"70416",-33092.511287308,"OLAM_P010",100
"70417",-4432.668277308,"OLAM_P010",25
"70418",9620.76888269203,"OLAM_P010",50
"70419",-9812.03455730795,"OLAM_P010",100
"70420",-11995.670257308,"OLAM_P010",25
"70421",-39632.923807308,"OLAM_P010",50
"70422",-51906.036497308,"OLAM_P010",100
"70423",-22201.964697308,"OLAM_P010",25
"70424",1908.92061269202,"OLAM_P010",50
"70425",-53713.320807308,"OLAM_P010",100
"70426",-13242.973927308,"OLAM_P010",25
"70427",-36606.113287308,"OLAM_P010",50
"70428",-56706.380667308,"OLAM_P010",100
"70429",-17771.000647308,"OLAM_P010",25
"70430",-22158.184157308,"OLAM_P010",50
"70431",-68702.396557308,"OLAM_P010",100
"70432",-5386.19186730799,"OLAM_P010",25
"70433",8874.22174269205,"OLAM_P010",50
"70434",-62595.632147308,"OLAM_P010",100
"70435",-22375.042987308,"OLAM_P010",25
"70436",-39074.110637308,"OLAM_P010",50
"70437",-58589.639987308,"OLAM_P010",100
"70438",4216.14764269203,"OLAM_P010",25
"70439",-34591.172027308,"OLAM_P010",50
"70440",-71222.633047308,"OLAM_P010",100
"70441",-26752.713277308,"OLAM_P010",25
"70442",-38714.253127308,"OLAM_P010",50
"70443",-25908.811507308,"OLAM_P010",100
"70444",-27882.448087308,"OLAM_P010",25
"70445",-18518.822087308,"OLAM_P010",50
"70446",-70877.428177308,"OLAM_P010",100
"70447",-10236.202827308,"OLAM_P010",25
"70448",-19435.919037308,"OLAM_P010",50
"70449",-68078.237387308,"OLAM_P010",100
"70450",-14657.072207308,"OLAM_P010",25
"70451",-51272.916437308,"OLAM_P010",50
"70452",-48483.774377308,"OLAM_P010",100
"70453",-22343.946287308,"OLAM_P010",25
"70454",-17905.862507308,"OLAM_P010",50
"70455",-59106.849547308,"OLAM_P010",100
"70456",-7433.33884730795,"OLAM_P010",25
"70457",-13052.455737308,"OLAM_P010",50
"70458",-58094.089387308,"OLAM_P010",100
"70459",-23669.367197308,"OLAM_P010",25
"70460",-40449.347237308,"OLAM_P010",50
"70461",-42109.627457308,"OLAM_P010",100
"70462",-13871.594637308,"OLAM_P010",25
"70463",-39817.880867308,"OLAM_P010",50
"70464",-54133.351117308,"OLAM_P010",100
"70465",-23840.436727308,"OLAM_P010",25
"70466",-20261.372347308,"OLAM_P010",50
"70467",-77105.216097308,"OLAM_P010",100
"70468",15792.669522692,"OLAM_P010",25
"70469",-39547.135197308,"OLAM_P010",50
"70470",-25037.454167308,"OLAM_P010",100
"70471",-3446.39505730796,"OLAM_P010",25
"70472",-35334.658207308,"OLAM_P010",50
"70473",-64601.567507308,"OLAM_P010",100
"70474",-5824.70368730795,"OLAM_P010",25
"70475",-54460.113517308,"OLAM_P010",50
"70476",-56124.096667308,"OLAM_P010",100
"70477",-13075.491827308,"OLAM_P010",25
"70478",-12575.545497308,"OLAM_P010",50
"70479",-43042.233057308,"OLAM_P010",100
"70480",-946.282367307984,"OLAM_P010",25
"70481",-39492.153497308,"OLAM_P010",50
"70482",-61171.650097308,"OLAM_P010",100
"70483",-2868.20567730797,"OLAM_P010",25
"70484",-40268.757667308,"OLAM_P010",50
"70485",-44094.347747308,"OLAM_P010",100
"70486",-4850.719127308,"OLAM_P010",25
"70487",-57128.247167308,"OLAM_P010",50
"70488",-34663.050867308,"OLAM_P010",100
"70489",-8235.94058730797,"OLAM_P010",25
"70490",-20138.207717308,"OLAM_P010",50
"70491",-29428.112657308,"OLAM_P010",100
"70492",-5823.32156730798,"OLAM_P010",25
"70493",-43683.400437308,"OLAM_P010",50
"70494",-66127.773387308,"OLAM_P010",100
"70495",-9144.49374730798,"OLAM_P010",25
"70496",-24990.803227308,"OLAM_P010",50
"70497",-52906.416657308,"OLAM_P010",100
"70498",-22748.423257308,"OLAM_P010",25
"70499",-22389.923167308,"OLAM_P010",50
"70500",-72544.370557308,"OLAM_P010",100
"70501",75.0753874799993,"OLAM_P011",25
"70502",-45465.34174252,"OLAM_P011",50
"70503",-62472.82211252,"OLAM_P011",100
"70504",-16618.43345252,"OLAM_P011",25
"70505",-24432.23247252,"OLAM_P011",50
"70506",-59424.04375252,"OLAM_P011",100
"70507",389.497737480007,"OLAM_P011",25
"70508",-24727.60313252,"OLAM_P011",50
"70509",-44994.27047252,"OLAM_P011",100
"70510",-23317.76467252,"OLAM_P011",25
"70511",-45239.29896252,"OLAM_P011",50
"70512",-47085.14133252,"OLAM_P011",100
"70513",-33696.15571252,"OLAM_P011",25
"70514",-31725.64920252,"OLAM_P011",50
"70515",-47594.63639252,"OLAM_P011",100
"70516",-28152.45217252,"OLAM_P011",25
"70517",-14726.27326252,"OLAM_P011",50
"70518",-49753.13782252,"OLAM_P011",100
"70519",-21916.55320252,"OLAM_P011",25
"70520",-22311.34015252,"OLAM_P011",50
"70521",-53298.73327252,"OLAM_P011",100
"70522",-4961.68359251998,"OLAM_P011",25
"70523",-13706.20739252,"OLAM_P011",50
"70524",-51895.45176252,"OLAM_P011",100
"70525",-3843.77658251999,"OLAM_P011",25
"70526",-6083.15045252,"OLAM_P011",50
"70527",-59693.54843252,"OLAM_P011",100
"70528",-24027.72728252,"OLAM_P011",25
"70529",-32941.09398252,"OLAM_P011",50
"70530",-45875.98308252,"OLAM_P011",100
"70531",1486.31853748002,"OLAM_P011",25
"70532",-19109.76104252,"OLAM_P011",50
"70533",-52429.17164252,"OLAM_P011",100
"70534",-101.163812519982,"OLAM_P011",25
"70535",-11471.01019252,"OLAM_P011",50
"70536",-33501.88714252,"OLAM_P011",100
"70537",-29418.40055252,"OLAM_P011",25
"70538",-4636.41963252,"OLAM_P011",50
"70539",-45634.10412252,"OLAM_P011",100
"70540",-32855.25541252,"OLAM_P011",25
"70541",-18063.07026252,"OLAM_P011",50
"70542",-55527.19579252,"OLAM_P011",100
"70543",5868.97660748,"OLAM_P011",25
"70544",-30060.53434252,"OLAM_P011",50
"70545",-55063.66683252,"OLAM_P011",100
"70546",-29126.90587252,"OLAM_P011",25
"70547",-40520.45229252,"OLAM_P011",50
"70548",-52099.17351252,"OLAM_P011",100
"70549",-12171.00736252,"OLAM_P011",25
"70550",-4455.68883251998,"OLAM_P011",50
"70551",-42891.61387252,"OLAM_P011",100
"70552",-23953.13137252,"OLAM_P011",25
"70553",-48408.38536252,"OLAM_P011",50
"70554",-61958.11471252,"OLAM_P011",100
"70555",-13698.59758252,"OLAM_P011",25
"70556",-22853.84211252,"OLAM_P011",50
"70557",-51540.21063252,"OLAM_P011",100
"70558",-25876.75680252,"OLAM_P011",25
"70559",-39413.13664252,"OLAM_P011",50
"70560",-52364.44180252,"OLAM_P011",100
"70561",-15356.93721252,"OLAM_P011",25
"70562",-18152.45227252,"OLAM_P011",50
"70563",-52511.29155252,"OLAM_P011",100
"70564",2988.80605748002,"OLAM_P011",25
"70565",-54162.36433252,"OLAM_P011",50
"70566",-46599.24423252,"OLAM_P011",100
"70567",-2973.34038251999,"OLAM_P011",25
"70568",-48968.28490252,"OLAM_P011",50
"70569",-25208.10946252,"OLAM_P011",100
"70570",-19605.87186252,"OLAM_P011",25
"70571",-51744.90658252,"OLAM_P011",50
"70572",-43472.55267252,"OLAM_P011",100
"70573",-5692.74231251999,"OLAM_P011",25
"70574",-11897.63260252,"OLAM_P011",50
"70575",-59981.26888252,"OLAM_P011",100
"70576",-19517.86701252,"OLAM_P011",25
"70577",-26007.78498252,"OLAM_P011",50
"70578",-27852.55610252,"OLAM_P011",100
"70579",-12217.03146252,"OLAM_P011",25
"70580",-16255.85395252,"OLAM_P011",50
"70581",-57593.71033252,"OLAM_P011",100
"70582",-24051.94474252,"OLAM_P011",25
"70583",-41274.30287252,"OLAM_P011",50
"70584",-61212.34892252,"OLAM_P011",100
"70585",-7056.39842252,"OLAM_P011",25
"70586",-9068.81734251999,"OLAM_P011",50
"70587",-33357.27071252,"OLAM_P011",100
"70588",-2502.65094251998,"OLAM_P011",25
"70589",-11498.62300252,"OLAM_P011",50
"70590",-48417.24327252,"OLAM_P011",100
"70591",-18966.77851252,"OLAM_P011",25
"70592",-24828.88648252,"OLAM_P011",50
"70593",-61002.38125252,"OLAM_P011",100
"70594",-22559.73926252,"OLAM_P011",25
"70595",-12536.59782252,"OLAM_P011",50
"70596",-58856.35762252,"OLAM_P011",100
"70597",-13972.37540252,"OLAM_P011",25
"70598",-33294.09775252,"OLAM_P011",50
"70599",-39986.93866252,"OLAM_P011",100
"70600",3275.84129748002,"OLAM_P011",25
"70601",-16592.78652252,"OLAM_P011",50
"70602",-59348.32945252,"OLAM_P011",100
"70603",-8007.84050251998,"OLAM_P011",25
"70604",-27788.88329252,"OLAM_P011",50
"70605",-48535.09622252,"OLAM_P011",100
"70606",-11379.15643252,"OLAM_P011",25
"70607",-4717.64146252,"OLAM_P011",50
"70608",-48238.99773252,"OLAM_P011",100
"70609",-28027.77032252,"OLAM_P011",25
"70610",-25641.19691252,"OLAM_P011",50
"70611",-34009.18287252,"OLAM_P011",100
"70612",-6505.16508251999,"OLAM_P011",25
"70613",-16977.35906252,"OLAM_P011",50
"70614",-59138.41301252,"OLAM_P011",100
"70615",-4027.73147251998,"OLAM_P011",25
"70616",-27159.98426252,"OLAM_P011",50
"70617",-51118.67942252,"OLAM_P011",100
"70618",-8563.03143251999,"OLAM_P011",25
"70619",-32236.03520252,"OLAM_P011",50
"70620",-59414.99659252,"OLAM_P011",100
"70621",-8268.72535251998,"OLAM_P011",25
"70622",-23660.87440252,"OLAM_P011",50
"70623",-62134.73339252,"OLAM_P011",100
"70624",-3324.58949252,"OLAM_P011",25
"70625",-3349.39757251999,"OLAM_P011",50
"70626",-58916.03070252,"OLAM_P011",100
"70627",-22343.29884252,"OLAM_P011",25
"70628",-22810.90241252,"OLAM_P011",50
"70629",-22156.30261252,"OLAM_P011",100
"70630",-19562.68162252,"OLAM_P011",25
"70631",-42002.81323252,"OLAM_P011",50
"70632",-39595.67806252,"OLAM_P011",100
"70633",5895.50274748,"OLAM_P011",25
"70634",-40660.60936252,"OLAM_P011",50
"70635",-39950.54936252,"OLAM_P011",100
"70636",1837.94366748002,"OLAM_P011",25
"70637",-40147.59310252,"OLAM_P011",50
"70638",-61822.66294252,"OLAM_P011",100
"70639",-16360.71127252,"OLAM_P011",25
"70640",-17192.30725252,"OLAM_P011",50
"70641",-59088.29394252,"OLAM_P011",100
"70642",-18803.70863252,"OLAM_P011",25
"70643",-44609.99322252,"OLAM_P011",50
"70644",-37557.56039252,"OLAM_P011",100
"70645",-12244.01716252,"OLAM_P011",25
"70646",-12373.40521252,"OLAM_P011",50
"70647",-43658.41661252,"OLAM_P011",100
"70648",7205.02746748002,"OLAM_P011",25
"70649",-34169.74798252,"OLAM_P011",50
"70650",-59481.79930252,"OLAM_P011",100
"70651",-24539.67373252,"OLAM_P011",25
"70652",-34743.13608252,"OLAM_P011",50
"70653",-33696.35636252,"OLAM_P011",100
"70654",2923.70328748002,"OLAM_P011",25
"70655",-20655.33728252,"OLAM_P011",50
"70656",-52357.65641252,"OLAM_P011",100
"70657",-12762.95673252,"OLAM_P011",25
"70658",-7787.99509252,"OLAM_P011",50
"70659",-57570.58009252,"OLAM_P011",100
"70660",-8774.73807251998,"OLAM_P011",25
"70661",-33480.78582252,"OLAM_P011",50
"70662",-36415.66480252,"OLAM_P011",100
"70663",-21159.17749252,"OLAM_P011",25
"70664",-22908.42480252,"OLAM_P011",50
"70665",-44961.89145252,"OLAM_P011",100
"70666",-14629.71864252,"OLAM_P011",25
"70667",-24079.31171252,"OLAM_P011",50
"70668",-56800.28441252,"OLAM_P011",100
"70669",-20663.76143252,"OLAM_P011",25
"70670",-12538.26705252,"OLAM_P011",50
"70671",-37743.33568252,"OLAM_P011",100
"70672",-13016.55113252,"OLAM_P011",25
"70673",-31245.13434252,"OLAM_P011",50
"70674",-35813.63116252,"OLAM_P011",100
"70675",-17241.70433252,"OLAM_P011",25
"70676",-29418.84826252,"OLAM_P011",50
"70677",-46446.34493252,"OLAM_P011",100
"70678",-4382.17700251998,"OLAM_P011",25
"70679",-13524.92414252,"OLAM_P011",50
"70680",-56960.15844252,"OLAM_P011",100
"70681",-22236.72831252,"OLAM_P011",25
"70682",-26985.52076252,"OLAM_P011",50
"70683",-36968.48732252,"OLAM_P011",100
"70684",-20260.20513252,"OLAM_P011",25
"70685",-14010.77482252,"OLAM_P011",50
"70686",-39876.23872252,"OLAM_P011",100
"70687",-19609.16664252,"OLAM_P011",25
"70688",-43093.70538252,"OLAM_P011",50
"70689",-55259.57421252,"OLAM_P011",100
"70690",-8485.91747252,"OLAM_P011",25
"70691",-22921.55385252,"OLAM_P011",50
"70692",-42287.38657252,"OLAM_P011",100
"70693",-7510.26689251998,"OLAM_P011",25
"70694",-44976.57791252,"OLAM_P011",50
"70695",-51637.77707252,"OLAM_P011",100
"70696",-8806.43599251998,"OLAM_P011",25
"70697",5024.99818748,"OLAM_P011",50
"70698",-32247.73318252,"OLAM_P011",100
"70699",4782.99642748001,"OLAM_P011",25
"70700",-47234.62261252,"OLAM_P011",50
"70701",-20245.62558252,"OLAM_P011",100
"70702",-15172.01139252,"OLAM_P011",25
"70703",-6507.10114252,"OLAM_P011",50
"70704",-55528.35452252,"OLAM_P011",100
"70705",-30879.19738252,"OLAM_P011",25
"70706",-29306.80265252,"OLAM_P011",50
"70707",-61011.86210252,"OLAM_P011",100
"70708",-14931.83803252,"OLAM_P011",25
"70709",-4964.60170251998,"OLAM_P011",50
"70710",-39477.62795252,"OLAM_P011",100
"70711",-9521.44149251998,"OLAM_P011",25
"70712",-14300.33429252,"OLAM_P011",50
"70713",-51231.83766252,"OLAM_P011",100
"70714",-4244.88520251997,"OLAM_P011",25
"70715",-18645.15179252,"OLAM_P011",50
"70716",-57059.65056252,"OLAM_P011",100
"70717",-18208.92448252,"OLAM_P011",25
"70718",-29150.03302252,"OLAM_P011",50
"70719",-30465.85102252,"OLAM_P011",100
"70720",-21090.84187252,"OLAM_P011",25
"70721",-21481.45068252,"OLAM_P011",50
"70722",-51912.14997252,"OLAM_P011",100
"70723",-29178.87219252,"OLAM_P011",25
"70724",-9669.45857252,"OLAM_P011",50
"70725",-61217.82246252,"OLAM_P011",100
"70726",-2475.01946251999,"OLAM_P011",25
"70727",-25706.88620252,"OLAM_P011",50
"70728",-59794.78062252,"OLAM_P011",100
"70729",-510.174692519999,"OLAM_P011",25
"70730",-6429.06166251999,"OLAM_P011",50
"70731",-48214.86404252,"OLAM_P011",100
"70732",-4086.24412252,"OLAM_P011",25
"70733",-28068.71361252,"OLAM_P011",50
"70734",-60077.42716252,"OLAM_P011",100
"70735",-28680.75291252,"OLAM_P011",25
"70736",-28465.47200252,"OLAM_P011",50
"70737",-63045.07371252,"OLAM_P011",100
"70738",-16996.07059252,"OLAM_P011",25
"70739",-22637.04015252,"OLAM_P011",50
"70740",-30919.91649252,"OLAM_P011",100
"70741",-2216.26619251998,"OLAM_P011",25
"70742",-10253.39346252,"OLAM_P011",50
"70743",-57118.07536252,"OLAM_P011",100
"70744",-9173.34163251999,"OLAM_P011",25
"70745",-5323.71340251999,"OLAM_P011",50
"70746",-51299.76272252,"OLAM_P011",100
"70747",-15960.24886252,"OLAM_P011",25
"70748",-26660.72981252,"OLAM_P011",50
"70749",-56565.35754252,"OLAM_P011",100
"70750",-7658.55664251998,"OLAM_P011",25
"70751",-7869.08276251997,"OLAM_P011",50
"70752",-54030.29188252,"OLAM_P011",100
"70753",-20233.89402252,"OLAM_P011",25
"70754",-12486.49871252,"OLAM_P011",50
"70755",-54582.21423252,"OLAM_P011",100
"70756",-23831.37232252,"OLAM_P011",25
"70757",-8339.38970251998,"OLAM_P011",50
"70758",-35365.05577252,"OLAM_P011",100
"70759",-16820.27675252,"OLAM_P011",25
"70760",-26724.71352252,"OLAM_P011",50
"70761",-63127.93025252,"OLAM_P011",100
"70762",-20515.75456252,"OLAM_P011",25
"70763",-27033.41266252,"OLAM_P011",50
"70764",-62983.64150252,"OLAM_P011",100
"70765",-27967.88410252,"OLAM_P011",25
"70766",-28914.05276252,"OLAM_P011",50
"70767",-59669.95026252,"OLAM_P011",100
"70768",-14767.56846252,"OLAM_P011",25
"70769",-31012.83623252,"OLAM_P011",50
"70770",-41075.49746252,"OLAM_P011",100
"70771",-12612.14099252,"OLAM_P011",25
"70772",-50652.90625252,"OLAM_P011",50
"70773",-46555.44362252,"OLAM_P011",100
"70774",-12376.18283252,"OLAM_P011",25
"70775",-24247.91528252,"OLAM_P011",50
"70776",-47247.61502252,"OLAM_P011",100
"70777",-5911.60871251998,"OLAM_P011",25
"70778",-19780.95584252,"OLAM_P011",50
"70779",-38167.90403252,"OLAM_P011",100
"70780",-34996.39818252,"OLAM_P011",25
"70781",-31470.60797252,"OLAM_P011",50
"70782",-49996.71489252,"OLAM_P011",100
"70783",-14291.90777252,"OLAM_P011",25
"70784",-24156.96259252,"OLAM_P011",50
"70785",-51470.86050252,"OLAM_P011",100
"70786",-10204.55603252,"OLAM_P011",25
"70787",-35458.02124252,"OLAM_P011",50
"70788",-57585.12875252,"OLAM_P011",100
"70789",-9252.30628252,"OLAM_P011",25
"70790",-27121.64208252,"OLAM_P011",50
"70791",-34814.57716252,"OLAM_P011",100
"70792",-13608.06008252,"OLAM_P011",25
"70793",-12390.22389252,"OLAM_P011",50
"70794",-44693.20952252,"OLAM_P011",100
"70795",4339.08876748002,"OLAM_P011",25
"70796",-24265.86780252,"OLAM_P011",50
"70797",-49514.01484252,"OLAM_P011",100
"70798",1410.76364748002,"OLAM_P011",25
"70799",-30466.72564252,"OLAM_P011",50
"70800",-57676.42883252,"OLAM_P011",100
"70801",-3429.11250494,"OLAM_P012",25
"70802",1481.08754506,"OLAM_P012",50
"70803",8508.58006506,"OLAM_P012",100
"70804",329.755495060002,"OLAM_P012",25
"70805",9786.29859506001,"OLAM_P012",50
"70806",-6834.37251494,"OLAM_P012",100
"70807",-534.955294940009,"OLAM_P012",25
"70808",777.710865059998,"OLAM_P012",50
"70809",-11736.61501494,"OLAM_P012",100
"70810",-5338.63642494001,"OLAM_P012",25
"70811",-2066.12416494,"OLAM_P012",50
"70812",7789.30366506,"OLAM_P012",100
"70813",2113.38745506,"OLAM_P012",25
"70814",-1193.09699494,"OLAM_P012",50
"70815",-12976.66532494,"OLAM_P012",100
"70816",3708.91962505999,"OLAM_P012",25
"70817",-6509.04722494,"OLAM_P012",50
"70818",4624.33224506,"OLAM_P012",100
"70819",-332.508184940001,"OLAM_P012",25
"70820",13071.28867506,"OLAM_P012",50
"70821",-6584.50728494,"OLAM_P012",100
"70822",-294.861204939996,"OLAM_P012",25
"70823",3970.69845506,"OLAM_P012",50
"70824",-10965.45627494,"OLAM_P012",100
"70825",9912.62974506,"OLAM_P012",25
"70826",13879.74490506,"OLAM_P012",50
"70827",11028.83893506,"OLAM_P012",100
"70828",-2531.06332494,"OLAM_P012",25
"70829",7058.36593505999,"OLAM_P012",50
"70830",-3592.76145494,"OLAM_P012",100
"70831",2932.09202506,"OLAM_P012",25
"70832",9053.57299505999,"OLAM_P012",50
"70833",19394.37514506,"OLAM_P012",100
"70834",-3829.81594494,"OLAM_P012",25
"70835",-274.459374940008,"OLAM_P012",50
"70836",-2386.83808494,"OLAM_P012",100
"70837",1586.86180505999,"OLAM_P012",25
"70838",-8343.68905494,"OLAM_P012",50
"70839",-7519.22263494,"OLAM_P012",100
"70840",-2079.06115494001,"OLAM_P012",25
"70841",9479.49250506,"OLAM_P012",50
"70842",23991.04800506,"OLAM_P012",100
"70843",5908.42206506,"OLAM_P012",25
"70844",31.5098550599942,"OLAM_P012",50
"70845",-1458.99533494,"OLAM_P012",100
"70846",-3734.87423494,"OLAM_P012",25
"70847",17976.50449506,"OLAM_P012",50
"70848",-4670.41288494,"OLAM_P012",100
"70849",-2134.39189494,"OLAM_P012",25
"70850",409.940135059995,"OLAM_P012",50
"70851",14052.94762506,"OLAM_P012",100
"70852",-4110.30584494,"OLAM_P012",25
"70853",-4550.86470494,"OLAM_P012",50
"70854",-827.772314939997,"OLAM_P012",100
"70855",-1103.74411494,"OLAM_P012",25
"70856",1058.76072506,"OLAM_P012",50
"70857",-4111.41870494001,"OLAM_P012",100
"70858",-595.013414939996,"OLAM_P012",25
"70859",14404.04312506,"OLAM_P012",50
"70860",129.651995060005,"OLAM_P012",100
"70861",-459.141234940005,"OLAM_P012",25
"70862",-5930.11302494,"OLAM_P012",50
"70863",-706.723744939998,"OLAM_P012",100
"70864",-3542.92561494,"OLAM_P012",25
"70865",-2586.38816494,"OLAM_P012",50
"70866",20568.87963506,"OLAM_P012",100
"70867",-8436.20509494,"OLAM_P012",25
"70868",-2036.70683494001,"OLAM_P012",50
"70869",-10485.06900494,"OLAM_P012",100
"70870",-4431.13465494,"OLAM_P012",25
"70871",-8098.53509494,"OLAM_P012",50
"70872",-13047.22503494,"OLAM_P012",100
"70873",1676.47104506,"OLAM_P012",25
"70874",6526.87987506,"OLAM_P012",50
"70875",-7141.83601494,"OLAM_P012",100
"70876",658.66070506,"OLAM_P012",25
"70877",-5438.74651494001,"OLAM_P012",50
"70878",6368.72805506,"OLAM_P012",100
"70879",-5040.43383494001,"OLAM_P012",25
"70880",-1950.94275494,"OLAM_P012",50
"70881",-4020.58666494,"OLAM_P012",100
"70882",-3457.44068494,"OLAM_P012",25
"70883",-5869.99946494,"OLAM_P012",50
"70884",-7382.55161494001,"OLAM_P012",100
"70885",-5638.51262494001,"OLAM_P012",25
"70886",-2450.34930494,"OLAM_P012",50
"70887",2898.94053506,"OLAM_P012",100
"70888",-1313.58267494,"OLAM_P012",25
"70889",5171.16297506,"OLAM_P012",50
"70890",19195.51477506,"OLAM_P012",100
"70891",-532.809294940002,"OLAM_P012",25
"70892",-138.274174940001,"OLAM_P012",50
"70893",15574.07386506,"OLAM_P012",100
"70894",-414.496514940009,"OLAM_P012",25
"70895",-956.533234939998,"OLAM_P012",50
"70896",-2194.40360494,"OLAM_P012",100
"70897",4906.93975506,"OLAM_P012",25
"70898",-6676.00533494,"OLAM_P012",50
"70899",28125.48416506,"OLAM_P012",100
"70900",5097.10314506,"OLAM_P012",25
"70901",-13702.43621494,"OLAM_P012",50
"70902",-7714.94626494001,"OLAM_P012",100
"70903",5487.07963506,"OLAM_P012",25
"70904",3304.43013506,"OLAM_P012",50
"70905",-9115.20665494,"OLAM_P012",100
"70906",-259.585054940006,"OLAM_P012",25
"70907",-3166.03844494,"OLAM_P012",50
"70908",1396.08299506,"OLAM_P012",100
"70909",348.978695059996,"OLAM_P012",25
"70910",11713.70260506,"OLAM_P012",50
"70911",-8224.32924494,"OLAM_P012",100
"70912",-2605.03545494001,"OLAM_P012",25
"70913",9321.16513506,"OLAM_P012",50
"70914",12423.40518506,"OLAM_P012",100
"70915",230.749505059997,"OLAM_P012",25
"70916",7207.82795506,"OLAM_P012",50
"70917",8068.73433506,"OLAM_P012",100
"70918",12764.13168506,"OLAM_P012",25
"70919",16036.78615506,"OLAM_P012",50
"70920",-9660.89047494,"OLAM_P012",100
"70921",3730.77006506,"OLAM_P012",25
"70922",4312.40188506,"OLAM_P012",50
"70923",4541.89548506,"OLAM_P012",100
"70924",-1702.79371494001,"OLAM_P012",25
"70925",-2634.12658494001,"OLAM_P012",50
"70926",10626.54708506,"OLAM_P012",100
"70927",5516.10227506,"OLAM_P012",25
"70928",-779.198024940008,"OLAM_P012",50
"70929",-2733.57926494,"OLAM_P012",100
"70930",-6523.20311494,"OLAM_P012",25
"70931",5758.98892506,"OLAM_P012",50
"70932",14430.96934506,"OLAM_P012",100
"70933",-4207.09585494001,"OLAM_P012",25
"70934",-2039.82450494,"OLAM_P012",50
"70935",3674.61302506,"OLAM_P012",100
"70936",-3186.44692494,"OLAM_P012",25
"70937",-7024.27859494,"OLAM_P012",50
"70938",9585.52714505998,"OLAM_P012",100
"70939",5564.83075506,"OLAM_P012",25
"70940",-3423.06145494001,"OLAM_P012",50
"70941",5679.53452505999,"OLAM_P012",100
"70942",-118.49756494,"OLAM_P012",25
"70943",15594.98021506,"OLAM_P012",50
"70944",10854.15161506,"OLAM_P012",100
"70945",-1411.42964494,"OLAM_P012",25
"70946",7124.27016505999,"OLAM_P012",50
"70947",3371.23092505999,"OLAM_P012",100
"70948",6749.56612506,"OLAM_P012",25
"70949",3483.12710506,"OLAM_P012",50
"70950",-2975.99411494,"OLAM_P012",100
"70951",-253.656604939999,"OLAM_P012",25
"70952",13305.71957506,"OLAM_P012",50
"70953",25417.57311506,"OLAM_P012",100
"70954",-4004.59601494001,"OLAM_P012",25
"70955",-4055.27010494001,"OLAM_P012",50
"70956",7347.14390506,"OLAM_P012",100
"70957",5798.46579505999,"OLAM_P012",25
"70958",2219.43889506,"OLAM_P012",50
"70959",22862.97182506,"OLAM_P012",100
"70960",5906.81668506,"OLAM_P012",25
"70961",-4168.43029494,"OLAM_P012",50
"70962",17863.12600506,"OLAM_P012",100
"70963",1065.79562506,"OLAM_P012",25
"70964",3174.42275506,"OLAM_P012",50
"70965",8444.79657506,"OLAM_P012",100
"70966",12611.00799506,"OLAM_P012",25
"70967",8436.80401506,"OLAM_P012",50
"70968",-7975.53334494001,"OLAM_P012",100
"70969",5180.98134505999,"OLAM_P012",25
"70970",-2379.44315494,"OLAM_P012",50
"70971",-610.737034940001,"OLAM_P012",100
"70972",937.847855059998,"OLAM_P012",25
"70973",-1176.72842494,"OLAM_P012",50
"70974",13063.62573506,"OLAM_P012",100
"70975",-1351.39793494,"OLAM_P012",25
"70976",-2254.36631494001,"OLAM_P012",50
"70977",14946.23783506,"OLAM_P012",100
"70978",883.079605060004,"OLAM_P012",25
"70979",16413.70799506,"OLAM_P012",50
"70980",45094.72283506,"OLAM_P012",100
"70981",-4484.54163494,"OLAM_P012",25
"70982",1771.99246506,"OLAM_P012",50
"70983",4532.32200505999,"OLAM_P012",100
"70984",869.262045059993,"OLAM_P012",25
"70985",-2584.80855494,"OLAM_P012",50
"70986",38203.06089506,"OLAM_P012",100
"70987",6885.51118505999,"OLAM_P012",25
"70988",2310.28286506,"OLAM_P012",50
"70989",592.966755059999,"OLAM_P012",100
"70990",-993.699184940007,"OLAM_P012",25
"70991",6028.57634505999,"OLAM_P012",50
"70992",-13658.84248494,"OLAM_P012",100
"70993",-3041.97859494,"OLAM_P012",25
"70994",1299.46517506,"OLAM_P012",50
"70995",15323.62276506,"OLAM_P012",100
"70996",-501.27580494,"OLAM_P012",25
"70997",-3817.67530494,"OLAM_P012",50
"70998",1322.83249505999,"OLAM_P012",100
"70999",-943.579374940004,"OLAM_P012",25
"71000",-580.805014940008,"OLAM_P012",50
"71001",3615.34969505999,"OLAM_P012",100
"71002",-6387.81118494,"OLAM_P012",25
"71003",23201.48425506,"OLAM_P012",50
"71004",-6330.62918494,"OLAM_P012",100
"71005",-1894.12676494,"OLAM_P012",25
"71006",-2842.07363494,"OLAM_P012",50
"71007",15517.51926506,"OLAM_P012",100
"71008",13503.25486506,"OLAM_P012",25
"71009",-760.513604940003,"OLAM_P012",50
"71010",-3153.00373494001,"OLAM_P012",100
"71011",4622.95113505999,"OLAM_P012",25
"71012",-3049.01590494001,"OLAM_P012",50
"71013",5313.80534506,"OLAM_P012",100
"71014",-5857.75274494001,"OLAM_P012",25
"71015",-5216.68678494,"OLAM_P012",50
"71016",-2799.34610494001,"OLAM_P012",100
"71017",-6273.29109494,"OLAM_P012",25
"71018",-7927.45004494001,"OLAM_P012",50
"71019",10036.67539506,"OLAM_P012",100
"71020",10649.98291506,"OLAM_P012",25
"71021",-2132.71281494001,"OLAM_P012",50
"71022",-1571.07676494001,"OLAM_P012",100
"71023",10969.25334506,"OLAM_P012",25
"71024",317.034045059991,"OLAM_P012",50
"71025",-7021.15128494,"OLAM_P012",100
"71026",-1553.84779494,"OLAM_P012",25
"71027",-4482.34938494,"OLAM_P012",50
"71028",1868.91571505999,"OLAM_P012",100
"71029",27100.62739506,"OLAM_P012",25
"71030",-1854.99411494,"OLAM_P012",50
"71031",-3785.55388494,"OLAM_P012",100
"71032",-1249.11961494001,"OLAM_P012",25
"71033",1548.32958506,"OLAM_P012",50
"71034",-8621.66991494001,"OLAM_P012",100
"71035",1651.14869505999,"OLAM_P012",25
"71036",-3311.26597494,"OLAM_P012",50
"71037",4305.13348506,"OLAM_P012",100
"71038",1589.05061506,"OLAM_P012",25
"71039",6903.35970505999,"OLAM_P012",50
"71040",-6155.36495494,"OLAM_P012",100
"71041",651.396015060003,"OLAM_P012",25
"71042",-6702.54638494,"OLAM_P012",50
"71043",2048.45475506,"OLAM_P012",100
"71044",2833.99800506,"OLAM_P012",25
"71045",-1949.92143494,"OLAM_P012",50
"71046",-10532.53145494,"OLAM_P012",100
"71047",1872.83801506,"OLAM_P012",25
"71048",-10801.49634494,"OLAM_P012",50
"71049",8604.13824505999,"OLAM_P012",100
"71050",-1763.72008494,"OLAM_P012",25
"71051",-4541.22247494,"OLAM_P012",50
"71052",14555.19381506,"OLAM_P012",100
"71053",-1200.71276494001,"OLAM_P012",25
"71054",3879.30241506,"OLAM_P012",50
"71055",-4901.04092494,"OLAM_P012",100
"71056",-6750.47988494,"OLAM_P012",25
"71057",-3636.01849494,"OLAM_P012",50
"71058",-9609.71540494,"OLAM_P012",100
"71059",1043.51816506,"OLAM_P012",25
"71060",-4018.26979494,"OLAM_P012",50
"71061",7789.76108506,"OLAM_P012",100
"71062",2514.98805505999,"OLAM_P012",25
"71063",-4868.53150494001,"OLAM_P012",50
"71064",3359.81506506,"OLAM_P012",100
"71065",13121.50725506,"OLAM_P012",25
"71066",1742.54211506,"OLAM_P012",50
"71067",16940.12327506,"OLAM_P012",100
"71068",1569.51694505999,"OLAM_P012",25
"71069",8576.36570506,"OLAM_P012",50
"71070",-1180.05023494,"OLAM_P012",100
"71071",829.062985059994,"OLAM_P012",25
"71072",-707.956124939999,"OLAM_P012",50
"71073",14905.53340506,"OLAM_P012",100
"71074",5771.20810506,"OLAM_P012",25
"71075",-11866.94869494,"OLAM_P012",50
"71076",-1708.70848494,"OLAM_P012",100
"71077",-5982.24700494,"OLAM_P012",25
"71078",3286.75886505999,"OLAM_P012",50
"71079",-517.104804939998,"OLAM_P012",100
"71080",30195.81423506,"OLAM_P012",25
"71081",-753.632124940006,"OLAM_P012",50
"71082",-2968.53226494,"OLAM_P012",100
"71083",-3172.68672494001,"OLAM_P012",25
"71084",-2200.85112494,"OLAM_P012",50
"71085",2093.75332506,"OLAM_P012",100
"71086",4537.95868506,"OLAM_P012",25
"71087",-5796.88531494001,"OLAM_P012",50
"71088",-8429.79293494001,"OLAM_P012",100
"71089",-6166.56321494,"OLAM_P012",25
"71090",-1987.13598494,"OLAM_P012",50
"71091",4602.92177505999,"OLAM_P012",100
"71092",-2593.59007494,"OLAM_P012",25
"71093",4577.71016505999,"OLAM_P012",50
"71094",-4954.75021494,"OLAM_P012",100
"71095",5547.88912506,"OLAM_P012",25
"71096",-10117.94378494,"OLAM_P012",50
"71097",-4767.60514494,"OLAM_P012",100
"71098",-3368.19706494,"OLAM_P012",25
"71099",-2766.88701494,"OLAM_P012",50
"71100",9064.55903506,"OLAM_P012",100
"71101",-33821.911156031,"OLAM_P013",25
"71102",-54448.192726031,"OLAM_P013",50
"71103",-136417.730596031,"OLAM_P013",100
"71104",-2561.11999603099,"OLAM_P013",25
"71105",-69032.542366031,"OLAM_P013",50
"71106",-121715.447576031,"OLAM_P013",100
"71107",-21614.457776031,"OLAM_P013",25
"71108",-91596.471966031,"OLAM_P013",50
"71109",-108949.475816031,"OLAM_P013",100
"71110",-2155.50494603097,"OLAM_P013",25
"71111",-12921.030366031,"OLAM_P013",50
"71112",-132676.727416031,"OLAM_P013",100
"71113",-64758.346096031,"OLAM_P013",25
"71114",-69448.693816031,"OLAM_P013",50
"71115",-131169.595126031,"OLAM_P013",100
"71116",-12949.465406031,"OLAM_P013",25
"71117",-35280.439666031,"OLAM_P013",50
"71118",-120548.260186031,"OLAM_P013",100
"71119",-33143.982656031,"OLAM_P013",25
"71120",-38799.862296031,"OLAM_P013",50
"71121",-87959.352856031,"OLAM_P013",100
"71122",-8707.34626603097,"OLAM_P013",25
"71123",-29592.080006031,"OLAM_P013",50
"71124",-130852.387416031,"OLAM_P013",100
"71125",-42412.313746031,"OLAM_P013",25
"71126",-46136.181766031,"OLAM_P013",50
"71127",-102802.163456031,"OLAM_P013",100
"71128",-60781.191156031,"OLAM_P013",25
"71129",-91538.239386031,"OLAM_P013",50
"71130",-114254.400826031,"OLAM_P013",100
"71131",-7614.53444603097,"OLAM_P013",25
"71132",-72981.565176031,"OLAM_P013",50
"71133",-127298.085926031,"OLAM_P013",100
"71134",1214.44432396902,"OLAM_P013",25
"71135",-63181.082806031,"OLAM_P013",50
"71136",-101895.256496031,"OLAM_P013",100
"71137",-38335.452126031,"OLAM_P013",25
"71138",-16889.668846031,"OLAM_P013",50
"71139",-115020.266516031,"OLAM_P013",100
"71140",-6407.62300603098,"OLAM_P013",25
"71141",-87580.006906031,"OLAM_P013",50
"71142",-127311.973226031,"OLAM_P013",100
"71143",-17852.598346031,"OLAM_P013",25
"71144",-81275.903706031,"OLAM_P013",50
"71145",-114118.363336031,"OLAM_P013",100
"71146",-33831.635356031,"OLAM_P013",25
"71147",-62842.370306031,"OLAM_P013",50
"71148",-133619.015856031,"OLAM_P013",100
"71149",-79499.065036031,"OLAM_P013",25
"71150",-57724.323206031,"OLAM_P013",50
"71151",-99590.809846031,"OLAM_P013",100
"71152",-6427.89100603096,"OLAM_P013",25
"71153",-60038.091306031,"OLAM_P013",50
"71154",-111433.146596031,"OLAM_P013",100
"71155",-9789.31975603098,"OLAM_P013",25
"71156",-21189.792156031,"OLAM_P013",50
"71157",-111174.529056031,"OLAM_P013",100
"71158",-83873.728336031,"OLAM_P013",25
"71159",-74791.647616031,"OLAM_P013",50
"71160",-117571.131016031,"OLAM_P013",100
"71161",-17735.177696031,"OLAM_P013",25
"71162",-20267.148926031,"OLAM_P013",50
"71163",-112856.636906031,"OLAM_P013",100
"71164",-59900.430496031,"OLAM_P013",25
"71165",-46594.049916031,"OLAM_P013",50
"71166",-122793.771636031,"OLAM_P013",100
"71167",-34841.152476031,"OLAM_P013",25
"71168",-70132.888146031,"OLAM_P013",50
"71169",-120454.331046031,"OLAM_P013",100
"71170",-12828.775576031,"OLAM_P013",25
"71171",-27942.676236031,"OLAM_P013",50
"71172",-140634.482116031,"OLAM_P013",100
"71173",-34506.171286031,"OLAM_P013",25
"71174",-51308.651936031,"OLAM_P013",50
"71175",-109162.468406031,"OLAM_P013",100
"71176",-13110.518506031,"OLAM_P013",25
"71177",-29371.869896031,"OLAM_P013",50
"71178",-108504.201576031,"OLAM_P013",100
"71179",-47121.356266031,"OLAM_P013",25
"71180",-74884.202066031,"OLAM_P013",50
"71181",-115501.968756031,"OLAM_P013",100
"71182",-32853.832176031,"OLAM_P013",25
"71183",-32136.055696031,"OLAM_P013",50
"71184",-110140.811696031,"OLAM_P013",100
"71185",-30896.169586031,"OLAM_P013",25
"71186",-59869.937966031,"OLAM_P013",50
"71187",-71080.155626031,"OLAM_P013",100
"71188",-46694.932496031,"OLAM_P013",25
"71189",-30084.882466031,"OLAM_P013",50
"71190",-72710.996416031,"OLAM_P013",100
"71191",-8068.19706603099,"OLAM_P013",25
"71192",-37706.745726031,"OLAM_P013",50
"71193",-122312.966346031,"OLAM_P013",100
"71194",-36692.924076031,"OLAM_P013",25
"71195",-74965.460696031,"OLAM_P013",50
"71196",-123343.446526031,"OLAM_P013",100
"71197",-38410.477626031,"OLAM_P013",25
"71198",-106387.273476031,"OLAM_P013",50
"71199",-126295.449036031,"OLAM_P013",100
"71200",-18362.361256031,"OLAM_P013",25
"71201",-41681.318906031,"OLAM_P013",50
"71202",-126822.100586031,"OLAM_P013",100
"71203",-8924.318016031,"OLAM_P013",25
"71204",-29969.003606031,"OLAM_P013",50
"71205",-138465.529536031,"OLAM_P013",100
"71206",-36846.535806031,"OLAM_P013",25
"71207",-26879.534226031,"OLAM_P013",50
"71208",-85739.266756031,"OLAM_P013",100
"71209",-33936.052006031,"OLAM_P013",25
"71210",-38966.024526031,"OLAM_P013",50
"71211",-101489.555926031,"OLAM_P013",100
"71212",-38882.687836031,"OLAM_P013",25
"71213",-59786.651136031,"OLAM_P013",50
"71214",-111569.150026031,"OLAM_P013",100
"71215",16179.757993969,"OLAM_P013",25
"71216",-39498.928006031,"OLAM_P013",50
"71217",-131261.051196031,"OLAM_P013",100
"71218",-21544.449666031,"OLAM_P013",25
"71219",-56185.025146031,"OLAM_P013",50
"71220",-89593.833676031,"OLAM_P013",100
"71221",-36498.601306031,"OLAM_P013",25
"71222",-108026.071596031,"OLAM_P013",50
"71223",-120950.286666031,"OLAM_P013",100
"71224",1620.75364396902,"OLAM_P013",25
"71225",-65183.294736031,"OLAM_P013",50
"71226",-106359.964036031,"OLAM_P013",100
"71227",2080.16164396901,"OLAM_P013",25
"71228",-84023.698556031,"OLAM_P013",50
"71229",-127359.602366031,"OLAM_P013",100
"71230",-46120.210866031,"OLAM_P013",25
"71231",-53909.337926031,"OLAM_P013",50
"71232",-127063.957936031,"OLAM_P013",100
"71233",-36863.737346031,"OLAM_P013",25
"71234",-80622.973326031,"OLAM_P013",50
"71235",-135242.425876031,"OLAM_P013",100
"71236",-25146.529316031,"OLAM_P013",25
"71237",-65353.638286031,"OLAM_P013",50
"71238",-121530.846366031,"OLAM_P013",100
"71239",-53165.345306031,"OLAM_P013",25
"71240",-59940.114116031,"OLAM_P013",50
"71241",-126514.673686031,"OLAM_P013",100
"71242",-24420.774816031,"OLAM_P013",25
"71243",-66440.291176031,"OLAM_P013",50
"71244",-130695.859586031,"OLAM_P013",100
"71245",-40580.688946031,"OLAM_P013",25
"71246",-41679.917526031,"OLAM_P013",50
"71247",-126694.877946031,"OLAM_P013",100
"71248",-71576.328676031,"OLAM_P013",25
"71249",-56699.962336031,"OLAM_P013",50
"71250",-114895.132416031,"OLAM_P013",100
"71251",-24674.737596031,"OLAM_P013",25
"71252",-17447.589596031,"OLAM_P013",50
"71253",-92439.547196031,"OLAM_P013",100
"71254",-8176.61952603096,"OLAM_P013",25
"71255",-8572.598486031,"OLAM_P013",50
"71256",-105197.857686031,"OLAM_P013",100
"71257",-21864.702386031,"OLAM_P013",25
"71258",-30333.599136031,"OLAM_P013",50
"71259",-127297.111456031,"OLAM_P013",100
"71260",-29861.358026031,"OLAM_P013",25
"71261",-53576.007426031,"OLAM_P013",50
"71262",-107176.072026031,"OLAM_P013",100
"71263",-8464.52457603096,"OLAM_P013",25
"71264",-33355.619666031,"OLAM_P013",50
"71265",-110461.166606031,"OLAM_P013",100
"71266",-5693.74059603101,"OLAM_P013",25
"71267",-35256.377736031,"OLAM_P013",50
"71268",-120226.806606031,"OLAM_P013",100
"71269",-65674.961066031,"OLAM_P013",25
"71270",-9217.07637603098,"OLAM_P013",50
"71271",-102443.141336031,"OLAM_P013",100
"71272",-54397.713676031,"OLAM_P013",25
"71273",-26142.701356031,"OLAM_P013",50
"71274",-111379.515546031,"OLAM_P013",100
"71275",-24878.758786031,"OLAM_P013",25
"71276",-84760.942936031,"OLAM_P013",50
"71277",-93727.062126031,"OLAM_P013",100
"71278",-92621.261816031,"OLAM_P013",25
"71279",-53141.738096031,"OLAM_P013",50
"71280",-122745.027326031,"OLAM_P013",100
"71281",-40127.545896031,"OLAM_P013",25
"71282",-46735.536876031,"OLAM_P013",50
"71283",-118902.585176031,"OLAM_P013",100
"71284",5458.94057396904,"OLAM_P013",25
"71285",-119529.752926031,"OLAM_P013",50
"71286",-119993.884076031,"OLAM_P013",100
"71287",-36446.888266031,"OLAM_P013",25
"71288",-99102.069346031,"OLAM_P013",50
"71289",-88988.307066031,"OLAM_P013",100
"71290",-24086.231066031,"OLAM_P013",25
"71291",-86881.381526031,"OLAM_P013",50
"71292",-132956.186886031,"OLAM_P013",100
"71293",-34697.462836031,"OLAM_P013",25
"71294",-79933.856686031,"OLAM_P013",50
"71295",-102936.054346031,"OLAM_P013",100
"71296",-14336.174566031,"OLAM_P013",25
"71297",-9270.02210603096,"OLAM_P013",50
"71298",-128336.651296031,"OLAM_P013",100
"71299",-19729.640776031,"OLAM_P013",25
"71300",-54414.007776031,"OLAM_P013",50
"71301",-115121.803726031,"OLAM_P013",100
"71302",-29032.296456031,"OLAM_P013",25
"71303",-33921.140496031,"OLAM_P013",50
"71304",-103789.184386031,"OLAM_P013",100
"71305",-4881.76983603096,"OLAM_P013",25
"71306",-10699.214206031,"OLAM_P013",50
"71307",-109007.858256031,"OLAM_P013",100
"71308",18601.596023969,"OLAM_P013",25
"71309",-92441.615946031,"OLAM_P013",50
"71310",-114830.338806031,"OLAM_P013",100
"71311",-26214.708786031,"OLAM_P013",25
"71312",-52306.657326031,"OLAM_P013",50
"71313",-143873.580936031,"OLAM_P013",100
"71314",-13514.749836031,"OLAM_P013",25
"71315",-76051.229276031,"OLAM_P013",50
"71316",-95776.094256031,"OLAM_P013",100
"71317",-13714.241586031,"OLAM_P013",25
"71318",-82351.456246031,"OLAM_P013",50
"71319",-68628.626436031,"OLAM_P013",100
"71320",-24477.729406031,"OLAM_P013",25
"71321",-33892.278736031,"OLAM_P013",50
"71322",-131705.765226031,"OLAM_P013",100
"71323",-31262.377106031,"OLAM_P013",25
"71324",-46300.275686031,"OLAM_P013",50
"71325",-90436.658676031,"OLAM_P013",100
"71326",-5780.92252603098,"OLAM_P013",25
"71327",-72262.103536031,"OLAM_P013",50
"71328",-120668.788176031,"OLAM_P013",100
"71329",-16781.636906031,"OLAM_P013",25
"71330",-94366.597776031,"OLAM_P013",50
"71331",-108844.205736031,"OLAM_P013",100
"71332",-1080.60157603101,"OLAM_P013",25
"71333",-61990.431236031,"OLAM_P013",50
"71334",-135835.070146031,"OLAM_P013",100
"71335",-78697.315366031,"OLAM_P013",25
"71336",-39325.528496031,"OLAM_P013",50
"71337",-136697.046266031,"OLAM_P013",100
"71338",-6279.00095603097,"OLAM_P013",25
"71339",-94865.358516031,"OLAM_P013",50
"71340",-108151.725496031,"OLAM_P013",100
"71341",-60893.144866031,"OLAM_P013",25
"71342",-87750.288396031,"OLAM_P013",50
"71343",-136960.330826031,"OLAM_P013",100
"71344",-22703.345016031,"OLAM_P013",25
"71345",-92279.092656031,"OLAM_P013",50
"71346",-118322.104146031,"OLAM_P013",100
"71347",-85490.030966031,"OLAM_P013",25
"71348",-62614.266776031,"OLAM_P013",50
"71349",-97108.101906031,"OLAM_P013",100
"71350",19794.866653969,"OLAM_P013",25
"71351",11880.194973969,"OLAM_P013",50
"71352",-108467.024406031,"OLAM_P013",100
"71353",-12224.022706031,"OLAM_P013",25
"71354",-58538.748146031,"OLAM_P013",50
"71355",-129484.227116031,"OLAM_P013",100
"71356",11758.698583969,"OLAM_P013",25
"71357",2571.40849396901,"OLAM_P013",50
"71358",-100047.661746031,"OLAM_P013",100
"71359",-49296.481636031,"OLAM_P013",25
"71360",-27683.931886031,"OLAM_P013",50
"71361",-129923.912176031,"OLAM_P013",100
"71362",-25233.332436031,"OLAM_P013",25
"71363",-51771.727256031,"OLAM_P013",50
"71364",-103255.414576031,"OLAM_P013",100
"71365",-15610.303946031,"OLAM_P013",25
"71366",-98547.825726031,"OLAM_P013",50
"71367",-87396.843176031,"OLAM_P013",100
"71368",-58283.048096031,"OLAM_P013",25
"71369",-95243.220966031,"OLAM_P013",50
"71370",-131442.925056031,"OLAM_P013",100
"71371",-38100.356256031,"OLAM_P013",25
"71372",-72272.938396031,"OLAM_P013",50
"71373",-95777.106096031,"OLAM_P013",100
"71374",-47405.783496031,"OLAM_P013",25
"71375",-46658.001986031,"OLAM_P013",50
"71376",-123037.007856031,"OLAM_P013",100
"71377",-36346.966816031,"OLAM_P013",25
"71378",-57479.946706031,"OLAM_P013",50
"71379",-111866.762236031,"OLAM_P013",100
"71380",2955.01350396901,"OLAM_P013",25
"71381",-39306.694006031,"OLAM_P013",50
"71382",-110726.733196031,"OLAM_P013",100
"71383",-19637.829826031,"OLAM_P013",25
"71384",-72310.914356031,"OLAM_P013",50
"71385",-122239.506446031,"OLAM_P013",100
"71386",-49773.864146031,"OLAM_P013",25
"71387",-116793.234696031,"OLAM_P013",50
"71388",-75395.345986031,"OLAM_P013",100
"71389",-6185.96403603099,"OLAM_P013",25
"71390",-62609.474386031,"OLAM_P013",50
"71391",-119980.955706031,"OLAM_P013",100
"71392",-10657.275166031,"OLAM_P013",25
"71393",-76321.073036031,"OLAM_P013",50
"71394",-107279.115196031,"OLAM_P013",100
"71395",-3822.553736031,"OLAM_P013",25
"71396",-41433.308526031,"OLAM_P013",50
"71397",-135065.847326031,"OLAM_P013",100
"71398",-26066.335516031,"OLAM_P013",25
"71399",-33100.799536031,"OLAM_P013",50
"71400",-100941.926306031,"OLAM_P013",100
"71401",-11494.728546434,"OLAM_P014",25
"71402",-14221.493606434,"OLAM_P014",50
"71403",-13800.943656434,"OLAM_P014",100
"71404",22636.114713566,"OLAM_P014",25
"71405",-8433.70544743401,"OLAM_P014",50
"71406",-43640.240276434,"OLAM_P014",100
"71407",3135.15321356599,"OLAM_P014",25
"71408",-17746.077537434,"OLAM_P014",50
"71409",-1823.73423643404,"OLAM_P014",100
"71410",-4541.84838643402,"OLAM_P014",25
"71411",3879.49061356595,"OLAM_P014",50
"71412",9524.75123256596,"OLAM_P014",100
"71413",23464.228373566,"OLAM_P014",25
"71414",-4185.42168643401,"OLAM_P014",50
"71415",19074.089810566,"OLAM_P014",100
"71416",1582.65466356598,"OLAM_P014",25
"71417",-18173.076367434,"OLAM_P014",50
"71418",-25847.981196434,"OLAM_P014",100
"71419",-8327.16290643404,"OLAM_P014",25
"71420",-24437.240916434,"OLAM_P014",50
"71421",-12169.254906434,"OLAM_P014",100
"71422",-14720.251197434,"OLAM_P014",25
"71423",-2174.20048643404,"OLAM_P014",50
"71424",16190.000253566,"OLAM_P014",100
"71425",-18266.040816434,"OLAM_P014",25
"71426",4795.089093566,"OLAM_P014",50
"71427",26839.361472566,"OLAM_P014",100
"71428",-4701.52283643401,"OLAM_P014",25
"71429",-17466.550497434,"OLAM_P014",50
"71430",-21088.864476434,"OLAM_P014",100
"71431",-7420.91028643402,"OLAM_P014",25
"71432",33098.105492566,"OLAM_P014",50
"71433",-20235.965876434,"OLAM_P014",100
"71434",4315.69726356596,"OLAM_P014",25
"71435",14254.818213566,"OLAM_P014",50
"71436",-40742.007816434,"OLAM_P014",100
"71437",-1402.27105643402,"OLAM_P014",25
"71438",-14140.014476434,"OLAM_P014",50
"71439",-23626.814616434,"OLAM_P014",100
"71440",-15939.706646434,"OLAM_P014",25
"71441",-34413.771386434,"OLAM_P014",50
"71442",-4044.90059743403,"OLAM_P014",100
"71443",-25196.640826434,"OLAM_P014",25
"71444",-12302.542136434,"OLAM_P014",50
"71445",-23117.584107434,"OLAM_P014",100
"71446",7474.361713566,"OLAM_P014",25
"71447",20074.3744035659,"OLAM_P014",50
"71448",50553.8377635659,"OLAM_P014",100
"71449",7240.79409256595,"OLAM_P014",25
"71450",6564.51157356595,"OLAM_P014",50
"71451",-8389.64214643402,"OLAM_P014",100
"71452",3399.815113566,"OLAM_P014",25
"71453",-21285.479726434,"OLAM_P014",50
"71454",1745.64771356597,"OLAM_P014",100
"71455",-2448.86239643401,"OLAM_P014",25
"71456",-241.644536434032,"OLAM_P014",50
"71457",-31504.811547434,"OLAM_P014",100
"71458",-13670.246396434,"OLAM_P014",25
"71459",-1157.93164643401,"OLAM_P014",50
"71460",-1151.53627643402,"OLAM_P014",100
"71461",-11105.644556434,"OLAM_P014",25
"71462",-26277.408737434,"OLAM_P014",50
"71463",7738.84943356598,"OLAM_P014",100
"71464",-14352.104717434,"OLAM_P014",25
"71465",-21432.730486434,"OLAM_P014",50
"71466",-22074.188666434,"OLAM_P014",100
"71467",7547.16965356597,"OLAM_P014",25
"71468",-10173.476216434,"OLAM_P014",50
"71469",-16498.549176434,"OLAM_P014",100
"71470",4072.28864356596,"OLAM_P014",25
"71471",795.396053565957,"OLAM_P014",50
"71472",-524.962826433999,"OLAM_P014",100
"71473",-15919.422246434,"OLAM_P014",25
"71474",-10701.543716434,"OLAM_P014",50
"71475",-34015.990126434,"OLAM_P014",100
"71476",-17100.674566434,"OLAM_P014",25
"71477",2474.61795356596,"OLAM_P014",50
"71478",5616.72854356596,"OLAM_P014",100
"71479",-7992.13406643402,"OLAM_P014",25
"71480",-7229.85861643404,"OLAM_P014",50
"71481",-9156.91339743402,"OLAM_P014",100
"71482",1774.89092356595,"OLAM_P014",25
"71483",-10273.937488434,"OLAM_P014",50
"71484",-21915.044886434,"OLAM_P014",100
"71485",-7393.83762643402,"OLAM_P014",25
"71486",762.868943565991,"OLAM_P014",50
"71487",-26496.090747434,"OLAM_P014",100
"71488",-9287.53386643404,"OLAM_P014",25
"71489",11575.994102566,"OLAM_P014",50
"71490",-25234.529026434,"OLAM_P014",100
"71491",-17214.826376434,"OLAM_P014",25
"71492",-30925.050136434,"OLAM_P014",50
"71493",-12826.031686434,"OLAM_P014",100
"71494",14989.755423566,"OLAM_P014",25
"71495",-5778.79489643403,"OLAM_P014",50
"71496",-19339.727546434,"OLAM_P014",100
"71497",-2332.46638643404,"OLAM_P014",25
"71498",-8018.07090643403,"OLAM_P014",50
"71499",-3711.28607643401,"OLAM_P014",100
"71500",791.393732565979,"OLAM_P014",25
"71501",461.167023565969,"OLAM_P014",50
"71502",-24244.068106434,"OLAM_P014",100
"71503",-20813.428926434,"OLAM_P014",25
"71504",3106.06346356595,"OLAM_P014",50
"71505",-18267.076186434,"OLAM_P014",100
"71506",5932.48921356595,"OLAM_P014",25
"71507",27616.560263566,"OLAM_P014",50
"71508",-9024.34611643403,"OLAM_P014",100
"71509",-338.51061643404,"OLAM_P014",25
"71510",5320.92939356598,"OLAM_P014",50
"71511",12930.030023566,"OLAM_P014",100
"71512",12108.199533566,"OLAM_P014",25
"71513",3025.48337356595,"OLAM_P014",50
"71514",-17206.986216434,"OLAM_P014",100
"71515",-711.610146434046,"OLAM_P014",25
"71516",9756.85654356598,"OLAM_P014",50
"71517",-23311.371676434,"OLAM_P014",100
"71518",-18676.125996434,"OLAM_P014",25
"71519",9652.12634356599,"OLAM_P014",50
"71520",-17874.798216434,"OLAM_P014",100
"71521",24791.880613566,"OLAM_P014",25
"71522",-20986.048426434,"OLAM_P014",50
"71523",-10595.725736434,"OLAM_P014",100
"71524",-8969.25756643401,"OLAM_P014",25
"71525",-24127.378237434,"OLAM_P014",50
"71526",7569.23572356597,"OLAM_P014",100
"71527",-29128.052206434,"OLAM_P014",25
"71528",-964.954966434045,"OLAM_P014",50
"71529",14838.544723566,"OLAM_P014",100
"71530",6034.33428356599,"OLAM_P014",25
"71531",-7892.14771643403,"OLAM_P014",50
"71532",-12220.296037434,"OLAM_P014",100
"71533",25353.076553566,"OLAM_P014",25
"71534",-12467.477366434,"OLAM_P014",50
"71535",-30880.364036434,"OLAM_P014",100
"71536",-21802.038926434,"OLAM_P014",25
"71537",3599.339942566,"OLAM_P014",50
"71538",-6898.16206643402,"OLAM_P014",100
"71539",-8023.37742643402,"OLAM_P014",25
"71540",-13073.445437434,"OLAM_P014",50
"71541",-11940.027717434,"OLAM_P014",100
"71542",2165.67633356596,"OLAM_P014",25
"71543",-4679.118396434,"OLAM_P014",50
"71544",16556.578473566,"OLAM_P014",100
"71545",14076.5052135659,"OLAM_P014",25
"71546",-13030.313356434,"OLAM_P014",50
"71547",-5000.47475643404,"OLAM_P014",100
"71548",-9852.27774643403,"OLAM_P014",25
"71549",-198.894856434024,"OLAM_P014",50
"71550",-22447.691346434,"OLAM_P014",100
"71551",-15708.895616434,"OLAM_P014",25
"71552",-9995.32588643403,"OLAM_P014",50
"71553",-21453.064766434,"OLAM_P014",100
"71554",3792.82245356595,"OLAM_P014",25
"71555",-22547.490016434,"OLAM_P014",50
"71556",-32072.227557434,"OLAM_P014",100
"71557",-6057.64553643402,"OLAM_P014",25
"71558",9052.191443566,"OLAM_P014",50
"71559",6160.76235356595,"OLAM_P014",100
"71560",-13782.031116434,"OLAM_P014",25
"71561",-9198.07951643402,"OLAM_P014",50
"71562",-7164.36006643402,"OLAM_P014",100
"71563",3701.16543356597,"OLAM_P014",25
"71564",-20139.165976434,"OLAM_P014",50
"71565",-23295.490836434,"OLAM_P014",100
"71566",16391.555663566,"OLAM_P014",25
"71567",-21564.409746434,"OLAM_P014",50
"71568",-26511.816136434,"OLAM_P014",100
"71569",-2369.63437643403,"OLAM_P014",25
"71570",-14604.165906434,"OLAM_P014",50
"71571",5133.43136356596,"OLAM_P014",100
"71572",-1956.83820643404,"OLAM_P014",25
"71573",23555.658483566,"OLAM_P014",50
"71574",8594.03791256598,"OLAM_P014",100
"71575",-62.7319864340243,"OLAM_P014",25
"71576",9893.26217356598,"OLAM_P014",50
"71577",-13751.706866434,"OLAM_P014",100
"71578",-7765.21964643404,"OLAM_P014",25
"71579",-30446.006887434,"OLAM_P014",50
"71580",-7291.37602643401,"OLAM_P014",100
"71581",3857.02410256595,"OLAM_P014",25
"71582",-27225.024157434,"OLAM_P014",50
"71583",-20700.183266434,"OLAM_P014",100
"71584",18647.176963566,"OLAM_P014",25
"71585",-21355.513076434,"OLAM_P014",50
"71586",-38791.126246434,"OLAM_P014",100
"71587",-3703.51774643402,"OLAM_P014",25
"71588",-8528.38781643403,"OLAM_P014",50
"71589",-32354.901027434,"OLAM_P014",100
"71590",-2822.59172643401,"OLAM_P014",25
"71591",-8775.02946643403,"OLAM_P014",50
"71592",-14861.113007434,"OLAM_P014",100
"71593",5126.05403356598,"OLAM_P014",25
"71594",-10156.163896434,"OLAM_P014",50
"71595",-25188.007126434,"OLAM_P014",100
"71596",-15676.327486434,"OLAM_P014",25
"71597",-13052.468066434,"OLAM_P014",50
"71598",-5248.65825643402,"OLAM_P014",100
"71599",-3039.83171643404,"OLAM_P014",25
"71600",-15236.737326434,"OLAM_P014",50
"71601",-36553.376176434,"OLAM_P014",100
"71602",-1851.49601643404,"OLAM_P014",25
"71603",-11542.771926434,"OLAM_P014",50
"71604",-9619.52915643403,"OLAM_P014",100
"71605",-19916.510506434,"OLAM_P014",25
"71606",-8834.25586643402,"OLAM_P014",50
"71607",-11165.973346434,"OLAM_P014",100
"71608",39438.154693566,"OLAM_P014",25
"71609",-2888.78686643403,"OLAM_P014",50
"71610",-23595.109297434,"OLAM_P014",100
"71611",6801.34272356599,"OLAM_P014",25
"71612",-21841.663176434,"OLAM_P014",50
"71613",-22772.030197434,"OLAM_P014",100
"71614",-23127.375686434,"OLAM_P014",25
"71615",6049.68135356595,"OLAM_P014",50
"71616",-17663.054427434,"OLAM_P014",100
"71617",9762.16821356595,"OLAM_P014",25
"71618",-5499.46097643403,"OLAM_P014",50
"71619",-16411.446566434,"OLAM_P014",100
"71620",-32960.755116434,"OLAM_P014",25
"71621",5382.784513566,"OLAM_P014",50
"71622",35518.733803566,"OLAM_P014",100
"71623",-574.888696434035,"OLAM_P014",25
"71624",6442.62084256596,"OLAM_P014",50
"71625",-34537.629396434,"OLAM_P014",100
"71626",11274.923143566,"OLAM_P014",25
"71627",-23777.420906434,"OLAM_P014",50
"71628",3302.58424356597,"OLAM_P014",100
"71629",3915.80922356597,"OLAM_P014",25
"71630",-610.241096434009,"OLAM_P014",50
"71631",-40860.524206434,"OLAM_P014",100
"71632",-26202.509186434,"OLAM_P014",25
"71633",25335.4620535659,"OLAM_P014",50
"71634",-30007.191806434,"OLAM_P014",100
"71635",-13297.782976434,"OLAM_P014",25
"71636",9222.34650356596,"OLAM_P014",50
"71637",-1249.51125643402,"OLAM_P014",100
"71638",-4465.15037643403,"OLAM_P014",25
"71639",-2117.48661643401,"OLAM_P014",50
"71640",-25203.322657434,"OLAM_P014",100
"71641",-13102.674736434,"OLAM_P014",25
"71642",40225.499763566,"OLAM_P014",50
"71643",-19696.569046434,"OLAM_P014",100
"71644",-435.190606434015,"OLAM_P014",25
"71645",-17097.520816434,"OLAM_P014",50
"71646",-19424.213487434,"OLAM_P014",100
"71647",13493.319193566,"OLAM_P014",25
"71648",1165.85597356595,"OLAM_P014",50
"71649",-5966.30044643403,"OLAM_P014",100
"71650",-16129.989116434,"OLAM_P014",25
"71651",3186.717693566,"OLAM_P014",50
"71652",-38524.439616434,"OLAM_P014",100
"71653",24256.543493566,"OLAM_P014",25
"71654",-29964.780676434,"OLAM_P014",50
"71655",-2606.50636643404,"OLAM_P014",100
"71656",-27782.349096434,"OLAM_P014",25
"71657",-9065.04168643404,"OLAM_P014",50
"71658",4301.02890356595,"OLAM_P014",100
"71659",-1364.777406434,"OLAM_P014",25
"71660",10569.653893566,"OLAM_P014",50
"71661",-25021.596297434,"OLAM_P014",100
"71662",-18946.703716434,"OLAM_P014",25
"71663",1193.51146356598,"OLAM_P014",50
"71664",-17475.745026434,"OLAM_P014",100
"71665",3969.55580356595,"OLAM_P014",25
"71666",-36205.798807434,"OLAM_P014",50
"71667",-24868.344497434,"OLAM_P014",100
"71668",-91.2744564340101,"OLAM_P014",25
"71669",5075.56666356599,"OLAM_P014",50
"71670",910.148203565972,"OLAM_P014",100
"71671",-14427.254386434,"OLAM_P014",25
"71672",-16709.382586434,"OLAM_P014",50
"71673",-11501.067626434,"OLAM_P014",100
"71674",-11673.889736434,"OLAM_P014",25
"71675",-10870.170526434,"OLAM_P014",50
"71676",6968.12980256596,"OLAM_P014",100
"71677",-22228.311086434,"OLAM_P014",25
"71678",-34562.892276434,"OLAM_P014",50
"71679",-14715.441416434,"OLAM_P014",100
"71680",11308.794853566,"OLAM_P014",25
"71681",12111.001833566,"OLAM_P014",50
"71682",-10075.765206434,"OLAM_P014",100
"71683",5484.96316356596,"OLAM_P014",25
"71684",-36811.673827434,"OLAM_P014",50
"71685",-18481.148487434,"OLAM_P014",100
"71686",-1938.23814643401,"OLAM_P014",25
"71687",-22911.298086434,"OLAM_P014",50
"71688",9281.113463566,"OLAM_P014",100
"71689",10466.921493566,"OLAM_P014",25
"71690",-30107.240646434,"OLAM_P014",50
"71691",22503.202483566,"OLAM_P014",100
"71692",756.80314356595,"OLAM_P014",25
"71693",-19150.524896434,"OLAM_P014",50
"71694",-8297.62166643402,"OLAM_P014",100
"71695",6989.854023566,"OLAM_P014",25
"71696",-2817.518996434,"OLAM_P014",50
"71697",-30060.551236434,"OLAM_P014",100
"71698",-22218.457976434,"OLAM_P014",25
"71699",21440.089583566,"OLAM_P014",50
"71700",420.614183565951,"OLAM_P014",100
"71701",-9352.24780995899,"OLAM_P015",25
"71702",-83819.511499959,"OLAM_P015",50
"71703",-150863.484029959,"OLAM_P015",100
"71704",-68957.054439959,"OLAM_P015",25
"71705",-36082.498819959,"OLAM_P015",50
"71706",-171719.249519959,"OLAM_P015",100
"71707",-135370.255339959,"OLAM_P015",25
"71708",-137319.338219959,"OLAM_P015",50
"71709",-149223.090139959,"OLAM_P015",100
"71710",-6051.83626995899,"OLAM_P015",25
"71711",-50232.618749959,"OLAM_P015",50
"71712",-159507.870949959,"OLAM_P015",100
"71713",-12691.713419959,"OLAM_P015",25
"71714",-54715.1906399589,"OLAM_P015",50
"71715",-173688.545639959,"OLAM_P015",100
"71716",-39226.822539959,"OLAM_P015",25
"71717",-109542.446169959,"OLAM_P015",50
"71718",-147391.951199959,"OLAM_P015",100
"71719",-52914.261019959,"OLAM_P015",25
"71720",-49554.500199959,"OLAM_P015",50
"71721",-183640.749799959,"OLAM_P015",100
"71722",-9235.76986995898,"OLAM_P015",25
"71723",-68149.085119959,"OLAM_P015",50
"71724",-190005.397409959,"OLAM_P015",100
"71725",-7949.95053995895,"OLAM_P015",25
"71726",-28268.406229959,"OLAM_P015",50
"71727",-187024.639069959,"OLAM_P015",100
"71728",-9205.25265995896,"OLAM_P015",25
"71729",-42072.729029959,"OLAM_P015",50
"71730",-187699.361239959,"OLAM_P015",100
"71731",-85748.883049959,"OLAM_P015",25
"71732",-104695.852229959,"OLAM_P015",50
"71733",-174976.277719959,"OLAM_P015",100
"71734",-73648.111899959,"OLAM_P015",25
"71735",-74080.006219959,"OLAM_P015",50
"71736",-176272.920289959,"OLAM_P015",100
"71737",-8130.03828995896,"OLAM_P015",25
"71738",-45119.704849959,"OLAM_P015",50
"71739",-181060.941189959,"OLAM_P015",100
"71740",-32676.595909959,"OLAM_P015",25
"71741",-7492.83786995895,"OLAM_P015",50
"71742",-179809.423199959,"OLAM_P015",100
"71743",-54777.847089959,"OLAM_P015",25
"71744",11716.902520041,"OLAM_P015",50
"71745",-182796.008629959,"OLAM_P015",100
"71746",-13141.085249959,"OLAM_P015",25
"71747",-108659.983439959,"OLAM_P015",50
"71748",-178934.694389959,"OLAM_P015",100
"71749",-20133.555889959,"OLAM_P015",25
"71750",-111323.483219959,"OLAM_P015",50
"71751",-173740.482129959,"OLAM_P015",100
"71752",-28615.330149959,"OLAM_P015",25
"71753",-24310.632919959,"OLAM_P015",50
"71754",-156555.592659959,"OLAM_P015",100
"71755",-31263.872509959,"OLAM_P015",25
"71756",-93294.503169959,"OLAM_P015",50
"71757",-168681.569799959,"OLAM_P015",100
"71758",-61318.313179959,"OLAM_P015",25
"71759",-168863.588599959,"OLAM_P015",50
"71760",-161748.220319959,"OLAM_P015",100
"71761",-12273.897729959,"OLAM_P015",25
"71762",-103153.050279959,"OLAM_P015",50
"71763",-169986.564319959,"OLAM_P015",100
"71764",-88010.522039959,"OLAM_P015",25
"71765",-140691.424829959,"OLAM_P015",50
"71766",-174744.445749959,"OLAM_P015",100
"71767",-83281.702429959,"OLAM_P015",25
"71768",-139433.513579959,"OLAM_P015",50
"71769",-180402.007339959,"OLAM_P015",100
"71770",-41063.682579959,"OLAM_P015",25
"71771",-58043.875159959,"OLAM_P015",50
"71772",-179430.146689959,"OLAM_P015",100
"71773",-17538.914859959,"OLAM_P015",25
"71774",-32134.407049959,"OLAM_P015",50
"71775",-176524.747749959,"OLAM_P015",100
"71776",-66502.752529959,"OLAM_P015",25
"71777",-26726.471349959,"OLAM_P015",50
"71778",-182591.503909959,"OLAM_P015",100
"71779",-29740.166849959,"OLAM_P015",25
"71780",-46780.983669959,"OLAM_P015",50
"71781",-171647.236089959,"OLAM_P015",100
"71782",-20219.934919959,"OLAM_P015",25
"71783",-46506.286289959,"OLAM_P015",50
"71784",-187217.645339959,"OLAM_P015",100
"71785",-88727.321529959,"OLAM_P015",25
"71786",-62548.882299959,"OLAM_P015",50
"71787",-171607.471999959,"OLAM_P015",100
"71788",-2905.45245995896,"OLAM_P015",25
"71789",-113736.406729959,"OLAM_P015",50
"71790",-172476.349009959,"OLAM_P015",100
"71791",-126418.802289959,"OLAM_P015",25
"71792",-73.1048699590028,"OLAM_P015",50
"71793",-165019.345679959,"OLAM_P015",100
"71794",-102423.569049959,"OLAM_P015",25
"71795",-88615.029269959,"OLAM_P015",50
"71796",-147590.459579959,"OLAM_P015",100
"71797",-70401.477639959,"OLAM_P015",25
"71798",-23302.083009959,"OLAM_P015",50
"71799",-151220.345679959,"OLAM_P015",100
"71800",-32760.578429959,"OLAM_P015",25
"71801",-125736.472089959,"OLAM_P015",50
"71802",-168391.602789959,"OLAM_P015",100
"71803",-50103.841759959,"OLAM_P015",25
"71804",-63992.650439959,"OLAM_P015",50
"71805",-167799.420679959,"OLAM_P015",100
"71806",-34559.677049959,"OLAM_P015",25
"71807",-56137.850899959,"OLAM_P015",50
"71808",-174183.074819959,"OLAM_P015",100
"71809",3216.69483004103,"OLAM_P015",25
"71810",-38431.868759959,"OLAM_P015",50
"71811",-177030.108209959,"OLAM_P015",100
"71812",-5047.41889995895,"OLAM_P015",25
"71813",-25489.593569959,"OLAM_P015",50
"71814",-185945.418549959,"OLAM_P015",100
"71815",4956.447570041,"OLAM_P015",25
"71816",-2746.81906995899,"OLAM_P015",50
"71817",-181430.863989959,"OLAM_P015",100
"71818",-95001.138239959,"OLAM_P015",25
"71819",-83968.664339959,"OLAM_P015",50
"71820",-163752.759319959,"OLAM_P015",100
"71821",-12915.945869959,"OLAM_P015",25
"71822",-49199.540659959,"OLAM_P015",50
"71823",-181492.360659959,"OLAM_P015",100
"71824",-7246.06258995895,"OLAM_P015",25
"71825",-82942.473509959,"OLAM_P015",50
"71826",-175374.323079959,"OLAM_P015",100
"71827",-59429.122999959,"OLAM_P015",25
"71828",-28641.148799959,"OLAM_P015",50
"71829",-177392.774499959,"OLAM_P015",100
"71830",-108196.487539959,"OLAM_P015",25
"71831",-50782.487689959,"OLAM_P015",50
"71832",-182631.581559959,"OLAM_P015",100
"71833",-27529.990039959,"OLAM_P015",25
"71834",-125668.390049959,"OLAM_P015",50
"71835",-183693.251159959,"OLAM_P015",100
"71836",-14349.451589959,"OLAM_P015",25
"71837",-70953.887149959,"OLAM_P015",50
"71838",-169585.178279959,"OLAM_P015",100
"71839",6363.28260004101,"OLAM_P015",25
"71840",-130288.740709959,"OLAM_P015",50
"71841",-150468.008569959,"OLAM_P015",100
"71842",2679.38859004102,"OLAM_P015",25
"71843",-95337.722329959,"OLAM_P015",50
"71844",-168601.852659959,"OLAM_P015",100
"71845",-10605.678169959,"OLAM_P015",25
"71846",-80060.813909959,"OLAM_P015",50
"71847",-121950.975299959,"OLAM_P015",100
"71848",-15667.189459959,"OLAM_P015",25
"71849",-165563.708229959,"OLAM_P015",50
"71850",-179782.528319959,"OLAM_P015",100
"71851",-4135.95577995898,"OLAM_P015",25
"71852",-137111.236319959,"OLAM_P015",50
"71853",-190155.379549959,"OLAM_P015",100
"71854",-81230.393949959,"OLAM_P015",25
"71855",-46880.827259959,"OLAM_P015",50
"71856",-165936.080189959,"OLAM_P015",100
"71857",-64704.665609959,"OLAM_P015",25
"71858",-59506.397629959,"OLAM_P015",50
"71859",-159774.267539959,"OLAM_P015",100
"71860",-71770.416289959,"OLAM_P015",25
"71861",-103095.388699959,"OLAM_P015",50
"71862",-151449.455019959,"OLAM_P015",100
"71863",-21849.107829959,"OLAM_P015",25
"71864",-68352.974539959,"OLAM_P015",50
"71865",-168168.899689959,"OLAM_P015",100
"71866",-39996.837129959,"OLAM_P015",25
"71867",-73156.149939959,"OLAM_P015",50
"71868",-179209.860989959,"OLAM_P015",100
"71869",-93926.223459959,"OLAM_P015",25
"71870",-83266.820079959,"OLAM_P015",50
"71871",-180120.332599959,"OLAM_P015",100
"71872",-72427.009409959,"OLAM_P015",25
"71873",-131911.747199959,"OLAM_P015",50
"71874",-148672.498839959,"OLAM_P015",100
"71875",-83482.797799959,"OLAM_P015",25
"71876",-121969.258109959,"OLAM_P015",50
"71877",-176572.067679959,"OLAM_P015",100
"71878",-90947.655459959,"OLAM_P015",25
"71879",-44242.256969959,"OLAM_P015",50
"71880",-180309.635639959,"OLAM_P015",100
"71881",-6890.50807995896,"OLAM_P015",25
"71882",-141430.293189959,"OLAM_P015",50
"71883",-179601.015189959,"OLAM_P015",100
"71884",-53884.027369959,"OLAM_P015",25
"71885",-60906.220999959,"OLAM_P015",50
"71886",-176779.683229959,"OLAM_P015",100
"71887",-12292.725409959,"OLAM_P015",25
"71888",-113438.813539959,"OLAM_P015",50
"71889",-172748.300869959,"OLAM_P015",100
"71890",-141935.820879959,"OLAM_P015",25
"71891",-47382.980949959,"OLAM_P015",50
"71892",-172804.890459959,"OLAM_P015",100
"71893",-8731.35620995896,"OLAM_P015",25
"71894",-46153.564979959,"OLAM_P015",50
"71895",-179969.859119959,"OLAM_P015",100
"71896",1510.541710041,"OLAM_P015",25
"71897",-19395.681429959,"OLAM_P015",50
"71898",-171720.352339959,"OLAM_P015",100
"71899",-76088.178709959,"OLAM_P015",25
"71900",-156837.856959959,"OLAM_P015",50
"71901",-177690.271059959,"OLAM_P015",100
"71902",-38000.952609959,"OLAM_P015",25
"71903",-131012.703029959,"OLAM_P015",50
"71904",-181523.607949959,"OLAM_P015",100
"71905",4583.46342004102,"OLAM_P015",25
"71906",-17489.277459959,"OLAM_P015",50
"71907",-184301.543059959,"OLAM_P015",100
"71908",-22286.194769959,"OLAM_P015",25
"71909",-86990.157829959,"OLAM_P015",50
"71910",-172519.854649959,"OLAM_P015",100
"71911",-41176.494819959,"OLAM_P015",25
"71912",-171906.788129959,"OLAM_P015",50
"71913",-168056.306219959,"OLAM_P015",100
"71914",-54366.891019959,"OLAM_P015",25
"71915",-137166.823479959,"OLAM_P015",50
"71916",-165470.315509959,"OLAM_P015",100
"71917",-4074.10694995895,"OLAM_P015",25
"71918",-94428.362649959,"OLAM_P015",50
"71919",-174087.476869959,"OLAM_P015",100
"71920",-10890.283949959,"OLAM_P015",25
"71921",-34270.079159959,"OLAM_P015",50
"71922",-190763.189939959,"OLAM_P015",100
"71923",-30574.447929959,"OLAM_P015",25
"71924",-73188.086759959,"OLAM_P015",50
"71925",-182274.008299959,"OLAM_P015",100
"71926",-11501.686749959,"OLAM_P015",25
"71927",-124492.791459959,"OLAM_P015",50
"71928",-151384.079219959,"OLAM_P015",100
"71929",-61722.319919959,"OLAM_P015",25
"71930",-134447.195059959,"OLAM_P015",50
"71931",-183245.579189959,"OLAM_P015",100
"71932",-29958.498319959,"OLAM_P015",25
"71933",-60419.131939959,"OLAM_P015",50
"71934",-171601.754949959,"OLAM_P015",100
"71935",-35514.865499959,"OLAM_P015",25
"71936",-113311.300749959,"OLAM_P015",50
"71937",-188517.843969959,"OLAM_P015",100
"71938",-85653.237679959,"OLAM_P015",25
"71939",-45145.280889959,"OLAM_P015",50
"71940",-174835.215499959,"OLAM_P015",100
"71941",-124998.821969959,"OLAM_P015",25
"71942",-134422.201319959,"OLAM_P015",50
"71943",-175517.709739959,"OLAM_P015",100
"71944",-30268.908979959,"OLAM_P015",25
"71945",-59522.254829959,"OLAM_P015",50
"71946",-168449.787119959,"OLAM_P015",100
"71947",-98840.472209959,"OLAM_P015",25
"71948",-75622.1261599589,"OLAM_P015",50
"71949",-173080.363219959,"OLAM_P015",100
"71950",-43280.339859959,"OLAM_P015",25
"71951",-121505.623449959,"OLAM_P015",50
"71952",-179372.682659959,"OLAM_P015",100
"71953",-8549.75581995898,"OLAM_P015",25
"71954",-142556.379109959,"OLAM_P015",50
"71955",-186816.577649959,"OLAM_P015",100
"71956",-10529.361899959,"OLAM_P015",25
"71957",-61114.110249959,"OLAM_P015",50
"71958",-177091.099739959,"OLAM_P015",100
"71959",4957.31289004104,"OLAM_P015",25
"71960",-157945.213879959,"OLAM_P015",50
"71961",-171417.245359959,"OLAM_P015",100
"71962",-1418.92118995899,"OLAM_P015",25
"71963",-157547.076659959,"OLAM_P015",50
"71964",-184590.257669959,"OLAM_P015",100
"71965",-80992.818069959,"OLAM_P015",25
"71966",-64425.492859959,"OLAM_P015",50
"71967",-179052.324739959,"OLAM_P015",100
"71968",-16440.138269959,"OLAM_P015",25
"71969",-104589.961779959,"OLAM_P015",50
"71970",-172302.604829959,"OLAM_P015",100
"71971",-74896.001369959,"OLAM_P015",25
"71972",-76571.453809959,"OLAM_P015",50
"71973",-184182.837239959,"OLAM_P015",100
"71974",-79123.800689959,"OLAM_P015",25
"71975",-139865.876629959,"OLAM_P015",50
"71976",-146499.746459959,"OLAM_P015",100
"71977",-38428.804009959,"OLAM_P015",25
"71978",-102858.060219959,"OLAM_P015",50
"71979",-154874.336099959,"OLAM_P015",100
"71980",-1901.69164995896,"OLAM_P015",25
"71981",-98019.574609959,"OLAM_P015",50
"71982",-171879.488739959,"OLAM_P015",100
"71983",-28341.111749959,"OLAM_P015",25
"71984",-70287.720539959,"OLAM_P015",50
"71985",-173753.516689959,"OLAM_P015",100
"71986",-82839.501729959,"OLAM_P015",25
"71987",-44154.264339959,"OLAM_P015",50
"71988",-140378.169569959,"OLAM_P015",100
"71989",-6641.04425995896,"OLAM_P015",25
"71990",-88308.715389959,"OLAM_P015",50
"71991",-187530.825049959,"OLAM_P015",100
"71992",-40450.811329959,"OLAM_P015",25
"71993",-941.458789958968,"OLAM_P015",50
"71994",-187907.582239959,"OLAM_P015",100
"71995",6539.51751004101,"OLAM_P015",25
"71996",-38383.662449959,"OLAM_P015",50
"71997",-168226.040429959,"OLAM_P015",100
"71998",18270.107420041,"OLAM_P015",25
"71999",668.160280041047,"OLAM_P015",50
"72000",-163514.466679959,"OLAM_P015",100
"72001",-3402.748451099,"OLAM_P016",25
"72002",-2868.00491109901,"OLAM_P016",50
"72003",-20490.009741099,"OLAM_P016",100
"72004",-778.235431099019,"OLAM_P016",25
"72005",-12329.649441099,"OLAM_P016",50
"72006",-23529.766681099,"OLAM_P016",100
"72007",-2674.849191099,"OLAM_P016",25
"72008",-15811.391671099,"OLAM_P016",50
"72009",-28668.947721099,"OLAM_P016",100
"72010",-2301.882941099,"OLAM_P016",25
"72011",3930.05620890099,"OLAM_P016",50
"72012",-18547.778891099,"OLAM_P016",100
"72013",-8265.361051099,"OLAM_P016",25
"72014",-11915.644441099,"OLAM_P016",50
"72015",-6643.18368109901,"OLAM_P016",100
"72016",-862.859281099023,"OLAM_P016",25
"72017",-10275.886831099,"OLAM_P016",50
"72018",-13441.829471099,"OLAM_P016",100
"72019",-2410.764901099,"OLAM_P016",25
"72020",17502.618128901,"OLAM_P016",50
"72021",-18991.462341099,"OLAM_P016",100
"72022",-2558.468171099,"OLAM_P016",25
"72023",-6395.73924109901,"OLAM_P016",50
"72024",-19985.523201099,"OLAM_P016",100
"72025",-12948.645951099,"OLAM_P016",25
"72026",-19189.348801099,"OLAM_P016",50
"72027",-15447.134261099,"OLAM_P016",100
"72028",-3800.25117109902,"OLAM_P016",25
"72029",-888.442561099015,"OLAM_P016",50
"72030",-23017.551561099,"OLAM_P016",100
"72031",-5814.161011099,"OLAM_P016",25
"72032",-3926.470511099,"OLAM_P016",50
"72033",-5707.540781099,"OLAM_P016",100
"72034",-4584.80719109901,"OLAM_P016",25
"72035",-859.152921099012,"OLAM_P016",50
"72036",-21445.885601099,"OLAM_P016",100
"72037",-6999.01210109901,"OLAM_P016",25
"72038",-19798.953031099,"OLAM_P016",50
"72039",-26597.105361099,"OLAM_P016",100
"72040",2461.315378901,"OLAM_P016",25
"72041",-8013.25883109902,"OLAM_P016",50
"72042",-6740.67908109902,"OLAM_P016",100
"72043",-8101.33416109902,"OLAM_P016",25
"72044",-23348.939441099,"OLAM_P016",50
"72045",-23815.885181099,"OLAM_P016",100
"72046",-8739.370721099,"OLAM_P016",25
"72047",-25160.876061099,"OLAM_P016",50
"72048",-16496.890851099,"OLAM_P016",100
"72049",-2674.723851099,"OLAM_P016",25
"72050",-7736.01621109902,"OLAM_P016",50
"72051",-22147.492041099,"OLAM_P016",100
"72052",-9013.587041099,"OLAM_P016",25
"72053",-5557.708341099,"OLAM_P016",50
"72054",-14188.888101099,"OLAM_P016",100
"72055",-877.262571099011,"OLAM_P016",25
"72056",-13712.804311099,"OLAM_P016",50
"72057",11552.600018901,"OLAM_P016",100
"72058",3596.21951890099,"OLAM_P016",25
"72059",-6116.00748109902,"OLAM_P016",50
"72060",-17975.333681099,"OLAM_P016",100
"72061",-4321.461991099,"OLAM_P016",25
"72062",-10718.254041099,"OLAM_P016",50
"72063",-13796.117881099,"OLAM_P016",100
"72064",-8560.33800109901,"OLAM_P016",25
"72065",-8538.56703109902,"OLAM_P016",50
"72066",-15048.910401099,"OLAM_P016",100
"72067",-15645.768251099,"OLAM_P016",25
"72068",-7175.57668109902,"OLAM_P016",50
"72069",535.978088901,"OLAM_P016",100
"72070",-13768.372691099,"OLAM_P016",25
"72071",-19615.472721099,"OLAM_P016",50
"72072",-12827.378951099,"OLAM_P016",100
"72073",-17693.786421099,"OLAM_P016",25
"72074",981.789098900976,"OLAM_P016",50
"72075",-23005.577131099,"OLAM_P016",100
"72076",-7720.921671099,"OLAM_P016",25
"72077",-8597.61280109902,"OLAM_P016",50
"72078",-16738.750361099,"OLAM_P016",100
"72079",-16084.133761099,"OLAM_P016",25
"72080",-9.50484109899844,"OLAM_P016",50
"72081",-4676.07775109902,"OLAM_P016",100
"72082",-5593.17195109901,"OLAM_P016",25
"72083",-12942.035881099,"OLAM_P016",50
"72084",-11631.599631099,"OLAM_P016",100
"72085",-8976.498351099,"OLAM_P016",25
"72086",-8532.233651099,"OLAM_P016",50
"72087",-19393.037131099,"OLAM_P016",100
"72088",4152.36362890099,"OLAM_P016",25
"72089",-24064.184791099,"OLAM_P016",50
"72090",-434.157491099002,"OLAM_P016",100
"72091",459.167738900986,"OLAM_P016",25
"72092",-11444.581541099,"OLAM_P016",50
"72093",-15252.563051099,"OLAM_P016",100
"72094",-26010.325611099,"OLAM_P016",25
"72095",-8592.367691099,"OLAM_P016",50
"72096",-16159.766421099,"OLAM_P016",100
"72097",-3693.161791099,"OLAM_P016",25
"72098",-18266.707051099,"OLAM_P016",50
"72099",-25214.271921099,"OLAM_P016",100
"72100",-4351.73520109901,"OLAM_P016",25
"72101",808.207478900993,"OLAM_P016",50
"72102",-2781.29166109901,"OLAM_P016",100
"72103",922.373338901001,"OLAM_P016",25
"72104",-3149.61510109901,"OLAM_P016",50
"72105",-16515.013321099,"OLAM_P016",100
"72106",-5366.035571099,"OLAM_P016",25
"72107",-20696.186731099,"OLAM_P016",50
"72108",-18954.049771099,"OLAM_P016",100
"72109",-3424.446461099,"OLAM_P016",25
"72110",-3816.98666109901,"OLAM_P016",50
"72111",-1194.43566109901,"OLAM_P016",100
"72112",-9218.34276109902,"OLAM_P016",25
"72113",-8639.33504109902,"OLAM_P016",50
"72114",-3617.656841099,"OLAM_P016",100
"72115",-15120.674661099,"OLAM_P016",25
"72116",-4160.54171109901,"OLAM_P016",50
"72117",-5085.476381099,"OLAM_P016",100
"72118",-318.785441098997,"OLAM_P016",25
"72119",-20100.307131099,"OLAM_P016",50
"72120",-24491.561771099,"OLAM_P016",100
"72121",5864.68655890098,"OLAM_P016",25
"72122",-4681.66733109902,"OLAM_P016",50
"72123",-18425.295331099,"OLAM_P016",100
"72124",-4708.29496109902,"OLAM_P016",25
"72125",-13945.197581099,"OLAM_P016",50
"72126",-12903.982011099,"OLAM_P016",100
"72127",5152.62491890098,"OLAM_P016",25
"72128",-15938.928311099,"OLAM_P016",50
"72129",-20159.529791099,"OLAM_P016",100
"72130",-4137.88778109901,"OLAM_P016",25
"72131",-12807.822721099,"OLAM_P016",50
"72132",-25709.830941099,"OLAM_P016",100
"72133",-13388.284881099,"OLAM_P016",25
"72134",-6401.596371099,"OLAM_P016",50
"72135",-17675.550371099,"OLAM_P016",100
"72136",-4944.82339109902,"OLAM_P016",25
"72137",-15557.906001099,"OLAM_P016",50
"72138",-10147.193291099,"OLAM_P016",100
"72139",-723.135791099019,"OLAM_P016",25
"72140",-18830.176761099,"OLAM_P016",50
"72141",-17363.293541099,"OLAM_P016",100
"72142",-13050.463131099,"OLAM_P016",25
"72143",-785.819591099018,"OLAM_P016",50
"72144",-13842.176121099,"OLAM_P016",100
"72145",-4059.84597109901,"OLAM_P016",25
"72146",6334.84502890098,"OLAM_P016",50
"72147",-25576.559891099,"OLAM_P016",100
"72148",-2553.98896109901,"OLAM_P016",25
"72149",-8766.51605109902,"OLAM_P016",50
"72150",9070.923928901,"OLAM_P016",100
"72151",-9226.225831099,"OLAM_P016",25
"72152",-10889.001551099,"OLAM_P016",50
"72153",-22088.165231099,"OLAM_P016",100
"72154",-4966.20367109901,"OLAM_P016",25
"72155",-12347.250461099,"OLAM_P016",50
"72156",-13327.817531099,"OLAM_P016",100
"72157",-9188.44467109902,"OLAM_P016",25
"72158",-12399.705101099,"OLAM_P016",50
"72159",-17986.938751099,"OLAM_P016",100
"72160",-10377.263731099,"OLAM_P016",25
"72161",4295.76083890098,"OLAM_P016",50
"72162",-6232.506401099,"OLAM_P016",100
"72163",2878.658448901,"OLAM_P016",25
"72164",-25610.445771099,"OLAM_P016",50
"72165",-17486.018051099,"OLAM_P016",100
"72166",-1602.67653109902,"OLAM_P016",25
"72167",-15312.062861099,"OLAM_P016",50
"72168",-22776.432131099,"OLAM_P016",100
"72169",-945.262061098998,"OLAM_P016",25
"72170",-11367.388881099,"OLAM_P016",50
"72171",-15494.782401099,"OLAM_P016",100
"72172",-14131.035581099,"OLAM_P016",25
"72173",-2302.818931099,"OLAM_P016",50
"72174",-21903.921531099,"OLAM_P016",100
"72175",175.228808900982,"OLAM_P016",25
"72176",-6511.64283109902,"OLAM_P016",50
"72177",1550.71918890098,"OLAM_P016",100
"72178",2353.19707890099,"OLAM_P016",25
"72179",-12287.385631099,"OLAM_P016",50
"72180",-14967.880661099,"OLAM_P016",100
"72181",-1511.639271099,"OLAM_P016",25
"72182",-20897.795101099,"OLAM_P016",50
"72183",-21071.916891099,"OLAM_P016",100
"72184",-506.075721099012,"OLAM_P016",25
"72185",-6924.514691099,"OLAM_P016",50
"72186",-18327.394611099,"OLAM_P016",100
"72187",-7191.375881099,"OLAM_P016",25
"72188",1949.35059890099,"OLAM_P016",50
"72189",-25989.770101099,"OLAM_P016",100
"72190",-16342.115911099,"OLAM_P016",25
"72191",-13256.689531099,"OLAM_P016",50
"72192",-20688.356491099,"OLAM_P016",100
"72193",-4275.253431099,"OLAM_P016",25
"72194",-6462.327111099,"OLAM_P016",50
"72195",-27399.803101099,"OLAM_P016",100
"72196",-22425.264301099,"OLAM_P016",25
"72197",-15044.868471099,"OLAM_P016",50
"72198",-19019.697151099,"OLAM_P016",100
"72199",-1642.81258109902,"OLAM_P016",25
"72200",4958.323898901,"OLAM_P016",50
"72201",-12986.214651099,"OLAM_P016",100
"72202",-8727.63713109901,"OLAM_P016",25
"72203",-17537.150891099,"OLAM_P016",50
"72204",-6145.66246109901,"OLAM_P016",100
"72205",-8614.72613109901,"OLAM_P016",25
"72206",-12478.910451099,"OLAM_P016",50
"72207",-23128.565191099,"OLAM_P016",100
"72208",-2803.52304109902,"OLAM_P016",25
"72209",-16785.371901099,"OLAM_P016",50
"72210",-14862.842441099,"OLAM_P016",100
"72211",-5082.499161099,"OLAM_P016",25
"72212",3297.69595890099,"OLAM_P016",50
"72213",-22953.106571099,"OLAM_P016",100
"72214",-1211.061921099,"OLAM_P016",25
"72215",-205.881341099011,"OLAM_P016",50
"72216",-19388.818821099,"OLAM_P016",100
"72217",-9408.41410109901,"OLAM_P016",25
"72218",-21353.847121099,"OLAM_P016",50
"72219",-13526.303101099,"OLAM_P016",100
"72220",-9111.780251099,"OLAM_P016",25
"72221",-6637.31300109901,"OLAM_P016",50
"72222",-22077.758681099,"OLAM_P016",100
"72223",-5393.69129109901,"OLAM_P016",25
"72224",-4812.144331099,"OLAM_P016",50
"72225",-9998.80474109901,"OLAM_P016",100
"72226",-14016.643431099,"OLAM_P016",25
"72227",-8687.88906109901,"OLAM_P016",50
"72228",-29023.148321099,"OLAM_P016",100
"72229",-475.073341099021,"OLAM_P016",25
"72230",23.8804689009849,"OLAM_P016",50
"72231",-19747.522331099,"OLAM_P016",100
"72232",-1899.722571099,"OLAM_P016",25
"72233",-20525.616641099,"OLAM_P016",50
"72234",6019.43056890098,"OLAM_P016",100
"72235",4149.30279890099,"OLAM_P016",25
"72236",7117.23750890099,"OLAM_P016",50
"72237",-9518.28655109901,"OLAM_P016",100
"72238",-4125.49557109902,"OLAM_P016",25
"72239",-23031.361871099,"OLAM_P016",50
"72240",-23916.953371099,"OLAM_P016",100
"72241",-7948.645791099,"OLAM_P016",25
"72242",-10043.918591099,"OLAM_P016",50
"72243",-11876.110201099,"OLAM_P016",100
"72244",-12656.963591099,"OLAM_P016",25
"72245",137.12725890099,"OLAM_P016",50
"72246",-5223.007371099,"OLAM_P016",100
"72247",-4371.54736109902,"OLAM_P016",25
"72248",-16615.423761099,"OLAM_P016",50
"72249",118.806438900996,"OLAM_P016",100
"72250",-6982.99880109902,"OLAM_P016",25
"72251",-8477.161921099,"OLAM_P016",50
"72252",-20292.610611099,"OLAM_P016",100
"72253",-8694.88399109902,"OLAM_P016",25
"72254",-5396.56943109902,"OLAM_P016",50
"72255",-382.034791099024,"OLAM_P016",100
"72256",-7808.61854109901,"OLAM_P016",25
"72257",-16411.179781099,"OLAM_P016",50
"72258",-20044.572921099,"OLAM_P016",100
"72259",-1068.396831099,"OLAM_P016",25
"72260",-24602.704231099,"OLAM_P016",50
"72261",-20694.498691099,"OLAM_P016",100
"72262",-14667.187971099,"OLAM_P016",25
"72263",-15438.506801099,"OLAM_P016",50
"72264",-10963.891931099,"OLAM_P016",100
"72265",-4197.69493109902,"OLAM_P016",25
"72266",-13623.103261099,"OLAM_P016",50
"72267",-24276.174201099,"OLAM_P016",100
"72268",4870.291968901,"OLAM_P016",25
"72269",-16391.705451099,"OLAM_P016",50
"72270",-14741.381971099,"OLAM_P016",100
"72271",-4986.56815109903,"OLAM_P016",25
"72272",-4517.303371099,"OLAM_P016",50
"72273",-13649.398051099,"OLAM_P016",100
"72274",-14602.441411099,"OLAM_P016",25
"72275",-12155.452951099,"OLAM_P016",50
"72276",-26438.458601099,"OLAM_P016",100
"72277",-4978.07869109901,"OLAM_P016",25
"72278",4908.00361890098,"OLAM_P016",50
"72279",-16202.381091099,"OLAM_P016",100
"72280",-3729.862771099,"OLAM_P016",25
"72281",-9656.11377109902,"OLAM_P016",50
"72282",-30953.865821099,"OLAM_P016",100
"72283",-15970.925781099,"OLAM_P016",25
"72284",-316.33030109902,"OLAM_P016",50
"72285",-6263.791801099,"OLAM_P016",100
"72286",-4128.75621109901,"OLAM_P016",25
"72287",13718.836568901,"OLAM_P016",50
"72288",7541.33633890099,"OLAM_P016",100
"72289",-7163.658221099,"OLAM_P016",25
"72290",1434.21967890099,"OLAM_P016",50
"72291",-24546.917301099,"OLAM_P016",100
"72292",1649.114788901,"OLAM_P016",25
"72293",-21568.084851099,"OLAM_P016",50
"72294",-3577.998821099,"OLAM_P016",100
"72295",-3531.00413109901,"OLAM_P016",25
"72296",-15384.620111099,"OLAM_P016",50
"72297",-15271.860291099,"OLAM_P016",100
"72298",2534.42136890098,"OLAM_P016",25
"72299",-21297.139631099,"OLAM_P016",50
"72300",-16389.374001099,"OLAM_P016",100
"72301",8617.48928940299,"OLAM_P017",25
"72302",59558.542469403,"OLAM_P017",50
"72303",28540.989679403,"OLAM_P017",100
"72304",-76.6631005970121,"OLAM_P017",25
"72305",74.8302294030145,"OLAM_P017",50
"72306",12811.907999403,"OLAM_P017",100
"72307",-10572.445280597,"OLAM_P017",25
"72308",-208.387600596994,"OLAM_P017",50
"72309",1257.587589403,"OLAM_P017",100
"72310",8599.157389403,"OLAM_P017",25
"72311",-8931.86462059699,"OLAM_P017",50
"72312",13604.559149403,"OLAM_P017",100
"72313",-12208.933590597,"OLAM_P017",25
"72314",17183.996149403,"OLAM_P017",50
"72315",10225.561109403,"OLAM_P017",100
"72316",2006.33822940299,"OLAM_P017",25
"72317",10988.258319403,"OLAM_P017",50
"72318",21537.548519403,"OLAM_P017",100
"72319",39700.024889403,"OLAM_P017",25
"72320",-8249.81861059699,"OLAM_P017",50
"72321",9487.91398940299,"OLAM_P017",100
"72322",13838.548699403,"OLAM_P017",25
"72323",6353.78106940299,"OLAM_P017",50
"72324",-5791.51360059701,"OLAM_P017",100
"72325",6792.95915940299,"OLAM_P017",25
"72326",-4886.68361059699,"OLAM_P017",50
"72327",22641.700379403,"OLAM_P017",100
"72328",25475.364059403,"OLAM_P017",25
"72329",-16311.322870597,"OLAM_P017",50
"72330",16381.137789403,"OLAM_P017",100
"72331",1546.296779403,"OLAM_P017",25
"72332",13532.106419403,"OLAM_P017",50
"72333",1337.918259403,"OLAM_P017",100
"72334",-1173.55042059699,"OLAM_P017",25
"72335",-9118.015540597,"OLAM_P017",50
"72336",58710.932149403,"OLAM_P017",100
"72337",-6703.64402059698,"OLAM_P017",25
"72338",-13.2278505970025,"OLAM_P017",50
"72339",4432.882029403,"OLAM_P017",100
"72340",5073.015609403,"OLAM_P017",25
"72341",27393.669209403,"OLAM_P017",50
"72342",20429.291869403,"OLAM_P017",100
"72343",4892.52791940302,"OLAM_P017",25
"72344",8381.48845940302,"OLAM_P017",50
"72345",5571.842519403,"OLAM_P017",100
"72346",-4775.27136059699,"OLAM_P017",25
"72347",29279.341909403,"OLAM_P017",50
"72348",28213.085189403,"OLAM_P017",100
"72349",-7314.61955059701,"OLAM_P017",25
"72350",2014.800969403,"OLAM_P017",50
"72351",-15385.005920597,"OLAM_P017",100
"72352",1093.322889403,"OLAM_P017",25
"72353",56671.263879403,"OLAM_P017",50
"72354",9391.500619403,"OLAM_P017",100
"72355",451.21108940299,"OLAM_P017",25
"72356",-13896.670170597,"OLAM_P017",50
"72357",15542.701949403,"OLAM_P017",100
"72358",782.378979403002,"OLAM_P017",25
"72359",-8444.80051059701,"OLAM_P017",50
"72360",50902.812549403,"OLAM_P017",100
"72361",4475.146679403,"OLAM_P017",25
"72362",3056.03321940301,"OLAM_P017",50
"72363",6316.45296940301,"OLAM_P017",100
"72364",3597.22355940301,"OLAM_P017",25
"72365",14477.165119403,"OLAM_P017",50
"72366",14933.366949403,"OLAM_P017",100
"72367",17626.545059403,"OLAM_P017",25
"72368",816.070409403008,"OLAM_P017",50
"72369",1161.427379403,"OLAM_P017",100
"72370",19038.406299403,"OLAM_P017",25
"72371",26370.196939403,"OLAM_P017",50
"72372",24830.615109403,"OLAM_P017",100
"72373",-7706.03722059701,"OLAM_P017",25
"72374",15673.064459403,"OLAM_P017",50
"72375",-1683.237910597,"OLAM_P017",100
"72376",-8306.61845059699,"OLAM_P017",25
"72377",-2422.384260597,"OLAM_P017",50
"72378",-469.613290596986,"OLAM_P017",100
"72379",5571.50808940301,"OLAM_P017",25
"72380",-3832.470400597,"OLAM_P017",50
"72381",-3816.59814059699,"OLAM_P017",100
"72382",1928.03443940301,"OLAM_P017",25
"72383",16610.036549403,"OLAM_P017",50
"72384",11166.292729403,"OLAM_P017",100
"72385",3082.98817940301,"OLAM_P017",25
"72386",-9216.759470597,"OLAM_P017",50
"72387",18817.072079403,"OLAM_P017",100
"72388",-4131.88568059698,"OLAM_P017",25
"72389",34880.657739403,"OLAM_P017",50
"72390",12386.845499403,"OLAM_P017",100
"72391",4940.21066940299,"OLAM_P017",25
"72392",32745.807969403,"OLAM_P017",50
"72393",12884.507519403,"OLAM_P017",100
"72394",23739.174469403,"OLAM_P017",25
"72395",-1891.28273059698,"OLAM_P017",50
"72396",5965.47420940301,"OLAM_P017",100
"72397",4937.07928940299,"OLAM_P017",25
"72398",160.864199403004,"OLAM_P017",50
"72399",52008.188729403,"OLAM_P017",100
"72400",-1162.583750597,"OLAM_P017",25
"72401",2365.150719403,"OLAM_P017",50
"72402",12292.889689403,"OLAM_P017",100
"72403",4481.28962940301,"OLAM_P017",25
"72404",-1876.07771059699,"OLAM_P017",50
"72405",60997.225819403,"OLAM_P017",100
"72406",-974.384490597004,"OLAM_P017",25
"72407",16257.869799403,"OLAM_P017",50
"72408",28566.020819403,"OLAM_P017",100
"72409",-2585.78750059701,"OLAM_P017",25
"72410",-1684.257640597,"OLAM_P017",50
"72411",27127.949059403,"OLAM_P017",100
"72412",3411.61478940301,"OLAM_P017",25
"72413",27853.374349403,"OLAM_P017",50
"72414",70772.701049403,"OLAM_P017",100
"72415",-5985.28993059701,"OLAM_P017",25
"72416",10758.621089403,"OLAM_P017",50
"72417",43861.299249403,"OLAM_P017",100
"72418",-1811.17649059699,"OLAM_P017",25
"72419",-53.5305705970095,"OLAM_P017",50
"72420",15487.311119403,"OLAM_P017",100
"72421",2616.81717940301,"OLAM_P017",25
"72422",-4774.19372059699,"OLAM_P017",50
"72423",-510.692850596999,"OLAM_P017",100
"72424",-4279.71674059701,"OLAM_P017",25
"72425",5417.99906940301,"OLAM_P017",50
"72426",39878.999469403,"OLAM_P017",100
"72427",-1185.64521059699,"OLAM_P017",25
"72428",18779.730019403,"OLAM_P017",50
"72429",-860.465260597004,"OLAM_P017",100
"72430",15070.068739403,"OLAM_P017",25
"72431",15080.258049403,"OLAM_P017",50
"72432",22380.525189403,"OLAM_P017",100
"72433",602.186269402999,"OLAM_P017",25
"72434",24744.543459403,"OLAM_P017",50
"72435",12313.823939403,"OLAM_P017",100
"72436",-5488.09322059699,"OLAM_P017",25
"72437",29323.636139403,"OLAM_P017",50
"72438",44565.496209403,"OLAM_P017",100
"72439",-1649.56457059699,"OLAM_P017",25
"72440",-4190.04539059699,"OLAM_P017",50
"72441",31131.182559403,"OLAM_P017",100
"72442",6427.95699940299,"OLAM_P017",25
"72443",7709.273609403,"OLAM_P017",50
"72444",40205.872619403,"OLAM_P017",100
"72445",9690.86837940299,"OLAM_P017",25
"72446",-10459.654230597,"OLAM_P017",50
"72447",-14572.953860597,"OLAM_P017",100
"72448",-4104.58443059699,"OLAM_P017",25
"72449",-1829.223210597,"OLAM_P017",50
"72450",9862.517689403,"OLAM_P017",100
"72451",2973.099499403,"OLAM_P017",25
"72452",4998.938429403,"OLAM_P017",50
"72453",33431.085539403,"OLAM_P017",100
"72454",1353.74194940299,"OLAM_P017",25
"72455",20396.061289403,"OLAM_P017",50
"72456",1587.96337940299,"OLAM_P017",100
"72457",11420.997779403,"OLAM_P017",25
"72458",-1232.09742059701,"OLAM_P017",50
"72459",-8278.671760597,"OLAM_P017",100
"72460",4055.45191940301,"OLAM_P017",25
"72461",-1905.033470597,"OLAM_P017",50
"72462",50025.032629403,"OLAM_P017",100
"72463",4195.10112940299,"OLAM_P017",25
"72464",-1003.20499059701,"OLAM_P017",50
"72465",35151.995659403,"OLAM_P017",100
"72466",-1577.051170597,"OLAM_P017",25
"72467",1492.32328940299,"OLAM_P017",50
"72468",9207.57290940301,"OLAM_P017",100
"72469",-3170.490650597,"OLAM_P017",25
"72470",5321.463399403,"OLAM_P017",50
"72471",17266.413479403,"OLAM_P017",100
"72472",-1652.97391059701,"OLAM_P017",25
"72473",-2858.467480597,"OLAM_P017",50
"72474",39003.690089403,"OLAM_P017",100
"72475",12041.177479403,"OLAM_P017",25
"72476",10005.143399403,"OLAM_P017",50
"72477",36424.034459403,"OLAM_P017",100
"72478",27987.043729403,"OLAM_P017",25
"72479",-5272.71338059701,"OLAM_P017",50
"72480",17669.572499403,"OLAM_P017",100
"72481",-6447.82208059699,"OLAM_P017",25
"72482",2673.908949403,"OLAM_P017",50
"72483",-7448.76268059699,"OLAM_P017",100
"72484",4344.10412940301,"OLAM_P017",25
"72485",31408.514749403,"OLAM_P017",50
"72486",30661.441509403,"OLAM_P017",100
"72487",1700.508149403,"OLAM_P017",25
"72488",823.275599403016,"OLAM_P017",50
"72489",24636.158709403,"OLAM_P017",100
"72490",-8542.99366059699,"OLAM_P017",25
"72491",17004.442549403,"OLAM_P017",50
"72492",12581.369579403,"OLAM_P017",100
"72493",-8435.293220597,"OLAM_P017",25
"72494",16555.988719403,"OLAM_P017",50
"72495",17877.648259403,"OLAM_P017",100
"72496",-344.530630597001,"OLAM_P017",25
"72497",17871.230389403,"OLAM_P017",50
"72498",-5960.356190597,"OLAM_P017",100
"72499",-8928.94990059698,"OLAM_P017",25
"72500",-12444.956650597,"OLAM_P017",50
"72501",46811.427839403,"OLAM_P017",100
"72502",3969.51087940301,"OLAM_P017",25
"72503",9483.64040940301,"OLAM_P017",50
"72504",2094.46569940299,"OLAM_P017",100
"72505",3782.30570940301,"OLAM_P017",25
"72506",-3504.834710597,"OLAM_P017",50
"72507",33403.270149403,"OLAM_P017",100
"72508",-6283.18256059699,"OLAM_P017",25
"72509",10698.210169403,"OLAM_P017",50
"72510",6138.334729403,"OLAM_P017",100
"72511",8788.82590940301,"OLAM_P017",25
"72512",9034.85074940301,"OLAM_P017",50
"72513",-4184.33488059699,"OLAM_P017",100
"72514",-1266.70942059701,"OLAM_P017",25
"72515",1631.078159403,"OLAM_P017",50
"72516",-4805.213930597,"OLAM_P017",100
"72517",-1032.73568059699,"OLAM_P017",25
"72518",-83.1112005969917,"OLAM_P017",50
"72519",85827.274419403,"OLAM_P017",100
"72520",8859.331469403,"OLAM_P017",25
"72521",-11277.695200597,"OLAM_P017",50
"72522",23863.882419403,"OLAM_P017",100
"72523",-9310.55420059699,"OLAM_P017",25
"72524",179.713989403012,"OLAM_P017",50
"72525",-124.115740596986,"OLAM_P017",100
"72526",3701.893209403,"OLAM_P017",25
"72527",14684.209889403,"OLAM_P017",50
"72528",34413.642729403,"OLAM_P017",100
"72529",28834.594219403,"OLAM_P017",25
"72530",4566.29483940301,"OLAM_P017",50
"72531",54362.616759403,"OLAM_P017",100
"72532",-3709.60539059699,"OLAM_P017",25
"72533",13906.750239403,"OLAM_P017",50
"72534",8040.249339403,"OLAM_P017",100
"72535",-3482.90520059699,"OLAM_P017",25
"72536",-3115.592970597,"OLAM_P017",50
"72537",5543.24878940301,"OLAM_P017",100
"72538",-7815.41534059698,"OLAM_P017",25
"72539",-6546.73290059701,"OLAM_P017",50
"72540",39280.941289403,"OLAM_P017",100
"72541",-2747.49226059701,"OLAM_P017",25
"72542",17033.464159403,"OLAM_P017",50
"72543",-17185.890980597,"OLAM_P017",100
"72544",36721.357889403,"OLAM_P017",25
"72545",-7761.924970597,"OLAM_P017",50
"72546",-20275.562040597,"OLAM_P017",100
"72547",3674.141989403,"OLAM_P017",25
"72548",4722.72743940301,"OLAM_P017",50
"72549",15795.082299403,"OLAM_P017",100
"72550",7660.87343940299,"OLAM_P017",25
"72551",15536.711459403,"OLAM_P017",50
"72552",23772.538619403,"OLAM_P017",100
"72553",5843.155979403,"OLAM_P017",25
"72554",-667.347650596988,"OLAM_P017",50
"72555",49251.035529403,"OLAM_P017",100
"72556",1399.00589940301,"OLAM_P017",25
"72557",22350.430639403,"OLAM_P017",50
"72558",32437.107669403,"OLAM_P017",100
"72559",389.044879402994,"OLAM_P017",25
"72560",15603.016079403,"OLAM_P017",50
"72561",-11994.812550597,"OLAM_P017",100
"72562",2586.04113940301,"OLAM_P017",25
"72563",5376.451829403,"OLAM_P017",50
"72564",25708.847969403,"OLAM_P017",100
"72565",13046.845199403,"OLAM_P017",25
"72566",-1359.50286059699,"OLAM_P017",50
"72567",39528.469439403,"OLAM_P017",100
"72568",-1971.95181059701,"OLAM_P017",25
"72569",-8692.180000597,"OLAM_P017",50
"72570",-1080.65035059699,"OLAM_P017",100
"72571",4977.70152940301,"OLAM_P017",25
"72572",490.977899402991,"OLAM_P017",50
"72573",27468.353469403,"OLAM_P017",100
"72574",1084.848979403,"OLAM_P017",25
"72575",2213.91897940301,"OLAM_P017",50
"72576",-2590.14678059699,"OLAM_P017",100
"72577",-5181.05184059701,"OLAM_P017",25
"72578",10201.063169403,"OLAM_P017",50
"72579",4827.819269403,"OLAM_P017",100
"72580",20689.210089403,"OLAM_P017",25
"72581",13332.236629403,"OLAM_P017",50
"72582",-7023.30743059699,"OLAM_P017",100
"72583",-1128.87478059699,"OLAM_P017",25
"72584",-1262.40689059699,"OLAM_P017",50
"72585",34700.990149403,"OLAM_P017",100
"72586",-789.405650597007,"OLAM_P017",25
"72587",3824.253379403,"OLAM_P017",50
"72588",24386.477249403,"OLAM_P017",100
"72589",-6460.963730597,"OLAM_P017",25
"72590",35033.234859403,"OLAM_P017",50
"72591",35257.343899403,"OLAM_P017",100
"72592",998.296909402998,"OLAM_P017",25
"72593",-9359.22500059701,"OLAM_P017",50
"72594",21534.519639403,"OLAM_P017",100
"72595",8075.556729403,"OLAM_P017",25
"72596",4085.762689403,"OLAM_P017",50
"72597",3721.77398940301,"OLAM_P017",100
"72598",-3299.466750597,"OLAM_P017",25
"72599",-1686.74897059699,"OLAM_P017",50
"72600",5536.738629403,"OLAM_P017",100
"72601",-4359.18947734201,"OLAM_P018",25
"72602",-41409.417467342,"OLAM_P018",50
"72603",-28865.341077342,"OLAM_P018",100
"72604",-15343.207897342,"OLAM_P018",25
"72605",-24482.197767342,"OLAM_P018",50
"72606",-59924.849937342,"OLAM_P018",100
"72607",-3646.15822734201,"OLAM_P018",25
"72608",-35161.571117342,"OLAM_P018",50
"72609",-39352.127567342,"OLAM_P018",100
"72610",-19421.960397342,"OLAM_P018",25
"72611",-19876.738007342,"OLAM_P018",50
"72612",-61214.029177342,"OLAM_P018",100
"72613",3465.31590265804,"OLAM_P018",25
"72614",-37484.281677342,"OLAM_P018",50
"72615",-41431.449917342,"OLAM_P018",100
"72616",-26135.554767342,"OLAM_P018",25
"72617",-35793.535727342,"OLAM_P018",50
"72618",-49087.718437342,"OLAM_P018",100
"72619",-21340.298587342,"OLAM_P018",25
"72620",-32436.266567342,"OLAM_P018",50
"72621",-43486.647097342,"OLAM_P018",100
"72622",-23540.415087342,"OLAM_P018",25
"72623",-43371.342467342,"OLAM_P018",50
"72624",-27364.563437342,"OLAM_P018",100
"72625",-4879.86004734196,"OLAM_P018",25
"72626",-50524.318317342,"OLAM_P018",50
"72627",-45175.161467342,"OLAM_P018",100
"72628",-5902.67714734201,"OLAM_P018",25
"72629",-9185.497137342,"OLAM_P018",50
"72630",-44675.885977342,"OLAM_P018",100
"72631",4525.74355265801,"OLAM_P018",25
"72632",-5103.26282734197,"OLAM_P018",50
"72633",-56922.497117342,"OLAM_P018",100
"72634",-6585.31615734199,"OLAM_P018",25
"72635",-19066.797867342,"OLAM_P018",50
"72636",-30276.309737342,"OLAM_P018",100
"72637",4591.74292265798,"OLAM_P018",25
"72638",-45134.208397342,"OLAM_P018",50
"72639",-54137.870747342,"OLAM_P018",100
"72640",-18805.554237342,"OLAM_P018",25
"72641",-30243.188107342,"OLAM_P018",50
"72642",-63484.900097342,"OLAM_P018",100
"72643",-24012.814227342,"OLAM_P018",25
"72644",-33778.800727342,"OLAM_P018",50
"72645",-25677.841087342,"OLAM_P018",100
"72646",-25572.298347342,"OLAM_P018",25
"72647",-11965.978107342,"OLAM_P018",50
"72648",-55995.791117342,"OLAM_P018",100
"72649",-24361.289947342,"OLAM_P018",25
"72650",-38038.417157342,"OLAM_P018",50
"72651",-39288.716177342,"OLAM_P018",100
"72652",-17345.127057342,"OLAM_P018",25
"72653",-41700.529977342,"OLAM_P018",50
"72654",-60528.633687342,"OLAM_P018",100
"72655",-4370.61231734196,"OLAM_P018",25
"72656",-15812.080097342,"OLAM_P018",50
"72657",-73763.488267342,"OLAM_P018",100
"72658",-19776.850667342,"OLAM_P018",25
"72659",-34150.374787342,"OLAM_P018",50
"72660",-29599.578327342,"OLAM_P018",100
"72661",-17064.558087342,"OLAM_P018",25
"72662",-18610.649917342,"OLAM_P018",50
"72663",-52267.915447342,"OLAM_P018",100
"72664",3478.77738265804,"OLAM_P018",25
"72665",-8131.43063734198,"OLAM_P018",50
"72666",-70952.911757342,"OLAM_P018",100
"72667",-45752.251827342,"OLAM_P018",25
"72668",-33891.884227342,"OLAM_P018",50
"72669",-61494.359847342,"OLAM_P018",100
"72670",-27671.724147342,"OLAM_P018",25
"72671",-28456.152597342,"OLAM_P018",50
"72672",-65428.026467342,"OLAM_P018",100
"72673",113.615832658019,"OLAM_P018",25
"72674",-29198.684077342,"OLAM_P018",50
"72675",-56472.571907342,"OLAM_P018",100
"72676",-14278.671837342,"OLAM_P018",25
"72677",1526.704932658,"OLAM_P018",50
"72678",-51797.205687342,"OLAM_P018",100
"72679",-11736.271057342,"OLAM_P018",25
"72680",-31196.031477342,"OLAM_P018",50
"72681",-73687.471327342,"OLAM_P018",100
"72682",-15801.234157342,"OLAM_P018",25
"72683",-12419.333137342,"OLAM_P018",50
"72684",-41487.761937342,"OLAM_P018",100
"72685",-2657.80498734198,"OLAM_P018",25
"72686",-32231.002797342,"OLAM_P018",50
"72687",-63225.295267342,"OLAM_P018",100
"72688",-18617.329877342,"OLAM_P018",25
"72689",3178.30268265802,"OLAM_P018",50
"72690",-59319.943627342,"OLAM_P018",100
"72691",-36743.381837342,"OLAM_P018",25
"72692",-31366.335947342,"OLAM_P018",50
"72693",-52814.406867342,"OLAM_P018",100
"72694",-5939.09621734201,"OLAM_P018",25
"72695",-15446.548747342,"OLAM_P018",50
"72696",-47035.402807342,"OLAM_P018",100
"72697",-23751.606367342,"OLAM_P018",25
"72698",-27464.846007342,"OLAM_P018",50
"72699",-42545.742527342,"OLAM_P018",100
"72700",-6140.72373734199,"OLAM_P018",25
"72701",-29055.773297342,"OLAM_P018",50
"72702",-31479.627117342,"OLAM_P018",100
"72703",-2221.57195734198,"OLAM_P018",25
"72704",-26089.823027342,"OLAM_P018",50
"72705",-38484.105017342,"OLAM_P018",100
"72706",-14749.357807342,"OLAM_P018",25
"72707",-21045.300717342,"OLAM_P018",50
"72708",-60134.922317342,"OLAM_P018",100
"72709",-27529.685807342,"OLAM_P018",25
"72710",-41622.576017342,"OLAM_P018",50
"72711",-34336.995137342,"OLAM_P018",100
"72712",-25087.606377342,"OLAM_P018",25
"72713",-54855.173397342,"OLAM_P018",50
"72714",-46577.475977342,"OLAM_P018",100
"72715",-18872.171997342,"OLAM_P018",25
"72716",-37289.078987342,"OLAM_P018",50
"72717",-66661.725807342,"OLAM_P018",100
"72718",-23262.564757342,"OLAM_P018",25
"72719",-25098.762347342,"OLAM_P018",50
"72720",-68206.785737342,"OLAM_P018",100
"72721",-36716.397817342,"OLAM_P018",25
"72722",-39677.117867342,"OLAM_P018",50
"72723",-40832.335687342,"OLAM_P018",100
"72724",-10879.392007342,"OLAM_P018",25
"72725",-28873.377427342,"OLAM_P018",50
"72726",-46448.827137342,"OLAM_P018",100
"72727",-28629.209927342,"OLAM_P018",25
"72728",11267.299742658,"OLAM_P018",50
"72729",-62200.451917342,"OLAM_P018",100
"72730",-15363.674387342,"OLAM_P018",25
"72731",-22044.858367342,"OLAM_P018",50
"72732",-27095.722987342,"OLAM_P018",100
"72733",-29058.440547342,"OLAM_P018",25
"72734",-26246.983277342,"OLAM_P018",50
"72735",-58780.539357342,"OLAM_P018",100
"72736",-6901.83622734196,"OLAM_P018",25
"72737",-31971.194107342,"OLAM_P018",50
"72738",-63248.253017342,"OLAM_P018",100
"72739",-4505.54074734199,"OLAM_P018",25
"72740",-20654.892537342,"OLAM_P018",50
"72741",-42072.433947342,"OLAM_P018",100
"72742",-8959.87347734201,"OLAM_P018",25
"72743",-33977.615667342,"OLAM_P018",50
"72744",-46836.995857342,"OLAM_P018",100
"72745",-8618.97387734201,"OLAM_P018",25
"72746",-28082.223647342,"OLAM_P018",50
"72747",-51906.600147342,"OLAM_P018",100
"72748",-32022.535967342,"OLAM_P018",25
"72749",-28356.977047342,"OLAM_P018",50
"72750",-45609.016567342,"OLAM_P018",100
"72751",-27704.955347342,"OLAM_P018",25
"72752",-17064.542417342,"OLAM_P018",50
"72753",-34697.419987342,"OLAM_P018",100
"72754",-1677.14182734198,"OLAM_P018",25
"72755",-63101.572817342,"OLAM_P018",50
"72756",-44240.425007342,"OLAM_P018",100
"72757",-13861.403607342,"OLAM_P018",25
"72758",-22111.363377342,"OLAM_P018",50
"72759",-59327.670097342,"OLAM_P018",100
"72760",-3294.40855734202,"OLAM_P018",25
"72761",-10738.514027342,"OLAM_P018",50
"72762",-50508.582007342,"OLAM_P018",100
"72763",-19145.600427342,"OLAM_P018",25
"72764",-48084.669097342,"OLAM_P018",50
"72765",-41806.480097342,"OLAM_P018",100
"72766",-39362.184757342,"OLAM_P018",25
"72767",-15905.092557342,"OLAM_P018",50
"72768",-55162.184807342,"OLAM_P018",100
"72769",2466.09283265803,"OLAM_P018",25
"72770",-15219.477177342,"OLAM_P018",50
"72771",-42751.455467342,"OLAM_P018",100
"72772",-8571.83308734198,"OLAM_P018",25
"72773",-19291.477287342,"OLAM_P018",50
"72774",-59268.775617342,"OLAM_P018",100
"72775",-23745.352247342,"OLAM_P018",25
"72776",3389.60267265799,"OLAM_P018",50
"72777",-55025.846357342,"OLAM_P018",100
"72778",-28604.428547342,"OLAM_P018",25
"72779",-24314.125037342,"OLAM_P018",50
"72780",-49562.330737342,"OLAM_P018",100
"72781",-4947.77351734199,"OLAM_P018",25
"72782",-20577.031887342,"OLAM_P018",50
"72783",-27960.429507342,"OLAM_P018",100
"72784",-10065.580617342,"OLAM_P018",25
"72785",-23680.661297342,"OLAM_P018",50
"72786",-58880.193367342,"OLAM_P018",100
"72787",-11466.068547342,"OLAM_P018",25
"72788",-24339.518277342,"OLAM_P018",50
"72789",-56581.550367342,"OLAM_P018",100
"72790",-34439.607537342,"OLAM_P018",25
"72791",-32608.959547342,"OLAM_P018",50
"72792",-64244.283017342,"OLAM_P018",100
"72793",8078.41869265802,"OLAM_P018",25
"72794",-44683.963867342,"OLAM_P018",50
"72795",-51840.339727342,"OLAM_P018",100
"72796",-7031.771897342,"OLAM_P018",25
"72797",-10802.449847342,"OLAM_P018",50
"72798",-56186.958307342,"OLAM_P018",100
"72799",-22947.577047342,"OLAM_P018",25
"72800",-37414.332277342,"OLAM_P018",50
"72801",-50764.184527342,"OLAM_P018",100
"72802",7168.265062658,"OLAM_P018",25
"72803",-53364.593077342,"OLAM_P018",50
"72804",-45265.839507342,"OLAM_P018",100
"72805",2222.714342658,"OLAM_P018",25
"72806",-24291.372977342,"OLAM_P018",50
"72807",-51998.483107342,"OLAM_P018",100
"72808",-3180.56131734198,"OLAM_P018",25
"72809",-23619.868887342,"OLAM_P018",50
"72810",-55525.193107342,"OLAM_P018",100
"72811",-16663.388957342,"OLAM_P018",25
"72812",-8442.03136734199,"OLAM_P018",50
"72813",-58618.471557342,"OLAM_P018",100
"72814",-16627.632377342,"OLAM_P018",25
"72815",-42936.121937342,"OLAM_P018",50
"72816",-57790.539657342,"OLAM_P018",100
"72817",-9608.90674734197,"OLAM_P018",25
"72818",-16368.938607342,"OLAM_P018",50
"72819",-46355.522137342,"OLAM_P018",100
"72820",-10950.721347342,"OLAM_P018",25
"72821",-20436.566487342,"OLAM_P018",50
"72822",-54264.225937342,"OLAM_P018",100
"72823",2163.111992658,"OLAM_P018",25
"72824",-31258.524347342,"OLAM_P018",50
"72825",-63871.517727342,"OLAM_P018",100
"72826",-6685.52519734198,"OLAM_P018",25
"72827",-31131.632477342,"OLAM_P018",50
"72828",-40298.786067342,"OLAM_P018",100
"72829",-19021.618707342,"OLAM_P018",25
"72830",-23264.299007342,"OLAM_P018",50
"72831",-49974.108467342,"OLAM_P018",100
"72832",-21970.606417342,"OLAM_P018",25
"72833",-17698.309227342,"OLAM_P018",50
"72834",-59901.643987342,"OLAM_P018",100
"72835",-10704.847927342,"OLAM_P018",25
"72836",-23244.786317342,"OLAM_P018",50
"72837",-38452.937657342,"OLAM_P018",100
"72838",-7022.42076734197,"OLAM_P018",25
"72839",-11356.098927342,"OLAM_P018",50
"72840",-50669.522217342,"OLAM_P018",100
"72841",-9219.87285734201,"OLAM_P018",25
"72842",-40689.693717342,"OLAM_P018",50
"72843",-28059.837137342,"OLAM_P018",100
"72844",-6366.03790734196,"OLAM_P018",25
"72845",-40225.692317342,"OLAM_P018",50
"72846",-58885.448667342,"OLAM_P018",100
"72847",-2534.16190734197,"OLAM_P018",25
"72848",-36219.449027342,"OLAM_P018",50
"72849",-51469.214897342,"OLAM_P018",100
"72850",-21130.449337342,"OLAM_P018",25
"72851",-29867.509327342,"OLAM_P018",50
"72852",-47756.824437342,"OLAM_P018",100
"72853",116.551812658028,"OLAM_P018",25
"72854",-35235.379767342,"OLAM_P018",50
"72855",-55097.737347342,"OLAM_P018",100
"72856",-23634.415867342,"OLAM_P018",25
"72857",-22233.441117342,"OLAM_P018",50
"72858",-60274.483067342,"OLAM_P018",100
"72859",-21085.855807342,"OLAM_P018",25
"72860",-40021.719977342,"OLAM_P018",50
"72861",-49539.460947342,"OLAM_P018",100
"72862",695.755742657988,"OLAM_P018",25
"72863",-12399.109697342,"OLAM_P018",50
"72864",-70906.991377342,"OLAM_P018",100
"72865",-20053.496927342,"OLAM_P018",25
"72866",-22126.266997342,"OLAM_P018",50
"72867",-63732.363827342,"OLAM_P018",100
"72868",-5218.81494734198,"OLAM_P018",25
"72869",-35461.600217342,"OLAM_P018",50
"72870",-49196.325607342,"OLAM_P018",100
"72871",3882.14699265803,"OLAM_P018",25
"72872",-2110.46105734201,"OLAM_P018",50
"72873",-44003.787417342,"OLAM_P018",100
"72874",-14173.311917342,"OLAM_P018",25
"72875",-23554.326257342,"OLAM_P018",50
"72876",-52228.718177342,"OLAM_P018",100
"72877",-6289.29657734197,"OLAM_P018",25
"72878",-6795.25207734201,"OLAM_P018",50
"72879",-50703.407807342,"OLAM_P018",100
"72880",-12316.329667342,"OLAM_P018",25
"72881",-13763.884327342,"OLAM_P018",50
"72882",-33288.186197342,"OLAM_P018",100
"72883",-19461.156907342,"OLAM_P018",25
"72884",-10223.199397342,"OLAM_P018",50
"72885",-44574.691747342,"OLAM_P018",100
"72886",-37622.793827342,"OLAM_P018",25
"72887",-5074.06894734199,"OLAM_P018",50
"72888",-44853.002637342,"OLAM_P018",100
"72889",-19555.051957342,"OLAM_P018",25
"72890",-17930.558857342,"OLAM_P018",50
"72891",-7943.87009734201,"OLAM_P018",100
"72892",-8026.05240734201,"OLAM_P018",25
"72893",-23596.280937342,"OLAM_P018",50
"72894",-37528.543477342,"OLAM_P018",100
"72895",-4203.35160734196,"OLAM_P018",25
"72896",-33884.582697342,"OLAM_P018",50
"72897",-48942.470287342,"OLAM_P018",100
"72898",-16620.563077342,"OLAM_P018",25
"72899",-18071.881917342,"OLAM_P018",50
"72900",-57985.750037342,"OLAM_P018",100
"72901",5238.564909687,"OLAM_P019",25
"72902",-1459.532900313,"OLAM_P019",50
"72903",-51202.516660313,"OLAM_P019",100
"72904",1069.26845968698,"OLAM_P019",25
"72905",18252.051449687,"OLAM_P019",50
"72906",-48261.389360313,"OLAM_P019",100
"72907",19153.909549687,"OLAM_P019",25
"72908",-64925.575130313,"OLAM_P019",50
"72909",-56578.095000313,"OLAM_P019",100
"72910",1595.05965968699,"OLAM_P019",25
"72911",815.812059686985,"OLAM_P019",50
"72912",-43307.616930313,"OLAM_P019",100
"72913",4729.05126968698,"OLAM_P019",25
"72914",14073.239979687,"OLAM_P019",50
"72915",-59924.196540313,"OLAM_P019",100
"72916",3526.69094968698,"OLAM_P019",25
"72917",-59938.438400313,"OLAM_P019",50
"72918",-57482.039910313,"OLAM_P019",100
"72919",403.576009686978,"OLAM_P019",25
"72920",1499.92089968699,"OLAM_P019",50
"72921",-78388.428860313,"OLAM_P019",100
"72922",-1204.37982031301,"OLAM_P019",25
"72923",-4468.87314031302,"OLAM_P019",50
"72924",-58379.786570313,"OLAM_P019",100
"72925",-43746.500330313,"OLAM_P019",25
"72926",13803.642779687,"OLAM_P019",50
"72927",-62195.163930313,"OLAM_P019",100
"72928",-8841.16824031301,"OLAM_P019",25
"72929",-66778.295430313,"OLAM_P019",50
"72930",-35130.578120313,"OLAM_P019",100
"72931",-4739.42439031301,"OLAM_P019",25
"72932",-70236.033860313,"OLAM_P019",50
"72933",-42195.262920313,"OLAM_P019",100
"72934",-67475.234900313,"OLAM_P019",25
"72935",-53173.333030313,"OLAM_P019",50
"72936",-37874.234850313,"OLAM_P019",100
"72937",-3142.07332031301,"OLAM_P019",25
"72938",-72429.636320313,"OLAM_P019",50
"72939",-53032.058390313,"OLAM_P019",100
"72940",3509.782959687,"OLAM_P019",25
"72941",-32808.791520313,"OLAM_P019",50
"72942",-39777.324370313,"OLAM_P019",100
"72943",20191.158709687,"OLAM_P019",25
"72944",-893.849790313019,"OLAM_P019",50
"72945",-57745.256530313,"OLAM_P019",100
"72946",-617.498030313,"OLAM_P019",25
"72947",13086.974209687,"OLAM_P019",50
"72948",-61215.063800313,"OLAM_P019",100
"72949",-69269.641410313,"OLAM_P019",25
"72950",-70623.273230313,"OLAM_P019",50
"72951",-73294.545300313,"OLAM_P019",100
"72952",-68143.198090313,"OLAM_P019",25
"72953",-18.1051903130137,"OLAM_P019",50
"72954",-65811.250100313,"OLAM_P019",100
"72955",2944.09666968699,"OLAM_P019",25
"72956",30775.046409687,"OLAM_P019",50
"72957",-14438.895740313,"OLAM_P019",100
"72958",37535.412439687,"OLAM_P019",25
"72959",-9195.653470313,"OLAM_P019",50
"72960",-51589.317520313,"OLAM_P019",100
"72961",2826.817679687,"OLAM_P019",25
"72962",32628.355129687,"OLAM_P019",50
"72963",-57435.074520313,"OLAM_P019",100
"72964",-72296.407970313,"OLAM_P019",25
"72965",-54453.547360313,"OLAM_P019",50
"72966",-61001.453120313,"OLAM_P019",100
"72967",-3533.902380313,"OLAM_P019",25
"72968",466.847669686977,"OLAM_P019",50
"72969",-10375.079800313,"OLAM_P019",100
"72970",-1223.72854031302,"OLAM_P019",25
"72971",-75418.767220313,"OLAM_P019",50
"72972",-67266.114070313,"OLAM_P019",100
"72973",-3450.47471031302,"OLAM_P019",25
"72974",-57274.804510313,"OLAM_P019",50
"72975",-32721.022070313,"OLAM_P019",100
"72976",4948.47942968699,"OLAM_P019",25
"72977",-67117.404830313,"OLAM_P019",50
"72978",1168.98029968698,"OLAM_P019",100
"72979",-1607.05392031302,"OLAM_P019",25
"72980",3879.75599968698,"OLAM_P019",50
"72981",-42162.729010313,"OLAM_P019",100
"72982",113.808369687002,"OLAM_P019",25
"72983",-58989.685570313,"OLAM_P019",50
"72984",-39125.458240313,"OLAM_P019",100
"72985",-73051.095640313,"OLAM_P019",25
"72986",5135.345489687,"OLAM_P019",50
"72987",-50199.572640313,"OLAM_P019",100
"72988",-63864.918280313,"OLAM_P019",25
"72989",-1817.63814031301,"OLAM_P019",50
"72990",-72911.491260313,"OLAM_P019",100
"72991",1572.91281968699,"OLAM_P019",25
"72992",34474.131859687,"OLAM_P019",50
"72993",-45354.687190313,"OLAM_P019",100
"72994",25749.236689687,"OLAM_P019",25
"72995",14598.198669687,"OLAM_P019",50
"72996",-29826.118320313,"OLAM_P019",100
"72997",1452.273549687,"OLAM_P019",25
"72998",-52812.912640313,"OLAM_P019",50
"72999",-61159.947460313,"OLAM_P019",100
"73000",23.467909686995,"OLAM_P019",25
"73001",-52299.214430313,"OLAM_P019",50
"73002",-50122.006660313,"OLAM_P019",100
"73003",-70125.560900313,"OLAM_P019",25
"73004",-61547.097380313,"OLAM_P019",50
"73005",-54613.789900313,"OLAM_P019",100
"73006",21930.029309687,"OLAM_P019",25
"73007",12006.184549687,"OLAM_P019",50
"73008",-6372.768850313,"OLAM_P019",100
"73009",20987.900949687,"OLAM_P019",25
"73010",48065.261449687,"OLAM_P019",50
"73011",-61431.795040313,"OLAM_P019",100
"73012",7671.55980968699,"OLAM_P019",25
"73013",22928.925369687,"OLAM_P019",50
"73014",-29731.857470313,"OLAM_P019",100
"73015",2808.17517968698,"OLAM_P019",25
"73016",-77797.038950313,"OLAM_P019",50
"73017",-60427.423570313,"OLAM_P019",100
"73018",-67322.266650313,"OLAM_P019",25
"73019",-66531.484460313,"OLAM_P019",50
"73020",-61291.846300313,"OLAM_P019",100
"73021",6074.31114968698,"OLAM_P019",25
"73022",3527.166719687,"OLAM_P019",50
"73023",-17552.376660313,"OLAM_P019",100
"73024",-1419.30187031301,"OLAM_P019",25
"73025",1313.87221968698,"OLAM_P019",50
"73026",-54599.977740313,"OLAM_P019",100
"73027",-3244.36947031302,"OLAM_P019",25
"73028",-3209.282430313,"OLAM_P019",50
"73029",-47296.887660313,"OLAM_P019",100
"73030",-53918.238360313,"OLAM_P019",25
"73031",37284.885359687,"OLAM_P019",50
"73032",-70787.517450313,"OLAM_P019",100
"73033",14621.847619687,"OLAM_P019",25
"73034",-50339.994910313,"OLAM_P019",50
"73035",-9704.59210031299,"OLAM_P019",100
"73036",1804.533999687,"OLAM_P019",25
"73037",-49641.409320313,"OLAM_P019",50
"73038",-51788.519240313,"OLAM_P019",100
"73039",5048.02746968699,"OLAM_P019",25
"73040",-13351.336550313,"OLAM_P019",50
"73041",-71189.576430313,"OLAM_P019",100
"73042",2486.314029687,"OLAM_P019",25
"73043",-57205.398130313,"OLAM_P019",50
"73044",-23608.716150313,"OLAM_P019",100
"73045",-3682.61916031301,"OLAM_P019",25
"73046",-27570.559460313,"OLAM_P019",50
"73047",-48752.099060313,"OLAM_P019",100
"73048",4410.308239687,"OLAM_P019",25
"73049",-67564.505260313,"OLAM_P019",50
"73050",-23844.630610313,"OLAM_P019",100
"73051",-703.092260313017,"OLAM_P019",25
"73052",-2347.45447031301,"OLAM_P019",50
"73053",-76987.835890313,"OLAM_P019",100
"73054",-51682.812400313,"OLAM_P019",25
"73055",-72455.665380313,"OLAM_P019",50
"73056",-62926.604800313,"OLAM_P019",100
"73057",3563.274669687,"OLAM_P019",25
"73058",20837.185229687,"OLAM_P019",50
"73059",-51208.025600313,"OLAM_P019",100
"73060",952.202619686985,"OLAM_P019",25
"73061",30556.392239687,"OLAM_P019",50
"73062",-63611.691180313,"OLAM_P019",100
"73063",108.477889686998,"OLAM_P019",25
"73064",58820.721139687,"OLAM_P019",50
"73065",-62381.028790313,"OLAM_P019",100
"73066",-66851.482950313,"OLAM_P019",25
"73067",5062.14288968698,"OLAM_P019",50
"73068",-46930.897640313,"OLAM_P019",100
"73069",-959.106500313006,"OLAM_P019",25
"73070",26020.925969687,"OLAM_P019",50
"73071",-63108.842390313,"OLAM_P019",100
"73072",-4180.904850313,"OLAM_P019",25
"73073",-67487.288960313,"OLAM_P019",50
"73074",-72650.866750313,"OLAM_P019",100
"73075",678.54156968699,"OLAM_P019",25
"73076",-52089.117300313,"OLAM_P019",50
"73077",-1677.711830313,"OLAM_P019",100
"73078",205.337409686996,"OLAM_P019",25
"73079",-6478.374930313,"OLAM_P019",50
"73080",-69104.972600313,"OLAM_P019",100
"73081",-71730.755390313,"OLAM_P019",25
"73082",-64626.605900313,"OLAM_P019",50
"73083",-53881.883930313,"OLAM_P019",100
"73084",20114.716059687,"OLAM_P019",25
"73085",35382.100289687,"OLAM_P019",50
"73086",-56429.929420313,"OLAM_P019",100
"73087",6208.28701968698,"OLAM_P019",25
"73088",-71721.710680313,"OLAM_P019",50
"73089",-67051.519140313,"OLAM_P019",100
"73090",-50583.564620313,"OLAM_P019",25
"73091",27223.266719687,"OLAM_P019",50
"73092",-64544.600630313,"OLAM_P019",100
"73093",-201.231230313017,"OLAM_P019",25
"73094",-47407.102020313,"OLAM_P019",50
"73095",-34125.891660313,"OLAM_P019",100
"73096",-2823.90172031301,"OLAM_P019",25
"73097",-42915.864040313,"OLAM_P019",50
"73098",-49837.278360313,"OLAM_P019",100
"73099",5182.28908968699,"OLAM_P019",25
"73100",-61016.302210313,"OLAM_P019",50
"73101",-51843.334630313,"OLAM_P019",100
"73102",292.563409686991,"OLAM_P019",25
"73103",1160.608779687,"OLAM_P019",50
"73104",-63744.944890313,"OLAM_P019",100
"73105",2893.53557968698,"OLAM_P019",25
"73106",-69480.738600313,"OLAM_P019",50
"73107",-46755.278940313,"OLAM_P019",100
"73108",2091.49960968699,"OLAM_P019",25
"73109",-40629.725220313,"OLAM_P019",50
"73110",-52579.514320313,"OLAM_P019",100
"73111",683.225959686999,"OLAM_P019",25
"73112",-57557.850670313,"OLAM_P019",50
"73113",-34940.519330313,"OLAM_P019",100
"73114",1015.60562968699,"OLAM_P019",25
"73115",5796.71076968699,"OLAM_P019",50
"73116",-56465.961160313,"OLAM_P019",100
"73117",20770.306499687,"OLAM_P019",25
"73118",5376.39160968698,"OLAM_P019",50
"73119",-45225.755100313,"OLAM_P019",100
"73120",-1697.93379031302,"OLAM_P019",25
"73121",-69032.786290313,"OLAM_P019",50
"73122",-72087.165600313,"OLAM_P019",100
"73123",10254.033579687,"OLAM_P019",25
"73124",15252.581159687,"OLAM_P019",50
"73125",-78707.909050313,"OLAM_P019",100
"73126",-69971.070450313,"OLAM_P019",25
"73127",21300.111959687,"OLAM_P019",50
"73128",-40769.650300313,"OLAM_P019",100
"73129",-4669.630300313,"OLAM_P019",25
"73130",-944.964880312997,"OLAM_P019",50
"73131",-52147.110500313,"OLAM_P019",100
"73132",4784.77058968699,"OLAM_P019",25
"73133",-41175.909610313,"OLAM_P019",50
"73134",-40402.786190313,"OLAM_P019",100
"73135",21583.270449687,"OLAM_P019",25
"73136",62849.976889687,"OLAM_P019",50
"73137",-39240.027790313,"OLAM_P019",100
"73138",16606.650369687,"OLAM_P019",25
"73139",7567.47046968699,"OLAM_P019",50
"73140",-24758.947320313,"OLAM_P019",100
"73141",-64652.340590313,"OLAM_P019",25
"73142",-59251.746040313,"OLAM_P019",50
"73143",-44513.484560313,"OLAM_P019",100
"73144",1427.95014968698,"OLAM_P019",25
"73145",20697.246029687,"OLAM_P019",50
"73146",-45862.763100313,"OLAM_P019",100
"73147",23155.441429687,"OLAM_P019",25
"73148",-72546.472330313,"OLAM_P019",50
"73149",-48205.953700313,"OLAM_P019",100
"73150",1366.65317968698,"OLAM_P019",25
"73151",1211.87265968698,"OLAM_P019",50
"73152",-61796.556190313,"OLAM_P019",100
"73153",3125.95444968698,"OLAM_P019",25
"73154",-55981.401520313,"OLAM_P019",50
"73155",-34608.064860313,"OLAM_P019",100
"73156",3199.84377968698,"OLAM_P019",25
"73157",-29429.603680313,"OLAM_P019",50
"73158",-70864.217780313,"OLAM_P019",100
"73159",-53.4579303130158,"OLAM_P019",25
"73160",-68936.785910313,"OLAM_P019",50
"73161",-57476.826330313,"OLAM_P019",100
"73162",2142.493659687,"OLAM_P019",25
"73163",22437.019629687,"OLAM_P019",50
"73164",-44860.701590313,"OLAM_P019",100
"73165",3461.64013968699,"OLAM_P019",25
"73166",-69546.355370313,"OLAM_P019",50
"73167",-55529.260880313,"OLAM_P019",100
"73168",17274.445199687,"OLAM_P019",25
"73169",15856.875729687,"OLAM_P019",50
"73170",-49416.320030313,"OLAM_P019",100
"73171",999.447759686998,"OLAM_P019",25
"73172",-56445.073880313,"OLAM_P019",50
"73173",-46385.799310313,"OLAM_P019",100
"73174",-72362.810800313,"OLAM_P019",25
"73175",-59748.444680313,"OLAM_P019",50
"73176",-50998.711420313,"OLAM_P019",100
"73177",7076.672009687,"OLAM_P019",25
"73178",36489.652089687,"OLAM_P019",50
"73179",-2542.15551031299,"OLAM_P019",100
"73180",3799.27160968698,"OLAM_P019",25
"73181",-61034.821170313,"OLAM_P019",50
"73182",-63852.001440313,"OLAM_P019",100
"73183",3569.66477968698,"OLAM_P019",25
"73184",-56801.282410313,"OLAM_P019",50
"73185",-71374.672150313,"OLAM_P019",100
"73186",-4004.41774031302,"OLAM_P019",25
"73187",12416.145199687,"OLAM_P019",50
"73188",-51785.876370313,"OLAM_P019",100
"73189",-74457.957000313,"OLAM_P019",25
"73190",-68075.080170313,"OLAM_P019",50
"73191",-63462.061560313,"OLAM_P019",100
"73192",-373.603720312996,"OLAM_P019",25
"73193",837.571429686999,"OLAM_P019",50
"73194",-37734.399280313,"OLAM_P019",100
"73195",-74733.513920313,"OLAM_P019",25
"73196",-50352.399360313,"OLAM_P019",50
"73197",-70465.248300313,"OLAM_P019",100
"73198",1360.06168968699,"OLAM_P019",25
"73199",-67695.751940313,"OLAM_P019",50
"73200",-32464.095870313,"OLAM_P019",100
"73201",-29476.020233507,"OLAM_P020",25
"73202",-42545.701583507,"OLAM_P020",50
"73203",-99069.530343507,"OLAM_P020",100
"73204",-39458.606603507,"OLAM_P020",25
"73205",-76071.929633507,"OLAM_P020",50
"73206",-73675.802223507,"OLAM_P020",100
"73207",-46269.511233507,"OLAM_P020",25
"73208",5223.65414649301,"OLAM_P020",50
"73209",-117761.963593507,"OLAM_P020",100
"73210",-21424.855693507,"OLAM_P020",25
"73211",-44543.528503507,"OLAM_P020",50
"73212",-113536.901893507,"OLAM_P020",100
"73213",-48157.524293507,"OLAM_P020",25
"73214",-56873.486193507,"OLAM_P020",50
"73215",-119937.605103507,"OLAM_P020",100
"73216",-45410.175053507,"OLAM_P020",25
"73217",-94445.260903507,"OLAM_P020",50
"73218",-120511.366293507,"OLAM_P020",100
"73219",-16495.729003507,"OLAM_P020",25
"73220",-38670.104293507,"OLAM_P020",50
"73221",-99961.362323507,"OLAM_P020",100
"73222",-8407.65081350697,"OLAM_P020",25
"73223",2448.58459649299,"OLAM_P020",50
"73224",-81175.804043507,"OLAM_P020",100
"73225",-11049.855853507,"OLAM_P020",25
"73226",-89519.463253507,"OLAM_P020",50
"73227",-110294.040473507,"OLAM_P020",100
"73228",42269.722366493,"OLAM_P020",25
"73229",-63239.783083507,"OLAM_P020",50
"73230",-132797.084713507,"OLAM_P020",100
"73231",-71693.158133507,"OLAM_P020",25
"73232",-8236.26763350697,"OLAM_P020",50
"73233",-24053.318343507,"OLAM_P020",100
"73234",-32097.188913507,"OLAM_P020",25
"73235",-65984.036693507,"OLAM_P020",50
"73236",-104389.033433507,"OLAM_P020",100
"73237",-16174.047153507,"OLAM_P020",25
"73238",-75319.301623507,"OLAM_P020",50
"73239",-132668.285943507,"OLAM_P020",100
"73240",-18962.966473507,"OLAM_P020",25
"73241",-48645.193563507,"OLAM_P020",50
"73242",12434.771196493,"OLAM_P020",100
"73243",64941.455126493,"OLAM_P020",25
"73244",-81904.480553507,"OLAM_P020",50
"73245",-111021.557443507,"OLAM_P020",100
"73246",-17702.721283507,"OLAM_P020",25
"73247",-34185.072933507,"OLAM_P020",50
"73248",-66732.319173507,"OLAM_P020",100
"73249",-50015.463353507,"OLAM_P020",25
"73250",-7244.53145350696,"OLAM_P020",50
"73251",-71270.397013507,"OLAM_P020",100
"73252",-23062.929713507,"OLAM_P020",25
"73253",-87950.086393507,"OLAM_P020",50
"73254",-68321.884003507,"OLAM_P020",100
"73255",-32566.013913507,"OLAM_P020",25
"73256",-41368.915353507,"OLAM_P020",50
"73257",-77561.685533507,"OLAM_P020",100
"73258",-50511.610853507,"OLAM_P020",25
"73259",-64606.670053507,"OLAM_P020",50
"73260",-108964.156213507,"OLAM_P020",100
"73261",-27530.048063507,"OLAM_P020",25
"73262",-79496.527283507,"OLAM_P020",50
"73263",-82559.178263507,"OLAM_P020",100
"73264",-1170.14966350701,"OLAM_P020",25
"73265",-74652.018203507,"OLAM_P020",50
"73266",-107489.234553507,"OLAM_P020",100
"73267",-41292.462073507,"OLAM_P020",25
"73268",20567.242626493,"OLAM_P020",50
"73269",-106915.908703507,"OLAM_P020",100
"73270",-19809.013183507,"OLAM_P020",25
"73271",-80912.941723507,"OLAM_P020",50
"73272",-111228.940473507,"OLAM_P020",100
"73273",-39890.098033507,"OLAM_P020",25
"73274",-14275.171813507,"OLAM_P020",50
"73275",-59854.945843507,"OLAM_P020",100
"73276",-55786.299213507,"OLAM_P020",25
"73277",-50665.506403507,"OLAM_P020",50
"73278",-129456.803283507,"OLAM_P020",100
"73279",-50618.924943507,"OLAM_P020",25
"73280",-51557.769223507,"OLAM_P020",50
"73281",-121667.474743507,"OLAM_P020",100
"73282",-32110.858463507,"OLAM_P020",25
"73283",-9755.28703350696,"OLAM_P020",50
"73284",-117289.532143507,"OLAM_P020",100
"73285",-46212.382933507,"OLAM_P020",25
"73286",-34861.201623507,"OLAM_P020",50
"73287",-65443.346233507,"OLAM_P020",100
"73288",-45927.563063507,"OLAM_P020",25
"73289",-82742.813033507,"OLAM_P020",50
"73290",-78004.151143507,"OLAM_P020",100
"73291",22143.257906493,"OLAM_P020",25
"73292",5410.96960649302,"OLAM_P020",50
"73293",-23403.724903507,"OLAM_P020",100
"73294",-18022.038963507,"OLAM_P020",25
"73295",-38736.730083507,"OLAM_P020",50
"73296",-127011.754193507,"OLAM_P020",100
"73297",-49017.731143507,"OLAM_P020",25
"73298",-11100.650463507,"OLAM_P020",50
"73299",-114010.635083507,"OLAM_P020",100
"73300",36387.525516493,"OLAM_P020",25
"73301",-89667.698563507,"OLAM_P020",50
"73302",-57615.215583507,"OLAM_P020",100
"73303",-8862.49660350697,"OLAM_P020",25
"73304",-66075.272533507,"OLAM_P020",50
"73305",-112289.729513507,"OLAM_P020",100
"73306",-35654.909653507,"OLAM_P020",25
"73307",-35193.179503507,"OLAM_P020",50
"73308",-27123.266563507,"OLAM_P020",100
"73309",-40742.747373507,"OLAM_P020",25
"73310",-81509.562423507,"OLAM_P020",50
"73311",-76786.623223507,"OLAM_P020",100
"73312",-12946.480903507,"OLAM_P020",25
"73313",-72411.897763507,"OLAM_P020",50
"73314",-113983.336493507,"OLAM_P020",100
"73315",-14623.132653507,"OLAM_P020",25
"73316",-68753.515223507,"OLAM_P020",50
"73317",-126596.859453507,"OLAM_P020",100
"73318",-68474.466253507,"OLAM_P020",25
"73319",-1754.14844350697,"OLAM_P020",50
"73320",3633.19893649302,"OLAM_P020",100
"73321",-30602.949653507,"OLAM_P020",25
"73322",-44135.248443507,"OLAM_P020",50
"73323",-116571.998823507,"OLAM_P020",100
"73324",-38715.711743507,"OLAM_P020",25
"73325",-70391.487743507,"OLAM_P020",50
"73326",-130885.663813507,"OLAM_P020",100
"73327",-38580.880873507,"OLAM_P020",25
"73328",-48985.880303507,"OLAM_P020",50
"73329",-110899.746153507,"OLAM_P020",100
"73330",-17686.410173507,"OLAM_P020",25
"73331",-74180.946863507,"OLAM_P020",50
"73332",-135998.080333507,"OLAM_P020",100
"73333",-42076.464563507,"OLAM_P020",25
"73334",-70699.828583507,"OLAM_P020",50
"73335",-123909.213533507,"OLAM_P020",100
"73336",-22959.474833507,"OLAM_P020",25
"73337",-70287.105873507,"OLAM_P020",50
"73338",-36107.907163507,"OLAM_P020",100
"73339",-12133.548563507,"OLAM_P020",25
"73340",-62801.227083507,"OLAM_P020",50
"73341",-95433.936053507,"OLAM_P020",100
"73342",42283.542286493,"OLAM_P020",25
"73343",-69113.331863507,"OLAM_P020",50
"73344",-14588.602453507,"OLAM_P020",100
"73345",-24066.688933507,"OLAM_P020",25
"73346",1210.88534649299,"OLAM_P020",50
"73347",-103333.618363507,"OLAM_P020",100
"73348",35080.360886493,"OLAM_P020",25
"73349",-68237.294313507,"OLAM_P020",50
"73350",-125379.159923507,"OLAM_P020",100
"73351",23527.379616493,"OLAM_P020",25
"73352",-3191.70668350701,"OLAM_P020",50
"73353",-120254.187623507,"OLAM_P020",100
"73354",-13281.332333507,"OLAM_P020",25
"73355",-88126.472633507,"OLAM_P020",50
"73356",-79733.374183507,"OLAM_P020",100
"73357",-14934.037593507,"OLAM_P020",25
"73358",-66222.901443507,"OLAM_P020",50
"73359",-101445.295633507,"OLAM_P020",100
"73360",-44452.542743507,"OLAM_P020",25
"73361",-47154.943193507,"OLAM_P020",50
"73362",-114251.791653507,"OLAM_P020",100
"73363",-16221.259263507,"OLAM_P020",25
"73364",-15030.697243507,"OLAM_P020",50
"73365",-81650.884103507,"OLAM_P020",100
"73366",-15904.443183507,"OLAM_P020",25
"73367",-68933.624533507,"OLAM_P020",50
"73368",21913.550266493,"OLAM_P020",100
"73369",-26505.511493507,"OLAM_P020",25
"73370",-64123.910923507,"OLAM_P020",50
"73371",-100520.941603507,"OLAM_P020",100
"73372",-43289.900483507,"OLAM_P020",25
"73373",-40957.742553507,"OLAM_P020",50
"73374",-55073.918553507,"OLAM_P020",100
"73375",-33254.801723507,"OLAM_P020",25
"73376",-71202.656103507,"OLAM_P020",50
"73377",-83251.932143507,"OLAM_P020",100
"73378",-52674.377953507,"OLAM_P020",25
"73379",-40441.182753507,"OLAM_P020",50
"73380",-122598.089873507,"OLAM_P020",100
"73381",-44516.657843507,"OLAM_P020",25
"73382",-29076.038863507,"OLAM_P020",50
"73383",-18915.335483507,"OLAM_P020",100
"73384",-35709.535953507,"OLAM_P020",25
"73385",-58456.736493507,"OLAM_P020",50
"73386",-36649.697103507,"OLAM_P020",100
"73387",4293.69852649304,"OLAM_P020",25
"73388",-77243.491443507,"OLAM_P020",50
"73389",-83910.638243507,"OLAM_P020",100
"73390",-23973.175073507,"OLAM_P020",25
"73391",-56719.111133507,"OLAM_P020",50
"73392",-123664.493313507,"OLAM_P020",100
"73393",-56063.141913507,"OLAM_P020",25
"73394",-52643.273563507,"OLAM_P020",50
"73395",-113990.506683507,"OLAM_P020",100
"73396",-27088.241053507,"OLAM_P020",25
"73397",-5575.66568350699,"OLAM_P020",50
"73398",29258.739996493,"OLAM_P020",100
"73399",-5887.75466350699,"OLAM_P020",25
"73400",-47747.071433507,"OLAM_P020",50
"73401",-101189.882883507,"OLAM_P020",100
"73402",-4221.445023507,"OLAM_P020",25
"73403",2667.60847649304,"OLAM_P020",50
"73404",-68521.213443507,"OLAM_P020",100
"73405",-61408.018173507,"OLAM_P020",25
"73406",50726.920576493,"OLAM_P020",50
"73407",-77588.641803507,"OLAM_P020",100
"73408",-10737.157743507,"OLAM_P020",25
"73409",-67650.150643507,"OLAM_P020",50
"73410",-80130.996393507,"OLAM_P020",100
"73411",-21707.703013507,"OLAM_P020",25
"73412",-48154.374483507,"OLAM_P020",50
"73413",-58739.526483507,"OLAM_P020",100
"73414",-39797.812233507,"OLAM_P020",25
"73415",-40430.030333507,"OLAM_P020",50
"73416",-7488.00728350697,"OLAM_P020",100
"73417",-28477.092413507,"OLAM_P020",25
"73418",-100061.803323507,"OLAM_P020",50
"73419",-29890.113923507,"OLAM_P020",100
"73420",-26437.662763507,"OLAM_P020",25
"73421",-35479.904353507,"OLAM_P020",50
"73422",-109479.728233507,"OLAM_P020",100
"73423",-23547.815693507,"OLAM_P020",25
"73424",-56273.734723507,"OLAM_P020",50
"73425",-86583.385153507,"OLAM_P020",100
"73426",-20343.274803507,"OLAM_P020",25
"73427",-74738.172093507,"OLAM_P020",50
"73428",-101777.198183507,"OLAM_P020",100
"73429",53657.645986493,"OLAM_P020",25
"73430",-38069.391653507,"OLAM_P020",50
"73431",2542.41882649303,"OLAM_P020",100
"73432",-34274.374213507,"OLAM_P020",25
"73433",-45735.228243507,"OLAM_P020",50
"73434",-69591.788083507,"OLAM_P020",100
"73435",-11554.287203507,"OLAM_P020",25
"73436",22040.255826493,"OLAM_P020",50
"73437",-131076.782193507,"OLAM_P020",100
"73438",-6747.31991350697,"OLAM_P020",25
"73439",-33943.910033507,"OLAM_P020",50
"73440",-74140.102643507,"OLAM_P020",100
"73441",-28360.692963507,"OLAM_P020",25
"73442",-69314.630293507,"OLAM_P020",50
"73443",-82158.965723507,"OLAM_P020",100
"73444",-18636.122533507,"OLAM_P020",25
"73445",-16298.035393507,"OLAM_P020",50
"73446",-116216.682123507,"OLAM_P020",100
"73447",20042.473666493,"OLAM_P020",25
"73448",-10122.346983507,"OLAM_P020",50
"73449",-70102.604613507,"OLAM_P020",100
"73450",-27871.529873507,"OLAM_P020",25
"73451",-89934.341203507,"OLAM_P020",50
"73452",-120678.917313507,"OLAM_P020",100
"73453",-39541.537303507,"OLAM_P020",25
"73454",-70701.830093507,"OLAM_P020",50
"73455",-31801.899373507,"OLAM_P020",100
"73456",-43176.976663507,"OLAM_P020",25
"73457",-15778.634923507,"OLAM_P020",50
"73458",-65154.397203507,"OLAM_P020",100
"73459",-8992.71429350699,"OLAM_P020",25
"73460",-18234.136873507,"OLAM_P020",50
"73461",-33237.674463507,"OLAM_P020",100
"73462",-13086.513753507,"OLAM_P020",25
"73463",-59269.216573507,"OLAM_P020",50
"73464",-120991.052003507,"OLAM_P020",100
"73465",-16572.483273507,"OLAM_P020",25
"73466",-71533.171693507,"OLAM_P020",50
"73467",-80907.726133507,"OLAM_P020",100
"73468",2581.07374649303,"OLAM_P020",25
"73469",-23416.370323507,"OLAM_P020",50
"73470",-38956.564003507,"OLAM_P020",100
"73471",-6166.99382350699,"OLAM_P020",25
"73472",-42020.957973507,"OLAM_P020",50
"73473",-113523.856423507,"OLAM_P020",100
"73474",11968.378206493,"OLAM_P020",25
"73475",-38332.619953507,"OLAM_P020",50
"73476",-70270.724583507,"OLAM_P020",100
"73477",-3427.98376350699,"OLAM_P020",25
"73478",-45202.428483507,"OLAM_P020",50
"73479",-103142.780163507,"OLAM_P020",100
"73480",-56772.221753507,"OLAM_P020",25
"73481",-51608.858463507,"OLAM_P020",50
"73482",-110570.621583507,"OLAM_P020",100
"73483",-29521.891823507,"OLAM_P020",25
"73484",-41726.298053507,"OLAM_P020",50
"73485",-72824.576673507,"OLAM_P020",100
"73486",-17694.740153507,"OLAM_P020",25
"73487",-46205.280863507,"OLAM_P020",50
"73488",-79812.469013507,"OLAM_P020",100
"73489",-10521.294113507,"OLAM_P020",25
"73490",-23431.024073507,"OLAM_P020",50
"73491",-57894.460683507,"OLAM_P020",100
"73492",-19026.462473507,"OLAM_P020",25
"73493",22604.188316493,"OLAM_P020",50
"73494",-110654.683643507,"OLAM_P020",100
"73495",-10487.280793507,"OLAM_P020",25
"73496",-45597.514713507,"OLAM_P020",50
"73497",-67232.613393507,"OLAM_P020",100
"73498",-13438.955483507,"OLAM_P020",25
"73499",-67807.964873507,"OLAM_P020",50
"73500",-41496.759463507,"OLAM_P020",100
"73501",-3895.04663110198,"OLAM_P021",25
"73502",-2951.47865110199,"OLAM_P021",50
"73503",-23223.978981102,"OLAM_P021",100
"73504",-8488.62610110198,"OLAM_P021",25
"73505",-4179.54841110198,"OLAM_P021",50
"73506",-2142.726221102,"OLAM_P021",100
"73507",-741.410661101982,"OLAM_P021",25
"73508",-13826.105271102,"OLAM_P021",50
"73509",-40474.119271102,"OLAM_P021",100
"73510",-7534.323961102,"OLAM_P021",25
"73511",-4817.887991102,"OLAM_P021",50
"73512",-24782.043901102,"OLAM_P021",100
"73513",-10557.232861102,"OLAM_P021",25
"73514",-8592.78840110201,"OLAM_P021",50
"73515",-10052.533501102,"OLAM_P021",100
"73516",-22689.568811102,"OLAM_P021",25
"73517",-11759.631511102,"OLAM_P021",50
"73518",-20806.967461102,"OLAM_P021",100
"73519",-3755.359171102,"OLAM_P021",25
"73520",3097.965498898,"OLAM_P021",50
"73521",-16772.351321102,"OLAM_P021",100
"73522",-14761.336961102,"OLAM_P021",25
"73523",-8517.33372110198,"OLAM_P021",50
"73524",-8135.81388110202,"OLAM_P021",100
"73525",-3127.53023110202,"OLAM_P021",25
"73526",14790.820978898,"OLAM_P021",50
"73527",-36853.015961102,"OLAM_P021",100
"73528",-9554.67814110202,"OLAM_P021",25
"73529",-25000.888631102,"OLAM_P021",50
"73530",-10351.493571102,"OLAM_P021",100
"73531",1951.22690889798,"OLAM_P021",25
"73532",-27050.099731102,"OLAM_P021",50
"73533",-31798.446111102,"OLAM_P021",100
"73534",-7346.85887110198,"OLAM_P021",25
"73535",-13968.623241102,"OLAM_P021",50
"73536",-12703.296411102,"OLAM_P021",100
"73537",-6343.83181110199,"OLAM_P021",25
"73538",-1588.379031102,"OLAM_P021",50
"73539",-33510.799301102,"OLAM_P021",100
"73540",2141.12249889801,"OLAM_P021",25
"73541",2002.44479889801,"OLAM_P021",50
"73542",2392.99639889802,"OLAM_P021",100
"73543",1451.034258898,"OLAM_P021",25
"73544",1001.97633889801,"OLAM_P021",50
"73545",-23534.226321102,"OLAM_P021",100
"73546",6432.34207889799,"OLAM_P021",25
"73547",3440.62428889802,"OLAM_P021",50
"73548",-12425.044661102,"OLAM_P021",100
"73549",8091.970428898,"OLAM_P021",25
"73550",2014.58582889801,"OLAM_P021",50
"73551",-9846.51703110198,"OLAM_P021",100
"73552",-9642.62625110202,"OLAM_P021",25
"73553",-19962.162521102,"OLAM_P021",50
"73554",-29441.803891102,"OLAM_P021",100
"73555",-15733.214031102,"OLAM_P021",25
"73556",-10065.931741102,"OLAM_P021",50
"73557",-24116.419791102,"OLAM_P021",100
"73558",-2189.67955110199,"OLAM_P021",25
"73559",-29004.203061102,"OLAM_P021",50
"73560",-18524.053981102,"OLAM_P021",100
"73561",6929.51489889802,"OLAM_P021",25
"73562",3170.99390889803,"OLAM_P021",50
"73563",-27958.460751102,"OLAM_P021",100
"73564",-14621.712271102,"OLAM_P021",25
"73565",-4160.95480110199,"OLAM_P021",50
"73566",-20723.677361102,"OLAM_P021",100
"73567",-26597.510761102,"OLAM_P021",25
"73568",-24818.530701102,"OLAM_P021",50
"73569",-33634.190831102,"OLAM_P021",100
"73570",-19880.797761102,"OLAM_P021",25
"73571",4418.531438898,"OLAM_P021",50
"73572",-27281.953741102,"OLAM_P021",100
"73573",-31453.185411102,"OLAM_P021",25
"73574",-22941.268751102,"OLAM_P021",50
"73575",-27951.855161102,"OLAM_P021",100
"73576",907.004828898003,"OLAM_P021",25
"73577",-19025.080181102,"OLAM_P021",50
"73578",10760.478048898,"OLAM_P021",100
"73579",5698.62317889801,"OLAM_P021",25
"73580",8886.796978898,"OLAM_P021",50
"73581",-24751.445471102,"OLAM_P021",100
"73582",-6596.93151110201,"OLAM_P021",25
"73583",-6568.42978110199,"OLAM_P021",50
"73584",2037.927368898,"OLAM_P021",100
"73585",-9625.30055110197,"OLAM_P021",25
"73586",-18450.944671102,"OLAM_P021",50
"73587",-37116.847901102,"OLAM_P021",100
"73588",2034.02753889799,"OLAM_P021",25
"73589",-16832.808921102,"OLAM_P021",50
"73590",-34831.297531102,"OLAM_P021",100
"73591",-10104.493741102,"OLAM_P021",25
"73592",-11502.183351102,"OLAM_P021",50
"73593",-9948.60235110199,"OLAM_P021",100
"73594",-21177.557821102,"OLAM_P021",25
"73595",-27497.859361102,"OLAM_P021",50
"73596",-33966.908781102,"OLAM_P021",100
"73597",-3376.04425110196,"OLAM_P021",25
"73598",-31165.653901102,"OLAM_P021",50
"73599",-12863.083941102,"OLAM_P021",100
"73600",-2064.73544110201,"OLAM_P021",25
"73601",-11761.093221102,"OLAM_P021",50
"73602",-17733.891291102,"OLAM_P021",100
"73603",-7284.80967110198,"OLAM_P021",25
"73604",-13287.833081102,"OLAM_P021",50
"73605",-25544.423861102,"OLAM_P021",100
"73606",-8282.43945110199,"OLAM_P021",25
"73607",-12886.894111102,"OLAM_P021",50
"73608",-24622.158291102,"OLAM_P021",100
"73609",-9774.27469110198,"OLAM_P021",25
"73610",19034.036128898,"OLAM_P021",50
"73611",9325.51734889799,"OLAM_P021",100
"73612",-5878.71636110201,"OLAM_P021",25
"73613",-4070.06866110198,"OLAM_P021",50
"73614",-41542.575361102,"OLAM_P021",100
"73615",-7452.91416110197,"OLAM_P021",25
"73616",-8023.805661102,"OLAM_P021",50
"73617",-23413.811811102,"OLAM_P021",100
"73618",6817.436288898,"OLAM_P021",25
"73619",-11310.048561102,"OLAM_P021",50
"73620",-24665.611711102,"OLAM_P021",100
"73621",-4608.67556110199,"OLAM_P021",25
"73622",-20898.123081102,"OLAM_P021",50
"73623",-37228.330301102,"OLAM_P021",100
"73624",-2662.52490110201,"OLAM_P021",25
"73625",-5437.92316110199,"OLAM_P021",50
"73626",-13879.727551102,"OLAM_P021",100
"73627",-679.514481102,"OLAM_P021",25
"73628",-1195.810591102,"OLAM_P021",50
"73629",-23372.925601102,"OLAM_P021",100
"73630",-16567.249041102,"OLAM_P021",25
"73631",-2734.46596110199,"OLAM_P021",50
"73632",-28154.519231102,"OLAM_P021",100
"73633",-4401.72641110199,"OLAM_P021",25
"73634",-5964.108911102,"OLAM_P021",50
"73635",-38167.927221102,"OLAM_P021",100
"73636",-30841.515701102,"OLAM_P021",25
"73637",9598.135118898,"OLAM_P021",50
"73638",-27337.950341102,"OLAM_P021",100
"73639",-5072.15014110197,"OLAM_P021",25
"73640",-17035.046821102,"OLAM_P021",50
"73641",-19679.026681102,"OLAM_P021",100
"73642",-6837.12659110199,"OLAM_P021",25
"73643",-28538.100341102,"OLAM_P021",50
"73644",-19899.262051102,"OLAM_P021",100
"73645",-3446.80023110198,"OLAM_P021",25
"73646",-1445.070521102,"OLAM_P021",50
"73647",-25160.960181102,"OLAM_P021",100
"73648",-5357.30445110198,"OLAM_P021",25
"73649",-21842.422161102,"OLAM_P021",50
"73650",-12153.343821102,"OLAM_P021",100
"73651",-7489.77260110201,"OLAM_P021",25
"73652",-22350.847651102,"OLAM_P021",50
"73653",-31251.701871102,"OLAM_P021",100
"73654",1403.698428898,"OLAM_P021",25
"73655",8344.67091889802,"OLAM_P021",50
"73656",-21664.545681102,"OLAM_P021",100
"73657",-19748.074591102,"OLAM_P021",25
"73658",6689.994928898,"OLAM_P021",50
"73659",-2129.03613110201,"OLAM_P021",100
"73660",-11489.414021102,"OLAM_P021",25
"73661",-24176.879071102,"OLAM_P021",50
"73662",-16960.621491102,"OLAM_P021",100
"73663",-16503.156301102,"OLAM_P021",25
"73664",-14320.881161102,"OLAM_P021",50
"73665",-19159.844151102,"OLAM_P021",100
"73666",-5791.307091102,"OLAM_P021",25
"73667",2404.94151889801,"OLAM_P021",50
"73668",-16718.130851102,"OLAM_P021",100
"73669",-6561.68726110196,"OLAM_P021",25
"73670",-5041.17846110201,"OLAM_P021",50
"73671",-27002.030911102,"OLAM_P021",100
"73672",-9849.36419110198,"OLAM_P021",25
"73673",-2031.96115110198,"OLAM_P021",50
"73674",-4632.96338110202,"OLAM_P021",100
"73675",-18063.299541102,"OLAM_P021",25
"73676",-15662.635721102,"OLAM_P021",50
"73677",-24348.577031102,"OLAM_P021",100
"73678",-870.663081102015,"OLAM_P021",25
"73679",-32980.098641102,"OLAM_P021",50
"73680",-5271.18406110199,"OLAM_P021",100
"73681",4032.49739889801,"OLAM_P021",25
"73682",-7616.79731110198,"OLAM_P021",50
"73683",-33208.759261102,"OLAM_P021",100
"73684",931.829518897983,"OLAM_P021",25
"73685",-12918.317781102,"OLAM_P021",50
"73686",22371.013138898,"OLAM_P021",100
"73687",6606.09197889798,"OLAM_P021",25
"73688",-6056.793231102,"OLAM_P021",50
"73689",-20256.225991102,"OLAM_P021",100
"73690",16613.071338898,"OLAM_P021",25
"73691",-10304.460141102,"OLAM_P021",50
"73692",-22223.069391102,"OLAM_P021",100
"73693",-17448.526201102,"OLAM_P021",25
"73694",-17697.206961102,"OLAM_P021",50
"73695",-22826.831051102,"OLAM_P021",100
"73696",-12631.771851102,"OLAM_P021",25
"73697",-24695.410951102,"OLAM_P021",50
"73698",-22398.684861102,"OLAM_P021",100
"73699",11218.076188898,"OLAM_P021",25
"73700",-8195.39546110202,"OLAM_P021",50
"73701",-31722.860581102,"OLAM_P021",100
"73702",4985.32428889803,"OLAM_P021",25
"73703",-18006.930011102,"OLAM_P021",50
"73704",-31344.701681102,"OLAM_P021",100
"73705",9921.62607889803,"OLAM_P021",25
"73706",-24177.660791102,"OLAM_P021",50
"73707",-25253.708421102,"OLAM_P021",100
"73708",11234.208298898,"OLAM_P021",25
"73709",-27675.340251102,"OLAM_P021",50
"73710",-32594.619271102,"OLAM_P021",100
"73711",-3553.87417110201,"OLAM_P021",25
"73712",-33342.066881102,"OLAM_P021",50
"73713",-29013.830881102,"OLAM_P021",100
"73714",2397.14545889798,"OLAM_P021",25
"73715",-1510.17286110198,"OLAM_P021",50
"73716",-29163.262751102,"OLAM_P021",100
"73717",1352.59546889801,"OLAM_P021",25
"73718",-10642.056401102,"OLAM_P021",50
"73719",-10149.549821102,"OLAM_P021",100
"73720",-10009.196231102,"OLAM_P021",25
"73721",-10730.229091102,"OLAM_P021",50
"73722",-14123.708371102,"OLAM_P021",100
"73723",-3452.76349110197,"OLAM_P021",25
"73724",-21927.699801102,"OLAM_P021",50
"73725",-14684.105161102,"OLAM_P021",100
"73726",-8484.09089110198,"OLAM_P021",25
"73727",-35064.937701102,"OLAM_P021",50
"73728",-22226.928611102,"OLAM_P021",100
"73729",1758.29756889801,"OLAM_P021",25
"73730",4210.39337889804,"OLAM_P021",50
"73731",-29517.987721102,"OLAM_P021",100
"73732",-15476.408721102,"OLAM_P021",25
"73733",-20310.457831102,"OLAM_P021",50
"73734",-27117.224831102,"OLAM_P021",100
"73735",-15993.663491102,"OLAM_P021",25
"73736",6166.81014889799,"OLAM_P021",50
"73737",-6115.959671102,"OLAM_P021",100
"73738",-11144.055571102,"OLAM_P021",25
"73739",-9547.36014110199,"OLAM_P021",50
"73740",-26737.721891102,"OLAM_P021",100
"73741",-25489.207401102,"OLAM_P021",25
"73742",-26014.411141102,"OLAM_P021",50
"73743",-27082.947411102,"OLAM_P021",100
"73744",-11040.600441102,"OLAM_P021",25
"73745",-4526.41325110197,"OLAM_P021",50
"73746",-9464.09864110197,"OLAM_P021",100
"73747",-15058.181231102,"OLAM_P021",25
"73748",-10628.231231102,"OLAM_P021",50
"73749",-21702.268911102,"OLAM_P021",100
"73750",-4307.24669110199,"OLAM_P021",25
"73751",-10922.934621102,"OLAM_P021",50
"73752",-22520.959191102,"OLAM_P021",100
"73753",1328.97288889799,"OLAM_P021",25
"73754",-2648.50161110196,"OLAM_P021",50
"73755",-9140.706621102,"OLAM_P021",100
"73756",-4550.425211102,"OLAM_P021",25
"73757",-17771.753321102,"OLAM_P021",50
"73758",-11371.011621102,"OLAM_P021",100
"73759",-3331.37260110199,"OLAM_P021",25
"73760",-32564.376051102,"OLAM_P021",50
"73761",-1721.72234110197,"OLAM_P021",100
"73762",-3888.80429110199,"OLAM_P021",25
"73763",-10032.711481102,"OLAM_P021",50
"73764",-21869.650361102,"OLAM_P021",100
"73765",-13285.669481102,"OLAM_P021",25
"73766",-18388.722401102,"OLAM_P021",50
"73767",-28199.442201102,"OLAM_P021",100
"73768",-12708.318021102,"OLAM_P021",25
"73769",-10402.938701102,"OLAM_P021",50
"73770",-24037.790281102,"OLAM_P021",100
"73771",-10622.366141102,"OLAM_P021",25
"73772",-7352.43691110198,"OLAM_P021",50
"73773",-21973.660901102,"OLAM_P021",100
"73774",5282.83224889799,"OLAM_P021",25
"73775",-5988.15773110196,"OLAM_P021",50
"73776",-5971.19872110197,"OLAM_P021",100
"73777",-2733.85798110202,"OLAM_P021",25
"73778",693.660908897989,"OLAM_P021",50
"73779",-16898.994401102,"OLAM_P021",100
"73780",-7362.28560110199,"OLAM_P021",25
"73781",-19678.972581102,"OLAM_P021",50
"73782",-27197.449091102,"OLAM_P021",100
"73783",4711.50997889799,"OLAM_P021",25
"73784",-10111.308201102,"OLAM_P021",50
"73785",-18038.429291102,"OLAM_P021",100
"73786",1472.89590889803,"OLAM_P021",25
"73787",-405.973991102015,"OLAM_P021",50
"73788",-13043.427211102,"OLAM_P021",100
"73789",-9921.30017110199,"OLAM_P021",25
"73790",-2593.94250110199,"OLAM_P021",50
"73791",-37827.734591102,"OLAM_P021",100
"73792",-7272.37964110199,"OLAM_P021",25
"73793",-18310.548921102,"OLAM_P021",50
"73794",-21046.533741102,"OLAM_P021",100
"73795",8108.14357889799,"OLAM_P021",25
"73796",-12337.205471102,"OLAM_P021",50
"73797",-31825.608681102,"OLAM_P021",100
"73798",-11363.689511102,"OLAM_P021",25
"73799",-14913.588281102,"OLAM_P021",50
"73800",-18686.573391102,"OLAM_P021",100
"73801",-275.331562264997,"OLAM_P022",25
"73802",3322.05825773501,"OLAM_P022",50
"73803",-26637.955592265,"OLAM_P022",100
"73804",4394.372597735,"OLAM_P022",25
"73805",-14691.594242265,"OLAM_P022",50
"73806",-25986.736192265,"OLAM_P022",100
"73807",709.083917734999,"OLAM_P022",25
"73808",204.300737735,"OLAM_P022",50
"73809",-35142.495542265,"OLAM_P022",100
"73810",-18131.297272265,"OLAM_P022",25
"73811",2453.628067735,"OLAM_P022",50
"73812",-15379.561402265,"OLAM_P022",100
"73813",-6969.798952265,"OLAM_P022",25
"73814",-21171.017722265,"OLAM_P022",50
"73815",-27279.908832265,"OLAM_P022",100
"73816",-8782.11761226499,"OLAM_P022",25
"73817",16874.978427735,"OLAM_P022",50
"73818",-43191.685672265,"OLAM_P022",100
"73819",2175.23759773502,"OLAM_P022",25
"73820",-7565.995212265,"OLAM_P022",50
"73821",-40618.625742265,"OLAM_P022",100
"73822",-7212.16018226498,"OLAM_P022",25
"73823",-7285.05911226498,"OLAM_P022",50
"73824",-42113.835322265,"OLAM_P022",100
"73825",-11155.379232265,"OLAM_P022",25
"73826",-14282.557512265,"OLAM_P022",50
"73827",-17660.755452265,"OLAM_P022",100
"73828",-3213.502122265,"OLAM_P022",25
"73829",-6744.54440226499,"OLAM_P022",50
"73830",-21716.669652265,"OLAM_P022",100
"73831",-14507.826622265,"OLAM_P022",25
"73832",8804.543807735,"OLAM_P022",50
"73833",-23907.549552265,"OLAM_P022",100
"73834",-11829.004532265,"OLAM_P022",25
"73835",-5316.118362265,"OLAM_P022",50
"73836",-22752.804162265,"OLAM_P022",100
"73837",-15957.252562265,"OLAM_P022",25
"73838",-14274.929672265,"OLAM_P022",50
"73839",-49572.325702265,"OLAM_P022",100
"73840",-15472.985512265,"OLAM_P022",25
"73841",-33020.817842265,"OLAM_P022",50
"73842",-18761.794562265,"OLAM_P022",100
"73843",1355.22203773502,"OLAM_P022",25
"73844",-1757.27478226498,"OLAM_P022",50
"73845",-16092.132962265,"OLAM_P022",100
"73846",-14018.762162265,"OLAM_P022",25
"73847",-38208.556502265,"OLAM_P022",50
"73848",-27051.893582265,"OLAM_P022",100
"73849",-18429.173802265,"OLAM_P022",25
"73850",7247.12340773502,"OLAM_P022",50
"73851",-27261.282082265,"OLAM_P022",100
"73852",-13681.828102265,"OLAM_P022",25
"73853",-27941.278752265,"OLAM_P022",50
"73854",-30773.611232265,"OLAM_P022",100
"73855",532.290887734998,"OLAM_P022",25
"73856",-31371.447132265,"OLAM_P022",50
"73857",-46020.924112265,"OLAM_P022",100
"73858",-10347.794082265,"OLAM_P022",25
"73859",-34751.794552265,"OLAM_P022",50
"73860",-51991.817052265,"OLAM_P022",100
"73861",-4297.17939226498,"OLAM_P022",25
"73862",-22478.979302265,"OLAM_P022",50
"73863",-36060.749182265,"OLAM_P022",100
"73864",-19613.884942265,"OLAM_P022",25
"73865",-12222.321892265,"OLAM_P022",50
"73866",-21830.751462265,"OLAM_P022",100
"73867",-1740.91360226498,"OLAM_P022",25
"73868",-18551.779712265,"OLAM_P022",50
"73869",-42509.589852265,"OLAM_P022",100
"73870",-10669.397682265,"OLAM_P022",25
"73871",-26083.524382265,"OLAM_P022",50
"73872",-23702.942832265,"OLAM_P022",100
"73873",-17682.166082265,"OLAM_P022",25
"73874",-18345.672082265,"OLAM_P022",50
"73875",-16634.665002265,"OLAM_P022",100
"73876",16459.078057735,"OLAM_P022",25
"73877",-10277.397422265,"OLAM_P022",50
"73878",-26528.377892265,"OLAM_P022",100
"73879",-9187.99022226498,"OLAM_P022",25
"73880",-26803.309582265,"OLAM_P022",50
"73881",-3180.52350226499,"OLAM_P022",100
"73882",-10188.635372265,"OLAM_P022",25
"73883",-21588.385382265,"OLAM_P022",50
"73884",-4627.97862226499,"OLAM_P022",100
"73885",-9164.55126226498,"OLAM_P022",25
"73886",-16958.776602265,"OLAM_P022",50
"73887",-19090.302332265,"OLAM_P022",100
"73888",-11336.835422265,"OLAM_P022",25
"73889",-11433.348362265,"OLAM_P022",50
"73890",-45473.069192265,"OLAM_P022",100
"73891",-6618.67855226499,"OLAM_P022",25
"73892",-10358.993712265,"OLAM_P022",50
"73893",-35896.384342265,"OLAM_P022",100
"73894",-6728.182402265,"OLAM_P022",25
"73895",-9539.04037226498,"OLAM_P022",50
"73896",-23706.906522265,"OLAM_P022",100
"73897",-19788.764382265,"OLAM_P022",25
"73898",-20389.809092265,"OLAM_P022",50
"73899",-29808.209792265,"OLAM_P022",100
"73900",-18053.931622265,"OLAM_P022",25
"73901",-25744.273932265,"OLAM_P022",50
"73902",-32151.026122265,"OLAM_P022",100
"73903",-13015.442472265,"OLAM_P022",25
"73904",-18877.894582265,"OLAM_P022",50
"73905",-38677.981192265,"OLAM_P022",100
"73906",-21133.267912265,"OLAM_P022",25
"73907",-1001.24571226499,"OLAM_P022",50
"73908",-42610.916702265,"OLAM_P022",100
"73909",1238.72026773501,"OLAM_P022",25
"73910",4202.51788773501,"OLAM_P022",50
"73911",-43104.980492265,"OLAM_P022",100
"73912",2358.80604773501,"OLAM_P022",25
"73913",-23660.147412265,"OLAM_P022",50
"73914",-45822.384602265,"OLAM_P022",100
"73915",-12352.194912265,"OLAM_P022",25
"73916",-12044.731762265,"OLAM_P022",50
"73917",-40915.353722265,"OLAM_P022",100
"73918",-1019.42641226499,"OLAM_P022",25
"73919",-25496.316472265,"OLAM_P022",50
"73920",-14788.381002265,"OLAM_P022",100
"73921",-9528.322932265,"OLAM_P022",25
"73922",626.960057735007,"OLAM_P022",50
"73923",-35014.330192265,"OLAM_P022",100
"73924",-7063.44262226499,"OLAM_P022",25
"73925",-2340.838392265,"OLAM_P022",50
"73926",-23161.477462265,"OLAM_P022",100
"73927",-4639.29646226499,"OLAM_P022",25
"73928",-37409.179342265,"OLAM_P022",50
"73929",-28945.079692265,"OLAM_P022",100
"73930",-800.581062265002,"OLAM_P022",25
"73931",-22974.677412265,"OLAM_P022",50
"73932",-20628.812232265,"OLAM_P022",100
"73933",-1217.93724226498,"OLAM_P022",25
"73934",-14798.278402265,"OLAM_P022",50
"73935",-27810.323002265,"OLAM_P022",100
"73936",-8029.281412265,"OLAM_P022",25
"73937",-13419.089222265,"OLAM_P022",50
"73938",-30570.922052265,"OLAM_P022",100
"73939",642.226267735008,"OLAM_P022",25
"73940",-26815.524232265,"OLAM_P022",50
"73941",-30252.484432265,"OLAM_P022",100
"73942",-11072.021122265,"OLAM_P022",25
"73943",-9772.697332265,"OLAM_P022",50
"73944",-17672.006652265,"OLAM_P022",100
"73945",-7931.73537226499,"OLAM_P022",25
"73946",4633.62708773502,"OLAM_P022",50
"73947",-49761.278322265,"OLAM_P022",100
"73948",-3743.757252265,"OLAM_P022",25
"73949",-12434.783802265,"OLAM_P022",50
"73950",-28615.643992265,"OLAM_P022",100
"73951",-9010.91601226499,"OLAM_P022",25
"73952",325.86025773501,"OLAM_P022",50
"73953",-22319.290562265,"OLAM_P022",100
"73954",-12116.055242265,"OLAM_P022",25
"73955",-7116.801302265,"OLAM_P022",50
"73956",-39497.015972265,"OLAM_P022",100
"73957",-9724.12512226499,"OLAM_P022",25
"73958",-28245.415292265,"OLAM_P022",50
"73959",-30470.273662265,"OLAM_P022",100
"73960",-7291.76696226498,"OLAM_P022",25
"73961",-19175.380012265,"OLAM_P022",50
"73962",-24262.906382265,"OLAM_P022",100
"73963",-5053.095192265,"OLAM_P022",25
"73964",-20300.464032265,"OLAM_P022",50
"73965",-16971.795922265,"OLAM_P022",100
"73966",-5765.27817226498,"OLAM_P022",25
"73967",-16158.278072265,"OLAM_P022",50
"73968",-32937.773152265,"OLAM_P022",100
"73969",-6267.80973226498,"OLAM_P022",25
"73970",-24496.768222265,"OLAM_P022",50
"73971",-27358.314892265,"OLAM_P022",100
"73972",-6469.918842265,"OLAM_P022",25
"73973",-32512.462642265,"OLAM_P022",50
"73974",-34857.787122265,"OLAM_P022",100
"73975",8387.058817735,"OLAM_P022",25
"73976",9210.07571773502,"OLAM_P022",50
"73977",-29431.451412265,"OLAM_P022",100
"73978",-8250.41515226499,"OLAM_P022",25
"73979",-9320.44073226498,"OLAM_P022",50
"73980",-26805.014542265,"OLAM_P022",100
"73981",3551.17460773501,"OLAM_P022",25
"73982",-43.603182264982,"OLAM_P022",50
"73983",-32444.131992265,"OLAM_P022",100
"73984",-8358.785692265,"OLAM_P022",25
"73985",-13086.860562265,"OLAM_P022",50
"73986",-1797.71812226498,"OLAM_P022",100
"73987",262.984117735003,"OLAM_P022",25
"73988",-17046.905642265,"OLAM_P022",50
"73989",-42769.237232265,"OLAM_P022",100
"73990",-4131.45813226499,"OLAM_P022",25
"73991",-13890.032712265,"OLAM_P022",50
"73992",-16433.739652265,"OLAM_P022",100
"73993",-2907.534962265,"OLAM_P022",25
"73994",-10278.523072265,"OLAM_P022",50
"73995",-45424.974872265,"OLAM_P022",100
"73996",-1642.93531226498,"OLAM_P022",25
"73997",-23140.796142265,"OLAM_P022",50
"73998",-40286.634472265,"OLAM_P022",100
"73999",-13003.412242265,"OLAM_P022",25
"74000",-21720.914142265,"OLAM_P022",50
"74001",-44391.456272265,"OLAM_P022",100
"74002",-25744.839052265,"OLAM_P022",25
"74003",-25688.191282265,"OLAM_P022",50
"74004",-36635.531962265,"OLAM_P022",100
"74005",617.906587735022,"OLAM_P022",25
"74006",-18812.448582265,"OLAM_P022",50
"74007",-35247.059912265,"OLAM_P022",100
"74008",-11709.872522265,"OLAM_P022",25
"74009",-17840.210252265,"OLAM_P022",50
"74010",-20348.958852265,"OLAM_P022",100
"74011",-19337.596952265,"OLAM_P022",25
"74012",-4880.92689226498,"OLAM_P022",50
"74013",-20680.626812265,"OLAM_P022",100
"74014",-12763.483432265,"OLAM_P022",25
"74015",-4402.21932226498,"OLAM_P022",50
"74016",-23663.810582265,"OLAM_P022",100
"74017",-14812.628772265,"OLAM_P022",25
"74018",-15952.632832265,"OLAM_P022",50
"74019",-35323.702022265,"OLAM_P022",100
"74020",17202.278477735,"OLAM_P022",25
"74021",-12351.978282265,"OLAM_P022",50
"74022",-44149.035382265,"OLAM_P022",100
"74023",-18396.090092265,"OLAM_P022",25
"74024",-19919.097242265,"OLAM_P022",50
"74025",-20044.694402265,"OLAM_P022",100
"74026",-19974.604972265,"OLAM_P022",25
"74027",3587.82182773502,"OLAM_P022",50
"74028",-22128.889572265,"OLAM_P022",100
"74029",-16007.555182265,"OLAM_P022",25
"74030",-8378.998992265,"OLAM_P022",50
"74031",-34791.319542265,"OLAM_P022",100
"74032",-2287.21974226498,"OLAM_P022",25
"74033",-20559.994392265,"OLAM_P022",50
"74034",-31762.887752265,"OLAM_P022",100
"74035",-5420.40645226499,"OLAM_P022",25
"74036",-22339.956052265,"OLAM_P022",50
"74037",-47980.677812265,"OLAM_P022",100
"74038",-5301.68389226499,"OLAM_P022",25
"74039",-12657.796192265,"OLAM_P022",50
"74040",3392.823747735,"OLAM_P022",100
"74041",-19374.940692265,"OLAM_P022",25
"74042",-23425.308442265,"OLAM_P022",50
"74043",-39591.511132265,"OLAM_P022",100
"74044",-4631.17963226498,"OLAM_P022",25
"74045",-29186.943492265,"OLAM_P022",50
"74046",-50051.778512265,"OLAM_P022",100
"74047",2755.82173773501,"OLAM_P022",25
"74048",-22749.194162265,"OLAM_P022",50
"74049",-3692.51884226498,"OLAM_P022",100
"74050",-14877.400322265,"OLAM_P022",25
"74051",-2721.983902265,"OLAM_P022",50
"74052",-31874.696502265,"OLAM_P022",100
"74053",-15577.219982265,"OLAM_P022",25
"74054",-10520.097982265,"OLAM_P022",50
"74055",-46419.655892265,"OLAM_P022",100
"74056",-14846.622922265,"OLAM_P022",25
"74057",-2351.49082226498,"OLAM_P022",50
"74058",-39625.666912265,"OLAM_P022",100
"74059",-8096.30858226499,"OLAM_P022",25
"74060",-6774.83147226498,"OLAM_P022",50
"74061",-31206.789872265,"OLAM_P022",100
"74062",-17762.044562265,"OLAM_P022",25
"74063",-11201.484002265,"OLAM_P022",50
"74064",-39504.229062265,"OLAM_P022",100
"74065",-10770.731482265,"OLAM_P022",25
"74066",-33174.871322265,"OLAM_P022",50
"74067",-46225.874592265,"OLAM_P022",100
"74068",-8025.71850226499,"OLAM_P022",25
"74069",10084.532177735,"OLAM_P022",50
"74070",-33743.836612265,"OLAM_P022",100
"74071",-1589.009522265,"OLAM_P022",25
"74072",-22296.749902265,"OLAM_P022",50
"74073",-29034.082022265,"OLAM_P022",100
"74074",-6880.96749226499,"OLAM_P022",25
"74075",-15549.697652265,"OLAM_P022",50
"74076",18427.433787735,"OLAM_P022",100
"74077",-6001.046922265,"OLAM_P022",25
"74078",-26887.691072265,"OLAM_P022",50
"74079",-39466.260142265,"OLAM_P022",100
"74080",-6350.87423226499,"OLAM_P022",25
"74081",-26816.309852265,"OLAM_P022",50
"74082",-29714.022882265,"OLAM_P022",100
"74083",-20651.566442265,"OLAM_P022",25
"74084",-18601.265502265,"OLAM_P022",50
"74085",-36212.129342265,"OLAM_P022",100
"74086",10304.028497735,"OLAM_P022",25
"74087",-16452.141432265,"OLAM_P022",50
"74088",-31390.490012265,"OLAM_P022",100
"74089",-13630.792532265,"OLAM_P022",25
"74090",32840.895597735,"OLAM_P022",50
"74091",-19781.982912265,"OLAM_P022",100
"74092",-2565.160742265,"OLAM_P022",25
"74093",-24727.213822265,"OLAM_P022",50
"74094",-43197.620682265,"OLAM_P022",100
"74095",-3279.11939226498,"OLAM_P022",25
"74096",-27391.170492265,"OLAM_P022",50
"74097",-38196.664902265,"OLAM_P022",100
"74098",-9088.03421226499,"OLAM_P022",25
"74099",-27388.956622265,"OLAM_P022",50
"74100",-38581.684542265,"OLAM_P022",100
"74101",-11970.495481948,"OLAM_P023",25
"74102",-46411.985451948,"OLAM_P023",50
"74103",-36003.353111948,"OLAM_P023",100
"74104",-6109.78287194797,"OLAM_P023",25
"74105",14826.556338052,"OLAM_P023",50
"74106",-54866.667391948,"OLAM_P023",100
"74107",-47254.654301948,"OLAM_P023",25
"74108",-17798.809351948,"OLAM_P023",50
"74109",-12907.801911948,"OLAM_P023",100
"74110",-7179.44696194801,"OLAM_P023",25
"74111",-48109.560701948,"OLAM_P023",50
"74112",-77166.490601948,"OLAM_P023",100
"74113",-7236.95196194801,"OLAM_P023",25
"74114",-39030.721101948,"OLAM_P023",50
"74115",-69181.915461948,"OLAM_P023",100
"74116",-12407.834831948,"OLAM_P023",25
"74117",21370.980908052,"OLAM_P023",50
"74118",-47473.888761948,"OLAM_P023",100
"74119",-7496.54912194802,"OLAM_P023",25
"74120",-48221.754321948,"OLAM_P023",50
"74121",44546.062518052,"OLAM_P023",100
"74122",-33702.578381948,"OLAM_P023",25
"74123",48119.543948052,"OLAM_P023",50
"74124",-39120.744291948,"OLAM_P023",100
"74125",-43253.335251948,"OLAM_P023",25
"74126",-48589.580851948,"OLAM_P023",50
"74127",-36242.987451948,"OLAM_P023",100
"74128",-14838.007961948,"OLAM_P023",25
"74129",6512.87723805202,"OLAM_P023",50
"74130",-17726.767821948,"OLAM_P023",100
"74131",-10199.124141948,"OLAM_P023",25
"74132",-61964.877911948,"OLAM_P023",50
"74133",-67855.063841948,"OLAM_P023",100
"74134",-13248.780471948,"OLAM_P023",25
"74135",-26651.081071948,"OLAM_P023",50
"74136",-78233.737131948,"OLAM_P023",100
"74137",-33426.134081948,"OLAM_P023",25
"74138",-24831.762171948,"OLAM_P023",50
"74139",-33579.366931948,"OLAM_P023",100
"74140",-38142.631071948,"OLAM_P023",25
"74141",-13822.694491948,"OLAM_P023",50
"74142",11956.776538052,"OLAM_P023",100
"74143",-37659.761661948,"OLAM_P023",25
"74144",-22519.542601948,"OLAM_P023",50
"74145",-74946.010281948,"OLAM_P023",100
"74146",-858.684591947997,"OLAM_P023",25
"74147",43492.516598052,"OLAM_P023",50
"74148",-74507.312201948,"OLAM_P023",100
"74149",-12057.123551948,"OLAM_P023",25
"74150",-19597.649681948,"OLAM_P023",50
"74151",-51050.186651948,"OLAM_P023",100
"74152",-4601.771821948,"OLAM_P023",25
"74153",22323.367908052,"OLAM_P023",50
"74154",-5009.88672194799,"OLAM_P023",100
"74155",-18065.393031948,"OLAM_P023",25
"74156",-19957.697331948,"OLAM_P023",50
"74157",-86743.864091948,"OLAM_P023",100
"74158",30953.425348052,"OLAM_P023",25
"74159",-22501.037951948,"OLAM_P023",50
"74160",-61609.683131948,"OLAM_P023",100
"74161",-1394.09552194801,"OLAM_P023",25
"74162",-17349.941901948,"OLAM_P023",50
"74163",-56150.176191948,"OLAM_P023",100
"74164",-18588.692341948,"OLAM_P023",25
"74165",-10654.989091948,"OLAM_P023",50
"74166",-8836.59473194799,"OLAM_P023",100
"74167",7866.77366805199,"OLAM_P023",25
"74168",-23648.548691948,"OLAM_P023",50
"74169",-66850.210021948,"OLAM_P023",100
"74170",1331.90478805202,"OLAM_P023",25
"74171",16574.265888052,"OLAM_P023",50
"74172",-52407.555761948,"OLAM_P023",100
"74173",-19738.960771948,"OLAM_P023",25
"74174",20408.864828052,"OLAM_P023",50
"74175",-45286.496741948,"OLAM_P023",100
"74176",-12648.976071948,"OLAM_P023",25
"74177",35806.745408052,"OLAM_P023",50
"74178",-12783.320941948,"OLAM_P023",100
"74179",-15129.610221948,"OLAM_P023",25
"74180",-51954.328701948,"OLAM_P023",50
"74181",-42954.607551948,"OLAM_P023",100
"74182",-1647.12252194801,"OLAM_P023",25
"74183",-21051.829311948,"OLAM_P023",50
"74184",-64079.666161948,"OLAM_P023",100
"74185",-24613.677381948,"OLAM_P023",25
"74186",-5108.13331194798,"OLAM_P023",50
"74187",-57514.791011948,"OLAM_P023",100
"74188",-7296.89873194799,"OLAM_P023",25
"74189",-23244.686561948,"OLAM_P023",50
"74190",-62906.355391948,"OLAM_P023",100
"74191",35496.240328052,"OLAM_P023",25
"74192",-3849.26443194802,"OLAM_P023",50
"74193",32904.477288052,"OLAM_P023",100
"74194",-5374.49390194798,"OLAM_P023",25
"74195",18056.667278052,"OLAM_P023",50
"74196",-77865.604461948,"OLAM_P023",100
"74197",-13351.898731948,"OLAM_P023",25
"74198",23805.162328052,"OLAM_P023",50
"74199",87428.048088052,"OLAM_P023",100
"74200",-14997.763591948,"OLAM_P023",25
"74201",-48822.464951948,"OLAM_P023",50
"74202",-42501.280761948,"OLAM_P023",100
"74203",-7401.77900194802,"OLAM_P023",25
"74204",-44991.307041948,"OLAM_P023",50
"74205",-80624.150501948,"OLAM_P023",100
"74206",-13204.747251948,"OLAM_P023",25
"74207",1474.48646805197,"OLAM_P023",50
"74208",-55880.989861948,"OLAM_P023",100
"74209",-5651.76418194798,"OLAM_P023",25
"74210",-26637.714741948,"OLAM_P023",50
"74211",-43015.221961948,"OLAM_P023",100
"74212",-15699.165131948,"OLAM_P023",25
"74213",-25067.927041948,"OLAM_P023",50
"74214",-63259.672541948,"OLAM_P023",100
"74215",4987.17061805201,"OLAM_P023",25
"74216",-57576.295121948,"OLAM_P023",50
"74217",-62674.841471948,"OLAM_P023",100
"74218",-11184.184841948,"OLAM_P023",25
"74219",-49392.225271948,"OLAM_P023",50
"74220",1350.35719805199,"OLAM_P023",100
"74221",-6155.38453194802,"OLAM_P023",25
"74222",-40755.760921948,"OLAM_P023",50
"74223",7310.021238052,"OLAM_P023",100
"74224",-428.452871948015,"OLAM_P023",25
"74225",-21122.779961948,"OLAM_P023",50
"74226",-44577.929241948,"OLAM_P023",100
"74227",-43114.898481948,"OLAM_P023",25
"74228",-46292.245091948,"OLAM_P023",50
"74229",-49643.408061948,"OLAM_P023",100
"74230",-46031.946231948,"OLAM_P023",25
"74231",45836.695868052,"OLAM_P023",50
"74232",-23107.508331948,"OLAM_P023",100
"74233",2844.58988805203,"OLAM_P023",25
"74234",-4676.04325194802,"OLAM_P023",50
"74235",-72060.955381948,"OLAM_P023",100
"74236",-3992.79151194799,"OLAM_P023",25
"74237",-19851.189201948,"OLAM_P023",50
"74238",-46392.341061948,"OLAM_P023",100
"74239",3949.48236805201,"OLAM_P023",25
"74240",-44787.272311948,"OLAM_P023",50
"74241",-43156.358511948,"OLAM_P023",100
"74242",-5819.998361948,"OLAM_P023",25
"74243",-42039.697361948,"OLAM_P023",50
"74244",-61384.007011948,"OLAM_P023",100
"74245",-1644.88262194803,"OLAM_P023",25
"74246",-32989.111041948,"OLAM_P023",50
"74247",-74448.592331948,"OLAM_P023",100
"74248",30485.213938052,"OLAM_P023",25
"74249",-37609.169521948,"OLAM_P023",50
"74250",-53797.033481948,"OLAM_P023",100
"74251",-14212.206071948,"OLAM_P023",25
"74252",-42609.542211948,"OLAM_P023",50
"74253",-47868.690471948,"OLAM_P023",100
"74254",-53515.528601948,"OLAM_P023",25
"74255",-46867.383471948,"OLAM_P023",50
"74256",-58748.578331948,"OLAM_P023",100
"74257",24045.457038052,"OLAM_P023",25
"74258",-25629.861461948,"OLAM_P023",50
"74259",16112.022728052,"OLAM_P023",100
"74260",-40969.457281948,"OLAM_P023",25
"74261",-49135.177011948,"OLAM_P023",50
"74262",-81461.252821948,"OLAM_P023",100
"74263",-14262.875311948,"OLAM_P023",25
"74264",-2662.37276194798,"OLAM_P023",50
"74265",-46138.179091948,"OLAM_P023",100
"74266",-45637.597401948,"OLAM_P023",25
"74267",-24909.379081948,"OLAM_P023",50
"74268",-84400.354051948,"OLAM_P023",100
"74269",-11242.353741948,"OLAM_P023",25
"74270",-49180.973191948,"OLAM_P023",50
"74271",-63142.087501948,"OLAM_P023",100
"74272",50384.135978052,"OLAM_P023",25
"74273",-4958.20373194799,"OLAM_P023",50
"74274",-30099.350081948,"OLAM_P023",100
"74275",-5395.77486194798,"OLAM_P023",25
"74276",-11143.972501948,"OLAM_P023",50
"74277",-48952.307041948,"OLAM_P023",100
"74278",2818.787208052,"OLAM_P023",25
"74279",13630.100288052,"OLAM_P023",50
"74280",-22511.699261948,"OLAM_P023",100
"74281",-4271.50161194801,"OLAM_P023",25
"74282",55932.568708052,"OLAM_P023",50
"74283",-72224.025481948,"OLAM_P023",100
"74284",2067.24854805198,"OLAM_P023",25
"74285",-46209.859871948,"OLAM_P023",50
"74286",-32861.968571948,"OLAM_P023",100
"74287",25845.680888052,"OLAM_P023",25
"74288",-15847.175811948,"OLAM_P023",50
"74289",-61336.717271948,"OLAM_P023",100
"74290",1763.28596805199,"OLAM_P023",25
"74291",-46847.553971948,"OLAM_P023",50
"74292",-7927.01818194799,"OLAM_P023",100
"74293",-5086.21431194799,"OLAM_P023",25
"74294",-22244.533151948,"OLAM_P023",50
"74295",-65453.396811948,"OLAM_P023",100
"74296",-11421.615301948,"OLAM_P023",25
"74297",18937.003198052,"OLAM_P023",50
"74298",-61056.842901948,"OLAM_P023",100
"74299",-36367.688031948,"OLAM_P023",25
"74300",40944.427148052,"OLAM_P023",50
"74301",-41211.102281948,"OLAM_P023",100
"74302",-16187.357171948,"OLAM_P023",25
"74303",-13805.934971948,"OLAM_P023",50
"74304",-62566.229971948,"OLAM_P023",100
"74305",-6221.64106194797,"OLAM_P023",25
"74306",-49865.895641948,"OLAM_P023",50
"74307",-44905.313981948,"OLAM_P023",100
"74308",6052.76894805202,"OLAM_P023",25
"74309",-16031.553081948,"OLAM_P023",50
"74310",-67939.310571948,"OLAM_P023",100
"74311",-17641.895981948,"OLAM_P023",25
"74312",-45293.876051948,"OLAM_P023",50
"74313",-32289.622501948,"OLAM_P023",100
"74314",3194.90114805201,"OLAM_P023",25
"74315",-24210.479991948,"OLAM_P023",50
"74316",-58074.255521948,"OLAM_P023",100
"74317",-31983.142481948,"OLAM_P023",25
"74318",10779.678688052,"OLAM_P023",50
"74319",-72417.827891948,"OLAM_P023",100
"74320",-15848.229301948,"OLAM_P023",25
"74321",-7172.65006194799,"OLAM_P023",50
"74322",-70973.575881948,"OLAM_P023",100
"74323",-16030.012591948,"OLAM_P023",25
"74324",-52773.698901948,"OLAM_P023",50
"74325",-23465.629691948,"OLAM_P023",100
"74326",-41425.197901948,"OLAM_P023",25
"74327",-44337.531931948,"OLAM_P023",50
"74328",-70853.103841948,"OLAM_P023",100
"74329",-40756.242321948,"OLAM_P023",25
"74330",-21775.576101948,"OLAM_P023",50
"74331",-39808.771021948,"OLAM_P023",100
"74332",-841.566341947997,"OLAM_P023",25
"74333",-57576.328831948,"OLAM_P023",50
"74334",-51112.016241948,"OLAM_P023",100
"74335",-52186.198631948,"OLAM_P023",25
"74336",4674.98221805197,"OLAM_P023",50
"74337",-71696.882411948,"OLAM_P023",100
"74338",-28452.476391948,"OLAM_P023",25
"74339",-54950.492481948,"OLAM_P023",50
"74340",-4487.79900194798,"OLAM_P023",100
"74341",-34046.464861948,"OLAM_P023",25
"74342",-60925.451081948,"OLAM_P023",50
"74343",-56198.328821948,"OLAM_P023",100
"74344",-35897.974071948,"OLAM_P023",25
"74345",-15601.471291948,"OLAM_P023",50
"74346",-77635.853871948,"OLAM_P023",100
"74347",-15072.033121948,"OLAM_P023",25
"74348",-14681.598911948,"OLAM_P023",50
"74349",-43957.743351948,"OLAM_P023",100
"74350",-17657.305441948,"OLAM_P023",25
"74351",-53080.237651948,"OLAM_P023",50
"74352",-75981.333411948,"OLAM_P023",100
"74353",-46031.469381948,"OLAM_P023",25
"74354",-10809.654951948,"OLAM_P023",50
"74355",-23839.384221948,"OLAM_P023",100
"74356",-19760.416701948,"OLAM_P023",25
"74357",-8379.02507194801,"OLAM_P023",50
"74358",-50456.497381948,"OLAM_P023",100
"74359",-23764.457881948,"OLAM_P023",25
"74360",-62473.338261948,"OLAM_P023",50
"74361",-32608.627271948,"OLAM_P023",100
"74362",-13283.224321948,"OLAM_P023",25
"74363",-48887.670661948,"OLAM_P023",50
"74364",-68426.407171948,"OLAM_P023",100
"74365",-6091.49042194802,"OLAM_P023",25
"74366",-37054.650481948,"OLAM_P023",50
"74367",-76340.880051948,"OLAM_P023",100
"74368",-5994.30697194801,"OLAM_P023",25
"74369",-26379.409581948,"OLAM_P023",50
"74370",-53499.977091948,"OLAM_P023",100
"74371",-15163.000511948,"OLAM_P023",25
"74372",-55931.264791948,"OLAM_P023",50
"74373",-66405.213811948,"OLAM_P023",100
"74374",-45433.807441948,"OLAM_P023",25
"74375",-2461.86730194802,"OLAM_P023",50
"74376",-48612.035961948,"OLAM_P023",100
"74377",-41924.995871948,"OLAM_P023",25
"74378",4609.942518052,"OLAM_P023",50
"74379",-66661.910931948,"OLAM_P023",100
"74380",2550.51635805197,"OLAM_P023",25
"74381",-55714.123031948,"OLAM_P023",50
"74382",-41981.493321948,"OLAM_P023",100
"74383",-9150.652921948,"OLAM_P023",25
"74384",-52387.099391948,"OLAM_P023",50
"74385",-73737.259051948,"OLAM_P023",100
"74386",-12076.113681948,"OLAM_P023",25
"74387",-31327.303751948,"OLAM_P023",50
"74388",33516.220468052,"OLAM_P023",100
"74389",-30298.176401948,"OLAM_P023",25
"74390",-21123.417771948,"OLAM_P023",50
"74391",-20495.460531948,"OLAM_P023",100
"74392",8412.64031805197,"OLAM_P023",25
"74393",-8503.51843194797,"OLAM_P023",50
"74394",-63728.428601948,"OLAM_P023",100
"74395",-15725.770971948,"OLAM_P023",25
"74396",-31019.410031948,"OLAM_P023",50
"74397",-39558.682121948,"OLAM_P023",100
"74398",-2138.202831948,"OLAM_P023",25
"74399",-50652.745171948,"OLAM_P023",50
"74400",-67717.715731948,"OLAM_P023",100
"74401",4030.17929138499,"OLAM_P024",25
"74402",-27177.396768615,"OLAM_P024",50
"74403",-3527.50302861503,"OLAM_P024",100
"74404",2749.358551385,"OLAM_P024",25
"74405",-904.473588615016,"OLAM_P024",50
"74406",-21598.275948615,"OLAM_P024",100
"74407",13885.617481385,"OLAM_P024",25
"74408",-10637.127798615,"OLAM_P024",50
"74409",-17307.494418615,"OLAM_P024",100
"74410",-1295.53716861503,"OLAM_P024",25
"74411",-34277.631258615,"OLAM_P024",50
"74412",-12006.909518615,"OLAM_P024",100
"74413",-10558.781778615,"OLAM_P024",25
"74414",22739.196861385,"OLAM_P024",50
"74415",341.585311384988,"OLAM_P024",100
"74416",-2030.66128861503,"OLAM_P024",25
"74417",-1310.79382861499,"OLAM_P024",50
"74418",-15831.896838615,"OLAM_P024",100
"74419",9619.47248138499,"OLAM_P024",25
"74420",-13257.501868615,"OLAM_P024",50
"74421",-9266.00358861499,"OLAM_P024",100
"74422",-28672.158088615,"OLAM_P024",25
"74423",13664.183841385,"OLAM_P024",50
"74424",-16999.911608615,"OLAM_P024",100
"74425",2436.80450138502,"OLAM_P024",25
"74426",-17542.396518615,"OLAM_P024",50
"74427",7744.969601385,"OLAM_P024",100
"74428",-30019.062928615,"OLAM_P024",25
"74429",-9306.691518615,"OLAM_P024",50
"74430",-3860.37871861499,"OLAM_P024",100
"74431",14059.299261385,"OLAM_P024",25
"74432",-12967.258048615,"OLAM_P024",50
"74433",-8925.78836861503,"OLAM_P024",100
"74434",-8370.33231861499,"OLAM_P024",25
"74435",16639.902811385,"OLAM_P024",50
"74436",-19232.218758615,"OLAM_P024",100
"74437",5026.11051138496,"OLAM_P024",25
"74438",1075.64856138499,"OLAM_P024",50
"74439",11357.744961385,"OLAM_P024",100
"74440",-3700.44971861498,"OLAM_P024",25
"74441",7209.75849138497,"OLAM_P024",50
"74442",2525.56723138498,"OLAM_P024",100
"74443",1418.92870138498,"OLAM_P024",25
"74444",-427.993938615022,"OLAM_P024",50
"74445",-21828.214008615,"OLAM_P024",100
"74446",434.685121384973,"OLAM_P024",25
"74447",10268.571661385,"OLAM_P024",50
"74448",-2439.73281861498,"OLAM_P024",100
"74449",-6657.51632861502,"OLAM_P024",25
"74450",-7312.55232861498,"OLAM_P024",50
"74451",-11609.937228615,"OLAM_P024",100
"74452",-1933.85408861499,"OLAM_P024",25
"74453",-14096.397168615,"OLAM_P024",50
"74454",-1493.499018615,"OLAM_P024",100
"74455",-690.142908615002,"OLAM_P024",25
"74456",-12476.487988615,"OLAM_P024",50
"74457",-19913.304468615,"OLAM_P024",100
"74458",-2178.43926861498,"OLAM_P024",25
"74459",20414.324041385,"OLAM_P024",50
"74460",-10725.160148615,"OLAM_P024",100
"74461",-9639.93386861501,"OLAM_P024",25
"74462",3943.62687138497,"OLAM_P024",50
"74463",15851.076391385,"OLAM_P024",100
"74464",4889.950291385,"OLAM_P024",25
"74465",-6035.74790861498,"OLAM_P024",50
"74466",-26004.274528615,"OLAM_P024",100
"74467",-8293.87935861503,"OLAM_P024",25
"74468",-16414.547858615,"OLAM_P024",50
"74469",-11461.604438615,"OLAM_P024",100
"74470",-6880.39331861498,"OLAM_P024",25
"74471",-11510.821508615,"OLAM_P024",50
"74472",-7122.421008615,"OLAM_P024",100
"74473",-13681.476828615,"OLAM_P024",25
"74474",29417.695751385,"OLAM_P024",50
"74475",-14591.642948615,"OLAM_P024",100
"74476",11915.973771385,"OLAM_P024",25
"74477",-23988.287308615,"OLAM_P024",50
"74478",-11216.992718615,"OLAM_P024",100
"74479",3811.738421385,"OLAM_P024",25
"74480",43121.411141385,"OLAM_P024",50
"74481",-7392.22347861499,"OLAM_P024",100
"74482",28889.364601385,"OLAM_P024",25
"74483",1295.23275138502,"OLAM_P024",50
"74484",1830.32502138498,"OLAM_P024",100
"74485",2588.91051138501,"OLAM_P024",25
"74486",-7296.62312861503,"OLAM_P024",50
"74487",-7658.95830861502,"OLAM_P024",100
"74488",-10018.411988615,"OLAM_P024",25
"74489",1720.91751138499,"OLAM_P024",50
"74490",-4298.888298615,"OLAM_P024",100
"74491",-1214.86719861499,"OLAM_P024",25
"74492",8894.20817138499,"OLAM_P024",50
"74493",4240.27740138501,"OLAM_P024",100
"74494",-18891.554998615,"OLAM_P024",25
"74495",6837.68540138501,"OLAM_P024",50
"74496",-4775.06089861499,"OLAM_P024",100
"74497",-7439.56676861498,"OLAM_P024",25
"74498",5800.38421138498,"OLAM_P024",50
"74499",-12894.819998615,"OLAM_P024",100
"74500",-5601.255838615,"OLAM_P024",25
"74501",17596.185691385,"OLAM_P024",50
"74502",1262.437961385,"OLAM_P024",100
"74503",-23014.309918615,"OLAM_P024",25
"74504",-8897.43494861503,"OLAM_P024",50
"74505",-1285.20265861502,"OLAM_P024",100
"74506",-10503.172018615,"OLAM_P024",25
"74507",-9438.98768861499,"OLAM_P024",50
"74508",19223.932981385,"OLAM_P024",100
"74509",-7187.052728615,"OLAM_P024",25
"74510",-13495.216918615,"OLAM_P024",50
"74511",158.160291384964,"OLAM_P024",100
"74512",-11957.494078615,"OLAM_P024",25
"74513",4778.24123138498,"OLAM_P024",50
"74514",-6451.37535861501,"OLAM_P024",100
"74515",1270.08673138497,"OLAM_P024",25
"74516",-14956.933378615,"OLAM_P024",50
"74517",-17641.139808615,"OLAM_P024",100
"74518",11082.280681385,"OLAM_P024",25
"74519",-2248.42257861502,"OLAM_P024",50
"74520",-34165.124288615,"OLAM_P024",100
"74521",-1868.85557861498,"OLAM_P024",25
"74522",-14175.365928615,"OLAM_P024",50
"74523",-5855.57939861499,"OLAM_P024",100
"74524",8873.43791138497,"OLAM_P024",25
"74525",-3874.99657861498,"OLAM_P024",50
"74526",-18677.335738615,"OLAM_P024",100
"74527",18079.060301385,"OLAM_P024",25
"74528",-11918.830768615,"OLAM_P024",50
"74529",-12352.753848615,"OLAM_P024",100
"74530",8279.494391385,"OLAM_P024",25
"74531",2218.45752138499,"OLAM_P024",50
"74532",-13521.492088615,"OLAM_P024",100
"74533",2971.97098138498,"OLAM_P024",25
"74534",-23222.109508615,"OLAM_P024",50
"74535",11263.849871385,"OLAM_P024",100
"74536",-2382.05829861498,"OLAM_P024",25
"74537",-9010.50162861502,"OLAM_P024",50
"74538",-28183.325188615,"OLAM_P024",100
"74539",-7954.137068615,"OLAM_P024",25
"74540",48212.593331385,"OLAM_P024",50
"74541",15027.238591385,"OLAM_P024",100
"74542",9918.99847138498,"OLAM_P024",25
"74543",6805.16282138502,"OLAM_P024",50
"74544",-4257.75811861502,"OLAM_P024",100
"74545",963.150231384963,"OLAM_P024",25
"74546",-19247.884048615,"OLAM_P024",50
"74547",-6338.39520861499,"OLAM_P024",100
"74548",3885.22792138497,"OLAM_P024",25
"74549",-13284.067488615,"OLAM_P024",50
"74550",5550.17495138501,"OLAM_P024",100
"74551",4791.44238138502,"OLAM_P024",25
"74552",14636.370291385,"OLAM_P024",50
"74553",-4890.98312861501,"OLAM_P024",100
"74554",-16636.035568615,"OLAM_P024",25
"74555",8105.98505138501,"OLAM_P024",50
"74556",-8921.35616861499,"OLAM_P024",100
"74557",6399.51562138501,"OLAM_P024",25
"74558",27755.828501385,"OLAM_P024",50
"74559",-12296.674598615,"OLAM_P024",100
"74560",10932.530201385,"OLAM_P024",25
"74561",-25013.162638615,"OLAM_P024",50
"74562",11433.863671385,"OLAM_P024",100
"74563",-18588.761448615,"OLAM_P024",25
"74564",-21538.591048615,"OLAM_P024",50
"74565",11322.788281385,"OLAM_P024",100
"74566",22949.370241385,"OLAM_P024",25
"74567",-21136.529728615,"OLAM_P024",50
"74568",4752.12450138497,"OLAM_P024",100
"74569",-5556.35288861499,"OLAM_P024",25
"74570",-11841.206618615,"OLAM_P024",50
"74571",23902.184071385,"OLAM_P024",100
"74572",-7162.12584861502,"OLAM_P024",25
"74573",-13172.319598615,"OLAM_P024",50
"74574",-31113.458148615,"OLAM_P024",100
"74575",2620.29316138499,"OLAM_P024",25
"74576",-6082.01318861503,"OLAM_P024",50
"74577",6803.63290138502,"OLAM_P024",100
"74578",-14315.195088615,"OLAM_P024",25
"74579",-12056.658848615,"OLAM_P024",50
"74580",-5014.14568861498,"OLAM_P024",100
"74581",-19924.184478615,"OLAM_P024",25
"74582",-1137.93094861502,"OLAM_P024",50
"74583",1185.11417138501,"OLAM_P024",100
"74584",9603.06385138497,"OLAM_P024",25
"74585",14100.525621385,"OLAM_P024",50
"74586",447.456121384981,"OLAM_P024",100
"74587",4541.96656138496,"OLAM_P024",25
"74588",-16783.457508615,"OLAM_P024",50
"74589",10069.609991385,"OLAM_P024",100
"74590",10332.426101385,"OLAM_P024",25
"74591",-29415.611118615,"OLAM_P024",50
"74592",-17841.045878615,"OLAM_P024",100
"74593",2086.58281138499,"OLAM_P024",25
"74594",6199.78460138501,"OLAM_P024",50
"74595",-17861.709848615,"OLAM_P024",100
"74596",-1133.87564861501,"OLAM_P024",25
"74597",17161.917651385,"OLAM_P024",50
"74598",-5373.20415861503,"OLAM_P024",100
"74599",-9527.168578615,"OLAM_P024",25
"74600",5401.95160138496,"OLAM_P024",50
"74601",-2346.86651861499,"OLAM_P024",100
"74602",3538.464831385,"OLAM_P024",25
"74603",-17117.454318615,"OLAM_P024",50
"74604",-13942.251938615,"OLAM_P024",100
"74605",-15226.780568615,"OLAM_P024",25
"74606",22695.951221385,"OLAM_P024",50
"74607",1279.23610138497,"OLAM_P024",100
"74608",7261.47962138499,"OLAM_P024",25
"74609",-10828.206218615,"OLAM_P024",50
"74610",7270.01239138498,"OLAM_P024",100
"74611",-21911.226088615,"OLAM_P024",25
"74612",-6118.26622861502,"OLAM_P024",50
"74613",-812.356038614991,"OLAM_P024",100
"74614",-963.992918614997,"OLAM_P024",25
"74615",-8392.25717861502,"OLAM_P024",50
"74616",13088.234681385,"OLAM_P024",100
"74617",-8608.881778615,"OLAM_P024",25
"74618",-15100.164948615,"OLAM_P024",50
"74619",15829.691091385,"OLAM_P024",100
"74620",-14066.378028615,"OLAM_P024",25
"74621",-8591.76902861503,"OLAM_P024",50
"74622",-11512.389228615,"OLAM_P024",100
"74623",5604.26964138501,"OLAM_P024",25
"74624",-5441.03658861498,"OLAM_P024",50
"74625",-7370.910558615,"OLAM_P024",100
"74626",-27129.635718615,"OLAM_P024",25
"74627",-8550.48223861499,"OLAM_P024",50
"74628",-1564.72269861499,"OLAM_P024",100
"74629",-10578.851568615,"OLAM_P024",25
"74630",-7590.67674861499,"OLAM_P024",50
"74631",33235.547731385,"OLAM_P024",100
"74632",-3787.875678615,"OLAM_P024",25
"74633",8462.65930138499,"OLAM_P024",50
"74634",-23013.135348615,"OLAM_P024",100
"74635",-22662.326918615,"OLAM_P024",25
"74636",-6593.83914861502,"OLAM_P024",50
"74637",-12871.325518615,"OLAM_P024",100
"74638",-14570.107838615,"OLAM_P024",25
"74639",-18561.663338615,"OLAM_P024",50
"74640",4014.10944138496,"OLAM_P024",100
"74641",-4021.66222861502,"OLAM_P024",25
"74642",6735.70398138498,"OLAM_P024",50
"74643",-1690.94214861502,"OLAM_P024",100
"74644",4485.92307138501,"OLAM_P024",25
"74645",-13092.642298615,"OLAM_P024",50
"74646",14999.051171385,"OLAM_P024",100
"74647",-6212.10909861501,"OLAM_P024",25
"74648",-14732.477828615,"OLAM_P024",50
"74649",-1245.40401861502,"OLAM_P024",100
"74650",30844.418481385,"OLAM_P024",25
"74651",6850.14699138497,"OLAM_P024",50
"74652",-4546.65503861499,"OLAM_P024",100
"74653",2117.19295138499,"OLAM_P024",25
"74654",-18658.773678615,"OLAM_P024",50
"74655",4570.60097138502,"OLAM_P024",100
"74656",-24217.495458615,"OLAM_P024",25
"74657",19307.683581385,"OLAM_P024",50
"74658",-14457.112038615,"OLAM_P024",100
"74659",-41.1047386149876,"OLAM_P024",25
"74660",3656.25810138497,"OLAM_P024",50
"74661",-9586.32918861503,"OLAM_P024",100
"74662",1042.98906138499,"OLAM_P024",25
"74663",16417.020651385,"OLAM_P024",50
"74664",44364.144131385,"OLAM_P024",100
"74665",11738.344201385,"OLAM_P024",25
"74666",11463.597531385,"OLAM_P024",50
"74667",-30772.825638615,"OLAM_P024",100
"74668",331.659281385015,"OLAM_P024",25
"74669",-812.687678614981,"OLAM_P024",50
"74670",-7684.505898615,"OLAM_P024",100
"74671",8475.094501385,"OLAM_P024",25
"74672",387.868701384985,"OLAM_P024",50
"74673",-3943.93094861502,"OLAM_P024",100
"74674",14539.177781385,"OLAM_P024",25
"74675",-15209.103218615,"OLAM_P024",50
"74676",17333.575471385,"OLAM_P024",100
"74677",1662.23783138499,"OLAM_P024",25
"74678",2963.19155138498,"OLAM_P024",50
"74679",12226.036251385,"OLAM_P024",100
"74680",-5.42317861499032,"OLAM_P024",25
"74681",-3127.24307861499,"OLAM_P024",50
"74682",1372.41595138499,"OLAM_P024",100
"74683",-1650.05281861499,"OLAM_P024",25
"74684",-9008.675618615,"OLAM_P024",50
"74685",-12124.585168615,"OLAM_P024",100
"74686",6814.21572138497,"OLAM_P024",25
"74687",-5564.46045861498,"OLAM_P024",50
"74688",-23762.231888615,"OLAM_P024",100
"74689",2726.12752138497,"OLAM_P024",25
"74690",4047.45255138498,"OLAM_P024",50
"74691",-6831.67596861499,"OLAM_P024",100
"74692",-4615.42328861501,"OLAM_P024",25
"74693",13081.414161385,"OLAM_P024",50
"74694",-19418.051558615,"OLAM_P024",100
"74695",-1506.133788615,"OLAM_P024",25
"74696",11044.455731385,"OLAM_P024",50
"74697",-12793.624508615,"OLAM_P024",100
"74698",155.479391384986,"OLAM_P024",25
"74699",-18660.735678615,"OLAM_P024",50
"74700",15868.286651385,"OLAM_P024",100
"74701",-44947.965919154,"OLAM_P025",25
"74702",-61335.771249154,"OLAM_P025",50
"74703",-90665.746379154,"OLAM_P025",100
"74704",-12867.116389154,"OLAM_P025",25
"74705",-50933.167039154,"OLAM_P025",50
"74706",-116222.679349154,"OLAM_P025",100
"74707",-58644.062399154,"OLAM_P025",25
"74708",-72330.971819154,"OLAM_P025",50
"74709",-95236.896439154,"OLAM_P025",100
"74710",-43428.409149154,"OLAM_P025",25
"74711",-66933.797559154,"OLAM_P025",50
"74712",-92592.515059154,"OLAM_P025",100
"74713",-2108.30568915396,"OLAM_P025",25
"74714",-43893.4625491539,"OLAM_P025",50
"74715",-80373.765969154,"OLAM_P025",100
"74716",-14524.255309154,"OLAM_P025",25
"74717",-62958.496949154,"OLAM_P025",50
"74718",-124687.080399154,"OLAM_P025",100
"74719",-51007.156599154,"OLAM_P025",25
"74720",-41605.547909154,"OLAM_P025",50
"74721",-101476.481909154,"OLAM_P025",100
"74722",-6428.75270915398,"OLAM_P025",25
"74723",-27064.811429154,"OLAM_P025",50
"74724",-127190.839139154,"OLAM_P025",100
"74725",-62749.269779154,"OLAM_P025",25
"74726",-75177.759459154,"OLAM_P025",50
"74727",-96548.005849154,"OLAM_P025",100
"74728",-10155.470679154,"OLAM_P025",25
"74729",-40905.032279154,"OLAM_P025",50
"74730",-95237.903589154,"OLAM_P025",100
"74731",-19595.664499154,"OLAM_P025",25
"74732",-71857.158589154,"OLAM_P025",50
"74733",-86996.384639154,"OLAM_P025",100
"74734",-50510.342009154,"OLAM_P025",25
"74735",-70803.731739154,"OLAM_P025",50
"74736",-123434.242489154,"OLAM_P025",100
"74737",-33693.797789154,"OLAM_P025",25
"74738",-72889.637119154,"OLAM_P025",50
"74739",-126160.640149154,"OLAM_P025",100
"74740",-22766.310799154,"OLAM_P025",25
"74741",-56358.1391791539,"OLAM_P025",50
"74742",-104565.024329154,"OLAM_P025",100
"74743",-23090.459559154,"OLAM_P025",25
"74744",-39385.627229154,"OLAM_P025",50
"74745",-80984.397299154,"OLAM_P025",100
"74746",-33019.073479154,"OLAM_P025",25
"74747",-38608.957589154,"OLAM_P025",50
"74748",-82669.759919154,"OLAM_P025",100
"74749",-31043.596549154,"OLAM_P025",25
"74750",-61499.915239154,"OLAM_P025",50
"74751",-111050.506029154,"OLAM_P025",100
"74752",-33355.893069154,"OLAM_P025",25
"74753",-79097.831019154,"OLAM_P025",50
"74754",-135402.598069154,"OLAM_P025",100
"74755",-43116.376849154,"OLAM_P025",25
"74756",-36070.151949154,"OLAM_P025",50
"74757",-120395.163869154,"OLAM_P025",100
"74758",-19828.040899154,"OLAM_P025",25
"74759",-46555.188239154,"OLAM_P025",50
"74760",-127439.061429154,"OLAM_P025",100
"74761",-26496.009109154,"OLAM_P025",25
"74762",-60668.151829154,"OLAM_P025",50
"74763",-131297.198509154,"OLAM_P025",100
"74764",-35164.790939154,"OLAM_P025",25
"74765",-56013.5302391539,"OLAM_P025",50
"74766",-95237.783509154,"OLAM_P025",100
"74767",-49133.230959154,"OLAM_P025",25
"74768",-74176.958399154,"OLAM_P025",50
"74769",-99418.750609154,"OLAM_P025",100
"74770",-33646.177829154,"OLAM_P025",25
"74771",-90405.903349154,"OLAM_P025",50
"74772",-93011.527009154,"OLAM_P025",100
"74773",-22860.424559154,"OLAM_P025",25
"74774",-43565.493319154,"OLAM_P025",50
"74775",-83942.239959154,"OLAM_P025",100
"74776",-17465.771949154,"OLAM_P025",25
"74777",-68725.312159154,"OLAM_P025",50
"74778",-108705.784589154,"OLAM_P025",100
"74779",-9633.45675915398,"OLAM_P025",25
"74780",-63494.027119154,"OLAM_P025",50
"74781",-117819.602509154,"OLAM_P025",100
"74782",-32061.409009154,"OLAM_P025",25
"74783",-28403.113579154,"OLAM_P025",50
"74784",-110296.165739154,"OLAM_P025",100
"74785",-49811.191689154,"OLAM_P025",25
"74786",-50966.716049154,"OLAM_P025",50
"74787",-112751.515049154,"OLAM_P025",100
"74788",-45498.295909154,"OLAM_P025",25
"74789",-64670.476289154,"OLAM_P025",50
"74790",-109214.857789154,"OLAM_P025",100
"74791",-20197.413499154,"OLAM_P025",25
"74792",-61215.447969154,"OLAM_P025",50
"74793",-114323.157149154,"OLAM_P025",100
"74794",-41866.278529154,"OLAM_P025",25
"74795",-52323.058479154,"OLAM_P025",50
"74796",-93784.428939154,"OLAM_P025",100
"74797",-11234.643319154,"OLAM_P025",25
"74798",-32652.930629154,"OLAM_P025",50
"74799",-91463.289079154,"OLAM_P025",100
"74800",-41616.069069154,"OLAM_P025",25
"74801",-20684.9196491539,"OLAM_P025",50
"74802",-105199.697619154,"OLAM_P025",100
"74803",-3938.67819915398,"OLAM_P025",25
"74804",-66639.549829154,"OLAM_P025",50
"74805",-110443.632459154,"OLAM_P025",100
"74806",-17020.790379154,"OLAM_P025",25
"74807",-38325.8310591539,"OLAM_P025",50
"74808",-94517.617259154,"OLAM_P025",100
"74809",-40934.082539154,"OLAM_P025",25
"74810",-59483.670029154,"OLAM_P025",50
"74811",-122721.422759154,"OLAM_P025",100
"74812",-8474.71263915399,"OLAM_P025",25
"74813",-29186.026439154,"OLAM_P025",50
"74814",-119527.796399154,"OLAM_P025",100
"74815",-28672.162029154,"OLAM_P025",25
"74816",-58872.202419154,"OLAM_P025",50
"74817",-115037.108499154,"OLAM_P025",100
"74818",-36191.090749154,"OLAM_P025",25
"74819",-46814.278859154,"OLAM_P025",50
"74820",-95162.101449154,"OLAM_P025",100
"74821",-19489.930139154,"OLAM_P025",25
"74822",-46769.343239154,"OLAM_P025",50
"74823",-87675.338909154,"OLAM_P025",100
"74824",-45561.365049154,"OLAM_P025",25
"74825",-58653.299449154,"OLAM_P025",50
"74826",-132255.197049154,"OLAM_P025",100
"74827",-22980.3370291539,"OLAM_P025",25
"74828",-43289.003889154,"OLAM_P025",50
"74829",-88166.652639154,"OLAM_P025",100
"74830",-11872.943129154,"OLAM_P025",25
"74831",-48494.957139154,"OLAM_P025",50
"74832",-82312.126489154,"OLAM_P025",100
"74833",-13856.519379154,"OLAM_P025",25
"74834",-39764.969859154,"OLAM_P025",50
"74835",-68236.159279154,"OLAM_P025",100
"74836",-63408.048599154,"OLAM_P025",25
"74837",-69484.288259154,"OLAM_P025",50
"74838",-122007.757429154,"OLAM_P025",100
"74839",-40208.556729154,"OLAM_P025",25
"74840",-65211.896659154,"OLAM_P025",50
"74841",-110468.705029154,"OLAM_P025",100
"74842",-4257.36501915398,"OLAM_P025",25
"74843",-67470.887129154,"OLAM_P025",50
"74844",-108205.197459154,"OLAM_P025",100
"74845",-332.686759153963,"OLAM_P025",25
"74846",-62713.192249154,"OLAM_P025",50
"74847",-134994.548439154,"OLAM_P025",100
"74848",-41256.299479154,"OLAM_P025",25
"74849",-45834.353409154,"OLAM_P025",50
"74850",-102215.310719154,"OLAM_P025",100
"74851",-21786.035329154,"OLAM_P025",25
"74852",-69763.094439154,"OLAM_P025",50
"74853",-99588.969599154,"OLAM_P025",100
"74854",-34321.183749154,"OLAM_P025",25
"74855",-55557.248499154,"OLAM_P025",50
"74856",-92120.103099154,"OLAM_P025",100
"74857",-7380.33354915399,"OLAM_P025",25
"74858",-45489.245869154,"OLAM_P025",50
"74859",-85501.851779154,"OLAM_P025",100
"74860",-29039.844179154,"OLAM_P025",25
"74861",-66030.954059154,"OLAM_P025",50
"74862",-100064.654119154,"OLAM_P025",100
"74863",-6606.12792915397,"OLAM_P025",25
"74864",-54070.003429154,"OLAM_P025",50
"74865",-85181.507309154,"OLAM_P025",100
"74866",-21589.443149154,"OLAM_P025",25
"74867",-54160.885489154,"OLAM_P025",50
"74868",-120158.547879154,"OLAM_P025",100
"74869",-42969.7604791539,"OLAM_P025",25
"74870",-47279.917049154,"OLAM_P025",50
"74871",-85308.094059154,"OLAM_P025",100
"74872",-45888.126209154,"OLAM_P025",25
"74873",-36230.497169154,"OLAM_P025",50
"74874",-106665.030649154,"OLAM_P025",100
"74875",-16022.933669154,"OLAM_P025",25
"74876",-30692.374059154,"OLAM_P025",50
"74877",-126622.422309154,"OLAM_P025",100
"74878",-28676.5625291539,"OLAM_P025",25
"74879",-60795.135169154,"OLAM_P025",50
"74880",-120409.656929154,"OLAM_P025",100
"74881",-15533.7426291539,"OLAM_P025",25
"74882",-72293.784109154,"OLAM_P025",50
"74883",-118712.271559154,"OLAM_P025",100
"74884",-50532.118379154,"OLAM_P025",25
"74885",-69922.035869154,"OLAM_P025",50
"74886",-77072.134379154,"OLAM_P025",100
"74887",-40844.973299154,"OLAM_P025",25
"74888",-52367.938889154,"OLAM_P025",50
"74889",-109637.128679154,"OLAM_P025",100
"74890",-30085.163819154,"OLAM_P025",25
"74891",-66149.277619154,"OLAM_P025",50
"74892",-125240.886369154,"OLAM_P025",100
"74893",-385.978969153948,"OLAM_P025",25
"74894",-66783.000859154,"OLAM_P025",50
"74895",-103654.068729154,"OLAM_P025",100
"74896",-36970.213289154,"OLAM_P025",25
"74897",-46216.912229154,"OLAM_P025",50
"74898",-127083.676859154,"OLAM_P025",100
"74899",-17947.089169154,"OLAM_P025",25
"74900",-66422.068409154,"OLAM_P025",50
"74901",-81837.148079154,"OLAM_P025",100
"74902",-30870.558389154,"OLAM_P025",25
"74903",-51419.518899154,"OLAM_P025",50
"74904",-97358.053719154,"OLAM_P025",100
"74905",-36444.756959154,"OLAM_P025",25
"74906",-63896.314929154,"OLAM_P025",50
"74907",-118219.467399154,"OLAM_P025",100
"74908",-27476.177799154,"OLAM_P025",25
"74909",-62037.952509154,"OLAM_P025",50
"74910",-101033.893469154,"OLAM_P025",100
"74911",-26908.220049154,"OLAM_P025",25
"74912",-5116.58616915398,"OLAM_P025",50
"74913",-88582.858429154,"OLAM_P025",100
"74914",-59689.135289154,"OLAM_P025",25
"74915",-57286.569099154,"OLAM_P025",50
"74916",-106596.874299154,"OLAM_P025",100
"74917",-26617.215369154,"OLAM_P025",25
"74918",-58292.162029154,"OLAM_P025",50
"74919",-91809.352499154,"OLAM_P025",100
"74920",-43129.738939154,"OLAM_P025",25
"74921",-37086.168929154,"OLAM_P025",50
"74922",-79346.416749154,"OLAM_P025",100
"74923",-23679.869889154,"OLAM_P025",25
"74924",-80470.449829154,"OLAM_P025",50
"74925",-127724.266679154,"OLAM_P025",100
"74926",-25135.902109154,"OLAM_P025",25
"74927",-78620.382439154,"OLAM_P025",50
"74928",-110342.307179154,"OLAM_P025",100
"74929",-21591.868699154,"OLAM_P025",25
"74930",-61274.150879154,"OLAM_P025",50
"74931",-109589.242409154,"OLAM_P025",100
"74932",-38545.959279154,"OLAM_P025",25
"74933",-56347.472289154,"OLAM_P025",50
"74934",-96255.157909154,"OLAM_P025",100
"74935",-18454.120799154,"OLAM_P025",25
"74936",-70516.390769154,"OLAM_P025",50
"74937",-105818.880989154,"OLAM_P025",100
"74938",-27841.267269154,"OLAM_P025",25
"74939",-83680.243499154,"OLAM_P025",50
"74940",-85048.576479154,"OLAM_P025",100
"74941",-12347.265869154,"OLAM_P025",25
"74942",-51146.061799154,"OLAM_P025",50
"74943",-127923.771479154,"OLAM_P025",100
"74944",-42932.405119154,"OLAM_P025",25
"74945",-91642.306869154,"OLAM_P025",50
"74946",-100472.305459154,"OLAM_P025",100
"74947",-42832.160339154,"OLAM_P025",25
"74948",-34169.882929154,"OLAM_P025",50
"74949",-120415.241459154,"OLAM_P025",100
"74950",-15951.780269154,"OLAM_P025",25
"74951",-34063.849149154,"OLAM_P025",50
"74952",-96657.380959154,"OLAM_P025",100
"74953",-11473.375379154,"OLAM_P025",25
"74954",-85992.597639154,"OLAM_P025",50
"74955",-128079.124379154,"OLAM_P025",100
"74956",-10733.383539154,"OLAM_P025",25
"74957",-73852.638319154,"OLAM_P025",50
"74958",-100480.381259154,"OLAM_P025",100
"74959",-21209.642209154,"OLAM_P025",25
"74960",-39700.565149154,"OLAM_P025",50
"74961",-108957.877329154,"OLAM_P025",100
"74962",-26908.633279154,"OLAM_P025",25
"74963",-66665.607199154,"OLAM_P025",50
"74964",-74992.515339154,"OLAM_P025",100
"74965",-8503.51095915399,"OLAM_P025",25
"74966",-83580.472539154,"OLAM_P025",50
"74967",-126931.814799154,"OLAM_P025",100
"74968",-29749.726669154,"OLAM_P025",25
"74969",-73871.135189154,"OLAM_P025",50
"74970",-98900.480599154,"OLAM_P025",100
"74971",-29572.567259154,"OLAM_P025",25
"74972",-42230.0795991539,"OLAM_P025",50
"74973",-128529.402459154,"OLAM_P025",100
"74974",-4505.29599915398,"OLAM_P025",25
"74975",-87442.395079154,"OLAM_P025",50
"74976",-83653.229939154,"OLAM_P025",100
"74977",-30960.193039154,"OLAM_P025",25
"74978",-37348.9042991539,"OLAM_P025",50
"74979",-117830.295619154,"OLAM_P025",100
"74980",-43681.332079154,"OLAM_P025",25
"74981",-62609.637879154,"OLAM_P025",50
"74982",-131865.721069154,"OLAM_P025",100
"74983",-25910.501789154,"OLAM_P025",25
"74984",-67828.654559154,"OLAM_P025",50
"74985",-70854.972449154,"OLAM_P025",100
"74986",-19955.230769154,"OLAM_P025",25
"74987",-70806.444819154,"OLAM_P025",50
"74988",-124650.655709154,"OLAM_P025",100
"74989",-9690.08476915397,"OLAM_P025",25
"74990",-58582.901729154,"OLAM_P025",50
"74991",-107999.479269154,"OLAM_P025",100
"74992",-33961.417319154,"OLAM_P025",25
"74993",-35927.988819154,"OLAM_P025",50
"74994",-74073.143289154,"OLAM_P025",100
"74995",-41862.315079154,"OLAM_P025",25
"74996",-57112.869139154,"OLAM_P025",50
"74997",-120380.965749154,"OLAM_P025",100
"74998",-13458.134649154,"OLAM_P025",25
"74999",-63793.730389154,"OLAM_P025",50
"75000",-127989.935629154,"OLAM_P025",100
"75001",-12364.395917389,"OLAM_P026",25
"75002",-14762.032207389,"OLAM_P026",50
"75003",-81046.721007389,"OLAM_P026",100
"75004",1424.255442611,"OLAM_P026",25
"75005",-37876.958537389,"OLAM_P026",50
"75006",-72052.962357389,"OLAM_P026",100
"75007",-26319.041247389,"OLAM_P026",25
"75008",-23493.025897389,"OLAM_P026",50
"75009",-77381.719947389,"OLAM_P026",100
"75010",-27324.190497389,"OLAM_P026",25
"75011",-35017.646147389,"OLAM_P026",50
"75012",-72069.221807389,"OLAM_P026",100
"75013",-26044.722017389,"OLAM_P026",25
"75014",-53724.193117389,"OLAM_P026",50
"75015",-43663.882287389,"OLAM_P026",100
"75016",-16116.676807389,"OLAM_P026",25
"75017",-24894.862277389,"OLAM_P026",50
"75018",-79112.729577389,"OLAM_P026",100
"75019",-6969.96968738901,"OLAM_P026",25
"75020",-24005.215767389,"OLAM_P026",50
"75021",-73639.608807389,"OLAM_P026",100
"75022",-6074.02376738901,"OLAM_P026",25
"75023",-39854.321417389,"OLAM_P026",50
"75024",-66636.569797389,"OLAM_P026",100
"75025",-28948.586747389,"OLAM_P026",25
"75026",-19059.111917389,"OLAM_P026",50
"75027",-73247.999527389,"OLAM_P026",100
"75028",-21430.132167389,"OLAM_P026",25
"75029",-35984.566257389,"OLAM_P026",50
"75030",-73149.156747389,"OLAM_P026",100
"75031",-3500.12975738902,"OLAM_P026",25
"75032",-27975.212097389,"OLAM_P026",50
"75033",-58263.994917389,"OLAM_P026",100
"75034",-12116.622387389,"OLAM_P026",25
"75035",-30802.509087389,"OLAM_P026",50
"75036",-65299.722757389,"OLAM_P026",100
"75037",-39210.807067389,"OLAM_P026",25
"75038",-29116.535997389,"OLAM_P026",50
"75039",-60932.990557389,"OLAM_P026",100
"75040",-15795.248147389,"OLAM_P026",25
"75041",-22893.110807389,"OLAM_P026",50
"75042",-71745.410967389,"OLAM_P026",100
"75043",194.537252610986,"OLAM_P026",25
"75044",-41413.905897389,"OLAM_P026",50
"75045",-89406.619727389,"OLAM_P026",100
"75046",1608.05276261098,"OLAM_P026",25
"75047",-62208.866527389,"OLAM_P026",50
"75048",-78810.432287389,"OLAM_P026",100
"75049",-6286.90860738902,"OLAM_P026",25
"75050",-51912.285027389,"OLAM_P026",50
"75051",-87786.700167389,"OLAM_P026",100
"75052",-32774.636277389,"OLAM_P026",25
"75053",-38419.982337389,"OLAM_P026",50
"75054",-87094.397547389,"OLAM_P026",100
"75055",-32182.051137389,"OLAM_P026",25
"75056",-18166.845977389,"OLAM_P026",50
"75057",-67001.093507389,"OLAM_P026",100
"75058",-22466.906337389,"OLAM_P026",25
"75059",-8317.78911738901,"OLAM_P026",50
"75060",-59418.266807389,"OLAM_P026",100
"75061",-30914.767897389,"OLAM_P026",25
"75062",-32401.142287389,"OLAM_P026",50
"75063",-72287.596117389,"OLAM_P026",100
"75064",-930.975227389019,"OLAM_P026",25
"75065",-35130.885307389,"OLAM_P026",50
"75066",-78897.734017389,"OLAM_P026",100
"75067",-26189.761907389,"OLAM_P026",25
"75068",-30603.135637389,"OLAM_P026",50
"75069",-62584.034737389,"OLAM_P026",100
"75070",-8840.66358738902,"OLAM_P026",25
"75071",-47326.781397389,"OLAM_P026",50
"75072",-64346.603177389,"OLAM_P026",100
"75073",-12772.267507389,"OLAM_P026",25
"75074",-49266.217457389,"OLAM_P026",50
"75075",-59978.688767389,"OLAM_P026",100
"75076",-24053.726047389,"OLAM_P026",25
"75077",-59801.853027389,"OLAM_P026",50
"75078",-83109.386387389,"OLAM_P026",100
"75079",-28432.055317389,"OLAM_P026",25
"75080",-16221.156157389,"OLAM_P026",50
"75081",-69476.839397389,"OLAM_P026",100
"75082",-33981.761997389,"OLAM_P026",25
"75083",-31807.812137389,"OLAM_P026",50
"75084",-66547.646407389,"OLAM_P026",100
"75085",-26654.990637389,"OLAM_P026",25
"75086",-24288.723927389,"OLAM_P026",50
"75087",-82085.757427389,"OLAM_P026",100
"75088",-6329.25584738902,"OLAM_P026",25
"75089",-23219.344887389,"OLAM_P026",50
"75090",-59105.149517389,"OLAM_P026",100
"75091",-8002.92796738903,"OLAM_P026",25
"75092",-22530.347017389,"OLAM_P026",50
"75093",-67930.573577389,"OLAM_P026",100
"75094",-14210.594147389,"OLAM_P026",25
"75095",-34143.660537389,"OLAM_P026",50
"75096",-80436.278397389,"OLAM_P026",100
"75097",-15939.099747389,"OLAM_P026",25
"75098",-19521.184177389,"OLAM_P026",50
"75099",-69210.352337389,"OLAM_P026",100
"75100",-35016.914537389,"OLAM_P026",25
"75101",-29520.099507389,"OLAM_P026",50
"75102",-82394.862887389,"OLAM_P026",100
"75103",-23231.236197389,"OLAM_P026",25
"75104",-14909.814167389,"OLAM_P026",50
"75105",-73157.457897389,"OLAM_P026",100
"75106",-21521.658537389,"OLAM_P026",25
"75107",-29238.688257389,"OLAM_P026",50
"75108",-61801.508677389,"OLAM_P026",100
"75109",-9805.221857389,"OLAM_P026",25
"75110",-10290.214547389,"OLAM_P026",50
"75111",-69255.705627389,"OLAM_P026",100
"75112",-25765.890917389,"OLAM_P026",25
"75113",-26938.328067389,"OLAM_P026",50
"75114",-70416.320057389,"OLAM_P026",100
"75115",-23736.061537389,"OLAM_P026",25
"75116",-18571.279887389,"OLAM_P026",50
"75117",-77968.662517389,"OLAM_P026",100
"75118",-16092.892547389,"OLAM_P026",25
"75119",-31306.012357389,"OLAM_P026",50
"75120",-78256.063947389,"OLAM_P026",100
"75121",-14476.677077389,"OLAM_P026",25
"75122",12369.050202611,"OLAM_P026",50
"75123",-88696.128117389,"OLAM_P026",100
"75124",-4730.24776738902,"OLAM_P026",25
"75125",-28200.625207389,"OLAM_P026",50
"75126",-86177.547467389,"OLAM_P026",100
"75127",-28831.058537389,"OLAM_P026",25
"75128",-27745.977397389,"OLAM_P026",50
"75129",-70974.464367389,"OLAM_P026",100
"75130",-25830.279397389,"OLAM_P026",25
"75131",-28916.021667389,"OLAM_P026",50
"75132",-66453.154677389,"OLAM_P026",100
"75133",-35669.166567389,"OLAM_P026",25
"75134",-38350.948497389,"OLAM_P026",50
"75135",-78342.584337389,"OLAM_P026",100
"75136",-8711.01177738901,"OLAM_P026",25
"75137",-57827.939187389,"OLAM_P026",50
"75138",-70244.281977389,"OLAM_P026",100
"75139",-15102.497857389,"OLAM_P026",25
"75140",-46753.659247389,"OLAM_P026",50
"75141",-65543.120097389,"OLAM_P026",100
"75142",-45313.048377389,"OLAM_P026",25
"75143",-4773.47616738902,"OLAM_P026",50
"75144",-82982.539617389,"OLAM_P026",100
"75145",-12831.376507389,"OLAM_P026",25
"75146",-34850.841207389,"OLAM_P026",50
"75147",-81083.083207389,"OLAM_P026",100
"75148",10887.505392611,"OLAM_P026",25
"75149",-37121.095327389,"OLAM_P026",50
"75150",-78522.968987389,"OLAM_P026",100
"75151",-20330.258107389,"OLAM_P026",25
"75152",-18506.910217389,"OLAM_P026",50
"75153",-53511.108687389,"OLAM_P026",100
"75154",-8080.07760738902,"OLAM_P026",25
"75155",-12411.368697389,"OLAM_P026",50
"75156",-56169.268117389,"OLAM_P026",100
"75157",-10557.666017389,"OLAM_P026",25
"75158",-50728.896717389,"OLAM_P026",50
"75159",-77059.814647389,"OLAM_P026",100
"75160",-17141.643727389,"OLAM_P026",25
"75161",-26827.862417389,"OLAM_P026",50
"75162",-80807.256827389,"OLAM_P026",100
"75163",-23149.208367389,"OLAM_P026",25
"75164",-66986.015837389,"OLAM_P026",50
"75165",-76726.301527389,"OLAM_P026",100
"75166",-13280.952267389,"OLAM_P026",25
"75167",-18010.191057389,"OLAM_P026",50
"75168",-70802.050207389,"OLAM_P026",100
"75169",-5511.96664738902,"OLAM_P026",25
"75170",-46314.036257389,"OLAM_P026",50
"75171",-73953.728807389,"OLAM_P026",100
"75172",-18944.073907389,"OLAM_P026",25
"75173",-32433.796507389,"OLAM_P026",50
"75174",-74477.974757389,"OLAM_P026",100
"75175",-29644.469257389,"OLAM_P026",25
"75176",-12279.924167389,"OLAM_P026",50
"75177",-76849.096637389,"OLAM_P026",100
"75178",-21490.436167389,"OLAM_P026",25
"75179",-47879.704157389,"OLAM_P026",50
"75180",-44772.793667389,"OLAM_P026",100
"75181",-15019.816377389,"OLAM_P026",25
"75182",-10892.707897389,"OLAM_P026",50
"75183",-81254.955327389,"OLAM_P026",100
"75184",-2332.14331738901,"OLAM_P026",25
"75185",-14030.491957389,"OLAM_P026",50
"75186",-73446.669877389,"OLAM_P026",100
"75187",-22320.564847389,"OLAM_P026",25
"75188",-28757.700047389,"OLAM_P026",50
"75189",-64323.422387389,"OLAM_P026",100
"75190",-19255.643517389,"OLAM_P026",25
"75191",-37862.968307389,"OLAM_P026",50
"75192",-65653.725077389,"OLAM_P026",100
"75193",-22735.815177389,"OLAM_P026",25
"75194",-46264.748147389,"OLAM_P026",50
"75195",-75805.715087389,"OLAM_P026",100
"75196",-12225.519477389,"OLAM_P026",25
"75197",-56412.927707389,"OLAM_P026",50
"75198",-69010.254297389,"OLAM_P026",100
"75199",-6911.97089738902,"OLAM_P026",25
"75200",-13179.033857389,"OLAM_P026",50
"75201",-66032.157907389,"OLAM_P026",100
"75202",-24076.918337389,"OLAM_P026",25
"75203",-22202.526417389,"OLAM_P026",50
"75204",-81161.777327389,"OLAM_P026",100
"75205",12405.206522611,"OLAM_P026",25
"75206",-70404.083277389,"OLAM_P026",50
"75207",-34800.508287389,"OLAM_P026",100
"75208",-17300.503237389,"OLAM_P026",25
"75209",-37086.099267389,"OLAM_P026",50
"75210",-77299.126857389,"OLAM_P026",100
"75211",-26030.428367389,"OLAM_P026",25
"75212",-31871.754507389,"OLAM_P026",50
"75213",-76961.514857389,"OLAM_P026",100
"75214",-12594.129987389,"OLAM_P026",25
"75215",-29960.156647389,"OLAM_P026",50
"75216",-89812.413117389,"OLAM_P026",100
"75217",-16679.037277389,"OLAM_P026",25
"75218",-43799.513627389,"OLAM_P026",50
"75219",-78026.041777389,"OLAM_P026",100
"75220",-19868.510807389,"OLAM_P026",25
"75221",-15405.477607389,"OLAM_P026",50
"75222",-59124.896577389,"OLAM_P026",100
"75223",-44032.972947389,"OLAM_P026",25
"75224",-37324.200347389,"OLAM_P026",50
"75225",-79955.759087389,"OLAM_P026",100
"75226",-16997.039877389,"OLAM_P026",25
"75227",-40205.613657389,"OLAM_P026",50
"75228",-79978.112707389,"OLAM_P026",100
"75229",-28937.194177389,"OLAM_P026",25
"75230",-58000.623417389,"OLAM_P026",50
"75231",-64284.466017389,"OLAM_P026",100
"75232",-15342.658827389,"OLAM_P026",25
"75233",-64499.671967389,"OLAM_P026",50
"75234",-61996.057257389,"OLAM_P026",100
"75235",-41640.773927389,"OLAM_P026",25
"75236",-22420.788007389,"OLAM_P026",50
"75237",-50807.237427389,"OLAM_P026",100
"75238",-516.042777389026,"OLAM_P026",25
"75239",-44393.488297389,"OLAM_P026",50
"75240",-69335.012087389,"OLAM_P026",100
"75241",-20035.512467389,"OLAM_P026",25
"75242",-21270.717727389,"OLAM_P026",50
"75243",-90669.187267389,"OLAM_P026",100
"75244",-17550.164677389,"OLAM_P026",25
"75245",-13146.148037389,"OLAM_P026",50
"75246",-57643.164567389,"OLAM_P026",100
"75247",-31939.482387389,"OLAM_P026",25
"75248",-43280.460397389,"OLAM_P026",50
"75249",-56542.375667389,"OLAM_P026",100
"75250",-25401.306607389,"OLAM_P026",25
"75251",-20076.924127389,"OLAM_P026",50
"75252",-86943.710467389,"OLAM_P026",100
"75253",-334.992397389025,"OLAM_P026",25
"75254",-39347.341977389,"OLAM_P026",50
"75255",-77959.730167389,"OLAM_P026",100
"75256",-28680.095117389,"OLAM_P026",25
"75257",-47459.734007389,"OLAM_P026",50
"75258",-80576.587707389,"OLAM_P026",100
"75259",-14395.187977389,"OLAM_P026",25
"75260",-41272.801157389,"OLAM_P026",50
"75261",-62159.186647389,"OLAM_P026",100
"75262",-21829.399227389,"OLAM_P026",25
"75263",-29042.038357389,"OLAM_P026",50
"75264",-80480.336887389,"OLAM_P026",100
"75265",-20866.034867389,"OLAM_P026",25
"75266",-41231.219417389,"OLAM_P026",50
"75267",-79830.397797389,"OLAM_P026",100
"75268",1720.53495261099,"OLAM_P026",25
"75269",-31772.654277389,"OLAM_P026",50
"75270",-77091.624357389,"OLAM_P026",100
"75271",-2710.34610738902,"OLAM_P026",25
"75272",-28359.029437389,"OLAM_P026",50
"75273",-77445.816647389,"OLAM_P026",100
"75274",-13599.996137389,"OLAM_P026",25
"75275",-5910.892907389,"OLAM_P026",50
"75276",-77429.546837389,"OLAM_P026",100
"75277",-34242.444577389,"OLAM_P026",25
"75278",-31076.404097389,"OLAM_P026",50
"75279",-78107.903817389,"OLAM_P026",100
"75280",-18815.686267389,"OLAM_P026",25
"75281",-18597.264147389,"OLAM_P026",50
"75282",-80928.236577389,"OLAM_P026",100
"75283",-24789.625277389,"OLAM_P026",25
"75284",-28402.633097389,"OLAM_P026",50
"75285",-54974.248397389,"OLAM_P026",100
"75286",-24872.005537389,"OLAM_P026",25
"75287",-24481.399347389,"OLAM_P026",50
"75288",-63558.398507389,"OLAM_P026",100
"75289",3008.89904261098,"OLAM_P026",25
"75290",-46653.478197389,"OLAM_P026",50
"75291",-72230.714277389,"OLAM_P026",100
"75292",-27209.802487389,"OLAM_P026",25
"75293",-17427.688017389,"OLAM_P026",50
"75294",-85845.984227389,"OLAM_P026",100
"75295",-25405.942707389,"OLAM_P026",25
"75296",-27436.205827389,"OLAM_P026",50
"75297",-73263.313307389,"OLAM_P026",100
"75298",-6605.98747738902,"OLAM_P026",25
"75299",-51415.278137389,"OLAM_P026",50
"75300",-45101.498387389,"OLAM_P026",100
"75301",12651.439829171,"OLAM_P027",25
"75302",2457.81574917102,"OLAM_P027",50
"75303",7444.15846917097,"OLAM_P027",100
"75304",394.498699171003,"OLAM_P027",25
"75305",954.975559170998,"OLAM_P027",50
"75306",23129.841679171,"OLAM_P027",100
"75307",508.876389170997,"OLAM_P027",25
"75308",18807.353899171,"OLAM_P027",50
"75309",-3929.95400082902,"OLAM_P027",100
"75310",9829.50422917097,"OLAM_P027",25
"75311",774.68899917102,"OLAM_P027",50
"75312",2575.85150917101,"OLAM_P027",100
"75313",-2347.97491082898,"OLAM_P027",25
"75314",12705.628999171,"OLAM_P027",50
"75315",-1595.17625082901,"OLAM_P027",100
"75316",6132.69407917099,"OLAM_P027",25
"75317",8334.83873917098,"OLAM_P027",50
"75318",33193.794619171,"OLAM_P027",100
"75319",2588.51622917101,"OLAM_P027",25
"75320",21783.113189171,"OLAM_P027",50
"75321",22962.802759171,"OLAM_P027",100
"75322",-286.028690829,"OLAM_P027",25
"75323",12001.053479171,"OLAM_P027",50
"75324",22664.216459171,"OLAM_P027",100
"75325",-1141.41847082903,"OLAM_P027",25
"75326",-733.497220829013,"OLAM_P027",50
"75327",-2622.49338082899,"OLAM_P027",100
"75328",4179.51694917097,"OLAM_P027",25
"75329",-2841.46461082902,"OLAM_P027",50
"75330",214.522589171014,"OLAM_P027",100
"75331",-1952.15514082898,"OLAM_P027",25
"75332",376.377109171008,"OLAM_P027",50
"75333",4934.58352917101,"OLAM_P027",100
"75334",3585.80839917099,"OLAM_P027",25
"75335",-3496.01734082901,"OLAM_P027",50
"75336",18298.341399171,"OLAM_P027",100
"75337",11140.747619171,"OLAM_P027",25
"75338",-4739.61899082898,"OLAM_P027",50
"75339",4934.23356917099,"OLAM_P027",100
"75340",-1714.22974082903,"OLAM_P027",25
"75341",-3240.70405082899,"OLAM_P027",50
"75342",-4616.365400829,"OLAM_P027",100
"75343",4598.13273917098,"OLAM_P027",25
"75344",8377.98646917101,"OLAM_P027",50
"75345",13561.325359171,"OLAM_P027",100
"75346",-1752.96533082903,"OLAM_P027",25
"75347",4127.97092917102,"OLAM_P027",50
"75348",10477.626489171,"OLAM_P027",100
"75349",-2834.625650829,"OLAM_P027",25
"75350",12386.495249171,"OLAM_P027",50
"75351",-5168.34322082903,"OLAM_P027",100
"75352",-2028.39398082899,"OLAM_P027",25
"75353",11131.320679171,"OLAM_P027",50
"75354",-1964.227420829,"OLAM_P027",100
"75355",-1739.00106082903,"OLAM_P027",25
"75356",10522.278659171,"OLAM_P027",50
"75357",-6459.02199082903,"OLAM_P027",100
"75358",191.572029170988,"OLAM_P027",25
"75359",7147.17245917098,"OLAM_P027",50
"75360",8391.68921917101,"OLAM_P027",100
"75361",3892.96603917098,"OLAM_P027",25
"75362",6244.068499171,"OLAM_P027",50
"75363",-4247.09014082898,"OLAM_P027",100
"75364",851.088809170993,"OLAM_P027",25
"75365",-3289.64349082898,"OLAM_P027",50
"75366",-6888.37584082899,"OLAM_P027",100
"75367",-1005.225470829,"OLAM_P027",25
"75368",14398.606749171,"OLAM_P027",50
"75369",12345.305429171,"OLAM_P027",100
"75370",2477.06400917098,"OLAM_P027",25
"75371",10203.676759171,"OLAM_P027",50
"75372",7933.551009171,"OLAM_P027",100
"75373",26.2754991709953,"OLAM_P027",25
"75374",-2497.30451082898,"OLAM_P027",50
"75375",33130.656879171,"OLAM_P027",100
"75376",-811.661540828994,"OLAM_P027",25
"75377",-2037.349110829,"OLAM_P027",50
"75378",20487.272549171,"OLAM_P027",100
"75379",-205.204230829026,"OLAM_P027",25
"75380",530.447219170979,"OLAM_P027",50
"75381",-154.06610082899,"OLAM_P027",100
"75382",-1040.85461082903,"OLAM_P027",25
"75383",18387.920059171,"OLAM_P027",50
"75384",21209.713509171,"OLAM_P027",100
"75385",-1961.007470829,"OLAM_P027",25
"75386",4931.77002917102,"OLAM_P027",50
"75387",14961.252319171,"OLAM_P027",100
"75388",11106.708059171,"OLAM_P027",25
"75389",7845.90704917099,"OLAM_P027",50
"75390",1827.61455917102,"OLAM_P027",100
"75391",-3198.72503082902,"OLAM_P027",25
"75392",-3815.10510082898,"OLAM_P027",50
"75393",9606.10241917102,"OLAM_P027",100
"75394",-2514.52517082903,"OLAM_P027",25
"75395",-2264.70241082902,"OLAM_P027",50
"75396",29113.199089171,"OLAM_P027",100
"75397",7.88717917096801,"OLAM_P027",25
"75398",6750.06176917098,"OLAM_P027",50
"75399",16691.437839171,"OLAM_P027",100
"75400",-2066.04499082902,"OLAM_P027",25
"75401",-3591.70718082902,"OLAM_P027",50
"75402",-1509.64026082901,"OLAM_P027",100
"75403",-889.850410829007,"OLAM_P027",25
"75404",1959.18588917097,"OLAM_P027",50
"75405",4805.69128917099,"OLAM_P027",100
"75406",7666.37790917099,"OLAM_P027",25
"75407",7660.36750917102,"OLAM_P027",50
"75408",11281.084349171,"OLAM_P027",100
"75409",-504.993260829011,"OLAM_P027",25
"75410",8113.86397917097,"OLAM_P027",50
"75411",11412.999479171,"OLAM_P027",100
"75412",-1853.59938082902,"OLAM_P027",25
"75413",2315.32463917101,"OLAM_P027",50
"75414",18694.168239171,"OLAM_P027",100
"75415",-2657.03078082902,"OLAM_P027",25
"75416",-1067.42058082903,"OLAM_P027",50
"75417",53169.892849171,"OLAM_P027",100
"75418",-3816.742570829,"OLAM_P027",25
"75419",37109.758549171,"OLAM_P027",50
"75420",11162.427289171,"OLAM_P027",100
"75421",-1175.70395082899,"OLAM_P027",25
"75422",-3915.93659082899,"OLAM_P027",50
"75423",16311.936789171,"OLAM_P027",100
"75424",-3334.61726082902,"OLAM_P027",25
"75425",3294.84110917099,"OLAM_P027",50
"75426",7283.51807917102,"OLAM_P027",100
"75427",2921.85987917101,"OLAM_P027",25
"75428",-4682.31050082901,"OLAM_P027",50
"75429",-1431.06120082899,"OLAM_P027",100
"75430",-1714.84534082899,"OLAM_P027",25
"75431",6561.13022917102,"OLAM_P027",50
"75432",21814.632409171,"OLAM_P027",100
"75433",-2044.170240829,"OLAM_P027",25
"75434",1634.883499171,"OLAM_P027",50
"75435",22.3320891709882,"OLAM_P027",100
"75436",82.8778391709784,"OLAM_P027",25
"75437",1817.265699171,"OLAM_P027",50
"75438",-441.484630829014,"OLAM_P027",100
"75439",4345.63263917097,"OLAM_P027",25
"75440",4277.44918917102,"OLAM_P027",50
"75441",-6171.14024082903,"OLAM_P027",100
"75442",-1397.82772082899,"OLAM_P027",25
"75443",4640.33804917097,"OLAM_P027",50
"75444",14101.540899171,"OLAM_P027",100
"75445",-1305.85251082899,"OLAM_P027",25
"75446",3143.24650917097,"OLAM_P027",50
"75447",-3659.49193082901,"OLAM_P027",100
"75448",844.459699171013,"OLAM_P027",25
"75449",2311.06473917101,"OLAM_P027",50
"75450",-3627.68165082898,"OLAM_P027",100
"75451",-2631.81834082899,"OLAM_P027",25
"75452",12256.152349171,"OLAM_P027",50
"75453",18462.029859171,"OLAM_P027",100
"75454",-473.207200828998,"OLAM_P027",25
"75455",7855.09762917098,"OLAM_P027",50
"75456",8361.94418917102,"OLAM_P027",100
"75457",-2034.37787082902,"OLAM_P027",25
"75458",3229.39817917097,"OLAM_P027",50
"75459",-99.6280408290331,"OLAM_P027",100
"75460",-21.9016208290122,"OLAM_P027",25
"75461",2122.56513917097,"OLAM_P027",50
"75462",28442.825899171,"OLAM_P027",100
"75463",-1733.89472082903,"OLAM_P027",25
"75464",12623.227269171,"OLAM_P027",50
"75465",5501.868279171,"OLAM_P027",100
"75466",-10.2278908290318,"OLAM_P027",25
"75467",-1693.88554082898,"OLAM_P027",50
"75468",-5743.78049082903,"OLAM_P027",100
"75469",13936.930509171,"OLAM_P027",25
"75470",8614.45162917097,"OLAM_P027",50
"75471",-4364.28641082899,"OLAM_P027",100
"75472",-3198.938250829,"OLAM_P027",25
"75473",4253.17675917101,"OLAM_P027",50
"75474",14149.124169171,"OLAM_P027",100
"75475",349.032509170996,"OLAM_P027",25
"75476",13783.702609171,"OLAM_P027",50
"75477",21721.640249171,"OLAM_P027",100
"75478",-3032.27756082901,"OLAM_P027",25
"75479",9428.415269171,"OLAM_P027",50
"75480",10963.277589171,"OLAM_P027",100
"75481",-2179.14628082898,"OLAM_P027",25
"75482",7948.50627917098,"OLAM_P027",50
"75483",-3764.54695082898,"OLAM_P027",100
"75484",15524.221129171,"OLAM_P027",25
"75485",2907.32135917101,"OLAM_P027",50
"75486",16880.103149171,"OLAM_P027",100
"75487",-2454.535700829,"OLAM_P027",25
"75488",2030.34749917098,"OLAM_P027",50
"75489",29351.499929171,"OLAM_P027",100
"75490",-2768.91198082903,"OLAM_P027",25
"75491",1933.40652917098,"OLAM_P027",50
"75492",9745.74027917098,"OLAM_P027",100
"75493",-1873.55396082898,"OLAM_P027",25
"75494",6547.73988917097,"OLAM_P027",50
"75495",30323.693709171,"OLAM_P027",100
"75496",-845.533330828999,"OLAM_P027",25
"75497",4637.23297917098,"OLAM_P027",50
"75498",10073.251249171,"OLAM_P027",100
"75499",144.60312917101,"OLAM_P027",25
"75500",437.948619170988,"OLAM_P027",50
"75501",-805.038350828981,"OLAM_P027",100
"75502",-475.248760828981,"OLAM_P027",25
"75503",-1647.32638082898,"OLAM_P027",50
"75504",18463.634209171,"OLAM_P027",100
"75505",2555.93678917101,"OLAM_P027",25
"75506",18907.988099171,"OLAM_P027",50
"75507",8099.986919171,"OLAM_P027",100
"75508",2132.043349171,"OLAM_P027",25
"75509",1903.84710917098,"OLAM_P027",50
"75510",20974.606289171,"OLAM_P027",100
"75511",3802.31864917098,"OLAM_P027",25
"75512",8131.37676917098,"OLAM_P027",50
"75513",13002.105509171,"OLAM_P027",100
"75514",-1854.53801082901,"OLAM_P027",25
"75515",-636.432540829002,"OLAM_P027",50
"75516",6348.549319171,"OLAM_P027",100
"75517",2758.742079171,"OLAM_P027",25
"75518",-138.798470829031,"OLAM_P027",50
"75519",11182.370779171,"OLAM_P027",100
"75520",-1683.44256082899,"OLAM_P027",25
"75521",11718.617789171,"OLAM_P027",50
"75522",19874.707999171,"OLAM_P027",100
"75523",-3292.94441082899,"OLAM_P027",25
"75524",4244.748599171,"OLAM_P027",50
"75525",4527.656669171,"OLAM_P027",100
"75526",5002.61339917098,"OLAM_P027",25
"75527",-1251.24320082902,"OLAM_P027",50
"75528",9734.257199171,"OLAM_P027",100
"75529",263.886399170966,"OLAM_P027",25
"75530",7454.75363917102,"OLAM_P027",50
"75531",9086.236659171,"OLAM_P027",100
"75532",139.536839171022,"OLAM_P027",25
"75533",-189.637900829024,"OLAM_P027",50
"75534",25892.442799171,"OLAM_P027",100
"75535",-1157.972390829,"OLAM_P027",25
"75536",19070.024669171,"OLAM_P027",50
"75537",-1601.56891082902,"OLAM_P027",100
"75538",-2334.954410829,"OLAM_P027",25
"75539",-4778.135710829,"OLAM_P027",50
"75540",6629.21132917097,"OLAM_P027",100
"75541",-2538.48012082902,"OLAM_P027",25
"75542",-3519.85259082902,"OLAM_P027",50
"75543",22484.407469171,"OLAM_P027",100
"75544",1218.22301917098,"OLAM_P027",25
"75545",322.235609170981,"OLAM_P027",50
"75546",-817.495780828991,"OLAM_P027",100
"75547",8883.933699171,"OLAM_P027",25
"75548",1742.206579171,"OLAM_P027",50
"75549",12064.262009171,"OLAM_P027",100
"75550",11930.257989171,"OLAM_P027",25
"75551",15257.243769171,"OLAM_P027",50
"75552",11906.985339171,"OLAM_P027",100
"75553",3533.74655917101,"OLAM_P027",25
"75554",10081.497199171,"OLAM_P027",50
"75555",4109.41590917099,"OLAM_P027",100
"75556",1534.92177917098,"OLAM_P027",25
"75557",3105.88354917098,"OLAM_P027",50
"75558",4162.50501917099,"OLAM_P027",100
"75559",12505.035489171,"OLAM_P027",25
"75560",1941.92326917098,"OLAM_P027",50
"75561",-2553.21027082903,"OLAM_P027",100
"75562",5186.66603917099,"OLAM_P027",25
"75563",1999.177759171,"OLAM_P027",50
"75564",8634.064149171,"OLAM_P027",100
"75565",3220.008399171,"OLAM_P027",25
"75566",986.992649170978,"OLAM_P027",50
"75567",16165.056339171,"OLAM_P027",100
"75568",9211.84652917099,"OLAM_P027",25
"75569",6795.55613917101,"OLAM_P027",50
"75570",-860.453470829001,"OLAM_P027",100
"75571",-367.577330828994,"OLAM_P027",25
"75572",1339.54258917097,"OLAM_P027",50
"75573",-5606.12324082898,"OLAM_P027",100
"75574",-2088.88342082902,"OLAM_P027",25
"75575",9229.11576917098,"OLAM_P027",50
"75576",9286.27159917098,"OLAM_P027",100
"75577",3771.38993917097,"OLAM_P027",25
"75578",2157.48920917098,"OLAM_P027",50
"75579",3913.43798917101,"OLAM_P027",100
"75580",-2399.97311082901,"OLAM_P027",25
"75581",-3824.57557082898,"OLAM_P027",50
"75582",16128.037189171,"OLAM_P027",100
"75583",-365.735290829034,"OLAM_P027",25
"75584",1128.46504917101,"OLAM_P027",50
"75585",15333.088149171,"OLAM_P027",100
"75586",-1851.496920829,"OLAM_P027",25
"75587",2580.21169917099,"OLAM_P027",50
"75588",5984.05728917097,"OLAM_P027",100
"75589",-2631.767560829,"OLAM_P027",25
"75590",3994.18642917101,"OLAM_P027",50
"75591",-5232.84655082901,"OLAM_P027",100
"75592",1577.42556917097,"OLAM_P027",25
"75593",4394.49292917101,"OLAM_P027",50
"75594",3645.13288917101,"OLAM_P027",100
"75595",-763.493020828988,"OLAM_P027",25
"75596",12269.072429171,"OLAM_P027",50
"75597",2226.11683917098,"OLAM_P027",100
"75598",994.536539171007,"OLAM_P027",25
"75599",575.325389171019,"OLAM_P027",50
"75600",19945.245389171,"OLAM_P027",100
"75601",-1642.64053410999,"OLAM_P028",25
"75602",6682.34205589001,"OLAM_P028",50
"75603",12690.24873589,"OLAM_P028",100
"75604",2524.56344589,"OLAM_P028",25
"75605",-6182.26163410999,"OLAM_P028",50
"75606",-10690.17019411,"OLAM_P028",100
"75607",204.79253589001,"OLAM_P028",25
"75608",31082.80861589,"OLAM_P028",50
"75609",-5612.90478411,"OLAM_P028",100
"75610",-5441.12311410999,"OLAM_P028",25
"75611",-17607.37025411,"OLAM_P028",50
"75612",-10253.45916411,"OLAM_P028",100
"75613",21675.41675589,"OLAM_P028",25
"75614",-7451.41150410999,"OLAM_P028",50
"75615",23488.68986589,"OLAM_P028",100
"75616",4280.99580589001,"OLAM_P028",25
"75617",-14370.23430411,"OLAM_P028",50
"75618",12967.71470589,"OLAM_P028",100
"75619",13686.17624589,"OLAM_P028",25
"75620",-6797.23311411,"OLAM_P028",50
"75621",-37480.14036411,"OLAM_P028",100
"75622",-990.832494109985,"OLAM_P028",25
"75623",-593.155904109997,"OLAM_P028",50
"75624",3601.23843589,"OLAM_P028",100
"75625",6501.73502589,"OLAM_P028",25
"75626",-15553.48619411,"OLAM_P028",50
"75627",-19011.94189411,"OLAM_P028",100
"75628",-5314.66040410999,"OLAM_P028",25
"75629",35191.66173589,"OLAM_P028",50
"75630",-41010.19593411,"OLAM_P028",100
"75631",-7616.24408410999,"OLAM_P028",25
"75632",4144.66048589,"OLAM_P028",50
"75633",-12202.20799411,"OLAM_P028",100
"75634",7770.10532589001,"OLAM_P028",25
"75635",-20139.42837411,"OLAM_P028",50
"75636",-16496.67768411,"OLAM_P028",100
"75637",-8858.03423410999,"OLAM_P028",25
"75638",-22230.33797411,"OLAM_P028",50
"75639",3249.80543589001,"OLAM_P028",100
"75640",19165.28294589,"OLAM_P028",25
"75641",15923.15916589,"OLAM_P028",50
"75642",-11587.12874411,"OLAM_P028",100
"75643",-6282.90726410999,"OLAM_P028",25
"75644",22543.33921589,"OLAM_P028",50
"75645",-18841.45573411,"OLAM_P028",100
"75646",5276.55797589,"OLAM_P028",25
"75647",1794.72010589001,"OLAM_P028",50
"75648",8472.18756589,"OLAM_P028",100
"75649",1948.53721589001,"OLAM_P028",25
"75650",2437.44871589,"OLAM_P028",50
"75651",10391.66695589,"OLAM_P028",100
"75652",-3088.22387410999,"OLAM_P028",25
"75653",15059.91615589,"OLAM_P028",50
"75654",6740.01771589002,"OLAM_P028",100
"75655",4575.31296589001,"OLAM_P028",25
"75656",-20810.69816411,"OLAM_P028",50
"75657",19273.01030589,"OLAM_P028",100
"75658",-25469.94755411,"OLAM_P028",25
"75659",-16268.50948411,"OLAM_P028",50
"75660",-24749.13804411,"OLAM_P028",100
"75661",-3178.26120410999,"OLAM_P028",25
"75662",2145.13215588999,"OLAM_P028",50
"75663",8181.08726589,"OLAM_P028",100
"75664",4307.21855588999,"OLAM_P028",25
"75665",-523.277304110001,"OLAM_P028",50
"75666",11019.30217589,"OLAM_P028",100
"75667",-7787.42138411,"OLAM_P028",25
"75668",-10659.26006411,"OLAM_P028",50
"75669",-4362.55824411,"OLAM_P028",100
"75670",4748.82531589002,"OLAM_P028",25
"75671",-27294.81130411,"OLAM_P028",50
"75672",-5206.70359410999,"OLAM_P028",100
"75673",-705.853224110004,"OLAM_P028",25
"75674",1825.15578589001,"OLAM_P028",50
"75675",9563.77601589001,"OLAM_P028",100
"75676",7464.20674589,"OLAM_P028",25
"75677",18463.12130589,"OLAM_P028",50
"75678",-23607.69438411,"OLAM_P028",100
"75679",5714.26027589,"OLAM_P028",25
"75680",12271.57868589,"OLAM_P028",50
"75681",1406.82001589,"OLAM_P028",100
"75682",-8925.39078410999,"OLAM_P028",25
"75683",-9109.99016410999,"OLAM_P028",50
"75684",11053.04032589,"OLAM_P028",100
"75685",-1077.37599410999,"OLAM_P028",25
"75686",-17102.31542411,"OLAM_P028",50
"75687",8620.15818589,"OLAM_P028",100
"75688",-14406.17848411,"OLAM_P028",25
"75689",20319.69117589,"OLAM_P028",50
"75690",2420.28899589001,"OLAM_P028",100
"75691",-1763.73131410999,"OLAM_P028",25
"75692",23785.73099589,"OLAM_P028",50
"75693",11079.90309589,"OLAM_P028",100
"75694",-19576.28840411,"OLAM_P028",25
"75695",-20570.23087411,"OLAM_P028",50
"75696",-1274.04642410998,"OLAM_P028",100
"75697",11263.45727589,"OLAM_P028",25
"75698",24335.07194589,"OLAM_P028",50
"75699",-11727.03997411,"OLAM_P028",100
"75700",-7991.91619410999,"OLAM_P028",25
"75701",20524.21261589,"OLAM_P028",50
"75702",-25618.27360411,"OLAM_P028",100
"75703",10864.73470589,"OLAM_P028",25
"75704",15954.44055589,"OLAM_P028",50
"75705",15912.89847589,"OLAM_P028",100
"75706",-9528.40189410999,"OLAM_P028",25
"75707",20316.01600589,"OLAM_P028",50
"75708",2886.83994589001,"OLAM_P028",100
"75709",-11000.29144411,"OLAM_P028",25
"75710",9106.06294589001,"OLAM_P028",50
"75711",12498.93705589,"OLAM_P028",100
"75712",7980.55561589001,"OLAM_P028",25
"75713",-2885.30544411,"OLAM_P028",50
"75714",6034.10529589001,"OLAM_P028",100
"75715",15641.13757589,"OLAM_P028",25
"75716",10381.26010589,"OLAM_P028",50
"75717",-14627.55859411,"OLAM_P028",100
"75718",-20415.39788411,"OLAM_P028",25
"75719",-8995.58006410999,"OLAM_P028",50
"75720",28838.58612589,"OLAM_P028",100
"75721",12867.70430589,"OLAM_P028",25
"75722",-28299.48050411,"OLAM_P028",50
"75723",-20642.70276411,"OLAM_P028",100
"75724",-9766.29359410999,"OLAM_P028",25
"75725",37775.38362589,"OLAM_P028",50
"75726",17628.72688589,"OLAM_P028",100
"75727",-4838.64065410999,"OLAM_P028",25
"75728",6804.29686589001,"OLAM_P028",50
"75729",-2012.75314411,"OLAM_P028",100
"75730",8791.09539589001,"OLAM_P028",25
"75731",-3577.93529410999,"OLAM_P028",50
"75732",-17308.77554411,"OLAM_P028",100
"75733",-7394.70315410999,"OLAM_P028",25
"75734",11957.28772589,"OLAM_P028",50
"75735",-29255.72725411,"OLAM_P028",100
"75736",7937.29895589,"OLAM_P028",25
"75737",-17896.68886411,"OLAM_P028",50
"75738",7565.26165589,"OLAM_P028",100
"75739",22671.30805589,"OLAM_P028",25
"75740",11444.91873589,"OLAM_P028",50
"75741",5411.55514589002,"OLAM_P028",100
"75742",10393.09017589,"OLAM_P028",25
"75743",17844.73261589,"OLAM_P028",50
"75744",22066.29992589,"OLAM_P028",100
"75745",1110.89898589,"OLAM_P028",25
"75746",12316.73624589,"OLAM_P028",50
"75747",-15576.04007411,"OLAM_P028",100
"75748",36118.33463589,"OLAM_P028",25
"75749",-5776.86841410999,"OLAM_P028",50
"75750",29685.86204589,"OLAM_P028",100
"75751",2191.89351589,"OLAM_P028",25
"75752",22961.93337589,"OLAM_P028",50
"75753",16115.94965589,"OLAM_P028",100
"75754",2497.79337589,"OLAM_P028",25
"75755",7956.23326589001,"OLAM_P028",50
"75756",-8562.55548410999,"OLAM_P028",100
"75757",-13810.28395411,"OLAM_P028",25
"75758",19367.28812589,"OLAM_P028",50
"75759",-9020.04228410999,"OLAM_P028",100
"75760",-9166.02753410999,"OLAM_P028",25
"75761",-20710.73562411,"OLAM_P028",50
"75762",-17246.73779411,"OLAM_P028",100
"75763",12144.04478589,"OLAM_P028",25
"75764",-5430.15222410999,"OLAM_P028",50
"75765",-11136.24475411,"OLAM_P028",100
"75766",8319.32177589001,"OLAM_P028",25
"75767",-14347.49157411,"OLAM_P028",50
"75768",27593.52467589,"OLAM_P028",100
"75769",-9173.23817411,"OLAM_P028",25
"75770",18989.45059589,"OLAM_P028",50
"75771",3286.79681589,"OLAM_P028",100
"75772",-5028.60699410998,"OLAM_P028",25
"75773",9441.93649589,"OLAM_P028",50
"75774",-13097.26883411,"OLAM_P028",100
"75775",-7619.75820411,"OLAM_P028",25
"75776",22091.49867589,"OLAM_P028",50
"75777",-4328.84492410999,"OLAM_P028",100
"75778",-3100.84763410999,"OLAM_P028",25
"75779",1118.94363589,"OLAM_P028",50
"75780",3386.84646589,"OLAM_P028",100
"75781",-3063.50832410999,"OLAM_P028",25
"75782",-29663.86773411,"OLAM_P028",50
"75783",-9521.37664410999,"OLAM_P028",100
"75784",6493.08287589002,"OLAM_P028",25
"75785",5673.14869589001,"OLAM_P028",50
"75786",-4584.11927410999,"OLAM_P028",100
"75787",-10156.97330411,"OLAM_P028",25
"75788",-9983.54325410999,"OLAM_P028",50
"75789",-1678.05551410999,"OLAM_P028",100
"75790",5186.33211589002,"OLAM_P028",25
"75791",-36833.21391411,"OLAM_P028",50
"75792",-27740.45160411,"OLAM_P028",100
"75793",17506.56211589,"OLAM_P028",25
"75794",-19437.06008411,"OLAM_P028",50
"75795",39264.22653589,"OLAM_P028",100
"75796",-9697.28663410999,"OLAM_P028",25
"75797",-4834.68671410999,"OLAM_P028",50
"75798",-2381.06658411,"OLAM_P028",100
"75799",-11420.17424411,"OLAM_P028",25
"75800",-9795.25850411,"OLAM_P028",50
"75801",-20118.28239411,"OLAM_P028",100
"75802",1531.21369589001,"OLAM_P028",25
"75803",25119.73755589,"OLAM_P028",50
"75804",29501.14326589,"OLAM_P028",100
"75805",5931.64699589001,"OLAM_P028",25
"75806",-32148.13604411,"OLAM_P028",50
"75807",-6249.13799410999,"OLAM_P028",100
"75808",732.546655890008,"OLAM_P028",25
"75809",3685.33302589,"OLAM_P028",50
"75810",19386.55412589,"OLAM_P028",100
"75811",15546.06565589,"OLAM_P028",25
"75812",-4761.30157411,"OLAM_P028",50
"75813",10538.87083589,"OLAM_P028",100
"75814",1138.98184589,"OLAM_P028",25
"75815",10508.22308589,"OLAM_P028",50
"75816",-24719.07947411,"OLAM_P028",100
"75817",-10348.92656411,"OLAM_P028",25
"75818",-3295.28061410999,"OLAM_P028",50
"75819",20268.18771589,"OLAM_P028",100
"75820",-12378.58486411,"OLAM_P028",25
"75821",-1838.82896411,"OLAM_P028",50
"75822",-13461.06495411,"OLAM_P028",100
"75823",-7330.74355410998,"OLAM_P028",25
"75824",700.08709589002,"OLAM_P028",50
"75825",-12510.35575411,"OLAM_P028",100
"75826",-6931.43995410998,"OLAM_P028",25
"75827",-13219.76081411,"OLAM_P028",50
"75828",162.611455890001,"OLAM_P028",100
"75829",-13797.15272411,"OLAM_P028",25
"75830",-2417.56720410999,"OLAM_P028",50
"75831",10738.85101589,"OLAM_P028",100
"75832",-27805.18222411,"OLAM_P028",25
"75833",-4596.58529410999,"OLAM_P028",50
"75834",-6000.61301411,"OLAM_P028",100
"75835",3133.87885589001,"OLAM_P028",25
"75836",24234.60654589,"OLAM_P028",50
"75837",-18658.84533411,"OLAM_P028",100
"75838",-4037.27245410999,"OLAM_P028",25
"75839",39966.02332589,"OLAM_P028",50
"75840",-24289.34441411,"OLAM_P028",100
"75841",-13814.04653411,"OLAM_P028",25
"75842",13625.22898589,"OLAM_P028",50
"75843",-33141.88213411,"OLAM_P028",100
"75844",-16138.98428411,"OLAM_P028",25
"75845",-4238.70861410999,"OLAM_P028",50
"75846",1210.52546589001,"OLAM_P028",100
"75847",-5483.58065410999,"OLAM_P028",25
"75848",-11960.41666411,"OLAM_P028",50
"75849",814.019705890008,"OLAM_P028",100
"75850",780.274825889996,"OLAM_P028",25
"75851",-8274.69621410999,"OLAM_P028",50
"75852",10073.43547589,"OLAM_P028",100
"75853",686.424295889999,"OLAM_P028",25
"75854",-16078.69910411,"OLAM_P028",50
"75855",15690.11894589,"OLAM_P028",100
"75856",-9708.55399410999,"OLAM_P028",25
"75857",-13266.72083411,"OLAM_P028",50
"75858",2734.27065589,"OLAM_P028",100
"75859",15106.28524589,"OLAM_P028",25
"75860",8868.50597589,"OLAM_P028",50
"75861",-2066.63375410999,"OLAM_P028",100
"75862",1253.75514589,"OLAM_P028",25
"75863",-20785.89360411,"OLAM_P028",50
"75864",16867.45347589,"OLAM_P028",100
"75865",-15579.67925411,"OLAM_P028",25
"75866",-3606.14410410999,"OLAM_P028",50
"75867",-12960.29626411,"OLAM_P028",100
"75868",-5542.84819410999,"OLAM_P028",25
"75869",14323.70401589,"OLAM_P028",50
"75870",-11874.96369411,"OLAM_P028",100
"75871",-8817.78676410999,"OLAM_P028",25
"75872",24576.65390589,"OLAM_P028",50
"75873",951.37284589,"OLAM_P028",100
"75874",-15153.99404411,"OLAM_P028",25
"75875",-16849.02321411,"OLAM_P028",50
"75876",11719.20036589,"OLAM_P028",100
"75877",-8421.31204410999,"OLAM_P028",25
"75878",2862.61091589002,"OLAM_P028",50
"75879",-6466.61958411,"OLAM_P028",100
"75880",-6141.36946410999,"OLAM_P028",25
"75881",22603.24565589,"OLAM_P028",50
"75882",33360.88118589,"OLAM_P028",100
"75883",14588.32733589,"OLAM_P028",25
"75884",-8083.00365411,"OLAM_P028",50
"75885",-13770.82646411,"OLAM_P028",100
"75886",8324.31498589,"OLAM_P028",25
"75887",18989.79687589,"OLAM_P028",50
"75888",8079.56476589001,"OLAM_P028",100
"75889",2214.34117589,"OLAM_P028",25
"75890",16241.56979589,"OLAM_P028",50
"75891",-29156.54034411,"OLAM_P028",100
"75892",-4180.72776410999,"OLAM_P028",25
"75893",-15956.82323411,"OLAM_P028",50
"75894",-257.507614109985,"OLAM_P028",100
"75895",9996.31502589001,"OLAM_P028",25
"75896",-376.734614109999,"OLAM_P028",50
"75897",-6043.24552411,"OLAM_P028",100
"75898",19781.88727589,"OLAM_P028",25
"75899",-4701.80341410999,"OLAM_P028",50
"75900",-32692.12856411,"OLAM_P028",100
"75901",-2638.19249314001,"OLAM_P029",25
"75902",66477.63604686,"OLAM_P029",50
"75903",22050.10223686,"OLAM_P029",100
"75904",-3171.87014314001,"OLAM_P029",25
"75905",18364.57561686,"OLAM_P029",50
"75906",28204.80377686,"OLAM_P029",100
"75907",10018.35022686,"OLAM_P029",25
"75908",26686.10281686,"OLAM_P029",50
"75909",51866.18285686,"OLAM_P029",100
"75910",22566.70423686,"OLAM_P029",25
"75911",1344.61750686,"OLAM_P029",50
"75912",3542.23411686,"OLAM_P029",100
"75913",40054.08895686,"OLAM_P029",25
"75914",-5204.05374314,"OLAM_P029",50
"75915",39313.25082686,"OLAM_P029",100
"75916",35098.37865686,"OLAM_P029",25
"75917",-794.262113140008,"OLAM_P029",50
"75918",93424.84867686,"OLAM_P029",100
"75919",21810.56846686,"OLAM_P029",25
"75920",16502.00247686,"OLAM_P029",50
"75921",97893.03322686,"OLAM_P029",100
"75922",-5134.91805314001,"OLAM_P029",25
"75923",28548.96986686,"OLAM_P029",50
"75924",-7845.66779314,"OLAM_P029",100
"75925",52202.91813686,"OLAM_P029",25
"75926",49908.84703686,"OLAM_P029",50
"75927",11908.34498686,"OLAM_P029",100
"75928",-3319.78359314,"OLAM_P029",25
"75929",50764.41366686,"OLAM_P029",50
"75930",79572.72628686,"OLAM_P029",100
"75931",15909.36076686,"OLAM_P029",25
"75932",42396.08578686,"OLAM_P029",50
"75933",39360.96793686,"OLAM_P029",100
"75934",14755.23577686,"OLAM_P029",25
"75935",11024.66598686,"OLAM_P029",50
"75936",43275.91831686,"OLAM_P029",100
"75937",265.048336859996,"OLAM_P029",25
"75938",8281.40094685998,"OLAM_P029",50
"75939",27274.95538686,"OLAM_P029",100
"75940",2672.09336685999,"OLAM_P029",25
"75941",18412.94124686,"OLAM_P029",50
"75942",67346.69380686,"OLAM_P029",100
"75943",59339.12844686,"OLAM_P029",25
"75944",15760.94839686,"OLAM_P029",50
"75945",91157.41530686,"OLAM_P029",100
"75946",39965.20585686,"OLAM_P029",25
"75947",12854.29115686,"OLAM_P029",50
"75948",39737.74574686,"OLAM_P029",100
"75949",33701.87396686,"OLAM_P029",25
"75950",32199.55300686,"OLAM_P029",50
"75951",67536.89321686,"OLAM_P029",100
"75952",-3024.30076314001,"OLAM_P029",25
"75953",-2033.80668314001,"OLAM_P029",50
"75954",69081.92550686,"OLAM_P029",100
"75955",16233.01829686,"OLAM_P029",25
"75956",15776.45795686,"OLAM_P029",50
"75957",29089.33875686,"OLAM_P029",100
"75958",13844.08999686,"OLAM_P029",25
"75959",13451.84546686,"OLAM_P029",50
"75960",50676.18062686,"OLAM_P029",100
"75961",-1627.20994314001,"OLAM_P029",25
"75962",35612.02353686,"OLAM_P029",50
"75963",32661.75770686,"OLAM_P029",100
"75964",21244.06540686,"OLAM_P029",25
"75965",13924.70168686,"OLAM_P029",50
"75966",44199.29725686,"OLAM_P029",100
"75967",10125.26451686,"OLAM_P029",25
"75968",-5286.21959314001,"OLAM_P029",50
"75969",110495.10655686,"OLAM_P029",100
"75970",21483.39450686,"OLAM_P029",25
"75971",36062.52325686,"OLAM_P029",50
"75972",37232.38390686,"OLAM_P029",100
"75973",18418.74354686,"OLAM_P029",25
"75974",31445.69124686,"OLAM_P029",50
"75975",40370.42053686,"OLAM_P029",100
"75976",13237.91900686,"OLAM_P029",25
"75977",14006.60298686,"OLAM_P029",50
"75978",148977.88895686,"OLAM_P029",100
"75979",1136.68703685999,"OLAM_P029",25
"75980",13890.49593686,"OLAM_P029",50
"75981",64615.20942686,"OLAM_P029",100
"75982",19000.29123686,"OLAM_P029",25
"75983",19172.64444686,"OLAM_P029",50
"75984",73144.86403686,"OLAM_P029",100
"75985",5297.20167685999,"OLAM_P029",25
"75986",15193.13590686,"OLAM_P029",50
"75987",13052.45347686,"OLAM_P029",100
"75988",-2091.96366314001,"OLAM_P029",25
"75989",-1426.57777314,"OLAM_P029",50
"75990",16753.16604686,"OLAM_P029",100
"75991",-179.992843140004,"OLAM_P029",25
"75992",40239.16716686,"OLAM_P029",50
"75993",92471.21502686,"OLAM_P029",100
"75994",-7744.37807314,"OLAM_P029",25
"75995",18215.54358686,"OLAM_P029",50
"75996",-6549.52165314001,"OLAM_P029",100
"75997",35108.15343686,"OLAM_P029",25
"75998",36606.60801686,"OLAM_P029",50
"75999",17458.07733686,"OLAM_P029",100
"76000",25789.28000686,"OLAM_P029",25
"76001",13153.99518686,"OLAM_P029",50
"76002",794.347696859986,"OLAM_P029",100
"76003",17517.03317686,"OLAM_P029",25
"76004",18589.06767686,"OLAM_P029",50
"76005",69181.50311686,"OLAM_P029",100
"76006",1581.33664686,"OLAM_P029",25
"76007",17776.16993686,"OLAM_P029",50
"76008",29838.03787686,"OLAM_P029",100
"76009",13075.74962686,"OLAM_P029",25
"76010",-774.176613140007,"OLAM_P029",50
"76011",13650.55784686,"OLAM_P029",100
"76012",9357.62343686,"OLAM_P029",25
"76013",91556.63893686,"OLAM_P029",50
"76014",58816.85994686,"OLAM_P029",100
"76015",60630.84399686,"OLAM_P029",25
"76016",15414.58526686,"OLAM_P029",50
"76017",48130.39384686,"OLAM_P029",100
"76018",-2592.09409314001,"OLAM_P029",25
"76019",14698.49253686,"OLAM_P029",50
"76020",8621.52166685999,"OLAM_P029",100
"76021",-112.916213140008,"OLAM_P029",25
"76022",12938.72138686,"OLAM_P029",50
"76023",27219.73396686,"OLAM_P029",100
"76024",19838.65907686,"OLAM_P029",25
"76025",-2444.78923314001,"OLAM_P029",50
"76026",95110.97297686,"OLAM_P029",100
"76027",-4002.46168314001,"OLAM_P029",25
"76028",32340.64032686,"OLAM_P029",50
"76029",52862.59918686,"OLAM_P029",100
"76030",18285.55519686,"OLAM_P029",25
"76031",56572.92953686,"OLAM_P029",50
"76032",58383.44004686,"OLAM_P029",100
"76033",-3840.68192314,"OLAM_P029",25
"76034",8104.62197686,"OLAM_P029",50
"76035",21503.80423686,"OLAM_P029",100
"76036",17399.32342686,"OLAM_P029",25
"76037",104242.15142686,"OLAM_P029",50
"76038",1088.47400685999,"OLAM_P029",100
"76039",20054.26430686,"OLAM_P029",25
"76040",50823.14664686,"OLAM_P029",50
"76041",29813.18811686,"OLAM_P029",100
"76042",37585.64178686,"OLAM_P029",25
"76043",23777.24281686,"OLAM_P029",50
"76044",67431.37827686,"OLAM_P029",100
"76045",-1247.01586314001,"OLAM_P029",25
"76046",30001.54594686,"OLAM_P029",50
"76047",25548.67371686,"OLAM_P029",100
"76048",40327.66047686,"OLAM_P029",25
"76049",10764.57836686,"OLAM_P029",50
"76050",28714.05646686,"OLAM_P029",100
"76051",-3611.02396314,"OLAM_P029",25
"76052",57841.02915686,"OLAM_P029",50
"76053",24338.26915686,"OLAM_P029",100
"76054",44066.27449686,"OLAM_P029",25
"76055",31526.13732686,"OLAM_P029",50
"76056",107749.13371686,"OLAM_P029",100
"76057",18199.20250686,"OLAM_P029",25
"76058",53018.60473686,"OLAM_P029",50
"76059",32517.55336686,"OLAM_P029",100
"76060",-6009.59296314001,"OLAM_P029",25
"76061",11203.03716686,"OLAM_P029",50
"76062",110773.38599686,"OLAM_P029",100
"76063",14353.88367686,"OLAM_P029",25
"76064",10934.00874686,"OLAM_P029",50
"76065",87136.15159686,"OLAM_P029",100
"76066",-2946.71518314001,"OLAM_P029",25
"76067",-3022.80345314,"OLAM_P029",50
"76068",76822.28188686,"OLAM_P029",100
"76069",-1790.39189314001,"OLAM_P029",25
"76070",27953.79879686,"OLAM_P029",50
"76071",20598.22822686,"OLAM_P029",100
"76072",15444.44944686,"OLAM_P029",25
"76073",14052.28753686,"OLAM_P029",50
"76074",29503.39336686,"OLAM_P029",100
"76075",-3552.98330314,"OLAM_P029",25
"76076",-4541.72675314001,"OLAM_P029",50
"76077",17545.91588686,"OLAM_P029",100
"76078",-2796.23418314001,"OLAM_P029",25
"76079",31891.88920686,"OLAM_P029",50
"76080",14435.04862686,"OLAM_P029",100
"76081",18604.19230686,"OLAM_P029",25
"76082",28686.43371686,"OLAM_P029",50
"76083",50466.31982686,"OLAM_P029",100
"76084",-3569.85742314001,"OLAM_P029",25
"76085",58609.50252686,"OLAM_P029",50
"76086",64005.09397686,"OLAM_P029",100
"76087",18495.80061686,"OLAM_P029",25
"76088",42321.83642686,"OLAM_P029",50
"76089",50478.93607686,"OLAM_P029",100
"76090",-6194.12422314001,"OLAM_P029",25
"76091",9644.99316686,"OLAM_P029",50
"76092",28975.27879686,"OLAM_P029",100
"76093",34417.50330686,"OLAM_P029",25
"76094",12049.72930686,"OLAM_P029",50
"76095",13187.08477686,"OLAM_P029",100
"76096",-2829.42540314001,"OLAM_P029",25
"76097",8589.91373685999,"OLAM_P029",50
"76098",-6495.84283314001,"OLAM_P029",100
"76099",18041.10398686,"OLAM_P029",25
"76100",9110.06977685999,"OLAM_P029",50
"76101",38609.29080686,"OLAM_P029",100
"76102",2672.33818686,"OLAM_P029",25
"76103",42748.32550686,"OLAM_P029",50
"76104",92189.53934686,"OLAM_P029",100
"76105",18007.51657686,"OLAM_P029",25
"76106",13131.73538686,"OLAM_P029",50
"76107",85986.77716686,"OLAM_P029",100
"76108",-338.244473140003,"OLAM_P029",25
"76109",38138.96463686,"OLAM_P029",50
"76110",60141.77497686,"OLAM_P029",100
"76111",16267.07698686,"OLAM_P029",25
"76112",24.3232368599856,"OLAM_P029",50
"76113",40972.44948686,"OLAM_P029",100
"76114",-301.800113140009,"OLAM_P029",25
"76115",989.498726859994,"OLAM_P029",50
"76116",97318.68232686,"OLAM_P029",100
"76117",25453.39378686,"OLAM_P029",25
"76118",36871.87138686,"OLAM_P029",50
"76119",53862.63328686,"OLAM_P029",100
"76120",-382.175973140009,"OLAM_P029",25
"76121",51548.64283686,"OLAM_P029",50
"76122",65708.61062686,"OLAM_P029",100
"76123",22972.75007686,"OLAM_P029",25
"76124",42403.99471686,"OLAM_P029",50
"76125",9291.75901686,"OLAM_P029",100
"76126",14815.05791686,"OLAM_P029",25
"76127",40484.01276686,"OLAM_P029",50
"76128",41576.44801686,"OLAM_P029",100
"76129",-2907.47743314001,"OLAM_P029",25
"76130",60525.43352686,"OLAM_P029",50
"76131",16979.44663686,"OLAM_P029",100
"76132",-5903.02203314001,"OLAM_P029",25
"76133",17100.51223686,"OLAM_P029",50
"76134",31307.82705686,"OLAM_P029",100
"76135",14061.76368686,"OLAM_P029",25
"76136",-1038.80189314,"OLAM_P029",50
"76137",16144.46521686,"OLAM_P029",100
"76138",-46.1923031400074,"OLAM_P029",25
"76139",-2804.02434314,"OLAM_P029",50
"76140",9278.06693685999,"OLAM_P029",100
"76141",17282.34744686,"OLAM_P029",25
"76142",-1321.75748314001,"OLAM_P029",50
"76143",75429.60747686,"OLAM_P029",100
"76144",21058.52057686,"OLAM_P029",25
"76145",-4724.53623314001,"OLAM_P029",50
"76146",107063.70470686,"OLAM_P029",100
"76147",3019.41468685999,"OLAM_P029",25
"76148",37617.34943686,"OLAM_P029",50
"76149",54733.17765686,"OLAM_P029",100
"76150",1113.51114685999,"OLAM_P029",25
"76151",29379.34083686,"OLAM_P029",50
"76152",12220.32529686,"OLAM_P029",100
"76153",305.85458685999,"OLAM_P029",25
"76154",15780.30829686,"OLAM_P029",50
"76155",113426.19528686,"OLAM_P029",100
"76156",-2275.90888314001,"OLAM_P029",25
"76157",52934.19000686,"OLAM_P029",50
"76158",58483.86996686,"OLAM_P029",100
"76159",15188.51562686,"OLAM_P029",25
"76160",-9314.11751314001,"OLAM_P029",50
"76161",71550.14805686,"OLAM_P029",100
"76162",505.492676859998,"OLAM_P029",25
"76163",3784.23400685999,"OLAM_P029",50
"76164",-18621.08926314,"OLAM_P029",100
"76165",24619.24263686,"OLAM_P029",25
"76166",58016.99536686,"OLAM_P029",50
"76167",48499.99922686,"OLAM_P029",100
"76168",32861.91420686,"OLAM_P029",25
"76169",81778.34150686,"OLAM_P029",50
"76170",46208.49656686,"OLAM_P029",100
"76171",37680.11847686,"OLAM_P029",25
"76172",28659.72096686,"OLAM_P029",50
"76173",17488.49367686,"OLAM_P029",100
"76174",-954.317873140011,"OLAM_P029",25
"76175",5968.36155685999,"OLAM_P029",50
"76176",41273.55792686,"OLAM_P029",100
"76177",12032.91869686,"OLAM_P029",25
"76178",59698.92349686,"OLAM_P029",50
"76179",54115.93292686,"OLAM_P029",100
"76180",2614.88833685999,"OLAM_P029",25
"76181",31177.77139686,"OLAM_P029",50
"76182",41709.74876686,"OLAM_P029",100
"76183",13166.23718686,"OLAM_P029",25
"76184",16880.85453686,"OLAM_P029",50
"76185",18084.44408686,"OLAM_P029",100
"76186",17401.17604686,"OLAM_P029",25
"76187",34524.22354686,"OLAM_P029",50
"76188",28744.73627686,"OLAM_P029",100
"76189",5876.83229686,"OLAM_P029",25
"76190",46579.48889686,"OLAM_P029",50
"76191",34116.30726686,"OLAM_P029",100
"76192",-1414.29470314001,"OLAM_P029",25
"76193",58030.36449686,"OLAM_P029",50
"76194",29298.27109686,"OLAM_P029",100
"76195",21200.24091686,"OLAM_P029",25
"76196",15520.31080686,"OLAM_P029",50
"76197",86662.27466686,"OLAM_P029",100
"76198",-4784.89684314001,"OLAM_P029",25
"76199",26580.76305686,"OLAM_P029",50
"76200",33271.82804686,"OLAM_P029",100
"76201",2207.00012544001,"OLAM_P030",25
"76202",-17795.71780456,"OLAM_P030",50
"76203",-2496.86905455997,"OLAM_P030",100
"76204",6514.76678544004,"OLAM_P030",25
"76205",11533.52056544,"OLAM_P030",50
"76206",-32282.07950456,"OLAM_P030",100
"76207",-8214.01213455998,"OLAM_P030",25
"76208",-17790.18304456,"OLAM_P030",50
"76209",-36643.29143456,"OLAM_P030",100
"76210",5761.72856543999,"OLAM_P030",25
"76211",-10071.15231456,"OLAM_P030",50
"76212",-35979.52484456,"OLAM_P030",100
"76213",-8965.16552455997,"OLAM_P030",25
"76214",-22782.10202456,"OLAM_P030",50
"76215",-23582.24401456,"OLAM_P030",100
"76216",-21549.20298456,"OLAM_P030",25
"76217",-6712.22760455997,"OLAM_P030",50
"76218",-16035.65393456,"OLAM_P030",100
"76219",-3506.54165455996,"OLAM_P030",25
"76220",241.413405439991,"OLAM_P030",50
"76221",-16682.55512456,"OLAM_P030",100
"76222",-23636.84002456,"OLAM_P030",25
"76223",-5714.81359455996,"OLAM_P030",50
"76224",-34610.45707456,"OLAM_P030",100
"76225",-2007.60937456001,"OLAM_P030",25
"76226",-12925.06768456,"OLAM_P030",50
"76227",-15868.49371456,"OLAM_P030",100
"76228",10073.55287544,"OLAM_P030",25
"76229",-8821.31590455998,"OLAM_P030",50
"76230",5375.42984544003,"OLAM_P030",100
"76231",3974.48393544002,"OLAM_P030",25
"76232",15002.04974544,"OLAM_P030",50
"76233",-17670.87681456,"OLAM_P030",100
"76234",-7713.51429456001,"OLAM_P030",25
"76235",5295.67148543999,"OLAM_P030",50
"76236",6843.46615544002,"OLAM_P030",100
"76237",1630.20384544,"OLAM_P030",25
"76238",-37128.45896456,"OLAM_P030",50
"76239",-14385.59446456,"OLAM_P030",100
"76240",-12315.05429456,"OLAM_P030",25
"76241",15862.73396544,"OLAM_P030",50
"76242",-33012.17030456,"OLAM_P030",100
"76243",9324.74721544003,"OLAM_P030",25
"76244",16661.04177544,"OLAM_P030",50
"76245",-6688.53094455996,"OLAM_P030",100
"76246",-4910.86318455997,"OLAM_P030",25
"76247",-10063.93530456,"OLAM_P030",50
"76248",-33691.15089456,"OLAM_P030",100
"76249",9135.46878544003,"OLAM_P030",25
"76250",6333.45686544001,"OLAM_P030",50
"76251",12338.97228544,"OLAM_P030",100
"76252",-1233.67245456,"OLAM_P030",25
"76253",-28746.61459456,"OLAM_P030",50
"76254",-16105.53846456,"OLAM_P030",100
"76255",6546.00701544003,"OLAM_P030",25
"76256",-22195.43784456,"OLAM_P030",50
"76257",-19701.35066456,"OLAM_P030",100
"76258",-9805.13711456,"OLAM_P030",25
"76259",5308.85762544,"OLAM_P030",50
"76260",-5343.79134455998,"OLAM_P030",100
"76261",-13377.85726456,"OLAM_P030",25
"76262",-42971.30187456,"OLAM_P030",50
"76263",-19099.38030456,"OLAM_P030",100
"76264",3674.24484544003,"OLAM_P030",25
"76265",-16374.52147456,"OLAM_P030",50
"76266",-45471.97910456,"OLAM_P030",100
"76267",4314.91188544,"OLAM_P030",25
"76268",-22943.12888456,"OLAM_P030",50
"76269",-22451.57440456,"OLAM_P030",100
"76270",-23179.18362456,"OLAM_P030",25
"76271",8329.37682544003,"OLAM_P030",50
"76272",-4440.60014455998,"OLAM_P030",100
"76273",-8679.23721455998,"OLAM_P030",25
"76274",4059.34906544001,"OLAM_P030",50
"76275",-35971.50573456,"OLAM_P030",100
"76276",-6200.47226456,"OLAM_P030",25
"76277",-30621.18879456,"OLAM_P030",50
"76278",-4283.84637455997,"OLAM_P030",100
"76279",8224.50801544002,"OLAM_P030",25
"76280",-21909.43968456,"OLAM_P030",50
"76281",-25309.90987456,"OLAM_P030",100
"76282",-23883.94793456,"OLAM_P030",25
"76283",-15925.56960456,"OLAM_P030",50
"76284",-34594.48452456,"OLAM_P030",100
"76285",-3221.29583456001,"OLAM_P030",25
"76286",800.284245440038,"OLAM_P030",50
"76287",-28900.16818456,"OLAM_P030",100
"76288",-8966.11842456,"OLAM_P030",25
"76289",-20749.09556456,"OLAM_P030",50
"76290",-32743.67099456,"OLAM_P030",100
"76291",-15037.57296456,"OLAM_P030",25
"76292",-26926.10739456,"OLAM_P030",50
"76293",-29818.10149456,"OLAM_P030",100
"76294",-24959.62996456,"OLAM_P030",25
"76295",12959.55983544,"OLAM_P030",50
"76296",-37868.47308456,"OLAM_P030",100
"76297",10422.07609544,"OLAM_P030",25
"76298",-18711.89031456,"OLAM_P030",50
"76299",27889.57311544,"OLAM_P030",100
"76300",-20219.66655456,"OLAM_P030",25
"76301",-29566.51220456,"OLAM_P030",50
"76302",-37082.80371456,"OLAM_P030",100
"76303",-10532.87097456,"OLAM_P030",25
"76304",4718.79914543999,"OLAM_P030",50
"76305",-27931.84331456,"OLAM_P030",100
"76306",-22306.19364456,"OLAM_P030",25
"76307",-14151.61701456,"OLAM_P030",50
"76308",16098.97769544,"OLAM_P030",100
"76309",3652.90116544004,"OLAM_P030",25
"76310",-17220.55055456,"OLAM_P030",50
"76311",-43501.53970456,"OLAM_P030",100
"76312",-4137.88514455996,"OLAM_P030",25
"76313",-8015.26401455997,"OLAM_P030",50
"76314",-12412.66930456,"OLAM_P030",100
"76315",10989.19432544,"OLAM_P030",25
"76316",-40912.46520456,"OLAM_P030",50
"76317",-20036.82652456,"OLAM_P030",100
"76318",-5705.34991455998,"OLAM_P030",25
"76319",-16854.08175456,"OLAM_P030",50
"76320",-34213.94590456,"OLAM_P030",100
"76321",-7455.57797455997,"OLAM_P030",25
"76322",3847.52304544003,"OLAM_P030",50
"76323",8282.41260544001,"OLAM_P030",100
"76324",-5638.34286455996,"OLAM_P030",25
"76325",-11102.24206456,"OLAM_P030",50
"76326",-39852.46311456,"OLAM_P030",100
"76327",-3575.22220456001,"OLAM_P030",25
"76328",-9411.92906455998,"OLAM_P030",50
"76329",-2136.23538455996,"OLAM_P030",100
"76330",-448.611764559988,"OLAM_P030",25
"76331",21537.59001544,"OLAM_P030",50
"76332",-15853.10295456,"OLAM_P030",100
"76333",4488.33660544001,"OLAM_P030",25
"76334",-2379.68417456001,"OLAM_P030",50
"76335",-20021.37637456,"OLAM_P030",100
"76336",2370.76400544,"OLAM_P030",25
"76337",-13443.20635456,"OLAM_P030",50
"76338",-29470.94126456,"OLAM_P030",100
"76339",-5543.94866455998,"OLAM_P030",25
"76340",-29825.03656456,"OLAM_P030",50
"76341",6444.27268544002,"OLAM_P030",100
"76342",-8757.11338455998,"OLAM_P030",25
"76343",3625.46294544003,"OLAM_P030",50
"76344",-35865.07243456,"OLAM_P030",100
"76345",-5664.97747455997,"OLAM_P030",25
"76346",-15192.22717456,"OLAM_P030",50
"76347",773.59103544004,"OLAM_P030",100
"76348",797.53151544003,"OLAM_P030",25
"76349",-2134.05166455999,"OLAM_P030",50
"76350",-39606.81709456,"OLAM_P030",100
"76351",-10161.91516456,"OLAM_P030",25
"76352",-30965.69883456,"OLAM_P030",50
"76353",-21027.78209456,"OLAM_P030",100
"76354",-5128.11801455996,"OLAM_P030",25
"76355",-17285.00986456,"OLAM_P030",50
"76356",-40832.78655456,"OLAM_P030",100
"76357",3371.47440544004,"OLAM_P030",25
"76358",1183.49859544,"OLAM_P030",50
"76359",-14073.71548456,"OLAM_P030",100
"76360",-4720.61723455996,"OLAM_P030",25
"76361",23884.30183544,"OLAM_P030",50
"76362",-2049.18227455998,"OLAM_P030",100
"76363",-19090.20084456,"OLAM_P030",25
"76364",22966.36512544,"OLAM_P030",50
"76365",-19217.46007456,"OLAM_P030",100
"76366",29147.39115544,"OLAM_P030",25
"76367",-11297.08112456,"OLAM_P030",50
"76368",-18328.76365456,"OLAM_P030",100
"76369",3995.43386544002,"OLAM_P030",25
"76370",-18343.80409456,"OLAM_P030",50
"76371",-15662.00037456,"OLAM_P030",100
"76372",-17032.78204456,"OLAM_P030",25
"76373",2177.88033544004,"OLAM_P030",50
"76374",-6647.53998455999,"OLAM_P030",100
"76375",-12697.66681456,"OLAM_P030",25
"76376",6053.17187543999,"OLAM_P030",50
"76377",-39737.01743456,"OLAM_P030",100
"76378",-23411.83216456,"OLAM_P030",25
"76379",-22612.47656456,"OLAM_P030",50
"76380",-38370.80690456,"OLAM_P030",100
"76381",-3309.22511455999,"OLAM_P030",25
"76382",-28246.95604456,"OLAM_P030",50
"76383",-15667.70038456,"OLAM_P030",100
"76384",-7238.88855455996,"OLAM_P030",25
"76385",-16064.83032456,"OLAM_P030",50
"76386",-18380.93844456,"OLAM_P030",100
"76387",84.8229254400358,"OLAM_P030",25
"76388",-17024.38695456,"OLAM_P030",50
"76389",13042.94142544,"OLAM_P030",100
"76390",39002.21631544,"OLAM_P030",25
"76391",-14058.55308456,"OLAM_P030",50
"76392",-32107.85736456,"OLAM_P030",100
"76393",5049.46098544,"OLAM_P030",25
"76394",-24737.97905456,"OLAM_P030",50
"76395",-62373.78995456,"OLAM_P030",100
"76396",-22168.39752456,"OLAM_P030",25
"76397",-29842.98710456,"OLAM_P030",50
"76398",-31474.41636456,"OLAM_P030",100
"76399",-26097.00298456,"OLAM_P030",25
"76400",-3557.29044456,"OLAM_P030",50
"76401",-13835.27065456,"OLAM_P030",100
"76402",20665.43291544,"OLAM_P030",25
"76403",-34058.21317456,"OLAM_P030",50
"76404",-33855.65073456,"OLAM_P030",100
"76405",-171.855704560003,"OLAM_P030",25
"76406",3512.50597544003,"OLAM_P030",50
"76407",19074.83967544,"OLAM_P030",100
"76408",-33319.48631456,"OLAM_P030",25
"76409",-29697.21313456,"OLAM_P030",50
"76410",-25201.49327456,"OLAM_P030",100
"76411",13038.07795544,"OLAM_P030",25
"76412",28799.49955544,"OLAM_P030",50
"76413",-6769.53974455997,"OLAM_P030",100
"76414",5342.45669543999,"OLAM_P030",25
"76415",-6623.78837456001,"OLAM_P030",50
"76416",-13580.65093456,"OLAM_P030",100
"76417",4485.69193544,"OLAM_P030",25
"76418",-13422.95784456,"OLAM_P030",50
"76419",-47881.51952456,"OLAM_P030",100
"76420",2623.71608544001,"OLAM_P030",25
"76421",-22644.07856456,"OLAM_P030",50
"76422",-21753.01547456,"OLAM_P030",100
"76423",7294.43782544002,"OLAM_P030",25
"76424",-22644.00923456,"OLAM_P030",50
"76425",-7360.34221455996,"OLAM_P030",100
"76426",7504.94007544004,"OLAM_P030",25
"76427",-29899.50065456,"OLAM_P030",50
"76428",4393.05020544003,"OLAM_P030",100
"76429",-3104.19384456001,"OLAM_P030",25
"76430",8031.95465544,"OLAM_P030",50
"76431",-19133.93088456,"OLAM_P030",100
"76432",-14313.06028456,"OLAM_P030",25
"76433",-13603.49639456,"OLAM_P030",50
"76434",-31439.00925456,"OLAM_P030",100
"76435",-19216.39470456,"OLAM_P030",25
"76436",-19982.87756456,"OLAM_P030",50
"76437",-2599.14914455998,"OLAM_P030",100
"76438",8587.26245544001,"OLAM_P030",25
"76439",-8544.77153455996,"OLAM_P030",50
"76440",-42600.51569456,"OLAM_P030",100
"76441",-29981.18697456,"OLAM_P030",25
"76442",6051.72274544003,"OLAM_P030",50
"76443",-16335.20022456,"OLAM_P030",100
"76444",-8752.02574456,"OLAM_P030",25
"76445",-20156.16101456,"OLAM_P030",50
"76446",-23926.35562456,"OLAM_P030",100
"76447",-104.102574559976,"OLAM_P030",25
"76448",-14996.40947456,"OLAM_P030",50
"76449",-63651.76474456,"OLAM_P030",100
"76450",772.903895440046,"OLAM_P030",25
"76451",-35984.10424456,"OLAM_P030",50
"76452",-25213.53667456,"OLAM_P030",100
"76453",2206.13905544003,"OLAM_P030",25
"76454",-24394.60477456,"OLAM_P030",50
"76455",-18966.75964456,"OLAM_P030",100
"76456",-6285.39545456,"OLAM_P030",25
"76457",-18906.92940456,"OLAM_P030",50
"76458",-9192.32286456,"OLAM_P030",100
"76459",-11673.40442456,"OLAM_P030",25
"76460",20460.30330544,"OLAM_P030",50
"76461",3271.42902544001,"OLAM_P030",100
"76462",9644.46498544002,"OLAM_P030",25
"76463",26087.32089544,"OLAM_P030",50
"76464",-32307.77190456,"OLAM_P030",100
"76465",966.517505440046,"OLAM_P030",25
"76466",-1365.02960456,"OLAM_P030",50
"76467",-14145.56406456,"OLAM_P030",100
"76468",-15573.57596456,"OLAM_P030",25
"76469",-17525.05559456,"OLAM_P030",50
"76470",-7774.80171455996,"OLAM_P030",100
"76471",1432.54697544,"OLAM_P030",25
"76472",-27950.13258456,"OLAM_P030",50
"76473",-5788.53284455999,"OLAM_P030",100
"76474",8052.92975544004,"OLAM_P030",25
"76475",-25851.31849456,"OLAM_P030",50
"76476",-52713.17183456,"OLAM_P030",100
"76477",-14697.25279456,"OLAM_P030",25
"76478",17740.29174544,"OLAM_P030",50
"76479",10908.87143544,"OLAM_P030",100
"76480",8676.98133544001,"OLAM_P030",25
"76481",-2086.20324455999,"OLAM_P030",50
"76482",-678.837824560003,"OLAM_P030",100
"76483",-9574.62458455999,"OLAM_P030",25
"76484",-4557.71996456,"OLAM_P030",50
"76485",-31978.41207456,"OLAM_P030",100
"76486",-8710.16159455996,"OLAM_P030",25
"76487",-30471.56663456,"OLAM_P030",50
"76488",-10790.01417456,"OLAM_P030",100
"76489",-26254.95909456,"OLAM_P030",25
"76490",-7933.43739455997,"OLAM_P030",50
"76491",-17527.37967456,"OLAM_P030",100
"76492",-9779.53068455996,"OLAM_P030",25
"76493",-8020.32684455998,"OLAM_P030",50
"76494",-5860.69121456001,"OLAM_P030",100
"76495",-3756.71695455996,"OLAM_P030",25
"76496",-16250.33303456,"OLAM_P030",50
"76497",-48630.77978456,"OLAM_P030",100
"76498",-13141.23274456,"OLAM_P030",25
"76499",3298.72345544002,"OLAM_P030",50
"76500",-56454.02060456,"OLAM_P030",100
"76501",11592.630209465,"OLAM_P031",25
"76502",28818.771969465,"OLAM_P031",50
"76503",60258.292569465,"OLAM_P031",100
"76504",1728.80568946499,"OLAM_P031",25
"76505",17535.416119465,"OLAM_P031",50
"76506",14047.594059465,"OLAM_P031",100
"76507",30175.397899465,"OLAM_P031",25
"76508",22359.242229465,"OLAM_P031",50
"76509",26199.510679465,"OLAM_P031",100
"76510",-1022.14236053501,"OLAM_P031",25
"76511",19137.868259465,"OLAM_P031",50
"76512",90921.611519465,"OLAM_P031",100
"76513",5989.372609465,"OLAM_P031",25
"76514",27033.092229465,"OLAM_P031",50
"76515",34811.094059465,"OLAM_P031",100
"76516",-1340.863730535,"OLAM_P031",25
"76517",31177.954799465,"OLAM_P031",50
"76518",57054.150559465,"OLAM_P031",100
"76519",-636.598530535004,"OLAM_P031",25
"76520",41544.050349465,"OLAM_P031",50
"76521",65050.297469465,"OLAM_P031",100
"76522",9877.12381946499,"OLAM_P031",25
"76523",28101.306529465,"OLAM_P031",50
"76524",44972.557169465,"OLAM_P031",100
"76525",13307.789229465,"OLAM_P031",25
"76526",28716.205889465,"OLAM_P031",50
"76527",53155.375389465,"OLAM_P031",100
"76528",10581.474349465,"OLAM_P031",25
"76529",38784.628089465,"OLAM_P031",50
"76530",18149.121829465,"OLAM_P031",100
"76531",994.66176946499,"OLAM_P031",25
"76532",21113.831409465,"OLAM_P031",50
"76533",21456.604469465,"OLAM_P031",100
"76534",1042.437249465,"OLAM_P031",25
"76535",33158.631179465,"OLAM_P031",50
"76536",51350.982439465,"OLAM_P031",100
"76537",8797.080289465,"OLAM_P031",25
"76538",46060.526969465,"OLAM_P031",50
"76539",57656.655539465,"OLAM_P031",100
"76540",989.384389465005,"OLAM_P031",25
"76541",23979.341719465,"OLAM_P031",50
"76542",30144.378129465,"OLAM_P031",100
"76543",33676.285839465,"OLAM_P031",25
"76544",7746.83819946498,"OLAM_P031",50
"76545",39495.041069465,"OLAM_P031",100
"76546",19718.215999465,"OLAM_P031",25
"76547",8187.37530946499,"OLAM_P031",50
"76548",31294.132839465,"OLAM_P031",100
"76549",-3928.69084053501,"OLAM_P031",25
"76550",31931.461169465,"OLAM_P031",50
"76551",42483.564939465,"OLAM_P031",100
"76552",4763.43694946499,"OLAM_P031",25
"76553",-716.264890535007,"OLAM_P031",50
"76554",39462.948239465,"OLAM_P031",100
"76555",6372.292649465,"OLAM_P031",25
"76556",39007.221679465,"OLAM_P031",50
"76557",67653.629609465,"OLAM_P031",100
"76558",-50.3763605350105,"OLAM_P031",25
"76559",20997.348029465,"OLAM_P031",50
"76560",51211.059309465,"OLAM_P031",100
"76561",-145.400310535013,"OLAM_P031",25
"76562",20434.857949465,"OLAM_P031",50
"76563",22138.493149465,"OLAM_P031",100
"76564",8287.71614946501,"OLAM_P031",25
"76565",32427.049059465,"OLAM_P031",50
"76566",61358.843839465,"OLAM_P031",100
"76567",2950.361929465,"OLAM_P031",25
"76568",14969.055009465,"OLAM_P031",50
"76569",46260.582529465,"OLAM_P031",100
"76570",3238.93704946499,"OLAM_P031",25
"76571",37746.072659465,"OLAM_P031",50
"76572",47494.409149465,"OLAM_P031",100
"76573",9364.81221946501,"OLAM_P031",25
"76574",33633.271429465,"OLAM_P031",50
"76575",49047.889899465,"OLAM_P031",100
"76576",18376.819959465,"OLAM_P031",25
"76577",37214.446489465,"OLAM_P031",50
"76578",-2052.81406053499,"OLAM_P031",100
"76579",-246.671300535003,"OLAM_P031",25
"76580",15490.698299465,"OLAM_P031",50
"76581",71275.648969465,"OLAM_P031",100
"76582",20794.293049465,"OLAM_P031",25
"76583",-2811.741750535,"OLAM_P031",50
"76584",114234.471769465,"OLAM_P031",100
"76585",12381.016379465,"OLAM_P031",25
"76586",38876.896159465,"OLAM_P031",50
"76587",28938.740239465,"OLAM_P031",100
"76588",528.721769464988,"OLAM_P031",25
"76589",36367.224219465,"OLAM_P031",50
"76590",48005.898469465,"OLAM_P031",100
"76591",11742.043009465,"OLAM_P031",25
"76592",20427.332459465,"OLAM_P031",50
"76593",33770.950399465,"OLAM_P031",100
"76594",22630.157479465,"OLAM_P031",25
"76595",6622.911289465,"OLAM_P031",50
"76596",28437.072679465,"OLAM_P031",100
"76597",4231.88627946499,"OLAM_P031",25
"76598",10097.987659465,"OLAM_P031",50
"76599",44659.764969465,"OLAM_P031",100
"76600",10994.734099465,"OLAM_P031",25
"76601",11898.454269465,"OLAM_P031",50
"76602",15074.098319465,"OLAM_P031",100
"76603",3454.96723946498,"OLAM_P031",25
"76604",30241.666599465,"OLAM_P031",50
"76605",26579.735429465,"OLAM_P031",100
"76606",34537.942509465,"OLAM_P031",25
"76607",50214.072549465,"OLAM_P031",50
"76608",48959.269759465,"OLAM_P031",100
"76609",23152.733579465,"OLAM_P031",25
"76610",13431.506389465,"OLAM_P031",50
"76611",59306.379219465,"OLAM_P031",100
"76612",23247.587059465,"OLAM_P031",25
"76613",11047.479599465,"OLAM_P031",50
"76614",51042.462499465,"OLAM_P031",100
"76615",30354.714579465,"OLAM_P031",25
"76616",32710.559679465,"OLAM_P031",50
"76617",44528.026239465,"OLAM_P031",100
"76618",14790.192289465,"OLAM_P031",25
"76619",29328.861749465,"OLAM_P031",50
"76620",49081.719019465,"OLAM_P031",100
"76621",-4580.54501053502,"OLAM_P031",25
"76622",34960.934289465,"OLAM_P031",50
"76623",31432.115469465,"OLAM_P031",100
"76624",-5417.443200535,"OLAM_P031",25
"76625",14660.019589465,"OLAM_P031",50
"76626",25839.388409465,"OLAM_P031",100
"76627",11651.375989465,"OLAM_P031",25
"76628",33557.595749465,"OLAM_P031",50
"76629",51750.147829465,"OLAM_P031",100
"76630",18415.721689465,"OLAM_P031",25
"76631",19654.779939465,"OLAM_P031",50
"76632",56198.176959465,"OLAM_P031",100
"76633",2102.81935946501,"OLAM_P031",25
"76634",17141.076199465,"OLAM_P031",50
"76635",13269.420069465,"OLAM_P031",100
"76636",18901.173049465,"OLAM_P031",25
"76637",21354.209609465,"OLAM_P031",50
"76638",53321.996179465,"OLAM_P031",100
"76639",33271.651769465,"OLAM_P031",25
"76640",23511.536799465,"OLAM_P031",50
"76641",57236.100029465,"OLAM_P031",100
"76642",24913.568589465,"OLAM_P031",25
"76643",37318.579679465,"OLAM_P031",50
"76644",72452.072959465,"OLAM_P031",100
"76645",19476.206209465,"OLAM_P031",25
"76646",37276.130589465,"OLAM_P031",50
"76647",43255.946009465,"OLAM_P031",100
"76648",18503.943699465,"OLAM_P031",25
"76649",2987.56870946501,"OLAM_P031",50
"76650",36457.923079465,"OLAM_P031",100
"76651",28156.326489465,"OLAM_P031",25
"76652",4351.44116946499,"OLAM_P031",50
"76653",44506.496349465,"OLAM_P031",100
"76654",-1063.50865053499,"OLAM_P031",25
"76655",30776.095389465,"OLAM_P031",50
"76656",81834.752329465,"OLAM_P031",100
"76657",21023.689619465,"OLAM_P031",25
"76658",29584.853199465,"OLAM_P031",50
"76659",17180.984449465,"OLAM_P031",100
"76660",1914.681069465,"OLAM_P031",25
"76661",272.015459465008,"OLAM_P031",50
"76662",42066.211379465,"OLAM_P031",100
"76663",46640.549149465,"OLAM_P031",25
"76664",21384.857979465,"OLAM_P031",50
"76665",39454.226469465,"OLAM_P031",100
"76666",14912.647199465,"OLAM_P031",25
"76667",-4179.22826053499,"OLAM_P031",50
"76668",18860.263789465,"OLAM_P031",100
"76669",12802.834849465,"OLAM_P031",25
"76670",1965.44627946499,"OLAM_P031",50
"76671",19758.460309465,"OLAM_P031",100
"76672",8184.04910946501,"OLAM_P031",25
"76673",12785.470359465,"OLAM_P031",50
"76674",15153.440469465,"OLAM_P031",100
"76675",11214.318389465,"OLAM_P031",25
"76676",33586.827289465,"OLAM_P031",50
"76677",72742.507869465,"OLAM_P031",100
"76678",12268.374029465,"OLAM_P031",25
"76679",37404.333439465,"OLAM_P031",50
"76680",43355.969999465,"OLAM_P031",100
"76681",4137.39031946499,"OLAM_P031",25
"76682",25774.596299465,"OLAM_P031",50
"76683",58477.657779465,"OLAM_P031",100
"76684",32576.237339465,"OLAM_P031",25
"76685",14658.624349465,"OLAM_P031",50
"76686",19096.963019465,"OLAM_P031",100
"76687",5485.32875946499,"OLAM_P031",25
"76688",15112.609389465,"OLAM_P031",50
"76689",83254.813049465,"OLAM_P031",100
"76690",-905.467770535004,"OLAM_P031",25
"76691",22414.864719465,"OLAM_P031",50
"76692",41757.818869465,"OLAM_P031",100
"76693",37633.017329465,"OLAM_P031",25
"76694",1394.442489465,"OLAM_P031",50
"76695",25557.234419465,"OLAM_P031",100
"76696",20451.276829465,"OLAM_P031",25
"76697",15747.952469465,"OLAM_P031",50
"76698",66610.489559465,"OLAM_P031",100
"76699",-4306.63361053501,"OLAM_P031",25
"76700",24016.315559465,"OLAM_P031",50
"76701",20234.287329465,"OLAM_P031",100
"76702",21259.709799465,"OLAM_P031",25
"76703",40360.954409465,"OLAM_P031",50
"76704",42730.570929465,"OLAM_P031",100
"76705",2702.931859465,"OLAM_P031",25
"76706",23227.612789465,"OLAM_P031",50
"76707",41723.792439465,"OLAM_P031",100
"76708",19592.605059465,"OLAM_P031",25
"76709",8065.92651946499,"OLAM_P031",50
"76710",28582.166189465,"OLAM_P031",100
"76711",21163.334389465,"OLAM_P031",25
"76712",40137.454899465,"OLAM_P031",50
"76713",41882.248159465,"OLAM_P031",100
"76714",8464.07177946498,"OLAM_P031",25
"76715",21859.209779465,"OLAM_P031",50
"76716",30078.503919465,"OLAM_P031",100
"76717",9601.538869465,"OLAM_P031",25
"76718",77764.603209465,"OLAM_P031",50
"76719",31380.225719465,"OLAM_P031",100
"76720",-2733.220690535,"OLAM_P031",25
"76721",38850.680559465,"OLAM_P031",50
"76722",30445.369929465,"OLAM_P031",100
"76723",9965.96274946499,"OLAM_P031",25
"76724",34332.732839465,"OLAM_P031",50
"76725",39628.203629465,"OLAM_P031",100
"76726",1638.294629465,"OLAM_P031",25
"76727",16777.302309465,"OLAM_P031",50
"76728",35233.144689465,"OLAM_P031",100
"76729",41666.476079465,"OLAM_P031",25
"76730",24801.991399465,"OLAM_P031",50
"76731",50923.816089465,"OLAM_P031",100
"76732",-725.609210535011,"OLAM_P031",25
"76733",4710.538639465,"OLAM_P031",50
"76734",44163.640489465,"OLAM_P031",100
"76735",300.383069464995,"OLAM_P031",25
"76736",37582.444689465,"OLAM_P031",50
"76737",39961.981199465,"OLAM_P031",100
"76738",-2029.971210535,"OLAM_P031",25
"76739",34442.987809465,"OLAM_P031",50
"76740",3067.91469946501,"OLAM_P031",100
"76741",-901.713610534993,"OLAM_P031",25
"76742",11336.493139465,"OLAM_P031",50
"76743",35846.677159465,"OLAM_P031",100
"76744",13548.682799465,"OLAM_P031",25
"76745",16997.286989465,"OLAM_P031",50
"76746",8220.34970946499,"OLAM_P031",100
"76747",-5669.59012053499,"OLAM_P031",25
"76748",-2024.22488053501,"OLAM_P031",50
"76749",32460.220799465,"OLAM_P031",100
"76750",4961.24645946501,"OLAM_P031",25
"76751",19387.697279465,"OLAM_P031",50
"76752",32606.501609465,"OLAM_P031",100
"76753",-1461.834800535,"OLAM_P031",25
"76754",4186.361689465,"OLAM_P031",50
"76755",50777.029179465,"OLAM_P031",100
"76756",12459.261659465,"OLAM_P031",25
"76757",16183.315959465,"OLAM_P031",50
"76758",53206.194019465,"OLAM_P031",100
"76759",3487.97839946501,"OLAM_P031",25
"76760",22661.561199465,"OLAM_P031",50
"76761",30656.187309465,"OLAM_P031",100
"76762",2919.20852946499,"OLAM_P031",25
"76763",2707.251029465,"OLAM_P031",50
"76764",63971.942279465,"OLAM_P031",100
"76765",19607.043499465,"OLAM_P031",25
"76766",26241.891759465,"OLAM_P031",50
"76767",81674.524149465,"OLAM_P031",100
"76768",12368.674439465,"OLAM_P031",25
"76769",15258.788559465,"OLAM_P031",50
"76770",64061.441329465,"OLAM_P031",100
"76771",14108.930749465,"OLAM_P031",25
"76772",24129.822009465,"OLAM_P031",50
"76773",56780.960289465,"OLAM_P031",100
"76774",6687.48437946499,"OLAM_P031",25
"76775",40353.442489465,"OLAM_P031",50
"76776",51210.439779465,"OLAM_P031",100
"76777",264.763369464985,"OLAM_P031",25
"76778",7009.69955946499,"OLAM_P031",50
"76779",81682.633069465,"OLAM_P031",100
"76780",-1737.825520535,"OLAM_P031",25
"76781",13079.266589465,"OLAM_P031",50
"76782",28786.799159465,"OLAM_P031",100
"76783",5018.67722946499,"OLAM_P031",25
"76784",11107.713989465,"OLAM_P031",50
"76785",44242.408199465,"OLAM_P031",100
"76786",59.1547594649892,"OLAM_P031",25
"76787",2797.07021946501,"OLAM_P031",50
"76788",105104.022109465,"OLAM_P031",100
"76789",-4338.62772053501,"OLAM_P031",25
"76790",-6956.69061053501,"OLAM_P031",50
"76791",39565.289329465,"OLAM_P031",100
"76792",686.955909465003,"OLAM_P031",25
"76793",18603.029989465,"OLAM_P031",50
"76794",45959.523579465,"OLAM_P031",100
"76795",7621.85829946501,"OLAM_P031",25
"76796",18743.058019465,"OLAM_P031",50
"76797",39693.192209465,"OLAM_P031",100
"76798",15000.256079465,"OLAM_P031",25
"76799",47604.640499465,"OLAM_P031",50
"76800",68464.501489465,"OLAM_P031",100
"76801",-89881.889448691,"OLAM_P032",25
"76802",-1231.857458691,"OLAM_P032",50
"76803",5745.26317130902,"OLAM_P032",100
"76804",33023.317631309,"OLAM_P032",25
"76805",-23826.063678691,"OLAM_P032",50
"76806",32905.9178813091,"OLAM_P032",100
"76807",18326.886461309,"OLAM_P032",25
"76808",-118870.299278691,"OLAM_P032",50
"76809",-76775.285678691,"OLAM_P032",100
"76810",-26171.016738691,"OLAM_P032",25
"76811",-13392.626038691,"OLAM_P032",50
"76812",-122736.494688691,"OLAM_P032",100
"76813",97602.070521309,"OLAM_P032",25
"76814",-92449.893818691,"OLAM_P032",50
"76815",-58701.864568691,"OLAM_P032",100
"76816",-34823.7166286909,"OLAM_P032",25
"76817",-124916.433278691,"OLAM_P032",50
"76818",-10282.387588691,"OLAM_P032",100
"76819",-13395.340268691,"OLAM_P032",25
"76820",-109305.411698691,"OLAM_P032",50
"76821",-70336.078898691,"OLAM_P032",100
"76822",-99177.632878691,"OLAM_P032",25
"76823",39975.2160413089,"OLAM_P032",50
"76824",-60944.760218691,"OLAM_P032",100
"76825",-28872.720278691,"OLAM_P032",25
"76826",-88479.879168691,"OLAM_P032",50
"76827",-91819.902478691,"OLAM_P032",100
"76828",-20669.406228691,"OLAM_P032",25
"76829",41016.417861309,"OLAM_P032",50
"76830",19654.368121309,"OLAM_P032",100
"76831",33097.212751309,"OLAM_P032",25
"76832",-106454.910028691,"OLAM_P032",50
"76833",61197.848891309,"OLAM_P032",100
"76834",52859.057241309,"OLAM_P032",25
"76835",35646.109351309,"OLAM_P032",50
"76836",-26686.424838691,"OLAM_P032",100
"76837",-23451.997818691,"OLAM_P032",25
"76838",33763.436161309,"OLAM_P032",50
"76839",-72610.377258691,"OLAM_P032",100
"76840",-132.25745869102,"OLAM_P032",25
"76841",-10911.018668691,"OLAM_P032",50
"76842",-38217.543838691,"OLAM_P032",100
"76843",-96457.995188691,"OLAM_P032",25
"76844",-99131.096808691,"OLAM_P032",50
"76845",19958.097961309,"OLAM_P032",100
"76846",20509.325291309,"OLAM_P032",25
"76847",-25364.241848691,"OLAM_P032",50
"76848",-94069.448408691,"OLAM_P032",100
"76849",-26978.719748691,"OLAM_P032",25
"76850",73350.672151309,"OLAM_P032",50
"76851",-73301.947818691,"OLAM_P032",100
"76852",-49295.862238691,"OLAM_P032",25
"76853",-18144.891168691,"OLAM_P032",50
"76854",-85224.821598691,"OLAM_P032",100
"76855",28949.370091309,"OLAM_P032",25
"76856",-42172.385178691,"OLAM_P032",50
"76857",-65158.403148691,"OLAM_P032",100
"76858",5684.99400130904,"OLAM_P032",25
"76859",25322.770701309,"OLAM_P032",50
"76860",2827.23764130904,"OLAM_P032",100
"76861",-21583.540448691,"OLAM_P032",25
"76862",64897.109391309,"OLAM_P032",50
"76863",-130489.280268691,"OLAM_P032",100
"76864",-27623.445028691,"OLAM_P032",25
"76865",-94416.314818691,"OLAM_P032",50
"76866",-133579.615988691,"OLAM_P032",100
"76867",26443.207231309,"OLAM_P032",25
"76868",-14810.745558691,"OLAM_P032",50
"76869",-69485.868828691,"OLAM_P032",100
"76870",11135.551821309,"OLAM_P032",25
"76871",-93428.512588691,"OLAM_P032",50
"76872",56581.652951309,"OLAM_P032",100
"76873",-29020.207788691,"OLAM_P032",25
"76874",-39146.145538691,"OLAM_P032",50
"76875",-94168.336138691,"OLAM_P032",100
"76876",36119.023291309,"OLAM_P032",25
"76877",106605.002461309,"OLAM_P032",50
"76878",-81659.678948691,"OLAM_P032",100
"76879",36028.312081309,"OLAM_P032",25
"76880",-18198.287848691,"OLAM_P032",50
"76881",-2601.74812869099,"OLAM_P032",100
"76882",-78586.550168691,"OLAM_P032",25
"76883",-40569.350668691,"OLAM_P032",50
"76884",-24359.081288691,"OLAM_P032",100
"76885",61654.556231309,"OLAM_P032",25
"76886",-3949.41133869102,"OLAM_P032",50
"76887",55732.278441309,"OLAM_P032",100
"76888",-26838.297068691,"OLAM_P032",25
"76889",-8294.20866869099,"OLAM_P032",50
"76890",-57756.683618691,"OLAM_P032",100
"76891",-29269.4658786911,"OLAM_P032",25
"76892",46937.4120713091,"OLAM_P032",50
"76893",-95274.340738691,"OLAM_P032",100
"76894",41777.458801309,"OLAM_P032",25
"76895",-15186.346248691,"OLAM_P032",50
"76896",-88917.848728691,"OLAM_P032",100
"76897",24439.477161309,"OLAM_P032",25
"76898",-82134.261708691,"OLAM_P032",50
"76899",-49843.679228691,"OLAM_P032",100
"76900",30757.472441309,"OLAM_P032",25
"76901",-130443.949638691,"OLAM_P032",50
"76902",-81832.455408691,"OLAM_P032",100
"76903",51467.732961309,"OLAM_P032",25
"76904",46725.793591309,"OLAM_P032",50
"76905",-67456.187958691,"OLAM_P032",100
"76906",-3700.832828691,"OLAM_P032",25
"76907",-60951.240348691,"OLAM_P032",50
"76908",-26185.577238691,"OLAM_P032",100
"76909",-553.071918691043,"OLAM_P032",25
"76910",-82808.016588691,"OLAM_P032",50
"76911",-93998.201428691,"OLAM_P032",100
"76912",-9393.58859869104,"OLAM_P032",25
"76913",-53023.221468691,"OLAM_P032",50
"76914",-123124.048918691,"OLAM_P032",100
"76915",-13312.910038691,"OLAM_P032",25
"76916",-64343.579448691,"OLAM_P032",50
"76917",-94247.716998691,"OLAM_P032",100
"76918",-79262.539068691,"OLAM_P032",25
"76919",47689.693201309,"OLAM_P032",50
"76920",714.299391309032,"OLAM_P032",100
"76921",32794.947891309,"OLAM_P032",25
"76922",-25278.055948691,"OLAM_P032",50
"76923",-22258.325358691,"OLAM_P032",100
"76924",-29357.450878691,"OLAM_P032",25
"76925",-32436.817308691,"OLAM_P032",50
"76926",-67529.783728691,"OLAM_P032",100
"76927",-43425.100148691,"OLAM_P032",25
"76928",-63377.901138691,"OLAM_P032",50
"76929",-11214.646598691,"OLAM_P032",100
"76930",14305.351061309,"OLAM_P032",25
"76931",-91417.017818691,"OLAM_P032",50
"76932",-50906.983808691,"OLAM_P032",100
"76933",5915.84348130901,"OLAM_P032",25
"76934",-50007.817458691,"OLAM_P032",50
"76935",12202.685541309,"OLAM_P032",100
"76936",19590.4967713089,"OLAM_P032",25
"76937",15366.595931309,"OLAM_P032",50
"76938",-20736.798258691,"OLAM_P032",100
"76939",-44697.214998691,"OLAM_P032",25
"76940",-41088.240438691,"OLAM_P032",50
"76941",-140243.637848691,"OLAM_P032",100
"76942",-83886.280438691,"OLAM_P032",25
"76943",-44626.737748691,"OLAM_P032",50
"76944",28165.267461309,"OLAM_P032",100
"76945",13656.771521309,"OLAM_P032",25
"76946",-42275.262358691,"OLAM_P032",50
"76947",-40090.5262386911,"OLAM_P032",100
"76948",-29680.791838691,"OLAM_P032",25
"76949",20955.563891309,"OLAM_P032",50
"76950",-108144.537418691,"OLAM_P032",100
"76951",-24963.748758691,"OLAM_P032",25
"76952",-10032.979748691,"OLAM_P032",50
"76953",-11606.977548691,"OLAM_P032",100
"76954",-84684.456278691,"OLAM_P032",25
"76955",-19241.878678691,"OLAM_P032",50
"76956",-81975.791128691,"OLAM_P032",100
"76957",24051.015981309,"OLAM_P032",25
"76958",-84871.193868691,"OLAM_P032",50
"76959",41777.351321309,"OLAM_P032",100
"76960",-96851.621388691,"OLAM_P032",25
"76961",-64616.649878691,"OLAM_P032",50
"76962",-8965.06278869102,"OLAM_P032",100
"76963",56483.199201309,"OLAM_P032",25
"76964",-16425.0991186911,"OLAM_P032",50
"76965",-15826.169648691,"OLAM_P032",100
"76966",-42743.826498691,"OLAM_P032",25
"76967",8456.23839130905,"OLAM_P032",50
"76968",-51275.144808691,"OLAM_P032",100
"76969",-11492.5172786911,"OLAM_P032",25
"76970",14122.787081309,"OLAM_P032",50
"76971",-116677.015788691,"OLAM_P032",100
"76972",37641.050521309,"OLAM_P032",25
"76973",18133.478921309,"OLAM_P032",50
"76974",-54314.282998691,"OLAM_P032",100
"76975",1850.31463130901,"OLAM_P032",25
"76976",-58926.752628691,"OLAM_P032",50
"76977",-57820.033578691,"OLAM_P032",100
"76978",-7590.218378691,"OLAM_P032",25
"76979",34020.978251309,"OLAM_P032",50
"76980",-39736.040418691,"OLAM_P032",100
"76981",16747.111261309,"OLAM_P032",25
"76982",84392.624261309,"OLAM_P032",50
"76983",-28757.888138691,"OLAM_P032",100
"76984",-83027.802608691,"OLAM_P032",25
"76985",12837.538541309,"OLAM_P032",50
"76986",-22903.9086986911,"OLAM_P032",100
"76987",24557.227241309,"OLAM_P032",25
"76988",-72592.211588691,"OLAM_P032",50
"76989",2454.888031309,"OLAM_P032",100
"76990",38164.966501309,"OLAM_P032",25
"76991",9818.18588130898,"OLAM_P032",50
"76992",38157.215451309,"OLAM_P032",100
"76993",-66550.311938691,"OLAM_P032",25
"76994",-82205.900478691,"OLAM_P032",50
"76995",-79823.368378691,"OLAM_P032",100
"76996",-9301.64730869106,"OLAM_P032",25
"76997",-71674.918578691,"OLAM_P032",50
"76998",-17615.143528691,"OLAM_P032",100
"76999",2313.59299130901,"OLAM_P032",25
"77000",60778.536691309,"OLAM_P032",50
"77001",-91249.530258691,"OLAM_P032",100
"77002",7304.27271130902,"OLAM_P032",25
"77003",-71515.658738691,"OLAM_P032",50
"77004",4826.74085130903,"OLAM_P032",100
"77005",-15299.480508691,"OLAM_P032",25
"77006",-18587.336038691,"OLAM_P032",50
"77007",-34115.498778691,"OLAM_P032",100
"77008",-52856.720348691,"OLAM_P032",25
"77009",66837.609391309,"OLAM_P032",50
"77010",-75343.044788691,"OLAM_P032",100
"77011",10253.3545413089,"OLAM_P032",25
"77012",44660.816001309,"OLAM_P032",50
"77013",12996.639311309,"OLAM_P032",100
"77014",3775.73442130897,"OLAM_P032",25
"77015",-19156.079078691,"OLAM_P032",50
"77016",-41791.792158691,"OLAM_P032",100
"77017",-43163.348768691,"OLAM_P032",25
"77018",70031.068661309,"OLAM_P032",50
"77019",-90020.236468691,"OLAM_P032",100
"77020",-4435.10696869099,"OLAM_P032",25
"77021",-30992.278818691,"OLAM_P032",50
"77022",-47850.190658691,"OLAM_P032",100
"77023",70.356761308969,"OLAM_P032",25
"77024",5948.55422130902,"OLAM_P032",50
"77025",-15323.529858691,"OLAM_P032",100
"77026",-102241.894568691,"OLAM_P032",25
"77027",-42150.454648691,"OLAM_P032",50
"77028",-71434.359638691,"OLAM_P032",100
"77029",26802.1725913089,"OLAM_P032",25
"77030",-68054.036998691,"OLAM_P032",50
"77031",-30611.968908691,"OLAM_P032",100
"77032",8720.93330130901,"OLAM_P032",25
"77033",-9571.93262869096,"OLAM_P032",50
"77034",30012.774501309,"OLAM_P032",100
"77035",-108363.038768691,"OLAM_P032",25
"77036",-62897.726648691,"OLAM_P032",50
"77037",8228.12517130899,"OLAM_P032",100
"77038",-107008.032378691,"OLAM_P032",25
"77039",-129566.360098691,"OLAM_P032",50
"77040",-108639.739418691,"OLAM_P032",100
"77041",22580.3918913089,"OLAM_P032",25
"77042",-17323.977988691,"OLAM_P032",50
"77043",-81985.875008691,"OLAM_P032",100
"77044",-1139.03758869099,"OLAM_P032",25
"77045",49275.962621309,"OLAM_P032",50
"77046",-54235.868878691,"OLAM_P032",100
"77047",-18076.4097086909,"OLAM_P032",25
"77048",-55096.251248691,"OLAM_P032",50
"77049",-113407.558318691,"OLAM_P032",100
"77050",-51922.026988691,"OLAM_P032",25
"77051",-73479.907448691,"OLAM_P032",50
"77052",-41577.118828691,"OLAM_P032",100
"77053",-94660.849828691,"OLAM_P032",25
"77054",103491.237381309,"OLAM_P032",50
"77055",-132306.942178691,"OLAM_P032",100
"77056",4440.34269130905,"OLAM_P032",25
"77057",25447.964181309,"OLAM_P032",50
"77058",-77568.824558691,"OLAM_P032",100
"77059",64595.015521309,"OLAM_P032",25
"77060",-95535.719298691,"OLAM_P032",50
"77061",-115808.497648691,"OLAM_P032",100
"77062",-85778.855548691,"OLAM_P032",25
"77063",-37639.833558691,"OLAM_P032",50
"77064",-101812.521008691,"OLAM_P032",100
"77065",53088.980071309,"OLAM_P032",25
"77066",37648.8972413091,"OLAM_P032",50
"77067",16746.115691309,"OLAM_P032",100
"77068",-131328.143418691,"OLAM_P032",25
"77069",-35266.638748691,"OLAM_P032",50
"77070",-49539.917668691,"OLAM_P032",100
"77071",-1140.28870869102,"OLAM_P032",25
"77072",-88058.957778691,"OLAM_P032",50
"77073",38982.769411309,"OLAM_P032",100
"77074",20468.350101309,"OLAM_P032",25
"77075",40679.2427513089,"OLAM_P032",50
"77076",-100872.784878691,"OLAM_P032",100
"77077",-8010.05227869097,"OLAM_P032",25
"77078",-28664.130988691,"OLAM_P032",50
"77079",-71084.201688691,"OLAM_P032",100
"77080",30924.062531309,"OLAM_P032",25
"77081",-55148.428658691,"OLAM_P032",50
"77082",-88400.852318691,"OLAM_P032",100
"77083",-102150.242918691,"OLAM_P032",25
"77084",-72884.286618691,"OLAM_P032",50
"77085",-90630.818498691,"OLAM_P032",100
"77086",-14793.671268691,"OLAM_P032",25
"77087",776.688971308991,"OLAM_P032",50
"77088",-20618.451158691,"OLAM_P032",100
"77089",62954.309661309,"OLAM_P032",25
"77090",36519.720351309,"OLAM_P032",50
"77091",-9165.31920869101,"OLAM_P032",100
"77092",-15244.396748691,"OLAM_P032",25
"77093",85577.051751309,"OLAM_P032",50
"77094",-37189.031898691,"OLAM_P032",100
"77095",22196.793221309,"OLAM_P032",25
"77096",-62072.251718691,"OLAM_P032",50
"77097",-35435.413808691,"OLAM_P032",100
"77098",26991.076051309,"OLAM_P032",25
"77099",-45237.982358691,"OLAM_P032",50
"77100",-50566.143508691,"OLAM_P032",100
"77101",-12135.291220272,"OLAM_P033",25
"77102",-35781.997200272,"OLAM_P033",50
"77103",-55578.071750272,"OLAM_P033",100
"77104",-8592.088330272,"OLAM_P033",25
"77105",-16468.475730272,"OLAM_P033",50
"77106",-33265.741250272,"OLAM_P033",100
"77107",-6621.92738027201,"OLAM_P033",25
"77108",-19774.184410272,"OLAM_P033",50
"77109",-57234.412970272,"OLAM_P033",100
"77110",-18872.707300272,"OLAM_P033",25
"77111",-24113.572700272,"OLAM_P033",50
"77112",-56355.505960272,"OLAM_P033",100
"77113",-7374.719930272,"OLAM_P033",25
"77114",-11558.997420272,"OLAM_P033",50
"77115",-25174.515490272,"OLAM_P033",100
"77116",8452.59708972799,"OLAM_P033",25
"77117",-6508.58506027202,"OLAM_P033",50
"77118",-39529.854310272,"OLAM_P033",100
"77119",-6866.60413027203,"OLAM_P033",25
"77120",-22828.276080272,"OLAM_P033",50
"77121",-6744.746430272,"OLAM_P033",100
"77122",-9783.00382027202,"OLAM_P033",25
"77123",-38597.596880272,"OLAM_P033",50
"77124",-33048.429260272,"OLAM_P033",100
"77125",-7736.66750027201,"OLAM_P033",25
"77126",16127.943029728,"OLAM_P033",50
"77127",-36948.662040272,"OLAM_P033",100
"77128",-21372.766030272,"OLAM_P033",25
"77129",-20262.339620272,"OLAM_P033",50
"77130",-51516.670990272,"OLAM_P033",100
"77131",-13524.020020272,"OLAM_P033",25
"77132",-8122.148750272,"OLAM_P033",50
"77133",-39891.777860272,"OLAM_P033",100
"77134",-20306.878040272,"OLAM_P033",25
"77135",-20753.849070272,"OLAM_P033",50
"77136",-30489.473790272,"OLAM_P033",100
"77137",-2805.011260272,"OLAM_P033",25
"77138",-1019.48276027199,"OLAM_P033",50
"77139",-18561.961390272,"OLAM_P033",100
"77140",2177.89996972797,"OLAM_P033",25
"77141",-35164.394370272,"OLAM_P033",50
"77142",-8401.83149027202,"OLAM_P033",100
"77143",-17580.720840272,"OLAM_P033",25
"77144",-33020.172470272,"OLAM_P033",50
"77145",-42238.698820272,"OLAM_P033",100
"77146",-9324.190060272,"OLAM_P033",25
"77147",-19074.058810272,"OLAM_P033",50
"77148",412.064819727966,"OLAM_P033",100
"77149",-10783.832810272,"OLAM_P033",25
"77150",4338.22834972799,"OLAM_P033",50
"77151",-29248.023210272,"OLAM_P033",100
"77152",-12943.399450272,"OLAM_P033",25
"77153",-34110.689940272,"OLAM_P033",50
"77154",-44329.366850272,"OLAM_P033",100
"77155",-6236.54357027201,"OLAM_P033",25
"77156",-19369.590600272,"OLAM_P033",50
"77157",-47150.219430272,"OLAM_P033",100
"77158",-23726.887060272,"OLAM_P033",25
"77159",-5213.22671027202,"OLAM_P033",50
"77160",-43949.916430272,"OLAM_P033",100
"77161",-11750.497660272,"OLAM_P033",25
"77162",-28204.596800272,"OLAM_P033",50
"77163",33438.935389728,"OLAM_P033",100
"77164",-15707.538440272,"OLAM_P033",25
"77165",-23440.446290272,"OLAM_P033",50
"77166",-28428.238970272,"OLAM_P033",100
"77167",-4245.354230272,"OLAM_P033",25
"77168",10246.618269728,"OLAM_P033",50
"77169",-36169.082750272,"OLAM_P033",100
"77170",6198.65069972799,"OLAM_P033",25
"77171",-25048.957500272,"OLAM_P033",50
"77172",-47613.823670272,"OLAM_P033",100
"77173",-12408.482540272,"OLAM_P033",25
"77174",-22062.447160272,"OLAM_P033",50
"77175",-9548.364890272,"OLAM_P033",100
"77176",-11888.801660272,"OLAM_P033",25
"77177",1580.24449972797,"OLAM_P033",50
"77178",-17140.668570272,"OLAM_P033",100
"77179",-14888.330280272,"OLAM_P033",25
"77180",-15275.990170272,"OLAM_P033",50
"77181",-46071.280430272,"OLAM_P033",100
"77182",-9736.36212027201,"OLAM_P033",25
"77183",-19179.002440272,"OLAM_P033",50
"77184",-26342.788690272,"OLAM_P033",100
"77185",-13905.634460272,"OLAM_P033",25
"77186",-10296.553790272,"OLAM_P033",50
"77187",-43982.183710272,"OLAM_P033",100
"77188",-3819.89855027199,"OLAM_P033",25
"77189",-15839.313310272,"OLAM_P033",50
"77190",-25946.434000272,"OLAM_P033",100
"77191",-6890.832360272,"OLAM_P033",25
"77192",-37642.923660272,"OLAM_P033",50
"77193",-24367.664390272,"OLAM_P033",100
"77194",-12552.325210272,"OLAM_P033",25
"77195",-12858.540260272,"OLAM_P033",50
"77196",-20839.003870272,"OLAM_P033",100
"77197",-2412.07481027202,"OLAM_P033",25
"77198",-14318.210640272,"OLAM_P033",50
"77199",-6051.71150027201,"OLAM_P033",100
"77200",-5496.61941027199,"OLAM_P033",25
"77201",-27181.564160272,"OLAM_P033",50
"77202",-49074.395430272,"OLAM_P033",100
"77203",-5137.216670272,"OLAM_P033",25
"77204",-25447.499960272,"OLAM_P033",50
"77205",-47373.825330272,"OLAM_P033",100
"77206",-8048.51316027201,"OLAM_P033",25
"77207",-11334.042800272,"OLAM_P033",50
"77208",-7170.07803027201,"OLAM_P033",100
"77209",2950.45137972798,"OLAM_P033",25
"77210",-15621.574030272,"OLAM_P033",50
"77211",-50256.054960272,"OLAM_P033",100
"77212",-11832.233410272,"OLAM_P033",25
"77213",3579.38702972798,"OLAM_P033",50
"77214",-42758.954090272,"OLAM_P033",100
"77215",-19256.312050272,"OLAM_P033",25
"77216",-5454.73752027203,"OLAM_P033",50
"77217",-53043.458070272,"OLAM_P033",100
"77218",-13539.669500272,"OLAM_P033",25
"77219",-9675.28781027201,"OLAM_P033",50
"77220",6592.20606972801,"OLAM_P033",100
"77221",-7954.99574027202,"OLAM_P033",25
"77222",-18810.023760272,"OLAM_P033",50
"77223",-33065.500980272,"OLAM_P033",100
"77224",7091.74638972798,"OLAM_P033",25
"77225",-3851.76258027198,"OLAM_P033",50
"77226",-11978.799970272,"OLAM_P033",100
"77227",5611.34058972797,"OLAM_P033",25
"77228",-31166.176550272,"OLAM_P033",50
"77229",-37697.458510272,"OLAM_P033",100
"77230",-9223.275130272,"OLAM_P033",25
"77231",-16254.989720272,"OLAM_P033",50
"77232",-51112.139270272,"OLAM_P033",100
"77233",-28482.019740272,"OLAM_P033",25
"77234",-26429.021120272,"OLAM_P033",50
"77235",-41724.110220272,"OLAM_P033",100
"77236",-13797.084010272,"OLAM_P033",25
"77237",4636.97172972799,"OLAM_P033",50
"77238",-46140.587300272,"OLAM_P033",100
"77239",-4919.15016027202,"OLAM_P033",25
"77240",-24957.712930272,"OLAM_P033",50
"77241",-23942.447390272,"OLAM_P033",100
"77242",-6227.89115027201,"OLAM_P033",25
"77243",314.342099728005,"OLAM_P033",50
"77244",-38664.040370272,"OLAM_P033",100
"77245",-11087.347260272,"OLAM_P033",25
"77246",-5168.82940027199,"OLAM_P033",50
"77247",-17597.869820272,"OLAM_P033",100
"77248",-6070.62213027201,"OLAM_P033",25
"77249",-13140.504470272,"OLAM_P033",50
"77250",-50520.895770272,"OLAM_P033",100
"77251",-18216.138880272,"OLAM_P033",25
"77252",-14295.473340272,"OLAM_P033",50
"77253",-41080.136450272,"OLAM_P033",100
"77254",-12061.185780272,"OLAM_P033",25
"77255",-24801.000580272,"OLAM_P033",50
"77256",-44185.093950272,"OLAM_P033",100
"77257",-21092.452450272,"OLAM_P033",25
"77258",-28409.675620272,"OLAM_P033",50
"77259",-52365.331260272,"OLAM_P033",100
"77260",12279.523189728,"OLAM_P033",25
"77261",-34808.632660272,"OLAM_P033",50
"77262",-28347.545420272,"OLAM_P033",100
"77263",-222.049600272032,"OLAM_P033",25
"77264",-6811.212890272,"OLAM_P033",50
"77265",-25077.871930272,"OLAM_P033",100
"77266",-15866.285240272,"OLAM_P033",25
"77267",-5639.08804027201,"OLAM_P033",50
"77268",-19236.706840272,"OLAM_P033",100
"77269",-992.883190272027,"OLAM_P033",25
"77270",-14463.970040272,"OLAM_P033",50
"77271",-35709.601930272,"OLAM_P033",100
"77272",-16531.523670272,"OLAM_P033",25
"77273",-17622.933570272,"OLAM_P033",50
"77274",-33329.152210272,"OLAM_P033",100
"77275",-4839.60029027204,"OLAM_P033",25
"77276",-105.889910272032,"OLAM_P033",50
"77277",-28835.154150272,"OLAM_P033",100
"77278",952.886769727978,"OLAM_P033",25
"77279",-25891.842770272,"OLAM_P033",50
"77280",-58307.377450272,"OLAM_P033",100
"77281",-6272.63452027203,"OLAM_P033",25
"77282",-23221.448920272,"OLAM_P033",50
"77283",-39516.919410272,"OLAM_P033",100
"77284",12937.944889728,"OLAM_P033",25
"77285",-5646.38171027199,"OLAM_P033",50
"77286",-27915.384690272,"OLAM_P033",100
"77287",-24334.689340272,"OLAM_P033",25
"77288",-28771.525210272,"OLAM_P033",50
"77289",-30809.131370272,"OLAM_P033",100
"77290",-10854.156630272,"OLAM_P033",25
"77291",11237.944799728,"OLAM_P033",50
"77292",-40822.883520272,"OLAM_P033",100
"77293",-2732.23623027198,"OLAM_P033",25
"77294",-3953.76079027203,"OLAM_P033",50
"77295",-57243.110070272,"OLAM_P033",100
"77296",-13729.347250272,"OLAM_P033",25
"77297",-2880.57102027204,"OLAM_P033",50
"77298",-6267.67019027201,"OLAM_P033",100
"77299",-8744.500340272,"OLAM_P033",25
"77300",-13999.188330272,"OLAM_P033",50
"77301",-51482.911070272,"OLAM_P033",100
"77302",14898.078229728,"OLAM_P033",25
"77303",-20932.891260272,"OLAM_P033",50
"77304",-28948.770930272,"OLAM_P033",100
"77305",-1162.16123027203,"OLAM_P033",25
"77306",3180.99354972801,"OLAM_P033",50
"77307",-35792.601510272,"OLAM_P033",100
"77308",8082.58322972798,"OLAM_P033",25
"77309",-15247.945570272,"OLAM_P033",50
"77310",-23814.711980272,"OLAM_P033",100
"77311",-4853.16314027202,"OLAM_P033",25
"77312",-18162.817270272,"OLAM_P033",50
"77313",-55887.189000272,"OLAM_P033",100
"77314",-9791.39282027201,"OLAM_P033",25
"77315",-5329.49749027198,"OLAM_P033",50
"77316",-50112.463460272,"OLAM_P033",100
"77317",581.173449727998,"OLAM_P033",25
"77318",-8504.75799027202,"OLAM_P033",50
"77319",-9870.02271027202,"OLAM_P033",100
"77320",-34535.998770272,"OLAM_P033",25
"77321",-14995.394960272,"OLAM_P033",50
"77322",-29548.383890272,"OLAM_P033",100
"77323",-23230.237750272,"OLAM_P033",25
"77324",-3928.821780272,"OLAM_P033",50
"77325",-35492.434390272,"OLAM_P033",100
"77326",9617.61802972801,"OLAM_P033",25
"77327",-11482.334110272,"OLAM_P033",50
"77328",-33234.098840272,"OLAM_P033",100
"77329",-6192.94593027202,"OLAM_P033",25
"77330",-2855.58724027203,"OLAM_P033",50
"77331",-49672.064420272,"OLAM_P033",100
"77332",-26279.594310272,"OLAM_P033",25
"77333",-3311.80108027201,"OLAM_P033",50
"77334",-33374.724090272,"OLAM_P033",100
"77335",-19920.327270272,"OLAM_P033",25
"77336",-15564.436600272,"OLAM_P033",50
"77337",-33497.371540272,"OLAM_P033",100
"77338",-4086.57926027203,"OLAM_P033",25
"77339",-16974.382810272,"OLAM_P033",50
"77340",-50382.560350272,"OLAM_P033",100
"77341",-32341.279780272,"OLAM_P033",25
"77342",-16453.014710272,"OLAM_P033",50
"77343",-23621.329180272,"OLAM_P033",100
"77344",28812.031279728,"OLAM_P033",25
"77345",-2610.08649027202,"OLAM_P033",50
"77346",-23616.241760272,"OLAM_P033",100
"77347",-13344.035040272,"OLAM_P033",25
"77348",-16270.521580272,"OLAM_P033",50
"77349",-47097.860350272,"OLAM_P033",100
"77350",11661.730089728,"OLAM_P033",25
"77351",-18807.260570272,"OLAM_P033",50
"77352",-32287.113530272,"OLAM_P033",100
"77353",-4599.14547027199,"OLAM_P033",25
"77354",-37001.098190272,"OLAM_P033",50
"77355",-18810.632550272,"OLAM_P033",100
"77356",1740.73087972798,"OLAM_P033",25
"77357",-30043.639570272,"OLAM_P033",50
"77358",-25258.961330272,"OLAM_P033",100
"77359",-32129.075860272,"OLAM_P033",25
"77360",14009.956269728,"OLAM_P033",50
"77361",-23219.649460272,"OLAM_P033",100
"77362",6781.42946972797,"OLAM_P033",25
"77363",-33818.649850272,"OLAM_P033",50
"77364",-36698.994970272,"OLAM_P033",100
"77365",11003.287819728,"OLAM_P033",25
"77366",-20913.693460272,"OLAM_P033",50
"77367",-57020.659690272,"OLAM_P033",100
"77368",-18434.700280272,"OLAM_P033",25
"77369",-9743.80266027202,"OLAM_P033",50
"77370",-39951.940640272,"OLAM_P033",100
"77371",-6967.96920027203,"OLAM_P033",25
"77372",-17394.864920272,"OLAM_P033",50
"77373",-39993.623110272,"OLAM_P033",100
"77374",22609.624069728,"OLAM_P033",25
"77375",-34975.560420272,"OLAM_P033",50
"77376",-25395.194090272,"OLAM_P033",100
"77377",7488.67384972802,"OLAM_P033",25
"77378",-4782.54755027202,"OLAM_P033",50
"77379",-33686.772040272,"OLAM_P033",100
"77380",3602.08954972797,"OLAM_P033",25
"77381",-2641.441230272,"OLAM_P033",50
"77382",-56973.134880272,"OLAM_P033",100
"77383",-7089.98558027201,"OLAM_P033",25
"77384",-16908.438970272,"OLAM_P033",50
"77385",-13572.340350272,"OLAM_P033",100
"77386",-15630.263520272,"OLAM_P033",25
"77387",-28459.500870272,"OLAM_P033",50
"77388",-29673.694500272,"OLAM_P033",100
"77389",-3388.698530272,"OLAM_P033",25
"77390",3304.82168972801,"OLAM_P033",50
"77391",-30711.596860272,"OLAM_P033",100
"77392",-19696.829550272,"OLAM_P033",25
"77393",-25371.212970272,"OLAM_P033",50
"77394",-11789.467600272,"OLAM_P033",100
"77395",1597.21242972801,"OLAM_P033",25
"77396",-10881.880040272,"OLAM_P033",50
"77397",-44591.460160272,"OLAM_P033",100
"77398",-13381.084250272,"OLAM_P033",25
"77399",-29232.529640272,"OLAM_P033",50
"77400",-27091.432570272,"OLAM_P033",100
"77401",-6417.80567451401,"OLAM_P035",25
"77402",8917.80448548599,"OLAM_P035",50
"77403",-2267.069674514,"OLAM_P035",100
"77404",1742.580765486,"OLAM_P035",25
"77405",565.188875485997,"OLAM_P035",50
"77406",-7637.218224514,"OLAM_P035",100
"77407",5877.95584548599,"OLAM_P035",25
"77408",2783.39738548599,"OLAM_P035",50
"77409",-9243.20887451401,"OLAM_P035",100
"77410",-9879.591294514,"OLAM_P035",25
"77411",-8933.292714514,"OLAM_P035",50
"77412",-9448.382074514,"OLAM_P035",100
"77413",-8019.834854514,"OLAM_P035",25
"77414",-6466.35963451401,"OLAM_P035",50
"77415",-5962.250884514,"OLAM_P035",100
"77416",2938.710845486,"OLAM_P035",25
"77417",-2816.48114451401,"OLAM_P035",50
"77418",-9223.467204514,"OLAM_P035",100
"77419",-10680.673514514,"OLAM_P035",25
"77420",2585.59901548599,"OLAM_P035",50
"77421",-11455.770574514,"OLAM_P035",100
"77422",-4230.502054514,"OLAM_P035",25
"77423",-6956.655634514,"OLAM_P035",50
"77424",-5212.89036451401,"OLAM_P035",100
"77425",-3605.20093451401,"OLAM_P035",25
"77426",-6769.474944514,"OLAM_P035",50
"77427",-5024.702404514,"OLAM_P035",100
"77428",-950.394094514006,"OLAM_P035",25
"77429",-5268.37854451401,"OLAM_P035",50
"77430",-9616.609474514,"OLAM_P035",100
"77431",372.939535486003,"OLAM_P035",25
"77432",-2156.232664514,"OLAM_P035",50
"77433",-9789.344644514,"OLAM_P035",100
"77434",510.354125486003,"OLAM_P035",25
"77435",-7857.91972451401,"OLAM_P035",50
"77436",-8883.044944514,"OLAM_P035",100
"77437",744.791485485999,"OLAM_P035",25
"77438",5316.98102548599,"OLAM_P035",50
"77439",-98.8317745140084,"OLAM_P035",100
"77440",-517.589484513999,"OLAM_P035",25
"77441",695.98841548599,"OLAM_P035",50
"77442",-5779.20745451401,"OLAM_P035",100
"77443",2212.726235486,"OLAM_P035",25
"77444",-2818.54643451401,"OLAM_P035",50
"77445",-7482.825744514,"OLAM_P035",100
"77446",415.409005485999,"OLAM_P035",25
"77447",-924.662054514003,"OLAM_P035",50
"77448",-13759.063354514,"OLAM_P035",100
"77449",778.943505485993,"OLAM_P035",25
"77450",2063.299535486,"OLAM_P035",50
"77451",-6055.924244514,"OLAM_P035",100
"77452",-253.833504513997,"OLAM_P035",25
"77453",-10469.214564514,"OLAM_P035",50
"77454",-10330.124664514,"OLAM_P035",100
"77455",1207.658395486,"OLAM_P035",25
"77456",-3559.57373451401,"OLAM_P035",50
"77457",-6417.386594514,"OLAM_P035",100
"77458",6601.868865486,"OLAM_P035",25
"77459",-4554.86689451401,"OLAM_P035",50
"77460",-12760.845644514,"OLAM_P035",100
"77461",-7738.51372451401,"OLAM_P035",25
"77462",-5544.75255451401,"OLAM_P035",50
"77463",-7203.77343451401,"OLAM_P035",100
"77464",-10196.640294514,"OLAM_P035",25
"77465",-8193.453134514,"OLAM_P035",50
"77466",-9758.43915451401,"OLAM_P035",100
"77467",-1146.72852451401,"OLAM_P035",25
"77468",3234.18662548599,"OLAM_P035",50
"77469",-4659.636224514,"OLAM_P035",100
"77470",5733.097885486,"OLAM_P035",25
"77471",4132.583705486,"OLAM_P035",50
"77472",-12584.194464514,"OLAM_P035",100
"77473",3484.44977548599,"OLAM_P035",25
"77474",-7683.554024514,"OLAM_P035",50
"77475",-7241.061204514,"OLAM_P035",100
"77476",1014.41027548599,"OLAM_P035",25
"77477",-3275.575394514,"OLAM_P035",50
"77478",-6034.76794451401,"OLAM_P035",100
"77479",2863.982505486,"OLAM_P035",25
"77480",-5602.638154514,"OLAM_P035",50
"77481",-3123.356084514,"OLAM_P035",100
"77482",-6074.91357451401,"OLAM_P035",25
"77483",-7947.190154514,"OLAM_P035",50
"77484",-4944.46808451401,"OLAM_P035",100
"77485",-1407.845984514,"OLAM_P035",25
"77486",-2947.341844514,"OLAM_P035",50
"77487",-4673.81539451401,"OLAM_P035",100
"77488",1307.561815486,"OLAM_P035",25
"77489",6447.701175486,"OLAM_P035",50
"77490",-6688.202894514,"OLAM_P035",100
"77491",-132.485314514008,"OLAM_P035",25
"77492",810.219985485994,"OLAM_P035",50
"77493",-7215.12548451401,"OLAM_P035",100
"77494",108.938555485991,"OLAM_P035",25
"77495",-7283.38469451401,"OLAM_P035",50
"77496",-14360.706694514,"OLAM_P035",100
"77497",-8977.790864514,"OLAM_P035",25
"77498",-8007.034434514,"OLAM_P035",50
"77499",-13158.013894514,"OLAM_P035",100
"77500",-6300.486234514,"OLAM_P035",25
"77501",-5663.975244514,"OLAM_P035",50
"77502",-14375.140034514,"OLAM_P035",100
"77503",613.656885485994,"OLAM_P035",25
"77504",-8454.56801451401,"OLAM_P035",50
"77505",-11132.611234514,"OLAM_P035",100
"77506",-2076.325644514,"OLAM_P035",25
"77507",-3773.670824514,"OLAM_P035",50
"77508",-7506.621394514,"OLAM_P035",100
"77509",-10112.612334514,"OLAM_P035",25
"77510",233.325995485997,"OLAM_P035",50
"77511",-15365.071634514,"OLAM_P035",100
"77512",1788.187365486,"OLAM_P035",25
"77513",-8283.042594514,"OLAM_P035",50
"77514",-7907.377524514,"OLAM_P035",100
"77515",-6265.61504451401,"OLAM_P035",25
"77516",2712.140085486,"OLAM_P035",50
"77517",-9309.60120451401,"OLAM_P035",100
"77518",510.096035486,"OLAM_P035",25
"77519",-383.317944513998,"OLAM_P035",50
"77520",-8287.489944514,"OLAM_P035",100
"77521",-2778.863294514,"OLAM_P035",25
"77522",1873.943105486,"OLAM_P035",50
"77523",345.462345485998,"OLAM_P035",100
"77524",-1034.722604514,"OLAM_P035",25
"77525",3344.384855486,"OLAM_P035",50
"77526",-10521.081034514,"OLAM_P035",100
"77527",2872.28166548599,"OLAM_P035",25
"77528",384.198505485998,"OLAM_P035",50
"77529",-10426.583404514,"OLAM_P035",100
"77530",-11373.047164514,"OLAM_P035",25
"77531",-4294.48234451401,"OLAM_P035",50
"77532",-8301.135184514,"OLAM_P035",100
"77533",-1350.43279451401,"OLAM_P035",25
"77534",4078.690905486,"OLAM_P035",50
"77535",-12752.893074514,"OLAM_P035",100
"77536",2295.204965486,"OLAM_P035",25
"77537",-3787.935744514,"OLAM_P035",50
"77538",3298.888715486,"OLAM_P035",100
"77539",1043.21383548599,"OLAM_P035",25
"77540",-2127.087304514,"OLAM_P035",50
"77541",-8019.93832451401,"OLAM_P035",100
"77542",4103.27001548599,"OLAM_P035",25
"77543",7340.549045486,"OLAM_P035",50
"77544",-7119.62475451401,"OLAM_P035",100
"77545",6899.72643548599,"OLAM_P035",25
"77546",1455.48270548599,"OLAM_P035",50
"77547",-8294.40158451401,"OLAM_P035",100
"77548",-2787.169494514,"OLAM_P035",25
"77549",-9522.775174514,"OLAM_P035",50
"77550",-1560.695734514,"OLAM_P035",100
"77551",-2023.49326451401,"OLAM_P035",25
"77552",-11497.930424514,"OLAM_P035",50
"77553",-10040.839874514,"OLAM_P035",100
"77554",-2532.970934514,"OLAM_P035",25
"77555",-7389.748244514,"OLAM_P035",50
"77556",-7346.654534514,"OLAM_P035",100
"77557",-1112.96871451401,"OLAM_P035",25
"77558",5557.825875486,"OLAM_P035",50
"77559",-7333.63081451401,"OLAM_P035",100
"77560",1299.19410548599,"OLAM_P035",25
"77561",-1595.051144514,"OLAM_P035",50
"77562",-8441.909044514,"OLAM_P035",100
"77563",-1043.275084514,"OLAM_P035",25
"77564",-2136.046284514,"OLAM_P035",50
"77565",-3981.13030451401,"OLAM_P035",100
"77566",1285.06287548599,"OLAM_P035",25
"77567",5568.932555486,"OLAM_P035",50
"77568",-13555.014394514,"OLAM_P035",100
"77569",-9540.549004514,"OLAM_P035",25
"77570",-996.666304514001,"OLAM_P035",50
"77571",-10301.391834514,"OLAM_P035",100
"77572",-2042.43825451401,"OLAM_P035",25
"77573",-765.96047451401,"OLAM_P035",50
"77574",-10461.050724514,"OLAM_P035",100
"77575",-1273.366364514,"OLAM_P035",25
"77576",-13027.728444514,"OLAM_P035",50
"77577",-12801.785504514,"OLAM_P035",100
"77578",1178.153895486,"OLAM_P035",25
"77579",175.576545485994,"OLAM_P035",50
"77580",-5935.52847451401,"OLAM_P035",100
"77581",-1718.099814514,"OLAM_P035",25
"77582",-10218.109944514,"OLAM_P035",50
"77583",-9620.41004451401,"OLAM_P035",100
"77584",-1994.793874514,"OLAM_P035",25
"77585",-13352.857914514,"OLAM_P035",50
"77586",2830.894475486,"OLAM_P035",100
"77587",2432.640985486,"OLAM_P035",25
"77588",-1327.447724514,"OLAM_P035",50
"77589",-8892.70642451401,"OLAM_P035",100
"77590",-14226.502064514,"OLAM_P035",25
"77591",-9737.01501451401,"OLAM_P035",50
"77592",-7663.489684514,"OLAM_P035",100
"77593",1607.95549548599,"OLAM_P035",25
"77594",4681.213865486,"OLAM_P035",50
"77595",-6844.611504514,"OLAM_P035",100
"77596",-3264.738224514,"OLAM_P035",25
"77597",1784.984965486,"OLAM_P035",50
"77598",-16214.671744514,"OLAM_P035",100
"77599",2271.944165486,"OLAM_P035",25
"77600",-2757.655954514,"OLAM_P035",50
"77601",-10826.962504514,"OLAM_P035",100
"77602",-9851.694024514,"OLAM_P035",25
"77603",-12544.575624514,"OLAM_P035",50
"77604",-2836.888754514,"OLAM_P035",100
"77605",-1361.34553451401,"OLAM_P035",25
"77606",-8821.21377451401,"OLAM_P035",50
"77607",-11696.782804514,"OLAM_P035",100
"77608",-3850.96957451401,"OLAM_P035",25
"77609",-2359.148894514,"OLAM_P035",50
"77610",-10015.027064514,"OLAM_P035",100
"77611",-8069.414364514,"OLAM_P035",25
"77612",-5303.13473451401,"OLAM_P035",50
"77613",-17529.892464514,"OLAM_P035",100
"77614",-3096.03212451401,"OLAM_P035",25
"77615",2324.918325486,"OLAM_P035",50
"77616",-14112.835074514,"OLAM_P035",100
"77617",2868.511355486,"OLAM_P035",25
"77618",8700.42966548599,"OLAM_P035",50
"77619",-5978.28393451401,"OLAM_P035",100
"77620",20.7773354859964,"OLAM_P035",25
"77621",2871.72358548599,"OLAM_P035",50
"77622",-12960.790794514,"OLAM_P035",100
"77623",-962.948844514001,"OLAM_P035",25
"77624",5393.78888548599,"OLAM_P035",50
"77625",-9342.895724514,"OLAM_P035",100
"77626",-10168.418844514,"OLAM_P035",25
"77627",-9049.148644514,"OLAM_P035",50
"77628",-13886.739574514,"OLAM_P035",100
"77629",-3272.600874514,"OLAM_P035",25
"77630",-9489.389614514,"OLAM_P035",50
"77631",-2884.625724514,"OLAM_P035",100
"77632",456.213025485995,"OLAM_P035",25
"77633",-1790.731174514,"OLAM_P035",50
"77634",-8892.172144514,"OLAM_P035",100
"77635",-549.022844514009,"OLAM_P035",25
"77636",-388.618854514003,"OLAM_P035",50
"77637",-10815.541884514,"OLAM_P035",100
"77638",-1947.88142451401,"OLAM_P035",25
"77639",-1212.22000451401,"OLAM_P035",50
"77640",-10419.475624514,"OLAM_P035",100
"77641",-10103.475364514,"OLAM_P035",25
"77642",-2100.76072451401,"OLAM_P035",50
"77643",-8080.307594514,"OLAM_P035",100
"77644",5335.311175486,"OLAM_P035",25
"77645",-8200.75762451401,"OLAM_P035",50
"77646",-9482.298914514,"OLAM_P035",100
"77647",1482.771285486,"OLAM_P035",25
"77648",-12343.721044514,"OLAM_P035",50
"77649",-14535.098624514,"OLAM_P035",100
"77650",-1644.38287451401,"OLAM_P035",25
"77651",4665.476715486,"OLAM_P035",50
"77652",-11600.764764514,"OLAM_P035",100
"77653",-507.683024514001,"OLAM_P035",25
"77654",-2836.776184514,"OLAM_P035",50
"77655",-11343.546364514,"OLAM_P035",100
"77656",-1270.994194514,"OLAM_P035",25
"77657",2039.874575486,"OLAM_P035",50
"77658",-6512.626934514,"OLAM_P035",100
"77659",2731.485225486,"OLAM_P035",25
"77660",-4221.860984514,"OLAM_P035",50
"77661",-13262.315274514,"OLAM_P035",100
"77662",-3483.426884514,"OLAM_P035",25
"77663",-14060.866664514,"OLAM_P035",50
"77664",-12864.636554514,"OLAM_P035",100
"77665",4406.032365486,"OLAM_P035",25
"77666",-9707.55357451401,"OLAM_P035",50
"77667",-2140.566694514,"OLAM_P035",100
"77668",1863.42372548599,"OLAM_P035",25
"77669",4251.174015486,"OLAM_P035",50
"77670",-5862.693524514,"OLAM_P035",100
"77671",-9580.769554514,"OLAM_P035",25
"77672",963.034035485995,"OLAM_P035",50
"77673",-9830.525444514,"OLAM_P035",100
"77674",917.132815485995,"OLAM_P035",25
"77675",2117.760195486,"OLAM_P035",50
"77676",-10051.645434514,"OLAM_P035",100
"77677",-1987.256314514,"OLAM_P035",25
"77678",-3753.680064514,"OLAM_P035",50
"77679",-5400.966814514,"OLAM_P035",100
"77680",-5744.209924514,"OLAM_P035",25
"77681",-1139.25419451401,"OLAM_P035",50
"77682",-3224.45874451401,"OLAM_P035",100
"77683",517.894465485995,"OLAM_P035",25
"77684",5034.075365486,"OLAM_P035",50
"77685",-7780.385214514,"OLAM_P035",100
"77686",-3724.29356451401,"OLAM_P035",25
"77687",-5846.64582451401,"OLAM_P035",50
"77688",-9742.10717451401,"OLAM_P035",100
"77689",4601.441105486,"OLAM_P035",25
"77690",-1734.510354514,"OLAM_P035",50
"77691",-5610.37407451401,"OLAM_P035",100
"77692",1016.819935486,"OLAM_P035",25
"77693",-5959.44327451401,"OLAM_P035",50
"77694",-3660.641204514,"OLAM_P035",100
"77695",-3827.274754514,"OLAM_P035",25
"77696",-11518.505064514,"OLAM_P035",50
"77697",-2808.07829451401,"OLAM_P035",100
"77698",-404.915974514006,"OLAM_P035",25
"77699",-6815.41443451401,"OLAM_P035",50
"77700",-10676.784444514,"OLAM_P035",100
"77701",1356.108594377,"OLAM_P036",25
"77702",-4399.58838562301,"OLAM_P036",50
"77703",-9124.28289562301,"OLAM_P036",100
"77704",3235.574584377,"OLAM_P036",25
"77705",39301.458784377,"OLAM_P036",50
"77706",6899.44318437699,"OLAM_P036",100
"77707",6082.05617437698,"OLAM_P036",25
"77708",3032.15872437699,"OLAM_P036",50
"77709",-3410.044865623,"OLAM_P036",100
"77710",-1629.948875623,"OLAM_P036",25
"77711",7637.06123437698,"OLAM_P036",50
"77712",4486.394174377,"OLAM_P036",100
"77713",7124.08991437699,"OLAM_P036",25
"77714",-64.8883256230038,"OLAM_P036",50
"77715",35176.276864377,"OLAM_P036",100
"77716",-3839.07600562301,"OLAM_P036",25
"77717",-4508.20306562301,"OLAM_P036",50
"77718",-3697.07547562302,"OLAM_P036",100
"77719",-6080.487395623,"OLAM_P036",25
"77720",-1303.64712562301,"OLAM_P036",50
"77721",5255.37826437698,"OLAM_P036",100
"77722",5160.989984377,"OLAM_P036",25
"77723",-1681.84919562301,"OLAM_P036",50
"77724",-6707.842845623,"OLAM_P036",100
"77725",-2752.75844562301,"OLAM_P036",25
"77726",-3113.20952562301,"OLAM_P036",50
"77727",-446.089105623018,"OLAM_P036",100
"77728",1544.943044377,"OLAM_P036",25
"77729",-1651.81625562301,"OLAM_P036",50
"77730",3928.65103437699,"OLAM_P036",100
"77731",-3461.34401562301,"OLAM_P036",25
"77732",9377.95212437699,"OLAM_P036",50
"77733",-8974.94805562301,"OLAM_P036",100
"77734",-10197.988845623,"OLAM_P036",25
"77735",-5722.61400562301,"OLAM_P036",50
"77736",-6429.02042562302,"OLAM_P036",100
"77737",-5177.947675623,"OLAM_P036",25
"77738",16863.437384377,"OLAM_P036",50
"77739",38177.612674377,"OLAM_P036",100
"77740",-6556.057345623,"OLAM_P036",25
"77741",-6741.59917562301,"OLAM_P036",50
"77742",-8.22700562301907,"OLAM_P036",100
"77743",149.941754376981,"OLAM_P036",25
"77744",-4707.18145562301,"OLAM_P036",50
"77745",-5632.79518562302,"OLAM_P036",100
"77746",-7870.66951562301,"OLAM_P036",25
"77747",5910.928944377,"OLAM_P036",50
"77748",3685.171014377,"OLAM_P036",100
"77749",7354.11046437698,"OLAM_P036",25
"77750",5201.33686437699,"OLAM_P036",50
"77751",-7251.48423562301,"OLAM_P036",100
"77752",-5936.95165562301,"OLAM_P036",25
"77753",-540.758355623024,"OLAM_P036",50
"77754",-2115.92771562302,"OLAM_P036",100
"77755",-320.411415623006,"OLAM_P036",25
"77756",5411.25230437698,"OLAM_P036",50
"77757",4827.61361437698,"OLAM_P036",100
"77758",749.350904377003,"OLAM_P036",25
"77759",-2574.61478562301,"OLAM_P036",50
"77760",7374.841344377,"OLAM_P036",100
"77761",-3520.675205623,"OLAM_P036",25
"77762",6355.118944377,"OLAM_P036",50
"77763",-12287.308745623,"OLAM_P036",100
"77764",-4152.25568562301,"OLAM_P036",25
"77765",-10439.836535623,"OLAM_P036",50
"77766",-7193.09997562302,"OLAM_P036",100
"77767",-48.3975756230066,"OLAM_P036",25
"77768",9324.84531437699,"OLAM_P036",50
"77769",6070.86755437698,"OLAM_P036",100
"77770",2914.92459437699,"OLAM_P036",25
"77771",-6525.88928562301,"OLAM_P036",50
"77772",3255.684574377,"OLAM_P036",100
"77773",7295.205994377,"OLAM_P036",25
"77774",917.046684376983,"OLAM_P036",50
"77775",-15817.881195623,"OLAM_P036",100
"77776",-7468.255095623,"OLAM_P036",25
"77777",3945.762394377,"OLAM_P036",50
"77778",2325.97776437699,"OLAM_P036",100
"77779",-2667.15260562301,"OLAM_P036",25
"77780",-3267.49243562302,"OLAM_P036",50
"77781",44.0784443769953,"OLAM_P036",100
"77782",-5387.66288562302,"OLAM_P036",25
"77783",-8502.49481562301,"OLAM_P036",50
"77784",-8414.55761562302,"OLAM_P036",100
"77785",6003.88694437698,"OLAM_P036",25
"77786",-2173.63445562302,"OLAM_P036",50
"77787",411.593614376994,"OLAM_P036",100
"77788",-2504.93596562301,"OLAM_P036",25
"77789",802.65104437698,"OLAM_P036",50
"77790",40060.639524377,"OLAM_P036",100
"77791",7974.67196437699,"OLAM_P036",25
"77792",-2952.92373562302,"OLAM_P036",50
"77793",57358.443164377,"OLAM_P036",100
"77794",10042.713614377,"OLAM_P036",25
"77795",-3679.795125623,"OLAM_P036",50
"77796",35065.469054377,"OLAM_P036",100
"77797",3355.838524377,"OLAM_P036",25
"77798",34669.380194377,"OLAM_P036",50
"77799",-9136.637415623,"OLAM_P036",100
"77800",6045.348564377,"OLAM_P036",25
"77801",-1178.94568562301,"OLAM_P036",50
"77802",-5861.10162562301,"OLAM_P036",100
"77803",-4395.506345623,"OLAM_P036",25
"77804",-5132.98756562301,"OLAM_P036",50
"77805",-149.298285623023,"OLAM_P036",100
"77806",-2439.55201562302,"OLAM_P036",25
"77807",-1795.728535623,"OLAM_P036",50
"77808",-1058.50443562301,"OLAM_P036",100
"77809",3224.05659437698,"OLAM_P036",25
"77810",-2060.40380562301,"OLAM_P036",50
"77811",-1006.24572562301,"OLAM_P036",100
"77812",-115.06624562302,"OLAM_P036",25
"77813",622.976014376996,"OLAM_P036",50
"77814",39078.577024377,"OLAM_P036",100
"77815",10283.797184377,"OLAM_P036",25
"77816",9720.87464437698,"OLAM_P036",50
"77817",2726.01219437699,"OLAM_P036",100
"77818",5332.226324377,"OLAM_P036",25
"77819",1733.145134377,"OLAM_P036",50
"77820",37293.757474377,"OLAM_P036",100
"77821",534.060134376981,"OLAM_P036",25
"77822",36405.669884377,"OLAM_P036",50
"77823",20707.355374377,"OLAM_P036",100
"77824",-677.841965623025,"OLAM_P036",25
"77825",-6066.48522562301,"OLAM_P036",50
"77826",55953.142434377,"OLAM_P036",100
"77827",6685.96578437698,"OLAM_P036",25
"77828",-4791.54467562301,"OLAM_P036",50
"77829",-6199.75649562301,"OLAM_P036",100
"77830",-2623.099495623,"OLAM_P036",25
"77831",-7627.090915623,"OLAM_P036",50
"77832",-5841.51509562301,"OLAM_P036",100
"77833",-2765.76432562302,"OLAM_P036",25
"77834",-2344.48221562302,"OLAM_P036",50
"77835",4051.25604437699,"OLAM_P036",100
"77836",-1148.28813562301,"OLAM_P036",25
"77837",-8149.11298562301,"OLAM_P036",50
"77838",-10647.872545623,"OLAM_P036",100
"77839",-7212.937975623,"OLAM_P036",25
"77840",-2168.99708562301,"OLAM_P036",50
"77841",-245.683095623011,"OLAM_P036",100
"77842",-1492.83189562301,"OLAM_P036",25
"77843",6716.801334377,"OLAM_P036",50
"77844",-10509.852185623,"OLAM_P036",100
"77845",650.928784377,"OLAM_P036",25
"77846",-6734.01240562301,"OLAM_P036",50
"77847",1243.72436437698,"OLAM_P036",100
"77848",2243.74100437699,"OLAM_P036",25
"77849",-7810.03374562302,"OLAM_P036",50
"77850",-1155.43213562301,"OLAM_P036",100
"77851",122.063014376996,"OLAM_P036",25
"77852",-8059.81071562303,"OLAM_P036",50
"77853",7403.790494377,"OLAM_P036",100
"77854",-1354.39745562302,"OLAM_P036",25
"77855",829.237724376988,"OLAM_P036",50
"77856",-958.461455623008,"OLAM_P036",100
"77857",2661.877464377,"OLAM_P036",25
"77858",-7473.768255623,"OLAM_P036",50
"77859",3897.77848437699,"OLAM_P036",100
"77860",1532.67420437699,"OLAM_P036",25
"77861",-3165.19472562301,"OLAM_P036",50
"77862",37711.385434377,"OLAM_P036",100
"77863",5487.138884377,"OLAM_P036",25
"77864",1677.62703437699,"OLAM_P036",50
"77865",41296.465174377,"OLAM_P036",100
"77866",3966.92507437698,"OLAM_P036",25
"77867",1861.23154437699,"OLAM_P036",50
"77868",1447.88401437699,"OLAM_P036",100
"77869",1020.80400437699,"OLAM_P036",25
"77870",-10448.092535623,"OLAM_P036",50
"77871",-356.829155623011,"OLAM_P036",100
"77872",34629.995214377,"OLAM_P036",25
"77873",-1997.63403562302,"OLAM_P036",50
"77874",48359.809564377,"OLAM_P036",100
"77875",4355.815954377,"OLAM_P036",25
"77876",1870.409864377,"OLAM_P036",50
"77877",-1799.93905562302,"OLAM_P036",100
"77878",-6948.77470562301,"OLAM_P036",25
"77879",-5610.32123562301,"OLAM_P036",50
"77880",-8258.98200562302,"OLAM_P036",100
"77881",-498.264605623001,"OLAM_P036",25
"77882",-7039.16732562301,"OLAM_P036",50
"77883",-4284.59045562302,"OLAM_P036",100
"77884",-4431.378055623,"OLAM_P036",25
"77885",4478.31966437699,"OLAM_P036",50
"77886",-3231.07528562302,"OLAM_P036",100
"77887",-1422.742975623,"OLAM_P036",25
"77888",-7361.498605623,"OLAM_P036",50
"77889",-6201.162255623,"OLAM_P036",100
"77890",-2197.799945623,"OLAM_P036",25
"77891",-3459.65666562301,"OLAM_P036",50
"77892",-5683.24689562302,"OLAM_P036",100
"77893",1463.07676437698,"OLAM_P036",25
"77894",-9071.35377562302,"OLAM_P036",50
"77895",224.750104376988,"OLAM_P036",100
"77896",7854.73699437699,"OLAM_P036",25
"77897",925.876164376998,"OLAM_P036",50
"77898",-8870.84530562302,"OLAM_P036",100
"77899",-4674.66825562302,"OLAM_P036",25
"77900",2025.67120437699,"OLAM_P036",50
"77901",-13320.203385623,"OLAM_P036",100
"77902",922.884284376982,"OLAM_P036",25
"77903",4107.970644377,"OLAM_P036",50
"77904",-11583.067335623,"OLAM_P036",100
"77905",-357.270155623002,"OLAM_P036",25
"77906",769.206954376976,"OLAM_P036",50
"77907",-9025.777875623,"OLAM_P036",100
"77908",7239.19702437698,"OLAM_P036",25
"77909",-2480.915615623,"OLAM_P036",50
"77910",44599.229624377,"OLAM_P036",100
"77911",-2923.484265623,"OLAM_P036",25
"77912",-7203.32638562302,"OLAM_P036",50
"77913",-6712.05311562301,"OLAM_P036",100
"77914",-10276.495245623,"OLAM_P036",25
"77915",1670.78675437698,"OLAM_P036",50
"77916",22485.595344377,"OLAM_P036",100
"77917",-974.72666562302,"OLAM_P036",25
"77918",-3894.68499562301,"OLAM_P036",50
"77919",42368.234924377,"OLAM_P036",100
"77920",9162.90390437699,"OLAM_P036",25
"77921",-28.978825623024,"OLAM_P036",50
"77922",-4560.56710562302,"OLAM_P036",100
"77923",7345.90643437699,"OLAM_P036",25
"77924",-6016.40178562302,"OLAM_P036",50
"77925",11845.597354377,"OLAM_P036",100
"77926",2794.875694377,"OLAM_P036",25
"77927",-4993.56978562303,"OLAM_P036",50
"77928",-2014.62256562302,"OLAM_P036",100
"77929",-13432.841895623,"OLAM_P036",25
"77930",8224.46714437698,"OLAM_P036",50
"77931",5595.21444437699,"OLAM_P036",100
"77932",-2502.26310562302,"OLAM_P036",25
"77933",-2610.925755623,"OLAM_P036",50
"77934",16289.569024377,"OLAM_P036",100
"77935",5829.894514377,"OLAM_P036",25
"77936",-9511.54672562302,"OLAM_P036",50
"77937",-5757.33423562301,"OLAM_P036",100
"77938",52738.111954377,"OLAM_P036",25
"77939",-15389.647545623,"OLAM_P036",50
"77940",9383.54908437698,"OLAM_P036",100
"77941",974.844354376983,"OLAM_P036",25
"77942",-4304.57341562302,"OLAM_P036",50
"77943",3800.98580437698,"OLAM_P036",100
"77944",1789.756294377,"OLAM_P036",25
"77945",11347.126734377,"OLAM_P036",50
"77946",-6592.38176562302,"OLAM_P036",100
"77947",-123.858745623002,"OLAM_P036",25
"77948",-3280.73920562302,"OLAM_P036",50
"77949",-8518.51758562302,"OLAM_P036",100
"77950",-5306.23287562301,"OLAM_P036",25
"77951",5280.118084377,"OLAM_P036",50
"77952",10155.587414377,"OLAM_P036",100
"77953",6259.96040437699,"OLAM_P036",25
"77954",4763.90197437699,"OLAM_P036",50
"77955",-1312.06813562301,"OLAM_P036",100
"77956",1918.63474437699,"OLAM_P036",25
"77957",-452.278255623009,"OLAM_P036",50
"77958",2845.43955437699,"OLAM_P036",100
"77959",-1402.39490562302,"OLAM_P036",25
"77960",-3418.31783562302,"OLAM_P036",50
"77961",-10345.107415623,"OLAM_P036",100
"77962",3565.83773437698,"OLAM_P036",25
"77963",1914.08640437698,"OLAM_P036",50
"77964",-5640.06697562302,"OLAM_P036",100
"77965",-7720.635435623,"OLAM_P036",25
"77966",-767.569115623017,"OLAM_P036",50
"77967",39466.641414377,"OLAM_P036",100
"77968",-4329.12963562302,"OLAM_P036",25
"77969",-1572.434825623,"OLAM_P036",50
"77970",12388.823734377,"OLAM_P036",100
"77971",826.464824376977,"OLAM_P036",25
"77972",3674.27220437699,"OLAM_P036",50
"77973",-7768.56251562302,"OLAM_P036",100
"77974",-4880.17321562301,"OLAM_P036",25
"77975",3807.61574437699,"OLAM_P036",50
"77976",-145.36477562302,"OLAM_P036",100
"77977",-3929.58305562302,"OLAM_P036",25
"77978",-9592.26769562301,"OLAM_P036",50
"77979",-9913.29352562301,"OLAM_P036",100
"77980",-2717.33550562302,"OLAM_P036",25
"77981",4494.63675437699,"OLAM_P036",50
"77982",-2926.80715562301,"OLAM_P036",100
"77983",1874.002334377,"OLAM_P036",25
"77984",-2302.27764562302,"OLAM_P036",50
"77985",-7463.268955623,"OLAM_P036",100
"77986",-6193.25956562301,"OLAM_P036",25
"77987",-4934.63033562302,"OLAM_P036",50
"77988",-1351.38203562301,"OLAM_P036",100
"77989",4105.80028437698,"OLAM_P036",25
"77990",-8957.34951562301,"OLAM_P036",50
"77991",41382.984194377,"OLAM_P036",100
"77992",-3809.44307562301,"OLAM_P036",25
"77993",6746.07606437698,"OLAM_P036",50
"77994",-4362.98282562301,"OLAM_P036",100
"77995",-3023.472775623,"OLAM_P036",25
"77996",-1289.70281562302,"OLAM_P036",50
"77997",-2394.715265623,"OLAM_P036",100
"77998",6437.467514377,"OLAM_P036",25
"77999",867.919744376995,"OLAM_P036",50
"78000",6879.95499437698,"OLAM_P036",100
