"","AGB_Change","Plot","PercentRemoved"
"1",4.07453626394272e-10,"ACDG_P015",25
"2",4.07453626394272e-10,"ACDG_P015",50
"3",4.07453626394272e-10,"ACDG_P015",100
"4",4.07453626394272e-10,"ACDG_P015",25
"5",4.07453626394272e-10,"ACDG_P015",50
"6",4.07453626394272e-10,"ACDG_P015",100
"7",4.07453626394272e-10,"ACDG_P015",25
"8",4.07453626394272e-10,"ACDG_P015",50
"9",4.07453626394272e-10,"ACDG_P015",100
"10",4.07453626394272e-10,"ACDG_P015",25
"11",4.07453626394272e-10,"ACDG_P015",50
"12",4.07453626394272e-10,"ACDG_P015",100
"13",4.07453626394272e-10,"ACDG_P015",25
"14",4.07453626394272e-10,"ACDG_P015",50
"15",4.07453626394272e-10,"ACDG_P015",100
"16",4.07453626394272e-10,"ACDG_P015",25
"17",4.07453626394272e-10,"ACDG_P015",50
"18",4.07453626394272e-10,"ACDG_P015",100
"19",4.07453626394272e-10,"ACDG_P015",25
"20",4.07453626394272e-10,"ACDG_P015",50
"21",4.07453626394272e-10,"ACDG_P015",100
"22",4.07453626394272e-10,"ACDG_P015",25
"23",4.07453626394272e-10,"ACDG_P015",50
"24",4.07453626394272e-10,"ACDG_P015",100
"25",4.07453626394272e-10,"ACDG_P015",25
"26",4.07453626394272e-10,"ACDG_P015",50
"27",4.07453626394272e-10,"ACDG_P015",100
"28",4.07453626394272e-10,"ACDG_P015",25
"29",4.07453626394272e-10,"ACDG_P015",50
"30",4.07453626394272e-10,"ACDG_P015",100
"31",4.07453626394272e-10,"ACDG_P015",25
"32",4.07453626394272e-10,"ACDG_P015",50
"33",4.07453626394272e-10,"ACDG_P015",100
"34",4.07453626394272e-10,"ACDG_P015",25
"35",4.07453626394272e-10,"ACDG_P015",50
"36",4.07453626394272e-10,"ACDG_P015",100
"37",4.07453626394272e-10,"ACDG_P015",25
"38",4.07453626394272e-10,"ACDG_P015",50
"39",4.07453626394272e-10,"ACDG_P015",100
"40",4.07453626394272e-10,"ACDG_P015",25
"41",4.07453626394272e-10,"ACDG_P015",50
"42",4.07453626394272e-10,"ACDG_P015",100
"43",4.07453626394272e-10,"ACDG_P015",25
"44",4.07453626394272e-10,"ACDG_P015",50
"45",4.07453626394272e-10,"ACDG_P015",100
"46",4.07453626394272e-10,"ACDG_P015",25
"47",4.07453626394272e-10,"ACDG_P015",50
"48",4.07453626394272e-10,"ACDG_P015",100
"49",4.07453626394272e-10,"ACDG_P015",25
"50",4.07453626394272e-10,"ACDG_P015",50
"51",4.07453626394272e-10,"ACDG_P015",100
"52",4.07453626394272e-10,"ACDG_P015",25
"53",4.07453626394272e-10,"ACDG_P015",50
"54",4.07453626394272e-10,"ACDG_P015",100
"55",4.07453626394272e-10,"ACDG_P015",25
"56",4.07453626394272e-10,"ACDG_P015",50
"57",4.07453626394272e-10,"ACDG_P015",100
"58",4.07453626394272e-10,"ACDG_P015",25
"59",4.07453626394272e-10,"ACDG_P015",50
"60",4.07453626394272e-10,"ACDG_P015",100
"61",4.07453626394272e-10,"ACDG_P015",25
"62",4.07453626394272e-10,"ACDG_P015",50
"63",4.07453626394272e-10,"ACDG_P015",100
"64",4.07453626394272e-10,"ACDG_P015",25
"65",4.07453626394272e-10,"ACDG_P015",50
"66",4.07453626394272e-10,"ACDG_P015",100
"67",4.07453626394272e-10,"ACDG_P015",25
"68",4.07453626394272e-10,"ACDG_P015",50
"69",4.07453626394272e-10,"ACDG_P015",100
"70",4.07453626394272e-10,"ACDG_P015",25
"71",4.07453626394272e-10,"ACDG_P015",50
"72",4.07453626394272e-10,"ACDG_P015",100
"73",4.07453626394272e-10,"ACDG_P015",25
"74",4.07453626394272e-10,"ACDG_P015",50
"75",4.07453626394272e-10,"ACDG_P015",100
"76",4.07453626394272e-10,"ACDG_P015",25
"77",4.07453626394272e-10,"ACDG_P015",50
"78",4.07453626394272e-10,"ACDG_P015",100
"79",4.07453626394272e-10,"ACDG_P015",25
"80",4.07453626394272e-10,"ACDG_P015",50
"81",4.07453626394272e-10,"ACDG_P015",100
"82",4.07453626394272e-10,"ACDG_P015",25
"83",4.07453626394272e-10,"ACDG_P015",50
"84",4.07453626394272e-10,"ACDG_P015",100
"85",4.07453626394272e-10,"ACDG_P015",25
"86",4.07453626394272e-10,"ACDG_P015",50
"87",4.07453626394272e-10,"ACDG_P015",100
"88",4.07453626394272e-10,"ACDG_P015",25
"89",4.07453626394272e-10,"ACDG_P015",50
"90",4.07453626394272e-10,"ACDG_P015",100
"91",4.07453626394272e-10,"ACDG_P015",25
"92",4.07453626394272e-10,"ACDG_P015",50
"93",4.07453626394272e-10,"ACDG_P015",100
"94",4.07453626394272e-10,"ACDG_P015",25
"95",4.07453626394272e-10,"ACDG_P015",50
"96",4.07453626394272e-10,"ACDG_P015",100
"97",4.07453626394272e-10,"ACDG_P015",25
"98",4.07453626394272e-10,"ACDG_P015",50
"99",4.07453626394272e-10,"ACDG_P015",100
"100",4.07453626394272e-10,"ACDG_P015",25
"101",4.07453626394272e-10,"ACDG_P015",50
"102",4.07453626394272e-10,"ACDG_P015",100
"103",4.07453626394272e-10,"ACDG_P015",25
"104",4.07453626394272e-10,"ACDG_P015",50
"105",4.07453626394272e-10,"ACDG_P015",100
"106",4.07453626394272e-10,"ACDG_P015",25
"107",4.07453626394272e-10,"ACDG_P015",50
"108",4.07453626394272e-10,"ACDG_P015",100
"109",4.07453626394272e-10,"ACDG_P015",25
"110",4.07453626394272e-10,"ACDG_P015",50
"111",4.07453626394272e-10,"ACDG_P015",100
"112",4.07453626394272e-10,"ACDG_P015",25
"113",4.07453626394272e-10,"ACDG_P015",50
"114",4.07453626394272e-10,"ACDG_P015",100
"115",4.07453626394272e-10,"ACDG_P015",25
"116",4.07453626394272e-10,"ACDG_P015",50
"117",4.07453626394272e-10,"ACDG_P015",100
"118",4.07453626394272e-10,"ACDG_P015",25
"119",4.07453626394272e-10,"ACDG_P015",50
"120",4.07453626394272e-10,"ACDG_P015",100
"121",4.07453626394272e-10,"ACDG_P015",25
"122",4.07453626394272e-10,"ACDG_P015",50
"123",4.07453626394272e-10,"ACDG_P015",100
"124",4.07453626394272e-10,"ACDG_P015",25
"125",4.07453626394272e-10,"ACDG_P015",50
"126",4.07453626394272e-10,"ACDG_P015",100
"127",4.07453626394272e-10,"ACDG_P015",25
"128",4.07453626394272e-10,"ACDG_P015",50
"129",4.07453626394272e-10,"ACDG_P015",100
"130",4.07453626394272e-10,"ACDG_P015",25
"131",4.07453626394272e-10,"ACDG_P015",50
"132",4.07453626394272e-10,"ACDG_P015",100
"133",4.07453626394272e-10,"ACDG_P015",25
"134",4.07453626394272e-10,"ACDG_P015",50
"135",4.07453626394272e-10,"ACDG_P015",100
"136",4.07453626394272e-10,"ACDG_P015",25
"137",4.07453626394272e-10,"ACDG_P015",50
"138",4.07453626394272e-10,"ACDG_P015",100
"139",4.07453626394272e-10,"ACDG_P015",25
"140",4.07453626394272e-10,"ACDG_P015",50
"141",4.07453626394272e-10,"ACDG_P015",100
"142",4.07453626394272e-10,"ACDG_P015",25
"143",4.07453626394272e-10,"ACDG_P015",50
"144",4.07453626394272e-10,"ACDG_P015",100
"145",4.07453626394272e-10,"ACDG_P015",25
"146",4.07453626394272e-10,"ACDG_P015",50
"147",4.07453626394272e-10,"ACDG_P015",100
"148",4.07453626394272e-10,"ACDG_P015",25
"149",4.07453626394272e-10,"ACDG_P015",50
"150",4.07453626394272e-10,"ACDG_P015",100
"151",4.07453626394272e-10,"ACDG_P015",25
"152",4.07453626394272e-10,"ACDG_P015",50
"153",4.07453626394272e-10,"ACDG_P015",100
"154",4.07453626394272e-10,"ACDG_P015",25
"155",4.07453626394272e-10,"ACDG_P015",50
"156",4.07453626394272e-10,"ACDG_P015",100
"157",4.07453626394272e-10,"ACDG_P015",25
"158",4.07453626394272e-10,"ACDG_P015",50
"159",4.07453626394272e-10,"ACDG_P015",100
"160",4.07453626394272e-10,"ACDG_P015",25
"161",4.07453626394272e-10,"ACDG_P015",50
"162",4.07453626394272e-10,"ACDG_P015",100
"163",4.07453626394272e-10,"ACDG_P015",25
"164",4.07453626394272e-10,"ACDG_P015",50
"165",4.07453626394272e-10,"ACDG_P015",100
"166",4.07453626394272e-10,"ACDG_P015",25
"167",4.07453626394272e-10,"ACDG_P015",50
"168",4.07453626394272e-10,"ACDG_P015",100
"169",4.07453626394272e-10,"ACDG_P015",25
"170",4.07453626394272e-10,"ACDG_P015",50
"171",4.07453626394272e-10,"ACDG_P015",100
"172",4.07453626394272e-10,"ACDG_P015",25
"173",4.07453626394272e-10,"ACDG_P015",50
"174",4.07453626394272e-10,"ACDG_P015",100
"175",4.07453626394272e-10,"ACDG_P015",25
"176",4.07453626394272e-10,"ACDG_P015",50
"177",4.07453626394272e-10,"ACDG_P015",100
"178",4.07453626394272e-10,"ACDG_P015",25
"179",4.07453626394272e-10,"ACDG_P015",50
"180",4.07453626394272e-10,"ACDG_P015",100
"181",4.07453626394272e-10,"ACDG_P015",25
"182",4.07453626394272e-10,"ACDG_P015",50
"183",4.07453626394272e-10,"ACDG_P015",100
"184",4.07453626394272e-10,"ACDG_P015",25
"185",4.07453626394272e-10,"ACDG_P015",50
"186",4.07453626394272e-10,"ACDG_P015",100
"187",4.07453626394272e-10,"ACDG_P015",25
"188",4.07453626394272e-10,"ACDG_P015",50
"189",4.07453626394272e-10,"ACDG_P015",100
"190",4.07453626394272e-10,"ACDG_P015",25
"191",4.07453626394272e-10,"ACDG_P015",50
"192",4.07453626394272e-10,"ACDG_P015",100
"193",4.07453626394272e-10,"ACDG_P015",25
"194",4.07453626394272e-10,"ACDG_P015",50
"195",4.07453626394272e-10,"ACDG_P015",100
"196",4.07453626394272e-10,"ACDG_P015",25
"197",4.07453626394272e-10,"ACDG_P015",50
"198",4.07453626394272e-10,"ACDG_P015",100
"199",4.07453626394272e-10,"ACDG_P015",25
"200",4.07453626394272e-10,"ACDG_P015",50
"201",4.07453626394272e-10,"ACDG_P015",100
"202",4.07453626394272e-10,"ACDG_P015",25
"203",4.07453626394272e-10,"ACDG_P015",50
"204",4.07453626394272e-10,"ACDG_P015",100
"205",4.07453626394272e-10,"ACDG_P015",25
"206",4.07453626394272e-10,"ACDG_P015",50
"207",4.07453626394272e-10,"ACDG_P015",100
"208",4.07453626394272e-10,"ACDG_P015",25
"209",4.07453626394272e-10,"ACDG_P015",50
"210",4.07453626394272e-10,"ACDG_P015",100
"211",4.07453626394272e-10,"ACDG_P015",25
"212",4.07453626394272e-10,"ACDG_P015",50
"213",4.07453626394272e-10,"ACDG_P015",100
"214",4.07453626394272e-10,"ACDG_P015",25
"215",4.07453626394272e-10,"ACDG_P015",50
"216",4.07453626394272e-10,"ACDG_P015",100
"217",4.07453626394272e-10,"ACDG_P015",25
"218",4.07453626394272e-10,"ACDG_P015",50
"219",4.07453626394272e-10,"ACDG_P015",100
"220",4.07453626394272e-10,"ACDG_P015",25
"221",4.07453626394272e-10,"ACDG_P015",50
"222",4.07453626394272e-10,"ACDG_P015",100
"223",4.07453626394272e-10,"ACDG_P015",25
"224",4.07453626394272e-10,"ACDG_P015",50
"225",4.07453626394272e-10,"ACDG_P015",100
"226",4.07453626394272e-10,"ACDG_P015",25
"227",4.07453626394272e-10,"ACDG_P015",50
"228",4.07453626394272e-10,"ACDG_P015",100
"229",4.07453626394272e-10,"ACDG_P015",25
"230",4.07453626394272e-10,"ACDG_P015",50
"231",4.07453626394272e-10,"ACDG_P015",100
"232",4.07453626394272e-10,"ACDG_P015",25
"233",4.07453626394272e-10,"ACDG_P015",50
"234",4.07453626394272e-10,"ACDG_P015",100
"235",4.07453626394272e-10,"ACDG_P015",25
"236",4.07453626394272e-10,"ACDG_P015",50
"237",4.07453626394272e-10,"ACDG_P015",100
"238",4.07453626394272e-10,"ACDG_P015",25
"239",4.07453626394272e-10,"ACDG_P015",50
"240",4.07453626394272e-10,"ACDG_P015",100
"241",4.07453626394272e-10,"ACDG_P015",25
"242",4.07453626394272e-10,"ACDG_P015",50
"243",4.07453626394272e-10,"ACDG_P015",100
"244",4.07453626394272e-10,"ACDG_P015",25
"245",4.07453626394272e-10,"ACDG_P015",50
"246",4.07453626394272e-10,"ACDG_P015",100
"247",4.07453626394272e-10,"ACDG_P015",25
"248",4.07453626394272e-10,"ACDG_P015",50
"249",4.07453626394272e-10,"ACDG_P015",100
"250",4.07453626394272e-10,"ACDG_P015",25
"251",4.07453626394272e-10,"ACDG_P015",50
"252",4.07453626394272e-10,"ACDG_P015",100
"253",4.07453626394272e-10,"ACDG_P015",25
"254",4.07453626394272e-10,"ACDG_P015",50
"255",4.07453626394272e-10,"ACDG_P015",100
"256",4.07453626394272e-10,"ACDG_P015",25
"257",4.07453626394272e-10,"ACDG_P015",50
"258",4.07453626394272e-10,"ACDG_P015",100
"259",4.07453626394272e-10,"ACDG_P015",25
"260",4.07453626394272e-10,"ACDG_P015",50
"261",4.07453626394272e-10,"ACDG_P015",100
"262",4.07453626394272e-10,"ACDG_P015",25
"263",4.07453626394272e-10,"ACDG_P015",50
"264",4.07453626394272e-10,"ACDG_P015",100
"265",4.07453626394272e-10,"ACDG_P015",25
"266",4.07453626394272e-10,"ACDG_P015",50
"267",4.07453626394272e-10,"ACDG_P015",100
"268",4.07453626394272e-10,"ACDG_P015",25
"269",4.07453626394272e-10,"ACDG_P015",50
"270",4.07453626394272e-10,"ACDG_P015",100
"271",4.07453626394272e-10,"ACDG_P015",25
"272",4.07453626394272e-10,"ACDG_P015",50
"273",4.07453626394272e-10,"ACDG_P015",100
"274",4.07453626394272e-10,"ACDG_P015",25
"275",4.07453626394272e-10,"ACDG_P015",50
"276",4.07453626394272e-10,"ACDG_P015",100
"277",4.07453626394272e-10,"ACDG_P015",25
"278",4.07453626394272e-10,"ACDG_P015",50
"279",4.07453626394272e-10,"ACDG_P015",100
"280",4.07453626394272e-10,"ACDG_P015",25
"281",4.07453626394272e-10,"ACDG_P015",50
"282",4.07453626394272e-10,"ACDG_P015",100
"283",4.07453626394272e-10,"ACDG_P015",25
"284",4.07453626394272e-10,"ACDG_P015",50
"285",4.07453626394272e-10,"ACDG_P015",100
"286",4.07453626394272e-10,"ACDG_P015",25
"287",4.07453626394272e-10,"ACDG_P015",50
"288",4.07453626394272e-10,"ACDG_P015",100
"289",4.07453626394272e-10,"ACDG_P015",25
"290",4.07453626394272e-10,"ACDG_P015",50
"291",4.07453626394272e-10,"ACDG_P015",100
"292",4.07453626394272e-10,"ACDG_P015",25
"293",4.07453626394272e-10,"ACDG_P015",50
"294",4.07453626394272e-10,"ACDG_P015",100
"295",4.07453626394272e-10,"ACDG_P015",25
"296",4.07453626394272e-10,"ACDG_P015",50
"297",4.07453626394272e-10,"ACDG_P015",100
"298",4.07453626394272e-10,"ACDG_P015",25
"299",4.07453626394272e-10,"ACDG_P015",50
"300",4.07453626394272e-10,"ACDG_P015",100
"301",-946.810983531293,"ACDG_P016",25
"302",1146.06315671926,"ACDG_P016",50
"303",-2567.24942100767,"ACDG_P016",100
"304",3448.74048010129,"ACDG_P016",25
"305",-624.044699409103,"ACDG_P016",50
"306",4855.71399690138,"ACDG_P016",100
"307",-1901.75319780599,"ACDG_P016",25
"308",-1881.80755810515,"ACDG_P016",50
"309",-3341.73409049245,"ACDG_P016",100
"310",1939.61120101466,"ACDG_P016",25
"311",2084.16551605126,"ACDG_P016",50
"312",-3059.25254970533,"ACDG_P016",100
"313",1173.44362244796,"ACDG_P016",25
"314",-1466.82151044722,"ACDG_P016",50
"315",5321.13409170657,"ACDG_P016",100
"316",429.865562874591,"ACDG_P016",25
"317",58.8642879229737,"ACDG_P016",50
"318",-3167.60882301981,"ACDG_P016",100
"319",-323.939026611391,"ACDG_P016",25
"320",-4364.67571911059,"ACDG_P016",50
"321",-1664.99728363354,"ACDG_P016",100
"322",-1657.11686740897,"ACDG_P016",25
"323",-4046.75968722554,"ACDG_P016",50
"324",-3071.9143711903,"ACDG_P016",100
"325",-2710.49298426794,"ACDG_P016",25
"326",-1191.7592057522,"ACDG_P016",50
"327",-3681.62668519907,"ACDG_P016",100
"328",1543.0329529765,"ACDG_P016",25
"329",-1741.93631867541,"ACDG_P016",50
"330",-1493.14598324453,"ACDG_P016",100
"331",974.921646401141,"ACDG_P016",25
"332",-3908.34341133237,"ACDG_P016",50
"333",-170.136928469263,"ACDG_P016",100
"334",-165.423426593567,"ACDG_P016",25
"335",-2795.86975468148,"ACDG_P016",50
"336",-186.77451061373,"ACDG_P016",100
"337",2870.50160927777,"ACDG_P016",25
"338",-1550.01988101032,"ACDG_P016",50
"339",-2293.95675090692,"ACDG_P016",100
"340",-1433.39920230402,"ACDG_P016",25
"341",-1934.80566928154,"ACDG_P016",50
"342",-1787.31602327363,"ACDG_P016",100
"343",236.20366727357,"ACDG_P016",25
"344",-2999.55314346927,"ACDG_P016",50
"345",-3148.06182764214,"ACDG_P016",100
"346",-1568.50839219373,"ACDG_P016",25
"347",-3012.05404543548,"ACDG_P016",50
"348",-494.398040767439,"ACDG_P016",100
"349",1364.21528618742,"ACDG_P016",25
"350",-498.008179001568,"ACDG_P016",50
"351",-4270.1681968093,"ACDG_P016",100
"352",-2002.42092074145,"ACDG_P016",25
"353",-1980.16677003982,"ACDG_P016",50
"354",-2918.30050741602,"ACDG_P016",100
"355",-1623.83765561838,"ACDG_P016",25
"356",806.22599717573,"ACDG_P016",50
"357",-1540.70148938335,"ACDG_P016",100
"358",267.374678681168,"ACDG_P016",25
"359",-4563.43650142092,"ACDG_P016",50
"360",-1684.37497153733,"ACDG_P016",100
"361",-985.26868226676,"ACDG_P016",25
"362",-2590.04045297924,"ACDG_P016",50
"363",-3605.55912605036,"ACDG_P016",100
"364",2680.43469792625,"ACDG_P016",25
"365",-2005.83817864244,"ACDG_P016",50
"366",661.944693483296,"ACDG_P016",100
"367",611.488128925965,"ACDG_P016",25
"368",-3022.68195134823,"ACDG_P016",50
"369",-3590.22079091019,"ACDG_P016",100
"370",-956.763366200001,"ACDG_P016",25
"371",-2175.08395673096,"ACDG_P016",50
"372",-3228.74244824756,"ACDG_P016",100
"373",-89.3241124588822,"ACDG_P016",25
"374",-1816.71637191871,"ACDG_P016",50
"375",-2192.28043463669,"ACDG_P016",100
"376",-1925.61572232904,"ACDG_P016",25
"377",-4273.43321761853,"ACDG_P016",50
"378",-3656.88962102818,"ACDG_P016",100
"379",1437.88973023032,"ACDG_P016",25
"380",-1654.2972907818,"ACDG_P016",50
"381",-1662.05230770903,"ACDG_P016",100
"382",-112.423796447081,"ACDG_P016",25
"383",-872.240855830343,"ACDG_P016",50
"384",-3892.64869688332,"ACDG_P016",100
"385",-97.0098251255404,"ACDG_P016",25
"386",-2402.58686109408,"ACDG_P016",50
"387",-2897.98790762995,"ACDG_P016",100
"388",-393.599165873369,"ACDG_P016",25
"389",-1939.70227758781,"ACDG_P016",50
"390",-2125.04655713346,"ACDG_P016",100
"391",-865.92722674564,"ACDG_P016",25
"392",3054.51823670702,"ACDG_P016",50
"393",-1594.8508068808,"ACDG_P016",100
"394",-505.243068821641,"ACDG_P016",25
"395",-3194.65850363011,"ACDG_P016",50
"396",-707.263669279433,"ACDG_P016",100
"397",-3630.89712068153,"ACDG_P016",25
"398",-3914.66442554473,"ACDG_P016",50
"399",-3347.16284773525,"ACDG_P016",100
"400",3359.99233326397,"ACDG_P016",25
"401",-1864.26171722065,"ACDG_P016",50
"402",-749.845135675016,"ACDG_P016",100
"403",-2229.04163712048,"ACDG_P016",25
"404",-2371.33358322678,"ACDG_P016",50
"405",-3831.34378933877,"ACDG_P016",100
"406",1228.85889700899,"ACDG_P016",25
"407",-564.124864627636,"ACDG_P016",50
"408",-510.34675017494,"ACDG_P016",100
"409",1674.79584458828,"ACDG_P016",25
"410",-1920.14369543907,"ACDG_P016",50
"411",-272.046952796751,"ACDG_P016",100
"412",411.039780757972,"ACDG_P016",25
"413",-2653.56612205016,"ACDG_P016",50
"414",646.303606383706,"ACDG_P016",100
"415",-1991.910948795,"ACDG_P016",25
"416",1424.19849834905,"ACDG_P016",50
"417",-719.770921995369,"ACDG_P016",100
"418",-982.879548900062,"ACDG_P016",25
"419",-2520.96091549407,"ACDG_P016",50
"420",-3072.22272371975,"ACDG_P016",100
"421",76.6076937083853,"ACDG_P016",25
"422",-1581.48781448064,"ACDG_P016",50
"423",-3483.12144453949,"ACDG_P016",100
"424",24.3717322017183,"ACDG_P016",25
"425",-504.754555540218,"ACDG_P016",50
"426",-2966.68947713729,"ACDG_P016",100
"427",-86.8751822754566,"ACDG_P016",25
"428",-1895.54044065753,"ACDG_P016",50
"429",-3558.4342041811,"ACDG_P016",100
"430",396.625052825722,"ACDG_P016",25
"431",-2680.09232905103,"ACDG_P016",50
"432",-1568.7462929982,"ACDG_P016",100
"433",1141.71005647376,"ACDG_P016",25
"434",-2100.07660217467,"ACDG_P016",50
"435",-3717.86528213482,"ACDG_P016",100
"436",12.1505561209924,"ACDG_P016",25
"437",1394.9167578693,"ACDG_P016",50
"438",-3216.36114344391,"ACDG_P016",100
"439",-1198.40784746289,"ACDG_P016",25
"440",-488.683155645907,"ACDG_P016",50
"441",-3683.23623874807,"ACDG_P016",100
"442",511.919225276681,"ACDG_P016",25
"443",-806.754709538509,"ACDG_P016",50
"444",-113.28319454196,"ACDG_P016",100
"445",2133.85349365586,"ACDG_P016",25
"446",-1715.31068861697,"ACDG_P016",50
"447",-2940.93318067319,"ACDG_P016",100
"448",-491.831176437205,"ACDG_P016",25
"449",-2408.84646218401,"ACDG_P016",50
"450",966.934309576289,"ACDG_P016",100
"451",528.651840616658,"ACDG_P016",25
"452",-4164.29664003829,"ACDG_P016",50
"453",-3364.37802789232,"ACDG_P016",100
"454",-1424.50825609278,"ACDG_P016",25
"455",-47.8427768244292,"ACDG_P016",50
"456",-4197.09081174026,"ACDG_P016",100
"457",3694.98736056429,"ACDG_P016",25
"458",-685.976157677476,"ACDG_P016",50
"459",-2221.67529730118,"ACDG_P016",100
"460",-1801.28319023116,"ACDG_P016",25
"461",-1937.40886147131,"ACDG_P016",50
"462",-3410.62314269631,"ACDG_P016",100
"463",-947.569777664263,"ACDG_P016",25
"464",-221.454725167889,"ACDG_P016",50
"465",-3098.90035719532,"ACDG_P016",100
"466",-1025.07506072553,"ACDG_P016",25
"467",-655.632791771844,"ACDG_P016",50
"468",-2787.10563855522,"ACDG_P016",100
"469",1231.28693833115,"ACDG_P016",25
"470",-11.991311041289,"ACDG_P016",50
"471",-546.086994704354,"ACDG_P016",100
"472",175.254594481521,"ACDG_P016",25
"473",21.505825983797,"ACDG_P016",50
"474",16.7846977738081,"ACDG_P016",100
"475",-2786.9802967908,"ACDG_P016",25
"476",1936.77201098535,"ACDG_P016",50
"477",-1561.54978921567,"ACDG_P016",100
"478",1096.97600174145,"ACDG_P016",25
"479",-4049.83186934996,"ACDG_P016",50
"480",1615.72462164427,"ACDG_P016",100
"481",-213.284407225525,"ACDG_P016",25
"482",-2183.04242107819,"ACDG_P016",50
"483",49.9229579543462,"ACDG_P016",100
"484",-188.805300346605,"ACDG_P016",25
"485",470.453395520803,"ACDG_P016",50
"486",-3120.73846959267,"ACDG_P016",100
"487",382.623684838327,"ACDG_P016",25
"488",-270.770512651623,"ACDG_P016",50
"489",3098.1137335909,"ACDG_P016",100
"490",-957.197269531898,"ACDG_P016",25
"491",-3276.19822111831,"ACDG_P016",50
"492",-2709.49282402519,"ACDG_P016",100
"493",-927.471883497026,"ACDG_P016",25
"494",1066.64378193079,"ACDG_P016",50
"495",-261.533257382398,"ACDG_P016",100
"496",-3542.2192216285,"ACDG_P016",25
"497",-1223.94516063231,"ACDG_P016",50
"498",-4361.00065828193,"ACDG_P016",100
"499",4233.34471158398,"ACDG_P016",25
"500",2203.98127346075,"ACDG_P016",50
"501",-3693.30852428128,"ACDG_P016",100
"502",4108.57872207716,"ACDG_P016",25
"503",-2346.57845463365,"ACDG_P016",50
"504",182.43499535945,"ACDG_P016",100
"505",1384.8625161513,"ACDG_P016",25
"506",-33.3050098948588,"ACDG_P016",50
"507",900.813017391745,"ACDG_P016",100
"508",-1850.37336036385,"ACDG_P016",25
"509",-2033.74917710468,"ACDG_P016",50
"510",-17.363602097379,"ACDG_P016",100
"511",73.6420431629231,"ACDG_P016",25
"512",442.638536910265,"ACDG_P016",50
"513",-1969.98881137007,"ACDG_P016",100
"514",-693.555936739722,"ACDG_P016",25
"515",2372.5525972512,"ACDG_P016",50
"516",-3861.47309948431,"ACDG_P016",100
"517",549.746372345864,"ACDG_P016",25
"518",-2293.10630959825,"ACDG_P016",50
"519",-2976.932265165,"ACDG_P016",100
"520",521.8749775092,"ACDG_P016",25
"521",-2274.73567902716,"ACDG_P016",50
"522",-3947.29962405108,"ACDG_P016",100
"523",-2483.96039590414,"ACDG_P016",25
"524",363.906161928695,"ACDG_P016",50
"525",200.458105927275,"ACDG_P016",100
"526",-676.565185685991,"ACDG_P016",25
"527",-3772.6460667598,"ACDG_P016",50
"528",-128.875071545539,"ACDG_P016",100
"529",660.969216120662,"ACDG_P016",25
"530",3302.11742777817,"ACDG_P016",50
"531",-3317.02037221793,"ACDG_P016",100
"532",-46.1200271474663,"ACDG_P016",25
"533",-2759.25786297745,"ACDG_P016",50
"534",-1811.33603478069,"ACDG_P016",100
"535",-1926.09188529087,"ACDG_P016",25
"536",-2011.35230967027,"ACDG_P016",50
"537",-3355.71177586427,"ACDG_P016",100
"538",-2656.00414715268,"ACDG_P016",25
"539",-37.1661651335016,"ACDG_P016",50
"540",2576.17290286301,"ACDG_P016",100
"541",-1757.91666967547,"ACDG_P016",25
"542",-1796.3246900634,"ACDG_P016",50
"543",-2334.71464700898,"ACDG_P016",100
"544",2308.8066109505,"ACDG_P016",25
"545",-1562.31693176707,"ACDG_P016",50
"546",-3403.80104335799,"ACDG_P016",100
"547",-1306.49235181834,"ACDG_P016",25
"548",-445.476941219502,"ACDG_P016",50
"549",-3079.54275262888,"ACDG_P016",100
"550",-75.8147526805988,"ACDG_P016",25
"551",1549.26521925151,"ACDG_P016",50
"552",-1660.45839213883,"ACDG_P016",100
"553",-1971.78965898123,"ACDG_P016",25
"554",-2130.84145822481,"ACDG_P016",50
"555",-3743.12825900197,"ACDG_P016",100
"556",-95.1212183833995,"ACDG_P016",25
"557",-3788.77870355445,"ACDG_P016",50
"558",570.565589875856,"ACDG_P016",100
"559",-1204.41484160366,"ACDG_P016",25
"560",-1875.54726530612,"ACDG_P016",50
"561",-1621.53602112655,"ACDG_P016",100
"562",143.870709095878,"ACDG_P016",25
"563",-3097.50796601232,"ACDG_P016",50
"564",2672.93091001548,"ACDG_P016",100
"565",-217.48305088334,"ACDG_P016",25
"566",-696.381174757757,"ACDG_P016",50
"567",-482.019289165706,"ACDG_P016",100
"568",1443.6186344201,"ACDG_P016",25
"569",264.871945140505,"ACDG_P016",50
"570",-1132.37198344033,"ACDG_P016",100
"571",-1589.39858703854,"ACDG_P016",25
"572",-761.554888225335,"ACDG_P016",50
"573",-2187.54437225356,"ACDG_P016",100
"574",-398.704451856291,"ACDG_P016",25
"575",-2641.55075248631,"ACDG_P016",50
"576",-4320.59728599453,"ACDG_P016",100
"577",153.685869183624,"ACDG_P016",25
"578",-2999.94186143568,"ACDG_P016",50
"579",-1713.98803805464,"ACDG_P016",100
"580",151.934226570273,"ACDG_P016",25
"581",-3906.07349727608,"ACDG_P016",50
"582",-2316.70374311408,"ACDG_P016",100
"583",1679.41927380441,"ACDG_P016",25
"584",-2126.30369886564,"ACDG_P016",50
"585",-1958.88172028176,"ACDG_P016",100
"586",899.507039680786,"ACDG_P016",25
"587",887.482622858748,"ACDG_P016",50
"588",1173.78489999595,"ACDG_P016",100
"589",-1880.0500632633,"ACDG_P016",25
"590",1757.32660402989,"ACDG_P016",50
"591",196.498967587715,"ACDG_P016",100
"592",-1605.29102766601,"ACDG_P016",25
"593",-1693.72407163237,"ACDG_P016",50
"594",-2317.98862845029,"ACDG_P016",100
"595",-2011.65291062865,"ACDG_P016",25
"596",2156.0370122827,"ACDG_P016",50
"597",-1813.45617434534,"ACDG_P016",100
"598",339.692455230135,"ACDG_P016",25
"599",-1096.1525121725,"ACDG_P016",50
"600",-2026.74330327779,"ACDG_P016",100
"601",20.385101236403,"ACDG_P041",25
"602",6488.21950436948,"ACDG_P041",50
"603",7536.92416191206,"ACDG_P041",100
"604",4640.84018108249,"ACDG_P041",25
"605",318.168305309489,"ACDG_P041",50
"606",-205.093315439415,"ACDG_P041",100
"607",-456.762226655614,"ACDG_P041",25
"608",1278.91694354545,"ACDG_P041",50
"609",549.98892332887,"ACDG_P041",100
"610",135.044293467945,"ACDG_P041",25
"611",-384.726604545838,"ACDG_P041",50
"612",3550.94702660799,"ACDG_P041",100
"613",21.5935829340015,"ACDG_P041",25
"614",-357.420523303561,"ACDG_P041",50
"615",-1.42149633308873,"ACDG_P041",100
"616",-1.35929032386048,"ACDG_P041",25
"617",-339.357066305354,"ACDG_P041",50
"618",-217.806077558489,"ACDG_P041",100
"619",-463.083841604181,"ACDG_P041",25
"620",6101.85877703317,"ACDG_P041",50
"621",66.3058202786488,"ACDG_P041",100
"622",-303.736251478666,"ACDG_P041",25
"623",53.4108693946037,"ACDG_P041",50
"624",-378.743789128086,"ACDG_P041",100
"625",761.904640467954,"ACDG_P041",25
"626",-388.507911665889,"ACDG_P041",50
"627",293.691647492175,"ACDG_P041",100
"628",-273.745160780731,"ACDG_P041",25
"629",-258.551382025937,"ACDG_P041",50
"630",497.662207605725,"ACDG_P041",100
"631",7366.8942102326,"ACDG_P041",25
"632",2002.84349328931,"ACDG_P041",50
"633",-336.618101802538,"ACDG_P041",100
"634",-273.745160780731,"ACDG_P041",25
"635",1169.58191641932,"ACDG_P041",50
"636",-259.315182318678,"ACDG_P041",100
"637",171.462625803659,"ACDG_P041",25
"638",179.709468724381,"ACDG_P041",50
"639",-183.329404196236,"ACDG_P041",100
"640",6.07849751116009,"ACDG_P041",25
"641",99.0629556687782,"ACDG_P041",50
"642",-187.642708510684,"ACDG_P041",100
"643",-10.2193618653109,"ACDG_P041",25
"644",275.538465360645,"ACDG_P041",50
"645",2927.80665429664,"ACDG_P041",100
"646",0.809135819319636,"ACDG_P041",25
"647",-480.228563835844,"ACDG_P041",50
"648",-245.375540411507,"ACDG_P041",100
"649",18.4229895489407,"ACDG_P041",25
"650",2812.63908521895,"ACDG_P041",50
"651",1152.51424189686,"ACDG_P041",100
"652",950.112855926855,"ACDG_P041",25
"653",-417.541991735401,"ACDG_P041",50
"654",674.928951906681,"ACDG_P041",100
"655",-11.702118346584,"ACDG_P041",25
"656",-424.644824226096,"ACDG_P041",50
"657",339.307209266815,"ACDG_P041",100
"658",94.1600081801298,"ACDG_P041",25
"659",-130.013180557697,"ACDG_P041",50
"660",-254.589743435383,"ACDG_P041",100
"661",694.794333560101,"ACDG_P041",25
"662",-364.530265232082,"ACDG_P041",50
"663",-93.0929121082299,"ACDG_P041",100
"664",375.625517617678,"ACDG_P041",25
"665",-436.552381189016,"ACDG_P041",50
"666",833.229216674052,"ACDG_P041",100
"667",501.250019274827,"ACDG_P041",25
"668",-258.525004116411,"ACDG_P041",50
"669",5399.45151922991,"ACDG_P041",100
"670",258.578908563359,"ACDG_P041",25
"671",423.565445322543,"ACDG_P041",50
"672",603.791860287718,"ACDG_P041",100
"673",4074.25957776903,"ACDG_P041",25
"674",-478.758522570599,"ACDG_P041",50
"675",2806.85649412969,"ACDG_P041",100
"676",319.807080063445,"ACDG_P041",25
"677",240.639547825442,"ACDG_P041",50
"678",957.194588504324,"ACDG_P041",100
"679",188.126460520609,"ACDG_P041",25
"680",-335.262186290231,"ACDG_P041",50
"681",7160.0877089788,"ACDG_P041",100
"682",45.0684288337943,"ACDG_P041",25
"683",22.5704663184006,"ACDG_P041",50
"684",-82.2437518290244,"ACDG_P041",100
"685",-4.60469598218333,"ACDG_P041",25
"686",1586.84789413324,"ACDG_P041",50
"687",-243.159880061692,"ACDG_P041",100
"688",203.280702513875,"ACDG_P041",25
"689",-491.263913110422,"ACDG_P041",50
"690",76.1595266057993,"ACDG_P041",100
"691",32.0655701450305,"ACDG_P041",25
"692",376.341192925465,"ACDG_P041",50
"693",9.23788956308272,"ACDG_P041",100
"694",278.86376704328,"ACDG_P041",25
"695",625.366324320785,"ACDG_P041",50
"696",5707.67157848162,"ACDG_P041",100
"697",-378.421217296331,"ACDG_P041",25
"698",1668.94678897422,"ACDG_P041",50
"699",1243.32625318202,"ACDG_P041",100
"700",-22.3716890189098,"ACDG_P041",25
"701",-371.944197988138,"ACDG_P041",50
"702",4.96353572572116,"ACDG_P041",100
"703",242.913028140436,"ACDG_P041",25
"704",1439.94500564766,"ACDG_P041",50
"705",280.06126670487,"ACDG_P041",100
"706",13.4750385298976,"ACDG_P041",25
"707",60.0912545596366,"ACDG_P041",50
"708",-17.1237469147309,"ACDG_P041",100
"709",-482.395984697039,"ACDG_P041",25
"710",499.114969030838,"ACDG_P041",50
"711",163.225933011563,"ACDG_P041",100
"712",1884.96966372797,"ACDG_P041",25
"713",3252.74016513769,"ACDG_P041",50
"714",871.141408139723,"ACDG_P041",100
"715",445.440909138008,"ACDG_P041",25
"716",-369.273501323361,"ACDG_P041",50
"717",64.7642419744516,"ACDG_P041",100
"718",19.8782742003095,"ACDG_P041",25
"719",250.545055205235,"ACDG_P041",50
"720",-198.445188266342,"ACDG_P041",100
"721",-476.935379856382,"ACDG_P041",25
"722",5147.65828950761,"ACDG_P041",50
"723",83.6616117259837,"ACDG_P041",100
"724",6145.20993529679,"ACDG_P041",25
"725",-407.569419591164,"ACDG_P041",50
"726",19.6118246506667,"ACDG_P041",100
"727",-466.819984956121,"ACDG_P041",25
"728",-318.98163283529,"ACDG_P041",50
"729",-32.0412447254057,"ACDG_P041",100
"730",-21.0145061234944,"ACDG_P041",25
"731",309.136619048193,"ACDG_P041",50
"732",-176.177659717039,"ACDG_P041",100
"733",132.117256479803,"ACDG_P041",25
"734",-292.102644224826,"ACDG_P041",50
"735",-46.849367980496,"ACDG_P041",100
"736",267.665716294548,"ACDG_P041",25
"737",-416.426840994973,"ACDG_P041",50
"738",513.244935882336,"ACDG_P041",100
"739",-27.1961935530417,"ACDG_P041",25
"740",-379.708305549982,"ACDG_P041",50
"741",-262.756029138167,"ACDG_P041",100
"742",477.768448495539,"ACDG_P041",25
"743",-224.653116722999,"ACDG_P041",50
"744",-177.613365438068,"ACDG_P041",100
"745",-417.997063022805,"ACDG_P041",25
"746",-452.241584288829,"ACDG_P041",50
"747",-226.809810455539,"ACDG_P041",100
"748",29.3260062510381,"ACDG_P041",25
"749",4217.30717662058,"ACDG_P041",50
"750",5.74645826336928,"ACDG_P041",100
"751",1244.82253923616,"ACDG_P041",25
"752",600.079604540602,"ACDG_P041",50
"753",254.020694779407,"ACDG_P041",100
"754",478.450997376116,"ACDG_P041",25
"755",44.2426700349315,"ACDG_P041",50
"756",76.3057878811378,"ACDG_P041",100
"757",-477.571480162907,"ACDG_P041",25
"758",71.124215461663,"ACDG_P041",50
"759",-111.883975210832,"ACDG_P041",100
"760",1.45039884001017,"ACDG_P041",25
"761",409.968039737549,"ACDG_P041",50
"762",4949.55650028313,"ACDG_P041",100
"763",-452.466133231006,"ACDG_P041",25
"764",1101.70238385635,"ACDG_P041",50
"765",3387.20526949619,"ACDG_P041",100
"766",2.95535092748469,"ACDG_P041",25
"767",-402.033433727978,"ACDG_P041",50
"768",6690.5636468365,"ACDG_P041",100
"769",-444.732154716097,"ACDG_P041",25
"770",1210.27681404573,"ACDG_P041",50
"771",221.713068070589,"ACDG_P041",100
"772",310.998658846423,"ACDG_P041",25
"773",-458.274521952844,"ACDG_P041",50
"774",-308.192955517909,"ACDG_P041",100
"775",5291.19706520939,"ACDG_P041",25
"776",327.951043171342,"ACDG_P041",50
"777",11943.8493561876,"ACDG_P041",100
"778",691.992520586413,"ACDG_P041",25
"779",-162.220332248078,"ACDG_P041",50
"780",1854.88594884111,"ACDG_P041",100
"781",44.8147484917426,"ACDG_P041",25
"782",440.957697348669,"ACDG_P041",50
"783",1106.82978565019,"ACDG_P041",100
"784",-30.1182585587958,"ACDG_P041",25
"785",-440.133392021817,"ACDG_P041",50
"786",847.216969681787,"ACDG_P041",100
"787",779.049256755214,"ACDG_P041",25
"788",626.952212525881,"ACDG_P041",50
"789",6912.04321047367,"ACDG_P041",100
"790",1055.00849695643,"ACDG_P041",25
"791",405.929779059719,"ACDG_P041",50
"792",596.685138817178,"ACDG_P041",100
"793",2805.67784487689,"ACDG_P041",25
"794",1465.73869598983,"ACDG_P041",50
"795",428.392664206913,"ACDG_P041",100
"796",1293.02006148919,"ACDG_P041",25
"797",3929.5679959472,"ACDG_P041",50
"798",-237.090281836397,"ACDG_P041",100
"799",-481.223496112623,"ACDG_P041",25
"800",175.521997082105,"ACDG_P041",50
"801",185.884344838385,"ACDG_P041",100
"802",1340.45434754028,"ACDG_P041",25
"803",4862.63655395719,"ACDG_P041",50
"804",-394.472005229502,"ACDG_P041",100
"805",-323.578934139688,"ACDG_P041",25
"806",104.051405219012,"ACDG_P041",50
"807",162.195077728597,"ACDG_P041",100
"808",203.280702513875,"ACDG_P041",25
"809",187.743247630249,"ACDG_P041",50
"810",562.648498449882,"ACDG_P041",100
"811",-14.1614744847757,"ACDG_P041",25
"812",6692.39704481058,"ACDG_P041",50
"813",1271.70758051903,"ACDG_P041",100
"814",-1.56243551161606,"ACDG_P041",25
"815",15.3625948752742,"ACDG_P041",50
"816",-265.902048177843,"ACDG_P041",100
"817",7.6003759590094,"ACDG_P041",25
"818",0.486021541582886,"ACDG_P041",50
"819",15884.9425565244,"ACDG_P041",100
"820",36.6902586767101,"ACDG_P041",25
"821",435.141133428086,"ACDG_P041",50
"822",1359.49864949228,"ACDG_P041",100
"823",123.137475675205,"ACDG_P041",25
"824",2606.56984772382,"ACDG_P041",50
"825",6321.39214883716,"ACDG_P041",100
"826",1378.30109049322,"ACDG_P041",25
"827",362.577864255698,"ACDG_P041",50
"828",292.003417648491,"ACDG_P041",100
"829",191.67603609548,"ACDG_P041",25
"830",6191.96783966268,"ACDG_P041",50
"831",-368.584606361634,"ACDG_P041",100
"832",-266.81714689784,"ACDG_P041",25
"833",-237.854314493248,"ACDG_P041",50
"834",535.697812542028,"ACDG_P041",100
"835",180.383541669406,"ACDG_P041",25
"836",758.29935642489,"ACDG_P041",50
"837",1438.39215490973,"ACDG_P041",100
"838",-9.92566238209838,"ACDG_P041",25
"839",567.548299661838,"ACDG_P041",50
"840",963.517455503345,"ACDG_P041",100
"841",7.20618963334709,"ACDG_P041",25
"842",67.9192527417326,"ACDG_P041",50
"843",11431.5009152305,"ACDG_P041",100
"844",-456.762226655614,"ACDG_P041",25
"845",1547.98240256251,"ACDG_P041",50
"846",378.779424080392,"ACDG_P041",100
"847",147.482940716727,"ACDG_P041",25
"848",-134.119358247321,"ACDG_P041",50
"849",5721.84343703568,"ACDG_P041",100
"850",-463.814799985732,"ACDG_P041",25
"851",-110.397591902409,"ACDG_P041",50
"852",4846.59817555879,"ACDG_P041",100
"853",274.33772925369,"ACDG_P041",25
"854",-79.0118924851413,"ACDG_P041",50
"855",435.636735694658,"ACDG_P041",100
"856",-5.28312599449418,"ACDG_P041",25
"857",416.397275616415,"ACDG_P041",50
"858",-118.699345254863,"ACDG_P041",100
"859",-454.975370737491,"ACDG_P041",25
"860",-308.331597404671,"ACDG_P041",50
"861",1294.77842664445,"ACDG_P041",100
"862",-129.334838358162,"ACDG_P041",25
"863",1102.78217830206,"ACDG_P041",50
"864",1746.97433024325,"ACDG_P041",100
"865",-425.886046425439,"ACDG_P041",25
"866",552.064069982851,"ACDG_P041",50
"867",-218.439990786428,"ACDG_P041",100
"868",2.0878326529637,"ACDG_P041",25
"869",360.156836009817,"ACDG_P041",50
"870",483.775887791591,"ACDG_P041",100
"871",152.188909755263,"ACDG_P041",25
"872",97.6387216211297,"ACDG_P041",50
"873",377.897868385247,"ACDG_P041",100
"874",109.964924758475,"ACDG_P041",25
"875",1493.30287974537,"ACDG_P041",50
"876",990.135187045846,"ACDG_P041",100
"877",-11.620193812123,"ACDG_P041",25
"878",822.558796013822,"ACDG_P041",50
"879",6911.60753442108,"ACDG_P041",100
"880",49.2101864323486,"ACDG_P041",25
"881",416.024657213362,"ACDG_P041",50
"882",415.068017359474,"ACDG_P041",100
"883",0.334055415005423,"ACDG_P041",25
"884",721.151421344723,"ACDG_P041",50
"885",4442.06771714683,"ACDG_P041",100
"886",-396.532657994132,"ACDG_P041",25
"887",713.044670123316,"ACDG_P041",50
"888",160.038463146833,"ACDG_P041",100
"889",146.912728915981,"ACDG_P041",25
"890",4398.28292178607,"ACDG_P041",50
"891",245.137766402797,"ACDG_P041",100
"892",-471.711975150451,"ACDG_P041",25
"893",238.615083383629,"ACDG_P041",50
"894",482.207658840343,"ACDG_P041",100
"895",520.730887477053,"ACDG_P041",25
"896",507.530824020505,"ACDG_P041",50
"897",3005.1113848344,"ACDG_P041",100
"898",8.92640446824953,"ACDG_P041",25
"899",-158.558528756024,"ACDG_P041",50
"900",85.8411220783601,"ACDG_P041",100
"901",1914.11806041261,"ACDG_P052",25
"902",-730.952657063172,"ACDG_P052",50
"903",1664.74370245024,"ACDG_P052",100
"904",-332.500511565042,"ACDG_P052",25
"905",2250.31996135128,"ACDG_P052",50
"906",1501.69541628385,"ACDG_P052",100
"907",2179.15866324891,"ACDG_P052",25
"908",-312.27231744898,"ACDG_P052",50
"909",186.975492264319,"ACDG_P052",100
"910",56.8977338343393,"ACDG_P052",25
"911",-253.019549040531,"ACDG_P052",50
"912",-293.97344266568,"ACDG_P052",100
"913",160.893237253564,"ACDG_P052",25
"914",-717.078882937552,"ACDG_P052",50
"915",179.710154760425,"ACDG_P052",100
"916",-772.53348460485,"ACDG_P052",25
"917",-515.104940115998,"ACDG_P052",50
"918",191.387956751161,"ACDG_P052",100
"919",-431.565170321701,"ACDG_P052",25
"920",1497.32037573514,"ACDG_P052",50
"921",-1244.15586571084,"ACDG_P052",100
"922",47.387150778959,"ACDG_P052",25
"923",1504.77739621393,"ACDG_P052",50
"924",558.400855413172,"ACDG_P052",100
"925",6335.01360505971,"ACDG_P052",25
"926",-565.451675806427,"ACDG_P052",50
"927",1680.10771549461,"ACDG_P052",100
"928",-440.3439193542,"ACDG_P052",25
"929",2260.35394615078,"ACDG_P052",50
"930",-33.6785837788775,"ACDG_P052",100
"931",147.849306388147,"ACDG_P052",25
"932",-434.730604034063,"ACDG_P052",50
"933",-1364.01621449331,"ACDG_P052",100
"934",2912.38343397574,"ACDG_P052",25
"935",-385.808924736077,"ACDG_P052",50
"936",1123.49404379487,"ACDG_P052",100
"937",-477.584109487041,"ACDG_P052",25
"938",554.554043902521,"ACDG_P052",50
"939",-11.619692515058,"ACDG_P052",100
"940",-157.236607204453,"ACDG_P052",25
"941",-158.067961500434,"ACDG_P052",50
"942",-350.591512840096,"ACDG_P052",100
"943",305.628587948071,"ACDG_P052",25
"944",178.330235326081,"ACDG_P052",50
"945",164.769368444628,"ACDG_P052",100
"946",-331.047756404849,"ACDG_P052",25
"947",260.691258512175,"ACDG_P052",50
"948",676.902294660424,"ACDG_P052",100
"949",-158.480383858754,"ACDG_P052",25
"950",-62.7533377343498,"ACDG_P052",50
"951",-755.958518125291,"ACDG_P052",100
"952",44.1571728747222,"ACDG_P052",25
"953",-908.380658833339,"ACDG_P052",50
"954",488.548112705088,"ACDG_P052",100
"955",-220.704084929923,"ACDG_P052",25
"956",-712.66668735689,"ACDG_P052",50
"957",2382.10229017719,"ACDG_P052",100
"958",128.674610755028,"ACDG_P052",25
"959",584.453810335923,"ACDG_P052",50
"960",-66.5243126779387,"ACDG_P052",100
"961",373.561506627331,"ACDG_P052",25
"962",927.830677114864,"ACDG_P052",50
"963",252.08118663507,"ACDG_P052",100
"964",113.57241900888,"ACDG_P052",25
"965",1497.49396198324,"ACDG_P052",50
"966",1739.36843561006,"ACDG_P052",100
"967",-68.5795572546194,"ACDG_P052",25
"968",5944.72723236261,"ACDG_P052",50
"969",-151.526413022046,"ACDG_P052",100
"970",10405.3185289794,"ACDG_P052",25
"971",1954.1385870885,"ACDG_P052",50
"972",-785.371669201617,"ACDG_P052",100
"973",-299.466688837652,"ACDG_P052",25
"974",-1079.11443442389,"ACDG_P052",50
"975",748.670047827152,"ACDG_P052",100
"976",119.981520694622,"ACDG_P052",25
"977",-142.287719778542,"ACDG_P052",50
"978",13766.5057166019,"ACDG_P052",100
"979",-463.265551170567,"ACDG_P052",25
"980",215.84140168404,"ACDG_P052",50
"981",-454.044168327702,"ACDG_P052",100
"982",-844.293828988739,"ACDG_P052",25
"983",114.78077342629,"ACDG_P052",50
"984",812.948977455933,"ACDG_P052",100
"985",1199.17679724473,"ACDG_P052",25
"986",-1081.03029627146,"ACDG_P052",50
"987",-446.501410587836,"ACDG_P052",100
"988",-356.04515164005,"ACDG_P052",25
"989",-690.35494670269,"ACDG_P052",50
"990",-245.012685207766,"ACDG_P052",100
"991",-189.201911728276,"ACDG_P052",25
"992",2042.79145324606,"ACDG_P052",50
"993",-879.004861348774,"ACDG_P052",100
"994",1819.01674171901,"ACDG_P052",25
"995",63.6174562539672,"ACDG_P052",50
"996",2737.76118526745,"ACDG_P052",100
"997",1679.41599972447,"ACDG_P052",25
"998",387.368386198767,"ACDG_P052",50
"999",-21.6876070318394,"ACDG_P052",100
"1000",-771.16677647183,"ACDG_P052",25
"1001",245.179921911738,"ACDG_P052",50
"1002",230.672256264981,"ACDG_P052",100
"1003",-136.700767843577,"ACDG_P052",25
"1004",-125.550355028419,"ACDG_P052",50
"1005",-671.724801765115,"ACDG_P052",100
"1006",634.285742775828,"ACDG_P052",25
"1007",65306.4505035714,"ACDG_P052",50
"1008",1889.61246395204,"ACDG_P052",100
"1009",-890.564071573201,"ACDG_P052",25
"1010",1232.04082309548,"ACDG_P052",50
"1011",-356.118536747992,"ACDG_P052",100
"1012",-198.303161477263,"ACDG_P052",25
"1013",-373.092513133888,"ACDG_P052",50
"1014",1664.91185692293,"ACDG_P052",100
"1015",-10.7505119513662,"ACDG_P052",25
"1016",-479.121188047284,"ACDG_P052",50
"1017",-906.692571334686,"ACDG_P052",100
"1018",-262.713546455663,"ACDG_P052",25
"1019",429.905537725514,"ACDG_P052",50
"1020",-801.270264768653,"ACDG_P052",100
"1021",-211.881284253934,"ACDG_P052",25
"1022",-634.875158827141,"ACDG_P052",50
"1023",11187.8347224969,"ACDG_P052",100
"1024",1103.07379636524,"ACDG_P052",25
"1025",1534.36781467512,"ACDG_P052",50
"1026",-571.295264230983,"ACDG_P052",100
"1027",-493.862801195792,"ACDG_P052",25
"1028",151.978552037443,"ACDG_P052",50
"1029",6824.56962053332,"ACDG_P052",100
"1030",677.842447810457,"ACDG_P052",25
"1031",133.85025186633,"ACDG_P052",50
"1032",-849.924167892546,"ACDG_P052",100
"1033",377.847666015208,"ACDG_P052",25
"1034",-204.194702063949,"ACDG_P052",50
"1035",-411.897011190595,"ACDG_P052",100
"1036",1027.37631299833,"ACDG_P052",25
"1037",-529.141781559767,"ACDG_P052",50
"1038",7382.5355344569,"ACDG_P052",100
"1039",-497.130197505292,"ACDG_P052",25
"1040",2948.05839646515,"ACDG_P052",50
"1041",1959.58315791158,"ACDG_P052",100
"1042",-25.9429339308408,"ACDG_P052",25
"1043",299.725668135652,"ACDG_P052",50
"1044",-861.235600478394,"ACDG_P052",100
"1045",-403.144271062512,"ACDG_P052",25
"1046",-534.266238874843,"ACDG_P052",50
"1047",-809.516312008724,"ACDG_P052",100
"1048",-616.61861873747,"ACDG_P052",25
"1049",52.6176861157292,"ACDG_P052",50
"1050",765.766021631018,"ACDG_P052",100
"1051",1589.80324646691,"ACDG_P052",25
"1052",-442.359553740243,"ACDG_P052",50
"1053",5912.65073601616,"ACDG_P052",100
"1054",319.64163451374,"ACDG_P052",25
"1055",-202.862048071111,"ACDG_P052",50
"1056",3372.97044415571,"ACDG_P052",100
"1057",-245.108446932893,"ACDG_P052",25
"1058",2151.71715142336,"ACDG_P052",50
"1059",2807.88592872815,"ACDG_P052",100
"1060",-622.82368457687,"ACDG_P052",25
"1061",540.880690688529,"ACDG_P052",50
"1062",2745.89500119822,"ACDG_P052",100
"1063",403.007181177352,"ACDG_P052",25
"1064",-262.13764526599,"ACDG_P052",50
"1065",-491.375633370655,"ACDG_P052",100
"1066",200.802170646726,"ACDG_P052",25
"1067",-418.019309091353,"ACDG_P052",50
"1068",-266.396079193306,"ACDG_P052",100
"1069",-82.5382824174303,"ACDG_P052",25
"1070",224.93081159197,"ACDG_P052",50
"1071",3608.99722155652,"ACDG_P052",100
"1072",-750.71436168559,"ACDG_P052",25
"1073",-124.080016753142,"ACDG_P052",50
"1074",1019.97523200643,"ACDG_P052",100
"1075",-312.478263579193,"ACDG_P052",25
"1076",407.550143878092,"ACDG_P052",50
"1077",449.529597077344,"ACDG_P052",100
"1078",-299.799668274325,"ACDG_P052",25
"1079",1374.12294579233,"ACDG_P052",50
"1080",664.102080653276,"ACDG_P052",100
"1081",635.390725705976,"ACDG_P052",25
"1082",792.219596095674,"ACDG_P052",50
"1083",-115.866075330152,"ACDG_P052",100
"1084",-580.809634817706,"ACDG_P052",25
"1085",-403.058791190706,"ACDG_P052",50
"1086",1075.99875202222,"ACDG_P052",100
"1087",-311.950821167033,"ACDG_P052",25
"1088",-676.707143968961,"ACDG_P052",50
"1089",-79.4926539666485,"ACDG_P052",100
"1090",7113.94079485669,"ACDG_P052",25
"1091",2635.06312229717,"ACDG_P052",50
"1092",2013.18550280144,"ACDG_P052",100
"1093",128.196524903382,"ACDG_P052",25
"1094",-812.444667449337,"ACDG_P052",50
"1095",707.127747263323,"ACDG_P052",100
"1096",-301.978578515409,"ACDG_P052",25
"1097",-984.420431118022,"ACDG_P052",50
"1098",-371.864522574469,"ACDG_P052",100
"1099",-60.6917134790274,"ACDG_P052",25
"1100",3599.73839162223,"ACDG_P052",50
"1101",-546.153106452461,"ACDG_P052",100
"1102",-773.260916810192,"ACDG_P052",25
"1103",1545.72485552519,"ACDG_P052",50
"1104",-1372.46423667736,"ACDG_P052",100
"1105",118.627188796032,"ACDG_P052",25
"1106",3150.17179425794,"ACDG_P052",50
"1107",-1495.39885477157,"ACDG_P052",100
"1108",837.847923294757,"ACDG_P052",25
"1109",-731.227599653095,"ACDG_P052",50
"1110",-948.628753212251,"ACDG_P052",100
"1111",214.101369173179,"ACDG_P052",25
"1112",-348.016335815075,"ACDG_P052",50
"1113",1400.54409846439,"ACDG_P052",100
"1114",1843.84526615107,"ACDG_P052",25
"1115",445.15579206543,"ACDG_P052",50
"1116",11361.8307905794,"ACDG_P052",100
"1117",504.836436146579,"ACDG_P052",25
"1118",-913.099085683672,"ACDG_P052",50
"1119",397.196129853983,"ACDG_P052",100
"1120",-957.57527458595,"ACDG_P052",25
"1121",-1030.94012549843,"ACDG_P052",50
"1122",866.711065608775,"ACDG_P052",100
"1123",-566.096404619835,"ACDG_P052",25
"1124",1380.41730656533,"ACDG_P052",50
"1125",-469.177540484001,"ACDG_P052",100
"1126",7.89198357818532,"ACDG_P052",25
"1127",796.810041710967,"ACDG_P052",50
"1128",-890.035338987189,"ACDG_P052",100
"1129",661.573811600654,"ACDG_P052",25
"1130",-485.922038921679,"ACDG_P052",50
"1131",-827.201152693131,"ACDG_P052",100
"1132",-556.794474325754,"ACDG_P052",25
"1133",153.364211296226,"ACDG_P052",50
"1134",205.525407747511,"ACDG_P052",100
"1135",-487.341261984053,"ACDG_P052",25
"1136",-457.307948678645,"ACDG_P052",50
"1137",-824.987850242789,"ACDG_P052",100
"1138",1210.2841811484,"ACDG_P052",25
"1139",-708.634266145935,"ACDG_P052",50
"1140",4926.14890008871,"ACDG_P052",100
"1141",1032.83776849066,"ACDG_P052",25
"1142",873.041090306506,"ACDG_P052",50
"1143",-856.510049495089,"ACDG_P052",100
"1144",29.6935919821262,"ACDG_P052",25
"1145",-29.3697890165204,"ACDG_P052",50
"1146",-429.123836315266,"ACDG_P052",100
"1147",-726.449753538676,"ACDG_P052",25
"1148",-784.132239307568,"ACDG_P052",50
"1149",119.807928798749,"ACDG_P052",100
"1150",7438.82698434067,"ACDG_P052",25
"1151",693.735097777535,"ACDG_P052",50
"1152",438.134640698991,"ACDG_P052",100
"1153",-697.052189312439,"ACDG_P052",25
"1154",-587.807020924462,"ACDG_P052",50
"1155",-396.499709855299,"ACDG_P052",100
"1156",482.827138686785,"ACDG_P052",25
"1157",320.123295387864,"ACDG_P052",50
"1158",-781.000084725238,"ACDG_P052",100
"1159",2947.96914468511,"ACDG_P052",25
"1160",-142.425723630382,"ACDG_P052",50
"1161",4696.45724395924,"ACDG_P052",100
"1162",-400.921946247836,"ACDG_P052",25
"1163",2481.61003753424,"ACDG_P052",50
"1164",-869.69618641329,"ACDG_P052",100
"1165",6157.10735446506,"ACDG_P052",25
"1166",-520.666135894979,"ACDG_P052",50
"1167",7443.20814557653,"ACDG_P052",100
"1168",59.7629021458561,"ACDG_P052",25
"1169",-757.706863181986,"ACDG_P052",50
"1170",-356.245444819942,"ACDG_P052",100
"1171",1921.0612903896,"ACDG_P052",25
"1172",2613.09544950555,"ACDG_P052",50
"1173",1921.4324076458,"ACDG_P052",100
"1174",386.104019069957,"ACDG_P052",25
"1175",-1199.59999584281,"ACDG_P052",50
"1176",10.6464890017814,"ACDG_P052",100
"1177",274.45359229279,"ACDG_P052",25
"1178",308.388042880746,"ACDG_P052",50
"1179",940.055994321941,"ACDG_P052",100
"1180",567.79811838083,"ACDG_P052",25
"1181",904.469540750579,"ACDG_P052",50
"1182",7502.91627658252,"ACDG_P052",100
"1183",-151.507103249663,"ACDG_P052",25
"1184",66035.2980989346,"ACDG_P052",50
"1185",-519.310505903733,"ACDG_P052",100
"1186",514.388931382389,"ACDG_P052",25
"1187",-729.268850985158,"ACDG_P052",50
"1188",1909.35341982386,"ACDG_P052",100
"1189",307.89393438425,"ACDG_P052",25
"1190",-1335.35380790432,"ACDG_P052",50
"1191",-2.78090356171015,"ACDG_P052",100
"1192",-400.508793898654,"ACDG_P052",25
"1193",-216.096886097133,"ACDG_P052",50
"1194",1705.67099042967,"ACDG_P052",100
"1195",-838.439278642763,"ACDG_P052",25
"1196",769.794826101745,"ACDG_P052",50
"1197",8327.43133057677,"ACDG_P052",100
"1198",-5.08500872887089,"ACDG_P052",25
"1199",180.156289198872,"ACDG_P052",50
"1200",-798.590525567211,"ACDG_P052",100
"1201",-4.94765117764473e-10,"ACDG_P053",25
"1202",421.398504376208,"ACDG_P053",50
"1203",-27.4078590249119,"ACDG_P053",100
"1204",-4.94765117764473e-10,"ACDG_P053",25
"1205",44.5895151818404,"ACDG_P053",50
"1206",203.458887786313,"ACDG_P053",100
"1207",-4.94765117764473e-10,"ACDG_P053",25
"1208",188.566129554529,"ACDG_P053",50
"1209",1180.42613178634,"ACDG_P053",100
"1210",-4.94765117764473e-10,"ACDG_P053",25
"1211",2499.98202743518,"ACDG_P053",50
"1212",-170.634539587714,"ACDG_P053",100
"1213",-4.94765117764473e-10,"ACDG_P053",25
"1214",-24.3308500218263,"ACDG_P053",50
"1215",53.3659326062771,"ACDG_P053",100
"1216",-4.94765117764473e-10,"ACDG_P053",25
"1217",646.290126014734,"ACDG_P053",50
"1218",-231.137110702985,"ACDG_P053",100
"1219",-4.94765117764473e-10,"ACDG_P053",25
"1220",574.380320391181,"ACDG_P053",50
"1221",601.155689654814,"ACDG_P053",100
"1222",-4.94765117764473e-10,"ACDG_P053",25
"1223",91.2759286728688,"ACDG_P053",50
"1224",1995.1657753053,"ACDG_P053",100
"1225",-4.94765117764473e-10,"ACDG_P053",25
"1226",-10.0880447629606,"ACDG_P053",50
"1227",-12.9894874256279,"ACDG_P053",100
"1228",-4.94765117764473e-10,"ACDG_P053",25
"1229",32.3389512484428,"ACDG_P053",50
"1230",425.039647560567,"ACDG_P053",100
"1231",-4.94765117764473e-10,"ACDG_P053",25
"1232",737.875428316678,"ACDG_P053",50
"1233",115.137888717669,"ACDG_P053",100
"1234",-4.94765117764473e-10,"ACDG_P053",25
"1235",12.4624231816269,"ACDG_P053",50
"1236",180.284074774536,"ACDG_P053",100
"1237",-4.94765117764473e-10,"ACDG_P053",25
"1238",-174.580924651265,"ACDG_P053",50
"1239",397.529272659303,"ACDG_P053",100
"1240",-4.94765117764473e-10,"ACDG_P053",25
"1241",-159.307456903509,"ACDG_P053",50
"1242",2388.14598102457,"ACDG_P053",100
"1243",-4.94765117764473e-10,"ACDG_P053",25
"1244",-168.230167348549,"ACDG_P053",50
"1245",-107.586535849056,"ACDG_P053",100
"1246",-4.94765117764473e-10,"ACDG_P053",25
"1247",166.531184759166,"ACDG_P053",50
"1248",120.708860368817,"ACDG_P053",100
"1249",-4.94765117764473e-10,"ACDG_P053",25
"1250",388.966358104459,"ACDG_P053",50
"1251",-254.674103241035,"ACDG_P053",100
"1252",-4.94765117764473e-10,"ACDG_P053",25
"1253",36.7333975941001,"ACDG_P053",50
"1254",135.675165823079,"ACDG_P053",100
"1255",-4.94765117764473e-10,"ACDG_P053",25
"1256",-49.0640468820056,"ACDG_P053",50
"1257",-248.291548369481,"ACDG_P053",100
"1258",-4.94765117764473e-10,"ACDG_P053",25
"1259",373.343358133949,"ACDG_P053",50
"1260",368.443582835549,"ACDG_P053",100
"1261",-4.94765117764473e-10,"ACDG_P053",25
"1262",-125.839596259757,"ACDG_P053",50
"1263",461.086360587913,"ACDG_P053",100
"1264",-4.94765117764473e-10,"ACDG_P053",25
"1265",-7.96862575216801,"ACDG_P053",50
"1266",339.438768060674,"ACDG_P053",100
"1267",-4.94765117764473e-10,"ACDG_P053",25
"1268",-159.307456903509,"ACDG_P053",50
"1269",1469.79716693304,"ACDG_P053",100
"1270",-4.94765117764473e-10,"ACDG_P053",25
"1271",161.452152141486,"ACDG_P053",50
"1272",4016.17803904845,"ACDG_P053",100
"1273",-4.94765117764473e-10,"ACDG_P053",25
"1274",53.3502508067759,"ACDG_P053",50
"1275",2542.41495196463,"ACDG_P053",100
"1276",-4.94765117764473e-10,"ACDG_P053",25
"1277",369.474616694381,"ACDG_P053",50
"1278",7713.27845866626,"ACDG_P053",100
"1279",-4.94765117764473e-10,"ACDG_P053",25
"1280",-208.068537887273,"ACDG_P053",50
"1281",338.95138263941,"ACDG_P053",100
"1282",-4.94765117764473e-10,"ACDG_P053",25
"1283",73.4304986598436,"ACDG_P053",50
"1284",33.6073433125275,"ACDG_P053",100
"1285",-4.94765117764473e-10,"ACDG_P053",25
"1286",4084.40920735523,"ACDG_P053",50
"1287",405.873033613811,"ACDG_P053",100
"1288",-4.94765117764473e-10,"ACDG_P053",25
"1289",-206.044125289132,"ACDG_P053",50
"1290",456.666676296154,"ACDG_P053",100
"1291",-4.94765117764473e-10,"ACDG_P053",25
"1292",3730.16712910929,"ACDG_P053",50
"1293",5419.15891310002,"ACDG_P053",100
"1294",-4.94765117764473e-10,"ACDG_P053",25
"1295",356.378108838049,"ACDG_P053",50
"1296",238.152491941815,"ACDG_P053",100
"1297",-4.94765117764473e-10,"ACDG_P053",25
"1298",247.631230709027,"ACDG_P053",50
"1299",-151.623519142944,"ACDG_P053",100
"1300",-4.94765117764473e-10,"ACDG_P053",25
"1301",-191.582621915441,"ACDG_P053",50
"1302",-194.031988980743,"ACDG_P053",100
"1303",-4.94765117764473e-10,"ACDG_P053",25
"1304",-194.178674447583,"ACDG_P053",50
"1305",1217.536411988,"ACDG_P053",100
"1306",-4.94765117764473e-10,"ACDG_P053",25
"1307",161.756573858031,"ACDG_P053",50
"1308",822.169883930648,"ACDG_P053",100
"1309",-4.94765117764473e-10,"ACDG_P053",25
"1310",-178.046009441256,"ACDG_P053",50
"1311",-70.3183515906567,"ACDG_P053",100
"1312",-4.94765117764473e-10,"ACDG_P053",25
"1313",-195.035742530279,"ACDG_P053",50
"1314",-11.9277043858601,"ACDG_P053",100
"1315",-4.94765117764473e-10,"ACDG_P053",25
"1316",1784.27285568233,"ACDG_P053",50
"1317",-6.2806760899548,"ACDG_P053",100
"1318",-4.94765117764473e-10,"ACDG_P053",25
"1319",68.112192922039,"ACDG_P053",50
"1320",-49.9471847994428,"ACDG_P053",100
"1321",-4.94765117764473e-10,"ACDG_P053",25
"1322",4243.41966708566,"ACDG_P053",50
"1323",3470.82457676495,"ACDG_P053",100
"1324",-4.94765117764473e-10,"ACDG_P053",25
"1325",203.477914918098,"ACDG_P053",50
"1326",402.122719644685,"ACDG_P053",100
"1327",-4.94765117764473e-10,"ACDG_P053",25
"1328",963.418924451369,"ACDG_P053",50
"1329",476.415234257292,"ACDG_P053",100
"1330",-4.94765117764473e-10,"ACDG_P053",25
"1331",4272.16295940167,"ACDG_P053",50
"1332",4747.02652352003,"ACDG_P053",100
"1333",-4.94765117764473e-10,"ACDG_P053",25
"1334",261.345389211609,"ACDG_P053",50
"1335",1204.16671033873,"ACDG_P053",100
"1336",-4.94765117764473e-10,"ACDG_P053",25
"1337",43.7393913200067,"ACDG_P053",50
"1338",2460.40774549561,"ACDG_P053",100
"1339",-4.94765117764473e-10,"ACDG_P053",25
"1340",98.2134105382138,"ACDG_P053",50
"1341",-174.037910060782,"ACDG_P053",100
"1342",-4.94765117764473e-10,"ACDG_P053",25
"1343",-50.9598758788488,"ACDG_P053",50
"1344",5.24844326564926,"ACDG_P053",100
"1345",-4.94765117764473e-10,"ACDG_P053",25
"1346",73.7920780492132,"ACDG_P053",50
"1347",454.053389675217,"ACDG_P053",100
"1348",-4.94765117764473e-10,"ACDG_P053",25
"1349",-131.263773299725,"ACDG_P053",50
"1350",-40.7473963497905,"ACDG_P053",100
"1351",-4.94765117764473e-10,"ACDG_P053",25
"1352",115.837601538224,"ACDG_P053",50
"1353",33.6832763756393,"ACDG_P053",100
"1354",-4.94765117764473e-10,"ACDG_P053",25
"1355",421.609287626954,"ACDG_P053",50
"1356",31.2130567882559,"ACDG_P053",100
"1357",-4.94765117764473e-10,"ACDG_P053",25
"1358",-19.4865679827635,"ACDG_P053",50
"1359",1508.6343745233,"ACDG_P053",100
"1360",-4.94765117764473e-10,"ACDG_P053",25
"1361",-211.577481472341,"ACDG_P053",50
"1362",789.172323809791,"ACDG_P053",100
"1363",-4.94765117764473e-10,"ACDG_P053",25
"1364",16.8367678404029,"ACDG_P053",50
"1365",28.6458926586492,"ACDG_P053",100
"1366",-4.94765117764473e-10,"ACDG_P053",25
"1367",107.618809362728,"ACDG_P053",50
"1368",306.90771312319,"ACDG_P053",100
"1369",-4.94765117764473e-10,"ACDG_P053",25
"1370",105.367613465613,"ACDG_P053",50
"1371",111.335934180126,"ACDG_P053",100
"1372",-4.94765117764473e-10,"ACDG_P053",25
"1373",-187.729869691306,"ACDG_P053",50
"1374",262.31676913565,"ACDG_P053",100
"1375",-4.94765117764473e-10,"ACDG_P053",25
"1376",378.407917690056,"ACDG_P053",50
"1377",-19.3066278622719,"ACDG_P053",100
"1378",-4.94765117764473e-10,"ACDG_P053",25
"1379",75.8569460252766,"ACDG_P053",50
"1380",-25.6301747314865,"ACDG_P053",100
"1381",-4.94765117764473e-10,"ACDG_P053",25
"1382",508.182679110556,"ACDG_P053",50
"1383",626.179063180054,"ACDG_P053",100
"1384",-4.94765117764473e-10,"ACDG_P053",25
"1385",1340.40988801597,"ACDG_P053",50
"1386",4201.11411451141,"ACDG_P053",100
"1387",-4.94765117764473e-10,"ACDG_P053",25
"1388",192.638224024558,"ACDG_P053",50
"1389",-111.605882669479,"ACDG_P053",100
"1390",-4.94765117764473e-10,"ACDG_P053",25
"1391",3.73583747324301,"ACDG_P053",50
"1392",-155.988161538233,"ACDG_P053",100
"1393",-4.94765117764473e-10,"ACDG_P053",25
"1394",108.246437186695,"ACDG_P053",50
"1395",417.222196786373,"ACDG_P053",100
"1396",-4.94765117764473e-10,"ACDG_P053",25
"1397",-166.889539360651,"ACDG_P053",50
"1398",-204.75586063505,"ACDG_P053",100
"1399",-4.94765117764473e-10,"ACDG_P053",25
"1400",-208.068537887273,"ACDG_P053",50
"1401",563.316425029217,"ACDG_P053",100
"1402",-4.94765117764473e-10,"ACDG_P053",25
"1403",-109.819767684501,"ACDG_P053",50
"1404",69.3036177290487,"ACDG_P053",100
"1405",-4.94765117764473e-10,"ACDG_P053",25
"1406",5320.41089332793,"ACDG_P053",50
"1407",-12.9816956834693,"ACDG_P053",100
"1408",-4.94765117764473e-10,"ACDG_P053",25
"1409",2151.65952677699,"ACDG_P053",50
"1410",4472.65104145804,"ACDG_P053",100
"1411",-4.94765117764473e-10,"ACDG_P053",25
"1412",131.447643871594,"ACDG_P053",50
"1413",662.387554144545,"ACDG_P053",100
"1414",-4.94765117764473e-10,"ACDG_P053",25
"1415",-211.577481472341,"ACDG_P053",50
"1416",-104.753236638819,"ACDG_P053",100
"1417",-4.94765117764473e-10,"ACDG_P053",25
"1418",-156.86210013277,"ACDG_P053",50
"1419",-32.2014885229873,"ACDG_P053",100
"1420",-4.94765117764473e-10,"ACDG_P053",25
"1421",35.3819413859164,"ACDG_P053",50
"1422",2464.48988544589,"ACDG_P053",100
"1423",-4.94765117764473e-10,"ACDG_P053",25
"1424",606.88694756254,"ACDG_P053",50
"1425",288.423244543024,"ACDG_P053",100
"1426",-4.94765117764473e-10,"ACDG_P053",25
"1427",161.020915415866,"ACDG_P053",50
"1428",-230.46347001486,"ACDG_P053",100
"1429",-4.94765117764473e-10,"ACDG_P053",25
"1430",-127.785682648188,"ACDG_P053",50
"1431",487.931627716869,"ACDG_P053",100
"1432",-4.94765117764473e-10,"ACDG_P053",25
"1433",309.884049497603,"ACDG_P053",50
"1434",-1.01437563117361,"ACDG_P053",100
"1435",-4.94765117764473e-10,"ACDG_P053",25
"1436",574.380320391181,"ACDG_P053",50
"1437",1319.77560313404,"ACDG_P053",100
"1438",-4.94765117764473e-10,"ACDG_P053",25
"1439",2669.15962660938,"ACDG_P053",50
"1440",-62.4805414379516,"ACDG_P053",100
"1441",-4.94765117764473e-10,"ACDG_P053",25
"1442",-207.873672775575,"ACDG_P053",50
"1443",121.775177559466,"ACDG_P053",100
"1444",-4.94765117764473e-10,"ACDG_P053",25
"1445",56.8797401353368,"ACDG_P053",50
"1446",2.69823929143604,"ACDG_P053",100
"1447",-4.94765117764473e-10,"ACDG_P053",25
"1448",-121.188269676408,"ACDG_P053",50
"1449",-185.033126540715,"ACDG_P053",100
"1450",-4.94765117764473e-10,"ACDG_P053",25
"1451",220.095521580341,"ACDG_P053",50
"1452",698.86698738992,"ACDG_P053",100
"1453",-4.94765117764473e-10,"ACDG_P053",25
"1454",-218.033347476943,"ACDG_P053",50
"1455",998.80086583778,"ACDG_P053",100
"1456",-4.94765117764473e-10,"ACDG_P053",25
"1457",-101.061194068461,"ACDG_P053",50
"1458",2607.96064132807,"ACDG_P053",100
"1459",-4.94765117764473e-10,"ACDG_P053",25
"1460",-219.702533561009,"ACDG_P053",50
"1461",-234.070420710923,"ACDG_P053",100
"1462",-4.94765117764473e-10,"ACDG_P053",25
"1463",40.5469584380044,"ACDG_P053",50
"1464",9805.17923502348,"ACDG_P053",100
"1465",-4.94765117764473e-10,"ACDG_P053",25
"1466",348.096569967311,"ACDG_P053",50
"1467",591.969075184548,"ACDG_P053",100
"1468",-4.94765117764473e-10,"ACDG_P053",25
"1469",-209.024426948832,"ACDG_P053",50
"1470",2276.95004501866,"ACDG_P053",100
"1471",-4.94765117764473e-10,"ACDG_P053",25
"1472",772.115748986078,"ACDG_P053",50
"1473",5968.78296355746,"ACDG_P053",100
"1474",-4.94765117764473e-10,"ACDG_P053",25
"1475",1154.92144482961,"ACDG_P053",50
"1476",-102.354616724246,"ACDG_P053",100
"1477",-4.94765117764473e-10,"ACDG_P053",25
"1478",3544.67868592293,"ACDG_P053",50
"1479",-116.3660471045,"ACDG_P053",100
"1480",-4.94765117764473e-10,"ACDG_P053",25
"1481",903.086290373089,"ACDG_P053",50
"1482",-172.823477980652,"ACDG_P053",100
"1483",-4.94765117764473e-10,"ACDG_P053",25
"1484",188.835186103126,"ACDG_P053",50
"1485",-60.3880698121211,"ACDG_P053",100
"1486",-4.94765117764473e-10,"ACDG_P053",25
"1487",-166.889539360651,"ACDG_P053",50
"1488",-114.729197767534,"ACDG_P053",100
"1489",-4.94765117764473e-10,"ACDG_P053",25
"1490",-224.39550542194,"ACDG_P053",50
"1491",1002.72991866519,"ACDG_P053",100
"1492",-4.94765117764473e-10,"ACDG_P053",25
"1493",-3.95907863418688,"ACDG_P053",50
"1494",234.105675675208,"ACDG_P053",100
"1495",-4.94765117764473e-10,"ACDG_P053",25
"1496",-219.142626353307,"ACDG_P053",50
"1497",2616.72137695298,"ACDG_P053",100
"1498",-4.94765117764473e-10,"ACDG_P053",25
"1499",170.889665651717,"ACDG_P053",50
"1500",211.197409638611,"ACDG_P053",100
"1501",-1056.08953405626,"ACDG_P055",25
"1502",-395.348753224127,"ACDG_P055",50
"1503",-2408.53607768926,"ACDG_P055",100
"1504",-359.289248575922,"ACDG_P055",25
"1505",-2516.07613641227,"ACDG_P055",50
"1506",-2254.87875547167,"ACDG_P055",100
"1507",-1196.60296121612,"ACDG_P055",25
"1508",-431.55446777062,"ACDG_P055",50
"1509",-2298.90144851361,"ACDG_P055",100
"1510",-780.007072141278,"ACDG_P055",25
"1511",-1176.16449367179,"ACDG_P055",50
"1512",-2444.66993645165,"ACDG_P055",100
"1513",-618.290578954387,"ACDG_P055",25
"1514",-2381.31742672308,"ACDG_P055",50
"1515",-936.08391976112,"ACDG_P055",100
"1516",-1060.65046469489,"ACDG_P055",25
"1517",-1202.39256473299,"ACDG_P055",50
"1518",-1484.97535504133,"ACDG_P055",100
"1519",-702.657704579062,"ACDG_P055",25
"1520",-1852.52121689951,"ACDG_P055",50
"1521",-2399.73141666007,"ACDG_P055",100
"1522",-264.284634870826,"ACDG_P055",25
"1523",-838.336952325713,"ACDG_P055",50
"1524",-2206.28210043657,"ACDG_P055",100
"1525",-1151.01245137275,"ACDG_P055",25
"1526",-1411.37350924022,"ACDG_P055",50
"1527",-2715.88529891864,"ACDG_P055",100
"1528",-969.77640690899,"ACDG_P055",25
"1529",-1761.42240459583,"ACDG_P055",50
"1530",-1225.5227117262,"ACDG_P055",100
"1531",345.61002114549,"ACDG_P055",25
"1532",-1814.35792025225,"ACDG_P055",50
"1533",-2194.5240420975,"ACDG_P055",100
"1534",-1350.43331831432,"ACDG_P055",25
"1535",-2211.83611094207,"ACDG_P055",50
"1536",-680.329610995715,"ACDG_P055",100
"1537",-1019.59648544074,"ACDG_P055",25
"1538",-1083.42921013234,"ACDG_P055",50
"1539",-2851.02537130797,"ACDG_P055",100
"1540",1028.36811367184,"ACDG_P055",25
"1541",-1048.5720150969,"ACDG_P055",50
"1542",-2493.96677980683,"ACDG_P055",100
"1543",-507.827744131733,"ACDG_P055",25
"1544",-1312.62827836198,"ACDG_P055",50
"1545",-2636.13867809024,"ACDG_P055",100
"1546",-18.388405359583,"ACDG_P055",25
"1547",-1499.61281401757,"ACDG_P055",50
"1548",802.594391215651,"ACDG_P055",100
"1549",-1013.49212277873,"ACDG_P055",25
"1550",-2320.94857828127,"ACDG_P055",50
"1551",-1724.57863911643,"ACDG_P055",100
"1552",185.149893413822,"ACDG_P055",25
"1553",-1609.5066143857,"ACDG_P055",50
"1554",76.9883219720214,"ACDG_P055",100
"1555",-462.120776359632,"ACDG_P055",25
"1556",-1566.55245857651,"ACDG_P055",50
"1557",-2845.93655072793,"ACDG_P055",100
"1558",-862.234560810146,"ACDG_P055",25
"1559",-1451.19788203947,"ACDG_P055",50
"1560",-1698.02532437065,"ACDG_P055",100
"1561",2150.96624204487,"ACDG_P055",25
"1562",-1740.57326575031,"ACDG_P055",50
"1563",-2149.11839716969,"ACDG_P055",100
"1564",-344.348070334352,"ACDG_P055",25
"1565",-1472.84866248391,"ACDG_P055",50
"1566",-2495.21627109597,"ACDG_P055",100
"1567",-461.861802942993,"ACDG_P055",25
"1568",2147.91600616055,"ACDG_P055",50
"1569",-1842.30428206368,"ACDG_P055",100
"1570",1860.91211671749,"ACDG_P055",25
"1571",-1804.2887292899,"ACDG_P055",50
"1572",-2092.14149399567,"ACDG_P055",100
"1573",490.677817721269,"ACDG_P055",25
"1574",-1827.23763725354,"ACDG_P055",50
"1575",-202.615774167352,"ACDG_P055",100
"1576",-1153.7654352049,"ACDG_P055",25
"1577",-1002.76352581254,"ACDG_P055",50
"1578",-1452.03476866684,"ACDG_P055",100
"1579",-1122.42801322439,"ACDG_P055",25
"1580",-1526.70870563661,"ACDG_P055",50
"1581",-1579.40711630805,"ACDG_P055",100
"1582",-1316.74860676174,"ACDG_P055",25
"1583",-1270.53825894749,"ACDG_P055",50
"1584",-2545.28389246837,"ACDG_P055",100
"1585",888.791073948494,"ACDG_P055",25
"1586",-1524.06302774086,"ACDG_P055",50
"1587",1553.71557788801,"ACDG_P055",100
"1588",-1280.46087512083,"ACDG_P055",25
"1589",-1472.01757215726,"ACDG_P055",50
"1590",-1581.27586618793,"ACDG_P055",100
"1591",290.536245692056,"ACDG_P055",25
"1592",1282.95870219078,"ACDG_P055",50
"1593",5338.39283080125,"ACDG_P055",100
"1594",749.642902684631,"ACDG_P055",25
"1595",-63.1187888976419,"ACDG_P055",50
"1596",-2695.1383696486,"ACDG_P055",100
"1597",-1347.05428782664,"ACDG_P055",25
"1598",-831.998117138923,"ACDG_P055",50
"1599",-2021.53124837409,"ACDG_P055",100
"1600",661.068840520049,"ACDG_P055",25
"1601",-2099.57886954682,"ACDG_P055",50
"1602",3871.72846436262,"ACDG_P055",100
"1603",-1334.84049890371,"ACDG_P055",25
"1604",-2373.4621946002,"ACDG_P055",50
"1605",-358.631911455886,"ACDG_P055",100
"1606",-854.997458227503,"ACDG_P055",25
"1607",-1393.20538475533,"ACDG_P055",50
"1608",-2188.16762924165,"ACDG_P055",100
"1609",-1171.07992627326,"ACDG_P055",25
"1610",-2204.96572383487,"ACDG_P055",50
"1611",-2336.07314703992,"ACDG_P055",100
"1612",-491.789561877085,"ACDG_P055",25
"1613",1220.12764545635,"ACDG_P055",50
"1614",-2852.77390816703,"ACDG_P055",100
"1615",-1083.94306513167,"ACDG_P055",25
"1616",-1603.79829250637,"ACDG_P055",50
"1617",3055.955255632,"ACDG_P055",100
"1618",-1207.62150280247,"ACDG_P055",25
"1619",-1531.51907566056,"ACDG_P055",50
"1620",-1768.35978518013,"ACDG_P055",100
"1621",-1110.88223064103,"ACDG_P055",25
"1622",-1601.87600277801,"ACDG_P055",50
"1623",-966.663895513339,"ACDG_P055",100
"1624",-484.09973610437,"ACDG_P055",25
"1625",-1417.0382311843,"ACDG_P055",50
"1626",-2173.62836963101,"ACDG_P055",100
"1627",-522.285415723978,"ACDG_P055",25
"1628",-1656.83828319376,"ACDG_P055",50
"1629",-389.014055496256,"ACDG_P055",100
"1630",-1284.7936538494,"ACDG_P055",25
"1631",3616.55218939361,"ACDG_P055",50
"1632",-2742.32365283289,"ACDG_P055",100
"1633",62.5988918461371,"ACDG_P055",25
"1634",-2448.1693715966,"ACDG_P055",50
"1635",-2545.93955095107,"ACDG_P055",100
"1636",-998.912839327182,"ACDG_P055",25
"1637",-337.491415774683,"ACDG_P055",50
"1638",-2217.26787759428,"ACDG_P055",100
"1639",-490.062730460311,"ACDG_P055",25
"1640",-1746.32262961025,"ACDG_P055",50
"1641",1053.24685100367,"ACDG_P055",100
"1642",-1297.07745968219,"ACDG_P055",25
"1643",791.653323567298,"ACDG_P055",50
"1644",-2561.55994754471,"ACDG_P055",100
"1645",-1133.83762336848,"ACDG_P055",25
"1646",-1487.02187871095,"ACDG_P055",50
"1647",-2558.79542641348,"ACDG_P055",100
"1648",-1109.638709903,"ACDG_P055",25
"1649",-423.22168114793,"ACDG_P055",50
"1650",-1332.33282720845,"ACDG_P055",100
"1651",-936.013725700963,"ACDG_P055",25
"1652",-658.191127737577,"ACDG_P055",50
"1653",-2613.37297908223,"ACDG_P055",100
"1654",-944.170674809138,"ACDG_P055",25
"1655",-1915.55224459281,"ACDG_P055",50
"1656",-33.4064257966238,"ACDG_P055",100
"1657",-442.344923197874,"ACDG_P055",25
"1658",-1038.34140829864,"ACDG_P055",50
"1659",-243.519481240015,"ACDG_P055",100
"1660",-515.7982926275,"ACDG_P055",25
"1661",-1051.02137912315,"ACDG_P055",50
"1662",-2845.90233515145,"ACDG_P055",100
"1663",-469.600615406409,"ACDG_P055",25
"1664",860.144036623009,"ACDG_P055",50
"1665",-2337.03535492561,"ACDG_P055",100
"1666",-40.654205123079,"ACDG_P055",25
"1667",-2303.87836564332,"ACDG_P055",50
"1668",-1231.7113961943,"ACDG_P055",100
"1669",-1178.08440993889,"ACDG_P055",25
"1670",-901.339667804481,"ACDG_P055",50
"1671",-213.773126418062,"ACDG_P055",100
"1672",-1289.34981051186,"ACDG_P055",25
"1673",-1168.86583235278,"ACDG_P055",50
"1674",-1659.02130795206,"ACDG_P055",100
"1675",40.2394960606471,"ACDG_P055",25
"1676",-1513.91316980071,"ACDG_P055",50
"1677",7305.03676093085,"ACDG_P055",100
"1678",2575.04481342103,"ACDG_P055",25
"1679",-1706.29955459671,"ACDG_P055",50
"1680",-2539.57195206243,"ACDG_P055",100
"1681",-1207.62150280247,"ACDG_P055",25
"1682",-2337.78328214574,"ACDG_P055",50
"1683",-2424.50615533564,"ACDG_P055",100
"1684",265.84765327163,"ACDG_P055",25
"1685",-1116.56916905381,"ACDG_P055",50
"1686",-460.335288975446,"ACDG_P055",100
"1687",-307.794231114734,"ACDG_P055",25
"1688",-1157.01447437576,"ACDG_P055",50
"1689",-2584.87521797477,"ACDG_P055",100
"1690",-1285.8686961612,"ACDG_P055",25
"1691",438.235312074888,"ACDG_P055",50
"1692",-2516.22868089291,"ACDG_P055",100
"1693",-3.53047337493626,"ACDG_P055",25
"1694",-2186.54614880617,"ACDG_P055",50
"1695",10856.3663576379,"ACDG_P055",100
"1696",-344.348070334352,"ACDG_P055",25
"1697",-2382.64333455695,"ACDG_P055",50
"1698",1328.32119181834,"ACDG_P055",100
"1699",15.7643307262333,"ACDG_P055",25
"1700",-2455.25452722237,"ACDG_P055",50
"1701",9988.09351166605,"ACDG_P055",100
"1702",-1069.16449660144,"ACDG_P055",25
"1703",-983.013515163155,"ACDG_P055",50
"1704",-2869.60609525448,"ACDG_P055",100
"1705",414.349248578597,"ACDG_P055",25
"1706",-122.081069326727,"ACDG_P055",50
"1707",-829.530011995579,"ACDG_P055",100
"1708",-351.823139183398,"ACDG_P055",25
"1709",-2247.76660547574,"ACDG_P055",50
"1710",-2833.79204882501,"ACDG_P055",100
"1711",-279.012062781432,"ACDG_P055",25
"1712",-1306.64448748704,"ACDG_P055",50
"1713",-1658.0920534067,"ACDG_P055",100
"1714",-1104.96902278933,"ACDG_P055",25
"1715",-1421.65759838891,"ACDG_P055",50
"1716",-2768.87672995409,"ACDG_P055",100
"1717",-510.157274495752,"ACDG_P055",25
"1718",-1313.83046015998,"ACDG_P055",50
"1719",-2618.93199582747,"ACDG_P055",100
"1720",-920.619660041062,"ACDG_P055",25
"1721",-2462.43519213854,"ACDG_P055",50
"1722",-2692.9134380208,"ACDG_P055",100
"1723",-1266.20794453466,"ACDG_P055",25
"1724",-123.561401838728,"ACDG_P055",50
"1725",-1410.21894025349,"ACDG_P055",100
"1726",-359.289248575922,"ACDG_P055",25
"1727",-1377.01461823174,"ACDG_P055",50
"1728",1129.32344829396,"ACDG_P055",100
"1729",5489.1791074283,"ACDG_P055",25
"1730",-1077.36389930826,"ACDG_P055",50
"1731",-2781.60991452652,"ACDG_P055",100
"1732",-1097.96412373293,"ACDG_P055",25
"1733",-1765.40003020671,"ACDG_P055",50
"1734",-2393.90951566934,"ACDG_P055",100
"1735",-356.080449008849,"ACDG_P055",25
"1736",-2011.73866314598,"ACDG_P055",50
"1737",-1250.86968355603,"ACDG_P055",100
"1738",-1011.25508606178,"ACDG_P055",25
"1739",-241.070493171923,"ACDG_P055",50
"1740",-1873.23833339405,"ACDG_P055",100
"1741",-1326.95253004046,"ACDG_P055",25
"1742",-962.608866864233,"ACDG_P055",50
"1743",-2540.49549864308,"ACDG_P055",100
"1744",1004.21043445054,"ACDG_P055",25
"1745",885.629226644756,"ACDG_P055",50
"1746",-2595.1977400328,"ACDG_P055",100
"1747",-1174.43700633897,"ACDG_P055",25
"1748",-1323.79655931855,"ACDG_P055",50
"1749",-2399.35757325595,"ACDG_P055",100
"1750",-901.818482807139,"ACDG_P055",25
"1751",-1654.49301882245,"ACDG_P055",50
"1752",-2267.38672067563,"ACDG_P055",100
"1753",-805.600948812265,"ACDG_P055",25
"1754",-1216.66810560517,"ACDG_P055",50
"1755",-2359.0861095626,"ACDG_P055",100
"1756",-105.571903704491,"ACDG_P055",25
"1757",86.5516641628928,"ACDG_P055",50
"1758",-1861.29723260464,"ACDG_P055",100
"1759",-1142.61706565018,"ACDG_P055",25
"1760",-1771.98857922474,"ACDG_P055",50
"1761",1370.9639671038,"ACDG_P055",100
"1762",-1329.71368588926,"ACDG_P055",25
"1763",-1532.37114972289,"ACDG_P055",50
"1764",-1002.85891262209,"ACDG_P055",100
"1765",-822.918998127279,"ACDG_P055",25
"1766",234.702813043841,"ACDG_P055",50
"1767",-2931.53787938063,"ACDG_P055",100
"1768",-1357.34798973222,"ACDG_P055",25
"1769",-1589.56065969833,"ACDG_P055",50
"1770",-1427.56049686664,"ACDG_P055",100
"1771",-1089.49072370015,"ACDG_P055",25
"1772",-1776.2064369396,"ACDG_P055",50
"1773",-2467.73845804232,"ACDG_P055",100
"1774",-433.462452456995,"ACDG_P055",25
"1775",-976.791599771008,"ACDG_P055",50
"1776",-520.405747792101,"ACDG_P055",100
"1777",-335.49168182374,"ACDG_P055",25
"1778",-1100.71052991814,"ACDG_P055",50
"1779",-2890.57323629066,"ACDG_P055",100
"1780",-310.7315745214,"ACDG_P055",25
"1781",-2018.48169045802,"ACDG_P055",50
"1782",-2896.89542031783,"ACDG_P055",100
"1783",-8.97266232303809,"ACDG_P055",25
"1784",231.676399603602,"ACDG_P055",50
"1785",-2627.29221663822,"ACDG_P055",100
"1786",-1060.65046469489,"ACDG_P055",25
"1787",-1471.85793565423,"ACDG_P055",50
"1788",-2105.10852997802,"ACDG_P055",100
"1789",-95.2931467583403,"ACDG_P055",25
"1790",-1417.4504450864,"ACDG_P055",50
"1791",922.945140191878,"ACDG_P055",100
"1792",1483.07698948,"ACDG_P055",25
"1793",2352.85786147125,"ACDG_P055",50
"1794",-2754.65218463074,"ACDG_P055",100
"1795",265.84765327163,"ACDG_P055",25
"1796",2425.15568166488,"ACDG_P055",50
"1797",-2432.59756632306,"ACDG_P055",100
"1798",-1147.25834608427,"ACDG_P055",25
"1799",-1552.47228041873,"ACDG_P055",50
"1800",-2550.53733897622,"ACDG_P055",100
"1801",-2068.64457497717,"CAFI_P001",25
"1802",-464.716936133802,"CAFI_P001",50
"1803",-1592.90294932155,"CAFI_P001",100
"1804",-1934.01309208194,"CAFI_P001",25
"1805",2145.46347019103,"CAFI_P001",50
"1806",-2647.55275362692,"CAFI_P001",100
"1807",745.754412274604,"CAFI_P001",25
"1808",-824.367409288039,"CAFI_P001",50
"1809",-2088.35403417776,"CAFI_P001",100
"1810",-432.650674817356,"CAFI_P001",25
"1811",420.431814179901,"CAFI_P001",50
"1812",-2096.32171492968,"CAFI_P001",100
"1813",121.868363083398,"CAFI_P001",25
"1814",11085.0295840426,"CAFI_P001",50
"1815",-3011.33573857043,"CAFI_P001",100
"1816",5.81816426361911,"CAFI_P001",25
"1817",5712.53077615364,"CAFI_P001",50
"1818",1917.64778832931,"CAFI_P001",100
"1819",-155.953996443219,"CAFI_P001",25
"1820",-2004.35444264053,"CAFI_P001",50
"1821",3309.9987713767,"CAFI_P001",100
"1822",4967.85324961637,"CAFI_P001",25
"1823",-141.821194292803,"CAFI_P001",50
"1824",4944.21101163686,"CAFI_P001",100
"1825",-166.310708647798,"CAFI_P001",25
"1826",4816.48737367164,"CAFI_P001",50
"1827",-1665.55155663969,"CAFI_P001",100
"1828",-313.99586494625,"CAFI_P001",25
"1829",-346.567283977318,"CAFI_P001",50
"1830",7168.55932726225,"CAFI_P001",100
"1831",-1714.97525986459,"CAFI_P001",25
"1832",-193.189501401474,"CAFI_P001",50
"1833",12367.6451645009,"CAFI_P001",100
"1834",-132.775718258228,"CAFI_P001",25
"1835",2271.63663252289,"CAFI_P001",50
"1836",-2818.03244422821,"CAFI_P001",100
"1837",-2410.6230424885,"CAFI_P001",25
"1838",-497.064005613356,"CAFI_P001",50
"1839",10118.4224340627,"CAFI_P001",100
"1840",-2032.54747894665,"CAFI_P001",25
"1841",-1857.4465330494,"CAFI_P001",50
"1842",2048.2479649765,"CAFI_P001",100
"1843",-56.2875492819003,"CAFI_P001",25
"1844",-701.815988427756,"CAFI_P001",50
"1845",1826.98709031669,"CAFI_P001",100
"1846",1451.92853407344,"CAFI_P001",25
"1847",-592.266981188382,"CAFI_P001",50
"1848",3531.06138092399,"CAFI_P001",100
"1849",-35.3070703959966,"CAFI_P001",25
"1850",8.40324746072292,"CAFI_P001",50
"1851",4576.35126559288,"CAFI_P001",100
"1852",531.117694352753,"CAFI_P001",25
"1853",-382.834835219663,"CAFI_P001",50
"1854",1424.04909644221,"CAFI_P001",100
"1855",-340.455044431961,"CAFI_P001",25
"1856",589.826000538014,"CAFI_P001",50
"1857",-1689.95107379789,"CAFI_P001",100
"1858",169.986953338928,"CAFI_P001",25
"1859",1941.14973174033,"CAFI_P001",50
"1860",-1235.44741015852,"CAFI_P001",100
"1861",1230.51557462753,"CAFI_P001",25
"1862",42.1907713073888,"CAFI_P001",50
"1863",-931.893869443156,"CAFI_P001",100
"1864",3639.66266464393,"CAFI_P001",25
"1865",74.0851756522607,"CAFI_P001",50
"1866",2814.63042036546,"CAFI_P001",100
"1867",-585.003275976458,"CAFI_P001",25
"1868",1084.63461652675,"CAFI_P001",50
"1869",43.6826351236668,"CAFI_P001",100
"1870",-351.472287155426,"CAFI_P001",25
"1871",-363.055337811471,"CAFI_P001",50
"1872",7550.57765192314,"CAFI_P001",100
"1873",165.931405265757,"CAFI_P001",25
"1874",320.014069046214,"CAFI_P001",50
"1875",-2150.80908700192,"CAFI_P001",100
"1876",-39.0289971399761,"CAFI_P001",25
"1877",4770.23125972223,"CAFI_P001",50
"1878",6653.15810761423,"CAFI_P001",100
"1879",492.368541420903,"CAFI_P001",25
"1880",227.73681478962,"CAFI_P001",50
"1881",-381.394914114906,"CAFI_P001",100
"1882",-2344.73998213335,"CAFI_P001",25
"1883",185.708573089505,"CAFI_P001",50
"1884",-543.705463288759,"CAFI_P001",100
"1885",818.357857749128,"CAFI_P001",25
"1886",-1790.67832313353,"CAFI_P001",50
"1887",5313.07054602317,"CAFI_P001",100
"1888",-1969.44396500444,"CAFI_P001",25
"1889",376.935024973267,"CAFI_P001",50
"1890",961.548720655672,"CAFI_P001",100
"1891",423.049809017277,"CAFI_P001",25
"1892",-30.613841576589,"CAFI_P001",50
"1893",21.7805474063498,"CAFI_P001",100
"1894",-1346.90804532031,"CAFI_P001",25
"1895",424.110350629926,"CAFI_P001",50
"1896",-2174.40919628181,"CAFI_P001",100
"1897",4492.89956537992,"CAFI_P001",25
"1898",-1585.71471373961,"CAFI_P001",50
"1899",1889.38851502482,"CAFI_P001",100
"1900",343.797815625643,"CAFI_P001",25
"1901",-103.284426694794,"CAFI_P001",50
"1902",1097.33684502111,"CAFI_P001",100
"1903",-1465.82415549827,"CAFI_P001",25
"1904",-2166.07414967343,"CAFI_P001",50
"1905",4496.16050377881,"CAFI_P001",100
"1906",-1061.24481933168,"CAFI_P001",25
"1907",-772.272500531544,"CAFI_P001",50
"1908",-1765.35760184212,"CAFI_P001",100
"1909",517.398852426646,"CAFI_P001",25
"1910",3315.35652408624,"CAFI_P001",50
"1911",-1948.93617824622,"CAFI_P001",100
"1912",508.231529624929,"CAFI_P001",25
"1913",427.126689416502,"CAFI_P001",50
"1914",2329.44878765757,"CAFI_P001",100
"1915",-1186.53455563431,"CAFI_P001",25
"1916",-2176.90965757685,"CAFI_P001",50
"1917",1905.12507328673,"CAFI_P001",100
"1918",77.4579763048387,"CAFI_P001",25
"1919",-954.288787873695,"CAFI_P001",50
"1920",-1202.17092717078,"CAFI_P001",100
"1921",-120.673480403464,"CAFI_P001",25
"1922",816.936422563449,"CAFI_P001",50
"1923",480.289680567395,"CAFI_P001",100
"1924",136.622568877327,"CAFI_P001",25
"1925",9844.91973498827,"CAFI_P001",50
"1926",-1952.22973394147,"CAFI_P001",100
"1927",23.4101349308621,"CAFI_P001",25
"1928",-1370.03960034458,"CAFI_P001",50
"1929",-1081.46559556216,"CAFI_P001",100
"1930",-1076.64819489629,"CAFI_P001",25
"1931",-2222.75593752685,"CAFI_P001",50
"1932",-2411.37344124523,"CAFI_P001",100
"1933",-1522.48430858992,"CAFI_P001",25
"1934",-557.033649720252,"CAFI_P001",50
"1935",2700.08019663699,"CAFI_P001",100
"1936",-2015.79859404804,"CAFI_P001",25
"1937",419.268909897597,"CAFI_P001",50
"1938",3533.07725214292,"CAFI_P001",100
"1939",-225.228403966874,"CAFI_P001",25
"1940",503.231453423126,"CAFI_P001",50
"1941",-2645.20204918005,"CAFI_P001",100
"1942",182.82534082263,"CAFI_P001",25
"1943",2168.45621955194,"CAFI_P001",50
"1944",4823.53185722881,"CAFI_P001",100
"1945",-1767.9546811379,"CAFI_P001",25
"1946",38.018481118168,"CAFI_P001",50
"1947",-2545.56247478764,"CAFI_P001",100
"1948",-501.667977496603,"CAFI_P001",25
"1949",-663.591002083122,"CAFI_P001",50
"1950",-328.191759908193,"CAFI_P001",100
"1951",354.163906470581,"CAFI_P001",25
"1952",-226.469334748108,"CAFI_P001",50
"1953",-591.393979852815,"CAFI_P001",100
"1954",571.947564908594,"CAFI_P001",25
"1955",-1924.09975471892,"CAFI_P001",50
"1956",-292.604690472741,"CAFI_P001",100
"1957",455.343020219589,"CAFI_P001",25
"1958",-930.619601313927,"CAFI_P001",50
"1959",141.332463993109,"CAFI_P001",100
"1960",237.147435511986,"CAFI_P001",25
"1961",-2033.8624217184,"CAFI_P001",50
"1962",5770.21394220731,"CAFI_P001",100
"1963",-62.5391812212765,"CAFI_P001",25
"1964",-2462.81677234004,"CAFI_P001",50
"1965",3775.79570769993,"CAFI_P001",100
"1966",1595.45142388091,"CAFI_P001",25
"1967",6984.6528191813,"CAFI_P001",50
"1968",-1946.56810630241,"CAFI_P001",100
"1969",-510.925395650382,"CAFI_P001",25
"1970",17.7731240432186,"CAFI_P001",50
"1971",-1328.74429313443,"CAFI_P001",100
"1972",1042.84514838021,"CAFI_P001",25
"1973",-2026.68265752599,"CAFI_P001",50
"1974",4989.79425737043,"CAFI_P001",100
"1975",-1793.72788694335,"CAFI_P001",25
"1976",1044.84973241144,"CAFI_P001",50
"1977",-2374.85602419346,"CAFI_P001",100
"1978",-1201.16490474713,"CAFI_P001",25
"1979",-1007.24447469311,"CAFI_P001",50
"1980",1489.14775285302,"CAFI_P001",100
"1981",5397.27392995145,"CAFI_P001",25
"1982",-2712.59558783093,"CAFI_P001",50
"1983",-2312.11472828474,"CAFI_P001",100
"1984",-2.81150949565927,"CAFI_P001",25
"1985",1894.07445577145,"CAFI_P001",50
"1986",4073.1464125427,"CAFI_P001",100
"1987",221.485114443029,"CAFI_P001",25
"1988",-1467.06538347391,"CAFI_P001",50
"1989",-1503.41887852299,"CAFI_P001",100
"1990",263.463702904875,"CAFI_P001",25
"1991",810.97981901493,"CAFI_P001",50
"1992",-2074.80476424011,"CAFI_P001",100
"1993",6660.42221341692,"CAFI_P001",25
"1994",4659.02284442759,"CAFI_P001",50
"1995",-1429.10955007814,"CAFI_P001",100
"1996",-496.536074283184,"CAFI_P001",25
"1997",4318.15646901177,"CAFI_P001",50
"1998",-1354.95611861176,"CAFI_P001",100
"1999",-53.6172906791617,"CAFI_P001",25
"2000",-152.953544154443,"CAFI_P001",50
"2001",-1759.19952906086,"CAFI_P001",100
"2002",-410.893935222703,"CAFI_P001",25
"2003",96.6848139662179,"CAFI_P001",50
"2004",4302.97738927996,"CAFI_P001",100
"2005",1949.26164960241,"CAFI_P001",25
"2006",-1916.93760475662,"CAFI_P001",50
"2007",4707.64733024381,"CAFI_P001",100
"2008",934.866232804721,"CAFI_P001",25
"2009",6251.41890906592,"CAFI_P001",50
"2010",2518.56556371952,"CAFI_P001",100
"2011",740.534989469917,"CAFI_P001",25
"2012",1405.43508224169,"CAFI_P001",50
"2013",2262.28777252897,"CAFI_P001",100
"2014",-3.68045490514487,"CAFI_P001",25
"2015",1207.5474502233,"CAFI_P001",50
"2016",402.288828018995,"CAFI_P001",100
"2017",-166.837215534004,"CAFI_P001",25
"2018",-2784.41015449149,"CAFI_P001",50
"2019",148.095035820821,"CAFI_P001",100
"2020",-1663.85706856995,"CAFI_P001",25
"2021",3824.68214372909,"CAFI_P001",50
"2022",1411.27753374711,"CAFI_P001",100
"2023",-13.3474796492956,"CAFI_P001",25
"2024",-391.761541444721,"CAFI_P001",50
"2025",2438.57586693284,"CAFI_P001",100
"2026",2579.36903250098,"CAFI_P001",25
"2027",536.924252262834,"CAFI_P001",50
"2028",2038.39043120618,"CAFI_P001",100
"2029",-1359.15965000703,"CAFI_P001",25
"2030",-449.44596252247,"CAFI_P001",50
"2031",8413.3578835279,"CAFI_P001",100
"2032",-356.668326540937,"CAFI_P001",25
"2033",-563.65400291697,"CAFI_P001",50
"2034",-1110.30708790343,"CAFI_P001",100
"2035",875.908594904875,"CAFI_P001",25
"2036",-1993.02804336502,"CAFI_P001",50
"2037",-998.939074315538,"CAFI_P001",100
"2038",-89.8038986115134,"CAFI_P001",25
"2039",-189.96979875656,"CAFI_P001",50
"2040",-734.250796794222,"CAFI_P001",100
"2041",187.96930269411,"CAFI_P001",25
"2042",-1513.22872328147,"CAFI_P001",50
"2043",8735.46207392213,"CAFI_P001",100
"2044",607.014941410191,"CAFI_P001",25
"2045",262.556686393742,"CAFI_P001",50
"2046",-137.804544440034,"CAFI_P001",100
"2047",-427.36551130141,"CAFI_P001",25
"2048",2248.93935566008,"CAFI_P001",50
"2049",13127.2020552749,"CAFI_P001",100
"2050",200.550726494053,"CAFI_P001",25
"2051",-756.091085651569,"CAFI_P001",50
"2052",7562.41156413264,"CAFI_P001",100
"2053",-664.47887678523,"CAFI_P001",25
"2054",568.210635172873,"CAFI_P001",50
"2055",12821.1714286866,"CAFI_P001",100
"2056",307.27752401316,"CAFI_P001",25
"2057",-2042.97511331202,"CAFI_P001",50
"2058",5435.41926793012,"CAFI_P001",100
"2059",-843.636544549925,"CAFI_P001",25
"2060",3125.23385276188,"CAFI_P001",50
"2061",-1398.95585576995,"CAFI_P001",100
"2062",1115.71802323518,"CAFI_P001",25
"2063",711.529083576286,"CAFI_P001",50
"2064",630.879769907653,"CAFI_P001",100
"2065",4611.71467834283,"CAFI_P001",25
"2066",-423.274106090772,"CAFI_P001",50
"2067",-1334.41559311427,"CAFI_P001",100
"2068",-17.6048145199602,"CAFI_P001",25
"2069",-232.028049690241,"CAFI_P001",50
"2070",-536.112246017292,"CAFI_P001",100
"2071",-1939.95509047183,"CAFI_P001",25
"2072",5367.83970712361,"CAFI_P001",50
"2073",-2106.82708914674,"CAFI_P001",100
"2074",-445.056050765445,"CAFI_P001",25
"2075",-31.0725484208961,"CAFI_P001",50
"2076",3932.80510915341,"CAFI_P001",100
"2077",-351.036086733482,"CAFI_P001",25
"2078",3590.84708217028,"CAFI_P001",50
"2079",6076.12093208797,"CAFI_P001",100
"2080",-871.992522080458,"CAFI_P001",25
"2081",3188.49111645922,"CAFI_P001",50
"2082",238.770278650569,"CAFI_P001",100
"2083",474.007740610454,"CAFI_P001",25
"2084",-599.081124783523,"CAFI_P001",50
"2085",4670.93975208155,"CAFI_P001",100
"2086",-607.906131816271,"CAFI_P001",25
"2087",-1115.31354614635,"CAFI_P001",50
"2088",-1548.23120439128,"CAFI_P001",100
"2089",56.0804570887121,"CAFI_P001",25
"2090",890.324119371682,"CAFI_P001",50
"2091",-2164.00511323905,"CAFI_P001",100
"2092",-399.038087570108,"CAFI_P001",25
"2093",-1051.29532585692,"CAFI_P001",50
"2094",-2523.48625100177,"CAFI_P001",100
"2095",-29.0415060264058,"CAFI_P001",25
"2096",-2534.79337492431,"CAFI_P001",50
"2097",876.992547578615,"CAFI_P001",100
"2098",-109.26918051485,"CAFI_P001",25
"2099",-463.684642827371,"CAFI_P001",50
"2100",-2549.74047549319,"CAFI_P001",100
"2101",1007.06756849706,"CAFI_P002",25
"2102",2538.11844415314,"CAFI_P002",50
"2103",-1860.75589171969,"CAFI_P002",100
"2104",-298.796269740298,"CAFI_P002",25
"2105",701.383300728921,"CAFI_P002",50
"2106",-2432.5019399306,"CAFI_P002",100
"2107",-2538.64879453546,"CAFI_P002",25
"2108",5768.7553839974,"CAFI_P002",50
"2109",-2182.01073460415,"CAFI_P002",100
"2110",-33.0292027046671,"CAFI_P002",25
"2111",65.5236165317183,"CAFI_P002",50
"2112",-4163.36045064891,"CAFI_P002",100
"2113",-88.9581881909107,"CAFI_P002",25
"2114",-2383.75886000419,"CAFI_P002",50
"2115",3220.33100037134,"CAFI_P002",100
"2116",-1.10632816102589,"CAFI_P002",25
"2117",685.095766067476,"CAFI_P002",50
"2118",8487.27718080996,"CAFI_P002",100
"2119",-3561.79509834328,"CAFI_P002",25
"2120",-1618.96400335128,"CAFI_P002",50
"2121",-1785.24550085084,"CAFI_P002",100
"2122",5628.54589160549,"CAFI_P002",25
"2123",-2651.2829699264,"CAFI_P002",50
"2124",-1339.79486328777,"CAFI_P002",100
"2125",-31.4390215593157,"CAFI_P002",25
"2126",250.720617181098,"CAFI_P002",50
"2127",20160.8742485863,"CAFI_P002",100
"2128",1444.1410272613,"CAFI_P002",25
"2129",-2342.13625606522,"CAFI_P002",50
"2130",-3305.12679183122,"CAFI_P002",100
"2131",1736.10554206418,"CAFI_P002",25
"2132",7214.64411741422,"CAFI_P002",50
"2133",-2111.91538529246,"CAFI_P002",100
"2134",435.173142889165,"CAFI_P002",25
"2135",-3914.06618224276,"CAFI_P002",50
"2136",-1014.08950474687,"CAFI_P002",100
"2137",54.8875748084392,"CAFI_P002",25
"2138",-4496.6028964103,"CAFI_P002",50
"2139",-64.9734339360439,"CAFI_P002",100
"2140",849.104072025686,"CAFI_P002",25
"2141",-38.7844693480874,"CAFI_P002",50
"2142",-3725.25378237426,"CAFI_P002",100
"2143",-4034.94611533763,"CAFI_P002",25
"2144",10.66691124512,"CAFI_P002",50
"2145",-4186.36910731148,"CAFI_P002",100
"2146",449.067804250866,"CAFI_P002",25
"2147",-3929.81178464438,"CAFI_P002",50
"2148",2172.08434798211,"CAFI_P002",100
"2149",-11.0189878570673,"CAFI_P002",25
"2150",1222.0293838949,"CAFI_P002",50
"2151",-2190.07246972722,"CAFI_P002",100
"2152",-189.79209788845,"CAFI_P002",25
"2153",-90.1223452091508,"CAFI_P002",50
"2154",-1122.96610955909,"CAFI_P002",100
"2155",1222.88606460358,"CAFI_P002",25
"2156",-3994.65058491632,"CAFI_P002",50
"2157",-3289.0664679308,"CAFI_P002",100
"2158",711.640975236252,"CAFI_P002",25
"2159",-4458.4191921452,"CAFI_P002",50
"2160",25684.730864036,"CAFI_P002",100
"2161",2362.87339967719,"CAFI_P002",25
"2162",-3200.78565490537,"CAFI_P002",50
"2163",-4176.00994269218,"CAFI_P002",100
"2164",-104.63260239549,"CAFI_P002",25
"2165",2557.02909177143,"CAFI_P002",50
"2166",-1989.39096050942,"CAFI_P002",100
"2167",-69.8386482019851,"CAFI_P002",25
"2168",-3260.30118214648,"CAFI_P002",50
"2169",387.562954324269,"CAFI_P002",100
"2170",1653.25222374449,"CAFI_P002",25
"2171",-2035.86834143085,"CAFI_P002",50
"2172",-1252.57388512607,"CAFI_P002",100
"2173",-112.686118213373,"CAFI_P002",25
"2174",1068.18769136266,"CAFI_P002",50
"2175",-2760.7097269576,"CAFI_P002",100
"2176",-90.4646134093055,"CAFI_P002",25
"2177",-3157.60893709885,"CAFI_P002",50
"2178",-499.124261699442,"CAFI_P002",100
"2179",-4475.87754147043,"CAFI_P002",25
"2180",1530.91938327366,"CAFI_P002",50
"2181",-1067.79567497029,"CAFI_P002",100
"2182",716.175142184104,"CAFI_P002",25
"2183",-1521.9076672181,"CAFI_P002",50
"2184",-2246.37738094153,"CAFI_P002",100
"2185",965.333215517254,"CAFI_P002",25
"2186",77.9032382837613,"CAFI_P002",50
"2187",-3871.74895494201,"CAFI_P002",100
"2188",-4362.99541847772,"CAFI_P002",25
"2189",-4260.86304444971,"CAFI_P002",50
"2190",-1823.07242599665,"CAFI_P002",100
"2191",-4218.950875882,"CAFI_P002",25
"2192",-4195.86904969183,"CAFI_P002",50
"2193",24891.8540042729,"CAFI_P002",100
"2194",1365.30387837742,"CAFI_P002",25
"2195",-2395.98947496156,"CAFI_P002",50
"2196",-3973.049773684,"CAFI_P002",100
"2197",5053.24734895286,"CAFI_P002",25
"2198",223.139258528186,"CAFI_P002",50
"2199",-1003.03129376518,"CAFI_P002",100
"2200",-3363.08667366975,"CAFI_P002",25
"2201",850.386443095078,"CAFI_P002",50
"2202",2699.9772532408,"CAFI_P002",100
"2203",-3305.73621680721,"CAFI_P002",25
"2204",-2287.09947746916,"CAFI_P002",50
"2205",-2394.1418049632,"CAFI_P002",100
"2206",-65.4649724124465,"CAFI_P002",25
"2207",-3982.52220550473,"CAFI_P002",50
"2208",-3214.7794128503,"CAFI_P002",100
"2209",-35.8140127118968,"CAFI_P002",25
"2210",-3872.7722225071,"CAFI_P002",50
"2211",-3823.86872936212,"CAFI_P002",100
"2212",-1659.89236027771,"CAFI_P002",25
"2213",3316.18705830988,"CAFI_P002",50
"2214",3869.31514146901,"CAFI_P002",100
"2215",-4242.07422868058,"CAFI_P002",25
"2216",-3992.89346491132,"CAFI_P002",50
"2217",954.256826408848,"CAFI_P002",100
"2218",-4047.17938841807,"CAFI_P002",25
"2219",-50.206437571178,"CAFI_P002",50
"2220",-2868.67594870215,"CAFI_P002",100
"2221",373.293695065135,"CAFI_P002",25
"2222",-4434.22109049698,"CAFI_P002",50
"2223",-2368.44144030131,"CAFI_P002",100
"2224",5215.38330205786,"CAFI_P002",25
"2225",-364.929761720414,"CAFI_P002",50
"2226",-3758.8895077256,"CAFI_P002",100
"2227",338.781467657391,"CAFI_P002",25
"2228",-3244.83337555564,"CAFI_P002",50
"2229",-3515.03559555401,"CAFI_P002",100
"2230",483.53002781386,"CAFI_P002",25
"2231",24482.0743163877,"CAFI_P002",50
"2232",-2408.30435096193,"CAFI_P002",100
"2233",-4435.02523417017,"CAFI_P002",25
"2234",-2864.64605474818,"CAFI_P002",50
"2235",-1582.42662239916,"CAFI_P002",100
"2236",-3602.47263341141,"CAFI_P002",25
"2237",-3852.47983264134,"CAFI_P002",50
"2238",-4614.94229870822,"CAFI_P002",100
"2239",178.491980160819,"CAFI_P002",25
"2240",-4187.09553692836,"CAFI_P002",50
"2241",-2481.9306701826,"CAFI_P002",100
"2242",356.594432588085,"CAFI_P002",25
"2243",-2817.66125747972,"CAFI_P002",50
"2244",-2738.63649704304,"CAFI_P002",100
"2245",-2616.27061223777,"CAFI_P002",25
"2246",552.933508968854,"CAFI_P002",50
"2247",-3513.09957987469,"CAFI_P002",100
"2248",-2642.9893961481,"CAFI_P002",25
"2249",1823.05164465218,"CAFI_P002",50
"2250",-3330.72996529099,"CAFI_P002",100
"2251",-48.7369180859532,"CAFI_P002",25
"2252",432.754176984658,"CAFI_P002",50
"2253",-4829.51054989241,"CAFI_P002",100
"2254",-4413.9180109124,"CAFI_P002",25
"2255",-4293.42180563658,"CAFI_P002",50
"2256",-3049.00271130438,"CAFI_P002",100
"2257",1338.61160114183,"CAFI_P002",25
"2258",24333.2942065652,"CAFI_P002",50
"2259",-3364.7759687661,"CAFI_P002",100
"2260",-4026.5119086123,"CAFI_P002",25
"2261",-3820.62868439584,"CAFI_P002",50
"2262",-3844.69354179807,"CAFI_P002",100
"2263",-4223.35148208606,"CAFI_P002",25
"2264",-3415.59218859163,"CAFI_P002",50
"2265",-3679.64376898803,"CAFI_P002",100
"2266",-4285.41644954929,"CAFI_P002",25
"2267",2505.27742977141,"CAFI_P002",50
"2268",-2734.06779354403,"CAFI_P002",100
"2269",1350.12696055783,"CAFI_P002",25
"2270",2874.71731620218,"CAFI_P002",50
"2271",-3114.01066981736,"CAFI_P002",100
"2272",1305.07565320656,"CAFI_P002",25
"2273",5128.04486063763,"CAFI_P002",50
"2274",21837.9720541655,"CAFI_P002",100
"2275",-3340.57011166477,"CAFI_P002",25
"2276",19.9741237778508,"CAFI_P002",50
"2277",-2756.68390253794,"CAFI_P002",100
"2278",-116.824255927029,"CAFI_P002",25
"2279",-657.509034546849,"CAFI_P002",50
"2280",-3355.55703905656,"CAFI_P002",100
"2281",-3450.70578048381,"CAFI_P002",25
"2282",682.15818480053,"CAFI_P002",50
"2283",-3793.97229959822,"CAFI_P002",100
"2284",3143.95398994934,"CAFI_P002",25
"2285",1154.87839781685,"CAFI_P002",50
"2286",-3388.99288171082,"CAFI_P002",100
"2287",189.550586646044,"CAFI_P002",25
"2288",-4397.71476981472,"CAFI_P002",50
"2289",-4317.84488742717,"CAFI_P002",100
"2290",3323.12794329794,"CAFI_P002",25
"2291",-72.8071269773645,"CAFI_P002",50
"2292",-2738.00281860153,"CAFI_P002",100
"2293",-3742.44170584634,"CAFI_P002",25
"2294",-4013.26287656659,"CAFI_P002",50
"2295",-2861.32946916821,"CAFI_P002",100
"2296",1352.98696186519,"CAFI_P002",25
"2297",-2167.20121888132,"CAFI_P002",50
"2298",-4474.90452297081,"CAFI_P002",100
"2299",918.253362493822,"CAFI_P002",25
"2300",-2388.89244233826,"CAFI_P002",50
"2301",270.645788408845,"CAFI_P002",100
"2302",-2612.33016809198,"CAFI_P002",25
"2303",2309.25962763146,"CAFI_P002",50
"2304",-2517.77970750612,"CAFI_P002",100
"2305",-4230.52854518456,"CAFI_P002",25
"2306",-3387.87067399177,"CAFI_P002",50
"2307",-3486.75915391036,"CAFI_P002",100
"2308",115.131567739038,"CAFI_P002",25
"2309",-3215.8589566951,"CAFI_P002",50
"2310",-3157.10000197357,"CAFI_P002",100
"2311",-3805.9324954568,"CAFI_P002",25
"2312",-2631.82311701676,"CAFI_P002",50
"2313",113.518608989398,"CAFI_P002",100
"2314",-80.4973258299578,"CAFI_P002",25
"2315",-4048.25046742099,"CAFI_P002",50
"2316",-3402.69537465187,"CAFI_P002",100
"2317",-3737.17640288148,"CAFI_P002",25
"2318",-3613.0235491686,"CAFI_P002",50
"2319",-4521.01350387509,"CAFI_P002",100
"2320",16.2762017324858,"CAFI_P002",25
"2321",-1207.8242204533,"CAFI_P002",50
"2322",313.831743381073,"CAFI_P002",100
"2323",-3862.34483412074,"CAFI_P002",25
"2324",-4317.90637306639,"CAFI_P002",50
"2325",-1403.23463945574,"CAFI_P002",100
"2326",299.073878966185,"CAFI_P002",25
"2327",1449.39155131992,"CAFI_P002",50
"2328",-3868.68251533114,"CAFI_P002",100
"2329",126.769687210413,"CAFI_P002",25
"2330",-2559.27452060388,"CAFI_P002",50
"2331",-1262.90867179309,"CAFI_P002",100
"2332",966.728964955051,"CAFI_P002",25
"2333",447.944872084743,"CAFI_P002",50
"2334",-1919.07466011142,"CAFI_P002",100
"2335",-4226.48126547466,"CAFI_P002",25
"2336",525.874108122604,"CAFI_P002",50
"2337",3292.05786720433,"CAFI_P002",100
"2338",168.511959794589,"CAFI_P002",25
"2339",394.058637927548,"CAFI_P002",50
"2340",-1145.72224500202,"CAFI_P002",100
"2341",-3670.0353175941,"CAFI_P002",25
"2342",-3538.86056328533,"CAFI_P002",50
"2343",-3268.76603834299,"CAFI_P002",100
"2344",-4574.00039765376,"CAFI_P002",25
"2345",573.317485667474,"CAFI_P002",50
"2346",-1956.42887416235,"CAFI_P002",100
"2347",506.562914279493,"CAFI_P002",25
"2348",-4238.88370090068,"CAFI_P002",50
"2349",-1781.06637069175,"CAFI_P002",100
"2350",-4283.62991959622,"CAFI_P002",25
"2351",-4670.98005176097,"CAFI_P002",50
"2352",-3650.04773242251,"CAFI_P002",100
"2353",196.225229010248,"CAFI_P002",25
"2354",2305.06557988803,"CAFI_P002",50
"2355",1965.34946319612,"CAFI_P002",100
"2356",-4422.46864123567,"CAFI_P002",25
"2357",55.2754900976433,"CAFI_P002",50
"2358",-69.1942704927642,"CAFI_P002",100
"2359",1474.57482378121,"CAFI_P002",25
"2360",2698.60051495061,"CAFI_P002",50
"2361",-2942.99116247878,"CAFI_P002",100
"2362",1212.32958181415,"CAFI_P002",25
"2363",1406.94701831532,"CAFI_P002",50
"2364",-2644.79431535699,"CAFI_P002",100
"2365",-237.361631709413,"CAFI_P002",25
"2366",-3936.42229887343,"CAFI_P002",50
"2367",-3983.36229215702,"CAFI_P002",100
"2368",4894.99655553486,"CAFI_P002",25
"2369",3369.978692762,"CAFI_P002",50
"2370",-1834.8622737306,"CAFI_P002",100
"2371",-3731.39056691789,"CAFI_P002",25
"2372",-3765.88606807805,"CAFI_P002",50
"2373",-3264.44503648742,"CAFI_P002",100
"2374",-13.1646292119403,"CAFI_P002",25
"2375",3026.79063355221,"CAFI_P002",50
"2376",1018.07870546362,"CAFI_P002",100
"2377",-3.90165084257023,"CAFI_P002",25
"2378",-1155.97130785798,"CAFI_P002",50
"2379",7654.95923970325,"CAFI_P002",100
"2380",68.1233999210235,"CAFI_P002",25
"2381",-2875.86122866886,"CAFI_P002",50
"2382",-3893.99225339078,"CAFI_P002",100
"2383",-2440.21821199704,"CAFI_P002",25
"2384",-4288.83011594947,"CAFI_P002",50
"2385",-1523.5600307959,"CAFI_P002",100
"2386",-4215.28047669574,"CAFI_P002",25
"2387",-143.824570373457,"CAFI_P002",50
"2388",-245.087928462657,"CAFI_P002",100
"2389",-3458.69479635308,"CAFI_P002",25
"2390",537.914955750894,"CAFI_P002",50
"2391",-3886.79655915563,"CAFI_P002",100
"2392",-23.2362875099352,"CAFI_P002",25
"2393",-4201.99753532716,"CAFI_P002",50
"2394",-2784.0755092375,"CAFI_P002",100
"2395",-4151.3262429419,"CAFI_P002",25
"2396",1686.53754806318,"CAFI_P002",50
"2397",-3113.4984479984,"CAFI_P002",100
"2398",1655.09444668549,"CAFI_P002",25
"2399",251.996881710831,"CAFI_P002",50
"2400",-2452.09904112053,"CAFI_P002",100
"2401",5515.36120415281,"CAFI_P003",25
"2402",2525.08037681703,"CAFI_P003",50
"2403",-2097.20555077214,"CAFI_P003",100
"2404",-1405.20049053204,"CAFI_P003",25
"2405",-2569.834731735,"CAFI_P003",50
"2406",23383.6594537824,"CAFI_P003",100
"2407",979.330740173813,"CAFI_P003",25
"2408",-1767.28357472504,"CAFI_P003",50
"2409",-2997.10315468488,"CAFI_P003",100
"2410",211.498923835228,"CAFI_P003",25
"2411",12598.2887433944,"CAFI_P003",50
"2412",123.109268650296,"CAFI_P003",100
"2413",-1806.79943507689,"CAFI_P003",25
"2414",374.636334526935,"CAFI_P003",50
"2415",23318.2443203195,"CAFI_P003",100
"2416",-2047.59518294618,"CAFI_P003",25
"2417",22807.3700926189,"CAFI_P003",50
"2418",20262.3148945845,"CAFI_P003",100
"2419",-1800.96537705127,"CAFI_P003",25
"2420",1746.60276619985,"CAFI_P003",50
"2421",14177.2138252166,"CAFI_P003",100
"2422",525.982404130045,"CAFI_P003",25
"2423",-1823.42848920397,"CAFI_P003",50
"2424",-582.629870253964,"CAFI_P003",100
"2425",95.0321593123954,"CAFI_P003",25
"2426",1649.62779370142,"CAFI_P003",50
"2427",-2352.67014180112,"CAFI_P003",100
"2428",819.474981898384,"CAFI_P003",25
"2429",-229.425844207522,"CAFI_P003",50
"2430",14777.7637880397,"CAFI_P003",100
"2431",4182.85261420818,"CAFI_P003",25
"2432",-2209.09550292336,"CAFI_P003",50
"2433",4486.73990289058,"CAFI_P003",100
"2434",-2133.91789123515,"CAFI_P003",25
"2435",-2068.81700162153,"CAFI_P003",50
"2436",-4158.64645359828,"CAFI_P003",100
"2437",14689.0046524996,"CAFI_P003",25
"2438",148.355764223437,"CAFI_P003",50
"2439",4224.67207891686,"CAFI_P003",100
"2440",-2113.33762896049,"CAFI_P003",25
"2441",758.572411674832,"CAFI_P003",50
"2442",9703.79086431564,"CAFI_P003",100
"2443",795.725388195016,"CAFI_P003",25
"2444",530.840573722497,"CAFI_P003",50
"2445",-2616.16401565593,"CAFI_P003",100
"2446",-1162.15571746067,"CAFI_P003",25
"2447",433.369584647706,"CAFI_P003",50
"2448",-3366.40004321863,"CAFI_P003",100
"2449",2479.73614469741,"CAFI_P003",25
"2450",-3595.7167768373,"CAFI_P003",50
"2451",-1033.43690575112,"CAFI_P003",100
"2452",124.69818046398,"CAFI_P003",25
"2453",-265.063751451729,"CAFI_P003",50
"2454",15662.2744135393,"CAFI_P003",100
"2455",182.718690286973,"CAFI_P003",25
"2456",31.2158202224527,"CAFI_P003",50
"2457",5698.14689943253,"CAFI_P003",100
"2458",3331.74230510462,"CAFI_P003",25
"2459",2817.559602316,"CAFI_P003",50
"2460",15780.1775774246,"CAFI_P003",100
"2461",1254.02503676235,"CAFI_P003",25
"2462",15463.4326131073,"CAFI_P003",50
"2463",17401.0805294225,"CAFI_P003",100
"2464",-3401.41132443643,"CAFI_P003",25
"2465",1135.00830895366,"CAFI_P003",50
"2466",1226.15579925227,"CAFI_P003",100
"2467",2667.56983465259,"CAFI_P003",25
"2468",-2632.44568186329,"CAFI_P003",50
"2469",344.614044148417,"CAFI_P003",100
"2470",-526.786117672629,"CAFI_P003",25
"2471",13631.6343841378,"CAFI_P003",50
"2472",-2698.64955925912,"CAFI_P003",100
"2473",5948.12109803385,"CAFI_P003",25
"2474",-718.923036522639,"CAFI_P003",50
"2475",29772.4543797811,"CAFI_P003",100
"2476",-3712.44834129495,"CAFI_P003",25
"2477",-2222.1864711559,"CAFI_P003",50
"2478",6899.2134659983,"CAFI_P003",100
"2479",-242.162997139327,"CAFI_P003",25
"2480",5465.48729645327,"CAFI_P003",50
"2481",1091.42465558642,"CAFI_P003",100
"2482",1142.40096445743,"CAFI_P003",25
"2483",61.1060037019779,"CAFI_P003",50
"2484",-3820.01985855325,"CAFI_P003",100
"2485",11894.5977299865,"CAFI_P003",25
"2486",-1354.74992606876,"CAFI_P003",50
"2487",-4060.39052306814,"CAFI_P003",100
"2488",647.687169971003,"CAFI_P003",25
"2489",6065.99222078873,"CAFI_P003",50
"2490",4000.25748621131,"CAFI_P003",100
"2491",3584.45288827189,"CAFI_P003",25
"2492",-183.178599584906,"CAFI_P003",50
"2493",315.221950707608,"CAFI_P003",100
"2494",13670.5009973259,"CAFI_P003",25
"2495",243.883544031123,"CAFI_P003",50
"2496",-307.187064551632,"CAFI_P003",100
"2497",-296.777084846573,"CAFI_P003",25
"2498",-223.653050505905,"CAFI_P003",50
"2499",11313.361658818,"CAFI_P003",100
"2500",-208.136017642741,"CAFI_P003",25
"2501",7296.23736856179,"CAFI_P003",50
"2502",2593.69942100998,"CAFI_P003",100
"2503",13466.7098039962,"CAFI_P003",25
"2504",9516.85214901797,"CAFI_P003",50
"2505",6560.28123647789,"CAFI_P003",100
"2506",-842.032899015467,"CAFI_P003",25
"2507",-699.0272058142,"CAFI_P003",50
"2508",7426.13856800029,"CAFI_P003",100
"2509",1607.11376895127,"CAFI_P003",25
"2510",-1880.35267209954,"CAFI_P003",50
"2511",-1103.23811380711,"CAFI_P003",100
"2512",1821.2083282597,"CAFI_P003",25
"2513",-3815.12965584372,"CAFI_P003",50
"2514",-1717.4517858582,"CAFI_P003",100
"2515",-202.295907092339,"CAFI_P003",25
"2516",2351.49734882452,"CAFI_P003",50
"2517",1862.90012010565,"CAFI_P003",100
"2518",14346.5166723922,"CAFI_P003",25
"2519",1951.04607822455,"CAFI_P003",50
"2520",-997.868684421061,"CAFI_P003",100
"2521",-25.841385064763,"CAFI_P003",25
"2522",-1927.79707641783,"CAFI_P003",50
"2523",13739.483492949,"CAFI_P003",100
"2524",14452.6451456468,"CAFI_P003",25
"2525",3026.31278592022,"CAFI_P003",50
"2526",-2502.15474624868,"CAFI_P003",100
"2527",122.164701682923,"CAFI_P003",25
"2528",-239.195822359878,"CAFI_P003",50
"2529",5349.20795849274,"CAFI_P003",100
"2530",-1518.37408984767,"CAFI_P003",25
"2531",921.165773258137,"CAFI_P003",50
"2532",-1686.53737799922,"CAFI_P003",100
"2533",616.112889111566,"CAFI_P003",25
"2534",-97.4313181840116,"CAFI_P003",50
"2535",3453.45565272035,"CAFI_P003",100
"2536",1917.79346885759,"CAFI_P003",25
"2537",-2214.34757657198,"CAFI_P003",50
"2538",7465.70047583512,"CAFI_P003",100
"2539",607.801413486537,"CAFI_P003",25
"2540",-556.832487012842,"CAFI_P003",50
"2541",15989.9028459447,"CAFI_P003",100
"2542",-1451.59782208415,"CAFI_P003",25
"2543",22265.148015801,"CAFI_P003",50
"2544",-1711.55574992497,"CAFI_P003",100
"2545",403.189126927755,"CAFI_P003",25
"2546",389.179850683955,"CAFI_P003",50
"2547",11170.9954912903,"CAFI_P003",100
"2548",-1591.84269949578,"CAFI_P003",25
"2549",18901.4840792528,"CAFI_P003",50
"2550",19863.7241252689,"CAFI_P003",100
"2551",-274.609357858775,"CAFI_P003",25
"2552",961.288467117993,"CAFI_P003",50
"2553",16347.3015466216,"CAFI_P003",100
"2554",-132.707169765956,"CAFI_P003",25
"2555",7927.29447387654,"CAFI_P003",50
"2556",1778.2271745943,"CAFI_P003",100
"2557",159.740041952522,"CAFI_P003",25
"2558",4089.44971120229,"CAFI_P003",50
"2559",292.455261022784,"CAFI_P003",100
"2560",421.102616034215,"CAFI_P003",25
"2561",-2058.71603439859,"CAFI_P003",50
"2562",3327.92107042432,"CAFI_P003",100
"2563",499.717418483517,"CAFI_P003",25
"2564",-3505.13477742323,"CAFI_P003",50
"2565",-1773.15510109393,"CAFI_P003",100
"2566",16308.4392328735,"CAFI_P003",25
"2567",-3727.06633611646,"CAFI_P003",50
"2568",262.719386154902,"CAFI_P003",100
"2569",61.6746773433406,"CAFI_P003",25
"2570",-1138.81326264702,"CAFI_P003",50
"2571",19005.716877101,"CAFI_P003",100
"2572",5305.92923769273,"CAFI_P003",25
"2573",877.825184160261,"CAFI_P003",50
"2574",1222.93218079896,"CAFI_P003",100
"2575",105.214868150128,"CAFI_P003",25
"2576",-1542.89279090631,"CAFI_P003",50
"2577",-1943.88226160372,"CAFI_P003",100
"2578",19193.3428015054,"CAFI_P003",25
"2579",15738.1099024828,"CAFI_P003",50
"2580",2518.02162805613,"CAFI_P003",100
"2581",14569.085521389,"CAFI_P003",25
"2582",382.409426076978,"CAFI_P003",50
"2583",7245.0366571924,"CAFI_P003",100
"2584",1690.94542130985,"CAFI_P003",25
"2585",-2180.73302430531,"CAFI_P003",50
"2586",27877.9707426467,"CAFI_P003",100
"2587",251.920029412955,"CAFI_P003",25
"2588",17281.4672561442,"CAFI_P003",50
"2589",-1328.59948027163,"CAFI_P003",100
"2590",-1828.67003020254,"CAFI_P003",25
"2591",5484.40971541818,"CAFI_P003",50
"2592",-1474.34232494049,"CAFI_P003",100
"2593",-48.2808016008348,"CAFI_P003",25
"2594",13915.9016921535,"CAFI_P003",50
"2595",-3579.0931622861,"CAFI_P003",100
"2596",16285.7267070552,"CAFI_P003",25
"2597",6984.90432753594,"CAFI_P003",50
"2598",5273.33469739003,"CAFI_P003",100
"2599",44.2766581967589,"CAFI_P003",25
"2600",1581.26023949136,"CAFI_P003",50
"2601",-23.2557193443645,"CAFI_P003",100
"2602",2013.6611166434,"CAFI_P003",25
"2603",-537.82274129393,"CAFI_P003",50
"2604",-2070.67988039117,"CAFI_P003",100
"2605",-2191.7673952186,"CAFI_P003",25
"2606",3907.4016078366,"CAFI_P003",50
"2607",5378.53535366518,"CAFI_P003",100
"2608",-1882.66448486602,"CAFI_P003",25
"2609",5160.58139516274,"CAFI_P003",50
"2610",15.935211591539,"CAFI_P003",100
"2611",1017.8872372444,"CAFI_P003",25
"2612",1630.63267559122,"CAFI_P003",50
"2613",1396.95768929564,"CAFI_P003",100
"2614",178.279941055167,"CAFI_P003",25
"2615",1111.00567647954,"CAFI_P003",50
"2616",19040.1824019073,"CAFI_P003",100
"2617",-2206.81244546984,"CAFI_P003",25
"2618",589.39465979964,"CAFI_P003",50
"2619",-39.1135177640826,"CAFI_P003",100
"2620",551.354472006729,"CAFI_P003",25
"2621",-949.079885948973,"CAFI_P003",50
"2622",-2311.42662101769,"CAFI_P003",100
"2623",-1108.8478949907,"CAFI_P003",25
"2624",-2202.46559261967,"CAFI_P003",50
"2625",4557.22798811708,"CAFI_P003",100
"2626",189.015933417366,"CAFI_P003",25
"2627",-1494.57049944351,"CAFI_P003",50
"2628",9118.02284787613,"CAFI_P003",100
"2629",-1498.09395114845,"CAFI_P003",25
"2630",-4367.51845294872,"CAFI_P003",50
"2631",12506.8712725058,"CAFI_P003",100
"2632",334.094377633475,"CAFI_P003",25
"2633",11887.0173117564,"CAFI_P003",50
"2634",17382.7005203518,"CAFI_P003",100
"2635",0.664441479253583,"CAFI_P003",25
"2636",20027.956690195,"CAFI_P003",50
"2637",-2302.69419037853,"CAFI_P003",100
"2638",-2207.91482419107,"CAFI_P003",25
"2639",-967.425521224446,"CAFI_P003",50
"2640",17358.9114257147,"CAFI_P003",100
"2641",19522.5006426706,"CAFI_P003",25
"2642",4214.17612380546,"CAFI_P003",50
"2643",-1011.55792099843,"CAFI_P003",100
"2644",-1808.56664717698,"CAFI_P003",25
"2645",3241.53897378349,"CAFI_P003",50
"2646",-913.03680071421,"CAFI_P003",100
"2647",1233.29665331333,"CAFI_P003",25
"2648",4826.79547929956,"CAFI_P003",50
"2649",-1502.49586725596,"CAFI_P003",100
"2650",-1168.26065430068,"CAFI_P003",25
"2651",4541.63865177182,"CAFI_P003",50
"2652",5362.65338710882,"CAFI_P003",100
"2653",-293.080675606267,"CAFI_P003",25
"2654",-1667.32480876992,"CAFI_P003",50
"2655",19129.7125358981,"CAFI_P003",100
"2656",4878.74276493385,"CAFI_P003",25
"2657",-2545.04448220308,"CAFI_P003",50
"2658",-721.621571467957,"CAFI_P003",100
"2659",251.018804481253,"CAFI_P003",25
"2660",-109.084717303747,"CAFI_P003",50
"2661",697.199922170723,"CAFI_P003",100
"2662",-1116.60147641494,"CAFI_P003",25
"2663",11558.34301205,"CAFI_P003",50
"2664",10643.5356265287,"CAFI_P003",100
"2665",-1567.77807030885,"CAFI_P003",25
"2666",-997.565362375346,"CAFI_P003",50
"2667",-856.574764993042,"CAFI_P003",100
"2668",63.6620074536768,"CAFI_P003",25
"2669",747.717747703427,"CAFI_P003",50
"2670",-1248.68100373109,"CAFI_P003",100
"2671",2412.8068752726,"CAFI_P003",25
"2672",12587.9712188148,"CAFI_P003",50
"2673",492.597945887712,"CAFI_P003",100
"2674",1869.99295344233,"CAFI_P003",25
"2675",575.325955586159,"CAFI_P003",50
"2676",-3040.56404760934,"CAFI_P003",100
"2677",2335.63495912368,"CAFI_P003",25
"2678",-450.134815083002,"CAFI_P003",50
"2679",-2801.7825762229,"CAFI_P003",100
"2680",-513.242082558165,"CAFI_P003",25
"2681",-97.8694336511544,"CAFI_P003",50
"2682",-374.784945152001,"CAFI_P003",100
"2683",143.459108434152,"CAFI_P003",25
"2684",-3638.44009140704,"CAFI_P003",50
"2685",18217.0885193958,"CAFI_P003",100
"2686",-15.7808308370877,"CAFI_P003",25
"2687",-432.934205305995,"CAFI_P003",50
"2688",17567.8017697782,"CAFI_P003",100
"2689",-1708.15508794668,"CAFI_P003",25
"2690",139.421061716566,"CAFI_P003",50
"2691",665.87373407383,"CAFI_P003",100
"2692",2652.10429737909,"CAFI_P003",25
"2693",-2936.98013463471,"CAFI_P003",50
"2694",5084.11603201309,"CAFI_P003",100
"2695",-88.5058374746004,"CAFI_P003",25
"2696",492.829494094243,"CAFI_P003",50
"2697",11949.5180310601,"CAFI_P003",100
"2698",-374.77916523465,"CAFI_P003",25
"2699",-271.141144601163,"CAFI_P003",50
"2700",15538.1292205002,"CAFI_P003",100
"2701",1704.52877876483,"CAFI_P005",25
"2702",7771.59541826099,"CAFI_P005",50
"2703",1370.11916918802,"CAFI_P005",100
"2704",-193.595750151348,"CAFI_P005",25
"2705",-157.83707659127,"CAFI_P005",50
"2706",4262.76994023009,"CAFI_P005",100
"2707",3796.78214213229,"CAFI_P005",25
"2708",-2551.40546388848,"CAFI_P005",50
"2709",8758.87461670232,"CAFI_P005",100
"2710",-1369.50535824586,"CAFI_P005",25
"2711",2411.39400299743,"CAFI_P005",50
"2712",5288.99477000063,"CAFI_P005",100
"2713",160.999911588005,"CAFI_P005",25
"2714",734.685384786484,"CAFI_P005",50
"2715",1093.90529256332,"CAFI_P005",100
"2716",1048.47859684937,"CAFI_P005",25
"2717",586.752396715892,"CAFI_P005",50
"2718",-1023.41870493587,"CAFI_P005",100
"2719",-680.407120285061,"CAFI_P005",25
"2720",-36.9092446990253,"CAFI_P005",50
"2721",446.082879147638,"CAFI_P005",100
"2722",-98.1276401600335,"CAFI_P005",25
"2723",-582.904799058248,"CAFI_P005",50
"2724",1318.832683174,"CAFI_P005",100
"2725",-1360.9380553888,"CAFI_P005",25
"2726",-1790.81748029531,"CAFI_P005",50
"2727",-1693.0392151592,"CAFI_P005",100
"2728",1974.8050357856,"CAFI_P005",25
"2729",15832.2394739559,"CAFI_P005",50
"2730",4374.4670691409,"CAFI_P005",100
"2731",219.12391221631,"CAFI_P005",25
"2732",3968.95051455891,"CAFI_P005",50
"2733",2458.99534301923,"CAFI_P005",100
"2734",744.758756218303,"CAFI_P005",25
"2735",1485.83309105682,"CAFI_P005",50
"2736",7085.28366221552,"CAFI_P005",100
"2737",-800.340790689719,"CAFI_P005",25
"2738",-1561.19632447144,"CAFI_P005",50
"2739",1550.65102612338,"CAFI_P005",100
"2740",-433.346483681496,"CAFI_P005",25
"2741",-1731.09722483737,"CAFI_P005",50
"2742",9649.85450292812,"CAFI_P005",100
"2743",1177.87859527144,"CAFI_P005",25
"2744",3636.51380324131,"CAFI_P005",50
"2745",4070.87330260267,"CAFI_P005",100
"2746",419.534008352435,"CAFI_P005",25
"2747",-526.51140993461,"CAFI_P005",50
"2748",672.959031977574,"CAFI_P005",100
"2749",-618.637549526873,"CAFI_P005",25
"2750",1185.9015894185,"CAFI_P005",50
"2751",5840.24513496793,"CAFI_P005",100
"2752",3753.31038184659,"CAFI_P005",25
"2753",5224.94900510967,"CAFI_P005",50
"2754",-900.278536803176,"CAFI_P005",100
"2755",8247.24240337042,"CAFI_P005",25
"2756",2082.44272874505,"CAFI_P005",50
"2757",601.755784393434,"CAFI_P005",100
"2758",512.56713010394,"CAFI_P005",25
"2759",-1439.23077477209,"CAFI_P005",50
"2760",5639.35787613975,"CAFI_P005",100
"2761",303.120330867474,"CAFI_P005",25
"2762",7021.44172549833,"CAFI_P005",50
"2763",5697.69017691753,"CAFI_P005",100
"2764",165.083078946976,"CAFI_P005",25
"2765",1627.18543129458,"CAFI_P005",50
"2766",14615.7036352963,"CAFI_P005",100
"2767",-212.916837259574,"CAFI_P005",25
"2768",9064.64066554603,"CAFI_P005",50
"2769",7950.55419118586,"CAFI_P005",100
"2770",3962.87881106502,"CAFI_P005",25
"2771",269.289006748731,"CAFI_P005",50
"2772",4885.67670769434,"CAFI_P005",100
"2773",-328.488212867902,"CAFI_P005",25
"2774",-154.96139977884,"CAFI_P005",50
"2775",7259.4746151352,"CAFI_P005",100
"2776",9682.90064334634,"CAFI_P005",25
"2777",2521.42633198277,"CAFI_P005",50
"2778",3238.8149780751,"CAFI_P005",100
"2779",512.156415302539,"CAFI_P005",25
"2780",4099.149786939,"CAFI_P005",50
"2781",47.4797346220585,"CAFI_P005",100
"2782",504.702063558681,"CAFI_P005",25
"2783",-1054.33229805614,"CAFI_P005",50
"2784",9588.96136717219,"CAFI_P005",100
"2785",2989.67644218018,"CAFI_P005",25
"2786",7897.57367398546,"CAFI_P005",50
"2787",8472.17817093321,"CAFI_P005",100
"2788",2251.46794536719,"CAFI_P005",25
"2789",1630.59257474198,"CAFI_P005",50
"2790",3593.01336212491,"CAFI_P005",100
"2791",619.684537478082,"CAFI_P005",25
"2792",-969.152704035281,"CAFI_P005",50
"2793",4541.8454319865,"CAFI_P005",100
"2794",292.684520427196,"CAFI_P005",25
"2795",723.965230792819,"CAFI_P005",50
"2796",8483.66901806736,"CAFI_P005",100
"2797",-969.747638948553,"CAFI_P005",25
"2798",6092.28025699628,"CAFI_P005",50
"2799",-1039.49573391711,"CAFI_P005",100
"2800",168.113230718009,"CAFI_P005",25
"2801",926.925367961696,"CAFI_P005",50
"2802",7346.0152123234,"CAFI_P005",100
"2803",-1037.65737621469,"CAFI_P005",25
"2804",-741.843432088441,"CAFI_P005",50
"2805",11390.2205890856,"CAFI_P005",100
"2806",8949.34112916805,"CAFI_P005",25
"2807",168.59173973932,"CAFI_P005",50
"2808",5800.88180448211,"CAFI_P005",100
"2809",-1203.49300447031,"CAFI_P005",25
"2810",5256.68905603932,"CAFI_P005",50
"2811",2616.077598526,"CAFI_P005",100
"2812",502.044009368197,"CAFI_P005",25
"2813",1266.53583923029,"CAFI_P005",50
"2814",4374.05151638892,"CAFI_P005",100
"2815",-650.871846938855,"CAFI_P005",25
"2816",2766.08628984331,"CAFI_P005",50
"2817",5565.6940707342,"CAFI_P005",100
"2818",-322.123028205591,"CAFI_P005",25
"2819",3238.92806110074,"CAFI_P005",50
"2820",13357.0206911243,"CAFI_P005",100
"2821",-466.538994363917,"CAFI_P005",25
"2822",2806.75754951205,"CAFI_P005",50
"2823",6118.5391347789,"CAFI_P005",100
"2824",-784.356978884549,"CAFI_P005",25
"2825",-1024.04835116179,"CAFI_P005",50
"2826",-1171.13508187639,"CAFI_P005",100
"2827",4009.26327362869,"CAFI_P005",25
"2828",960.47271641111,"CAFI_P005",50
"2829",2919.68365542206,"CAFI_P005",100
"2830",406.161300691805,"CAFI_P005",25
"2831",4032.23825052707,"CAFI_P005",50
"2832",2714.97880295324,"CAFI_P005",100
"2833",-1151.55489206346,"CAFI_P005",25
"2834",1143.2835814365,"CAFI_P005",50
"2835",2580.02330150828,"CAFI_P005",100
"2836",87.885187610198,"CAFI_P005",25
"2837",10275.8942650273,"CAFI_P005",50
"2838",3842.73957808712,"CAFI_P005",100
"2839",218.749990242883,"CAFI_P005",25
"2840",-194.861934800982,"CAFI_P005",50
"2841",2048.6483215474,"CAFI_P005",100
"2842",-457.419433861971,"CAFI_P005",25
"2843",-334.598330475215,"CAFI_P005",50
"2844",5518.50731964261,"CAFI_P005",100
"2845",2966.93638410876,"CAFI_P005",25
"2846",487.642483608215,"CAFI_P005",50
"2847",12534.6922413748,"CAFI_P005",100
"2848",2097.84905460832,"CAFI_P005",25
"2849",1006.05232889135,"CAFI_P005",50
"2850",-694.355348828045,"CAFI_P005",100
"2851",2054.46859640695,"CAFI_P005",25
"2852",3206.89367576447,"CAFI_P005",50
"2853",255.339484058437,"CAFI_P005",100
"2854",-310.805627065856,"CAFI_P005",25
"2855",10361.2563194774,"CAFI_P005",50
"2856",9845.79991733024,"CAFI_P005",100
"2857",-365.833216917497,"CAFI_P005",25
"2858",719.320640138612,"CAFI_P005",50
"2859",-1634.70771969616,"CAFI_P005",100
"2860",6255.48708497756,"CAFI_P005",25
"2861",-548.700908071129,"CAFI_P005",50
"2862",1769.80515659577,"CAFI_P005",100
"2863",7530.94436675039,"CAFI_P005",25
"2864",2441.08659786332,"CAFI_P005",50
"2865",9881.66709289388,"CAFI_P005",100
"2866",3761.12423003459,"CAFI_P005",25
"2867",45.6704131903534,"CAFI_P005",50
"2868",11964.8927331603,"CAFI_P005",100
"2869",1645.14918807504,"CAFI_P005",25
"2870",1116.85514289301,"CAFI_P005",50
"2871",2517.88115960266,"CAFI_P005",100
"2872",1132.34837656992,"CAFI_P005",25
"2873",-988.29136270273,"CAFI_P005",50
"2874",-1340.3789989152,"CAFI_P005",100
"2875",7892.24785211083,"CAFI_P005",25
"2876",65.7421111683652,"CAFI_P005",50
"2877",4722.97511000963,"CAFI_P005",100
"2878",899.446903425967,"CAFI_P005",25
"2879",6790.50674218981,"CAFI_P005",50
"2880",2402.26881629345,"CAFI_P005",100
"2881",-38.8268334406603,"CAFI_P005",25
"2882",8496.30606278958,"CAFI_P005",50
"2883",10656.4850808847,"CAFI_P005",100
"2884",5314.56570242459,"CAFI_P005",25
"2885",-385.655216394429,"CAFI_P005",50
"2886",3973.59573785317,"CAFI_P005",100
"2887",-1242.22320900857,"CAFI_P005",25
"2888",14955.0258381863,"CAFI_P005",50
"2889",-1200.63121799595,"CAFI_P005",100
"2890",3019.67045765926,"CAFI_P005",25
"2891",8249.76609386157,"CAFI_P005",50
"2892",14395.2235735837,"CAFI_P005",100
"2893",3464.22843940722,"CAFI_P005",25
"2894",1081.29818346669,"CAFI_P005",50
"2895",11614.2869555468,"CAFI_P005",100
"2896",1883.60724051428,"CAFI_P005",25
"2897",-789.08985513114,"CAFI_P005",50
"2898",5881.48899422062,"CAFI_P005",100
"2899",-20.5811901483685,"CAFI_P005",25
"2900",-208.796301907045,"CAFI_P005",50
"2901",-772.643208337395,"CAFI_P005",100
"2902",1004.94362120237,"CAFI_P005",25
"2903",1731.36804725527,"CAFI_P005",50
"2904",111.025787302788,"CAFI_P005",100
"2905",832.180882768007,"CAFI_P005",25
"2906",2477.28808411965,"CAFI_P005",50
"2907",993.81378375247,"CAFI_P005",100
"2908",847.249871799984,"CAFI_P005",25
"2909",-390.58637035056,"CAFI_P005",50
"2910",4209.15787722857,"CAFI_P005",100
"2911",-749.566651303758,"CAFI_P005",25
"2912",2825.20215487093,"CAFI_P005",50
"2913",4650.19042925839,"CAFI_P005",100
"2914",525.282525069721,"CAFI_P005",25
"2915",-1154.9717650261,"CAFI_P005",50
"2916",3488.02322921032,"CAFI_P005",100
"2917",511.469258704397,"CAFI_P005",25
"2918",-54.5688183301827,"CAFI_P005",50
"2919",2772.56566749624,"CAFI_P005",100
"2920",1849.36559061002,"CAFI_P005",25
"2921",3822.77809781278,"CAFI_P005",50
"2922",4303.27494893948,"CAFI_P005",100
"2923",-618.141997937521,"CAFI_P005",25
"2924",70.8529291556624,"CAFI_P005",50
"2925",8943.9951537227,"CAFI_P005",100
"2926",2153.37945274787,"CAFI_P005",25
"2927",-694.328987315414,"CAFI_P005",50
"2928",2786.83738062091,"CAFI_P005",100
"2929",-532.298522224533,"CAFI_P005",25
"2930",9625.65352344667,"CAFI_P005",50
"2931",4557.23201825429,"CAFI_P005",100
"2932",1019.53520814414,"CAFI_P005",25
"2933",3837.76743576591,"CAFI_P005",50
"2934",513.068931435526,"CAFI_P005",100
"2935",2523.23318071247,"CAFI_P005",25
"2936",-1662.79529908829,"CAFI_P005",50
"2937",1998.33215437707,"CAFI_P005",100
"2938",1518.45842715495,"CAFI_P005",25
"2939",4698.97447790162,"CAFI_P005",50
"2940",6883.41331531329,"CAFI_P005",100
"2941",2054.12113664052,"CAFI_P005",25
"2942",-320.437319749908,"CAFI_P005",50
"2943",8263.85074164649,"CAFI_P005",100
"2944",-414.807123898645,"CAFI_P005",25
"2945",5851.61005708744,"CAFI_P005",50
"2946",988.055961144099,"CAFI_P005",100
"2947",1090.1523551954,"CAFI_P005",25
"2948",1500.18283513709,"CAFI_P005",50
"2949",5270.6511074772,"CAFI_P005",100
"2950",-778.21480358782,"CAFI_P005",25
"2951",2231.92922631596,"CAFI_P005",50
"2952",2927.55303080968,"CAFI_P005",100
"2953",1188.92803270131,"CAFI_P005",25
"2954",-1515.26822525106,"CAFI_P005",50
"2955",5363.30033318745,"CAFI_P005",100
"2956",969.612722911028,"CAFI_P005",25
"2957",-805.39849065867,"CAFI_P005",50
"2958",3611.38855420816,"CAFI_P005",100
"2959",6831.25574225964,"CAFI_P005",25
"2960",4661.7108044292,"CAFI_P005",50
"2961",1966.5765544938,"CAFI_P005",100
"2962",-402.281646484946,"CAFI_P005",25
"2963",491.527261785086,"CAFI_P005",50
"2964",5526.72060764124,"CAFI_P005",100
"2965",653.087998212548,"CAFI_P005",25
"2966",1178.40346636024,"CAFI_P005",50
"2967",5059.98990667527,"CAFI_P005",100
"2968",2022.1631819107,"CAFI_P005",25
"2969",7039.00305844878,"CAFI_P005",50
"2970",11321.2696848559,"CAFI_P005",100
"2971",419.925022261421,"CAFI_P005",25
"2972",1325.25713283897,"CAFI_P005",50
"2973",4043.38352677313,"CAFI_P005",100
"2974",1482.61315884779,"CAFI_P005",25
"2975",-464.334991910728,"CAFI_P005",50
"2976",118.462076120486,"CAFI_P005",100
"2977",989.38916083629,"CAFI_P005",25
"2978",6584.7907649127,"CAFI_P005",50
"2979",4521.75856563254,"CAFI_P005",100
"2980",-371.950864958577,"CAFI_P005",25
"2981",3.52237536525354,"CAFI_P005",50
"2982",2083.6496859756,"CAFI_P005",100
"2983",341.570327432855,"CAFI_P005",25
"2984",7792.7760845531,"CAFI_P005",50
"2985",3769.30613740513,"CAFI_P005",100
"2986",1474.63839390091,"CAFI_P005",25
"2987",4741.49987464587,"CAFI_P005",50
"2988",6437.94960370401,"CAFI_P005",100
"2989",9287.26308110348,"CAFI_P005",25
"2990",4352.0798934123,"CAFI_P005",50
"2991",6833.17127525856,"CAFI_P005",100
"2992",3857.49772411591,"CAFI_P005",25
"2993",3903.19557918212,"CAFI_P005",50
"2994",4862.0861049417,"CAFI_P005",100
"2995",2239.82912088439,"CAFI_P005",25
"2996",572.175249342865,"CAFI_P005",50
"2997",2390.72029413903,"CAFI_P005",100
"2998",565.821404168964,"CAFI_P005",25
"2999",2008.33666145726,"CAFI_P005",50
"3000",6877.70452361708,"CAFI_P005",100
"3001",2.3283064365387e-10,"CAFI_P006",25
"3002",2.3283064365387e-10,"CAFI_P006",50
"3003",2.3283064365387e-10,"CAFI_P006",100
"3004",2.3283064365387e-10,"CAFI_P006",25
"3005",2.3283064365387e-10,"CAFI_P006",50
"3006",2.3283064365387e-10,"CAFI_P006",100
"3007",2.3283064365387e-10,"CAFI_P006",25
"3008",2.3283064365387e-10,"CAFI_P006",50
"3009",2.3283064365387e-10,"CAFI_P006",100
"3010",2.3283064365387e-10,"CAFI_P006",25
"3011",2.3283064365387e-10,"CAFI_P006",50
"3012",2.3283064365387e-10,"CAFI_P006",100
"3013",2.3283064365387e-10,"CAFI_P006",25
"3014",2.3283064365387e-10,"CAFI_P006",50
"3015",2.3283064365387e-10,"CAFI_P006",100
"3016",2.3283064365387e-10,"CAFI_P006",25
"3017",2.3283064365387e-10,"CAFI_P006",50
"3018",2.3283064365387e-10,"CAFI_P006",100
"3019",2.3283064365387e-10,"CAFI_P006",25
"3020",2.3283064365387e-10,"CAFI_P006",50
"3021",2.3283064365387e-10,"CAFI_P006",100
"3022",2.3283064365387e-10,"CAFI_P006",25
"3023",2.3283064365387e-10,"CAFI_P006",50
"3024",2.3283064365387e-10,"CAFI_P006",100
"3025",2.3283064365387e-10,"CAFI_P006",25
"3026",2.3283064365387e-10,"CAFI_P006",50
"3027",2.3283064365387e-10,"CAFI_P006",100
"3028",2.3283064365387e-10,"CAFI_P006",25
"3029",2.3283064365387e-10,"CAFI_P006",50
"3030",2.3283064365387e-10,"CAFI_P006",100
"3031",2.3283064365387e-10,"CAFI_P006",25
"3032",2.3283064365387e-10,"CAFI_P006",50
"3033",2.3283064365387e-10,"CAFI_P006",100
"3034",2.3283064365387e-10,"CAFI_P006",25
"3035",2.3283064365387e-10,"CAFI_P006",50
"3036",2.3283064365387e-10,"CAFI_P006",100
"3037",2.3283064365387e-10,"CAFI_P006",25
"3038",2.3283064365387e-10,"CAFI_P006",50
"3039",2.3283064365387e-10,"CAFI_P006",100
"3040",2.3283064365387e-10,"CAFI_P006",25
"3041",2.3283064365387e-10,"CAFI_P006",50
"3042",2.3283064365387e-10,"CAFI_P006",100
"3043",2.3283064365387e-10,"CAFI_P006",25
"3044",2.3283064365387e-10,"CAFI_P006",50
"3045",2.3283064365387e-10,"CAFI_P006",100
"3046",2.3283064365387e-10,"CAFI_P006",25
"3047",2.3283064365387e-10,"CAFI_P006",50
"3048",2.3283064365387e-10,"CAFI_P006",100
"3049",2.3283064365387e-10,"CAFI_P006",25
"3050",2.3283064365387e-10,"CAFI_P006",50
"3051",2.3283064365387e-10,"CAFI_P006",100
"3052",2.3283064365387e-10,"CAFI_P006",25
"3053",2.3283064365387e-10,"CAFI_P006",50
"3054",2.3283064365387e-10,"CAFI_P006",100
"3055",2.3283064365387e-10,"CAFI_P006",25
"3056",2.3283064365387e-10,"CAFI_P006",50
"3057",2.3283064365387e-10,"CAFI_P006",100
"3058",2.3283064365387e-10,"CAFI_P006",25
"3059",2.3283064365387e-10,"CAFI_P006",50
"3060",2.3283064365387e-10,"CAFI_P006",100
"3061",2.3283064365387e-10,"CAFI_P006",25
"3062",2.3283064365387e-10,"CAFI_P006",50
"3063",2.3283064365387e-10,"CAFI_P006",100
"3064",2.3283064365387e-10,"CAFI_P006",25
"3065",2.3283064365387e-10,"CAFI_P006",50
"3066",2.3283064365387e-10,"CAFI_P006",100
"3067",2.3283064365387e-10,"CAFI_P006",25
"3068",2.3283064365387e-10,"CAFI_P006",50
"3069",2.3283064365387e-10,"CAFI_P006",100
"3070",2.3283064365387e-10,"CAFI_P006",25
"3071",2.3283064365387e-10,"CAFI_P006",50
"3072",2.3283064365387e-10,"CAFI_P006",100
"3073",2.3283064365387e-10,"CAFI_P006",25
"3074",2.3283064365387e-10,"CAFI_P006",50
"3075",2.3283064365387e-10,"CAFI_P006",100
"3076",2.3283064365387e-10,"CAFI_P006",25
"3077",2.3283064365387e-10,"CAFI_P006",50
"3078",2.3283064365387e-10,"CAFI_P006",100
"3079",2.3283064365387e-10,"CAFI_P006",25
"3080",2.3283064365387e-10,"CAFI_P006",50
"3081",2.3283064365387e-10,"CAFI_P006",100
"3082",2.3283064365387e-10,"CAFI_P006",25
"3083",2.3283064365387e-10,"CAFI_P006",50
"3084",2.3283064365387e-10,"CAFI_P006",100
"3085",2.3283064365387e-10,"CAFI_P006",25
"3086",2.3283064365387e-10,"CAFI_P006",50
"3087",2.3283064365387e-10,"CAFI_P006",100
"3088",2.3283064365387e-10,"CAFI_P006",25
"3089",2.3283064365387e-10,"CAFI_P006",50
"3090",2.3283064365387e-10,"CAFI_P006",100
"3091",2.3283064365387e-10,"CAFI_P006",25
"3092",2.3283064365387e-10,"CAFI_P006",50
"3093",2.3283064365387e-10,"CAFI_P006",100
"3094",2.3283064365387e-10,"CAFI_P006",25
"3095",2.3283064365387e-10,"CAFI_P006",50
"3096",2.3283064365387e-10,"CAFI_P006",100
"3097",2.3283064365387e-10,"CAFI_P006",25
"3098",2.3283064365387e-10,"CAFI_P006",50
"3099",2.3283064365387e-10,"CAFI_P006",100
"3100",2.3283064365387e-10,"CAFI_P006",25
"3101",2.3283064365387e-10,"CAFI_P006",50
"3102",2.3283064365387e-10,"CAFI_P006",100
"3103",2.3283064365387e-10,"CAFI_P006",25
"3104",2.3283064365387e-10,"CAFI_P006",50
"3105",2.3283064365387e-10,"CAFI_P006",100
"3106",2.3283064365387e-10,"CAFI_P006",25
"3107",2.3283064365387e-10,"CAFI_P006",50
"3108",2.3283064365387e-10,"CAFI_P006",100
"3109",2.3283064365387e-10,"CAFI_P006",25
"3110",2.3283064365387e-10,"CAFI_P006",50
"3111",2.3283064365387e-10,"CAFI_P006",100
"3112",2.3283064365387e-10,"CAFI_P006",25
"3113",2.3283064365387e-10,"CAFI_P006",50
"3114",2.3283064365387e-10,"CAFI_P006",100
"3115",2.3283064365387e-10,"CAFI_P006",25
"3116",2.3283064365387e-10,"CAFI_P006",50
"3117",2.3283064365387e-10,"CAFI_P006",100
"3118",2.3283064365387e-10,"CAFI_P006",25
"3119",2.3283064365387e-10,"CAFI_P006",50
"3120",2.3283064365387e-10,"CAFI_P006",100
"3121",2.3283064365387e-10,"CAFI_P006",25
"3122",2.3283064365387e-10,"CAFI_P006",50
"3123",2.3283064365387e-10,"CAFI_P006",100
"3124",2.3283064365387e-10,"CAFI_P006",25
"3125",2.3283064365387e-10,"CAFI_P006",50
"3126",2.3283064365387e-10,"CAFI_P006",100
"3127",2.3283064365387e-10,"CAFI_P006",25
"3128",2.3283064365387e-10,"CAFI_P006",50
"3129",2.3283064365387e-10,"CAFI_P006",100
"3130",2.3283064365387e-10,"CAFI_P006",25
"3131",2.3283064365387e-10,"CAFI_P006",50
"3132",2.3283064365387e-10,"CAFI_P006",100
"3133",2.3283064365387e-10,"CAFI_P006",25
"3134",2.3283064365387e-10,"CAFI_P006",50
"3135",2.3283064365387e-10,"CAFI_P006",100
"3136",2.3283064365387e-10,"CAFI_P006",25
"3137",2.3283064365387e-10,"CAFI_P006",50
"3138",2.3283064365387e-10,"CAFI_P006",100
"3139",2.3283064365387e-10,"CAFI_P006",25
"3140",2.3283064365387e-10,"CAFI_P006",50
"3141",2.3283064365387e-10,"CAFI_P006",100
"3142",2.3283064365387e-10,"CAFI_P006",25
"3143",2.3283064365387e-10,"CAFI_P006",50
"3144",2.3283064365387e-10,"CAFI_P006",100
"3145",2.3283064365387e-10,"CAFI_P006",25
"3146",2.3283064365387e-10,"CAFI_P006",50
"3147",2.3283064365387e-10,"CAFI_P006",100
"3148",2.3283064365387e-10,"CAFI_P006",25
"3149",2.3283064365387e-10,"CAFI_P006",50
"3150",2.3283064365387e-10,"CAFI_P006",100
"3151",2.3283064365387e-10,"CAFI_P006",25
"3152",2.3283064365387e-10,"CAFI_P006",50
"3153",2.3283064365387e-10,"CAFI_P006",100
"3154",2.3283064365387e-10,"CAFI_P006",25
"3155",2.3283064365387e-10,"CAFI_P006",50
"3156",2.3283064365387e-10,"CAFI_P006",100
"3157",2.3283064365387e-10,"CAFI_P006",25
"3158",2.3283064365387e-10,"CAFI_P006",50
"3159",2.3283064365387e-10,"CAFI_P006",100
"3160",2.3283064365387e-10,"CAFI_P006",25
"3161",2.3283064365387e-10,"CAFI_P006",50
"3162",2.3283064365387e-10,"CAFI_P006",100
"3163",2.3283064365387e-10,"CAFI_P006",25
"3164",2.3283064365387e-10,"CAFI_P006",50
"3165",2.3283064365387e-10,"CAFI_P006",100
"3166",2.3283064365387e-10,"CAFI_P006",25
"3167",2.3283064365387e-10,"CAFI_P006",50
"3168",2.3283064365387e-10,"CAFI_P006",100
"3169",2.3283064365387e-10,"CAFI_P006",25
"3170",2.3283064365387e-10,"CAFI_P006",50
"3171",2.3283064365387e-10,"CAFI_P006",100
"3172",2.3283064365387e-10,"CAFI_P006",25
"3173",2.3283064365387e-10,"CAFI_P006",50
"3174",2.3283064365387e-10,"CAFI_P006",100
"3175",2.3283064365387e-10,"CAFI_P006",25
"3176",2.3283064365387e-10,"CAFI_P006",50
"3177",2.3283064365387e-10,"CAFI_P006",100
"3178",2.3283064365387e-10,"CAFI_P006",25
"3179",2.3283064365387e-10,"CAFI_P006",50
"3180",2.3283064365387e-10,"CAFI_P006",100
"3181",2.3283064365387e-10,"CAFI_P006",25
"3182",2.3283064365387e-10,"CAFI_P006",50
"3183",2.3283064365387e-10,"CAFI_P006",100
"3184",2.3283064365387e-10,"CAFI_P006",25
"3185",2.3283064365387e-10,"CAFI_P006",50
"3186",2.3283064365387e-10,"CAFI_P006",100
"3187",2.3283064365387e-10,"CAFI_P006",25
"3188",2.3283064365387e-10,"CAFI_P006",50
"3189",2.3283064365387e-10,"CAFI_P006",100
"3190",2.3283064365387e-10,"CAFI_P006",25
"3191",2.3283064365387e-10,"CAFI_P006",50
"3192",2.3283064365387e-10,"CAFI_P006",100
"3193",2.3283064365387e-10,"CAFI_P006",25
"3194",2.3283064365387e-10,"CAFI_P006",50
"3195",2.3283064365387e-10,"CAFI_P006",100
"3196",2.3283064365387e-10,"CAFI_P006",25
"3197",2.3283064365387e-10,"CAFI_P006",50
"3198",2.3283064365387e-10,"CAFI_P006",100
"3199",2.3283064365387e-10,"CAFI_P006",25
"3200",2.3283064365387e-10,"CAFI_P006",50
"3201",2.3283064365387e-10,"CAFI_P006",100
"3202",2.3283064365387e-10,"CAFI_P006",25
"3203",2.3283064365387e-10,"CAFI_P006",50
"3204",2.3283064365387e-10,"CAFI_P006",100
"3205",2.3283064365387e-10,"CAFI_P006",25
"3206",2.3283064365387e-10,"CAFI_P006",50
"3207",2.3283064365387e-10,"CAFI_P006",100
"3208",2.3283064365387e-10,"CAFI_P006",25
"3209",2.3283064365387e-10,"CAFI_P006",50
"3210",2.3283064365387e-10,"CAFI_P006",100
"3211",2.3283064365387e-10,"CAFI_P006",25
"3212",2.3283064365387e-10,"CAFI_P006",50
"3213",2.3283064365387e-10,"CAFI_P006",100
"3214",2.3283064365387e-10,"CAFI_P006",25
"3215",2.3283064365387e-10,"CAFI_P006",50
"3216",2.3283064365387e-10,"CAFI_P006",100
"3217",2.3283064365387e-10,"CAFI_P006",25
"3218",2.3283064365387e-10,"CAFI_P006",50
"3219",2.3283064365387e-10,"CAFI_P006",100
"3220",2.3283064365387e-10,"CAFI_P006",25
"3221",2.3283064365387e-10,"CAFI_P006",50
"3222",2.3283064365387e-10,"CAFI_P006",100
"3223",2.3283064365387e-10,"CAFI_P006",25
"3224",2.3283064365387e-10,"CAFI_P006",50
"3225",2.3283064365387e-10,"CAFI_P006",100
"3226",2.3283064365387e-10,"CAFI_P006",25
"3227",2.3283064365387e-10,"CAFI_P006",50
"3228",2.3283064365387e-10,"CAFI_P006",100
"3229",2.3283064365387e-10,"CAFI_P006",25
"3230",2.3283064365387e-10,"CAFI_P006",50
"3231",2.3283064365387e-10,"CAFI_P006",100
"3232",2.3283064365387e-10,"CAFI_P006",25
"3233",2.3283064365387e-10,"CAFI_P006",50
"3234",2.3283064365387e-10,"CAFI_P006",100
"3235",2.3283064365387e-10,"CAFI_P006",25
"3236",2.3283064365387e-10,"CAFI_P006",50
"3237",2.3283064365387e-10,"CAFI_P006",100
"3238",2.3283064365387e-10,"CAFI_P006",25
"3239",2.3283064365387e-10,"CAFI_P006",50
"3240",2.3283064365387e-10,"CAFI_P006",100
"3241",2.3283064365387e-10,"CAFI_P006",25
"3242",2.3283064365387e-10,"CAFI_P006",50
"3243",2.3283064365387e-10,"CAFI_P006",100
"3244",2.3283064365387e-10,"CAFI_P006",25
"3245",2.3283064365387e-10,"CAFI_P006",50
"3246",2.3283064365387e-10,"CAFI_P006",100
"3247",2.3283064365387e-10,"CAFI_P006",25
"3248",2.3283064365387e-10,"CAFI_P006",50
"3249",2.3283064365387e-10,"CAFI_P006",100
"3250",2.3283064365387e-10,"CAFI_P006",25
"3251",2.3283064365387e-10,"CAFI_P006",50
"3252",2.3283064365387e-10,"CAFI_P006",100
"3253",2.3283064365387e-10,"CAFI_P006",25
"3254",2.3283064365387e-10,"CAFI_P006",50
"3255",2.3283064365387e-10,"CAFI_P006",100
"3256",2.3283064365387e-10,"CAFI_P006",25
"3257",2.3283064365387e-10,"CAFI_P006",50
"3258",2.3283064365387e-10,"CAFI_P006",100
"3259",2.3283064365387e-10,"CAFI_P006",25
"3260",2.3283064365387e-10,"CAFI_P006",50
"3261",2.3283064365387e-10,"CAFI_P006",100
"3262",2.3283064365387e-10,"CAFI_P006",25
"3263",2.3283064365387e-10,"CAFI_P006",50
"3264",2.3283064365387e-10,"CAFI_P006",100
"3265",2.3283064365387e-10,"CAFI_P006",25
"3266",2.3283064365387e-10,"CAFI_P006",50
"3267",2.3283064365387e-10,"CAFI_P006",100
"3268",2.3283064365387e-10,"CAFI_P006",25
"3269",2.3283064365387e-10,"CAFI_P006",50
"3270",2.3283064365387e-10,"CAFI_P006",100
"3271",2.3283064365387e-10,"CAFI_P006",25
"3272",2.3283064365387e-10,"CAFI_P006",50
"3273",2.3283064365387e-10,"CAFI_P006",100
"3274",2.3283064365387e-10,"CAFI_P006",25
"3275",2.3283064365387e-10,"CAFI_P006",50
"3276",2.3283064365387e-10,"CAFI_P006",100
"3277",2.3283064365387e-10,"CAFI_P006",25
"3278",2.3283064365387e-10,"CAFI_P006",50
"3279",2.3283064365387e-10,"CAFI_P006",100
"3280",2.3283064365387e-10,"CAFI_P006",25
"3281",2.3283064365387e-10,"CAFI_P006",50
"3282",2.3283064365387e-10,"CAFI_P006",100
"3283",2.3283064365387e-10,"CAFI_P006",25
"3284",2.3283064365387e-10,"CAFI_P006",50
"3285",2.3283064365387e-10,"CAFI_P006",100
"3286",2.3283064365387e-10,"CAFI_P006",25
"3287",2.3283064365387e-10,"CAFI_P006",50
"3288",2.3283064365387e-10,"CAFI_P006",100
"3289",2.3283064365387e-10,"CAFI_P006",25
"3290",2.3283064365387e-10,"CAFI_P006",50
"3291",2.3283064365387e-10,"CAFI_P006",100
"3292",2.3283064365387e-10,"CAFI_P006",25
"3293",2.3283064365387e-10,"CAFI_P006",50
"3294",2.3283064365387e-10,"CAFI_P006",100
"3295",2.3283064365387e-10,"CAFI_P006",25
"3296",2.3283064365387e-10,"CAFI_P006",50
"3297",2.3283064365387e-10,"CAFI_P006",100
"3298",2.3283064365387e-10,"CAFI_P006",25
"3299",2.3283064365387e-10,"CAFI_P006",50
"3300",2.3283064365387e-10,"CAFI_P006",100
"3301",-1.16415321826935e-10,"CAFI_P007",25
"3302",-1.16415321826935e-10,"CAFI_P007",50
"3303",-1.16415321826935e-10,"CAFI_P007",100
"3304",-1.16415321826935e-10,"CAFI_P007",25
"3305",-1.16415321826935e-10,"CAFI_P007",50
"3306",-1.16415321826935e-10,"CAFI_P007",100
"3307",-1.16415321826935e-10,"CAFI_P007",25
"3308",-1.16415321826935e-10,"CAFI_P007",50
"3309",-1.16415321826935e-10,"CAFI_P007",100
"3310",-1.16415321826935e-10,"CAFI_P007",25
"3311",-1.16415321826935e-10,"CAFI_P007",50
"3312",-1.16415321826935e-10,"CAFI_P007",100
"3313",-1.16415321826935e-10,"CAFI_P007",25
"3314",-1.16415321826935e-10,"CAFI_P007",50
"3315",-1.16415321826935e-10,"CAFI_P007",100
"3316",-1.16415321826935e-10,"CAFI_P007",25
"3317",-1.16415321826935e-10,"CAFI_P007",50
"3318",-1.16415321826935e-10,"CAFI_P007",100
"3319",-1.16415321826935e-10,"CAFI_P007",25
"3320",-1.16415321826935e-10,"CAFI_P007",50
"3321",-1.16415321826935e-10,"CAFI_P007",100
"3322",-1.16415321826935e-10,"CAFI_P007",25
"3323",-1.16415321826935e-10,"CAFI_P007",50
"3324",-1.16415321826935e-10,"CAFI_P007",100
"3325",-1.16415321826935e-10,"CAFI_P007",25
"3326",-1.16415321826935e-10,"CAFI_P007",50
"3327",-1.16415321826935e-10,"CAFI_P007",100
"3328",-1.16415321826935e-10,"CAFI_P007",25
"3329",-1.16415321826935e-10,"CAFI_P007",50
"3330",-1.16415321826935e-10,"CAFI_P007",100
"3331",-1.16415321826935e-10,"CAFI_P007",25
"3332",-1.16415321826935e-10,"CAFI_P007",50
"3333",-1.16415321826935e-10,"CAFI_P007",100
"3334",-1.16415321826935e-10,"CAFI_P007",25
"3335",-1.16415321826935e-10,"CAFI_P007",50
"3336",-1.16415321826935e-10,"CAFI_P007",100
"3337",-1.16415321826935e-10,"CAFI_P007",25
"3338",-1.16415321826935e-10,"CAFI_P007",50
"3339",-1.16415321826935e-10,"CAFI_P007",100
"3340",-1.16415321826935e-10,"CAFI_P007",25
"3341",-1.16415321826935e-10,"CAFI_P007",50
"3342",-1.16415321826935e-10,"CAFI_P007",100
"3343",-1.16415321826935e-10,"CAFI_P007",25
"3344",-1.16415321826935e-10,"CAFI_P007",50
"3345",-1.16415321826935e-10,"CAFI_P007",100
"3346",-1.16415321826935e-10,"CAFI_P007",25
"3347",-1.16415321826935e-10,"CAFI_P007",50
"3348",-1.16415321826935e-10,"CAFI_P007",100
"3349",-1.16415321826935e-10,"CAFI_P007",25
"3350",-1.16415321826935e-10,"CAFI_P007",50
"3351",-1.16415321826935e-10,"CAFI_P007",100
"3352",-1.16415321826935e-10,"CAFI_P007",25
"3353",-1.16415321826935e-10,"CAFI_P007",50
"3354",-1.16415321826935e-10,"CAFI_P007",100
"3355",-1.16415321826935e-10,"CAFI_P007",25
"3356",-1.16415321826935e-10,"CAFI_P007",50
"3357",-1.16415321826935e-10,"CAFI_P007",100
"3358",-1.16415321826935e-10,"CAFI_P007",25
"3359",-1.16415321826935e-10,"CAFI_P007",50
"3360",-1.16415321826935e-10,"CAFI_P007",100
"3361",-1.16415321826935e-10,"CAFI_P007",25
"3362",-1.16415321826935e-10,"CAFI_P007",50
"3363",-1.16415321826935e-10,"CAFI_P007",100
"3364",-1.16415321826935e-10,"CAFI_P007",25
"3365",-1.16415321826935e-10,"CAFI_P007",50
"3366",-1.16415321826935e-10,"CAFI_P007",100
"3367",-1.16415321826935e-10,"CAFI_P007",25
"3368",-1.16415321826935e-10,"CAFI_P007",50
"3369",-1.16415321826935e-10,"CAFI_P007",100
"3370",-1.16415321826935e-10,"CAFI_P007",25
"3371",-1.16415321826935e-10,"CAFI_P007",50
"3372",-1.16415321826935e-10,"CAFI_P007",100
"3373",-1.16415321826935e-10,"CAFI_P007",25
"3374",-1.16415321826935e-10,"CAFI_P007",50
"3375",-1.16415321826935e-10,"CAFI_P007",100
"3376",-1.16415321826935e-10,"CAFI_P007",25
"3377",-1.16415321826935e-10,"CAFI_P007",50
"3378",-1.16415321826935e-10,"CAFI_P007",100
"3379",-1.16415321826935e-10,"CAFI_P007",25
"3380",-1.16415321826935e-10,"CAFI_P007",50
"3381",-1.16415321826935e-10,"CAFI_P007",100
"3382",-1.16415321826935e-10,"CAFI_P007",25
"3383",-1.16415321826935e-10,"CAFI_P007",50
"3384",-1.16415321826935e-10,"CAFI_P007",100
"3385",-1.16415321826935e-10,"CAFI_P007",25
"3386",-1.16415321826935e-10,"CAFI_P007",50
"3387",-1.16415321826935e-10,"CAFI_P007",100
"3388",-1.16415321826935e-10,"CAFI_P007",25
"3389",-1.16415321826935e-10,"CAFI_P007",50
"3390",-1.16415321826935e-10,"CAFI_P007",100
"3391",-1.16415321826935e-10,"CAFI_P007",25
"3392",-1.16415321826935e-10,"CAFI_P007",50
"3393",-1.16415321826935e-10,"CAFI_P007",100
"3394",-1.16415321826935e-10,"CAFI_P007",25
"3395",-1.16415321826935e-10,"CAFI_P007",50
"3396",-1.16415321826935e-10,"CAFI_P007",100
"3397",-1.16415321826935e-10,"CAFI_P007",25
"3398",-1.16415321826935e-10,"CAFI_P007",50
"3399",-1.16415321826935e-10,"CAFI_P007",100
"3400",-1.16415321826935e-10,"CAFI_P007",25
"3401",-1.16415321826935e-10,"CAFI_P007",50
"3402",-1.16415321826935e-10,"CAFI_P007",100
"3403",-1.16415321826935e-10,"CAFI_P007",25
"3404",-1.16415321826935e-10,"CAFI_P007",50
"3405",-1.16415321826935e-10,"CAFI_P007",100
"3406",-1.16415321826935e-10,"CAFI_P007",25
"3407",-1.16415321826935e-10,"CAFI_P007",50
"3408",-1.16415321826935e-10,"CAFI_P007",100
"3409",-1.16415321826935e-10,"CAFI_P007",25
"3410",-1.16415321826935e-10,"CAFI_P007",50
"3411",-1.16415321826935e-10,"CAFI_P007",100
"3412",-1.16415321826935e-10,"CAFI_P007",25
"3413",-1.16415321826935e-10,"CAFI_P007",50
"3414",-1.16415321826935e-10,"CAFI_P007",100
"3415",-1.16415321826935e-10,"CAFI_P007",25
"3416",-1.16415321826935e-10,"CAFI_P007",50
"3417",-1.16415321826935e-10,"CAFI_P007",100
"3418",-1.16415321826935e-10,"CAFI_P007",25
"3419",-1.16415321826935e-10,"CAFI_P007",50
"3420",-1.16415321826935e-10,"CAFI_P007",100
"3421",-1.16415321826935e-10,"CAFI_P007",25
"3422",-1.16415321826935e-10,"CAFI_P007",50
"3423",-1.16415321826935e-10,"CAFI_P007",100
"3424",-1.16415321826935e-10,"CAFI_P007",25
"3425",-1.16415321826935e-10,"CAFI_P007",50
"3426",-1.16415321826935e-10,"CAFI_P007",100
"3427",-1.16415321826935e-10,"CAFI_P007",25
"3428",-1.16415321826935e-10,"CAFI_P007",50
"3429",-1.16415321826935e-10,"CAFI_P007",100
"3430",-1.16415321826935e-10,"CAFI_P007",25
"3431",-1.16415321826935e-10,"CAFI_P007",50
"3432",-1.16415321826935e-10,"CAFI_P007",100
"3433",-1.16415321826935e-10,"CAFI_P007",25
"3434",-1.16415321826935e-10,"CAFI_P007",50
"3435",-1.16415321826935e-10,"CAFI_P007",100
"3436",-1.16415321826935e-10,"CAFI_P007",25
"3437",-1.16415321826935e-10,"CAFI_P007",50
"3438",-1.16415321826935e-10,"CAFI_P007",100
"3439",-1.16415321826935e-10,"CAFI_P007",25
"3440",-1.16415321826935e-10,"CAFI_P007",50
"3441",-1.16415321826935e-10,"CAFI_P007",100
"3442",-1.16415321826935e-10,"CAFI_P007",25
"3443",-1.16415321826935e-10,"CAFI_P007",50
"3444",-1.16415321826935e-10,"CAFI_P007",100
"3445",-1.16415321826935e-10,"CAFI_P007",25
"3446",-1.16415321826935e-10,"CAFI_P007",50
"3447",-1.16415321826935e-10,"CAFI_P007",100
"3448",-1.16415321826935e-10,"CAFI_P007",25
"3449",-1.16415321826935e-10,"CAFI_P007",50
"3450",-1.16415321826935e-10,"CAFI_P007",100
"3451",-1.16415321826935e-10,"CAFI_P007",25
"3452",-1.16415321826935e-10,"CAFI_P007",50
"3453",-1.16415321826935e-10,"CAFI_P007",100
"3454",-1.16415321826935e-10,"CAFI_P007",25
"3455",-1.16415321826935e-10,"CAFI_P007",50
"3456",-1.16415321826935e-10,"CAFI_P007",100
"3457",-1.16415321826935e-10,"CAFI_P007",25
"3458",-1.16415321826935e-10,"CAFI_P007",50
"3459",-1.16415321826935e-10,"CAFI_P007",100
"3460",-1.16415321826935e-10,"CAFI_P007",25
"3461",-1.16415321826935e-10,"CAFI_P007",50
"3462",-1.16415321826935e-10,"CAFI_P007",100
"3463",-1.16415321826935e-10,"CAFI_P007",25
"3464",-1.16415321826935e-10,"CAFI_P007",50
"3465",-1.16415321826935e-10,"CAFI_P007",100
"3466",-1.16415321826935e-10,"CAFI_P007",25
"3467",-1.16415321826935e-10,"CAFI_P007",50
"3468",-1.16415321826935e-10,"CAFI_P007",100
"3469",-1.16415321826935e-10,"CAFI_P007",25
"3470",-1.16415321826935e-10,"CAFI_P007",50
"3471",-1.16415321826935e-10,"CAFI_P007",100
"3472",-1.16415321826935e-10,"CAFI_P007",25
"3473",-1.16415321826935e-10,"CAFI_P007",50
"3474",-1.16415321826935e-10,"CAFI_P007",100
"3475",-1.16415321826935e-10,"CAFI_P007",25
"3476",-1.16415321826935e-10,"CAFI_P007",50
"3477",-1.16415321826935e-10,"CAFI_P007",100
"3478",-1.16415321826935e-10,"CAFI_P007",25
"3479",-1.16415321826935e-10,"CAFI_P007",50
"3480",-1.16415321826935e-10,"CAFI_P007",100
"3481",-1.16415321826935e-10,"CAFI_P007",25
"3482",-1.16415321826935e-10,"CAFI_P007",50
"3483",-1.16415321826935e-10,"CAFI_P007",100
"3484",-1.16415321826935e-10,"CAFI_P007",25
"3485",-1.16415321826935e-10,"CAFI_P007",50
"3486",-1.16415321826935e-10,"CAFI_P007",100
"3487",-1.16415321826935e-10,"CAFI_P007",25
"3488",-1.16415321826935e-10,"CAFI_P007",50
"3489",-1.16415321826935e-10,"CAFI_P007",100
"3490",-1.16415321826935e-10,"CAFI_P007",25
"3491",-1.16415321826935e-10,"CAFI_P007",50
"3492",-1.16415321826935e-10,"CAFI_P007",100
"3493",-1.16415321826935e-10,"CAFI_P007",25
"3494",-1.16415321826935e-10,"CAFI_P007",50
"3495",-1.16415321826935e-10,"CAFI_P007",100
"3496",-1.16415321826935e-10,"CAFI_P007",25
"3497",-1.16415321826935e-10,"CAFI_P007",50
"3498",-1.16415321826935e-10,"CAFI_P007",100
"3499",-1.16415321826935e-10,"CAFI_P007",25
"3500",-1.16415321826935e-10,"CAFI_P007",50
"3501",-1.16415321826935e-10,"CAFI_P007",100
"3502",-1.16415321826935e-10,"CAFI_P007",25
"3503",-1.16415321826935e-10,"CAFI_P007",50
"3504",-1.16415321826935e-10,"CAFI_P007",100
"3505",-1.16415321826935e-10,"CAFI_P007",25
"3506",-1.16415321826935e-10,"CAFI_P007",50
"3507",-1.16415321826935e-10,"CAFI_P007",100
"3508",-1.16415321826935e-10,"CAFI_P007",25
"3509",-1.16415321826935e-10,"CAFI_P007",50
"3510",-1.16415321826935e-10,"CAFI_P007",100
"3511",-1.16415321826935e-10,"CAFI_P007",25
"3512",-1.16415321826935e-10,"CAFI_P007",50
"3513",-1.16415321826935e-10,"CAFI_P007",100
"3514",-1.16415321826935e-10,"CAFI_P007",25
"3515",-1.16415321826935e-10,"CAFI_P007",50
"3516",-1.16415321826935e-10,"CAFI_P007",100
"3517",-1.16415321826935e-10,"CAFI_P007",25
"3518",-1.16415321826935e-10,"CAFI_P007",50
"3519",-1.16415321826935e-10,"CAFI_P007",100
"3520",-1.16415321826935e-10,"CAFI_P007",25
"3521",-1.16415321826935e-10,"CAFI_P007",50
"3522",-1.16415321826935e-10,"CAFI_P007",100
"3523",-1.16415321826935e-10,"CAFI_P007",25
"3524",-1.16415321826935e-10,"CAFI_P007",50
"3525",-1.16415321826935e-10,"CAFI_P007",100
"3526",-1.16415321826935e-10,"CAFI_P007",25
"3527",-1.16415321826935e-10,"CAFI_P007",50
"3528",-1.16415321826935e-10,"CAFI_P007",100
"3529",-1.16415321826935e-10,"CAFI_P007",25
"3530",-1.16415321826935e-10,"CAFI_P007",50
"3531",-1.16415321826935e-10,"CAFI_P007",100
"3532",-1.16415321826935e-10,"CAFI_P007",25
"3533",-1.16415321826935e-10,"CAFI_P007",50
"3534",-1.16415321826935e-10,"CAFI_P007",100
"3535",-1.16415321826935e-10,"CAFI_P007",25
"3536",-1.16415321826935e-10,"CAFI_P007",50
"3537",-1.16415321826935e-10,"CAFI_P007",100
"3538",-1.16415321826935e-10,"CAFI_P007",25
"3539",-1.16415321826935e-10,"CAFI_P007",50
"3540",-1.16415321826935e-10,"CAFI_P007",100
"3541",-1.16415321826935e-10,"CAFI_P007",25
"3542",-1.16415321826935e-10,"CAFI_P007",50
"3543",-1.16415321826935e-10,"CAFI_P007",100
"3544",-1.16415321826935e-10,"CAFI_P007",25
"3545",-1.16415321826935e-10,"CAFI_P007",50
"3546",-1.16415321826935e-10,"CAFI_P007",100
"3547",-1.16415321826935e-10,"CAFI_P007",25
"3548",-1.16415321826935e-10,"CAFI_P007",50
"3549",-1.16415321826935e-10,"CAFI_P007",100
"3550",-1.16415321826935e-10,"CAFI_P007",25
"3551",-1.16415321826935e-10,"CAFI_P007",50
"3552",-1.16415321826935e-10,"CAFI_P007",100
"3553",-1.16415321826935e-10,"CAFI_P007",25
"3554",-1.16415321826935e-10,"CAFI_P007",50
"3555",-1.16415321826935e-10,"CAFI_P007",100
"3556",-1.16415321826935e-10,"CAFI_P007",25
"3557",-1.16415321826935e-10,"CAFI_P007",50
"3558",-1.16415321826935e-10,"CAFI_P007",100
"3559",-1.16415321826935e-10,"CAFI_P007",25
"3560",-1.16415321826935e-10,"CAFI_P007",50
"3561",-1.16415321826935e-10,"CAFI_P007",100
"3562",-1.16415321826935e-10,"CAFI_P007",25
"3563",-1.16415321826935e-10,"CAFI_P007",50
"3564",-1.16415321826935e-10,"CAFI_P007",100
"3565",-1.16415321826935e-10,"CAFI_P007",25
"3566",-1.16415321826935e-10,"CAFI_P007",50
"3567",-1.16415321826935e-10,"CAFI_P007",100
"3568",-1.16415321826935e-10,"CAFI_P007",25
"3569",-1.16415321826935e-10,"CAFI_P007",50
"3570",-1.16415321826935e-10,"CAFI_P007",100
"3571",-1.16415321826935e-10,"CAFI_P007",25
"3572",-1.16415321826935e-10,"CAFI_P007",50
"3573",-1.16415321826935e-10,"CAFI_P007",100
"3574",-1.16415321826935e-10,"CAFI_P007",25
"3575",-1.16415321826935e-10,"CAFI_P007",50
"3576",-1.16415321826935e-10,"CAFI_P007",100
"3577",-1.16415321826935e-10,"CAFI_P007",25
"3578",-1.16415321826935e-10,"CAFI_P007",50
"3579",-1.16415321826935e-10,"CAFI_P007",100
"3580",-1.16415321826935e-10,"CAFI_P007",25
"3581",-1.16415321826935e-10,"CAFI_P007",50
"3582",-1.16415321826935e-10,"CAFI_P007",100
"3583",-1.16415321826935e-10,"CAFI_P007",25
"3584",-1.16415321826935e-10,"CAFI_P007",50
"3585",-1.16415321826935e-10,"CAFI_P007",100
"3586",-1.16415321826935e-10,"CAFI_P007",25
"3587",-1.16415321826935e-10,"CAFI_P007",50
"3588",-1.16415321826935e-10,"CAFI_P007",100
"3589",-1.16415321826935e-10,"CAFI_P007",25
"3590",-1.16415321826935e-10,"CAFI_P007",50
"3591",-1.16415321826935e-10,"CAFI_P007",100
"3592",-1.16415321826935e-10,"CAFI_P007",25
"3593",-1.16415321826935e-10,"CAFI_P007",50
"3594",-1.16415321826935e-10,"CAFI_P007",100
"3595",-1.16415321826935e-10,"CAFI_P007",25
"3596",-1.16415321826935e-10,"CAFI_P007",50
"3597",-1.16415321826935e-10,"CAFI_P007",100
"3598",-1.16415321826935e-10,"CAFI_P007",25
"3599",-1.16415321826935e-10,"CAFI_P007",50
"3600",-1.16415321826935e-10,"CAFI_P007",100
"3601",-5501.95311636367,"CAFI_P008",25
"3602",-5332.42350201099,"CAFI_P008",50
"3603",-10683.7391533714,"CAFI_P008",100
"3604",-4375.37624891911,"CAFI_P008",25
"3605",-6678.96218802227,"CAFI_P008",50
"3606",-14420.6878025522,"CAFI_P008",100
"3607",-1538.4480774611,"CAFI_P008",25
"3608",-6245.72296817711,"CAFI_P008",50
"3609",-9590.39741905802,"CAFI_P008",100
"3610",171.17433652794,"CAFI_P008",25
"3611",-7314.7980324438,"CAFI_P008",50
"3612",-12428.0667837614,"CAFI_P008",100
"3613",-1350.44151995186,"CAFI_P008",25
"3614",-10015.8499063744,"CAFI_P008",50
"3615",-16561.1815782731,"CAFI_P008",100
"3616",547.024771433382,"CAFI_P008",25
"3617",-6383.80904444162,"CAFI_P008",50
"3618",-15250.9194945499,"CAFI_P008",100
"3619",-5126.91820697975,"CAFI_P008",25
"3620",-1473.75385499687,"CAFI_P008",50
"3621",-8878.64818580914,"CAFI_P008",100
"3622",-10899.2761815336,"CAFI_P008",25
"3623",-2098.65858076845,"CAFI_P008",50
"3624",-16551.0802153535,"CAFI_P008",100
"3625",-8929.47471029311,"CAFI_P008",25
"3626",-4351.24234849849,"CAFI_P008",50
"3627",-15592.7448606746,"CAFI_P008",100
"3628",455.36558800179,"CAFI_P008",25
"3629",-720.098002981686,"CAFI_P008",50
"3630",-15271.9070356585,"CAFI_P008",100
"3631",-421.742956000613,"CAFI_P008",25
"3632",-9405.87993374415,"CAFI_P008",50
"3633",-3383.07523315825,"CAFI_P008",100
"3634",111.993211836379,"CAFI_P008",25
"3635",-6163.98439587065,"CAFI_P008",50
"3636",-16027.2095675163,"CAFI_P008",100
"3637",1618.35198262555,"CAFI_P008",25
"3638",-9658.44138534629,"CAFI_P008",50
"3639",-14258.0643292561,"CAFI_P008",100
"3640",60.6235502421623,"CAFI_P008",25
"3641",-1341.60687411961,"CAFI_P008",50
"3642",-14106.9971796176,"CAFI_P008",100
"3643",2401.24288057286,"CAFI_P008",25
"3644",-446.227565730398,"CAFI_P008",50
"3645",-12995.6999781737,"CAFI_P008",100
"3646",-6486.84387670341,"CAFI_P008",25
"3647",-98.4203817315283,"CAFI_P008",50
"3648",-10316.5006826967,"CAFI_P008",100
"3649",-6211.72154399694,"CAFI_P008",25
"3650",-52.2948682560818,"CAFI_P008",50
"3651",-15073.7355728187,"CAFI_P008",100
"3652",-6340.86290516006,"CAFI_P008",25
"3653",-10774.0101529963,"CAFI_P008",50
"3654",-14942.3668785227,"CAFI_P008",100
"3655",-14949.4520841531,"CAFI_P008",25
"3656",-5902.7908298198,"CAFI_P008",50
"3657",-17264.7484505191,"CAFI_P008",100
"3658",-5026.91659223317,"CAFI_P008",25
"3659",-14147.2433625898,"CAFI_P008",50
"3660",-9989.3935578345,"CAFI_P008",100
"3661",-2415.16539889853,"CAFI_P008",25
"3662",-9234.91839625873,"CAFI_P008",50
"3663",-1448.38577124372,"CAFI_P008",100
"3664",-315.469692180748,"CAFI_P008",25
"3665",9803.78120628255,"CAFI_P008",50
"3666",-13149.9423115479,"CAFI_P008",100
"3667",-3868.71887036902,"CAFI_P008",25
"3668",-11042.516525362,"CAFI_P008",50
"3669",-13145.2798917773,"CAFI_P008",100
"3670",8926.8297398279,"CAFI_P008",25
"3671",-3993.82977381651,"CAFI_P008",50
"3672",-17294.3244109652,"CAFI_P008",100
"3673",-128.395283516205,"CAFI_P008",25
"3674",-11236.271007858,"CAFI_P008",50
"3675",-14636.7446665671,"CAFI_P008",100
"3676",2314.9643615876,"CAFI_P008",25
"3677",-9203.46477079205,"CAFI_P008",50
"3678",-17389.7847041374,"CAFI_P008",100
"3679",-9143.61083210114,"CAFI_P008",25
"3680",-8504.11685548164,"CAFI_P008",50
"3681",-15742.0258159867,"CAFI_P008",100
"3682",-954.136442613788,"CAFI_P008",25
"3683",-3533.53206729906,"CAFI_P008",50
"3684",-13621.5500701172,"CAFI_P008",100
"3685",-1612.31338315416,"CAFI_P008",25
"3686",-8032.18716637656,"CAFI_P008",50
"3687",-16997.2525697541,"CAFI_P008",100
"3688",-9702.50719206576,"CAFI_P008",25
"3689",-5650.7607786064,"CAFI_P008",50
"3690",-13156.2562326049,"CAFI_P008",100
"3691",-9423.04208049888,"CAFI_P008",25
"3692",-2247.73445147305,"CAFI_P008",50
"3693",-5643.12441275618,"CAFI_P008",100
"3694",4706.90210397338,"CAFI_P008",25
"3695",-10848.5588274738,"CAFI_P008",50
"3696",-12538.6345423423,"CAFI_P008",100
"3697",-105.042567134311,"CAFI_P008",25
"3698",1308.44755870925,"CAFI_P008",50
"3699",-11351.183911062,"CAFI_P008",100
"3700",-604.047623565071,"CAFI_P008",25
"3701",-9076.05441658362,"CAFI_P008",50
"3702",-15658.7401102317,"CAFI_P008",100
"3703",-450.892113534792,"CAFI_P008",25
"3704",-3071.15422674076,"CAFI_P008",50
"3705",-6322.10870250053,"CAFI_P008",100
"3706",417.854700645374,"CAFI_P008",25
"3707",-10466.1054967681,"CAFI_P008",50
"3708",-11309.2389627305,"CAFI_P008",100
"3709",-618.921606410178,"CAFI_P008",25
"3710",-162.614353900834,"CAFI_P008",50
"3711",-16171.6010408418,"CAFI_P008",100
"3712",-4998.07030276605,"CAFI_P008",25
"3713",-1101.54099442641,"CAFI_P008",50
"3714",8076.77393354924,"CAFI_P008",100
"3715",-166.194608543592,"CAFI_P008",25
"3716",-783.051786373893,"CAFI_P008",50
"3717",1982.82559028832,"CAFI_P008",100
"3718",-94.0033083201852,"CAFI_P008",25
"3719",-1789.90320850565,"CAFI_P008",50
"3720",-16971.7351685216,"CAFI_P008",100
"3721",18154.8400797098,"CAFI_P008",25
"3722",-10937.2973837846,"CAFI_P008",50
"3723",-14980.3065177542,"CAFI_P008",100
"3724",-4957.80473232822,"CAFI_P008",25
"3725",-13807.0032985143,"CAFI_P008",50
"3726",522.08089408488,"CAFI_P008",100
"3727",-6251.58076477482,"CAFI_P008",25
"3728",-14554.0126382533,"CAFI_P008",50
"3729",-13788.1610543863,"CAFI_P008",100
"3730",3325.94432590948,"CAFI_P008",25
"3731",-989.242744200397,"CAFI_P008",50
"3732",-13552.5595437241,"CAFI_P008",100
"3733",-1003.8001599249,"CAFI_P008",25
"3734",-11072.3992690819,"CAFI_P008",50
"3735",-11215.9941612244,"CAFI_P008",100
"3736",639.56560682907,"CAFI_P008",25
"3737",-5862.93003692821,"CAFI_P008",50
"3738",-10303.4033267896,"CAFI_P008",100
"3739",67.1707959355554,"CAFI_P008",25
"3740",-3853.8529251811,"CAFI_P008",50
"3741",-11982.7292888666,"CAFI_P008",100
"3742",-9962.17797711474,"CAFI_P008",25
"3743",-9185.20033925114,"CAFI_P008",50
"3744",-9514.22300603485,"CAFI_P008",100
"3745",566.242596349039,"CAFI_P008",25
"3746",-11630.2054506281,"CAFI_P008",50
"3747",24619.481605414,"CAFI_P008",100
"3748",-1334.67549349036,"CAFI_P008",25
"3749",-13688.1273949535,"CAFI_P008",50
"3750",53.4932313063764,"CAFI_P008",100
"3751",-10850.4327723234,"CAFI_P008",25
"3752",-2743.79784855177,"CAFI_P008",50
"3753",-16378.2320343507,"CAFI_P008",100
"3754",17681.0454170863,"CAFI_P008",25
"3755",-8847.44322802877,"CAFI_P008",50
"3756",-11687.1500112539,"CAFI_P008",100
"3757",1120.96683094808,"CAFI_P008",25
"3758",11549.979383067,"CAFI_P008",50
"3759",-13618.5620495857,"CAFI_P008",100
"3760",-7970.92807374464,"CAFI_P008",25
"3761",-15492.4806400987,"CAFI_P008",50
"3762",-15226.0254221241,"CAFI_P008",100
"3763",-6363.10772637377,"CAFI_P008",25
"3764",-10617.0999520469,"CAFI_P008",50
"3765",-93.9167283384013,"CAFI_P008",100
"3766",5160.39314786671,"CAFI_P008",25
"3767",-6928.8581047926,"CAFI_P008",50
"3768",10718.7801920336,"CAFI_P008",100
"3769",-6433.75708911987,"CAFI_P008",25
"3770",-10136.3716320746,"CAFI_P008",50
"3771",-11887.9433246012,"CAFI_P008",100
"3772",-9986.44961892918,"CAFI_P008",25
"3773",-10420.6729853216,"CAFI_P008",50
"3774",-11415.383612716,"CAFI_P008",100
"3775",-6499.24798698205,"CAFI_P008",25
"3776",-4613.11685365968,"CAFI_P008",50
"3777",-12297.4167050616,"CAFI_P008",100
"3778",-8536.0817295055,"CAFI_P008",25
"3779",-11741.7625713632,"CAFI_P008",50
"3780",-12597.2291285593,"CAFI_P008",100
"3781",-961.30659433949,"CAFI_P008",25
"3782",-13434.5476240727,"CAFI_P008",50
"3783",-5314.68431854493,"CAFI_P008",100
"3784",-51.7334109862568,"CAFI_P008",25
"3785",-1513.06113611866,"CAFI_P008",50
"3786",-11165.4773907303,"CAFI_P008",100
"3787",15379.3323009604,"CAFI_P008",25
"3788",-9838.56982322485,"CAFI_P008",50
"3789",15105.6642608293,"CAFI_P008",100
"3790",-9766.67863551877,"CAFI_P008",25
"3791",-5584.99674193276,"CAFI_P008",50
"3792",-11190.7193369229,"CAFI_P008",100
"3793",-3522.495778326,"CAFI_P008",25
"3794",-9908.12293849688,"CAFI_P008",50
"3795",-16548.5907303508,"CAFI_P008",100
"3796",-9345.73699887464,"CAFI_P008",25
"3797",-12601.174573826,"CAFI_P008",50
"3798",-16486.4001320856,"CAFI_P008",100
"3799",-4839.93204879982,"CAFI_P008",25
"3800",-10825.8345032706,"CAFI_P008",50
"3801",-12174.9483231707,"CAFI_P008",100
"3802",-5103.60005224269,"CAFI_P008",25
"3803",-3363.99192095804,"CAFI_P008",50
"3804",-7363.81562417641,"CAFI_P008",100
"3805",2693.32733648899,"CAFI_P008",25
"3806",-14827.6820126679,"CAFI_P008",50
"3807",-8421.44316007715,"CAFI_P008",100
"3808",-7372.35048518627,"CAFI_P008",25
"3809",-10801.4655936622,"CAFI_P008",50
"3810",-17121.5524655422,"CAFI_P008",100
"3811",1602.36646310519,"CAFI_P008",25
"3812",19264.093213587,"CAFI_P008",50
"3813",-11737.8949873164,"CAFI_P008",100
"3814",-1282.05367165583,"CAFI_P008",25
"3815",-6346.13387016987,"CAFI_P008",50
"3816",-6313.93954230304,"CAFI_P008",100
"3817",-4387.35930262943,"CAFI_P008",25
"3818",-6067.26737490029,"CAFI_P008",50
"3819",-13140.7268534437,"CAFI_P008",100
"3820",1274.29052118468,"CAFI_P008",25
"3821",289.330188452557,"CAFI_P008",50
"3822",-10115.4936052061,"CAFI_P008",100
"3823",-1595.69297282764,"CAFI_P008",25
"3824",-15215.6692262216,"CAFI_P008",50
"3825",-14899.1718099172,"CAFI_P008",100
"3826",6061.26177442365,"CAFI_P008",25
"3827",-3204.8755758531,"CAFI_P008",50
"3828",-16143.6883590343,"CAFI_P008",100
"3829",9.1141066692071,"CAFI_P008",25
"3830",938.620214989351,"CAFI_P008",50
"3831",-14009.4430084655,"CAFI_P008",100
"3832",-10797.2048379826,"CAFI_P008",25
"3833",2128.76886399661,"CAFI_P008",50
"3834",2664.15756521025,"CAFI_P008",100
"3835",-1400.52508973482,"CAFI_P008",25
"3836",6264.44176142401,"CAFI_P008",50
"3837",-2952.7607833494,"CAFI_P008",100
"3838",-1692.30408016016,"CAFI_P008",25
"3839",302.606715127302,"CAFI_P008",50
"3840",-9639.51077875041,"CAFI_P008",100
"3841",1177.95241181517,"CAFI_P008",25
"3842",-6202.81433214148,"CAFI_P008",50
"3843",-13674.7845641893,"CAFI_P008",100
"3844",-5073.48731381772,"CAFI_P008",25
"3845",-8782.30658793024,"CAFI_P008",50
"3846",-2735.57152901706,"CAFI_P008",100
"3847",355.085706246493,"CAFI_P008",25
"3848",-4788.31604045955,"CAFI_P008",50
"3849",-15478.2087776281,"CAFI_P008",100
"3850",-349.352681737975,"CAFI_P008",25
"3851",-5161.14632779796,"CAFI_P008",50
"3852",-14930.0246780645,"CAFI_P008",100
"3853",-4567.0991824466,"CAFI_P008",25
"3854",-4570.08244707674,"CAFI_P008",50
"3855",-12380.4612394097,"CAFI_P008",100
"3856",-4571.38917491614,"CAFI_P008",25
"3857",-5753.53979104932,"CAFI_P008",50
"3858",-12859.7277025085,"CAFI_P008",100
"3859",-9351.27348452061,"CAFI_P008",25
"3860",-14989.2588131362,"CAFI_P008",50
"3861",-14966.4345396564,"CAFI_P008",100
"3862",-9656.92984167964,"CAFI_P008",25
"3863",-13507.1835472537,"CAFI_P008",50
"3864",-8491.39821790793,"CAFI_P008",100
"3865",-1060.71874827234,"CAFI_P008",25
"3866",-7526.07361255068,"CAFI_P008",50
"3867",-6709.82494405395,"CAFI_P008",100
"3868",-9751.57984473888,"CAFI_P008",25
"3869",-12756.4514703858,"CAFI_P008",50
"3870",-14930.6104622071,"CAFI_P008",100
"3871",-6232.05965883157,"CAFI_P008",25
"3872",-3080.08116665954,"CAFI_P008",50
"3873",-10122.5269080946,"CAFI_P008",100
"3874",-1616.80605332059,"CAFI_P008",25
"3875",638.914045076468,"CAFI_P008",50
"3876",-12571.4377343776,"CAFI_P008",100
"3877",-10664.2545017355,"CAFI_P008",25
"3878",-4949.83140347904,"CAFI_P008",50
"3879",-15101.9590046509,"CAFI_P008",100
"3880",-8864.19481857319,"CAFI_P008",25
"3881",-1215.28278335882,"CAFI_P008",50
"3882",-12683.7201218982,"CAFI_P008",100
"3883",-4478.86464005912,"CAFI_P008",25
"3884",-8954.28040252434,"CAFI_P008",50
"3885",-10801.3907057119,"CAFI_P008",100
"3886",-115.218949711649,"CAFI_P008",25
"3887",-6890.46449007373,"CAFI_P008",50
"3888",-14154.8577434898,"CAFI_P008",100
"3889",9029.79102648812,"CAFI_P008",25
"3890",-9414.19726249226,"CAFI_P008",50
"3891",10341.2313275829,"CAFI_P008",100
"3892",236.150581366557,"CAFI_P008",25
"3893",-10812.332953079,"CAFI_P008",50
"3894",-13225.3010490083,"CAFI_P008",100
"3895",-531.785590932064,"CAFI_P008",25
"3896",-10048.468989713,"CAFI_P008",50
"3897",-14407.4072709444,"CAFI_P008",100
"3898",3551.53752421937,"CAFI_P008",25
"3899",10366.3602734994,"CAFI_P008",50
"3900",-16502.8975668671,"CAFI_P008",100
"3901",4.07453626394272e-10,"CAFI_P009",25
"3902",61.8852447258541,"CAFI_P009",50
"3903",1846.96578155539,"CAFI_P009",100
"3904",4.07453626394272e-10,"CAFI_P009",25
"3905",-426.397105505341,"CAFI_P009",50
"3906",-196.143444475019,"CAFI_P009",100
"3907",4.07453626394272e-10,"CAFI_P009",25
"3908",99.6040534224012,"CAFI_P009",50
"3909",253.389095883642,"CAFI_P009",100
"3910",4.07453626394272e-10,"CAFI_P009",25
"3911",261.36912163446,"CAFI_P009",50
"3912",872.324992683425,"CAFI_P009",100
"3913",4.07453626394272e-10,"CAFI_P009",25
"3914",2256.13336724817,"CAFI_P009",50
"3915",-221.411844255694,"CAFI_P009",100
"3916",4.07453626394272e-10,"CAFI_P009",25
"3917",-418.255699338391,"CAFI_P009",50
"3918",5828.41084378213,"CAFI_P009",100
"3919",4.07453626394272e-10,"CAFI_P009",25
"3920",-440.420281112019,"CAFI_P009",50
"3921",304.069188374502,"CAFI_P009",100
"3922",4.07453626394272e-10,"CAFI_P009",25
"3923",325.576311684039,"CAFI_P009",50
"3924",415.063881057256,"CAFI_P009",100
"3925",4.07453626394272e-10,"CAFI_P009",25
"3926",-227.498834776809,"CAFI_P009",50
"3927",-361.309994359501,"CAFI_P009",100
"3928",4.07453626394272e-10,"CAFI_P009",25
"3929",-396.903093571251,"CAFI_P009",50
"3930",142.669330983539,"CAFI_P009",100
"3931",4.07453626394272e-10,"CAFI_P009",25
"3932",162.274614199239,"CAFI_P009",50
"3933",-329.355910069658,"CAFI_P009",100
"3934",4.07453626394272e-10,"CAFI_P009",25
"3935",2679.11409578577,"CAFI_P009",50
"3936",-214.405476550746,"CAFI_P009",100
"3937",4.07453626394272e-10,"CAFI_P009",25
"3938",-300.618349820375,"CAFI_P009",50
"3939",663.397370090417,"CAFI_P009",100
"3940",4.07453626394272e-10,"CAFI_P009",25
"3941",-389.030591497372,"CAFI_P009",50
"3942",-404.923690119467,"CAFI_P009",100
"3943",4.07453626394272e-10,"CAFI_P009",25
"3944",-375.810260177008,"CAFI_P009",50
"3945",95.3393525409629,"CAFI_P009",100
"3946",4.07453626394272e-10,"CAFI_P009",25
"3947",-42.3151631757501,"CAFI_P009",50
"3948",1658.49936827703,"CAFI_P009",100
"3949",4.07453626394272e-10,"CAFI_P009",25
"3950",229.817554648849,"CAFI_P009",50
"3951",304.148927866016,"CAFI_P009",100
"3952",4.07453626394272e-10,"CAFI_P009",25
"3953",420.092258053832,"CAFI_P009",50
"3954",189.84742123977,"CAFI_P009",100
"3955",4.07453626394272e-10,"CAFI_P009",25
"3956",57.8882863455801,"CAFI_P009",50
"3957",-295.73325803678,"CAFI_P009",100
"3958",4.07453626394272e-10,"CAFI_P009",25
"3959",74.8611846020212,"CAFI_P009",50
"3960",-272.475847131747,"CAFI_P009",100
"3961",4.07453626394272e-10,"CAFI_P009",25
"3962",66.9210424549528,"CAFI_P009",50
"3963",-378.726235079637,"CAFI_P009",100
"3964",4.07453626394272e-10,"CAFI_P009",25
"3965",102.973711287021,"CAFI_P009",50
"3966",-280.089187250182,"CAFI_P009",100
"3967",4.07453626394272e-10,"CAFI_P009",25
"3968",339.948415799183,"CAFI_P009",50
"3969",1763.19670997735,"CAFI_P009",100
"3970",4.07453626394272e-10,"CAFI_P009",25
"3971",3925.06110032659,"CAFI_P009",50
"3972",92.2355223006452,"CAFI_P009",100
"3973",4.07453626394272e-10,"CAFI_P009",25
"3974",483.529129102186,"CAFI_P009",50
"3975",260.418160531553,"CAFI_P009",100
"3976",4.07453626394272e-10,"CAFI_P009",25
"3977",2263.4031114229,"CAFI_P009",50
"3978",-264.651379985618,"CAFI_P009",100
"3979",4.07453626394272e-10,"CAFI_P009",25
"3980",1130.26020610658,"CAFI_P009",50
"3981",41.2626059963368,"CAFI_P009",100
"3982",4.07453626394272e-10,"CAFI_P009",25
"3983",-189.604196296597,"CAFI_P009",50
"3984",-282.420709455735,"CAFI_P009",100
"3985",4.07453626394272e-10,"CAFI_P009",25
"3986",-429.659847053641,"CAFI_P009",50
"3987",-195.780952594592,"CAFI_P009",100
"3988",4.07453626394272e-10,"CAFI_P009",25
"3989",199.473707822675,"CAFI_P009",50
"3990",-282.62668086536,"CAFI_P009",100
"3991",4.07453626394272e-10,"CAFI_P009",25
"3992",62.9152843790362,"CAFI_P009",50
"3993",822.229599961371,"CAFI_P009",100
"3994",4.07453626394272e-10,"CAFI_P009",25
"3995",1813.88894659176,"CAFI_P009",50
"3996",-273.71744522138,"CAFI_P009",100
"3997",4.07453626394272e-10,"CAFI_P009",25
"3998",-288.67646058806,"CAFI_P009",50
"3999",-223.065812598274,"CAFI_P009",100
"4000",4.07453626394272e-10,"CAFI_P009",25
"4001",22.2154065228533,"CAFI_P009",50
"4002",-144.211055254913,"CAFI_P009",100
"4003",4.07453626394272e-10,"CAFI_P009",25
"4004",-301.758148263965,"CAFI_P009",50
"4005",604.177119857224,"CAFI_P009",100
"4006",4.07453626394272e-10,"CAFI_P009",25
"4007",429.687448867713,"CAFI_P009",50
"4008",154.629091414565,"CAFI_P009",100
"4009",4.07453626394272e-10,"CAFI_P009",25
"4010",-420.609985675314,"CAFI_P009",50
"4011",2653.39800129156,"CAFI_P009",100
"4012",4.07453626394272e-10,"CAFI_P009",25
"4013",142.016405390983,"CAFI_P009",50
"4014",988.72934683488,"CAFI_P009",100
"4015",4.07453626394272e-10,"CAFI_P009",25
"4016",250.014193181472,"CAFI_P009",50
"4017",-141.671963705972,"CAFI_P009",100
"4018",4.07453626394272e-10,"CAFI_P009",25
"4019",-381.249544388091,"CAFI_P009",50
"4020",1076.53950762376,"CAFI_P009",100
"4021",4.07453626394272e-10,"CAFI_P009",25
"4022",-428.951561092283,"CAFI_P009",50
"4023",377.777094877616,"CAFI_P009",100
"4024",4.07453626394272e-10,"CAFI_P009",25
"4025",-82.3968697456876,"CAFI_P009",50
"4026",14.3491763553466,"CAFI_P009",100
"4027",4.07453626394272e-10,"CAFI_P009",25
"4028",-305.613545941189,"CAFI_P009",50
"4029",47.1660134700942,"CAFI_P009",100
"4030",4.07453626394272e-10,"CAFI_P009",25
"4031",61.5810488999123,"CAFI_P009",50
"4032",264.681041845644,"CAFI_P009",100
"4033",4.07453626394272e-10,"CAFI_P009",25
"4034",-17.0920801192406,"CAFI_P009",50
"4035",-374.605823467718,"CAFI_P009",100
"4036",4.07453626394272e-10,"CAFI_P009",25
"4037",-423.929838040553,"CAFI_P009",50
"4038",288.153583008621,"CAFI_P009",100
"4039",4.07453626394272e-10,"CAFI_P009",25
"4040",464.415109207854,"CAFI_P009",50
"4041",21.9081652244786,"CAFI_P009",100
"4042",4.07453626394272e-10,"CAFI_P009",25
"4043",101.9891337874,"CAFI_P009",50
"4044",-144.689543689019,"CAFI_P009",100
"4045",4.07453626394272e-10,"CAFI_P009",25
"4046",404.464365811204,"CAFI_P009",50
"4047",3782.4434745271,"CAFI_P009",100
"4048",4.07453626394272e-10,"CAFI_P009",25
"4049",53.68227678939,"CAFI_P009",50
"4050",-222.075558640063,"CAFI_P009",100
"4051",4.07453626394272e-10,"CAFI_P009",25
"4052",140.151166543132,"CAFI_P009",50
"4053",57.7436362732551,"CAFI_P009",100
"4054",4.07453626394272e-10,"CAFI_P009",25
"4055",-400.178610444185,"CAFI_P009",50
"4056",-304.188886652468,"CAFI_P009",100
"4057",4.07453626394272e-10,"CAFI_P009",25
"4058",132.348868030531,"CAFI_P009",50
"4059",433.748231660808,"CAFI_P009",100
"4060",4.07453626394272e-10,"CAFI_P009",25
"4061",-324.982854091621,"CAFI_P009",50
"4062",-339.924927816086,"CAFI_P009",100
"4063",4.07453626394272e-10,"CAFI_P009",25
"4064",15.4722890837002,"CAFI_P009",50
"4065",-86.1836909538833,"CAFI_P009",100
"4066",4.07453626394272e-10,"CAFI_P009",25
"4067",-110.806424062524,"CAFI_P009",50
"4068",-121.262336506275,"CAFI_P009",100
"4069",4.07453626394272e-10,"CAFI_P009",25
"4070",-230.631318843283,"CAFI_P009",50
"4071",94.3583602808649,"CAFI_P009",100
"4072",4.07453626394272e-10,"CAFI_P009",25
"4073",1535.46940981818,"CAFI_P009",50
"4074",-293.127464127843,"CAFI_P009",100
"4075",4.07453626394272e-10,"CAFI_P009",25
"4076",-432.974434475531,"CAFI_P009",50
"4077",859.821433679317,"CAFI_P009",100
"4078",4.07453626394272e-10,"CAFI_P009",25
"4079",-381.249544388091,"CAFI_P009",50
"4080",1688.26367542788,"CAFI_P009",100
"4081",4.07453626394272e-10,"CAFI_P009",25
"4082",468.854949214787,"CAFI_P009",50
"4083",1749.10519233381,"CAFI_P009",100
"4084",4.07453626394272e-10,"CAFI_P009",25
"4085",495.957166709995,"CAFI_P009",50
"4086",-255.023859212757,"CAFI_P009",100
"4087",4.07453626394272e-10,"CAFI_P009",25
"4088",673.95163258072,"CAFI_P009",50
"4089",273.34062380559,"CAFI_P009",100
"4090",4.07453626394272e-10,"CAFI_P009",25
"4091",-156.63803492533,"CAFI_P009",50
"4092",134.992844638473,"CAFI_P009",100
"4093",4.07453626394272e-10,"CAFI_P009",25
"4094",3186.539658244,"CAFI_P009",50
"4095",289.861710464291,"CAFI_P009",100
"4096",4.07453626394272e-10,"CAFI_P009",25
"4097",-409.75545355113,"CAFI_P009",50
"4098",192.995646916796,"CAFI_P009",100
"4099",4.07453626394272e-10,"CAFI_P009",25
"4100",-402.177811349218,"CAFI_P009",50
"4101",-401.455573739484,"CAFI_P009",100
"4102",4.07453626394272e-10,"CAFI_P009",25
"4103",526.577123859664,"CAFI_P009",50
"4104",1642.066019847,"CAFI_P009",100
"4105",4.07453626394272e-10,"CAFI_P009",25
"4106",-144.99817264406,"CAFI_P009",50
"4107",1206.95505890745,"CAFI_P009",100
"4108",4.07453626394272e-10,"CAFI_P009",25
"4109",240.126822128135,"CAFI_P009",50
"4110",-379.609350543062,"CAFI_P009",100
"4111",4.07453626394272e-10,"CAFI_P009",25
"4112",612.636910267116,"CAFI_P009",50
"4113",-274.793024911196,"CAFI_P009",100
"4114",4.07453626394272e-10,"CAFI_P009",25
"4115",148.991399096965,"CAFI_P009",50
"4116",1153.53502334823,"CAFI_P009",100
"4117",4.07453626394272e-10,"CAFI_P009",25
"4118",186.240467051044,"CAFI_P009",50
"4119",354.726304612064,"CAFI_P009",100
"4120",4.07453626394272e-10,"CAFI_P009",25
"4121",8491.47661584022,"CAFI_P009",50
"4122",699.690829888335,"CAFI_P009",100
"4123",4.07453626394272e-10,"CAFI_P009",25
"4124",-410.976557039248,"CAFI_P009",50
"4125",690.650207953877,"CAFI_P009",100
"4126",4.07453626394272e-10,"CAFI_P009",25
"4127",-393.097252197622,"CAFI_P009",50
"4128",-227.555283948779,"CAFI_P009",100
"4129",4.07453626394272e-10,"CAFI_P009",25
"4130",-209.138463240524,"CAFI_P009",50
"4131",1679.11468240246,"CAFI_P009",100
"4132",4.07453626394272e-10,"CAFI_P009",25
"4133",-147.602421061893,"CAFI_P009",50
"4134",-170.934168592561,"CAFI_P009",100
"4135",4.07453626394272e-10,"CAFI_P009",25
"4136",-439.110420040262,"CAFI_P009",50
"4137",-250.861420872447,"CAFI_P009",100
"4138",4.07453626394272e-10,"CAFI_P009",25
"4139",2256.13336724817,"CAFI_P009",50
"4140",-355.17375467479,"CAFI_P009",100
"4141",4.07453626394272e-10,"CAFI_P009",25
"4142",4370.56578587223,"CAFI_P009",50
"4143",2865.95552666148,"CAFI_P009",100
"4144",4.07453626394272e-10,"CAFI_P009",25
"4145",411.252269927063,"CAFI_P009",50
"4146",-287.88411036873,"CAFI_P009",100
"4147",4.07453626394272e-10,"CAFI_P009",25
"4148",140.271372697025,"CAFI_P009",50
"4149",725.672141486371,"CAFI_P009",100
"4150",4.07453626394272e-10,"CAFI_P009",25
"4151",-137.765153812827,"CAFI_P009",50
"4152",1847.81801030226,"CAFI_P009",100
"4153",4.07453626394272e-10,"CAFI_P009",25
"4154",-359.468305004586,"CAFI_P009",50
"4155",40.5110994377173,"CAFI_P009",100
"4156",4.07453626394272e-10,"CAFI_P009",25
"4157",494.200456880557,"CAFI_P009",50
"4158",-168.691348138731,"CAFI_P009",100
"4159",4.07453626394272e-10,"CAFI_P009",25
"4160",50.9833989254548,"CAFI_P009",50
"4161",-95.238324961043,"CAFI_P009",100
"4162",4.07453626394272e-10,"CAFI_P009",25
"4163",-436.724622363341,"CAFI_P009",50
"4164",-287.718311146833,"CAFI_P009",100
"4165",4.07453626394272e-10,"CAFI_P009",25
"4166",-428.951561092283,"CAFI_P009",50
"4167",-397.709209705004,"CAFI_P009",100
"4168",4.07453626394272e-10,"CAFI_P009",25
"4169",-412.000429578125,"CAFI_P009",50
"4170",-385.969100637245,"CAFI_P009",100
"4171",4.07453626394272e-10,"CAFI_P009",25
"4172",104.352065529441,"CAFI_P009",50
"4173",664.650412855553,"CAFI_P009",100
"4174",4.07453626394272e-10,"CAFI_P009",25
"4175",52.9437559826765,"CAFI_P009",50
"4176",308.437858160585,"CAFI_P009",100
"4177",4.07453626394272e-10,"CAFI_P009",25
"4178",371.545003082661,"CAFI_P009",50
"4179",222.117678715847,"CAFI_P009",100
"4180",4.07453626394272e-10,"CAFI_P009",25
"4181",-14.4432641766616,"CAFI_P009",50
"4182",73.6730897987727,"CAFI_P009",100
"4183",4.07453626394272e-10,"CAFI_P009",25
"4184",-428.88429419219,"CAFI_P009",50
"4185",191.069748701702,"CAFI_P009",100
"4186",4.07453626394272e-10,"CAFI_P009",25
"4187",6677.89502058766,"CAFI_P009",50
"4188",-291.466272446502,"CAFI_P009",100
"4189",4.07453626394272e-10,"CAFI_P009",25
"4190",-199.717241605103,"CAFI_P009",50
"4191",-120.633063888643,"CAFI_P009",100
"4192",4.07453626394272e-10,"CAFI_P009",25
"4193",40.0638409455423,"CAFI_P009",50
"4194",147.98900221748,"CAFI_P009",100
"4195",4.07453626394272e-10,"CAFI_P009",25
"4196",20.3824234816711,"CAFI_P009",50
"4197",263.568029197748,"CAFI_P009",100
"4198",4.07453626394272e-10,"CAFI_P009",25
"4199",132.348868030531,"CAFI_P009",50
"4200",-278.817255054892,"CAFI_P009",100
"4201",-5.05463258249802,"CAFI_P010",25
"4202",645.824284951377,"CAFI_P010",50
"4203",3351.27207130776,"CAFI_P010",100
"4204",140.18248745348,"CAFI_P010",25
"4205",916.756222646567,"CAFI_P010",50
"4206",9603.22094625424,"CAFI_P010",100
"4207",106.300948126591,"CAFI_P010",25
"4208",1006.05852929738,"CAFI_P010",50
"4209",12154.8444459632,"CAFI_P010",100
"4210",144.643450362521,"CAFI_P010",25
"4211",33.2321756173624,"CAFI_P010",50
"4212",1087.34503311152,"CAFI_P010",100
"4213",4698.67898193464,"CAFI_P010",25
"4214",1416.98420723141,"CAFI_P010",50
"4215",2780.67494570013,"CAFI_P010",100
"4216",70.2760283538664,"CAFI_P010",25
"4217",-234.43611488762,"CAFI_P010",50
"4218",113.394566905452,"CAFI_P010",100
"4219",41.1099467433814,"CAFI_P010",25
"4220",84.0715442081855,"CAFI_P010",50
"4221",639.10298292269,"CAFI_P010",100
"4222",397.922729310259,"CAFI_P010",25
"4223",2417.64879444154,"CAFI_P010",50
"4224",1145.39793118639,"CAFI_P010",100
"4225",-10.9784595118545,"CAFI_P010",25
"4226",540.494247215509,"CAFI_P010",50
"4227",-473.571396783984,"CAFI_P010",100
"4228",-12.6905967076309,"CAFI_P010",25
"4229",347.580106522422,"CAFI_P010",50
"4230",-120.695391668734,"CAFI_P010",100
"4231",-72.2796768981498,"CAFI_P010",25
"4232",123.071050548926,"CAFI_P010",50
"4233",1007.39329155386,"CAFI_P010",100
"4234",-271.789158142201,"CAFI_P010",25
"4235",9459.13501805183,"CAFI_P010",50
"4236",-241.439334293071,"CAFI_P010",100
"4237",-9.12623206950957,"CAFI_P010",25
"4238",1301.55885783117,"CAFI_P010",50
"4239",1804.34719840329,"CAFI_P010",100
"4240",26.797543250781,"CAFI_P010",25
"4241",-143.688214988506,"CAFI_P010",50
"4242",4184.75804235405,"CAFI_P010",100
"4243",28.2157630514703,"CAFI_P010",25
"4244",1461.98134035859,"CAFI_P010",50
"4245",-467.807678053592,"CAFI_P010",100
"4246",14.4718511880492,"CAFI_P010",25
"4247",-49.8549413800065,"CAFI_P010",50
"4248",2423.31660107884,"CAFI_P010",100
"4249",-193.534462614218,"CAFI_P010",25
"4250",199.368003674666,"CAFI_P010",50
"4251",4735.76561428467,"CAFI_P010",100
"4252",379.744840145053,"CAFI_P010",25
"4253",531.33436258955,"CAFI_P010",50
"4254",-326.929937474604,"CAFI_P010",100
"4255",-87.6886917647789,"CAFI_P010",25
"4256",-35.0300712761818,"CAFI_P010",50
"4257",1489.23396814568,"CAFI_P010",100
"4258",1.55747619766043,"CAFI_P010",25
"4259",1529.29552788145,"CAFI_P010",50
"4260",670.914617319708,"CAFI_P010",100
"4261",-94.9367503211251,"CAFI_P010",25
"4262",1063.61776349967,"CAFI_P010",50
"4263",2027.10826684974,"CAFI_P010",100
"4264",258.433149534219,"CAFI_P010",25
"4265",310.046205082879,"CAFI_P010",50
"4266",4072.08996098069,"CAFI_P010",100
"4267",-406.019792621286,"CAFI_P010",25
"4268",40.4602028709778,"CAFI_P010",50
"4269",135.645088040357,"CAFI_P010",100
"4270",995.036800941016,"CAFI_P010",25
"4271",2777.02300639576,"CAFI_P010",50
"4272",4676.66238739088,"CAFI_P010",100
"4273",-98.2410425787384,"CAFI_P010",25
"4274",830.312885966297,"CAFI_P010",50
"4275",-142.053115182818,"CAFI_P010",100
"4276",101.470532762294,"CAFI_P010",25
"4277",131.406320899143,"CAFI_P010",50
"4278",465.406531108747,"CAFI_P010",100
"4279",-97.5636385237158,"CAFI_P010",25
"4280",1481.35768487546,"CAFI_P010",50
"4281",1390.94614045895,"CAFI_P010",100
"4282",122.49384752789,"CAFI_P010",25
"4283",198.560973570333,"CAFI_P010",50
"4284",171.255310673849,"CAFI_P010",100
"4285",54.33797445253,"CAFI_P010",25
"4286",217.894086659217,"CAFI_P010",50
"4287",1377.36334768051,"CAFI_P010",100
"4288",86.8439805849339,"CAFI_P010",25
"4289",3260.41664395551,"CAFI_P010",50
"4290",980.115950649517,"CAFI_P010",100
"4291",27.8105407203839,"CAFI_P010",25
"4292",260.896091760776,"CAFI_P010",50
"4293",1099.83189173258,"CAFI_P010",100
"4294",289.362060712214,"CAFI_P010",25
"4295",851.07277510839,"CAFI_P010",50
"4296",-222.645689570782,"CAFI_P010",100
"4297",55.9891477245546,"CAFI_P010",25
"4298",492.300185979024,"CAFI_P010",50
"4299",1050.67064393588,"CAFI_P010",100
"4300",-62.5968861265865,"CAFI_P010",25
"4301",1338.3713898178,"CAFI_P010",50
"4302",1192.23707075586,"CAFI_P010",100
"4303",5.26199306899798,"CAFI_P010",25
"4304",2819.64163793271,"CAFI_P010",50
"4305",-101.217396070977,"CAFI_P010",100
"4306",242.957432093302,"CAFI_P010",25
"4307",105.64378246243,"CAFI_P010",50
"4308",2120.99489601914,"CAFI_P010",100
"4309",-5.71267754002474,"CAFI_P010",25
"4310",-478.850297331024,"CAFI_P010",50
"4311",8285.37641380634,"CAFI_P010",100
"4312",250.285026616475,"CAFI_P010",25
"4313",941.857526543492,"CAFI_P010",50
"4314",887.686444580206,"CAFI_P010",100
"4315",63.4266961098765,"CAFI_P010",25
"4316",70.5730224593717,"CAFI_P010",50
"4317",994.687058615731,"CAFI_P010",100
"4318",181.485076561949,"CAFI_P010",25
"4319",2602.89981042306,"CAFI_P010",50
"4320",-365.249245413346,"CAFI_P010",100
"4321",1459.0990897821,"CAFI_P010",25
"4322",640.250966294087,"CAFI_P010",50
"4323",2100.93020699671,"CAFI_P010",100
"4324",406.50943010574,"CAFI_P010",25
"4325",579.636425435747,"CAFI_P010",50
"4326",1009.99543334029,"CAFI_P010",100
"4327",542.695239207358,"CAFI_P010",25
"4328",1025.02769553335,"CAFI_P010",50
"4329",8703.54990252937,"CAFI_P010",100
"4330",-475.64607832476,"CAFI_P010",25
"4331",2379.11049380427,"CAFI_P010",50
"4332",446.254511015082,"CAFI_P010",100
"4333",61.7281915554486,"CAFI_P010",25
"4334",2151.89676725605,"CAFI_P010",50
"4335",-338.731858510058,"CAFI_P010",100
"4336",354.22784043962,"CAFI_P010",25
"4337",1801.51596900256,"CAFI_P010",50
"4338",2370.40784384898,"CAFI_P010",100
"4339",625.959518732678,"CAFI_P010",25
"4340",1499.97763814279,"CAFI_P010",50
"4341",335.458712723077,"CAFI_P010",100
"4342",278.08002441455,"CAFI_P010",25
"4343",-215.041377686779,"CAFI_P010",50
"4344",1984.71046225209,"CAFI_P010",100
"4345",161.790118385659,"CAFI_P010",25
"4346",239.298120164603,"CAFI_P010",50
"4347",-418.375710063759,"CAFI_P010",100
"4348",-133.895667429926,"CAFI_P010",25
"4349",1052.69811875193,"CAFI_P010",50
"4350",2706.87525827132,"CAFI_P010",100
"4351",328.689385524311,"CAFI_P010",25
"4352",519.265122316545,"CAFI_P010",50
"4353",1164.02000507081,"CAFI_P010",100
"4354",683.950358583126,"CAFI_P010",25
"4355",1117.79212456074,"CAFI_P010",50
"4356",957.508958858205,"CAFI_P010",100
"4357",-41.0465293145389,"CAFI_P010",25
"4358",-48.9662358067872,"CAFI_P010",50
"4359",2029.06906341144,"CAFI_P010",100
"4360",118.279604313895,"CAFI_P010",25
"4361",-70.4440752993687,"CAFI_P010",50
"4362",1282.3452593892,"CAFI_P010",100
"4363",-53.3909309024166,"CAFI_P010",25
"4364",-73.7035501232313,"CAFI_P010",50
"4365",1424.63682309203,"CAFI_P010",100
"4366",-39.3970567767974,"CAFI_P010",25
"4367",-8.29644703734084,"CAFI_P010",50
"4368",662.734504725755,"CAFI_P010",100
"4369",94.2993284955446,"CAFI_P010",25
"4370",524.153539412306,"CAFI_P010",50
"4371",8818.27629953611,"CAFI_P010",100
"4372",-193.936099228828,"CAFI_P010",25
"4373",-175.849294163636,"CAFI_P010",50
"4374",2497.69918341856,"CAFI_P010",100
"4375",-22.680662720406,"CAFI_P010",25
"4376",740.99341665773,"CAFI_P010",50
"4377",-226.707222838333,"CAFI_P010",100
"4378",205.263186988799,"CAFI_P010",25
"4379",54.9164886266517,"CAFI_P010",50
"4380",1716.54332460323,"CAFI_P010",100
"4381",41.0696167876886,"CAFI_P010",25
"4382",161.810719467525,"CAFI_P010",50
"4383",-221.850973797205,"CAFI_P010",100
"4384",73.0853728962247,"CAFI_P010",25
"4385",838.869650660112,"CAFI_P010",50
"4386",2014.67447374936,"CAFI_P010",100
"4387",669.855757163372,"CAFI_P010",25
"4388",1020.40534103368,"CAFI_P010",50
"4389",9888.9109793579,"CAFI_P010",100
"4390",-233.277722202591,"CAFI_P010",25
"4391",38.743791642657,"CAFI_P010",50
"4392",-383.598772114434,"CAFI_P010",100
"4393",756.338189661968,"CAFI_P010",25
"4394",539.598732798826,"CAFI_P010",50
"4395",2463.91083139108,"CAFI_P010",100
"4396",-111.221833934193,"CAFI_P010",25
"4397",-425.286393024726,"CAFI_P010",50
"4398",344.360153008281,"CAFI_P010",100
"4399",237.029678163904,"CAFI_P010",25
"4400",-53.1708895450283,"CAFI_P010",50
"4401",1255.66919975501,"CAFI_P010",100
"4402",30.1558609764325,"CAFI_P010",25
"4403",646.118892587925,"CAFI_P010",50
"4404",1015.47913296349,"CAFI_P010",100
"4405",1.33804995476385,"CAFI_P010",25
"4406",434.736060190684,"CAFI_P010",50
"4407",-259.383898974425,"CAFI_P010",100
"4408",-111.302637642366,"CAFI_P010",25
"4409",178.501528945955,"CAFI_P010",50
"4410",11523.4854081936,"CAFI_P010",100
"4411",1.48018637936912,"CAFI_P010",25
"4412",380.625009272917,"CAFI_P010",50
"4413",815.583335457632,"CAFI_P010",100
"4414",-59.5151050622808,"CAFI_P010",25
"4415",-312.139356549626,"CAFI_P010",50
"4416",-95.0327818430669,"CAFI_P010",100
"4417",968.883722410945,"CAFI_P010",25
"4418",463.005868291191,"CAFI_P010",50
"4419",99.8138391755347,"CAFI_P010",100
"4420",509.606821500114,"CAFI_P010",25
"4421",-430.611668059544,"CAFI_P010",50
"4422",4731.29291939246,"CAFI_P010",100
"4423",475.459053348372,"CAFI_P010",25
"4424",-174.953818618669,"CAFI_P010",50
"4425",724.092448437004,"CAFI_P010",100
"4426",565.816008323134,"CAFI_P010",25
"4427",100.916318297037,"CAFI_P010",50
"4428",1304.56242923453,"CAFI_P010",100
"4429",112.693858329119,"CAFI_P010",25
"4430",-23.9797128409846,"CAFI_P010",50
"4431",-326.579527931608,"CAFI_P010",100
"4432",12.1924592861906,"CAFI_P010",25
"4433",2734.0980558673,"CAFI_P010",50
"4434",1858.30952153302,"CAFI_P010",100
"4435",167.421010776685,"CAFI_P010",25
"4436",358.972919191903,"CAFI_P010",50
"4437",446.936080889776,"CAFI_P010",100
"4438",79.8999511901638,"CAFI_P010",25
"4439",3101.015091929,"CAFI_P010",50
"4440",846.958844222041,"CAFI_P010",100
"4441",-555.422705668461,"CAFI_P010",25
"4442",313.00842309522,"CAFI_P010",50
"4443",115.685534174903,"CAFI_P010",100
"4444",-23.9144142868463,"CAFI_P010",25
"4445",813.012063498958,"CAFI_P010",50
"4446",-559.789829301008,"CAFI_P010",100
"4447",-4.70930025464622,"CAFI_P010",25
"4448",1203.91565064085,"CAFI_P010",50
"4449",135.842407283926,"CAFI_P010",100
"4450",136.174140181276,"CAFI_P010",25
"4451",1419.62597268497,"CAFI_P010",50
"4452",-49.6984088537283,"CAFI_P010",100
"4453",2.33230159676168,"CAFI_P010",25
"4454",628.816663894249,"CAFI_P010",50
"4455",625.547967946652,"CAFI_P010",100
"4456",883.367542223132,"CAFI_P010",25
"4457",1128.42658632525,"CAFI_P010",50
"4458",1788.28019099886,"CAFI_P010",100
"4459",51.0184443439939,"CAFI_P010",25
"4460",-22.3506731987291,"CAFI_P010",50
"4461",6720.15065199565,"CAFI_P010",100
"4462",-95.3562662579643,"CAFI_P010",25
"4463",129.449102134095,"CAFI_P010",50
"4464",996.300386361487,"CAFI_P010",100
"4465",904.183413430932,"CAFI_P010",25
"4466",181.3889906439,"CAFI_P010",50
"4467",711.409325879504,"CAFI_P010",100
"4468",159.221303796308,"CAFI_P010",25
"4469",103.678910295072,"CAFI_P010",50
"4470",10470.4037090808,"CAFI_P010",100
"4471",18.553233655839,"CAFI_P010",25
"4472",793.507808658644,"CAFI_P010",50
"4473",1218.48968892853,"CAFI_P010",100
"4474",121.860241788789,"CAFI_P010",25
"4475",1058.52078922748,"CAFI_P010",50
"4476",1406.9945247735,"CAFI_P010",100
"4477",-260.612728595122,"CAFI_P010",25
"4478",784.899162925198,"CAFI_P010",50
"4479",2663.36874840979,"CAFI_P010",100
"4480",877.493658649124,"CAFI_P010",25
"4481",1966.89577006121,"CAFI_P010",50
"4482",629.228348057193,"CAFI_P010",100
"4483",-92.1610082744737,"CAFI_P010",25
"4484",-197.232669616409,"CAFI_P010",50
"4485",8770.28808372217,"CAFI_P010",100
"4486",-315.24994914516,"CAFI_P010",25
"4487",4434.406423712,"CAFI_P010",50
"4488",972.921485383442,"CAFI_P010",100
"4489",423.133444988867,"CAFI_P010",25
"4490",-474.134194960032,"CAFI_P010",50
"4491",2996.28020354881,"CAFI_P010",100
"4492",805.833233680925,"CAFI_P010",25
"4493",10377.2889625275,"CAFI_P010",50
"4494",532.347760033386,"CAFI_P010",100
"4495",76.8146531669481,"CAFI_P010",25
"4496",42.7401558355195,"CAFI_P010",50
"4497",3169.67176410733,"CAFI_P010",100
"4498",-372.759858844744,"CAFI_P010",25
"4499",167.898543345014,"CAFI_P010",50
"4500",622.227900108817,"CAFI_P010",100
"4501",2906.58879229985,"CAFI_P011",25
"4502",-4959.90650289867,"CAFI_P011",50
"4503",4903.83697443141,"CAFI_P011",100
"4504",3031.21844624408,"CAFI_P011",25
"4505",966.094391273276,"CAFI_P011",50
"4506",-3471.34413016244,"CAFI_P011",100
"4507",-2863.03278684936,"CAFI_P011",25
"4508",-4523.10192084865,"CAFI_P011",50
"4509",2120.52519027848,"CAFI_P011",100
"4510",-2703.50983054476,"CAFI_P011",25
"4511",4374.88883481547,"CAFI_P011",50
"4512",-3204.45271102758,"CAFI_P011",100
"4513",7877.91539546818,"CAFI_P011",25
"4514",214.90002349735,"CAFI_P011",50
"4515",7962.83942017209,"CAFI_P011",100
"4516",5479.46004341857,"CAFI_P011",25
"4517",72.4264059647103,"CAFI_P011",50
"4518",-4590.18390267069,"CAFI_P011",100
"4519",3486.22919128317,"CAFI_P011",25
"4520",-6511.15632895543,"CAFI_P011",50
"4521",-894.077558306104,"CAFI_P011",100
"4522",-1304.98224126123,"CAFI_P011",25
"4523",10458.1847832997,"CAFI_P011",50
"4524",-109.405801227316,"CAFI_P011",100
"4525",-3055.48107652756,"CAFI_P011",25
"4526",697.665589480894,"CAFI_P011",50
"4527",-7270.86248441349,"CAFI_P011",100
"4528",2882.54374160495,"CAFI_P011",25
"4529",-410.459126658388,"CAFI_P011",50
"4530",-2449.75064647739,"CAFI_P011",100
"4531",4312.71583111805,"CAFI_P011",25
"4532",-4079.91821012023,"CAFI_P011",50
"4533",-3542.81661725842,"CAFI_P011",100
"4534",-1137.9333827548,"CAFI_P011",25
"4535",11738.9735151485,"CAFI_P011",50
"4536",2673.80376445159,"CAFI_P011",100
"4537",-3843.92913460691,"CAFI_P011",25
"4538",-6313.35469307681,"CAFI_P011",50
"4539",6968.28312009136,"CAFI_P011",100
"4540",603.916208695329,"CAFI_P011",25
"4541",3615.76832648471,"CAFI_P011",50
"4542",18113.1209134592,"CAFI_P011",100
"4543",522.089145728853,"CAFI_P011",25
"4544",6843.60636188486,"CAFI_P011",50
"4545",1707.60081867594,"CAFI_P011",100
"4546",2657.07005843514,"CAFI_P011",25
"4547",1755.14855489362,"CAFI_P011",50
"4548",-6326.00185536954,"CAFI_P011",100
"4549",2948.58949650999,"CAFI_P011",25
"4550",-3742.56628799532,"CAFI_P011",50
"4551",5060.93542907224,"CAFI_P011",100
"4552",-220.241082292167,"CAFI_P011",25
"4553",4578.94467567262,"CAFI_P011",50
"4554",-4685.23734493105,"CAFI_P011",100
"4555",-1235.14215999137,"CAFI_P011",25
"4556",9198.71605193306,"CAFI_P011",50
"4557",23185.9423614519,"CAFI_P011",100
"4558",2005.04684558365,"CAFI_P011",25
"4559",-1196.37091550534,"CAFI_P011",50
"4560",-1895.83421708108,"CAFI_P011",100
"4561",-3238.91361661191,"CAFI_P011",25
"4562",2925.30295062467,"CAFI_P011",50
"4563",6049.1125488067,"CAFI_P011",100
"4564",3849.35477063333,"CAFI_P011",25
"4565",-5547.17074391007,"CAFI_P011",50
"4566",841.091260821675,"CAFI_P011",100
"4567",-5133.79695238598,"CAFI_P011",25
"4568",2859.92817738454,"CAFI_P011",50
"4569",12173.2991483498,"CAFI_P011",100
"4570",-1006.23662426858,"CAFI_P011",25
"4571",5328.6801856964,"CAFI_P011",50
"4572",1712.96690461191,"CAFI_P011",100
"4573",6639.89467171719,"CAFI_P011",25
"4574",5054.29094880406,"CAFI_P011",50
"4575",12800.063687117,"CAFI_P011",100
"4576",2622.5878193847,"CAFI_P011",25
"4577",-5244.98696322599,"CAFI_P011",50
"4578",1947.90050039958,"CAFI_P011",100
"4579",-1329.71582293708,"CAFI_P011",25
"4580",16521.9617563856,"CAFI_P011",50
"4581",6013.93314828334,"CAFI_P011",100
"4582",3353.79683353129,"CAFI_P011",25
"4583",-647.056180052168,"CAFI_P011",50
"4584",-2664.97954488313,"CAFI_P011",100
"4585",409.283933784114,"CAFI_P011",25
"4586",1998.70020808047,"CAFI_P011",50
"4587",16131.5038819626,"CAFI_P011",100
"4588",5303.30524265568,"CAFI_P011",25
"4589",-648.772547920293,"CAFI_P011",50
"4590",-3.55921801482327,"CAFI_P011",100
"4591",-2297.05946277798,"CAFI_P011",25
"4592",6284.58566454455,"CAFI_P011",50
"4593",9988.13885566412,"CAFI_P011",100
"4594",300.698676035507,"CAFI_P011",25
"4595",2256.32937592646,"CAFI_P011",50
"4596",4832.70685666677,"CAFI_P011",100
"4597",-1653.20987308043,"CAFI_P011",25
"4598",2905.27584005916,"CAFI_P011",50
"4599",3441.19250810007,"CAFI_P011",100
"4600",-3.57381222886033,"CAFI_P011",25
"4601",-2501.60679865582,"CAFI_P011",50
"4602",3270.78758281132,"CAFI_P011",100
"4603",-1392.4158379861,"CAFI_P011",25
"4604",5049.29002389353,"CAFI_P011",50
"4605",-6647.28321854409,"CAFI_P011",100
"4606",8358.66626199993,"CAFI_P011",25
"4607",872.641090341029,"CAFI_P011",50
"4608",-3266.68948168145,"CAFI_P011",100
"4609",-2111.47166216321,"CAFI_P011",25
"4610",-4195.08571804006,"CAFI_P011",50
"4611",9912.10193478194,"CAFI_P011",100
"4612",2290.85999431834,"CAFI_P011",25
"4613",1960.57409394684,"CAFI_P011",50
"4614",12503.0603009767,"CAFI_P011",100
"4615",3124.46385169128,"CAFI_P011",25
"4616",12578.7571570222,"CAFI_P011",50
"4617",-3598.58332772326,"CAFI_P011",100
"4618",1741.06134462135,"CAFI_P011",25
"4619",5349.76717159461,"CAFI_P011",50
"4620",2167.42399677821,"CAFI_P011",100
"4621",-1427.87402143655,"CAFI_P011",25
"4622",4876.58441835293,"CAFI_P011",50
"4623",-6666.7523014468,"CAFI_P011",100
"4624",6096.68169367622,"CAFI_P011",25
"4625",3284.01111309702,"CAFI_P011",50
"4626",311.199496287038,"CAFI_P011",100
"4627",921.897073316446,"CAFI_P011",25
"4628",7531.14386703755,"CAFI_P011",50
"4629",10349.7133278224,"CAFI_P011",100
"4630",166.314755616535,"CAFI_P011",25
"4631",5237.06372908363,"CAFI_P011",50
"4632",-3968.3856779387,"CAFI_P011",100
"4633",3816.77609818307,"CAFI_P011",25
"4634",3432.47300716932,"CAFI_P011",50
"4635",7991.78089594463,"CAFI_P011",100
"4636",-2443.20242593071,"CAFI_P011",25
"4637",-727.300101547909,"CAFI_P011",50
"4638",5663.12475371792,"CAFI_P011",100
"4639",-2088.2064978432,"CAFI_P011",25
"4640",4824.14646246034,"CAFI_P011",50
"4641",2607.05358443788,"CAFI_P011",100
"4642",3377.49945921521,"CAFI_P011",25
"4643",1731.35509680572,"CAFI_P011",50
"4644",9296.42545752221,"CAFI_P011",100
"4645",6866.16493956308,"CAFI_P011",25
"4646",3512.34354048513,"CAFI_P011",50
"4647",1207.98747158994,"CAFI_P011",100
"4648",-164.630290666537,"CAFI_P011",25
"4649",5972.1519823065,"CAFI_P011",50
"4650",468.291487908922,"CAFI_P011",100
"4651",893.584237846488,"CAFI_P011",25
"4652",-1417.15650311077,"CAFI_P011",50
"4653",13238.057770045,"CAFI_P011",100
"4654",1460.43855948478,"CAFI_P011",25
"4655",5131.53709101456,"CAFI_P011",50
"4656",5485.74371649651,"CAFI_P011",100
"4657",2731.38375802618,"CAFI_P011",25
"4658",-3701.34480004048,"CAFI_P011",50
"4659",-4483.73857791885,"CAFI_P011",100
"4660",4637.05721016141,"CAFI_P011",25
"4661",8578.20518401347,"CAFI_P011",50
"4662",5541.57797644718,"CAFI_P011",100
"4663",7164.20675665367,"CAFI_P011",25
"4664",3308.12276301929,"CAFI_P011",50
"4665",-4940.99544929172,"CAFI_P011",100
"4666",-2730.21303624986,"CAFI_P011",25
"4667",15952.0538044792,"CAFI_P011",50
"4668",2814.10416288697,"CAFI_P011",100
"4669",-453.244281991734,"CAFI_P011",25
"4670",1499.06862965517,"CAFI_P011",50
"4671",-194.635796970455,"CAFI_P011",100
"4672",-10.5400039258529,"CAFI_P011",25
"4673",-1138.86978019914,"CAFI_P011",50
"4674",3522.26104985544,"CAFI_P011",100
"4675",1286.50803682092,"CAFI_P011",25
"4676",1292.4624835999,"CAFI_P011",50
"4677",-640.856424594938,"CAFI_P011",100
"4678",2436.13256949582,"CAFI_P011",25
"4679",-648.760422167776,"CAFI_P011",50
"4680",16734.7552256073,"CAFI_P011",100
"4681",4816.52250831499,"CAFI_P011",25
"4682",3496.02471493074,"CAFI_P011",50
"4683",-4275.20897181035,"CAFI_P011",100
"4684",11477.935442007,"CAFI_P011",25
"4685",-1457.52149247949,"CAFI_P011",50
"4686",1195.83070719917,"CAFI_P011",100
"4687",4625.77310089959,"CAFI_P011",25
"4688",-1536.48070325167,"CAFI_P011",50
"4689",7796.57016609568,"CAFI_P011",100
"4690",-97.0001146877185,"CAFI_P011",25
"4691",-828.616731250077,"CAFI_P011",50
"4692",4146.91700340668,"CAFI_P011",100
"4693",-1999.54156073718,"CAFI_P011",25
"4694",3938.56371653953,"CAFI_P011",50
"4695",1320.02970733104,"CAFI_P011",100
"4696",-1878.00391682069,"CAFI_P011",25
"4697",-3027.22680131998,"CAFI_P011",50
"4698",69.5749607290491,"CAFI_P011",100
"4699",-3554.54202829266,"CAFI_P011",25
"4700",-2329.89313602803,"CAFI_P011",50
"4701",-4022.24244598963,"CAFI_P011",100
"4702",-2317.34049139597,"CAFI_P011",25
"4703",-9711.93960342329,"CAFI_P011",50
"4704",5090.55382900644,"CAFI_P011",100
"4705",-5398.44451929827,"CAFI_P011",25
"4706",-1583.77527004911,"CAFI_P011",50
"4707",3183.79600587557,"CAFI_P011",100
"4708",493.681450659293,"CAFI_P011",25
"4709",15602.1321995561,"CAFI_P011",50
"4710",4479.61886858055,"CAFI_P011",100
"4711",-622.776480992383,"CAFI_P011",25
"4712",2185.58893234638,"CAFI_P011",50
"4713",12891.5751034996,"CAFI_P011",100
"4714",2314.34027949424,"CAFI_P011",25
"4715",2345.02248995943,"CAFI_P011",50
"4716",8596.28532413207,"CAFI_P011",100
"4717",3450.31493861548,"CAFI_P011",25
"4718",3291.69711086311,"CAFI_P011",50
"4719",-3003.18773712486,"CAFI_P011",100
"4720",-4085.08573682845,"CAFI_P011",25
"4721",2524.41712664231,"CAFI_P011",50
"4722",6571.34097274707,"CAFI_P011",100
"4723",6650.69821772765,"CAFI_P011",25
"4724",-3345.67198251234,"CAFI_P011",50
"4725",-3943.53301528579,"CAFI_P011",100
"4726",-1050.64234243357,"CAFI_P011",25
"4727",7447.20893049554,"CAFI_P011",50
"4728",-1634.19336744625,"CAFI_P011",100
"4729",6488.35503306496,"CAFI_P011",25
"4730",829.08684830484,"CAFI_P011",50
"4731",-6345.51260351075,"CAFI_P011",100
"4732",3131.23298031127,"CAFI_P011",25
"4733",-3516.17130234872,"CAFI_P011",50
"4734",-891.778763382928,"CAFI_P011",100
"4735",6365.79635423131,"CAFI_P011",25
"4736",-3934.58656946366,"CAFI_P011",50
"4737",1057.88098076259,"CAFI_P011",100
"4738",-4617.32132105756,"CAFI_P011",25
"4739",2570.3680170502,"CAFI_P011",50
"4740",7219.95854754699,"CAFI_P011",100
"4741",3474.33955381671,"CAFI_P011",25
"4742",-1085.88142323744,"CAFI_P011",50
"4743",6989.63450056553,"CAFI_P011",100
"4744",-1819.61967628874,"CAFI_P011",25
"4745",13158.2750277726,"CAFI_P011",50
"4746",2119.77161992999,"CAFI_P011",100
"4747",1040.65626052377,"CAFI_P011",25
"4748",374.236262517865,"CAFI_P011",50
"4749",5259.46943777893,"CAFI_P011",100
"4750",-2434.51218714297,"CAFI_P011",25
"4751",-2789.76682038594,"CAFI_P011",50
"4752",-2872.92715709511,"CAFI_P011",100
"4753",-3533.88318137621,"CAFI_P011",25
"4754",-4743.61456369195,"CAFI_P011",50
"4755",14703.4360097701,"CAFI_P011",100
"4756",-3499.69592689967,"CAFI_P011",25
"4757",2466.653425581,"CAFI_P011",50
"4758",4821.66330989916,"CAFI_P011",100
"4759",2917.562136825,"CAFI_P011",25
"4760",4501.90438281157,"CAFI_P011",50
"4761",-5906.94681203831,"CAFI_P011",100
"4762",1081.7779155054,"CAFI_P011",25
"4763",2025.58944958297,"CAFI_P011",50
"4764",-35.0763695025234,"CAFI_P011",100
"4765",-2869.96348335058,"CAFI_P011",25
"4766",711.023210572079,"CAFI_P011",50
"4767",-3039.12202573364,"CAFI_P011",100
"4768",-1196.52210090047,"CAFI_P011",25
"4769",-4138.35524845449,"CAFI_P011",50
"4770",-720.452670817496,"CAFI_P011",100
"4771",3962.75330601784,"CAFI_P011",25
"4772",1541.45061121881,"CAFI_P011",50
"4773",7614.55168215034,"CAFI_P011",100
"4774",-1746.94585665298,"CAFI_P011",25
"4775",8532.27256643766,"CAFI_P011",50
"4776",658.582723910746,"CAFI_P011",100
"4777",-81.8028071753797,"CAFI_P011",25
"4778",1352.18883569929,"CAFI_P011",50
"4779",-2903.85267695453,"CAFI_P011",100
"4780",-730.951586710173,"CAFI_P011",25
"4781",-3391.79229409405,"CAFI_P011",50
"4782",1403.99536571879,"CAFI_P011",100
"4783",-432.42245190352,"CAFI_P011",25
"4784",-1894.86860096268,"CAFI_P011",50
"4785",3239.41833871271,"CAFI_P011",100
"4786",-1121.25966335856,"CAFI_P011",25
"4787",3047.22612732108,"CAFI_P011",50
"4788",-154.40196728881,"CAFI_P011",100
"4789",2281.2410054261,"CAFI_P011",25
"4790",2672.71781089954,"CAFI_P011",50
"4791",23437.8192234956,"CAFI_P011",100
"4792",1785.05111020681,"CAFI_P011",25
"4793",-1557.65468273824,"CAFI_P011",50
"4794",-360.003254349518,"CAFI_P011",100
"4795",6303.67708371783,"CAFI_P011",25
"4796",-3759.10256599152,"CAFI_P011",50
"4797",4789.13653687865,"CAFI_P011",100
"4798",2717.39243405248,"CAFI_P011",25
"4799",-916.152975177218,"CAFI_P011",50
"4800",506.572736059316,"CAFI_P011",100
"4801",-1546.36032477726,"CAFI_P012",25
"4802",1649.77178546379,"CAFI_P012",50
"4803",2400.27510974201,"CAFI_P012",100
"4804",-5251.89832094748,"CAFI_P012",25
"4805",-6252.78243122826,"CAFI_P012",50
"4806",23858.1772314801,"CAFI_P012",100
"4807",-5412.07257754193,"CAFI_P012",25
"4808",11053.9470308915,"CAFI_P012",50
"4809",-7153.62664340273,"CAFI_P012",100
"4810",-2875.04582611128,"CAFI_P012",25
"4811",-7121.11786361813,"CAFI_P012",50
"4812",-909.80267142714,"CAFI_P012",100
"4813",3082.17725193733,"CAFI_P012",25
"4814",-8401.966865019,"CAFI_P012",50
"4815",-12495.3340816511,"CAFI_P012",100
"4816",-216.409307541559,"CAFI_P012",25
"4817",-6835.23208137654,"CAFI_P012",50
"4818",-12522.076628439,"CAFI_P012",100
"4819",-2726.12377268053,"CAFI_P012",25
"4820",-3397.70714917575,"CAFI_P012",50
"4821",-7684.27776887163,"CAFI_P012",100
"4822",-1480.89557289466,"CAFI_P012",25
"4823",-4154.63359643798,"CAFI_P012",50
"4824",12860.0593266701,"CAFI_P012",100
"4825",-5587.03303833585,"CAFI_P012",25
"4826",-4407.09241886064,"CAFI_P012",50
"4827",-13308.5760341412,"CAFI_P012",100
"4828",-2796.58781572559,"CAFI_P012",25
"4829",-5631.14840325213,"CAFI_P012",50
"4830",-6232.63040882838,"CAFI_P012",100
"4831",-3721.12736454204,"CAFI_P012",25
"4832",-3473.28513817291,"CAFI_P012",50
"4833",-3277.88394728897,"CAFI_P012",100
"4834",-4005.09792289941,"CAFI_P012",25
"4835",-264.577623013989,"CAFI_P012",50
"4836",-14190.8576366588,"CAFI_P012",100
"4837",-4785.55523390503,"CAFI_P012",25
"4838",-6554.65013278188,"CAFI_P012",50
"4839",-13979.2945412186,"CAFI_P012",100
"4840",-6331.55929521617,"CAFI_P012",25
"4841",1663.40436318569,"CAFI_P012",50
"4842",-5720.50868963066,"CAFI_P012",100
"4843",23016.7188604599,"CAFI_P012",25
"4844",-9078.72741131921,"CAFI_P012",50
"4845",-9210.984090087,"CAFI_P012",100
"4846",-3430.70763456158,"CAFI_P012",25
"4847",-8920.17363269057,"CAFI_P012",50
"4848",-11075.024942217,"CAFI_P012",100
"4849",-3916.89376840956,"CAFI_P012",25
"4850",-5969.62702726916,"CAFI_P012",50
"4851",-6840.08343488647,"CAFI_P012",100
"4852",400.158945420233,"CAFI_P012",25
"4853",-9053.6987940144,"CAFI_P012",50
"4854",-6161.14978052769,"CAFI_P012",100
"4855",-6511.66069913789,"CAFI_P012",25
"4856",-8186.82566720474,"CAFI_P012",50
"4857",-7350.83385032439,"CAFI_P012",100
"4858",-1667.88087821327,"CAFI_P012",25
"4859",-7505.76284481987,"CAFI_P012",50
"4860",2585.97099553968,"CAFI_P012",100
"4861",-3535.14485544083,"CAFI_P012",25
"4862",-4519.89956554386,"CAFI_P012",50
"4863",16509.3378772101,"CAFI_P012",100
"4864",2436.87384243851,"CAFI_P012",25
"4865",-9000.7127813524,"CAFI_P012",50
"4866",-9463.38768407877,"CAFI_P012",100
"4867",2686.60083407705,"CAFI_P012",25
"4868",-4984.89882915386,"CAFI_P012",50
"4869",-7589.42408638075,"CAFI_P012",100
"4870",43.5613185979892,"CAFI_P012",25
"4871",-4023.65466665186,"CAFI_P012",50
"4872",-11850.8741104392,"CAFI_P012",100
"4873",51.1444864994264,"CAFI_P012",25
"4874",-1584.95620103407,"CAFI_P012",50
"4875",-1860.21742073057,"CAFI_P012",100
"4876",-3645.84454079205,"CAFI_P012",25
"4877",-7190.51884696173,"CAFI_P012",50
"4878",-10882.6225623938,"CAFI_P012",100
"4879",8606.75169930019,"CAFI_P012",25
"4880",-6796.76898729423,"CAFI_P012",50
"4881",-2991.11788671796,"CAFI_P012",100
"4882",-6780.34762668575,"CAFI_P012",25
"4883",-4729.86006922496,"CAFI_P012",50
"4884",-6534.54261392209,"CAFI_P012",100
"4885",-4639.06332872348,"CAFI_P012",25
"4886",5069.50646432099,"CAFI_P012",50
"4887",-9425.21597730258,"CAFI_P012",100
"4888",-357.028166003234,"CAFI_P012",25
"4889",-1537.20220171235,"CAFI_P012",50
"4890",-5111.66890405177,"CAFI_P012",100
"4891",-7760.00591868855,"CAFI_P012",25
"4892",-6198.6579429133,"CAFI_P012",50
"4893",-8856.045327603,"CAFI_P012",100
"4894",-800.312926232524,"CAFI_P012",25
"4895",-6745.06851895637,"CAFI_P012",50
"4896",-12470.1213196533,"CAFI_P012",100
"4897",-7529.96781273576,"CAFI_P012",25
"4898",-7761.09148776485,"CAFI_P012",50
"4899",-11479.1100245116,"CAFI_P012",100
"4900",-7836.737491899,"CAFI_P012",25
"4901",-9886.45863460714,"CAFI_P012",50
"4902",-13905.8066599526,"CAFI_P012",100
"4903",-2302.84170100332,"CAFI_P012",25
"4904",-1036.55163620354,"CAFI_P012",50
"4905",-12379.0833575344,"CAFI_P012",100
"4906",-380.847383375512,"CAFI_P012",25
"4907",-2996.871908008,"CAFI_P012",50
"4908",-15068.4647507633,"CAFI_P012",100
"4909",-5140.20874354837,"CAFI_P012",25
"4910",47929.4470450219,"CAFI_P012",50
"4911",2238.08334875462,"CAFI_P012",100
"4912",-5265.74729350209,"CAFI_P012",25
"4913",-9889.60679022706,"CAFI_P012",50
"4914",-1209.92800888256,"CAFI_P012",100
"4915",-4879.02440407244,"CAFI_P012",25
"4916",-8473.15088451165,"CAFI_P012",50
"4917",-11464.3868555298,"CAFI_P012",100
"4918",-2854.94618583488,"CAFI_P012",25
"4919",-3641.43829285074,"CAFI_P012",50
"4920",-11784.8634793746,"CAFI_P012",100
"4921",113.371291153191,"CAFI_P012",25
"4922",-4537.84105330153,"CAFI_P012",50
"4923",2660.95451980224,"CAFI_P012",100
"4924",-8622.70306320052,"CAFI_P012",25
"4925",-1383.96069589164,"CAFI_P012",50
"4926",-2333.41942567396,"CAFI_P012",100
"4927",46938.0257950567,"CAFI_P012",25
"4928",-7892.50030616048,"CAFI_P012",50
"4929",-10372.609667586,"CAFI_P012",100
"4930",-1128.71667876357,"CAFI_P012",25
"4931",-8837.59807880042,"CAFI_P012",50
"4932",-5717.66567364777,"CAFI_P012",100
"4933",16373.8070308079,"CAFI_P012",25
"4934",-6775.92645299109,"CAFI_P012",50
"4935",703.569253493974,"CAFI_P012",100
"4936",-5961.86505277507,"CAFI_P012",25
"4937",-6635.6564832821,"CAFI_P012",50
"4938",-13873.3958095476,"CAFI_P012",100
"4939",-142.044989866612,"CAFI_P012",25
"4940",4195.54279274604,"CAFI_P012",50
"4941",-14979.9105846868,"CAFI_P012",100
"4942",-5695.41151040379,"CAFI_P012",25
"4943",-280.737584922987,"CAFI_P012",50
"4944",-5937.72507644247,"CAFI_P012",100
"4945",6238.35355805972,"CAFI_P012",25
"4946",-7269.52297193289,"CAFI_P012",50
"4947",-12056.4237811604,"CAFI_P012",100
"4948",-5064.74367004284,"CAFI_P012",25
"4949",-3762.51618613012,"CAFI_P012",50
"4950",-10343.1695292932,"CAFI_P012",100
"4951",-5634.41148041491,"CAFI_P012",25
"4952",-4336.79534593254,"CAFI_P012",50
"4953",-15259.9303866356,"CAFI_P012",100
"4954",-1344.44515853364,"CAFI_P012",25
"4955",-4414.04575336084,"CAFI_P012",50
"4956",-8595.6803469439,"CAFI_P012",100
"4957",-1871.49315567414,"CAFI_P012",25
"4958",-2588.04617390619,"CAFI_P012",50
"4959",-6186.7797072329,"CAFI_P012",100
"4960",104.375985190214,"CAFI_P012",25
"4961",-4457.7225697104,"CAFI_P012",50
"4962",-14403.8887037424,"CAFI_P012",100
"4963",-3480.97483712866,"CAFI_P012",25
"4964",3510.10253181879,"CAFI_P012",50
"4965",-14333.7125203535,"CAFI_P012",100
"4966",-1485.45307653007,"CAFI_P012",25
"4967",-3907.20763069048,"CAFI_P012",50
"4968",-7458.1886865783,"CAFI_P012",100
"4969",-4977.69209458644,"CAFI_P012",25
"4970",-10312.6057227125,"CAFI_P012",50
"4971",-12809.6474684226,"CAFI_P012",100
"4972",-5921.88173053868,"CAFI_P012",25
"4973",-4410.93760351371,"CAFI_P012",50
"4974",-11519.094322572,"CAFI_P012",100
"4975",-5962.61045611202,"CAFI_P012",25
"4976",-3867.3035802283,"CAFI_P012",50
"4977",-10188.677189181,"CAFI_P012",100
"4978",-6226.76747054438,"CAFI_P012",25
"4979",-2834.01767146983,"CAFI_P012",50
"4980",-10630.1569458298,"CAFI_P012",100
"4981",-4030.88460811751,"CAFI_P012",25
"4982",-4514.78146494227,"CAFI_P012",50
"4983",12767.8460232757,"CAFI_P012",100
"4984",-5137.61520756502,"CAFI_P012",25
"4985",7132.11651450529,"CAFI_P012",50
"4986",3528.7256899114,"CAFI_P012",100
"4987",-4923.70265270973,"CAFI_P012",25
"4988",-1303.18619884219,"CAFI_P012",50
"4989",-12612.2848192599,"CAFI_P012",100
"4990",-1592.55404369324,"CAFI_P012",25
"4991",-6279.76737570332,"CAFI_P012",50
"4992",-14475.7380127214,"CAFI_P012",100
"4993",-5271.86164907063,"CAFI_P012",25
"4994",-603.355072610371,"CAFI_P012",50
"4995",1303.68390915211,"CAFI_P012",100
"4996",-2483.41591100622,"CAFI_P012",25
"4997",2244.60154221486,"CAFI_P012",50
"4998",-8736.85734848992,"CAFI_P012",100
"4999",13762.2570273544,"CAFI_P012",25
"5000",-1024.39272212912,"CAFI_P012",50
"5001",19526.540220979,"CAFI_P012",100
"5002",-5333.55195771414,"CAFI_P012",25
"5003",-6768.98276517016,"CAFI_P012",50
"5004",35331.6349080918,"CAFI_P012",100
"5005",-1389.76056001103,"CAFI_P012",25
"5006",-8880.72811757738,"CAFI_P012",50
"5007",-15435.7037706074,"CAFI_P012",100
"5008",-458.208397853188,"CAFI_P012",25
"5009",-5321.42816118954,"CAFI_P012",50
"5010",-8041.23797803238,"CAFI_P012",100
"5011",-4997.79415508849,"CAFI_P012",25
"5012",-9314.92471200484,"CAFI_P012",50
"5013",-2336.69270029129,"CAFI_P012",100
"5014",-4489.29255343962,"CAFI_P012",25
"5015",324.587167213729,"CAFI_P012",50
"5016",-10538.8550325286,"CAFI_P012",100
"5017",23268.8867677141,"CAFI_P012",25
"5018",-1197.738101681,"CAFI_P012",50
"5019",-15089.8690173015,"CAFI_P012",100
"5020",1411.43437592866,"CAFI_P012",25
"5021",-8342.40305983141,"CAFI_P012",50
"5022",-13697.3447634954,"CAFI_P012",100
"5023",1898.68755708437,"CAFI_P012",25
"5024",-2186.48040688946,"CAFI_P012",50
"5025",-13828.1470786358,"CAFI_P012",100
"5026",-5423.75774460367,"CAFI_P012",25
"5027",-7313.44569020072,"CAFI_P012",50
"5028",-10601.2945533197,"CAFI_P012",100
"5029",-6205.16417844035,"CAFI_P012",25
"5030",-8726.83910127537,"CAFI_P012",50
"5031",-13194.1785516624,"CAFI_P012",100
"5032",-6077.95573290333,"CAFI_P012",25
"5033",-4469.09396843554,"CAFI_P012",50
"5034",8594.56754049315,"CAFI_P012",100
"5035",-4875.89113804308,"CAFI_P012",25
"5036",804.428615815938,"CAFI_P012",50
"5037",-7859.31149508263,"CAFI_P012",100
"5038",-2654.95791705925,"CAFI_P012",25
"5039",-3958.66080380284,"CAFI_P012",50
"5040",-8389.64149395737,"CAFI_P012",100
"5041",-5791.82011952967,"CAFI_P012",25
"5042",-3992.15413544298,"CAFI_P012",50
"5043",6408.87777574797,"CAFI_P012",100
"5044",-3807.45082738338,"CAFI_P012",25
"5045",8569.53930697526,"CAFI_P012",50
"5046",-5111.8784529632,"CAFI_P012",100
"5047",280.706822876644,"CAFI_P012",25
"5048",-2204.87608466548,"CAFI_P012",50
"5049",-14819.665175271,"CAFI_P012",100
"5050",-5023.01155780855,"CAFI_P012",25
"5051",1914.48736024101,"CAFI_P012",50
"5052",-4416.4192192778,"CAFI_P012",100
"5053",12599.4319556993,"CAFI_P012",25
"5054",-5943.43826798099,"CAFI_P012",50
"5055",-9915.5541090194,"CAFI_P012",100
"5056",7965.57340121776,"CAFI_P012",25
"5057",-4957.28734881035,"CAFI_P012",50
"5058",-12190.8893982943,"CAFI_P012",100
"5059",-2370.04818660172,"CAFI_P012",25
"5060",454.387219482742,"CAFI_P012",50
"5061",-5719.69182792003,"CAFI_P012",100
"5062",-8875.86206818849,"CAFI_P012",25
"5063",-7821.37752050254,"CAFI_P012",50
"5064",5755.01646742877,"CAFI_P012",100
"5065",-4959.90219694207,"CAFI_P012",25
"5066",-10529.5771110344,"CAFI_P012",50
"5067",-8411.619617633,"CAFI_P012",100
"5068",1413.03378814628,"CAFI_P012",25
"5069",-6427.61105534155,"CAFI_P012",50
"5070",-15194.8297002921,"CAFI_P012",100
"5071",43569.7975954796,"CAFI_P012",25
"5072",-5041.16793053231,"CAFI_P012",50
"5073",-13643.3523555195,"CAFI_P012",100
"5074",22055.7764984889,"CAFI_P012",25
"5075",-4542.44128681096,"CAFI_P012",50
"5076",-1487.96206963737,"CAFI_P012",100
"5077",-3005.28583725222,"CAFI_P012",25
"5078",-9327.03545107594,"CAFI_P012",50
"5079",-12875.8077732155,"CAFI_P012",100
"5080",6871.95930064464,"CAFI_P012",25
"5081",9088.72395957779,"CAFI_P012",50
"5082",-13429.1533997771,"CAFI_P012",100
"5083",-5142.79787845328,"CAFI_P012",25
"5084",-10574.3866019947,"CAFI_P012",50
"5085",-4932.01727303112,"CAFI_P012",100
"5086",2400.27470088314,"CAFI_P012",25
"5087",-8851.54352812318,"CAFI_P012",50
"5088",-490.132426950848,"CAFI_P012",100
"5089",-3402.70996214036,"CAFI_P012",25
"5090",-2924.30031492654,"CAFI_P012",50
"5091",14735.5760034368,"CAFI_P012",100
"5092",-2616.73487173597,"CAFI_P012",25
"5093",906.419370972377,"CAFI_P012",50
"5094",-9251.4535418005,"CAFI_P012",100
"5095",1382.95356407372,"CAFI_P012",25
"5096",-3807.16893704428,"CAFI_P012",50
"5097",-15158.2386083698,"CAFI_P012",100
"5098",-5369.20340020396,"CAFI_P012",25
"5099",6815.32374889281,"CAFI_P012",50
"5100",-6824.30804359022,"CAFI_P012",100
"5101",-999.657377423253,"CAFI_P013",25
"5102",941.999366585689,"CAFI_P013",50
"5103",7380.35080472496,"CAFI_P013",100
"5104",-346.558991745231,"CAFI_P013",25
"5105",3351.8439288956,"CAFI_P013",50
"5106",1106.92722657928,"CAFI_P013",100
"5107",482.089924294036,"CAFI_P013",25
"5108",-1764.96107699804,"CAFI_P013",50
"5109",844.383503431687,"CAFI_P013",100
"5110",992.470839620801,"CAFI_P013",25
"5111",-814.420606619795,"CAFI_P013",50
"5112",779.703418444027,"CAFI_P013",100
"5113",2544.87052948592,"CAFI_P013",25
"5114",-1709.418778305,"CAFI_P013",50
"5115",3440.44170159387,"CAFI_P013",100
"5116",-2812.33891460247,"CAFI_P013",25
"5117",2178.6290381889,"CAFI_P013",50
"5118",1831.48980597482,"CAFI_P013",100
"5119",5391.85790564795,"CAFI_P013",25
"5120",-2602.20453147806,"CAFI_P013",50
"5121",-3073.39117767691,"CAFI_P013",100
"5122",90.3912978187436,"CAFI_P013",25
"5123",-833.509832437092,"CAFI_P013",50
"5124",-1099.00443292526,"CAFI_P013",100
"5125",2545.48185216461,"CAFI_P013",25
"5126",2892.3836015882,"CAFI_P013",50
"5127",11173.494748635,"CAFI_P013",100
"5128",-2466.18346782174,"CAFI_P013",25
"5129",-2545.69259028259,"CAFI_P013",50
"5130",435.784070541209,"CAFI_P013",100
"5131",-1876.874377464,"CAFI_P013",25
"5132",-3455.85101785191,"CAFI_P013",50
"5133",701.008167868422,"CAFI_P013",100
"5134",-446.576721389138,"CAFI_P013",25
"5135",4088.95849603723,"CAFI_P013",50
"5136",-1501.31497285282,"CAFI_P013",100
"5137",-921.213297689217,"CAFI_P013",25
"5138",-2481.51692445047,"CAFI_P013",50
"5139",2043.17806456285,"CAFI_P013",100
"5140",-717.140761955641,"CAFI_P013",25
"5141",-2518.6664839969,"CAFI_P013",50
"5142",-3082.55435783573,"CAFI_P013",100
"5143",-850.144162150857,"CAFI_P013",25
"5144",19534.9177578521,"CAFI_P013",50
"5145",32.1054791353527,"CAFI_P013",100
"5146",14434.2497830021,"CAFI_P013",25
"5147",2322.68863232934,"CAFI_P013",50
"5148",-138.044380055042,"CAFI_P013",100
"5149",899.696121768618,"CAFI_P013",25
"5150",-411.473816000216,"CAFI_P013",50
"5151",-400.086106226488,"CAFI_P013",100
"5152",750.391963011352,"CAFI_P013",25
"5153",-1801.27202491928,"CAFI_P013",50
"5154",6152.48784808355,"CAFI_P013",100
"5155",-948.652388510527,"CAFI_P013",25
"5156",-3295.59034042788,"CAFI_P013",50
"5157",1134.46207818406,"CAFI_P013",100
"5158",441.846765806607,"CAFI_P013",25
"5159",3858.76160744292,"CAFI_P013",50
"5160",6725.37431595521,"CAFI_P013",100
"5161",1271.35742280493,"CAFI_P013",25
"5162",-488.788713449379,"CAFI_P013",50
"5163",8043.63701473747,"CAFI_P013",100
"5164",5509.92390098481,"CAFI_P013",25
"5165",1443.57819171651,"CAFI_P013",50
"5166",-2998.95858229307,"CAFI_P013",100
"5167",-1118.27141824388,"CAFI_P013",25
"5168",-1018.72088609653,"CAFI_P013",50
"5169",221.355554952868,"CAFI_P013",100
"5170",-1774.1168264852,"CAFI_P013",25
"5171",1855.94079622871,"CAFI_P013",50
"5172",11141.837321307,"CAFI_P013",100
"5173",-28.5802310283179,"CAFI_P013",25
"5174",-246.341328975162,"CAFI_P013",50
"5175",2246.5032773189,"CAFI_P013",100
"5176",250.888526210038,"CAFI_P013",25
"5177",-1124.04371846985,"CAFI_P013",50
"5178",-42.5988431561273,"CAFI_P013",100
"5179",-914.661518945999,"CAFI_P013",25
"5180",-554.681554877548,"CAFI_P013",50
"5181",27273.8577357312,"CAFI_P013",100
"5182",-1563.22336505749,"CAFI_P013",25
"5183",-1287.51395091414,"CAFI_P013",50
"5184",447.322374635318,"CAFI_P013",100
"5185",3912.36812215007,"CAFI_P013",25
"5186",3232.95777713286,"CAFI_P013",50
"5187",-3123.69012514316,"CAFI_P013",100
"5188",2329.29797346925,"CAFI_P013",25
"5189",932.167280913447,"CAFI_P013",50
"5190",839.803742247343,"CAFI_P013",100
"5191",7778.60358602589,"CAFI_P013",25
"5192",-160.255248848698,"CAFI_P013",50
"5193",3996.36533387291,"CAFI_P013",100
"5194",-730.930135192873,"CAFI_P013",25
"5195",-1789.95124572533,"CAFI_P013",50
"5196",16356.1924661794,"CAFI_P013",100
"5197",730.711893123458,"CAFI_P013",25
"5198",285.047287068039,"CAFI_P013",50
"5199",-1483.91837770259,"CAFI_P013",100
"5200",-422.930795829743,"CAFI_P013",25
"5201",10348.5831972269,"CAFI_P013",50
"5202",3206.32075842976,"CAFI_P013",100
"5203",2190.33729412849,"CAFI_P013",25
"5204",-591.170833420358,"CAFI_P013",50
"5205",428.732071333681,"CAFI_P013",100
"5206",523.129905196431,"CAFI_P013",25
"5207",5786.7270900975,"CAFI_P013",50
"5208",2929.71622363711,"CAFI_P013",100
"5209",-1561.7153852983,"CAFI_P013",25
"5210",-580.124588616192,"CAFI_P013",50
"5211",-2574.18438958522,"CAFI_P013",100
"5212",-1169.69496582315,"CAFI_P013",25
"5213",-56.2301320658298,"CAFI_P013",50
"5214",3916.05359116668,"CAFI_P013",100
"5215",2854.58651214285,"CAFI_P013",25
"5216",-1943.68331798143,"CAFI_P013",50
"5217",4271.28757241648,"CAFI_P013",100
"5218",-1927.96446846507,"CAFI_P013",25
"5219",-1840.56426681398,"CAFI_P013",50
"5220",-4102.90637434798,"CAFI_P013",100
"5221",408.62191742158,"CAFI_P013",25
"5222",4319.23751879088,"CAFI_P013",50
"5223",-1689.30123736535,"CAFI_P013",100
"5224",39.8748120166129,"CAFI_P013",25
"5225",1807.74707824329,"CAFI_P013",50
"5226",-119.209244248632,"CAFI_P013",100
"5227",-1243.25878536695,"CAFI_P013",25
"5228",-2169.18500361533,"CAFI_P013",50
"5229",-1143.94625725766,"CAFI_P013",100
"5230",-1394.62315858027,"CAFI_P013",25
"5231",-689.081795735576,"CAFI_P013",50
"5232",2245.83685407531,"CAFI_P013",100
"5233",242.126219132042,"CAFI_P013",25
"5234",1281.98665366753,"CAFI_P013",50
"5235",-3451.01603437524,"CAFI_P013",100
"5236",-477.579626047867,"CAFI_P013",25
"5237",-2929.69488870649,"CAFI_P013",50
"5238",-233.640049299924,"CAFI_P013",100
"5239",5157.26585482655,"CAFI_P013",25
"5240",-3582.44363721024,"CAFI_P013",50
"5241",5155.55000201729,"CAFI_P013",100
"5242",698.221504123416,"CAFI_P013",25
"5243",960.132024305291,"CAFI_P013",50
"5244",1783.65379352245,"CAFI_P013",100
"5245",-678.998969478067,"CAFI_P013",25
"5246",-1755.09409209609,"CAFI_P013",50
"5247",-2518.33529053075,"CAFI_P013",100
"5248",341.187346987776,"CAFI_P013",25
"5249",-1429.16155736556,"CAFI_P013",50
"5250",-674.122039626178,"CAFI_P013",100
"5251",-977.906810281391,"CAFI_P013",25
"5252",-1942.25120486895,"CAFI_P013",50
"5253",14026.0418643748,"CAFI_P013",100
"5254",11.1681500694831,"CAFI_P013",25
"5255",-3140.15719853813,"CAFI_P013",50
"5256",-737.936643562629,"CAFI_P013",100
"5257",1599.12822778011,"CAFI_P013",25
"5258",-1531.99778824113,"CAFI_P013",50
"5259",-3153.53402899258,"CAFI_P013",100
"5260",-1385.41722694197,"CAFI_P013",25
"5261",1528.73114773509,"CAFI_P013",50
"5262",190.597108152637,"CAFI_P013",100
"5263",-211.165777153044,"CAFI_P013",25
"5264",495.112752378045,"CAFI_P013",50
"5265",32211.2979737123,"CAFI_P013",100
"5266",10247.8785361607,"CAFI_P013",25
"5267",-1081.5334545279,"CAFI_P013",50
"5268",1795.74156252819,"CAFI_P013",100
"5269",-1032.45687858033,"CAFI_P013",25
"5270",-1787.39439449558,"CAFI_P013",50
"5271",-3253.53176101332,"CAFI_P013",100
"5272",-1373.14836813981,"CAFI_P013",25
"5273",-2344.88492218172,"CAFI_P013",50
"5274",-3290.64338261168,"CAFI_P013",100
"5275",4115.66468867107,"CAFI_P013",25
"5276",1132.55674124282,"CAFI_P013",50
"5277",2343.22259997728,"CAFI_P013",100
"5278",339.082464735082,"CAFI_P013",25
"5279",-2145.62332267116,"CAFI_P013",50
"5280",-2367.99502679508,"CAFI_P013",100
"5281",244.104941002093,"CAFI_P013",25
"5282",-2484.59050477151,"CAFI_P013",50
"5283",-118.528753125051,"CAFI_P013",100
"5284",-119.959794525406,"CAFI_P013",25
"5285",-1023.7042430978,"CAFI_P013",50
"5286",-1151.11609296052,"CAFI_P013",100
"5287",1966.34094444191,"CAFI_P013",25
"5288",-381.227069832734,"CAFI_P013",50
"5289",-2838.13871784142,"CAFI_P013",100
"5290",3658.4222231888,"CAFI_P013",25
"5291",3466.19577265473,"CAFI_P013",50
"5292",-3669.68272298801,"CAFI_P013",100
"5293",253.621472651896,"CAFI_P013",25
"5294",1720.0179772129,"CAFI_P013",50
"5295",-30.8334578212816,"CAFI_P013",100
"5296",-1344.06158652791,"CAFI_P013",25
"5297",-2828.54300456616,"CAFI_P013",50
"5298",-2686.90657326207,"CAFI_P013",100
"5299",777.013279914565,"CAFI_P013",25
"5300",-486.179843915044,"CAFI_P013",50
"5301",-473.210400721116,"CAFI_P013",100
"5302",1710.29827978031,"CAFI_P013",25
"5303",-1100.62405409402,"CAFI_P013",50
"5304",5631.33433554566,"CAFI_P013",100
"5305",-934.172109539388,"CAFI_P013",25
"5306",3801.87324030604,"CAFI_P013",50
"5307",10614.4504384964,"CAFI_P013",100
"5308",-299.52527205064,"CAFI_P013",25
"5309",-1370.84878382972,"CAFI_P013",50
"5310",56.1925259170239,"CAFI_P013",100
"5311",-2296.13196286722,"CAFI_P013",25
"5312",-1784.32100169471,"CAFI_P013",50
"5313",1147.18314253038,"CAFI_P013",100
"5314",1689.65665987518,"CAFI_P013",25
"5315",-1522.98368192936,"CAFI_P013",50
"5316",-1600.73570673057,"CAFI_P013",100
"5317",-1695.44449985685,"CAFI_P013",25
"5318",1079.68011567835,"CAFI_P013",50
"5319",4123.03652466973,"CAFI_P013",100
"5320",-737.03766240261,"CAFI_P013",25
"5321",-2827.01827994309,"CAFI_P013",50
"5322",-282.154215111339,"CAFI_P013",100
"5323",-154.659773037245,"CAFI_P013",25
"5324",2718.57228124072,"CAFI_P013",50
"5325",-1032.83227740595,"CAFI_P013",100
"5326",-299.869023483072,"CAFI_P013",25
"5327",1336.14880227251,"CAFI_P013",50
"5328",-1099.14299910882,"CAFI_P013",100
"5329",-2223.98918580642,"CAFI_P013",25
"5330",5949.35117289698,"CAFI_P013",50
"5331",672.873356784869,"CAFI_P013",100
"5332",2366.78538371879,"CAFI_P013",25
"5333",-1735.46857898158,"CAFI_P013",50
"5334",-3787.13744577375,"CAFI_P013",100
"5335",569.322891540942,"CAFI_P013",25
"5336",-160.67930983816,"CAFI_P013",50
"5337",-233.069130333955,"CAFI_P013",100
"5338",392.061980244238,"CAFI_P013",25
"5339",-2054.83619297692,"CAFI_P013",50
"5340",-2945.44786144735,"CAFI_P013",100
"5341",-2162.142430412,"CAFI_P013",25
"5342",-595.908259174728,"CAFI_P013",50
"5343",3490.69202298095,"CAFI_P013",100
"5344",14998.5557564347,"CAFI_P013",25
"5345",-1802.080015218,"CAFI_P013",50
"5346",-1855.10209442669,"CAFI_P013",100
"5347",-1756.52143108618,"CAFI_P013",25
"5348",17177.8070840571,"CAFI_P013",50
"5349",-2943.98753547308,"CAFI_P013",100
"5350",1308.24013708625,"CAFI_P013",25
"5351",2484.81508656626,"CAFI_P013",50
"5352",3975.88213277463,"CAFI_P013",100
"5353",-996.844917171926,"CAFI_P013",25
"5354",-1718.90901846503,"CAFI_P013",50
"5355",-249.246201125206,"CAFI_P013",100
"5356",1655.30839874019,"CAFI_P013",25
"5357",364.840269624139,"CAFI_P013",50
"5358",7294.15711073735,"CAFI_P013",100
"5359",-199.64179332013,"CAFI_P013",25
"5360",1493.04516413133,"CAFI_P013",50
"5361",-2146.1336015386,"CAFI_P013",100
"5362",571.42799130443,"CAFI_P013",25
"5363",-1812.49757744756,"CAFI_P013",50
"5364",17377.8215568871,"CAFI_P013",100
"5365",-932.415951638191,"CAFI_P013",25
"5366",2522.94951456081,"CAFI_P013",50
"5367",-53.0075409601559,"CAFI_P013",100
"5368",704.72241914575,"CAFI_P013",25
"5369",6325.39259939909,"CAFI_P013",50
"5370",-1576.08167284075,"CAFI_P013",100
"5371",2677.9835263812,"CAFI_P013",25
"5372",-1893.84905073082,"CAFI_P013",50
"5373",-3395.75875208713,"CAFI_P013",100
"5374",-1316.78144335194,"CAFI_P013",25
"5375",-544.060508813127,"CAFI_P013",50
"5376",8063.22077018803,"CAFI_P013",100
"5377",1255.11681566562,"CAFI_P013",25
"5378",179.563018709945,"CAFI_P013",50
"5379",-1798.53884644574,"CAFI_P013",100
"5380",-1245.95144204918,"CAFI_P013",25
"5381",97.6920414594351,"CAFI_P013",50
"5382",-2098.88112412911,"CAFI_P013",100
"5383",-214.048291073355,"CAFI_P013",25
"5384",-1499.13215581171,"CAFI_P013",50
"5385",694.562008452776,"CAFI_P013",100
"5386",-318.281924855255,"CAFI_P013",25
"5387",3025.05029431323,"CAFI_P013",50
"5388",-2808.23736511607,"CAFI_P013",100
"5389",-641.161416448944,"CAFI_P013",25
"5390",2465.94319291657,"CAFI_P013",50
"5391",-3022.03529608692,"CAFI_P013",100
"5392",5527.10418095108,"CAFI_P013",25
"5393",2575.52583403158,"CAFI_P013",50
"5394",-452.982793198433,"CAFI_P013",100
"5395",-2598.11049611826,"CAFI_P013",25
"5396",623.841021622182,"CAFI_P013",50
"5397",-1968.62588124443,"CAFI_P013",100
"5398",-1136.13782343478,"CAFI_P013",25
"5399",3649.79389363556,"CAFI_P013",50
"5400",-2033.26035972842,"CAFI_P013",100
"5401",-508.901226777816,"CAFI_P014",25
"5402",340.52007372168,"CAFI_P014",50
"5403",2111.9627130311,"CAFI_P014",100
"5404",-190.402482411359,"CAFI_P014",25
"5405",53.0380221490923,"CAFI_P014",50
"5406",2840.67910288958,"CAFI_P014",100
"5407",655.80389783674,"CAFI_P014",25
"5408",437.936004091491,"CAFI_P014",50
"5409",9410.6328731229,"CAFI_P014",100
"5410",-513.95181288154,"CAFI_P014",25
"5411",10163.0987344288,"CAFI_P014",50
"5412",-1679.94511354301,"CAFI_P014",100
"5413",1308.68732068001,"CAFI_P014",25
"5414",2076.24024753127,"CAFI_P014",50
"5415",2254.63742206432,"CAFI_P014",100
"5416",-786.743365497154,"CAFI_P014",25
"5417",4310.65065672516,"CAFI_P014",50
"5418",2059.008332795,"CAFI_P014",100
"5419",-1117.29793688536,"CAFI_P014",25
"5420",-502.936409149726,"CAFI_P014",50
"5421",-554.148560166446,"CAFI_P014",100
"5422",715.699005430099,"CAFI_P014",25
"5423",2015.45459639386,"CAFI_P014",50
"5424",4332.11250380814,"CAFI_P014",100
"5425",-84.2806750051386,"CAFI_P014",25
"5426",-773.597124974971,"CAFI_P014",50
"5427",154.871803748567,"CAFI_P014",100
"5428",3822.637050641,"CAFI_P014",25
"5429",-599.154466102744,"CAFI_P014",50
"5430",-1090.40495486144,"CAFI_P014",100
"5431",-495.205965978996,"CAFI_P014",25
"5432",-675.283734546421,"CAFI_P014",50
"5433",-1266.19346436046,"CAFI_P014",100
"5434",-26.5209659654356,"CAFI_P014",25
"5435",-585.861925468722,"CAFI_P014",50
"5436",10580.2826239408,"CAFI_P014",100
"5437",1074.36990947527,"CAFI_P014",25
"5438",1483.167278876,"CAFI_P014",50
"5439",-177.887365529168,"CAFI_P014",100
"5440",-506.823353065934,"CAFI_P014",25
"5441",-121.199349478236,"CAFI_P014",50
"5442",4351.68181489879,"CAFI_P014",100
"5443",2443.48998297329,"CAFI_P014",25
"5444",52.8246714044653,"CAFI_P014",50
"5445",416.981647133885,"CAFI_P014",100
"5446",-455.667695007054,"CAFI_P014",25
"5447",3238.42639298044,"CAFI_P014",50
"5448",468.029906010866,"CAFI_P014",100
"5449",978.253625456156,"CAFI_P014",25
"5450",583.939201225614,"CAFI_P014",50
"5451",1574.3695044065,"CAFI_P014",100
"5452",555.491562299052,"CAFI_P014",25
"5453",837.636106145335,"CAFI_P014",50
"5454",1278.10475684624,"CAFI_P014",100
"5455",-618.506349778065,"CAFI_P014",25
"5456",1072.29101467339,"CAFI_P014",50
"5457",3390.55288388854,"CAFI_P014",100
"5458",-130.49587711494,"CAFI_P014",25
"5459",6991.69608488953,"CAFI_P014",50
"5460",891.73560775959,"CAFI_P014",100
"5461",472.915897524421,"CAFI_P014",25
"5462",-47.9912743334717,"CAFI_P014",50
"5463",-802.2385355398,"CAFI_P014",100
"5464",-276.158845194528,"CAFI_P014",25
"5465",576.216964770574,"CAFI_P014",50
"5466",484.162715979852,"CAFI_P014",100
"5467",702.599848433718,"CAFI_P014",25
"5468",1795.51554275872,"CAFI_P014",50
"5469",736.510909614241,"CAFI_P014",100
"5470",247.966139234224,"CAFI_P014",25
"5471",4174.99874422472,"CAFI_P014",50
"5472",960.600551285694,"CAFI_P014",100
"5473",-353.770747083268,"CAFI_P014",25
"5474",-1287.2286662671,"CAFI_P014",50
"5475",212.929197119054,"CAFI_P014",100
"5476",2362.14885998686,"CAFI_P014",25
"5477",-922.332385248214,"CAFI_P014",50
"5478",3453.36527032466,"CAFI_P014",100
"5479",331.019626833586,"CAFI_P014",25
"5480",213.794828513346,"CAFI_P014",50
"5481",2442.60227435039,"CAFI_P014",100
"5482",6448.5194135177,"CAFI_P014",25
"5483",-385.392624217959,"CAFI_P014",50
"5484",4981.40533187476,"CAFI_P014",100
"5485",-1075.75440543334,"CAFI_P014",25
"5486",-444.835800936155,"CAFI_P014",50
"5487",-578.727749633283,"CAFI_P014",100
"5488",-18.066414521978,"CAFI_P014",25
"5489",701.437711300387,"CAFI_P014",50
"5490",94.697602625587,"CAFI_P014",100
"5491",591.6281350668,"CAFI_P014",25
"5492",-326.661633815907,"CAFI_P014",50
"5493",-1112.14402532525,"CAFI_P014",100
"5494",-206.817337127897,"CAFI_P014",25
"5495",5969.46401131552,"CAFI_P014",50
"5496",3195.41348615562,"CAFI_P014",100
"5497",1258.91242814925,"CAFI_P014",25
"5498",-115.169653348508,"CAFI_P014",50
"5499",3838.84437702675,"CAFI_P014",100
"5500",-352.697829578334,"CAFI_P014",25
"5501",1475.30650875688,"CAFI_P014",50
"5502",10482.6275630272,"CAFI_P014",100
"5503",-179.04979116717,"CAFI_P014",25
"5504",575.39144815976,"CAFI_P014",50
"5505",3206.82932029772,"CAFI_P014",100
"5506",-526.378743094363,"CAFI_P014",25
"5507",368.907871438161,"CAFI_P014",50
"5508",1881.82032933919,"CAFI_P014",100
"5509",-31.1036110268615,"CAFI_P014",25
"5510",2633.6295166442,"CAFI_P014",50
"5511",7270.5387104626,"CAFI_P014",100
"5512",10256.7336374044,"CAFI_P014",25
"5513",1292.40034093783,"CAFI_P014",50
"5514",5216.73852024932,"CAFI_P014",100
"5515",-94.9976694929064,"CAFI_P014",25
"5516",2316.80302650281,"CAFI_P014",50
"5517",2302.76456037833,"CAFI_P014",100
"5518",750.311562061339,"CAFI_P014",25
"5519",881.622568567662,"CAFI_P014",50
"5520",647.918604303995,"CAFI_P014",100
"5521",-454.568893684016,"CAFI_P014",25
"5522",-42.0198671765684,"CAFI_P014",50
"5523",436.688130917144,"CAFI_P014",100
"5524",-536.055202322023,"CAFI_P014",25
"5525",-271.811148387205,"CAFI_P014",50
"5526",5905.52858060793,"CAFI_P014",100
"5527",-644.55532672946,"CAFI_P014",25
"5528",678.523958773527,"CAFI_P014",50
"5529",-951.681848163222,"CAFI_P014",100
"5530",-718.628192858043,"CAFI_P014",25
"5531",-642.769827252312,"CAFI_P014",50
"5532",-74.972428217181,"CAFI_P014",100
"5533",-382.160574897192,"CAFI_P014",25
"5534",-519.509077563533,"CAFI_P014",50
"5535",469.07227395213,"CAFI_P014",100
"5536",-188.549188045785,"CAFI_P014",25
"5537",-1297.79246683151,"CAFI_P014",50
"5538",-608.520677304274,"CAFI_P014",100
"5539",-595.886118218565,"CAFI_P014",25
"5540",3924.23864594667,"CAFI_P014",50
"5541",3720.90779367412,"CAFI_P014",100
"5542",-1136.26531960431,"CAFI_P014",25
"5543",-236.148117874429,"CAFI_P014",50
"5544",1572.0220109717,"CAFI_P014",100
"5545",-229.597759461118,"CAFI_P014",25
"5546",73.4553984034574,"CAFI_P014",50
"5547",3409.09956156209,"CAFI_P014",100
"5548",2435.9409817686,"CAFI_P014",25
"5549",15.2179556502961,"CAFI_P014",50
"5550",1696.04660990281,"CAFI_P014",100
"5551",-362.491890191915,"CAFI_P014",25
"5552",-868.142503978976,"CAFI_P014",50
"5553",-108.182585021917,"CAFI_P014",100
"5554",-211.214430135093,"CAFI_P014",25
"5555",439.459915523272,"CAFI_P014",50
"5556",1998.89897579001,"CAFI_P014",100
"5557",-59.9184023623529,"CAFI_P014",25
"5558",-214.137591203908,"CAFI_P014",50
"5559",2447.48412178154,"CAFI_P014",100
"5560",137.651869724068,"CAFI_P014",25
"5561",-276.116366484319,"CAFI_P014",50
"5562",1405.76122369338,"CAFI_P014",100
"5563",536.622095319704,"CAFI_P014",25
"5564",577.220576612017,"CAFI_P014",50
"5565",9870.62024729804,"CAFI_P014",100
"5566",233.689280391496,"CAFI_P014",25
"5567",3397.20591607271,"CAFI_P014",50
"5568",-1188.15092298432,"CAFI_P014",100
"5569",839.012519251643,"CAFI_P014",25
"5570",1543.63058835824,"CAFI_P014",50
"5571",2223.00491731154,"CAFI_P014",100
"5572",381.089535756764,"CAFI_P014",25
"5573",109.337920328777,"CAFI_P014",50
"5574",2596.32286193914,"CAFI_P014",100
"5575",-219.079892752226,"CAFI_P014",25
"5576",-700.128647986363,"CAFI_P014",50
"5577",78.2018792787276,"CAFI_P014",100
"5578",46.9514926513075,"CAFI_P014",25
"5579",691.25466896806,"CAFI_P014",50
"5580",779.95160927088,"CAFI_P014",100
"5581",-134.88927055127,"CAFI_P014",25
"5582",613.753791734169,"CAFI_P014",50
"5583",767.83738665891,"CAFI_P014",100
"5584",3145.53680090432,"CAFI_P014",25
"5585",-250.66241496068,"CAFI_P014",50
"5586",629.172178439709,"CAFI_P014",100
"5587",-76.6023515581619,"CAFI_P014",25
"5588",-1225.45104440642,"CAFI_P014",50
"5589",2677.87502571516,"CAFI_P014",100
"5590",531.209312395193,"CAFI_P014",25
"5591",-1285.18180029173,"CAFI_P014",50
"5592",1722.61679681906,"CAFI_P014",100
"5593",203.78898106984,"CAFI_P014",25
"5594",-175.25104797777,"CAFI_P014",50
"5595",2643.58001830467,"CAFI_P014",100
"5596",-637.96080915918,"CAFI_P014",25
"5597",1660.32308788574,"CAFI_P014",50
"5598",625.516651732934,"CAFI_P014",100
"5599",290.672370794317,"CAFI_P014",25
"5600",-808.520834547235,"CAFI_P014",50
"5601",2143.77747784668,"CAFI_P014",100
"5602",1412.07193632287,"CAFI_P014",25
"5603",1394.51409531006,"CAFI_P014",50
"5604",-971.151408844948,"CAFI_P014",100
"5605",101.738476590835,"CAFI_P014",25
"5606",-24.6394811529899,"CAFI_P014",50
"5607",1200.14270774077,"CAFI_P014",100
"5608",-619.678593090357,"CAFI_P014",25
"5609",34.7616148439702,"CAFI_P014",50
"5610",306.178155832924,"CAFI_P014",100
"5611",-125.132203185116,"CAFI_P014",25
"5612",533.327789647214,"CAFI_P014",50
"5613",12054.1642269777,"CAFI_P014",100
"5614",285.446836173942,"CAFI_P014",25
"5615",598.803462860786,"CAFI_P014",50
"5616",343.24871750889,"CAFI_P014",100
"5617",259.173048021563,"CAFI_P014",25
"5618",-419.341528546414,"CAFI_P014",50
"5619",5808.56203571337,"CAFI_P014",100
"5620",-53.0348930308246,"CAFI_P014",25
"5621",551.604217850574,"CAFI_P014",50
"5622",1998.16413044118,"CAFI_P014",100
"5623",-275.516179517494,"CAFI_P014",25
"5624",1245.54930066437,"CAFI_P014",50
"5625",593.017014988698,"CAFI_P014",100
"5626",383.978357841319,"CAFI_P014",25
"5627",-945.040181200311,"CAFI_P014",50
"5628",-201.549882805703,"CAFI_P014",100
"5629",-175.230253840069,"CAFI_P014",25
"5630",306.373825359187,"CAFI_P014",50
"5631",-167.504273818864,"CAFI_P014",100
"5632",-212.882416365232,"CAFI_P014",25
"5633",-241.922859515151,"CAFI_P014",50
"5634",-596.180488281621,"CAFI_P014",100
"5635",527.045054035232,"CAFI_P014",25
"5636",7390.69951464981,"CAFI_P014",50
"5637",4406.59190961014,"CAFI_P014",100
"5638",-464.339353305142,"CAFI_P014",25
"5639",2272.11712593655,"CAFI_P014",50
"5640",-1271.30300337344,"CAFI_P014",100
"5641",747.001767382171,"CAFI_P014",25
"5642",6184.08807658742,"CAFI_P014",50
"5643",-15.2796073406644,"CAFI_P014",100
"5644",-593.064906517509,"CAFI_P014",25
"5645",1146.54957100863,"CAFI_P014",50
"5646",1704.30057420861,"CAFI_P014",100
"5647",-965.472563541785,"CAFI_P014",25
"5648",776.834179047408,"CAFI_P014",50
"5649",2099.27611177857,"CAFI_P014",100
"5650",962.280095622438,"CAFI_P014",25
"5651",675.144280198816,"CAFI_P014",50
"5652",2791.32478256826,"CAFI_P014",100
"5653",1935.98843895952,"CAFI_P014",25
"5654",9505.21630116089,"CAFI_P014",50
"5655",5736.32982398843,"CAFI_P014",100
"5656",-281.203648403258,"CAFI_P014",25
"5657",1028.53290892014,"CAFI_P014",50
"5658",-1531.66801665426,"CAFI_P014",100
"5659",435.691861876345,"CAFI_P014",25
"5660",-89.8142375524912,"CAFI_P014",50
"5661",-720.363393740845,"CAFI_P014",100
"5662",-337.247681306122,"CAFI_P014",25
"5663",10147.9041083832,"CAFI_P014",50
"5664",3096.00322278714,"CAFI_P014",100
"5665",-360.633133910655,"CAFI_P014",25
"5666",1050.82271285827,"CAFI_P014",50
"5667",3207.12022496926,"CAFI_P014",100
"5668",-154.162551581772,"CAFI_P014",25
"5669",1728.82960701987,"CAFI_P014",50
"5670",5839.82571950468,"CAFI_P014",100
"5671",568.519631281961,"CAFI_P014",25
"5672",837.500857892912,"CAFI_P014",50
"5673",430.672764675983,"CAFI_P014",100
"5674",812.963400686742,"CAFI_P014",25
"5675",104.023466310202,"CAFI_P014",50
"5676",331.205049407465,"CAFI_P014",100
"5677",272.939306057378,"CAFI_P014",25
"5678",9901.20666101485,"CAFI_P014",50
"5679",4305.9581201995,"CAFI_P014",100
"5680",-794.016552089539,"CAFI_P014",25
"5681",-570.755328843457,"CAFI_P014",50
"5682",1683.25506304333,"CAFI_P014",100
"5683",36.4431157963991,"CAFI_P014",25
"5684",594.649377619586,"CAFI_P014",50
"5685",298.367174637388,"CAFI_P014",100
"5686",3834.54378280675,"CAFI_P014",25
"5687",-1362.69220582696,"CAFI_P014",50
"5688",-761.162630082283,"CAFI_P014",100
"5689",511.07301347563,"CAFI_P014",25
"5690",3194.29619462683,"CAFI_P014",50
"5691",15.0128941682633,"CAFI_P014",100
"5692",9829.8454679522,"CAFI_P014",25
"5693",-269.39703159593,"CAFI_P014",50
"5694",-1417.08262782326,"CAFI_P014",100
"5695",-166.880360135721,"CAFI_P014",25
"5696",-531.595017756685,"CAFI_P014",50
"5697",5795.14072429927,"CAFI_P014",100
"5698",-278.988004444836,"CAFI_P014",25
"5699",1512.26146381922,"CAFI_P014",50
"5700",134.960810519784,"CAFI_P014",100
"5701",-3509.2416400665,"CAFI_P015",25
"5702",-4541.85131016525,"CAFI_P015",50
"5703",1739.83232906071,"CAFI_P015",100
"5704",-1659.32516313758,"CAFI_P015",25
"5705",7373.27354562556,"CAFI_P015",50
"5706",-2126.35954457859,"CAFI_P015",100
"5707",-519.407171526225,"CAFI_P015",25
"5708",-4659.75234742503,"CAFI_P015",50
"5709",-3585.95464709768,"CAFI_P015",100
"5710",-3821.21670879715,"CAFI_P015",25
"5711",-562.740209374053,"CAFI_P015",50
"5712",-4573.08534229663,"CAFI_P015",100
"5713",12033.2306971958,"CAFI_P015",25
"5714",2565.9154109949,"CAFI_P015",50
"5715",-2143.0633620575,"CAFI_P015",100
"5716",-2284.64311591705,"CAFI_P015",25
"5717",4667.38927545876,"CAFI_P015",50
"5718",-4849.82408771513,"CAFI_P015",100
"5719",6996.75125072047,"CAFI_P015",25
"5720",290.698449701886,"CAFI_P015",50
"5721",703.010502961813,"CAFI_P015",100
"5722",-1244.32884163695,"CAFI_P015",25
"5723",980.827736975974,"CAFI_P015",50
"5724",-5254.16485937539,"CAFI_P015",100
"5725",2160.00937889889,"CAFI_P015",25
"5726",-10.3077423281502,"CAFI_P015",50
"5727",-3772.84991311032,"CAFI_P015",100
"5728",-55.147303806385,"CAFI_P015",25
"5729",8163.18682049413,"CAFI_P015",50
"5730",7641.73354828538,"CAFI_P015",100
"5731",3576.89673861244,"CAFI_P015",25
"5732",3392.72967568983,"CAFI_P015",50
"5733",9111.10103059048,"CAFI_P015",100
"5734",496.405465272604,"CAFI_P015",25
"5735",-5715.37799126975,"CAFI_P015",50
"5736",3312.93015775626,"CAFI_P015",100
"5737",-3566.54805135791,"CAFI_P015",25
"5738",-4898.15858334006,"CAFI_P015",50
"5739",-5627.25267566618,"CAFI_P015",100
"5740",-522.201135182229,"CAFI_P015",25
"5741",-3970.01328166609,"CAFI_P015",50
"5742",2378.98375095084,"CAFI_P015",100
"5743",956.420050367597,"CAFI_P015",25
"5744",-4608.44470687106,"CAFI_P015",50
"5745",-4058.21294198401,"CAFI_P015",100
"5746",-458.503199769359,"CAFI_P015",25
"5747",-5745.23616097926,"CAFI_P015",50
"5748",-3971.52339035453,"CAFI_P015",100
"5749",155.865755709237,"CAFI_P015",25
"5750",-4617.03086447244,"CAFI_P015",50
"5751",-4862.40663002984,"CAFI_P015",100
"5752",49.1344885190483,"CAFI_P015",25
"5753",-5293.09301668947,"CAFI_P015",50
"5754",-1297.83634255605,"CAFI_P015",100
"5755",783.840040155337,"CAFI_P015",25
"5756",1837.57096291968,"CAFI_P015",50
"5757",-5407.94242589019,"CAFI_P015",100
"5758",-5460.45418279123,"CAFI_P015",25
"5759",-5266.13658903656,"CAFI_P015",50
"5760",-1634.51113873342,"CAFI_P015",100
"5761",-190.109123860078,"CAFI_P015",25
"5762",-545.256113761745,"CAFI_P015",50
"5763",-3481.94118866144,"CAFI_P015",100
"5764",-331.112158518459,"CAFI_P015",25
"5765",-1422.06250178994,"CAFI_P015",50
"5766",-3663.47413609462,"CAFI_P015",100
"5767",-302.480788480665,"CAFI_P015",25
"5768",-5.37615863472456,"CAFI_P015",50
"5769",14115.1715990995,"CAFI_P015",100
"5770",116.968909270072,"CAFI_P015",25
"5771",2994.7749955366,"CAFI_P015",50
"5772",-6271.27115081588,"CAFI_P015",100
"5773",-38.2604885705514,"CAFI_P015",25
"5774",2846.65358241246,"CAFI_P015",50
"5775",12092.4954700483,"CAFI_P015",100
"5776",-3791.5313416362,"CAFI_P015",25
"5777",-5330.62277570006,"CAFI_P015",50
"5778",-3107.29967323237,"CAFI_P015",100
"5779",-1108.44805556943,"CAFI_P015",25
"5780",-3084.22361441748,"CAFI_P015",50
"5781",-2335.11778267706,"CAFI_P015",100
"5782",1155.5241827268,"CAFI_P015",25
"5783",1117.43633207167,"CAFI_P015",50
"5784",-4583.2251749069,"CAFI_P015",100
"5785",823.004846137657,"CAFI_P015",25
"5786",808.507597470714,"CAFI_P015",50
"5787",2532.08359477425,"CAFI_P015",100
"5788",-77.817557993345,"CAFI_P015",25
"5789",-936.604903889005,"CAFI_P015",50
"5790",-1584.00064755848,"CAFI_P015",100
"5791",-1437.02266164683,"CAFI_P015",25
"5792",7628.08862140274,"CAFI_P015",50
"5793",11828.8915379373,"CAFI_P015",100
"5794",-98.3478874192224,"CAFI_P015",25
"5795",5960.01768701547,"CAFI_P015",50
"5796",6473.93780654884,"CAFI_P015",100
"5797",2124.73951679084,"CAFI_P015",25
"5798",1349.43427763908,"CAFI_P015",50
"5799",3199.96607479127,"CAFI_P015",100
"5800",-251.667951056967,"CAFI_P015",25
"5801",982.773001627764,"CAFI_P015",50
"5802",-5390.89263102447,"CAFI_P015",100
"5803",43.0627796233166,"CAFI_P015",25
"5804",12998.4698649516,"CAFI_P015",50
"5805",-6452.96054281038,"CAFI_P015",100
"5806",-27.2365374892252,"CAFI_P015",25
"5807",-1931.45645847637,"CAFI_P015",50
"5808",2440.45058620011,"CAFI_P015",100
"5809",-3716.86758064554,"CAFI_P015",25
"5810",650.358945693239,"CAFI_P015",50
"5811",4266.64850846975,"CAFI_P015",100
"5812",376.970599666762,"CAFI_P015",25
"5813",-5190.43653924286,"CAFI_P015",50
"5814",4023.25973337929,"CAFI_P015",100
"5815",-1575.06542125344,"CAFI_P015",25
"5816",1246.99950078124,"CAFI_P015",50
"5817",21806.9403931359,"CAFI_P015",100
"5818",-373.489902269444,"CAFI_P015",25
"5819",-3061.87668821018,"CAFI_P015",50
"5820",-3084.75468558579,"CAFI_P015",100
"5821",-319.066203591763,"CAFI_P015",25
"5822",-392.960816973762,"CAFI_P015",50
"5823",9473.98043327418,"CAFI_P015",100
"5824",408.539400765614,"CAFI_P015",25
"5825",-2692.29793543962,"CAFI_P015",50
"5826",-4662.37615325401,"CAFI_P015",100
"5827",5245.74780312786,"CAFI_P015",25
"5828",6219.05351938616,"CAFI_P015",50
"5829",13110.1321776015,"CAFI_P015",100
"5830",-914.963193002506,"CAFI_P015",25
"5831",-2330.61761044466,"CAFI_P015",50
"5832",4962.68910233153,"CAFI_P015",100
"5833",1461.71644421702,"CAFI_P015",25
"5834",2190.08689272671,"CAFI_P015",50
"5835",-3803.418851047,"CAFI_P015",100
"5836",-681.318521979905,"CAFI_P015",25
"5837",-1975.7502678241,"CAFI_P015",50
"5838",8924.07352603879,"CAFI_P015",100
"5839",-3023.29199093208,"CAFI_P015",25
"5840",3419.08447341429,"CAFI_P015",50
"5841",1790.11690341023,"CAFI_P015",100
"5842",447.306957115652,"CAFI_P015",25
"5843",-1392.76085554366,"CAFI_P015",50
"5844",10798.0017705226,"CAFI_P015",100
"5845",-17.7086413225625,"CAFI_P015",25
"5846",-4617.74422834959,"CAFI_P015",50
"5847",-5070.92904271005,"CAFI_P015",100
"5848",-5861.4964508664,"CAFI_P015",25
"5849",-1759.8442795251,"CAFI_P015",50
"5850",-1900.4722160899,"CAFI_P015",100
"5851",751.387913025625,"CAFI_P015",25
"5852",-472.071835009556,"CAFI_P015",50
"5853",12061.3278265662,"CAFI_P015",100
"5854",980.934242754651,"CAFI_P015",25
"5855",-175.643685357238,"CAFI_P015",50
"5856",-2101.24918756238,"CAFI_P015",100
"5857",116.244508089265,"CAFI_P015",25
"5858",696.416824497574,"CAFI_P015",50
"5859",-1728.12249447987,"CAFI_P015",100
"5860",-354.200918669638,"CAFI_P015",25
"5861",-3906.85230815609,"CAFI_P015",50
"5862",1323.4822585074,"CAFI_P015",100
"5863",60.9332778683747,"CAFI_P015",25
"5864",271.754677448655,"CAFI_P015",50
"5865",16150.9037719218,"CAFI_P015",100
"5866",-641.496779462439,"CAFI_P015",25
"5867",-3547.75511953363,"CAFI_P015",50
"5868",3000.70413232554,"CAFI_P015",100
"5869",-3654.79193328088,"CAFI_P015",25
"5870",-1192.54539828748,"CAFI_P015",50
"5871",3106.02447460068,"CAFI_P015",100
"5872",585.581813357421,"CAFI_P015",25
"5873",-1843.21586472623,"CAFI_P015",50
"5874",-660.078964436543,"CAFI_P015",100
"5875",133.104452133004,"CAFI_P015",25
"5876",758.802486731671,"CAFI_P015",50
"5877",-5474.87686746364,"CAFI_P015",100
"5878",-1473.0974077924,"CAFI_P015",25
"5879",4151.64195950935,"CAFI_P015",50
"5880",2108.88885571971,"CAFI_P015",100
"5881",516.85419584153,"CAFI_P015",25
"5882",987.146325674606,"CAFI_P015",50
"5883",-4172.41839671676,"CAFI_P015",100
"5884",-552.741293312574,"CAFI_P015",25
"5885",-5380.25087247934,"CAFI_P015",50
"5886",-3497.05376832234,"CAFI_P015",100
"5887",5021.36241261207,"CAFI_P015",25
"5888",10085.9122913428,"CAFI_P015",50
"5889",559.051055060467,"CAFI_P015",100
"5890",3228.79979586002,"CAFI_P015",25
"5891",-1450.76896607684,"CAFI_P015",50
"5892",25257.9803923463,"CAFI_P015",100
"5893",-442.35599794297,"CAFI_P015",25
"5894",1711.85706800263,"CAFI_P015",50
"5895",102.317076730658,"CAFI_P015",100
"5896",2032.87498636817,"CAFI_P015",25
"5897",1935.66834469076,"CAFI_P015",50
"5898",2557.63386561908,"CAFI_P015",100
"5899",-540.638597394747,"CAFI_P015",25
"5900",-904.159998869698,"CAFI_P015",50
"5901",-4831.93264429836,"CAFI_P015",100
"5902",564.156024489494,"CAFI_P015",25
"5903",6503.88001474348,"CAFI_P015",50
"5904",-2788.57409889164,"CAFI_P015",100
"5905",-3722.49840188329,"CAFI_P015",25
"5906",-2339.9377454177,"CAFI_P015",50
"5907",-175.20897994563,"CAFI_P015",100
"5908",2340.03801702557,"CAFI_P015",25
"5909",1124.77995693497,"CAFI_P015",50
"5910",-4575.75229179754,"CAFI_P015",100
"5911",-130.217165705923,"CAFI_P015",25
"5912",12832.5263385733,"CAFI_P015",50
"5913",-4381.91504883562,"CAFI_P015",100
"5914",-4462.69530383201,"CAFI_P015",25
"5915",1457.13233126199,"CAFI_P015",50
"5916",6840.29676079314,"CAFI_P015",100
"5917",-4279.88944990723,"CAFI_P015",25
"5918",-3485.13391892501,"CAFI_P015",50
"5919",10173.5203263697,"CAFI_P015",100
"5920",-1696.11518764117,"CAFI_P015",25
"5921",-6568.63978341443,"CAFI_P015",50
"5922",-4864.62856995407,"CAFI_P015",100
"5923",-3381.86116647953,"CAFI_P015",25
"5924",4160.49442425033,"CAFI_P015",50
"5925",5976.63049549347,"CAFI_P015",100
"5926",-140.900292917737,"CAFI_P015",25
"5927",-504.435697040055,"CAFI_P015",50
"5928",15629.9402035694,"CAFI_P015",100
"5929",-3846.76577668835,"CAFI_P015",25
"5930",-4181.9465901748,"CAFI_P015",50
"5931",2996.6568352906,"CAFI_P015",100
"5932",-1579.15277796477,"CAFI_P015",25
"5933",-4724.09509556822,"CAFI_P015",50
"5934",-4353.27366644482,"CAFI_P015",100
"5935",3235.37810047128,"CAFI_P015",25
"5936",137.369345516374,"CAFI_P015",50
"5937",-1775.12511967006,"CAFI_P015",100
"5938",3366.13619660755,"CAFI_P015",25
"5939",-1853.14534487313,"CAFI_P015",50
"5940",-4303.13147917693,"CAFI_P015",100
"5941",-574.594267466222,"CAFI_P015",25
"5942",-4108.35933313792,"CAFI_P015",50
"5943",-2667.85624746507,"CAFI_P015",100
"5944",1277.96672376018,"CAFI_P015",25
"5945",6007.30578968755,"CAFI_P015",50
"5946",-2392.36629123433,"CAFI_P015",100
"5947",-1279.09138481395,"CAFI_P015",25
"5948",1096.03453913564,"CAFI_P015",50
"5949",-1546.55955809983,"CAFI_P015",100
"5950",7927.07148616569,"CAFI_P015",25
"5951",406.574354649521,"CAFI_P015",50
"5952",-2140.27530359867,"CAFI_P015",100
"5953",3470.12748395221,"CAFI_P015",25
"5954",-3929.4968957965,"CAFI_P015",50
"5955",9730.29434436775,"CAFI_P015",100
"5956",-239.570784632815,"CAFI_P015",25
"5957",6364.05486188928,"CAFI_P015",50
"5958",-3689.68006665789,"CAFI_P015",100
"5959",811.139093540784,"CAFI_P015",25
"5960",-4271.90195274667,"CAFI_P015",50
"5961",-5339.45073090278,"CAFI_P015",100
"5962",-1457.14233391784,"CAFI_P015",25
"5963",-5163.60947323526,"CAFI_P015",50
"5964",3827.08558328421,"CAFI_P015",100
"5965",-82.1272147323471,"CAFI_P015",25
"5966",-3820.41381028184,"CAFI_P015",50
"5967",-1503.75291341479,"CAFI_P015",100
"5968",69.4397660600371,"CAFI_P015",25
"5969",335.69712392136,"CAFI_P015",50
"5970",-958.48932968697,"CAFI_P015",100
"5971",59.6648337406223,"CAFI_P015",25
"5972",-5274.6623968684,"CAFI_P015",50
"5973",1504.23041497794,"CAFI_P015",100
"5974",-3841.73437769205,"CAFI_P015",25
"5975",54.8420849218383,"CAFI_P015",50
"5976",-3105.53796526714,"CAFI_P015",100
"5977",753.678388399829,"CAFI_P015",25
"5978",-671.965746357804,"CAFI_P015",50
"5979",-2087.97793649411,"CAFI_P015",100
"5980",-432.068110327411,"CAFI_P015",25
"5981",-2852.87592896872,"CAFI_P015",50
"5982",5364.55322777352,"CAFI_P015",100
"5983",755.424058857781,"CAFI_P015",25
"5984",785.4530917675,"CAFI_P015",50
"5985",-280.061194571725,"CAFI_P015",100
"5986",-37.5088797624339,"CAFI_P015",25
"5987",3455.69709614554,"CAFI_P015",50
"5988",7696.38780314155,"CAFI_P015",100
"5989",3296.91446832288,"CAFI_P015",25
"5990",-1492.74067064846,"CAFI_P015",50
"5991",3695.65407685406,"CAFI_P015",100
"5992",1897.55220340635,"CAFI_P015",25
"5993",1677.439284786,"CAFI_P015",50
"5994",-3295.78778548003,"CAFI_P015",100
"5995",7851.72913702222,"CAFI_P015",25
"5996",-170.103764482134,"CAFI_P015",50
"5997",-5494.97417899239,"CAFI_P015",100
"5998",4582.52537002368,"CAFI_P015",25
"5999",4342.89455676271,"CAFI_P015",50
"6000",2159.21485638915,"CAFI_P015",100
"6001",8551.54520262574,"CAFI_P016",25
"6002",10153.9930497875,"CAFI_P016",50
"6003",20534.8093906991,"CAFI_P016",100
"6004",4115.42177938606,"CAFI_P016",25
"6005",14417.8082645667,"CAFI_P016",50
"6006",5875.50886847905,"CAFI_P016",100
"6007",13335.8931211783,"CAFI_P016",25
"6008",4208.78424686042,"CAFI_P016",50
"6009",31577.6726969371,"CAFI_P016",100
"6010",3538.03182588553,"CAFI_P016",25
"6011",21579.6111111568,"CAFI_P016",50
"6012",32388.4371891187,"CAFI_P016",100
"6013",4099.53492396441,"CAFI_P016",25
"6014",6257.95764284953,"CAFI_P016",50
"6015",46184.6052607371,"CAFI_P016",100
"6016",7279.94884819078,"CAFI_P016",25
"6017",10535.0406090556,"CAFI_P016",50
"6018",2600.45595397864,"CAFI_P016",100
"6019",3487.64498408447,"CAFI_P016",25
"6020",12747.3456505096,"CAFI_P016",50
"6021",25358.4528197992,"CAFI_P016",100
"6022",14293.8743445416,"CAFI_P016",25
"6023",15003.2677361043,"CAFI_P016",50
"6024",25675.8281924903,"CAFI_P016",100
"6025",17170.2852076283,"CAFI_P016",25
"6026",9364.80567690468,"CAFI_P016",50
"6027",11269.3483304581,"CAFI_P016",100
"6028",309.811264736578,"CAFI_P016",25
"6029",16461.3673340422,"CAFI_P016",50
"6030",27331.1933281004,"CAFI_P016",100
"6031",9181.73655139859,"CAFI_P016",25
"6032",25868.1674457726,"CAFI_P016",50
"6033",18348.7302131164,"CAFI_P016",100
"6034",15605.7294067193,"CAFI_P016",25
"6035",16855.5855123681,"CAFI_P016",50
"6036",6530.13426119694,"CAFI_P016",100
"6037",5553.11498771294,"CAFI_P016",25
"6038",9865.6624154817,"CAFI_P016",50
"6039",16849.7159549781,"CAFI_P016",100
"6040",20941.7098163339,"CAFI_P016",25
"6041",5347.96477239917,"CAFI_P016",50
"6042",14161.3411547741,"CAFI_P016",100
"6043",-2844.56311785273,"CAFI_P016",25
"6044",31196.7232094395,"CAFI_P016",50
"6045",7155.2510787067,"CAFI_P016",100
"6046",6378.90915110731,"CAFI_P016",25
"6047",7545.5003031434,"CAFI_P016",50
"6048",34330.3006562235,"CAFI_P016",100
"6049",22431.2109794766,"CAFI_P016",25
"6050",10808.0910104641,"CAFI_P016",50
"6051",37585.1662257576,"CAFI_P016",100
"6052",-454.399459609122,"CAFI_P016",25
"6053",12829.0411232023,"CAFI_P016",50
"6054",18266.9295014639,"CAFI_P016",100
"6055",2491.69397789199,"CAFI_P016",25
"6056",2343.58363234479,"CAFI_P016",50
"6057",27311.4689562346,"CAFI_P016",100
"6058",2116.13012264314,"CAFI_P016",25
"6059",8517.504952827,"CAFI_P016",50
"6060",18254.6423673792,"CAFI_P016",100
"6061",2716.77830945398,"CAFI_P016",25
"6062",9359.17162583419,"CAFI_P016",50
"6063",33529.8072487681,"CAFI_P016",100
"6064",731.702718332352,"CAFI_P016",25
"6065",15131.6524177494,"CAFI_P016",50
"6066",20840.9012693498,"CAFI_P016",100
"6067",17110.6376074359,"CAFI_P016",25
"6068",29847.9671864676,"CAFI_P016",50
"6069",26036.063246737,"CAFI_P016",100
"6070",3637.44161976821,"CAFI_P016",25
"6071",1990.85895931069,"CAFI_P016",50
"6072",21552.3561578356,"CAFI_P016",100
"6073",17886.9255623409,"CAFI_P016",25
"6074",16022.4031699466,"CAFI_P016",50
"6075",11540.8715154681,"CAFI_P016",100
"6076",12314.6526710335,"CAFI_P016",25
"6077",1904.52652697469,"CAFI_P016",50
"6078",28904.3224313713,"CAFI_P016",100
"6079",1669.97549895226,"CAFI_P016",25
"6080",10944.4912571191,"CAFI_P016",50
"6081",22161.4301478574,"CAFI_P016",100
"6082",824.979947642889,"CAFI_P016",25
"6083",13586.4158820775,"CAFI_P016",50
"6084",10201.0447704929,"CAFI_P016",100
"6085",12616.8160543708,"CAFI_P016",25
"6086",16598.4195599172,"CAFI_P016",50
"6087",21331.5928267522,"CAFI_P016",100
"6088",18360.874432055,"CAFI_P016",25
"6089",6253.23546499893,"CAFI_P016",50
"6090",11012.3894354378,"CAFI_P016",100
"6091",4546.98541255033,"CAFI_P016",25
"6092",-1427.37220956193,"CAFI_P016",50
"6093",16403.5283165904,"CAFI_P016",100
"6094",-1652.92486277426,"CAFI_P016",25
"6095",14837.3625004391,"CAFI_P016",50
"6096",14191.3199023128,"CAFI_P016",100
"6097",4370.97717930685,"CAFI_P016",25
"6098",22370.8422432657,"CAFI_P016",50
"6099",23197.950526238,"CAFI_P016",100
"6100",2440.86589009088,"CAFI_P016",25
"6101",5685.65344004444,"CAFI_P016",50
"6102",23895.0998076531,"CAFI_P016",100
"6103",-3804.05587664212,"CAFI_P016",25
"6104",15270.2901692433,"CAFI_P016",50
"6105",52964.4517876657,"CAFI_P016",100
"6106",4331.36446611566,"CAFI_P016",25
"6107",2529.11947321141,"CAFI_P016",50
"6108",26895.62393806,"CAFI_P016",100
"6109",1759.93376826309,"CAFI_P016",25
"6110",20350.5521222923,"CAFI_P016",50
"6111",19756.3620666966,"CAFI_P016",100
"6112",-3774.95172497799,"CAFI_P016",25
"6113",8326.04167836416,"CAFI_P016",50
"6114",30930.1299163037,"CAFI_P016",100
"6115",-1080.89855632256,"CAFI_P016",25
"6116",3187.20491223887,"CAFI_P016",50
"6117",17824.1821065733,"CAFI_P016",100
"6118",7429.59050228726,"CAFI_P016",25
"6119",-871.772930830135,"CAFI_P016",50
"6120",54218.2601959629,"CAFI_P016",100
"6121",1915.50225604727,"CAFI_P016",25
"6122",13557.6638754228,"CAFI_P016",50
"6123",29702.2309972052,"CAFI_P016",100
"6124",5091.7995555636,"CAFI_P016",25
"6125",19522.0644176741,"CAFI_P016",50
"6126",13927.5202826058,"CAFI_P016",100
"6127",726.714867980685,"CAFI_P016",25
"6128",38163.8651031791,"CAFI_P016",50
"6129",39017.522701118,"CAFI_P016",100
"6130",-1474.53932023776,"CAFI_P016",25
"6131",5309.04767312674,"CAFI_P016",50
"6132",32972.4981140436,"CAFI_P016",100
"6133",-500.68763445277,"CAFI_P016",25
"6134",11269.570729973,"CAFI_P016",50
"6135",38386.7073180393,"CAFI_P016",100
"6136",14921.7775479085,"CAFI_P016",25
"6137",15464.7749120255,"CAFI_P016",50
"6138",15880.0125333896,"CAFI_P016",100
"6139",11970.803988056,"CAFI_P016",25
"6140",14017.6263156027,"CAFI_P016",50
"6141",9091.61249112053,"CAFI_P016",100
"6142",9663.21193455887,"CAFI_P016",25
"6143",496.43898553052,"CAFI_P016",50
"6144",40523.474947736,"CAFI_P016",100
"6145",18374.435316878,"CAFI_P016",25
"6146",4381.74514161533,"CAFI_P016",50
"6147",23464.9966051166,"CAFI_P016",100
"6148",8395.71660809946,"CAFI_P016",25
"6149",20222.7436637441,"CAFI_P016",50
"6150",21965.3441142227,"CAFI_P016",100
"6151",20904.3270273688,"CAFI_P016",25
"6152",6977.50494229113,"CAFI_P016",50
"6153",17559.8595826736,"CAFI_P016",100
"6154",12570.3871040316,"CAFI_P016",25
"6155",7071.38878671476,"CAFI_P016",50
"6156",17696.055262028,"CAFI_P016",100
"6157",-3497.68287939648,"CAFI_P016",25
"6158",22008.2820377568,"CAFI_P016",50
"6159",31022.590382765,"CAFI_P016",100
"6160",1045.10161062522,"CAFI_P016",25
"6161",-3323.04782953172,"CAFI_P016",50
"6162",13804.6016460275,"CAFI_P016",100
"6163",3806.82857277413,"CAFI_P016",25
"6164",2392.5333516153,"CAFI_P016",50
"6165",26986.2594295091,"CAFI_P016",100
"6166",5139.02499182656,"CAFI_P016",25
"6167",20896.9935483198,"CAFI_P016",50
"6168",32168.343486009,"CAFI_P016",100
"6169",1706.11006760376,"CAFI_P016",25
"6170",12971.4593830372,"CAFI_P016",50
"6171",35305.1153378137,"CAFI_P016",100
"6172",241.102707205806,"CAFI_P016",25
"6173",7996.93653962831,"CAFI_P016",50
"6174",32294.3461504782,"CAFI_P016",100
"6175",3398.10211053054,"CAFI_P016",25
"6176",12734.5551162403,"CAFI_P016",50
"6177",22802.6632008572,"CAFI_P016",100
"6178",4951.64334273513,"CAFI_P016",25
"6179",1146.84174938378,"CAFI_P016",50
"6180",11723.7247751589,"CAFI_P016",100
"6181",8084.41029620415,"CAFI_P016",25
"6182",10391.2525591036,"CAFI_P016",50
"6183",19926.8647993326,"CAFI_P016",100
"6184",7917.47541436384,"CAFI_P016",25
"6185",22266.5811612453,"CAFI_P016",50
"6186",24626.6632131277,"CAFI_P016",100
"6187",4135.07311673748,"CAFI_P016",25
"6188",1402.69795918139,"CAFI_P016",50
"6189",18781.0216754146,"CAFI_P016",100
"6190",3332.77629707579,"CAFI_P016",25
"6191",6641.95667137549,"CAFI_P016",50
"6192",14789.0238819247,"CAFI_P016",100
"6193",-91.0044015423628,"CAFI_P016",25
"6194",2214.50330526254,"CAFI_P016",50
"6195",47439.2442709416,"CAFI_P016",100
"6196",7834.46658532385,"CAFI_P016",25
"6197",26428.4028159929,"CAFI_P016",50
"6198",11557.5853949542,"CAFI_P016",100
"6199",6483.56573629816,"CAFI_P016",25
"6200",687.313091295189,"CAFI_P016",50
"6201",31600.2571616354,"CAFI_P016",100
"6202",5873.41891167936,"CAFI_P016",25
"6203",6702.24576172756,"CAFI_P016",50
"6204",18909.9269583306,"CAFI_P016",100
"6205",2031.38383648609,"CAFI_P016",25
"6206",16576.0919974736,"CAFI_P016",50
"6207",18423.0103670014,"CAFI_P016",100
"6208",309.417643839028,"CAFI_P016",25
"6209",7187.99152504891,"CAFI_P016",50
"6210",12246.1504038511,"CAFI_P016",100
"6211",8539.55996976525,"CAFI_P016",25
"6212",20631.7563818028,"CAFI_P016",50
"6213",18537.0933771684,"CAFI_P016",100
"6214",2009.04526245361,"CAFI_P016",25
"6215",5984.50748204684,"CAFI_P016",50
"6216",11289.1300211181,"CAFI_P016",100
"6217",-2186.97403059812,"CAFI_P016",25
"6218",535.316587012901,"CAFI_P016",50
"6219",15764.2351644029,"CAFI_P016",100
"6220",12219.2279452492,"CAFI_P016",25
"6221",8256.2056579924,"CAFI_P016",50
"6222",21571.4643157381,"CAFI_P016",100
"6223",7312.2761176668,"CAFI_P016",25
"6224",16202.5645812061,"CAFI_P016",50
"6225",12302.7972738918,"CAFI_P016",100
"6226",10069.3317621204,"CAFI_P016",25
"6227",6979.73673613847,"CAFI_P016",50
"6228",24048.4325990269,"CAFI_P016",100
"6229",6761.06951998215,"CAFI_P016",25
"6230",6081.51785367128,"CAFI_P016",50
"6231",38820.8955124501,"CAFI_P016",100
"6232",1111.07456337247,"CAFI_P016",25
"6233",160.92424282711,"CAFI_P016",50
"6234",23749.4765923217,"CAFI_P016",100
"6235",-3010.1111284729,"CAFI_P016",25
"6236",12172.206184243,"CAFI_P016",50
"6237",23681.7266174993,"CAFI_P016",100
"6238",9876.55635395739,"CAFI_P016",25
"6239",15380.5732222118,"CAFI_P016",50
"6240",38703.3557077076,"CAFI_P016",100
"6241",3474.6742637509,"CAFI_P016",25
"6242",9057.77541235962,"CAFI_P016",50
"6243",13778.6467511903,"CAFI_P016",100
"6244",2579.09620079142,"CAFI_P016",25
"6245",21406.2230901793,"CAFI_P016",50
"6246",14663.1806827005,"CAFI_P016",100
"6247",2380.47690966143,"CAFI_P016",25
"6248",17960.9504280031,"CAFI_P016",50
"6249",28356.3943885427,"CAFI_P016",100
"6250",-257.337379848177,"CAFI_P016",25
"6251",7410.29946390522,"CAFI_P016",50
"6252",27605.4018983626,"CAFI_P016",100
"6253",6298.67422505323,"CAFI_P016",25
"6254",9655.47848295298,"CAFI_P016",50
"6255",31094.3437168197,"CAFI_P016",100
"6256",6242.86607619526,"CAFI_P016",25
"6257",11479.8899294385,"CAFI_P016",50
"6258",14225.3168987586,"CAFI_P016",100
"6259",7075.92774846446,"CAFI_P016",25
"6260",10171.6331428417,"CAFI_P016",50
"6261",27141.6592948455,"CAFI_P016",100
"6262",-4043.74039011606,"CAFI_P016",25
"6263",16279.7740819423,"CAFI_P016",50
"6264",43384.0995127539,"CAFI_P016",100
"6265",5640.7815767951,"CAFI_P016",25
"6266",3522.86876476341,"CAFI_P016",50
"6267",26439.3516410952,"CAFI_P016",100
"6268",7459.76168379246,"CAFI_P016",25
"6269",16752.4229566847,"CAFI_P016",50
"6270",23659.950136941,"CAFI_P016",100
"6271",11274.699782781,"CAFI_P016",25
"6272",10285.1762352015,"CAFI_P016",50
"6273",28958.5672003733,"CAFI_P016",100
"6274",3296.28954817937,"CAFI_P016",25
"6275",2162.50134489668,"CAFI_P016",50
"6276",8693.45430141414,"CAFI_P016",100
"6277",476.455571825616,"CAFI_P016",25
"6278",1260.29998073407,"CAFI_P016",50
"6279",6289.78590681637,"CAFI_P016",100
"6280",-1584.50752544787,"CAFI_P016",25
"6281",9085.50788635423,"CAFI_P016",50
"6282",6653.12856912659,"CAFI_P016",100
"6283",-1766.30188067397,"CAFI_P016",25
"6284",429.3529468333,"CAFI_P016",50
"6285",36101.3359372388,"CAFI_P016",100
"6286",4898.29201165843,"CAFI_P016",25
"6287",14869.4082347726,"CAFI_P016",50
"6288",9325.99954637483,"CAFI_P016",100
"6289",2820.26976771088,"CAFI_P016",25
"6290",-540.568416673457,"CAFI_P016",50
"6291",27741.8183975243,"CAFI_P016",100
"6292",2743.71846611885,"CAFI_P016",25
"6293",9720.49431229022,"CAFI_P016",50
"6294",22258.2202568364,"CAFI_P016",100
"6295",2754.55760212959,"CAFI_P016",25
"6296",10898.4586280082,"CAFI_P016",50
"6297",22195.6824320261,"CAFI_P016",100
"6298",6518.9410569513,"CAFI_P016",25
"6299",22828.5480618388,"CAFI_P016",50
"6300",19247.662164368,"CAFI_P016",100
"6301",-1326.63981259201,"CAFI_P017",25
"6302",-2138.66721259203,"CAFI_P017",50
"6303",-3297.25822259201,"CAFI_P017",100
"6304",-2148.73155259201,"CAFI_P017",25
"6305",4322.83968740801,"CAFI_P017",50
"6306",-4225.237582592,"CAFI_P017",100
"6307",-1395.56551259203,"CAFI_P017",25
"6308",2240.65478740801,"CAFI_P017",50
"6309",-1509.75875259202,"CAFI_P017",100
"6310",-39.240712592029,"CAFI_P017",25
"6311",638.734287408006,"CAFI_P017",50
"6312",-19.341412592039,"CAFI_P017",100
"6313",-1555.55981259199,"CAFI_P017",25
"6314",-2180.53607259202,"CAFI_P017",50
"6315",-2657.955192592,"CAFI_P017",100
"6316",-692.27771259204,"CAFI_P017",25
"6317",258.737687407993,"CAFI_P017",50
"6318",178.993747407978,"CAFI_P017",100
"6319",4657.843287408,"CAFI_P017",25
"6320",2847.68728740799,"CAFI_P017",50
"6321",8079.99698740797,"CAFI_P017",100
"6322",-1889.52461259201,"CAFI_P017",25
"6323",3132.39358740801,"CAFI_P017",50
"6324",-3205.40107259201,"CAFI_P017",100
"6325",2334.718287408,"CAFI_P017",25
"6326",-437.313572592044,"CAFI_P017",50
"6327",-1409.26981259201,"CAFI_P017",100
"6328",-26.6085125920363,"CAFI_P017",25
"6329",4476.03968740796,"CAFI_P017",50
"6330",182.500537407992,"CAFI_P017",100
"6331",-1564.52791259199,"CAFI_P017",25
"6332",199.087687407969,"CAFI_P017",50
"6333",551.843787407968,"CAFI_P017",100
"6334",-2093.12181259203,"CAFI_P017",25
"6335",1901.45668740798,"CAFI_P017",50
"6336",-3083.84641259204,"CAFI_P017",100
"6337",95.6229874079581,"CAFI_P017",25
"6338",-2396.262212592,"CAFI_P017",50
"6339",-3782.29291259201,"CAFI_P017",100
"6340",-323.655712592008,"CAFI_P017",25
"6341",771.367387407983,"CAFI_P017",50
"6342",-3148.53875259199,"CAFI_P017",100
"6343",-1607.47707259201,"CAFI_P017",25
"6344",6158.61858740798,"CAFI_P017",50
"6345",-433.723972592037,"CAFI_P017",100
"6346",-173.932512592,"CAFI_P017",25
"6347",225.777607408003,"CAFI_P017",50
"6348",-1912.474342592,"CAFI_P017",100
"6349",108.176387407992,"CAFI_P017",25
"6350",4458.84428740799,"CAFI_P017",50
"6351",2871.83187740797,"CAFI_P017",100
"6352",2698.41368740797,"CAFI_P017",25
"6353",4805.645887408,"CAFI_P017",50
"6354",-1470.69872259203,"CAFI_P017",100
"6355",-1570.18101259199,"CAFI_P017",25
"6356",1209.66008740797,"CAFI_P017",50
"6357",-4138.73507259204,"CAFI_P017",100
"6358",3112.00668740796,"CAFI_P017",25
"6359",-1558.39741259202,"CAFI_P017",50
"6360",4597.28518740798,"CAFI_P017",100
"6361",6115.52058740798,"CAFI_P017",25
"6362",-1329.09121259203,"CAFI_P017",50
"6363",4143.488857408,"CAFI_P017",100
"6364",8021.425287408,"CAFI_P017",25
"6365",-895.025512591994,"CAFI_P017",50
"6366",993.293887407985,"CAFI_P017",100
"6367",29.4472874079947,"CAFI_P017",25
"6368",-1740.813612592,"CAFI_P017",50
"6369",-2308.82881259202,"CAFI_P017",100
"6370",-1898.59041259199,"CAFI_P017",25
"6371",4454.20748740801,"CAFI_P017",50
"6372",7237.01938740799,"CAFI_P017",100
"6373",7181.23228740797,"CAFI_P017",25
"6374",-2319.677352592,"CAFI_P017",50
"6375",14804.162127408,"CAFI_P017",100
"6376",-126.520612591994,"CAFI_P017",25
"6377",42.0320874080062,"CAFI_P017",50
"6378",-551.443812592013,"CAFI_P017",100
"6379",537.175987407973,"CAFI_P017",25
"6380",-2448.729112592,"CAFI_P017",50
"6381",-1305.72867259203,"CAFI_P017",100
"6382",6492.04728740797,"CAFI_P017",25
"6383",-2533.89061259199,"CAFI_P017",50
"6384",3485.26148740796,"CAFI_P017",100
"6385",-2044.854012592,"CAFI_P017",25
"6386",-1319.794012592,"CAFI_P017",50
"6387",-2008.06655259203,"CAFI_P017",100
"6388",-1682.724112592,"CAFI_P017",25
"6389",-1418.08221259201,"CAFI_P017",50
"6390",4884.87778740801,"CAFI_P017",100
"6391",1689.23728740797,"CAFI_P017",25
"6392",-2267.40572259203,"CAFI_P017",50
"6393",-2459.41470259201,"CAFI_P017",100
"6394",2535.925287408,"CAFI_P017",25
"6395",-3752.43188259203,"CAFI_P017",50
"6396",2928.786207408,"CAFI_P017",100
"6397",4181.849287408,"CAFI_P017",25
"6398",-257.831512592034,"CAFI_P017",50
"6399",6573.06028740801,"CAFI_P017",100
"6400",540.702287407999,"CAFI_P017",25
"6401",840.808687407989,"CAFI_P017",50
"6402",-2708.76214259199,"CAFI_P017",100
"6403",-253.956772592035,"CAFI_P017",25
"6404",-1270.04851259204,"CAFI_P017",50
"6405",-426.481572591991,"CAFI_P017",100
"6406",-2004.76231259201,"CAFI_P017",25
"6407",-1448.23577259202,"CAFI_P017",50
"6408",-1231.08911259199,"CAFI_P017",100
"6409",-2071.881112592,"CAFI_P017",25
"6410",-3622.37372259202,"CAFI_P017",50
"6411",-2456.75027259201,"CAFI_P017",100
"6412",7689.38058740797,"CAFI_P017",25
"6413",-1584.74791259202,"CAFI_P017",50
"6414",-3898.59941259201,"CAFI_P017",100
"6415",1364.02928740799,"CAFI_P017",25
"6416",-179.646312592027,"CAFI_P017",50
"6417",-1251.26191259199,"CAFI_P017",100
"6418",-1585.275612592,"CAFI_P017",25
"6419",343.520077408,"CAFI_P017",50
"6420",2941.68648740801,"CAFI_P017",100
"6421",-2140.30152259202,"CAFI_P017",25
"6422",1371.66528740799,"CAFI_P017",50
"6423",9911.57898740796,"CAFI_P017",100
"6424",459.224587408011,"CAFI_P017",25
"6425",5652.40888740798,"CAFI_P017",50
"6426",9855.501287408,"CAFI_P017",100
"6427",1921.470687408,"CAFI_P017",25
"6428",-1543.416612592,"CAFI_P017",50
"6429",-1554.44259259204,"CAFI_P017",100
"6430",-1395.56551259203,"CAFI_P017",25
"6431",-287.607862592035,"CAFI_P017",50
"6432",1036.57708740799,"CAFI_P017",100
"6433",-26.9998125919956,"CAFI_P017",25
"6434",8283.85648740799,"CAFI_P017",50
"6435",-3890.43993259204,"CAFI_P017",100
"6436",-1084.89151259203,"CAFI_P017",25
"6437",-1674.64877259202,"CAFI_P017",50
"6438",-3173.06745259202,"CAFI_P017",100
"6439",-1523.89541259204,"CAFI_P017",25
"6440",-1477.37701259204,"CAFI_P017",50
"6441",5132.98698740796,"CAFI_P017",100
"6442",-84.7601725920103,"CAFI_P017",25
"6443",4438.96528740798,"CAFI_P017",50
"6444",10193.308877408,"CAFI_P017",100
"6445",-145.150912592013,"CAFI_P017",25
"6446",-983.496372591995,"CAFI_P017",50
"6447",4153.60748740798,"CAFI_P017",100
"6448",756.626987407974,"CAFI_P017",25
"6449",-1767.72591259202,"CAFI_P017",50
"6450",4801.43999740796,"CAFI_P017",100
"6451",-1656.918102592,"CAFI_P017",25
"6452",-3562.82301259204,"CAFI_P017",50
"6453",-32.6330125920358,"CAFI_P017",100
"6454",-2102.48741259199,"CAFI_P017",25
"6455",-1026.37649259204,"CAFI_P017",50
"6456",147.00604740798,"CAFI_P017",100
"6457",2759.71768740797,"CAFI_P017",25
"6458",15451.157287408,"CAFI_P017",50
"6459",4891.72248740797,"CAFI_P017",100
"6460",-78.9220725920168,"CAFI_P017",25
"6461",280.009787407995,"CAFI_P017",50
"6462",-17.5053725920152,"CAFI_P017",100
"6463",-1639.171512592,"CAFI_P017",25
"6464",1065.78168740799,"CAFI_P017",50
"6465",-4185.27497259201,"CAFI_P017",100
"6466",-2122.50392259203,"CAFI_P017",25
"6467",1160.22848740796,"CAFI_P017",50
"6468",-1039.83342259203,"CAFI_P017",100
"6469",-1400.90841259202,"CAFI_P017",25
"6470",-1970.636012592,"CAFI_P017",50
"6471",-926.167312592035,"CAFI_P017",100
"6472",366.886187408003,"CAFI_P017",25
"6473",-2044.37429259199,"CAFI_P017",50
"6474",3703.25575740798,"CAFI_P017",100
"6475",995.989687407971,"CAFI_P017",25
"6476",4005.91898740799,"CAFI_P017",50
"6477",983.757487408002,"CAFI_P017",100
"6478",-2150.88084259204,"CAFI_P017",25
"6479",-1891.107842592,"CAFI_P017",50
"6480",2205.81246740796,"CAFI_P017",100
"6481",890.803687407984,"CAFI_P017",25
"6482",-1558.993812592,"CAFI_P017",50
"6483",279.902997408004,"CAFI_P017",100
"6484",2854.38158740796,"CAFI_P017",25
"6485",-432.331912591995,"CAFI_P017",50
"6486",3344.42527740798,"CAFI_P017",100
"6487",-5.62211259204196,"CAFI_P017",25
"6488",896.16878740798,"CAFI_P017",50
"6489",-264.116212591995,"CAFI_P017",100
"6490",1802.655687408,"CAFI_P017",25
"6491",5233.69798740797,"CAFI_P017",50
"6492",1833.508587408,"CAFI_P017",100
"6493",600.659087407985,"CAFI_P017",25
"6494",-1830.83225259202,"CAFI_P017",50
"6495",-936.647942592041,"CAFI_P017",100
"6496",300.554387407959,"CAFI_P017",25
"6497",-2471.34221259202,"CAFI_P017",50
"6498",820.536987408006,"CAFI_P017",100
"6499",5800.41728740797,"CAFI_P017",25
"6500",1583.92138740799,"CAFI_P017",50
"6501",-3793.60991259204,"CAFI_P017",100
"6502",15289.916287408,"CAFI_P017",25
"6503",2047.46137740801,"CAFI_P017",50
"6504",-3514.24042259203,"CAFI_P017",100
"6505",-1368.235212592,"CAFI_P017",25
"6506",-1129.13071259204,"CAFI_P017",50
"6507",-2450.48674259201,"CAFI_P017",100
"6508",-244.540522592026,"CAFI_P017",25
"6509",-1890.26271259203,"CAFI_P017",50
"6510",6703.08278740797,"CAFI_P017",100
"6511",-1933.26601259201,"CAFI_P017",25
"6512",125.682587407995,"CAFI_P017",50
"6513",-1502.64262259204,"CAFI_P017",100
"6514",888.673287407961,"CAFI_P017",25
"6515",6096.34778740798,"CAFI_P017",50
"6516",-3365.47164259199,"CAFI_P017",100
"6517",-75.2392525920295,"CAFI_P017",25
"6518",938.863387407968,"CAFI_P017",50
"6519",-2394.23298259202,"CAFI_P017",100
"6520",-2122.50392259203,"CAFI_P017",25
"6521",-1258.32201259199,"CAFI_P017",50
"6522",-1062.44783259201,"CAFI_P017",100
"6523",-429.80678259203,"CAFI_P017",25
"6524",-1772.58471259201,"CAFI_P017",50
"6525",128.017217407993,"CAFI_P017",100
"6526",953.484287408006,"CAFI_P017",25
"6527",-169.907012592012,"CAFI_P017",50
"6528",1770.656887408,"CAFI_P017",100
"6529",-234.297352591995,"CAFI_P017",25
"6530",-116.176372591988,"CAFI_P017",50
"6531",4335.468677408,"CAFI_P017",100
"6532",-561.181712592021,"CAFI_P017",25
"6533",2080.493987408,"CAFI_P017",50
"6534",-4233.42170259199,"CAFI_P017",100
"6535",0.951687407970894,"CAFI_P017",25
"6536",-1592.81091259199,"CAFI_P017",50
"6537",-1898.80324259202,"CAFI_P017",100
"6538",-1611.873092592,"CAFI_P017",25
"6539",-1173.39151259203,"CAFI_P017",50
"6540",-767.845752592024,"CAFI_P017",100
"6541",-333.838912592037,"CAFI_P017",25
"6542",740.835287407972,"CAFI_P017",50
"6543",1577.75622740801,"CAFI_P017",100
"6544",525.225287407986,"CAFI_P017",25
"6545",-502.558012592024,"CAFI_P017",50
"6546",4381.43154740799,"CAFI_P017",100
"6547",-116.47455259203,"CAFI_P017",25
"6548",234.39428740798,"CAFI_P017",50
"6549",-807.008812592016,"CAFI_P017",100
"6550",-251.301972592017,"CAFI_P017",25
"6551",-191.753612592001,"CAFI_P017",50
"6552",-643.198212591989,"CAFI_P017",100
"6553",-597.507712592022,"CAFI_P017",25
"6554",5818.932687408,"CAFI_P017",50
"6555",5631.90058740799,"CAFI_P017",100
"6556",-1524.014712592,"CAFI_P017",25
"6557",-3687.26061259204,"CAFI_P017",50
"6558",-1590.79241259204,"CAFI_P017",100
"6559",-59.8619125920231,"CAFI_P017",25
"6560",-1766.71990259201,"CAFI_P017",50
"6561",3341.66198740801,"CAFI_P017",100
"6562",1783.725687408,"CAFI_P017",25
"6563",2607.96718740801,"CAFI_P017",50
"6564",2999.73738740798,"CAFI_P017",100
"6565",-720.986512592004,"CAFI_P017",25
"6566",-1520.70061259199,"CAFI_P017",50
"6567",538.200687407982,"CAFI_P017",100
"6568",1353.028287408,"CAFI_P017",25
"6569",2648.61438740796,"CAFI_P017",50
"6570",-1770.926152592,"CAFI_P017",100
"6571",-1591.08351259201,"CAFI_P017",25
"6572",-1175.230152592,"CAFI_P017",50
"6573",5104.21648740798,"CAFI_P017",100
"6574",2.28478740795981,"CAFI_P017",25
"6575",738.347387407965,"CAFI_P017",50
"6576",7122.989087408,"CAFI_P017",100
"6577",-175.98561259202,"CAFI_P017",25
"6578",1960.94658740796,"CAFI_P017",50
"6579",280.368827408005,"CAFI_P017",100
"6580",133.35138740798,"CAFI_P017",25
"6581",-983.720072592027,"CAFI_P017",50
"6582",-3342.97722259199,"CAFI_P017",100
"6583",638.390287407965,"CAFI_P017",25
"6584",1008.68402740796,"CAFI_P017",50
"6585",-3550.791222592,"CAFI_P017",100
"6586",3649.11128740798,"CAFI_P017",25
"6587",-94.0894125920022,"CAFI_P017",50
"6588",3046.61492740799,"CAFI_P017",100
"6589",190.292887407995,"CAFI_P017",25
"6590",-1667.64624259202,"CAFI_P017",50
"6591",909.850037408003,"CAFI_P017",100
"6592",-181.751912592037,"CAFI_P017",25
"6593",9171.19458740798,"CAFI_P017",50
"6594",-2008.58104259201,"CAFI_P017",100
"6595",-1502.13441259204,"CAFI_P017",25
"6596",-2091.479112592,"CAFI_P017",50
"6597",-1781.93234259199,"CAFI_P017",100
"6598",756.626987407974,"CAFI_P017",25
"6599",-1156.26790259202,"CAFI_P017",50
"6600",-3603.313972592,"CAFI_P017",100
"6601",-0.0174649700056762,"CAFI_P020",25
"6602",4354.10473502998,"CAFI_P020",50
"6603",-762.572234970052,"CAFI_P020",100
"6604",-0.0174649700056762,"CAFI_P020",25
"6605",-243.434464970022,"CAFI_P020",50
"6606",-1613.61588497006,"CAFI_P020",100
"6607",-0.0174649700056762,"CAFI_P020",25
"6608",409.843335030018,"CAFI_P020",50
"6609",29139.11673503,"CAFI_P020",100
"6610",-0.0174649700056762,"CAFI_P020",25
"6611",-2219.70384496998,"CAFI_P020",50
"6612",-1502.03746497002,"CAFI_P020",100
"6613",-0.0174649700056762,"CAFI_P020",25
"6614",-2220.44987497001,"CAFI_P020",50
"6615",-682.846054970054,"CAFI_P020",100
"6616",-0.0174649700056762,"CAFI_P020",25
"6617",-255.986484969966,"CAFI_P020",50
"6618",-1291.98816497007,"CAFI_P020",100
"6619",-0.0174649700056762,"CAFI_P020",25
"6620",-2192.98236497003,"CAFI_P020",50
"6621",-1049.82497496996,"CAFI_P020",100
"6622",-0.0174649700056762,"CAFI_P020",25
"6623",-1607.24096496997,"CAFI_P020",50
"6624",-2311.26059496996,"CAFI_P020",100
"6625",-0.0174649700056762,"CAFI_P020",25
"6626",12679.0427350299,"CAFI_P020",50
"6627",-2409.55696496996,"CAFI_P020",100
"6628",-0.0174649700056762,"CAFI_P020",25
"6629",-1824.20676496997,"CAFI_P020",50
"6630",768.008055030019,"CAFI_P020",100
"6631",-0.0174649700056762,"CAFI_P020",25
"6632",-1881.83846497,"CAFI_P020",50
"6633",2787.29990502994,"CAFI_P020",100
"6634",-0.0174649700056762,"CAFI_P020",25
"6635",-2.93396497005597,"CAFI_P020",50
"6636",-2132.35466497007,"CAFI_P020",100
"6637",-0.0174649700056762,"CAFI_P020",25
"6638",-243.434464970022,"CAFI_P020",50
"6639",-2308.31506497005,"CAFI_P020",100
"6640",-0.0174649700056762,"CAFI_P020",25
"6641",-1163.20046496997,"CAFI_P020",50
"6642",4176.02353502996,"CAFI_P020",100
"6643",-0.0174649700056762,"CAFI_P020",25
"6644",4553.24773503002,"CAFI_P020",50
"6645",19060.66723503,"CAFI_P020",100
"6646",-0.0174649700056762,"CAFI_P020",25
"6647",-841.900464970036,"CAFI_P020",50
"6648",5805.19173503004,"CAFI_P020",100
"6649",-0.0174649700056762,"CAFI_P020",25
"6650",14934.82273503,"CAFI_P020",50
"6651",10440.79473503,"CAFI_P020",100
"6652",-0.0174649700056762,"CAFI_P020",25
"6653",-2206.48356496997,"CAFI_P020",50
"6654",-2413.96873496997,"CAFI_P020",100
"6655",-0.0174649700056762,"CAFI_P020",25
"6656",-271.872714970028,"CAFI_P020",50
"6657",-1465.84656496998,"CAFI_P020",100
"6658",-0.0174649700056762,"CAFI_P020",25
"6659",4253.33453502995,"CAFI_P020",50
"6660",-960.500164970057,"CAFI_P020",100
"6661",-0.0174649700056762,"CAFI_P020",25
"6662",-26.0312649699626,"CAFI_P020",50
"6663",12863.5068350299,"CAFI_P020",100
"6664",-0.0174649700056762,"CAFI_P020",25
"6665",280.536535029998,"CAFI_P020",50
"6666",-2378.75628496998,"CAFI_P020",100
"6667",-0.0174649700056762,"CAFI_P020",25
"6668",1739.83573503001,"CAFI_P020",50
"6669",-674.204254970071,"CAFI_P020",100
"6670",-0.0174649700056762,"CAFI_P020",25
"6671",-185.810464970069,"CAFI_P020",50
"6672",-1055.57146497001,"CAFI_P020",100
"6673",-0.0174649700056762,"CAFI_P020",25
"6674",-2120.05676497007,"CAFI_P020",50
"6675",-1647.23376496998,"CAFI_P020",100
"6676",-0.0174649700056762,"CAFI_P020",25
"6677",-77.0129649699666,"CAFI_P020",50
"6678",-2298.06142497004,"CAFI_P020",100
"6679",-0.0174649700056762,"CAFI_P020",25
"6680",138.387535030022,"CAFI_P020",50
"6681",33406.40873503,"CAFI_P020",100
"6682",-0.0174649700056762,"CAFI_P020",25
"6683",740.676735030022,"CAFI_P020",50
"6684",-2194.49895497004,"CAFI_P020",100
"6685",-0.0174649700056762,"CAFI_P020",25
"6686",22051.35273503,"CAFI_P020",50
"6687",-220.748254970065,"CAFI_P020",100
"6688",-0.0174649700056762,"CAFI_P020",25
"6689",-166.473364970065,"CAFI_P020",50
"6690",-824.464464970049,"CAFI_P020",100
"6691",-0.0174649700056762,"CAFI_P020",25
"6692",-2148.15576497,"CAFI_P020",50
"6693",-1832.82956496999,"CAFI_P020",100
"6694",-0.0174649700056762,"CAFI_P020",25
"6695",-1971.11936497001,"CAFI_P020",50
"6696",3767.28263502999,"CAFI_P020",100
"6697",-0.0174649700056762,"CAFI_P020",25
"6698",4725.54473503004,"CAFI_P020",50
"6699",-1080.17596497003,"CAFI_P020",100
"6700",-0.0174649700056762,"CAFI_P020",25
"6701",-286.920264970046,"CAFI_P020",50
"6702",-2153.05296497,"CAFI_P020",100
"6703",-0.0174649700056762,"CAFI_P020",25
"6704",-38.1040649700444,"CAFI_P020",50
"6705",-2028.20406497002,"CAFI_P020",100
"6706",-0.0174649700056762,"CAFI_P020",25
"6707",-2161.95766497008,"CAFI_P020",50
"6708",-1522.86486496998,"CAFI_P020",100
"6709",-0.0174649700056762,"CAFI_P020",25
"6710",-143.879064970068,"CAFI_P020",50
"6711",224.109035030007,"CAFI_P020",100
"6712",-0.0174649700056762,"CAFI_P020",25
"6713",-1739.26806497003,"CAFI_P020",50
"6714",752.810335029964,"CAFI_P020",100
"6715",-0.0174649700056762,"CAFI_P020",25
"6716",-2183.92316497001,"CAFI_P020",50
"6717",-2011.03776496998,"CAFI_P020",100
"6718",-0.0174649700056762,"CAFI_P020",25
"6719",-92.7190649700351,"CAFI_P020",50
"6720",639.201835029991,"CAFI_P020",100
"6721",-0.0174649700056762,"CAFI_P020",25
"6722",1240.87773503002,"CAFI_P020",50
"6723",89.9840350300074,"CAFI_P020",100
"6724",-0.0174649700056762,"CAFI_P020",25
"6725",-1334.46316497005,"CAFI_P020",50
"6726",895.628535029944,"CAFI_P020",100
"6727",-0.0174649700056762,"CAFI_P020",25
"6728",430.254535029992,"CAFI_P020",50
"6729",-667.511974969995,"CAFI_P020",100
"6730",-0.0174649700056762,"CAFI_P020",25
"6731",-2.93396497005597,"CAFI_P020",50
"6732",11624.28973503,"CAFI_P020",100
"6733",-0.0174649700056762,"CAFI_P020",25
"6734",2007.10473502998,"CAFI_P020",50
"6735",-2407.49108497007,"CAFI_P020",100
"6736",-0.0174649700056762,"CAFI_P020",25
"6737",-2251.52339496999,"CAFI_P020",50
"6738",-2295.42112497007,"CAFI_P020",100
"6739",-0.0174649700056762,"CAFI_P020",25
"6740",4987.71653502993,"CAFI_P020",50
"6741",-1115.37026497,"CAFI_P020",100
"6742",-0.0174649700056762,"CAFI_P020",25
"6743",-2096.89536496997,"CAFI_P020",50
"6744",-1012.46846497001,"CAFI_P020",100
"6745",-0.0174649700056762,"CAFI_P020",25
"6746",-81.4607649700483,"CAFI_P020",50
"6747",-2081.60294497001,"CAFI_P020",100
"6748",-0.0174649700056762,"CAFI_P020",25
"6749",237.248535029939,"CAFI_P020",50
"6750",-1695.79546497006,"CAFI_P020",100
"6751",-0.0174649700056762,"CAFI_P020",25
"6752",-2156.68296497001,"CAFI_P020",50
"6753",-1071.12911496998,"CAFI_P020",100
"6754",-0.0174649700056762,"CAFI_P020",25
"6755",-957.99346497003,"CAFI_P020",50
"6756",-75.0722649700474,"CAFI_P020",100
"6757",-0.0174649700056762,"CAFI_P020",25
"6758",-62.1503649699735,"CAFI_P020",50
"6759",-1206.93825497001,"CAFI_P020",100
"6760",-0.0174649700056762,"CAFI_P020",25
"6761",-2231.43155496998,"CAFI_P020",50
"6762",-864.720864970004,"CAFI_P020",100
"6763",-0.0174649700056762,"CAFI_P020",25
"6764",-1637.31086496997,"CAFI_P020",50
"6765",3196.17183502996,"CAFI_P020",100
"6766",-0.0174649700056762,"CAFI_P020",25
"6767",-2186.62906497007,"CAFI_P020",50
"6768",-2245.33366497001,"CAFI_P020",100
"6769",-0.0174649700056762,"CAFI_P020",25
"6770",-1569.14846497006,"CAFI_P020",50
"6771",-911.643864970072,"CAFI_P020",100
"6772",-0.0174649700056762,"CAFI_P020",25
"6773",36.9151350299362,"CAFI_P020",50
"6774",-1182.35056497005,"CAFI_P020",100
"6775",-0.0174649700056762,"CAFI_P020",25
"6776",-1695.37206496997,"CAFI_P020",50
"6777",90.9692350300029,"CAFI_P020",100
"6778",-0.0174649700056762,"CAFI_P020",25
"6779",-2069.32136497006,"CAFI_P020",50
"6780",-893.981714969967,"CAFI_P020",100
"6781",-0.0174649700056762,"CAFI_P020",25
"6782",-1057.62046497001,"CAFI_P020",50
"6783",-2495.87461497006,"CAFI_P020",100
"6784",-0.0174649700056762,"CAFI_P020",25
"6785",-287.252254970022,"CAFI_P020",50
"6786",-1851.16196497006,"CAFI_P020",100
"6787",-0.0174649700056762,"CAFI_P020",25
"6788",-2223.56645497005,"CAFI_P020",50
"6789",-301.205364970025,"CAFI_P020",100
"6790",-0.0174649700056762,"CAFI_P020",25
"6791",-1604.45106497,"CAFI_P020",50
"6792",-1326.04416497005,"CAFI_P020",100
"6793",-0.0174649700056762,"CAFI_P020",25
"6794",1214.15153502999,"CAFI_P020",50
"6795",-116.071964969975,"CAFI_P020",100
"6796",-0.0174649700056762,"CAFI_P020",25
"6797",743.259735030006,"CAFI_P020",50
"6798",-1956.80286497006,"CAFI_P020",100
"6799",-0.0174649700056762,"CAFI_P020",25
"6800",5312.62173502997,"CAFI_P020",50
"6801",-2428.53821497003,"CAFI_P020",100
"6802",-0.0174649700056762,"CAFI_P020",25
"6803",-2219.70384496998,"CAFI_P020",50
"6804",-2323.62579496996,"CAFI_P020",100
"6805",-0.0174649700056762,"CAFI_P020",25
"6806",1627.23673502996,"CAFI_P020",50
"6807",21106.73073503,"CAFI_P020",100
"6808",-0.0174649700056762,"CAFI_P020",25
"6809",-2234.21663497004,"CAFI_P020",50
"6810",10559.00343503,"CAFI_P020",100
"6811",-0.0174649700056762,"CAFI_P020",25
"6812",288.322135029943,"CAFI_P020",50
"6813",-2459.54805496999,"CAFI_P020",100
"6814",-0.0174649700056762,"CAFI_P020",25
"6815",-251.355944970041,"CAFI_P020",50
"6816",27986.86953503,"CAFI_P020",100
"6817",-0.0174649700056762,"CAFI_P020",25
"6818",758.540735029965,"CAFI_P020",50
"6819",-2405.62151496997,"CAFI_P020",100
"6820",-0.0174649700056762,"CAFI_P020",25
"6821",-2176.69416497007,"CAFI_P020",50
"6822",34496.4247350299,"CAFI_P020",100
"6823",-0.0174649700056762,"CAFI_P020",25
"6824",15649.98453503,"CAFI_P020",50
"6825",-2538.91016496997,"CAFI_P020",100
"6826",-0.0174649700056762,"CAFI_P020",25
"6827",2746.63653502997,"CAFI_P020",50
"6828",-615.990664970013,"CAFI_P020",100
"6829",-0.0174649700056762,"CAFI_P020",25
"6830",-2169.65466497,"CAFI_P020",50
"6831",2441.31033502996,"CAFI_P020",100
"6832",-0.0174649700056762,"CAFI_P020",25
"6833",137.884535029996,"CAFI_P020",50
"6834",1016.80403502996,"CAFI_P020",100
"6835",-0.0174649700056762,"CAFI_P020",25
"6836",-2192.98236497003,"CAFI_P020",50
"6837",-2397.21256497002,"CAFI_P020",100
"6838",-0.0174649700056762,"CAFI_P020",25
"6839",-2210.60326497001,"CAFI_P020",50
"6840",-1868.55246497004,"CAFI_P020",100
"6841",-0.0174649700056762,"CAFI_P020",25
"6842",1148.25073502993,"CAFI_P020",50
"6843",-2060.14716497005,"CAFI_P020",100
"6844",-0.0174649700056762,"CAFI_P020",25
"6845",644.445035030018,"CAFI_P020",50
"6846",-1841.74619496998,"CAFI_P020",100
"6847",-0.0174649700056762,"CAFI_P020",25
"6848",-2220.44987497001,"CAFI_P020",50
"6849",-331.615864970023,"CAFI_P020",100
"6850",-0.0174649700056762,"CAFI_P020",25
"6851",1148.25073502993,"CAFI_P020",50
"6852",-2266.28316496999,"CAFI_P020",100
"6853",-0.0174649700056762,"CAFI_P020",25
"6854",26.5615350300213,"CAFI_P020",50
"6855",-1632.22896496998,"CAFI_P020",100
"6856",-0.0174649700056762,"CAFI_P020",25
"6857",-2251.52339496999,"CAFI_P020",50
"6858",391.82473502995,"CAFI_P020",100
"6859",-0.0174649700056762,"CAFI_P020",25
"6860",-2234.21663497004,"CAFI_P020",50
"6861",-973.397764969966,"CAFI_P020",100
"6862",-0.0174649700056762,"CAFI_P020",25
"6863",28584.58273503,"CAFI_P020",50
"6864",3772.88643503003,"CAFI_P020",100
"6865",-0.0174649700056762,"CAFI_P020",25
"6866",6232.24273503001,"CAFI_P020",50
"6867",-1296.26206496998,"CAFI_P020",100
"6868",-0.0174649700056762,"CAFI_P020",25
"6869",813.289735030034,"CAFI_P020",50
"6870",28092.17073503,"CAFI_P020",100
"6871",-0.0174649700056762,"CAFI_P020",25
"6872",2684.69173503004,"CAFI_P020",50
"6873",-1818.00965497002,"CAFI_P020",100
"6874",-0.0174649700056762,"CAFI_P020",25
"6875",-2069.32136497006,"CAFI_P020",50
"6876",-2474.61269496998,"CAFI_P020",100
"6877",-0.0174649700056762,"CAFI_P020",25
"6878",-351.671464969986,"CAFI_P020",50
"6879",-1732.15656497004,"CAFI_P020",100
"6880",-0.0174649700056762,"CAFI_P020",25
"6881",-2224.76149497007,"CAFI_P020",50
"6882",-2473.70628497005,"CAFI_P020",100
"6883",-0.0174649700056762,"CAFI_P020",25
"6884",-2220.00794497004,"CAFI_P020",50
"6885",4217.12463502993,"CAFI_P020",100
"6886",-0.0174649700056762,"CAFI_P020",25
"6887",-2258.79816497001,"CAFI_P020",50
"6888",297.233935029944,"CAFI_P020",100
"6889",-0.0174649700056762,"CAFI_P020",25
"6890",-1153.06046497007,"CAFI_P020",50
"6891",-2024.44278497004,"CAFI_P020",100
"6892",-0.0174649700056762,"CAFI_P020",25
"6893",-2214.55996496999,"CAFI_P020",50
"6894",-2364.17565496999,"CAFI_P020",100
"6895",-0.0174649700056762,"CAFI_P020",25
"6896",-249.287364969961,"CAFI_P020",50
"6897",-2147.36506496998,"CAFI_P020",100
"6898",-0.0174649700056762,"CAFI_P020",25
"6899",2699.98873502994,"CAFI_P020",50
"6900",3253.02003502997,"CAFI_P020",100
"6901",985.552917625988,"CAFI_P021",25
"6902",-2651.40430237399,"CAFI_P021",50
"6903",-5652.17834237398,"CAFI_P021",100
"6904",-1386.07598237396,"CAFI_P021",25
"6905",-2946.48716237396,"CAFI_P021",50
"6906",-2386.513272374,"CAFI_P021",100
"6907",-330.539422373986,"CAFI_P021",25
"6908",1431.602507626,"CAFI_P021",50
"6909",11010.413937626,"CAFI_P021",100
"6910",-690.615892373957,"CAFI_P021",25
"6911",-2279.87451237399,"CAFI_P021",50
"6912",5209.95597762603,"CAFI_P021",100
"6913",-1422.12612237397,"CAFI_P021",25
"6914",-2727.48078237398,"CAFI_P021",50
"6915",-117.509812373959,"CAFI_P021",100
"6916",-520.318992373999,"CAFI_P021",25
"6917",39.3275776260416,"CAFI_P021",50
"6918",-2781.99470237398,"CAFI_P021",100
"6919",69.223837625992,"CAFI_P021",25
"6920",-2699.54925237398,"CAFI_P021",50
"6921",-6263.39099237398,"CAFI_P021",100
"6922",1892.24460762599,"CAFI_P021",25
"6923",1472.48446762603,"CAFI_P021",50
"6924",-5037.51550237398,"CAFI_P021",100
"6925",-1022.53529237397,"CAFI_P021",25
"6926",-2012.96338237397,"CAFI_P021",50
"6927",1876.21620762604,"CAFI_P021",100
"6928",-1683.184192374,"CAFI_P021",25
"6929",-3036.14411237399,"CAFI_P021",50
"6930",-788.455582374008,"CAFI_P021",100
"6931",-2708.00906237401,"CAFI_P021",25
"6932",-827.751282373967,"CAFI_P021",50
"6933",3710.700737626,"CAFI_P021",100
"6934",-725.765382373997,"CAFI_P021",25
"6935",-1560.859652374,"CAFI_P021",50
"6936",-4780.68129237398,"CAFI_P021",100
"6937",1930.15930762602,"CAFI_P021",25
"6938",307.756667626032,"CAFI_P021",50
"6939",-4569.22380237398,"CAFI_P021",100
"6940",-249.410512373957,"CAFI_P021",25
"6941",-3280.14445237396,"CAFI_P021",50
"6942",-1277.12916237401,"CAFI_P021",100
"6943",-2832.84436237399,"CAFI_P021",25
"6944",-1481.464082374,"CAFI_P021",50
"6945",-4722.70831237396,"CAFI_P021",100
"6946",-1629.37921237398,"CAFI_P021",25
"6947",1406.40630762599,"CAFI_P021",50
"6948",-4208.10424237396,"CAFI_P021",100
"6949",1449.88430762599,"CAFI_P021",25
"6950",-2306.25088237401,"CAFI_P021",50
"6951",-2931.33440237399,"CAFI_P021",100
"6952",235.113047626044,"CAFI_P021",25
"6953",-2663.07446237397,"CAFI_P021",50
"6954",-3622.331552374,"CAFI_P021",100
"6955",-2121.78971237398,"CAFI_P021",25
"6956",1765.89911762602,"CAFI_P021",50
"6957",-4380.806242374,"CAFI_P021",100
"6958",58.0061076260172,"CAFI_P021",25
"6959",-1040.12265237398,"CAFI_P021",50
"6960",-5228.87884237396,"CAFI_P021",100
"6961",-625.584392373974,"CAFI_P021",25
"6962",-4555.352222374,"CAFI_P021",50
"6963",1847.95305762603,"CAFI_P021",100
"6964",-492.450692373968,"CAFI_P021",25
"6965",2697.39771762601,"CAFI_P021",50
"6966",-4284.53807237401,"CAFI_P021",100
"6967",-1680.18627237401,"CAFI_P021",25
"6968",3868.10959762603,"CAFI_P021",50
"6969",-2653.62366237398,"CAFI_P021",100
"6970",-799.135732373979,"CAFI_P021",25
"6971",-1537.88388237398,"CAFI_P021",50
"6972",-1741.79282237397,"CAFI_P021",100
"6973",-778.206092373992,"CAFI_P021",25
"6974",1352.30211762601,"CAFI_P021",50
"6975",1242.59268762602,"CAFI_P021",100
"6976",-880.733092373994,"CAFI_P021",25
"6977",-3283.71009237401,"CAFI_P021",50
"6978",8039.87501762604,"CAFI_P021",100
"6979",-2627.64099237398,"CAFI_P021",25
"6980",-1887.52362237399,"CAFI_P021",50
"6981",-3855.97080237401,"CAFI_P021",100
"6982",229.270907626022,"CAFI_P021",25
"6983",-3775.35504237399,"CAFI_P021",50
"6984",-4083.93985237397,"CAFI_P021",100
"6985",-2352.52819237398,"CAFI_P021",25
"6986",-501.580882373964,"CAFI_P021",50
"6987",-2355.02553237398,"CAFI_P021",100
"6988",-415.973792373959,"CAFI_P021",25
"6989",-3664.59656237398,"CAFI_P021",50
"6990",7121.56994762603,"CAFI_P021",100
"6991",-2004.020092374,"CAFI_P021",25
"6992",-3753.34656237398,"CAFI_P021",50
"6993",-5953.91526237398,"CAFI_P021",100
"6994",-696.838982374,"CAFI_P021",25
"6995",-4071.08903237397,"CAFI_P021",50
"6996",-5750.18891237397,"CAFI_P021",100
"6997",739.437217626022,"CAFI_P021",25
"6998",-1131.32421237399,"CAFI_P021",50
"6999",-1938.18681237398,"CAFI_P021",100
"7000",-922.393692373997,"CAFI_P021",25
"7001",-1081.53399237397,"CAFI_P021",50
"7002",-4091.02419237397,"CAFI_P021",100
"7003",321.976417626021,"CAFI_P021",25
"7004",-1641.01108237397,"CAFI_P021",50
"7005",-4169.42827237397,"CAFI_P021",100
"7006",-821.884092374006,"CAFI_P021",25
"7007",1306.163417626,"CAFI_P021",50
"7008",-5671.705122374,"CAFI_P021",100
"7009",100.306917626003,"CAFI_P021",25
"7010",1362.342417626,"CAFI_P021",50
"7011",-4606.15115237399,"CAFI_P021",100
"7012",-2246.25079237396,"CAFI_P021",25
"7013",-3451.91093237401,"CAFI_P021",50
"7014",-4105.53163237398,"CAFI_P021",100
"7015",-792.600202373986,"CAFI_P021",25
"7016",-3065.20810237399,"CAFI_P021",50
"7017",-4811.27183237398,"CAFI_P021",100
"7018",-735.484602373966,"CAFI_P021",25
"7019",-2251.29529237398,"CAFI_P021",50
"7020",-3137.96673237398,"CAFI_P021",100
"7021",-1263.431562374,"CAFI_P021",25
"7022",-1741.05514237401,"CAFI_P021",50
"7023",-3850.26290237397,"CAFI_P021",100
"7024",-1028.71970237396,"CAFI_P021",25
"7025",-3406.21950237401,"CAFI_P021",50
"7026",4586.59914762602,"CAFI_P021",100
"7027",-2955.378342374,"CAFI_P021",25
"7028",-332.082792373956,"CAFI_P021",50
"7029",-3566.19573237398,"CAFI_P021",100
"7030",2068.19111762603,"CAFI_P021",25
"7031",-1953.20573237399,"CAFI_P021",50
"7032",-1286.62028237397,"CAFI_P021",100
"7033",867.727997626003,"CAFI_P021",25
"7034",-2183.037902374,"CAFI_P021",50
"7035",5278.608217626,"CAFI_P021",100
"7036",-1355.09449237399,"CAFI_P021",25
"7037",-3013.40579237399,"CAFI_P021",50
"7038",-4815.87845237396,"CAFI_P021",100
"7039",-990.218012374011,"CAFI_P021",25
"7040",-4254.37480237399,"CAFI_P021",50
"7041",-5622.33101237396,"CAFI_P021",100
"7042",-644.114182373974,"CAFI_P021",25
"7043",-2054.46449237398,"CAFI_P021",50
"7044",-4975.33871237398,"CAFI_P021",100
"7045",-1134.31608237396,"CAFI_P021",25
"7046",488.266817626019,"CAFI_P021",50
"7047",-3728.44998237398,"CAFI_P021",100
"7048",-1910.44569237396,"CAFI_P021",25
"7049",-1014.53558237397,"CAFI_P021",50
"7050",-4407.82491237397,"CAFI_P021",100
"7051",-1918.81149237399,"CAFI_P021",25
"7052",-3120.25048237399,"CAFI_P021",50
"7053",-5681.68396237399,"CAFI_P021",100
"7054",-3425.82899237401,"CAFI_P021",25
"7055",-2589.42419237399,"CAFI_P021",50
"7056",-2852.06457237399,"CAFI_P021",100
"7057",-1423.01498237398,"CAFI_P021",25
"7058",-1818.11123237398,"CAFI_P021",50
"7059",-2664.857932374,"CAFI_P021",100
"7060",-853.715252374008,"CAFI_P021",25
"7061",-3237.99093237397,"CAFI_P021",50
"7062",-3355.33581237396,"CAFI_P021",100
"7063",-739.606392373971,"CAFI_P021",25
"7064",7534.42761762603,"CAFI_P021",50
"7065",-2802.818312374,"CAFI_P021",100
"7066",-1968.559292374,"CAFI_P021",25
"7067",2010.17099762603,"CAFI_P021",50
"7068",-5590.56021237397,"CAFI_P021",100
"7069",1383.542607626,"CAFI_P021",25
"7070",670.156417626014,"CAFI_P021",50
"7071",-3921.19765237399,"CAFI_P021",100
"7072",607.474707626039,"CAFI_P021",25
"7073",587.28051762603,"CAFI_P021",50
"7074",-3476.54323237401,"CAFI_P021",100
"7075",-195.633692373987,"CAFI_P021",25
"7076",-2548.860692374,"CAFI_P021",50
"7077",-3581.92998237396,"CAFI_P021",100
"7078",-1531.51709237398,"CAFI_P021",25
"7079",-2043.19762237399,"CAFI_P021",50
"7080",-2780.19615237397,"CAFI_P021",100
"7081",1420.18974762602,"CAFI_P021",25
"7082",-565.837332374009,"CAFI_P021",50
"7083",-1736.298482374,"CAFI_P021",100
"7084",-2588.98320237396,"CAFI_P021",25
"7085",-3659.69859237398,"CAFI_P021",50
"7086",-4203.296762374,"CAFI_P021",100
"7087",2937.509247626,"CAFI_P021",25
"7088",-3668.62540237396,"CAFI_P021",50
"7089",-1734.66220237396,"CAFI_P021",100
"7090",-588.036892373988,"CAFI_P021",25
"7091",15.6460076260264,"CAFI_P021",50
"7092",-43.9413023740053,"CAFI_P021",100
"7093",-257.570092373993,"CAFI_P021",25
"7094",-3067.25374237396,"CAFI_P021",50
"7095",-5705.50801237399,"CAFI_P021",100
"7096",1682.19218762603,"CAFI_P021",25
"7097",1053.28339762602,"CAFI_P021",50
"7098",-512.422982373973,"CAFI_P021",100
"7099",-1097.53781237401,"CAFI_P021",25
"7100",-1201.05198237399,"CAFI_P021",50
"7101",-4038.810522374,"CAFI_P021",100
"7102",-2007.52469237399,"CAFI_P021",25
"7103",-3792.13818237401,"CAFI_P021",50
"7104",-5952.60033237399,"CAFI_P021",100
"7105",-2621.55849237397,"CAFI_P021",25
"7106",-1556.582912374,"CAFI_P021",50
"7107",3016.24854762602,"CAFI_P021",100
"7108",-2033.12944237399,"CAFI_P021",25
"7109",-2459.850922374,"CAFI_P021",50
"7110",-5842.06518237398,"CAFI_P021",100
"7111",-959.962782374001,"CAFI_P021",25
"7112",-3879.068472374,"CAFI_P021",50
"7113",-962.658812373993,"CAFI_P021",100
"7114",-1805.83081237396,"CAFI_P021",25
"7115",-4096.44713237399,"CAFI_P021",50
"7116",10062.054147626,"CAFI_P021",100
"7117",-1147.60461237398,"CAFI_P021",25
"7118",-2807.27730237396,"CAFI_P021",50
"7119",-2729.07430237398,"CAFI_P021",100
"7120",-653.768382373964,"CAFI_P021",25
"7121",-2355.69508237398,"CAFI_P021",50
"7122",-6180.763922374,"CAFI_P021",100
"7123",-1253.07969237398,"CAFI_P021",25
"7124",-2242.98721237399,"CAFI_P021",50
"7125",-5333.11633237399,"CAFI_P021",100
"7126",-1549.72499237396,"CAFI_P021",25
"7127",-100.808262373961,"CAFI_P021",50
"7128",-3206.580872374,"CAFI_P021",100
"7129",110.702817626006,"CAFI_P021",25
"7130",196.915717625991,"CAFI_P021",50
"7131",10332.702307626,"CAFI_P021",100
"7132",-1370.62142237398,"CAFI_P021",25
"7133",-378.997382373956,"CAFI_P021",50
"7134",-5650.23610237398,"CAFI_P021",100
"7135",-2670.40685237397,"CAFI_P021",25
"7136",-2705.84397237399,"CAFI_P021",50
"7137",-2135.25726237398,"CAFI_P021",100
"7138",-2128.11949237401,"CAFI_P021",25
"7139",-2585.00492237398,"CAFI_P021",50
"7140",-4978.52068237396,"CAFI_P021",100
"7141",313.769247626013,"CAFI_P021",25
"7142",-2661.78569237399,"CAFI_P021",50
"7143",4170.89463762601,"CAFI_P021",100
"7144",-2590.82789237396,"CAFI_P021",25
"7145",-2291.93298237398,"CAFI_P021",50
"7146",7477.76061762602,"CAFI_P021",100
"7147",-727.433482374006,"CAFI_P021",25
"7148",-1573.03346237401,"CAFI_P021",50
"7149",-3774.255842374,"CAFI_P021",100
"7150",-1219.25679237396,"CAFI_P021",25
"7151",-3389.78202237398,"CAFI_P021",50
"7152",-4085.18443237396,"CAFI_P021",100
"7153",-2573.91999237397,"CAFI_P021",25
"7154",1895.26585762604,"CAFI_P021",50
"7155",91.3976776259951,"CAFI_P021",100
"7156",-1857.12042237399,"CAFI_P021",25
"7157",-800.115552373987,"CAFI_P021",50
"7158",-5647.36889237398,"CAFI_P021",100
"7159",-2355.21839237399,"CAFI_P021",25
"7160",-3568.30436237401,"CAFI_P021",50
"7161",420.577517625992,"CAFI_P021",100
"7162",6939.69371762604,"CAFI_P021",25
"7163",3982.18871762604,"CAFI_P021",50
"7164",-5598.96708237397,"CAFI_P021",100
"7165",-1431.61149237398,"CAFI_P021",25
"7166",-3644.729492374,"CAFI_P021",50
"7167",-2211.73707237397,"CAFI_P021",100
"7168",112.626807625988,"CAFI_P021",25
"7169",-1500.755192374,"CAFI_P021",50
"7170",-6332.03340237396,"CAFI_P021",100
"7171",-1832.71759237396,"CAFI_P021",25
"7172",-3424.12394237396,"CAFI_P021",50
"7173",-4149.05894237396,"CAFI_P021",100
"7174",-1514.905602374,"CAFI_P021",25
"7175",-583.475782373978,"CAFI_P021",50
"7176",-3019.24667237396,"CAFI_P021",100
"7177",-1235.38398237398,"CAFI_P021",25
"7178",608.037317626004,"CAFI_P021",50
"7179",-708.026342373982,"CAFI_P021",100
"7180",-217.497782373975,"CAFI_P021",25
"7181",-2446.49486237398,"CAFI_P021",50
"7182",-2801.31045237399,"CAFI_P021",100
"7183",-2999.95307237399,"CAFI_P021",25
"7184",-3538.164982374,"CAFI_P021",50
"7185",-5103.91282237397,"CAFI_P021",100
"7186",436.824037626036,"CAFI_P021",25
"7187",-2963.11794237397,"CAFI_P021",50
"7188",-2845.162902374,"CAFI_P021",100
"7189",-1377.33409237396,"CAFI_P021",25
"7190",-3262.095992374,"CAFI_P021",50
"7191",-3040.35609237396,"CAFI_P021",100
"7192",-1444.657292374,"CAFI_P021",25
"7193",-3085.53348237398,"CAFI_P021",50
"7194",-4711.77987237397,"CAFI_P021",100
"7195",-1969.90139237395,"CAFI_P021",25
"7196",-2587.92881237401,"CAFI_P021",50
"7197",-2211.20222237398,"CAFI_P021",100
"7198",-221.118582374009,"CAFI_P021",25
"7199",-2974.16624237399,"CAFI_P021",50
"7200",-6184.81209237396,"CAFI_P021",100
"7201",-907.164947536017,"CAFI_P022",25
"7202",15148.363482464,"CAFI_P022",50
"7203",3716.60331246399,"CAFI_P022",100
"7204",-1524.645757536,"CAFI_P022",25
"7205",121.589012463985,"CAFI_P022",50
"7206",-84.2773775359965,"CAFI_P022",100
"7207",-2691.29719753601,"CAFI_P022",25
"7208",-3227.65563753599,"CAFI_P022",50
"7209",785.169732463983,"CAFI_P022",100
"7210",-638.716737536015,"CAFI_P022",25
"7211",-2469.28762753602,"CAFI_P022",50
"7212",-4363.562637536,"CAFI_P022",100
"7213",-1578.060397536,"CAFI_P022",25
"7214",1197.40390246399,"CAFI_P022",50
"7215",-2188.214357536,"CAFI_P022",100
"7216",-362.408757536003,"CAFI_P022",25
"7217",-2911.364787536,"CAFI_P022",50
"7218",1049.57843246398,"CAFI_P022",100
"7219",-1744.88140753601,"CAFI_P022",25
"7220",989.885592464008,"CAFI_P022",50
"7221",-4585.56502753601,"CAFI_P022",100
"7222",-2452.05597753602,"CAFI_P022",25
"7223",-4264.63882753599,"CAFI_P022",50
"7224",-4327.017787536,"CAFI_P022",100
"7225",923.414502464002,"CAFI_P022",25
"7226",-3716.50106753601,"CAFI_P022",50
"7227",-2265.60607753601,"CAFI_P022",100
"7228",-2017.87747753601,"CAFI_P022",25
"7229",-4612.07049753601,"CAFI_P022",50
"7230",-4969.93872753601,"CAFI_P022",100
"7231",-922.486397536006,"CAFI_P022",25
"7232",5358.46104246398,"CAFI_P022",50
"7233",12051.046832464,"CAFI_P022",100
"7234",-85.8547275360033,"CAFI_P022",25
"7235",-632.37778753601,"CAFI_P022",50
"7236",-3358.41262753602,"CAFI_P022",100
"7237",-2424.394397536,"CAFI_P022",25
"7238",-3418.588177536,"CAFI_P022",50
"7239",11102.211852464,"CAFI_P022",100
"7240",-1482.81519753599,"CAFI_P022",25
"7241",-2976.06207753601,"CAFI_P022",50
"7242",-1544.05946753602,"CAFI_P022",100
"7243",-973.175297536014,"CAFI_P022",25
"7244",1105.304752464,"CAFI_P022",50
"7245",-2155.643717536,"CAFI_P022",100
"7246",-1141.83589753602,"CAFI_P022",25
"7247",284.716522464005,"CAFI_P022",50
"7248",-4220.95811753601,"CAFI_P022",100
"7249",-597.305087535991,"CAFI_P022",25
"7250",-2914.96284753599,"CAFI_P022",50
"7251",14705.199602464,"CAFI_P022",100
"7252",-1298.30474753599,"CAFI_P022",25
"7253",-4421.07855753601,"CAFI_P022",50
"7254",-6046.254907536,"CAFI_P022",100
"7255",-2599.80878753599,"CAFI_P022",25
"7256",-1409.08420753601,"CAFI_P022",50
"7257",-3300.91085753602,"CAFI_P022",100
"7258",-280.181197536003,"CAFI_P022",25
"7259",-1644.15689753601,"CAFI_P022",50
"7260",5113.27479246398,"CAFI_P022",100
"7261",-1201.132907536,"CAFI_P022",25
"7262",1870.785512464,"CAFI_P022",50
"7263",-3918.891847536,"CAFI_P022",100
"7264",1276.02000246401,"CAFI_P022",25
"7265",-3392.31325753601,"CAFI_P022",50
"7266",-4429.97940753601,"CAFI_P022",100
"7267",-969.845297535998,"CAFI_P022",25
"7268",2287.30513246398,"CAFI_P022",50
"7269",13883.544142464,"CAFI_P022",100
"7270",45.5914224640001,"CAFI_P022",25
"7271",-1715.52889753602,"CAFI_P022",50
"7272",-5018.14167753601,"CAFI_P022",100
"7273",-1798.038707536,"CAFI_P022",25
"7274",842.292742463993,"CAFI_P022",50
"7275",-3550.179427536,"CAFI_P022",100
"7276",-710.704137535999,"CAFI_P022",25
"7277",384.226072463993,"CAFI_P022",50
"7278",-3951.032587536,"CAFI_P022",100
"7279",901.599742463994,"CAFI_P022",25
"7280",-2618.054087536,"CAFI_P022",50
"7281",-2504.26453753602,"CAFI_P022",100
"7282",-884.031487536005,"CAFI_P022",25
"7283",-4062.38778753602,"CAFI_P022",50
"7284",-3749.85320753601,"CAFI_P022",100
"7285",-1208.52607753599,"CAFI_P022",25
"7286",614.611102463998,"CAFI_P022",50
"7287",-541.872667535994,"CAFI_P022",100
"7288",18985.560702464,"CAFI_P022",25
"7289",-2216.54679753599,"CAFI_P022",50
"7290",-1673.70145753599,"CAFI_P022",100
"7291",1170.18034246398,"CAFI_P022",25
"7292",-686.832047536009,"CAFI_P022",50
"7293",722.961962464004,"CAFI_P022",100
"7294",-1812.33689753601,"CAFI_P022",25
"7295",1118.18150246399,"CAFI_P022",50
"7296",-4658.11404753602,"CAFI_P022",100
"7297",-1715.007697536,"CAFI_P022",25
"7298",-496.665597536019,"CAFI_P022",50
"7299",6579.12404246398,"CAFI_P022",100
"7300",-1098.62179753601,"CAFI_P022",25
"7301",-700.913327535993,"CAFI_P022",50
"7302",-5321.19216753601,"CAFI_P022",100
"7303",-1062.52621753601,"CAFI_P022",25
"7304",-2750.00220753602,"CAFI_P022",50
"7305",-3072.32168753599,"CAFI_P022",100
"7306",-729.366247536003,"CAFI_P022",25
"7307",-2622.734417536,"CAFI_P022",50
"7308",-4699.61149753601,"CAFI_P022",100
"7309",110.358182463999,"CAFI_P022",25
"7310",-1642.01865753601,"CAFI_P022",50
"7311",-2100.918927536,"CAFI_P022",100
"7312",-1993.08608753601,"CAFI_P022",25
"7313",-5277.18691753602,"CAFI_P022",50
"7314",-5712.27178753601,"CAFI_P022",100
"7315",46.5357324639917,"CAFI_P022",25
"7316",-1658.28332753602,"CAFI_P022",50
"7317",10685.949192464,"CAFI_P022",100
"7318",10576.470062464,"CAFI_P022",25
"7319",140.161102463986,"CAFI_P022",50
"7320",-4867.55198753602,"CAFI_P022",100
"7321",3635.08171246399,"CAFI_P022",25
"7322",-540.235737536015,"CAFI_P022",50
"7323",-1160.59475753602,"CAFI_P022",100
"7324",-349.397957536014,"CAFI_P022",25
"7325",-3487.38515753602,"CAFI_P022",50
"7326",487.376232463983,"CAFI_P022",100
"7327",-2614.014997536,"CAFI_P022",25
"7328",-1354.43146753599,"CAFI_P022",50
"7329",-4626.24448753599,"CAFI_P022",100
"7330",-111.702187535993,"CAFI_P022",25
"7331",-2978.72619753602,"CAFI_P022",50
"7332",-4966.771247536,"CAFI_P022",100
"7333",-158.629997536016,"CAFI_P022",25
"7334",397.627422463993,"CAFI_P022",50
"7335",-3797.826377536,"CAFI_P022",100
"7336",-787.045597535995,"CAFI_P022",25
"7337",-3338.78015753601,"CAFI_P022",50
"7338",3188.53464246399,"CAFI_P022",100
"7339",-1221.729707536,"CAFI_P022",25
"7340",-2545.33079753601,"CAFI_P022",50
"7341",-3581.07398753602,"CAFI_P022",100
"7342",12465.383602464,"CAFI_P022",25
"7343",141.926242463989,"CAFI_P022",50
"7344",9032.49125246398,"CAFI_P022",100
"7345",-1047.64587753601,"CAFI_P022",25
"7346",-114.812157536013,"CAFI_P022",50
"7347",-188.591727535997,"CAFI_P022",100
"7348",2477.852602464,"CAFI_P022",25
"7349",1027.841322464,"CAFI_P022",50
"7350",8251.272172464,"CAFI_P022",100
"7351",-1707.766397536,"CAFI_P022",25
"7352",-1126.08156753599,"CAFI_P022",50
"7353",-2906.404637536,"CAFI_P022",100
"7354",-1534.072597536,"CAFI_P022",25
"7355",-1040.128657536,"CAFI_P022",50
"7356",-4865.570297536,"CAFI_P022",100
"7357",48.4328124639869,"CAFI_P022",25
"7358",-962.356187536003,"CAFI_P022",50
"7359",-3593.29393753601,"CAFI_P022",100
"7360",-1077.76344753601,"CAFI_P022",25
"7361",-3021.04210753599,"CAFI_P022",50
"7362",-5910.084847536,"CAFI_P022",100
"7363",-139.846757535997,"CAFI_P022",25
"7364",-5007.685737536,"CAFI_P022",50
"7365",-5111.46243753601,"CAFI_P022",100
"7366",-205.811897536012,"CAFI_P022",25
"7367",-2805.46589753599,"CAFI_P022",50
"7368",-4471.72922753601,"CAFI_P022",100
"7369",-1841.65300753599,"CAFI_P022",25
"7370",-2461.725277536,"CAFI_P022",50
"7371",-4897.83250753602,"CAFI_P022",100
"7372",654.614612464007,"CAFI_P022",25
"7373",13507.660982464,"CAFI_P022",50
"7374",-4137.79300753601,"CAFI_P022",100
"7375",-685.899857536016,"CAFI_P022",25
"7376",-2860.313997536,"CAFI_P022",50
"7377",-782.025157536002,"CAFI_P022",100
"7378",7172.53973246401,"CAFI_P022",25
"7379",587.220942463988,"CAFI_P022",50
"7380",-5447.570747536,"CAFI_P022",100
"7381",-1813.845167536,"CAFI_P022",25
"7382",2495.044642464,"CAFI_P022",50
"7383",-1757.96227753602,"CAFI_P022",100
"7384",-3105.87841753601,"CAFI_P022",25
"7385",7997.529342464,"CAFI_P022",50
"7386",-2639.20758753602,"CAFI_P022",100
"7387",-371.444097536005,"CAFI_P022",25
"7388",-4960.835987536,"CAFI_P022",50
"7389",6336.674542464,"CAFI_P022",100
"7390",-1079.36073753602,"CAFI_P022",25
"7391",20259.604072464,"CAFI_P022",50
"7392",-1639.35033753602,"CAFI_P022",100
"7393",690.750602463988,"CAFI_P022",25
"7394",-1863.56679753601,"CAFI_P022",50
"7395",-5725.383477536,"CAFI_P022",100
"7396",1360.477602464,"CAFI_P022",25
"7397",-1959.886557536,"CAFI_P022",50
"7398",-5625.19578753601,"CAFI_P022",100
"7399",-1636.549707536,"CAFI_P022",25
"7400",3564.11134246399,"CAFI_P022",50
"7401",-4930.71444753601,"CAFI_P022",100
"7402",390.833852463984,"CAFI_P022",25
"7403",-3042.32584753601,"CAFI_P022",50
"7404",-5085.35026753601,"CAFI_P022",100
"7405",-1029.33933753602,"CAFI_P022",25
"7406",535.782852464006,"CAFI_P022",50
"7407",-5441.400187536,"CAFI_P022",100
"7408",-508.176957535994,"CAFI_P022",25
"7409",-3436.304327536,"CAFI_P022",50
"7410",-1124.13306753599,"CAFI_P022",100
"7411",-1550.89729753599,"CAFI_P022",25
"7412",875.359482464002,"CAFI_P022",50
"7413",3020.37172246398,"CAFI_P022",100
"7414",-1459.39959753602,"CAFI_P022",25
"7415",-2815.77900753601,"CAFI_P022",50
"7416",-5345.13330753602,"CAFI_P022",100
"7417",4661.34079246401,"CAFI_P022",25
"7418",3603.166432464,"CAFI_P022",50
"7419",12638.633602464,"CAFI_P022",100
"7420",-63.6602975360001,"CAFI_P022",25
"7421",-3782.45549753599,"CAFI_P022",50
"7422",-3675.49115753602,"CAFI_P022",100
"7423",-1355.79949753601,"CAFI_P022",25
"7424",-2609.021297536,"CAFI_P022",50
"7425",872.037632463995,"CAFI_P022",100
"7426",805.773802463984,"CAFI_P022",25
"7427",-1209.984087536,"CAFI_P022",50
"7428",-4836.407687536,"CAFI_P022",100
"7429",-1216.44069753602,"CAFI_P022",25
"7430",10757.241982464,"CAFI_P022",50
"7431",-5650.87514753602,"CAFI_P022",100
"7432",922.74112246398,"CAFI_P022",25
"7433",1233.55150246399,"CAFI_P022",50
"7434",-4803.01268753601,"CAFI_P022",100
"7435",-520.855697535997,"CAFI_P022",25
"7436",-823.04615753601,"CAFI_P022",50
"7437",164.229952463997,"CAFI_P022",100
"7438",550.482702463982,"CAFI_P022",25
"7439",-1476.84056753601,"CAFI_P022",50
"7440",-3908.508817536,"CAFI_P022",100
"7441",1744.208602464,"CAFI_P022",25
"7442",-3748.09850753599,"CAFI_P022",50
"7443",-2455.98310753601,"CAFI_P022",100
"7444",640.508502463985,"CAFI_P022",25
"7445",-2433.44199753599,"CAFI_P022",50
"7446",3316.83435246401,"CAFI_P022",100
"7447",860.299922464008,"CAFI_P022",25
"7448",-2556.871127536,"CAFI_P022",50
"7449",-5636.455827536,"CAFI_P022",100
"7450",-1545.25359753601,"CAFI_P022",25
"7451",204.768302463985,"CAFI_P022",50
"7452",-1883.40793753602,"CAFI_P022",100
"7453",-2088.11042753601,"CAFI_P022",25
"7454",-3928.40220753601,"CAFI_P022",50
"7455",-4950.529957536,"CAFI_P022",100
"7456",-1800.00775753602,"CAFI_P022",25
"7457",1361.99484246399,"CAFI_P022",50
"7458",-5041.80698753599,"CAFI_P022",100
"7459",-1114.16523753601,"CAFI_P022",25
"7460",6649.03574246398,"CAFI_P022",50
"7461",-3319.27068753602,"CAFI_P022",100
"7462",-1477.935497536,"CAFI_P022",25
"7463",-2093.556827536,"CAFI_P022",50
"7464",-3881.18402753602,"CAFI_P022",100
"7465",-1803.39433753601,"CAFI_P022",25
"7466",4202.695202464,"CAFI_P022",50
"7467",-4410.33936753601,"CAFI_P022",100
"7468",-1914.89909753599,"CAFI_P022",25
"7469",-3824.32690753601,"CAFI_P022",50
"7470",-5051.51175753601,"CAFI_P022",100
"7471",115.289602464007,"CAFI_P022",25
"7472",770.999642463983,"CAFI_P022",50
"7473",-5833.50184753601,"CAFI_P022",100
"7474",777.120302463998,"CAFI_P022",25
"7475",2047.39963246399,"CAFI_P022",50
"7476",-4349.67096753602,"CAFI_P022",100
"7477",-1709.05027753601,"CAFI_P022",25
"7478",823.997562464006,"CAFI_P022",50
"7479",-1358.55844753599,"CAFI_P022",100
"7480",373.189142463991,"CAFI_P022",25
"7481",2814.48794246398,"CAFI_P022",50
"7482",2473.62045246401,"CAFI_P022",100
"7483",-1423.128217536,"CAFI_P022",25
"7484",-3464.768197536,"CAFI_P022",50
"7485",2607.43292246398,"CAFI_P022",100
"7486",-1133.974697536,"CAFI_P022",25
"7487",1751.078942464,"CAFI_P022",50
"7488",-1556.582867536,"CAFI_P022",100
"7489",-1890.135197536,"CAFI_P022",25
"7490",2136.02990246398,"CAFI_P022",50
"7491",646.785622463998,"CAFI_P022",100
"7492",-1583.371597536,"CAFI_P022",25
"7493",-3361.879827536,"CAFI_P022",50
"7494",-5566.466877536,"CAFI_P022",100
"7495",-1123.34489753601,"CAFI_P022",25
"7496",-1652.297387536,"CAFI_P022",50
"7497",-4220.82104753601,"CAFI_P022",100
"7498",-421.393497536017,"CAFI_P022",25
"7499",-4324.22976753602,"CAFI_P022",50
"7500",-4775.50048753602,"CAFI_P022",100
"7501",331.76243249001,"CAFI_P023",25
"7502",-474.82237750999,"CAFI_P023",50
"7503",1685.38309249,"CAFI_P023",100
"7504",-57.4025075100071,"CAFI_P023",25
"7505",-356.642167509999,"CAFI_P023",50
"7506",-663.188427510002,"CAFI_P023",100
"7507",-450.706217509985,"CAFI_P023",25
"7508",-344.657567510003,"CAFI_P023",50
"7509",-386.976817510003,"CAFI_P023",100
"7510",262.625732490007,"CAFI_P023",25
"7511",937.894682490005,"CAFI_P023",50
"7512",1281.12260249001,"CAFI_P023",100
"7513",3282.05123248999,"CAFI_P023",25
"7514",-808.396407510008,"CAFI_P023",50
"7515",1650.36425248999,"CAFI_P023",100
"7516",-718.852877509984,"CAFI_P023",25
"7517",1346.42263248999,"CAFI_P023",50
"7518",-536.210097509989,"CAFI_P023",100
"7519",-129.598217510007,"CAFI_P023",25
"7520",1041.50163248999,"CAFI_P023",50
"7521",4812.13600249001,"CAFI_P023",100
"7522",105.959112490003,"CAFI_P023",25
"7523",389.034042490006,"CAFI_P023",50
"7524",2817.84688249,"CAFI_P023",100
"7525",-441.168967509991,"CAFI_P023",25
"7526",1485.47233249,"CAFI_P023",50
"7527",2425.13709249001,"CAFI_P023",100
"7528",-740.388497509994,"CAFI_P023",25
"7529",-50.9074175099959,"CAFI_P023",50
"7530",-889.079447509983,"CAFI_P023",100
"7531",5727.41743249001,"CAFI_P023",25
"7532",833.558402490016,"CAFI_P023",50
"7533",-154.770757510007,"CAFI_P023",100
"7534",191.539482490014,"CAFI_P023",25
"7535",1739.84343249002,"CAFI_P023",50
"7536",1109.19897249,"CAFI_P023",100
"7537",-612.370897510002,"CAFI_P023",25
"7538",5276.98073248999,"CAFI_P023",50
"7539",913.518272490008,"CAFI_P023",100
"7540",4905.39787248999,"CAFI_P023",25
"7541",2246.20213249,"CAFI_P023",50
"7542",3838.90965248999,"CAFI_P023",100
"7543",358.693432489992,"CAFI_P023",25
"7544",1271.76166249,"CAFI_P023",50
"7545",-975.704477510008,"CAFI_P023",100
"7546",-359.928467510006,"CAFI_P023",25
"7547",-399.249837509997,"CAFI_P023",50
"7548",310.275902490015,"CAFI_P023",100
"7549",-1095.67718751001,"CAFI_P023",25
"7550",-462.964917509991,"CAFI_P023",50
"7551",662.227022489998,"CAFI_P023",100
"7552",-730.752657509991,"CAFI_P023",25
"7553",1104.18088249001,"CAFI_P023",50
"7554",143.865852490009,"CAFI_P023",100
"7555",-485.420317509997,"CAFI_P023",25
"7556",-667.943707509985,"CAFI_P023",50
"7557",38.631812489999,"CAFI_P023",100
"7558",191.599332490005,"CAFI_P023",25
"7559",-879.110527509998,"CAFI_P023",50
"7560",-176.209147510002,"CAFI_P023",100
"7561",-11.5534675100062,"CAFI_P023",25
"7562",-111.175967510004,"CAFI_P023",50
"7563",-841.602427509992,"CAFI_P023",100
"7564",1846.83613248999,"CAFI_P023",25
"7565",1742.13629249,"CAFI_P023",50
"7566",635.625132490008,"CAFI_P023",100
"7567",-1006.94251751,"CAFI_P023",25
"7568",-69.1161675099866,"CAFI_P023",50
"7569",373.413932490017,"CAFI_P023",100
"7570",-284.632767509989,"CAFI_P023",25
"7571",-425.046767510008,"CAFI_P023",50
"7572",3687.60743249001,"CAFI_P023",100
"7573",-231.024767510011,"CAFI_P023",25
"7574",190.735082489991,"CAFI_P023",50
"7575",2681.78518249001,"CAFI_P023",100
"7576",-456.805257509986,"CAFI_P023",25
"7577",-328.074767509999,"CAFI_P023",50
"7578",-682.939857510006,"CAFI_P023",100
"7579",-416.543517509999,"CAFI_P023",25
"7580",-1003.17546751001,"CAFI_P023",50
"7581",-229.321687510004,"CAFI_P023",100
"7582",323.528232490004,"CAFI_P023",25
"7583",-407.851667509996,"CAFI_P023",50
"7584",251.541832490009,"CAFI_P023",100
"7585",-981.064227510011,"CAFI_P023",25
"7586",-809.223867510009,"CAFI_P023",50
"7587",-253.569307509984,"CAFI_P023",100
"7588",140.341332490003,"CAFI_P023",25
"7589",2917.23283249,"CAFI_P023",50
"7590",9518.98673249001,"CAFI_P023",100
"7591",2788.32317249,"CAFI_P023",25
"7592",-776.240367510007,"CAFI_P023",50
"7593",151.345932489989,"CAFI_P023",100
"7594",-581.57714750999,"CAFI_P023",25
"7595",-157.764507510001,"CAFI_P023",50
"7596",7817.44373249001,"CAFI_P023",100
"7597",-369.242567509995,"CAFI_P023",25
"7598",594.337282490014,"CAFI_P023",50
"7599",7090.66153248999,"CAFI_P023",100
"7600",-883.412987510004,"CAFI_P023",25
"7601",-80.2014475099859,"CAFI_P023",50
"7602",2450.37670249,"CAFI_P023",100
"7603",-757.906867509999,"CAFI_P023",25
"7604",2506.39883249,"CAFI_P023",50
"7605",-46.530277509999,"CAFI_P023",100
"7606",-155.176927510009,"CAFI_P023",25
"7607",-287.920667509985,"CAFI_P023",50
"7608",2760.51117248999,"CAFI_P023",100
"7609",-612.605387510004,"CAFI_P023",25
"7610",516.626542490005,"CAFI_P023",50
"7611",1828.93643249001,"CAFI_P023",100
"7612",-294.376967510005,"CAFI_P023",25
"7613",325.646932489995,"CAFI_P023",50
"7614",-403.134277509991,"CAFI_P023",100
"7615",41.3426324900065,"CAFI_P023",25
"7616",-517.853597509995,"CAFI_P023",50
"7617",-994.007807510003,"CAFI_P023",100
"7618",-874.640037509991,"CAFI_P023",25
"7619",-102.403767509997,"CAFI_P023",50
"7620",677.945792490005,"CAFI_P023",100
"7621",-316.544707510009,"CAFI_P023",25
"7622",421.685132490005,"CAFI_P023",50
"7623",743.081462489994,"CAFI_P023",100
"7624",-70.452467510011,"CAFI_P023",25
"7625",1821.63833248999,"CAFI_P023",50
"7626",198.004532490013,"CAFI_P023",100
"7627",-88.5589275099919,"CAFI_P023",25
"7628",-535.023367510003,"CAFI_P023",50
"7629",2588.40307249001,"CAFI_P023",100
"7630",97.130632490007,"CAFI_P023",25
"7631",-283.505917509989,"CAFI_P023",50
"7632",1262.35636249001,"CAFI_P023",100
"7633",-345.544227509992,"CAFI_P023",25
"7634",-1142.44644751001,"CAFI_P023",50
"7635",596.475032490009,"CAFI_P023",100
"7636",51.9395324900106,"CAFI_P023",25
"7637",-957.000287509989,"CAFI_P023",50
"7638",720.494912490016,"CAFI_P023",100
"7639",-634.795007509994,"CAFI_P023",25
"7640",2920.43499249002,"CAFI_P023",50
"7641",-769.535717510007,"CAFI_P023",100
"7642",573.089332489995,"CAFI_P023",25
"7643",-464.522307509993,"CAFI_P023",50
"7644",1004.20765249,"CAFI_P023",100
"7645",6208.53263249001,"CAFI_P023",25
"7646",336.512132489996,"CAFI_P023",50
"7647",2980.43793248999,"CAFI_P023",100
"7648",1052.19793249,"CAFI_P023",25
"7649",-318.845007509983,"CAFI_P023",50
"7650",3533.80820249001,"CAFI_P023",100
"7651",-39.8168075100111,"CAFI_P023",25
"7652",-826.818347510009,"CAFI_P023",50
"7653",141.326832490013,"CAFI_P023",100
"7654",317.608532490005,"CAFI_P023",25
"7655",3329.04123249001,"CAFI_P023",50
"7656",505.387532490015,"CAFI_P023",100
"7657",2161.45573248999,"CAFI_P023",25
"7658",2806.83903249001,"CAFI_P023",50
"7659",-94.4617675099871,"CAFI_P023",100
"7660",-110.572387510008,"CAFI_P023",25
"7661",1158.97993249001,"CAFI_P023",50
"7662",4551.46540248999,"CAFI_P023",100
"7663",-738.799177509994,"CAFI_P023",25
"7664",1274.15823249001,"CAFI_P023",50
"7665",2083.47948249002,"CAFI_P023",100
"7666",-320.642667509994,"CAFI_P023",25
"7667",868.798402490007,"CAFI_P023",50
"7668",207.257152489998,"CAFI_P023",100
"7669",-593.67241751001,"CAFI_P023",25
"7670",-355.847267509991,"CAFI_P023",50
"7671",1820.17029249002,"CAFI_P023",100
"7672",24.5612824900018,"CAFI_P023",25
"7673",538.292762489989,"CAFI_P023",50
"7674",4632.36292248999,"CAFI_P023",100
"7675",-480.70088751,"CAFI_P023",25
"7676",-984.994657509989,"CAFI_P023",50
"7677",4076.95602248999,"CAFI_P023",100
"7678",-159.175777509983,"CAFI_P023",25
"7679",483.314532490011,"CAFI_P023",50
"7680",4871.74443249,"CAFI_P023",100
"7681",-383.210367510008,"CAFI_P023",25
"7682",-417.143777510006,"CAFI_P023",50
"7683",4080.40473249002,"CAFI_P023",100
"7684",-261.055367510009,"CAFI_P023",25
"7685",-1036.30606750998,"CAFI_P023",50
"7686",308.295192490012,"CAFI_P023",100
"7687",4513.46673248999,"CAFI_P023",25
"7688",247.054632490006,"CAFI_P023",50
"7689",2177.05593249001,"CAFI_P023",100
"7690",-642.651707509998,"CAFI_P023",25
"7691",-338.196487509995,"CAFI_P023",50
"7692",-558.686867509998,"CAFI_P023",100
"7693",471.246632490016,"CAFI_P023",25
"7694",-428.481197510002,"CAFI_P023",50
"7695",-931.868247509992,"CAFI_P023",100
"7696",-253.413487509999,"CAFI_P023",25
"7697",5011.47483249,"CAFI_P023",50
"7698",-1481.33116750998,"CAFI_P023",100
"7699",-256.366327510012,"CAFI_P023",25
"7700",-43.4441675099952,"CAFI_P023",50
"7701",1762.71677249001,"CAFI_P023",100
"7702",-195.86448751,"CAFI_P023",25
"7703",-94.748467509984,"CAFI_P023",50
"7704",1138.13034249001,"CAFI_P023",100
"7705",620.306932489999,"CAFI_P023",25
"7706",-326.446547509986,"CAFI_P023",50
"7707",-431.543337509996,"CAFI_P023",100
"7708",4465.68023249001,"CAFI_P023",25
"7709",-206.386007510009,"CAFI_P023",50
"7710",6068.86040249001,"CAFI_P023",100
"7711",-426.022287509986,"CAFI_P023",25
"7712",-169.991967509995,"CAFI_P023",50
"7713",-605.692427509988,"CAFI_P023",100
"7714",910.011532489996,"CAFI_P023",25
"7715",-539.390157510003,"CAFI_P023",50
"7716",-202.809817509988,"CAFI_P023",100
"7717",6164.47833248999,"CAFI_P023",25
"7718",530.63783249,"CAFI_P023",50
"7719",4795.05180248999,"CAFI_P023",100
"7720",165.581172489998,"CAFI_P023",25
"7721",-549.544077509985,"CAFI_P023",50
"7722",1069.07716248999,"CAFI_P023",100
"7723",1076.08593249001,"CAFI_P023",25
"7724",585.110912489996,"CAFI_P023",50
"7725",-1159.31254751,"CAFI_P023",100
"7726",95.7217324899975,"CAFI_P023",25
"7727",746.446482489991,"CAFI_P023",50
"7728",2779.03120249,"CAFI_P023",100
"7729",619.982332490006,"CAFI_P023",25
"7730",150.376672490005,"CAFI_P023",50
"7731",1311.23546249,"CAFI_P023",100
"7732",-300.315767510008,"CAFI_P023",25
"7733",1058.15093249001,"CAFI_P023",50
"7734",3647.36593249001,"CAFI_P023",100
"7735",530.121632490016,"CAFI_P023",25
"7736",2991.43941249,"CAFI_P023",50
"7737",-31.1207475099945,"CAFI_P023",100
"7738",-484.017667509994,"CAFI_P023",25
"7739",1327.19184248999,"CAFI_P023",50
"7740",4944.78342249,"CAFI_P023",100
"7741",-512.140817509993,"CAFI_P023",25
"7742",-587.881117509998,"CAFI_P023",50
"7743",-257.86435751,"CAFI_P023",100
"7744",254.498032489995,"CAFI_P023",25
"7745",-252.192967509996,"CAFI_P023",50
"7746",-116.309307510004,"CAFI_P023",100
"7747",-171.01556751001,"CAFI_P023",25
"7748",457.301762490009,"CAFI_P023",50
"7749",-565.710077510012,"CAFI_P023",100
"7750",-401.799767510005,"CAFI_P023",25
"7751",662.250532489998,"CAFI_P023",50
"7752",3527.59745249001,"CAFI_P023",100
"7753",-42.4166775099875,"CAFI_P023",25
"7754",-138.286667509994,"CAFI_P023",50
"7755",-239.502427509986,"CAFI_P023",100
"7756",-1036.57675750999,"CAFI_P023",25
"7757",-632.306107509998,"CAFI_P023",50
"7758",4602.10671249,"CAFI_P023",100
"7759",-89.299367509986,"CAFI_P023",25
"7760",2226.65765249002,"CAFI_P023",50
"7761",4178.33083249,"CAFI_P023",100
"7762",-199.238007509994,"CAFI_P023",25
"7763",-984.705567509984,"CAFI_P023",50
"7764",-448.054387509997,"CAFI_P023",100
"7765",1690.39453249,"CAFI_P023",25
"7766",-358.566367510008,"CAFI_P023",50
"7767",-738.303197509988,"CAFI_P023",100
"7768",-195.264217510005,"CAFI_P023",25
"7769",-203.756467509986,"CAFI_P023",50
"7770",-398.32747751,"CAFI_P023",100
"7771",-564.314467510005,"CAFI_P023",25
"7772",-247.741417509998,"CAFI_P023",50
"7773",338.237862490001,"CAFI_P023",100
"7774",-566.149217509985,"CAFI_P023",25
"7775",3252.01005248999,"CAFI_P023",50
"7776",368.155732490006,"CAFI_P023",100
"7777",327.799732490006,"CAFI_P023",25
"7778",505.555632489995,"CAFI_P023",50
"7779",2268.46481249001,"CAFI_P023",100
"7780",-688.857917510002,"CAFI_P023",25
"7781",102.99363248999,"CAFI_P023",50
"7782",-670.516937509994,"CAFI_P023",100
"7783",-578.023957509984,"CAFI_P023",25
"7784",-297.056917509995,"CAFI_P023",50
"7785",3164.09433249,"CAFI_P023",100
"7786",-204.96922751001,"CAFI_P023",25
"7787",3323.08375249,"CAFI_P023",50
"7788",2869.06765248999,"CAFI_P023",100
"7789",-183.134367510007,"CAFI_P023",25
"7790",-1118.92765751001,"CAFI_P023",50
"7791",95.9307024900045,"CAFI_P023",100
"7792",-573.824477510003,"CAFI_P023",25
"7793",-127.162967509998,"CAFI_P023",50
"7794",599.997332489991,"CAFI_P023",100
"7795",158.909932490002,"CAFI_P023",25
"7796",-851.352167509991,"CAFI_P023",50
"7797",-1266.65000751,"CAFI_P023",100
"7798",-21.4589675099996,"CAFI_P023",25
"7799",-293.615067509993,"CAFI_P023",50
"7800",-222.076927510003,"CAFI_P023",100
"7801",-91.5270885599894,"CAFI_P025",25
"7802",2280.72522144002,"CAFI_P025",50
"7803",4614.66325144001,"CAFI_P025",100
"7804",6.94311144002131,"CAFI_P025",25
"7805",-4402.88164856,"CAFI_P025",50
"7806",4967.22105144002,"CAFI_P025",100
"7807",-214.34646855999,"CAFI_P025",25
"7808",-470.148068559996,"CAFI_P025",50
"7809",-5473.34437856,"CAFI_P025",100
"7810",1503.38631144,"CAFI_P025",25
"7811",-2668.80976855999,"CAFI_P025",50
"7812",-1404.58063856,"CAFI_P025",100
"7813",3469.52943144002,"CAFI_P025",25
"7814",-4127.30501856,"CAFI_P025",50
"7815",-3001.48876856,"CAFI_P025",100
"7816",-295.308188559982,"CAFI_P025",25
"7817",-587.143828559987,"CAFI_P025",50
"7818",2178.55687144,"CAFI_P025",100
"7819",-849.500628559996,"CAFI_P025",25
"7820",-2056.30545856,"CAFI_P025",50
"7821",-2236.45408855999,"CAFI_P025",100
"7822",-2799.22786856,"CAFI_P025",25
"7823",-2608.41040855998,"CAFI_P025",50
"7824",-4807.49594855998,"CAFI_P025",100
"7825",-26.7739685599809,"CAFI_P025",25
"7826",-5104.39874855999,"CAFI_P025",50
"7827",4006.06745144,"CAFI_P025",100
"7828",-548.552638559981,"CAFI_P025",25
"7829",2420.79150144002,"CAFI_P025",50
"7830",-5005.62957855998,"CAFI_P025",100
"7831",-1216.07283855998,"CAFI_P025",25
"7832",-1826.51997855998,"CAFI_P025",50
"7833",-4969.25909856,"CAFI_P025",100
"7834",2134.81321144002,"CAFI_P025",25
"7835",26.7997314399981,"CAFI_P025",50
"7836",-3820.52154855998,"CAFI_P025",100
"7837",2155.41802144001,"CAFI_P025",25
"7838",1934.65763144,"CAFI_P025",50
"7839",-5405.49730855998,"CAFI_P025",100
"7840",-1233.27528855999,"CAFI_P025",25
"7841",-2144.39826855998,"CAFI_P025",50
"7842",1750.62415144002,"CAFI_P025",100
"7843",5175.80224144002,"CAFI_P025",25
"7844",-3414.24284855998,"CAFI_P025",50
"7845",-4759.21500855999,"CAFI_P025",100
"7846",182.109331440006,"CAFI_P025",25
"7847",3511.18240144002,"CAFI_P025",50
"7848",854.070831440011,"CAFI_P025",100
"7849",723.095311440004,"CAFI_P025",25
"7850",3034.23665144001,"CAFI_P025",50
"7851",411.578551440005,"CAFI_P025",100
"7852",1380.33491144,"CAFI_P025",25
"7853",-1025.52083855998,"CAFI_P025",50
"7854",-5855.77753855998,"CAFI_P025",100
"7855",-418.597488559986,"CAFI_P025",25
"7856",-4988.57649856,"CAFI_P025",50
"7857",-4338.47340855998,"CAFI_P025",100
"7858",-1073.96229855999,"CAFI_P025",25
"7859",-3126.31768856,"CAFI_P025",50
"7860",-2744.38423855999,"CAFI_P025",100
"7861",-246.42823855998,"CAFI_P025",25
"7862",2788.34692144001,"CAFI_P025",50
"7863",2457.61815144002,"CAFI_P025",100
"7864",-399.375588559982,"CAFI_P025",25
"7865",-981.233748559986,"CAFI_P025",50
"7866",-2583.75700856,"CAFI_P025",100
"7867",838.30031144002,"CAFI_P025",25
"7868",-2646.34138855999,"CAFI_P025",50
"7869",-2087.31055855998,"CAFI_P025",100
"7870",-323.698368559999,"CAFI_P025",25
"7871",-4799.09069856,"CAFI_P025",50
"7872",-5083.93490855998,"CAFI_P025",100
"7873",-171.646348559996,"CAFI_P025",25
"7874",-3353.35947855999,"CAFI_P025",50
"7875",-2340.60892855999,"CAFI_P025",100
"7876",623.481281440007,"CAFI_P025",25
"7877",-3858.01019855999,"CAFI_P025",50
"7878",-1703.51382855998,"CAFI_P025",100
"7879",12.9531114400015,"CAFI_P025",25
"7880",-922.006498559989,"CAFI_P025",50
"7881",-3869.85192856001,"CAFI_P025",100
"7882",-3823.27851855999,"CAFI_P025",25
"7883",-1765.97858855998,"CAFI_P025",50
"7884",-5749.22664856,"CAFI_P025",100
"7885",-1483.76460855998,"CAFI_P025",25
"7886",9863.51826144001,"CAFI_P025",50
"7887",-3254.95603855999,"CAFI_P025",100
"7888",123.37373144002,"CAFI_P025",25
"7889",-117.353988560004,"CAFI_P025",50
"7890",9786.20365144001,"CAFI_P025",100
"7891",-106.499068559991,"CAFI_P025",25
"7892",-1270.08076856,"CAFI_P025",50
"7893",-1309.70494855999,"CAFI_P025",100
"7894",969.622311440005,"CAFI_P025",25
"7895",-2504.19901856,"CAFI_P025",50
"7896",-382.640578559978,"CAFI_P025",100
"7897",-3142.51286855998,"CAFI_P025",25
"7898",-1172.26692855998,"CAFI_P025",50
"7899",-1293.10233855998,"CAFI_P025",100
"7900",-283.26138856,"CAFI_P025",25
"7901",-4758.32400855998,"CAFI_P025",50
"7902",-905.940898559988,"CAFI_P025",100
"7903",1133.98061144,"CAFI_P025",25
"7904",-291.302548559994,"CAFI_P025",50
"7905",-3102.68605855998,"CAFI_P025",100
"7906",-4444.64236855999,"CAFI_P025",25
"7907",-2257.49332856,"CAFI_P025",50
"7908",635.295061440003,"CAFI_P025",100
"7909",-429.828988559981,"CAFI_P025",25
"7910",-2961.72426855998,"CAFI_P025",50
"7911",3914.24856144001,"CAFI_P025",100
"7912",328.361261440004,"CAFI_P025",25
"7913",-4720.63101856,"CAFI_P025",50
"7914",-2932.64501856,"CAFI_P025",100
"7915",2860.45823144002,"CAFI_P025",25
"7916",-2552.80121855999,"CAFI_P025",50
"7917",-3290.62521855999,"CAFI_P025",100
"7918",143.704731439997,"CAFI_P025",25
"7919",1940.77167144002,"CAFI_P025",50
"7920",3923.99765144,"CAFI_P025",100
"7921",4565.93243144001,"CAFI_P025",25
"7922",-3173.65664855999,"CAFI_P025",50
"7923",2410.56975144002,"CAFI_P025",100
"7924",745.925411439996,"CAFI_P025",25
"7925",2149.05288144,"CAFI_P025",50
"7926",-318.567758559977,"CAFI_P025",100
"7927",-1037.49998855998,"CAFI_P025",25
"7928",25.950941440009,"CAFI_P025",50
"7929",-3977.80410856,"CAFI_P025",100
"7930",-442.088238559983,"CAFI_P025",25
"7931",1143.71073144002,"CAFI_P025",50
"7932",-5456.00393856,"CAFI_P025",100
"7933",-4283.92363855999,"CAFI_P025",25
"7934",-5641.89773855999,"CAFI_P025",50
"7935",-5379.62522855998,"CAFI_P025",100
"7936",-3232.51368855999,"CAFI_P025",25
"7937",-3350.04048855999,"CAFI_P025",50
"7938",-4680.03101856,"CAFI_P025",100
"7939",-3543.19316855998,"CAFI_P025",25
"7940",1072.41865144001,"CAFI_P025",50
"7941",982.197751440021,"CAFI_P025",100
"7942",-1965.74678855998,"CAFI_P025",25
"7943",-1155.70026856,"CAFI_P025",50
"7944",-22.3605885599973,"CAFI_P025",100
"7945",752.904651440011,"CAFI_P025",25
"7946",3607.93513144,"CAFI_P025",50
"7947",1005.80967144002,"CAFI_P025",100
"7948",-739.289988559991,"CAFI_P025",25
"7949",-117.979688559979,"CAFI_P025",50
"7950",-4344.02814856,"CAFI_P025",100
"7951",17.2717114400002,"CAFI_P025",25
"7952",-1112.73976855999,"CAFI_P025",50
"7953",-4285.63632855998,"CAFI_P025",100
"7954",2328.45833144002,"CAFI_P025",25
"7955",643.938331440004,"CAFI_P025",50
"7956",-2249.59125855999,"CAFI_P025",100
"7957",1480.55773144,"CAFI_P025",25
"7958",1275.41483144002,"CAFI_P025",50
"7959",-5910.85851855998,"CAFI_P025",100
"7960",-628.869888560002,"CAFI_P025",25
"7961",-1677.64843855999,"CAFI_P025",50
"7962",4129.14350144,"CAFI_P025",100
"7963",1910.11681144001,"CAFI_P025",25
"7964",-218.567148559989,"CAFI_P025",50
"7965",-3128.45874855999,"CAFI_P025",100
"7966",-4486.98428855999,"CAFI_P025",25
"7967",-1712.37567856,"CAFI_P025",50
"7968",-4688.08356855999,"CAFI_P025",100
"7969",-1017.53068855999,"CAFI_P025",25
"7970",2652.59233144001,"CAFI_P025",50
"7971",-4327.00115855999,"CAFI_P025",100
"7972",-844.980088559998,"CAFI_P025",25
"7973",1082.66189144002,"CAFI_P025",50
"7974",-3308.26341856,"CAFI_P025",100
"7975",708.774811440002,"CAFI_P025",25
"7976",-1968.59558855998,"CAFI_P025",50
"7977",-2357.89485856,"CAFI_P025",100
"7978",-1056.19088856,"CAFI_P025",25
"7979",454.881861440022,"CAFI_P025",50
"7980",-1024.48657856,"CAFI_P025",100
"7981",94.3502814400126,"CAFI_P025",25
"7982",-2231.20710855999,"CAFI_P025",50
"7983",3687.09574144002,"CAFI_P025",100
"7984",4148.06521144,"CAFI_P025",25
"7985",4558.77213144,"CAFI_P025",50
"7986",-5296.76650855999,"CAFI_P025",100
"7987",-31.6882885599916,"CAFI_P025",25
"7988",366.239581440022,"CAFI_P025",50
"7989",-4792.29581856,"CAFI_P025",100
"7990",78.165831440012,"CAFI_P025",25
"7991",-2333.35684855998,"CAFI_P025",50
"7992",-1308.34855855998,"CAFI_P025",100
"7993",1926.19702144002,"CAFI_P025",25
"7994",595.934651440009,"CAFI_P025",50
"7995",-136.771688559995,"CAFI_P025",100
"7996",4888.52905144001,"CAFI_P025",25
"7997",-860.823788559996,"CAFI_P025",50
"7998",6897.88338144001,"CAFI_P025",100
"7999",-3275.67668855999,"CAFI_P025",25
"8000",-1094.41666855998,"CAFI_P025",50
"8001",-1763.19128855999,"CAFI_P025",100
"8002",99.3008314400213,"CAFI_P025",25
"8003",-1165.95186855999,"CAFI_P025",50
"8004",-2261.94964856,"CAFI_P025",100
"8005",4006.08623144001,"CAFI_P025",25
"8006",-2164.09876855998,"CAFI_P025",50
"8007",2885.11587144001,"CAFI_P025",100
"8008",1161.17936144001,"CAFI_P025",25
"8009",-5152.71448855998,"CAFI_P025",50
"8010",3667.30118144001,"CAFI_P025",100
"8011",-1500.28748855999,"CAFI_P025",25
"8012",979.241511440021,"CAFI_P025",50
"8013",2729.58242144002,"CAFI_P025",100
"8014",4163.19895144002,"CAFI_P025",25
"8015",111.346631440014,"CAFI_P025",50
"8016",-1559.53857855999,"CAFI_P025",100
"8017",1175.17511144001,"CAFI_P025",25
"8018",-3999.51025855998,"CAFI_P025",50
"8019",-4276.83255855998,"CAFI_P025",100
"8020",-3276.66998856,"CAFI_P025",25
"8021",-3222.36326856,"CAFI_P025",50
"8022",-710.124428559997,"CAFI_P025",100
"8023",539.917131440016,"CAFI_P025",25
"8024",-4127.35271856,"CAFI_P025",50
"8025",-2799.63626855999,"CAFI_P025",100
"8026",-4080.02128856,"CAFI_P025",25
"8027",-1562.56296856,"CAFI_P025",50
"8028",-5740.78164855999,"CAFI_P025",100
"8029",174.03561144002,"CAFI_P025",25
"8030",-2951.00457855998,"CAFI_P025",50
"8031",-4041.99693855998,"CAFI_P025",100
"8032",-3199.84278856,"CAFI_P025",25
"8033",-768.420708559977,"CAFI_P025",50
"8034",-3282.39344856,"CAFI_P025",100
"8035",-308.397868559987,"CAFI_P025",25
"8036",278.082051439997,"CAFI_P025",50
"8037",-730.773748559994,"CAFI_P025",100
"8038",-1577.12338855999,"CAFI_P025",25
"8039",-430.77476855999,"CAFI_P025",50
"8040",3829.45653144,"CAFI_P025",100
"8041",-490.373288559989,"CAFI_P025",25
"8042",-1213.91856855998,"CAFI_P025",50
"8043",624.451821440016,"CAFI_P025",100
"8044",-1815.53104855999,"CAFI_P025",25
"8045",1222.16970144,"CAFI_P025",50
"8046",-4227.81072856,"CAFI_P025",100
"8047",1923.09773144001,"CAFI_P025",25
"8048",830.584651440004,"CAFI_P025",50
"8049",-6115.23852856,"CAFI_P025",100
"8050",1509.44412144,"CAFI_P025",25
"8051",-56.864868559991,"CAFI_P025",50
"8052",-2309.71185855998,"CAFI_P025",100
"8053",240.446911439998,"CAFI_P025",25
"8054",-90.6860685599968,"CAFI_P025",50
"8055",10224.54110144,"CAFI_P025",100
"8056",-610.201588559983,"CAFI_P025",25
"8057",-3928.44567856001,"CAFI_P025",50
"8058",-3614.59367855999,"CAFI_P025",100
"8059",62.8740614400012,"CAFI_P025",25
"8060",2732.41654144,"CAFI_P025",50
"8061",-3232.03657855999,"CAFI_P025",100
"8062",-1436.36948855998,"CAFI_P025",25
"8063",-4396.26929855999,"CAFI_P025",50
"8064",-2184.85164856,"CAFI_P025",100
"8065",779.72073144,"CAFI_P025",25
"8066",-2084.55552855998,"CAFI_P025",50
"8067",-288.360188559978,"CAFI_P025",100
"8068",-1069.85843855998,"CAFI_P025",25
"8069",1011.57545144,"CAFI_P025",50
"8070",-1104.42039856,"CAFI_P025",100
"8071",-82.991288559977,"CAFI_P025",25
"8072",-309.025448559987,"CAFI_P025",50
"8073",-3812.13935856,"CAFI_P025",100
"8074",364.004511439998,"CAFI_P025",25
"8075",184.695131440007,"CAFI_P025",50
"8076",1932.10031144001,"CAFI_P025",100
"8077",-82.1396885599825,"CAFI_P025",25
"8078",2057.40127144,"CAFI_P025",50
"8079",-5531.42334856,"CAFI_P025",100
"8080",1794.98365144001,"CAFI_P025",25
"8081",1515.12213144,"CAFI_P025",50
"8082",5692.60373144,"CAFI_P025",100
"8083",160.786511440005,"CAFI_P025",25
"8084",208.806431439996,"CAFI_P025",50
"8085",-4293.31172855999,"CAFI_P025",100
"8086",4910.07354144001,"CAFI_P025",25
"8087",-5675.10987856,"CAFI_P025",50
"8088",741.990071439999,"CAFI_P025",100
"8089",-653.51668855999,"CAFI_P025",25
"8090",-2216.49808855998,"CAFI_P025",50
"8091",-2602.19270856,"CAFI_P025",100
"8092",4311.12943144,"CAFI_P025",25
"8093",1582.21278144,"CAFI_P025",50
"8094",-2200.03385856,"CAFI_P025",100
"8095",-982.284688560001,"CAFI_P025",25
"8096",-4499.69100855998,"CAFI_P025",50
"8097",544.788551439997,"CAFI_P025",100
"8098",-3970.10628856,"CAFI_P025",25
"8099",5049.51851144002,"CAFI_P025",50
"8100",-1343.98485856,"CAFI_P025",100
"8101",-642.109742798988,"CAFI_P026",25
"8102",213.091187201004,"CAFI_P026",50
"8103",-425.768222799001,"CAFI_P026",100
"8104",452.66595720101,"CAFI_P026",25
"8105",1865.90813720101,"CAFI_P026",50
"8106",-1162.78384279899,"CAFI_P026",100
"8107",72.1257172010082,"CAFI_P026",25
"8108",-675.87247279899,"CAFI_P026",50
"8109",-129.433802799002,"CAFI_P026",100
"8110",-508.669562798998,"CAFI_P026",25
"8111",-247.564862799001,"CAFI_P026",50
"8112",-628.025892798993,"CAFI_P026",100
"8113",-66.6527627989999,"CAFI_P026",25
"8114",631.52728720101,"CAFI_P026",50
"8115",-429.55077279899,"CAFI_P026",100
"8116",209.014137201011,"CAFI_P026",25
"8117",-4.96120279899333,"CAFI_P026",50
"8118",-1389.09424279899,"CAFI_P026",100
"8119",-1073.13188279899,"CAFI_P026",25
"8120",-848.41438279899,"CAFI_P026",50
"8121",-975.118242798999,"CAFI_P026",100
"8122",318.241167201006,"CAFI_P026",25
"8123",-191.952612798996,"CAFI_P026",50
"8124",-643.230742799002,"CAFI_P026",100
"8125",-931.218512798994,"CAFI_P026",25
"8126",823.82396720101,"CAFI_P026",50
"8127",-996.709492798997,"CAFI_P026",100
"8128",951.065737201003,"CAFI_P026",25
"8129",425.477657201001,"CAFI_P026",50
"8130",-942.484322798991,"CAFI_P026",100
"8131",-34.4014427989896,"CAFI_P026",25
"8132",-69.5457427989895,"CAFI_P026",50
"8133",2913.00117720102,"CAFI_P026",100
"8134",-739.034662798993,"CAFI_P026",25
"8135",-35.5983227989927,"CAFI_P026",50
"8136",1803.27182720101,"CAFI_P026",100
"8137",933.815287201011,"CAFI_P026",25
"8138",2375.309237201,"CAFI_P026",50
"8139",233.14334720101,"CAFI_P026",100
"8140",-232.603222798993,"CAFI_P026",25
"8141",-877.527772798989,"CAFI_P026",50
"8142",2161.22521720102,"CAFI_P026",100
"8143",117.627617201011,"CAFI_P026",25
"8144",1189.04958720101,"CAFI_P026",50
"8145",-493.628952799001,"CAFI_P026",100
"8146",-1033.858522799,"CAFI_P026",25
"8147",-1096.108492799,"CAFI_P026",50
"8148",-791.233012798999,"CAFI_P026",100
"8149",-915.727562799002,"CAFI_P026",25
"8150",1683.482167201,"CAFI_P026",50
"8151",-93.844512798998,"CAFI_P026",100
"8152",-454.132882798993,"CAFI_P026",25
"8153",-672.008252799002,"CAFI_P026",50
"8154",-567.582242798992,"CAFI_P026",100
"8155",2116.65433720101,"CAFI_P026",25
"8156",-46.6925727990019,"CAFI_P026",50
"8157",562.74659720101,"CAFI_P026",100
"8158",-897.853762799001,"CAFI_P026",25
"8159",-220.882912798988,"CAFI_P026",50
"8160",-605.890442798991,"CAFI_P026",100
"8161",-144.862512798994,"CAFI_P026",25
"8162",-1135.05687279899,"CAFI_P026",50
"8163",-197.062622799,"CAFI_P026",100
"8164",-715.563062798989,"CAFI_P026",25
"8165",-62.0196527989901,"CAFI_P026",50
"8166",330.763517201005,"CAFI_P026",100
"8167",-39.6818827989919,"CAFI_P026",25
"8168",-686.606612798991,"CAFI_P026",50
"8169",11.259927201012,"CAFI_P026",100
"8170",156.764287201004,"CAFI_P026",25
"8171",1220.71843720101,"CAFI_P026",50
"8172",-833.389232798989,"CAFI_P026",100
"8173",-1100.108522799,"CAFI_P026",25
"8174",215.820237200998,"CAFI_P026",50
"8175",-1037.063692799,"CAFI_P026",100
"8176",794.261837201004,"CAFI_P026",25
"8177",-828.572082799001,"CAFI_P026",50
"8178",-471.958912798989,"CAFI_P026",100
"8179",-10.6082427989895,"CAFI_P026",25
"8180",0.0518372010119492,"CAFI_P026",50
"8181",-466.266942798989,"CAFI_P026",100
"8182",-83.7506327989977,"CAFI_P026",25
"8183",-870.109212798998,"CAFI_P026",50
"8184",1314.506757201,"CAFI_P026",100
"8185",-77.2740127989964,"CAFI_P026",25
"8186",-1044.28406279899,"CAFI_P026",50
"8187",-306.554172798991,"CAFI_P026",100
"8188",111.445837201012,"CAFI_P026",25
"8189",-208.040782798998,"CAFI_P026",50
"8190",-350.872992798992,"CAFI_P026",100
"8191",601.798287201003,"CAFI_P026",25
"8192",532.67257720101,"CAFI_P026",50
"8193",-960.003822799001,"CAFI_P026",100
"8194",2170.345307201,"CAFI_P026",25
"8195",382.70094720101,"CAFI_P026",50
"8196",-562.092042798991,"CAFI_P026",100
"8197",-980.526172799,"CAFI_P026",25
"8198",299.490087201004,"CAFI_P026",50
"8199",-487.369252798992,"CAFI_P026",100
"8200",-1207.54601279899,"CAFI_P026",25
"8201",257.017537200998,"CAFI_P026",50
"8202",831.430987201005,"CAFI_P026",100
"8203",-450.220462799,"CAFI_P026",25
"8204",-653.255082798991,"CAFI_P026",50
"8205",3357.96928720101,"CAFI_P026",100
"8206",45.5260472010123,"CAFI_P026",25
"8207",-232.183862798993,"CAFI_P026",50
"8208",-270.618312798993,"CAFI_P026",100
"8209",1.36986720100685,"CAFI_P026",25
"8210",655.100187201009,"CAFI_P026",50
"8211",2002.28988720101,"CAFI_P026",100
"8212",166.898437201002,"CAFI_P026",25
"8213",1776.475587201,"CAFI_P026",50
"8214",47.2462472010084,"CAFI_P026",100
"8215",651.667907201001,"CAFI_P026",25
"8216",-873.419672798991,"CAFI_P026",50
"8217",-391.028532798999,"CAFI_P026",100
"8218",151.182087200999,"CAFI_P026",25
"8219",2631.16863720102,"CAFI_P026",50
"8220",984.645787201007,"CAFI_P026",100
"8221",-82.069062798997,"CAFI_P026",25
"8222",1077.53768720101,"CAFI_P026",50
"8223",-1180.022052799,"CAFI_P026",100
"8224",-182.118422799002,"CAFI_P026",25
"8225",105.283697201012,"CAFI_P026",50
"8226",476.011227201001,"CAFI_P026",100
"8227",1340.20398720101,"CAFI_P026",25
"8228",-959.645872798996,"CAFI_P026",50
"8229",-318.221972799001,"CAFI_P026",100
"8230",624.704337201008,"CAFI_P026",25
"8231",-852.690142798994,"CAFI_P026",50
"8232",-801.392352798997,"CAFI_P026",100
"8233",664.519527201002,"CAFI_P026",25
"8234",432.10388720101,"CAFI_P026",50
"8235",2741.91694720101,"CAFI_P026",100
"8236",93.7288272010046,"CAFI_P026",25
"8237",-977.972322798989,"CAFI_P026",50
"8238",-738.451812799001,"CAFI_P026",100
"8239",322.045287201006,"CAFI_P026",25
"8240",1297.53846720101,"CAFI_P026",50
"8241",823.967177201004,"CAFI_P026",100
"8242",-65.2528827989881,"CAFI_P026",25
"8243",-1039.29368279899,"CAFI_P026",50
"8244",545.63444720101,"CAFI_P026",100
"8245",-576.484412798993,"CAFI_P026",25
"8246",-1303.114542799,"CAFI_P026",50
"8247",-918.185342798999,"CAFI_P026",100
"8248",432.464337201003,"CAFI_P026",25
"8249",-737.755042798992,"CAFI_P026",50
"8250",-718.609202798994,"CAFI_P026",100
"8251",367.041237201003,"CAFI_P026",25
"8252",24.4991372010118,"CAFI_P026",50
"8253",-404.795922798992,"CAFI_P026",100
"8254",75.5753272010043,"CAFI_P026",25
"8255",356.466687200998,"CAFI_P026",50
"8256",-129.548012799001,"CAFI_P026",100
"8257",113.707357201012,"CAFI_P026",25
"8258",514.736647201004,"CAFI_P026",50
"8259",-291.667522798991,"CAFI_P026",100
"8260",-112.673162798994,"CAFI_P026",25
"8261",784.047847201,"CAFI_P026",50
"8262",-630.411222798997,"CAFI_P026",100
"8263",-117.873512798993,"CAFI_P026",25
"8264",-437.327772798992,"CAFI_P026",50
"8265",51.1864772010013,"CAFI_P026",100
"8266",-274.906862798991,"CAFI_P026",25
"8267",1235.68683720101,"CAFI_P026",50
"8268",530.320227201009,"CAFI_P026",100
"8269",-320.052762798994,"CAFI_P026",25
"8270",3101.07053720101,"CAFI_P026",50
"8271",-381.333112798995,"CAFI_P026",100
"8272",33.6000172010099,"CAFI_P026",25
"8273",-616.796762799,"CAFI_P026",50
"8274",1073.171347201,"CAFI_P026",100
"8275",405.194557201001,"CAFI_P026",25
"8276",1116.978437201,"CAFI_P026",50
"8277",-1030.82652279899,"CAFI_P026",100
"8278",2680.06998720102,"CAFI_P026",25
"8279",-1308.971062799,"CAFI_P026",50
"8280",-773.395692798993,"CAFI_P026",100
"8281",1512.157927201,"CAFI_P026",25
"8282",-1249.630412799,"CAFI_P026",50
"8283",1724.81780720101,"CAFI_P026",100
"8284",41.2149772010016,"CAFI_P026",25
"8285",306.990687201003,"CAFI_P026",50
"8286",-827.056062798991,"CAFI_P026",100
"8287",1442.20218720101,"CAFI_P026",25
"8288",-564.853722799002,"CAFI_P026",50
"8289",219.17966720101,"CAFI_P026",100
"8290",-1105.636202799,"CAFI_P026",25
"8291",1564.163387201,"CAFI_P026",50
"8292",532.599837201007,"CAFI_P026",100
"8293",931.577087201003,"CAFI_P026",25
"8294",-84.6533327989891,"CAFI_P026",50
"8295",2113.565567201,"CAFI_P026",100
"8296",33.2316272010066,"CAFI_P026",25
"8297",-1293.56359279899,"CAFI_P026",50
"8298",635.700887201005,"CAFI_P026",100
"8299",111.72948720101,"CAFI_P026",25
"8300",-333.047042798993,"CAFI_P026",50
"8301",-692.526652798988,"CAFI_P026",100
"8302",136.380757201012,"CAFI_P026",25
"8303",250.79817720101,"CAFI_P026",50
"8304",-290.131742799,"CAFI_P026",100
"8305",-972.911562798996,"CAFI_P026",25
"8306",-556.505222798995,"CAFI_P026",50
"8307",-253.512722799001,"CAFI_P026",100
"8308",870.076787201004,"CAFI_P026",25
"8309",-953.861032798988,"CAFI_P026",50
"8310",219.161007201008,"CAFI_P026",100
"8311",-200.029382798995,"CAFI_P026",25
"8312",-663.138942798993,"CAFI_P026",50
"8313",-1207.393482799,"CAFI_P026",100
"8314",-303.813862798997,"CAFI_P026",25
"8315",-1008.55365279899,"CAFI_P026",50
"8316",-856.569072799,"CAFI_P026",100
"8317",-975.900162798993,"CAFI_P026",25
"8318",-308.10347279899,"CAFI_P026",50
"8319",755.497787201006,"CAFI_P026",100
"8320",-77.8894727989973,"CAFI_P026",25
"8321",-1073.526862799,"CAFI_P026",50
"8322",1662.79628720101,"CAFI_P026",100
"8323",-365.337862798988,"CAFI_P026",25
"8324",24.0855872009997,"CAFI_P026",50
"8325",2305.922087201,"CAFI_P026",100
"8326",-849.380282799,"CAFI_P026",25
"8327",-677.446162798995,"CAFI_P026",50
"8328",-920.790772798995,"CAFI_P026",100
"8329",403.306437201012,"CAFI_P026",25
"8330",1277.20910720101,"CAFI_P026",50
"8331",-1188.18118279899,"CAFI_P026",100
"8332",-918.038002798989,"CAFI_P026",25
"8333",645.950637201007,"CAFI_P026",50
"8334",1387.48069720101,"CAFI_P026",100
"8335",-1027.27366279899,"CAFI_P026",25
"8336",748.185537201003,"CAFI_P026",50
"8337",2103.36953720101,"CAFI_P026",100
"8338",406.557037201012,"CAFI_P026",25
"8339",-266.853132798991,"CAFI_P026",50
"8340",-760.600252798991,"CAFI_P026",100
"8341",274.136287201007,"CAFI_P026",25
"8342",-174.505462798988,"CAFI_P026",50
"8343",804.415067201,"CAFI_P026",100
"8344",-49.7519727990002,"CAFI_P026",25
"8345",370.923197201002,"CAFI_P026",50
"8346",110.865987201003,"CAFI_P026",100
"8347",285.279987201007,"CAFI_P026",25
"8348",-691.166262799001,"CAFI_P026",50
"8349",-316.108162798992,"CAFI_P026",100
"8350",103.312097201007,"CAFI_P026",25
"8351",-732.415722798993,"CAFI_P026",50
"8352",612.155177200999,"CAFI_P026",100
"8353",2537.75003720101,"CAFI_P026",25
"8354",114.38083720101,"CAFI_P026",50
"8355",-307.75151279899,"CAFI_P026",100
"8356",1234.41263720101,"CAFI_P026",25
"8357",395.43770720101,"CAFI_P026",50
"8358",-5.18571279899334,"CAFI_P026",100
"8359",-277.666052798988,"CAFI_P026",25
"8360",-883.854052798997,"CAFI_P026",50
"8361",-76.7456227989896,"CAFI_P026",100
"8362",662.658237201002,"CAFI_P026",25
"8363",761.548777201009,"CAFI_P026",50
"8364",794.638207201002,"CAFI_P026",100
"8365",-579.537562799,"CAFI_P026",25
"8366",-1248.137202799,"CAFI_P026",50
"8367",301.875727201012,"CAFI_P026",100
"8368",-288.516462799002,"CAFI_P026",25
"8369",178.059247201003,"CAFI_P026",50
"8370",-761.409932798997,"CAFI_P026",100
"8371",833.607387201002,"CAFI_P026",25
"8372",-927.401552798998,"CAFI_P026",50
"8373",2499.22788720101,"CAFI_P026",100
"8374",2727.205037201,"CAFI_P026",25
"8375",273.297287201,"CAFI_P026",50
"8376",-356.75654279899,"CAFI_P026",100
"8377",-116.480472798998,"CAFI_P026",25
"8378",5.64369720099785,"CAFI_P026",50
"8379",-1211.95564279899,"CAFI_P026",100
"8380",-138.204152798993,"CAFI_P026",25
"8381",1469.30113720101,"CAFI_P026",50
"8382",42.8441472010018,"CAFI_P026",100
"8383",-556.708062798993,"CAFI_P026",25
"8384",1877.39332720102,"CAFI_P026",50
"8385",-144.439222798988,"CAFI_P026",100
"8386",-178.539922798998,"CAFI_P026",25
"8387",4268.412447201,"CAFI_P026",50
"8388",-1242.997792799,"CAFI_P026",100
"8389",-953.310982798997,"CAFI_P026",25
"8390",-796.201352798991,"CAFI_P026",50
"8391",202.218017201012,"CAFI_P026",100
"8392",3297.46343720102,"CAFI_P026",25
"8393",-282.298462798994,"CAFI_P026",50
"8394",356.756737201009,"CAFI_P026",100
"8395",529.135487200998,"CAFI_P026",25
"8396",-316.413962798993,"CAFI_P026",50
"8397",-1034.620652799,"CAFI_P026",100
"8398",-19.8362527989957,"CAFI_P026",25
"8399",-467.480862798999,"CAFI_P026",50
"8400",1615.49078720101,"CAFI_P026",100
"8401",-2258.26675505697,"CAFI_P027",25
"8402",-31.9177250569919,"CAFI_P027",50
"8403",1794.04334494303,"CAFI_P027",100
"8404",139.10656494298,"CAFI_P027",25
"8405",-2787.47715505701,"CAFI_P027",50
"8406",4257.98766494298,"CAFI_P027",100
"8407",48.3196449429961,"CAFI_P027",25
"8408",5940.60124494298,"CAFI_P027",50
"8409",8439.98530494299,"CAFI_P027",100
"8410",144.646064942994,"CAFI_P027",25
"8411",1838.341744943,"CAFI_P027",50
"8412",1800.528564943,"CAFI_P027",100
"8413",585.20646494301,"CAFI_P027",25
"8414",-72.4649550570175,"CAFI_P027",50
"8415",5283.68386494298,"CAFI_P027",100
"8416",1016.07984494301,"CAFI_P027",25
"8417",2663.42685494298,"CAFI_P027",50
"8418",-3160.10943505698,"CAFI_P027",100
"8419",351.428744942998,"CAFI_P027",25
"8420",65.8232449429925,"CAFI_P027",50
"8421",-3172.40784505702,"CAFI_P027",100
"8422",3014.05684494303,"CAFI_P027",25
"8423",-2738.39430505701,"CAFI_P027",50
"8424",-564.515375057003,"CAFI_P027",100
"8425",36.6888449430116,"CAFI_P027",25
"8426",-106.562755057006,"CAFI_P027",50
"8427",445.05008494301,"CAFI_P027",100
"8428",1388.64936494298,"CAFI_P027",25
"8429",-648.492255056975,"CAFI_P027",50
"8430",-1918.44863505702,"CAFI_P027",100
"8431",493.756564943003,"CAFI_P027",25
"8432",1839.13446494302,"CAFI_P027",50
"8433",-1870.77127505699,"CAFI_P027",100
"8434",-3061.18545505701,"CAFI_P027",25
"8435",2064.56876494299,"CAFI_P027",50
"8436",-700.711075056985,"CAFI_P027",100
"8437",728.145244942978,"CAFI_P027",25
"8438",4878.04429494299,"CAFI_P027",50
"8439",-2222.20143505698,"CAFI_P027",100
"8440",-3592.27523505699,"CAFI_P027",25
"8441",-431.951455057017,"CAFI_P027",50
"8442",-1060.95398505701,"CAFI_P027",100
"8443",-173.374895057001,"CAFI_P027",25
"8444",-3261.815055057,"CAFI_P027",50
"8445",4829.73929494299,"CAFI_P027",100
"8446",-3544.902055057,"CAFI_P027",25
"8447",725.091444942984,"CAFI_P027",50
"8448",-1336.75040505698,"CAFI_P027",100
"8449",-28.965855057002,"CAFI_P027",25
"8450",-979.07934505702,"CAFI_P027",50
"8451",1150.941464943,"CAFI_P027",100
"8452",-3198.14975505701,"CAFI_P027",25
"8453",3868.20556494303,"CAFI_P027",50
"8454",-2698.69233505701,"CAFI_P027",100
"8455",73.7096649429877,"CAFI_P027",25
"8456",-55.6752050570212,"CAFI_P027",50
"8457",1066.91986494302,"CAFI_P027",100
"8458",-3464.876255057,"CAFI_P027",25
"8459",4032.43956494302,"CAFI_P027",50
"8460",5419.54996494303,"CAFI_P027",100
"8461",-83.9656350570149,"CAFI_P027",25
"8462",975.410144942987,"CAFI_P027",50
"8463",-3745.06761505699,"CAFI_P027",100
"8464",2427.19484494301,"CAFI_P027",25
"8465",-2631.391155057,"CAFI_P027",50
"8466",2176.63616494299,"CAFI_P027",100
"8467",-3483.65375505702,"CAFI_P027",25
"8468",-3460.66385505698,"CAFI_P027",50
"8469",2412.12249494303,"CAFI_P027",100
"8470",1348.86536494299,"CAFI_P027",25
"8471",185.422364943021,"CAFI_P027",50
"8472",4274.933904943,"CAFI_P027",100
"8473",4221.95564494299,"CAFI_P027",25
"8474",41.6103449430084,"CAFI_P027",50
"8475",5512.91056494298,"CAFI_P027",100
"8476",516.173044943018,"CAFI_P027",25
"8477",164.982064943004,"CAFI_P027",50
"8478",18495.558964943,"CAFI_P027",100
"8479",-2961.51325505698,"CAFI_P027",25
"8480",-3684.31896505697,"CAFI_P027",50
"8481",2433.21759494301,"CAFI_P027",100
"8482",2148.19664494297,"CAFI_P027",25
"8483",361.993644942995,"CAFI_P027",50
"8484",-4021.033385057,"CAFI_P027",100
"8485",-715.433755056991,"CAFI_P027",25
"8486",407.44197494298,"CAFI_P027",50
"8487",-3577.85749505699,"CAFI_P027",100
"8488",871.891164942994,"CAFI_P027",25
"8489",-3344.33656505699,"CAFI_P027",50
"8490",1274.30776494299,"CAFI_P027",100
"8491",-3345.34975505702,"CAFI_P027",25
"8492",-88.4351050569676,"CAFI_P027",50
"8493",511.190664943017,"CAFI_P027",100
"8494",-1181.720755057,"CAFI_P027",25
"8495",-390.641635056993,"CAFI_P027",50
"8496",1229.10666494298,"CAFI_P027",100
"8497",-467.453955057019,"CAFI_P027",25
"8498",-3474.12115505699,"CAFI_P027",50
"8499",3592.57696494303,"CAFI_P027",100
"8500",2.31534494302468,"CAFI_P027",25
"8501",842.927064943011,"CAFI_P027",50
"8502",-1771.439245057,"CAFI_P027",100
"8503",4596.45364494302,"CAFI_P027",25
"8504",102.963064943033,"CAFI_P027",50
"8505",-1506.54713505699,"CAFI_P027",100
"8506",-109.017455057008,"CAFI_P027",25
"8507",567.07994494302,"CAFI_P027",50
"8508",3391.11506494298,"CAFI_P027",100
"8509",-29.0256350570126,"CAFI_P027",25
"8510",2131.63496494299,"CAFI_P027",50
"8511",-2973.53644505702,"CAFI_P027",100
"8512",-720.411155057023,"CAFI_P027",25
"8513",-1470.36015505699,"CAFI_P027",50
"8514",-4138.084785057,"CAFI_P027",100
"8515",246.264764942985,"CAFI_P027",25
"8516",-726.998295056983,"CAFI_P027",50
"8517",757.909164942976,"CAFI_P027",100
"8518",260.141764943022,"CAFI_P027",25
"8519",4017.67356494302,"CAFI_P027",50
"8520",2431.25006494299,"CAFI_P027",100
"8521",-51.4062150570098,"CAFI_P027",25
"8522",0.321004942990839,"CAFI_P027",50
"8523",4630.11057494301,"CAFI_P027",100
"8524",-3587.81280505698,"CAFI_P027",25
"8525",175.588764943008,"CAFI_P027",50
"8526",3987.18216494302,"CAFI_P027",100
"8527",746.984644942975,"CAFI_P027",25
"8528",-496.220155056973,"CAFI_P027",50
"8529",-846.242005056993,"CAFI_P027",100
"8530",242.580764942977,"CAFI_P027",25
"8531",856.300204942992,"CAFI_P027",50
"8532",-4046.55848505697,"CAFI_P027",100
"8533",-3018.949855057,"CAFI_P027",25
"8534",791.236164943024,"CAFI_P027",50
"8535",16820.847864943,"CAFI_P027",100
"8536",813.013764942996,"CAFI_P027",25
"8537",-208.901355057023,"CAFI_P027",50
"8538",-3701.09967505699,"CAFI_P027",100
"8539",28.1458449430065,"CAFI_P027",25
"8540",-908.003425056988,"CAFI_P027",50
"8541",3435.43053494301,"CAFI_P027",100
"8542",1690.221644943,"CAFI_P027",25
"8543",596.461764943029,"CAFI_P027",50
"8544",-2697.79585505702,"CAFI_P027",100
"8545",570.006544943026,"CAFI_P027",25
"8546",293.970464942977,"CAFI_P027",50
"8547",-168.873395056988,"CAFI_P027",100
"8548",252.766464943008,"CAFI_P027",25
"8549",996.67336494301,"CAFI_P027",50
"8550",4076.68976494303,"CAFI_P027",100
"8551",-40.1145850570174,"CAFI_P027",25
"8552",-3241.005055057,"CAFI_P027",50
"8553",4127.33053494303,"CAFI_P027",100
"8554",-509.287955056992,"CAFI_P027",25
"8555",-664.327075057023,"CAFI_P027",50
"8556",2655.82656494301,"CAFI_P027",100
"8557",1713.12264494301,"CAFI_P027",25
"8558",2840.61976494303,"CAFI_P027",50
"8559",-872.008845056989,"CAFI_P027",100
"8560",108.470964943001,"CAFI_P027",25
"8561",-811.374155057012,"CAFI_P027",50
"8562",1308.63903494301,"CAFI_P027",100
"8563",-81.5960550570162,"CAFI_P027",25
"8564",572.785934943007,"CAFI_P027",50
"8565",25.9062449429766,"CAFI_P027",100
"8566",-1754.41475505702,"CAFI_P027",25
"8567",559.740964943019,"CAFI_P027",50
"8568",-2084.966535057,"CAFI_P027",100
"8569",583.933444942988,"CAFI_P027",25
"8570",771.154964943009,"CAFI_P027",50
"8571",1062.736704943,"CAFI_P027",100
"8572",-695.652455057018,"CAFI_P027",25
"8573",-509.329735057021,"CAFI_P027",50
"8574",-3317.633785057,"CAFI_P027",100
"8575",251.261844942986,"CAFI_P027",25
"8576",-429.041055057023,"CAFI_P027",50
"8577",-2496.977535057,"CAFI_P027",100
"8578",12.9358849429991,"CAFI_P027",25
"8579",1095.85184494301,"CAFI_P027",50
"8580",1869.21307494299,"CAFI_P027",100
"8581",-3583.21593505697,"CAFI_P027",25
"8582",-53.3492450569756,"CAFI_P027",50
"8583",605.031364943017,"CAFI_P027",100
"8584",-46.7632550569833,"CAFI_P027",25
"8585",4372.257764943,"CAFI_P027",50
"8586",1349.10156494298,"CAFI_P027",100
"8587",69.7067649430246,"CAFI_P027",25
"8588",-115.196235057025,"CAFI_P027",50
"8589",-745.437335057009,"CAFI_P027",100
"8590",-843.547755056992,"CAFI_P027",25
"8591",2725.77784494299,"CAFI_P027",50
"8592",-701.052955057006,"CAFI_P027",100
"8593",1760.71764494298,"CAFI_P027",25
"8594",-3307.76035505702,"CAFI_P027",50
"8595",-2539.30373505701,"CAFI_P027",100
"8596",-2517.12075505697,"CAFI_P027",25
"8597",95.4100449429825,"CAFI_P027",50
"8598",9.08791494299658,"CAFI_P027",100
"8599",-104.40065505699,"CAFI_P027",25
"8600",5605.94456494303,"CAFI_P027",50
"8601",26381.706464943,"CAFI_P027",100
"8602",917.37444494298,"CAFI_P027",25
"8603",-3579.60955505702,"CAFI_P027",50
"8604",3548.86126494303,"CAFI_P027",100
"8605",-20.5817550569773,"CAFI_P027",25
"8606",-1664.33625505702,"CAFI_P027",50
"8607",-1941.001225057,"CAFI_P027",100
"8608",2316.68064494303,"CAFI_P027",25
"8609",-76.0301550569711,"CAFI_P027",50
"8610",1644.157654943,"CAFI_P027",100
"8611",-2794.73225505702,"CAFI_P027",25
"8612",-1767.01123505697,"CAFI_P027",50
"8613",-2931.26084505697,"CAFI_P027",100
"8614",564.901644942991,"CAFI_P027",25
"8615",-1713.61665505701,"CAFI_P027",50
"8616",-3576.58313505701,"CAFI_P027",100
"8617",93.625364943,"CAFI_P027",25
"8618",5721.685364943,"CAFI_P027",50
"8619",-3313.81764505699,"CAFI_P027",100
"8620",158.045244943001,"CAFI_P027",25
"8621",403.958944942977,"CAFI_P027",50
"8622",444.023804943019,"CAFI_P027",100
"8623",1902.38764494302,"CAFI_P027",25
"8624",531.002564942988,"CAFI_P027",50
"8625",-3541.65993505699,"CAFI_P027",100
"8626",4057.20236494299,"CAFI_P027",25
"8627",2147.07234494301,"CAFI_P027",50
"8628",3640.089864943,"CAFI_P027",100
"8629",962.612444942992,"CAFI_P027",25
"8630",-1945.033155057,"CAFI_P027",50
"8631",-4178.956995057,"CAFI_P027",100
"8632",879.300564942998,"CAFI_P027",25
"8633",-26.1257550569717,"CAFI_P027",50
"8634",-1560.43333505699,"CAFI_P027",100
"8635",1000.24724494299,"CAFI_P027",25
"8636",281.503824942978,"CAFI_P027",50
"8637",-711.498235056992,"CAFI_P027",100
"8638",175.023544943018,"CAFI_P027",25
"8639",1859.49067494302,"CAFI_P027",50
"8640",8167.22186494299,"CAFI_P027",100
"8641",55.8428849430056,"CAFI_P027",25
"8642",-688.521765056998,"CAFI_P027",50
"8643",-742.730035057,"CAFI_P027",100
"8644",3817.53744494298,"CAFI_P027",25
"8645",1354.35616494302,"CAFI_P027",50
"8646",-2061.11583505699,"CAFI_P027",100
"8647",858.296444943,"CAFI_P027",25
"8648",273.717864943028,"CAFI_P027",50
"8649",149.643124943017,"CAFI_P027",100
"8650",-117.76903505699,"CAFI_P027",25
"8651",3138.11862494302,"CAFI_P027",50
"8652",2799.722264943,"CAFI_P027",100
"8653",201.079764942988,"CAFI_P027",25
"8654",-645.239765056991,"CAFI_P027",50
"8655",-3131.90740505699,"CAFI_P027",100
"8656",-409.463555057009,"CAFI_P027",25
"8657",679.475944943028,"CAFI_P027",50
"8658",6534.10796494299,"CAFI_P027",100
"8659",-3434.58045505697,"CAFI_P027",25
"8660",1413.37674494303,"CAFI_P027",50
"8661",-4056.36597505701,"CAFI_P027",100
"8662",1115.303844943,"CAFI_P027",25
"8663",1075.96904494299,"CAFI_P027",50
"8664",2494.41262494301,"CAFI_P027",100
"8665",-2.42945505701937,"CAFI_P027",25
"8666",117.449294943013,"CAFI_P027",50
"8667",-1506.76808505697,"CAFI_P027",100
"8668",1173.33244494302,"CAFI_P027",25
"8669",2031.30016494298,"CAFI_P027",50
"8670",532.652664943016,"CAFI_P027",100
"8671",100.480544943013,"CAFI_P027",25
"8672",1447.58956494299,"CAFI_P027",50
"8673",4147.39946494298,"CAFI_P027",100
"8674",-107.724355056998,"CAFI_P027",25
"8675",1124.04886494298,"CAFI_P027",50
"8676",-3035.55513505702,"CAFI_P027",100
"8677",171.182464942976,"CAFI_P027",25
"8678",-3185.387455057,"CAFI_P027",50
"8679",-3515.51730505697,"CAFI_P027",100
"8680",-3398.545455057,"CAFI_P027",25
"8681",565.381664943008,"CAFI_P027",50
"8682",9703.84056494298,"CAFI_P027",100
"8683",269.970844943018,"CAFI_P027",25
"8684",-496.150755056995,"CAFI_P027",50
"8685",9986.07819494302,"CAFI_P027",100
"8686",19537.226444943,"CAFI_P027",25
"8687",3200.95231494302,"CAFI_P027",50
"8688",7829.82350494299,"CAFI_P027",100
"8689",1829.16636494303,"CAFI_P027",25
"8690",721.107644942997,"CAFI_P027",50
"8691",-2794.67653505702,"CAFI_P027",100
"8692",-3598.64502505702,"CAFI_P027",25
"8693",1692.75504494301,"CAFI_P027",50
"8694",-551.189635057002,"CAFI_P027",100
"8695",-3590.49585505697,"CAFI_P027",25
"8696",2061.78114494303,"CAFI_P027",50
"8697",-337.797385056969,"CAFI_P027",100
"8698",-3170.66885505698,"CAFI_P027",25
"8699",477.327064942976,"CAFI_P027",50
"8700",6204.99181494303,"CAFI_P027",100
"8701",-0.00475361902499571,"CAFI_P028",25
"8702",-0.00475361902499571,"CAFI_P028",50
"8703",-219.092953619023,"CAFI_P028",100
"8704",-0.00475361902499571,"CAFI_P028",25
"8705",-0.00475361902499571,"CAFI_P028",50
"8706",3158.52014638099,"CAFI_P028",100
"8707",-0.00475361902499571,"CAFI_P028",25
"8708",-0.00475361902499571,"CAFI_P028",50
"8709",-514.359553618997,"CAFI_P028",100
"8710",-0.00475361902499571,"CAFI_P028",25
"8711",-0.00475361902499571,"CAFI_P028",50
"8712",259.035016381007,"CAFI_P028",100
"8713",-0.00475361902499571,"CAFI_P028",25
"8714",-0.00475361902499571,"CAFI_P028",50
"8715",-2358.836253619,"CAFI_P028",100
"8716",-0.00475361902499571,"CAFI_P028",25
"8717",-0.00475361902499571,"CAFI_P028",50
"8718",160.209646380972,"CAFI_P028",100
"8719",-0.00475361902499571,"CAFI_P028",25
"8720",-0.00475361902499571,"CAFI_P028",50
"8721",82.0522463810048,"CAFI_P028",100
"8722",-0.00475361902499571,"CAFI_P028",25
"8723",-0.00475361902499571,"CAFI_P028",50
"8724",-895.642853619007,"CAFI_P028",100
"8725",-0.00475361902499571,"CAFI_P028",25
"8726",-0.00475361902499571,"CAFI_P028",50
"8727",553.494746381009,"CAFI_P028",100
"8728",-0.00475361902499571,"CAFI_P028",25
"8729",-0.00475361902499571,"CAFI_P028",50
"8730",-855.542753619025,"CAFI_P028",100
"8731",-0.00475361902499571,"CAFI_P028",25
"8732",-0.00475361902499571,"CAFI_P028",50
"8733",-1029.19585361902,"CAFI_P028",100
"8734",-0.00475361902499571,"CAFI_P028",25
"8735",-0.00475361902499571,"CAFI_P028",50
"8736",14358.565746381,"CAFI_P028",100
"8737",-0.00475361902499571,"CAFI_P028",25
"8738",-0.00475361902499571,"CAFI_P028",50
"8739",448.641946381016,"CAFI_P028",100
"8740",-0.00475361902499571,"CAFI_P028",25
"8741",-0.00475361902499571,"CAFI_P028",50
"8742",1622.088846381,"CAFI_P028",100
"8743",-0.00475361902499571,"CAFI_P028",25
"8744",-0.00475361902499571,"CAFI_P028",50
"8745",-4549.94395361899,"CAFI_P028",100
"8746",-0.00475361902499571,"CAFI_P028",25
"8747",-0.00475361902499571,"CAFI_P028",50
"8748",-290.13515361899,"CAFI_P028",100
"8749",-0.00475361902499571,"CAFI_P028",25
"8750",-0.00475361902499571,"CAFI_P028",50
"8751",62.573146381008,"CAFI_P028",100
"8752",-0.00475361902499571,"CAFI_P028",25
"8753",-0.00475361902499571,"CAFI_P028",50
"8754",18759.258946381,"CAFI_P028",100
"8755",-0.00475361902499571,"CAFI_P028",25
"8756",-0.00475361902499571,"CAFI_P028",50
"8757",-496.865753619,"CAFI_P028",100
"8758",-0.00475361902499571,"CAFI_P028",25
"8759",-0.00475361902499571,"CAFI_P028",50
"8760",4969.68674638099,"CAFI_P028",100
"8761",-0.00475361902499571,"CAFI_P028",25
"8762",-0.00475361902499571,"CAFI_P028",50
"8763",-1496.70005361899,"CAFI_P028",100
"8764",-0.00475361902499571,"CAFI_P028",25
"8765",-0.00475361902499571,"CAFI_P028",50
"8766",888.040186380967,"CAFI_P028",100
"8767",-0.00475361902499571,"CAFI_P028",25
"8768",-0.00475361902499571,"CAFI_P028",50
"8769",3926.67534638097,"CAFI_P028",100
"8770",-0.00475361902499571,"CAFI_P028",25
"8771",-0.00475361902499571,"CAFI_P028",50
"8772",261.905246381008,"CAFI_P028",100
"8773",-0.00475361902499571,"CAFI_P028",25
"8774",-0.00475361902499571,"CAFI_P028",50
"8775",682.075756380975,"CAFI_P028",100
"8776",-0.00475361902499571,"CAFI_P028",25
"8777",-0.00475361902499571,"CAFI_P028",50
"8778",743.768196380988,"CAFI_P028",100
"8779",-0.00475361902499571,"CAFI_P028",25
"8780",-0.00475361902499571,"CAFI_P028",50
"8781",-1748.67120361899,"CAFI_P028",100
"8782",-0.00475361902499571,"CAFI_P028",25
"8783",-0.00475361902499571,"CAFI_P028",50
"8784",-18544.603953619,"CAFI_P028",100
"8785",-0.00475361902499571,"CAFI_P028",25
"8786",-0.00475361902499571,"CAFI_P028",50
"8787",-1557.56075361901,"CAFI_P028",100
"8788",-0.00475361902499571,"CAFI_P028",25
"8789",-0.00475361902499571,"CAFI_P028",50
"8790",-1187.33065361902,"CAFI_P028",100
"8791",-0.00475361902499571,"CAFI_P028",25
"8792",-0.00475361902499571,"CAFI_P028",50
"8793",2409.23403638101,"CAFI_P028",100
"8794",-0.00475361902499571,"CAFI_P028",25
"8795",-0.00475361902499571,"CAFI_P028",50
"8796",-2509.33665361902,"CAFI_P028",100
"8797",-0.00475361902499571,"CAFI_P028",25
"8798",-0.00475361902499571,"CAFI_P028",50
"8799",-38.6928536189953,"CAFI_P028",100
"8800",-0.00475361902499571,"CAFI_P028",25
"8801",-0.00475361902499571,"CAFI_P028",50
"8802",667.633046381001,"CAFI_P028",100
"8803",-0.00475361902499571,"CAFI_P028",25
"8804",-0.00475361902499571,"CAFI_P028",50
"8805",521.035946380987,"CAFI_P028",100
"8806",-0.00475361902499571,"CAFI_P028",25
"8807",-0.00475361902499571,"CAFI_P028",50
"8808",-12459.260353619,"CAFI_P028",100
"8809",-0.00475361902499571,"CAFI_P028",25
"8810",-0.00475361902499571,"CAFI_P028",50
"8811",-211.738153618993,"CAFI_P028",100
"8812",-0.00475361902499571,"CAFI_P028",25
"8813",-0.00475361902499571,"CAFI_P028",50
"8814",2311.41624638101,"CAFI_P028",100
"8815",-0.00475361902499571,"CAFI_P028",25
"8816",-0.00475361902499571,"CAFI_P028",50
"8817",-2538.52465361904,"CAFI_P028",100
"8818",-0.00475361902499571,"CAFI_P028",25
"8819",-0.00475361902499571,"CAFI_P028",50
"8820",5380.22564638098,"CAFI_P028",100
"8821",-0.00475361902499571,"CAFI_P028",25
"8822",-0.00475361902499571,"CAFI_P028",50
"8823",-679.445453619002,"CAFI_P028",100
"8824",-0.00475361902499571,"CAFI_P028",25
"8825",-0.00475361902499571,"CAFI_P028",50
"8826",256.817946380994,"CAFI_P028",100
"8827",-0.00475361902499571,"CAFI_P028",25
"8828",-0.00475361902499571,"CAFI_P028",50
"8829",415.550046380959,"CAFI_P028",100
"8830",-0.00475361902499571,"CAFI_P028",25
"8831",-0.00475361902499571,"CAFI_P028",50
"8832",-507.488143619034,"CAFI_P028",100
"8833",-0.00475361902499571,"CAFI_P028",25
"8834",-0.00475361902499571,"CAFI_P028",50
"8835",482.69574638101,"CAFI_P028",100
"8836",-0.00475361902499571,"CAFI_P028",25
"8837",-0.00475361902499571,"CAFI_P028",50
"8838",-909.99175361899,"CAFI_P028",100
"8839",-0.00475361902499571,"CAFI_P028",25
"8840",-0.00475361902499571,"CAFI_P028",50
"8841",2331.599846381,"CAFI_P028",100
"8842",-0.00475361902499571,"CAFI_P028",25
"8843",-0.00475361902499571,"CAFI_P028",50
"8844",77.816746380995,"CAFI_P028",100
"8845",-0.00475361902499571,"CAFI_P028",25
"8846",-0.00475361902499571,"CAFI_P028",50
"8847",4517.05924638099,"CAFI_P028",100
"8848",-0.00475361902499571,"CAFI_P028",25
"8849",-0.00475361902499571,"CAFI_P028",50
"8850",-129.724153619027,"CAFI_P028",100
"8851",-0.00475361902499571,"CAFI_P028",25
"8852",-0.00475361902499571,"CAFI_P028",50
"8853",1505.12374638097,"CAFI_P028",100
"8854",-0.00475361902499571,"CAFI_P028",25
"8855",-0.00475361902499571,"CAFI_P028",50
"8856",231.90834638098,"CAFI_P028",100
"8857",-0.00475361902499571,"CAFI_P028",25
"8858",-0.00475361902499571,"CAFI_P028",50
"8859",5299.23014638101,"CAFI_P028",100
"8860",-0.00475361902499571,"CAFI_P028",25
"8861",-0.00475361902499571,"CAFI_P028",50
"8862",-169.723433619016,"CAFI_P028",100
"8863",-0.00475361902499571,"CAFI_P028",25
"8864",-0.00475361902499571,"CAFI_P028",50
"8865",497.660546380968,"CAFI_P028",100
"8866",-0.00475361902499571,"CAFI_P028",25
"8867",-0.00475361902499571,"CAFI_P028",50
"8868",157.424446380988,"CAFI_P028",100
"8869",-0.00475361902499571,"CAFI_P028",25
"8870",-0.00475361902499571,"CAFI_P028",50
"8871",722.747246381012,"CAFI_P028",100
"8872",-0.00475361902499571,"CAFI_P028",25
"8873",-0.00475361902499571,"CAFI_P028",50
"8874",-401.497453619028,"CAFI_P028",100
"8875",-0.00475361902499571,"CAFI_P028",25
"8876",-0.00475361902499571,"CAFI_P028",50
"8877",803.620516380994,"CAFI_P028",100
"8878",-0.00475361902499571,"CAFI_P028",25
"8879",-0.00475361902499571,"CAFI_P028",50
"8880",360.019046380999,"CAFI_P028",100
"8881",-0.00475361902499571,"CAFI_P028",25
"8882",-0.00475361902499571,"CAFI_P028",50
"8883",-227.138253619021,"CAFI_P028",100
"8884",-0.00475361902499571,"CAFI_P028",25
"8885",-0.00475361902499571,"CAFI_P028",50
"8886",-14115.224923619,"CAFI_P028",100
"8887",-0.00475361902499571,"CAFI_P028",25
"8888",-0.00475361902499571,"CAFI_P028",50
"8889",-2978.464953619,"CAFI_P028",100
"8890",-0.00475361902499571,"CAFI_P028",25
"8891",-0.00475361902499571,"CAFI_P028",50
"8892",379.532586381014,"CAFI_P028",100
"8893",-0.00475361902499571,"CAFI_P028",25
"8894",-0.00475361902499571,"CAFI_P028",50
"8895",-3298.06385361904,"CAFI_P028",100
"8896",-0.00475361902499571,"CAFI_P028",25
"8897",-0.00475361902499571,"CAFI_P028",50
"8898",-8218.898493619,"CAFI_P028",100
"8899",-0.00475361902499571,"CAFI_P028",25
"8900",-0.00475361902499571,"CAFI_P028",50
"8901",2294.49644638097,"CAFI_P028",100
"8902",-0.00475361902499571,"CAFI_P028",25
"8903",-0.00475361902499571,"CAFI_P028",50
"8904",976.705246380996,"CAFI_P028",100
"8905",-0.00475361902499571,"CAFI_P028",25
"8906",-0.00475361902499571,"CAFI_P028",50
"8907",1356.28474638099,"CAFI_P028",100
"8908",-0.00475361902499571,"CAFI_P028",25
"8909",-0.00475361902499571,"CAFI_P028",50
"8910",1124.219946381,"CAFI_P028",100
"8911",-0.00475361902499571,"CAFI_P028",25
"8912",-0.00475361902499571,"CAFI_P028",50
"8913",-57.9296536190086,"CAFI_P028",100
"8914",-0.00475361902499571,"CAFI_P028",25
"8915",-0.00475361902499571,"CAFI_P028",50
"8916",-1164.34875361901,"CAFI_P028",100
"8917",-0.00475361902499571,"CAFI_P028",25
"8918",-0.00475361902499571,"CAFI_P028",50
"8919",13585.701346381,"CAFI_P028",100
"8920",-0.00475361902499571,"CAFI_P028",25
"8921",-0.00475361902499571,"CAFI_P028",50
"8922",53.4091663809959,"CAFI_P028",100
"8923",-0.00475361902499571,"CAFI_P028",25
"8924",-0.00475361902499571,"CAFI_P028",50
"8925",-546.15335361904,"CAFI_P028",100
"8926",-0.00475361902499571,"CAFI_P028",25
"8927",-0.00475361902499571,"CAFI_P028",50
"8928",-483.203853618994,"CAFI_P028",100
"8929",-0.00475361902499571,"CAFI_P028",25
"8930",-0.00475361902499571,"CAFI_P028",50
"8931",292.177646380966,"CAFI_P028",100
"8932",-0.00475361902499571,"CAFI_P028",25
"8933",-0.00475361902499571,"CAFI_P028",50
"8934",-8227.71588361904,"CAFI_P028",100
"8935",-0.00475361902499571,"CAFI_P028",25
"8936",-0.00475361902499571,"CAFI_P028",50
"8937",-315.334053619008,"CAFI_P028",100
"8938",-0.00475361902499571,"CAFI_P028",25
"8939",-0.00475361902499571,"CAFI_P028",50
"8940",-14.0967536190292,"CAFI_P028",100
"8941",-0.00475361902499571,"CAFI_P028",25
"8942",-0.00475361902499571,"CAFI_P028",50
"8943",-6031.65535361902,"CAFI_P028",100
"8944",-0.00475361902499571,"CAFI_P028",25
"8945",-0.00475361902499571,"CAFI_P028",50
"8946",300.553546381008,"CAFI_P028",100
"8947",-0.00475361902499571,"CAFI_P028",25
"8948",-0.00475361902499571,"CAFI_P028",50
"8949",76.4560463809757,"CAFI_P028",100
"8950",-0.00475361902499571,"CAFI_P028",25
"8951",-0.00475361902499571,"CAFI_P028",50
"8952",227.107146380993,"CAFI_P028",100
"8953",-0.00475361902499571,"CAFI_P028",25
"8954",-0.00475361902499571,"CAFI_P028",50
"8955",3.45154638099484,"CAFI_P028",100
"8956",-0.00475361902499571,"CAFI_P028",25
"8957",-0.00475361902499571,"CAFI_P028",50
"8958",-6056.572753619,"CAFI_P028",100
"8959",-0.00475361902499571,"CAFI_P028",25
"8960",-0.00475361902499571,"CAFI_P028",50
"8961",-513.776253618998,"CAFI_P028",100
"8962",-0.00475361902499571,"CAFI_P028",25
"8963",-0.00475361902499571,"CAFI_P028",50
"8964",-5775.53765361902,"CAFI_P028",100
"8965",-0.00475361902499571,"CAFI_P028",25
"8966",-0.00475361902499571,"CAFI_P028",50
"8967",-5.49595361901447,"CAFI_P028",100
"8968",-0.00475361902499571,"CAFI_P028",25
"8969",-0.00475361902499571,"CAFI_P028",50
"8970",-3870.653753619,"CAFI_P028",100
"8971",-0.00475361902499571,"CAFI_P028",25
"8972",-0.00475361902499571,"CAFI_P028",50
"8973",225.20429638098,"CAFI_P028",100
"8974",-0.00475361902499571,"CAFI_P028",25
"8975",-0.00475361902499571,"CAFI_P028",50
"8976",290.546246381011,"CAFI_P028",100
"8977",-0.00475361902499571,"CAFI_P028",25
"8978",-0.00475361902499571,"CAFI_P028",50
"8979",-627.817753618991,"CAFI_P028",100
"8980",-0.00475361902499571,"CAFI_P028",25
"8981",-0.00475361902499571,"CAFI_P028",50
"8982",480.761246380978,"CAFI_P028",100
"8983",-0.00475361902499571,"CAFI_P028",25
"8984",-0.00475361902499571,"CAFI_P028",50
"8985",-2407.333203619,"CAFI_P028",100
"8986",-0.00475361902499571,"CAFI_P028",25
"8987",-0.00475361902499571,"CAFI_P028",50
"8988",1094.40840638097,"CAFI_P028",100
"8989",-0.00475361902499571,"CAFI_P028",25
"8990",-0.00475361902499571,"CAFI_P028",50
"8991",65.1674663809827,"CAFI_P028",100
"8992",-0.00475361902499571,"CAFI_P028",25
"8993",-0.00475361902499571,"CAFI_P028",50
"8994",-143.942553619039,"CAFI_P028",100
"8995",-0.00475361902499571,"CAFI_P028",25
"8996",-0.00475361902499571,"CAFI_P028",50
"8997",-89.0239536190056,"CAFI_P028",100
"8998",-0.00475361902499571,"CAFI_P028",25
"8999",-0.00475361902499571,"CAFI_P028",50
"9000",2329.77504638099,"CAFI_P028",100
"9001",1029.70995267801,"CAFI_P029",25
"9002",1527.27916267799,"CAFI_P029",50
"9003",5149.86890267796,"CAFI_P029",100
"9004",-2018.23815732199,"CAFI_P029",25
"9005",24579.181162678,"CAFI_P029",50
"9006",-9698.82005732204,"CAFI_P029",100
"9007",2727.62866267801,"CAFI_P029",25
"9008",-2182.82449732203,"CAFI_P029",50
"9009",-4728.67645732203,"CAFI_P029",100
"9010",-2737.57894732204,"CAFI_P029",25
"9011",-5650.36084732204,"CAFI_P029",50
"9012",29933.185962678,"CAFI_P029",100
"9013",-6714.40316732199,"CAFI_P029",25
"9014",2634.79045267799,"CAFI_P029",50
"9015",-4685.95889732201,"CAFI_P029",100
"9016",75.0000526779913,"CAFI_P029",25
"9017",-5265.98596732202,"CAFI_P029",50
"9018",-3605.67609732202,"CAFI_P029",100
"9019",-609.208447322017,"CAFI_P029",25
"9020",-4280.872247322,"CAFI_P029",50
"9021",-4686.14303732204,"CAFI_P029",100
"9022",-414.051047321991,"CAFI_P029",25
"9023",-6405.05844732199,"CAFI_P029",50
"9024",-8639.02644732199,"CAFI_P029",100
"9025",-3542.138147322,"CAFI_P029",25
"9026",-4958.60495732201,"CAFI_P029",50
"9027",-3.34747732203687,"CAFI_P029",100
"9028",1401.59635267797,"CAFI_P029",25
"9029",2067.427012678,"CAFI_P029",50
"9030",-9201.577367322,"CAFI_P029",100
"9031",1382.58375267801,"CAFI_P029",25
"9032",-56.1446873220266,"CAFI_P029",50
"9033",-1683.79635732202,"CAFI_P029",100
"9034",-327.432437321986,"CAFI_P029",25
"9035",-4161.40604732203,"CAFI_P029",50
"9036",-990.425717322039,"CAFI_P029",100
"9037",-2238.76368732203,"CAFI_P029",25
"9038",531.737272678001,"CAFI_P029",50
"9039",-8723.55396732199,"CAFI_P029",100
"9040",1493.66742267797,"CAFI_P029",25
"9041",170.342752677971,"CAFI_P029",50
"9042",-9966.73710732203,"CAFI_P029",100
"9043",-3743.90669732203,"CAFI_P029",25
"9044",-1293.53144732199,"CAFI_P029",50
"9045",-7949.197307322,"CAFI_P029",100
"9046",-499.255447322037,"CAFI_P029",25
"9047",-2446.76835732203,"CAFI_P029",50
"9048",-7325.62760732201,"CAFI_P029",100
"9049",4490.239642678,"CAFI_P029",25
"9050",-111.301567321992,"CAFI_P029",50
"9051",-9769.20774732204,"CAFI_P029",100
"9052",-2646.36630732199,"CAFI_P029",25
"9053",-6069.606577322,"CAFI_P029",50
"9054",6531.63456267799,"CAFI_P029",100
"9055",-3394.341747322,"CAFI_P029",25
"9056",4907.863762678,"CAFI_P029",50
"9057",-5018.43148732203,"CAFI_P029",100
"9058",5638.28915267799,"CAFI_P029",25
"9059",-5884.26393732202,"CAFI_P029",50
"9060",-9503.02587732201,"CAFI_P029",100
"9061",-3111.385747322,"CAFI_P029",25
"9062",-7823.21459732199,"CAFI_P029",50
"9063",-1237.52096732199,"CAFI_P029",100
"9064",-5264.88476732199,"CAFI_P029",25
"9065",-3823.764867322,"CAFI_P029",50
"9066",-7801.20786732202,"CAFI_P029",100
"9067",-191.121997322014,"CAFI_P029",25
"9068",-6880.56786732201,"CAFI_P029",50
"9069",-7719.09718732204,"CAFI_P029",100
"9070",6616.09675267799,"CAFI_P029",25
"9071",716.84434267797,"CAFI_P029",50
"9072",-9849.22759732202,"CAFI_P029",100
"9073",-171.167977322009,"CAFI_P029",25
"9074",-8309.05271732202,"CAFI_P029",50
"9075",11336.556032678,"CAFI_P029",100
"9076",1840.58405267796,"CAFI_P029",25
"9077",753.934072677977,"CAFI_P029",50
"9078",5724.033902678,"CAFI_P029",100
"9079",-3215.79334732203,"CAFI_P029",25
"9080",2619.80128267797,"CAFI_P029",50
"9081",-592.653207322001,"CAFI_P029",100
"9082",-2346.258317322,"CAFI_P029",25
"9083",-1274.22517732199,"CAFI_P029",50
"9084",-7076.930077322,"CAFI_P029",100
"9085",-245.943347321998,"CAFI_P029",25
"9086",-2100.15754732199,"CAFI_P029",50
"9087",2269.65372267796,"CAFI_P029",100
"9088",6333.95675267797,"CAFI_P029",25
"9089",-3690.81443732203,"CAFI_P029",50
"9090",40106.882652678,"CAFI_P029",100
"9091",-4642.20128732204,"CAFI_P029",25
"9092",-4454.744427322,"CAFI_P029",50
"9093",-2129.35761732201,"CAFI_P029",100
"9094",-3198.967847322,"CAFI_P029",25
"9095",-2120.80234732199,"CAFI_P029",50
"9096",-3147.54750732199,"CAFI_P029",100
"9097",-874.899857321987,"CAFI_P029",25
"9098",10216.554562678,"CAFI_P029",50
"9099",-8229.89484732202,"CAFI_P029",100
"9100",-398.929917322006,"CAFI_P029",25
"9101",-7479.60412732203,"CAFI_P029",50
"9102",-2407.08918732201,"CAFI_P029",100
"9103",-955.41174732201,"CAFI_P029",25
"9104",-5927.48604732199,"CAFI_P029",50
"9105",-5421.43590732204,"CAFI_P029",100
"9106",-3425.40489732201,"CAFI_P029",25
"9107",-1669.13450732199,"CAFI_P029",50
"9108",-6257.24738732202,"CAFI_P029",100
"9109",-1520.89803732204,"CAFI_P029",25
"9110",2516.32159267797,"CAFI_P029",50
"9111",-7465.36305732199,"CAFI_P029",100
"9112",-2921.992577322,"CAFI_P029",25
"9113",-1675.19152732199,"CAFI_P029",50
"9114",-1711.78908732202,"CAFI_P029",100
"9115",518.738792677992,"CAFI_P029",25
"9116",-1567.08039732202,"CAFI_P029",50
"9117",-4708.54760732199,"CAFI_P029",100
"9118",-6595.41778732202,"CAFI_P029",25
"9119",-3052.45725732204,"CAFI_P029",50
"9120",-7106.69411732204,"CAFI_P029",100
"9121",2347.91235267796,"CAFI_P029",25
"9122",-5581.16844732204,"CAFI_P029",50
"9123",2235.99254267797,"CAFI_P029",100
"9124",-2522.08282732201,"CAFI_P029",25
"9125",-27.7309173220419,"CAFI_P029",50
"9126",6200.53450267797,"CAFI_P029",100
"9127",25981.428652678,"CAFI_P029",25
"9128",6149.39327267796,"CAFI_P029",50
"9129",-8725.61909732199,"CAFI_P029",100
"9130",909.528552678006,"CAFI_P029",25
"9131",-5267.86357732199,"CAFI_P029",50
"9132",-5564.87258732202,"CAFI_P029",100
"9133",-236.339817322034,"CAFI_P029",25
"9134",6462.94105267798,"CAFI_P029",50
"9135",-8920.12759732199,"CAFI_P029",100
"9136",-116.643427322037,"CAFI_P029",25
"9137",-4491.32929732202,"CAFI_P029",50
"9138",-9479.50537732203,"CAFI_P029",100
"9139",639.52555267798,"CAFI_P029",25
"9140",1213.60186267801,"CAFI_P029",50
"9141",-6172.25459732203,"CAFI_P029",100
"9142",-5016.47736732202,"CAFI_P029",25
"9143",-268.020427322015,"CAFI_P029",50
"9144",1896.03766267799,"CAFI_P029",100
"9145",-2937.98727732204,"CAFI_P029",25
"9146",-3581.58633732202,"CAFI_P029",50
"9147",-4583.38781732199,"CAFI_P029",100
"9148",-3727.21274732199,"CAFI_P029",25
"9149",3755.51935267798,"CAFI_P029",50
"9150",-8747.25888732204,"CAFI_P029",100
"9151",702.678062677965,"CAFI_P029",25
"9152",-4542.90056732204,"CAFI_P029",50
"9153",-5993.31199732202,"CAFI_P029",100
"9154",-1308.18418732204,"CAFI_P029",25
"9155",4069.14784267801,"CAFI_P029",50
"9156",-2067.61620732199,"CAFI_P029",100
"9157",-3432.63354732201,"CAFI_P029",25
"9158",2623.29643267801,"CAFI_P029",50
"9159",3518.684832678,"CAFI_P029",100
"9160",542.64015267801,"CAFI_P029",25
"9161",-9059.04334732203,"CAFI_P029",50
"9162",20755.328852678,"CAFI_P029",100
"9163",-1273.91653732199,"CAFI_P029",25
"9164",-5507.49081732199,"CAFI_P029",50
"9165",2405.389722678,"CAFI_P029",100
"9166",-397.448647322017,"CAFI_P029",25
"9167",-6179.31804732204,"CAFI_P029",50
"9168",-377.538627322007,"CAFI_P029",100
"9169",468.100162677991,"CAFI_P029",25
"9170",-7821.59736732201,"CAFI_P029",50
"9171",-8747.78970732202,"CAFI_P029",100
"9172",8677.24050267797,"CAFI_P029",25
"9173",-327.093547322031,"CAFI_P029",50
"9174",-5140.88182732201,"CAFI_P029",100
"9175",-1855.989397322,"CAFI_P029",25
"9176",2331.85745267797,"CAFI_P029",50
"9177",2959.02841267799,"CAFI_P029",100
"9178",-2303.06119732204,"CAFI_P029",25
"9179",5174.32935267797,"CAFI_P029",50
"9180",-11178.359797322,"CAFI_P029",100
"9181",1381.74503267801,"CAFI_P029",25
"9182",-2605.38823732204,"CAFI_P029",50
"9183",-1810.54029732203,"CAFI_P029",100
"9184",-379.552017321985,"CAFI_P029",25
"9185",-2811.916187322,"CAFI_P029",50
"9186",-9704.77516732202,"CAFI_P029",100
"9187",7921.029912678,"CAFI_P029",25
"9188",-5264.746537322,"CAFI_P029",50
"9189",159.942702677974,"CAFI_P029",100
"9190",-2177.00154732203,"CAFI_P029",25
"9191",25.0700326779624,"CAFI_P029",50
"9192",-4456.50622732204,"CAFI_P029",100
"9193",465.636162678013,"CAFI_P029",25
"9194",-1139.43034732202,"CAFI_P029",50
"9195",777.733842677961,"CAFI_P029",100
"9196",-381.706947322004,"CAFI_P029",25
"9197",-7186.39073732198,"CAFI_P029",50
"9198",19427.256972678,"CAFI_P029",100
"9199",287.719662677962,"CAFI_P029",25
"9200",3714.33890267799,"CAFI_P029",50
"9201",-8123.75533732201,"CAFI_P029",100
"9202",-4576.58104732202,"CAFI_P029",25
"9203",-5753.82742732199,"CAFI_P029",50
"9204",-1888.66611732199,"CAFI_P029",100
"9205",-5821.231217322,"CAFI_P029",25
"9206",-6754.64036732202,"CAFI_P029",50
"9207",-5244.54085732199,"CAFI_P029",100
"9208",-1372.44784732204,"CAFI_P029",25
"9209",-3917.34764732199,"CAFI_P029",50
"9210",-2701.869037322,"CAFI_P029",100
"9211",-2436.12624732201,"CAFI_P029",25
"9212",-3336.56374732201,"CAFI_P029",50
"9213",-9786.07414732204,"CAFI_P029",100
"9214",-1690.87884732202,"CAFI_P029",25
"9215",-4914.93679732201,"CAFI_P029",50
"9216",-4613.78517732199,"CAFI_P029",100
"9217",989.054962677998,"CAFI_P029",25
"9218",-3802.91424732201,"CAFI_P029",50
"9219",318.515352677961,"CAFI_P029",100
"9220",-1211.37754732202,"CAFI_P029",25
"9221",-80.2471473219921,"CAFI_P029",50
"9222",-2857.37556732201,"CAFI_P029",100
"9223",-324.670437321998,"CAFI_P029",25
"9224",-3877.64764732204,"CAFI_P029",50
"9225",-6840.58349732199,"CAFI_P029",100
"9226",-1856.41234732204,"CAFI_P029",25
"9227",-5627.99795732199,"CAFI_P029",50
"9228",-770.398047322,"CAFI_P029",100
"9229",-2119.72544732201,"CAFI_P029",25
"9230",-1617.49703732203,"CAFI_P029",50
"9231",499.839812677994,"CAFI_P029",100
"9232",-2512.56644732202,"CAFI_P029",25
"9233",-193.641627322009,"CAFI_P029",50
"9234",-8788.76615732204,"CAFI_P029",100
"9235",-224.90658732201,"CAFI_P029",25
"9236",2268.86937267799,"CAFI_P029",50
"9237",18825.379422678,"CAFI_P029",100
"9238",-462.760587322002,"CAFI_P029",25
"9239",-4626.94575732201,"CAFI_P029",50
"9240",-4476.20844732202,"CAFI_P029",100
"9241",839.442932677979,"CAFI_P029",25
"9242",-1969.19964732201,"CAFI_P029",50
"9243",-7756.407197322,"CAFI_P029",100
"9244",-2909.01604732202,"CAFI_P029",25
"9245",-935.047117321985,"CAFI_P029",50
"9246",-1304.168947322,"CAFI_P029",100
"9247",1189.54515267798,"CAFI_P029",25
"9248",1655.21515267796,"CAFI_P029",50
"9249",-11247.655357322,"CAFI_P029",100
"9250",3494.770662678,"CAFI_P029",25
"9251",1635.73746267799,"CAFI_P029",50
"9252",2530.98944267799,"CAFI_P029",100
"9253",3687.12415267801,"CAFI_P029",25
"9254",-5913.02758732199,"CAFI_P029",50
"9255",-6801.27483732201,"CAFI_P029",100
"9256",-1652.29814732203,"CAFI_P029",25
"9257",-2632.23623732204,"CAFI_P029",50
"9258",-1140.04719732201,"CAFI_P029",100
"9259",-1270.03714732203,"CAFI_P029",25
"9260",-2254.59084732202,"CAFI_P029",50
"9261",-5032.87920732202,"CAFI_P029",100
"9262",-4252.77564732201,"CAFI_P029",25
"9263",-5187.30594732199,"CAFI_P029",50
"9264",-4290.696367322,"CAFI_P029",100
"9265",-589.102667322033,"CAFI_P029",25
"9266",1190.22818267799,"CAFI_P029",50
"9267",-2010.41189732199,"CAFI_P029",100
"9268",-106.875737322029,"CAFI_P029",25
"9269",1011.24465267797,"CAFI_P029",50
"9270",591.513942677993,"CAFI_P029",100
"9271",-2787.567147322,"CAFI_P029",25
"9272",-1050.34024732199,"CAFI_P029",50
"9273",-9560.39767732203,"CAFI_P029",100
"9274",-2033.518147322,"CAFI_P029",25
"9275",-590.658787321998,"CAFI_P029",50
"9276",-6225.07488732203,"CAFI_P029",100
"9277",-2677.62924732204,"CAFI_P029",25
"9278",-1233.88679732202,"CAFI_P029",50
"9279",-5680.27680732199,"CAFI_P029",100
"9280",-2489.33823732199,"CAFI_P029",25
"9281",-4376.428097322,"CAFI_P029",50
"9282",10440.431402678,"CAFI_P029",100
"9283",-1854.76846732199,"CAFI_P029",25
"9284",-367.516297321999,"CAFI_P029",50
"9285",-8125.68274732202,"CAFI_P029",100
"9286",-440.664547322027,"CAFI_P029",25
"9287",-2129.345187322,"CAFI_P029",50
"9288",5203.11537267797,"CAFI_P029",100
"9289",-4264.62807732204,"CAFI_P029",25
"9290",2137.10606267798,"CAFI_P029",50
"9291",-8386.49392732204,"CAFI_P029",100
"9292",871.644252677972,"CAFI_P029",25
"9293",13767.729022678,"CAFI_P029",50
"9294",-4607.57251732203,"CAFI_P029",100
"9295",-1474.07215732202,"CAFI_P029",25
"9296",-2792.693577322,"CAFI_P029",50
"9297",-7491.538917322,"CAFI_P029",100
"9298",-953.904017321998,"CAFI_P029",25
"9299",-2405.062117322,"CAFI_P029",50
"9300",3034.66653267801,"CAFI_P029",100
"9301",-3490.64039835404,"CAFI_P030",25
"9302",-1237.97213835403,"CAFI_P030",50
"9303",4089.30766164599,"CAFI_P030",100
"9304",1052.74990164599,"CAFI_P030",25
"9305",-672.381338354026,"CAFI_P030",50
"9306",-4353.799128354,"CAFI_P030",100
"9307",-2289.84089835401,"CAFI_P030",25
"9308",-6802.66689835401,"CAFI_P030",50
"9309",-8005.41040835402,"CAFI_P030",100
"9310",19380.534361646,"CAFI_P030",25
"9311",19058.002461646,"CAFI_P030",50
"9312",23883.123391646,"CAFI_P030",100
"9313",3435.48000164598,"CAFI_P030",25
"9314",-7367.71988835401,"CAFI_P030",50
"9315",-6981.49404835404,"CAFI_P030",100
"9316",-462.402498354029,"CAFI_P030",25
"9317",-123.384898354008,"CAFI_P030",50
"9318",10746.669851646,"CAFI_P030",100
"9319",-517.94929835404,"CAFI_P030",25
"9320",-3139.69339835405,"CAFI_P030",50
"9321",1919.81160164595,"CAFI_P030",100
"9322",-2581.655598354,"CAFI_P030",25
"9323",-3124.06072835403,"CAFI_P030",50
"9324",17829.489761646,"CAFI_P030",100
"9325",664.505681645998,"CAFI_P030",25
"9326",5174.18846164597,"CAFI_P030",50
"9327",24476.030711646,"CAFI_P030",100
"9328",-774.340838354023,"CAFI_P030",25
"9329",-305.256198354007,"CAFI_P030",50
"9330",23185.690061646,"CAFI_P030",100
"9331",716.230801645957,"CAFI_P030",25
"9332",495.808061645948,"CAFI_P030",50
"9333",2012.21890164597,"CAFI_P030",100
"9334",-1300.32809835405,"CAFI_P030",25
"9335",2207.82648164599,"CAFI_P030",50
"9336",-7823.02957835404,"CAFI_P030",100
"9337",697.858901645988,"CAFI_P030",25
"9338",-1705.75843835401,"CAFI_P030",50
"9339",-6652.90983835404,"CAFI_P030",100
"9340",-423.141298354021,"CAFI_P030",25
"9341",-4371.71749835403,"CAFI_P030",50
"9342",-5507.49527835404,"CAFI_P030",100
"9343",-4765.386938354,"CAFI_P030",25
"9344",-675.880198354018,"CAFI_P030",50
"9345",-4299.31863835402,"CAFI_P030",100
"9346",-738.82165835402,"CAFI_P030",25
"9347",-121.671738354024,"CAFI_P030",50
"9348",-10618.752248354,"CAFI_P030",100
"9349",-3877.98579835403,"CAFI_P030",25
"9350",-2923.53478835401,"CAFI_P030",50
"9351",-1446.19085835404,"CAFI_P030",100
"9352",-594.240298354009,"CAFI_P030",25
"9353",-4036.72053835401,"CAFI_P030",50
"9354",-4712.80344835401,"CAFI_P030",100
"9355",4231.97500164597,"CAFI_P030",25
"9356",-2073.56741835404,"CAFI_P030",50
"9357",-2569.83758835401,"CAFI_P030",100
"9358",2001.54980164598,"CAFI_P030",25
"9359",-1500.41295835405,"CAFI_P030",50
"9360",-10156.995588354,"CAFI_P030",100
"9361",-3928.43303835404,"CAFI_P030",25
"9362",-985.835038354038,"CAFI_P030",50
"9363",729.297661645978,"CAFI_P030",100
"9364",-1582.77289835404,"CAFI_P030",25
"9365",-2297.59665835404,"CAFI_P030",50
"9366",-2432.43582835404,"CAFI_P030",100
"9367",-8604.43941835401,"CAFI_P030",25
"9368",2130.82546164596,"CAFI_P030",50
"9369",-892.184038354026,"CAFI_P030",100
"9370",2374.31496164599,"CAFI_P030",25
"9371",1252.82460164599,"CAFI_P030",50
"9372",6287.96167164599,"CAFI_P030",100
"9373",-1019.44958835404,"CAFI_P030",25
"9374",2228.14043164597,"CAFI_P030",50
"9375",-6049.82370835403,"CAFI_P030",100
"9376",-2915.68232835404,"CAFI_P030",25
"9377",-575.369698354043,"CAFI_P030",50
"9378",4348.92714164598,"CAFI_P030",100
"9379",3189.78766164597,"CAFI_P030",25
"9380",22642.592201646,"CAFI_P030",50
"9381",-7283.76833835401,"CAFI_P030",100
"9382",-905.035498354002,"CAFI_P030",25
"9383",-7509.11049835401,"CAFI_P030",50
"9384",-2037.97275835404,"CAFI_P030",100
"9385",7263.70620164595,"CAFI_P030",25
"9386",6914.06850164599,"CAFI_P030",50
"9387",-3797.26036835404,"CAFI_P030",100
"9388",-2508.570738354,"CAFI_P030",25
"9389",-826.682028354029,"CAFI_P030",50
"9390",6502.82064164599,"CAFI_P030",100
"9391",-773.962138354022,"CAFI_P030",25
"9392",5649.20476164599,"CAFI_P030",50
"9393",3863.94053164596,"CAFI_P030",100
"9394",-5657.134538354,"CAFI_P030",25
"9395",-2478.81829835405,"CAFI_P030",50
"9396",23262.752631646,"CAFI_P030",100
"9397",-677.922418354021,"CAFI_P030",25
"9398",3959.20276164595,"CAFI_P030",50
"9399",-7616.95793835405,"CAFI_P030",100
"9400",-4757.12929835403,"CAFI_P030",25
"9401",599.770201645966,"CAFI_P030",50
"9402",-5745.82319835405,"CAFI_P030",100
"9403",-171.415838354034,"CAFI_P030",25
"9404",-4951.629798354,"CAFI_P030",50
"9405",731.054441645974,"CAFI_P030",100
"9406",-794.021498354035,"CAFI_P030",25
"9407",-926.907038354024,"CAFI_P030",50
"9408",-4123.408258354,"CAFI_P030",100
"9409",-1600.00749835401,"CAFI_P030",25
"9410",-1698.06069835403,"CAFI_P030",50
"9411",-4140.92377835402,"CAFI_P030",100
"9412",2792.30486164597,"CAFI_P030",25
"9413",2208.94521164597,"CAFI_P030",50
"9414",-5985.61163835402,"CAFI_P030",100
"9415",2075.25180164597,"CAFI_P030",25
"9416",-2144.987988354,"CAFI_P030",50
"9417",10573.477741646,"CAFI_P030",100
"9418",12672.138861646,"CAFI_P030",25
"9419",-1903.42113835405,"CAFI_P030",50
"9420",-2476.10265835404,"CAFI_P030",100
"9421",-3427.73693835404,"CAFI_P030",25
"9422",3289.15670164599,"CAFI_P030",50
"9423",2663.64136164595,"CAFI_P030",100
"9424",-732.124638353998,"CAFI_P030",25
"9425",26648.131061646,"CAFI_P030",50
"9426",314.711361645954,"CAFI_P030",100
"9427",-1697.411438354,"CAFI_P030",25
"9428",60.2868016459979,"CAFI_P030",50
"9429",-523.187958354014,"CAFI_P030",100
"9430",-1.46089835400926,"CAFI_P030",25
"9431",6919.17886164598,"CAFI_P030",50
"9432",3489.19903164596,"CAFI_P030",100
"9433",-2704.72529835405,"CAFI_P030",25
"9434",-151.465428354044,"CAFI_P030",50
"9435",-44.1923283540527,"CAFI_P030",100
"9436",-255.632138354005,"CAFI_P030",25
"9437",-2850.79533835402,"CAFI_P030",50
"9438",7443.29586164595,"CAFI_P030",100
"9439",-20.0502083540196,"CAFI_P030",25
"9440",712.174861645966,"CAFI_P030",50
"9441",3657.537871646,"CAFI_P030",100
"9442",140.801581645967,"CAFI_P030",25
"9443",-6183.26123835403,"CAFI_P030",50
"9444",-3617.01912835403,"CAFI_P030",100
"9445",13711.1205616459,"CAFI_P030",25
"9446",-355.812838354032,"CAFI_P030",50
"9447",-6519.16803835402,"CAFI_P030",100
"9448",1003.76750164595,"CAFI_P030",25
"9449",11149.385171646,"CAFI_P030",50
"9450",-2474.71353835403,"CAFI_P030",100
"9451",722.342451645993,"CAFI_P030",25
"9452",-234.18148835405,"CAFI_P030",50
"9453",-9386.47757835401,"CAFI_P030",100
"9454",668.957401645952,"CAFI_P030",25
"9455",-3541.26638835401,"CAFI_P030",50
"9456",8906.68379164598,"CAFI_P030",100
"9457",-1534.84038835403,"CAFI_P030",25
"9458",683.130261646002,"CAFI_P030",50
"9459",-1834.96723835403,"CAFI_P030",100
"9460",-208.027938354004,"CAFI_P030",25
"9461",5555.53688164597,"CAFI_P030",50
"9462",4571.568311646,"CAFI_P030",100
"9463",-1322.47219835402,"CAFI_P030",25
"9464",-3108.647388354,"CAFI_P030",50
"9465",-1640.171338354,"CAFI_P030",100
"9466",1279.482901646,"CAFI_P030",25
"9467",-2308.93428835401,"CAFI_P030",50
"9468",7930.230661646,"CAFI_P030",100
"9469",-5234.86399835401,"CAFI_P030",25
"9470",12349.362951646,"CAFI_P030",50
"9471",9245.82606164599,"CAFI_P030",100
"9472",-4540.39483835403,"CAFI_P030",25
"9473",-2417.50299835403,"CAFI_P030",50
"9474",-3114.602768354,"CAFI_P030",100
"9475",779.460701645992,"CAFI_P030",25
"9476",-228.536928354006,"CAFI_P030",50
"9477",8448.22296164598,"CAFI_P030",100
"9478",2461.64890164597,"CAFI_P030",25
"9479",17896.511161646,"CAFI_P030",50
"9480",-6599.041338354,"CAFI_P030",100
"9481",-427.129398354038,"CAFI_P030",25
"9482",5672.965801646,"CAFI_P030",50
"9483",-4236.22222835402,"CAFI_P030",100
"9484",1308.72970164596,"CAFI_P030",25
"9485",-989.588758354017,"CAFI_P030",50
"9486",10202.805961646,"CAFI_P030",100
"9487",401.038261645997,"CAFI_P030",25
"9488",-4608.79749835405,"CAFI_P030",50
"9489",13247.422951646,"CAFI_P030",100
"9490",-2457.13169835403,"CAFI_P030",25
"9491",23448.610161646,"CAFI_P030",50
"9492",-7724.37115835404,"CAFI_P030",100
"9493",2565.197561646,"CAFI_P030",25
"9494",750.436401646002,"CAFI_P030",50
"9495",-1428.24698835402,"CAFI_P030",100
"9496",-1727.81813835405,"CAFI_P030",25
"9497",67.0496616459568,"CAFI_P030",50
"9498",-7927.64193835401,"CAFI_P030",100
"9499",7698.63780164596,"CAFI_P030",25
"9500",3048.29056164599,"CAFI_P030",50
"9501",3500.11046164599,"CAFI_P030",100
"9502",-1436.75289835403,"CAFI_P030",25
"9503",-3494.92510835401,"CAFI_P030",50
"9504",18276.9300416459,"CAFI_P030",100
"9505",-3077.658098354,"CAFI_P030",25
"9506",-5741.30159835401,"CAFI_P030",50
"9507",3014.72017164598,"CAFI_P030",100
"9508",-1506.14769835403,"CAFI_P030",25
"9509",3652.78825164598,"CAFI_P030",50
"9510",5233.10456164595,"CAFI_P030",100
"9511",-926.807998354023,"CAFI_P030",25
"9512",-2158.358348354,"CAFI_P030",50
"9513",1418.31933164597,"CAFI_P030",100
"9514",2108.38550164597,"CAFI_P030",25
"9515",-1347.20279835403,"CAFI_P030",50
"9516",2431.05153164599,"CAFI_P030",100
"9517",-1977.65479835402,"CAFI_P030",25
"9518",2682.49160164595,"CAFI_P030",50
"9519",8519.16875164595,"CAFI_P030",100
"9520",-3268.05391835404,"CAFI_P030",25
"9521",3698.11620164599,"CAFI_P030",50
"9522",2340.621661646,"CAFI_P030",100
"9523",-1873.30499835405,"CAFI_P030",25
"9524",17189.642701646,"CAFI_P030",50
"9525",-6142.18313835404,"CAFI_P030",100
"9526",-451.764638354012,"CAFI_P030",25
"9527",6571.34669164597,"CAFI_P030",50
"9528",-7003.93085835403,"CAFI_P030",100
"9529",-2368.46636835404,"CAFI_P030",25
"9530",-2331.45879835403,"CAFI_P030",50
"9531",720.504161645949,"CAFI_P030",100
"9532",-1394.29403835401,"CAFI_P030",25
"9533",-278.896308354044,"CAFI_P030",50
"9534",-1461.32994835405,"CAFI_P030",100
"9535",6392.93890164595,"CAFI_P030",25
"9536",8196.22704164597,"CAFI_P030",50
"9537",-7607.49698835402,"CAFI_P030",100
"9538",423.573001645971,"CAFI_P030",25
"9539",-1946.86635835405,"CAFI_P030",50
"9540",-5871.08145835402,"CAFI_P030",100
"9541",4726.33290164598,"CAFI_P030",25
"9542",8559.86925164599,"CAFI_P030",50
"9543",8159.187761646,"CAFI_P030",100
"9544",1213.24180164596,"CAFI_P030",25
"9545",6299.52268164599,"CAFI_P030",50
"9546",-6315.63403835404,"CAFI_P030",100
"9547",662.560691645951,"CAFI_P030",25
"9548",-5524.73883835401,"CAFI_P030",50
"9549",1796.38256164599,"CAFI_P030",100
"9550",621.006901645975,"CAFI_P030",25
"9551",-1147.72757835401,"CAFI_P030",50
"9552",-5678.44175835402,"CAFI_P030",100
"9553",-2223.56869835401,"CAFI_P030",25
"9554",14399.802661646,"CAFI_P030",50
"9555",-5657.50863835402,"CAFI_P030",100
"9556",-1103.97704835405,"CAFI_P030",25
"9557",-5924.035498354,"CAFI_P030",50
"9558",-2693.602088354,"CAFI_P030",100
"9559",224.962601645966,"CAFI_P030",25
"9560",369.479261645989,"CAFI_P030",50
"9561",-286.90673835401,"CAFI_P030",100
"9562",-1065.40789835405,"CAFI_P030",25
"9563",-4172.39568835404,"CAFI_P030",50
"9564",-1147.15353835403,"CAFI_P030",100
"9565",4784.40361164598,"CAFI_P030",25
"9566",-4364.67049835401,"CAFI_P030",50
"9567",-6326.51685835404,"CAFI_P030",100
"9568",16667.897001646,"CAFI_P030",25
"9569",-434.672338354052,"CAFI_P030",50
"9570",19236.076661646,"CAFI_P030",100
"9571",6039.88080164598,"CAFI_P030",25
"9572",-1792.84042835404,"CAFI_P030",50
"9573",-10197.7819583541,"CAFI_P030",100
"9574",-1801.91429835401,"CAFI_P030",25
"9575",851.741701645951,"CAFI_P030",50
"9576",-1884.56293835404,"CAFI_P030",100
"9577",4211.36045164597,"CAFI_P030",25
"9578",-3923.56542835402,"CAFI_P030",50
"9579",2194.46185164596,"CAFI_P030",100
"9580",-404.402598354034,"CAFI_P030",25
"9581",-4767.59901835403,"CAFI_P030",50
"9582",1621.82346164598,"CAFI_P030",100
"9583",-1466.86511835404,"CAFI_P030",25
"9584",-2887.35050835402,"CAFI_P030",50
"9585",-6981.90373835404,"CAFI_P030",100
"9586",-263.903098354,"CAFI_P030",25
"9587",441.015661645972,"CAFI_P030",50
"9588",-1461.43847835402,"CAFI_P030",100
"9589",-5912.26319835405,"CAFI_P030",25
"9590",-1769.54858835402,"CAFI_P030",50
"9591",5567.94380164595,"CAFI_P030",100
"9592",1257.71370164596,"CAFI_P030",25
"9593",-6765.76503835403,"CAFI_P030",50
"9594",-6546.75467835402,"CAFI_P030",100
"9595",1431.47556164599,"CAFI_P030",25
"9596",-1430.67313835403,"CAFI_P030",50
"9597",-1819.49373835401,"CAFI_P030",100
"9598",-4264.78559835401,"CAFI_P030",25
"9599",-2005.75779835402,"CAFI_P030",50
"9600",-3183.30842835404,"CAFI_P030",100
"9601",288.53269722301,"CAFI_P032",25
"9602",-2680.94869277696,"CAFI_P032",50
"9603",-2114.719742777,"CAFI_P032",100
"9604",750.333657223033,"CAFI_P032",25
"9605",364.484157223022,"CAFI_P032",50
"9606",-196.871272776974,"CAFI_P032",100
"9607",-168.729522776965,"CAFI_P032",25
"9608",830.53507722303,"CAFI_P032",50
"9609",3218.95690722304,"CAFI_P032",100
"9610",310.240757222986,"CAFI_P032",25
"9611",45730.474307223,"CAFI_P032",50
"9612",831.180277223,"CAFI_P032",100
"9613",-358.945032776974,"CAFI_P032",25
"9614",2878.65990722302,"CAFI_P032",50
"9615",-3468.63231277699,"CAFI_P032",100
"9616",895.922627223015,"CAFI_P032",25
"9617",374.285187222995,"CAFI_P032",50
"9618",12317.718587223,"CAFI_P032",100
"9619",979.279567222984,"CAFI_P032",25
"9620",451.067777223012,"CAFI_P032",50
"9621",-349.536512776976,"CAFI_P032",100
"9622",3683.86062722304,"CAFI_P032",25
"9623",-3935.81983277696,"CAFI_P032",50
"9624",-305.355462776963,"CAFI_P032",100
"9625",5134.867807223,"CAFI_P032",25
"9626",1326.80481722299,"CAFI_P032",50
"9627",-854.92705277697,"CAFI_P032",100
"9628",8192.78522722301,"CAFI_P032",25
"9629",-3562.80131277698,"CAFI_P032",50
"9630",13155.304897223,"CAFI_P032",100
"9631",94.7997872229898,"CAFI_P032",25
"9632",-3207.20342277701,"CAFI_P032",50
"9633",3009.87805722299,"CAFI_P032",100
"9634",929.942307222984,"CAFI_P032",25
"9635",1201.293467223,"CAFI_P032",50
"9636",3635.17785722303,"CAFI_P032",100
"9637",-3673.09271277697,"CAFI_P032",25
"9638",6876.56023722299,"CAFI_P032",50
"9639",1067.11600722303,"CAFI_P032",100
"9640",-209.934172776993,"CAFI_P032",25
"9641",1758.05390722299,"CAFI_P032",50
"9642",-1979.28339277697,"CAFI_P032",100
"9643",3309.91863722302,"CAFI_P032",25
"9644",536.312677223003,"CAFI_P032",50
"9645",-3558.285322777,"CAFI_P032",100
"9646",198.718857222993,"CAFI_P032",25
"9647",-578.431902776996,"CAFI_P032",50
"9648",9.54630722303409,"CAFI_P032",100
"9649",-3751.33354277699,"CAFI_P032",25
"9650",-834.783282777003,"CAFI_P032",50
"9651",-1969.97278277698,"CAFI_P032",100
"9652",1175.747707223,"CAFI_P032",25
"9653",100.385837223032,"CAFI_P032",50
"9654",688.402747223037,"CAFI_P032",100
"9655",303.917857223016,"CAFI_P032",25
"9656",-2241.92694277701,"CAFI_P032",50
"9657",-749.825692776998,"CAFI_P032",100
"9658",4767.642407223,"CAFI_P032",25
"9659",4662.202247223,"CAFI_P032",50
"9660",7564.183877223,"CAFI_P032",100
"9661",1500.39232722303,"CAFI_P032",25
"9662",3353.573317223,"CAFI_P032",50
"9663",1085.72110722301,"CAFI_P032",100
"9664",172.649257223005,"CAFI_P032",25
"9665",380.44907722302,"CAFI_P032",50
"9666",6223.92458722304,"CAFI_P032",100
"9667",3641.833867223,"CAFI_P032",25
"9668",-278.731542776979,"CAFI_P032",50
"9669",-2317.82441277697,"CAFI_P032",100
"9670",210.23032722302,"CAFI_P032",25
"9671",6622.59234722302,"CAFI_P032",50
"9672",-271.82760277699,"CAFI_P032",100
"9673",1624.939427223,"CAFI_P032",25
"9674",14589.524967223,"CAFI_P032",50
"9675",870.052347222983,"CAFI_P032",100
"9676",97.6408972230274,"CAFI_P032",25
"9677",-3571.827542777,"CAFI_P032",50
"9678",6296.914897223,"CAFI_P032",100
"9679",112.723437223001,"CAFI_P032",25
"9680",-760.726712776988,"CAFI_P032",50
"9681",20986.859497223,"CAFI_P032",100
"9682",-50.8315927769872,"CAFI_P032",25
"9683",41335.042227223,"CAFI_P032",50
"9684",5944.276297223,"CAFI_P032",100
"9685",1121.973307223,"CAFI_P032",25
"9686",1976.68706722301,"CAFI_P032",50
"9687",11003.951487223,"CAFI_P032",100
"9688",-44.8140027769841,"CAFI_P032",25
"9689",-2375.04484277702,"CAFI_P032",50
"9690",2244.05698722298,"CAFI_P032",100
"9691",242.771657222998,"CAFI_P032",25
"9692",-4102.90362277697,"CAFI_P032",50
"9693",-1210.59790277696,"CAFI_P032",100
"9694",-3647.28525277699,"CAFI_P032",25
"9695",-1688.79739277699,"CAFI_P032",50
"9696",7217.58398722298,"CAFI_P032",100
"9697",527.253867222986,"CAFI_P032",25
"9698",-2806.21707277698,"CAFI_P032",50
"9699",-3713.14107277698,"CAFI_P032",100
"9700",-368.113532777003,"CAFI_P032",25
"9701",26.0305872230092,"CAFI_P032",50
"9702",-677.13580277696,"CAFI_P032",100
"9703",-3003.06929277699,"CAFI_P032",25
"9704",9905.31158722303,"CAFI_P032",50
"9705",-3279.30693277699,"CAFI_P032",100
"9706",-118.641632776998,"CAFI_P032",25
"9707",13838.323487223,"CAFI_P032",50
"9708",1516.75768722303,"CAFI_P032",100
"9709",-1966.53309277701,"CAFI_P032",25
"9710",8576.87935722299,"CAFI_P032",50
"9711",8005.79980722303,"CAFI_P032",100
"9712",-449.619542777014,"CAFI_P032",25
"9713",2670.46456722304,"CAFI_P032",50
"9714",-3977.57348277699,"CAFI_P032",100
"9715",154.411357222998,"CAFI_P032",25
"9716",-3733.50663277699,"CAFI_P032",50
"9717",-783.482592777,"CAFI_P032",100
"9718",-191.980692776968,"CAFI_P032",25
"9719",-1757.69260277698,"CAFI_P032",50
"9720",1010.82505722303,"CAFI_P032",100
"9721",621.501957222994,"CAFI_P032",25
"9722",4451.58676722302,"CAFI_P032",50
"9723",2403.89143722301,"CAFI_P032",100
"9724",220.400637223036,"CAFI_P032",25
"9725",10700.109627223,"CAFI_P032",50
"9726",4052.70797722304,"CAFI_P032",100
"9727",26.0763572230353,"CAFI_P032",25
"9728",-3698.36427277699,"CAFI_P032",50
"9729",7893.37047722301,"CAFI_P032",100
"9730",50.9023572230362,"CAFI_P032",25
"9731",-3018.902762777,"CAFI_P032",50
"9732",48670.190087223,"CAFI_P032",100
"9733",-867.093442776997,"CAFI_P032",25
"9734",4849.18323722301,"CAFI_P032",50
"9735",25870.254087223,"CAFI_P032",100
"9736",2837.65672722302,"CAFI_P032",25
"9737",-3865.11563277699,"CAFI_P032",50
"9738",-756.383532776963,"CAFI_P032",100
"9739",234.340327223006,"CAFI_P032",25
"9740",4748.69545722299,"CAFI_P032",50
"9741",-932.734212776995,"CAFI_P032",100
"9742",-259.385742776969,"CAFI_P032",25
"9743",20720.267967223,"CAFI_P032",50
"9744",-531.796652777004,"CAFI_P032",100
"9745",-487.630892777001,"CAFI_P032",25
"9746",3615.65347722301,"CAFI_P032",50
"9747",1334.88203722303,"CAFI_P032",100
"9748",-265.651442777016,"CAFI_P032",25
"9749",409.425327223027,"CAFI_P032",50
"9750",17548.701447223,"CAFI_P032",100
"9751",11114.937067223,"CAFI_P032",25
"9752",1775.69376722298,"CAFI_P032",50
"9753",8626.56643722299,"CAFI_P032",100
"9754",2414.97916722303,"CAFI_P032",25
"9755",-4052.081342777,"CAFI_P032",50
"9756",614.589597223036,"CAFI_P032",100
"9757",1438.56765722303,"CAFI_P032",25
"9758",4229.489887223,"CAFI_P032",50
"9759",2010.48491722299,"CAFI_P032",100
"9760",425.063857223024,"CAFI_P032",25
"9761",-1348.84455277701,"CAFI_P032",50
"9762",-3213.73244277696,"CAFI_P032",100
"9763",6.433857223019,"CAFI_P032",25
"9764",-1067.57104277698,"CAFI_P032",50
"9765",-3081.93344277696,"CAFI_P032",100
"9766",-3401.96073277696,"CAFI_P032",25
"9767",3277.86863722303,"CAFI_P032",50
"9768",-1812.13087277696,"CAFI_P032",100
"9769",-3352.560442777,"CAFI_P032",25
"9770",-494.336002776981,"CAFI_P032",50
"9771",-1436.98699277698,"CAFI_P032",100
"9772",-211.057252776984,"CAFI_P032",25
"9773",-83.3592927769641,"CAFI_P032",50
"9774",41430.544237223,"CAFI_P032",100
"9775",-3537.26985277701,"CAFI_P032",25
"9776",-157.160052776977,"CAFI_P032",50
"9777",-1960.21316277701,"CAFI_P032",100
"9778",-3630.03814277699,"CAFI_P032",25
"9779",-230.990732776991,"CAFI_P032",50
"9780",-3614.635922777,"CAFI_P032",100
"9781",3074.98986722302,"CAFI_P032",25
"9782",2679.36491722299,"CAFI_P032",50
"9783",-3480.25623277697,"CAFI_P032",100
"9784",-89.4242127769976,"CAFI_P032",25
"9785",-1040.49097277701,"CAFI_P032",50
"9786",-767.408652776969,"CAFI_P032",100
"9787",5040.63636722299,"CAFI_P032",25
"9788",1591.94212722301,"CAFI_P032",50
"9789",18425.566497223,"CAFI_P032",100
"9790",263.463737223006,"CAFI_P032",25
"9791",1392.87865722302,"CAFI_P032",50
"9792",3610.81316722301,"CAFI_P032",100
"9793",775.139527223015,"CAFI_P032",25
"9794",3324.10731722304,"CAFI_P032",50
"9795",4621.55491722299,"CAFI_P032",100
"9796",-58.6284427769715,"CAFI_P032",25
"9797",-3519.44454277697,"CAFI_P032",50
"9798",-2970.40505277697,"CAFI_P032",100
"9799",-43.6834327770048,"CAFI_P032",25
"9800",-3033.85233277699,"CAFI_P032",50
"9801",41207.071857223,"CAFI_P032",100
"9802",626.01806722302,"CAFI_P032",25
"9803",-1945.85803277697,"CAFI_P032",50
"9804",3576.742387223,"CAFI_P032",100
"9805",-3377.85040277697,"CAFI_P032",25
"9806",781.236377222987,"CAFI_P032",50
"9807",1656.59607722302,"CAFI_P032",100
"9808",3266.65465722303,"CAFI_P032",25
"9809",-3049.942842777,"CAFI_P032",50
"9810",9805.55372722301,"CAFI_P032",100
"9811",-445.558102776995,"CAFI_P032",25
"9812",2320.93016722304,"CAFI_P032",50
"9813",-3070.27381277701,"CAFI_P032",100
"9814",-3170.845262777,"CAFI_P032",25
"9815",2245.443417223,"CAFI_P032",50
"9816",13954.456387223,"CAFI_P032",100
"9817",100.196707223018,"CAFI_P032",25
"9818",3477.48513722303,"CAFI_P032",50
"9819",-1648.66181277699,"CAFI_P032",100
"9820",2328.04143722303,"CAFI_P032",25
"9821",-978.011172776984,"CAFI_P032",50
"9822",11527.921487223,"CAFI_P032",100
"9823",175.836937223037,"CAFI_P032",25
"9824",735.827417223016,"CAFI_P032",50
"9825",650.175487223023,"CAFI_P032",100
"9826",-3568.83804277697,"CAFI_P032",25
"9827",2699.60825722304,"CAFI_P032",50
"9828",-3704.63792277698,"CAFI_P032",100
"9829",-3577.54107277701,"CAFI_P032",25
"9830",806.921417222999,"CAFI_P032",50
"9831",2645.31583722302,"CAFI_P032",100
"9832",-1456.680542777,"CAFI_P032",25
"9833",6962.66269722302,"CAFI_P032",50
"9834",-2447.27684277698,"CAFI_P032",100
"9835",-1415.43039277697,"CAFI_P032",25
"9836",205.772127223026,"CAFI_P032",50
"9837",6706.40517722303,"CAFI_P032",100
"9838",-182.248792777013,"CAFI_P032",25
"9839",1923.56763722299,"CAFI_P032",50
"9840",2287.80370722304,"CAFI_P032",100
"9841",3321.337307223,"CAFI_P032",25
"9842",45880.906867223,"CAFI_P032",50
"9843",-3215.03241277701,"CAFI_P032",100
"9844",-3171.61899277702,"CAFI_P032",25
"9845",-3617.14987277699,"CAFI_P032",50
"9846",3767.94778722303,"CAFI_P032",100
"9847",706.927467223024,"CAFI_P032",25
"9848",7189.02753722301,"CAFI_P032",50
"9849",-2478.85041277698,"CAFI_P032",100
"9850",4971.46125722304,"CAFI_P032",25
"9851",-3190.16679277702,"CAFI_P032",50
"9852",1757.42003722303,"CAFI_P032",100
"9853",3713.15492722299,"CAFI_P032",25
"9854",-2363.86793277698,"CAFI_P032",50
"9855",3806.47063722298,"CAFI_P032",100
"9856",-2242.67583277699,"CAFI_P032",25
"9857",-4061.91316277697,"CAFI_P032",50
"9858",5078.87431722303,"CAFI_P032",100
"9859",135.299657222989,"CAFI_P032",25
"9860",-2743.34327277698,"CAFI_P032",50
"9861",46331.127977223,"CAFI_P032",100
"9862",-296.646642776963,"CAFI_P032",25
"9863",3495.05494722299,"CAFI_P032",50
"9864",3018.56595722301,"CAFI_P032",100
"9865",927.372037223016,"CAFI_P032",25
"9866",3301.23809722299,"CAFI_P032",50
"9867",-3533.83748277702,"CAFI_P032",100
"9868",52.3113072229899,"CAFI_P032",25
"9869",1591.28665722301,"CAFI_P032",50
"9870",1697.109407223,"CAFI_P032",100
"9871",6035.05246722302,"CAFI_P032",25
"9872",3778.68353722303,"CAFI_P032",50
"9873",-1680.36474277696,"CAFI_P032",100
"9874",52.364167222986,"CAFI_P032",25
"9875",3147.06954722299,"CAFI_P032",50
"9876",5294.32079722302,"CAFI_P032",100
"9877",-2003.794182777,"CAFI_P032",25
"9878",3035.19371722301,"CAFI_P032",50
"9879",3376.58128722303,"CAFI_P032",100
"9880",1566.69765722303,"CAFI_P032",25
"9881",11360.329947223,"CAFI_P032",50
"9882",2052.16088722303,"CAFI_P032",100
"9883",-3808.28904277697,"CAFI_P032",25
"9884",1202.16021722299,"CAFI_P032",50
"9885",1839.27985722304,"CAFI_P032",100
"9886",7451.72100722301,"CAFI_P032",25
"9887",-3587.569952777,"CAFI_P032",50
"9888",-125.688102777,"CAFI_P032",100
"9889",-122.438992776966,"CAFI_P032",25
"9890",847.93470722303,"CAFI_P032",50
"9891",-527.519312776974,"CAFI_P032",100
"9892",-3717.77084277698,"CAFI_P032",25
"9893",5123.26236722298,"CAFI_P032",50
"9894",-1197.44614277699,"CAFI_P032",100
"9895",286.620127223025,"CAFI_P032",25
"9896",-3731.29323277698,"CAFI_P032",50
"9897",-2709.30152277701,"CAFI_P032",100
"9898",1633.56690722302,"CAFI_P032",25
"9899",-112.313332777005,"CAFI_P032",50
"9900",-2132.76391277701,"CAFI_P032",100
"9901",-0.00187816598918289,"CAFI_P033",25
"9902",2248.88212183397,"CAFI_P033",50
"9903",-4055.42307816603,"CAFI_P033",100
"9904",-0.00187816598918289,"CAFI_P033",25
"9905",-1904.42697816598,"CAFI_P033",50
"9906",-4478.979038166,"CAFI_P033",100
"9907",-0.00187816598918289,"CAFI_P033",25
"9908",-1336.65587816603,"CAFI_P033",50
"9909",-2971.60897816601,"CAFI_P033",100
"9910",-0.00187816598918289,"CAFI_P033",25
"9911",-1079.45137816598,"CAFI_P033",50
"9912",-4535.61502816598,"CAFI_P033",100
"9913",-0.00187816598918289,"CAFI_P033",25
"9914",-1844.87177816598,"CAFI_P033",50
"9915",-3898.94167816598,"CAFI_P033",100
"9916",-0.00187816598918289,"CAFI_P033",25
"9917",-1916.20266816602,"CAFI_P033",50
"9918",1827.30742183398,"CAFI_P033",100
"9919",-0.00187816598918289,"CAFI_P033",25
"9920",-1792.41467816598,"CAFI_P033",50
"9921",-3359.87027816602,"CAFI_P033",100
"9922",-0.00187816598918289,"CAFI_P033",25
"9923",-2087.41527816601,"CAFI_P033",50
"9924",1461.99192183401,"CAFI_P033",100
"9925",-0.00187816598918289,"CAFI_P033",25
"9926",-1762.79707816598,"CAFI_P033",50
"9927",238.557121834019,"CAFI_P033",100
"9928",-0.00187816598918289,"CAFI_P033",25
"9929",-1269.94007816602,"CAFI_P033",50
"9930",-1640.99588816601,"CAFI_P033",100
"9931",-0.00187816598918289,"CAFI_P033",25
"9932",-1331.69267816603,"CAFI_P033",50
"9933",-3538.10105816601,"CAFI_P033",100
"9934",-0.00187816598918289,"CAFI_P033",25
"9935",-1363.928678166,"CAFI_P033",50
"9936",-3275.93927816598,"CAFI_P033",100
"9937",-0.00187816598918289,"CAFI_P033",25
"9938",-1554.53187816602,"CAFI_P033",50
"9939",-4099.00176816602,"CAFI_P033",100
"9940",-0.00187816598918289,"CAFI_P033",25
"9941",-1372.93787816598,"CAFI_P033",50
"9942",-2998.27387816599,"CAFI_P033",100
"9943",-0.00187816598918289,"CAFI_P033",25
"9944",-1846.91897816601,"CAFI_P033",50
"9945",-2905.85447816603,"CAFI_P033",100
"9946",-0.00187816598918289,"CAFI_P033",25
"9947",-1326.054878166,"CAFI_P033",50
"9948",-4425.49040816602,"CAFI_P033",100
"9949",-0.00187816598918289,"CAFI_P033",25
"9950",-1895.02491816599,"CAFI_P033",50
"9951",-3487.725078166,"CAFI_P033",100
"9952",-0.00187816598918289,"CAFI_P033",25
"9953",-2509.82767816598,"CAFI_P033",50
"9954",-3132.127178166,"CAFI_P033",100
"9955",-0.00187816598918289,"CAFI_P033",25
"9956",3638.68612183398,"CAFI_P033",50
"9957",-4410.83610816603,"CAFI_P033",100
"9958",-0.00187816598918289,"CAFI_P033",25
"9959",-2656.09388816601,"CAFI_P033",50
"9960",-2496.94257816602,"CAFI_P033",100
"9961",-0.00187816598918289,"CAFI_P033",25
"9962",-2240.16817816603,"CAFI_P033",50
"9963",2400.456321834,"CAFI_P033",100
"9964",-0.00187816598918289,"CAFI_P033",25
"9965",-1872.00858816598,"CAFI_P033",50
"9966",-4449.52773816598,"CAFI_P033",100
"9967",-0.00187816598918289,"CAFI_P033",25
"9968",-2235.17207816598,"CAFI_P033",50
"9969",-4581.67204816599,"CAFI_P033",100
"9970",-0.00187816598918289,"CAFI_P033",25
"9971",-2140.76887816598,"CAFI_P033",50
"9972",569.082221833989,"CAFI_P033",100
"9973",-0.00187816598918289,"CAFI_P033",25
"9974",-1501.48077816598,"CAFI_P033",50
"9975",-4567.67125816602,"CAFI_P033",100
"9976",-0.00187816598918289,"CAFI_P033",25
"9977",-1026.14387816598,"CAFI_P033",50
"9978",-4128.22314816603,"CAFI_P033",100
"9979",-0.00187816598918289,"CAFI_P033",25
"9980",-269.933878166019,"CAFI_P033",50
"9981",-2806.08647816599,"CAFI_P033",100
"9982",-0.00187816598918289,"CAFI_P033",25
"9983",386.50812183402,"CAFI_P033",50
"9984",-2763.285178166,"CAFI_P033",100
"9985",-0.00187816598918289,"CAFI_P033",25
"9986",-2476.24917816598,"CAFI_P033",50
"9987",-4238.22540816601,"CAFI_P033",100
"9988",-0.00187816598918289,"CAFI_P033",25
"9989",-1278.46347816603,"CAFI_P033",50
"9990",-4251.28537816601,"CAFI_P033",100
"9991",-0.00187816598918289,"CAFI_P033",25
"9992",-997.225478166016,"CAFI_P033",50
"9993",-71.2371781659895,"CAFI_P033",100
"9994",-0.00187816598918289,"CAFI_P033",25
"9995",1037.61812183401,"CAFI_P033",50
"9996",263.757121833973,"CAFI_P033",100
"9997",-0.00187816598918289,"CAFI_P033",25
"9998",-1340.986178166,"CAFI_P033",50
"9999",-4284.43507816602,"CAFI_P033",100
"10000",-0.00187816598918289,"CAFI_P033",25
"10001",-2365.14927816601,"CAFI_P033",50
"10002",-910.629958165984,"CAFI_P033",100
"10003",-0.00187816598918289,"CAFI_P033",25
"10004",191.27912183397,"CAFI_P033",50
"10005",-4092.098098166,"CAFI_P033",100
"10006",-0.00187816598918289,"CAFI_P033",25
"10007",-1871.64014816599,"CAFI_P033",50
"10008",-1039.35287816601,"CAFI_P033",100
"10009",-0.00187816598918289,"CAFI_P033",25
"10010",-1612.63387816603,"CAFI_P033",50
"10011",2721.94885183399,"CAFI_P033",100
"10012",-0.00187816598918289,"CAFI_P033",25
"10013",-1935.53931816597,"CAFI_P033",50
"10014",-4457.68203816598,"CAFI_P033",100
"10015",-0.00187816598918289,"CAFI_P033",25
"10016",-2517.52717816603,"CAFI_P033",50
"10017",-4232.37007816602,"CAFI_P033",100
"10018",-0.00187816598918289,"CAFI_P033",25
"10019",-2270.42147816601,"CAFI_P033",50
"10020",-3628.899078166,"CAFI_P033",100
"10021",-0.00187816598918289,"CAFI_P033",25
"10022",-2653.82138816599,"CAFI_P033",50
"10023",-571.865378166025,"CAFI_P033",100
"10024",-0.00187816598918289,"CAFI_P033",25
"10025",-1378.788878166,"CAFI_P033",50
"10026",-4342.57097816601,"CAFI_P033",100
"10027",-0.00187816598918289,"CAFI_P033",25
"10028",2199.37512183399,"CAFI_P033",50
"10029",-3898.83867816598,"CAFI_P033",100
"10030",-0.00187816598918289,"CAFI_P033",25
"10031",-2378.298578166,"CAFI_P033",50
"10032",-4493.67390816601,"CAFI_P033",100
"10033",-0.00187816598918289,"CAFI_P033",25
"10034",1401.81512183399,"CAFI_P033",50
"10035",4790.96512183402,"CAFI_P033",100
"10036",-0.00187816598918289,"CAFI_P033",25
"10037",-1910.50900816603,"CAFI_P033",50
"10038",-4590.87821816601,"CAFI_P033",100
"10039",-0.00187816598918289,"CAFI_P033",25
"10040",-1670.38487816602,"CAFI_P033",50
"10041",-3565.46773816599,"CAFI_P033",100
"10042",-0.00187816598918289,"CAFI_P033",25
"10043",-835.999878166011,"CAFI_P033",50
"10044",-2593.39257816598,"CAFI_P033",100
"10045",-0.00187816598918289,"CAFI_P033",25
"10046",570.099121833977,"CAFI_P033",50
"10047",-317.767878165992,"CAFI_P033",100
"10048",-0.00187816598918289,"CAFI_P033",25
"10049",956.97012183402,"CAFI_P033",50
"10050",-4167.86077816598,"CAFI_P033",100
"10051",-0.00187816598918289,"CAFI_P033",25
"10052",-2653.82138816599,"CAFI_P033",50
"10053",-2393.85777816601,"CAFI_P033",100
"10054",-0.00187816598918289,"CAFI_P033",25
"10055",-2565.45097816602,"CAFI_P033",50
"10056",-4321.35847816599,"CAFI_P033",100
"10057",-0.00187816598918289,"CAFI_P033",25
"10058",-1436.96737816598,"CAFI_P033",50
"10059",-1915.61505816597,"CAFI_P033",100
"10060",-0.00187816598918289,"CAFI_P033",25
"10061",3103.69312183402,"CAFI_P033",50
"10062",-4473.40482816601,"CAFI_P033",100
"10063",-0.00187816598918289,"CAFI_P033",25
"10064",-2493.78497816599,"CAFI_P033",50
"10065",-2011.63467816601,"CAFI_P033",100
"10066",-0.00187816598918289,"CAFI_P033",25
"10067",-1368.95007816597,"CAFI_P033",50
"10068",-3407.16600816598,"CAFI_P033",100
"10069",-0.00187816598918289,"CAFI_P033",25
"10070",1015.09612183401,"CAFI_P033",50
"10071",-4426.02846816601,"CAFI_P033",100
"10072",-0.00187816598918289,"CAFI_P033",25
"10073",-1893.05294816598,"CAFI_P033",50
"10074",922.602521834022,"CAFI_P033",100
"10075",-0.00187816598918289,"CAFI_P033",25
"10076",-1436.96737816598,"CAFI_P033",50
"10077",-2729.13537816599,"CAFI_P033",100
"10078",-0.00187816598918289,"CAFI_P033",25
"10079",-1895.99868816603,"CAFI_P033",50
"10080",-737.213978165993,"CAFI_P033",100
"10081",-0.00187816598918289,"CAFI_P033",25
"10082",89.5701218339964,"CAFI_P033",50
"10083",-3802.88062816602,"CAFI_P033",100
"10084",-0.00187816598918289,"CAFI_P033",25
"10085",756.309121833998,"CAFI_P033",50
"10086",-391.387878165988,"CAFI_P033",100
"10087",-0.00187816598918289,"CAFI_P033",25
"10088",-1169.34957816603,"CAFI_P033",50
"10089",-4329.93521816598,"CAFI_P033",100
"10090",-0.00187816598918289,"CAFI_P033",25
"10091",2120.347121834,"CAFI_P033",50
"10092",-3186.76321816602,"CAFI_P033",100
"10093",-0.00187816598918289,"CAFI_P033",25
"10094",-570.867878166027,"CAFI_P033",50
"10095",2306.99532183399,"CAFI_P033",100
"10096",-0.00187816598918289,"CAFI_P033",25
"10097",-1793.88607816602,"CAFI_P033",50
"10098",-3989.08897816599,"CAFI_P033",100
"10099",-0.00187816598918289,"CAFI_P033",25
"10100",1419.119121834,"CAFI_P033",50
"10101",-3497.31927816599,"CAFI_P033",100
"10102",-0.00187816598918289,"CAFI_P033",25
"10103",-2629.09740816598,"CAFI_P033",50
"10104",-1830.64118816599,"CAFI_P033",100
"10105",-0.00187816598918289,"CAFI_P033",25
"10106",2603.46512183402,"CAFI_P033",50
"10107",-3107.14497816598,"CAFI_P033",100
"10108",-0.00187816598918289,"CAFI_P033",25
"10109",1876.38912183401,"CAFI_P033",50
"10110",-4374.85807816603,"CAFI_P033",100
"10111",-0.00187816598918289,"CAFI_P033",25
"10112",-2121.61437816598,"CAFI_P033",50
"10113",-3998.014638166,"CAFI_P033",100
"10114",-0.00187816598918289,"CAFI_P033",25
"10115",-2050.22467816598,"CAFI_P033",50
"10116",-4418.439058166,"CAFI_P033",100
"10117",-0.00187816598918289,"CAFI_P033",25
"10118",-2647.55426816602,"CAFI_P033",50
"10119",-3484.80200816598,"CAFI_P033",100
"10120",-0.00187816598918289,"CAFI_P033",25
"10121",-2629.09740816598,"CAFI_P033",50
"10122",-3735.01947816601,"CAFI_P033",100
"10123",-0.00187816598918289,"CAFI_P033",25
"10124",1789.09012183402,"CAFI_P033",50
"10125",-3400.08168816601,"CAFI_P033",100
"10126",-0.00187816598918289,"CAFI_P033",25
"10127",-2643.17035816598,"CAFI_P033",50
"10128",-2548.34807816602,"CAFI_P033",100
"10129",-0.00187816598918289,"CAFI_P033",25
"10130",-2586.45324816601,"CAFI_P033",50
"10131",466.752121834026,"CAFI_P033",100
"10132",-0.00187816598918289,"CAFI_P033",25
"10133",-1889.50495816598,"CAFI_P033",50
"10134",-3006.38157816598,"CAFI_P033",100
"10135",-0.00187816598918289,"CAFI_P033",25
"10136",-1713.15347816603,"CAFI_P033",50
"10137",-2847.68526816601,"CAFI_P033",100
"10138",-0.00187816598918289,"CAFI_P033",25
"10139",-1716.33487816597,"CAFI_P033",50
"10140",-3576.15637816599,"CAFI_P033",100
"10141",-0.00187816598918289,"CAFI_P033",25
"10142",-660.256878165994,"CAFI_P033",50
"10143",-4321.20637816598,"CAFI_P033",100
"10144",-0.00187816598918289,"CAFI_P033",25
"10145",-2612.24437816598,"CAFI_P033",50
"10146",-3456.171988166,"CAFI_P033",100
"10147",-0.00187816598918289,"CAFI_P033",25
"10148",-1941.76692816598,"CAFI_P033",50
"10149",-4061.96721816598,"CAFI_P033",100
"10150",-0.00187816598918289,"CAFI_P033",25
"10151",-1403.08237816603,"CAFI_P033",50
"10152",-335.973878165998,"CAFI_P033",100
"10153",-0.00187816598918289,"CAFI_P033",25
"10154",-2047.247178166,"CAFI_P033",50
"10155",-3918.06507816602,"CAFI_P033",100
"10156",-0.00187816598918289,"CAFI_P033",25
"10157",-635.434878166008,"CAFI_P033",50
"10158",-239.401268166024,"CAFI_P033",100
"10159",-0.00187816598918289,"CAFI_P033",25
"10160",-1623.20267816598,"CAFI_P033",50
"10161",-4127.25786816602,"CAFI_P033",100
"10162",-0.00187816598918289,"CAFI_P033",25
"10163",-1900.68657816603,"CAFI_P033",50
"10164",-2613.026578166,"CAFI_P033",100
"10165",-0.00187816598918289,"CAFI_P033",25
"10166",-2626.715798166,"CAFI_P033",50
"10167",-3933.05097816599,"CAFI_P033",100
"10168",-0.00187816598918289,"CAFI_P033",25
"10169",-2563.40377816599,"CAFI_P033",50
"10170",-4091.03681816603,"CAFI_P033",100
"10171",-0.00187816598918289,"CAFI_P033",25
"10172",1401.81512183399,"CAFI_P033",50
"10173",-4080.17284816602,"CAFI_P033",100
"10174",-0.00187816598918289,"CAFI_P033",25
"10175",-2555.72727816598,"CAFI_P033",50
"10176",1742.68931183399,"CAFI_P033",100
"10177",-0.00187816598918289,"CAFI_P033",25
"10178",-1296.95257816598,"CAFI_P033",50
"10179",-1415.65057816601,"CAFI_P033",100
"10180",-0.00187816598918289,"CAFI_P033",25
"10181",-2634.73466816603,"CAFI_P033",50
"10182",-3878.22437816602,"CAFI_P033",100
"10183",-0.00187816598918289,"CAFI_P033",25
"10184",-1840.43417816598,"CAFI_P033",50
"10185",-3267.22195816599,"CAFI_P033",100
"10186",-0.00187816598918289,"CAFI_P033",25
"10187",1480.84312183398,"CAFI_P033",50
"10188",-3728.31387816602,"CAFI_P033",100
"10189",-0.00187816598918289,"CAFI_P033",25
"10190",-309.80787816603,"CAFI_P033",50
"10191",-4023.64211816603,"CAFI_P033",100
"10192",-0.00187816598918289,"CAFI_P033",25
"10193",-1871.62044816598,"CAFI_P033",50
"10194",-3243.80377816601,"CAFI_P033",100
"10195",-0.00187816598918289,"CAFI_P033",25
"10196",-1811.38057816599,"CAFI_P033",50
"10197",-1303.39447816601,"CAFI_P033",100
"10198",-0.00187816598918289,"CAFI_P033",25
"10199",-1673.55687816598,"CAFI_P033",50
"10200",-4517.56631816598,"CAFI_P033",100
"10201",-0.00385232400731184,"CAFI_P034",25
"10202",-0.00385232400731184,"CAFI_P034",50
"10203",-292.309352324024,"CAFI_P034",100
"10204",-0.00385232400731184,"CAFI_P034",25
"10205",-0.00385232400731184,"CAFI_P034",50
"10206",-850.050852324028,"CAFI_P034",100
"10207",-0.00385232400731184,"CAFI_P034",25
"10208",-0.00385232400731184,"CAFI_P034",50
"10209",53.1307976759854,"CAFI_P034",100
"10210",-0.00385232400731184,"CAFI_P034",25
"10211",-0.00385232400731184,"CAFI_P034",50
"10212",-1110.51145232402,"CAFI_P034",100
"10213",-0.00385232400731184,"CAFI_P034",25
"10214",-0.00385232400731184,"CAFI_P034",50
"10215",588.34044767599,"CAFI_P034",100
"10216",-0.00385232400731184,"CAFI_P034",25
"10217",-0.00385232400731184,"CAFI_P034",50
"10218",210.324507675978,"CAFI_P034",100
"10219",-0.00385232400731184,"CAFI_P034",25
"10220",-0.00385232400731184,"CAFI_P034",50
"10221",-849.416152324004,"CAFI_P034",100
"10222",-0.00385232400731184,"CAFI_P034",25
"10223",-0.00385232400731184,"CAFI_P034",50
"10224",-379.427652324026,"CAFI_P034",100
"10225",-0.00385232400731184,"CAFI_P034",25
"10226",-0.00385232400731184,"CAFI_P034",50
"10227",17.0653076759772,"CAFI_P034",100
"10228",-0.00385232400731184,"CAFI_P034",25
"10229",-0.00385232400731184,"CAFI_P034",50
"10230",581.035037675989,"CAFI_P034",100
"10231",-0.00385232400731184,"CAFI_P034",25
"10232",-0.00385232400731184,"CAFI_P034",50
"10233",38.3669476759969,"CAFI_P034",100
"10234",-0.00385232400731184,"CAFI_P034",25
"10235",-0.00385232400731184,"CAFI_P034",50
"10236",1099.27948767599,"CAFI_P034",100
"10237",-0.00385232400731184,"CAFI_P034",25
"10238",-0.00385232400731184,"CAFI_P034",50
"10239",551.525847675977,"CAFI_P034",100
"10240",-0.00385232400731184,"CAFI_P034",25
"10241",-0.00385232400731184,"CAFI_P034",50
"10242",2423.62078767599,"CAFI_P034",100
"10243",-0.00385232400731184,"CAFI_P034",25
"10244",-0.00385232400731184,"CAFI_P034",50
"10245",2112.65794767599,"CAFI_P034",100
"10246",-0.00385232400731184,"CAFI_P034",25
"10247",-0.00385232400731184,"CAFI_P034",50
"10248",36.2214476759837,"CAFI_P034",100
"10249",-0.00385232400731184,"CAFI_P034",25
"10250",-0.00385232400731184,"CAFI_P034",50
"10251",16.9645276759984,"CAFI_P034",100
"10252",-0.00385232400731184,"CAFI_P034",25
"10253",-0.00385232400731184,"CAFI_P034",50
"10254",-256.804752324009,"CAFI_P034",100
"10255",-0.00385232400731184,"CAFI_P034",25
"10256",-0.00385232400731184,"CAFI_P034",50
"10257",210.324507675978,"CAFI_P034",100
"10258",-0.00385232400731184,"CAFI_P034",25
"10259",-0.00385232400731184,"CAFI_P034",50
"10260",224.247347675991,"CAFI_P034",100
"10261",-0.00385232400731184,"CAFI_P034",25
"10262",-0.00385232400731184,"CAFI_P034",50
"10263",-1381.88995232401,"CAFI_P034",100
"10264",-0.00385232400731184,"CAFI_P034",25
"10265",-0.00385232400731184,"CAFI_P034",50
"10266",1775.47334767599,"CAFI_P034",100
"10267",-0.00385232400731184,"CAFI_P034",25
"10268",-0.00385232400731184,"CAFI_P034",50
"10269",115.483247675991,"CAFI_P034",100
"10270",-0.00385232400731184,"CAFI_P034",25
"10271",-0.00385232400731184,"CAFI_P034",50
"10272",-34.1115523240005,"CAFI_P034",100
"10273",-0.00385232400731184,"CAFI_P034",25
"10274",-0.00385232400731184,"CAFI_P034",50
"10275",-0.00385232400731184,"CAFI_P034",100
"10276",-0.00385232400731184,"CAFI_P034",25
"10277",-0.00385232400731184,"CAFI_P034",50
"10278",13711.676447676,"CAFI_P034",100
"10279",-0.00385232400731184,"CAFI_P034",25
"10280",-0.00385232400731184,"CAFI_P034",50
"10281",-18.3053523240087,"CAFI_P034",100
"10282",-0.00385232400731184,"CAFI_P034",25
"10283",-0.00385232400731184,"CAFI_P034",50
"10284",-71.3175523240061,"CAFI_P034",100
"10285",-0.00385232400731184,"CAFI_P034",25
"10286",-0.00385232400731184,"CAFI_P034",50
"10287",97.7584676759725,"CAFI_P034",100
"10288",-0.00385232400731184,"CAFI_P034",25
"10289",-0.00385232400731184,"CAFI_P034",50
"10290",2089.63074767598,"CAFI_P034",100
"10291",-0.00385232400731184,"CAFI_P034",25
"10292",-0.00385232400731184,"CAFI_P034",50
"10293",7422.18144767598,"CAFI_P034",100
"10294",-0.00385232400731184,"CAFI_P034",25
"10295",-0.00385232400731184,"CAFI_P034",50
"10296",15.4056476759724,"CAFI_P034",100
"10297",-0.00385232400731184,"CAFI_P034",25
"10298",-0.00385232400731184,"CAFI_P034",50
"10299",-2412.40154232402,"CAFI_P034",100
"10300",-0.00385232400731184,"CAFI_P034",25
"10301",-0.00385232400731184,"CAFI_P034",50
"10302",154.654047675984,"CAFI_P034",100
"10303",-0.00385232400731184,"CAFI_P034",25
"10304",-0.00385232400731184,"CAFI_P034",50
"10305",721.061757675983,"CAFI_P034",100
"10306",-0.00385232400731184,"CAFI_P034",25
"10307",-0.00385232400731184,"CAFI_P034",50
"10308",203.531147675996,"CAFI_P034",100
"10309",-0.00385232400731184,"CAFI_P034",25
"10310",-0.00385232400731184,"CAFI_P034",50
"10311",65.1589176759881,"CAFI_P034",100
"10312",-0.00385232400731184,"CAFI_P034",25
"10313",-0.00385232400731184,"CAFI_P034",50
"10314",157.022947675985,"CAFI_P034",100
"10315",-0.00385232400731184,"CAFI_P034",25
"10316",-0.00385232400731184,"CAFI_P034",50
"10317",-134.577412324026,"CAFI_P034",100
"10318",-0.00385232400731184,"CAFI_P034",25
"10319",-0.00385232400731184,"CAFI_P034",50
"10320",516.772597675998,"CAFI_P034",100
"10321",-0.00385232400731184,"CAFI_P034",25
"10322",-0.00385232400731184,"CAFI_P034",50
"10323",-5073.79285232403,"CAFI_P034",100
"10324",-0.00385232400731184,"CAFI_P034",25
"10325",-0.00385232400731184,"CAFI_P034",50
"10326",-969.943352324015,"CAFI_P034",100
"10327",-0.00385232400731184,"CAFI_P034",25
"10328",-0.00385232400731184,"CAFI_P034",50
"10329",-9765.05685232402,"CAFI_P034",100
"10330",-0.00385232400731184,"CAFI_P034",25
"10331",-0.00385232400731184,"CAFI_P034",50
"10332",-123.610312324017,"CAFI_P034",100
"10333",-0.00385232400731184,"CAFI_P034",25
"10334",-0.00385232400731184,"CAFI_P034",50
"10335",-1124.597322324,"CAFI_P034",100
"10336",-0.00385232400731184,"CAFI_P034",25
"10337",-0.00385232400731184,"CAFI_P034",50
"10338",-231.38565232401,"CAFI_P034",100
"10339",-0.00385232400731184,"CAFI_P034",25
"10340",-0.00385232400731184,"CAFI_P034",50
"10341",-1732.10525232402,"CAFI_P034",100
"10342",-0.00385232400731184,"CAFI_P034",25
"10343",-0.00385232400731184,"CAFI_P034",50
"10344",1382.76203767597,"CAFI_P034",100
"10345",-0.00385232400731184,"CAFI_P034",25
"10346",-0.00385232400731184,"CAFI_P034",50
"10347",-278.318152324005,"CAFI_P034",100
"10348",-0.00385232400731184,"CAFI_P034",25
"10349",-0.00385232400731184,"CAFI_P034",50
"10350",179.005737675994,"CAFI_P034",100
"10351",-0.00385232400731184,"CAFI_P034",25
"10352",-0.00385232400731184,"CAFI_P034",50
"10353",2138.04598767599,"CAFI_P034",100
"10354",-0.00385232400731184,"CAFI_P034",25
"10355",-0.00385232400731184,"CAFI_P034",50
"10356",156.102847675997,"CAFI_P034",100
"10357",-0.00385232400731184,"CAFI_P034",25
"10358",-0.00385232400731184,"CAFI_P034",50
"10359",-8.74052232402028,"CAFI_P034",100
"10360",-0.00385232400731184,"CAFI_P034",25
"10361",-0.00385232400731184,"CAFI_P034",50
"10362",32.0313676759833,"CAFI_P034",100
"10363",-0.00385232400731184,"CAFI_P034",25
"10364",-0.00385232400731184,"CAFI_P034",50
"10365",14.2183976759843,"CAFI_P034",100
"10366",-0.00385232400731184,"CAFI_P034",25
"10367",-0.00385232400731184,"CAFI_P034",50
"10368",-287.583752324019,"CAFI_P034",100
"10369",-0.00385232400731184,"CAFI_P034",25
"10370",-0.00385232400731184,"CAFI_P034",50
"10371",624.728947675991,"CAFI_P034",100
"10372",-0.00385232400731184,"CAFI_P034",25
"10373",-0.00385232400731184,"CAFI_P034",50
"10374",28.0594376759836,"CAFI_P034",100
"10375",-0.00385232400731184,"CAFI_P034",25
"10376",-0.00385232400731184,"CAFI_P034",50
"10377",251.380647675978,"CAFI_P034",100
"10378",-0.00385232400731184,"CAFI_P034",25
"10379",-0.00385232400731184,"CAFI_P034",50
"10380",-1590.49785232401,"CAFI_P034",100
"10381",-0.00385232400731184,"CAFI_P034",25
"10382",-0.00385232400731184,"CAFI_P034",50
"10383",-323.195252324018,"CAFI_P034",100
"10384",-0.00385232400731184,"CAFI_P034",25
"10385",-0.00385232400731184,"CAFI_P034",50
"10386",1533.18414767599,"CAFI_P034",100
"10387",-0.00385232400731184,"CAFI_P034",25
"10388",-0.00385232400731184,"CAFI_P034",50
"10389",-32.3545523240173,"CAFI_P034",100
"10390",-0.00385232400731184,"CAFI_P034",25
"10391",-0.00385232400731184,"CAFI_P034",50
"10392",-611.223652324028,"CAFI_P034",100
"10393",-0.00385232400731184,"CAFI_P034",25
"10394",-0.00385232400731184,"CAFI_P034",50
"10395",3395.61064767599,"CAFI_P034",100
"10396",-0.00385232400731184,"CAFI_P034",25
"10397",-0.00385232400731184,"CAFI_P034",50
"10398",394.026407675992,"CAFI_P034",100
"10399",-0.00385232400731184,"CAFI_P034",25
"10400",-0.00385232400731184,"CAFI_P034",50
"10401",-0.00385232400731184,"CAFI_P034",100
"10402",-0.00385232400731184,"CAFI_P034",25
"10403",-0.00385232400731184,"CAFI_P034",50
"10404",1432.71283767599,"CAFI_P034",100
"10405",-0.00385232400731184,"CAFI_P034",25
"10406",-0.00385232400731184,"CAFI_P034",50
"10407",243.51192767598,"CAFI_P034",100
"10408",-0.00385232400731184,"CAFI_P034",25
"10409",-0.00385232400731184,"CAFI_P034",50
"10410",-77.6672923240112,"CAFI_P034",100
"10411",-0.00385232400731184,"CAFI_P034",25
"10412",-0.00385232400731184,"CAFI_P034",50
"10413",-185.397252324008,"CAFI_P034",100
"10414",-0.00385232400731184,"CAFI_P034",25
"10415",-0.00385232400731184,"CAFI_P034",50
"10416",152.926947675995,"CAFI_P034",100
"10417",-0.00385232400731184,"CAFI_P034",25
"10418",-0.00385232400731184,"CAFI_P034",50
"10419",-233.006162324018,"CAFI_P034",100
"10420",-0.00385232400731184,"CAFI_P034",25
"10421",-0.00385232400731184,"CAFI_P034",50
"10422",-58.0052523240156,"CAFI_P034",100
"10423",-0.00385232400731184,"CAFI_P034",25
"10424",-0.00385232400731184,"CAFI_P034",50
"10425",-917.609552324022,"CAFI_P034",100
"10426",-0.00385232400731184,"CAFI_P034",25
"10427",-0.00385232400731184,"CAFI_P034",50
"10428",-4174.750102324,"CAFI_P034",100
"10429",-0.00385232400731184,"CAFI_P034",25
"10430",-0.00385232400731184,"CAFI_P034",50
"10431",47.6368476759817,"CAFI_P034",100
"10432",-0.00385232400731184,"CAFI_P034",25
"10433",-0.00385232400731184,"CAFI_P034",50
"10434",327.423147675989,"CAFI_P034",100
"10435",-0.00385232400731184,"CAFI_P034",25
"10436",-0.00385232400731184,"CAFI_P034",50
"10437",1849.74824767598,"CAFI_P034",100
"10438",-0.00385232400731184,"CAFI_P034",25
"10439",-0.00385232400731184,"CAFI_P034",50
"10440",18.4027476759802,"CAFI_P034",100
"10441",-0.00385232400731184,"CAFI_P034",25
"10442",-0.00385232400731184,"CAFI_P034",50
"10443",7616.80034767598,"CAFI_P034",100
"10444",-0.00385232400731184,"CAFI_P034",25
"10445",-0.00385232400731184,"CAFI_P034",50
"10446",-1649.371792324,"CAFI_P034",100
"10447",-0.00385232400731184,"CAFI_P034",25
"10448",-0.00385232400731184,"CAFI_P034",50
"10449",-0.0757223240216263,"CAFI_P034",100
"10450",-0.00385232400731184,"CAFI_P034",25
"10451",-0.00385232400731184,"CAFI_P034",50
"10452",436.602017675992,"CAFI_P034",100
"10453",-0.00385232400731184,"CAFI_P034",25
"10454",-0.00385232400731184,"CAFI_P034",50
"10455",-8.53952232401934,"CAFI_P034",100
"10456",-0.00385232400731184,"CAFI_P034",25
"10457",-0.00385232400731184,"CAFI_P034",50
"10458",258.38261767599,"CAFI_P034",100
"10459",-0.00385232400731184,"CAFI_P034",25
"10460",-0.00385232400731184,"CAFI_P034",50
"10461",-181.280892324023,"CAFI_P034",100
"10462",-0.00385232400731184,"CAFI_P034",25
"10463",-0.00385232400731184,"CAFI_P034",50
"10464",-2385.708352324,"CAFI_P034",100
"10465",-0.00385232400731184,"CAFI_P034",25
"10466",-0.00385232400731184,"CAFI_P034",50
"10467",1376.531147676,"CAFI_P034",100
"10468",-0.00385232400731184,"CAFI_P034",25
"10469",-0.00385232400731184,"CAFI_P034",50
"10470",2417.481547676,"CAFI_P034",100
"10471",-0.00385232400731184,"CAFI_P034",25
"10472",-0.00385232400731184,"CAFI_P034",50
"10473",-1014.755552324,"CAFI_P034",100
"10474",-0.00385232400731184,"CAFI_P034",25
"10475",-0.00385232400731184,"CAFI_P034",50
"10476",-170.354682324018,"CAFI_P034",100
"10477",-0.00385232400731184,"CAFI_P034",25
"10478",-0.00385232400731184,"CAFI_P034",50
"10479",118.557337676,"CAFI_P034",100
"10480",-0.00385232400731184,"CAFI_P034",25
"10481",-0.00385232400731184,"CAFI_P034",50
"10482",-2376.83021232401,"CAFI_P034",100
"10483",-0.00385232400731184,"CAFI_P034",25
"10484",-0.00385232400731184,"CAFI_P034",50
"10485",424.504947675974,"CAFI_P034",100
"10486",-0.00385232400731184,"CAFI_P034",25
"10487",-0.00385232400731184,"CAFI_P034",50
"10488",-3638.29185232401,"CAFI_P034",100
"10489",-0.00385232400731184,"CAFI_P034",25
"10490",-0.00385232400731184,"CAFI_P034",50
"10491",-108.35771232401,"CAFI_P034",100
"10492",-0.00385232400731184,"CAFI_P034",25
"10493",-0.00385232400731184,"CAFI_P034",50
"10494",263.234537675977,"CAFI_P034",100
"10495",-0.00385232400731184,"CAFI_P034",25
"10496",-0.00385232400731184,"CAFI_P034",50
"10497",2485.83427767598,"CAFI_P034",100
"10498",-0.00385232400731184,"CAFI_P034",25
"10499",-0.00385232400731184,"CAFI_P034",50
"10500",81.0496476759727,"CAFI_P034",100
"10501",-1023.19458974298,"CAFI_P035",25
"10502",-44.6083897429635,"CAFI_P035",50
"10503",-3319.57116974297,"CAFI_P035",100
"10504",2156.848530257,"CAFI_P035",25
"10505",-232.590379742964,"CAFI_P035",50
"10506",-3656.53406974301,"CAFI_P035",100
"10507",0.230370256991591,"CAFI_P035",25
"10508",-1532.142969743,"CAFI_P035",50
"10509",-883.381469742977,"CAFI_P035",100
"10510",-76.9672897429555,"CAFI_P035",25
"10511",-1546.51788974297,"CAFI_P035",50
"10512",-3160.061809743,"CAFI_P035",100
"10513",-191.661389742978,"CAFI_P035",25
"10514",1408.85053025704,"CAFI_P035",50
"10515",-2688.00762974296,"CAFI_P035",100
"10516",-3202.33748974296,"CAFI_P035",25
"10517",-3556.94386974297,"CAFI_P035",50
"10518",5687.46793025703,"CAFI_P035",100
"10519",-3227.612889743,"CAFI_P035",25
"10520",-4712.59878974297,"CAFI_P035",50
"10521",-4737.50692974299,"CAFI_P035",100
"10522",-3277.02174974297,"CAFI_P035",25
"10523",-1768.57698974299,"CAFI_P035",50
"10524",10849.083630257,"CAFI_P035",100
"10525",1359.272530257,"CAFI_P035",25
"10526",-365.293019742996,"CAFI_P035",50
"10527",-3483.66641974298,"CAFI_P035",100
"10528",-1172.768489743,"CAFI_P035",25
"10529",-3268.09548974299,"CAFI_P035",50
"10530",-5050.656469743,"CAFI_P035",100
"10531",-1527.62803974299,"CAFI_P035",25
"10532",-577.586929743004,"CAFI_P035",50
"10533",9138.079740257,"CAFI_P035",100
"10534",-1351.07958974299,"CAFI_P035",25
"10535",-2155.52942974301,"CAFI_P035",50
"10536",-2313.17292974296,"CAFI_P035",100
"10537",-339.098069742962,"CAFI_P035",25
"10538",10278.153630257,"CAFI_P035",50
"10539",-4078.20453974296,"CAFI_P035",100
"10540",-3333.79088974296,"CAFI_P035",25
"10541",117.318930256995,"CAFI_P035",50
"10542",-3521.72293974296,"CAFI_P035",100
"10543",920.008610257006,"CAFI_P035",25
"10544",75.2068802569993,"CAFI_P035",50
"10545",-1390.76046974299,"CAFI_P035",100
"10546",1188.34561025701,"CAFI_P035",25
"10547",-3057.65307974297,"CAFI_P035",50
"10548",2015.42080025701,"CAFI_P035",100
"10549",-298.045089742984,"CAFI_P035",25
"10550",-4633.13818974298,"CAFI_P035",50
"10551",-5019.95889974298,"CAFI_P035",100
"10552",-1139.18098974298,"CAFI_P035",25
"10553",-1162.09794974298,"CAFI_P035",50
"10554",-5147.15851974295,"CAFI_P035",100
"10555",-1498.91498974297,"CAFI_P035",25
"10556",3241.56473025703,"CAFI_P035",50
"10557",-2024.64470974298,"CAFI_P035",100
"10558",-1533.779589743,"CAFI_P035",25
"10559",-2846.73173974297,"CAFI_P035",50
"10560",-3425.52245974296,"CAFI_P035",100
"10561",-3288.877329743,"CAFI_P035",25
"10562",-1897.93452974298,"CAFI_P035",50
"10563",7897.49323025701,"CAFI_P035",100
"10564",140.539530256996,"CAFI_P035",25
"10565",-3143.85961974296,"CAFI_P035",50
"10566",3740.22268025699,"CAFI_P035",100
"10567",23.0239502570475,"CAFI_P035",25
"10568",-1558.12386974297,"CAFI_P035",50
"10569",7797.317830257,"CAFI_P035",100
"10570",-1560.721989743,"CAFI_P035",25
"10571",9734.654670257,"CAFI_P035",50
"10572",14485.584870257,"CAFI_P035",100
"10573",-3311.13837974297,"CAFI_P035",25
"10574",5386.79799025704,"CAFI_P035",50
"10575",-4927.72092974297,"CAFI_P035",100
"10576",-1574.220559743,"CAFI_P035",25
"10577",-714.234769742994,"CAFI_P035",50
"10578",-4158.43011974299,"CAFI_P035",100
"10579",6.87912025704281,"CAFI_P035",25
"10580",1038.25501025701,"CAFI_P035",50
"10581",-4388.90861974296,"CAFI_P035",100
"10582",-353.498929742957,"CAFI_P035",25
"10583",-2289.78226974298,"CAFI_P035",50
"10584",-4723.65780974296,"CAFI_P035",100
"10585",-1110.99798974296,"CAFI_P035",25
"10586",212.952830257011,"CAFI_P035",50
"10587",833.735160257027,"CAFI_P035",100
"10588",-820.89938974299,"CAFI_P035",25
"10589",2764.39973025699,"CAFI_P035",50
"10590",-4527.31160974299,"CAFI_P035",100
"10591",1171.56161025702,"CAFI_P035",25
"10592",-1318.47976974299,"CAFI_P035",50
"10593",-790.852569743001,"CAFI_P035",100
"10594",1307.984530257,"CAFI_P035",25
"10595",-4774.08833974297,"CAFI_P035",50
"10596",-3225.60013974301,"CAFI_P035",100
"10597",1048.95353025704,"CAFI_P035",25
"10598",-345.760319742956,"CAFI_P035",50
"10599",813.204340257042,"CAFI_P035",100
"10600",2739.11853025702,"CAFI_P035",25
"10601",-2398.10388974298,"CAFI_P035",50
"10602",-4383.12734974298,"CAFI_P035",100
"10603",-3229.89948974299,"CAFI_P035",25
"10604",-654.419689742965,"CAFI_P035",50
"10605",-2132.82546974299,"CAFI_P035",100
"10606",-2198.22638974298,"CAFI_P035",25
"10607",-338.785379742971,"CAFI_P035",50
"10608",-4828.00250974298,"CAFI_P035",100
"10609",111.510530257015,"CAFI_P035",25
"10610",-4020.66433974297,"CAFI_P035",50
"10611",-3325.53433974297,"CAFI_P035",100
"10612",-1556.88776974299,"CAFI_P035",25
"10613",-1636.12566974299,"CAFI_P035",50
"10614",-2880.901149743,"CAFI_P035",100
"10615",-820.89938974299,"CAFI_P035",25
"10616",827.436370256997,"CAFI_P035",50
"10617",2017.737480257,"CAFI_P035",100
"10618",4279.69353025703,"CAFI_P035",25
"10619",-370.159779743,"CAFI_P035",50
"10620",-1257.21567974298,"CAFI_P035",100
"10621",589.187430257036,"CAFI_P035",25
"10622",551.937730256992,"CAFI_P035",50
"10623",-3199.49726974301,"CAFI_P035",100
"10624",-1558.58341974299,"CAFI_P035",25
"10625",15573.592530257,"CAFI_P035",50
"10626",-1842.54928974301,"CAFI_P035",100
"10627",855.914930257015,"CAFI_P035",25
"10628",-1275.05842974299,"CAFI_P035",50
"10629",-4499.94396974298,"CAFI_P035",100
"10630",6651.67061025702,"CAFI_P035",25
"10631",3232.07973025704,"CAFI_P035",50
"10632",-3065.126679743,"CAFI_P035",100
"10633",-295.315389742958,"CAFI_P035",25
"10634",-885.112339743006,"CAFI_P035",50
"10635",3484.65442025702,"CAFI_P035",100
"10636",26.3665102570085,"CAFI_P035",25
"10637",2532.42673025699,"CAFI_P035",50
"10638",-165.600369742955,"CAFI_P035",100
"10639",-67.5237897429615,"CAFI_P035",25
"10640",4578.68833025702,"CAFI_P035",50
"10641",-4941.45628974296,"CAFI_P035",100
"10642",839.604610257025,"CAFI_P035",25
"10643",-3162.003109743,"CAFI_P035",50
"10644",-5231.15962974296,"CAFI_P035",100
"10645",9756.00061025703,"CAFI_P035",25
"10646",4137.15643025702,"CAFI_P035",50
"10647",4339.96384025703,"CAFI_P035",100
"10648",1940.77153025701,"CAFI_P035",25
"10649",-136.542779742973,"CAFI_P035",50
"10650",-4549.27983974299,"CAFI_P035",100
"10651",-974.329089742969,"CAFI_P035",25
"10652",1449.53416025703,"CAFI_P035",50
"10653",-4463.04756974301,"CAFI_P035",100
"10654",325.567710257019,"CAFI_P035",25
"10655",-2933.094619743,"CAFI_P035",50
"10656",432.019230257021,"CAFI_P035",100
"10657",-115.954389742983,"CAFI_P035",25
"10658",-457.976989743009,"CAFI_P035",50
"10659",-3209.71092974296,"CAFI_P035",100
"10660",-6.66363974299747,"CAFI_P035",25
"10661",-1856.62711974297,"CAFI_P035",50
"10662",4355.09432025702,"CAFI_P035",100
"10663",3378.55653025705,"CAFI_P035",25
"10664",-1516.82357974298,"CAFI_P035",50
"10665",-53.5821797429817,"CAFI_P035",100
"10666",-3270.59215974296,"CAFI_P035",25
"10667",-1074.365189743,"CAFI_P035",50
"10668",-3474.33319974301,"CAFI_P035",100
"10669",3286.75661025703,"CAFI_P035",25
"10670",9700.76203025703,"CAFI_P035",50
"10671",-5031.92669974297,"CAFI_P035",100
"10672",-344.239389742957,"CAFI_P035",25
"10673",10484.167510257,"CAFI_P035",50
"10674",796.427170257026,"CAFI_P035",100
"10675",-978.369489742967,"CAFI_P035",25
"10676",-3680.78919974295,"CAFI_P035",50
"10677",-4320.57713974296,"CAFI_P035",100
"10678",52.3546102570253,"CAFI_P035",25
"10679",-2072.569989743,"CAFI_P035",50
"10680",-2062.59440974297,"CAFI_P035",100
"10681",981.382530257048,"CAFI_P035",25
"10682",-3589.99228974298,"CAFI_P035",50
"10683",-3988.201769743,"CAFI_P035",100
"10684",782.633930256998,"CAFI_P035",25
"10685",-4848.43191974296,"CAFI_P035",50
"10686",9912.39735025703,"CAFI_P035",100
"10687",313.322610257019,"CAFI_P035",25
"10688",-1506.916689743,"CAFI_P035",50
"10689",-2967.63716974296,"CAFI_P035",100
"10690",-1977.77638974297,"CAFI_P035",25
"10691",1246.905610257,"CAFI_P035",50
"10692",-1516.68872974301,"CAFI_P035",100
"10693",-150.422189742967,"CAFI_P035",25
"10694",770.68761025701,"CAFI_P035",50
"10695",-4475.68056974298,"CAFI_P035",100
"10696",-3222.77888974297,"CAFI_P035",25
"10697",-21.587199742964,"CAFI_P035",50
"10698",7220.001340257,"CAFI_P035",100
"10699",664.707830257015,"CAFI_P035",25
"10700",-2964.39776974299,"CAFI_P035",50
"10701",-5192.32895974297,"CAFI_P035",100
"10702",152.668830257026,"CAFI_P035",25
"10703",-1692.64508974296,"CAFI_P035",50
"10704",-1216.16061974299,"CAFI_P035",100
"10705",-3172.551589743,"CAFI_P035",25
"10706",-1517.08849974297,"CAFI_P035",50
"10707",10129.775420257,"CAFI_P035",100
"10708",-1206.45328974299,"CAFI_P035",25
"10709",-1236.82002974296,"CAFI_P035",50
"10710",-2028.95010974299,"CAFI_P035",100
"10711",-298.045089742984,"CAFI_P035",25
"10712",131.630310257024,"CAFI_P035",50
"10713",-5190.07829974301,"CAFI_P035",100
"10714",-367.520549742971,"CAFI_P035",25
"10715",-2500.23270974297,"CAFI_P035",50
"10716",-3250.224679743,"CAFI_P035",100
"10717",-203.107689742988,"CAFI_P035",25
"10718",-2994.19148974295,"CAFI_P035",50
"10719",-4828.92185974296,"CAFI_P035",100
"10720",-182.256389743008,"CAFI_P035",25
"10721",-3397.42378974298,"CAFI_P035",50
"10722",-3646.56252974301,"CAFI_P035",100
"10723",1385.30053025699,"CAFI_P035",25
"10724",-1932.32547974295,"CAFI_P035",50
"10725",-2738.83856974298,"CAFI_P035",100
"10726",2766.935530257,"CAFI_P035",25
"10727",-1502.27777974296,"CAFI_P035",50
"10728",-2073.33078974299,"CAFI_P035",100
"10729",3441.400610257,"CAFI_P035",25
"10730",-3505.73358974297,"CAFI_P035",50
"10731",-4385.02796974301,"CAFI_P035",100
"10732",-3095.00658974296,"CAFI_P035",25
"10733",-4047.05698974297,"CAFI_P035",50
"10734",-4724.82726974296,"CAFI_P035",100
"10735",-1555.437299743,"CAFI_P035",25
"10736",-1716.77304974297,"CAFI_P035",50
"10737",1593.30943025701,"CAFI_P035",100
"10738",-3252.89238974301,"CAFI_P035",25
"10739",1732.48853025702,"CAFI_P035",50
"10740",-2398.99036974297,"CAFI_P035",100
"10741",1374.29553025705,"CAFI_P035",25
"10742",-15.9580097429571,"CAFI_P035",50
"10743",282.97355025704,"CAFI_P035",100
"10744",-1394.96468974301,"CAFI_P035",25
"10745",-4611.84559974296,"CAFI_P035",50
"10746",1138.77942025702,"CAFI_P035",100
"10747",-806.468289743003,"CAFI_P035",25
"10748",2630.73393025703,"CAFI_P035",50
"10749",1942.56573025702,"CAFI_P035",100
"10750",296.956910256995,"CAFI_P035",25
"10751",2556.67871025699,"CAFI_P035",50
"10752",-2742.333129743,"CAFI_P035",100
"10753",-1558.61702974298,"CAFI_P035",25
"10754",-3261.62207974296,"CAFI_P035",50
"10755",-732.007069743006,"CAFI_P035",100
"10756",54.0608302570181,"CAFI_P035",25
"10757",-889.214669742971,"CAFI_P035",50
"10758",-1775.473769743,"CAFI_P035",100
"10759",-3261.67780974298,"CAFI_P035",25
"10760",-3181.28350974299,"CAFI_P035",50
"10761",4220.73770025704,"CAFI_P035",100
"10762",-2774.86218974297,"CAFI_P035",25
"10763",-2887.06871974299,"CAFI_P035",50
"10764",-1683.75427974301,"CAFI_P035",100
"10765",-2870.65728974296,"CAFI_P035",25
"10766",-1339.47815974295,"CAFI_P035",50
"10767",-3180.50730974297,"CAFI_P035",100
"10768",123.983330257004,"CAFI_P035",25
"10769",-1836.50075974298,"CAFI_P035",50
"10770",-3192.30882974301,"CAFI_P035",100
"10771",3709.46361025702,"CAFI_P035",25
"10772",4288.98502025701,"CAFI_P035",50
"10773",-3358.29679974297,"CAFI_P035",100
"10774",-3229.89948974299,"CAFI_P035",25
"10775",-1896.39171974297,"CAFI_P035",50
"10776",-4296.66232974298,"CAFI_P035",100
"10777",2017.44453025702,"CAFI_P035",25
"10778",16895.936530257,"CAFI_P035",50
"10779",-2883.04403974296,"CAFI_P035",100
"10780",-1142.80308974296,"CAFI_P035",25
"10781",-2693.43060974299,"CAFI_P035",50
"10782",6678.45423025702,"CAFI_P035",100
"10783",8.97350025700871,"CAFI_P035",25
"10784",1168.31061025703,"CAFI_P035",50
"10785",-1992.279459743,"CAFI_P035",100
"10786",1092.359530257,"CAFI_P035",25
"10787",-1796.72664974298,"CAFI_P035",50
"10788",-4793.15509974299,"CAFI_P035",100
"10789",650.78003025701,"CAFI_P035",25
"10790",-534.336829742999,"CAFI_P035",50
"10791",14542.094800257,"CAFI_P035",100
"10792",-3128.23688974296,"CAFI_P035",25
"10793",-2670.02806974296,"CAFI_P035",50
"10794",3177.02683025703,"CAFI_P035",100
"10795",-1562.93968974298,"CAFI_P035",25
"10796",-2747.48458974296,"CAFI_P035",50
"10797",-4706.24206974299,"CAFI_P035",100
"10798",-265.434489742969,"CAFI_P035",25
"10799",3499.72861025704,"CAFI_P035",50
"10800",-1540.83926974301,"CAFI_P035",100
"10801",-144.342549081979,"CAFI_P036",25
"10802",386.255960918003,"CAFI_P036",50
"10803",-1551.99780908198,"CAFI_P036",100
"10804",1234.74885091803,"CAFI_P036",25
"10805",-265.445779081987,"CAFI_P036",50
"10806",-464.994469081983,"CAFI_P036",100
"10807",935.525850918028,"CAFI_P036",25
"10808",650.443820918008,"CAFI_P036",50
"10809",3360.27276091801,"CAFI_P036",100
"10810",-87.9144590819778,"CAFI_P036",25
"10811",-320.529139081977,"CAFI_P036",50
"10812",908.708760918002,"CAFI_P036",100
"10813",-219.591149082,"CAFI_P036",25
"10814",-55.3138090819994,"CAFI_P036",50
"10815",1262.27540091801,"CAFI_P036",100
"10816",-484.173649081989,"CAFI_P036",25
"10817",-546.93814908198,"CAFI_P036",50
"10818",-1165.60567908199,"CAFI_P036",100
"10819",-195.959349081997,"CAFI_P036",25
"10820",-98.2213190819893,"CAFI_P036",50
"10821",1974.45028091801,"CAFI_P036",100
"10822",2344.38415091802,"CAFI_P036",25
"10823",-124.976199081982,"CAFI_P036",50
"10824",-701.463579081988,"CAFI_P036",100
"10825",490.361350918014,"CAFI_P036",25
"10826",-1272.20406908198,"CAFI_P036",50
"10827",315.298130918003,"CAFI_P036",100
"10828",-188.305649081973,"CAFI_P036",25
"10829",-454.324549081997,"CAFI_P036",50
"10830",213.229500918009,"CAFI_P036",100
"10831",-314.209029081976,"CAFI_P036",25
"10832",-701.086789081979,"CAFI_P036",50
"10833",-573.145949081983,"CAFI_P036",100
"10834",-86.1676590819843,"CAFI_P036",25
"10835",28.079870918009,"CAFI_P036",50
"10836",2260.05270091802,"CAFI_P036",100
"10837",-1133.714249082,"CAFI_P036",25
"10838",193.158250918001,"CAFI_P036",50
"10839",-339.226209082,"CAFI_P036",100
"10840",5862.58635091802,"CAFI_P036",25
"10841",-456.73104908198,"CAFI_P036",50
"10842",-1534.17451908198,"CAFI_P036",100
"10843",-1088.65414908199,"CAFI_P036",25
"10844",-537.920919081982,"CAFI_P036",50
"10845",-1487.79425908197,"CAFI_P036",100
"10846",-39.0569190819806,"CAFI_P036",25
"10847",-331.500399081997,"CAFI_P036",50
"10848",-1493.510249082,"CAFI_P036",100
"10849",341.542250918021,"CAFI_P036",25
"10850",-118.86067908199,"CAFI_P036",50
"10851",-1223.326139082,"CAFI_P036",100
"10852",-414.431949081976,"CAFI_P036",25
"10853",-1281.52792908199,"CAFI_P036",50
"10854",2162.79270091801,"CAFI_P036",100
"10855",-297.768839081982,"CAFI_P036",25
"10856",184.899850918009,"CAFI_P036",50
"10857",-1017.13229908198,"CAFI_P036",100
"10858",-1238.658549082,"CAFI_P036",25
"10859",2110.90365091802,"CAFI_P036",50
"10860",1420.59457091801,"CAFI_P036",100
"10861",-247.331839081977,"CAFI_P036",25
"10862",-87.8062990819744,"CAFI_P036",50
"10863",-1292.35323908197,"CAFI_P036",100
"10864",-36.6001390819729,"CAFI_P036",25
"10865",-347.118069081975,"CAFI_P036",50
"10866",-1477.75220908198,"CAFI_P036",100
"10867",-1117.56444908198,"CAFI_P036",25
"10868",1338.78956091803,"CAFI_P036",50
"10869",-698.040089081973,"CAFI_P036",100
"10870",-9.79167908197269,"CAFI_P036",25
"10871",-1472.09011908199,"CAFI_P036",50
"10872",-891.867799081985,"CAFI_P036",100
"10873",-231.49474908199,"CAFI_P036",25
"10874",2257.60551091802,"CAFI_P036",50
"10875",34.0952509180061,"CAFI_P036",100
"10876",-66.2512690819858,"CAFI_P036",25
"10877",-1116.83222908198,"CAFI_P036",50
"10878",-401.50368908199,"CAFI_P036",100
"10879",-243.355509082001,"CAFI_P036",25
"10880",-874.789149081975,"CAFI_P036",50
"10881",-1542.29014908199,"CAFI_P036",100
"10882",-1216.21725908198,"CAFI_P036",25
"10883",262.61310091801,"CAFI_P036",50
"10884",45.1075809180038,"CAFI_P036",100
"10885",44.2918009179994,"CAFI_P036",25
"10886",1411.05050091801,"CAFI_P036",50
"10887",768.663880918,"CAFI_P036",100
"10888",273.455450918002,"CAFI_P036",25
"10889",738.610020918015,"CAFI_P036",50
"10890",-1048.08376908198,"CAFI_P036",100
"10891",425.26445091801,"CAFI_P036",25
"10892",-1021.16049908198,"CAFI_P036",50
"10893",-1002.91910908199,"CAFI_P036",100
"10894",-399.160449081974,"CAFI_P036",25
"10895",286.688980917999,"CAFI_P036",50
"10896",-1473.72196908199,"CAFI_P036",100
"10897",-230.753649081977,"CAFI_P036",25
"10898",-130.389599081973,"CAFI_P036",50
"10899",-964.975119081995,"CAFI_P036",100
"10900",301.871000918007,"CAFI_P036",25
"10901",329.715050918021,"CAFI_P036",50
"10902",-1198.02089908198,"CAFI_P036",100
"10903",-1058.19604908198,"CAFI_P036",25
"10904",805.411860918015,"CAFI_P036",50
"10905",-843.029119081999,"CAFI_P036",100
"10906",-195.156449081987,"CAFI_P036",25
"10907",1424.668260918,"CAFI_P036",50
"10908",863.454740918009,"CAFI_P036",100
"10909",1612.19100091801,"CAFI_P036",25
"10910",-328.616269081976,"CAFI_P036",50
"10911",-1206.19308908199,"CAFI_P036",100
"10912",188.862650918018,"CAFI_P036",25
"10913",-54.9164790819923,"CAFI_P036",50
"10914",686.493370918004,"CAFI_P036",100
"10915",2476.473850918,"CAFI_P036",25
"10916",-1267.73895908199,"CAFI_P036",50
"10917",-1284.474959082,"CAFI_P036",100
"10918",-1130.34524908199,"CAFI_P036",25
"10919",30.3790509180108,"CAFI_P036",50
"10920",730.948400918016,"CAFI_P036",100
"10921",200.583300918021,"CAFI_P036",25
"10922",-1164.92752908199,"CAFI_P036",50
"10923",-1420.35315908198,"CAFI_P036",100
"10924",-70.4175690819975,"CAFI_P036",25
"10925",-340.021979081997,"CAFI_P036",50
"10926",-1090.09459908199,"CAFI_P036",100
"10927",40.7972509180254,"CAFI_P036",25
"10928",371.574400918005,"CAFI_P036",50
"10929",-1356.17097908197,"CAFI_P036",100
"10930",-55.0349590819969,"CAFI_P036",25
"10931",245.235460918018,"CAFI_P036",50
"10932",-1453.05544908199,"CAFI_P036",100
"10933",596.392350918002,"CAFI_P036",25
"10934",1023.445700918,"CAFI_P036",50
"10935",641.037890918,"CAFI_P036",100
"10936",125.015400918026,"CAFI_P036",25
"10937",-197.201169081993,"CAFI_P036",50
"10938",1254.433950918,"CAFI_P036",100
"10939",-265.560239081999,"CAFI_P036",25
"10940",-1002.00160908198,"CAFI_P036",50
"10941",-199.044389081973,"CAFI_P036",100
"10942",859.289200918021,"CAFI_P036",25
"10943",-1174.682269082,"CAFI_P036",50
"10944",-1130.23802908199,"CAFI_P036",100
"10945",-640.431949081976,"CAFI_P036",25
"10946",-93.1812790819968,"CAFI_P036",50
"10947",-1177.22520908198,"CAFI_P036",100
"10948",-957.153049082001,"CAFI_P036",25
"10949",-209.169259081973,"CAFI_P036",50
"10950",-115.881889081997,"CAFI_P036",100
"10951",1856.23085091801,"CAFI_P036",25
"10952",1637.67280091802,"CAFI_P036",50
"10953",1149.78723091801,"CAFI_P036",100
"10954",-66.8336590819818,"CAFI_P036",25
"10955",1716.59410091801,"CAFI_P036",50
"10956",-860.824609081988,"CAFI_P036",100
"10957",-1224.62594908199,"CAFI_P036",25
"10958",55.2636209180055,"CAFI_P036",50
"10959",3782.406370918,"CAFI_P036",100
"10960",-1058.19604908198,"CAFI_P036",25
"10961",1147.37855091802,"CAFI_P036",50
"10962",-1066.03450908198,"CAFI_P036",100
"10963",-1234.90718908198,"CAFI_P036",25
"10964",-148.577749081975,"CAFI_P036",50
"10965",-578.840779081977,"CAFI_P036",100
"10966",365.428550918004,"CAFI_P036",25
"10967",1807.61585091802,"CAFI_P036",50
"10968",-1363.03093908197,"CAFI_P036",100
"10969",-283.566849081981,"CAFI_P036",25
"10970",1638.503720918,"CAFI_P036",50
"10971",186.755100918002,"CAFI_P036",100
"10972",-1062.90254908198,"CAFI_P036",25
"10973",71.3632909180014,"CAFI_P036",50
"10974",-567.066469081998,"CAFI_P036",100
"10975",2887.95385091801,"CAFI_P036",25
"10976",-1339.36213908199,"CAFI_P036",50
"10977",-1390.22617908198,"CAFI_P036",100
"10978",2457.842150918,"CAFI_P036",25
"10979",-68.684649081988,"CAFI_P036",50
"10980",-888.180829081975,"CAFI_P036",100
"10981",-34.0025090819981,"CAFI_P036",25
"10982",-219.436869081983,"CAFI_P036",50
"10983",-445.332919081993,"CAFI_P036",100
"10984",2.81027091800934,"CAFI_P036",25
"10985",-111.36385908199,"CAFI_P036",50
"10986",-1062.19007908198,"CAFI_P036",100
"10987",188.042900918022,"CAFI_P036",25
"10988",230.73783091802,"CAFI_P036",50
"10989",-1007.10899908197,"CAFI_P036",100
"10990",57.2663509180129,"CAFI_P036",25
"10991",1530.33500091801,"CAFI_P036",50
"10992",-1267.91562908198,"CAFI_P036",100
"10993",59.8282009180111,"CAFI_P036",25
"10994",-363.904949081974,"CAFI_P036",50
"10995",11843.618320918,"CAFI_P036",100
"10996",-968.141249081993,"CAFI_P036",25
"10997",-1469.23248908197,"CAFI_P036",50
"10998",-1246.37501908198,"CAFI_P036",100
"10999",-42.2119890819886,"CAFI_P036",25
"11000",338.999650918005,"CAFI_P036",50
"11001",762.062820918014,"CAFI_P036",100
"11002",-1182.52063908198,"CAFI_P036",25
"11003",-392.684729081986,"CAFI_P036",50
"11004",7715.824300918,"CAFI_P036",100
"11005",-1230.22139908199,"CAFI_P036",25
"11006",-847.082209082,"CAFI_P036",50
"11007",-2.64721908199135,"CAFI_P036",100
"11008",-1206.22793908199,"CAFI_P036",25
"11009",-1075.303799082,"CAFI_P036",50
"11010",-969.440879081987,"CAFI_P036",100
"11011",-1207.877329082,"CAFI_P036",25
"11012",519.064600918005,"CAFI_P036",50
"11013",1839.93910091801,"CAFI_P036",100
"11014",-183.426349082001,"CAFI_P036",25
"11015",-186.710249081982,"CAFI_P036",50
"11016",-637.823789081973,"CAFI_P036",100
"11017",-282.530469081976,"CAFI_P036",25
"11018",-1303.155139082,"CAFI_P036",50
"11019",1993.63359091801,"CAFI_P036",100
"11020",77.0636509180185,"CAFI_P036",25
"11021",2435.18505091802,"CAFI_P036",50
"11022",-790.559649081988,"CAFI_P036",100
"11023",-272.688529081992,"CAFI_P036",25
"11024",3105.32033091801,"CAFI_P036",50
"11025",-458.379789081984,"CAFI_P036",100
"11026",-1166.68354908199,"CAFI_P036",25
"11027",-1429.83005908199,"CAFI_P036",50
"11028",-66.9308690819889,"CAFI_P036",100
"11029",-366.037449081981,"CAFI_P036",25
"11030",4710.232840918,"CAFI_P036",50
"11031",9.16649091802537,"CAFI_P036",100
"11032",66.9583509180229,"CAFI_P036",25
"11033",2721.330400918,"CAFI_P036",50
"11034",12851.449040918,"CAFI_P036",100
"11035",161.080350918026,"CAFI_P036",25
"11036",-1184.262439082,"CAFI_P036",50
"11037",-1403.945979082,"CAFI_P036",100
"11038",-310.211669081997,"CAFI_P036",25
"11039",-52.9031490819762,"CAFI_P036",50
"11040",-1394.55106908199,"CAFI_P036",100
"11041",76.3658509180241,"CAFI_P036",25
"11042",-387.441249081981,"CAFI_P036",50
"11043",18.8067009180086,"CAFI_P036",100
"11044",1271.15985091802,"CAFI_P036",25
"11045",-234.102049081994,"CAFI_P036",50
"11046",-844.728269081999,"CAFI_P036",100
"11047",-9.79167908197269,"CAFI_P036",25
"11048",112.997350918013,"CAFI_P036",50
"11049",-1273.73267908199,"CAFI_P036",100
"11050",-958.274949081999,"CAFI_P036",25
"11051",-1229.12499908198,"CAFI_P036",50
"11052",2886.73209091803,"CAFI_P036",100
"11053",747.405350918008,"CAFI_P036",25
"11054",-343.084579081973,"CAFI_P036",50
"11055",3743.012240918,"CAFI_P036",100
"11056",-298.039599081996,"CAFI_P036",25
"11057",-383.74488908198,"CAFI_P036",50
"11058",-702.939739081979,"CAFI_P036",100
"11059",-40.1400990819966,"CAFI_P036",25
"11060",-1330.04323908198,"CAFI_P036",50
"11061",221.284900918021,"CAFI_P036",100
"11062",460.953800918011,"CAFI_P036",25
"11063",417.752370918024,"CAFI_P036",50
"11064",12525.127500918,"CAFI_P036",100
"11065",-298.627439081989,"CAFI_P036",25
"11066",-1221.552939082,"CAFI_P036",50
"11067",-1036.64518908199,"CAFI_P036",100
"11068",-8.15567908197409,"CAFI_P036",25
"11069",2248.70220091802,"CAFI_P036",50
"11070",-649.715189081995,"CAFI_P036",100
"11071",4791.05500091802,"CAFI_P036",25
"11072",207.039260918013,"CAFI_P036",50
"11073",-898.13530908199,"CAFI_P036",100
"11074",-299.475199081993,"CAFI_P036",25
"11075",-1241.53312908197,"CAFI_P036",50
"11076",1388.48651091801,"CAFI_P036",100
"11077",456.655800918001,"CAFI_P036",25
"11078",-371.550249081978,"CAFI_P036",50
"11079",-1407.81343908198,"CAFI_P036",100
"11080",129.654850918014,"CAFI_P036",25
"11081",-1058.95234908198,"CAFI_P036",50
"11082",-277.127579081978,"CAFI_P036",100
"11083",-1188.63010908198,"CAFI_P036",25
"11084",-864.285039081995,"CAFI_P036",50
"11085",502.70731091802,"CAFI_P036",100
"11086",1182.67800091801,"CAFI_P036",25
"11087",3224.28561091801,"CAFI_P036",50
"11088",-911.531849081977,"CAFI_P036",100
"11089",9454.97485091802,"CAFI_P036",25
"11090",-296.372789082001,"CAFI_P036",50
"11091",-614.107299081981,"CAFI_P036",100
"11092",-1229.89193908198,"CAFI_P036",25
"11093",-388.985259081994,"CAFI_P036",50
"11094",3468.30380091802,"CAFI_P036",100
"11095",-265.384179082001,"CAFI_P036",25
"11096",616.330100918014,"CAFI_P036",50
"11097",-1225.62520908198,"CAFI_P036",100
"11098",2660.192000918,"CAFI_P036",25
"11099",-10.6459690819902,"CAFI_P036",50
"11100",5545.76755091801,"CAFI_P036",100
"11101",734.870066518983,"CAFI_P039",25
"11102",957.138106518978,"CAFI_P039",50
"11103",9779.079836519,"CAFI_P039",100
"11104",-479.536783481017,"CAFI_P039",25
"11105",696.445006518974,"CAFI_P039",50
"11106",5151.96984651897,"CAFI_P039",100
"11107",419.700316518982,"CAFI_P039",25
"11108",-766.972563481017,"CAFI_P039",50
"11109",6802.69203651897,"CAFI_P039",100
"11110",794.731726518978,"CAFI_P039",25
"11111",-426.498633481009,"CAFI_P039",50
"11112",1257.203116519,"CAFI_P039",100
"11113",-1139.21180348101,"CAFI_P039",25
"11114",-711.100743481016,"CAFI_P039",50
"11115",-553.075633480999,"CAFI_P039",100
"11116",1300.23185651898,"CAFI_P039",25
"11117",1887.57619651899,"CAFI_P039",50
"11118",-917.328093481017,"CAFI_P039",100
"11119",-1172.90695348103,"CAFI_P039",25
"11120",-1031.67402348103,"CAFI_P039",50
"11121",262.756236518995,"CAFI_P039",100
"11122",968.179146518989,"CAFI_P039",25
"11123",5894.317276519,"CAFI_P039",50
"11124",-24.6296734810167,"CAFI_P039",100
"11125",875.761316518998,"CAFI_P039",25
"11126",-473.453873481019,"CAFI_P039",50
"11127",4100.51805651898,"CAFI_P039",100
"11128",-243.58244348102,"CAFI_P039",25
"11129",-718.610043481021,"CAFI_P039",50
"11130",-147.070413481008,"CAFI_P039",100
"11131",-52.2770234810014,"CAFI_P039",25
"11132",3650.39475651897,"CAFI_P039",50
"11133",-1065.94272348101,"CAFI_P039",100
"11134",338.231526518997,"CAFI_P039",25
"11135",2738.44668651899,"CAFI_P039",50
"11136",5459.200716519,"CAFI_P039",100
"11137",-153.46751348101,"CAFI_P039",25
"11138",-940.630753481004,"CAFI_P039",50
"11139",-422.306503481028,"CAFI_P039",100
"11140",3307.30923651898,"CAFI_P039",25
"11141",-1100.67909348101,"CAFI_P039",50
"11142",-1028.71253348101,"CAFI_P039",100
"11143",426.583816518978,"CAFI_P039",25
"11144",581.575826518994,"CAFI_P039",50
"11145",4579.698896519,"CAFI_P039",100
"11146",460.545116518973,"CAFI_P039",25
"11147",4602.581246519,"CAFI_P039",50
"11148",420.67609651899,"CAFI_P039",100
"11149",40.6729565189744,"CAFI_P039",25
"11150",153.275936519,"CAFI_P039",50
"11151",4807.11094651898,"CAFI_P039",100
"11152",1177.73341651898,"CAFI_P039",25
"11153",3310.43227651899,"CAFI_P039",50
"11154",111.162456519,"CAFI_P039",100
"11155",354.624466518988,"CAFI_P039",25
"11156",1020.72298651899,"CAFI_P039",50
"11157",5796.35152651899,"CAFI_P039",100
"11158",-825.523843481002,"CAFI_P039",25
"11159",-330.610833481012,"CAFI_P039",50
"11160",7689.674186519,"CAFI_P039",100
"11161",1537.839766519,"CAFI_P039",25
"11162",-1158.368633481,"CAFI_P039",50
"11163",-1592.95860348101,"CAFI_P039",100
"11164",-190.503153481026,"CAFI_P039",25
"11165",-429.691203481023,"CAFI_P039",50
"11166",-361.794543481024,"CAFI_P039",100
"11167",-797.672933481022,"CAFI_P039",25
"11168",189.956436518987,"CAFI_P039",50
"11169",-1217.03657348102,"CAFI_P039",100
"11170",70.1920965189929,"CAFI_P039",25
"11171",430.354626518994,"CAFI_P039",50
"11172",-923.536443481018,"CAFI_P039",100
"11173",419.597656518978,"CAFI_P039",25
"11174",1151.41345651899,"CAFI_P039",50
"11175",1474.759676519,"CAFI_P039",100
"11176",-780.468303481,"CAFI_P039",25
"11177",1572.56952651899,"CAFI_P039",50
"11178",2442.11808651898,"CAFI_P039",100
"11179",-417.871193481027,"CAFI_P039",25
"11180",176.471186518989,"CAFI_P039",50
"11181",11843.255766519,"CAFI_P039",100
"11182",177.926126518985,"CAFI_P039",25
"11183",205.140226518997,"CAFI_P039",50
"11184",-1126.63828348101,"CAFI_P039",100
"11185",67.9964665189909,"CAFI_P039",25
"11186",5814.683076519,"CAFI_P039",50
"11187",-888.56847348102,"CAFI_P039",100
"11188",1731.23377651899,"CAFI_P039",25
"11189",158.107426518982,"CAFI_P039",50
"11190",11982.415046519,"CAFI_P039",100
"11191",-44.5959734810167,"CAFI_P039",25
"11192",4865.56456651899,"CAFI_P039",50
"11193",1988.97981651899,"CAFI_P039",100
"11194",-787.13819348102,"CAFI_P039",25
"11195",462.949516518973,"CAFI_P039",50
"11196",2874.65719651899,"CAFI_P039",100
"11197",632.497856518981,"CAFI_P039",25
"11198",335.610256518994,"CAFI_P039",50
"11199",1536.41467651899,"CAFI_P039",100
"11200",-416.612333481025,"CAFI_P039",25
"11201",-819.93162348101,"CAFI_P039",50
"11202",303.521446518978,"CAFI_P039",100
"11203",-921.405483481009,"CAFI_P039",25
"11204",-880.501333481021,"CAFI_P039",50
"11205",-477.438133481017,"CAFI_P039",100
"11206",60.4201865189825,"CAFI_P039",25
"11207",185.30420651898,"CAFI_P039",50
"11208",2293.66203651897,"CAFI_P039",100
"11209",-855.120253481,"CAFI_P039",25
"11210",4532.45717651898,"CAFI_P039",50
"11211",-902.850923481019,"CAFI_P039",100
"11212",314.732656518987,"CAFI_P039",25
"11213",431.444096519001,"CAFI_P039",50
"11214",4056.786286519,"CAFI_P039",100
"11215",-913.860753481014,"CAFI_P039",25
"11216",679.849916518986,"CAFI_P039",50
"11217",-869.897293481015,"CAFI_P039",100
"11218",-1859.105733481,"CAFI_P039",25
"11219",3958.45679651899,"CAFI_P039",50
"11220",6938.17049651899,"CAFI_P039",100
"11221",689.805966518994,"CAFI_P039",25
"11222",-687.489113481017,"CAFI_P039",50
"11223",3313.420276519,"CAFI_P039",100
"11224",-537.35694348102,"CAFI_P039",25
"11225",673.836906518991,"CAFI_P039",50
"11226",-1357.68964348102,"CAFI_P039",100
"11227",-15.2052834810165,"CAFI_P039",25
"11228",-239.707133481017,"CAFI_P039",50
"11229",694.469796518999,"CAFI_P039",100
"11230",320.650516518974,"CAFI_P039",25
"11231",-755.049403481011,"CAFI_P039",50
"11232",-1129.563823481,"CAFI_P039",100
"11233",-123.180433481,"CAFI_P039",25
"11234",3164.16811651899,"CAFI_P039",50
"11235",7426.46086651899,"CAFI_P039",100
"11236",243.716356518999,"CAFI_P039",25
"11237",1138.05242651899,"CAFI_P039",50
"11238",-446.375683481019,"CAFI_P039",100
"11239",-151.730673481012,"CAFI_P039",25
"11240",-927.825473481003,"CAFI_P039",50
"11241",-1241.499003481,"CAFI_P039",100
"11242",1995.830516519,"CAFI_P039",25
"11243",-1259.422793481,"CAFI_P039",50
"11244",-1725.34926348101,"CAFI_P039",100
"11245",-316.596723481023,"CAFI_P039",25
"11246",2108.47176651898,"CAFI_P039",50
"11247",-176.263483481016,"CAFI_P039",100
"11248",61.7181165189832,"CAFI_P039",25
"11249",-347.395323481003,"CAFI_P039",50
"11250",141.065386518982,"CAFI_P039",100
"11251",-797.711683481,"CAFI_P039",25
"11252",538.477436518995,"CAFI_P039",50
"11253",2325.932866519,"CAFI_P039",100
"11254",-838.042953481025,"CAFI_P039",25
"11255",3012.051816519,"CAFI_P039",50
"11256",5718.38019651899,"CAFI_P039",100
"11257",1092.50272651899,"CAFI_P039",25
"11258",-413.306083481002,"CAFI_P039",50
"11259",-940.177773481002,"CAFI_P039",100
"11260",991.320576518978,"CAFI_P039",25
"11261",3677.45008651898,"CAFI_P039",50
"11262",-1572.66121348101,"CAFI_P039",100
"11263",2774.80331651898,"CAFI_P039",25
"11264",-297.68738348101,"CAFI_P039",50
"11265",-1483.82841348101,"CAFI_P039",100
"11266",-731.717543481005,"CAFI_P039",25
"11267",9438.78905651899,"CAFI_P039",50
"11268",322.868896518979,"CAFI_P039",100
"11269",-393.217453481018,"CAFI_P039",25
"11270",-1389.50482348102,"CAFI_P039",50
"11271",4800.87032651898,"CAFI_P039",100
"11272",-19.740833481017,"CAFI_P039",25
"11273",-1344.148323481,"CAFI_P039",50
"11274",-579.463173481025,"CAFI_P039",100
"11275",60.4388565189729,"CAFI_P039",25
"11276",-210.024093481014,"CAFI_P039",50
"11277",1517.66740651897,"CAFI_P039",100
"11278",-198.616393481003,"CAFI_P039",25
"11279",-335.519853481004,"CAFI_P039",50
"11280",-905.156753481016,"CAFI_P039",100
"11281",-665.986433481012,"CAFI_P039",25
"11282",-177.043623481004,"CAFI_P039",50
"11283",1116.576866519,"CAFI_P039",100
"11284",-1472.07012348101,"CAFI_P039",25
"11285",1913.92448651898,"CAFI_P039",50
"11286",2855.22301651898,"CAFI_P039",100
"11287",-1002.08453348101,"CAFI_P039",25
"11288",-1034.73139348102,"CAFI_P039",50
"11289",-938.01014348102,"CAFI_P039",100
"11290",2562.26362651898,"CAFI_P039",25
"11291",-1585.83732348101,"CAFI_P039",50
"11292",-228.144543481001,"CAFI_P039",100
"11293",82.9019365189888,"CAFI_P039",25
"11294",140.172536518978,"CAFI_P039",50
"11295",2429.64698651899,"CAFI_P039",100
"11296",72.9512065189774,"CAFI_P039",25
"11297",-1841.52221348102,"CAFI_P039",50
"11298",1429.62555651899,"CAFI_P039",100
"11299",869.280316518998,"CAFI_P039",25
"11300",-1370.73838348102,"CAFI_P039",50
"11301",5933.464946519,"CAFI_P039",100
"11302",369.702216518985,"CAFI_P039",25
"11303",2663.02431651897,"CAFI_P039",50
"11304",1395.78293651898,"CAFI_P039",100
"11305",458.321046518977,"CAFI_P039",25
"11306",-158.955533480999,"CAFI_P039",50
"11307",5680.427446519,"CAFI_P039",100
"11308",-623.819853481022,"CAFI_P039",25
"11309",199.568986518978,"CAFI_P039",50
"11310",1479.63598651899,"CAFI_P039",100
"11311",168.095526518999,"CAFI_P039",25
"11312",-362.735353481025,"CAFI_P039",50
"11313",1110.114916519,"CAFI_P039",100
"11314",4659.205956519,"CAFI_P039",25
"11315",3110.358326519,"CAFI_P039",50
"11316",-1541.92462348103,"CAFI_P039",100
"11317",60.9730765189743,"CAFI_P039",25
"11318",-1834.86950348102,"CAFI_P039",50
"11319",3709.517756519,"CAFI_P039",100
"11320",1371.55797651899,"CAFI_P039",25
"11321",-295.146623481007,"CAFI_P039",50
"11322",232.094656518981,"CAFI_P039",100
"11323",42.6379065189976,"CAFI_P039",25
"11324",-857.784653481009,"CAFI_P039",50
"11325",-1799.48017348102,"CAFI_P039",100
"11326",-1183.544093481,"CAFI_P039",25
"11327",-922.082903481001,"CAFI_P039",50
"11328",2402.549496519,"CAFI_P039",100
"11329",-226.834853481007,"CAFI_P039",25
"11330",-1899.638863481,"CAFI_P039",50
"11331",6713.57307651898,"CAFI_P039",100
"11332",391.709806518978,"CAFI_P039",25
"11333",-1607.58358348103,"CAFI_P039",50
"11334",12025.679856519,"CAFI_P039",100
"11335",55.6019665189961,"CAFI_P039",25
"11336",527.405876518984,"CAFI_P039",50
"11337",1792.51025651899,"CAFI_P039",100
"11338",-816.433753481018,"CAFI_P039",25
"11339",-1719.25560348103,"CAFI_P039",50
"11340",-1095.62212348101,"CAFI_P039",100
"11341",701.618266518984,"CAFI_P039",25
"11342",-313.382543481013,"CAFI_P039",50
"11343",-331.383303481009,"CAFI_P039",100
"11344",-78.7348534810008,"CAFI_P039",25
"11345",-53.2905234810023,"CAFI_P039",50
"11346",-1356.28511348102,"CAFI_P039",100
"11347",-105.705573481013,"CAFI_P039",25
"11348",-146.269543481001,"CAFI_P039",50
"11349",1332.612546519,"CAFI_P039",100
"11350",-184.661513481027,"CAFI_P039",25
"11351",-670.256353481003,"CAFI_P039",50
"11352",-937.345893481019,"CAFI_P039",100
"11353",-1161.30510348102,"CAFI_P039",25
"11354",-571.701293481019,"CAFI_P039",50
"11355",-1122.64108348102,"CAFI_P039",100
"11356",717.877226518991,"CAFI_P039",25
"11357",366.796606518998,"CAFI_P039",50
"11358",6293.88461651898,"CAFI_P039",100
"11359",42.0323765189969,"CAFI_P039",25
"11360",98.0432865189796,"CAFI_P039",50
"11361",2141.75557651898,"CAFI_P039",100
"11362",-4.76537348100101,"CAFI_P039",25
"11363",-743.089853481011,"CAFI_P039",50
"11364",3639.124796519,"CAFI_P039",100
"11365",29.8504865189898,"CAFI_P039",25
"11366",1057.17988651898,"CAFI_P039",50
"11367",-1347.00870348103,"CAFI_P039",100
"11368",630.008016518987,"CAFI_P039",25
"11369",-1131.97952348102,"CAFI_P039",50
"11370",1726.15112651899,"CAFI_P039",100
"11371",-184.122703481,"CAFI_P039",25
"11372",-277.279633481026,"CAFI_P039",50
"11373",793.509216518985,"CAFI_P039",100
"11374",-703.440303481009,"CAFI_P039",25
"11375",4936.068136519,"CAFI_P039",50
"11376",1036.17690651899,"CAFI_P039",100
"11377",-453.415773481014,"CAFI_P039",25
"11378",-578.003373481013,"CAFI_P039",50
"11379",212.284886518988,"CAFI_P039",100
"11380",627.94966651898,"CAFI_P039",25
"11381",-2105.68084348101,"CAFI_P039",50
"11382",6967.37365651899,"CAFI_P039",100
"11383",-1198.36005348101,"CAFI_P039",25
"11384",966.640146518999,"CAFI_P039",50
"11385",7522.66705651899,"CAFI_P039",100
"11386",2877.621226519,"CAFI_P039",25
"11387",-237.179973481019,"CAFI_P039",50
"11388",-1818.36779348101,"CAFI_P039",100
"11389",-826.488093481021,"CAFI_P039",25
"11390",-1945.43951348102,"CAFI_P039",50
"11391",-611.428123481019,"CAFI_P039",100
"11392",-24.9729834810132,"CAFI_P039",25
"11393",329.224006518984,"CAFI_P039",50
"11394",1008.46443651899,"CAFI_P039",100
"11395",711.025426518987,"CAFI_P039",25
"11396",-913.459473481023,"CAFI_P039",50
"11397",3317.70365651898,"CAFI_P039",100
"11398",22.555486518977,"CAFI_P039",25
"11399",945.135506519,"CAFI_P039",50
"11400",1370.31123651899,"CAFI_P039",100
"11401",435.479101162986,"CAFI_P040",25
"11402",-99.0775088370137,"CAFI_P040",50
"11403",1815.63569116298,"CAFI_P040",100
"11404",736.605391163001,"CAFI_P040",25
"11405",-1113.59239883701,"CAFI_P040",50
"11406",-1096.54982883701,"CAFI_P040",100
"11407",1158.093401163,"CAFI_P040",25
"11408",-439.114888837008,"CAFI_P040",50
"11409",-542.270998837019,"CAFI_P040",100
"11410",-399.198998837004,"CAFI_P040",25
"11411",-1140.96895883701,"CAFI_P040",50
"11412",-765.91505883701,"CAFI_P040",100
"11413",5.68157116300426,"CAFI_P040",25
"11414",-186.164408837009,"CAFI_P040",50
"11415",-672.612278837012,"CAFI_P040",100
"11416",-887.045918837015,"CAFI_P040",25
"11417",-433.732258837001,"CAFI_P040",50
"11418",-809.95239883702,"CAFI_P040",100
"11419",1.94320116299787,"CAFI_P040",25
"11420",-79.9175088370102,"CAFI_P040",50
"11421",-340.847058837011,"CAFI_P040",100
"11422",1550.543101163,"CAFI_P040",25
"11423",8.94399116298882,"CAFI_P040",50
"11424",-506.095788837003,"CAFI_P040",100
"11425",-513.411678837001,"CAFI_P040",25
"11426",1286.64839116301,"CAFI_P040",50
"11427",-359.100508837,"CAFI_P040",100
"11428",9.7772511630028,"CAFI_P040",25
"11429",-1417.16828883701,"CAFI_P040",50
"11430",3782.181291163,"CAFI_P040",100
"11431",-395.584698837018,"CAFI_P040",25
"11432",-1193.16739883702,"CAFI_P040",50
"11433",-1087.719778837,"CAFI_P040",100
"11434",-230.837698837015,"CAFI_P040",25
"11435",-484.798218837008,"CAFI_P040",50
"11436",502.888491163001,"CAFI_P040",100
"11437",42.4293611629982,"CAFI_P040",25
"11438",-853.417498837021,"CAFI_P040",50
"11439",-460.992878837016,"CAFI_P040",100
"11440",282.161991162982,"CAFI_P040",25
"11441",812.664891163004,"CAFI_P040",50
"11442",542.493511162989,"CAFI_P040",100
"11443",164.711501162994,"CAFI_P040",25
"11444",-377.356098837015,"CAFI_P040",50
"11445",1065.78329116298,"CAFI_P040",100
"11446",-588.663698837016,"CAFI_P040",25
"11447",1950.39909116298,"CAFI_P040",50
"11448",64.5368911630067,"CAFI_P040",100
"11449",98.5631011629885,"CAFI_P040",25
"11450",-153.755008837004,"CAFI_P040",50
"11451",-839.515878837003,"CAFI_P040",100
"11452",53.3749911630002,"CAFI_P040",25
"11453",2363.88389116299,"CAFI_P040",50
"11454",-1362.41531883701,"CAFI_P040",100
"11455",1.31602116298745,"CAFI_P040",25
"11456",-1208.485698837,"CAFI_P040",50
"11457",-889.536108836997,"CAFI_P040",100
"11458",67.0772911630047,"CAFI_P040",25
"11459",1241.90381116301,"CAFI_P040",50
"11460",-1284.77780883701,"CAFI_P040",100
"11461",-890.152848836995,"CAFI_P040",25
"11462",-772.02297883702,"CAFI_P040",50
"11463",258.486991162994,"CAFI_P040",100
"11464",-496.336518836993,"CAFI_P040",25
"11465",-516.756698837009,"CAFI_P040",50
"11466",-1257.04101883702,"CAFI_P040",100
"11467",112.012891163002,"CAFI_P040",25
"11468",185.392591162992,"CAFI_P040",50
"11469",-1401.78692883701,"CAFI_P040",100
"11470",-143.872498837009,"CAFI_P040",25
"11471",-1055.111248837,"CAFI_P040",50
"11472",-1343.75340883702,"CAFI_P040",100
"11473",1119.87219116298,"CAFI_P040",25
"11474",-789.849568837002,"CAFI_P040",50
"11475",4.29739116298151,"CAFI_P040",100
"11476",-365.386698837014,"CAFI_P040",25
"11477",1397.087821163,"CAFI_P040",50
"11478",-502.021208837017,"CAFI_P040",100
"11479",731.320401162986,"CAFI_P040",25
"11480",-882.79998883701,"CAFI_P040",50
"11481",-192.437408836995,"CAFI_P040",100
"11482",-1.47169883700553,"CAFI_P040",25
"11483",-1360.430938837,"CAFI_P040",50
"11484",1999.46459116301,"CAFI_P040",100
"11485",2060.57619116298,"CAFI_P040",25
"11486",300.878691163001,"CAFI_P040",50
"11487",369.02085116299,"CAFI_P040",100
"11488",-682.195398837008,"CAFI_P040",25
"11489",-1390.49357883702,"CAFI_P040",50
"11490",1519.37896116299,"CAFI_P040",100
"11491",-837.546698837017,"CAFI_P040",25
"11492",177.933791162999,"CAFI_P040",50
"11493",64.3104911629925,"CAFI_P040",100
"11494",422.532891162991,"CAFI_P040",25
"11495",-1324.83774883702,"CAFI_P040",50
"11496",-1178.77131883701,"CAFI_P040",100
"11497",-901.599588837009,"CAFI_P040",25
"11498",-930.693988837011,"CAFI_P040",50
"11499",391.978391162993,"CAFI_P040",100
"11500",-840.303198837006,"CAFI_P040",25
"11501",-241.368588837009,"CAFI_P040",50
"11502",-584.266288837011,"CAFI_P040",100
"11503",2.05902116300422,"CAFI_P040",25
"11504",-409.169468837004,"CAFI_P040",50
"11505",1113.57609116301,"CAFI_P040",100
"11506",-471.934898837004,"CAFI_P040",25
"11507",1828.761691163,"CAFI_P040",50
"11508",4896.582791163,"CAFI_P040",100
"11509",693.282101163,"CAFI_P040",25
"11510",-692.791448837001,"CAFI_P040",50
"11511",-1000.647708837,"CAFI_P040",100
"11512",192.235391163005,"CAFI_P040",25
"11513",-284.999808837019,"CAFI_P040",50
"11514",-605.429108837008,"CAFI_P040",100
"11515",300.832401163003,"CAFI_P040",25
"11516",450.565391162992,"CAFI_P040",50
"11517",-1287.990938837,"CAFI_P040",100
"11518",12.6812111629988,"CAFI_P040",25
"11519",882.616641162982,"CAFI_P040",50
"11520",688.526091162988,"CAFI_P040",100
"11521",410.491291162994,"CAFI_P040",25
"11522",197.015391163004,"CAFI_P040",50
"11523",893.588591162988,"CAFI_P040",100
"11524",-79.4851988370065,"CAFI_P040",25
"11525",521.663291162986,"CAFI_P040",50
"11526",-980.684298837004,"CAFI_P040",100
"11527",55.8754911629949,"CAFI_P040",25
"11528",-549.765828837,"CAFI_P040",50
"11529",59.131951162999,"CAFI_P040",100
"11530",-797.590098837012,"CAFI_P040",25
"11531",357.82799116298,"CAFI_P040",50
"11532",-1268.292778837,"CAFI_P040",100
"11533",-688.769598837011,"CAFI_P040",25
"11534",-1167.59184883701,"CAFI_P040",50
"11535",-218.141108837008,"CAFI_P040",100
"11536",1382.20110116299,"CAFI_P040",25
"11537",947.243431162991,"CAFI_P040",50
"11538",-1207.03162883699,"CAFI_P040",100
"11539",-460.47629883702,"CAFI_P040",25
"11540",-406.212738836999,"CAFI_P040",50
"11541",-506.379608837015,"CAFI_P040",100
"11542",-831.152798837022,"CAFI_P040",25
"11543",-469.659588837007,"CAFI_P040",50
"11544",-210.397808837006,"CAFI_P040",100
"11545",-108.202198837011,"CAFI_P040",25
"11546",381.518091162987,"CAFI_P040",50
"11547",-563.909308836999,"CAFI_P040",100
"11548",-370.096498836996,"CAFI_P040",25
"11549",54.9851911629958,"CAFI_P040",50
"11550",-900.229358837008,"CAFI_P040",100
"11551",9.7236011629866,"CAFI_P040",25
"11552",-391.285698837019,"CAFI_P040",50
"11553",621.193621162995,"CAFI_P040",100
"11554",-836.789498836995,"CAFI_P040",25
"11555",-877.140348837012,"CAFI_P040",50
"11556",552.008761162986,"CAFI_P040",100
"11557",-536.322198837006,"CAFI_P040",25
"11558",-64.8835488370096,"CAFI_P040",50
"11559",694.143381162983,"CAFI_P040",100
"11560",-434.548198837001,"CAFI_P040",25
"11561",-498.133468837012,"CAFI_P040",50
"11562",-277.036608837021,"CAFI_P040",100
"11563",23.7559711629874,"CAFI_P040",25
"11564",2285.981591163,"CAFI_P040",50
"11565",138.072921162995,"CAFI_P040",100
"11566",1718.82640116298,"CAFI_P040",25
"11567",-875.248328837013,"CAFI_P040",50
"11568",1014.33899116298,"CAFI_P040",100
"11569",3995.78419116299,"CAFI_P040",25
"11570",-253.400478836993,"CAFI_P040",50
"11571",5.2565411629912,"CAFI_P040",100
"11572",12.8649311629997,"CAFI_P040",25
"11573",-1273.84129883701,"CAFI_P040",50
"11574",-888.124648836994,"CAFI_P040",100
"11575",7.29430116299773,"CAFI_P040",25
"11576",3717.22819116298,"CAFI_P040",50
"11577",1991.201591163,"CAFI_P040",100
"11578",-717.000698837015,"CAFI_P040",25
"11579",-694.923408836999,"CAFI_P040",50
"11580",-1075.71611883701,"CAFI_P040",100
"11581",712.871891162999,"CAFI_P040",25
"11582",-599.739608837001,"CAFI_P040",50
"11583",3263.28962116298,"CAFI_P040",100
"11584",-862.810028837004,"CAFI_P040",25
"11585",-257.729198837013,"CAFI_P040",50
"11586",-603.746148837003,"CAFI_P040",100
"11587",7363.76919116298,"CAFI_P040",25
"11588",-32.7325688370038,"CAFI_P040",50
"11589",-565.606628837006,"CAFI_P040",100
"11590",-853.048098836996,"CAFI_P040",25
"11591",-486.576098837017,"CAFI_P040",50
"11592",-323.84149883702,"CAFI_P040",100
"11593",-910.216978837008,"CAFI_P040",25
"11594",-1273.88148883701,"CAFI_P040",50
"11595",-1238.191208837,"CAFI_P040",100
"11596",-115.465098837012,"CAFI_P040",25
"11597",-656.689298837009,"CAFI_P040",50
"11598",6009.83318116301,"CAFI_P040",100
"11599",509.312391162995,"CAFI_P040",25
"11600",368.31230116298,"CAFI_P040",50
"11601",2353.22279116299,"CAFI_P040",100
"11602",3270.94540116299,"CAFI_P040",25
"11603",-880.428248837008,"CAFI_P040",50
"11604",71.1613011629961,"CAFI_P040",100
"11605",-129.114898836997,"CAFI_P040",25
"11606",-516.121828837,"CAFI_P040",50
"11607",-1157.50484883701,"CAFI_P040",100
"11608",-847.450298837008,"CAFI_P040",25
"11609",-770.604498836998,"CAFI_P040",50
"11610",1517.29231116298,"CAFI_P040",100
"11611",144.260491163004,"CAFI_P040",25
"11612",-1117.47669883701,"CAFI_P040",50
"11613",103.228771163005,"CAFI_P040",100
"11614",-77.6540988369961,"CAFI_P040",25
"11615",3070.30429116299,"CAFI_P040",50
"11616",-1253.27649883702,"CAFI_P040",100
"11617",-235.927098837012,"CAFI_P040",25
"11618",1549.68239116299,"CAFI_P040",50
"11619",809.870291162981,"CAFI_P040",100
"11620",-29.8452088370104,"CAFI_P040",25
"11621",-1305.20750883702,"CAFI_P040",50
"11622",4319.69269116299,"CAFI_P040",100
"11623",282.161991162982,"CAFI_P040",25
"11624",-166.457608836994,"CAFI_P040",50
"11625",2082.286691163,"CAFI_P040",100
"11626",372.903191163001,"CAFI_P040",25
"11627",-1320.33912883702,"CAFI_P040",50
"11628",609.879991163005,"CAFI_P040",100
"11629",150.408491162991,"CAFI_P040",25
"11630",-1003.33939883701,"CAFI_P040",50
"11631",38.8697111629881,"CAFI_P040",100
"11632",-240.158698837011,"CAFI_P040",25
"11633",-1193.98639883701,"CAFI_P040",50
"11634",-850.289978837012,"CAFI_P040",100
"11635",-121.658098837011,"CAFI_P040",25
"11636",-25.3236888370011,"CAFI_P040",50
"11637",-1057.92175883701,"CAFI_P040",100
"11638",2275.544191163,"CAFI_P040",25
"11639",-1327.124958837,"CAFI_P040",50
"11640",1766.83669116299,"CAFI_P040",100
"11641",-476.857118837012,"CAFI_P040",25
"11642",1187.403091163,"CAFI_P040",50
"11643",-495.844048836996,"CAFI_P040",100
"11644",121.78740116299,"CAFI_P040",25
"11645",90.7725911629968,"CAFI_P040",50
"11646",-841.357418836997,"CAFI_P040",100
"11647",-17.9618488370033,"CAFI_P040",25
"11648",-1407.02485883702,"CAFI_P040",50
"11649",-670.839498837013,"CAFI_P040",100
"11650",-370.096498836996,"CAFI_P040",25
"11651",233.841291163,"CAFI_P040",50
"11652",-1137.80618883701,"CAFI_P040",100
"11653",-99.5091988370114,"CAFI_P040",25
"11654",-456.347558837006,"CAFI_P040",50
"11655",299.137791162997,"CAFI_P040",100
"11656",-785.966198837006,"CAFI_P040",25
"11657",-695.006578836998,"CAFI_P040",50
"11658",-613.569698837004,"CAFI_P040",100
"11659",693.282101163,"CAFI_P040",25
"11660",569.161401163001,"CAFI_P040",50
"11661",-329.951708837005,"CAFI_P040",100
"11662",-362.834598837013,"CAFI_P040",25
"11663",887.102391163004,"CAFI_P040",50
"11664",-740.169798837014,"CAFI_P040",100
"11665",831.805101162987,"CAFI_P040",25
"11666",-457.938988837006,"CAFI_P040",50
"11667",-1351.30629883701,"CAFI_P040",100
"11668",-892.11354883702,"CAFI_P040",25
"11669",1434.659991163,"CAFI_P040",50
"11670",-1265.14118883701,"CAFI_P040",100
"11671",164.711501162994,"CAFI_P040",25
"11672",1726.12170116301,"CAFI_P040",50
"11673",-360.212948836997,"CAFI_P040",100
"11674",439.355401162989,"CAFI_P040",25
"11675",-893.41869883702,"CAFI_P040",50
"11676",-127.84970883702,"CAFI_P040",100
"11677",108.501591162989,"CAFI_P040",25
"11678",-778.220788837003,"CAFI_P040",50
"11679",-75.7198088370205,"CAFI_P040",100
"11680",1227.81410116301,"CAFI_P040",25
"11681",1583.103591163,"CAFI_P040",50
"11682",-294.278548836999,"CAFI_P040",100
"11683",-106.589598837018,"CAFI_P040",25
"11684",-1336.795068837,"CAFI_P040",50
"11685",1621.48429116298,"CAFI_P040",100
"11686",94.9983911629824,"CAFI_P040",25
"11687",640.591291163,"CAFI_P040",50
"11688",2846.32889116299,"CAFI_P040",100
"11689",-162.998698837007,"CAFI_P040",25
"11690",-469.492688836996,"CAFI_P040",50
"11691",1985.462691163,"CAFI_P040",100
"11692",966.367401163006,"CAFI_P040",25
"11693",1643.971291163,"CAFI_P040",50
"11694",-848.946598837007,"CAFI_P040",100
"11695",-720.25609883701,"CAFI_P040",25
"11696",36.5813011629798,"CAFI_P040",50
"11697",-1430.547028837,"CAFI_P040",100
"11698",47.0174911629874,"CAFI_P040",25
"11699",-551.037308836996,"CAFI_P040",50
"11700",273.240691162995,"CAFI_P040",100
"11701",13562.125550505,"CAFI_P041",25
"11702",-284.233309495001,"CAFI_P041",50
"11703",-991.622699494998,"CAFI_P041",100
"11704",182.864950504998,"CAFI_P041",25
"11705",374.616900505003,"CAFI_P041",50
"11706",-1058.779729495,"CAFI_P041",100
"11707",-1023.38724949499,"CAFI_P041",25
"11708",-1291.41704949498,"CAFI_P041",50
"11709",2994.23014050501,"CAFI_P041",100
"11710",213.202050505002,"CAFI_P041",25
"11711",-1189.81119949499,"CAFI_P041",50
"11712",6041.34241050502,"CAFI_P041",100
"11713",84.1312005050131,"CAFI_P041",25
"11714",1803.64357050502,"CAFI_P041",50
"11715",-238.318969494983,"CAFI_P041",100
"11716",58.3740505050228,"CAFI_P041",25
"11717",214.523870505014,"CAFI_P041",50
"11718",895.613750504999,"CAFI_P041",100
"11719",-86.3829594949784,"CAFI_P041",25
"11720",474.12314050502,"CAFI_P041",50
"11721",1265.129520505,"CAFI_P041",100
"11722",69.3200005050167,"CAFI_P041",25
"11723",-925.874319494993,"CAFI_P041",50
"11724",1656.750530505,"CAFI_P041",100
"11725",1453.73855050502,"CAFI_P041",25
"11726",129.437620505021,"CAFI_P041",50
"11727",73.8746905050066,"CAFI_P041",100
"11728",817.373900505016,"CAFI_P041",25
"11729",-888.931019494979,"CAFI_P041",50
"11730",-1053.24301949498,"CAFI_P041",100
"11731",-1283.450289495,"CAFI_P041",25
"11732",-1003.592649495,"CAFI_P041",50
"11733",227.414560505014,"CAFI_P041",100
"11734",-45.5639094949875,"CAFI_P041",25
"11735",145.829320504999,"CAFI_P041",50
"11736",7901.09254050502,"CAFI_P041",100
"11737",402.229000505002,"CAFI_P041",25
"11738",129.55574050502,"CAFI_P041",50
"11739",1487.11673050502,"CAFI_P041",100
"11740",-46.6036294949881,"CAFI_P041",25
"11741",-960.026529494993,"CAFI_P041",50
"11742",4839.55498050503,"CAFI_P041",100
"11743",222.700400505011,"CAFI_P041",25
"11744",-6.64909949499997,"CAFI_P041",50
"11745",-1097.020219495,"CAFI_P041",100
"11746",-28.7929594949819,"CAFI_P041",25
"11747",96.0955805050035,"CAFI_P041",50
"11748",-269.301969494991,"CAFI_P041",100
"11749",266.654150504997,"CAFI_P041",25
"11750",7475.11308050502,"CAFI_P041",50
"11751",8046.27003050502,"CAFI_P041",100
"11752",-41.3258094949997,"CAFI_P041",25
"11753",8588.57822050501,"CAFI_P041",50
"11754",34737.901130505,"CAFI_P041",100
"11755",-62.7350194949831,"CAFI_P041",25
"11756",-1227.71080949498,"CAFI_P041",50
"11757",1102.16610050501,"CAFI_P041",100
"11758",-39.6027994949836,"CAFI_P041",25
"11759",-22.8802394949889,"CAFI_P041",50
"11760",5451.21643050501,"CAFI_P041",100
"11761",-639.625049494993,"CAFI_P041",25
"11762",629.11321050502,"CAFI_P041",50
"11763",663.384820505016,"CAFI_P041",100
"11764",-1288.04878949499,"CAFI_P041",25
"11765",47.8058405050251,"CAFI_P041",50
"11766",247.354150505009,"CAFI_P041",100
"11767",149.860580505017,"CAFI_P041",25
"11768",522.150730505004,"CAFI_P041",50
"11769",5312.975430505,"CAFI_P041",100
"11770",64.120480505022,"CAFI_P041",25
"11771",-1114.53065949498,"CAFI_P041",50
"11772",366.291590505018,"CAFI_P041",100
"11773",-34.1223594949988,"CAFI_P041",25
"11774",1361.93038050501,"CAFI_P041",50
"11775",-923.623589494993,"CAFI_P041",100
"11776",-25.2298694950005,"CAFI_P041",25
"11777",8.59978050499922,"CAFI_P041",50
"11778",-653.333709494997,"CAFI_P041",100
"11779",-37.9470594949962,"CAFI_P041",25
"11780",203.860270505014,"CAFI_P041",50
"11781",16318.642810505,"CAFI_P041",100
"11782",-1279.61838949498,"CAFI_P041",25
"11783",-1330.336079495,"CAFI_P041",50
"11784",504.874180505023,"CAFI_P041",100
"11785",-79.6661794949905,"CAFI_P041",25
"11786",-1129.348639495,"CAFI_P041",50
"11787",2385.74812050501,"CAFI_P041",100
"11788",1195.647550505,"CAFI_P041",25
"11789",-64.2309894950013,"CAFI_P041",50
"11790",-1039.67225949498,"CAFI_P041",100
"11791",17.5737805050157,"CAFI_P041",25
"11792",-1303.98744949498,"CAFI_P041",50
"11793",-49.1172694949782,"CAFI_P041",100
"11794",103.00185050501,"CAFI_P041",25
"11795",586.981450505002,"CAFI_P041",50
"11796",-823.31117949498,"CAFI_P041",100
"11797",-36.5796794949856,"CAFI_P041",25
"11798",15712.929760505,"CAFI_P041",50
"11799",-1266.78922949499,"CAFI_P041",100
"11800",-1216.768549495,"CAFI_P041",25
"11801",0.589380505000008,"CAFI_P041",50
"11802",123.223630505003,"CAFI_P041",100
"11803",177.989980505023,"CAFI_P041",25
"11804",562.287150504999,"CAFI_P041",50
"11805",-705.970459495002,"CAFI_P041",100
"11806",724.820780505019,"CAFI_P041",25
"11807",-49.1124694949831,"CAFI_P041",50
"11808",-110.378719494998,"CAFI_P041",100
"11809",-36.1899694949971,"CAFI_P041",25
"11810",-81.5284394949849,"CAFI_P041",50
"11811",-1310.46752949498,"CAFI_P041",100
"11812",-30.0163594949991,"CAFI_P041",25
"11813",7300.44214050501,"CAFI_P041",50
"11814",443.606350505026,"CAFI_P041",100
"11815",-21.8643494949793,"CAFI_P041",25
"11816",-1171.328259495,"CAFI_P041",50
"11817",-1061.87713949499,"CAFI_P041",100
"11818",-25.2201694949763,"CAFI_P041",25
"11819",3288.30140050501,"CAFI_P041",50
"11820",7653.984760505,"CAFI_P041",100
"11821",-1294.25068949498,"CAFI_P041",25
"11822",2025.52163050501,"CAFI_P041",50
"11823",-700.626929494989,"CAFI_P041",100
"11824",-896.574349495,"CAFI_P041",25
"11825",113.230480505008,"CAFI_P041",50
"11826",4801.854130505,"CAFI_P041",100
"11827",-71.1859494949749,"CAFI_P041",25
"11828",262.362670505012,"CAFI_P041",50
"11829",1292.33465050501,"CAFI_P041",100
"11830",0.681780505023198,"CAFI_P041",25
"11831",1526.023700505,"CAFI_P041",50
"11832",12390.290870505,"CAFI_P041",100
"11833",-32.2819894949789,"CAFI_P041",25
"11834",-1142.82190949499,"CAFI_P041",50
"11835",3919.185630505,"CAFI_P041",100
"11836",5.62469050500658,"CAFI_P041",25
"11837",365.927440505009,"CAFI_P041",50
"11838",19435.657690505,"CAFI_P041",100
"11839",16.9333405049983,"CAFI_P041",25
"11840",-388.923219494987,"CAFI_P041",50
"11841",-939.671969494986,"CAFI_P041",100
"11842",-1214.59484949498,"CAFI_P041",25
"11843",-1196.18397949499,"CAFI_P041",50
"11844",-821.351509494998,"CAFI_P041",100
"11845",42.0499805050204,"CAFI_P041",25
"11846",-1101.384169495,"CAFI_P041",50
"11847",13695.972410505,"CAFI_P041",100
"11848",0.640730505023384,"CAFI_P041",25
"11849",500.238050505024,"CAFI_P041",50
"11850",-14.088409494987,"CAFI_P041",100
"11851",-1051.66234949499,"CAFI_P041",25
"11852",45.8245805050246,"CAFI_P041",50
"11853",1559.79302050502,"CAFI_P041",100
"11854",-1286.512529495,"CAFI_P041",25
"11855",39.4519805050222,"CAFI_P041",50
"11856",8234.730930505,"CAFI_P041",100
"11857",362.065580505005,"CAFI_P041",25
"11858",-859.811099494982,"CAFI_P041",50
"11859",8.01158050500089,"CAFI_P041",100
"11860",24.0106905050052,"CAFI_P041",25
"11861",-22.0736594949849,"CAFI_P041",50
"11862",-977.006609495002,"CAFI_P041",100
"11863",68.2112005050003,"CAFI_P041",25
"11864",670.82660050501,"CAFI_P041",50
"11865",-1275.42858949499,"CAFI_P041",100
"11866",4521.54290050501,"CAFI_P041",25
"11867",317.507200505002,"CAFI_P041",50
"11868",-690.482249494991,"CAFI_P041",100
"11869",-73.0021894949896,"CAFI_P041",25
"11870",-1183.16850949498,"CAFI_P041",50
"11871",3919.791550505,"CAFI_P041",100
"11872",1493.59098050502,"CAFI_P041",25
"11873",-1112.74457949499,"CAFI_P041",50
"11874",-786.485139494995,"CAFI_P041",100
"11875",32.1680105050036,"CAFI_P041",25
"11876",171.288470505009,"CAFI_P041",50
"11877",-1332.67736949498,"CAFI_P041",100
"11878",1320.36198050503,"CAFI_P041",25
"11879",-1169.10535949498,"CAFI_P041",50
"11880",-383.469689494988,"CAFI_P041",100
"11881",106.669850505015,"CAFI_P041",25
"11882",122.164610505017,"CAFI_P041",50
"11883",778.758230505016,"CAFI_P041",100
"11884",68.5390005049994,"CAFI_P041",25
"11885",-1228.68794949498,"CAFI_P041",50
"11886",-820.590059494978,"CAFI_P041",100
"11887",-43.609719494998,"CAFI_P041",25
"11888",487.669100505009,"CAFI_P041",50
"11889",-508.84143949498,"CAFI_P041",100
"11890",32.2598105049983,"CAFI_P041",25
"11891",429.568580505002,"CAFI_P041",50
"11892",-791.236539494974,"CAFI_P041",100
"11893",-21.565839494986,"CAFI_P041",25
"11894",3360.40880050501,"CAFI_P041",50
"11895",2356.10409050502,"CAFI_P041",100
"11896",-62.2017894949822,"CAFI_P041",25
"11897",-72.4801294950012,"CAFI_P041",50
"11898",-844.165129494999,"CAFI_P041",100
"11899",-923.451649494993,"CAFI_P041",25
"11900",-903.486819494981,"CAFI_P041",50
"11901",6430.48645050501,"CAFI_P041",100
"11902",-72.1444194949872,"CAFI_P041",25
"11903",-786.767999495001,"CAFI_P041",50
"11904",535.507740505011,"CAFI_P041",100
"11905",-1230.452269495,"CAFI_P041",25
"11906",-512.379629495001,"CAFI_P041",50
"11907",2563.53833050502,"CAFI_P041",100
"11908",2174.42598050501,"CAFI_P041",25
"11909",1177.863380505,"CAFI_P041",50
"11910",16113.222760505,"CAFI_P041",100
"11911",-1207.167449495,"CAFI_P041",25
"11912",332.751960505004,"CAFI_P041",50
"11913",-977.415369494993,"CAFI_P041",100
"11914",-41.3258094949997,"CAFI_P041",25
"11915",-41.885919494991,"CAFI_P041",50
"11916",-124.843309494987,"CAFI_P041",100
"11917",46.6459805050108,"CAFI_P041",25
"11918",5599.41643050502,"CAFI_P041",50
"11919",850.825450505014,"CAFI_P041",100
"11920",-29.4088594949862,"CAFI_P041",25
"11921",928.155480505025,"CAFI_P041",50
"11922",12587.107770505,"CAFI_P041",100
"11923",-1253.015239495,"CAFI_P041",25
"11924",16.700810505019,"CAFI_P041",50
"11925",-1181.65688949497,"CAFI_P041",100
"11926",908.487550505,"CAFI_P041",25
"11927",125.220120505022,"CAFI_P041",50
"11928",1120.91623050501,"CAFI_P041",100
"11929",-1282.43646949498,"CAFI_P041",25
"11930",354.363680505019,"CAFI_P041",50
"11931",18636.026900505,"CAFI_P041",100
"11932",-1047.65254949499,"CAFI_P041",25
"11933",-1216.555869495,"CAFI_P041",50
"11934",-1144.68281949498,"CAFI_P041",100
"11935",-1140.51284949499,"CAFI_P041",25
"11936",4294.441050505,"CAFI_P041",50
"11937",-927.448109494988,"CAFI_P041",100
"11938",-1302.48030949497,"CAFI_P041",25
"11939",5690.59078050501,"CAFI_P041",50
"11940",-189.497309494996,"CAFI_P041",100
"11941",-28.480219494988,"CAFI_P041",25
"11942",28.3928505050135,"CAFI_P041",50
"11943",-331.272799494996,"CAFI_P041",100
"11944",744.565600505011,"CAFI_P041",25
"11945",228.249250505003,"CAFI_P041",50
"11946",-536.882709494996,"CAFI_P041",100
"11947",133.444750505005,"CAFI_P041",25
"11948",106.296220504999,"CAFI_P041",50
"11949",-1395.18330949498,"CAFI_P041",100
"11950",38.3306005050254,"CAFI_P041",25
"11951",-801.130149495002,"CAFI_P041",50
"11952",-216.153989494982,"CAFI_P041",100
"11953",-1216.58994949498,"CAFI_P041",25
"11954",128.149010505003,"CAFI_P041",50
"11955",346.286190505023,"CAFI_P041",100
"11956",-1081.31124949499,"CAFI_P041",25
"11957",-1263.386749495,"CAFI_P041",50
"11958",-1077.31659949498,"CAFI_P041",100
"11959",113.404900505004,"CAFI_P041",25
"11960",-1120.26414949499,"CAFI_P041",50
"11961",-1163.86717949499,"CAFI_P041",100
"11962",-312.760949494987,"CAFI_P041",25
"11963",-902.787289494998,"CAFI_P041",50
"11964",8587.35954050501,"CAFI_P041",100
"11965",176.210750505008,"CAFI_P041",25
"11966",-63.7606994949747,"CAFI_P041",50
"11967",-772.782339494996,"CAFI_P041",100
"11968",8640.67898050501,"CAFI_P041",25
"11969",-1017.353699495,"CAFI_P041",50
"11970",3139.851370505,"CAFI_P041",100
"11971",-9.20376949498313,"CAFI_P041",25
"11972",-1257.545449495,"CAFI_P041",50
"11973",2787.77567050501,"CAFI_P041",100
"11974",1160.127980505,"CAFI_P041",25
"11975",-19.6160994949751,"CAFI_P041",50
"11976",-921.404369494994,"CAFI_P041",100
"11977",-1209.16774949498,"CAFI_P041",25
"11978",1927.44149050501,"CAFI_P041",50
"11979",-1100.33189949498,"CAFI_P041",100
"11980",4399.16698050502,"CAFI_P041",25
"11981",28.3728005050216,"CAFI_P041",50
"11982",1328.17240050502,"CAFI_P041",100
"11983",-22.8936194949783,"CAFI_P041",25
"11984",-3.81097949499963,"CAFI_P041",50
"11985",617.213560505013,"CAFI_P041",100
"11986",-1272.60432949499,"CAFI_P041",25
"11987",1123.080310505,"CAFI_P041",50
"11988",131.527780505014,"CAFI_P041",100
"11989",75.1105505050218,"CAFI_P041",25
"11990",21.068950505025,"CAFI_P041",50
"11991",-521.517689494998,"CAFI_P041",100
"11992",30.3550305050157,"CAFI_P041",25
"11993",140.854280505009,"CAFI_P041",50
"11994",1737.16841050502,"CAFI_P041",100
"11995",-1115.22374949499,"CAFI_P041",25
"11996",-844.059019494976,"CAFI_P041",50
"11997",968.463830505003,"CAFI_P041",100
"11998",170.836180505023,"CAFI_P041",25
"11999",863.454200505017,"CAFI_P041",50
"12000",558.514070505014,"CAFI_P041",100
"12001",-0.00575810397276655,"CAFI_P042",25
"12002",-0.00575810397276655,"CAFI_P042",50
"12003",-756.784888103954,"CAFI_P042",100
"12004",-0.00575810397276655,"CAFI_P042",25
"12005",-0.00575810397276655,"CAFI_P042",50
"12006",28.1742018960067,"CAFI_P042",100
"12007",-0.00575810397276655,"CAFI_P042",25
"12008",-0.00575810397276655,"CAFI_P042",50
"12009",721.101521896024,"CAFI_P042",100
"12010",-0.00575810397276655,"CAFI_P042",25
"12011",-0.00575810397276655,"CAFI_P042",50
"12012",40.6222418959951,"CAFI_P042",100
"12013",-0.00575810397276655,"CAFI_P042",25
"12014",-0.00575810397276655,"CAFI_P042",50
"12015",-1651.77005810395,"CAFI_P042",100
"12016",-0.00575810397276655,"CAFI_P042",25
"12017",-0.00575810397276655,"CAFI_P042",50
"12018",-139.792158103955,"CAFI_P042",100
"12019",-0.00575810397276655,"CAFI_P042",25
"12020",-0.00575810397276655,"CAFI_P042",50
"12021",16.1216518960427,"CAFI_P042",100
"12022",-0.00575810397276655,"CAFI_P042",25
"12023",-0.00575810397276655,"CAFI_P042",50
"12024",-1912.07107810397,"CAFI_P042",100
"12025",-0.00575810397276655,"CAFI_P042",25
"12026",-0.00575810397276655,"CAFI_P042",50
"12027",2.71640189603204,"CAFI_P042",100
"12028",-0.00575810397276655,"CAFI_P042",25
"12029",-0.00575810397276655,"CAFI_P042",50
"12030",-1055.11595810397,"CAFI_P042",100
"12031",-0.00575810397276655,"CAFI_P042",25
"12032",-0.00575810397276655,"CAFI_P042",50
"12033",41.9750518960063,"CAFI_P042",100
"12034",-0.00575810397276655,"CAFI_P042",25
"12035",-0.00575810397276655,"CAFI_P042",50
"12036",-15.9015781040071,"CAFI_P042",100
"12037",-0.00575810397276655,"CAFI_P042",25
"12038",-0.00575810397276655,"CAFI_P042",50
"12039",-1026.55832810397,"CAFI_P042",100
"12040",-0.00575810397276655,"CAFI_P042",25
"12041",-0.00575810397276655,"CAFI_P042",50
"12042",-102.118318103952,"CAFI_P042",100
"12043",-0.00575810397276655,"CAFI_P042",25
"12044",-0.00575810397276655,"CAFI_P042",50
"12045",76.3195318960352,"CAFI_P042",100
"12046",-0.00575810397276655,"CAFI_P042",25
"12047",-0.00575810397276655,"CAFI_P042",50
"12048",2100.50624189602,"CAFI_P042",100
"12049",-0.00575810397276655,"CAFI_P042",25
"12050",-0.00575810397276655,"CAFI_P042",50
"12051",-1339.912058104,"CAFI_P042",100
"12052",-0.00575810397276655,"CAFI_P042",25
"12053",-0.00575810397276655,"CAFI_P042",50
"12054",-70.4679281039862,"CAFI_P042",100
"12055",-0.00575810397276655,"CAFI_P042",25
"12056",-0.00575810397276655,"CAFI_P042",50
"12057",-539.994618103956,"CAFI_P042",100
"12058",-0.00575810397276655,"CAFI_P042",25
"12059",-0.00575810397276655,"CAFI_P042",50
"12060",-4.46115810400806,"CAFI_P042",100
"12061",-0.00575810397276655,"CAFI_P042",25
"12062",-0.00575810397276655,"CAFI_P042",50
"12063",-1405.69843810401,"CAFI_P042",100
"12064",-0.00575810397276655,"CAFI_P042",25
"12065",-0.00575810397276655,"CAFI_P042",50
"12066",-4500.18075810396,"CAFI_P042",100
"12067",-0.00575810397276655,"CAFI_P042",25
"12068",-0.00575810397276655,"CAFI_P042",50
"12069",-72.86898810399,"CAFI_P042",100
"12070",-0.00575810397276655,"CAFI_P042",25
"12071",-0.00575810397276655,"CAFI_P042",50
"12072",-68.8233781039598,"CAFI_P042",100
"12073",-0.00575810397276655,"CAFI_P042",25
"12074",-0.00575810397276655,"CAFI_P042",50
"12075",6034.14764189604,"CAFI_P042",100
"12076",-0.00575810397276655,"CAFI_P042",25
"12077",-0.00575810397276655,"CAFI_P042",50
"12078",-1172.76085810398,"CAFI_P042",100
"12079",-0.00575810397276655,"CAFI_P042",25
"12080",-0.00575810397276655,"CAFI_P042",50
"12081",-670.419158103992,"CAFI_P042",100
"12082",-0.00575810397276655,"CAFI_P042",25
"12083",-0.00575810397276655,"CAFI_P042",50
"12084",498.289451896038,"CAFI_P042",100
"12085",-0.00575810397276655,"CAFI_P042",25
"12086",-0.00575810397276655,"CAFI_P042",50
"12087",-44.3903581039631,"CAFI_P042",100
"12088",-0.00575810397276655,"CAFI_P042",25
"12089",-0.00575810397276655,"CAFI_P042",50
"12090",360.272041896009,"CAFI_P042",100
"12091",-0.00575810397276655,"CAFI_P042",25
"12092",-0.00575810397276655,"CAFI_P042",50
"12093",-643.182698104007,"CAFI_P042",100
"12094",-0.00575810397276655,"CAFI_P042",25
"12095",-0.00575810397276655,"CAFI_P042",50
"12096",37.2453518960392,"CAFI_P042",100
"12097",-0.00575810397276655,"CAFI_P042",25
"12098",-0.00575810397276655,"CAFI_P042",50
"12099",-4231.87495810399,"CAFI_P042",100
"12100",-0.00575810397276655,"CAFI_P042",25
"12101",-0.00575810397276655,"CAFI_P042",50
"12102",-822.804348103993,"CAFI_P042",100
"12103",-0.00575810397276655,"CAFI_P042",25
"12104",-0.00575810397276655,"CAFI_P042",50
"12105",218.917201896023,"CAFI_P042",100
"12106",-0.00575810397276655,"CAFI_P042",25
"12107",-0.00575810397276655,"CAFI_P042",50
"12108",1313.38973189599,"CAFI_P042",100
"12109",-0.00575810397276655,"CAFI_P042",25
"12110",-0.00575810397276655,"CAFI_P042",50
"12111",571.437181896006,"CAFI_P042",100
"12112",-0.00575810397276655,"CAFI_P042",25
"12113",-0.00575810397276655,"CAFI_P042",50
"12114",-338.94095810398,"CAFI_P042",100
"12115",-0.00575810397276655,"CAFI_P042",25
"12116",-0.00575810397276655,"CAFI_P042",50
"12117",905.564141896029,"CAFI_P042",100
"12118",-0.00575810397276655,"CAFI_P042",25
"12119",-0.00575810397276655,"CAFI_P042",50
"12120",1970.94884189602,"CAFI_P042",100
"12121",-0.00575810397276655,"CAFI_P042",25
"12122",-0.00575810397276655,"CAFI_P042",50
"12123",-57.4205581040005,"CAFI_P042",100
"12124",-0.00575810397276655,"CAFI_P042",25
"12125",-0.00575810397276655,"CAFI_P042",50
"12126",-5641.96785810398,"CAFI_P042",100
"12127",-0.00575810397276655,"CAFI_P042",25
"12128",-0.00575810397276655,"CAFI_P042",50
"12129",-148.06423810398,"CAFI_P042",100
"12130",-0.00575810397276655,"CAFI_P042",25
"12131",-0.00575810397276655,"CAFI_P042",50
"12132",5912.104881896,"CAFI_P042",100
"12133",-0.00575810397276655,"CAFI_P042",25
"12134",-0.00575810397276655,"CAFI_P042",50
"12135",643.717841895996,"CAFI_P042",100
"12136",-0.00575810397276655,"CAFI_P042",25
"12137",-0.00575810397276655,"CAFI_P042",50
"12138",382.561461895995,"CAFI_P042",100
"12139",-0.00575810397276655,"CAFI_P042",25
"12140",-0.00575810397276655,"CAFI_P042",50
"12141",-26.5567681039684,"CAFI_P042",100
"12142",-0.00575810397276655,"CAFI_P042",25
"12143",-0.00575810397276655,"CAFI_P042",50
"12144",-153.086658103974,"CAFI_P042",100
"12145",-0.00575810397276655,"CAFI_P042",25
"12146",-0.00575810397276655,"CAFI_P042",50
"12147",-87.5793181039626,"CAFI_P042",100
"12148",-0.00575810397276655,"CAFI_P042",25
"12149",-0.00575810397276655,"CAFI_P042",50
"12150",-5307.52389810397,"CAFI_P042",100
"12151",-0.00575810397276655,"CAFI_P042",25
"12152",-0.00575810397276655,"CAFI_P042",50
"12153",-536.113978103967,"CAFI_P042",100
"12154",-0.00575810397276655,"CAFI_P042",25
"12155",-0.00575810397276655,"CAFI_P042",50
"12156",-833.666258103971,"CAFI_P042",100
"12157",-0.00575810397276655,"CAFI_P042",25
"12158",-0.00575810397276655,"CAFI_P042",50
"12159",306.526341896039,"CAFI_P042",100
"12160",-0.00575810397276655,"CAFI_P042",25
"12161",-0.00575810397276655,"CAFI_P042",50
"12162",259.690341896028,"CAFI_P042",100
"12163",-0.00575810397276655,"CAFI_P042",25
"12164",-0.00575810397276655,"CAFI_P042",50
"12165",27.7816318960395,"CAFI_P042",100
"12166",-0.00575810397276655,"CAFI_P042",25
"12167",-0.00575810397276655,"CAFI_P042",50
"12168",-885.775208103994,"CAFI_P042",100
"12169",-0.00575810397276655,"CAFI_P042",25
"12170",-0.00575810397276655,"CAFI_P042",50
"12171",8582.09444189601,"CAFI_P042",100
"12172",-0.00575810397276655,"CAFI_P042",25
"12173",-0.00575810397276655,"CAFI_P042",50
"12174",-856.834108103998,"CAFI_P042",100
"12175",-0.00575810397276655,"CAFI_P042",25
"12176",-0.00575810397276655,"CAFI_P042",50
"12177",2339.65564189601,"CAFI_P042",100
"12178",-0.00575810397276655,"CAFI_P042",25
"12179",-0.00575810397276655,"CAFI_P042",50
"12180",489.954041896039,"CAFI_P042",100
"12181",-0.00575810397276655,"CAFI_P042",25
"12182",-0.00575810397276655,"CAFI_P042",50
"12183",-7692.32425810397,"CAFI_P042",100
"12184",-0.00575810397276655,"CAFI_P042",25
"12185",-0.00575810397276655,"CAFI_P042",50
"12186",-8333.96805810399,"CAFI_P042",100
"12187",-0.00575810397276655,"CAFI_P042",25
"12188",-0.00575810397276655,"CAFI_P042",50
"12189",-848.788758103969,"CAFI_P042",100
"12190",-0.00575810397276655,"CAFI_P042",25
"12191",-0.00575810397276655,"CAFI_P042",50
"12192",-714.259558103979,"CAFI_P042",100
"12193",-0.00575810397276655,"CAFI_P042",25
"12194",-0.00575810397276655,"CAFI_P042",50
"12195",-757.155358103977,"CAFI_P042",100
"12196",-0.00575810397276655,"CAFI_P042",25
"12197",-0.00575810397276655,"CAFI_P042",50
"12198",-1350.48160810396,"CAFI_P042",100
"12199",-0.00575810397276655,"CAFI_P042",25
"12200",-0.00575810397276655,"CAFI_P042",50
"12201",-171.990388103994,"CAFI_P042",100
"12202",-0.00575810397276655,"CAFI_P042",25
"12203",-0.00575810397276655,"CAFI_P042",50
"12204",612.545741896029,"CAFI_P042",100
"12205",-0.00575810397276655,"CAFI_P042",25
"12206",-0.00575810397276655,"CAFI_P042",50
"12207",-776.884318103956,"CAFI_P042",100
"12208",-0.00575810397276655,"CAFI_P042",25
"12209",-0.00575810397276655,"CAFI_P042",50
"12210",-4271.34675810399,"CAFI_P042",100
"12211",-0.00575810397276655,"CAFI_P042",25
"12212",-0.00575810397276655,"CAFI_P042",50
"12213",195.155941896024,"CAFI_P042",100
"12214",-0.00575810397276655,"CAFI_P042",25
"12215",-0.00575810397276655,"CAFI_P042",50
"12216",-1992.697458104,"CAFI_P042",100
"12217",-0.00575810397276655,"CAFI_P042",25
"12218",-0.00575810397276655,"CAFI_P042",50
"12219",-18.7963581039803,"CAFI_P042",100
"12220",-0.00575810397276655,"CAFI_P042",25
"12221",-0.00575810397276655,"CAFI_P042",50
"12222",2009.04564189602,"CAFI_P042",100
"12223",-0.00575810397276655,"CAFI_P042",25
"12224",-0.00575810397276655,"CAFI_P042",50
"12225",-37.7356581040076,"CAFI_P042",100
"12226",-0.00575810397276655,"CAFI_P042",25
"12227",-0.00575810397276655,"CAFI_P042",50
"12228",64.0662218960351,"CAFI_P042",100
"12229",-0.00575810397276655,"CAFI_P042",25
"12230",-0.00575810397276655,"CAFI_P042",50
"12231",8526.752141896,"CAFI_P042",100
"12232",-0.00575810397276655,"CAFI_P042",25
"12233",-0.00575810397276655,"CAFI_P042",50
"12234",-523.250998103991,"CAFI_P042",100
"12235",-0.00575810397276655,"CAFI_P042",25
"12236",-0.00575810397276655,"CAFI_P042",50
"12237",-837.499908103957,"CAFI_P042",100
"12238",-0.00575810397276655,"CAFI_P042",25
"12239",-0.00575810397276655,"CAFI_P042",50
"12240",-659.176678103977,"CAFI_P042",100
"12241",-0.00575810397276655,"CAFI_P042",25
"12242",-0.00575810397276655,"CAFI_P042",50
"12243",-566.249058104004,"CAFI_P042",100
"12244",-0.00575810397276655,"CAFI_P042",25
"12245",-0.00575810397276655,"CAFI_P042",50
"12246",-4430.86375810398,"CAFI_P042",100
"12247",-0.00575810397276655,"CAFI_P042",25
"12248",-0.00575810397276655,"CAFI_P042",50
"12249",-608.186768103973,"CAFI_P042",100
"12250",-0.00575810397276655,"CAFI_P042",25
"12251",-0.00575810397276655,"CAFI_P042",50
"12252",-182.312358103984,"CAFI_P042",100
"12253",-0.00575810397276655,"CAFI_P042",25
"12254",-0.00575810397276655,"CAFI_P042",50
"12255",-7.35492810397409,"CAFI_P042",100
"12256",-0.00575810397276655,"CAFI_P042",25
"12257",-0.00575810397276655,"CAFI_P042",50
"12258",-7.00428810395533,"CAFI_P042",100
"12259",-0.00575810397276655,"CAFI_P042",25
"12260",-0.00575810397276655,"CAFI_P042",50
"12261",889.80732189602,"CAFI_P042",100
"12262",-0.00575810397276655,"CAFI_P042",25
"12263",-0.00575810397276655,"CAFI_P042",50
"12264",-1726.57775810396,"CAFI_P042",100
"12265",-0.00575810397276655,"CAFI_P042",25
"12266",-0.00575810397276655,"CAFI_P042",50
"12267",2090.99274189601,"CAFI_P042",100
"12268",-0.00575810397276655,"CAFI_P042",25
"12269",-0.00575810397276655,"CAFI_P042",50
"12270",-2453.63155810395,"CAFI_P042",100
"12271",-0.00575810397276655,"CAFI_P042",25
"12272",-0.00575810397276655,"CAFI_P042",50
"12273",-204.398828103964,"CAFI_P042",100
"12274",-0.00575810397276655,"CAFI_P042",25
"12275",-0.00575810397276655,"CAFI_P042",50
"12276",844.553841896006,"CAFI_P042",100
"12277",-0.00575810397276655,"CAFI_P042",25
"12278",-0.00575810397276655,"CAFI_P042",50
"12279",-5841.43676810397,"CAFI_P042",100
"12280",-0.00575810397276655,"CAFI_P042",25
"12281",-0.00575810397276655,"CAFI_P042",50
"12282",3.86654189601541,"CAFI_P042",100
"12283",-0.00575810397276655,"CAFI_P042",25
"12284",-0.00575810397276655,"CAFI_P042",50
"12285",-2112.006648104,"CAFI_P042",100
"12286",-0.00575810397276655,"CAFI_P042",25
"12287",-0.00575810397276655,"CAFI_P042",50
"12288",-4889.10375810397,"CAFI_P042",100
"12289",-0.00575810397276655,"CAFI_P042",25
"12290",-0.00575810397276655,"CAFI_P042",50
"12291",358.529081896006,"CAFI_P042",100
"12292",-0.00575810397276655,"CAFI_P042",25
"12293",-0.00575810397276655,"CAFI_P042",50
"12294",-1247.42239810398,"CAFI_P042",100
"12295",-0.00575810397276655,"CAFI_P042",25
"12296",-0.00575810397276655,"CAFI_P042",50
"12297",-2126.40119810397,"CAFI_P042",100
"12298",-0.00575810397276655,"CAFI_P042",25
"12299",-0.00575810397276655,"CAFI_P042",50
"12300",-8.36540810397128,"CAFI_P042",100
"12301",-189.99301460298,"CAFI_P043",25
"12302",1416.03849539702,"CAFI_P043",50
"12303",3410.96648539702,"CAFI_P043",100
"12304",130.25307539702,"CAFI_P043",25
"12305",9916.01668539701,"CAFI_P043",50
"12306",2807.48567539701,"CAFI_P043",100
"12307",1135.13155539701,"CAFI_P043",25
"12308",1630.673995397,"CAFI_P043",50
"12309",3210.163145397,"CAFI_P043",100
"12310",1120.103855397,"CAFI_P043",25
"12311",234.212125396996,"CAFI_P043",50
"12312",4793.695545397,"CAFI_P043",100
"12313",71.4237853969971,"CAFI_P043",25
"12314",2968.01379539701,"CAFI_P043",50
"12315",4600.89926539702,"CAFI_P043",100
"12316",1936.17814539702,"CAFI_P043",25
"12317",621.632765396993,"CAFI_P043",50
"12318",2345.99880539702,"CAFI_P043",100
"12319",800.464185396995,"CAFI_P043",25
"12320",2986.423285397,"CAFI_P043",50
"12321",2864.49445539701,"CAFI_P043",100
"12322",1400.685565397,"CAFI_P043",25
"12323",884.465225396998,"CAFI_P043",50
"12324",2152.66342539701,"CAFI_P043",100
"12325",742.495975397003,"CAFI_P043",25
"12326",-669.657234602986,"CAFI_P043",50
"12327",12802.936825397,"CAFI_P043",100
"12328",-48.2621746030054,"CAFI_P043",25
"12329",-290.146464602993,"CAFI_P043",50
"12330",11354.884045397,"CAFI_P043",100
"12331",914.256265397009,"CAFI_P043",25
"12332",3168.99138539701,"CAFI_P043",50
"12333",1978.88955539701,"CAFI_P043",100
"12334",305.48308539702,"CAFI_P043",25
"12335",-615.191614602983,"CAFI_P043",50
"12336",3272.229765397,"CAFI_P043",100
"12337",-380.155174602987,"CAFI_P043",25
"12338",1408.23637539701,"CAFI_P043",50
"12339",782.940725396998,"CAFI_P043",100
"12340",817.411695396993,"CAFI_P043",25
"12341",343.343505397002,"CAFI_P043",50
"12342",1293.61350539699,"CAFI_P043",100
"12343",2556.46990539701,"CAFI_P043",25
"12344",1798.60360539702,"CAFI_P043",50
"12345",6195.41925539702,"CAFI_P043",100
"12346",319.270635396999,"CAFI_P043",25
"12347",4416.242095397,"CAFI_P043",50
"12348",8803.925605397,"CAFI_P043",100
"12349",2477.12370539701,"CAFI_P043",25
"12350",1951.21171539702,"CAFI_P043",50
"12351",-219.302714602993,"CAFI_P043",100
"12352",987.10967539702,"CAFI_P043",25
"12353",310.614865397016,"CAFI_P043",50
"12354",10006.192365397,"CAFI_P043",100
"12355",2126.76525539701,"CAFI_P043",25
"12356",1543.41629539701,"CAFI_P043",50
"12357",1807.73707539702,"CAFI_P043",100
"12358",1013.82717539702,"CAFI_P043",25
"12359",2539.58182539701,"CAFI_P043",50
"12360",3737.02630539701,"CAFI_P043",100
"12361",31.9910753970034,"CAFI_P043",25
"12362",1955.330085397,"CAFI_P043",50
"12363",3869.376685397,"CAFI_P043",100
"12364",-328.381374602992,"CAFI_P043",25
"12365",7141.58176539702,"CAFI_P043",50
"12366",3557.025355397,"CAFI_P043",100
"12367",694.501045397017,"CAFI_P043",25
"12368",1828.143495397,"CAFI_P043",50
"12369",5134.44488539701,"CAFI_P043",100
"12370",4833.83478539702,"CAFI_P043",25
"12371",1538.512295397,"CAFI_P043",50
"12372",750.510065397015,"CAFI_P043",100
"12373",960.851955396996,"CAFI_P043",25
"12374",3138.69462539701,"CAFI_P043",50
"12375",1896.920525397,"CAFI_P043",100
"12376",940.918435397005,"CAFI_P043",25
"12377",11360.673355397,"CAFI_P043",50
"12378",3114.61074539702,"CAFI_P043",100
"12379",321.824865397008,"CAFI_P043",25
"12380",555.294565396995,"CAFI_P043",50
"12381",9041.77570539701,"CAFI_P043",100
"12382",1381.47542539702,"CAFI_P043",25
"12383",2193.95876539699,"CAFI_P043",50
"12384",11070.726875397,"CAFI_P043",100
"12385",3385.548575397,"CAFI_P043",25
"12386",-392.289434603008,"CAFI_P043",50
"12387",3306.496655397,"CAFI_P043",100
"12388",499.158695396996,"CAFI_P043",25
"12389",3782.75005539702,"CAFI_P043",50
"12390",8070.907645397,"CAFI_P043",100
"12391",-737.281964602997,"CAFI_P043",25
"12392",5017.28123539701,"CAFI_P043",50
"12393",960.723295397009,"CAFI_P043",100
"12394",4461.88388539699,"CAFI_P043",25
"12395",1383.878405397,"CAFI_P043",50
"12396",4255.76848539701,"CAFI_P043",100
"12397",1886.74130539701,"CAFI_P043",25
"12398",2339.889875397,"CAFI_P043",50
"12399",1502.91311539701,"CAFI_P043",100
"12400",151.24599539701,"CAFI_P043",25
"12401",2374.35706539699,"CAFI_P043",50
"12402",5437.599475397,"CAFI_P043",100
"12403",3600.02294539701,"CAFI_P043",25
"12404",1544.13792539699,"CAFI_P043",50
"12405",3441.26155539701,"CAFI_P043",100
"12406",2055.59385539702,"CAFI_P043",25
"12407",2224.391435397,"CAFI_P043",50
"12408",1524.236465397,"CAFI_P043",100
"12409",327.154625397001,"CAFI_P043",25
"12410",7.65362539701164,"CAFI_P043",50
"12411",2515.06617539702,"CAFI_P043",100
"12412",1279.07008539702,"CAFI_P043",25
"12413",11620.908755397,"CAFI_P043",50
"12414",5276.79559539701,"CAFI_P043",100
"12415",448.375275397004,"CAFI_P043",25
"12416",2904.77210539702,"CAFI_P043",50
"12417",15327.064035397,"CAFI_P043",100
"12418",118.330055397004,"CAFI_P043",25
"12419",4813.40004539699,"CAFI_P043",50
"12420",3489.669975397,"CAFI_P043",100
"12421",663.458915397001,"CAFI_P043",25
"12422",1440.39926539702,"CAFI_P043",50
"12423",3819.08358539702,"CAFI_P043",100
"12424",1450.58572539702,"CAFI_P043",25
"12425",-165.082164602994,"CAFI_P043",50
"12426",2040.26994539701,"CAFI_P043",100
"12427",-215.257654602989,"CAFI_P043",25
"12428",-135.009104602999,"CAFI_P043",50
"12429",6357.98978539702,"CAFI_P043",100
"12430",2166.71542539701,"CAFI_P043",25
"12431",2659.05293539702,"CAFI_P043",50
"12432",6681.024675397,"CAFI_P043",100
"12433",861.761435396998,"CAFI_P043",25
"12434",3833.34576539701,"CAFI_P043",50
"12435",5643.843615397,"CAFI_P043",100
"12436",105.93349539701,"CAFI_P043",25
"12437",4038.830895397,"CAFI_P043",50
"12438",3956.41934539701,"CAFI_P043",100
"12439",164.66058539701,"CAFI_P043",25
"12440",6824.54702539701,"CAFI_P043",50
"12441",2976.269465397,"CAFI_P043",100
"12442",126.295275397017,"CAFI_P043",25
"12443",2168.61481539701,"CAFI_P043",50
"12444",3011.11061539702,"CAFI_P043",100
"12445",3302.47058539701,"CAFI_P043",25
"12446",1629.825605397,"CAFI_P043",50
"12447",5199.096605397,"CAFI_P043",100
"12448",863.714495396998,"CAFI_P043",25
"12449",4294.07999539701,"CAFI_P043",50
"12450",-569.655144602992,"CAFI_P043",100
"12451",-87.664584602986,"CAFI_P043",25
"12452",-201.367034602998,"CAFI_P043",50
"12453",2431.801675397,"CAFI_P043",100
"12454",3633.13178539701,"CAFI_P043",25
"12455",989.268415397004,"CAFI_P043",50
"12456",1619.32663539701,"CAFI_P043",100
"12457",551.525215397007,"CAFI_P043",25
"12458",2379.89932539701,"CAFI_P043",50
"12459",2188.264455397,"CAFI_P043",100
"12460",238.180105397012,"CAFI_P043",25
"12461",1737.61682539701,"CAFI_P043",50
"12462",5136.62565539702,"CAFI_P043",100
"12463",1133.845125397,"CAFI_P043",25
"12464",878.559115397016,"CAFI_P043",50
"12465",9061.898765397,"CAFI_P043",100
"12466",1822.49346539701,"CAFI_P043",25
"12467",183.780035397009,"CAFI_P043",50
"12468",3923.67611539701,"CAFI_P043",100
"12469",669.686255397013,"CAFI_P043",25
"12470",1398.69347539701,"CAFI_P043",50
"12471",13549.990195397,"CAFI_P043",100
"12472",1699.285205397,"CAFI_P043",25
"12473",4160.83624539702,"CAFI_P043",50
"12474",6500.27367539701,"CAFI_P043",100
"12475",-266.382134602987,"CAFI_P043",25
"12476",455.955035396997,"CAFI_P043",50
"12477",7417.57358539701,"CAFI_P043",100
"12478",2296.755905397,"CAFI_P043",25
"12479",10285.508995397,"CAFI_P043",50
"12480",4311.35207539701,"CAFI_P043",100
"12481",-314.204204602982,"CAFI_P043",25
"12482",3043.087485397,"CAFI_P043",50
"12483",1563.172685397,"CAFI_P043",100
"12484",776.527045397001,"CAFI_P043",25
"12485",292.138965396996,"CAFI_P043",50
"12486",6.89585539701511,"CAFI_P043",100
"12487",3251.063665397,"CAFI_P043",25
"12488",8832.19798539701,"CAFI_P043",50
"12489",1889.601505397,"CAFI_P043",100
"12490",2374.295495397,"CAFI_P043",25
"12491",3648.51272539701,"CAFI_P043",50
"12492",629.526975397021,"CAFI_P043",100
"12493",914.559245397017,"CAFI_P043",25
"12494",2435.53476539699,"CAFI_P043",50
"12495",5848.60259539701,"CAFI_P043",100
"12496",1811.20642539702,"CAFI_P043",25
"12497",1082.93643539702,"CAFI_P043",50
"12498",1073.038015397,"CAFI_P043",100
"12499",903.484135397011,"CAFI_P043",25
"12500",1751.699505397,"CAFI_P043",50
"12501",6408.05690539701,"CAFI_P043",100
"12502",291.909515397012,"CAFI_P043",25
"12503",1229.792005397,"CAFI_P043",50
"12504",3275.223305397,"CAFI_P043",100
"12505",1052.44949539701,"CAFI_P043",25
"12506",-447.846224602981,"CAFI_P043",50
"12507",6200.69295539701,"CAFI_P043",100
"12508",418.160465396999,"CAFI_P043",25
"12509",11916.326135397,"CAFI_P043",50
"12510",3218.08956539701,"CAFI_P043",100
"12511",72.888765397016,"CAFI_P043",25
"12512",177.225345397019,"CAFI_P043",50
"12513",7581.94073539702,"CAFI_P043",100
"12514",-84.196944602998,"CAFI_P043",25
"12515",3490.076595397,"CAFI_P043",50
"12516",3050.97980539702,"CAFI_P043",100
"12517",298.501465397014,"CAFI_P043",25
"12518",1639.71521539701,"CAFI_P043",50
"12519",7113.34224539701,"CAFI_P043",100
"12520",1024.13182539699,"CAFI_P043",25
"12521",1051.065335397,"CAFI_P043",50
"12522",6292.433375397,"CAFI_P043",100
"12523",113.741965396999,"CAFI_P043",25
"12524",1616.32279539702,"CAFI_P043",50
"12525",1085.844445397,"CAFI_P043",100
"12526",3835.23657539699,"CAFI_P043",25
"12527",1650.31398539702,"CAFI_P043",50
"12528",435.237885397015,"CAFI_P043",100
"12529",719.937835396995,"CAFI_P043",25
"12530",2088.17728539702,"CAFI_P043",50
"12531",2566.28430539701,"CAFI_P043",100
"12532",746.706335397001,"CAFI_P043",25
"12533",920.010545397003,"CAFI_P043",50
"12534",3385.42861539702,"CAFI_P043",100
"12535",1110.922405397,"CAFI_P043",25
"12536",-341.333094603004,"CAFI_P043",50
"12537",3826.244965397,"CAFI_P043",100
"12538",-754.920464602998,"CAFI_P043",25
"12539",2612.815355397,"CAFI_P043",50
"12540",5080.124655397,"CAFI_P043",100
"12541",1544.78589539701,"CAFI_P043",25
"12542",3855.99937539702,"CAFI_P043",50
"12543",7448.058975397,"CAFI_P043",100
"12544",530.533435396996,"CAFI_P043",25
"12545",3593.866465397,"CAFI_P043",50
"12546",2850.63065539702,"CAFI_P043",100
"12547",2329.613445397,"CAFI_P043",25
"12548",13326.722825397,"CAFI_P043",50
"12549",8214.39215539701,"CAFI_P043",100
"12550",2338.871915397,"CAFI_P043",25
"12551",723.965575397015,"CAFI_P043",50
"12552",3956.25240539701,"CAFI_P043",100
"12553",1095.424175397,"CAFI_P043",25
"12554",-238.257414602995,"CAFI_P043",50
"12555",5150.677665397,"CAFI_P043",100
"12556",782.280645396997,"CAFI_P043",25
"12557",6155.56084539701,"CAFI_P043",50
"12558",4506.30569539699,"CAFI_P043",100
"12559",5.20619539701147,"CAFI_P043",25
"12560",1105.71959539701,"CAFI_P043",50
"12561",2001.15547539701,"CAFI_P043",100
"12562",-72.8096046029823,"CAFI_P043",25
"12563",2356.29628539699,"CAFI_P043",50
"12564",10782.874065397,"CAFI_P043",100
"12565",764.130165397015,"CAFI_P043",25
"12566",2907.36275539701,"CAFI_P043",50
"12567",8376.48754539702,"CAFI_P043",100
"12568",8898.27163539702,"CAFI_P043",25
"12569",224.711235397001,"CAFI_P043",50
"12570",277.812065397011,"CAFI_P043",100
"12571",1512.349895397,"CAFI_P043",25
"12572",1298.746475397,"CAFI_P043",50
"12573",3134.932075397,"CAFI_P043",100
"12574",3173.411975397,"CAFI_P043",25
"12575",533.783955396997,"CAFI_P043",50
"12576",849.439155397005,"CAFI_P043",100
"12577",-78.4883546030032,"CAFI_P043",25
"12578",2939.311315397,"CAFI_P043",50
"12579",4618.49453539701,"CAFI_P043",100
"12580",13035.100935397,"CAFI_P043",25
"12581",1544.27343539702,"CAFI_P043",50
"12582",3880.59380539702,"CAFI_P043",100
"12583",-157.594954603002,"CAFI_P043",25
"12584",3657.87670539701,"CAFI_P043",50
"12585",1530.07754539701,"CAFI_P043",100
"12586",266.531855397014,"CAFI_P043",25
"12587",-194.582444603002,"CAFI_P043",50
"12588",3788.88267539701,"CAFI_P043",100
"12589",496.148065396992,"CAFI_P043",25
"12590",10964.334755397,"CAFI_P043",50
"12591",4207.993655397,"CAFI_P043",100
"12592",-95.8192646029929,"CAFI_P043",25
"12593",1653.43007539702,"CAFI_P043",50
"12594",732.80419539701,"CAFI_P043",100
"12595",-181.582874602987,"CAFI_P043",25
"12596",499.59166539702,"CAFI_P043",50
"12597",2422.00570539699,"CAFI_P043",100
"12598",5608.70389539702,"CAFI_P043",25
"12599",-290.111954602995,"CAFI_P043",50
"12600",1909.540025397,"CAFI_P043",100
"12601",-0.00627095298841596,"CAFI_P044",25
"12602",-0.00627095298841596,"CAFI_P044",50
"12603",-0.00627095298841596,"CAFI_P044",100
"12604",-0.00627095298841596,"CAFI_P044",25
"12605",-0.00627095298841596,"CAFI_P044",50
"12606",-0.00627095298841596,"CAFI_P044",100
"12607",-0.00627095298841596,"CAFI_P044",25
"12608",-0.00627095298841596,"CAFI_P044",50
"12609",-0.00627095298841596,"CAFI_P044",100
"12610",-0.00627095298841596,"CAFI_P044",25
"12611",-0.00627095298841596,"CAFI_P044",50
"12612",-0.00627095298841596,"CAFI_P044",100
"12613",-0.00627095298841596,"CAFI_P044",25
"12614",-0.00627095298841596,"CAFI_P044",50
"12615",-0.00627095298841596,"CAFI_P044",100
"12616",-0.00627095298841596,"CAFI_P044",25
"12617",-0.00627095298841596,"CAFI_P044",50
"12618",-0.00627095298841596,"CAFI_P044",100
"12619",-0.00627095298841596,"CAFI_P044",25
"12620",-0.00627095298841596,"CAFI_P044",50
"12621",-0.00627095298841596,"CAFI_P044",100
"12622",-0.00627095298841596,"CAFI_P044",25
"12623",-0.00627095298841596,"CAFI_P044",50
"12624",-0.00627095298841596,"CAFI_P044",100
"12625",-0.00627095298841596,"CAFI_P044",25
"12626",-0.00627095298841596,"CAFI_P044",50
"12627",-0.00627095298841596,"CAFI_P044",100
"12628",-0.00627095298841596,"CAFI_P044",25
"12629",-0.00627095298841596,"CAFI_P044",50
"12630",-0.00627095298841596,"CAFI_P044",100
"12631",-0.00627095298841596,"CAFI_P044",25
"12632",-0.00627095298841596,"CAFI_P044",50
"12633",-0.00627095298841596,"CAFI_P044",100
"12634",-0.00627095298841596,"CAFI_P044",25
"12635",-0.00627095298841596,"CAFI_P044",50
"12636",-0.00627095298841596,"CAFI_P044",100
"12637",-0.00627095298841596,"CAFI_P044",25
"12638",-0.00627095298841596,"CAFI_P044",50
"12639",-0.00627095298841596,"CAFI_P044",100
"12640",-0.00627095298841596,"CAFI_P044",25
"12641",-0.00627095298841596,"CAFI_P044",50
"12642",-0.00627095298841596,"CAFI_P044",100
"12643",-0.00627095298841596,"CAFI_P044",25
"12644",-0.00627095298841596,"CAFI_P044",50
"12645",-0.00627095298841596,"CAFI_P044",100
"12646",-0.00627095298841596,"CAFI_P044",25
"12647",-0.00627095298841596,"CAFI_P044",50
"12648",-0.00627095298841596,"CAFI_P044",100
"12649",-0.00627095298841596,"CAFI_P044",25
"12650",-0.00627095298841596,"CAFI_P044",50
"12651",-0.00627095298841596,"CAFI_P044",100
"12652",-0.00627095298841596,"CAFI_P044",25
"12653",-0.00627095298841596,"CAFI_P044",50
"12654",-0.00627095298841596,"CAFI_P044",100
"12655",-0.00627095298841596,"CAFI_P044",25
"12656",-0.00627095298841596,"CAFI_P044",50
"12657",-0.00627095298841596,"CAFI_P044",100
"12658",-0.00627095298841596,"CAFI_P044",25
"12659",-0.00627095298841596,"CAFI_P044",50
"12660",-0.00627095298841596,"CAFI_P044",100
"12661",-0.00627095298841596,"CAFI_P044",25
"12662",-0.00627095298841596,"CAFI_P044",50
"12663",-0.00627095298841596,"CAFI_P044",100
"12664",-0.00627095298841596,"CAFI_P044",25
"12665",-0.00627095298841596,"CAFI_P044",50
"12666",-0.00627095298841596,"CAFI_P044",100
"12667",-0.00627095298841596,"CAFI_P044",25
"12668",-0.00627095298841596,"CAFI_P044",50
"12669",-0.00627095298841596,"CAFI_P044",100
"12670",-0.00627095298841596,"CAFI_P044",25
"12671",-0.00627095298841596,"CAFI_P044",50
"12672",-0.00627095298841596,"CAFI_P044",100
"12673",-0.00627095298841596,"CAFI_P044",25
"12674",-0.00627095298841596,"CAFI_P044",50
"12675",-0.00627095298841596,"CAFI_P044",100
"12676",-0.00627095298841596,"CAFI_P044",25
"12677",-0.00627095298841596,"CAFI_P044",50
"12678",-0.00627095298841596,"CAFI_P044",100
"12679",-0.00627095298841596,"CAFI_P044",25
"12680",-0.00627095298841596,"CAFI_P044",50
"12681",-0.00627095298841596,"CAFI_P044",100
"12682",-0.00627095298841596,"CAFI_P044",25
"12683",-0.00627095298841596,"CAFI_P044",50
"12684",-0.00627095298841596,"CAFI_P044",100
"12685",-0.00627095298841596,"CAFI_P044",25
"12686",-0.00627095298841596,"CAFI_P044",50
"12687",-0.00627095298841596,"CAFI_P044",100
"12688",-0.00627095298841596,"CAFI_P044",25
"12689",-0.00627095298841596,"CAFI_P044",50
"12690",-0.00627095298841596,"CAFI_P044",100
"12691",-0.00627095298841596,"CAFI_P044",25
"12692",-0.00627095298841596,"CAFI_P044",50
"12693",-0.00627095298841596,"CAFI_P044",100
"12694",-0.00627095298841596,"CAFI_P044",25
"12695",-0.00627095298841596,"CAFI_P044",50
"12696",-0.00627095298841596,"CAFI_P044",100
"12697",-0.00627095298841596,"CAFI_P044",25
"12698",-0.00627095298841596,"CAFI_P044",50
"12699",-0.00627095298841596,"CAFI_P044",100
"12700",-0.00627095298841596,"CAFI_P044",25
"12701",-0.00627095298841596,"CAFI_P044",50
"12702",-0.00627095298841596,"CAFI_P044",100
"12703",-0.00627095298841596,"CAFI_P044",25
"12704",-0.00627095298841596,"CAFI_P044",50
"12705",-0.00627095298841596,"CAFI_P044",100
"12706",-0.00627095298841596,"CAFI_P044",25
"12707",-0.00627095298841596,"CAFI_P044",50
"12708",-0.00627095298841596,"CAFI_P044",100
"12709",-0.00627095298841596,"CAFI_P044",25
"12710",-0.00627095298841596,"CAFI_P044",50
"12711",-0.00627095298841596,"CAFI_P044",100
"12712",-0.00627095298841596,"CAFI_P044",25
"12713",-0.00627095298841596,"CAFI_P044",50
"12714",-0.00627095298841596,"CAFI_P044",100
"12715",-0.00627095298841596,"CAFI_P044",25
"12716",-0.00627095298841596,"CAFI_P044",50
"12717",-0.00627095298841596,"CAFI_P044",100
"12718",-0.00627095298841596,"CAFI_P044",25
"12719",-0.00627095298841596,"CAFI_P044",50
"12720",-0.00627095298841596,"CAFI_P044",100
"12721",-0.00627095298841596,"CAFI_P044",25
"12722",-0.00627095298841596,"CAFI_P044",50
"12723",-0.00627095298841596,"CAFI_P044",100
"12724",-0.00627095298841596,"CAFI_P044",25
"12725",-0.00627095298841596,"CAFI_P044",50
"12726",-0.00627095298841596,"CAFI_P044",100
"12727",-0.00627095298841596,"CAFI_P044",25
"12728",-0.00627095298841596,"CAFI_P044",50
"12729",-0.00627095298841596,"CAFI_P044",100
"12730",-0.00627095298841596,"CAFI_P044",25
"12731",-0.00627095298841596,"CAFI_P044",50
"12732",-0.00627095298841596,"CAFI_P044",100
"12733",-0.00627095298841596,"CAFI_P044",25
"12734",-0.00627095298841596,"CAFI_P044",50
"12735",-0.00627095298841596,"CAFI_P044",100
"12736",-0.00627095298841596,"CAFI_P044",25
"12737",-0.00627095298841596,"CAFI_P044",50
"12738",-0.00627095298841596,"CAFI_P044",100
"12739",-0.00627095298841596,"CAFI_P044",25
"12740",-0.00627095298841596,"CAFI_P044",50
"12741",-0.00627095298841596,"CAFI_P044",100
"12742",-0.00627095298841596,"CAFI_P044",25
"12743",-0.00627095298841596,"CAFI_P044",50
"12744",-0.00627095298841596,"CAFI_P044",100
"12745",-0.00627095298841596,"CAFI_P044",25
"12746",-0.00627095298841596,"CAFI_P044",50
"12747",-0.00627095298841596,"CAFI_P044",100
"12748",-0.00627095298841596,"CAFI_P044",25
"12749",-0.00627095298841596,"CAFI_P044",50
"12750",-0.00627095298841596,"CAFI_P044",100
"12751",-0.00627095298841596,"CAFI_P044",25
"12752",-0.00627095298841596,"CAFI_P044",50
"12753",-0.00627095298841596,"CAFI_P044",100
"12754",-0.00627095298841596,"CAFI_P044",25
"12755",-0.00627095298841596,"CAFI_P044",50
"12756",-0.00627095298841596,"CAFI_P044",100
"12757",-0.00627095298841596,"CAFI_P044",25
"12758",-0.00627095298841596,"CAFI_P044",50
"12759",-0.00627095298841596,"CAFI_P044",100
"12760",-0.00627095298841596,"CAFI_P044",25
"12761",-0.00627095298841596,"CAFI_P044",50
"12762",-0.00627095298841596,"CAFI_P044",100
"12763",-0.00627095298841596,"CAFI_P044",25
"12764",-0.00627095298841596,"CAFI_P044",50
"12765",-0.00627095298841596,"CAFI_P044",100
"12766",-0.00627095298841596,"CAFI_P044",25
"12767",-0.00627095298841596,"CAFI_P044",50
"12768",-0.00627095298841596,"CAFI_P044",100
"12769",-0.00627095298841596,"CAFI_P044",25
"12770",-0.00627095298841596,"CAFI_P044",50
"12771",-0.00627095298841596,"CAFI_P044",100
"12772",-0.00627095298841596,"CAFI_P044",25
"12773",-0.00627095298841596,"CAFI_P044",50
"12774",-0.00627095298841596,"CAFI_P044",100
"12775",-0.00627095298841596,"CAFI_P044",25
"12776",-0.00627095298841596,"CAFI_P044",50
"12777",-0.00627095298841596,"CAFI_P044",100
"12778",-0.00627095298841596,"CAFI_P044",25
"12779",-0.00627095298841596,"CAFI_P044",50
"12780",-0.00627095298841596,"CAFI_P044",100
"12781",-0.00627095298841596,"CAFI_P044",25
"12782",-0.00627095298841596,"CAFI_P044",50
"12783",-0.00627095298841596,"CAFI_P044",100
"12784",-0.00627095298841596,"CAFI_P044",25
"12785",-0.00627095298841596,"CAFI_P044",50
"12786",-0.00627095298841596,"CAFI_P044",100
"12787",-0.00627095298841596,"CAFI_P044",25
"12788",-0.00627095298841596,"CAFI_P044",50
"12789",-0.00627095298841596,"CAFI_P044",100
"12790",-0.00627095298841596,"CAFI_P044",25
"12791",-0.00627095298841596,"CAFI_P044",50
"12792",-0.00627095298841596,"CAFI_P044",100
"12793",-0.00627095298841596,"CAFI_P044",25
"12794",-0.00627095298841596,"CAFI_P044",50
"12795",-0.00627095298841596,"CAFI_P044",100
"12796",-0.00627095298841596,"CAFI_P044",25
"12797",-0.00627095298841596,"CAFI_P044",50
"12798",-0.00627095298841596,"CAFI_P044",100
"12799",-0.00627095298841596,"CAFI_P044",25
"12800",-0.00627095298841596,"CAFI_P044",50
"12801",-0.00627095298841596,"CAFI_P044",100
"12802",-0.00627095298841596,"CAFI_P044",25
"12803",-0.00627095298841596,"CAFI_P044",50
"12804",-0.00627095298841596,"CAFI_P044",100
"12805",-0.00627095298841596,"CAFI_P044",25
"12806",-0.00627095298841596,"CAFI_P044",50
"12807",-0.00627095298841596,"CAFI_P044",100
"12808",-0.00627095298841596,"CAFI_P044",25
"12809",-0.00627095298841596,"CAFI_P044",50
"12810",-0.00627095298841596,"CAFI_P044",100
"12811",-0.00627095298841596,"CAFI_P044",25
"12812",-0.00627095298841596,"CAFI_P044",50
"12813",-0.00627095298841596,"CAFI_P044",100
"12814",-0.00627095298841596,"CAFI_P044",25
"12815",-0.00627095298841596,"CAFI_P044",50
"12816",-0.00627095298841596,"CAFI_P044",100
"12817",-0.00627095298841596,"CAFI_P044",25
"12818",-0.00627095298841596,"CAFI_P044",50
"12819",-0.00627095298841596,"CAFI_P044",100
"12820",-0.00627095298841596,"CAFI_P044",25
"12821",-0.00627095298841596,"CAFI_P044",50
"12822",-0.00627095298841596,"CAFI_P044",100
"12823",-0.00627095298841596,"CAFI_P044",25
"12824",-0.00627095298841596,"CAFI_P044",50
"12825",-0.00627095298841596,"CAFI_P044",100
"12826",-0.00627095298841596,"CAFI_P044",25
"12827",-0.00627095298841596,"CAFI_P044",50
"12828",-0.00627095298841596,"CAFI_P044",100
"12829",-0.00627095298841596,"CAFI_P044",25
"12830",-0.00627095298841596,"CAFI_P044",50
"12831",-0.00627095298841596,"CAFI_P044",100
"12832",-0.00627095298841596,"CAFI_P044",25
"12833",-0.00627095298841596,"CAFI_P044",50
"12834",-0.00627095298841596,"CAFI_P044",100
"12835",-0.00627095298841596,"CAFI_P044",25
"12836",-0.00627095298841596,"CAFI_P044",50
"12837",-0.00627095298841596,"CAFI_P044",100
"12838",-0.00627095298841596,"CAFI_P044",25
"12839",-0.00627095298841596,"CAFI_P044",50
"12840",-0.00627095298841596,"CAFI_P044",100
"12841",-0.00627095298841596,"CAFI_P044",25
"12842",-0.00627095298841596,"CAFI_P044",50
"12843",-0.00627095298841596,"CAFI_P044",100
"12844",-0.00627095298841596,"CAFI_P044",25
"12845",-0.00627095298841596,"CAFI_P044",50
"12846",-0.00627095298841596,"CAFI_P044",100
"12847",-0.00627095298841596,"CAFI_P044",25
"12848",-0.00627095298841596,"CAFI_P044",50
"12849",-0.00627095298841596,"CAFI_P044",100
"12850",-0.00627095298841596,"CAFI_P044",25
"12851",-0.00627095298841596,"CAFI_P044",50
"12852",-0.00627095298841596,"CAFI_P044",100
"12853",-0.00627095298841596,"CAFI_P044",25
"12854",-0.00627095298841596,"CAFI_P044",50
"12855",-0.00627095298841596,"CAFI_P044",100
"12856",-0.00627095298841596,"CAFI_P044",25
"12857",-0.00627095298841596,"CAFI_P044",50
"12858",-0.00627095298841596,"CAFI_P044",100
"12859",-0.00627095298841596,"CAFI_P044",25
"12860",-0.00627095298841596,"CAFI_P044",50
"12861",-0.00627095298841596,"CAFI_P044",100
"12862",-0.00627095298841596,"CAFI_P044",25
"12863",-0.00627095298841596,"CAFI_P044",50
"12864",-0.00627095298841596,"CAFI_P044",100
"12865",-0.00627095298841596,"CAFI_P044",25
"12866",-0.00627095298841596,"CAFI_P044",50
"12867",-0.00627095298841596,"CAFI_P044",100
"12868",-0.00627095298841596,"CAFI_P044",25
"12869",-0.00627095298841596,"CAFI_P044",50
"12870",-0.00627095298841596,"CAFI_P044",100
"12871",-0.00627095298841596,"CAFI_P044",25
"12872",-0.00627095298841596,"CAFI_P044",50
"12873",-0.00627095298841596,"CAFI_P044",100
"12874",-0.00627095298841596,"CAFI_P044",25
"12875",-0.00627095298841596,"CAFI_P044",50
"12876",-0.00627095298841596,"CAFI_P044",100
"12877",-0.00627095298841596,"CAFI_P044",25
"12878",-0.00627095298841596,"CAFI_P044",50
"12879",-0.00627095298841596,"CAFI_P044",100
"12880",-0.00627095298841596,"CAFI_P044",25
"12881",-0.00627095298841596,"CAFI_P044",50
"12882",-0.00627095298841596,"CAFI_P044",100
"12883",-0.00627095298841596,"CAFI_P044",25
"12884",-0.00627095298841596,"CAFI_P044",50
"12885",-0.00627095298841596,"CAFI_P044",100
"12886",-0.00627095298841596,"CAFI_P044",25
"12887",-0.00627095298841596,"CAFI_P044",50
"12888",-0.00627095298841596,"CAFI_P044",100
"12889",-0.00627095298841596,"CAFI_P044",25
"12890",-0.00627095298841596,"CAFI_P044",50
"12891",-0.00627095298841596,"CAFI_P044",100
"12892",-0.00627095298841596,"CAFI_P044",25
"12893",-0.00627095298841596,"CAFI_P044",50
"12894",-0.00627095298841596,"CAFI_P044",100
"12895",-0.00627095298841596,"CAFI_P044",25
"12896",-0.00627095298841596,"CAFI_P044",50
"12897",-0.00627095298841596,"CAFI_P044",100
"12898",-0.00627095298841596,"CAFI_P044",25
"12899",-0.00627095298841596,"CAFI_P044",50
"12900",-0.00627095298841596,"CAFI_P044",100
"12901",6046.91395615001,"CAFI_P045",25
"12902",-2000.97754385002,"CAFI_P045",50
"12903",-483.37334385002,"CAFI_P045",100
"12904",819.562056149996,"CAFI_P045",25
"12905",1588.76045614999,"CAFI_P045",50
"12906",-2338.34004385001,"CAFI_P045",100
"12907",-1203.14559385,"CAFI_P045",25
"12908",1587.39775614999,"CAFI_P045",50
"12909",-2753.88579385,"CAFI_P045",100
"12910",923.877756149974,"CAFI_P045",25
"12911",-502.668243849999,"CAFI_P045",50
"12912",-525.831873850024,"CAFI_P045",100
"12913",-405.884543850028,"CAFI_P045",25
"12914",-1397.55814385001,"CAFI_P045",50
"12915",-2429.83667385002,"CAFI_P045",100
"12916",-1255.99884385004,"CAFI_P045",25
"12917",-1769.26082385,"CAFI_P045",50
"12918",508.865856149991,"CAFI_P045",100
"12919",-1109.74455385003,"CAFI_P045",25
"12920",-2015.77061385004,"CAFI_P045",50
"12921",-1102.80624385003,"CAFI_P045",100
"12922",-485.168443850009,"CAFI_P045",25
"12923",-483.115443849994,"CAFI_P045",50
"12924",620.376356149965,"CAFI_P045",100
"12925",925.84255614999,"CAFI_P045",25
"12926",-2142.04478385003,"CAFI_P045",50
"12927",-2919.79054385005,"CAFI_P045",100
"12928",-1617.97401385003,"CAFI_P045",25
"12929",-2037.31934385002,"CAFI_P045",50
"12930",-3803.78489385004,"CAFI_P045",100
"12931",-682.887643850001,"CAFI_P045",25
"12932",-1233.23274385004,"CAFI_P045",50
"12933",-1957.43489385,"CAFI_P045",100
"12934",-1123.81188385002,"CAFI_P045",25
"12935",-1279.37654385,"CAFI_P045",50
"12936",-2466.23754385003,"CAFI_P045",100
"12937",-1969.43684385001,"CAFI_P045",25
"12938",641.788256149972,"CAFI_P045",50
"12939",-1319.66309385002,"CAFI_P045",100
"12940",-493.325043849996,"CAFI_P045",25
"12941",-2039.10913385003,"CAFI_P045",50
"12942",-2412.21309385,"CAFI_P045",100
"12943",-1427.73069385003,"CAFI_P045",25
"12944",-141.46444385004,"CAFI_P045",50
"12945",678.791056149988,"CAFI_P045",100
"12946",-935.649753850012,"CAFI_P045",25
"12947",-799.828493850015,"CAFI_P045",50
"12948",5937.77515614999,"CAFI_P045",100
"12949",-1829.86854385003,"CAFI_P045",25
"12950",-108.214673850045,"CAFI_P045",50
"12951",807.156356149993,"CAFI_P045",100
"12952",-974.001623850025,"CAFI_P045",25
"12953",-2605.48424385005,"CAFI_P045",50
"12954",723.280356150004,"CAFI_P045",100
"12955",-1636.90603385004,"CAFI_P045",25
"12956",-350.884543850028,"CAFI_P045",50
"12957",-678.231643850042,"CAFI_P045",100
"12958",-585.22014385002,"CAFI_P045",25
"12959",-369.183043850004,"CAFI_P045",50
"12960",8651.77085614996,"CAFI_P045",100
"12961",-2055.60257385002,"CAFI_P045",25
"12962",-705.343643850007,"CAFI_P045",50
"12963",-3721.95239385002,"CAFI_P045",100
"12964",-1078.00934385002,"CAFI_P045",25
"12965",-2062.03454384999,"CAFI_P045",50
"12966",-675.572513849998,"CAFI_P045",100
"12967",-642.945943850034,"CAFI_P045",25
"12968",-1957.10874385003,"CAFI_P045",50
"12969",-1762.24096385,"CAFI_P045",100
"12970",-381.007143850031,"CAFI_P045",25
"12971",616.671456149954,"CAFI_P045",50
"12972",-2580.09606385004,"CAFI_P045",100
"12973",393.381656149984,"CAFI_P045",25
"12974",782.192706150003,"CAFI_P045",50
"12975",13992.47128615,"CAFI_P045",100
"12976",-1198.96644385002,"CAFI_P045",25
"12977",-1469.26483385003,"CAFI_P045",50
"12978",4251.17005615,"CAFI_P045",100
"12979",-86.1398438500473,"CAFI_P045",25
"12980",-1938.90844385,"CAFI_P045",50
"12981",-1761.58184385003,"CAFI_P045",100
"12982",194.34315614996,"CAFI_P045",25
"12983",-1342.27244385,"CAFI_P045",50
"12984",-2091.36464385001,"CAFI_P045",100
"12985",537.47715614998,"CAFI_P045",25
"12986",88.0295561499661,"CAFI_P045",50
"12987",-3380.52116385003,"CAFI_P045",100
"12988",11200.50875615,"CAFI_P045",25
"12989",-1564.01225385,"CAFI_P045",50
"12990",-2144.62896385003,"CAFI_P045",100
"12991",-1485.29564385,"CAFI_P045",25
"12992",-768.363043849997,"CAFI_P045",50
"12993",-2365.23608385003,"CAFI_P045",100
"12994",-625.580343850015,"CAFI_P045",25
"12995",-1456.97614385001,"CAFI_P045",50
"12996",-1162.49974385003,"CAFI_P045",100
"12997",-830.389343850024,"CAFI_P045",25
"12998",-269.330143850006,"CAFI_P045",50
"12999",-1585.90321385005,"CAFI_P045",100
"13000",-392.353443850006,"CAFI_P045",25
"13001",-1886.11784385005,"CAFI_P045",50
"13002",-3450.48859384999,"CAFI_P045",100
"13003",-435.841643850028,"CAFI_P045",25
"13004",495.679256149975,"CAFI_P045",50
"13005",-1937.69024385,"CAFI_P045",100
"13006",-329.977043849998,"CAFI_P045",25
"13007",7768.58529615001,"CAFI_P045",50
"13008",-1547.06528385001,"CAFI_P045",100
"13009",683.534156149952,"CAFI_P045",25
"13010",1224.94795614999,"CAFI_P045",50
"13011",-20.0138238500222,"CAFI_P045",100
"13012",2077.86262614996,"CAFI_P045",25
"13013",-828.630943850032,"CAFI_P045",50
"13014",-294.196543850005,"CAFI_P045",100
"13015",-662.027043850045,"CAFI_P045",25
"13016",4727.80247614998,"CAFI_P045",50
"13017",7323.96595614997,"CAFI_P045",100
"13018",-345.165823850024,"CAFI_P045",25
"13019",2208.06691614998,"CAFI_P045",50
"13020",-1514.26922385005,"CAFI_P045",100
"13021",-236.527343850001,"CAFI_P045",25
"13022",-1801.60928385,"CAFI_P045",50
"13023",2321.73518615001,"CAFI_P045",100
"13024",798.387456149969,"CAFI_P045",25
"13025",-593.681243850035,"CAFI_P045",50
"13026",-2885.01484385005,"CAFI_P045",100
"13027",-780.864943850029,"CAFI_P045",25
"13028",-1698.12901385,"CAFI_P045",50
"13029",-320.973463850038,"CAFI_P045",100
"13030",-953.230843850004,"CAFI_P045",25
"13031",-1875.88971385005,"CAFI_P045",50
"13032",-2539.75521385,"CAFI_P045",100
"13033",-1985.25064385001,"CAFI_P045",25
"13034",-1595.08119385003,"CAFI_P045",50
"13035",-492.243043850001,"CAFI_P045",100
"13036",462.604156149959,"CAFI_P045",25
"13037",-1763.30196385004,"CAFI_P045",50
"13038",-1598.57831385004,"CAFI_P045",100
"13039",926.386856149998,"CAFI_P045",25
"13040",4789.98425614997,"CAFI_P045",50
"13041",-3876.77116385003,"CAFI_P045",100
"13042",-875.010153850017,"CAFI_P045",25
"13043",-817.768703850044,"CAFI_P045",50
"13044",-3014.43642385001,"CAFI_P045",100
"13045",-1049.83214385004,"CAFI_P045",25
"13046",12897.37795615,"CAFI_P045",50
"13047",-241.075143850001,"CAFI_P045",100
"13048",922.48225614999,"CAFI_P045",25
"13049",-56.621243850037,"CAFI_P045",50
"13050",-2683.59798385005,"CAFI_P045",100
"13051",-279.317243850033,"CAFI_P045",25
"13052",-1913.39864385,"CAFI_P045",50
"13053",-3027.40056385001,"CAFI_P045",100
"13054",-1334.41588385002,"CAFI_P045",25
"13055",375.017656149983,"CAFI_P045",50
"13056",-2364.39998385002,"CAFI_P045",100
"13057",-1133.44354385004,"CAFI_P045",25
"13058",-1155.84554385004,"CAFI_P045",50
"13059",-3179.97293385002,"CAFI_P045",100
"13060",301.208756149979,"CAFI_P045",25
"13061",-1861.68033385003,"CAFI_P045",50
"13062",-2953.18294385,"CAFI_P045",100
"13063",-652.489843850024,"CAFI_P045",25
"13064",-629.911783849995,"CAFI_P045",50
"13065",-3930.70160385,"CAFI_P045",100
"13066",-1582.25714385003,"CAFI_P045",25
"13067",-1066.44854385004,"CAFI_P045",50
"13068",-147.370043850038,"CAFI_P045",100
"13069",-1268.28409385,"CAFI_P045",25
"13070",8054.70766615,"CAFI_P045",50
"13071",-1324.69144385,"CAFI_P045",100
"13072",-788.527043850045,"CAFI_P045",25
"13073",-1823.08674385003,"CAFI_P045",50
"13074",-3485.21274385002,"CAFI_P045",100
"13075",-1109.12044385,"CAFI_P045",25
"13076",474.670456149965,"CAFI_P045",50
"13077",-357.389843850047,"CAFI_P045",100
"13078",-357.99834385002,"CAFI_P045",25
"13079",-1750.86907385004,"CAFI_P045",50
"13080",-1733.99824385002,"CAFI_P045",100
"13081",-453.547843850043,"CAFI_P045",25
"13082",-2168.35254385002,"CAFI_P045",50
"13083",-1608.14234385005,"CAFI_P045",100
"13084",-957.285843849997,"CAFI_P045",25
"13085",-1320.97394385003,"CAFI_P045",50
"13086",-2256.66265385004,"CAFI_P045",100
"13087",876.505256149976,"CAFI_P045",25
"13088",-1368.67114385002,"CAFI_P045",50
"13089",-3580.08352385001,"CAFI_P045",100
"13090",-1435.90487385,"CAFI_P045",25
"13091",54.9221561499871,"CAFI_P045",50
"13092",5341.42856614996,"CAFI_P045",100
"13093",-1523.28448385,"CAFI_P045",25
"13094",-1932.52432385,"CAFI_P045",50
"13095",-3764.46130385,"CAFI_P045",100
"13096",-1784.80044385005,"CAFI_P045",25
"13097",127.632356149959,"CAFI_P045",50
"13098",-2021.79134385003,"CAFI_P045",100
"13099",1256.55065614998,"CAFI_P045",25
"13100",-1191.75354385003,"CAFI_P045",50
"13101",1125.76045614999,"CAFI_P045",100
"13102",532.840336149966,"CAFI_P045",25
"13103",1766.72885615,"CAFI_P045",50
"13104",927.967406149954,"CAFI_P045",100
"13105",688.576856150001,"CAFI_P045",25
"13106",-1166.13204385003,"CAFI_P045",50
"13107",-1628.42054385005,"CAFI_P045",100
"13108",-1276.22028385004,"CAFI_P045",25
"13109",-996.673683850036,"CAFI_P045",50
"13110",-627.888103850011,"CAFI_P045",100
"13111",-652.722843850031,"CAFI_P045",25
"13112",-1957.89854384999,"CAFI_P045",50
"13113",-621.325943850039,"CAFI_P045",100
"13114",-1633.46934385004,"CAFI_P045",25
"13115",-2119.56531385001,"CAFI_P045",50
"13116",-442.107543850027,"CAFI_P045",100
"13117",-1571.70984385,"CAFI_P045",25
"13118",-996.612443850026,"CAFI_P045",50
"13119",754.12142614997,"CAFI_P045",100
"13120",-461.74834385002,"CAFI_P045",25
"13121",-850.281543850026,"CAFI_P045",50
"13122",-3340.88644385,"CAFI_P045",100
"13123",-1450.74114385003,"CAFI_P045",25
"13124",-1846.28257385001,"CAFI_P045",50
"13125",-2658.99641385005,"CAFI_P045",100
"13126",-832.771643850021,"CAFI_P045",25
"13127",-1849.59818385,"CAFI_P045",50
"13128",-2019.07254384999,"CAFI_P045",100
"13129",312.470756149967,"CAFI_P045",25
"13130",152.165356149955,"CAFI_P045",50
"13131",2067.88086614996,"CAFI_P045",100
"13132",-1276.72043385002,"CAFI_P045",25
"13133",-1403.04760385002,"CAFI_P045",50
"13134",-1678.49104385002,"CAFI_P045",100
"13135",4949.97245614999,"CAFI_P045",25
"13136",111.835996149981,"CAFI_P045",50
"13137",-1609.40256385005,"CAFI_P045",100
"13138",-1068.49954385002,"CAFI_P045",25
"13139",-1593.83194385003,"CAFI_P045",50
"13140",2527.24515614996,"CAFI_P045",100
"13141",-763.965543850034,"CAFI_P045",25
"13142",-413.138493850012,"CAFI_P045",50
"13143",4506.59011614998,"CAFI_P045",100
"13144",-1129.26124385005,"CAFI_P045",25
"13145",480.957056149957,"CAFI_P045",50
"13146",10507.69515615,"CAFI_P045",100
"13147",-1382.97734385001,"CAFI_P045",25
"13148",-918.532343850005,"CAFI_P045",50
"13149",-2622.74059385003,"CAFI_P045",100
"13150",-1285.51071385003,"CAFI_P045",25
"13151",418.716756149952,"CAFI_P045",50
"13152",-2010.27379385004,"CAFI_P045",100
"13153",-1247.86932385003,"CAFI_P045",25
"13154",1325.20265614998,"CAFI_P045",50
"13155",-582.138223849994,"CAFI_P045",100
"13156",-711.723543850007,"CAFI_P045",25
"13157",-1603.99266385002,"CAFI_P045",50
"13158",8956.90063614998,"CAFI_P045",100
"13159",7912.25925614999,"CAFI_P045",25
"13160",-218.732063850039,"CAFI_P045",50
"13161",-3424.79505385004,"CAFI_P045",100
"13162",-752.826843850024,"CAFI_P045",25
"13163",-1009.77814385004,"CAFI_P045",50
"13164",-1788.64844385005,"CAFI_P045",100
"13165",-591.815173850046,"CAFI_P045",25
"13166",-2003.78147385002,"CAFI_P045",50
"13167",-1741.00994385005,"CAFI_P045",100
"13168",-1539.87134385004,"CAFI_P045",25
"13169",1728.10185614997,"CAFI_P045",50
"13170",-800.914823850035,"CAFI_P045",100
"13171",-1795.92360385001,"CAFI_P045",25
"13172",-1749.65007385,"CAFI_P045",50
"13173",-812.202753850026,"CAFI_P045",100
"13174",-536.571243850049,"CAFI_P045",25
"13175",-1525.61974385002,"CAFI_P045",50
"13176",1541.53255614999,"CAFI_P045",100
"13177",557.726156149991,"CAFI_P045",25
"13178",322.94385614997,"CAFI_P045",50
"13179",-2062.63307385001,"CAFI_P045",100
"13180",-139.831543850014,"CAFI_P045",25
"13181",-1451.55154385004,"CAFI_P045",50
"13182",488.230156150006,"CAFI_P045",100
"13183",-1229.85214385,"CAFI_P045",25
"13184",-1964.97324385005,"CAFI_P045",50
"13185",6881.53715614998,"CAFI_P045",100
"13186",-718.369163850031,"CAFI_P045",25
"13187",-1513.28260385001,"CAFI_P045",50
"13188",3402.61343614996,"CAFI_P045",100
"13189",-1095.11794385,"CAFI_P045",25
"13190",-1413.32954385004,"CAFI_P045",50
"13191",-2939.74844385003,"CAFI_P045",100
"13192",-1776.50884385,"CAFI_P045",25
"13193",116.274256150005,"CAFI_P045",50
"13194",-698.948983850016,"CAFI_P045",100
"13195",-1009.65084385005,"CAFI_P045",25
"13196",-1130.65842385002,"CAFI_P045",50
"13197",8192.61095614999,"CAFI_P045",100
"13198",-797.418343850004,"CAFI_P045",25
"13199",-1912.46517385001,"CAFI_P045",50
"13200",-1867.20391385001,"CAFI_P045",100
"13201",-0.000836989027447999,"CAFI_P046",25
"13202",-0.000836989027447999,"CAFI_P046",50
"13203",315.208863010979,"CAFI_P046",100
"13204",-0.000836989027447999,"CAFI_P046",25
"13205",-0.000836989027447999,"CAFI_P046",50
"13206",189.217193010962,"CAFI_P046",100
"13207",-0.000836989027447999,"CAFI_P046",25
"13208",-0.000836989027447999,"CAFI_P046",50
"13209",405.213513010996,"CAFI_P046",100
"13210",-0.000836989027447999,"CAFI_P046",25
"13211",-0.000836989027447999,"CAFI_P046",50
"13212",-1969.231836989,"CAFI_P046",100
"13213",-0.000836989027447999,"CAFI_P046",25
"13214",-0.000836989027447999,"CAFI_P046",50
"13215",-347.237536989036,"CAFI_P046",100
"13216",-0.000836989027447999,"CAFI_P046",25
"13217",-0.000836989027447999,"CAFI_P046",50
"13218",-258.897776989033,"CAFI_P046",100
"13219",-0.000836989027447999,"CAFI_P046",25
"13220",-0.000836989027447999,"CAFI_P046",50
"13221",-1252.39425698901,"CAFI_P046",100
"13222",-0.000836989027447999,"CAFI_P046",25
"13223",-0.000836989027447999,"CAFI_P046",50
"13224",21.8351830110187,"CAFI_P046",100
"13225",-0.000836989027447999,"CAFI_P046",25
"13226",-0.000836989027447999,"CAFI_P046",50
"13227",79.0806630110019,"CAFI_P046",100
"13228",-0.000836989027447999,"CAFI_P046",25
"13229",-0.000836989027447999,"CAFI_P046",50
"13230",1167.554833011,"CAFI_P046",100
"13231",-0.000836989027447999,"CAFI_P046",25
"13232",-0.000836989027447999,"CAFI_P046",50
"13233",28.6942430110066,"CAFI_P046",100
"13234",-0.000836989027447999,"CAFI_P046",25
"13235",-0.000836989027447999,"CAFI_P046",50
"13236",1130.19516301097,"CAFI_P046",100
"13237",-0.000836989027447999,"CAFI_P046",25
"13238",-0.000836989027447999,"CAFI_P046",50
"13239",-19.5846869890229,"CAFI_P046",100
"13240",-0.000836989027447999,"CAFI_P046",25
"13241",-0.000836989027447999,"CAFI_P046",50
"13242",-700.644966988999,"CAFI_P046",100
"13243",-0.000836989027447999,"CAFI_P046",25
"13244",-0.000836989027447999,"CAFI_P046",50
"13245",-178.095306989038,"CAFI_P046",100
"13246",-0.000836989027447999,"CAFI_P046",25
"13247",-0.000836989027447999,"CAFI_P046",50
"13248",-57.7332369890064,"CAFI_P046",100
"13249",-0.000836989027447999,"CAFI_P046",25
"13250",-0.000836989027447999,"CAFI_P046",50
"13251",-833.39283698902,"CAFI_P046",100
"13252",-0.000836989027447999,"CAFI_P046",25
"13253",-0.000836989027447999,"CAFI_P046",50
"13254",1575.991293011,"CAFI_P046",100
"13255",-0.000836989027447999,"CAFI_P046",25
"13256",-0.000836989027447999,"CAFI_P046",50
"13257",-109.666276988981,"CAFI_P046",100
"13258",-0.000836989027447999,"CAFI_P046",25
"13259",-0.000836989027447999,"CAFI_P046",50
"13260",-30.9372469889931,"CAFI_P046",100
"13261",-0.000836989027447999,"CAFI_P046",25
"13262",-0.000836989027447999,"CAFI_P046",50
"13263",-107.260936988983,"CAFI_P046",100
"13264",-0.000836989027447999,"CAFI_P046",25
"13265",-0.000836989027447999,"CAFI_P046",50
"13266",-6.81397698901128,"CAFI_P046",100
"13267",-0.000836989027447999,"CAFI_P046",25
"13268",-0.000836989027447999,"CAFI_P046",50
"13269",-649.820786989003,"CAFI_P046",100
"13270",-0.000836989027447999,"CAFI_P046",25
"13271",-0.000836989027447999,"CAFI_P046",50
"13272",-1254.28759698902,"CAFI_P046",100
"13273",-0.000836989027447999,"CAFI_P046",25
"13274",-0.000836989027447999,"CAFI_P046",50
"13275",-126.032436989015,"CAFI_P046",100
"13276",-0.000836989027447999,"CAFI_P046",25
"13277",-0.000836989027447999,"CAFI_P046",50
"13278",95.9098630109802,"CAFI_P046",100
"13279",-0.000836989027447999,"CAFI_P046",25
"13280",-0.000836989027447999,"CAFI_P046",50
"13281",7004.80092301097,"CAFI_P046",100
"13282",-0.000836989027447999,"CAFI_P046",25
"13283",-0.000836989027447999,"CAFI_P046",50
"13284",-62.3508469890221,"CAFI_P046",100
"13285",-0.000836989027447999,"CAFI_P046",25
"13286",-0.000836989027447999,"CAFI_P046",50
"13287",275.374083011004,"CAFI_P046",100
"13288",-0.000836989027447999,"CAFI_P046",25
"13289",-0.000836989027447999,"CAFI_P046",50
"13290",1175.51040301099,"CAFI_P046",100
"13291",-0.000836989027447999,"CAFI_P046",25
"13292",-0.000836989027447999,"CAFI_P046",50
"13293",2452.28095301101,"CAFI_P046",100
"13294",-0.000836989027447999,"CAFI_P046",25
"13295",-0.000836989027447999,"CAFI_P046",50
"13296",28.5525730109657,"CAFI_P046",100
"13297",-0.000836989027447999,"CAFI_P046",25
"13298",-0.000836989027447999,"CAFI_P046",50
"13299",38.0654630109784,"CAFI_P046",100
"13300",-0.000836989027447999,"CAFI_P046",25
"13301",-0.000836989027447999,"CAFI_P046",50
"13302",1568.91624301102,"CAFI_P046",100
"13303",-0.000836989027447999,"CAFI_P046",25
"13304",-0.000836989027447999,"CAFI_P046",50
"13305",-22.9274769889889,"CAFI_P046",100
"13306",-0.000836989027447999,"CAFI_P046",25
"13307",-0.000836989027447999,"CAFI_P046",50
"13308",1448.52716301096,"CAFI_P046",100
"13309",-0.000836989027447999,"CAFI_P046",25
"13310",-0.000836989027447999,"CAFI_P046",50
"13311",245.007003011007,"CAFI_P046",100
"13312",-0.000836989027447999,"CAFI_P046",25
"13313",-0.000836989027447999,"CAFI_P046",50
"13314",-3210.78883698903,"CAFI_P046",100
"13315",-0.000836989027447999,"CAFI_P046",25
"13316",-0.000836989027447999,"CAFI_P046",50
"13317",-492.342886989005,"CAFI_P046",100
"13318",-0.000836989027447999,"CAFI_P046",25
"13319",-0.000836989027447999,"CAFI_P046",50
"13320",1147.16856301099,"CAFI_P046",100
"13321",-0.000836989027447999,"CAFI_P046",25
"13322",-0.000836989027447999,"CAFI_P046",50
"13323",-5.85683698899811,"CAFI_P046",100
"13324",-0.000836989027447999,"CAFI_P046",25
"13325",-0.000836989027447999,"CAFI_P046",50
"13326",-548.960336989025,"CAFI_P046",100
"13327",-0.000836989027447999,"CAFI_P046",25
"13328",-0.000836989027447999,"CAFI_P046",50
"13329",-519.595586989017,"CAFI_P046",100
"13330",-0.000836989027447999,"CAFI_P046",25
"13331",-0.000836989027447999,"CAFI_P046",50
"13332",2703.26746301097,"CAFI_P046",100
"13333",-0.000836989027447999,"CAFI_P046",25
"13334",-0.000836989027447999,"CAFI_P046",50
"13335",-31.1593469890067,"CAFI_P046",100
"13336",-0.000836989027447999,"CAFI_P046",25
"13337",-0.000836989027447999,"CAFI_P046",50
"13338",-99.1440169889829,"CAFI_P046",100
"13339",-0.000836989027447999,"CAFI_P046",25
"13340",-0.000836989027447999,"CAFI_P046",50
"13341",-465.214096989017,"CAFI_P046",100
"13342",-0.000836989027447999,"CAFI_P046",25
"13343",-0.000836989027447999,"CAFI_P046",50
"13344",-974.850436988985,"CAFI_P046",100
"13345",-0.000836989027447999,"CAFI_P046",25
"13346",-0.000836989027447999,"CAFI_P046",50
"13347",99.3434630109696,"CAFI_P046",100
"13348",-0.000836989027447999,"CAFI_P046",25
"13349",-0.000836989027447999,"CAFI_P046",50
"13350",-0.691706989018712,"CAFI_P046",100
"13351",-0.000836989027447999,"CAFI_P046",25
"13352",-0.000836989027447999,"CAFI_P046",50
"13353",-8457.14857698901,"CAFI_P046",100
"13354",-0.000836989027447999,"CAFI_P046",25
"13355",-0.000836989027447999,"CAFI_P046",50
"13356",9.09261301101651,"CAFI_P046",100
"13357",-0.000836989027447999,"CAFI_P046",25
"13358",-0.000836989027447999,"CAFI_P046",50
"13359",-4176.60966698901,"CAFI_P046",100
"13360",-0.000836989027447999,"CAFI_P046",25
"13361",-0.000836989027447999,"CAFI_P046",50
"13362",14.7567530109663,"CAFI_P046",100
"13363",-0.000836989027447999,"CAFI_P046",25
"13364",-0.000836989027447999,"CAFI_P046",50
"13365",-53.3830869889935,"CAFI_P046",100
"13366",-0.000836989027447999,"CAFI_P046",25
"13367",-0.000836989027447999,"CAFI_P046",50
"13368",-85.6111969890189,"CAFI_P046",100
"13369",-0.000836989027447999,"CAFI_P046",25
"13370",-0.000836989027447999,"CAFI_P046",50
"13371",15820.340263011,"CAFI_P046",100
"13372",-0.000836989027447999,"CAFI_P046",25
"13373",-0.000836989027447999,"CAFI_P046",50
"13374",464.011863010994,"CAFI_P046",100
"13375",-0.000836989027447999,"CAFI_P046",25
"13376",-0.000836989027447999,"CAFI_P046",50
"13377",63.612453010981,"CAFI_P046",100
"13378",-0.000836989027447999,"CAFI_P046",25
"13379",-0.000836989027447999,"CAFI_P046",50
"13380",-34.7595069890376,"CAFI_P046",100
"13381",-0.000836989027447999,"CAFI_P046",25
"13382",-0.000836989027447999,"CAFI_P046",50
"13383",-348.512236988987,"CAFI_P046",100
"13384",-0.000836989027447999,"CAFI_P046",25
"13385",-0.000836989027447999,"CAFI_P046",50
"13386",210.895093010971,"CAFI_P046",100
"13387",-0.000836989027447999,"CAFI_P046",25
"13388",-0.000836989027447999,"CAFI_P046",50
"13389",57.6941530109616,"CAFI_P046",100
"13390",-0.000836989027447999,"CAFI_P046",25
"13391",-0.000836989027447999,"CAFI_P046",50
"13392",1948.31376301101,"CAFI_P046",100
"13393",-0.000836989027447999,"CAFI_P046",25
"13394",-0.000836989027447999,"CAFI_P046",50
"13395",-1656.23890698899,"CAFI_P046",100
"13396",-0.000836989027447999,"CAFI_P046",25
"13397",-0.000836989027447999,"CAFI_P046",50
"13398",-85.8664069889928,"CAFI_P046",100
"13399",-0.000836989027447999,"CAFI_P046",25
"13400",-0.000836989027447999,"CAFI_P046",50
"13401",-1172.89025698899,"CAFI_P046",100
"13402",-0.000836989027447999,"CAFI_P046",25
"13403",-0.000836989027447999,"CAFI_P046",50
"13404",75.1558030109736,"CAFI_P046",100
"13405",-0.000836989027447999,"CAFI_P046",25
"13406",-0.000836989027447999,"CAFI_P046",50
"13407",4928.74370301102,"CAFI_P046",100
"13408",-0.000836989027447999,"CAFI_P046",25
"13409",-0.000836989027447999,"CAFI_P046",50
"13410",-1253.044436989,"CAFI_P046",100
"13411",-0.000836989027447999,"CAFI_P046",25
"13412",-0.000836989027447999,"CAFI_P046",50
"13413",-16.0386569889961,"CAFI_P046",100
"13414",-0.000836989027447999,"CAFI_P046",25
"13415",-0.000836989027447999,"CAFI_P046",50
"13416",55.7483630109928,"CAFI_P046",100
"13417",-0.000836989027447999,"CAFI_P046",25
"13418",-0.000836989027447999,"CAFI_P046",50
"13419",-3867.57833698898,"CAFI_P046",100
"13420",-0.000836989027447999,"CAFI_P046",25
"13421",-0.000836989027447999,"CAFI_P046",50
"13422",204.804663010989,"CAFI_P046",100
"13423",-0.000836989027447999,"CAFI_P046",25
"13424",-0.000836989027447999,"CAFI_P046",50
"13425",-7419.70823698898,"CAFI_P046",100
"13426",-0.000836989027447999,"CAFI_P046",25
"13427",-0.000836989027447999,"CAFI_P046",50
"13428",4083.66546301101,"CAFI_P046",100
"13429",-0.000836989027447999,"CAFI_P046",25
"13430",-0.000836989027447999,"CAFI_P046",50
"13431",164.948163010995,"CAFI_P046",100
"13432",-0.000836989027447999,"CAFI_P046",25
"13433",-0.000836989027447999,"CAFI_P046",50
"13434",-151.156556989008,"CAFI_P046",100
"13435",-0.000836989027447999,"CAFI_P046",25
"13436",-0.000836989027447999,"CAFI_P046",50
"13437",-13.1248369890382,"CAFI_P046",100
"13438",-0.000836989027447999,"CAFI_P046",25
"13439",-0.000836989027447999,"CAFI_P046",50
"13440",260.489123011008,"CAFI_P046",100
"13441",-0.000836989027447999,"CAFI_P046",25
"13442",-0.000836989027447999,"CAFI_P046",50
"13443",-338.824136989017,"CAFI_P046",100
"13444",-0.000836989027447999,"CAFI_P046",25
"13445",-0.000836989027447999,"CAFI_P046",50
"13446",-352.524436988984,"CAFI_P046",100
"13447",-0.000836989027447999,"CAFI_P046",25
"13448",-0.000836989027447999,"CAFI_P046",50
"13449",-1619.67637698899,"CAFI_P046",100
"13450",-0.000836989027447999,"CAFI_P046",25
"13451",-0.000836989027447999,"CAFI_P046",50
"13452",-436.908436989004,"CAFI_P046",100
"13453",-0.000836989027447999,"CAFI_P046",25
"13454",-0.000836989027447999,"CAFI_P046",50
"13455",-158.385236989008,"CAFI_P046",100
"13456",-0.000836989027447999,"CAFI_P046",25
"13457",-0.000836989027447999,"CAFI_P046",50
"13458",-0.000836989027447999,"CAFI_P046",100
"13459",-0.000836989027447999,"CAFI_P046",25
"13460",-0.000836989027447999,"CAFI_P046",50
"13461",214.240713011008,"CAFI_P046",100
"13462",-0.000836989027447999,"CAFI_P046",25
"13463",-0.000836989027447999,"CAFI_P046",50
"13464",-10.3591269890312,"CAFI_P046",100
"13465",-0.000836989027447999,"CAFI_P046",25
"13466",-0.000836989027447999,"CAFI_P046",50
"13467",204.320963011007,"CAFI_P046",100
"13468",-0.000836989027447999,"CAFI_P046",25
"13469",-0.000836989027447999,"CAFI_P046",50
"13470",-472.554936989036,"CAFI_P046",100
"13471",-0.000836989027447999,"CAFI_P046",25
"13472",-0.000836989027447999,"CAFI_P046",50
"13473",-692.411396989017,"CAFI_P046",100
"13474",-0.000836989027447999,"CAFI_P046",25
"13475",-0.000836989027447999,"CAFI_P046",50
"13476",31.3476830109721,"CAFI_P046",100
"13477",-0.000836989027447999,"CAFI_P046",25
"13478",-0.000836989027447999,"CAFI_P046",50
"13479",588.49686301098,"CAFI_P046",100
"13480",-0.000836989027447999,"CAFI_P046",25
"13481",-0.000836989027447999,"CAFI_P046",50
"13482",-44.4653669890249,"CAFI_P046",100
"13483",-0.000836989027447999,"CAFI_P046",25
"13484",-0.000836989027447999,"CAFI_P046",50
"13485",-984.338136988983,"CAFI_P046",100
"13486",-0.000836989027447999,"CAFI_P046",25
"13487",-0.000836989027447999,"CAFI_P046",50
"13488",-161.069726989022,"CAFI_P046",100
"13489",-0.000836989027447999,"CAFI_P046",25
"13490",-0.000836989027447999,"CAFI_P046",50
"13491",-12.7597469890025,"CAFI_P046",100
"13492",-0.000836989027447999,"CAFI_P046",25
"13493",-0.000836989027447999,"CAFI_P046",50
"13494",-2002.147076989,"CAFI_P046",100
"13495",-0.000836989027447999,"CAFI_P046",25
"13496",-0.000836989027447999,"CAFI_P046",50
"13497",486.521863011003,"CAFI_P046",100
"13498",-0.000836989027447999,"CAFI_P046",25
"13499",-0.000836989027447999,"CAFI_P046",50
"13500",49.8612630110001,"CAFI_P046",100
"13501",0.00108752798405476,"CAFI_P047",25
"13502",0.00108752798405476,"CAFI_P047",50
"13503",-6.07451247199788,"CAFI_P047",100
"13504",0.00108752798405476,"CAFI_P047",25
"13505",0.00108752798405476,"CAFI_P047",50
"13506",-86.3224124720145,"CAFI_P047",100
"13507",0.00108752798405476,"CAFI_P047",25
"13508",0.00108752798405476,"CAFI_P047",50
"13509",9.61653752799612,"CAFI_P047",100
"13510",0.00108752798405476,"CAFI_P047",25
"13511",0.00108752798405476,"CAFI_P047",50
"13512",-30.3741724720167,"CAFI_P047",100
"13513",0.00108752798405476,"CAFI_P047",25
"13514",0.00108752798405476,"CAFI_P047",50
"13515",-119.496512471989,"CAFI_P047",100
"13516",0.00108752798405476,"CAFI_P047",25
"13517",0.00108752798405476,"CAFI_P047",50
"13518",-22.4369124720106,"CAFI_P047",100
"13519",0.00108752798405476,"CAFI_P047",25
"13520",0.00108752798405476,"CAFI_P047",50
"13521",1097.35788752799,"CAFI_P047",100
"13522",0.00108752798405476,"CAFI_P047",25
"13523",0.00108752798405476,"CAFI_P047",50
"13524",-88.584922472015,"CAFI_P047",100
"13525",0.00108752798405476,"CAFI_P047",25
"13526",0.00108752798405476,"CAFI_P047",50
"13527",1890.85708752798,"CAFI_P047",100
"13528",0.00108752798405476,"CAFI_P047",25
"13529",0.00108752798405476,"CAFI_P047",50
"13530",-2326.560932472,"CAFI_P047",100
"13531",0.00108752798405476,"CAFI_P047",25
"13532",0.00108752798405476,"CAFI_P047",50
"13533",-24.9302124720125,"CAFI_P047",100
"13534",0.00108752798405476,"CAFI_P047",25
"13535",0.00108752798405476,"CAFI_P047",50
"13536",1467.711687528,"CAFI_P047",100
"13537",0.00108752798405476,"CAFI_P047",25
"13538",0.00108752798405476,"CAFI_P047",50
"13539",1013.703847528,"CAFI_P047",100
"13540",0.00108752798405476,"CAFI_P047",25
"13541",0.00108752798405476,"CAFI_P047",50
"13542",-81.5178124720114,"CAFI_P047",100
"13543",0.00108752798405476,"CAFI_P047",25
"13544",0.00108752798405476,"CAFI_P047",50
"13545",-124.470762471989,"CAFI_P047",100
"13546",0.00108752798405476,"CAFI_P047",25
"13547",0.00108752798405476,"CAFI_P047",50
"13548",2407.45708752799,"CAFI_P047",100
"13549",0.00108752798405476,"CAFI_P047",25
"13550",0.00108752798405476,"CAFI_P047",50
"13551",-246.516712471988,"CAFI_P047",100
"13552",0.00108752798405476,"CAFI_P047",25
"13553",0.00108752798405476,"CAFI_P047",50
"13554",-2075.783512472,"CAFI_P047",100
"13555",0.00108752798405476,"CAFI_P047",25
"13556",0.00108752798405476,"CAFI_P047",50
"13557",-2270.382812472,"CAFI_P047",100
"13558",0.00108752798405476,"CAFI_P047",25
"13559",0.00108752798405476,"CAFI_P047",50
"13560",-1852.798912472,"CAFI_P047",100
"13561",0.00108752798405476,"CAFI_P047",25
"13562",0.00108752798405476,"CAFI_P047",50
"13563",68.9141875279893,"CAFI_P047",100
"13564",0.00108752798405476,"CAFI_P047",25
"13565",0.00108752798405476,"CAFI_P047",50
"13566",174.824037527986,"CAFI_P047",100
"13567",0.00108752798405476,"CAFI_P047",25
"13568",0.00108752798405476,"CAFI_P047",50
"13569",-1245.75761247199,"CAFI_P047",100
"13570",0.00108752798405476,"CAFI_P047",25
"13571",0.00108752798405476,"CAFI_P047",50
"13572",85.2735375280026,"CAFI_P047",100
"13573",0.00108752798405476,"CAFI_P047",25
"13574",0.00108752798405476,"CAFI_P047",50
"13575",54.4708875280048,"CAFI_P047",100
"13576",0.00108752798405476,"CAFI_P047",25
"13577",0.00108752798405476,"CAFI_P047",50
"13578",253.752587527997,"CAFI_P047",100
"13579",0.00108752798405476,"CAFI_P047",25
"13580",0.00108752798405476,"CAFI_P047",50
"13581",1980.756987528,"CAFI_P047",100
"13582",0.00108752798405476,"CAFI_P047",25
"13583",0.00108752798405476,"CAFI_P047",50
"13584",4744.82208752801,"CAFI_P047",100
"13585",0.00108752798405476,"CAFI_P047",25
"13586",0.00108752798405476,"CAFI_P047",50
"13587",-33.8757624720165,"CAFI_P047",100
"13588",0.00108752798405476,"CAFI_P047",25
"13589",0.00108752798405476,"CAFI_P047",50
"13590",135.419047528005,"CAFI_P047",100
"13591",0.00108752798405476,"CAFI_P047",25
"13592",0.00108752798405476,"CAFI_P047",50
"13593",1324.476987528,"CAFI_P047",100
"13594",0.00108752798405476,"CAFI_P047",25
"13595",0.00108752798405476,"CAFI_P047",50
"13596",34.1443875280092,"CAFI_P047",100
"13597",0.00108752798405476,"CAFI_P047",25
"13598",0.00108752798405476,"CAFI_P047",50
"13599",80.6951875280065,"CAFI_P047",100
"13600",0.00108752798405476,"CAFI_P047",25
"13601",0.00108752798405476,"CAFI_P047",50
"13602",2471.80819752801,"CAFI_P047",100
"13603",0.00108752798405476,"CAFI_P047",25
"13604",0.00108752798405476,"CAFI_P047",50
"13605",-83.352512471989,"CAFI_P047",100
"13606",0.00108752798405476,"CAFI_P047",25
"13607",0.00108752798405476,"CAFI_P047",50
"13608",-698.344512472017,"CAFI_P047",100
"13609",0.00108752798405476,"CAFI_P047",25
"13610",0.00108752798405476,"CAFI_P047",50
"13611",1076.504587528,"CAFI_P047",100
"13612",0.00108752798405476,"CAFI_P047",25
"13613",0.00108752798405476,"CAFI_P047",50
"13614",-1727.78671247201,"CAFI_P047",100
"13615",0.00108752798405476,"CAFI_P047",25
"13616",0.00108752798405476,"CAFI_P047",50
"13617",-53.6250724720012,"CAFI_P047",100
"13618",0.00108752798405476,"CAFI_P047",25
"13619",0.00108752798405476,"CAFI_P047",50
"13620",42.0378875279857,"CAFI_P047",100
"13621",0.00108752798405476,"CAFI_P047",25
"13622",0.00108752798405476,"CAFI_P047",50
"13623",80.9556875280105,"CAFI_P047",100
"13624",0.00108752798405476,"CAFI_P047",25
"13625",0.00108752798405476,"CAFI_P047",50
"13626",48.7923875279957,"CAFI_P047",100
"13627",0.00108752798405476,"CAFI_P047",25
"13628",0.00108752798405476,"CAFI_P047",50
"13629",-102.189912472008,"CAFI_P047",100
"13630",0.00108752798405476,"CAFI_P047",25
"13631",0.00108752798405476,"CAFI_P047",50
"13632",187.544587527984,"CAFI_P047",100
"13633",0.00108752798405476,"CAFI_P047",25
"13634",0.00108752798405476,"CAFI_P047",50
"13635",2480.40298752801,"CAFI_P047",100
"13636",0.00108752798405476,"CAFI_P047",25
"13637",0.00108752798405476,"CAFI_P047",50
"13638",-238.203662471991,"CAFI_P047",100
"13639",0.00108752798405476,"CAFI_P047",25
"13640",0.00108752798405476,"CAFI_P047",50
"13641",-125.235012471996,"CAFI_P047",100
"13642",0.00108752798405476,"CAFI_P047",25
"13643",0.00108752798405476,"CAFI_P047",50
"13644",172.670087528008,"CAFI_P047",100
"13645",0.00108752798405476,"CAFI_P047",25
"13646",0.00108752798405476,"CAFI_P047",50
"13647",-1291.81181247201,"CAFI_P047",100
"13648",0.00108752798405476,"CAFI_P047",25
"13649",0.00108752798405476,"CAFI_P047",50
"13650",0.00108752798405476,"CAFI_P047",100
"13651",0.00108752798405476,"CAFI_P047",25
"13652",0.00108752798405476,"CAFI_P047",50
"13653",47.4532975280017,"CAFI_P047",100
"13654",0.00108752798405476,"CAFI_P047",25
"13655",0.00108752798405476,"CAFI_P047",50
"13656",48.7608875279839,"CAFI_P047",100
"13657",0.00108752798405476,"CAFI_P047",25
"13658",0.00108752798405476,"CAFI_P047",50
"13659",-187.561412472016,"CAFI_P047",100
"13660",0.00108752798405476,"CAFI_P047",25
"13661",0.00108752798405476,"CAFI_P047",50
"13662",-236.939662471996,"CAFI_P047",100
"13663",0.00108752798405476,"CAFI_P047",25
"13664",0.00108752798405476,"CAFI_P047",50
"13665",-49.5087124720158,"CAFI_P047",100
"13666",0.00108752798405476,"CAFI_P047",25
"13667",0.00108752798405476,"CAFI_P047",50
"13668",2301.807087528,"CAFI_P047",100
"13669",0.00108752798405476,"CAFI_P047",25
"13670",0.00108752798405476,"CAFI_P047",50
"13671",-23.0428124720056,"CAFI_P047",100
"13672",0.00108752798405476,"CAFI_P047",25
"13673",0.00108752798405476,"CAFI_P047",50
"13674",95.9114875280065,"CAFI_P047",100
"13675",0.00108752798405476,"CAFI_P047",25
"13676",0.00108752798405476,"CAFI_P047",50
"13677",1021.06188752799,"CAFI_P047",100
"13678",0.00108752798405476,"CAFI_P047",25
"13679",0.00108752798405476,"CAFI_P047",50
"13680",64.7605775280099,"CAFI_P047",100
"13681",0.00108752798405476,"CAFI_P047",25
"13682",0.00108752798405476,"CAFI_P047",50
"13683",-120.318912471994,"CAFI_P047",100
"13684",0.00108752798405476,"CAFI_P047",25
"13685",0.00108752798405476,"CAFI_P047",50
"13686",-214.938522471988,"CAFI_P047",100
"13687",0.00108752798405476,"CAFI_P047",25
"13688",0.00108752798405476,"CAFI_P047",50
"13689",-2087.255572472,"CAFI_P047",100
"13690",0.00108752798405476,"CAFI_P047",25
"13691",0.00108752798405476,"CAFI_P047",50
"13692",-1324.00451247199,"CAFI_P047",100
"13693",0.00108752798405476,"CAFI_P047",25
"13694",0.00108752798405476,"CAFI_P047",50
"13695",-57.6613224720058,"CAFI_P047",100
"13696",0.00108752798405476,"CAFI_P047",25
"13697",0.00108752798405476,"CAFI_P047",50
"13698",-18793.562302472,"CAFI_P047",100
"13699",0.00108752798405476,"CAFI_P047",25
"13700",0.00108752798405476,"CAFI_P047",50
"13701",66.3192875279929,"CAFI_P047",100
"13702",0.00108752798405476,"CAFI_P047",25
"13703",0.00108752798405476,"CAFI_P047",50
"13704",-26.8587124719925,"CAFI_P047",100
"13705",0.00108752798405476,"CAFI_P047",25
"13706",0.00108752798405476,"CAFI_P047",50
"13707",1369.09918752799,"CAFI_P047",100
"13708",0.00108752798405476,"CAFI_P047",25
"13709",0.00108752798405476,"CAFI_P047",50
"13710",891.644187528,"CAFI_P047",100
"13711",0.00108752798405476,"CAFI_P047",25
"13712",0.00108752798405476,"CAFI_P047",50
"13713",2375.67445752799,"CAFI_P047",100
"13714",0.00108752798405476,"CAFI_P047",25
"13715",0.00108752798405476,"CAFI_P047",50
"13716",153.942647527991,"CAFI_P047",100
"13717",0.00108752798405476,"CAFI_P047",25
"13718",0.00108752798405476,"CAFI_P047",50
"13719",-56.1207224719983,"CAFI_P047",100
"13720",0.00108752798405476,"CAFI_P047",25
"13721",0.00108752798405476,"CAFI_P047",50
"13722",27.8290875279927,"CAFI_P047",100
"13723",0.00108752798405476,"CAFI_P047",25
"13724",0.00108752798405476,"CAFI_P047",50
"13725",319.328847527999,"CAFI_P047",100
"13726",0.00108752798405476,"CAFI_P047",25
"13727",0.00108752798405476,"CAFI_P047",50
"13728",-129.200762471999,"CAFI_P047",100
"13729",0.00108752798405476,"CAFI_P047",25
"13730",0.00108752798405476,"CAFI_P047",50
"13731",-4.48671247198945,"CAFI_P047",100
"13732",0.00108752798405476,"CAFI_P047",25
"13733",0.00108752798405476,"CAFI_P047",50
"13734",-1087.44421247201,"CAFI_P047",100
"13735",0.00108752798405476,"CAFI_P047",25
"13736",0.00108752798405476,"CAFI_P047",50
"13737",-98.2892224719981,"CAFI_P047",100
"13738",0.00108752798405476,"CAFI_P047",25
"13739",0.00108752798405476,"CAFI_P047",50
"13740",960.804987527983,"CAFI_P047",100
"13741",0.00108752798405476,"CAFI_P047",25
"13742",0.00108752798405476,"CAFI_P047",50
"13743",18722.998087528,"CAFI_P047",100
"13744",0.00108752798405476,"CAFI_P047",25
"13745",0.00108752798405476,"CAFI_P047",50
"13746",-227.73280247199,"CAFI_P047",100
"13747",0.00108752798405476,"CAFI_P047",25
"13748",0.00108752798405476,"CAFI_P047",50
"13749",-9.25211247199331,"CAFI_P047",100
"13750",0.00108752798405476,"CAFI_P047",25
"13751",0.00108752798405476,"CAFI_P047",50
"13752",-1689.23212247199,"CAFI_P047",100
"13753",0.00108752798405476,"CAFI_P047",25
"13754",0.00108752798405476,"CAFI_P047",50
"13755",4859.777947528,"CAFI_P047",100
"13756",0.00108752798405476,"CAFI_P047",25
"13757",0.00108752798405476,"CAFI_P047",50
"13758",39.7927875279856,"CAFI_P047",100
"13759",0.00108752798405476,"CAFI_P047",25
"13760",0.00108752798405476,"CAFI_P047",50
"13761",197.403287527995,"CAFI_P047",100
"13762",0.00108752798405476,"CAFI_P047",25
"13763",0.00108752798405476,"CAFI_P047",50
"13764",45.0695875280071,"CAFI_P047",100
"13765",0.00108752798405476,"CAFI_P047",25
"13766",0.00108752798405476,"CAFI_P047",50
"13767",-122.878612472006,"CAFI_P047",100
"13768",0.00108752798405476,"CAFI_P047",25
"13769",0.00108752798405476,"CAFI_P047",50
"13770",5368.59598752801,"CAFI_P047",100
"13771",0.00108752798405476,"CAFI_P047",25
"13772",0.00108752798405476,"CAFI_P047",50
"13773",-6535.56401247201,"CAFI_P047",100
"13774",0.00108752798405476,"CAFI_P047",25
"13775",0.00108752798405476,"CAFI_P047",50
"13776",-1131.254712472,"CAFI_P047",100
"13777",0.00108752798405476,"CAFI_P047",25
"13778",0.00108752798405476,"CAFI_P047",50
"13779",7.60348752798745,"CAFI_P047",100
"13780",0.00108752798405476,"CAFI_P047",25
"13781",0.00108752798405476,"CAFI_P047",50
"13782",-214.286482472002,"CAFI_P047",100
"13783",0.00108752798405476,"CAFI_P047",25
"13784",0.00108752798405476,"CAFI_P047",50
"13785",318.833537528,"CAFI_P047",100
"13786",0.00108752798405476,"CAFI_P047",25
"13787",0.00108752798405476,"CAFI_P047",50
"13788",-38.6300124720146,"CAFI_P047",100
"13789",0.00108752798405476,"CAFI_P047",25
"13790",0.00108752798405476,"CAFI_P047",50
"13791",23.7606875280035,"CAFI_P047",100
"13792",0.00108752798405476,"CAFI_P047",25
"13793",0.00108752798405476,"CAFI_P047",50
"13794",914.082187527994,"CAFI_P047",100
"13795",0.00108752798405476,"CAFI_P047",25
"13796",0.00108752798405476,"CAFI_P047",50
"13797",-6482.175612472,"CAFI_P047",100
"13798",0.00108752798405476,"CAFI_P047",25
"13799",0.00108752798405476,"CAFI_P047",50
"13800",29.8676475280081,"CAFI_P047",100
"13801",-0.000383214006433263,"CAFI_P049",25
"13802",-0.000383214006433263,"CAFI_P049",50
"13803",1189.212446786,"CAFI_P049",100
"13804",-0.000383214006433263,"CAFI_P049",25
"13805",-0.000383214006433263,"CAFI_P049",50
"13806",-56.7118932140002,"CAFI_P049",100
"13807",-0.000383214006433263,"CAFI_P049",25
"13808",-0.000383214006433263,"CAFI_P049",50
"13809",-87.5111832139955,"CAFI_P049",100
"13810",-0.000383214006433263,"CAFI_P049",25
"13811",-0.000383214006433263,"CAFI_P049",50
"13812",-43.1596832140058,"CAFI_P049",100
"13813",-0.000383214006433263,"CAFI_P049",25
"13814",-0.000383214006433263,"CAFI_P049",50
"13815",-1348.14778321399,"CAFI_P049",100
"13816",-0.000383214006433263,"CAFI_P049",25
"13817",-0.000383214006433263,"CAFI_P049",50
"13818",243.087076786003,"CAFI_P049",100
"13819",-0.000383214006433263,"CAFI_P049",25
"13820",-0.000383214006433263,"CAFI_P049",50
"13821",614.993916786014,"CAFI_P049",100
"13822",-0.000383214006433263,"CAFI_P049",25
"13823",-0.000383214006433263,"CAFI_P049",50
"13824",339.983216786,"CAFI_P049",100
"13825",-0.000383214006433263,"CAFI_P049",25
"13826",-0.000383214006433263,"CAFI_P049",50
"13827",-6919.81248321399,"CAFI_P049",100
"13828",-0.000383214006433263,"CAFI_P049",25
"13829",-0.000383214006433263,"CAFI_P049",50
"13830",11.8809167860018,"CAFI_P049",100
"13831",-0.000383214006433263,"CAFI_P049",25
"13832",-0.000383214006433263,"CAFI_P049",50
"13833",2197.82901678601,"CAFI_P049",100
"13834",-0.000383214006433263,"CAFI_P049",25
"13835",-0.000383214006433263,"CAFI_P049",50
"13836",24.6789167860115,"CAFI_P049",100
"13837",-0.000383214006433263,"CAFI_P049",25
"13838",-0.000383214006433263,"CAFI_P049",50
"13839",-513.717883214005,"CAFI_P049",100
"13840",-0.000383214006433263,"CAFI_P049",25
"13841",-0.000383214006433263,"CAFI_P049",50
"13842",-5011.58758321399,"CAFI_P049",100
"13843",-0.000383214006433263,"CAFI_P049",25
"13844",-0.000383214006433263,"CAFI_P049",50
"13845",-286.900083213986,"CAFI_P049",100
"13846",-0.000383214006433263,"CAFI_P049",25
"13847",-0.000383214006433263,"CAFI_P049",50
"13848",-130.075483213994,"CAFI_P049",100
"13849",-0.000383214006433263,"CAFI_P049",25
"13850",-0.000383214006433263,"CAFI_P049",50
"13851",1147.69415678599,"CAFI_P049",100
"13852",-0.000383214006433263,"CAFI_P049",25
"13853",-0.000383214006433263,"CAFI_P049",50
"13854",87.0356167860155,"CAFI_P049",100
"13855",-0.000383214006433263,"CAFI_P049",25
"13856",-0.000383214006433263,"CAFI_P049",50
"13857",621.313616786007,"CAFI_P049",100
"13858",-0.000383214006433263,"CAFI_P049",25
"13859",-0.000383214006433263,"CAFI_P049",50
"13860",4229.50631678599,"CAFI_P049",100
"13861",-0.000383214006433263,"CAFI_P049",25
"13862",-0.000383214006433263,"CAFI_P049",50
"13863",32.1042167860141,"CAFI_P049",100
"13864",-0.000383214006433263,"CAFI_P049",25
"13865",-0.000383214006433263,"CAFI_P049",50
"13866",-1193.15738321398,"CAFI_P049",100
"13867",-0.000383214006433263,"CAFI_P049",25
"13868",-0.000383214006433263,"CAFI_P049",50
"13869",1402.419336786,"CAFI_P049",100
"13870",-0.000383214006433263,"CAFI_P049",25
"13871",-0.000383214006433263,"CAFI_P049",50
"13872",-1246.732383214,"CAFI_P049",100
"13873",-0.000383214006433263,"CAFI_P049",25
"13874",-0.000383214006433263,"CAFI_P049",50
"13875",116.180016786006,"CAFI_P049",100
"13876",-0.000383214006433263,"CAFI_P049",25
"13877",-0.000383214006433263,"CAFI_P049",50
"13878",-0.000383214006433263,"CAFI_P049",100
"13879",-0.000383214006433263,"CAFI_P049",25
"13880",-0.000383214006433263,"CAFI_P049",50
"13881",-177.455793214001,"CAFI_P049",100
"13882",-0.000383214006433263,"CAFI_P049",25
"13883",-0.000383214006433263,"CAFI_P049",50
"13884",-62.4238432139973,"CAFI_P049",100
"13885",-0.000383214006433263,"CAFI_P049",25
"13886",-0.000383214006433263,"CAFI_P049",50
"13887",123.509616786003,"CAFI_P049",100
"13888",-0.000383214006433263,"CAFI_P049",25
"13889",-0.000383214006433263,"CAFI_P049",50
"13890",-2016.00648321401,"CAFI_P049",100
"13891",-0.000383214006433263,"CAFI_P049",25
"13892",-0.000383214006433263,"CAFI_P049",50
"13893",-331.306993214006,"CAFI_P049",100
"13894",-0.000383214006433263,"CAFI_P049",25
"13895",-0.000383214006433263,"CAFI_P049",50
"13896",-488.250083213992,"CAFI_P049",100
"13897",-0.000383214006433263,"CAFI_P049",25
"13898",-0.000383214006433263,"CAFI_P049",50
"13899",-1833.77978321401,"CAFI_P049",100
"13900",-0.000383214006433263,"CAFI_P049",25
"13901",-0.000383214006433263,"CAFI_P049",50
"13902",228.657116785995,"CAFI_P049",100
"13903",-0.000383214006433263,"CAFI_P049",25
"13904",-0.000383214006433263,"CAFI_P049",50
"13905",-81.4895632139815,"CAFI_P049",100
"13906",-0.000383214006433263,"CAFI_P049",25
"13907",-0.000383214006433263,"CAFI_P049",50
"13908",267.47361678601,"CAFI_P049",100
"13909",-0.000383214006433263,"CAFI_P049",25
"13910",-0.000383214006433263,"CAFI_P049",50
"13911",1180.479016786,"CAFI_P049",100
"13912",-0.000383214006433263,"CAFI_P049",25
"13913",-0.000383214006433263,"CAFI_P049",50
"13914",-158.055753213994,"CAFI_P049",100
"13915",-0.000383214006433263,"CAFI_P049",25
"13916",-0.000383214006433263,"CAFI_P049",50
"13917",-402.278083213983,"CAFI_P049",100
"13918",-0.000383214006433263,"CAFI_P049",25
"13919",-0.000383214006433263,"CAFI_P049",50
"13920",-1180.840173214,"CAFI_P049",100
"13921",-0.000383214006433263,"CAFI_P049",25
"13922",-0.000383214006433263,"CAFI_P049",50
"13923",-521.903993213986,"CAFI_P049",100
"13924",-0.000383214006433263,"CAFI_P049",25
"13925",-0.000383214006433263,"CAFI_P049",50
"13926",-1022.033383214,"CAFI_P049",100
"13927",-0.000383214006433263,"CAFI_P049",25
"13928",-0.000383214006433263,"CAFI_P049",50
"13929",111.606316785997,"CAFI_P049",100
"13930",-0.000383214006433263,"CAFI_P049",25
"13931",-0.000383214006433263,"CAFI_P049",50
"13932",-2938.72438321399,"CAFI_P049",100
"13933",-0.000383214006433263,"CAFI_P049",25
"13934",-0.000383214006433263,"CAFI_P049",50
"13935",397.599216786009,"CAFI_P049",100
"13936",-0.000383214006433263,"CAFI_P049",25
"13937",-0.000383214006433263,"CAFI_P049",50
"13938",1037.64675678601,"CAFI_P049",100
"13939",-0.000383214006433263,"CAFI_P049",25
"13940",-0.000383214006433263,"CAFI_P049",50
"13941",211.022516786004,"CAFI_P049",100
"13942",-0.000383214006433263,"CAFI_P049",25
"13943",-0.000383214006433263,"CAFI_P049",50
"13944",-9.22498321399326,"CAFI_P049",100
"13945",-0.000383214006433263,"CAFI_P049",25
"13946",-0.000383214006433263,"CAFI_P049",50
"13947",394.388326785993,"CAFI_P049",100
"13948",-0.000383214006433263,"CAFI_P049",25
"13949",-0.000383214006433263,"CAFI_P049",50
"13950",-4346.10548321399,"CAFI_P049",100
"13951",-0.000383214006433263,"CAFI_P049",25
"13952",-0.000383214006433263,"CAFI_P049",50
"13953",-746.717483213986,"CAFI_P049",100
"13954",-0.000383214006433263,"CAFI_P049",25
"13955",-0.000383214006433263,"CAFI_P049",50
"13956",1968.22561678602,"CAFI_P049",100
"13957",-0.000383214006433263,"CAFI_P049",25
"13958",-0.000383214006433263,"CAFI_P049",50
"13959",103.277516786009,"CAFI_P049",100
"13960",-0.000383214006433263,"CAFI_P049",25
"13961",-0.000383214006433263,"CAFI_P049",50
"13962",-2305.004483214,"CAFI_P049",100
"13963",-0.000383214006433263,"CAFI_P049",25
"13964",-0.000383214006433263,"CAFI_P049",50
"13965",1865.47121678601,"CAFI_P049",100
"13966",-0.000383214006433263,"CAFI_P049",25
"13967",-0.000383214006433263,"CAFI_P049",50
"13968",159.479336785997,"CAFI_P049",100
"13969",-0.000383214006433263,"CAFI_P049",25
"13970",-0.000383214006433263,"CAFI_P049",50
"13971",240.719816786004,"CAFI_P049",100
"13972",-0.000383214006433263,"CAFI_P049",25
"13973",-0.000383214006433263,"CAFI_P049",50
"13974",1090.85861678599,"CAFI_P049",100
"13975",-0.000383214006433263,"CAFI_P049",25
"13976",-0.000383214006433263,"CAFI_P049",50
"13977",1189.091116786,"CAFI_P049",100
"13978",-0.000383214006433263,"CAFI_P049",25
"13979",-0.000383214006433263,"CAFI_P049",50
"13980",-237.435783213994,"CAFI_P049",100
"13981",-0.000383214006433263,"CAFI_P049",25
"13982",-0.000383214006433263,"CAFI_P049",50
"13983",-654.932903214009,"CAFI_P049",100
"13984",-0.000383214006433263,"CAFI_P049",25
"13985",-0.000383214006433263,"CAFI_P049",50
"13986",-3933.50958321401,"CAFI_P049",100
"13987",-0.000383214006433263,"CAFI_P049",25
"13988",-0.000383214006433263,"CAFI_P049",50
"13989",282.486616786016,"CAFI_P049",100
"13990",-0.000383214006433263,"CAFI_P049",25
"13991",-0.000383214006433263,"CAFI_P049",50
"13992",-1360.59018321399,"CAFI_P049",100
"13993",-0.000383214006433263,"CAFI_P049",25
"13994",-0.000383214006433263,"CAFI_P049",50
"13995",-282.159083214006,"CAFI_P049",100
"13996",-0.000383214006433263,"CAFI_P049",25
"13997",-0.000383214006433263,"CAFI_P049",50
"13998",-1243.61565321399,"CAFI_P049",100
"13999",-0.000383214006433263,"CAFI_P049",25
"14000",-0.000383214006433263,"CAFI_P049",50
"14001",1312.43861678601,"CAFI_P049",100
"14002",-0.000383214006433263,"CAFI_P049",25
"14003",-0.000383214006433263,"CAFI_P049",50
"14004",337.742916785995,"CAFI_P049",100
"14005",-0.000383214006433263,"CAFI_P049",25
"14006",-0.000383214006433263,"CAFI_P049",50
"14007",541.662376786,"CAFI_P049",100
"14008",-0.000383214006433263,"CAFI_P049",25
"14009",-0.000383214006433263,"CAFI_P049",50
"14010",-112.656783213984,"CAFI_P049",100
"14011",-0.000383214006433263,"CAFI_P049",25
"14012",-0.000383214006433263,"CAFI_P049",50
"14013",1600.034956786,"CAFI_P049",100
"14014",-0.000383214006433263,"CAFI_P049",25
"14015",-0.000383214006433263,"CAFI_P049",50
"14016",1238.16551678602,"CAFI_P049",100
"14017",-0.000383214006433263,"CAFI_P049",25
"14018",-0.000383214006433263,"CAFI_P049",50
"14019",-307.61278321399,"CAFI_P049",100
"14020",-0.000383214006433263,"CAFI_P049",25
"14021",-0.000383214006433263,"CAFI_P049",50
"14022",-1240.41538321399,"CAFI_P049",100
"14023",-0.000383214006433263,"CAFI_P049",25
"14024",-0.000383214006433263,"CAFI_P049",50
"14025",-3282.45112321401,"CAFI_P049",100
"14026",-0.000383214006433263,"CAFI_P049",25
"14027",-0.000383214006433263,"CAFI_P049",50
"14028",-2653.89658321399,"CAFI_P049",100
"14029",-0.000383214006433263,"CAFI_P049",25
"14030",-0.000383214006433263,"CAFI_P049",50
"14031",-490.108283214009,"CAFI_P049",100
"14032",-0.000383214006433263,"CAFI_P049",25
"14033",-0.000383214006433263,"CAFI_P049",50
"14034",-99.3213832140027,"CAFI_P049",100
"14035",-0.000383214006433263,"CAFI_P049",25
"14036",-0.000383214006433263,"CAFI_P049",50
"14037",261.966466785991,"CAFI_P049",100
"14038",-0.000383214006433263,"CAFI_P049",25
"14039",-0.000383214006433263,"CAFI_P049",50
"14040",2251.28631678599,"CAFI_P049",100
"14041",-0.000383214006433263,"CAFI_P049",25
"14042",-0.000383214006433263,"CAFI_P049",50
"14043",-1689.11088321399,"CAFI_P049",100
"14044",-0.000383214006433263,"CAFI_P049",25
"14045",-0.000383214006433263,"CAFI_P049",50
"14046",-3241.25329321399,"CAFI_P049",100
"14047",-0.000383214006433263,"CAFI_P049",25
"14048",-0.000383214006433263,"CAFI_P049",50
"14049",-6850.694483214,"CAFI_P049",100
"14050",-0.000383214006433263,"CAFI_P049",25
"14051",-0.000383214006433263,"CAFI_P049",50
"14052",203.541816786019,"CAFI_P049",100
"14053",-0.000383214006433263,"CAFI_P049",25
"14054",-0.000383214006433263,"CAFI_P049",50
"14055",811.738726786018,"CAFI_P049",100
"14056",-0.000383214006433263,"CAFI_P049",25
"14057",-0.000383214006433263,"CAFI_P049",50
"14058",23.734826786007,"CAFI_P049",100
"14059",-0.000383214006433263,"CAFI_P049",25
"14060",-0.000383214006433263,"CAFI_P049",50
"14061",992.239916785999,"CAFI_P049",100
"14062",-0.000383214006433263,"CAFI_P049",25
"14063",-0.000383214006433263,"CAFI_P049",50
"14064",281.776416786015,"CAFI_P049",100
"14065",-0.000383214006433263,"CAFI_P049",25
"14066",-0.000383214006433263,"CAFI_P049",50
"14067",965.871716786001,"CAFI_P049",100
"14068",-0.000383214006433263,"CAFI_P049",25
"14069",-0.000383214006433263,"CAFI_P049",50
"14070",4320.265016786,"CAFI_P049",100
"14071",-0.000383214006433263,"CAFI_P049",25
"14072",-0.000383214006433263,"CAFI_P049",50
"14073",250.181416786014,"CAFI_P049",100
"14074",-0.000383214006433263,"CAFI_P049",25
"14075",-0.000383214006433263,"CAFI_P049",50
"14076",-1837.15248321398,"CAFI_P049",100
"14077",-0.000383214006433263,"CAFI_P049",25
"14078",-0.000383214006433263,"CAFI_P049",50
"14079",400.317326785997,"CAFI_P049",100
"14080",-0.000383214006433263,"CAFI_P049",25
"14081",-0.000383214006433263,"CAFI_P049",50
"14082",1790.84839678599,"CAFI_P049",100
"14083",-0.000383214006433263,"CAFI_P049",25
"14084",-0.000383214006433263,"CAFI_P049",50
"14085",-296.957873214007,"CAFI_P049",100
"14086",-0.000383214006433263,"CAFI_P049",25
"14087",-0.000383214006433263,"CAFI_P049",50
"14088",45.2331167859957,"CAFI_P049",100
"14089",-0.000383214006433263,"CAFI_P049",25
"14090",-0.000383214006433263,"CAFI_P049",50
"14091",-271.786483214004,"CAFI_P049",100
"14092",-0.000383214006433263,"CAFI_P049",25
"14093",-0.000383214006433263,"CAFI_P049",50
"14094",830.001286785991,"CAFI_P049",100
"14095",-0.000383214006433263,"CAFI_P049",25
"14096",-0.000383214006433263,"CAFI_P049",50
"14097",-463.744323213992,"CAFI_P049",100
"14098",-0.000383214006433263,"CAFI_P049",25
"14099",-0.000383214006433263,"CAFI_P049",50
"14100",-206.156083214009,"CAFI_P049",100
"14101",-1935.526258823,"CAFI_P050",25
"14102",600.955641176988,"CAFI_P050",50
"14103",-591.002748822997,"CAFI_P050",100
"14104",149.872271176981,"CAFI_P050",25
"14105",129.28521117699,"CAFI_P050",50
"14106",5827.84862117699,"CAFI_P050",100
"14107",-542.127458823001,"CAFI_P050",25
"14108",-518.865488823008,"CAFI_P050",50
"14109",1400.26885117698,"CAFI_P050",100
"14110",-631.952328823012,"CAFI_P050",25
"14111",-1797.29111882302,"CAFI_P050",50
"14112",-1332.022108823,"CAFI_P050",100
"14113",1875.817341177,"CAFI_P050",25
"14114",-413.296928822994,"CAFI_P050",50
"14115",2297.23424117698,"CAFI_P050",100
"14116",215.103071177,"CAFI_P050",25
"14117",-2841.307378823,"CAFI_P050",50
"14118",2186.98544117701,"CAFI_P050",100
"14119",2796.75944117698,"CAFI_P050",25
"14120",3403.76864117698,"CAFI_P050",50
"14121",768.104341176979,"CAFI_P050",100
"14122",-1964.596258823,"CAFI_P050",25
"14123",4931.367041177,"CAFI_P050",50
"14124",7817.65276117701,"CAFI_P050",100
"14125",246.808941177005,"CAFI_P050",25
"14126",6380.83187117698,"CAFI_P050",50
"14127",-1973.40423882302,"CAFI_P050",100
"14128",-398.169858823007,"CAFI_P050",25
"14129",1532.63735117699,"CAFI_P050",50
"14130",-2119.325928823,"CAFI_P050",100
"14131",1994.84307117699,"CAFI_P050",25
"14132",3780.854971177,"CAFI_P050",50
"14133",3915.93125117698,"CAFI_P050",100
"14134",1081.10984117698,"CAFI_P050",25
"14135",-1570.51375882301,"CAFI_P050",50
"14136",1703.49494117699,"CAFI_P050",100
"14137",-387.896718823002,"CAFI_P050",25
"14138",1984.65698117699,"CAFI_P050",50
"14139",-1600.163898823,"CAFI_P050",100
"14140",-297.049658823002,"CAFI_P050",25
"14141",-610.98352882301,"CAFI_P050",50
"14142",833.417751176981,"CAFI_P050",100
"14143",-403.328538823,"CAFI_P050",25
"14144",4219.59927117699,"CAFI_P050",50
"14145",-1328.955518823,"CAFI_P050",100
"14146",-769.201658823004,"CAFI_P050",25
"14147",334.654421176994,"CAFI_P050",50
"14148",1594.954641177,"CAFI_P050",100
"14149",180.512811177003,"CAFI_P050",25
"14150",-1717.628158823,"CAFI_P050",50
"14151",992.182471176988,"CAFI_P050",100
"14152",868.038071176998,"CAFI_P050",25
"14153",-1771.42463882299,"CAFI_P050",50
"14154",2722.75182117699,"CAFI_P050",100
"14155",1156.41267117698,"CAFI_P050",25
"14156",-976.779038823006,"CAFI_P050",50
"14157",-1076.835598823,"CAFI_P050",100
"14158",-88.6096988230129,"CAFI_P050",25
"14159",-1465.467558823,"CAFI_P050",50
"14160",2544.30997117699,"CAFI_P050",100
"14161",2209.06217117698,"CAFI_P050",25
"14162",1075.98084117699,"CAFI_P050",50
"14163",2912.55797117698,"CAFI_P050",100
"14164",445.805641176994,"CAFI_P050",25
"14165",2667.60284117699,"CAFI_P050",50
"14166",2936.42590117699,"CAFI_P050",100
"14167",-1758.499958823,"CAFI_P050",25
"14168",-2167.74048882301,"CAFI_P050",50
"14169",-282.932218823,"CAFI_P050",100
"14170",40.9701911769807,"CAFI_P050",25
"14171",1700.72167117699,"CAFI_P050",50
"14172",6252.819271177,"CAFI_P050",100
"14173",2857.936841177,"CAFI_P050",25
"14174",1983.64757117699,"CAFI_P050",50
"14175",5331.18348117699,"CAFI_P050",100
"14176",309.902041177003,"CAFI_P050",25
"14177",-1266.338128823,"CAFI_P050",50
"14178",323.132311177003,"CAFI_P050",100
"14179",272.204161176982,"CAFI_P050",25
"14180",597.496941177,"CAFI_P050",50
"14181",126.472011176986,"CAFI_P050",100
"14182",-1925.231528823,"CAFI_P050",25
"14183",-1633.832868823,"CAFI_P050",50
"14184",2727.04523117701,"CAFI_P050",100
"14185",-313.441238822998,"CAFI_P050",25
"14186",-823.84342882302,"CAFI_P050",50
"14187",6220.88752117701,"CAFI_P050",100
"14188",-2117.808258823,"CAFI_P050",25
"14189",1553.31467117698,"CAFI_P050",50
"14190",239.378731176985,"CAFI_P050",100
"14191",564.238471176999,"CAFI_P050",25
"14192",4430.884271177,"CAFI_P050",50
"14193",-2041.265748823,"CAFI_P050",100
"14194",487.985441177007,"CAFI_P050",25
"14195",-2727.355438823,"CAFI_P050",50
"14196",2866.72714117699,"CAFI_P050",100
"14197",94.7181711769954,"CAFI_P050",25
"14198",1528.61830117699,"CAFI_P050",50
"14199",-968.887248823012,"CAFI_P050",100
"14200",2023.811341177,"CAFI_P050",25
"14201",881.690571176994,"CAFI_P050",50
"14202",6830.270401177,"CAFI_P050",100
"14203",-59.6619388230029,"CAFI_P050",25
"14204",4591.01614117698,"CAFI_P050",50
"14205",2191.26301117698,"CAFI_P050",100
"14206",424.487871177,"CAFI_P050",25
"14207",1681.968741177,"CAFI_P050",50
"14208",1672.364511177,"CAFI_P050",100
"14209",3296.246471177,"CAFI_P050",25
"14210",1840.508041177,"CAFI_P050",50
"14211",600.355861176999,"CAFI_P050",100
"14212",-1349.18025882301,"CAFI_P050",25
"14213",632.327061176999,"CAFI_P050",50
"14214",776.089671177004,"CAFI_P050",100
"14215",-1870.84231882301,"CAFI_P050",25
"14216",-1576.56999882302,"CAFI_P050",50
"14217",-1713.38659882301,"CAFI_P050",100
"14218",3740.55374117699,"CAFI_P050",25
"14219",-1659.86681882301,"CAFI_P050",50
"14220",-129.407808823016,"CAFI_P050",100
"14221",2683.721241177,"CAFI_P050",25
"14222",-676.425078822998,"CAFI_P050",50
"14223",-727.498138822993,"CAFI_P050",100
"14224",716.834441176994,"CAFI_P050",25
"14225",-595.744078823016,"CAFI_P050",50
"14226",-1802.473188823,"CAFI_P050",100
"14227",1733.35494117698,"CAFI_P050",25
"14228",203.807471176988,"CAFI_P050",50
"14229",-455.899748822994,"CAFI_P050",100
"14230",-148.637828823004,"CAFI_P050",25
"14231",-1501.110358823,"CAFI_P050",50
"14232",2610.13967117699,"CAFI_P050",100
"14233",-610.414518823003,"CAFI_P050",25
"14234",597.121061176993,"CAFI_P050",50
"14235",-739.506018823013,"CAFI_P050",100
"14236",-1273.775758823,"CAFI_P050",25
"14237",5519.476041177,"CAFI_P050",50
"14238",997.583351176989,"CAFI_P050",100
"14239",-159.701658823004,"CAFI_P050",25
"14240",2654.822241177,"CAFI_P050",50
"14241",-856.986218823004,"CAFI_P050",100
"14242",-2571.029328823,"CAFI_P050",25
"14243",435.356191176979,"CAFI_P050",50
"14244",2857.74987117699,"CAFI_P050",100
"14245",1903.02948117699,"CAFI_P050",25
"14246",1599.245661177,"CAFI_P050",50
"14247",-632.175078822998,"CAFI_P050",100
"14248",-365.373258823005,"CAFI_P050",25
"14249",-1502.03165882302,"CAFI_P050",50
"14250",188.247811176989,"CAFI_P050",100
"14251",503.549041177001,"CAFI_P050",25
"14252",3506.01825117698,"CAFI_P050",50
"14253",-474.643888823019,"CAFI_P050",100
"14254",2904.474971177,"CAFI_P050",25
"14255",618.586271176988,"CAFI_P050",50
"14256",3943.289661177,"CAFI_P050",100
"14257",1096.02147117699,"CAFI_P050",25
"14258",3941.51864117698,"CAFI_P050",50
"14259",-53.4146088230191,"CAFI_P050",100
"14260",2311.340641177,"CAFI_P050",25
"14261",433.171371176984,"CAFI_P050",50
"14262",4594.79475117699,"CAFI_P050",100
"14263",450.87664117699,"CAFI_P050",25
"14264",2273.702481177,"CAFI_P050",50
"14265",3576.20484117698,"CAFI_P050",100
"14266",699.133141176979,"CAFI_P050",25
"14267",562.277431177004,"CAFI_P050",50
"14268",5657.867201177,"CAFI_P050",100
"14269",64.6902411769843,"CAFI_P050",25
"14270",577.433601177006,"CAFI_P050",50
"14271",-1561.36162882301,"CAFI_P050",100
"14272",-149.731658823002,"CAFI_P050",25
"14273",1259.310461177,"CAFI_P050",50
"14274",-432.632408823003,"CAFI_P050",100
"14275",310.488471176999,"CAFI_P050",25
"14276",1793.357271177,"CAFI_P050",50
"14277",2239.21821117698,"CAFI_P050",100
"14278",-723.078458823002,"CAFI_P050",25
"14279",757.602341177,"CAFI_P050",50
"14280",-103.767468823004,"CAFI_P050",100
"14281",20.9763411769818,"CAFI_P050",25
"14282",5528.80117117698,"CAFI_P050",50
"14283",2567.95325117698,"CAFI_P050",100
"14284",3641.905741177,"CAFI_P050",25
"14285",64.5326811769919,"CAFI_P050",50
"14286",2238.84767117701,"CAFI_P050",100
"14287",50.0645411769801,"CAFI_P050",25
"14288",1329.215771177,"CAFI_P050",50
"14289",-245.815648823016,"CAFI_P050",100
"14290",-2657.938658823,"CAFI_P050",25
"14291",-519.447558823013,"CAFI_P050",50
"14292",-150.348238823004,"CAFI_P050",100
"14293",-692.646258823021,"CAFI_P050",25
"14294",3199.427041177,"CAFI_P050",50
"14295",312.423771176982,"CAFI_P050",100
"14296",1936.19214117699,"CAFI_P050",25
"14297",82.2873711769935,"CAFI_P050",50
"14298",2831.87099117698,"CAFI_P050",100
"14299",3433.09917117699,"CAFI_P050",25
"14300",3018.94349117699,"CAFI_P050",50
"14301",-1872.02350882301,"CAFI_P050",100
"14302",2656.616341177,"CAFI_P050",25
"14303",2498.81962117698,"CAFI_P050",50
"14304",365.494071177003,"CAFI_P050",100
"14305",2092.18584117698,"CAFI_P050",25
"14306",5119.214151177,"CAFI_P050",50
"14307",9395.41043117698,"CAFI_P050",100
"14308",310.340041176998,"CAFI_P050",25
"14309",-1268.33203882302,"CAFI_P050",50
"14310",3529.91714117699,"CAFI_P050",100
"14311",1159.32817117698,"CAFI_P050",25
"14312",485.264501176978,"CAFI_P050",50
"14313",2320.738001177,"CAFI_P050",100
"14314",-454.973258823011,"CAFI_P050",25
"14315",-146.012828823004,"CAFI_P050",50
"14316",-485.369208823016,"CAFI_P050",100
"14317",3021.61384117699,"CAFI_P050",25
"14318",14.5341411769914,"CAFI_P050",50
"14319",2648.868081177,"CAFI_P050",100
"14320",-792.278358823009,"CAFI_P050",25
"14321",743.465771176998,"CAFI_P050",50
"14322",6411.18807117699,"CAFI_P050",100
"14323",-2186.19285882299,"CAFI_P050",25
"14324",3058.21145117699,"CAFI_P050",50
"14325",1740.798471177,"CAFI_P050",100
"14326",487.177111177007,"CAFI_P050",25
"14327",589.979571176984,"CAFI_P050",50
"14328",231.465441176988,"CAFI_P050",100
"14329",1044.04644117699,"CAFI_P050",25
"14330",1477.13657117699,"CAFI_P050",50
"14331",956.150671176991,"CAFI_P050",100
"14332",1691.47227117699,"CAFI_P050",25
"14333",-2256.02699882301,"CAFI_P050",50
"14334",-452.667308823002,"CAFI_P050",100
"14335",1387.55074117699,"CAFI_P050",25
"14336",2309.818741177,"CAFI_P050",50
"14337",2024.49977117698,"CAFI_P050",100
"14338",3117.18094117698,"CAFI_P050",25
"14339",1780.574841177,"CAFI_P050",50
"14340",-1061.027218823,"CAFI_P050",100
"14341",-189.344458823005,"CAFI_P050",25
"14342",1977.513911177,"CAFI_P050",50
"14343",825.702931176987,"CAFI_P050",100
"14344",-247.313188822998,"CAFI_P050",25
"14345",-1729.90262882301,"CAFI_P050",50
"14346",-1409.08396882302,"CAFI_P050",100
"14347",-158.671988823015,"CAFI_P050",25
"14348",-581.449328823015,"CAFI_P050",50
"14349",-2623.64524882301,"CAFI_P050",100
"14350",1943.32337117699,"CAFI_P050",25
"14351",1632.25264117698,"CAFI_P050",50
"14352",-519.32581882301,"CAFI_P050",100
"14353",-802.661058822996,"CAFI_P050",25
"14354",-1762.10740882301,"CAFI_P050",50
"14355",5340.89607117701,"CAFI_P050",100
"14356",892.096271176997,"CAFI_P050",25
"14357",540.905771177,"CAFI_P050",50
"14358",-911.774988823017,"CAFI_P050",100
"14359",239.566971177002,"CAFI_P050",25
"14360",2296.278371177,"CAFI_P050",50
"14361",3213.81677117699,"CAFI_P050",100
"14362",3625.98923117699,"CAFI_P050",25
"14363",-1932.35067882302,"CAFI_P050",50
"14364",-116.279428823007,"CAFI_P050",100
"14365",-1186.33985882302,"CAFI_P050",25
"14366",-1718.112318823,"CAFI_P050",50
"14367",1334.66418117698,"CAFI_P050",100
"14368",614.446241176978,"CAFI_P050",25
"14369",23.9068611770053,"CAFI_P050",50
"14370",-1083.907538823,"CAFI_P050",100
"14371",2079.997641177,"CAFI_P050",25
"14372",-1759.91304882301,"CAFI_P050",50
"14373",6357.21265117699,"CAFI_P050",100
"14374",989.838141176995,"CAFI_P050",25
"14375",-534.963858823001,"CAFI_P050",50
"14376",-1016.57091882301,"CAFI_P050",100
"14377",2325.084671177,"CAFI_P050",25
"14378",1919.15117117699,"CAFI_P050",50
"14379",1357.16667117699,"CAFI_P050",100
"14380",2642.897691177,"CAFI_P050",25
"14381",135.829561177001,"CAFI_P050",50
"14382",797.041931176995,"CAFI_P050",100
"14383",-2156.780318823,"CAFI_P050",25
"14384",-583.086408823001,"CAFI_P050",50
"14385",1655.71617117699,"CAFI_P050",100
"14386",118.856121176999,"CAFI_P050",25
"14387",167.794111177005,"CAFI_P050",50
"14388",-874.785258823016,"CAFI_P050",100
"14389",-1462.960158823,"CAFI_P050",25
"14390",-31.9629388230096,"CAFI_P050",50
"14391",-1590.55227882302,"CAFI_P050",100
"14392",-1554.07455882302,"CAFI_P050",25
"14393",-257.828528823011,"CAFI_P050",50
"14394",-1328.13232882301,"CAFI_P050",100
"14395",-1793.47338882301,"CAFI_P050",25
"14396",53.3878711769939,"CAFI_P050",50
"14397",3960.23591117701,"CAFI_P050",100
"14398",-129.443058823003,"CAFI_P050",25
"14399",7059.953731177,"CAFI_P050",50
"14400",476.798661176988,"CAFI_P050",100
"14401",387.162235300988,"CAFI_P051",25
"14402",-209.100904699008,"CAFI_P051",50
"14403",851.950585300976,"CAFI_P051",100
"14404",-555.366304699011,"CAFI_P051",25
"14405",-1101.122414699,"CAFI_P051",50
"14406",-856.648174699018,"CAFI_P051",100
"14407",-802.051514699007,"CAFI_P051",25
"14408",-556.940184699022,"CAFI_P051",50
"14409",2199.54985530098,"CAFI_P051",100
"14410",-186.218044699024,"CAFI_P051",25
"14411",-1272.49645469902,"CAFI_P051",50
"14412",5.99036530099693,"CAFI_P051",100
"14413",-342.08784469901,"CAFI_P051",25
"14414",939.821265300998,"CAFI_P051",50
"14415",546.226065300987,"CAFI_P051",100
"14416",-836.579154699022,"CAFI_P051",25
"14417",1160.808125301,"CAFI_P051",50
"14418",-1882.583394699,"CAFI_P051",100
"14419",-597.328734699026,"CAFI_P051",25
"14420",-1179.82316469902,"CAFI_P051",50
"14421",1044.50228530099,"CAFI_P051",100
"14422",1090.904225301,"CAFI_P051",25
"14423",2954.57352530098,"CAFI_P051",50
"14424",266.686095300975,"CAFI_P051",100
"14425",-938.110634698998,"CAFI_P051",25
"14426",-1528.86708469901,"CAFI_P051",50
"14427",5035.436045301,"CAFI_P051",100
"14428",481.047425300989,"CAFI_P051",25
"14429",91.7580453009869,"CAFI_P051",50
"14430",1139.83152530098,"CAFI_P051",100
"14431",-547.67755469901,"CAFI_P051",25
"14432",-466.798974699021,"CAFI_P051",50
"14433",4282.15081530096,"CAFI_P051",100
"14434",127.874225300999,"CAFI_P051",25
"14435",1807.982725301,"CAFI_P051",50
"14436",415.710065300984,"CAFI_P051",100
"14437",-206.317164699023,"CAFI_P051",25
"14438",19.3208353009832,"CAFI_P051",50
"14439",2060.098525301,"CAFI_P051",100
"14440",850.671125300985,"CAFI_P051",25
"14441",-996.818914699019,"CAFI_P051",50
"14442",-591.117074699025,"CAFI_P051",100
"14443",287.367565300985,"CAFI_P051",25
"14444",1232.763145301,"CAFI_P051",50
"14445",3144.64818530099,"CAFI_P051",100
"14446",2531.11736530098,"CAFI_P051",25
"14447",1360.79393530099,"CAFI_P051",50
"14448",1034.51068530098,"CAFI_P051",100
"14449",4749.60586530101,"CAFI_P051",25
"14450",442.508125300985,"CAFI_P051",50
"14451",-1286.31227469901,"CAFI_P051",100
"14452",787.986385300988,"CAFI_P051",25
"14453",3217.396225301,"CAFI_P051",50
"14454",-188.633014699008,"CAFI_P051",100
"14455",-1059.42419469901,"CAFI_P051",25
"14456",4313.66146530097,"CAFI_P051",50
"14457",-628.015604699001,"CAFI_P051",100
"14458",-83.7684546990204,"CAFI_P051",25
"14459",-1570.045264699,"CAFI_P051",50
"14460",461.881835300999,"CAFI_P051",100
"14461",-195.704844699008,"CAFI_P051",25
"14462",-1158.45287469903,"CAFI_P051",50
"14463",1521.86561530098,"CAFI_P051",100
"14464",-371.918334699003,"CAFI_P051",25
"14465",-1247.64363469902,"CAFI_P051",50
"14466",390.938085300993,"CAFI_P051",100
"14467",266.723235300975,"CAFI_P051",25
"14468",2364.342065301,"CAFI_P051",50
"14469",1949.82433530097,"CAFI_P051",100
"14470",1179.01826530098,"CAFI_P051",25
"14471",843.583985300997,"CAFI_P051",50
"14472",2803.12352530099,"CAFI_P051",100
"14473",5517.36792530099,"CAFI_P051",25
"14474",376.371485301002,"CAFI_P051",50
"14475",2225.425725301,"CAFI_P051",100
"14476",530.176365300984,"CAFI_P051",25
"14477",3679.32166530096,"CAFI_P051",50
"14478",1248.30745530099,"CAFI_P051",100
"14479",484.902565300988,"CAFI_P051",25
"14480",-286.340544699022,"CAFI_P051",50
"14481",4888.60507530099,"CAFI_P051",100
"14482",-431.254304699018,"CAFI_P051",25
"14483",-27.8640646990098,"CAFI_P051",50
"14484",8153.690525301,"CAFI_P051",100
"14485",2061.712865301,"CAFI_P051",25
"14486",-1713.31946469902,"CAFI_P051",50
"14487",5616.74352530096,"CAFI_P051",100
"14488",-652.261914699018,"CAFI_P051",25
"14489",1148.66919530099,"CAFI_P051",50
"14490",-235.201884699025,"CAFI_P051",100
"14491",-493.323164699017,"CAFI_P051",25
"14492",-466.440954699006,"CAFI_P051",50
"14493",724.229665300983,"CAFI_P051",100
"14494",-90.8573746990005,"CAFI_P051",25
"14495",546.711175300996,"CAFI_P051",50
"14496",-936.004874699021,"CAFI_P051",100
"14497",1135.60216530098,"CAFI_P051",25
"14498",2680.04506530098,"CAFI_P051",50
"14499",-366.033874699002,"CAFI_P051",100
"14500",-622.721764699003,"CAFI_P051",25
"14501",692.850255300989,"CAFI_P051",50
"14502",1294.33029530098,"CAFI_P051",100
"14503",2344.54292530098,"CAFI_P051",25
"14504",2506.40856530098,"CAFI_P051",50
"14505",1240.349075301,"CAFI_P051",100
"14506",-1020.55690469901,"CAFI_P051",25
"14507",-142.067774699011,"CAFI_P051",50
"14508",-1767.27629469903,"CAFI_P051",100
"14509",667.547565300978,"CAFI_P051",25
"14510",440.893475300982,"CAFI_P051",50
"14511",7076.76078530101,"CAFI_P051",100
"14512",-635.320174699009,"CAFI_P051",25
"14513",1004.08676530098,"CAFI_P051",50
"14514",2741.98274530098,"CAFI_P051",100
"14515",-395.835444699012,"CAFI_P051",25
"14516",703.770165300986,"CAFI_P051",50
"14517",781.883425300999,"CAFI_P051",100
"14518",1251.707625301,"CAFI_P051",25
"14519",1572.53212530099,"CAFI_P051",50
"14520",5371.225925301,"CAFI_P051",100
"14521",-18.3489346990245,"CAFI_P051",25
"14522",76.0302253009868,"CAFI_P051",50
"14523",1451.31202530098,"CAFI_P051",100
"14524",426.864445300977,"CAFI_P051",25
"14525",-209.087874699006,"CAFI_P051",50
"14526",727.05238530098,"CAFI_P051",100
"14527",-240.488474698999,"CAFI_P051",25
"14528",131.234245300991,"CAFI_P051",50
"14529",1256.090575301,"CAFI_P051",100
"14530",-1097.807124699,"CAFI_P051",25
"14531",2880.62606530098,"CAFI_P051",50
"14532",3590.98058530097,"CAFI_P051",100
"14533",867.750965300977,"CAFI_P051",25
"14534",294.459765300999,"CAFI_P051",50
"14535",1413.09832530099,"CAFI_P051",100
"14536",43.2864353009791,"CAFI_P051",25
"14537",78.5857953009836,"CAFI_P051",50
"14538",1072.38661530099,"CAFI_P051",100
"14539",-802.000524699019,"CAFI_P051",25
"14540",2203.29143530098,"CAFI_P051",50
"14541",580.032675300987,"CAFI_P051",100
"14542",-585.876134699007,"CAFI_P051",25
"14543",-1247.30474469901,"CAFI_P051",50
"14544",-242.296774699003,"CAFI_P051",100
"14545",2813.44496530099,"CAFI_P051",25
"14546",-23.8931046990037,"CAFI_P051",50
"14547",677.692685300979,"CAFI_P051",100
"14548",-31.7794646990078,"CAFI_P051",25
"14549",610.173125300993,"CAFI_P051",50
"14550",-698.620114699006,"CAFI_P051",100
"14551",-683.584274699009,"CAFI_P051",25
"14552",1633.75596530098,"CAFI_P051",50
"14553",-1383.28268469902,"CAFI_P051",100
"14554",294.886775300984,"CAFI_P051",25
"14555",1096.85096530098,"CAFI_P051",50
"14556",3633.34945530098,"CAFI_P051",100
"14557",712.857385301002,"CAFI_P051",25
"14558",-19.487784699013,"CAFI_P051",50
"14559",1275.968025301,"CAFI_P051",100
"14560",156.202565300977,"CAFI_P051",25
"14561",-511.706434699008,"CAFI_P051",50
"14562",1824.03762530099,"CAFI_P051",100
"14563",2131.46116530098,"CAFI_P051",25
"14564",-734.744534699013,"CAFI_P051",50
"14565",6319.47902530097,"CAFI_P051",100
"14566",389.550805300998,"CAFI_P051",25
"14567",-1018.26032469902,"CAFI_P051",50
"14568",3567.64644530098,"CAFI_P051",100
"14569",1244.70506530098,"CAFI_P051",25
"14570",3067.87442530098,"CAFI_P051",50
"14571",6835.08939530098,"CAFI_P051",100
"14572",-210.138534699014,"CAFI_P051",25
"14573",5142.15906530098,"CAFI_P051",50
"14574",2225.74094530099,"CAFI_P051",100
"14575",1359.033965301,"CAFI_P051",25
"14576",-1171.880624699,"CAFI_P051",50
"14577",-1275.11005469901,"CAFI_P051",100
"14578",-1280.43539469902,"CAFI_P051",25
"14579",1981.21112530099,"CAFI_P051",50
"14580",2483.27212530098,"CAFI_P051",100
"14581",1840.81796530099,"CAFI_P051",25
"14582",706.586905300996,"CAFI_P051",50
"14583",2230.76265530099,"CAFI_P051",100
"14584",1526.66716530098,"CAFI_P051",25
"14585",-990.412084699026,"CAFI_P051",50
"14586",-850.837344699015,"CAFI_P051",100
"14587",994.80006530098,"CAFI_P051",25
"14588",-1518.202794699,"CAFI_P051",50
"14589",-567.156424699002,"CAFI_P051",100
"14590",-1034.99129469902,"CAFI_P051",25
"14591",4342.43856530098,"CAFI_P051",50
"14592",7129.21227530096,"CAFI_P051",100
"14593",941.104625300999,"CAFI_P051",25
"14594",1227.988225301,"CAFI_P051",50
"14595",324.684525300981,"CAFI_P051",100
"14596",-370.425094699021,"CAFI_P051",25
"14597",-283.444034699001,"CAFI_P051",50
"14598",588.386215300998,"CAFI_P051",100
"14599",541.897225300985,"CAFI_P051",25
"14600",-502.988034699025,"CAFI_P051",50
"14601",-455.282854699006,"CAFI_P051",100
"14602",-347.901834699005,"CAFI_P051",25
"14603",1201.96186530098,"CAFI_P051",50
"14604",3518.25555530097,"CAFI_P051",100
"14605",-12.2261446990015,"CAFI_P051",25
"14606",-472.569444699009,"CAFI_P051",50
"14607",-434.504644699016,"CAFI_P051",100
"14608",739.396215300978,"CAFI_P051",25
"14609",231.073755300982,"CAFI_P051",50
"14610",1411.16744530099,"CAFI_P051",100
"14611",2432.55066530098,"CAFI_P051",25
"14612",-888.629284699011,"CAFI_P051",50
"14613",36.6321253009955,"CAFI_P051",100
"14614",-606.329874699004,"CAFI_P051",25
"14615",-1025.268104699,"CAFI_P051",50
"14616",5072.52772530101,"CAFI_P051",100
"14617",95.1935653009859,"CAFI_P051",25
"14618",124.594895300979,"CAFI_P051",50
"14619",3510.02838530098,"CAFI_P051",100
"14620",-583.863814698998,"CAFI_P051",25
"14621",1282.29338530099,"CAFI_P051",50
"14622",1374.43881530099,"CAFI_P051",100
"14623",682.546925300994,"CAFI_P051",25
"14624",-568.345814699016,"CAFI_P051",50
"14625",-325.680904699024,"CAFI_P051",100
"14626",662.280035300995,"CAFI_P051",25
"14627",-420.457874699001,"CAFI_P051",50
"14628",-690.635194699018,"CAFI_P051",100
"14629",-847.00753469902,"CAFI_P051",25
"14630",-602.62703469902,"CAFI_P051",50
"14631",-1354.31044469902,"CAFI_P051",100
"14632",-503.632634699024,"CAFI_P051",25
"14633",1335.72836530098,"CAFI_P051",50
"14634",5921.14666530097,"CAFI_P051",100
"14635",-434.161574699014,"CAFI_P051",25
"14636",5645.75366530099,"CAFI_P051",50
"14637",312.245805300976,"CAFI_P051",100
"14638",679.000365300977,"CAFI_P051",25
"14639",-392.85426469901,"CAFI_P051",50
"14640",-622.418634699017,"CAFI_P051",100
"14641",101.729935301002,"CAFI_P051",25
"14642",754.317015301,"CAFI_P051",50
"14643",769.723535300989,"CAFI_P051",100
"14644",-912.467044699006,"CAFI_P051",25
"14645",-283.19066469901,"CAFI_P051",50
"14646",951.943745300989,"CAFI_P051",100
"14647",-668.441134699009,"CAFI_P051",25
"14648",6808.74993530099,"CAFI_P051",50
"14649",1910.59642530099,"CAFI_P051",100
"14650",-359.015434699017,"CAFI_P051",25
"14651",5787.728325301,"CAFI_P051",50
"14652",356.681655300985,"CAFI_P051",100
"14653",570.752665300999,"CAFI_P051",25
"14654",2203.91562530099,"CAFI_P051",50
"14655",5627.382175301,"CAFI_P051",100
"14656",816.302265300998,"CAFI_P051",25
"14657",928.771765300975,"CAFI_P051",50
"14658",-1144.23030469901,"CAFI_P051",100
"14659",2449.813965301,"CAFI_P051",25
"14660",-1113.979034699,"CAFI_P051",50
"14661",4570.79842530101,"CAFI_P051",100
"14662",676.136965300975,"CAFI_P051",25
"14663",1180.22301530099,"CAFI_P051",50
"14664",-1689.67153469901,"CAFI_P051",100
"14665",8072.60466530101,"CAFI_P051",25
"14666",256.084865300974,"CAFI_P051",50
"14667",1464.15627530098,"CAFI_P051",100
"14668",2740.35082530099,"CAFI_P051",25
"14669",329.239805300982,"CAFI_P051",50
"14670",2555.14675530099,"CAFI_P051",100
"14671",751.549365300976,"CAFI_P051",25
"14672",4049.66297530101,"CAFI_P051",50
"14673",-142.870674699021,"CAFI_P051",100
"14674",5263.65642530101,"CAFI_P051",25
"14675",1401.59411530098,"CAFI_P051",50
"14676",5619.97259530096,"CAFI_P051",100
"14677",-867.788744699006,"CAFI_P051",25
"14678",-701.828584699018,"CAFI_P051",50
"14679",-1110.22254469901,"CAFI_P051",100
"14680",51.0856553009944,"CAFI_P051",25
"14681",1425.74139530098,"CAFI_P051",50
"14682",1463.09832530099,"CAFI_P051",100
"14683",-369.573674699001,"CAFI_P051",25
"14684",57.5475853009848,"CAFI_P051",50
"14685",3303.793325301,"CAFI_P051",100
"14686",4820.95481530097,"CAFI_P051",25
"14687",4175.82962530098,"CAFI_P051",50
"14688",481.332945300994,"CAFI_P051",100
"14689",1818.66452530099,"CAFI_P051",25
"14690",-383.651754699007,"CAFI_P051",50
"14691",-542.121954699018,"CAFI_P051",100
"14692",1504.67946530099,"CAFI_P051",25
"14693",-79.5841346990201,"CAFI_P051",50
"14694",4862.80436530101,"CAFI_P051",100
"14695",39.988065300975,"CAFI_P051",25
"14696",-275.618654699007,"CAFI_P051",50
"14697",5236.87825530101,"CAFI_P051",100
"14698",172.281365300994,"CAFI_P051",25
"14699",58.9506553009851,"CAFI_P051",50
"14700",827.967385300988,"CAFI_P051",100
"14701",2413.43820212097,"CAFI_P052",25
"14702",-440.047697879025,"CAFI_P052",50
"14703",-2144.80379787902,"CAFI_P052",100
"14704",62.6068821209774,"CAFI_P052",25
"14705",533.044102120999,"CAFI_P052",50
"14706",2131.292592121,"CAFI_P052",100
"14707",-1168.62351787902,"CAFI_P052",25
"14708",-1837.14591787901,"CAFI_P052",50
"14709",-3910.62845787901,"CAFI_P052",100
"14710",58.7074221209914,"CAFI_P052",25
"14711",-157.476407879003,"CAFI_P052",50
"14712",-2790.17319787902,"CAFI_P052",100
"14713",-925.529517879011,"CAFI_P052",25
"14714",-2234.83501787903,"CAFI_P052",50
"14715",-3610.19553787902,"CAFI_P052",100
"14716",-864.048917879001,"CAFI_P052",25
"14717",-2636.66223787901,"CAFI_P052",50
"14718",-2230.11246787902,"CAFI_P052",100
"14719",-975.794427879009,"CAFI_P052",25
"14720",-346.469617879018,"CAFI_P052",50
"14721",-3127.07994787901,"CAFI_P052",100
"14722",518.525902120979,"CAFI_P052",25
"14723",-868.051027879003,"CAFI_P052",50
"14724",-3372.28359787902,"CAFI_P052",100
"14725",-469.573117879016,"CAFI_P052",25
"14726",320.36878212099,"CAFI_P052",50
"14727",-1164.91981787901,"CAFI_P052",100
"14728",35.1022821209917,"CAFI_P052",25
"14729",-300.172307879024,"CAFI_P052",50
"14730",928.103702120978,"CAFI_P052",100
"14731",-569.375517879002,"CAFI_P052",25
"14732",-1741.56125787902,"CAFI_P052",50
"14733",-1034.81570787902,"CAFI_P052",100
"14734",223.208802120993,"CAFI_P052",25
"14735",61.5315821209806,"CAFI_P052",50
"14736",5131.53421212098,"CAFI_P052",100
"14737",-597.013617879013,"CAFI_P052",25
"14738",-727.267697879026,"CAFI_P052",50
"14739",-1148.79590787902,"CAFI_P052",100
"14740",-940.743217879004,"CAFI_P052",25
"14741",-385.297097879025,"CAFI_P052",50
"14742",-3410.03767787901,"CAFI_P052",100
"14743",-679.915717879019,"CAFI_P052",25
"14744",-2086.445417879,"CAFI_P052",50
"14745",2916.39054212099,"CAFI_P052",100
"14746",-230.861617879011,"CAFI_P052",25
"14747",1738.25439212099,"CAFI_P052",50
"14748",2988.90099212099,"CAFI_P052",100
"14749",1146.51688212098,"CAFI_P052",25
"14750",-686.796017879009,"CAFI_P052",50
"14751",-1968.144177879,"CAFI_P052",100
"14752",-711.516247879015,"CAFI_P052",25
"14753",5450.29498212098,"CAFI_P052",50
"14754",-3561.19725787902,"CAFI_P052",100
"14755",-203.770817879005,"CAFI_P052",25
"14756",-2649.77741787903,"CAFI_P052",50
"14757",-3584.12250787902,"CAFI_P052",100
"14758",-999.448687879019,"CAFI_P052",25
"14759",-2879.34468787903,"CAFI_P052",50
"14760",-2733.40549787902,"CAFI_P052",100
"14761",-337.920617879019,"CAFI_P052",25
"14762",764.003902120981,"CAFI_P052",50
"14763",857.314692120999,"CAFI_P052",100
"14764",-329.910437879007,"CAFI_P052",25
"14765",-2017.76191787902,"CAFI_P052",50
"14766",-2074.99477787901,"CAFI_P052",100
"14767",-716.406227879022,"CAFI_P052",25
"14768",-604.284617879021,"CAFI_P052",50
"14769",-1535.43545787901,"CAFI_P052",100
"14770",1467.42448212099,"CAFI_P052",25
"14771",-930.878817879013,"CAFI_P052",50
"14772",-2993.084547879,"CAFI_P052",100
"14773",-614.531917879009,"CAFI_P052",25
"14774",-2134.81162787901,"CAFI_P052",50
"14775",222.274002120976,"CAFI_P052",100
"14776",-1183.63551787901,"CAFI_P052",25
"14777",-632.508297879016,"CAFI_P052",50
"14778",-3512.58202787902,"CAFI_P052",100
"14779",-2185.46903787903,"CAFI_P052",25
"14780",-3055.54782787903,"CAFI_P052",50
"14781",-2623.06635787903,"CAFI_P052",100
"14782",-893.816017879028,"CAFI_P052",25
"14783",-251.262617879023,"CAFI_P052",50
"14784",5377.60800212098,"CAFI_P052",100
"14785",863.256402120984,"CAFI_P052",25
"14786",-2305.45341787901,"CAFI_P052",50
"14787",-781.650007879012,"CAFI_P052",100
"14788",-290.470917879022,"CAFI_P052",25
"14789",-673.481577879022,"CAFI_P052",50
"14790",-1209.28999787901,"CAFI_P052",100
"14791",4101.91348212099,"CAFI_P052",25
"14792",-2072.55379787902,"CAFI_P052",50
"14793",827.531082120986,"CAFI_P052",100
"14794",-444.278617879027,"CAFI_P052",25
"14795",1110.446782121,"CAFI_P052",50
"14796",-1979.15359787902,"CAFI_P052",100
"14797",-941.576117879013,"CAFI_P052",25
"14798",-843.11638787901,"CAFI_P052",50
"14799",11682.383972121,"CAFI_P052",100
"14800",-2119.328317879,"CAFI_P052",25
"14801",5151.43720212099,"CAFI_P052",50
"14802",-505.857577879011,"CAFI_P052",100
"14803",-131.156317879009,"CAFI_P052",25
"14804",-2579.16141787902,"CAFI_P052",50
"14805",-2313.17619787902,"CAFI_P052",100
"14806",-172.135517879011,"CAFI_P052",25
"14807",-1327.27151787901,"CAFI_P052",50
"14808",-2380.72400787901,"CAFI_P052",100
"14809",-303.183487879025,"CAFI_P052",25
"14810",-937.836217879027,"CAFI_P052",50
"14811",-1397.846377879,"CAFI_P052",100
"14812",1279.71420212099,"CAFI_P052",25
"14813",-1992.05847787901,"CAFI_P052",50
"14814",344.348082120996,"CAFI_P052",100
"14815",-962.91451787902,"CAFI_P052",25
"14816",-499.443597878999,"CAFI_P052",50
"14817",259.337562120985,"CAFI_P052",100
"14818",-678.201617879007,"CAFI_P052",25
"14819",-2385.50342787901,"CAFI_P052",50
"14820",-1371.74150787902,"CAFI_P052",100
"14821",-314.777927879011,"CAFI_P052",25
"14822",-2015.28630787903,"CAFI_P052",50
"14823",-2796.40149787901,"CAFI_P052",100
"14824",-1196.80051787902,"CAFI_P052",25
"14825",-2022.64587787903,"CAFI_P052",50
"14826",-3815.02784787901,"CAFI_P052",100
"14827",105.583382120996,"CAFI_P052",25
"14828",-2674.022017879,"CAFI_P052",50
"14829",-2982.57250787903,"CAFI_P052",100
"14830",-329.596807879017,"CAFI_P052",25
"14831",-2739.35791787901,"CAFI_P052",50
"14832",-1589.67471787901,"CAFI_P052",100
"14833",-258.022117879009,"CAFI_P052",25
"14834",-311.145397879009,"CAFI_P052",50
"14835",-3009.55357787901,"CAFI_P052",100
"14836",318.581202120986,"CAFI_P052",25
"14837",-2849.68831787902,"CAFI_P052",50
"14838",-2790.41221787903,"CAFI_P052",100
"14839",-2071.94631787902,"CAFI_P052",25
"14840",-2938.79365787902,"CAFI_P052",50
"14841",2106.74184212097,"CAFI_P052",100
"14842",-702.428307879018,"CAFI_P052",25
"14843",269.212382120983,"CAFI_P052",50
"14844",-1575.67585787902,"CAFI_P052",100
"14845",-330.662637879024,"CAFI_P052",25
"14846",152.483702120982,"CAFI_P052",50
"14847",3017.386812121,"CAFI_P052",100
"14848",-622.489817879017,"CAFI_P052",25
"14849",-549.056087879027,"CAFI_P052",50
"14850",5285.18078212099,"CAFI_P052",100
"14851",497.253482120985,"CAFI_P052",25
"14852",5080.285682121,"CAFI_P052",50
"14853",-3729.50628787902,"CAFI_P052",100
"14854",20.254482120974,"CAFI_P052",25
"14855",-453.874767879024,"CAFI_P052",50
"14856",-3560.17192787901,"CAFI_P052",100
"14857",-938.941017879028,"CAFI_P052",25
"14858",-2860.65581787901,"CAFI_P052",50
"14859",-3263.70935787901,"CAFI_P052",100
"14860",-714.920217879,"CAFI_P052",25
"14861",3593.538992121,"CAFI_P052",50
"14862",-2225.76829787903,"CAFI_P052",100
"14863",677.266802120983,"CAFI_P052",25
"14864",-1824.562807879,"CAFI_P052",50
"14865",-2060.860897879,"CAFI_P052",100
"14866",-604.900517879025,"CAFI_P052",25
"14867",-2693.85723787901,"CAFI_P052",50
"14868",-1678.72689787901,"CAFI_P052",100
"14869",-134.842917879025,"CAFI_P052",25
"14870",-3206.49872787902,"CAFI_P052",50
"14871",2957.976182121,"CAFI_P052",100
"14872",-736.526237879007,"CAFI_P052",25
"14873",-159.535387879005,"CAFI_P052",50
"14874",-2143.15049787902,"CAFI_P052",100
"14875",264.515702120989,"CAFI_P052",25
"14876",-1848.66001787901,"CAFI_P052",50
"14877",-2179.42957787903,"CAFI_P052",100
"14878",-1777.85791787901,"CAFI_P052",25
"14879",-820.292487879022,"CAFI_P052",50
"14880",-2857.69001787901,"CAFI_P052",100
"14881",23.4400621209934,"CAFI_P052",25
"14882",4660.85658212099,"CAFI_P052",50
"14883",-3509.562887879,"CAFI_P052",100
"14884",-2003.05831787901,"CAFI_P052",25
"14885",377.936282120994,"CAFI_P052",50
"14886",-2712.86846787902,"CAFI_P052",100
"14887",-2149.97372787903,"CAFI_P052",25
"14888",3007.80810212099,"CAFI_P052",50
"14889",-1933.18349787901,"CAFI_P052",100
"14890",-2112.24051787902,"CAFI_P052",25
"14891",-2403.59297787902,"CAFI_P052",50
"14892",173.859402120986,"CAFI_P052",100
"14893",-978.496147879021,"CAFI_P052",25
"14894",12398.226492121,"CAFI_P052",50
"14895",-613.538037879014,"CAFI_P052",100
"14896",1143.963382121,"CAFI_P052",25
"14897",-2259.42621787902,"CAFI_P052",50
"14898",-2040.76269787902,"CAFI_P052",100
"14899",-96.4634178790147,"CAFI_P052",25
"14900",354.297292120988,"CAFI_P052",50
"14901",-3902.362667879,"CAFI_P052",100
"14902",687.761882120976,"CAFI_P052",25
"14903",3640.56070212097,"CAFI_P052",50
"14904",-3257.28306787901,"CAFI_P052",100
"14905",-506.809717879019,"CAFI_P052",25
"14906",-1473.281087879,"CAFI_P052",50
"14907",-3378.87070787902,"CAFI_P052",100
"14908",-639.771217879024,"CAFI_P052",25
"14909",-339.671797879011,"CAFI_P052",50
"14910",-2335.58010787901,"CAFI_P052",100
"14911",-263.723817879014,"CAFI_P052",25
"14912",207.246642120997,"CAFI_P052",50
"14913",-2664.04484787901,"CAFI_P052",100
"14914",256.304282120982,"CAFI_P052",25
"14915",-1967.10501787902,"CAFI_P052",50
"14916",-3451.36992787902,"CAFI_P052",100
"14917",-549.279717879021,"CAFI_P052",25
"14918",712.883802120981,"CAFI_P052",50
"14919",-1080.994707879,"CAFI_P052",100
"14920",5180.58138212099,"CAFI_P052",25
"14921",15980.794682121,"CAFI_P052",50
"14922",2787.59650212098,"CAFI_P052",100
"14923",2.64422212098725,"CAFI_P052",25
"14924",350.178482120973,"CAFI_P052",50
"14925",-2136.25960787901,"CAFI_P052",100
"14926",-896.413817879016,"CAFI_P052",25
"14927",1184.862702121,"CAFI_P052",50
"14928",-1548.75664787902,"CAFI_P052",100
"14929",-2193.35897787902,"CAFI_P052",25
"14930",5807.15708212098,"CAFI_P052",50
"14931",16257.013792121,"CAFI_P052",100
"14932",1185.54420212097,"CAFI_P052",25
"14933",-1872.67771787901,"CAFI_P052",50
"14934",-2813.63475787902,"CAFI_P052",100
"14935",-586.612517879024,"CAFI_P052",25
"14936",-2036.41332787901,"CAFI_P052",50
"14937",-1855.20227787903,"CAFI_P052",100
"14938",135.266502120998,"CAFI_P052",25
"14939",-281.475277879013,"CAFI_P052",50
"14940",-4152.04318787903,"CAFI_P052",100
"14941",-144.223217879015,"CAFI_P052",25
"14942",6130.71378212099,"CAFI_P052",50
"14943",-3073.717597879,"CAFI_P052",100
"14944",872.112482120981,"CAFI_P052",25
"14945",-2873.86145787901,"CAFI_P052",50
"14946",-691.041497879021,"CAFI_P052",100
"14947",357.124902120995,"CAFI_P052",25
"14948",157.52920212099,"CAFI_P052",50
"14949",-1822.948937879,"CAFI_P052",100
"14950",38.531472120987,"CAFI_P052",25
"14951",-2268.78741787901,"CAFI_P052",50
"14952",233.233602120978,"CAFI_P052",100
"14953",86.9903021209757,"CAFI_P052",25
"14954",-2905.857427879,"CAFI_P052",50
"14955",-2437.64162787903,"CAFI_P052",100
"14956",-617.405117879011,"CAFI_P052",25
"14957",417.606872120989,"CAFI_P052",50
"14958",232.659422120982,"CAFI_P052",100
"14959",133.425902120973,"CAFI_P052",25
"14960",-956.492617879005,"CAFI_P052",50
"14961",-1894.51233787902,"CAFI_P052",100
"14962",-584.993817879003,"CAFI_P052",25
"14963",-2344.57201787902,"CAFI_P052",50
"14964",-3076.173107879,"CAFI_P052",100
"14965",-106.282217879023,"CAFI_P052",25
"14966",-860.192497879005,"CAFI_P052",50
"14967",-908.134277879028,"CAFI_P052",100
"14968",-519.715517879027,"CAFI_P052",25
"14969",-2078.777517879,"CAFI_P052",50
"14970",4437.61190212099,"CAFI_P052",100
"14971",-676.12631787901,"CAFI_P052",25
"14972",-189.594957879017,"CAFI_P052",50
"14973",-2758.47079787901,"CAFI_P052",100
"14974",-273.566717879003,"CAFI_P052",25
"14975",-900.546117879014,"CAFI_P052",50
"14976",-907.636867879017,"CAFI_P052",100
"14977",-331.990217879007,"CAFI_P052",25
"14978",-172.678597879014,"CAFI_P052",50
"14979",-3907.47308787901,"CAFI_P052",100
"14980",12.6982821209822,"CAFI_P052",25
"14981",-1304.09461787902,"CAFI_P052",50
"14982",-3552.57579787902,"CAFI_P052",100
"14983",-230.437317879027,"CAFI_P052",25
"14984",-1475.306607879,"CAFI_P052",50
"14985",-3197.46794787902,"CAFI_P052",100
"14986",-943.106217879016,"CAFI_P052",25
"14987",-1681.17809787902,"CAFI_P052",50
"14988",-3644.90255787902,"CAFI_P052",100
"14989",-1687.79441787902,"CAFI_P052",25
"14990",584.599682120985,"CAFI_P052",50
"14991",-3975.03545787901,"CAFI_P052",100
"14992",5131.75320212098,"CAFI_P052",25
"14993",-829.726217879012,"CAFI_P052",50
"14994",-2929.81570787902,"CAFI_P052",100
"14995",187.50080212098,"CAFI_P052",25
"14996",-618.275797879003,"CAFI_P052",50
"14997",14737.928302121,"CAFI_P052",100
"14998",589.178382120997,"CAFI_P052",25
"14999",-68.503797879006,"CAFI_P052",50
"15000",-2123.38559787901,"CAFI_P052",100
"15001",-132.541275241994,"CAFI_P053",25
"15002",-5990.25851524199,"CAFI_P053",50
"15003",-5634.49582524199,"CAFI_P053",100
"15004",-6550.45493524199,"CAFI_P053",25
"15005",-4943.48242524199,"CAFI_P053",50
"15006",-6749.12506524198,"CAFI_P053",100
"15007",-6198.47387524199,"CAFI_P053",25
"15008",-6674.458145242,"CAFI_P053",50
"15009",-6110.74431524199,"CAFI_P053",100
"15010",1415.56352475801,"CAFI_P053",25
"15011",451.180394758005,"CAFI_P053",50
"15012",-6464.68487524199,"CAFI_P053",100
"15013",432.594994758023,"CAFI_P053",25
"15014",-6044.67795524199,"CAFI_P053",50
"15015",-6594.33935524199,"CAFI_P053",100
"15016",149.527224758,"CAFI_P053",25
"15017",-559.016275242,"CAFI_P053",50
"15018",-7230.56562524199,"CAFI_P053",100
"15019",-5578.957975242,"CAFI_P053",25
"15020",-6318.88347524199,"CAFI_P053",50
"15021",-5454.88347524198,"CAFI_P053",100
"15022",313.566324758023,"CAFI_P053",25
"15023",91.9034447580052,"CAFI_P053",50
"15024",-6521.01900524199,"CAFI_P053",100
"15025",-104.097875241976,"CAFI_P053",25
"15026",-248.029305242002,"CAFI_P053",50
"15027",-5462.90212524199,"CAFI_P053",100
"15028",336.984624758014,"CAFI_P053",25
"15029",-246.607675241976,"CAFI_P053",50
"15030",-6349.58852524198,"CAFI_P053",100
"15031",-6481.35272524199,"CAFI_P053",25
"15032",-5579.39626524199,"CAFI_P053",50
"15033",-4724.128295242,"CAFI_P053",100
"15034",-3651.09077524199,"CAFI_P053",25
"15035",939.00623475801,"CAFI_P053",50
"15036",-4889.65864524199,"CAFI_P053",100
"15037",-242.984085242002,"CAFI_P053",25
"15038",-2218.190565242,"CAFI_P053",50
"15039",-3741.023575242,"CAFI_P053",100
"15040",238.39632475801,"CAFI_P053",25
"15041",-6869.46065524199,"CAFI_P053",50
"15042",-4082.175365242,"CAFI_P053",100
"15043",635.865434758016,"CAFI_P053",25
"15044",-298.350945241982,"CAFI_P053",50
"15045",-5691.38187524199,"CAFI_P053",100
"15046",31.3530247580202,"CAFI_P053",25
"15047",3840.929124758,"CAFI_P053",50
"15048",-4240.64368524199,"CAFI_P053",100
"15049",-64.5306652419968,"CAFI_P053",25
"15050",8622.508144758,"CAFI_P053",50
"15051",-6760.34377524198,"CAFI_P053",100
"15052",-6564.65345524199,"CAFI_P053",25
"15053",-352.07308524198,"CAFI_P053",50
"15054",-7003.70613524198,"CAFI_P053",100
"15055",-176.722615241975,"CAFI_P053",25
"15056",-4596.49624524199,"CAFI_P053",50
"15057",6119.869174758,"CAFI_P053",100
"15058",1002.22232475801,"CAFI_P053",25
"15059",-4577.99682524198,"CAFI_P053",50
"15060",-4471.65658524199,"CAFI_P053",100
"15061",746.29052475802,"CAFI_P053",25
"15062",-6401.34996524199,"CAFI_P053",50
"15063",-6379.73410524199,"CAFI_P053",100
"15064",117.387524758,"CAFI_P053",25
"15065",-6409.42028524198,"CAFI_P053",50
"15066",-5135.92597524199,"CAFI_P053",100
"15067",-140.423675241997,"CAFI_P053",25
"15068",2085.94537475801,"CAFI_P053",50
"15069",-4268.568425242,"CAFI_P053",100
"15070",-102.319625242002,"CAFI_P053",25
"15071",-6778.74155524198,"CAFI_P053",50
"15072",-4361.028265242,"CAFI_P053",100
"15073",-319.901585241983,"CAFI_P053",25
"15074",-422.014925241994,"CAFI_P053",50
"15075",-4098.04087524198,"CAFI_P053",100
"15076",179.898854758008,"CAFI_P053",25
"15077",-3763.19847524198,"CAFI_P053",50
"15078",-5122.05974524198,"CAFI_P053",100
"15079",-6500.09142524199,"CAFI_P053",25
"15080",-5604.86691524199,"CAFI_P053",50
"15081",-6312.35590524199,"CAFI_P053",100
"15082",83.0898247580044,"CAFI_P053",25
"15083",-6457.38032524199,"CAFI_P053",50
"15084",-3775.24687524198,"CAFI_P053",100
"15085",-164.306275241979,"CAFI_P053",25
"15086",-3758.823275242,"CAFI_P053",50
"15087",-5666.34359524198,"CAFI_P053",100
"15088",-6402.50961524199,"CAFI_P053",25
"15089",34.9645347580081,"CAFI_P053",50
"15090",-7005.035735242,"CAFI_P053",100
"15091",-133.355285241996,"CAFI_P053",25
"15092",-282.313845241995,"CAFI_P053",50
"15093",-4239.111095242,"CAFI_P053",100
"15094",-6629.224355242,"CAFI_P053",25
"15095",2337.31782475801,"CAFI_P053",50
"15096",-3602.600985242,"CAFI_P053",100
"15097",-218.498825241986,"CAFI_P053",25
"15098",218.015344758023,"CAFI_P053",50
"15099",-5790.93913524199,"CAFI_P053",100
"15100",-197.945435242,"CAFI_P053",25
"15101",-6395.92383524199,"CAFI_P053",50
"15102",-7127.46273524199,"CAFI_P053",100
"15103",-403.455645241978,"CAFI_P053",25
"15104",-6435.14726524199,"CAFI_P053",50
"15105",-5015.615555242,"CAFI_P053",100
"15106",-144.290885241993,"CAFI_P053",25
"15107",-5136.17739524198,"CAFI_P053",50
"15108",-6949.62731524199,"CAFI_P053",100
"15109",-6070.01547524199,"CAFI_P053",25
"15110",-6498.51266524199,"CAFI_P053",50
"15111",-2891.63138524198,"CAFI_P053",100
"15112",-6568.33158524199,"CAFI_P053",25
"15113",-502.72761524198,"CAFI_P053",50
"15114",-3436.128425242,"CAFI_P053",100
"15115",-380.854375241994,"CAFI_P053",25
"15116",-5013.74264524199,"CAFI_P053",50
"15117",-6378.98480524198,"CAFI_P053",100
"15118",-40.2392352419847,"CAFI_P053",25
"15119",1901.75597475801,"CAFI_P053",50
"15120",-4285.30181524198,"CAFI_P053",100
"15121",-34.5796752419847,"CAFI_P053",25
"15122",594.190014758002,"CAFI_P053",50
"15123",-4235.604735242,"CAFI_P053",100
"15124",-352.043695241999,"CAFI_P053",25
"15125",3.80409475800116,"CAFI_P053",50
"15126",-7419.03521524199,"CAFI_P053",100
"15127",-103.970305241994,"CAFI_P053",25
"15128",-230.132575241994,"CAFI_P053",50
"15129",-7034.62292524199,"CAFI_P053",100
"15130",-151.860005241993,"CAFI_P053",25
"15131",185.054524758016,"CAFI_P053",50
"15132",-5791.62335524199,"CAFI_P053",100
"15133",-146.650865242002,"CAFI_P053",25
"15134",-546.139745241991,"CAFI_P053",50
"15135",3073.76790475802,"CAFI_P053",100
"15136",-6690.62786524199,"CAFI_P053",25
"15137",174.565754758019,"CAFI_P053",50
"15138",-5735.17929524199,"CAFI_P053",100
"15139",325.365024758008,"CAFI_P053",25
"15140",532.650814758003,"CAFI_P053",50
"15141",-6124.80182524199,"CAFI_P053",100
"15142",-347.733935241995,"CAFI_P053",25
"15143",-6718.85983524199,"CAFI_P053",50
"15144",-3774.18517524199,"CAFI_P053",100
"15145",184.502104758023,"CAFI_P053",25
"15146",101.307144758001,"CAFI_P053",50
"15147",-5736.80468524199,"CAFI_P053",100
"15148",143.491374758014,"CAFI_P053",25
"15149",-6878.73147524199,"CAFI_P053",50
"15150",-5690.00518524199,"CAFI_P053",100
"15151",83.214224758005,"CAFI_P053",25
"15152",-558.667885242001,"CAFI_P053",50
"15153",-6427.38422524199,"CAFI_P053",100
"15154",-341.675695241982,"CAFI_P053",25
"15155",744.038424758008,"CAFI_P053",50
"15156",-5713.76556524199,"CAFI_P053",100
"15157",-6695.53072524199,"CAFI_P053",25
"15158",1067.42050475802,"CAFI_P053",50
"15159",-5735.25307524198,"CAFI_P053",100
"15160",-93.8197152419889,"CAFI_P053",25
"15161",74.4962247580115,"CAFI_P053",50
"15162",-7118.57191524199,"CAFI_P053",100
"15163",-187.838625242002,"CAFI_P053",25
"15164",943.421064758004,"CAFI_P053",50
"15165",-6466.73638524199,"CAFI_P053",100
"15166",-70.4753852419963,"CAFI_P053",25
"15167",-105.641975241975,"CAFI_P053",50
"15168",-6335.44614524199,"CAFI_P053",100
"15169",41.6310247580113,"CAFI_P053",25
"15170",2241.56292475801,"CAFI_P053",50
"15171",-5229.538325242,"CAFI_P053",100
"15172",-301.313805241982,"CAFI_P053",25
"15173",-204.714125241997,"CAFI_P053",50
"15174",-6968.27332524199,"CAFI_P053",100
"15175",890.297424757999,"CAFI_P053",25
"15176",-6775.87267524199,"CAFI_P053",50
"15177",75.7080247580016,"CAFI_P053",100
"15178",-178.529695242003,"CAFI_P053",25
"15179",45.2748147580132,"CAFI_P053",50
"15180",-2474.698615242,"CAFI_P053",100
"15181",-6641.08132524199,"CAFI_P053",25
"15182",-5101.04626524198,"CAFI_P053",50
"15183",-2025.87973524199,"CAFI_P053",100
"15184",-102.530575241981,"CAFI_P053",25
"15185",-6206.76132524198,"CAFI_P053",50
"15186",-6865.06460524199,"CAFI_P053",100
"15187",-6172.24196524199,"CAFI_P053",25
"15188",-5153.98410524198,"CAFI_P053",50
"15189",-1572.99716524198,"CAFI_P053",100
"15190",260.95326475802,"CAFI_P053",25
"15191",-6743.88824524199,"CAFI_P053",50
"15192",-5685.18329524199,"CAFI_P053",100
"15193",734.245424758003,"CAFI_P053",25
"15194",-6275.81357524199,"CAFI_P053",50
"15195",-5955.95206524199,"CAFI_P053",100
"15196",512.364824757999,"CAFI_P053",25
"15197",324.159724758007,"CAFI_P053",50
"15198",-6874.01894524199,"CAFI_P053",100
"15199",-6703.79608524199,"CAFI_P053",25
"15200",-5781.55836524199,"CAFI_P053",50
"15201",-7015.57098524198,"CAFI_P053",100
"15202",-6388.29737524199,"CAFI_P053",25
"15203",-6352.29714524199,"CAFI_P053",50
"15204",-5741.58965524199,"CAFI_P053",100
"15205",1371.15732475801,"CAFI_P053",25
"15206",-359.009315242001,"CAFI_P053",50
"15207",-6692.06567524199,"CAFI_P053",100
"15208",-218.195495241991,"CAFI_P053",25
"15209",-4090.174295242,"CAFI_P053",50
"15210",-6725.26481524199,"CAFI_P053",100
"15211",-355.295945241989,"CAFI_P053",25
"15212",-6804.04661524198,"CAFI_P053",50
"15213",4477.30251475802,"CAFI_P053",100
"15214",-310.748035241995,"CAFI_P053",25
"15215",-5730.37522524199,"CAFI_P053",50
"15216",2537.40505475801,"CAFI_P053",100
"15217",69.3665247580211,"CAFI_P053",25
"15218",-6610.30091524198,"CAFI_P053",50
"15219",-5052.67933524199,"CAFI_P053",100
"15220",18.2208747580007,"CAFI_P053",25
"15221",4297.70246475801,"CAFI_P053",50
"15222",-5457.863965242,"CAFI_P053",100
"15223",-75.6426952419861,"CAFI_P053",25
"15224",-6285.921525242,"CAFI_P053",50
"15225",-6724.46916524199,"CAFI_P053",100
"15226",-6547.346475242,"CAFI_P053",25
"15227",-529.044075241982,"CAFI_P053",50
"15228",-6912.20514524198,"CAFI_P053",100
"15229",-6478.521035242,"CAFI_P053",25
"15230",-137.968405241991,"CAFI_P053",50
"15231",-7138.62268524199,"CAFI_P053",100
"15232",-167.255035241978,"CAFI_P053",25
"15233",-6502.688675242,"CAFI_P053",50
"15234",-1946.83953524198,"CAFI_P053",100
"15235",-257.820145242003,"CAFI_P053",25
"15236",-285.923085241986,"CAFI_P053",50
"15237",-3319.02093524198,"CAFI_P053",100
"15238",-322.103745241999,"CAFI_P053",25
"15239",-3930.46970524199,"CAFI_P053",50
"15240",-4926.35007524199,"CAFI_P053",100
"15241",-388.221535241988,"CAFI_P053",25
"15242",-5630.297915242,"CAFI_P053",50
"15243",-6676.55192524199,"CAFI_P053",100
"15244",-140.115185242001,"CAFI_P053",25
"15245",-78.5902352419798,"CAFI_P053",50
"15246",-5429.53898524199,"CAFI_P053",100
"15247",-6548.65703524199,"CAFI_P053",25
"15248",-6720.30342524199,"CAFI_P053",50
"15249",-6214.48055524199,"CAFI_P053",100
"15250",-360.250545241986,"CAFI_P053",25
"15251",165.72398475802,"CAFI_P053",50
"15252",-6326.80414524199,"CAFI_P053",100
"15253",465.319204758009,"CAFI_P053",25
"15254",-6537.68325524199,"CAFI_P053",50
"15255",-6182.71040524199,"CAFI_P053",100
"15256",-5916.74267524199,"CAFI_P053",25
"15257",-6749.01101524199,"CAFI_P053",50
"15258",-6933.124455242,"CAFI_P053",100
"15259",-298.786465241981,"CAFI_P053",25
"15260",-190.798015241977,"CAFI_P053",50
"15261",-6930.264845242,"CAFI_P053",100
"15262",-84.4712252419849,"CAFI_P053",25
"15263",1752.094334758,"CAFI_P053",50
"15264",-5750.85634524199,"CAFI_P053",100
"15265",-6036.923675242,"CAFI_P053",25
"15266",350.696484758024,"CAFI_P053",50
"15267",2655.513224758,"CAFI_P053",100
"15268",279.555324758025,"CAFI_P053",25
"15269",-6726.15103524199,"CAFI_P053",50
"15270",-2389.42946524199,"CAFI_P053",100
"15271",-81.1237752419838,"CAFI_P053",25
"15272",-636.533305241988,"CAFI_P053",50
"15273",-6538.49274524199,"CAFI_P053",100
"15274",-6577.43888524199,"CAFI_P053",25
"15275",-6402.62006524199,"CAFI_P053",50
"15276",-6579.75066524198,"CAFI_P053",100
"15277",-330.295985242003,"CAFI_P053",25
"15278",-6337.66848524199,"CAFI_P053",50
"15279",-6227.86898524199,"CAFI_P053",100
"15280",-11.549665241997,"CAFI_P053",25
"15281",1576.405844758,"CAFI_P053",50
"15282",-3786.616805242,"CAFI_P053",100
"15283",1748.92921475801,"CAFI_P053",25
"15284",-74.7073352419829,"CAFI_P053",50
"15285",-5179.48220524198,"CAFI_P053",100
"15286",-84.099695241981,"CAFI_P053",25
"15287",660.639144758024,"CAFI_P053",50
"15288",-2438.11292524199,"CAFI_P053",100
"15289",74.3773647580238,"CAFI_P053",25
"15290",856.535634758009,"CAFI_P053",50
"15291",-7157.55766524198,"CAFI_P053",100
"15292",1494.132624758,"CAFI_P053",25
"15293",-6358.59759524198,"CAFI_P053",50
"15294",-4515.022455242,"CAFI_P053",100
"15295",-146.681145241979,"CAFI_P053",25
"15296",-90.232035241992,"CAFI_P053",50
"15297",-3357.50213524199,"CAFI_P053",100
"15298",166.792324758018,"CAFI_P053",25
"15299",-5398.65874524199,"CAFI_P053",50
"15300",-5630.73248524198,"CAFI_P053",100
"15301",-2335.37773610803,"CAFI_P055",25
"15302",-2554.79433610803,"CAFI_P055",50
"15303",-3196.33652610803,"CAFI_P055",100
"15304",-1432.45374610799,"CAFI_P055",25
"15305",-962.254346108006,"CAFI_P055",50
"15306",-986.052506108012,"CAFI_P055",100
"15307",-1199.18339610798,"CAFI_P055",25
"15308",13104.810853892,"CAFI_P055",50
"15309",-3633.54760610801,"CAFI_P055",100
"15310",-504.829546108027,"CAFI_P055",25
"15311",-1599.75936610799,"CAFI_P055",50
"15312",9585.406353892,"CAFI_P055",100
"15313",-1930.21613610804,"CAFI_P055",25
"15314",-1649.12896610802,"CAFI_P055",50
"15315",-2794.89864610799,"CAFI_P055",100
"15316",-337.832706107991,"CAFI_P055",25
"15317",-1339.44589610799,"CAFI_P055",50
"15318",-3021.341086108,"CAFI_P055",100
"15319",124.936173891998,"CAFI_P055",25
"15320",-857.196256108,"CAFI_P055",50
"15321",-3565.84143610799,"CAFI_P055",100
"15322",-1270.04550610803,"CAFI_P055",25
"15323",-609.645746108028,"CAFI_P055",50
"15324",1897.21560389199,"CAFI_P055",100
"15325",5302.36295389198,"CAFI_P055",25
"15326",1450.53720389202,"CAFI_P055",50
"15327",-3648.63942610798,"CAFI_P055",100
"15328",-3080.08993610804,"CAFI_P055",25
"15329",867.277173892013,"CAFI_P055",50
"15330",-1690.64443610801,"CAFI_P055",100
"15331",362.652693892014,"CAFI_P055",25
"15332",-2362.35031610803,"CAFI_P055",50
"15333",-1245.69059610803,"CAFI_P055",100
"15334",-271.611146108015,"CAFI_P055",25
"15335",-250.411986107996,"CAFI_P055",50
"15336",-1145.145306108,"CAFI_P055",100
"15337",-517.178126108018,"CAFI_P055",25
"15338",614.951063891989,"CAFI_P055",50
"15339",-3087.34793610801,"CAFI_P055",100
"15340",-1839.65754610801,"CAFI_P055",25
"15341",-3129.265216108,"CAFI_P055",50
"15342",1082.21537389199,"CAFI_P055",100
"15343",-1147.660136108,"CAFI_P055",25
"15344",33.0202638920164,"CAFI_P055",50
"15345",104.290203891986,"CAFI_P055",100
"15346",-1025.99624610803,"CAFI_P055",25
"15347",-2654.21734610799,"CAFI_P055",50
"15348",3131.74661389197,"CAFI_P055",100
"15349",-842.323406108015,"CAFI_P055",25
"15350",282.376253891969,"CAFI_P055",50
"15351",-462.425296108006,"CAFI_P055",100
"15352",-486.990166108008,"CAFI_P055",25
"15353",-134.93439610803,"CAFI_P055",50
"15354",-3333.48465610802,"CAFI_P055",100
"15355",-769.441646107996,"CAFI_P055",25
"15356",2174.63749389199,"CAFI_P055",50
"15357",-1586.234286108,"CAFI_P055",100
"15358",-2149.92654610804,"CAFI_P055",25
"15359",-733.009946107981,"CAFI_P055",50
"15360",207.432323892019,"CAFI_P055",100
"15361",-1778.103446108,"CAFI_P055",25
"15362",-1107.09450610803,"CAFI_P055",50
"15363",-3519.818466108,"CAFI_P055",100
"15364",-1563.14519610803,"CAFI_P055",25
"15365",2246.32949389197,"CAFI_P055",50
"15366",10544.526093892,"CAFI_P055",100
"15367",5121.42195389199,"CAFI_P055",25
"15368",5130.30359389196,"CAFI_P055",50
"15369",14110.143113892,"CAFI_P055",100
"15370",44.4225938919699,"CAFI_P055",25
"15371",283.41325389198,"CAFI_P055",50
"15372",6258.130293892,"CAFI_P055",100
"15373",-1631.42822610802,"CAFI_P055",25
"15374",-1671.86657610803,"CAFI_P055",50
"15375",-2622.308176108,"CAFI_P055",100
"15376",-2347.73669610801,"CAFI_P055",25
"15377",128.859973891987,"CAFI_P055",50
"15378",7488.320423892,"CAFI_P055",100
"15379",3269.970573892,"CAFI_P055",25
"15380",3035.004773892,"CAFI_P055",50
"15381",3363.54070389201,"CAFI_P055",100
"15382",-2774.79009610799,"CAFI_P055",25
"15383",-1929.95542610803,"CAFI_P055",50
"15384",-3844.900826108,"CAFI_P055",100
"15385",-859.629346108006,"CAFI_P055",25
"15386",-3838.71594610799,"CAFI_P055",50
"15387",59.957783891994,"CAFI_P055",100
"15388",801.31229389197,"CAFI_P055",25
"15389",-130.354706107988,"CAFI_P055",50
"15390",-3142.945736108,"CAFI_P055",100
"15391",786.349593891995,"CAFI_P055",25
"15392",-1573.97185610799,"CAFI_P055",50
"15393",-3416.14828610799,"CAFI_P055",100
"15394",494.123453892011,"CAFI_P055",25
"15395",51.9697938919999,"CAFI_P055",50
"15396",3760.171703892,"CAFI_P055",100
"15397",-2014.34184610803,"CAFI_P055",25
"15398",-1770.60822610802,"CAFI_P055",50
"15399",-4005.611626108,"CAFI_P055",100
"15400",-1778.73609610798,"CAFI_P055",25
"15401",-1520.602506108,"CAFI_P055",50
"15402",3313.23999389197,"CAFI_P055",100
"15403",-1685.72546610801,"CAFI_P055",25
"15404",-1090.738346108,"CAFI_P055",50
"15405",-2786.63860610803,"CAFI_P055",100
"15406",-620.841006108036,"CAFI_P055",25
"15407",6022.41656389198,"CAFI_P055",50
"15408",556.177683891961,"CAFI_P055",100
"15409",-729.680846108007,"CAFI_P055",25
"15410",18.3954538920079,"CAFI_P055",50
"15411",-1147.45560610801,"CAFI_P055",100
"15412",-529.558306107996,"CAFI_P055",25
"15413",-1092.02632610803,"CAFI_P055",50
"15414",1699.09657389199,"CAFI_P055",100
"15415",-849.640826107992,"CAFI_P055",25
"15416",2259.43885389197,"CAFI_P055",50
"15417",1701.72025389201,"CAFI_P055",100
"15418",-1706.786046108,"CAFI_P055",25
"15419",-2002.95040610799,"CAFI_P055",50
"15420",-2756.81368610798,"CAFI_P055",100
"15421",-1918.01075610804,"CAFI_P055",25
"15422",-1308.78710610804,"CAFI_P055",50
"15423",-2975.90277610801,"CAFI_P055",100
"15424",6634.10189389199,"CAFI_P055",25
"15425",-2182.82887610799,"CAFI_P055",50
"15426",-3289.74997610803,"CAFI_P055",100
"15427",-177.313146108005,"CAFI_P055",25
"15428",-1193.37150610803,"CAFI_P055",50
"15429",-2599.94053610798,"CAFI_P055",100
"15430",1495.312893892,"CAFI_P055",25
"15431",-1224.08977610798,"CAFI_P055",50
"15432",-988.348026107997,"CAFI_P055",100
"15433",70.4055938919773,"CAFI_P055",25
"15434",576.019563891983,"CAFI_P055",50
"15435",-4439.82230610802,"CAFI_P055",100
"15436",-1547.03044610802,"CAFI_P055",25
"15437",2142.49609389197,"CAFI_P055",50
"15438",-627.245996107988,"CAFI_P055",100
"15439",-249.252026108035,"CAFI_P055",25
"15440",117.251433892001,"CAFI_P055",50
"15441",2223.59178389201,"CAFI_P055",100
"15442",697.257353891968,"CAFI_P055",25
"15443",-3136.37761610799,"CAFI_P055",50
"15444",-388.999216108001,"CAFI_P055",100
"15445",-2086.58904610801,"CAFI_P055",25
"15446",-3289.13590610801,"CAFI_P055",50
"15447",2147.77409389202,"CAFI_P055",100
"15448",2455.63155389199,"CAFI_P055",25
"15449",-636.659186108038,"CAFI_P055",50
"15450",5537.365073892,"CAFI_P055",100
"15451",-1595.88191610802,"CAFI_P055",25
"15452",622.278553891985,"CAFI_P055",50
"15453",-1440.395566108,"CAFI_P055",100
"15454",-1896.165656108,"CAFI_P055",25
"15455",-2724.10749610799,"CAFI_P055",50
"15456",-1020.29531610804,"CAFI_P055",100
"15457",-1783.857146108,"CAFI_P055",25
"15458",-2216.12542610802,"CAFI_P055",50
"15459",3156.50729389198,"CAFI_P055",100
"15460",-1400.16298610799,"CAFI_P055",25
"15461",3466.98325389199,"CAFI_P055",50
"15462",-3782.35270610801,"CAFI_P055",100
"15463",-1080.05610610801,"CAFI_P055",25
"15464",-1819.94809610798,"CAFI_P055",50
"15465",754.261593892006,"CAFI_P055",100
"15466",-1973.03386610799,"CAFI_P055",25
"15467",702.635493892012,"CAFI_P055",50
"15468",7456.04025389202,"CAFI_P055",100
"15469",1878.85465389199,"CAFI_P055",25
"15470",-1968.70580610802,"CAFI_P055",50
"15471",-2211.68667610799,"CAFI_P055",100
"15472",-264.722406107991,"CAFI_P055",25
"15473",847.741033891973,"CAFI_P055",50
"15474",-111.516606107994,"CAFI_P055",100
"15475",-1214.608836108,"CAFI_P055",25
"15476",-1309.038446108,"CAFI_P055",50
"15477",1564.32568389201,"CAFI_P055",100
"15478",-930.177946107986,"CAFI_P055",25
"15479",-1554.33772610803,"CAFI_P055",50
"15480",2233.21459389199,"CAFI_P055",100
"15481",124.357053891988,"CAFI_P055",25
"15482",-807.478646108008,"CAFI_P055",50
"15483",1829.28356389201,"CAFI_P055",100
"15484",-2125.22414610803,"CAFI_P055",25
"15485",-2282.01270610798,"CAFI_P055",50
"15486",2728.994293892,"CAFI_P055",100
"15487",-2297.152056108,"CAFI_P055",25
"15488",-1295.460406108,"CAFI_P055",50
"15489",2009.78630389197,"CAFI_P055",100
"15490",-35.6273461080273,"CAFI_P055",25
"15491",4403.96725389198,"CAFI_P055",50
"15492",3318.98593389196,"CAFI_P055",100
"15493",-651.045206108014,"CAFI_P055",25
"15494",-3135.67414610804,"CAFI_P055",50
"15495",2423.195713892,"CAFI_P055",100
"15496",5750.951653892,"CAFI_P055",25
"15497",-3017.25575610803,"CAFI_P055",50
"15498",-3628.31526610802,"CAFI_P055",100
"15499",-465.636446107994,"CAFI_P055",25
"15500",-617.807406108011,"CAFI_P055",50
"15501",952.990153891966,"CAFI_P055",100
"15502",-2486.17982610798,"CAFI_P055",25
"15503",703.184353891993,"CAFI_P055",50
"15504",724.329803892004,"CAFI_P055",100
"15505",-1583.863866108,"CAFI_P055",25
"15506",-2638.987046108,"CAFI_P055",50
"15507",-3258.533256108,"CAFI_P055",100
"15508",-1249.54364610801,"CAFI_P055",25
"15509",-571.192246108025,"CAFI_P055",50
"15510",-1957.39452610799,"CAFI_P055",100
"15511",-2662.30453610799,"CAFI_P055",25
"15512",-2119.92564610799,"CAFI_P055",50
"15513",-4098.49992610799,"CAFI_P055",100
"15514",470.679893891967,"CAFI_P055",25
"15515",-1899.61024610803,"CAFI_P055",50
"15516",-3767.94963610801,"CAFI_P055",100
"15517",-66.3931161080254,"CAFI_P055",25
"15518",-2708.39413610799,"CAFI_P055",50
"15519",-4018.246716108,"CAFI_P055",100
"15520",579.08135389199,"CAFI_P055",25
"15521",1083.581293892,"CAFI_P055",50
"15522",-2125.92620610801,"CAFI_P055",100
"15523",-1466.76711610804,"CAFI_P055",25
"15524",-2541.799516108,"CAFI_P055",50
"15525",1891.08081389201,"CAFI_P055",100
"15526",186.573853891983,"CAFI_P055",25
"15527",-548.559306107985,"CAFI_P055",50
"15528",-1476.28447610803,"CAFI_P055",100
"15529",-2116.625676108,"CAFI_P055",25
"15530",-2528.83315610798,"CAFI_P055",50
"15531",-570.298216108,"CAFI_P055",100
"15532",-1864.36014610803,"CAFI_P055",25
"15533",-752.140916108037,"CAFI_P055",50
"15534",-3758.98922610801,"CAFI_P055",100
"15535",-2772.08344610804,"CAFI_P055",25
"15536",7825.53162389196,"CAFI_P055",50
"15537",-1912.29041610804,"CAFI_P055",100
"15538",-1051.59420610801,"CAFI_P055",25
"15539",-2478.63770610798,"CAFI_P055",50
"15540",-3104.27654610801,"CAFI_P055",100
"15541",-917.176806108037,"CAFI_P055",25
"15542",484.036623891967,"CAFI_P055",50
"15543",4835.22289389197,"CAFI_P055",100
"15544",1542.54859389202,"CAFI_P055",25
"15545",812.581773891987,"CAFI_P055",50
"15546",-3043.41726610804,"CAFI_P055",100
"15547",-1958.94154610799,"CAFI_P055",25
"15548",-1944.016706108,"CAFI_P055",50
"15549",-356.935206108028,"CAFI_P055",100
"15550",-1280.21644610801,"CAFI_P055",25
"15551",339.070323891996,"CAFI_P055",50
"15552",-3826.39311610803,"CAFI_P055",100
"15553",-781.281806108018,"CAFI_P055",25
"15554",-737.213946108008,"CAFI_P055",50
"15555",-1307.59444610804,"CAFI_P055",100
"15556",2617.10555389198,"CAFI_P055",25
"15557",-1529.53212610801,"CAFI_P055",50
"15558",-1417.50780610798,"CAFI_P055",100
"15559",1872.41425389197,"CAFI_P055",25
"15560",-613.667656108038,"CAFI_P055",50
"15561",-1691.65741610801,"CAFI_P055",100
"15562",-194.566946108011,"CAFI_P055",25
"15563",335.377013891994,"CAFI_P055",50
"15564",971.274603892001,"CAFI_P055",100
"15565",122.224053892016,"CAFI_P055",25
"15566",-509.211506107997,"CAFI_P055",50
"15567",-2614.533386108,"CAFI_P055",100
"15568",-1881.94120610802,"CAFI_P055",25
"15569",-2409.23032610799,"CAFI_P055",50
"15570",-3445.10510610801,"CAFI_P055",100
"15571",283.240953892004,"CAFI_P055",25
"15572",-1163.22534610803,"CAFI_P055",50
"15573",-2375.776506108,"CAFI_P055",100
"15574",-1228.34612610802,"CAFI_P055",25
"15575",-1670.142646108,"CAFI_P055",50
"15576",-3858.564346108,"CAFI_P055",100
"15577",-1548.32794610801,"CAFI_P055",25
"15578",3499.31709389196,"CAFI_P055",50
"15579",-4262.06062610802,"CAFI_P055",100
"15580",-2339.29764610803,"CAFI_P055",25
"15581",-3389.72099610802,"CAFI_P055",50
"15582",-3808.612536108,"CAFI_P055",100
"15583",2899.249553892,"CAFI_P055",25
"15584",-2015.642516108,"CAFI_P055",50
"15585",-630.870296108013,"CAFI_P055",100
"15586",-2077.58481610799,"CAFI_P055",25
"15587",8378.10879389197,"CAFI_P055",50
"15588",1331.62593389198,"CAFI_P055",100
"15589",-675.022446107992,"CAFI_P055",25
"15590",-2145.44796610798,"CAFI_P055",50
"15591",-3717.766706108,"CAFI_P055",100
"15592",-1803.61393610801,"CAFI_P055",25
"15593",-1282.88798610802,"CAFI_P055",50
"15594",3288.493613892,"CAFI_P055",100
"15595",-497.603706107999,"CAFI_P055",25
"15596",-2500.70250610803,"CAFI_P055",50
"15597",-3768.51934610802,"CAFI_P055",100
"15598",-1021.98074610799,"CAFI_P055",25
"15599",-981.472516108013,"CAFI_P055",50
"15600",-2404.272286108,"CAFI_P055",100
"15601",-3107.92793296531,"CAFI_P056",25
"15602",-2825.22938296531,"CAFI_P056",50
"15603",-2974.12205296531,"CAFI_P056",100
"15604",210.829737034699,"CAFI_P056",25
"15605",33.3483870346972,"CAFI_P056",50
"15606",-1498.0762429653,"CAFI_P056",100
"15607",11.6415670347051,"CAFI_P056",25
"15608",-2714.2097629653,"CAFI_P056",50
"15609",-2338.5144429653,"CAFI_P056",100
"15610",2909.9271370347,"CAFI_P056",25
"15611",23.1835270346928,"CAFI_P056",50
"15612",1712.74392703469,"CAFI_P056",100
"15613",-12.7554029652965,"CAFI_P056",25
"15614",-48.4029829653009,"CAFI_P056",50
"15615",-1672.0540429653,"CAFI_P056",100
"15616",-12.8136129652994,"CAFI_P056",25
"15617",609.793517034705,"CAFI_P056",50
"15618",-2320.0244129653,"CAFI_P056",100
"15619",149.992237034705,"CAFI_P056",25
"15620",-2444.4371929653,"CAFI_P056",50
"15621",-2941.7553129653,"CAFI_P056",100
"15622",82.6393370346923,"CAFI_P056",25
"15623",201.073037034701,"CAFI_P056",50
"15624",-2799.8410029653,"CAFI_P056",100
"15625",36.5165170347027,"CAFI_P056",25
"15626",-2991.1622129653,"CAFI_P056",50
"15627",-2784.16073296531,"CAFI_P056",100
"15628",9.31767703469086,"CAFI_P056",25
"15629",652.423197034703,"CAFI_P056",50
"15630",-2807.9561929653,"CAFI_P056",100
"15631",129.171477034703,"CAFI_P056",25
"15632",248.053267034702,"CAFI_P056",50
"15633",-2423.3136429653,"CAFI_P056",100
"15634",129.171477034703,"CAFI_P056",25
"15635",-3049.99640296531,"CAFI_P056",50
"15636",-2371.73158296531,"CAFI_P056",100
"15637",70.7618370347045,"CAFI_P056",25
"15638",42.891177034704,"CAFI_P056",50
"15639",-2129.5918029653,"CAFI_P056",100
"15640",45.1265770346945,"CAFI_P056",25
"15641",-2872.4458829653,"CAFI_P056",50
"15642",-2682.1121829653,"CAFI_P056",100
"15643",-2059.2695029653,"CAFI_P056",25
"15644",-2909.0451429653,"CAFI_P056",50
"15645",-2833.95608296531,"CAFI_P056",100
"15646",708.077637034701,"CAFI_P056",25
"15647",-16.0562729653029,"CAFI_P056",50
"15648",-2706.0701629653,"CAFI_P056",100
"15649",5.64225703469128,"CAFI_P056",25
"15650",-3015.1172229653,"CAFI_P056",50
"15651",-2837.0566429653,"CAFI_P056",100
"15652",138.459497034695,"CAFI_P056",25
"15653",78.5793770346936,"CAFI_P056",50
"15654",-2576.75870296531,"CAFI_P056",100
"15655",220.815237034694,"CAFI_P056",25
"15656",612.550787034692,"CAFI_P056",50
"15657",-2806.2131929653,"CAFI_P056",100
"15658",82.680637034704,"CAFI_P056",25
"15659",-3024.5553529653,"CAFI_P056",50
"15660",-2347.7742329653,"CAFI_P056",100
"15661",78.7794370346965,"CAFI_P056",25
"15662",907.406577034693,"CAFI_P056",50
"15663",-2971.05297296531,"CAFI_P056",100
"15664",48.153997034693,"CAFI_P056",25
"15665",65.5612370346935,"CAFI_P056",50
"15666",-3016.90696296529,"CAFI_P056",100
"15667",-19.0927429653093,"CAFI_P056",25
"15668",3624.1266770347,"CAFI_P056",50
"15669",-1669.77357296531,"CAFI_P056",100
"15670",-2382.27800296531,"CAFI_P056",25
"15671",416.455817034701,"CAFI_P056",50
"15672",-2850.6450329653,"CAFI_P056",100
"15673",-3064.9693829653,"CAFI_P056",25
"15674",194.409737034701,"CAFI_P056",50
"15675",-2259.01528296531,"CAFI_P056",100
"15676",-4.9156829653075,"CAFI_P056",25
"15677",126.146337034705,"CAFI_P056",50
"15678",-2456.33078296531,"CAFI_P056",100
"15679",-51.6143529653054,"CAFI_P056",25
"15680",-28.2486029653082,"CAFI_P056",50
"15681",-2461.30151296531,"CAFI_P056",100
"15682",206.267837034698,"CAFI_P056",25
"15683",-2770.5703629653,"CAFI_P056",50
"15684",-2828.9321229653,"CAFI_P056",100
"15685",-22.3169229652995,"CAFI_P056",25
"15686",-3105.15966296531,"CAFI_P056",50
"15687",-2264.4659429653,"CAFI_P056",100
"15688",259.530777034699,"CAFI_P056",25
"15689",-2489.6215229653,"CAFI_P056",50
"15690",-2051.1675429653,"CAFI_P056",100
"15691",-32.1658929653058,"CAFI_P056",25
"15692",57.6326770346932,"CAFI_P056",50
"15693",-2966.6440029653,"CAFI_P056",100
"15694",123.341377034696,"CAFI_P056",25
"15695",-3067.4020229653,"CAFI_P056",50
"15696",2441.3163570347,"CAFI_P056",100
"15697",-29.4419929653086,"CAFI_P056",25
"15698",53.3673470346985,"CAFI_P056",50
"15699",-2416.5840229653,"CAFI_P056",100
"15700",65.2372370347002,"CAFI_P056",25
"15701",2909.04653703469,"CAFI_P056",50
"15702",-1881.0659229653,"CAFI_P056",100
"15703",-33.412012965302,"CAFI_P056",25
"15704",-2838.02392296531,"CAFI_P056",50
"15705",-1801.80860296531,"CAFI_P056",100
"15706",24.5754770346975,"CAFI_P056",25
"15707",1372.9779170347,"CAFI_P056",50
"15708",-2129.7684929653,"CAFI_P056",100
"15709",-2917.9855029653,"CAFI_P056",25
"15710",77.0047870347043,"CAFI_P056",50
"15711",-3063.8662629653,"CAFI_P056",100
"15712",15.3892970346933,"CAFI_P056",25
"15713",1322.0671770347,"CAFI_P056",50
"15714",-485.941342965307,"CAFI_P056",100
"15715",-2413.5055029653,"CAFI_P056",25
"15716",-190.106452965309,"CAFI_P056",50
"15717",-2713.86990296531,"CAFI_P056",100
"15718",-3097.34174296531,"CAFI_P056",25
"15719",-2818.7975729653,"CAFI_P056",50
"15720",-2566.02219296531,"CAFI_P056",100
"15721",708.077637034701,"CAFI_P056",25
"15722",146.441967034698,"CAFI_P056",50
"15723",-2994.46455296531,"CAFI_P056",100
"15724",256.5203770347,"CAFI_P056",25
"15725",441.4178170347,"CAFI_P056",50
"15726",-2622.9097429653,"CAFI_P056",100
"15727",39.4498670346948,"CAFI_P056",25
"15728",825.507617034702,"CAFI_P056",50
"15729",-1364.90699296531,"CAFI_P056",100
"15730",58.2519370346999,"CAFI_P056",25
"15731",-2449.1325629653,"CAFI_P056",50
"15732",-2733.75995296531,"CAFI_P056",100
"15733",365.656237034695,"CAFI_P056",25
"15734",527.247577034694,"CAFI_P056",50
"15735",345.139177034696,"CAFI_P056",100
"15736",-14.0154129653092,"CAFI_P056",25
"15737",226.257657034701,"CAFI_P056",50
"15738",-2970.66907296531,"CAFI_P056",100
"15739",-2527.9105029653,"CAFI_P056",25
"15740",-3027.34115296529,"CAFI_P056",50
"15741",-2842.5288329653,"CAFI_P056",100
"15742",159.562377034701,"CAFI_P056",25
"15743",-2910.9459229653,"CAFI_P056",50
"15744",-1677.2208429653,"CAFI_P056",100
"15745",-2806.8363029653,"CAFI_P056",25
"15746",321.303227034703,"CAFI_P056",50
"15747",-2803.68653296531,"CAFI_P056",100
"15748",43.5801370347035,"CAFI_P056",25
"15749",2304.7567570347,"CAFI_P056",50
"15750",-2547.9381429653,"CAFI_P056",100
"15751",-19.0927429653093,"CAFI_P056",25
"15752",-2296.6937629653,"CAFI_P056",50
"15753",-2791.15063296531,"CAFI_P056",100
"15754",390.038077034696,"CAFI_P056",25
"15755",-2462.84368296531,"CAFI_P056",50
"15756",-528.666302965299,"CAFI_P056",100
"15757",183.916937034694,"CAFI_P056",25
"15758",-2685.56712296531,"CAFI_P056",50
"15759",-2634.11234296531,"CAFI_P056",100
"15760",-9.00069296530273,"CAFI_P056",25
"15761",115.815757034696,"CAFI_P056",50
"15762",-889.797902965307,"CAFI_P056",100
"15763",-3090.39354296531,"CAFI_P056",25
"15764",94.170727034696,"CAFI_P056",50
"15765",-2482.6572929653,"CAFI_P056",100
"15766",-5.18949296530627,"CAFI_P056",25
"15767",-2987.1420529653,"CAFI_P056",50
"15768",-3014.0967529653,"CAFI_P056",100
"15769",1443.7534970347,"CAFI_P056",25
"15770",-786.175282965298,"CAFI_P056",50
"15771",-2041.3023429653,"CAFI_P056",100
"15772",118.385777034695,"CAFI_P056",25
"15773",427.955667034694,"CAFI_P056",50
"15774",-2814.9741229653,"CAFI_P056",100
"15775",256.465837034702,"CAFI_P056",25
"15776",-3048.6647529653,"CAFI_P056",50
"15777",380.744207034702,"CAFI_P056",100
"15778",84.8981370347028,"CAFI_P056",25
"15779",-3012.6926429653,"CAFI_P056",50
"15780",-2761.1543429653,"CAFI_P056",100
"15781",209.899337034702,"CAFI_P056",25
"15782",-3030.5035529653,"CAFI_P056",50
"15783",-2324.9821929653,"CAFI_P056",100
"15784",91.354877034697,"CAFI_P056",25
"15785",-3076.3335629653,"CAFI_P056",50
"15786",-2509.5762129653,"CAFI_P056",100
"15787",1197.71713703469,"CAFI_P056",25
"15788",92.1412670346908,"CAFI_P056",50
"15789",-2707.4645429653,"CAFI_P056",100
"15790",74.4039370347018,"CAFI_P056",25
"15791",-3100.7406329653,"CAFI_P056",50
"15792",-2711.37192296531,"CAFI_P056",100
"15793",144.235637034697,"CAFI_P056",25
"15794",-2506.60786296531,"CAFI_P056",50
"15795",-2989.4020429653,"CAFI_P056",100
"15796",-2872.9484029653,"CAFI_P056",25
"15797",-2931.3613829653,"CAFI_P056",50
"15798",-2666.8529029653,"CAFI_P056",100
"15799",-3082.8750829653,"CAFI_P056",25
"15800",629.853537034694,"CAFI_P056",50
"15801",-2610.4840129653,"CAFI_P056",100
"15802",-2382.27800296531,"CAFI_P056",25
"15803",-3032.1662229653,"CAFI_P056",50
"15804",-2717.8232929653,"CAFI_P056",100
"15805",-3081.6926429653,"CAFI_P056",25
"15806",-3080.7318429653,"CAFI_P056",50
"15807",-2109.74967296531,"CAFI_P056",100
"15808",-2800.6265029653,"CAFI_P056",25
"15809",-2926.2686829653,"CAFI_P056",50
"15810",-2776.5419029653,"CAFI_P056",100
"15811",55.1092370347033,"CAFI_P056",25
"15812",-3087.1692229653,"CAFI_P056",50
"15813",-971.012062965296,"CAFI_P056",100
"15814",177.799837034705,"CAFI_P056",25
"15815",-2577.3789629653,"CAFI_P056",50
"15816",-2294.93717296531,"CAFI_P056",100
"15817",12.3747170347051,"CAFI_P056",25
"15818",531.245467034692,"CAFI_P056",50
"15819",-2431.7778429653,"CAFI_P056",100
"15820",41.8128370346967,"CAFI_P056",25
"15821",695.724167034699,"CAFI_P056",50
"15822",-2226.7083429653,"CAFI_P056",100
"15823",-22.3169229652995,"CAFI_P056",25
"15824",-3021.0267029653,"CAFI_P056",50
"15825",264.586717034705,"CAFI_P056",100
"15826",-3012.7044029653,"CAFI_P056",25
"15827",-3015.99210296531,"CAFI_P056",50
"15828",-2057.4238629653,"CAFI_P056",100
"15829",-3047.74185296531,"CAFI_P056",25
"15830",-2988.7084229653,"CAFI_P056",50
"15831",-2450.93678296531,"CAFI_P056",100
"15832",1.0058470346994,"CAFI_P056",25
"15833",-3090.0875429653,"CAFI_P056",50
"15834",-2758.8988629653,"CAFI_P056",100
"15835",-33.412012965302,"CAFI_P056",25
"15836",-2935.4531829653,"CAFI_P056",50
"15837",-1219.4596029653,"CAFI_P056",100
"15838",663.153837034697,"CAFI_P056",25
"15839",-2938.6844429653,"CAFI_P056",50
"15840",-3025.6217829653,"CAFI_P056",100
"15841",-3078.98648296531,"CAFI_P056",25
"15842",-2078.44504296531,"CAFI_P056",50
"15843",-2949.08367296529,"CAFI_P056",100
"15844",-2912.62970296531,"CAFI_P056",25
"15845",-2854.85340296529,"CAFI_P056",50
"15846",-2807.90850296531,"CAFI_P056",100
"15847",9.00693703470461,"CAFI_P056",25
"15848",-3113.9971729653,"CAFI_P056",50
"15849",-2102.5183029653,"CAFI_P056",100
"15850",134.743377034698,"CAFI_P056",25
"15851",353.279917034699,"CAFI_P056",50
"15852",-2182.4461429653,"CAFI_P056",100
"15853",16.2022070347011,"CAFI_P056",25
"15854",135.552257034695,"CAFI_P056",50
"15855",-1818.7680929653,"CAFI_P056",100
"15856",-3059.1739529653,"CAFI_P056",25
"15857",447.898477034702,"CAFI_P056",50
"15858",-2423.0072729653,"CAFI_P056",100
"15859",95.8163370347029,"CAFI_P056",25
"15860",-3070.47813296531,"CAFI_P056",50
"15861",-2951.47611296531,"CAFI_P056",100
"15862",35.6832970347023,"CAFI_P056",25
"15863",-3070.5028629653,"CAFI_P056",50
"15864",-2336.16215296531,"CAFI_P056",100
"15865",248.623537034699,"CAFI_P056",25
"15866",-3102.18051296531,"CAFI_P056",50
"15867",-2693.6845229653,"CAFI_P056",100
"15868",64.1093370346935,"CAFI_P056",25
"15869",-24.7981229653087,"CAFI_P056",50
"15870",-2218.7400629653,"CAFI_P056",100
"15871",11.7287970346952,"CAFI_P056",25
"15872",-2602.02796296531,"CAFI_P056",50
"15873",-2457.2154229653,"CAFI_P056",100
"15874",-2806.8363029653,"CAFI_P056",25
"15875",-2989.4769629653,"CAFI_P056",50
"15876",-2910.1099529653,"CAFI_P056",100
"15877",6.43564703469747,"CAFI_P056",25
"15878",758.940577034693,"CAFI_P056",50
"15879",-2303.8004229653,"CAFI_P056",100
"15880",43.3840970346937,"CAFI_P056",25
"15881",-3075.6339029653,"CAFI_P056",50
"15882",-1060.8588429653,"CAFI_P056",100
"15883",-3089.2493129653,"CAFI_P056",25
"15884",-2801.86113296531,"CAFI_P056",50
"15885",-708.811622965295,"CAFI_P056",100
"15886",69.1605370346952,"CAFI_P056",25
"15887",-2971.2031429653,"CAFI_P056",50
"15888",-1730.1633429653,"CAFI_P056",100
"15889",16.3544170347013,"CAFI_P056",25
"15890",-2896.8504629653,"CAFI_P056",50
"15891",-2961.1222929653,"CAFI_P056",100
"15892",-0.878102965303697,"CAFI_P056",25
"15893",53.9739970347,"CAFI_P056",50
"15894",-1518.89878296531,"CAFI_P056",100
"15895",-3075.9580829653,"CAFI_P056",25
"15896",2314.3686770347,"CAFI_P056",50
"15897",-3007.7408129653,"CAFI_P056",100
"15898",178.190137034704,"CAFI_P056",25
"15899",436.143887034705,"CAFI_P056",50
"15900",3566.1492770347,"CAFI_P056",100
"15901",-205.476524072001,"CAFI_P057",25
"15902",1622.54837592802,"CAFI_P057",50
"15903",-1421.47049407198,"CAFI_P057",100
"15904",-1426.47085407199,"CAFI_P057",25
"15905",-1649.03913407199,"CAFI_P057",50
"15906",2251.06845592801,"CAFI_P057",100
"15907",-153.770834071998,"CAFI_P057",25
"15908",4359.28166592799,"CAFI_P057",50
"15909",-961.505434071994,"CAFI_P057",100
"15910",-223.904294071981,"CAFI_P057",25
"15911",-359.107404071983,"CAFI_P057",50
"15912",2652.74547592801,"CAFI_P057",100
"15913",6029.15056592799,"CAFI_P057",25
"15914",16.3494659280113,"CAFI_P057",50
"15915",-1005.86697407201,"CAFI_P057",100
"15916",-1454.59525407199,"CAFI_P057",25
"15917",8782.24776592801,"CAFI_P057",50
"15918",-995.320164072007,"CAFI_P057",100
"15919",-1330.264134072,"CAFI_P057",25
"15920",1057.16578592799,"CAFI_P057",50
"15921",-1976.60768407199,"CAFI_P057",100
"15922",-113.122634072002,"CAFI_P057",25
"15923",-719.664804072003,"CAFI_P057",50
"15924",420.901365928003,"CAFI_P057",100
"15925",-1625.76213407199,"CAFI_P057",25
"15926",-275.317814071983,"CAFI_P057",50
"15927",4650.90633592801,"CAFI_P057",100
"15928",2050.94706592802,"CAFI_P057",25
"15929",2957.95457592802,"CAFI_P057",50
"15930",1375.26916592801,"CAFI_P057",100
"15931",-1448.02405407198,"CAFI_P057",25
"15932",923.623665927997,"CAFI_P057",50
"15933",6074.15537592801,"CAFI_P057",100
"15934",-865.137734071992,"CAFI_P057",25
"15935",-1044.793924072,"CAFI_P057",50
"15936",11903.775575928,"CAFI_P057",100
"15937",-173.15423407199,"CAFI_P057",25
"15938",374.213265928003,"CAFI_P057",50
"15939",1735.888365928,"CAFI_P057",100
"15940",-681.117534071993,"CAFI_P057",25
"15941",133.345165928011,"CAFI_P057",50
"15942",-2071.30864407201,"CAFI_P057",100
"15943",6383.02031592801,"CAFI_P057",25
"15944",4496.504865928,"CAFI_P057",50
"15945",2773.14274592799,"CAFI_P057",100
"15946",4923.518365928,"CAFI_P057",25
"15947",1147.57116592801,"CAFI_P057",50
"15948",53.8922059280158,"CAFI_P057",100
"15949",-582.249934071995,"CAFI_P057",25
"15950",959.951665928005,"CAFI_P057",50
"15951",-1900.064854072,"CAFI_P057",100
"15952",-246.831134071981,"CAFI_P057",25
"15953",-179.878054072004,"CAFI_P057",50
"15954",-3179.81057407201,"CAFI_P057",100
"15955",-1227.58803407199,"CAFI_P057",25
"15956",-1217.44661407199,"CAFI_P057",50
"15957",542.245445928012,"CAFI_P057",100
"15958",4643.56416592799,"CAFI_P057",25
"15959",-961.51453407199,"CAFI_P057",50
"15960",-2912.114924072,"CAFI_P057",100
"15961",3673.74916592802,"CAFI_P057",25
"15962",1974.66234592799,"CAFI_P057",50
"15963",-135.758174071991,"CAFI_P057",100
"15964",746.101865928009,"CAFI_P057",25
"15965",-810.476854071982,"CAFI_P057",50
"15966",-2068.71058407199,"CAFI_P057",100
"15967",3452.47316592801,"CAFI_P057",25
"15968",-473.705184071994,"CAFI_P057",50
"15969",-1280.05209407199,"CAFI_P057",100
"15970",-1300.41813407198,"CAFI_P057",25
"15971",-1093.530264072,"CAFI_P057",50
"15972",4123.24930592801,"CAFI_P057",100
"15973",-979.104754072003,"CAFI_P057",25
"15974",3733.583265928,"CAFI_P057",50
"15975",-2973.98407407198,"CAFI_P057",100
"15976",1369.54116592801,"CAFI_P057",25
"15977",-287.425014071981,"CAFI_P057",50
"15978",11080.544265928,"CAFI_P057",100
"15979",-1282.14553407198,"CAFI_P057",25
"15980",-1090.20023407199,"CAFI_P057",50
"15981",-586.901494071994,"CAFI_P057",100
"15982",598.394065928005,"CAFI_P057",25
"15983",3647.968165928,"CAFI_P057",50
"15984",932.922845927998,"CAFI_P057",100
"15985",-142.29479407199,"CAFI_P057",25
"15986",6666.05127592801,"CAFI_P057",50
"15987",-1185.64084407198,"CAFI_P057",100
"15988",-2759.10221407199,"CAFI_P057",25
"15989",-69.2732640719914,"CAFI_P057",50
"15990",895.435665928002,"CAFI_P057",100
"15991",1492.01257592801,"CAFI_P057",25
"15992",8897.142165928,"CAFI_P057",50
"15993",-2068.50708407199,"CAFI_P057",100
"15994",-1101.74942407198,"CAFI_P057",25
"15995",2560.226765928,"CAFI_P057",50
"15996",257.366665928013,"CAFI_P057",100
"15997",2393.10246592801,"CAFI_P057",25
"15998",-2946.92133407199,"CAFI_P057",50
"15999",-2652.11207407201,"CAFI_P057",100
"16000",-2672.55053407198,"CAFI_P057",25
"16001",-734.014834072004,"CAFI_P057",50
"16002",1039.70236592801,"CAFI_P057",100
"16003",-1356.80803407199,"CAFI_P057",25
"16004",2891.88796592801,"CAFI_P057",50
"16005",589.531945928,"CAFI_P057",100
"16006",-1200.562094072,"CAFI_P057",25
"16007",2248.346065928,"CAFI_P057",50
"16008",-356.992634071998,"CAFI_P057",100
"16009",-144.912324072007,"CAFI_P057",25
"16010",-1348.09746407199,"CAFI_P057",50
"16011",1241.319865928,"CAFI_P057",100
"16012",1155.302925928,"CAFI_P057",25
"16013",5149.729765928,"CAFI_P057",50
"16014",-1858.544784072,"CAFI_P057",100
"16015",-1236.34093407198,"CAFI_P057",25
"16016",-232.169634071994,"CAFI_P057",50
"16017",-2044.92732407199,"CAFI_P057",100
"16018",-1682.79493407201,"CAFI_P057",25
"16019",-2369.27749407198,"CAFI_P057",50
"16020",4934.14906592801,"CAFI_P057",100
"16021",-1186.93553407199,"CAFI_P057",25
"16022",-204.545034071984,"CAFI_P057",50
"16023",2593.325865928,"CAFI_P057",100
"16024",2553.61186592802,"CAFI_P057",25
"16025",-419.809034072008,"CAFI_P057",50
"16026",12984.117995928,"CAFI_P057",100
"16027",157.575865927996,"CAFI_P057",25
"16028",-333.503334071982,"CAFI_P057",50
"16029",1700.766225928,"CAFI_P057",100
"16030",54.2050659279921,"CAFI_P057",25
"16031",3510.53626592801,"CAFI_P057",50
"16032",-2924.455494072,"CAFI_P057",100
"16033",1027.89996592799,"CAFI_P057",25
"16034",2605.929465928,"CAFI_P057",50
"16035",3366.65976592799,"CAFI_P057",100
"16036",3230.20074592801,"CAFI_P057",25
"16037",7697.93606592799,"CAFI_P057",50
"16038",6259.65356592802,"CAFI_P057",100
"16039",240.002865927992,"CAFI_P057",25
"16040",1472.381065928,"CAFI_P057",50
"16041",82.4506359280203,"CAFI_P057",100
"16042",-1447.00173407199,"CAFI_P057",25
"16043",-1702.301194072,"CAFI_P057",50
"16044",-1645.271094072,"CAFI_P057",100
"16045",-1077.596964072,"CAFI_P057",25
"16046",-1547.76563407198,"CAFI_P057",50
"16047",458.237135928008,"CAFI_P057",100
"16048",-34.9478340719943,"CAFI_P057",25
"16049",-2246.21178407199,"CAFI_P057",50
"16050",1315.172065928,"CAFI_P057",100
"16051",-1350.602934072,"CAFI_P057",25
"16052",-2579.381474072,"CAFI_P057",50
"16053",-2090.437794072,"CAFI_P057",100
"16054",-1195.75823407198,"CAFI_P057",25
"16055",-897.456634072005,"CAFI_P057",50
"16056",2662.980805928,"CAFI_P057",100
"16057",3381.62406592802,"CAFI_P057",25
"16058",-442.122624071984,"CAFI_P057",50
"16059",869.683875927993,"CAFI_P057",100
"16060",655.871165927994,"CAFI_P057",25
"16061",1684.409785928,"CAFI_P057",50
"16062",-2220.280634072,"CAFI_P057",100
"16063",1496.61106592801,"CAFI_P057",25
"16064",-696.939034071984,"CAFI_P057",50
"16065",-2650.09204407199,"CAFI_P057",100
"16066",539.608765928017,"CAFI_P057",25
"16067",660.64416592801,"CAFI_P057",50
"16068",1194.37184592799,"CAFI_P057",100
"16069",1297.936605928,"CAFI_P057",25
"16070",610.286665927997,"CAFI_P057",50
"16071",1207.356565928,"CAFI_P057",100
"16072",-28.9342340719886,"CAFI_P057",25
"16073",6961.492565928,"CAFI_P057",50
"16074",-3312.607574072,"CAFI_P057",100
"16075",-2733.98656407199,"CAFI_P057",25
"16076",-434.997674071987,"CAFI_P057",50
"16077",725.33484592801,"CAFI_P057",100
"16078",-1223.83013407199,"CAFI_P057",25
"16079",324.266565928003,"CAFI_P057",50
"16080",5421.540465928,"CAFI_P057",100
"16081",-1003.868074072,"CAFI_P057",25
"16082",-1539.62539407201,"CAFI_P057",50
"16083",-2120.237944072,"CAFI_P057",100
"16084",2436.71946592801,"CAFI_P057",25
"16085",219.465765928006,"CAFI_P057",50
"16086",-2604.34655407199,"CAFI_P057",100
"16087",-52.8065340720059,"CAFI_P057",25
"16088",721.761965928017,"CAFI_P057",50
"16089",1678.944945928,"CAFI_P057",100
"16090",-680.676134071982,"CAFI_P057",25
"16091",2092.749965928,"CAFI_P057",50
"16092",-2344.382694072,"CAFI_P057",100
"16093",1998.913665928,"CAFI_P057",25
"16094",52.7050659279921,"CAFI_P057",50
"16095",-1474.56169407201,"CAFI_P057",100
"16096",-523.263994071982,"CAFI_P057",25
"16097",453.196065928001,"CAFI_P057",50
"16098",6613.783665928,"CAFI_P057",100
"16099",451.079165928008,"CAFI_P057",25
"16100",-2569.323164072,"CAFI_P057",50
"16101",-1367.30434407201,"CAFI_P057",100
"16102",-286.953734071983,"CAFI_P057",25
"16103",5160.744465928,"CAFI_P057",50
"16104",661.803665928019,"CAFI_P057",100
"16105",-55.0489340719942,"CAFI_P057",25
"16106",-1435.93415407199,"CAFI_P057",50
"16107",52.0816359280143,"CAFI_P057",100
"16108",1942.99930592801,"CAFI_P057",25
"16109",1009.47810592799,"CAFI_P057",50
"16110",463.100175928004,"CAFI_P057",100
"16111",1272.192465928,"CAFI_P057",25
"16112",35.4648659279919,"CAFI_P057",50
"16113",4720.04626592802,"CAFI_P057",100
"16114",52.011265928013,"CAFI_P057",25
"16115",-1835.95996407198,"CAFI_P057",50
"16116",43.3414659280097,"CAFI_P057",100
"16117",-2608.41903407199,"CAFI_P057",25
"16118",151.614915928018,"CAFI_P057",50
"16119",3712.16268592799,"CAFI_P057",100
"16120",-24.6367140719958,"CAFI_P057",25
"16121",295.874265927996,"CAFI_P057",50
"16122",5388.67016592799,"CAFI_P057",100
"16123",-737.565334071987,"CAFI_P057",25
"16124",-207.096924071986,"CAFI_P057",50
"16125",3057.998765928,"CAFI_P057",100
"16126",-888.462934071984,"CAFI_P057",25
"16127",884.509605928004,"CAFI_P057",50
"16128",-3192.33107407199,"CAFI_P057",100
"16129",2435.863365928,"CAFI_P057",25
"16130",775.536375928001,"CAFI_P057",50
"16131",-667.818554072001,"CAFI_P057",100
"16132",-153.557734072005,"CAFI_P057",25
"16133",923.412735927996,"CAFI_P057",50
"16134",-1827.889034072,"CAFI_P057",100
"16135",2035.94876592801,"CAFI_P057",25
"16136",-1648.301274072,"CAFI_P057",50
"16137",5637.80950592802,"CAFI_P057",100
"16138",-324.722434071999,"CAFI_P057",25
"16139",-2397.85265407199,"CAFI_P057",50
"16140",-2004.86955407201,"CAFI_P057",100
"16141",-843.292534071981,"CAFI_P057",25
"16142",-1434.67990407199,"CAFI_P057",50
"16143",-416.213204072003,"CAFI_P057",100
"16144",-2032.37363407199,"CAFI_P057",25
"16145",2165.35156592799,"CAFI_P057",50
"16146",320.639805928018,"CAFI_P057",100
"16147",23.8097659280174,"CAFI_P057",25
"16148",366.58629592802,"CAFI_P057",50
"16149",-2000.61460407201,"CAFI_P057",100
"16150",-891.879534071981,"CAFI_P057",25
"16151",-568.513834071986,"CAFI_P057",50
"16152",4704.33651592801,"CAFI_P057",100
"16153",-1363.26633407199,"CAFI_P057",25
"16154",92.6094659279916,"CAFI_P057",50
"16155",-1811.98683407198,"CAFI_P057",100
"16156",-460.425834071997,"CAFI_P057",25
"16157",689.723965928017,"CAFI_P057",50
"16158",5088.51543592801,"CAFI_P057",100
"16159",-1200.36741407198,"CAFI_P057",25
"16160",-1894.48813407199,"CAFI_P057",50
"16161",6590.66240592801,"CAFI_P057",100
"16162",-1066.282534072,"CAFI_P057",25
"16163",-1590.576034072,"CAFI_P057",50
"16164",392.830165927997,"CAFI_P057",100
"16165",1247.42256592802,"CAFI_P057",25
"16166",4598.44690592799,"CAFI_P057",50
"16167",788.345165928011,"CAFI_P057",100
"16168",-532.708034071984,"CAFI_P057",25
"16169",-1198.47993407201,"CAFI_P057",50
"16170",5044.33106592801,"CAFI_P057",100
"16171",231.030965928017,"CAFI_P057",25
"16172",-885.041514071985,"CAFI_P057",50
"16173",-2454.456694072,"CAFI_P057",100
"16174",-570.983734071982,"CAFI_P057",25
"16175",882.372065928008,"CAFI_P057",50
"16176",-1820.08576407199,"CAFI_P057",100
"16177",-2336.09843407199,"CAFI_P057",25
"16178",723.564475927997,"CAFI_P057",50
"16179",-1515.41573407198,"CAFI_P057",100
"16180",-525.103394072008,"CAFI_P057",25
"16181",-438.009134071996,"CAFI_P057",50
"16182",2474.900665928,"CAFI_P057",100
"16183",-338.410924071999,"CAFI_P057",25
"16184",8.99885592801729,"CAFI_P057",50
"16185",-1130.97844407198,"CAFI_P057",100
"16186",1042.61286592801,"CAFI_P057",25
"16187",184.927765928005,"CAFI_P057",50
"16188",-1518.46116407198,"CAFI_P057",100
"16189",889.582765928004,"CAFI_P057",25
"16190",-1039.30353407198,"CAFI_P057",50
"16191",-726.031734071992,"CAFI_P057",100
"16192",27.7738659280003,"CAFI_P057",25
"16193",2705.177715928,"CAFI_P057",50
"16194",1599.919275928,"CAFI_P057",100
"16195",-1379.34497407198,"CAFI_P057",25
"16196",-197.566734071996,"CAFI_P057",50
"16197",-78.6399040719843,"CAFI_P057",100
"16198",-1368.96793407199,"CAFI_P057",25
"16199",-1361.32083407199,"CAFI_P057",50
"16200",5776.15658592799,"CAFI_P057",100
"16201",1.9394006812945e-05,"CAFI_P058",25
"16202",839.679719394015,"CAFI_P058",50
"16203",1745.784219394,"CAFI_P058",100
"16204",1.9394006812945e-05,"CAFI_P058",25
"16205",144.104619393998,"CAFI_P058",50
"16206",1013.02531939402,"CAFI_P058",100
"16207",1.9394006812945e-05,"CAFI_P058",25
"16208",-7.60328060601023,"CAFI_P058",50
"16209",170.212229394005,"CAFI_P058",100
"16210",1.9394006812945e-05,"CAFI_P058",25
"16211",4677.15071939401,"CAFI_P058",50
"16212",-33.3414106059936,"CAFI_P058",100
"16213",1.9394006812945e-05,"CAFI_P058",25
"16214",-19.2206906059873,"CAFI_P058",50
"16215",3317.08671939399,"CAFI_P058",100
"16216",1.9394006812945e-05,"CAFI_P058",25
"16217",-25.4950706060044,"CAFI_P058",50
"16218",4024.88481939401,"CAFI_P058",100
"16219",1.9394006812945e-05,"CAFI_P058",25
"16220",3394.33771939401,"CAFI_P058",50
"16221",504.654619394016,"CAFI_P058",100
"16222",1.9394006812945e-05,"CAFI_P058",25
"16223",957.434919394,"CAFI_P058",50
"16224",359.648919394007,"CAFI_P058",100
"16225",1.9394006812945e-05,"CAFI_P058",25
"16226",3036.089919394,"CAFI_P058",50
"16227",2498.17252939401,"CAFI_P058",100
"16228",1.9394006812945e-05,"CAFI_P058",25
"16229",998.459719394014,"CAFI_P058",50
"16230",-40.1476306059922,"CAFI_P058",100
"16231",1.9394006812945e-05,"CAFI_P058",25
"16232",180.537919394003,"CAFI_P058",50
"16233",496.929219393991,"CAFI_P058",100
"16234",1.9394006812945e-05,"CAFI_P058",25
"16235",-89.1505606060091,"CAFI_P058",50
"16236",858.104819394008,"CAFI_P058",100
"16237",1.9394006812945e-05,"CAFI_P058",25
"16238",549.473619394004,"CAFI_P058",50
"16239",-23.1994306060078,"CAFI_P058",100
"16240",1.9394006812945e-05,"CAFI_P058",25
"16241",-40.3816906060092,"CAFI_P058",50
"16242",2098.95961939401,"CAFI_P058",100
"16243",1.9394006812945e-05,"CAFI_P058",25
"16244",2188.314919394,"CAFI_P058",50
"16245",-10.849430606002,"CAFI_P058",100
"16246",1.9394006812945e-05,"CAFI_P058",25
"16247",-38.0229306060064,"CAFI_P058",50
"16248",637.671339394001,"CAFI_P058",100
"16249",1.9394006812945e-05,"CAFI_P058",25
"16250",4873.69691939399,"CAFI_P058",50
"16251",4161.11711939401,"CAFI_P058",100
"16252",1.9394006812945e-05,"CAFI_P058",25
"16253",-34.7437706060009,"CAFI_P058",50
"16254",749.183119394002,"CAFI_P058",100
"16255",1.9394006812945e-05,"CAFI_P058",25
"16256",-53.9800206059881,"CAFI_P058",50
"16257",3774.02161939401,"CAFI_P058",100
"16258",1.9394006812945e-05,"CAFI_P058",25
"16259",3810.928719394,"CAFI_P058",50
"16260",4439.91811939399,"CAFI_P058",100
"16261",1.9394006812945e-05,"CAFI_P058",25
"16262",679.877919393999,"CAFI_P058",50
"16263",995.270519393991,"CAFI_P058",100
"16264",1.9394006812945e-05,"CAFI_P058",25
"16265",-63.5596606059989,"CAFI_P058",50
"16266",502.116749394016,"CAFI_P058",100
"16267",1.9394006812945e-05,"CAFI_P058",25
"16268",4157.393919394,"CAFI_P058",50
"16269",578.753949394013,"CAFI_P058",100
"16270",1.9394006812945e-05,"CAFI_P058",25
"16271",472.428119393997,"CAFI_P058",50
"16272",676.890319394006,"CAFI_P058",100
"16273",1.9394006812945e-05,"CAFI_P058",25
"16274",1065.067919394,"CAFI_P058",50
"16275",927.064719393995,"CAFI_P058",100
"16276",1.9394006812945e-05,"CAFI_P058",25
"16277",-40.4866806060018,"CAFI_P058",50
"16278",0.884469393990003,"CAFI_P058",100
"16279",1.9394006812945e-05,"CAFI_P058",25
"16280",2401.722919394,"CAFI_P058",50
"16281",3560.75691939401,"CAFI_P058",100
"16282",1.9394006812945e-05,"CAFI_P058",25
"16283",54.0268193939992,"CAFI_P058",50
"16284",-5.19273060600972,"CAFI_P058",100
"16285",1.9394006812945e-05,"CAFI_P058",25
"16286",957.434919394,"CAFI_P058",50
"16287",575.171669394011,"CAFI_P058",100
"16288",1.9394006812945e-05,"CAFI_P058",25
"16289",-28.6784806060023,"CAFI_P058",50
"16290",40.011689394014,"CAFI_P058",100
"16291",1.9394006812945e-05,"CAFI_P058",25
"16292",1733.32671939401,"CAFI_P058",50
"16293",792.908719394007,"CAFI_P058",100
"16294",1.9394006812945e-05,"CAFI_P058",25
"16295",4199.62471939399,"CAFI_P058",50
"16296",4652.43881939401,"CAFI_P058",100
"16297",1.9394006812945e-05,"CAFI_P058",25
"16298",28.3830193940084,"CAFI_P058",50
"16299",293.097369394003,"CAFI_P058",100
"16300",1.9394006812945e-05,"CAFI_P058",25
"16301",1733.32671939401,"CAFI_P058",50
"16302",-34.5516206059838,"CAFI_P058",100
"16303",1.9394006812945e-05,"CAFI_P058",25
"16304",516.460619393998,"CAFI_P058",50
"16305",888.411019394,"CAFI_P058",100
"16306",1.9394006812945e-05,"CAFI_P058",25
"16307",63.5022193939949,"CAFI_P058",50
"16308",1806.36041939401,"CAFI_P058",100
"16309",1.9394006812945e-05,"CAFI_P058",25
"16310",2002.774919394,"CAFI_P058",50
"16311",289.398719393997,"CAFI_P058",100
"16312",1.9394006812945e-05,"CAFI_P058",25
"16313",183.185819394013,"CAFI_P058",50
"16314",192.85301939401,"CAFI_P058",100
"16315",1.9394006812945e-05,"CAFI_P058",25
"16316",887.838919394009,"CAFI_P058",50
"16317",625.829719394009,"CAFI_P058",100
"16318",1.9394006812945e-05,"CAFI_P058",25
"16319",303.811219394003,"CAFI_P058",50
"16320",4153.26981939402,"CAFI_P058",100
"16321",1.9394006812945e-05,"CAFI_P058",25
"16322",746.379919394007,"CAFI_P058",50
"16323",2037.22031939399,"CAFI_P058",100
"16324",1.9394006812945e-05,"CAFI_P058",25
"16325",120.503019394004,"CAFI_P058",50
"16326",830.116619394015,"CAFI_P058",100
"16327",1.9394006812945e-05,"CAFI_P058",25
"16328",1018.47871939401,"CAFI_P058",50
"16329",915.214719393989,"CAFI_P058",100
"16330",1.9394006812945e-05,"CAFI_P058",25
"16331",-31.3249006060068,"CAFI_P058",50
"16332",2967.71120939401,"CAFI_P058",100
"16333",1.9394006812945e-05,"CAFI_P058",25
"16334",361.918519394007,"CAFI_P058",50
"16335",3332.728679394,"CAFI_P058",100
"16336",1.9394006812945e-05,"CAFI_P058",25
"16337",1291.15291939399,"CAFI_P058",50
"16338",312.607779393991,"CAFI_P058",100
"16339",1.9394006812945e-05,"CAFI_P058",25
"16340",16.6264193940151,"CAFI_P058",50
"16341",4388.16061939401,"CAFI_P058",100
"16342",1.9394006812945e-05,"CAFI_P058",25
"16343",836.337919393991,"CAFI_P058",50
"16344",199.244089393993,"CAFI_P058",100
"16345",1.9394006812945e-05,"CAFI_P058",25
"16346",-47.6220306059986,"CAFI_P058",50
"16347",-102.15678060599,"CAFI_P058",100
"16348",1.9394006812945e-05,"CAFI_P058",25
"16349",1568.19571939399,"CAFI_P058",50
"16350",6049.048819394,"CAFI_P058",100
"16351",1.9394006812945e-05,"CAFI_P058",25
"16352",444.359419393993,"CAFI_P058",50
"16353",2503.09191939401,"CAFI_P058",100
"16354",1.9394006812945e-05,"CAFI_P058",25
"16355",-0.254170606000116,"CAFI_P058",50
"16356",3557.28061939401,"CAFI_P058",100
"16357",1.9394006812945e-05,"CAFI_P058",25
"16358",6740.28271939399,"CAFI_P058",50
"16359",5680.35231939401,"CAFI_P058",100
"16360",1.9394006812945e-05,"CAFI_P058",25
"16361",-68.0158606059849,"CAFI_P058",50
"16362",541.319859393989,"CAFI_P058",100
"16363",1.9394006812945e-05,"CAFI_P058",25
"16364",-57.1913406059903,"CAFI_P058",50
"16365",7643.45161939401,"CAFI_P058",100
"16366",1.9394006812945e-05,"CAFI_P058",25
"16367",1527.61791939399,"CAFI_P058",50
"16368",-131.765540605993,"CAFI_P058",100
"16369",1.9394006812945e-05,"CAFI_P058",25
"16370",3352.10691939399,"CAFI_P058",50
"16371",607.367019394005,"CAFI_P058",100
"16372",1.9394006812945e-05,"CAFI_P058",25
"16373",215.952419394016,"CAFI_P058",50
"16374",15.9876593940135,"CAFI_P058",100
"16375",1.9394006812945e-05,"CAFI_P058",25
"16376",5.95911939401412,"CAFI_P058",50
"16377",3323.505839394,"CAFI_P058",100
"16378",1.9394006812945e-05,"CAFI_P058",25
"16379",-74.2841606060101,"CAFI_P058",50
"16380",3971.97081939399,"CAFI_P058",100
"16381",1.9394006812945e-05,"CAFI_P058",25
"16382",444.359419393993,"CAFI_P058",50
"16383",40.2406493939925,"CAFI_P058",100
"16384",1.9394006812945e-05,"CAFI_P058",25
"16385",722.108719393989,"CAFI_P058",50
"16386",181.546419393999,"CAFI_P058",100
"16387",1.9394006812945e-05,"CAFI_P058",25
"16388",598.511219394015,"CAFI_P058",50
"16389",655.333649394015,"CAFI_P058",100
"16390",1.9394006812945e-05,"CAFI_P058",25
"16391",223.380219393992,"CAFI_P058",50
"16392",471.870219394012,"CAFI_P058",100
"16393",1.9394006812945e-05,"CAFI_P058",25
"16394",-36.2716806060052,"CAFI_P058",50
"16395",3158.75261939401,"CAFI_P058",100
"16396",1.9394006812945e-05,"CAFI_P058",25
"16397",-50.7912206059846,"CAFI_P058",50
"16398",144.220819393988,"CAFI_P058",100
"16399",1.9394006812945e-05,"CAFI_P058",25
"16400",788.610719393997,"CAFI_P058",50
"16401",424.078229394014,"CAFI_P058",100
"16402",1.9394006812945e-05,"CAFI_P058",25
"16403",344.276419394009,"CAFI_P058",50
"16404",-24.6795806059963,"CAFI_P058",100
"16405",1.9394006812945e-05,"CAFI_P058",25
"16406",34.6275193940091,"CAFI_P058",50
"16407",693.946919394017,"CAFI_P058",100
"16408",1.9394006812945e-05,"CAFI_P058",25
"16409",43.8178193939966,"CAFI_P058",50
"16410",402.605719393992,"CAFI_P058",100
"16411",1.9394006812945e-05,"CAFI_P058",25
"16412",161.298019394017,"CAFI_P058",50
"16413",3741.644519394,"CAFI_P058",100
"16414",1.9394006812945e-05,"CAFI_P058",25
"16415",-5.21288060600637,"CAFI_P058",50
"16416",654.811419394013,"CAFI_P058",100
"16417",1.9394006812945e-05,"CAFI_P058",25
"16418",1447.10371939401,"CAFI_P058",50
"16419",1573.83181939399,"CAFI_P058",100
"16420",1.9394006812945e-05,"CAFI_P058",25
"16421",-32.5630606059858,"CAFI_P058",50
"16422",2.76315939400229,"CAFI_P058",100
"16423",1.9394006812945e-05,"CAFI_P058",25
"16424",74.9511193940125,"CAFI_P058",50
"16425",82.5173193940136,"CAFI_P058",100
"16426",1.9394006812945e-05,"CAFI_P058",25
"16427",103.462019394006,"CAFI_P058",50
"16428",1558.446619394,"CAFI_P058",100
"16429",1.9394006812945e-05,"CAFI_P058",25
"16430",1732.583719394,"CAFI_P058",50
"16431",2230.74421939399,"CAFI_P058",100
"16432",1.9394006812945e-05,"CAFI_P058",25
"16433",5.92681939399336,"CAFI_P058",50
"16434",263.337319393991,"CAFI_P058",100
"16435",1.9394006812945e-05,"CAFI_P058",25
"16436",78.2722193940135,"CAFI_P058",50
"16437",-15.0072806059907,"CAFI_P058",100
"16438",1.9394006812945e-05,"CAFI_P058",25
"16439",-13.8477806060109,"CAFI_P058",50
"16440",393.441899394005,"CAFI_P058",100
"16441",1.9394006812945e-05,"CAFI_P058",25
"16442",874.455919394008,"CAFI_P058",50
"16443",73.4434593940096,"CAFI_P058",100
"16444",1.9394006812945e-05,"CAFI_P058",25
"16445",2.64281939400826,"CAFI_P058",50
"16446",4436.136419394,"CAFI_P058",100
"16447",1.9394006812945e-05,"CAFI_P058",25
"16448",1914.736919394,"CAFI_P058",50
"16449",1967.12586939399,"CAFI_P058",100
"16450",1.9394006812945e-05,"CAFI_P058",25
"16451",-74.7938606060052,"CAFI_P058",50
"16452",1184.318519394,"CAFI_P058",100
"16453",1.9394006812945e-05,"CAFI_P058",25
"16454",1065.067919394,"CAFI_P058",50
"16455",697.760309394012,"CAFI_P058",100
"16456",1.9394006812945e-05,"CAFI_P058",25
"16457",-38.0229306060064,"CAFI_P058",50
"16458",27.8553693940048,"CAFI_P058",100
"16459",1.9394006812945e-05,"CAFI_P058",25
"16460",4157.393919394,"CAFI_P058",50
"16461",4589.35071939399,"CAFI_P058",100
"16462",1.9394006812945e-05,"CAFI_P058",25
"16463",404.149319393997,"CAFI_P058",50
"16464",-41.1760006060067,"CAFI_P058",100
"16465",1.9394006812945e-05,"CAFI_P058",25
"16466",-19.1791806060064,"CAFI_P058",50
"16467",619.748519393994,"CAFI_P058",100
"16468",1.9394006812945e-05,"CAFI_P058",25
"16469",3613.28871939401,"CAFI_P058",50
"16470",93.7416193940153,"CAFI_P058",100
"16471",1.9394006812945e-05,"CAFI_P058",25
"16472",1404.87291939399,"CAFI_P058",50
"16473",64.1157593940152,"CAFI_P058",100
"16474",1.9394006812945e-05,"CAFI_P058",25
"16475",44.8736193939985,"CAFI_P058",50
"16476",0.884469393990003,"CAFI_P058",100
"16477",1.9394006812945e-05,"CAFI_P058",25
"16478",402.128619394003,"CAFI_P058",50
"16479",6168.89361939399,"CAFI_P058",100
"16480",1.9394006812945e-05,"CAFI_P058",25
"16481",146.528719394002,"CAFI_P058",50
"16482",5013.61061939399,"CAFI_P058",100
"16483",1.9394006812945e-05,"CAFI_P058",25
"16484",-74.7938606060052,"CAFI_P058",50
"16485",2846.15701939401,"CAFI_P058",100
"16486",1.9394006812945e-05,"CAFI_P058",25
"16487",-84.8457606059965,"CAFI_P058",50
"16488",-86.9633406059875,"CAFI_P058",100
"16489",1.9394006812945e-05,"CAFI_P058",25
"16490",1107.29871939399,"CAFI_P058",50
"16491",1506.334809394,"CAFI_P058",100
"16492",1.9394006812945e-05,"CAFI_P058",25
"16493",2.2801193940104,"CAFI_P058",50
"16494",4318.69191939401,"CAFI_P058",100
"16495",1.9394006812945e-05,"CAFI_P058",25
"16496",-31.7673106059956,"CAFI_P058",50
"16497",2512.17161939401,"CAFI_P058",100
"16498",1.9394006812945e-05,"CAFI_P058",25
"16499",385.743119393999,"CAFI_P058",50
"16500",32.0884193940146,"CAFI_P058",100
"16501",-246.875418109004,"CAFI_P060",25
"16502",-586.952958109032,"CAFI_P060",50
"16503",642.267601891013,"CAFI_P060",100
"16504",-1256.23575810902,"CAFI_P060",25
"16505",-120.627208109014,"CAFI_P060",50
"16506",610.919111891009,"CAFI_P060",100
"16507",-702.954948108993,"CAFI_P060",25
"16508",34.6299518909655,"CAFI_P060",50
"16509",5553.31103189097,"CAFI_P060",100
"16510",257.267851890996,"CAFI_P060",25
"16511",81.8786418910022,"CAFI_P060",50
"16512",-1604.71405810898,"CAFI_P060",100
"16513",3757.66755189101,"CAFI_P060",25
"16514",-1331.29091810901,"CAFI_P060",50
"16515",-843.611138109001,"CAFI_P060",100
"16516",1834.944841891,"CAFI_P060",25
"16517",-491.774078109011,"CAFI_P060",50
"16518",-3092.921558109,"CAFI_P060",100
"16519",-409.461558109033,"CAFI_P060",25
"16520",-117.190558109025,"CAFI_P060",50
"16521",1984.95320189098,"CAFI_P060",100
"16522",155.225651890971,"CAFI_P060",25
"16523",2471.98944189097,"CAFI_P060",50
"16524",10041.763691891,"CAFI_P060",100
"16525",-1200.76994810899,"CAFI_P060",25
"16526",-350.932858109009,"CAFI_P060",50
"16527",1624.09321189101,"CAFI_P060",100
"16528",3141.39385189099,"CAFI_P060",25
"16529",861.833381891018,"CAFI_P060",50
"16530",2232.25126189098,"CAFI_P060",100
"16531",-225.457388109004,"CAFI_P060",25
"16532",-691.563358108979,"CAFI_P060",50
"16533",2697.84689189098,"CAFI_P060",100
"16534",2398.35490189097,"CAFI_P060",25
"16535",-287.18701810902,"CAFI_P060",50
"16536",8844.84688189102,"CAFI_P060",100
"16537",-1060.08224810899,"CAFI_P060",25
"16538",14954.196901891,"CAFI_P060",50
"16539",9330.52300189098,"CAFI_P060",100
"16540",-1230.145148109,"CAFI_P060",25
"16541",-1336.98099810898,"CAFI_P060",50
"16542",-2496.199338109,"CAFI_P060",100
"16543",1142.75985189097,"CAFI_P060",25
"16544",1297.57007189101,"CAFI_P060",50
"16545",-1576.63756810903,"CAFI_P060",100
"16546",429.58225189097,"CAFI_P060",25
"16547",13213.295931891,"CAFI_P060",50
"16548",-1753.67546810902,"CAFI_P060",100
"16549",-572.583978109004,"CAFI_P060",25
"16550",610.119001890998,"CAFI_P060",50
"16551",511.121291890973,"CAFI_P060",100
"16552",2944.078211891,"CAFI_P060",25
"16553",1288.73958189099,"CAFI_P060",50
"16554",2686.44797189097,"CAFI_P060",100
"16555",3519.56255189097,"CAFI_P060",25
"16556",951.189521891007,"CAFI_P060",50
"16557",1191.41313189099,"CAFI_P060",100
"16558",-115.273248108977,"CAFI_P060",25
"16559",3985.77095189097,"CAFI_P060",50
"16560",-1225.92799810902,"CAFI_P060",100
"16561",5051.871761891,"CAFI_P060",25
"16562",13825.275551891,"CAFI_P060",50
"16563",382.696941890987,"CAFI_P060",100
"16564",-1478.56644810899,"CAFI_P060",25
"16565",-1177.49115810898,"CAFI_P060",50
"16566",1162.92766189098,"CAFI_P060",100
"16567",1004.53555189102,"CAFI_P060",25
"16568",675.592541890976,"CAFI_P060",50
"16569",192.886061890982,"CAFI_P060",100
"16570",-281.942618108995,"CAFI_P060",25
"16571",-1621.61446810898,"CAFI_P060",50
"16572",-1738.929218109,"CAFI_P060",100
"16573",-1073.32890810899,"CAFI_P060",25
"16574",-1231.47153810901,"CAFI_P060",50
"16575",2964.27987189102,"CAFI_P060",100
"16576",1815.86695189099,"CAFI_P060",25
"16577",-1332.05582810903,"CAFI_P060",50
"16578",2892.69457189098,"CAFI_P060",100
"16579",376.542951890966,"CAFI_P060",25
"16580",54.6089618909755,"CAFI_P060",50
"16581",-2534.29416810902,"CAFI_P060",100
"16582",-948.905748108984,"CAFI_P060",25
"16583",-660.300308109028,"CAFI_P060",50
"16584",-2616.403418109,"CAFI_P060",100
"16585",-1253.28524810902,"CAFI_P060",25
"16586",1036.82364189101,"CAFI_P060",50
"16587",3453.36692189099,"CAFI_P060",100
"16588",-1655.60882810899,"CAFI_P060",25
"16589",-879.985478108982,"CAFI_P060",50
"16590",-2651.27063810901,"CAFI_P060",100
"16591",-899.066018108977,"CAFI_P060",25
"16592",-2246.01094810903,"CAFI_P060",50
"16593",-1590.75037810899,"CAFI_P060",100
"16594",-161.470678108977,"CAFI_P060",25
"16595",-207.345338109008,"CAFI_P060",50
"16596",15202.104341891,"CAFI_P060",100
"16597",-539.306108109013,"CAFI_P060",25
"16598",2921.86659189098,"CAFI_P060",50
"16599",1804.64369189099,"CAFI_P060",100
"16600",3105.62419189099,"CAFI_P060",25
"16601",-1252.67524810898,"CAFI_P060",50
"16602",-260.393778108992,"CAFI_P060",100
"16603",3198.81585189101,"CAFI_P060",25
"16604",-1559.89808810898,"CAFI_P060",50
"16605",-2279.357408109,"CAFI_P060",100
"16606",-951.69264810899,"CAFI_P060",25
"16607",-1055.16123810899,"CAFI_P060",50
"16608",1308.05554189102,"CAFI_P060",100
"16609",13465.669431891,"CAFI_P060",25
"16610",-2148.23646810901,"CAFI_P060",50
"16611",-874.344028108986,"CAFI_P060",100
"16612",1136.08725189097,"CAFI_P060",25
"16613",-657.583848109003,"CAFI_P060",50
"16614",-1770.45304810902,"CAFI_P060",100
"16615",-801.579988109006,"CAFI_P060",25
"16616",-393.765388109023,"CAFI_P060",50
"16617",-1534.53170810902,"CAFI_P060",100
"16618",861.654651890974,"CAFI_P060",25
"16619",-1120.80903810903,"CAFI_P060",50
"16620",2402.91572189098,"CAFI_P060",100
"16621",8244.72685189097,"CAFI_P060",25
"16622",741.815141891013,"CAFI_P060",50
"16623",6952.224401891,"CAFI_P060",100
"16624",292.053351890994,"CAFI_P060",25
"16625",7863.50965189101,"CAFI_P060",50
"16626",-802.217058109003,"CAFI_P060",100
"16627",-241.461158109014,"CAFI_P060",25
"16628",-714.905758109002,"CAFI_P060",50
"16629",3047.19784189097,"CAFI_P060",100
"16630",-208.844548108988,"CAFI_P060",25
"16631",-1012.54663810902,"CAFI_P060",50
"16632",-956.985308109026,"CAFI_P060",100
"16633",12860.173051891,"CAFI_P060",25
"16634",-952.961088109005,"CAFI_P060",50
"16635",-1404.07867810898,"CAFI_P060",100
"16636",-2073.30438810901,"CAFI_P060",25
"16637",-2795.29174810898,"CAFI_P060",50
"16638",-595.364928108989,"CAFI_P060",100
"16639",-1874.67304810899,"CAFI_P060",25
"16640",74.5062918909825,"CAFI_P060",50
"16641",5416.98201189097,"CAFI_P060",100
"16642",-1316.25694810902,"CAFI_P060",25
"16643",-436.033678109001,"CAFI_P060",50
"16644",-2651.086538109,"CAFI_P060",100
"16645",117.630151890975,"CAFI_P060",25
"16646",4698.106151891,"CAFI_P060",50
"16647",-2687.06954810902,"CAFI_P060",100
"16648",-1186.75668810902,"CAFI_P060",25
"16649",-1247.79028810898,"CAFI_P060",50
"16650",-1112.88625810901,"CAFI_P060",100
"16651",335.234851891,"CAFI_P060",25
"16652",4792.88671189098,"CAFI_P060",50
"16653",1909.75754189101,"CAFI_P060",100
"16654",-711.770758108993,"CAFI_P060",25
"16655",-1662.64354810899,"CAFI_P060",50
"16656",-3123.25607810903,"CAFI_P060",100
"16657",306.398451890971,"CAFI_P060",25
"16658",2734.14014189097,"CAFI_P060",50
"16659",1866.33291189099,"CAFI_P060",100
"16660",-388.674458109017,"CAFI_P060",25
"16661",-1434.89898810902,"CAFI_P060",50
"16662",-497.096088109014,"CAFI_P060",100
"16663",-1509.93936810899,"CAFI_P060",25
"16664",366.500391890993,"CAFI_P060",50
"16665",-1066.90959810902,"CAFI_P060",100
"16666",-1800.34110810899,"CAFI_P060",25
"16667",-1932.77294810902,"CAFI_P060",50
"16668",707.046591890976,"CAFI_P060",100
"16669",-367.160448109033,"CAFI_P060",25
"16670",220.989451890986,"CAFI_P060",50
"16671",-2316.14814810903,"CAFI_P060",100
"16672",8190.73285189102,"CAFI_P060",25
"16673",-2154.71729810903,"CAFI_P060",50
"16674",-1825.94827810902,"CAFI_P060",100
"16675",162.269551891019,"CAFI_P060",25
"16676",-669.694488109031,"CAFI_P060",50
"16677",-466.588588109007,"CAFI_P060",100
"16678",-1494.92333810899,"CAFI_P060",25
"16679",-2412.596048109,"CAFI_P060",50
"16680",-477.116158108984,"CAFI_P060",100
"16681",-471.642238109023,"CAFI_P060",25
"16682",634.626691890997,"CAFI_P060",50
"16683",11190.581641891,"CAFI_P060",100
"16684",-724.027248108992,"CAFI_P060",25
"16685",-2153.98832810903,"CAFI_P060",50
"16686",-2776.07337810902,"CAFI_P060",100
"16687",-1270.122268109,"CAFI_P060",25
"16688",-102.074618108978,"CAFI_P060",50
"16689",-2328.432918109,"CAFI_P060",100
"16690",9412.19235189102,"CAFI_P060",25
"16691",6238.13225189102,"CAFI_P060",50
"16692",-591.350198108994,"CAFI_P060",100
"16693",-1412.160948109,"CAFI_P060",25
"16694",-2217.97720810899,"CAFI_P060",50
"16695",-1941.804058109,"CAFI_P060",100
"16696",-990.307478109025,"CAFI_P060",25
"16697",4668.094761891,"CAFI_P060",50
"16698",-373.830238108989,"CAFI_P060",100
"16699",-411.142568109033,"CAFI_P060",25
"16700",1530.466681891,"CAFI_P060",50
"16701",3244.49883189099,"CAFI_P060",100
"16702",-609.340058109025,"CAFI_P060",25
"16703",-1387.83048810903,"CAFI_P060",50
"16704",-1527.881288109,"CAFI_P060",100
"16705",-1167.82178810902,"CAFI_P060",25
"16706",7888.581101891,"CAFI_P060",50
"16707",-1005.19989810901,"CAFI_P060",100
"16708",-1004.25274810899,"CAFI_P060",25
"16709",-1366.13835810899,"CAFI_P060",50
"16710",2434.18675189099,"CAFI_P060",100
"16711",5114.83424189099,"CAFI_P060",25
"16712",-586.177448109025,"CAFI_P060",50
"16713",2942.09548189101,"CAFI_P060",100
"16714",-48.1071581090218,"CAFI_P060",25
"16715",2122.72454189102,"CAFI_P060",50
"16716",-765.639798109012,"CAFI_P060",100
"16717",-1508.15317810903,"CAFI_P060",25
"16718",-1704.89810810902,"CAFI_P060",50
"16719",1170.123091891,"CAFI_P060",100
"16720",-955.85763810901,"CAFI_P060",25
"16721",-1223.63332810899,"CAFI_P060",50
"16722",-844.188768109016,"CAFI_P060",100
"16723",-685.64894810901,"CAFI_P060",25
"16724",-1333.42280810903,"CAFI_P060",50
"16725",7440.34113189101,"CAFI_P060",100
"16726",-426.876128108997,"CAFI_P060",25
"16727",-1330.09290810901,"CAFI_P060",50
"16728",-164.191938108997,"CAFI_P060",100
"16729",-292.621898108977,"CAFI_P060",25
"16730",267.152001890994,"CAFI_P060",50
"16731",-2726.128858109,"CAFI_P060",100
"16732",-659.481298108993,"CAFI_P060",25
"16733",-490.083358108997,"CAFI_P060",50
"16734",-1813.85031810903,"CAFI_P060",100
"16735",6283.29465189099,"CAFI_P060",25
"16736",-1495.29666810902,"CAFI_P060",50
"16737",1520.014771891,"CAFI_P060",100
"16738",-358.246368109016,"CAFI_P060",25
"16739",3030.508151891,"CAFI_P060",50
"16740",-2291.389468109,"CAFI_P060",100
"16741",-545.55738810898,"CAFI_P060",25
"16742",10316.961591891,"CAFI_P060",50
"16743",-1344.62652810902,"CAFI_P060",100
"16744",-810.809148108994,"CAFI_P060",25
"16745",4413.99511189101,"CAFI_P060",50
"16746",3530.13316189102,"CAFI_P060",100
"16747",-250.758558108995,"CAFI_P060",25
"16748",-618.985998108983,"CAFI_P060",50
"16749",-1529.75924810901,"CAFI_P060",100
"16750",-345.109138109023,"CAFI_P060",25
"16751",-2508.41749810899,"CAFI_P060",50
"16752",2906.26401189098,"CAFI_P060",100
"16753",-211.247448109032,"CAFI_P060",25
"16754",-1374.08262810903,"CAFI_P060",50
"16755",344.068601890991,"CAFI_P060",100
"16756",-1383.57627810899,"CAFI_P060",25
"16757",1138.374001891,"CAFI_P060",50
"16758",-184.127258108987,"CAFI_P060",100
"16759",-663.441628109023,"CAFI_P060",25
"16760",-1874.78645810898,"CAFI_P060",50
"16761",-2298.454658109,"CAFI_P060",100
"16762",-1337.52235810901,"CAFI_P060",25
"16763",-1434.53885810898,"CAFI_P060",50
"16764",-986.80003810901,"CAFI_P060",100
"16765",73.4025018910179,"CAFI_P060",25
"16766",3762.916281891,"CAFI_P060",50
"16767",4530.72193189099,"CAFI_P060",100
"16768",-1504.81687810901,"CAFI_P060",25
"16769",-36.1961781089776,"CAFI_P060",50
"16770",-2391.054218109,"CAFI_P060",100
"16771",1329.79134189099,"CAFI_P060",25
"16772",-1181.66606810899,"CAFI_P060",50
"16773",7353.65281189099,"CAFI_P060",100
"16774",5377.53915189102,"CAFI_P060",25
"16775",-361.773958109028,"CAFI_P060",50
"16776",-3202.76937810902,"CAFI_P060",100
"16777",3200.337851891,"CAFI_P060",25
"16778",607.068491890968,"CAFI_P060",50
"16779",-1951.93488810898,"CAFI_P060",100
"16780",-1463.35762810899,"CAFI_P060",25
"16781",-1419.38200810901,"CAFI_P060",50
"16782",-2791.13797810901,"CAFI_P060",100
"16783",84.9682318909909,"CAFI_P060",25
"16784",-2143.18566810898,"CAFI_P060",50
"16785",2118.570161891,"CAFI_P060",100
"16786",7437.09874189098,"CAFI_P060",25
"16787",3595.59523189097,"CAFI_P060",50
"16788",-1438.07664810901,"CAFI_P060",100
"16789",-843.533638108987,"CAFI_P060",25
"16790",-1655.517678109,"CAFI_P060",50
"16791",7651.42452189099,"CAFI_P060",100
"16792",-1509.43194810901,"CAFI_P060",25
"16793",305.430701891019,"CAFI_P060",50
"16794",1437.63627189101,"CAFI_P060",100
"16795",-777.105068108998,"CAFI_P060",25
"16796",1768.90043189097,"CAFI_P060",50
"16797",-581.824528108991,"CAFI_P060",100
"16798",-796.23196810903,"CAFI_P060",25
"16799",10042.980341891,"CAFI_P060",50
"16800",-855.104668108979,"CAFI_P060",100
"16801",-0.00427526701241732,"CAFI_P061",25
"16802",1809.98892473301,"CAFI_P061",50
"16803",-2783.306675267,"CAFI_P061",100
"16804",-0.00427526701241732,"CAFI_P061",25
"16805",4293.75492473302,"CAFI_P061",50
"16806",-2299.46817526699,"CAFI_P061",100
"16807",-0.00427526701241732,"CAFI_P061",25
"16808",-270.924775266962,"CAFI_P061",50
"16809",-1505.61217526702,"CAFI_P061",100
"16810",-0.00427526701241732,"CAFI_P061",25
"16811",-301.629275267012,"CAFI_P061",50
"16812",-2795.02347526699,"CAFI_P061",100
"16813",-0.00427526701241732,"CAFI_P061",25
"16814",1282.85172473302,"CAFI_P061",50
"16815",795.321624732984,"CAFI_P061",100
"16816",-0.00427526701241732,"CAFI_P061",25
"16817",-2189.50467526697,"CAFI_P061",50
"16818",-2606.92327526701,"CAFI_P061",100
"16819",-0.00427526701241732,"CAFI_P061",25
"16820",1353.03992473299,"CAFI_P061",50
"16821",-1279.326275267,"CAFI_P061",100
"16822",-0.00427526701241732,"CAFI_P061",25
"16823",6123.47192473302,"CAFI_P061",50
"16824",-2736.997875267,"CAFI_P061",100
"16825",-0.00427526701241732,"CAFI_P061",25
"16826",12392.249924733,"CAFI_P061",50
"16827",-2511.700175267,"CAFI_P061",100
"16828",-0.00427526701241732,"CAFI_P061",25
"16829",-2526.49007526698,"CAFI_P061",50
"16830",1869.44722473301,"CAFI_P061",100
"16831",-0.00427526701241732,"CAFI_P061",25
"16832",-2188.24457526702,"CAFI_P061",50
"16833",5010.25882473303,"CAFI_P061",100
"16834",-0.00427526701241732,"CAFI_P061",25
"16835",3051.12492473301,"CAFI_P061",50
"16836",-2670.73137526697,"CAFI_P061",100
"16837",-0.00427526701241732,"CAFI_P061",25
"16838",-1416.10627526697,"CAFI_P061",50
"16839",-770.550575267,"CAFI_P061",100
"16840",-0.00427526701241732,"CAFI_P061",25
"16841",498.679924733005,"CAFI_P061",50
"16842",-863.804275267001,"CAFI_P061",100
"16843",-0.00427526701241732,"CAFI_P061",25
"16844",298.50232473301,"CAFI_P061",50
"16845",-1590.16527526698,"CAFI_P061",100
"16846",-0.00427526701241732,"CAFI_P061",25
"16847",-242.032375267008,"CAFI_P061",50
"16848",-455.920975267014,"CAFI_P061",100
"16849",-0.00427526701241732,"CAFI_P061",25
"16850",-1927.52087526699,"CAFI_P061",50
"16851",-2535.23887526698,"CAFI_P061",100
"16852",-0.00427526701241732,"CAFI_P061",25
"16853",-1722.00227526698,"CAFI_P061",50
"16854",3311.82232473302,"CAFI_P061",100
"16855",-0.00427526701241732,"CAFI_P061",25
"16856",-138.158375266998,"CAFI_P061",50
"16857",2395.117324733,"CAFI_P061",100
"16858",-0.00427526701241732,"CAFI_P061",25
"16859",-520.330095266982,"CAFI_P061",50
"16860",-293.965075267013,"CAFI_P061",100
"16861",-0.00427526701241732,"CAFI_P061",25
"16862",-2189.50467526697,"CAFI_P061",50
"16863",-2839.58797526697,"CAFI_P061",100
"16864",-0.00427526701241732,"CAFI_P061",25
"16865",-85.5000752669876,"CAFI_P061",50
"16866",-2766.52957526699,"CAFI_P061",100
"16867",-0.00427526701241732,"CAFI_P061",25
"16868",-247.675275266985,"CAFI_P061",50
"16869",1964.83232473303,"CAFI_P061",100
"16870",-0.00427526701241732,"CAFI_P061",25
"16871",-1927.16687526699,"CAFI_P061",50
"16872",10598.070524733,"CAFI_P061",100
"16873",-0.00427526701241732,"CAFI_P061",25
"16874",-2131.81187526701,"CAFI_P061",50
"16875",2256.97742473299,"CAFI_P061",100
"16876",-0.00427526701241732,"CAFI_P061",25
"16877",-372.260175267002,"CAFI_P061",50
"16878",-1912.16047526698,"CAFI_P061",100
"16879",-0.00427526701241732,"CAFI_P061",25
"16880",-20.5189752670121,"CAFI_P061",50
"16881",3738.98392473301,"CAFI_P061",100
"16882",-0.00427526701241732,"CAFI_P061",25
"16883",73.8697247329983,"CAFI_P061",50
"16884",-2426.74687526701,"CAFI_P061",100
"16885",-0.00427526701241732,"CAFI_P061",25
"16886",-483.436275266984,"CAFI_P061",50
"16887",-2251.88287526701,"CAFI_P061",100
"16888",-0.00427526701241732,"CAFI_P061",25
"16889",-470.978175266995,"CAFI_P061",50
"16890",459.247724733024,"CAFI_P061",100
"16891",-0.00427526701241732,"CAFI_P061",25
"16892",-21.0406752669951,"CAFI_P061",50
"16893",-1708.60127526696,"CAFI_P061",100
"16894",-0.00427526701241732,"CAFI_P061",25
"16895",694.664924732991,"CAFI_P061",50
"16896",276.062824733031,"CAFI_P061",100
"16897",-0.00427526701241732,"CAFI_P061",25
"16898",-121.039375266992,"CAFI_P061",50
"16899",-2024.31927526701,"CAFI_P061",100
"16900",-0.00427526701241732,"CAFI_P061",25
"16901",-2341.93937526701,"CAFI_P061",50
"16902",1256.39122473303,"CAFI_P061",100
"16903",-0.00427526701241732,"CAFI_P061",25
"16904",-264.717075266992,"CAFI_P061",50
"16905",-2147.19587526697,"CAFI_P061",100
"16906",-0.00427526701241732,"CAFI_P061",25
"16907",-77.4733752669999,"CAFI_P061",50
"16908",3007.94352473301,"CAFI_P061",100
"16909",-0.00427526701241732,"CAFI_P061",25
"16910",1907.810924733,"CAFI_P061",50
"16911",-2729.14887526701,"CAFI_P061",100
"16912",-0.00427526701241732,"CAFI_P061",25
"16913",105.957424733031,"CAFI_P061",50
"16914",2611.99792473303,"CAFI_P061",100
"16915",-0.00427526701241732,"CAFI_P061",25
"16916",267.824124732986,"CAFI_P061",50
"16917",-2958.17887526698,"CAFI_P061",100
"16918",-0.00427526701241732,"CAFI_P061",25
"16919",-261.558175267011,"CAFI_P061",50
"16920",-381.539175266982,"CAFI_P061",100
"16921",-0.00427526701241732,"CAFI_P061",25
"16922",-2567.74877526698,"CAFI_P061",50
"16923",9813.93792473304,"CAFI_P061",100
"16924",-0.00427526701241732,"CAFI_P061",25
"16925",84.1249247330124,"CAFI_P061",50
"16926",-950.086175267003,"CAFI_P061",100
"16927",-0.00427526701241732,"CAFI_P061",25
"16928",-2008.17757526698,"CAFI_P061",50
"16929",-1033.94437526696,"CAFI_P061",100
"16930",-0.00427526701241732,"CAFI_P061",25
"16931",-250.703075266967,"CAFI_P061",50
"16932",-2821.89527526702,"CAFI_P061",100
"16933",-0.00427526701241732,"CAFI_P061",25
"16934",-2197.35107526701,"CAFI_P061",50
"16935",2254.481224733,"CAFI_P061",100
"16936",-0.00427526701241732,"CAFI_P061",25
"16937",-2180.72797526699,"CAFI_P061",50
"16938",-1575.80277526699,"CAFI_P061",100
"16939",-0.00427526701241732,"CAFI_P061",25
"16940",-2173.15367526701,"CAFI_P061",50
"16941",1616.38872473303,"CAFI_P061",100
"16942",-0.00427526701241732,"CAFI_P061",25
"16943",-1882.48527526698,"CAFI_P061",50
"16944",-3127.06846526702,"CAFI_P061",100
"16945",-0.00427526701241732,"CAFI_P061",25
"16946",-2124.260175267,"CAFI_P061",50
"16947",-2587.87637526699,"CAFI_P061",100
"16948",-0.00427526701241732,"CAFI_P061",25
"16949",73.8697247329983,"CAFI_P061",50
"16950",-3048.04757526697,"CAFI_P061",100
"16951",-0.00427526701241732,"CAFI_P061",25
"16952",-2124.260175267,"CAFI_P061",50
"16953",-2576.24377526698,"CAFI_P061",100
"16954",-0.00427526701241732,"CAFI_P061",25
"16955",-2169.22307526699,"CAFI_P061",50
"16956",-1862.910975267,"CAFI_P061",100
"16957",-0.00427526701241732,"CAFI_P061",25
"16958",298.50232473301,"CAFI_P061",50
"16959",-2053.41837526701,"CAFI_P061",100
"16960",-0.00427526701241732,"CAFI_P061",25
"16961",-2218.60847526701,"CAFI_P061",50
"16962",-2687.27317526698,"CAFI_P061",100
"16963",-0.00427526701241732,"CAFI_P061",25
"16964",14447.039924733,"CAFI_P061",50
"16965",-1279.45757526701,"CAFI_P061",100
"16966",-0.00427526701241732,"CAFI_P061",25
"16967",-2619.52777526696,"CAFI_P061",50
"16968",-2695.87717526697,"CAFI_P061",100
"16969",-0.00427526701241732,"CAFI_P061",25
"16970",-2426.25817526696,"CAFI_P061",50
"16971",10663.259724733,"CAFI_P061",100
"16972",-0.00427526701241732,"CAFI_P061",25
"16973",202.188824733021,"CAFI_P061",50
"16974",10811.208424733,"CAFI_P061",100
"16975",-0.00427526701241732,"CAFI_P061",25
"16976",319.435424733034,"CAFI_P061",50
"16977",-986.091675266973,"CAFI_P061",100
"16978",-0.00427526701241732,"CAFI_P061",25
"16979",-2505.46337526699,"CAFI_P061",50
"16980",-472.403575267002,"CAFI_P061",100
"16981",-0.00427526701241732,"CAFI_P061",25
"16982",801.39592473302,"CAFI_P061",50
"16983",-3015.87107526697,"CAFI_P061",100
"16984",-0.00427526701241732,"CAFI_P061",25
"16985",2206.41792473302,"CAFI_P061",50
"16986",-1952.52837526699,"CAFI_P061",100
"16987",-0.00427526701241732,"CAFI_P061",25
"16988",-78.733475267014,"CAFI_P061",50
"16989",-286.98847526696,"CAFI_P061",100
"16990",-0.00427526701241732,"CAFI_P061",25
"16991",149.215724733018,"CAFI_P061",50
"16992",-247.311075266975,"CAFI_P061",100
"16993",-0.00427526701241732,"CAFI_P061",25
"16994",4435.20492473303,"CAFI_P061",50
"16995",-320.067875267006,"CAFI_P061",100
"16996",-0.00427526701241732,"CAFI_P061",25
"16997",55.6449247330311,"CAFI_P061",50
"16998",2823.11792473303,"CAFI_P061",100
"16999",-0.00427526701241732,"CAFI_P061",25
"17000",-360.987575266976,"CAFI_P061",50
"17001",-2066.458575267,"CAFI_P061",100
"17002",-0.00427526701241732,"CAFI_P061",25
"17003",-58.4518752669683,"CAFI_P061",50
"17004",304.498524733004,"CAFI_P061",100
"17005",-0.00427526701241732,"CAFI_P061",25
"17006",-422.346675266977,"CAFI_P061",50
"17007",-1538.26467526698,"CAFI_P061",100
"17008",-0.00427526701241732,"CAFI_P061",25
"17009",-2029.016175267,"CAFI_P061",50
"17010",-1352.77217526699,"CAFI_P061",100
"17011",-0.00427526701241732,"CAFI_P061",25
"17012",-321.99747526698,"CAFI_P061",50
"17013",-1763.18427526701,"CAFI_P061",100
"17014",-0.00427526701241732,"CAFI_P061",25
"17015",-2318.99447526701,"CAFI_P061",50
"17016",-1781.89477526699,"CAFI_P061",100
"17017",-0.00427526701241732,"CAFI_P061",25
"17018",-291.371775267005,"CAFI_P061",50
"17019",-998.47497526696,"CAFI_P061",100
"17020",-0.00427526701241732,"CAFI_P061",25
"17021",294.670924732985,"CAFI_P061",50
"17022",3971.47922473302,"CAFI_P061",100
"17023",-0.00427526701241732,"CAFI_P061",25
"17024",73.8697247329983,"CAFI_P061",50
"17025",928.92042473302,"CAFI_P061",100
"17026",-0.00427526701241732,"CAFI_P061",25
"17027",-1722.00227526698,"CAFI_P061",50
"17028",1142.54682473303,"CAFI_P061",100
"17029",-0.00427526701241732,"CAFI_P061",25
"17030",801.39592473302,"CAFI_P061",50
"17031",-2727.68847526697,"CAFI_P061",100
"17032",-0.00427526701241732,"CAFI_P061",25
"17033",55.6449247330311,"CAFI_P061",50
"17034",-1662.413375267,"CAFI_P061",100
"17035",-0.00427526701241732,"CAFI_P061",25
"17036",-264.717075266992,"CAFI_P061",50
"17037",3665.457924733,"CAFI_P061",100
"17038",-0.00427526701241732,"CAFI_P061",25
"17039",-876.512275266985,"CAFI_P061",50
"17040",-2974.72797526699,"CAFI_P061",100
"17041",-0.00427526701241732,"CAFI_P061",25
"17042",-438.036575266975,"CAFI_P061",50
"17043",-2449.772375267,"CAFI_P061",100
"17044",-0.00427526701241732,"CAFI_P061",25
"17045",-2623.41487526702,"CAFI_P061",50
"17046",2196.74292473303,"CAFI_P061",100
"17047",-0.00427526701241732,"CAFI_P061",25
"17048",2029.82472473301,"CAFI_P061",50
"17049",5448.09092473303,"CAFI_P061",100
"17050",-0.00427526701241732,"CAFI_P061",25
"17051",-2445.61287526699,"CAFI_P061",50
"17052",-2432.52937526698,"CAFI_P061",100
"17053",-0.00427526701241732,"CAFI_P061",25
"17054",2745.04572473303,"CAFI_P061",50
"17055",-1567.905875267,"CAFI_P061",100
"17056",-0.00427526701241732,"CAFI_P061",25
"17057",301.292024733033,"CAFI_P061",50
"17058",-2040.13097526698,"CAFI_P061",100
"17059",-0.00427526701241732,"CAFI_P061",25
"17060",1242.53972473304,"CAFI_P061",50
"17061",-2848.75927526702,"CAFI_P061",100
"17062",-0.00427526701241732,"CAFI_P061",25
"17063",-331.420375266986,"CAFI_P061",50
"17064",-2893.414575267,"CAFI_P061",100
"17065",-0.00427526701241732,"CAFI_P061",25
"17066",-421.507175266976,"CAFI_P061",50
"17067",-192.862175267015,"CAFI_P061",100
"17068",-0.00427526701241732,"CAFI_P061",25
"17069",-1519.92027526698,"CAFI_P061",50
"17070",3335.90092473303,"CAFI_P061",100
"17071",-0.00427526701241732,"CAFI_P061",25
"17072",-2042.63607526699,"CAFI_P061",50
"17073",-2682.90807526698,"CAFI_P061",100
"17074",-0.00427526701241732,"CAFI_P061",25
"17075",-69.9567752669682,"CAFI_P061",50
"17076",524.40592473303,"CAFI_P061",100
"17077",-0.00427526701241732,"CAFI_P061",25
"17078",-2258.99837526697,"CAFI_P061",50
"17079",-1215.13657526701,"CAFI_P061",100
"17080",-0.00427526701241732,"CAFI_P061",25
"17081",-2327.17527526699,"CAFI_P061",50
"17082",2299.34862473299,"CAFI_P061",100
"17083",-0.00427526701241732,"CAFI_P061",25
"17084",6084.397924733,"CAFI_P061",50
"17085",18918.911924733,"CAFI_P061",100
"17086",-0.00427526701241732,"CAFI_P061",25
"17087",-1578.39027526701,"CAFI_P061",50
"17088",-2981.01927526697,"CAFI_P061",100
"17089",-0.00427526701241732,"CAFI_P061",25
"17090",-2486.266175267,"CAFI_P061",50
"17091",-2665.68477526697,"CAFI_P061",100
"17092",-0.00427526701241732,"CAFI_P061",25
"17093",-2510.04537526699,"CAFI_P061",50
"17094",-1916.09237526701,"CAFI_P061",100
"17095",-0.00427526701241732,"CAFI_P061",25
"17096",-528.790345266985,"CAFI_P061",50
"17097",39.3959247330204,"CAFI_P061",100
"17098",-0.00427526701241732,"CAFI_P061",25
"17099",-1554.96527526696,"CAFI_P061",50
"17100",-2594.56227526697,"CAFI_P061",100
"17101",-2576.42699151501,"CAFI_P062",25
"17102",378.228118485014,"CAFI_P062",50
"17103",-4302.81089151499,"CAFI_P062",100
"17104",-558.726281515002,"CAFI_P062",25
"17105",-3833.48640151499,"CAFI_P062",50
"17106",-5420.76935151499,"CAFI_P062",100
"17107",-2460.97450151498,"CAFI_P062",25
"17108",-487.532791514997,"CAFI_P062",50
"17109",-1336.41723151499,"CAFI_P062",100
"17110",-236.463901515002,"CAFI_P062",25
"17111",-1760.27170151498,"CAFI_P062",50
"17112",-5436.235721515,"CAFI_P062",100
"17113",-2454.99310151499,"CAFI_P062",25
"17114",-1885.110301515,"CAFI_P062",50
"17115",-4783.65204151499,"CAFI_P062",100
"17116",-2050.73480151501,"CAFI_P062",25
"17117",-4618.037401515,"CAFI_P062",50
"17118",-4821.32241151499,"CAFI_P062",100
"17119",-2505.18980151499,"CAFI_P062",25
"17120",193.446598484996,"CAFI_P062",50
"17121",-4194.49370151499,"CAFI_P062",100
"17122",-2158.422701515,"CAFI_P062",25
"17123",-358.052501514991,"CAFI_P062",50
"17124",-3232.23977151499,"CAFI_P062",100
"17125",-2553.126171515,"CAFI_P062",25
"17126",609.637028485013,"CAFI_P062",50
"17127",-2624.707021515,"CAFI_P062",100
"17128",-295.547701514995,"CAFI_P062",25
"17129",-656.678051514988,"CAFI_P062",50
"17130",-4671.02660151498,"CAFI_P062",100
"17131",-506.959891514998,"CAFI_P062",25
"17132",-3002.395691515,"CAFI_P062",50
"17133",-4746.21361151501,"CAFI_P062",100
"17134",3407.88399848499,"CAFI_P062",25
"17135",-1543.51060151501,"CAFI_P062",50
"17136",-5271.53124151498,"CAFI_P062",100
"17137",-1526.93650151498,"CAFI_P062",25
"17138",-2805.66317151499,"CAFI_P062",50
"17139",-5285.01352151501,"CAFI_P062",100
"17140",450.089898484992,"CAFI_P062",25
"17141",-1628.778281515,"CAFI_P062",50
"17142",-3798.374971515,"CAFI_P062",100
"17143",-438.407001515006,"CAFI_P062",25
"17144",-3783.26860151498,"CAFI_P062",50
"17145",-5333.475631515,"CAFI_P062",100
"17146",621.380598485004,"CAFI_P062",25
"17147",-2898.80504151501,"CAFI_P062",50
"17148",-5333.878281515,"CAFI_P062",100
"17149",-501.294951514981,"CAFI_P062",25
"17150",-3051.05399151499,"CAFI_P062",50
"17151",-4703.73630151499,"CAFI_P062",100
"17152",-377.140701514989,"CAFI_P062",25
"17153",-2593.04033151499,"CAFI_P062",50
"17154",-372.602001514984,"CAFI_P062",100
"17155",-312.028501514986,"CAFI_P062",25
"17156",435.680898485007,"CAFI_P062",50
"17157",-3419.28050151499,"CAFI_P062",100
"17158",-2478.958401515,"CAFI_P062",25
"17159",-2556.677751515,"CAFI_P062",50
"17160",-536.877201514988,"CAFI_P062",100
"17161",-2176.435101515,"CAFI_P062",25
"17162",-2280.45130151499,"CAFI_P062",50
"17163",-5365.28523151501,"CAFI_P062",100
"17164",-2182.41650151499,"CAFI_P062",25
"17165",-2436.68600151499,"CAFI_P062",50
"17166",-4005.70550151498,"CAFI_P062",100
"17167",-338.093301515008,"CAFI_P062",25
"17168",-1789.217341515,"CAFI_P062",50
"17169",-4831.06640151498,"CAFI_P062",100
"17170",-345.871371515008,"CAFI_P062",25
"17171",-2798.00767151499,"CAFI_P062",50
"17172",-2103.45054151499,"CAFI_P062",100
"17173",-348.195601515006,"CAFI_P062",25
"17174",-2575.43279151499,"CAFI_P062",50
"17175",-701.081981514988,"CAFI_P062",100
"17176",-204.159301514999,"CAFI_P062",25
"17177",-3048.11759151501,"CAFI_P062",50
"17178",-4991.12613151499,"CAFI_P062",100
"17179",-2164.88380151498,"CAFI_P062",25
"17180",-751.892031514988,"CAFI_P062",50
"17181",-4973.81162151499,"CAFI_P062",100
"17182",-200.913501514995,"CAFI_P062",25
"17183",-3122.341271515,"CAFI_P062",50
"17184",-4413.96920151499,"CAFI_P062",100
"17185",-355.396871514997,"CAFI_P062",25
"17186",266.614298485016,"CAFI_P062",50
"17187",-2951.83300151498,"CAFI_P062",100
"17188",-2329.292801515,"CAFI_P062",25
"17189",-2405.79875151499,"CAFI_P062",50
"17190",-2998.230301515,"CAFI_P062",100
"17191",-521.743941514986,"CAFI_P062",25
"17192",-2497.24670151499,"CAFI_P062",50
"17193",-4430.29623151501,"CAFI_P062",100
"17194",-2079.05310151499,"CAFI_P062",25
"17195",-1588.97470151499,"CAFI_P062",50
"17196",-4940.831191515,"CAFI_P062",100
"17197",-1067.147701515,"CAFI_P062",25
"17198",-883.056371515006,"CAFI_P062",50
"17199",-5286.14768151499,"CAFI_P062",100
"17200",-185.017201515002,"CAFI_P062",25
"17201",-2563.28494151498,"CAFI_P062",50
"17202",-4828.04760151499,"CAFI_P062",100
"17203",-335.812021514983,"CAFI_P062",25
"17204",-2226.54460151499,"CAFI_P062",50
"17205",-4679.84588151501,"CAFI_P062",100
"17206",-250.583701514988,"CAFI_P062",25
"17207",-770.47895151499,"CAFI_P062",50
"17208",-3939.48223151499,"CAFI_P062",100
"17209",-2221.50330151498,"CAFI_P062",25
"17210",-2662.131781515,"CAFI_P062",50
"17211",-5472.64211151499,"CAFI_P062",100
"17212",-1879.86470151501,"CAFI_P062",25
"17213",-2513.272621515,"CAFI_P062",50
"17214",5033.91154848502,"CAFI_P062",100
"17215",-366.532541514985,"CAFI_P062",25
"17216",-2853.29922151499,"CAFI_P062",50
"17217",-2059.06911151498,"CAFI_P062",100
"17218",-2223.76980151501,"CAFI_P062",25
"17219",-2467.98700151499,"CAFI_P062",50
"17220",-2809.24470151498,"CAFI_P062",100
"17221",-355.555821515009,"CAFI_P062",25
"17222",1809.01789848501,"CAFI_P062",50
"17223",-4356.87863151499,"CAFI_P062",100
"17224",-1352.26250151498,"CAFI_P062",25
"17225",-4405.351101515,"CAFI_P062",50
"17226",-5000.27564151501,"CAFI_P062",100
"17227",-334.782031515002,"CAFI_P062",25
"17228",-2868.41525151499,"CAFI_P062",50
"17229",-3889.99373151499,"CAFI_P062",100
"17230",-511.740481515008,"CAFI_P062",25
"17231",-2719.53553151499,"CAFI_P062",50
"17232",-3568.523091515,"CAFI_P062",100
"17233",-302.190101515007,"CAFI_P062",25
"17234",-2620.130501515,"CAFI_P062",50
"17235",-3886.18786151501,"CAFI_P062",100
"17236",-1297.79070151498,"CAFI_P062",25
"17237",-2872.36860151499,"CAFI_P062",50
"17238",-3996.25374151499,"CAFI_P062",100
"17239",-1121.18970151499,"CAFI_P062",25
"17240",-1984.34300151499,"CAFI_P062",50
"17241",-5625.125131515,"CAFI_P062",100
"17242",-2509.50950151499,"CAFI_P062",25
"17243",-1906.22580151499,"CAFI_P062",50
"17244",-4966.48443151498,"CAFI_P062",100
"17245",-2221.50330151498,"CAFI_P062",25
"17246",-2061.15090151501,"CAFI_P062",50
"17247",-5137.561821515,"CAFI_P062",100
"17248",-2151.33860151499,"CAFI_P062",25
"17249",-250.489991515002,"CAFI_P062",50
"17250",-4776.66028151498,"CAFI_P062",100
"17251",-142.902501514996,"CAFI_P062",25
"17252",-2124.84790151499,"CAFI_P062",50
"17253",-4078.39720151501,"CAFI_P062",100
"17254",-1133.150701515,"CAFI_P062",25
"17255",-4766.457621515,"CAFI_P062",50
"17256",7537.84062848499,"CAFI_P062",100
"17257",-2217.41010151501,"CAFI_P062",25
"17258",-480.180101514998,"CAFI_P062",50
"17259",-2865.431301515,"CAFI_P062",100
"17260",-2257.42759151501,"CAFI_P062",25
"17261",-2323.25387151499,"CAFI_P062",50
"17262",-4052.948031515,"CAFI_P062",100
"17263",-1925.943701515,"CAFI_P062",25
"17264",-2753.312401515,"CAFI_P062",50
"17265",-3853.06290151499,"CAFI_P062",100
"17266",-473.242001514998,"CAFI_P062",25
"17267",-490.473391514999,"CAFI_P062",50
"17268",-4572.42430151498,"CAFI_P062",100
"17269",-2454.99310151499,"CAFI_P062",25
"17270",-2044.762201515,"CAFI_P062",50
"17271",-4734.952901515,"CAFI_P062",100
"17272",-520.752511514991,"CAFI_P062",25
"17273",-3456.433201515,"CAFI_P062",50
"17274",-876.135851514991,"CAFI_P062",100
"17275",-2098.66330151499,"CAFI_P062",25
"17276",-1718.90068151499,"CAFI_P062",50
"17277",-5655.99175151499,"CAFI_P062",100
"17278",-12.4431015150039,"CAFI_P062",25
"17279",-2819.05879151498,"CAFI_P062",50
"17280",-5087.944301515,"CAFI_P062",100
"17281",-524.384611515008,"CAFI_P062",25
"17282",-2431.35280151499,"CAFI_P062",50
"17283",-4998.851071515,"CAFI_P062",100
"17284",-2566.317821515,"CAFI_P062",25
"17285",-449.848611514986,"CAFI_P062",50
"17286",-5162.51390151499,"CAFI_P062",100
"17287",-482.447301515,"CAFI_P062",25
"17288",-1877.256201515,"CAFI_P062",50
"17289",-4392.288991515,"CAFI_P062",100
"17290",-215.383401514991,"CAFI_P062",25
"17291",-2708.21950151501,"CAFI_P062",50
"17292",-4645.68890151501,"CAFI_P062",100
"17293",-357.010651514982,"CAFI_P062",25
"17294",-2326.831601515,"CAFI_P062",50
"17295",-2414.781801515,"CAFI_P062",100
"17296",-2408.313701515,"CAFI_P062",25
"17297",3203.11129848502,"CAFI_P062",50
"17298",-2775.43923151499,"CAFI_P062",100
"17299",-99.2487015149964,"CAFI_P062",25
"17300",-2687.238901515,"CAFI_P062",50
"17301",-4769.978501515,"CAFI_P062",100
"17302",-357.010651514982,"CAFI_P062",25
"17303",-2589.76870151499,"CAFI_P062",50
"17304",-3972.48566151501,"CAFI_P062",100
"17305",-2505.18980151499,"CAFI_P062",25
"17306",1889.243898485,"CAFI_P062",50
"17307",-4510.79930151498,"CAFI_P062",100
"17308",-2272.21164151499,"CAFI_P062",25
"17309",-830.524321514997,"CAFI_P062",50
"17310",-5132.15580151501,"CAFI_P062",100
"17311",1336.890298485,"CAFI_P062",25
"17312",812.712398485019,"CAFI_P062",50
"17313",47.5769984849903,"CAFI_P062",100
"17314",-1904.943701515,"CAFI_P062",25
"17315",-2419.35090151499,"CAFI_P062",50
"17316",-2211.50335151498,"CAFI_P062",100
"17317",-2263.98302151499,"CAFI_P062",25
"17318",-2275.01852151498,"CAFI_P062",50
"17319",-5078.447271515,"CAFI_P062",100
"17320",-2158.422701515,"CAFI_P062",25
"17321",-4125.02650151501,"CAFI_P062",50
"17322",-3726.502451515,"CAFI_P062",100
"17323",5625.75459848501,"CAFI_P062",25
"17324",-2875.22859151498,"CAFI_P062",50
"17325",1385.438098485,"CAFI_P062",100
"17326",-2293.12808151499,"CAFI_P062",25
"17327",-2662.197981515,"CAFI_P062",50
"17328",-5457.88064151499,"CAFI_P062",100
"17329",-352.048911514983,"CAFI_P062",25
"17330",894.734298485011,"CAFI_P062",50
"17331",-4847.80980151499,"CAFI_P062",100
"17332",-1880.08320151499,"CAFI_P062",25
"17333",-818.260621514986,"CAFI_P062",50
"17334",-4321.70320151499,"CAFI_P062",100
"17335",-1978.56390151501,"CAFI_P062",25
"17336",-4774.77657151499,"CAFI_P062",50
"17337",-2784.40478151498,"CAFI_P062",100
"17338",-234.439901514997,"CAFI_P062",25
"17339",-2813.024711515,"CAFI_P062",50
"17340",-3971.51477151501,"CAFI_P062",100
"17341",547.168698485009,"CAFI_P062",25
"17342",-2340.903591515,"CAFI_P062",50
"17343",-5400.584371515,"CAFI_P062",100
"17344",-2257.121901515,"CAFI_P062",25
"17345",2179.664198485,"CAFI_P062",50
"17346",-5079.17623151498,"CAFI_P062",100
"17347",-2377.221301515,"CAFI_P062",25
"17348",-1082.102901515,"CAFI_P062",50
"17349",-4111.59017151498,"CAFI_P062",100
"17350",739.857598485018,"CAFI_P062",25
"17351",-2981.13220151499,"CAFI_P062",50
"17352",-5648.71068151499,"CAFI_P062",100
"17353",-2457.07870151498,"CAFI_P062",25
"17354",-2818.99860151499,"CAFI_P062",50
"17355",-4933.866581515,"CAFI_P062",100
"17356",-2549.22033151498,"CAFI_P062",25
"17357",-1082.68850151499,"CAFI_P062",50
"17358",-5296.61701151499,"CAFI_P062",100
"17359",-2437.91680151501,"CAFI_P062",25
"17360",-2369.23841151499,"CAFI_P062",50
"17361",-5370.10503151501,"CAFI_P062",100
"17362",392.234798485006,"CAFI_P062",25
"17363",-1976.68540151499,"CAFI_P062",50
"17364",-2766.36370151499,"CAFI_P062",100
"17365",-2045.11290151501,"CAFI_P062",25
"17366",-1804.17041151499,"CAFI_P062",50
"17367",-5166.573421515,"CAFI_P062",100
"17368",-1978.56390151501,"CAFI_P062",25
"17369",-2787.585751515,"CAFI_P062",50
"17370",-4766.236791515,"CAFI_P062",100
"17371",-2055.23390151499,"CAFI_P062",25
"17372",1413.91989848501,"CAFI_P062",50
"17373",-2762.56970151499,"CAFI_P062",100
"17374",-2041.468801515,"CAFI_P062",25
"17375",-1740.638501515,"CAFI_P062",50
"17376",-5460.42699151501,"CAFI_P062",100
"17377",-506.088861514989,"CAFI_P062",25
"17378",-2756.907081515,"CAFI_P062",50
"17379",-5542.677751515,"CAFI_P062",100
"17380",-2256.556561515,"CAFI_P062",25
"17381",-369.611701515008,"CAFI_P062",50
"17382",-1854.18420151499,"CAFI_P062",100
"17383",-26.3558015149902,"CAFI_P062",25
"17384",-2628.83962151498,"CAFI_P062",50
"17385",-4992.11151151499,"CAFI_P062",100
"17386",1336.890298485,"CAFI_P062",25
"17387",709.416828485002,"CAFI_P062",50
"17388",-4840.900801515,"CAFI_P062",100
"17389",-1880.08320151499,"CAFI_P062",25
"17390",-2641.953351515,"CAFI_P062",50
"17391",-4899.245801515,"CAFI_P062",100
"17392",-2471.18040151498,"CAFI_P062",25
"17393",-4027.887091515,"CAFI_P062",50
"17394",-3677.50311151499,"CAFI_P062",100
"17395",-293.325101514987,"CAFI_P062",25
"17396",-1707.636701515,"CAFI_P062",50
"17397",-4977.80740151499,"CAFI_P062",100
"17398",-1876.225501515,"CAFI_P062",25
"17399",-2840.23300151501,"CAFI_P062",50
"17400",-4539.990071515,"CAFI_P062",100
"17401",-36.0190315599903,"CAFI_P063",25
"17402",-1816.89823155999,"CAFI_P063",50
"17403",601.600818439998,"CAFI_P063",100
"17404",2187.63104844,"CAFI_P063",25
"17405",-1452.13229156,"CAFI_P063",50
"17406",10047.11343844,"CAFI_P063",100
"17407",1708.00956844,"CAFI_P063",25
"17408",-1113.21083155999,"CAFI_P063",50
"17409",1040.79566844,"CAFI_P063",100
"17410",5056.48616844002,"CAFI_P063",25
"17411",840.78651844,"CAFI_P063",50
"17412",3753.21359844002,"CAFI_P063",100
"17413",-1666.46964155999,"CAFI_P063",25
"17414",1734.69736844001,"CAFI_P063",50
"17415",-660.176231559977,"CAFI_P063",100
"17416",-780.020511559997,"CAFI_P063",25
"17417",73.9766684400092,"CAFI_P063",50
"17418",7123.45897844,"CAFI_P063",100
"17419",3965.72727844,"CAFI_P063",25
"17420",-1081.08831155999,"CAFI_P063",50
"17421",-370.822211559978,"CAFI_P063",100
"17422",-30.2360715599789,"CAFI_P063",25
"17423",229.945668440021,"CAFI_P063",50
"17424",84.8949684399995,"CAFI_P063",100
"17425",-893.56723155998,"CAFI_P063",25
"17426",3257.68586844002,"CAFI_P063",50
"17427",17003.86462844,"CAFI_P063",100
"17428",-1345.57363155999,"CAFI_P063",25
"17429",812.198468440009,"CAFI_P063",50
"17430",3759.51024844,"CAFI_P063",100
"17431",6142.11486844003,"CAFI_P063",25
"17432",-1458.24023155999,"CAFI_P063",50
"17433",683.36086844001,"CAFI_P063",100
"17434",5849.44916844001,"CAFI_P063",25
"17435",-2007.74685155999,"CAFI_P063",50
"17436",-1891.37848155998,"CAFI_P063",100
"17437",-951.675301559997,"CAFI_P063",25
"17438",-702.576641559979,"CAFI_P063",50
"17439",-2270.23290156,"CAFI_P063",100
"17440",835.112798440008,"CAFI_P063",25
"17441",-1138.67138155998,"CAFI_P063",50
"17442",20896.07619844,"CAFI_P063",100
"17443",-950.224731559982,"CAFI_P063",25
"17444",4.90016844001366,"CAFI_P063",50
"17445",9747.99808844001,"CAFI_P063",100
"17446",7.418768440024,"CAFI_P063",25
"17447",1929.06109844,"CAFI_P063",50
"17448",-273.692751559982,"CAFI_P063",100
"17449",-786.347331559984,"CAFI_P063",25
"17450",-1467.03539156,"CAFI_P063",50
"17451",-568.704421559989,"CAFI_P063",100
"17452",6039.83596844002,"CAFI_P063",25
"17453",175.764498440025,"CAFI_P063",50
"17454",-1472.94300155999,"CAFI_P063",100
"17455",-378.594331559987,"CAFI_P063",25
"17456",10771.47086844,"CAFI_P063",50
"17457",1534.53970844002,"CAFI_P063",100
"17458",394.802468440001,"CAFI_P063",25
"17459",-1462.40958156,"CAFI_P063",50
"17460",19077.43805844,"CAFI_P063",100
"17461",-366.866831559979,"CAFI_P063",25
"17462",6376.92876844,"CAFI_P063",50
"17463",-526.637801559991,"CAFI_P063",100
"17464",1771.42311844,"CAFI_P063",25
"17465",-2306.04340155999,"CAFI_P063",50
"17466",11949.82893844,"CAFI_P063",100
"17467",763.994768440025,"CAFI_P063",25
"17468",3019.37391844002,"CAFI_P063",50
"17469",4215.34621844001,"CAFI_P063",100
"17470",256.567668440024,"CAFI_P063",25
"17471",3720.36455844002,"CAFI_P063",50
"17472",6148.35811844002,"CAFI_P063",100
"17473",1112.64126844,"CAFI_P063",25
"17474",-963.923331559985,"CAFI_P063",50
"17475",-1895.14152156,"CAFI_P063",100
"17476",-164.510931559984,"CAFI_P063",25
"17477",-723.608731560002,"CAFI_P063",50
"17478",297.262488439999,"CAFI_P063",100
"17479",-1905.15691155999,"CAFI_P063",25
"17480",381.669948440016,"CAFI_P063",50
"17481",-541.125451559987,"CAFI_P063",100
"17482",-704.427031559986,"CAFI_P063",25
"17483",4464.31733844001,"CAFI_P063",50
"17484",7159.05166844002,"CAFI_P063",100
"17485",-175.841171559994,"CAFI_P063",25
"17486",4865.00042844002,"CAFI_P063",50
"17487",-2752.98253156,"CAFI_P063",100
"17488",-934.16045155999,"CAFI_P063",25
"17489",-721.543161559995,"CAFI_P063",50
"17490",-1599.53030155998,"CAFI_P063",100
"17491",-1496.44913155999,"CAFI_P063",25
"17492",791.746338440018,"CAFI_P063",50
"17493",4942.40066844001,"CAFI_P063",100
"17494",-299.336051559978,"CAFI_P063",25
"17495",591.56809844001,"CAFI_P063",50
"17496",936.23546844002,"CAFI_P063",100
"17497",428.698968440003,"CAFI_P063",25
"17498",4809.28213844,"CAFI_P063",50
"17499",7564.79916844002,"CAFI_P063",100
"17500",3512.68166844003,"CAFI_P063",25
"17501",4138.40476844,"CAFI_P063",50
"17502",517.218398440018,"CAFI_P063",100
"17503",-1747.04655155999,"CAFI_P063",25
"17504",-1513.96157155998,"CAFI_P063",50
"17505",-842.860961559985,"CAFI_P063",100
"17506",-378.805111559981,"CAFI_P063",25
"17507",1277.11240844001,"CAFI_P063",50
"17508",-2528.43776156,"CAFI_P063",100
"17509",-92.2296315599815,"CAFI_P063",25
"17510",3992.39043844002,"CAFI_P063",50
"17511",1790.98678844,"CAFI_P063",100
"17512",481.638458440022,"CAFI_P063",25
"17513",-1769.13796155999,"CAFI_P063",50
"17514",-1779.23751156,"CAFI_P063",100
"17515",639.869418440008,"CAFI_P063",25
"17516",-135.092501559993,"CAFI_P063",50
"17517",-1888.24132156,"CAFI_P063",100
"17518",-598.817511559988,"CAFI_P063",25
"17519",289.989268439997,"CAFI_P063",50
"17520",-1425.24613155998,"CAFI_P063",100
"17521",263.405368439999,"CAFI_P063",25
"17522",-23.7614515599853,"CAFI_P063",50
"17523",14938.75537844,"CAFI_P063",100
"17524",-754.622731559997,"CAFI_P063",25
"17525",1938.44776844,"CAFI_P063",50
"17526",-1352.79023155998,"CAFI_P063",100
"17527",-461.266031559993,"CAFI_P063",25
"17528",-823.59265156,"CAFI_P063",50
"17529",1855.90586844002,"CAFI_P063",100
"17530",1479.96419844002,"CAFI_P063",25
"17531",6123.79036844001,"CAFI_P063",50
"17532",19351.83976844,"CAFI_P063",100
"17533",-587.124931559985,"CAFI_P063",25
"17534",-1232.61093155999,"CAFI_P063",50
"17535",722.018488440022,"CAFI_P063",100
"17536",-993.430801559996,"CAFI_P063",25
"17537",-1564.46113155998,"CAFI_P063",50
"17538",4193.41636844,"CAFI_P063",100
"17539",599.963168440008,"CAFI_P063",25
"17540",2429.47256844002,"CAFI_P063",50
"17541",-988.009281559993,"CAFI_P063",100
"17542",6476.75726844001,"CAFI_P063",25
"17543",3382.92001844003,"CAFI_P063",50
"17544",4519.70532844,"CAFI_P063",100
"17545",46.7135484400205,"CAFI_P063",25
"17546",1131.52227844001,"CAFI_P063",50
"17547",7935.14357844001,"CAFI_P063",100
"17548",572.914968440018,"CAFI_P063",25
"17549",2195.19926844002,"CAFI_P063",50
"17550",3398.98908844002,"CAFI_P063",100
"17551",-1070.82713155998,"CAFI_P063",25
"17552",-1092.23383155998,"CAFI_P063",50
"17553",7152.15093844,"CAFI_P063",100
"17554",3146.01526844001,"CAFI_P063",25
"17555",51.5685684400087,"CAFI_P063",50
"17556",4689.41276844,"CAFI_P063",100
"17557",-398.537231559982,"CAFI_P063",25
"17558",-1516.05835156,"CAFI_P063",50
"17559",5460.01565844001,"CAFI_P063",100
"17560",-946.786321559979,"CAFI_P063",25
"17561",5532.22308844002,"CAFI_P063",50
"17562",-1744.22361155998,"CAFI_P063",100
"17563",-708.398831559985,"CAFI_P063",25
"17564",2373.44573844,"CAFI_P063",50
"17565",9533.18585844,"CAFI_P063",100
"17566",11820.25786844,"CAFI_P063",25
"17567",-750.662631560001,"CAFI_P063",50
"17568",14236.06161844,"CAFI_P063",100
"17569",-1180.74573155999,"CAFI_P063",25
"17570",-208.851331559999,"CAFI_P063",50
"17571",-1157.67461155998,"CAFI_P063",100
"17572",-1135.04693155998,"CAFI_P063",25
"17573",1025.30436844,"CAFI_P063",50
"17574",5049.68246844001,"CAFI_P063",100
"17575",-620.496011559997,"CAFI_P063",25
"17576",-222.203631559998,"CAFI_P063",50
"17577",2669.87114844,"CAFI_P063",100
"17578",4624.32286844001,"CAFI_P063",25
"17579",78.665998440003,"CAFI_P063",50
"17580",674.00976844001,"CAFI_P063",100
"17581",-264.874991559976,"CAFI_P063",25
"17582",-944.163181559998,"CAFI_P063",50
"17583",1713.93940844,"CAFI_P063",100
"17584",-351.426931559981,"CAFI_P063",25
"17585",-477.087631559989,"CAFI_P063",50
"17586",5113.68766844002,"CAFI_P063",100
"17587",-1372.15233155998,"CAFI_P063",25
"17588",2751.40881844002,"CAFI_P063",50
"17589",794.166968439997,"CAFI_P063",100
"17590",1407.08289844001,"CAFI_P063",25
"17591",7425.17246844003,"CAFI_P063",50
"17592",-1732.58779155998,"CAFI_P063",100
"17593",492.861088439997,"CAFI_P063",25
"17594",-1676.06273156,"CAFI_P063",50
"17595",393.305868440017,"CAFI_P063",100
"17596",811.398268440011,"CAFI_P063",25
"17597",7344.90816844002,"CAFI_P063",50
"17598",969.450998440007,"CAFI_P063",100
"17599",2811.90126844001,"CAFI_P063",25
"17600",4235.96511844001,"CAFI_P063",50
"17601",-844.66403155998,"CAFI_P063",100
"17602",1528.99943844002,"CAFI_P063",25
"17603",-980.041331560002,"CAFI_P063",50
"17604",677.953738440003,"CAFI_P063",100
"17605",59.8373884400062,"CAFI_P063",25
"17606",211.564168440003,"CAFI_P063",50
"17607",6111.27173844,"CAFI_P063",100
"17608",-667.986431559984,"CAFI_P063",25
"17609",8054.61316844,"CAFI_P063",50
"17610",-2291.42184155999,"CAFI_P063",100
"17611",1771.47958844001,"CAFI_P063",25
"17612",251.959868439997,"CAFI_P063",50
"17613",-1615.66643155998,"CAFI_P063",100
"17614",-1662.46197156,"CAFI_P063",25
"17615",-2319.07623156,"CAFI_P063",50
"17616",144.808488440001,"CAFI_P063",100
"17617",886.680168440012,"CAFI_P063",25
"17618",2468.08796844,"CAFI_P063",50
"17619",3542.90405844001,"CAFI_P063",100
"17620",-329.302051559993,"CAFI_P063",25
"17621",8366.77876844001,"CAFI_P063",50
"17622",647.91396844,"CAFI_P063",100
"17623",-230.059031559998,"CAFI_P063",25
"17624",-1508.89411155999,"CAFI_P063",50
"17625",2430.81527844002,"CAFI_P063",100
"17626",856.071468440001,"CAFI_P063",25
"17627",-2323.01871156,"CAFI_P063",50
"17628",13277.21062844,"CAFI_P063",100
"17629",-514.614781559998,"CAFI_P063",25
"17630",-108.236951559986,"CAFI_P063",50
"17631",9779.57499844002,"CAFI_P063",100
"17632",-368.625731559994,"CAFI_P063",25
"17633",3052.10446844,"CAFI_P063",50
"17634",-1707.71111156,"CAFI_P063",100
"17635",-842.943131559994,"CAFI_P063",25
"17636",-540.777951559983,"CAFI_P063",50
"17637",-1027.76465155999,"CAFI_P063",100
"17638",12438.42756844,"CAFI_P063",25
"17639",-907.825011559995,"CAFI_P063",50
"17640",10083.42146844,"CAFI_P063",100
"17641",3124.47656844,"CAFI_P063",25
"17642",396.02141844001,"CAFI_P063",50
"17643",8705.56949844002,"CAFI_P063",100
"17644",888.436868440011,"CAFI_P063",25
"17645",-3006.88183155999,"CAFI_P063",50
"17646",5130.50688844002,"CAFI_P063",100
"17647",451.432368440001,"CAFI_P063",25
"17648",-1217.71995155999,"CAFI_P063",50
"17649",-945.380031559995,"CAFI_P063",100
"17650",-283.182651559997,"CAFI_P063",25
"17651",3298.17446844,"CAFI_P063",50
"17652",1322.54718844002,"CAFI_P063",100
"17653",285.432368440001,"CAFI_P063",25
"17654",2028.64336844001,"CAFI_P063",50
"17655",148.917988440022,"CAFI_P063",100
"17656",798.351668440009,"CAFI_P063",25
"17657",-2218.08694156,"CAFI_P063",50
"17658",-139.266391559999,"CAFI_P063",100
"17659",-1520.33333155999,"CAFI_P063",25
"17660",1711.41416844001,"CAFI_P063",50
"17661",-2135.57377155998,"CAFI_P063",100
"17662",-328.114331559977,"CAFI_P063",25
"17663",4293.56648844,"CAFI_P063",50
"17664",-311.845871559985,"CAFI_P063",100
"17665",64.7366684400185,"CAFI_P063",25
"17666",-1367.22833155998,"CAFI_P063",50
"17667",2094.76946844,"CAFI_P063",100
"17668",-562.256411559996,"CAFI_P063",25
"17669",6288.95856844002,"CAFI_P063",50
"17670",4216.99377844002,"CAFI_P063",100
"17671",552.22566844002,"CAFI_P063",25
"17672",4080.41083844,"CAFI_P063",50
"17673",338.466168440005,"CAFI_P063",100
"17674",1450.45636844001,"CAFI_P063",25
"17675",1773.85316844002,"CAFI_P063",50
"17676",12715.37274844,"CAFI_P063",100
"17677",134.407968440006,"CAFI_P063",25
"17678",4726.43763844002,"CAFI_P063",50
"17679",13682.59446844,"CAFI_P063",100
"17680",2941.45796844002,"CAFI_P063",25
"17681",4040.89816844001,"CAFI_P063",50
"17682",1964.45308844,"CAFI_P063",100
"17683",4921.05926844,"CAFI_P063",25
"17684",-826.280131559994,"CAFI_P063",50
"17685",-1757.77223156,"CAFI_P063",100
"17686",3492.32706844,"CAFI_P063",25
"17687",189.054568440013,"CAFI_P063",50
"17688",8844.86428844,"CAFI_P063",100
"17689",-1478.69783155998,"CAFI_P063",25
"17690",-1396.00414156,"CAFI_P063",50
"17691",11113.11156844,"CAFI_P063",100
"17692",88.3802384400042,"CAFI_P063",25
"17693",12637.03258844,"CAFI_P063",50
"17694",-2215.71310155999,"CAFI_P063",100
"17695",-333.10603155999,"CAFI_P063",25
"17696",173.511638440017,"CAFI_P063",50
"17697",205.068668440013,"CAFI_P063",100
"17698",-1278.37221156,"CAFI_P063",25
"17699",-1756.31373155999,"CAFI_P063",50
"17700",-2297.28003155999,"CAFI_P063",100
"17701",0.00313885096693411,"CAFI_P064",25
"17702",0.00313885096693411,"CAFI_P064",50
"17703",-727.884661149001,"CAFI_P064",100
"17704",0.00313885096693411,"CAFI_P064",25
"17705",0.00313885096693411,"CAFI_P064",50
"17706",-1926.48126114905,"CAFI_P064",100
"17707",0.00313885096693411,"CAFI_P064",25
"17708",0.00313885096693411,"CAFI_P064",50
"17709",-63.666061149037,"CAFI_P064",100
"17710",0.00313885096693411,"CAFI_P064",25
"17711",0.00313885096693411,"CAFI_P064",50
"17712",755.536638850986,"CAFI_P064",100
"17713",0.00313885096693411,"CAFI_P064",25
"17714",0.00313885096693411,"CAFI_P064",50
"17715",-2859.11481114902,"CAFI_P064",100
"17716",0.00313885096693411,"CAFI_P064",25
"17717",0.00313885096693411,"CAFI_P064",50
"17718",207.570538850967,"CAFI_P064",100
"17719",0.00313885096693411,"CAFI_P064",25
"17720",0.00313885096693411,"CAFI_P064",50
"17721",-15.6059611490346,"CAFI_P064",100
"17722",0.00313885096693411,"CAFI_P064",25
"17723",0.00313885096693411,"CAFI_P064",50
"17724",74.7448788509937,"CAFI_P064",100
"17725",0.00313885096693411,"CAFI_P064",25
"17726",0.00313885096693411,"CAFI_P064",50
"17727",366.363538850972,"CAFI_P064",100
"17728",0.00313885096693411,"CAFI_P064",25
"17729",0.00313885096693411,"CAFI_P064",50
"17730",212.49013885099,"CAFI_P064",100
"17731",0.00313885096693411,"CAFI_P064",25
"17732",0.00313885096693411,"CAFI_P064",50
"17733",14675.026038851,"CAFI_P064",100
"17734",0.00313885096693411,"CAFI_P064",25
"17735",0.00313885096693411,"CAFI_P064",50
"17736",-890.685161149013,"CAFI_P064",100
"17737",0.00313885096693411,"CAFI_P064",25
"17738",0.00313885096693411,"CAFI_P064",50
"17739",-14760.382191149,"CAFI_P064",100
"17740",0.00313885096693411,"CAFI_P064",25
"17741",0.00313885096693411,"CAFI_P064",50
"17742",169.428738850984,"CAFI_P064",100
"17743",0.00313885096693411,"CAFI_P064",25
"17744",0.00313885096693411,"CAFI_P064",50
"17745",10405.965738851,"CAFI_P064",100
"17746",0.00313885096693411,"CAFI_P064",25
"17747",0.00313885096693411,"CAFI_P064",50
"17748",238.810338851006,"CAFI_P064",100
"17749",0.00313885096693411,"CAFI_P064",25
"17750",0.00313885096693411,"CAFI_P064",50
"17751",48.7491388509516,"CAFI_P064",100
"17752",0.00313885096693411,"CAFI_P064",25
"17753",0.00313885096693411,"CAFI_P064",50
"17754",100.205828850972,"CAFI_P064",100
"17755",0.00313885096693411,"CAFI_P064",25
"17756",0.00313885096693411,"CAFI_P064",50
"17757",-54.4575111489976,"CAFI_P064",100
"17758",0.00313885096693411,"CAFI_P064",25
"17759",0.00313885096693411,"CAFI_P064",50
"17760",4529.28063885099,"CAFI_P064",100
"17761",0.00313885096693411,"CAFI_P064",25
"17762",0.00313885096693411,"CAFI_P064",50
"17763",448.900438850978,"CAFI_P064",100
"17764",0.00313885096693411,"CAFI_P064",25
"17765",0.00313885096693411,"CAFI_P064",50
"17766",-461.333261149004,"CAFI_P064",100
"17767",0.00313885096693411,"CAFI_P064",25
"17768",0.00313885096693411,"CAFI_P064",50
"17769",-2.21319114899961,"CAFI_P064",100
"17770",0.00313885096693411,"CAFI_P064",25
"17771",0.00313885096693411,"CAFI_P064",50
"17772",-7.04816114902496,"CAFI_P064",100
"17773",0.00313885096693411,"CAFI_P064",25
"17774",0.00313885096693411,"CAFI_P064",50
"17775",-5881.09376114904,"CAFI_P064",100
"17776",0.00313885096693411,"CAFI_P064",25
"17777",0.00313885096693411,"CAFI_P064",50
"17778",-784.429961148999,"CAFI_P064",100
"17779",0.00313885096693411,"CAFI_P064",25
"17780",0.00313885096693411,"CAFI_P064",50
"17781",-3430.77836114902,"CAFI_P064",100
"17782",0.00313885096693411,"CAFI_P064",25
"17783",0.00313885096693411,"CAFI_P064",50
"17784",98.8023388509755,"CAFI_P064",100
"17785",0.00313885096693411,"CAFI_P064",25
"17786",0.00313885096693411,"CAFI_P064",50
"17787",215.333438850997,"CAFI_P064",100
"17788",0.00313885096693411,"CAFI_P064",25
"17789",0.00313885096693411,"CAFI_P064",50
"17790",6817.86383885099,"CAFI_P064",100
"17791",0.00313885096693411,"CAFI_P064",25
"17792",0.00313885096693411,"CAFI_P064",50
"17793",89.8123388509848,"CAFI_P064",100
"17794",0.00313885096693411,"CAFI_P064",25
"17795",0.00313885096693411,"CAFI_P064",50
"17796",-79.7436411490198,"CAFI_P064",100
"17797",0.00313885096693411,"CAFI_P064",25
"17798",0.00313885096693411,"CAFI_P064",50
"17799",555.539038850984,"CAFI_P064",100
"17800",0.00313885096693411,"CAFI_P064",25
"17801",0.00313885096693411,"CAFI_P064",50
"17802",137.451338850951,"CAFI_P064",100
"17803",0.00313885096693411,"CAFI_P064",25
"17804",0.00313885096693411,"CAFI_P064",50
"17805",-49.6220611490426,"CAFI_P064",100
"17806",0.00313885096693411,"CAFI_P064",25
"17807",0.00313885096693411,"CAFI_P064",50
"17808",-1642.55396114901,"CAFI_P064",100
"17809",0.00313885096693411,"CAFI_P064",25
"17810",0.00313885096693411,"CAFI_P064",50
"17811",1239.07643885096,"CAFI_P064",100
"17812",0.00313885096693411,"CAFI_P064",25
"17813",0.00313885096693411,"CAFI_P064",50
"17814",4497.61973885098,"CAFI_P064",100
"17815",0.00313885096693411,"CAFI_P064",25
"17816",0.00313885096693411,"CAFI_P064",50
"17817",-192.422061149031,"CAFI_P064",100
"17818",0.00313885096693411,"CAFI_P064",25
"17819",0.00313885096693411,"CAFI_P064",50
"17820",-4751.92176114902,"CAFI_P064",100
"17821",0.00313885096693411,"CAFI_P064",25
"17822",0.00313885096693411,"CAFI_P064",50
"17823",-781.514401149005,"CAFI_P064",100
"17824",0.00313885096693411,"CAFI_P064",25
"17825",0.00313885096693411,"CAFI_P064",50
"17826",-162.620291149011,"CAFI_P064",100
"17827",0.00313885096693411,"CAFI_P064",25
"17828",0.00313885096693411,"CAFI_P064",50
"17829",-5908.49476114899,"CAFI_P064",100
"17830",0.00313885096693411,"CAFI_P064",25
"17831",0.00313885096693411,"CAFI_P064",50
"17832",5289.934038851,"CAFI_P064",100
"17833",0.00313885096693411,"CAFI_P064",25
"17834",0.00313885096693411,"CAFI_P064",50
"17835",-228.096491149045,"CAFI_P064",100
"17836",0.00313885096693411,"CAFI_P064",25
"17837",0.00313885096693411,"CAFI_P064",50
"17838",-317.912861149001,"CAFI_P064",100
"17839",0.00313885096693411,"CAFI_P064",25
"17840",0.00313885096693411,"CAFI_P064",50
"17841",-8557.999861149,"CAFI_P064",100
"17842",0.00313885096693411,"CAFI_P064",25
"17843",0.00313885096693411,"CAFI_P064",50
"17844",45.5061288509751,"CAFI_P064",100
"17845",0.00313885096693411,"CAFI_P064",25
"17846",0.00313885096693411,"CAFI_P064",50
"17847",-63.275361149048,"CAFI_P064",100
"17848",0.00313885096693411,"CAFI_P064",25
"17849",0.00313885096693411,"CAFI_P064",50
"17850",-6850.184961149,"CAFI_P064",100
"17851",0.00313885096693411,"CAFI_P064",25
"17852",0.00313885096693411,"CAFI_P064",50
"17853",-1794.69336114899,"CAFI_P064",100
"17854",0.00313885096693411,"CAFI_P064",25
"17855",0.00313885096693411,"CAFI_P064",50
"17856",-4129.388361149,"CAFI_P064",100
"17857",0.00313885096693411,"CAFI_P064",25
"17858",0.00313885096693411,"CAFI_P064",50
"17859",83.3488388509722,"CAFI_P064",100
"17860",0.00313885096693411,"CAFI_P064",25
"17861",0.00313885096693411,"CAFI_P064",50
"17862",-335.888061149046,"CAFI_P064",100
"17863",0.00313885096693411,"CAFI_P064",25
"17864",0.00313885096693411,"CAFI_P064",50
"17865",2272.30943885096,"CAFI_P064",100
"17866",0.00313885096693411,"CAFI_P064",25
"17867",0.00313885096693411,"CAFI_P064",50
"17868",-10.4770111489925,"CAFI_P064",100
"17869",0.00313885096693411,"CAFI_P064",25
"17870",0.00313885096693411,"CAFI_P064",50
"17871",-5.01216114900308,"CAFI_P064",100
"17872",0.00313885096693411,"CAFI_P064",25
"17873",0.00313885096693411,"CAFI_P064",50
"17874",-2845.73806114902,"CAFI_P064",100
"17875",0.00313885096693411,"CAFI_P064",25
"17876",0.00313885096693411,"CAFI_P064",50
"17877",96.0974588509998,"CAFI_P064",100
"17878",0.00313885096693411,"CAFI_P064",25
"17879",0.00313885096693411,"CAFI_P064",50
"17880",32.861968851008,"CAFI_P064",100
"17881",0.00313885096693411,"CAFI_P064",25
"17882",0.00313885096693411,"CAFI_P064",50
"17883",221.545238850988,"CAFI_P064",100
"17884",0.00313885096693411,"CAFI_P064",25
"17885",0.00313885096693411,"CAFI_P064",50
"17886",-756.944961149013,"CAFI_P064",100
"17887",0.00313885096693411,"CAFI_P064",25
"17888",0.00313885096693411,"CAFI_P064",50
"17889",3009.11823885096,"CAFI_P064",100
"17890",0.00313885096693411,"CAFI_P064",25
"17891",0.00313885096693411,"CAFI_P064",50
"17892",1.88323885097634,"CAFI_P064",100
"17893",0.00313885096693411,"CAFI_P064",25
"17894",0.00313885096693411,"CAFI_P064",50
"17895",274.478838850977,"CAFI_P064",100
"17896",0.00313885096693411,"CAFI_P064",25
"17897",0.00313885096693411,"CAFI_P064",50
"17898",4575.436338851,"CAFI_P064",100
"17899",0.00313885096693411,"CAFI_P064",25
"17900",0.00313885096693411,"CAFI_P064",50
"17901",41.0889388509677,"CAFI_P064",100
"17902",0.00313885096693411,"CAFI_P064",25
"17903",0.00313885096693411,"CAFI_P064",50
"17904",-2344.06146114902,"CAFI_P064",100
"17905",0.00313885096693411,"CAFI_P064",25
"17906",0.00313885096693411,"CAFI_P064",50
"17907",-2434.09264114901,"CAFI_P064",100
"17908",0.00313885096693411,"CAFI_P064",25
"17909",0.00313885096693411,"CAFI_P064",50
"17910",-111.042461149045,"CAFI_P064",100
"17911",0.00313885096693411,"CAFI_P064",25
"17912",0.00313885096693411,"CAFI_P064",50
"17913",559.809638850973,"CAFI_P064",100
"17914",0.00313885096693411,"CAFI_P064",25
"17915",0.00313885096693411,"CAFI_P064",50
"17916",-3142.77296114899,"CAFI_P064",100
"17917",0.00313885096693411,"CAFI_P064",25
"17918",0.00313885096693411,"CAFI_P064",50
"17919",10431.462138851,"CAFI_P064",100
"17920",0.00313885096693411,"CAFI_P064",25
"17921",0.00313885096693411,"CAFI_P064",50
"17922",257.901238850958,"CAFI_P064",100
"17923",0.00313885096693411,"CAFI_P064",25
"17924",0.00313885096693411,"CAFI_P064",50
"17925",668.948738851002,"CAFI_P064",100
"17926",0.00313885096693411,"CAFI_P064",25
"17927",0.00313885096693411,"CAFI_P064",50
"17928",-194.475061149045,"CAFI_P064",100
"17929",0.00313885096693411,"CAFI_P064",25
"17930",0.00313885096693411,"CAFI_P064",50
"17931",2058.85535885097,"CAFI_P064",100
"17932",0.00313885096693411,"CAFI_P064",25
"17933",0.00313885096693411,"CAFI_P064",50
"17934",-3462.28456114902,"CAFI_P064",100
"17935",0.00313885096693411,"CAFI_P064",25
"17936",0.00313885096693411,"CAFI_P064",50
"17937",1395.48313885101,"CAFI_P064",100
"17938",0.00313885096693411,"CAFI_P064",25
"17939",0.00313885096693411,"CAFI_P064",50
"17940",-846.669461149024,"CAFI_P064",100
"17941",0.00313885096693411,"CAFI_P064",25
"17942",0.00313885096693411,"CAFI_P064",50
"17943",1231.895938851,"CAFI_P064",100
"17944",0.00313885096693411,"CAFI_P064",25
"17945",0.00313885096693411,"CAFI_P064",50
"17946",115.658538850956,"CAFI_P064",100
"17947",0.00313885096693411,"CAFI_P064",25
"17948",0.00313885096693411,"CAFI_P064",50
"17949",9.39253885095241,"CAFI_P064",100
"17950",0.00313885096693411,"CAFI_P064",25
"17951",0.00313885096693411,"CAFI_P064",50
"17952",28.2619388509775,"CAFI_P064",100
"17953",0.00313885096693411,"CAFI_P064",25
"17954",0.00313885096693411,"CAFI_P064",50
"17955",-5103.23456114903,"CAFI_P064",100
"17956",0.00313885096693411,"CAFI_P064",25
"17957",0.00313885096693411,"CAFI_P064",50
"17958",-495.438061149034,"CAFI_P064",100
"17959",0.00313885096693411,"CAFI_P064",25
"17960",0.00313885096693411,"CAFI_P064",50
"17961",-9460.32286114903,"CAFI_P064",100
"17962",0.00313885096693411,"CAFI_P064",25
"17963",0.00313885096693411,"CAFI_P064",50
"17964",2088.458538851,"CAFI_P064",100
"17965",0.00313885096693411,"CAFI_P064",25
"17966",0.00313885096693411,"CAFI_P064",50
"17967",477.507838850957,"CAFI_P064",100
"17968",0.00313885096693411,"CAFI_P064",25
"17969",0.00313885096693411,"CAFI_P064",50
"17970",-635.377151149034,"CAFI_P064",100
"17971",0.00313885096693411,"CAFI_P064",25
"17972",0.00313885096693411,"CAFI_P064",50
"17973",4999.307738851,"CAFI_P064",100
"17974",0.00313885096693411,"CAFI_P064",25
"17975",0.00313885096693411,"CAFI_P064",50
"17976",255.791638850991,"CAFI_P064",100
"17977",0.00313885096693411,"CAFI_P064",25
"17978",0.00313885096693411,"CAFI_P064",50
"17979",-255.923361149034,"CAFI_P064",100
"17980",0.00313885096693411,"CAFI_P064",25
"17981",0.00313885096693411,"CAFI_P064",50
"17982",-1092.35264114902,"CAFI_P064",100
"17983",0.00313885096693411,"CAFI_P064",25
"17984",0.00313885096693411,"CAFI_P064",50
"17985",-519.744261149026,"CAFI_P064",100
"17986",0.00313885096693411,"CAFI_P064",25
"17987",0.00313885096693411,"CAFI_P064",50
"17988",-132.105961149035,"CAFI_P064",100
"17989",0.00313885096693411,"CAFI_P064",25
"17990",0.00313885096693411,"CAFI_P064",50
"17991",250.216688850953,"CAFI_P064",100
"17992",0.00313885096693411,"CAFI_P064",25
"17993",0.00313885096693411,"CAFI_P064",50
"17994",62.7412388509838,"CAFI_P064",100
"17995",0.00313885096693411,"CAFI_P064",25
"17996",0.00313885096693411,"CAFI_P064",50
"17997",-1037.742461149,"CAFI_P064",100
"17998",0.00313885096693411,"CAFI_P064",25
"17999",0.00313885096693411,"CAFI_P064",50
"18000",3400.342038851,"CAFI_P064",100
"18001",-1931.28954244498,"CAFI_P067",25
"18002",2447.11858755501,"CAFI_P067",50
"18003",-1798.64238244499,"CAFI_P067",100
"18004",-725.232702445006,"CAFI_P067",25
"18005",-310.343142445025,"CAFI_P067",50
"18006",-672.138402445009,"CAFI_P067",100
"18007",-785.188602445007,"CAFI_P067",25
"18008",-2762.62625244498,"CAFI_P067",50
"18009",-1629.82362244499,"CAFI_P067",100
"18010",-1505.34869244503,"CAFI_P067",25
"18011",92.1348275549826,"CAFI_P067",50
"18012",2817.96382755501,"CAFI_P067",100
"18013",1028.64404755499,"CAFI_P067",25
"18014",2649.77038755501,"CAFI_P067",50
"18015",-1267.46627244499,"CAFI_P067",100
"18016",-202.09946244501,"CAFI_P067",25
"18017",-2712.36884244502,"CAFI_P067",50
"18018",2978.41613755497,"CAFI_P067",100
"18019",2650.27639755502,"CAFI_P067",25
"18020",867.343387554982,"CAFI_P067",50
"18021",2646.20895755501,"CAFI_P067",100
"18022",-279.874802445003,"CAFI_P067",25
"18023",137.146947555011,"CAFI_P067",50
"18024",-848.979432445019,"CAFI_P067",100
"18025",-1503.04923244502,"CAFI_P067",25
"18026",-152.073652444989,"CAFI_P067",50
"18027",-589.258302445,"CAFI_P067",100
"18028",708.772867554973,"CAFI_P067",25
"18029",-1841.19105244498,"CAFI_P067",50
"18030",5969.827917555,"CAFI_P067",100
"18031",-1664.55256244499,"CAFI_P067",25
"18032",-94.1230524450075,"CAFI_P067",50
"18033",557.550067554985,"CAFI_P067",100
"18034",1412.882987555,"CAFI_P067",25
"18035",1057.33838755498,"CAFI_P067",50
"18036",5037.52396755503,"CAFI_P067",100
"18037",285.25673755497,"CAFI_P067",25
"18038",679.565727555018,"CAFI_P067",50
"18039",1916.02856755501,"CAFI_P067",100
"18040",6227.73490755499,"CAFI_P067",25
"18041",3731.888697555,"CAFI_P067",50
"18042",1221.04711755499,"CAFI_P067",100
"18043",509.897737554973,"CAFI_P067",25
"18044",1251.35338755499,"CAFI_P067",50
"18045",2281.10362755501,"CAFI_P067",100
"18046",937.640637554985,"CAFI_P067",25
"18047",-2116.71918244503,"CAFI_P067",50
"18048",-1175.63364244503,"CAFI_P067",100
"18049",1662.74638755497,"CAFI_P067",25
"18050",2428.891847555,"CAFI_P067",50
"18051",4570.89706755499,"CAFI_P067",100
"18052",-115.551762445015,"CAFI_P067",25
"18053",-3435.45866244502,"CAFI_P067",50
"18054",471.315477554977,"CAFI_P067",100
"18055",-160.273672444979,"CAFI_P067",25
"18056",2719.437797555,"CAFI_P067",50
"18057",6506.91114755499,"CAFI_P067",100
"18058",-2083.133332445,"CAFI_P067",25
"18059",-818.996162444993,"CAFI_P067",50
"18060",3553.13595755497,"CAFI_P067",100
"18061",-2680.165232445,"CAFI_P067",25
"18062",-4047.29797244503,"CAFI_P067",50
"18063",3750.61706755502,"CAFI_P067",100
"18064",1496.19856755499,"CAFI_P067",25
"18065",-1818.32052244502,"CAFI_P067",50
"18066",-1124.49385244498,"CAFI_P067",100
"18067",-895.523282444978,"CAFI_P067",25
"18068",-1711.615972445,"CAFI_P067",50
"18069",-851.613122445007,"CAFI_P067",100
"18070",-969.655992445012,"CAFI_P067",25
"18071",3302.35296755499,"CAFI_P067",50
"18072",-875.427772445022,"CAFI_P067",100
"18073",6647.52720755502,"CAFI_P067",25
"18074",5733.453667555,"CAFI_P067",50
"18075",-1231.38810244499,"CAFI_P067",100
"18076",-1489.731532445,"CAFI_P067",25
"18077",2073.67067755497,"CAFI_P067",50
"18078",10692.565147555,"CAFI_P067",100
"18079",-88.6628724450129,"CAFI_P067",25
"18080",-2747.41222244501,"CAFI_P067",50
"18081",-2983.19960244501,"CAFI_P067",100
"18082",2536.69852755498,"CAFI_P067",25
"18083",241.710667554988,"CAFI_P067",50
"18084",-2172.98118244502,"CAFI_P067",100
"18085",-2799.25383244501,"CAFI_P067",25
"18086",385.478887555015,"CAFI_P067",50
"18087",-1994.38112244499,"CAFI_P067",100
"18088",2774.13088755502,"CAFI_P067",25
"18089",-753.821602444979,"CAFI_P067",50
"18090",-2561.001162445,"CAFI_P067",100
"18091",961.899577555014,"CAFI_P067",25
"18092",-1650.32172244502,"CAFI_P067",50
"18093",-4204.387422445,"CAFI_P067",100
"18094",-2970.45210244501,"CAFI_P067",25
"18095",-2230.88504244498,"CAFI_P067",50
"18096",-2722.34419244499,"CAFI_P067",100
"18097",-686.486242445011,"CAFI_P067",25
"18098",-3221.58756244503,"CAFI_P067",50
"18099",-85.4462424450321,"CAFI_P067",100
"18100",-1087.96526244498,"CAFI_P067",25
"18101",127.243137555022,"CAFI_P067",50
"18102",282.849947554991,"CAFI_P067",100
"18103",217.612027555006,"CAFI_P067",25
"18104",-1912.26319244498,"CAFI_P067",50
"18105",5576.585737555,"CAFI_P067",100
"18106",-561.390342444996,"CAFI_P067",25
"18107",-1504.73540244502,"CAFI_P067",50
"18108",-4599.52288244502,"CAFI_P067",100
"18109",3728.29516755498,"CAFI_P067",25
"18110",886.562777555024,"CAFI_P067",50
"18111",3123.54607755499,"CAFI_P067",100
"18112",-176.123462444986,"CAFI_P067",25
"18113",-2226.27152244502,"CAFI_P067",50
"18114",2807.78763755498,"CAFI_P067",100
"18115",202.463027554972,"CAFI_P067",25
"18116",-2331.21087244502,"CAFI_P067",50
"18117",4415.32816755498,"CAFI_P067",100
"18118",1453.57865755499,"CAFI_P067",25
"18119",-1607.79714244499,"CAFI_P067",50
"18120",97.6726075549959,"CAFI_P067",100
"18121",-603.904062444984,"CAFI_P067",25
"18122",-573.562802445027,"CAFI_P067",50
"18123",4564.40118755499,"CAFI_P067",100
"18124",2336.23576755502,"CAFI_P067",25
"18125",-2510.69561244501,"CAFI_P067",50
"18126",-706.344172445009,"CAFI_P067",100
"18127",823.004257555003,"CAFI_P067",25
"18128",-826.016562445031,"CAFI_P067",50
"18129",442.555127554981,"CAFI_P067",100
"18130",1531.25796755502,"CAFI_P067",25
"18131",-2091.81144244503,"CAFI_P067",50
"18132",4600.671797555,"CAFI_P067",100
"18133",589.18476755498,"CAFI_P067",25
"18134",2984.67686755501,"CAFI_P067",50
"18135",-1514.91288244503,"CAFI_P067",100
"18136",-2499.23905244499,"CAFI_P067",25
"18137",22964.825607555,"CAFI_P067",50
"18138",-19.062562445004,"CAFI_P067",100
"18139",-1130.89356244501,"CAFI_P067",25
"18140",-650.595342445013,"CAFI_P067",50
"18141",5765.91889755498,"CAFI_P067",100
"18142",-1535.59064244502,"CAFI_P067",25
"18143",-2877.43264244503,"CAFI_P067",50
"18144",-1328.01298244501,"CAFI_P067",100
"18145",-672.479422445002,"CAFI_P067",25
"18146",-1682.83366244502,"CAFI_P067",50
"18147",-3713.01098244498,"CAFI_P067",100
"18148",-1286.23319244501,"CAFI_P067",25
"18149",-1445.38734244503,"CAFI_P067",50
"18150",-331.285672445025,"CAFI_P067",100
"18151",1119.36929755501,"CAFI_P067",25
"18152",2434.97526755498,"CAFI_P067",50
"18153",-562.926602445019,"CAFI_P067",100
"18154",-323.842872445006,"CAFI_P067",25
"18155",-1639.35875244503,"CAFI_P067",50
"18156",4253.33402755501,"CAFI_P067",100
"18157",1126.80561755499,"CAFI_P067",25
"18158",-1292.97149244498,"CAFI_P067",50
"18159",1500.89010755502,"CAFI_P067",100
"18160",-1835.62083244498,"CAFI_P067",25
"18161",-1949.27627244499,"CAFI_P067",50
"18162",1206.68066755502,"CAFI_P067",100
"18163",4846.89521755499,"CAFI_P067",25
"18164",-2890.43195244501,"CAFI_P067",50
"18165",23306.601577555,"CAFI_P067",100
"18166",2284.299817555,"CAFI_P067",25
"18167",-4364.111072445,"CAFI_P067",50
"18168",3332.87063755502,"CAFI_P067",100
"18169",-1205.61413244501,"CAFI_P067",25
"18170",2258.74901755498,"CAFI_P067",50
"18171",-20.1242424449883,"CAFI_P067",100
"18172",1366.67104755499,"CAFI_P067",25
"18173",-1315.21241244499,"CAFI_P067",50
"18174",-2486.90418244503,"CAFI_P067",100
"18175",-27.5801024449756,"CAFI_P067",25
"18176",699.38649755501,"CAFI_P067",50
"18177",-1645.52824244503,"CAFI_P067",100
"18178",678.827137554996,"CAFI_P067",25
"18179",1374.74696755502,"CAFI_P067",50
"18180",10009.362397555,"CAFI_P067",100
"18181",480.929907554993,"CAFI_P067",25
"18182",20828.575837555,"CAFI_P067",50
"18183",-95.4754624449997,"CAFI_P067",100
"18184",-1728.42220244498,"CAFI_P067",25
"18185",-1429.31494244502,"CAFI_P067",50
"18186",6753.67102755501,"CAFI_P067",100
"18187",3045.10474755499,"CAFI_P067",25
"18188",-50.9725524450187,"CAFI_P067",50
"18189",5764.52562755498,"CAFI_P067",100
"18190",-2045.23343244498,"CAFI_P067",25
"18191",-1081.221892445,"CAFI_P067",50
"18192",462.922207554977,"CAFI_P067",100
"18193",2964.91496755497,"CAFI_P067",25
"18194",-2031.14332244499,"CAFI_P067",50
"18195",2423.48477755499,"CAFI_P067",100
"18196",3303.547287555,"CAFI_P067",25
"18197",2448.71425755502,"CAFI_P067",50
"18198",-2509.21033244499,"CAFI_P067",100
"18199",732.541257555014,"CAFI_P067",25
"18200",-794.788102445018,"CAFI_P067",50
"18201",-1758.96234244498,"CAFI_P067",100
"18202",3381.39555755502,"CAFI_P067",25
"18203",-1636.44801244501,"CAFI_P067",50
"18204",-4557.444472445,"CAFI_P067",100
"18205",-321.117032444978,"CAFI_P067",25
"18206",12175.657977555,"CAFI_P067",50
"18207",7885.04483755497,"CAFI_P067",100
"18208",1061.72843755502,"CAFI_P067",25
"18209",2137.71963755501,"CAFI_P067",50
"18210",-3005.52624244499,"CAFI_P067",100
"18211",-1198.99813244498,"CAFI_P067",25
"18212",-1938.08649244503,"CAFI_P067",50
"18213",679.645397555025,"CAFI_P067",100
"18214",-2057.45837244502,"CAFI_P067",25
"18215",-3230.04512244498,"CAFI_P067",50
"18216",7745.27188755502,"CAFI_P067",100
"18217",-1694.60817244498,"CAFI_P067",25
"18218",-3023.07916244498,"CAFI_P067",50
"18219",-1551.460732445,"CAFI_P067",100
"18220",-1179.29081244499,"CAFI_P067",25
"18221",63.979897555022,"CAFI_P067",50
"18222",-2699.09390244499,"CAFI_P067",100
"18223",1890.00462755497,"CAFI_P067",25
"18224",-1727.06984244502,"CAFI_P067",50
"18225",10390.798827555,"CAFI_P067",100
"18226",655.513757554989,"CAFI_P067",25
"18227",2632.15530755499,"CAFI_P067",50
"18228",2147.49959755497,"CAFI_P067",100
"18229",-2786.77950244502,"CAFI_P067",25
"18230",-100.009182445006,"CAFI_P067",50
"18231",4047.538167555,"CAFI_P067",100
"18232",61.0547975549707,"CAFI_P067",25
"18233",-60.7739124450018,"CAFI_P067",50
"18234",-4387.31810244499,"CAFI_P067",100
"18235",-493.736932445026,"CAFI_P067",25
"18236",-2418.37086244498,"CAFI_P067",50
"18237",897.71501755499,"CAFI_P067",100
"18238",-1991.09379244503,"CAFI_P067",25
"18239",642.575907555001,"CAFI_P067",50
"18240",770.658377555024,"CAFI_P067",100
"18241",1200.86946755502,"CAFI_P067",25
"18242",-1233.97590244503,"CAFI_P067",50
"18243",-1101.583392445,"CAFI_P067",100
"18244",39.6192775549716,"CAFI_P067",25
"18245",7111.01322755497,"CAFI_P067",50
"18246",2291.38395755499,"CAFI_P067",100
"18247",-95.3486124449992,"CAFI_P067",25
"18248",-709.697342445026,"CAFI_P067",50
"18249",6159.44949755498,"CAFI_P067",100
"18250",-877.339902444975,"CAFI_P067",25
"18251",787.182077554986,"CAFI_P067",50
"18252",25095.438727555,"CAFI_P067",100
"18253",22497.605607555,"CAFI_P067",25
"18254",-1408.72435244499,"CAFI_P067",50
"18255",4255.48363755498,"CAFI_P067",100
"18256",9280.67732755502,"CAFI_P067",25
"18257",-1076.24721244501,"CAFI_P067",50
"18258",1621.31184755499,"CAFI_P067",100
"18259",4899.53414755501,"CAFI_P067",25
"18260",-1138.30174244498,"CAFI_P067",50
"18261",3494.41123755497,"CAFI_P067",100
"18262",-443.508122445026,"CAFI_P067",25
"18263",-2088.556132445,"CAFI_P067",50
"18264",1372.58883755497,"CAFI_P067",100
"18265",-1105.433242445,"CAFI_P067",25
"18266",1135.76403755503,"CAFI_P067",50
"18267",-459.829192445031,"CAFI_P067",100
"18268",-307.003472445009,"CAFI_P067",25
"18269",-2430.281472445,"CAFI_P067",50
"18270",-3782.70042244502,"CAFI_P067",100
"18271",-1974.66376244498,"CAFI_P067",25
"18272",-1604.998502445,"CAFI_P067",50
"18273",-238.683042444987,"CAFI_P067",100
"18274",-1897.730102445,"CAFI_P067",25
"18275",5389.31710755499,"CAFI_P067",50
"18276",20803.557597555,"CAFI_P067",100
"18277",689.409067554981,"CAFI_P067",25
"18278",-793.002342445019,"CAFI_P067",50
"18279",494.834087555006,"CAFI_P067",100
"18280",743.966407554981,"CAFI_P067",25
"18281",-96.4739224450313,"CAFI_P067",50
"18282",-1929.26585244498,"CAFI_P067",100
"18283",-135.625622445019,"CAFI_P067",25
"18284",-1760.70056244498,"CAFI_P067",50
"18285",-3657.91607244499,"CAFI_P067",100
"18286",936.804547554988,"CAFI_P067",25
"18287",922.910677555017,"CAFI_P067",50
"18288",7306.903917555,"CAFI_P067",100
"18289",3522.58129755501,"CAFI_P067",25
"18290",4466.423357555,"CAFI_P067",50
"18291",473.462747554993,"CAFI_P067",100
"18292",2270.220087555,"CAFI_P067",25
"18293",144.597747555003,"CAFI_P067",50
"18294",4923.43498755503,"CAFI_P067",100
"18295",-836.164192444994,"CAFI_P067",25
"18296",3273.84874755499,"CAFI_P067",50
"18297",6208.67956755502,"CAFI_P067",100
"18298",1349.49612755497,"CAFI_P067",25
"18299",-1074.284132445,"CAFI_P067",50
"18300",1092.78934755502,"CAFI_P067",100
"18301",-3191.99707599898,"CAFI_P069",25
"18302",-5323.10637599899,"CAFI_P069",50
"18303",2219.96342400101,"CAFI_P069",100
"18304",-53.1205759990262,"CAFI_P069",25
"18305",-5811.06057599903,"CAFI_P069",50
"18306",-2263.548875999,"CAFI_P069",100
"18307",-4576.49717599899,"CAFI_P069",25
"18308",-2251.66457599902,"CAFI_P069",50
"18309",-4157.819875999,"CAFI_P069",100
"18310",393.606324000983,"CAFI_P069",25
"18311",-731.591975999007,"CAFI_P069",50
"18312",-2773.94669599901,"CAFI_P069",100
"18313",1444.54952400102,"CAFI_P069",25
"18314",-274.278775998973,"CAFI_P069",50
"18315",409.579824001004,"CAFI_P069",100
"18316",-429.831275999022,"CAFI_P069",25
"18317",-1886.92761599901,"CAFI_P069",50
"18318",-1744.61667599902,"CAFI_P069",100
"18319",-1459.26591599901,"CAFI_P069",25
"18320",6597.47942400101,"CAFI_P069",50
"18321",381.350824001012,"CAFI_P069",100
"18322",-1562.60031599901,"CAFI_P069",25
"18323",-273.178125998995,"CAFI_P069",50
"18324",-4905.98867599899,"CAFI_P069",100
"18325",-2880.556375999,"CAFI_P069",25
"18326",3433.546624001,"CAFI_P069",50
"18327",-3869.709475999,"CAFI_P069",100
"18328",52.5684240009869,"CAFI_P069",25
"18329",-3439.42177599901,"CAFI_P069",50
"18330",-5703.64292599901,"CAFI_P069",100
"18331",1215.56542400102,"CAFI_P069",25
"18332",878.636024000996,"CAFI_P069",50
"18333",-3406.63848599902,"CAFI_P069",100
"18334",-1435.47407599899,"CAFI_P069",25
"18335",-1297.33597599901,"CAFI_P069",50
"18336",-2058.75867599901,"CAFI_P069",100
"18337",1632.02522400097,"CAFI_P069",25
"18338",-3805.91077599901,"CAFI_P069",50
"18339",-27.3573759989813,"CAFI_P069",100
"18340",409.893524001003,"CAFI_P069",25
"18341",1230.397224001,"CAFI_P069",50
"18342",13446.541374001,"CAFI_P069",100
"18343",499.534424001002,"CAFI_P069",25
"18344",1295.52892400097,"CAFI_P069",50
"18345",-2588.25027599902,"CAFI_P069",100
"18346",1454.15182400099,"CAFI_P069",25
"18347",-1537.18697599898,"CAFI_P069",50
"18348",1182.46722400101,"CAFI_P069",100
"18349",763.746924001025,"CAFI_P069",25
"18350",6414.02992400102,"CAFI_P069",50
"18351",-4041.59687599901,"CAFI_P069",100
"18352",1955.77132400102,"CAFI_P069",25
"18353",-2302.30717599898,"CAFI_P069",50
"18354",3070.80602400098,"CAFI_P069",100
"18355",-4510.60077599902,"CAFI_P069",25
"18356",-5014.18267599901,"CAFI_P069",50
"18357",-1304.25337599899,"CAFI_P069",100
"18358",417.618824000994,"CAFI_P069",25
"18359",30.4038240010268,"CAFI_P069",50
"18360",12997.266724001,"CAFI_P069",100
"18361",-813.205075999023,"CAFI_P069",25
"18362",-1147.65177599899,"CAFI_P069",50
"18363",-988.373115998984,"CAFI_P069",100
"18364",-1512.45037599897,"CAFI_P069",25
"18365",417.878124001028,"CAFI_P069",50
"18366",-1644.88037599903,"CAFI_P069",100
"18367",312.277124001004,"CAFI_P069",25
"18368",2029.582124001,"CAFI_P069",50
"18369",2307.77372400102,"CAFI_P069",100
"18370",67.1791240010061,"CAFI_P069",25
"18371",-838.60797599901,"CAFI_P069",50
"18372",-3891.39187599899,"CAFI_P069",100
"18373",-306.518375999003,"CAFI_P069",25
"18374",7633.58042400097,"CAFI_P069",50
"18375",-1540.74441599898,"CAFI_P069",100
"18376",-4273.32927599899,"CAFI_P069",25
"18377",2438.84412400099,"CAFI_P069",50
"18378",-5661.49897599901,"CAFI_P069",100
"18379",13389.003024001,"CAFI_P069",25
"18380",-4288.37307599903,"CAFI_P069",50
"18381",523.183224001026,"CAFI_P069",100
"18382",1611.47962400102,"CAFI_P069",25
"18383",-4231.84081599902,"CAFI_P069",50
"18384",-3016.323995999,"CAFI_P069",100
"18385",-300.013975999027,"CAFI_P069",25
"18386",485.752624001005,"CAFI_P069",50
"18387",-3075.16227599903,"CAFI_P069",100
"18388",-1741.534275999,"CAFI_P069",25
"18389",-346.297875999007,"CAFI_P069",50
"18390",-3084.41717599903,"CAFI_P069",100
"18391",-960.143675999017,"CAFI_P069",25
"18392",-1091.25167599902,"CAFI_P069",50
"18393",-2688.116115999,"CAFI_P069",100
"18394",1887.763524001,"CAFI_P069",25
"18395",3975.64132400102,"CAFI_P069",50
"18396",3588.12612400099,"CAFI_P069",100
"18397",947.827124000993,"CAFI_P069",25
"18398",8223.87902400101,"CAFI_P069",50
"18399",-1032.55411599902,"CAFI_P069",100
"18400",-1095.260875999,"CAFI_P069",25
"18401",-587.630975998996,"CAFI_P069",50
"18402",-2361.49871599901,"CAFI_P069",100
"18403",299.956024001003,"CAFI_P069",25
"18404",4735.96132400102,"CAFI_P069",50
"18405",-5415.835675999,"CAFI_P069",100
"18406",-4881.05157599901,"CAFI_P069",25
"18407",-415.750775998982,"CAFI_P069",50
"18408",3469.47462400101,"CAFI_P069",100
"18409",1580.92262400099,"CAFI_P069",25
"18410",-1947.54387599899,"CAFI_P069",50
"18411",-1834.175075999,"CAFI_P069",100
"18412",-464.996275999001,"CAFI_P069",25
"18413",-294.099775999028,"CAFI_P069",50
"18414",-2565.47267599899,"CAFI_P069",100
"18415",810.924324001011,"CAFI_P069",25
"18416",-4345.60027599899,"CAFI_P069",50
"18417",-2224.78887599899,"CAFI_P069",100
"18418",-42.6313759990153,"CAFI_P069",25
"18419",649.935724001029,"CAFI_P069",50
"18420",3694.16572400101,"CAFI_P069",100
"18421",-567.167775998998,"CAFI_P069",25
"18422",1784.13882400101,"CAFI_P069",50
"18423",2306.45492400101,"CAFI_P069",100
"18424",1525.74722400098,"CAFI_P069",25
"18425",-65.551775999018,"CAFI_P069",50
"18426",-2571.566075999,"CAFI_P069",100
"18427",361.181524001004,"CAFI_P069",25
"18428",588.428024001012,"CAFI_P069",50
"18429",1931.31102400098,"CAFI_P069",100
"18430",318.332624001021,"CAFI_P069",25
"18431",-689.304775998986,"CAFI_P069",50
"18432",-631.405075998977,"CAFI_P069",100
"18433",3293.15102400101,"CAFI_P069",25
"18434",-1666.57907599898,"CAFI_P069",50
"18435",2194.33892400097,"CAFI_P069",100
"18436",1239.06462400098,"CAFI_P069",25
"18437",1081.055224001,"CAFI_P069",50
"18438",5606.61612400098,"CAFI_P069",100
"18439",-1276.96507599897,"CAFI_P069",25
"18440",-4356.89167599898,"CAFI_P069",50
"18441",-1459.58227599901,"CAFI_P069",100
"18442",2134.36512400099,"CAFI_P069",25
"18443",2722.70302400098,"CAFI_P069",50
"18444",666.547774001025,"CAFI_P069",100
"18445",358.782824000984,"CAFI_P069",25
"18446",71.6834640009911,"CAFI_P069",50
"18447",-3376.428775999,"CAFI_P069",100
"18448",-3860.429815999,"CAFI_P069",25
"18449",-900.482675998996,"CAFI_P069",50
"18450",4671.993924001,"CAFI_P069",100
"18451",361.236724001006,"CAFI_P069",25
"18452",-1192.07357599901,"CAFI_P069",50
"18453",-1189.27657599899,"CAFI_P069",100
"18454",-591.429975998995,"CAFI_P069",25
"18455",2451.531924001,"CAFI_P069",50
"18456",-2427.74443599902,"CAFI_P069",100
"18457",-600.975375998998,"CAFI_P069",25
"18458",901.456924000988,"CAFI_P069",50
"18459",2176.43378400098,"CAFI_P069",100
"18460",-793.532175999018,"CAFI_P069",25
"18461",-231.605175998993,"CAFI_P069",50
"18462",-813.171675999009,"CAFI_P069",100
"18463",2610.39772400103,"CAFI_P069",25
"18464",1430.43592400098,"CAFI_P069",50
"18465",-1604.055175999,"CAFI_P069",100
"18466",197.947624001012,"CAFI_P069",25
"18467",-3536.25027599902,"CAFI_P069",50
"18468",-5113.768925999,"CAFI_P069",100
"18469",-1067.47747599898,"CAFI_P069",25
"18470",694.662024001009,"CAFI_P069",50
"18471",-5591.384025999,"CAFI_P069",100
"18472",1824.746424001,"CAFI_P069",25
"18473",-4226.95227599901,"CAFI_P069",50
"18474",-1860.64721599902,"CAFI_P069",100
"18475",-337.552185998997,"CAFI_P069",25
"18476",-902.799985999009,"CAFI_P069",50
"18477",4669.205924001,"CAFI_P069",100
"18478",983.327224000997,"CAFI_P069",25
"18479",221.882474000973,"CAFI_P069",50
"18480",11188.774324001,"CAFI_P069",100
"18481",-590.141675998981,"CAFI_P069",25
"18482",-2857.90617599903,"CAFI_P069",50
"18483",456.529424000997,"CAFI_P069",100
"18484",775.977524000977,"CAFI_P069",25
"18485",-2364.00507599901,"CAFI_P069",50
"18486",-5340.94987599901,"CAFI_P069",100
"18487",6080.77362400101,"CAFI_P069",25
"18488",143.865224000998,"CAFI_P069",50
"18489",513.586124001013,"CAFI_P069",100
"18490",-537.834575999004,"CAFI_P069",25
"18491",303.522084000986,"CAFI_P069",50
"18492",2431.49722400098,"CAFI_P069",100
"18493",-3159.41877599899,"CAFI_P069",25
"18494",-2264.71287599899,"CAFI_P069",50
"18495",2717.13912400103,"CAFI_P069",100
"18496",-1673.901875999,"CAFI_P069",25
"18497",4434.45312400098,"CAFI_P069",50
"18498",528.035524000996,"CAFI_P069",100
"18499",-1081.69157599902,"CAFI_P069",25
"18500",-2355.568575999,"CAFI_P069",50
"18501",-5484.53507599898,"CAFI_P069",100
"18502",1214.48702400102,"CAFI_P069",25
"18503",5725.87912400102,"CAFI_P069",50
"18504",-3172.16027599899,"CAFI_P069",100
"18505",-273.419875998981,"CAFI_P069",25
"18506",-2659.06637599901,"CAFI_P069",50
"18507",-2516.66437599901,"CAFI_P069",100
"18508",-766.804575998976,"CAFI_P069",25
"18509",-3026.301375999,"CAFI_P069",50
"18510",-3360.819775999,"CAFI_P069",100
"18511",164.58442400099,"CAFI_P069",25
"18512",-1419.029375999,"CAFI_P069",50
"18513",-1065.428515999,"CAFI_P069",100
"18514",-3856.32897599897,"CAFI_P069",25
"18515",-1108.41067599901,"CAFI_P069",50
"18516",674.627024000976,"CAFI_P069",100
"18517",-712.600975999027,"CAFI_P069",25
"18518",2117.11458400101,"CAFI_P069",50
"18519",-1675.11707599898,"CAFI_P069",100
"18520",-1109.50047599903,"CAFI_P069",25
"18521",-5173.42697599903,"CAFI_P069",50
"18522",-4392.026975999,"CAFI_P069",100
"18523",-2379.69677599898,"CAFI_P069",25
"18524",-570.952675999026,"CAFI_P069",50
"18525",-6456.56981599901,"CAFI_P069",100
"18526",-1145.53697599901,"CAFI_P069",25
"18527",-2203.37357599899,"CAFI_P069",50
"18528",6798.33552400098,"CAFI_P069",100
"18529",-248.66557599901,"CAFI_P069",25
"18530",1454.28418400098,"CAFI_P069",50
"18531",-258.129475998983,"CAFI_P069",100
"18532",3311.23352400103,"CAFI_P069",25
"18533",-284.711975999002,"CAFI_P069",50
"18534",-3104.71457599901,"CAFI_P069",100
"18535",-2590.12097599899,"CAFI_P069",25
"18536",-119.646685999003,"CAFI_P069",50
"18537",6163.72602400102,"CAFI_P069",100
"18538",701.634524000983,"CAFI_P069",25
"18539",-5347.94857599901,"CAFI_P069",50
"18540",1841.13052400103,"CAFI_P069",100
"18541",9.25842400098918,"CAFI_P069",25
"18542",-2725.25837599899,"CAFI_P069",50
"18543",-1444.70367599902,"CAFI_P069",100
"18544",-1961.73137599899,"CAFI_P069",25
"18545",-3330.76927599899,"CAFI_P069",50
"18546",4410.96962400101,"CAFI_P069",100
"18547",-99.4716759989969,"CAFI_P069",25
"18548",-2860.00517599902,"CAFI_P069",50
"18549",-417.128315998998,"CAFI_P069",100
"18550",-3589.26867599902,"CAFI_P069",25
"18551",-1774.48917599901,"CAFI_P069",50
"18552",-1265.49587599898,"CAFI_P069",100
"18553",-40.9075759989792,"CAFI_P069",25
"18554",1915.87842400098,"CAFI_P069",50
"18555",-3771.32287599897,"CAFI_P069",100
"18556",1893.24962400098,"CAFI_P069",25
"18557",-5497.89157599898,"CAFI_P069",50
"18558",-4487.97238599899,"CAFI_P069",100
"18559",36.5890240009758,"CAFI_P069",25
"18560",6522.17512400099,"CAFI_P069",50
"18561",3960.64072400099,"CAFI_P069",100
"18562",-1381.05037599901,"CAFI_P069",25
"18563",-2306.85847599898,"CAFI_P069",50
"18564",-31.3498959990102,"CAFI_P069",100
"18565",4107.80782400101,"CAFI_P069",25
"18566",5243.34782400099,"CAFI_P069",50
"18567",-4466.54047599901,"CAFI_P069",100
"18568",-1212.80097599898,"CAFI_P069",25
"18569",-4829.30071599898,"CAFI_P069",50
"18570",-2004.526875999,"CAFI_P069",100
"18571",-1472.13937599899,"CAFI_P069",25
"18572",-2454.479075999,"CAFI_P069",50
"18573",-4355.57387599902,"CAFI_P069",100
"18574",-1328.34267599898,"CAFI_P069",25
"18575",-2486.36157599901,"CAFI_P069",50
"18576",-5499.099985999,"CAFI_P069",100
"18577",2879.59292400099,"CAFI_P069",25
"18578",-3004.09837599902,"CAFI_P069",50
"18579",-3589.41447599902,"CAFI_P069",100
"18580",2672.88321400102,"CAFI_P069",25
"18581",-3170.91517599899,"CAFI_P069",50
"18582",-2983.35847599898,"CAFI_P069",100
"18583",-4921.85677599901,"CAFI_P069",25
"18584",-1766.63067599898,"CAFI_P069",50
"18585",-3883.42477599898,"CAFI_P069",100
"18586",190.669524001016,"CAFI_P069",25
"18587",4493.79492400098,"CAFI_P069",50
"18588",-403.589575999009,"CAFI_P069",100
"18589",-4199.37037599902,"CAFI_P069",25
"18590",-1136.68567599898,"CAFI_P069",50
"18591",-586.994175999018,"CAFI_P069",100
"18592",-1676.52187599899,"CAFI_P069",25
"18593",4542.36492400098,"CAFI_P069",50
"18594",5350.28762400098,"CAFI_P069",100
"18595",-698.83347599901,"CAFI_P069",25
"18596",6097.05232400098,"CAFI_P069",50
"18597",2909.08752400102,"CAFI_P069",100
"18598",23.8274240010069,"CAFI_P069",25
"18599",-3457.42272599897,"CAFI_P069",50
"18600",-403.445375999028,"CAFI_P069",100
"18601",-2219.58516887901,"CAFI_P070",25
"18602",88.1959411209973,"CAFI_P070",50
"18603",1704.220441121,"CAFI_P070",100
"18604",-1837.58905887901,"CAFI_P070",25
"18605",-343.466458879004,"CAFI_P070",50
"18606",485.164431120997,"CAFI_P070",100
"18607",37.7524411210034,"CAFI_P070",25
"18608",1932.07160112099,"CAFI_P070",50
"18609",1224.32233112099,"CAFI_P070",100
"18610",772.536381120997,"CAFI_P070",25
"18611",-1066.665818879,"CAFI_P070",50
"18612",10963.633731121,"CAFI_P070",100
"18613",-9.59385887900135,"CAFI_P070",25
"18614",3767.26124112098,"CAFI_P070",50
"18615",3847.61354112098,"CAFI_P070",100
"18616",-2207.51095887902,"CAFI_P070",25
"18617",1305.765941121,"CAFI_P070",50
"18618",1828.655831121,"CAFI_P070",100
"18619",-686.837258879008,"CAFI_P070",25
"18620",-3420.715858879,"CAFI_P070",50
"18621",1603.57254112099,"CAFI_P070",100
"18622",2034.11304112099,"CAFI_P070",25
"18623",-2074.57956887901,"CAFI_P070",50
"18624",-3297.883628879,"CAFI_P070",100
"18625",112.68884112098,"CAFI_P070",25
"18626",-3269.52751887901,"CAFI_P070",50
"18627",-1694.80985887902,"CAFI_P070",100
"18628",1572.32874112099,"CAFI_P070",25
"18629",-3196.143558879,"CAFI_P070",50
"18630",384.943241120985,"CAFI_P070",100
"18631",-537.40225887901,"CAFI_P070",25
"18632",-2477.924158879,"CAFI_P070",50
"18633",3293.50220112098,"CAFI_P070",100
"18634",-1079.77535887901,"CAFI_P070",25
"18635",470.982041120995,"CAFI_P070",50
"18636",-2737.71777887901,"CAFI_P070",100
"18637",2159.569841121,"CAFI_P070",25
"18638",4126.310541121,"CAFI_P070",50
"18639",-4320.69007887901,"CAFI_P070",100
"18640",-2476.816958879,"CAFI_P070",25
"18641",2175.127941121,"CAFI_P070",50
"18642",-1431.56199887901,"CAFI_P070",100
"18643",1223.07144112099,"CAFI_P070",25
"18644",-930.694458879007,"CAFI_P070",50
"18645",4424.233701121,"CAFI_P070",100
"18646",177.675441120984,"CAFI_P070",25
"18647",557.226341120986,"CAFI_P070",50
"18648",2456.27354112099,"CAFI_P070",100
"18649",820.056741120992,"CAFI_P070",25
"18650",-322.168258879014,"CAFI_P070",50
"18651",-1061.30209887901,"CAFI_P070",100
"18652",-766.825058879011,"CAFI_P070",25
"18653",738.03034112099,"CAFI_P070",50
"18654",-601.137768879009,"CAFI_P070",100
"18655",-782.858758879011,"CAFI_P070",25
"18656",-3485.232858879,"CAFI_P070",50
"18657",-929.109458879015,"CAFI_P070",100
"18658",2383.32394112099,"CAFI_P070",25
"18659",-2737.466358879,"CAFI_P070",50
"18660",-3522.61375887902,"CAFI_P070",100
"18661",576.334141120984,"CAFI_P070",25
"18662",-2603.052468879,"CAFI_P070",50
"18663",-3483.811228879,"CAFI_P070",100
"18664",5043.34894112099,"CAFI_P070",25
"18665",1166.04144112099,"CAFI_P070",50
"18666",-2807.700358879,"CAFI_P070",100
"18667",303.867441120994,"CAFI_P070",25
"18668",-1010.217168879,"CAFI_P070",50
"18669",-1222.33065887901,"CAFI_P070",100
"18670",1660.94894112099,"CAFI_P070",25
"18671",-2007.866558879,"CAFI_P070",50
"18672",-2638.538368879,"CAFI_P070",100
"18673",-2401.84309887901,"CAFI_P070",25
"18674",1457.51294112098,"CAFI_P070",50
"18675",1238.63733112099,"CAFI_P070",100
"18676",2632.637141121,"CAFI_P070",25
"18677",-83.5178688790184,"CAFI_P070",50
"18678",-4298.188498879,"CAFI_P070",100
"18679",-663.552658878994,"CAFI_P070",25
"18680",-1118.86442887899,"CAFI_P070",50
"18681",8000.12952112101,"CAFI_P070",100
"18682",-754.928958878998,"CAFI_P070",25
"18683",-2508.04205887901,"CAFI_P070",50
"18684",1276.49334112098,"CAFI_P070",100
"18685",1209.515241121,"CAFI_P070",25
"18686",8175.61704112098,"CAFI_P070",50
"18687",-786.355888879014,"CAFI_P070",100
"18688",4662.51754112099,"CAFI_P070",25
"18689",935.965971120982,"CAFI_P070",50
"18690",1952.60790112099,"CAFI_P070",100
"18691",-239.109258879005,"CAFI_P070",25
"18692",-2770.432658879,"CAFI_P070",50
"18693",-3416.15942887901,"CAFI_P070",100
"18694",-1979.68775887901,"CAFI_P070",25
"18695",1658.17163112099,"CAFI_P070",50
"18696",1369.39544112099,"CAFI_P070",100
"18697",-1126.36347887901,"CAFI_P070",25
"18698",-2972.16838887901,"CAFI_P070",50
"18699",5959.75347112099,"CAFI_P070",100
"18700",-914.139958879008,"CAFI_P070",25
"18701",-1830.54885887902,"CAFI_P070",50
"18702",-128.559358879022,"CAFI_P070",100
"18703",1047.77304112099,"CAFI_P070",25
"18704",6347.91558112096,"CAFI_P070",50
"18705",-2522.24526887902,"CAFI_P070",100
"18706",-2374.37855887902,"CAFI_P070",25
"18707",3379.550241121,"CAFI_P070",50
"18708",-22.0826588790223,"CAFI_P070",100
"18709",-1104.30175887901,"CAFI_P070",25
"18710",-1269.02868887901,"CAFI_P070",50
"18711",-644.52725887901,"CAFI_P070",100
"18712",145.357941120979,"CAFI_P070",25
"18713",-376.619598879013,"CAFI_P070",50
"18714",11569.293041121,"CAFI_P070",100
"18715",-847.716458879004,"CAFI_P070",25
"18716",627.84224112099,"CAFI_P070",50
"18717",2792.84894112099,"CAFI_P070",100
"18718",1211.20333112098,"CAFI_P070",25
"18719",1934.90920112099,"CAFI_P070",50
"18720",1218.25514112099,"CAFI_P070",100
"18721",368.968731120985,"CAFI_P070",25
"18722",-2087.216958879,"CAFI_P070",50
"18723",-1571.28965887902,"CAFI_P070",100
"18724",35.740941120981,"CAFI_P070",25
"18725",374.545441120979,"CAFI_P070",50
"18726",-1385.20482887901,"CAFI_P070",100
"18727",-1505.21355887901,"CAFI_P070",25
"18728",-1474.913058879,"CAFI_P070",50
"18729",-3163.94535887902,"CAFI_P070",100
"18730",-2632.394158879,"CAFI_P070",25
"18731",1243.83990112098,"CAFI_P070",50
"18732",-3742.02227887901,"CAFI_P070",100
"18733",-235.759758878994,"CAFI_P070",25
"18734",-973.235358878999,"CAFI_P070",50
"18735",530.488651121006,"CAFI_P070",100
"18736",761.252541120979,"CAFI_P070",25
"18737",-2185.91585887902,"CAFI_P070",50
"18738",-5458.13142887902,"CAFI_P070",100
"18739",-852.299358879012,"CAFI_P070",25
"18740",860.927541120996,"CAFI_P070",50
"18741",5210.77274112098,"CAFI_P070",100
"18742",1428.39924112099,"CAFI_P070",25
"18743",1263.926441121,"CAFI_P070",50
"18744",-1399.18598887901,"CAFI_P070",100
"18745",1133.30974112099,"CAFI_P070",25
"18746",-919.755458879023,"CAFI_P070",50
"18747",-2639.325928879,"CAFI_P070",100
"18748",-945.46435887902,"CAFI_P070",25
"18749",-3507.205958879,"CAFI_P070",50
"18750",-1175.43564887901,"CAFI_P070",100
"18751",-1070.07745887901,"CAFI_P070",25
"18752",-1620.519058879,"CAFI_P070",50
"18753",-582.242758879001,"CAFI_P070",100
"18754",-1218.85765887902,"CAFI_P070",25
"18755",4437.202141121,"CAFI_P070",50
"18756",1677.86434112099,"CAFI_P070",100
"18757",206.854641120997,"CAFI_P070",25
"18758",940.339911121002,"CAFI_P070",50
"18759",-986.426798878994,"CAFI_P070",100
"18760",1478.96714112099,"CAFI_P070",25
"18761",4444.721641121,"CAFI_P070",50
"18762",-2863.258758879,"CAFI_P070",100
"18763",-708.960958879004,"CAFI_P070",25
"18764",-1386.452958879,"CAFI_P070",50
"18765",-762.000328879018,"CAFI_P070",100
"18766",-351.140058879013,"CAFI_P070",25
"18767",4561.268941121,"CAFI_P070",50
"18768",4319.28237112099,"CAFI_P070",100
"18769",-1230.220658879,"CAFI_P070",25
"18770",1858.89954112101,"CAFI_P070",50
"18771",-2060.24845887901,"CAFI_P070",100
"18772",-145.432958879013,"CAFI_P070",25
"18773",-529.150658879022,"CAFI_P070",50
"18774",-3296.78356887901,"CAFI_P070",100
"18775",-2099.51065887901,"CAFI_P070",25
"18776",-2746.982258879,"CAFI_P070",50
"18777",2553.40904112099,"CAFI_P070",100
"18778",1667.354041121,"CAFI_P070",25
"18779",-1445.58045887901,"CAFI_P070",50
"18780",-2245.92729887902,"CAFI_P070",100
"18781",7895.50774112096,"CAFI_P070",25
"18782",-2028.96626887901,"CAFI_P070",50
"18783",5338.14424112099,"CAFI_P070",100
"18784",515.839941120998,"CAFI_P070",25
"18785",-2898.21381887901,"CAFI_P070",50
"18786",4035.806941121,"CAFI_P070",100
"18787",-410.824458879011,"CAFI_P070",25
"18788",1323.44924112098,"CAFI_P070",50
"18789",8097.321041121,"CAFI_P070",100
"18790",-782.248958879005,"CAFI_P070",25
"18791",-693.023158879019,"CAFI_P070",50
"18792",-3368.161258879,"CAFI_P070",100
"18793",-264.380558878998,"CAFI_P070",25
"18794",-2491.94778887901,"CAFI_P070",50
"18795",-524.684558879002,"CAFI_P070",100
"18796",-1401.59055887902,"CAFI_P070",25
"18797",989.246341121005,"CAFI_P070",50
"18798",906.92103112099,"CAFI_P070",100
"18799",-1608.90795887902,"CAFI_P070",25
"18800",4480.16527112099,"CAFI_P070",50
"18801",-3586.14200887902,"CAFI_P070",100
"18802",1770.79874112099,"CAFI_P070",25
"18803",-444.508658879,"CAFI_P070",50
"18804",4303.427541121,"CAFI_P070",100
"18805",1605.87634112098,"CAFI_P070",25
"18806",2627.70057112098,"CAFI_P070",50
"18807",1880.63892112099,"CAFI_P070",100
"18808",-1960.955328879,"CAFI_P070",25
"18809",-2449.515798879,"CAFI_P070",50
"18810",3577.36354112098,"CAFI_P070",100
"18811",-44.1761588790105,"CAFI_P070",25
"18812",775.941141121002,"CAFI_P070",50
"18813",-1143.93907887902,"CAFI_P070",100
"18814",-607.401758879016,"CAFI_P070",25
"18815",-1473.61808887901,"CAFI_P070",50
"18816",-1961.13345887902,"CAFI_P070",100
"18817",-2065.02771887902,"CAFI_P070",25
"18818",3800.565541121,"CAFI_P070",50
"18819",-3099.738638879,"CAFI_P070",100
"18820",-586.766158879007,"CAFI_P070",25
"18821",-797.856858879008,"CAFI_P070",50
"18822",4477.71920112098,"CAFI_P070",100
"18823",4994.82074112099,"CAFI_P070",25
"18824",-337.707858879003,"CAFI_P070",50
"18825",-2235.275938879,"CAFI_P070",100
"18826",4472.13854112098,"CAFI_P070",25
"18827",2542.465281121,"CAFI_P070",50
"18828",-3142.49665887901,"CAFI_P070",100
"18829",972.017641120998,"CAFI_P070",25
"18830",298.828171120986,"CAFI_P070",50
"18831",6391.43344112099,"CAFI_P070",100
"18832",-799.482158879022,"CAFI_P070",25
"18833",10859.102141121,"CAFI_P070",50
"18834",-1803.265668879,"CAFI_P070",100
"18835",-71.8068588790193,"CAFI_P070",25
"18836",-1181.323868879,"CAFI_P070",50
"18837",4592.58524112098,"CAFI_P070",100
"18838",-1183.80105887901,"CAFI_P070",25
"18839",3791.596641121,"CAFI_P070",50
"18840",947.717221120984,"CAFI_P070",100
"18841",-657.371258879022,"CAFI_P070",25
"18842",1072.36864112099,"CAFI_P070",50
"18843",-1418.83245887901,"CAFI_P070",100
"18844",1681.53824112099,"CAFI_P070",25
"18845",-1155.86865887902,"CAFI_P070",50
"18846",3994.32734112098,"CAFI_P070",100
"18847",-1066.49829887901,"CAFI_P070",25
"18848",9273.52133112101,"CAFI_P070",50
"18849",3005.050531121,"CAFI_P070",100
"18850",-1745.19445887901,"CAFI_P070",25
"18851",-742.054558878997,"CAFI_P070",50
"18852",-590.759958879004,"CAFI_P070",100
"18853",2899.61584112101,"CAFI_P070",25
"18854",-116.891278879019,"CAFI_P070",50
"18855",4451.64293112099,"CAFI_P070",100
"18856",-1283.510458879,"CAFI_P070",25
"18857",-0.184028879011748,"CAFI_P070",50
"18858",-2425.38105887902,"CAFI_P070",100
"18859",-1111.333358879,"CAFI_P070",25
"18860",-1737.471228879,"CAFI_P070",50
"18861",52.3908111210039,"CAFI_P070",100
"18862",5096.278041121,"CAFI_P070",25
"18863",2627.747541121,"CAFI_P070",50
"18864",3263.88562112098,"CAFI_P070",100
"18865",42.572941121005,"CAFI_P070",25
"18866",2203.74364112099,"CAFI_P070",50
"18867",5846.16383112097,"CAFI_P070",100
"18868",-2135.011498879,"CAFI_P070",25
"18869",2276.12870112099,"CAFI_P070",50
"18870",6746.986311121,"CAFI_P070",100
"18871",878.317841120996,"CAFI_P070",25
"18872",2730.88864112098,"CAFI_P070",50
"18873",4840.51178112099,"CAFI_P070",100
"18874",52.6663411209884,"CAFI_P070",25
"18875",-1056.46495887902,"CAFI_P070",50
"18876",-4316.88872887901,"CAFI_P070",100
"18877",-984.314358878997,"CAFI_P070",25
"18878",1247.27377112099,"CAFI_P070",50
"18879",2828.474841121,"CAFI_P070",100
"18880",641.888141120988,"CAFI_P070",25
"18881",-1830.87305887902,"CAFI_P070",50
"18882",6570.07158112098,"CAFI_P070",100
"18883",186.933041120996,"CAFI_P070",25
"18884",-1461.38132887901,"CAFI_P070",50
"18885",717.352421121002,"CAFI_P070",100
"18886",2099.202741121,"CAFI_P070",25
"18887",-2199.16875887901,"CAFI_P070",50
"18888",-4618.383758879,"CAFI_P070",100
"18889",-83.7112588790187,"CAFI_P070",25
"18890",-953.329958879011,"CAFI_P070",50
"18891",2569.702141121,"CAFI_P070",100
"18892",-480.523358879,"CAFI_P070",25
"18893",-2062.700458879,"CAFI_P070",50
"18894",1986.09994112098,"CAFI_P070",100
"18895",556.13184112098,"CAFI_P070",25
"18896",6420.86654112101,"CAFI_P070",50
"18897",6887.86437112102,"CAFI_P070",100
"18898",248.134241121006,"CAFI_P070",25
"18899",1546.61744112099,"CAFI_P070",50
"18900",-293.908658878994,"CAFI_P070",100
"18901",881.372041978,"CAFI_P071",25
"18902",-124.000258021988,"CAFI_P071",50
"18903",910.599811977998,"CAFI_P071",100
"18904",40.6195419779979,"CAFI_P071",25
"18905",42.8318219779758,"CAFI_P071",50
"18906",2626.96714197798,"CAFI_P071",100
"18907",497.258641977969,"CAFI_P071",25
"18908",2069.68524197798,"CAFI_P071",50
"18909",77.5460419779993,"CAFI_P071",100
"18910",1784.59124197799,"CAFI_P071",25
"18911",-1663.94647802203,"CAFI_P071",50
"18912",4064.613861978,"CAFI_P071",100
"18913",749.16574197798,"CAFI_P071",25
"18914",3945.41724197799,"CAFI_P071",50
"18915",-462.554058021982,"CAFI_P071",100
"18916",-76.666458022024,"CAFI_P071",25
"18917",-212.262458021985,"CAFI_P071",50
"18918",1371.69474197802,"CAFI_P071",100
"18919",-230.857458022016,"CAFI_P071",25
"18920",4602.63524197799,"CAFI_P071",50
"18921",1232.89282197796,"CAFI_P071",100
"18922",328.475741977978,"CAFI_P071",25
"18923",1539.44984197797,"CAFI_P071",50
"18924",-362.750958022021,"CAFI_P071",100
"18925",645.293041977973,"CAFI_P071",25
"18926",-236.291558022029,"CAFI_P071",50
"18927",-1353.78985802201,"CAFI_P071",100
"18928",-1157.304358022,"CAFI_P071",25
"18929",650.276841978019,"CAFI_P071",50
"18930",-1220.49105802202,"CAFI_P071",100
"18931",416.680041977961,"CAFI_P071",25
"18932",1201.23294197797,"CAFI_P071",50
"18933",5391.00744197797,"CAFI_P071",100
"18934",-309.409908022033,"CAFI_P071",25
"18935",783.429241977981,"CAFI_P071",50
"18936",4441.38344197802,"CAFI_P071",100
"18937",-108.343258021981,"CAFI_P071",25
"18938",-204.728158021986,"CAFI_P071",50
"18939",654.300241977966,"CAFI_P071",100
"18940",-329.092708021984,"CAFI_P071",25
"18941",-868.081758022017,"CAFI_P071",50
"18942",-145.371158022026,"CAFI_P071",100
"18943",341.125341977982,"CAFI_P071",25
"18944",-425.571258021984,"CAFI_P071",50
"18945",-485.208458021982,"CAFI_P071",100
"18946",-222.719958022004,"CAFI_P071",25
"18947",1069.73574197799,"CAFI_P071",50
"18948",664.849941977998,"CAFI_P071",100
"18949",-48.9925580220297,"CAFI_P071",25
"18950",-118.766488021996,"CAFI_P071",50
"18951",-1333.27814802201,"CAFI_P071",100
"18952",-128.082198021992,"CAFI_P071",25
"18953",598.582341977977,"CAFI_P071",50
"18954",-1300.708758022,"CAFI_P071",100
"18955",-529.277858022018,"CAFI_P071",25
"18956",-1342.85695802199,"CAFI_P071",50
"18957",-1193.82448802202,"CAFI_P071",100
"18958",-174.272158022039,"CAFI_P071",25
"18959",-1045.76105802204,"CAFI_P071",50
"18960",418.929441977991,"CAFI_P071",100
"18961",505.961141977983,"CAFI_P071",25
"18962",1749.634241978,"CAFI_P071",50
"18963",2295.694861978,"CAFI_P071",100
"18964",166.504941977968,"CAFI_P071",25
"18965",1961.38874197798,"CAFI_P071",50
"18966",-170.962008022005,"CAFI_P071",100
"18967",386.847941977961,"CAFI_P071",25
"18968",-1059.57325802202,"CAFI_P071",50
"18969",355.080141977989,"CAFI_P071",100
"18970",3577.88324197801,"CAFI_P071",25
"18971",-1271.994358022,"CAFI_P071",50
"18972",-211.921568021993,"CAFI_P071",100
"18973",-338.330658022023,"CAFI_P071",25
"18974",1496.544741978,"CAFI_P071",50
"18975",-294.648558021989,"CAFI_P071",100
"18976",1065.38724197797,"CAFI_P071",25
"18977",479.946741977998,"CAFI_P071",50
"18978",1924.47654197802,"CAFI_P071",100
"18979",4158.23624197801,"CAFI_P071",25
"18980",-1129.01085802203,"CAFI_P071",50
"18981",-450.335758022033,"CAFI_P071",100
"18982",1137.47924197797,"CAFI_P071",25
"18983",57.1436419779784,"CAFI_P071",50
"18984",-215.752648022026,"CAFI_P071",100
"18985",-872.318458022026,"CAFI_P071",25
"18986",-1068.46948802203,"CAFI_P071",50
"18987",287.818021978019,"CAFI_P071",100
"18988",166.532641978003,"CAFI_P071",25
"18989",-1184.25485802203,"CAFI_P071",50
"18990",-1552.67545802199,"CAFI_P071",100
"18991",-288.355558021984,"CAFI_P071",25
"18992",-1130.77855802199,"CAFI_P071",50
"18993",-140.65165802202,"CAFI_P071",100
"18994",241.117541977961,"CAFI_P071",25
"18995",1790.03884197801,"CAFI_P071",50
"18996",-626.288588021998,"CAFI_P071",100
"18997",146.550841977994,"CAFI_P071",25
"18998",-1312.15515802201,"CAFI_P071",50
"18999",7174.28824197798,"CAFI_P071",100
"19000",-71.7902580220252,"CAFI_P071",25
"19001",-1211.78635802201,"CAFI_P071",50
"19002",2014.889141978,"CAFI_P071",100
"19003",121.26644197799,"CAFI_P071",25
"19004",1072.85344197799,"CAFI_P071",50
"19005",5907.32044197799,"CAFI_P071",100
"19006",134.125341977982,"CAFI_P071",25
"19007",1307.70744197798,"CAFI_P071",50
"19008",-1336.51553802204,"CAFI_P071",100
"19009",-259.790758021991,"CAFI_P071",25
"19010",-415.938658022031,"CAFI_P071",50
"19011",1045.33481197798,"CAFI_P071",100
"19012",2758.258041978,"CAFI_P071",25
"19013",240.749141977984,"CAFI_P071",50
"19014",-30.743868021993,"CAFI_P071",100
"19015",2216.581641978,"CAFI_P071",25
"19016",445.813941977976,"CAFI_P071",50
"19017",-531.541258022015,"CAFI_P071",100
"19018",-44.470358022023,"CAFI_P071",25
"19019",3333.95144197799,"CAFI_P071",50
"19020",18998.740541978,"CAFI_P071",100
"19021",421.128541978018,"CAFI_P071",25
"19022",-1385.33695802203,"CAFI_P071",50
"19023",-684.863958022033,"CAFI_P071",100
"19024",435.470741977973,"CAFI_P071",25
"19025",-269.738448021992,"CAFI_P071",50
"19026",970.133741977974,"CAFI_P071",100
"19027",746.176241978013,"CAFI_P071",25
"19028",714.971541978011,"CAFI_P071",50
"19029",1904.91774197802,"CAFI_P071",100
"19030",-89.3436580220005,"CAFI_P071",25
"19031",336.470641977969,"CAFI_P071",50
"19032",1444.39384197799,"CAFI_P071",100
"19033",2505.73304197798,"CAFI_P071",25
"19034",-1351.13695802202,"CAFI_P071",50
"19035",1359.91106197797,"CAFI_P071",100
"19036",92.4209419779945,"CAFI_P071",25
"19037",-798.353158021986,"CAFI_P071",50
"19038",1239.51594197797,"CAFI_P071",100
"19039",-236.244158021989,"CAFI_P071",25
"19040",-226.625158021983,"CAFI_P071",50
"19041",3021.03104197799,"CAFI_P071",100
"19042",3419.84204197797,"CAFI_P071",25
"19043",-1047.00315802201,"CAFI_P071",50
"19044",4098.17304197798,"CAFI_P071",100
"19045",2012.524041978,"CAFI_P071",25
"19046",292.317641977977,"CAFI_P071",50
"19047",4680.814441978,"CAFI_P071",100
"19048",183.757341977966,"CAFI_P071",25
"19049",-405.900148021989,"CAFI_P071",50
"19050",-237.13185802201,"CAFI_P071",100
"19051",575.107141977991,"CAFI_P071",25
"19052",-743.903358021984,"CAFI_P071",50
"19053",1851.06724197802,"CAFI_P071",100
"19054",3390.63164197799,"CAFI_P071",25
"19055",2086.90104197798,"CAFI_P071",50
"19056",-1539.75835802202,"CAFI_P071",100
"19057",83.1391419779975,"CAFI_P071",25
"19058",384.627941977989,"CAFI_P071",50
"19059",1323.96094197797,"CAFI_P071",100
"19060",1052.138041978,"CAFI_P071",25
"19061",-90.1025580220157,"CAFI_P071",50
"19062",-1257.80875802203,"CAFI_P071",100
"19063",430.660041978001,"CAFI_P071",25
"19064",-182.623658022028,"CAFI_P071",50
"19065",-470.59398802201,"CAFI_P071",100
"19066",-75.0682580220164,"CAFI_P071",25
"19067",1852.08344197797,"CAFI_P071",50
"19068",7271.54324197798,"CAFI_P071",100
"19069",293.294541977986,"CAFI_P071",25
"19070",394.881641977991,"CAFI_P071",50
"19071",2715.71294197801,"CAFI_P071",100
"19072",2093.69024197798,"CAFI_P071",25
"19073",654.598841978004,"CAFI_P071",50
"19074",-352.109058022033,"CAFI_P071",100
"19075",-342.858458022005,"CAFI_P071",25
"19076",-114.086358022003,"CAFI_P071",50
"19077",-538.220258022018,"CAFI_P071",100
"19078",515.727341977996,"CAFI_P071",25
"19079",-294.77075802203,"CAFI_P071",50
"19080",524.888541977969,"CAFI_P071",100
"19081",-115.711658022017,"CAFI_P071",25
"19082",1497.895241978,"CAFI_P071",50
"19083",-1416.876658022,"CAFI_P071",100
"19084",-360.870948021999,"CAFI_P071",25
"19085",-1004.97915802203,"CAFI_P071",50
"19086",-60.8537480219966,"CAFI_P071",100
"19087",1227.53724197799,"CAFI_P071",25
"19088",-1407.724628022,"CAFI_P071",50
"19089",1987.40881197801,"CAFI_P071",100
"19090",1027.308241978,"CAFI_P071",25
"19091",4499.922241978,"CAFI_P071",50
"19092",464.287841978017,"CAFI_P071",100
"19093",682.851441978011,"CAFI_P071",25
"19094",15.2541419779882,"CAFI_P071",50
"19095",-52.5069580220152,"CAFI_P071",100
"19096",-1121.91875802202,"CAFI_P071",25
"19097",4230.72714197799,"CAFI_P071",50
"19098",1620.83094197797,"CAFI_P071",100
"19099",158.784041978011,"CAFI_P071",25
"19100",-628.085958021984,"CAFI_P071",50
"19101",-1147.76927802199,"CAFI_P071",100
"19102",37.1124419780099,"CAFI_P071",25
"19103",133.805541977985,"CAFI_P071",50
"19104",-1610.19322802202,"CAFI_P071",100
"19105",19.2047419779701,"CAFI_P071",25
"19106",662.236441977962,"CAFI_P071",50
"19107",-1493.71875802201,"CAFI_P071",100
"19108",1871.74004197802,"CAFI_P071",25
"19109",412.402541977994,"CAFI_P071",50
"19110",19097.485241978,"CAFI_P071",100
"19111",-126.309358022001,"CAFI_P071",25
"19112",202.789341977972,"CAFI_P071",50
"19113",4546.58574197796,"CAFI_P071",100
"19114",1211.324241978,"CAFI_P071",25
"19115",198.863841978018,"CAFI_P071",50
"19116",3069.278941978,"CAFI_P071",100
"19117",-1009.79315802199,"CAFI_P071",25
"19118",303.741911977995,"CAFI_P071",50
"19119",-460.737208022038,"CAFI_P071",100
"19120",371.302141977998,"CAFI_P071",25
"19121",-1272.870558022,"CAFI_P071",50
"19122",1691.79874197801,"CAFI_P071",100
"19123",-639.765358022007,"CAFI_P071",25
"19124",-18.0371580219944,"CAFI_P071",50
"19125",156.50764197798,"CAFI_P071",100
"19126",19005.944241978,"CAFI_P071",25
"19127",1812.276441978,"CAFI_P071",50
"19128",1507.98244197801,"CAFI_P071",100
"19129",1150.710241978,"CAFI_P071",25
"19130",-1419.64425802202,"CAFI_P071",50
"19131",1476.64304197801,"CAFI_P071",100
"19132",94.3897419779678,"CAFI_P071",25
"19133",-274.440958022024,"CAFI_P071",50
"19134",2378.11304197798,"CAFI_P071",100
"19135",2012.524041978,"CAFI_P071",25
"19136",2450.147841978,"CAFI_P071",50
"19137",2627.94487197796,"CAFI_P071",100
"19138",-123.537538022036,"CAFI_P071",25
"19139",635.868441978004,"CAFI_P071",50
"19140",1553.42534197797,"CAFI_P071",100
"19141",-239.362158022006,"CAFI_P071",25
"19142",1142.37004197796,"CAFI_P071",50
"19143",5017.90584197798,"CAFI_P071",100
"19144",196.293741978006,"CAFI_P071",25
"19145",-549.641458022001,"CAFI_P071",50
"19146",-651.948788021982,"CAFI_P071",100
"19147",-1246.08175802202,"CAFI_P071",25
"19148",1110.79864197801,"CAFI_P071",50
"19149",-928.584838022012,"CAFI_P071",100
"19150",1157.55404197797,"CAFI_P071",25
"19151",-455.283058022032,"CAFI_P071",50
"19152",21634.183461978,"CAFI_P071",100
"19153",338.422041977989,"CAFI_P071",25
"19154",41.6761419780087,"CAFI_P071",50
"19155",1588.22595197801,"CAFI_P071",100
"19156",1413.30664197798,"CAFI_P071",25
"19157",-158.203908022027,"CAFI_P071",50
"19158",2690.312821978,"CAFI_P071",100
"19159",5403.59164197801,"CAFI_P071",25
"19160",-1107.392658022,"CAFI_P071",50
"19161",2769.80874197796,"CAFI_P071",100
"19162",-433.276558022015,"CAFI_P071",25
"19163",1204.72674197797,"CAFI_P071",50
"19164",4535.209331978,"CAFI_P071",100
"19165",-55.8774580220343,"CAFI_P071",25
"19166",-213.50235802203,"CAFI_P071",50
"19167",-910.814438022033,"CAFI_P071",100
"19168",-333.428058021993,"CAFI_P071",25
"19169",664.878441978013,"CAFI_P071",50
"19170",98.713271977962,"CAFI_P071",100
"19171",-778.204858021985,"CAFI_P071",25
"19172",1743.30674197798,"CAFI_P071",50
"19173",13165.138141978,"CAFI_P071",100
"19174",-1213.47455802199,"CAFI_P071",25
"19175",1061.91344197799,"CAFI_P071",50
"19176",760.414341977972,"CAFI_P071",100
"19177",-418.783138022001,"CAFI_P071",25
"19178",69.1814419779694,"CAFI_P071",50
"19179",-1033.13763802202,"CAFI_P071",100
"19180",-22.8962580219959,"CAFI_P071",25
"19181",-1424.58347802202,"CAFI_P071",50
"19182",-1162.43189802201,"CAFI_P071",100
"19183",-509.974658021994,"CAFI_P071",25
"19184",-62.3943580220221,"CAFI_P071",50
"19185",421.814341977995,"CAFI_P071",100
"19186",-1291.79928802198,"CAFI_P071",25
"19187",-449.817558021983,"CAFI_P071",50
"19188",-1916.43028802203,"CAFI_P071",100
"19189",-231.606958021992,"CAFI_P071",25
"19190",2511.85904197796,"CAFI_P071",50
"19191",3305.23814197798,"CAFI_P071",100
"19192",440.698841977981,"CAFI_P071",25
"19193",1491.07044197799,"CAFI_P071",50
"19194",20274.895341978,"CAFI_P071",100
"19195",58.2167419780162,"CAFI_P071",25
"19196",-1035.382858022,"CAFI_P071",50
"19197",-1105.96577802202,"CAFI_P071",100
"19198",328.135241977987,"CAFI_P071",25
"19199",2418.99324197799,"CAFI_P071",50
"19200",1915.958621978,"CAFI_P071",100
"19201",1460.73324864899,"CAFI_P072",25
"19202",972.411788648984,"CAFI_P072",50
"19203",-4035.88498135097,"CAFI_P072",100
"19204",-1352.44718135102,"CAFI_P072",25
"19205",-5145.90610135102,"CAFI_P072",50
"19206",-2635.80941135099,"CAFI_P072",100
"19207",1998.64536864898,"CAFI_P072",25
"19208",-1662.67216135102,"CAFI_P072",50
"19209",-4269.51826135098,"CAFI_P072",100
"19210",-454.696881351003,"CAFI_P072",25
"19211",-6155.99252135097,"CAFI_P072",50
"19212",-7031.09986135102,"CAFI_P072",100
"19213",-4577.899761351,"CAFI_P072",25
"19214",-1276.585251351,"CAFI_P072",50
"19215",-476.791021351004,"CAFI_P072",100
"19216",24.7458286490291,"CAFI_P072",25
"19217",-2155.98310135101,"CAFI_P072",50
"19218",-6658.38335135102,"CAFI_P072",100
"19219",1295.10954864899,"CAFI_P072",25
"19220",-6967.16159135097,"CAFI_P072",50
"19221",-3347.50841135101,"CAFI_P072",100
"19222",-1184.04165135103,"CAFI_P072",25
"19223",1072.977058649,"CAFI_P072",50
"19224",-1612.086481351,"CAFI_P072",100
"19225",-3099.40389135102,"CAFI_P072",25
"19226",-2877.34374135098,"CAFI_P072",50
"19227",-1128.56796135101,"CAFI_P072",100
"19228",4212.41829864902,"CAFI_P072",25
"19229",-5429.36432135099,"CAFI_P072",50
"19230",-279.374441350985,"CAFI_P072",100
"19231",-1977.48002135102,"CAFI_P072",25
"19232",6162.98378864903,"CAFI_P072",50
"19233",-2733.100111351,"CAFI_P072",100
"19234",-1383.642851351,"CAFI_P072",25
"19235",-3801.44278135098,"CAFI_P072",50
"19236",2628.11836864898,"CAFI_P072",100
"19237",-2663.74988135102,"CAFI_P072",25
"19238",-1658.06728135102,"CAFI_P072",50
"19239",1297.78011864901,"CAFI_P072",100
"19240",-1579.63764135097,"CAFI_P072",25
"19241",-1368.83267135097,"CAFI_P072",50
"19242",5775.279528649,"CAFI_P072",100
"19243",-724.705341350986,"CAFI_P072",25
"19244",249.852988648985,"CAFI_P072",50
"19245",-2786.67531135102,"CAFI_P072",100
"19246",-913.762601351016,"CAFI_P072",25
"19247",45.2749186489964,"CAFI_P072",50
"19248",-6381.281481351,"CAFI_P072",100
"19249",2743.73051864898,"CAFI_P072",25
"19250",2347.56069864897,"CAFI_P072",50
"19251",7622.50017864897,"CAFI_P072",100
"19252",-392.528081351018,"CAFI_P072",25
"19253",-1416.65478135098,"CAFI_P072",50
"19254",1996.90652864898,"CAFI_P072",100
"19255",-433.465481351013,"CAFI_P072",25
"19256",-4787.12657135102,"CAFI_P072",50
"19257",-1181.30376135098,"CAFI_P072",100
"19258",-1472.43534135103,"CAFI_P072",25
"19259",3412.557858649,"CAFI_P072",50
"19260",-5199.50515135098,"CAFI_P072",100
"19261",-773.091421351011,"CAFI_P072",25
"19262",-3111.66543135099,"CAFI_P072",50
"19263",-6283.52157135098,"CAFI_P072",100
"19264",-5598.38585135102,"CAFI_P072",25
"19265",-2198.27895135101,"CAFI_P072",50
"19266",-438.686891351012,"CAFI_P072",100
"19267",-413.99225135101,"CAFI_P072",25
"19268",-2461.664491351,"CAFI_P072",50
"19269",4205.60658864898,"CAFI_P072",100
"19270",2045.47378864902,"CAFI_P072",25
"19271",-1036.70193135098,"CAFI_P072",50
"19272",164.804858648975,"CAFI_P072",100
"19273",-2102.80000135099,"CAFI_P072",25
"19274",-2067.19338135101,"CAFI_P072",50
"19275",10269.203618649,"CAFI_P072",100
"19276",-1095.32222135097,"CAFI_P072",25
"19277",-5883.32346135098,"CAFI_P072",50
"19278",-3968.77890135098,"CAFI_P072",100
"19279",1137.309218649,"CAFI_P072",25
"19280",3189.872888649,"CAFI_P072",50
"19281",745.794468649023,"CAFI_P072",100
"19282",2115.986498649,"CAFI_P072",25
"19283",-2696.56628135103,"CAFI_P072",50
"19284",-3966.25874135102,"CAFI_P072",100
"19285",-2418.49782135099,"CAFI_P072",25
"19286",-151.065761351027,"CAFI_P072",50
"19287",-4845.05446135101,"CAFI_P072",100
"19288",-2978.530181351,"CAFI_P072",25
"19289",-579.029411351017,"CAFI_P072",50
"19290",-3967.49177135102,"CAFI_P072",100
"19291",-2725.275181351,"CAFI_P072",25
"19292",-3263.71063135099,"CAFI_P072",50
"19293",-2580.06006135099,"CAFI_P072",100
"19294",830.566448648984,"CAFI_P072",25
"19295",-6192.43554135098,"CAFI_P072",50
"19296",-739.980361350987,"CAFI_P072",100
"19297",-19.9110713509726,"CAFI_P072",25
"19298",-6831.761001351,"CAFI_P072",50
"19299",2239.02398864902,"CAFI_P072",100
"19300",-4531.64000135101,"CAFI_P072",25
"19301",1945.924228649,"CAFI_P072",50
"19302",-4158.07716135099,"CAFI_P072",100
"19303",-4212.529951351,"CAFI_P072",25
"19304",-325.524811350973,"CAFI_P072",50
"19305",-1587.848621351,"CAFI_P072",100
"19306",-3032.30778135097,"CAFI_P072",25
"19307",4091.533128649,"CAFI_P072",50
"19308",7334.96525864903,"CAFI_P072",100
"19309",-4796.42128135101,"CAFI_P072",25
"19310",-1358.13899135101,"CAFI_P072",50
"19311",-6709.92857135099,"CAFI_P072",100
"19312",1220.96694864897,"CAFI_P072",25
"19313",-3236.09752135101,"CAFI_P072",50
"19314",-2939.93535135099,"CAFI_P072",100
"19315",-384.348381350981,"CAFI_P072",25
"19316",9721.21341864899,"CAFI_P072",50
"19317",-94.2827213510172,"CAFI_P072",100
"19318",2168.06261864898,"CAFI_P072",25
"19319",-6182.35468135099,"CAFI_P072",50
"19320",-3251.05259135098,"CAFI_P072",100
"19321",990.571088648983,"CAFI_P072",25
"19322",-5378.38683135097,"CAFI_P072",50
"19323",-1973.38656135101,"CAFI_P072",100
"19324",560.100918648997,"CAFI_P072",25
"19325",124.048618649016,"CAFI_P072",50
"19326",-4633.887951351,"CAFI_P072",100
"19327",-887.254501350981,"CAFI_P072",25
"19328",-3784.89815135102,"CAFI_P072",50
"19329",2451.11541864899,"CAFI_P072",100
"19330",2319.52768864902,"CAFI_P072",25
"19331",-128.132791351003,"CAFI_P072",50
"19332",-7094.09146135102,"CAFI_P072",100
"19333",-410.008381351014,"CAFI_P072",25
"19334",-372.965481351013,"CAFI_P072",50
"19335",-2104.50790135103,"CAFI_P072",100
"19336",1094.944248649,"CAFI_P072",25
"19337",-3272.278881351,"CAFI_P072",50
"19338",-3033.891551351,"CAFI_P072",100
"19339",-196.73120135098,"CAFI_P072",25
"19340",-508.727151350991,"CAFI_P072",50
"19341",-665.604051351023,"CAFI_P072",100
"19342",-2202.99365135102,"CAFI_P072",25
"19343",1244.88503864902,"CAFI_P072",50
"19344",-2361.77646135102,"CAFI_P072",100
"19345",317.288558649016,"CAFI_P072",25
"19346",-1095.84309135098,"CAFI_P072",50
"19347",-6653.78298135102,"CAFI_P072",100
"19348",2502.84789864899,"CAFI_P072",25
"19349",-80.1344113509986,"CAFI_P072",50
"19350",-2348.068341351,"CAFI_P072",100
"19351",-1300.36542135099,"CAFI_P072",25
"19352",3438.72991864901,"CAFI_P072",50
"19353",-3646.038551351,"CAFI_P072",100
"19354",-255.580771351,"CAFI_P072",25
"19355",983.850618648983,"CAFI_P072",50
"19356",-5185.76427135098,"CAFI_P072",100
"19357",2384.06625864899,"CAFI_P072",25
"19358",-1910.54343135102,"CAFI_P072",50
"19359",442.519818648987,"CAFI_P072",100
"19360",-853.71796135098,"CAFI_P072",25
"19361",1470.62461864902,"CAFI_P072",50
"19362",-7551.77718135098,"CAFI_P072",100
"19363",-813.295451350976,"CAFI_P072",25
"19364",-5312.69486135099,"CAFI_P072",50
"19365",-5726.06824135099,"CAFI_P072",100
"19366",3700.11275864899,"CAFI_P072",25
"19367",-3397.04724135099,"CAFI_P072",50
"19368",166.90545864898,"CAFI_P072",100
"19369",-2765.80188135098,"CAFI_P072",25
"19370",-3755.52586135099,"CAFI_P072",50
"19371",-1938.78431135102,"CAFI_P072",100
"19372",-960.667751351022,"CAFI_P072",25
"19373",6930.22603864898,"CAFI_P072",50
"19374",-5042.05465135101,"CAFI_P072",100
"19375",-5691.663001351,"CAFI_P072",25
"19376",-2445.39558135101,"CAFI_P072",50
"19377",341.858168649022,"CAFI_P072",100
"19378",681.316018649028,"CAFI_P072",25
"19379",1536.915918649,"CAFI_P072",50
"19380",-3122.73638135102,"CAFI_P072",100
"19381",1764.51291864901,"CAFI_P072",25
"19382",793.699648649024,"CAFI_P072",50
"19383",-2451.33823135099,"CAFI_P072",100
"19384",3666.76041864901,"CAFI_P072",25
"19385",2242.34363864898,"CAFI_P072",50
"19386",2338.63871864899,"CAFI_P072",100
"19387",141.484188648988,"CAFI_P072",25
"19388",-1425.89388135099,"CAFI_P072",50
"19389",1856.18150864902,"CAFI_P072",100
"19390",-3514.58478135098,"CAFI_P072",25
"19391",-5453.50638135098,"CAFI_P072",50
"19392",-4895.84010135097,"CAFI_P072",100
"19393",-825.718411350972,"CAFI_P072",25
"19394",1924.38778864901,"CAFI_P072",50
"19395",-2578.41596135101,"CAFI_P072",100
"19396",-421.649031350971,"CAFI_P072",25
"19397",2011.98883864901,"CAFI_P072",50
"19398",-4964.579311351,"CAFI_P072",100
"19399",-2682.493351351,"CAFI_P072",25
"19400",2353.55481864902,"CAFI_P072",50
"19401",8353.022098649,"CAFI_P072",100
"19402",4337.42359864898,"CAFI_P072",25
"19403",-1797.44962135103,"CAFI_P072",50
"19404",-4964.91728135099,"CAFI_P072",100
"19405",988.456688649021,"CAFI_P072",25
"19406",-4752.59431135101,"CAFI_P072",50
"19407",3544.37767864898,"CAFI_P072",100
"19408",-1390.93681135098,"CAFI_P072",25
"19409",-2693.50960135099,"CAFI_P072",50
"19410",-4625.65603135101,"CAFI_P072",100
"19411",-5877.92665135098,"CAFI_P072",25
"19412",-701.249911351013,"CAFI_P072",50
"19413",92.2039886490093,"CAFI_P072",100
"19414",213.407028649002,"CAFI_P072",25
"19415",-3028.60495135101,"CAFI_P072",50
"19416",701.414098648995,"CAFI_P072",100
"19417",6709.46854864899,"CAFI_P072",25
"19418",-4238.25059135101,"CAFI_P072",50
"19419",2920.90227864898,"CAFI_P072",100
"19420",640.64208864898,"CAFI_P072",25
"19421",-3324.17023135099,"CAFI_P072",50
"19422",-4501.16068135097,"CAFI_P072",100
"19423",-382.170841350977,"CAFI_P072",25
"19424",-2759.27735135099,"CAFI_P072",50
"19425",-4092.42694135098,"CAFI_P072",100
"19426",300.453888649005,"CAFI_P072",25
"19427",-1409.60628135101,"CAFI_P072",50
"19428",-4933.56988135102,"CAFI_P072",100
"19429",-1208.842971351,"CAFI_P072",25
"19430",-4897.73945135099,"CAFI_P072",50
"19431",-4554.790791351,"CAFI_P072",100
"19432",1932.99691864901,"CAFI_P072",25
"19433",-1527.673581351,"CAFI_P072",50
"19434",611.36585864902,"CAFI_P072",100
"19435",4469.61741864902,"CAFI_P072",25
"19436",-3268.38158135099,"CAFI_P072",50
"19437",-4169.61503135099,"CAFI_P072",100
"19438",-1112.37488135102,"CAFI_P072",25
"19439",-4880.04841135099,"CAFI_P072",50
"19440",-2523.20075135102,"CAFI_P072",100
"19441",1027.884148649,"CAFI_P072",25
"19442",64.3709486490116,"CAFI_P072",50
"19443",-4240.98500135099,"CAFI_P072",100
"19444",-6491.57534135098,"CAFI_P072",25
"19445",-1175.54778135102,"CAFI_P072",50
"19446",-625.909741350973,"CAFI_P072",100
"19447",349.014218649012,"CAFI_P072",25
"19448",3467.02873864898,"CAFI_P072",50
"19449",-3628.37178135099,"CAFI_P072",100
"19450",-3985.01608135097,"CAFI_P072",25
"19451",-4119.70105135097,"CAFI_P072",50
"19452",-4683.86474135099,"CAFI_P072",100
"19453",-5633.29585135099,"CAFI_P072",25
"19454",2758.35528864898,"CAFI_P072",50
"19455",-2062.18983135099,"CAFI_P072",100
"19456",-3923.55855135102,"CAFI_P072",25
"19457",-5515.19656135101,"CAFI_P072",50
"19458",1809.68334864901,"CAFI_P072",100
"19459",-6006.143531351,"CAFI_P072",25
"19460",7449.872988649,"CAFI_P072",50
"19461",-5172.68623135099,"CAFI_P072",100
"19462",-1750.30699135101,"CAFI_P072",25
"19463",-5221.570551351,"CAFI_P072",50
"19464",-5917.83681135101,"CAFI_P072",100
"19465",1752.84998864902,"CAFI_P072",25
"19466",149.729998648982,"CAFI_P072",50
"19467",-5710.87765135098,"CAFI_P072",100
"19468",-2090.09884135099,"CAFI_P072",25
"19469",-1567.98746135097,"CAFI_P072",50
"19470",-500.501171351003,"CAFI_P072",100
"19471",-786.916271350987,"CAFI_P072",25
"19472",2101.99700864899,"CAFI_P072",50
"19473",7452.835378649,"CAFI_P072",100
"19474",4930.50684864901,"CAFI_P072",25
"19475",-1622.698111351,"CAFI_P072",50
"19476",-5863.24706135102,"CAFI_P072",100
"19477",448.731118649011,"CAFI_P072",25
"19478",2935.06738864898,"CAFI_P072",50
"19479",-4425.02035135101,"CAFI_P072",100
"19480",-4746.91348135099,"CAFI_P072",25
"19481",1056.93708864902,"CAFI_P072",50
"19482",-5169.30756135099,"CAFI_P072",100
"19483",236.243848649028,"CAFI_P072",25
"19484",5029.38079864898,"CAFI_P072",50
"19485",-4034.09614135098,"CAFI_P072",100
"19486",-103.310891351022,"CAFI_P072",25
"19487",-1803.23341135099,"CAFI_P072",50
"19488",-3511.34624135098,"CAFI_P072",100
"19489",-1591.06275135098,"CAFI_P072",25
"19490",-3259.09834135103,"CAFI_P072",50
"19491",-5092.708561351,"CAFI_P072",100
"19492",633.95471864898,"CAFI_P072",25
"19493",1857.796858649,"CAFI_P072",50
"19494",-5681.44589135097,"CAFI_P072",100
"19495",1225.90658864903,"CAFI_P072",25
"19496",914.964338649006,"CAFI_P072",50
"19497",-7757.90121135098,"CAFI_P072",100
"19498",1566.69634864898,"CAFI_P072",25
"19499",-6199.14692135103,"CAFI_P072",50
"19500",6.51701864902861,"CAFI_P072",100
"19501",8390.61664688401,"CAFI_P073",25
"19502",1058.75034688402,"CAFI_P073",50
"19503",-972.182413115981,"CAFI_P073",100
"19504",-366.142143115983,"CAFI_P073",25
"19505",-1149.78946311597,"CAFI_P073",50
"19506",-1807.56513311598,"CAFI_P073",100
"19507",716.886946883984,"CAFI_P073",25
"19508",1022.21659688401,"CAFI_P073",50
"19509",-645.418953115994,"CAFI_P073",100
"19510",-483.179803116014,"CAFI_P073",25
"19511",2891.829226884,"CAFI_P073",50
"19512",1530.21410688403,"CAFI_P073",100
"19513",-493.163273115992,"CAFI_P073",25
"19514",-1938.68330311601,"CAFI_P073",50
"19515",1856.92562688398,"CAFI_P073",100
"19516",1962.04994688398,"CAFI_P073",25
"19517",-360.392653115967,"CAFI_P073",50
"19518",-2847.99042311602,"CAFI_P073",100
"19519",-819.47287311597,"CAFI_P073",25
"19520",2557.60049688403,"CAFI_P073",50
"19521",11419.820226884,"CAFI_P073",100
"19522",-1568.06405311602,"CAFI_P073",25
"19523",4225.02502688399,"CAFI_P073",50
"19524",-875.838693115977,"CAFI_P073",100
"19525",-66.3943131159758,"CAFI_P073",25
"19526",1193.35134688398,"CAFI_P073",50
"19527",1109.028536884,"CAFI_P073",100
"19528",5226.12924688403,"CAFI_P073",25
"19529",68.3866468840279,"CAFI_P073",50
"19530",-1912.34219311597,"CAFI_P073",100
"19531",-2149.06233311602,"CAFI_P073",25
"19532",6039.85714688402,"CAFI_P073",50
"19533",2364.73506688402,"CAFI_P073",100
"19534",920.435816883983,"CAFI_P073",25
"19535",-1903.45233311597,"CAFI_P073",50
"19536",6193.67701688403,"CAFI_P073",100
"19537",-1368.64255311602,"CAFI_P073",25
"19538",-511.707333115977,"CAFI_P073",50
"19539",-541.749613115971,"CAFI_P073",100
"19540",43.2641468840302,"CAFI_P073",25
"19541",-1748.21055311599,"CAFI_P073",50
"19542",-1248.253133116,"CAFI_P073",100
"19543",-342.549633115996,"CAFI_P073",25
"19544",2134.75401688402,"CAFI_P073",50
"19545",502.88722688402,"CAFI_P073",100
"19546",-225.585253115976,"CAFI_P073",25
"19547",-159.196973116021,"CAFI_P073",50
"19548",-1623.20777311601,"CAFI_P073",100
"19549",-1137.93885311601,"CAFI_P073",25
"19550",785.332286884019,"CAFI_P073",50
"19551",2514.22112688399,"CAFI_P073",100
"19552",-1747.18035311601,"CAFI_P073",25
"19553",991.93099688401,"CAFI_P073",50
"19554",-1078.696083116,"CAFI_P073",100
"19555",78.4633468840038,"CAFI_P073",25
"19556",-519.468953115982,"CAFI_P073",50
"19557",-3069.21543311601,"CAFI_P073",100
"19558",1150.67994688399,"CAFI_P073",25
"19559",-974.617843115993,"CAFI_P073",50
"19560",1746.695786884,"CAFI_P073",100
"19561",-538.892773116007,"CAFI_P073",25
"19562",-542.412353115971,"CAFI_P073",50
"19563",1590.50076688401,"CAFI_P073",100
"19564",2129.079646884,"CAFI_P073",25
"19565",-850.916773115983,"CAFI_P073",50
"19566",-2132.520043116,"CAFI_P073",100
"19567",933.631746884028,"CAFI_P073",25
"19568",-198.018413115991,"CAFI_P073",50
"19569",1167.23682688404,"CAFI_P073",100
"19570",-850.912263115984,"CAFI_P073",25
"19571",2894.537626884,"CAFI_P073",50
"19572",3465.48782688403,"CAFI_P073",100
"19573",3644.50145688403,"CAFI_P073",25
"19574",-525.218353116012,"CAFI_P073",50
"19575",-3563.79919311596,"CAFI_P073",100
"19576",-809.003253115981,"CAFI_P073",25
"19577",1045.70070688403,"CAFI_P073",50
"19578",-2340.06406311598,"CAFI_P073",100
"19579",1712.829746884,"CAFI_P073",25
"19580",513.446546884021,"CAFI_P073",50
"19581",-2557.842763116,"CAFI_P073",100
"19582",214.322346884001,"CAFI_P073",25
"19583",133.162396883999,"CAFI_P073",50
"19584",2566.73355688399,"CAFI_P073",100
"19585",-264.309723115992,"CAFI_P073",25
"19586",7299.02794688399,"CAFI_P073",50
"19587",-297.208213115984,"CAFI_P073",100
"19588",-158.151453115977,"CAFI_P073",25
"19589",-1830.27105311601,"CAFI_P073",50
"19590",-2694.38980311598,"CAFI_P073",100
"19591",-324.625253116013,"CAFI_P073",25
"19592",983.749846883991,"CAFI_P073",50
"19593",-1222.02603311598,"CAFI_P073",100
"19594",3481.40524688398,"CAFI_P073",25
"19595",-1789.890853116,"CAFI_P073",50
"19596",-1237.411393116,"CAFI_P073",100
"19597",-2160.06555311597,"CAFI_P073",25
"19598",-1836.80214311602,"CAFI_P073",50
"19599",11235.378126884,"CAFI_P073",100
"19600",2315.93774688401,"CAFI_P073",25
"19601",1092.696826884,"CAFI_P073",50
"19602",133.91675688402,"CAFI_P073",100
"19603",1855.51364688401,"CAFI_P073",25
"19604",-142.362653115997,"CAFI_P073",50
"19605",442.400726884021,"CAFI_P073",100
"19606",-165.481753116008,"CAFI_P073",25
"19607",-1929.620343116,"CAFI_P073",50
"19608",947.386226884031,"CAFI_P073",100
"19609",819.512826883991,"CAFI_P073",25
"19610",-2.10561311600031,"CAFI_P073",50
"19611",1701.88489688403,"CAFI_P073",100
"19612",1386.311246884,"CAFI_P073",25
"19613",-2045.283573116,"CAFI_P073",50
"19614",1258.77552688401,"CAFI_P073",100
"19615",-1727.63976311596,"CAFI_P073",25
"19616",1153.32822688401,"CAFI_P073",50
"19617",1200.09868688398,"CAFI_P073",100
"19618",-1336.67675311601,"CAFI_P073",25
"19619",-1654.70855311601,"CAFI_P073",50
"19620",-502.840573115973,"CAFI_P073",100
"19621",-101.654173115967,"CAFI_P073",25
"19622",-855.646783115983,"CAFI_P073",50
"19623",-1092.79206311598,"CAFI_P073",100
"19624",-1367.26487311599,"CAFI_P073",25
"19625",-976.430453116016,"CAFI_P073",50
"19626",-1717.353603116,"CAFI_P073",100
"19627",-1340.60017311596,"CAFI_P073",25
"19628",1011.72892688401,"CAFI_P073",50
"19629",1513.17532688403,"CAFI_P073",100
"19630",-903.835723116004,"CAFI_P073",25
"19631",-208.512593115971,"CAFI_P073",50
"19632",2681.75992688403,"CAFI_P073",100
"19633",-1568.73312311602,"CAFI_P073",25
"19634",-463.944973115984,"CAFI_P073",50
"19635",1769.01046688401,"CAFI_P073",100
"19636",-1662.06155311601,"CAFI_P073",25
"19637",-624.750953115989,"CAFI_P073",50
"19638",1297.66001688398,"CAFI_P073",100
"19639",558.482346884033,"CAFI_P073",25
"19640",-802.443823116017,"CAFI_P073",50
"19641",208.700306884013,"CAFI_P073",100
"19642",-2365.47786311602,"CAFI_P073",25
"19643",-1752.49283311598,"CAFI_P073",50
"19644",7245.87392688403,"CAFI_P073",100
"19645",3250.37684688403,"CAFI_P073",25
"19646",1123.82784688403,"CAFI_P073",50
"19647",1004.46663688403,"CAFI_P073",100
"19648",-725.31145311601,"CAFI_P073",25
"19649",-1934.500373116,"CAFI_P073",50
"19650",2395.353176884,"CAFI_P073",100
"19651",-1354.83214311599,"CAFI_P073",25
"19652",-550.980853115965,"CAFI_P073",50
"19653",-1905.89818311599,"CAFI_P073",100
"19654",-768.126983115973,"CAFI_P073",25
"19655",-1377.75229311601,"CAFI_P073",50
"19656",27.5311468840227,"CAFI_P073",100
"19657",-465.838153115998,"CAFI_P073",25
"19658",2196.40174688399,"CAFI_P073",50
"19659",-278.666003115999,"CAFI_P073",100
"19660",-1244.13025311602,"CAFI_P073",25
"19661",-82.337563115987,"CAFI_P073",50
"19662",-662.289173115976,"CAFI_P073",100
"19663",-291.98995311599,"CAFI_P073",25
"19664",-1701.829423116,"CAFI_P073",50
"19665",-3247.85137311602,"CAFI_P073",100
"19666",-491.749053116015,"CAFI_P073",25
"19667",917.38047688402,"CAFI_P073",50
"19668",3790.10310688399,"CAFI_P073",100
"19669",-1490.30725311599,"CAFI_P073",25
"19670",-568.751253116003,"CAFI_P073",50
"19671",-1607.09511311597,"CAFI_P073",100
"19672",-156.510133115982,"CAFI_P073",25
"19673",1879.62242688402,"CAFI_P073",50
"19674",11634.768776884,"CAFI_P073",100
"19675",6109.16744688404,"CAFI_P073",25
"19676",-2067.49091311597,"CAFI_P073",50
"19677",2944.02718688402,"CAFI_P073",100
"19678",-447.524373115972,"CAFI_P073",25
"19679",3791.72996688401,"CAFI_P073",50
"19680",-2680.91909311601,"CAFI_P073",100
"19681",-336.23425311601,"CAFI_P073",25
"19682",810.554956884007,"CAFI_P073",50
"19683",79.726046884025,"CAFI_P073",100
"19684",5023.41564688401,"CAFI_P073",25
"19685",-889.413393115974,"CAFI_P073",50
"19686",-2345.39737311599,"CAFI_P073",100
"19687",-90.0149531160132,"CAFI_P073",25
"19688",2507.99708688399,"CAFI_P073",50
"19689",-2814.08904311596,"CAFI_P073",100
"19690",2250.672846884,"CAFI_P073",25
"19691",1436.31242688402,"CAFI_P073",50
"19692",-750.363173115999,"CAFI_P073",100
"19693",-499.662253115966,"CAFI_P073",25
"19694",-828.075963116018,"CAFI_P073",50
"19695",4970.85545688402,"CAFI_P073",100
"19696",-255.665043115965,"CAFI_P073",25
"19697",1284.74599688401,"CAFI_P073",50
"19698",2168.47686688398,"CAFI_P073",100
"19699",-1022.69266311597,"CAFI_P073",25
"19700",-1696.68871311599,"CAFI_P073",50
"19701",4866.24919688399,"CAFI_P073",100
"19702",750.698446883995,"CAFI_P073",25
"19703",228.410576883995,"CAFI_P073",50
"19704",-1732.556353116,"CAFI_P073",100
"19705",-259.808383115975,"CAFI_P073",25
"19706",541.264636884036,"CAFI_P073",50
"19707",-886.970963115979,"CAFI_P073",100
"19708",-1597.25954311597,"CAFI_P073",25
"19709",3181.74065688398,"CAFI_P073",50
"19710",-4203.98164311599,"CAFI_P073",100
"19711",5263.34864688403,"CAFI_P073",25
"19712",-563.161723116005,"CAFI_P073",50
"19713",-1210.50888311601,"CAFI_P073",100
"19714",1677.69052688399,"CAFI_P073",25
"19715",-2063.68391311599,"CAFI_P073",50
"19716",5598.28769688401,"CAFI_P073",100
"19717",-1155.99656311597,"CAFI_P073",25
"19718",1976.934626884,"CAFI_P073",50
"19719",679.840576883988,"CAFI_P073",100
"19720",1287.90271688398,"CAFI_P073",25
"19721",114.05506688403,"CAFI_P073",50
"19722",1236.94792688399,"CAFI_P073",100
"19723",-125.920873116003,"CAFI_P073",25
"19724",2683.60471688403,"CAFI_P073",50
"19725",-2425.122003116,"CAFI_P073",100
"19726",-739.426413115987,"CAFI_P073",25
"19727",102.882356884016,"CAFI_P073",50
"19728",-2930.55422311596,"CAFI_P073",100
"19729",-548.248153115972,"CAFI_P073",25
"19730",-541.320653115981,"CAFI_P073",50
"19731",-1553.96693311597,"CAFI_P073",100
"19732",-2.24946311599342,"CAFI_P073",25
"19733",7242.37596688402,"CAFI_P073",50
"19734",-536.334533115965,"CAFI_P073",100
"19735",1041.02254688402,"CAFI_P073",25
"19736",-821.377373115974,"CAFI_P073",50
"19737",7589.75800688402,"CAFI_P073",100
"19738",-168.003653116,"CAFI_P073",25
"19739",2179.51504688401,"CAFI_P073",50
"19740",-2910.396143116,"CAFI_P073",100
"19741",-208.480253115995,"CAFI_P073",25
"19742",4618.926026884,"CAFI_P073",50
"19743",-308.034083115985,"CAFI_P073",100
"19744",-486.584353115992,"CAFI_P073",25
"19745",1898.390426884,"CAFI_P073",50
"19746",8205.92708688398,"CAFI_P073",100
"19747",-1180.70077311597,"CAFI_P073",25
"19748",382.571536884003,"CAFI_P073",50
"19749",4192.80468688399,"CAFI_P073",100
"19750",1886.448646884,"CAFI_P073",25
"19751",2261.78214688401,"CAFI_P073",50
"19752",10369.974466884,"CAFI_P073",100
"19753",193.23144688399,"CAFI_P073",25
"19754",2124.53024688398,"CAFI_P073",50
"19755",1396.36044688401,"CAFI_P073",100
"19756",352.002346883994,"CAFI_P073",25
"19757",2669.28852688399,"CAFI_P073",50
"19758",-445.094413115992,"CAFI_P073",100
"19759",1685.53224688402,"CAFI_P073",25
"19760",2504.25164688402,"CAFI_P073",50
"19761",-2821.31139311602,"CAFI_P073",100
"19762",-514.551293116005,"CAFI_P073",25
"19763",-1377.39097311598,"CAFI_P073",50
"19764",1226.16344688402,"CAFI_P073",100
"19765",-1554.91331311601,"CAFI_P073",25
"19766",-605.952653115964,"CAFI_P073",50
"19767",-619.784433115972,"CAFI_P073",100
"19768",1101.17664688401,"CAFI_P073",25
"19769",405.986746884009,"CAFI_P073",50
"19770",-323.167273116007,"CAFI_P073",100
"19771",236.477326883993,"CAFI_P073",25
"19772",-2256.12249311601,"CAFI_P073",50
"19773",3452.09931688401,"CAFI_P073",100
"19774",-355.625463115983,"CAFI_P073",25
"19775",2241.29467688402,"CAFI_P073",50
"19776",-3136.01542311598,"CAFI_P073",100
"19777",817.224846884026,"CAFI_P073",25
"19778",-2796.70536311599,"CAFI_P073",50
"19779",-1491.01438311598,"CAFI_P073",100
"19780",-501.656553115987,"CAFI_P073",25
"19781",9572.41082688404,"CAFI_P073",50
"19782",3025.16923688399,"CAFI_P073",100
"19783",-804.023813116015,"CAFI_P073",25
"19784",-2867.40475311602,"CAFI_P073",50
"19785",-3258.30812311597,"CAFI_P073",100
"19786",-88.2120231160079,"CAFI_P073",25
"19787",1291.19818688399,"CAFI_P073",50
"19788",-1881.07437311602,"CAFI_P073",100
"19789",-623.024373115972,"CAFI_P073",25
"19790",-2188.90514311602,"CAFI_P073",50
"19791",-2719.07662311598,"CAFI_P073",100
"19792",4862.563846884,"CAFI_P073",25
"19793",-565.387563115975,"CAFI_P073",50
"19794",-2860.38850311597,"CAFI_P073",100
"19795",-95.7065531159751,"CAFI_P073",25
"19796",970.104846884031,"CAFI_P073",50
"19797",-3020.20780311601,"CAFI_P073",100
"19798",-2235.83125311602,"CAFI_P073",25
"19799",6031.68971688399,"CAFI_P073",50
"19800",2295.73082688398,"CAFI_P073",100
"19801",-46.1273648659699,"CAFI_P074",25
"19802",-8588.07424486597,"CAFI_P074",50
"19803",-12828.934404866,"CAFI_P074",100
"19804",-4590.96832486597,"CAFI_P074",25
"19805",-8751.30775486596,"CAFI_P074",50
"19806",-13073.458784866,"CAFI_P074",100
"19807",373.442655134015,"CAFI_P074",25
"19808",-10766.958484866,"CAFI_P074",50
"19809",-3761.92818486597,"CAFI_P074",100
"19810",1861.904745134,"CAFI_P074",25
"19811",-2175.23488486599,"CAFI_P074",50
"19812",-9678.431444866,"CAFI_P074",100
"19813",-3746.55384486599,"CAFI_P074",25
"19814",6355.71135513403,"CAFI_P074",50
"19815",-8550.63492486597,"CAFI_P074",100
"19816",1897.191155134,"CAFI_P074",25
"19817",-6152.30791486596,"CAFI_P074",50
"19818",-15161.113714866,"CAFI_P074",100
"19819",107.336895134009,"CAFI_P074",25
"19820",-8117.05711486598,"CAFI_P074",50
"19821",-10921.997794866,"CAFI_P074",100
"19822",-11752.055714866,"CAFI_P074",25
"19823",-14888.064894866,"CAFI_P074",50
"19824",-11294.535214866,"CAFI_P074",100
"19825",-5603.05074486596,"CAFI_P074",25
"19826",-6127.93074486597,"CAFI_P074",50
"19827",-7832.71290486597,"CAFI_P074",100
"19828",-12735.090754866,"CAFI_P074",25
"19829",-7672.916874866,"CAFI_P074",50
"19830",-13655.829424866,"CAFI_P074",100
"19831",-6441.25050486595,"CAFI_P074",25
"19832",6226.60845513403,"CAFI_P074",50
"19833",-11451.390004866,"CAFI_P074",100
"19834",-318.824184865982,"CAFI_P074",25
"19835",5779.30623513402,"CAFI_P074",50
"19836",-4724.05763486598,"CAFI_P074",100
"19837",11010.401625134,"CAFI_P074",25
"19838",-731.159044865984,"CAFI_P074",50
"19839",-14560.922204866,"CAFI_P074",100
"19840",-3097.18221486598,"CAFI_P074",25
"19841",5206.12275513401,"CAFI_P074",50
"19842",-15583.551414866,"CAFI_P074",100
"19843",-3587.49374486599,"CAFI_P074",25
"19844",-14200.026944866,"CAFI_P074",50
"19845",-7278.754004866,"CAFI_P074",100
"19846",-4478.14225486596,"CAFI_P074",25
"19847",3769.15735513403,"CAFI_P074",50
"19848",-11370.112914866,"CAFI_P074",100
"19849",-5035.94712486595,"CAFI_P074",25
"19850",-7479.57478486595,"CAFI_P074",50
"19851",-8976.51217486599,"CAFI_P074",100
"19852",-344.514864865982,"CAFI_P074",25
"19853",-5638.60357486596,"CAFI_P074",50
"19854",-15205.224054866,"CAFI_P074",100
"19855",-2292.083344866,"CAFI_P074",25
"19856",-15092.581384866,"CAFI_P074",50
"19857",-14231.864354866,"CAFI_P074",100
"19858",-4127.85564486595,"CAFI_P074",25
"19859",-3983.547554866,"CAFI_P074",50
"19860",-14466.149674866,"CAFI_P074",100
"19861",-2927.25584486598,"CAFI_P074",25
"19862",-9556.781034866,"CAFI_P074",50
"19863",-5505.63356486597,"CAFI_P074",100
"19864",4768.55510513403,"CAFI_P074",25
"19865",-2989.16912486596,"CAFI_P074",50
"19866",-4821.262344866,"CAFI_P074",100
"19867",793.698555134004,"CAFI_P074",25
"19868",2520.97891513404,"CAFI_P074",50
"19869",-15227.407054866,"CAFI_P074",100
"19870",-9123.79660486599,"CAFI_P074",25
"19871",190.132725134026,"CAFI_P074",50
"19872",4048.02110513404,"CAFI_P074",100
"19873",-584.383844865952,"CAFI_P074",25
"19874",-9107.05624486599,"CAFI_P074",50
"19875",-5507.78663486597,"CAFI_P074",100
"19876",-5100.31236486597,"CAFI_P074",25
"19877",-8721.00289486599,"CAFI_P074",50
"19878",-6939.21637486597,"CAFI_P074",100
"19879",-1779.88704486599,"CAFI_P074",25
"19880",-5671.11512486596,"CAFI_P074",50
"19881",-16482.533134866,"CAFI_P074",100
"19882",-3353.70874486596,"CAFI_P074",25
"19883",111.496265134017,"CAFI_P074",50
"19884",-16295.774954866,"CAFI_P074",100
"19885",361.598235134035,"CAFI_P074",25
"19886",-12456.348734866,"CAFI_P074",50
"19887",-14382.276344866,"CAFI_P074",100
"19888",-3742.05664486595,"CAFI_P074",25
"19889",-3658.70764486596,"CAFI_P074",50
"19890",-11418.822474866,"CAFI_P074",100
"19891",-5522.06497486599,"CAFI_P074",25
"19892",-1903.28202486597,"CAFI_P074",50
"19893",-11911.813404866,"CAFI_P074",100
"19894",-1689.47487486596,"CAFI_P074",25
"19895",-601.130844865984,"CAFI_P074",50
"19896",-9487.16202486597,"CAFI_P074",100
"19897",4637.09355513402,"CAFI_P074",25
"19898",-4682.29308486596,"CAFI_P074",50
"19899",-5658.71606486599,"CAFI_P074",100
"19900",630.995055134001,"CAFI_P074",25
"19901",-15700.156744866,"CAFI_P074",50
"19902",-14301.209234866,"CAFI_P074",100
"19903",-904.370244866004,"CAFI_P074",25
"19904",-15121.294004866,"CAFI_P074",50
"19905",-15073.320194866,"CAFI_P074",100
"19906",5361.187455134,"CAFI_P074",25
"19907",-8104.76695486601,"CAFI_P074",50
"19908",-14327.436514866,"CAFI_P074",100
"19909",-4758.91614486597,"CAFI_P074",25
"19910",-4973.547974866,"CAFI_P074",50
"19911",-9338.83076486597,"CAFI_P074",100
"19912",-4419.91751486599,"CAFI_P074",25
"19913",-3436.02818486595,"CAFI_P074",50
"19914",-11083.162614866,"CAFI_P074",100
"19915",2504.56290513399,"CAFI_P074",25
"19916",-5853.01829486596,"CAFI_P074",50
"19917",-16184.674594866,"CAFI_P074",100
"19918",-10740.959704866,"CAFI_P074",25
"19919",1523.41031513404,"CAFI_P074",50
"19920",-14517.551894866,"CAFI_P074",100
"19921",188.917835134023,"CAFI_P074",25
"19922",-12469.543734866,"CAFI_P074",50
"19923",-10046.019584866,"CAFI_P074",100
"19924",444.09025513404,"CAFI_P074",25
"19925",1995.636315134,"CAFI_P074",50
"19926",-10131.534204866,"CAFI_P074",100
"19927",-2437.38634486595,"CAFI_P074",25
"19928",-3730.10352486599,"CAFI_P074",50
"19929",-15022.593984866,"CAFI_P074",100
"19930",-8141.32494486601,"CAFI_P074",25
"19931",-600.19502486597,"CAFI_P074",50
"19932",-6891.21449486597,"CAFI_P074",100
"19933",-3878.34278486599,"CAFI_P074",25
"19934",-6403.18374486599,"CAFI_P074",50
"19935",-12062.178164866,"CAFI_P074",100
"19936",-5456.30422486598,"CAFI_P074",25
"19937",4884.65997513401,"CAFI_P074",50
"19938",-14032.993654866,"CAFI_P074",100
"19939",-6110.06804486597,"CAFI_P074",25
"19940",-10265.735644866,"CAFI_P074",50
"19941",-17253.436064866,"CAFI_P074",100
"19942",-3010.340094866,"CAFI_P074",25
"19943",292.855685134011,"CAFI_P074",50
"19944",-8916.95209486596,"CAFI_P074",100
"19945",-16153.271484866,"CAFI_P074",25
"19946",-4278.39284486597,"CAFI_P074",50
"19947",-12345.525324866,"CAFI_P074",100
"19948",-91.058944866003,"CAFI_P074",25
"19949",-500.52494486596,"CAFI_P074",50
"19950",-2721.98220486596,"CAFI_P074",100
"19951",-11216.219624866,"CAFI_P074",25
"19952",-11256.921844866,"CAFI_P074",50
"19953",-14606.157454866,"CAFI_P074",100
"19954",-10796.198954866,"CAFI_P074",25
"19955",-7171.17659486597,"CAFI_P074",50
"19956",-11731.484754866,"CAFI_P074",100
"19957",1380.11855513405,"CAFI_P074",25
"19958",-6652.81570486596,"CAFI_P074",50
"19959",-17050.743984866,"CAFI_P074",100
"19960",1720.12520513404,"CAFI_P074",25
"19961",-2218.33854486595,"CAFI_P074",50
"19962",-8262.574324866,"CAFI_P074",100
"19963",1043.06825513404,"CAFI_P074",25
"19964",-6966.88086486596,"CAFI_P074",50
"19965",-9911.08927486598,"CAFI_P074",100
"19966",-11779.637904866,"CAFI_P074",25
"19967",-7670.00987486599,"CAFI_P074",50
"19968",-15439.303254866,"CAFI_P074",100
"19969",4828.17336513405,"CAFI_P074",25
"19970",-8997.38302486599,"CAFI_P074",50
"19971",433.296795134025,"CAFI_P074",100
"19972",-4167.16733486595,"CAFI_P074",25
"19973",-3766.475154866,"CAFI_P074",50
"19974",-14251.644304866,"CAFI_P074",100
"19975",-4226.36729486595,"CAFI_P074",25
"19976",-5469.75924486597,"CAFI_P074",50
"19977",-15785.676764866,"CAFI_P074",100
"19978",-2289.10454486596,"CAFI_P074",25
"19979",-3827.95033486601,"CAFI_P074",50
"19980",-13320.933114866,"CAFI_P074",100
"19981",1276.78372513404,"CAFI_P074",25
"19982",-15777.593844866,"CAFI_P074",50
"19983",-9220.45386486599,"CAFI_P074",100
"19984",-8543.58614486596,"CAFI_P074",25
"19985",-6412.45918486599,"CAFI_P074",50
"19986",-15093.173834866,"CAFI_P074",100
"19987",-6079.27823486598,"CAFI_P074",25
"19988",-6399.06029486598,"CAFI_P074",50
"19989",-15232.015134866,"CAFI_P074",100
"19990",-5972.93990486598,"CAFI_P074",25
"19991",-5186.38388486597,"CAFI_P074",50
"19992",-16564.558934866,"CAFI_P074",100
"19993",-7089.90554486599,"CAFI_P074",25
"19994",-1791.94489486597,"CAFI_P074",50
"19995",-13309.204894866,"CAFI_P074",100
"19996",-1000.850444866,"CAFI_P074",25
"19997",-4315.66214486596,"CAFI_P074",50
"19998",-11081.800964866,"CAFI_P074",100
"19999",-6358.839544866,"CAFI_P074",25
"20000",-11843.363654866,"CAFI_P074",50
"20001",-8750.49140486598,"CAFI_P074",100
"20002",-1685.536844866,"CAFI_P074",25
"20003",-4281.21818486595,"CAFI_P074",50
"20004",-1049.186344866,"CAFI_P074",100
"20005",1345.92005513405,"CAFI_P074",25
"20006",-6854.24718486599,"CAFI_P074",50
"20007",-15185.877074866,"CAFI_P074",100
"20008",-7669.42170486599,"CAFI_P074",25
"20009",-11770.287454866,"CAFI_P074",50
"20010",-13787.606284866,"CAFI_P074",100
"20011",2526.682845134,"CAFI_P074",25
"20012",3864.06087513402,"CAFI_P074",50
"20013",-12778.632784866,"CAFI_P074",100
"20014",-1247.40401486598,"CAFI_P074",25
"20015",3879.785295134,"CAFI_P074",50
"20016",-14190.131264866,"CAFI_P074",100
"20017",153.213255134004,"CAFI_P074",25
"20018",-6439.58165486599,"CAFI_P074",50
"20019",-11259.355344866,"CAFI_P074",100
"20020",-2577.26044486597,"CAFI_P074",25
"20021",-12440.080964866,"CAFI_P074",50
"20022",-14985.453794866,"CAFI_P074",100
"20023",-5000.38100486598,"CAFI_P074",25
"20024",-7359.05954486597,"CAFI_P074",50
"20025",-14217.549374866,"CAFI_P074",100
"20026",-391.104554865975,"CAFI_P074",25
"20027",-6838.24655486597,"CAFI_P074",50
"20028",-6820.20145486598,"CAFI_P074",100
"20029",1931.98045513401,"CAFI_P074",25
"20030",-7420.27562486596,"CAFI_P074",50
"20031",-13311.769024866,"CAFI_P074",100
"20032",-4121.35886486596,"CAFI_P074",25
"20033",-2404.12506486598,"CAFI_P074",50
"20034",-12676.130484866,"CAFI_P074",100
"20035",-1172.63162486599,"CAFI_P074",25
"20036",-14011.247104866,"CAFI_P074",50
"20037",-15131.086804866,"CAFI_P074",100
"20038",-5002.15234486596,"CAFI_P074",25
"20039",-8804.13009486598,"CAFI_P074",50
"20040",-16864.348194866,"CAFI_P074",100
"20041",2309.483795134,"CAFI_P074",25
"20042",-9432.68470486597,"CAFI_P074",50
"20043",-6188.369884866,"CAFI_P074",100
"20044",-12268.730974866,"CAFI_P074",25
"20045",-5674.79989486595,"CAFI_P074",50
"20046",-15192.622684866,"CAFI_P074",100
"20047",-3022.42382486595,"CAFI_P074",25
"20048",-3766.25454486598,"CAFI_P074",50
"20049",-11460.817804866,"CAFI_P074",100
"20050",7138.31078513403,"CAFI_P074",25
"20051",4.31475513399346,"CAFI_P074",50
"20052",2889.77568513399,"CAFI_P074",100
"20053",-5678.274284866,"CAFI_P074",25
"20054",1549.155525134,"CAFI_P074",50
"20055",-10814.943184866,"CAFI_P074",100
"20056",-813.066514865961,"CAFI_P074",25
"20057",82.3927951340447,"CAFI_P074",50
"20058",-3736.22005486599,"CAFI_P074",100
"20059",-10331.709454866,"CAFI_P074",25
"20060",-10148.687534866,"CAFI_P074",50
"20061",-10442.617484866,"CAFI_P074",100
"20062",503.857855134003,"CAFI_P074",25
"20063",-11783.736614866,"CAFI_P074",50
"20064",-14864.677204866,"CAFI_P074",100
"20065",-7018.67269486596,"CAFI_P074",25
"20066",-4188.17694486596,"CAFI_P074",50
"20067",-15158.986764866,"CAFI_P074",100
"20068",5173.62165513402,"CAFI_P074",25
"20069",-17320.203594866,"CAFI_P074",50
"20070",-12906.645044866,"CAFI_P074",100
"20071",-9559.78224486596,"CAFI_P074",25
"20072",-4249.795994866,"CAFI_P074",50
"20073",-14909.025224866,"CAFI_P074",100
"20074",-4852.00998486596,"CAFI_P074",25
"20075",-4904.94288486597,"CAFI_P074",50
"20076",-11316.704214866,"CAFI_P074",100
"20077",-3026.21014486597,"CAFI_P074",25
"20078",-2207.28605486598,"CAFI_P074",50
"20079",-14212.419474866,"CAFI_P074",100
"20080",-6594.46395486599,"CAFI_P074",25
"20081",-1852.49894486601,"CAFI_P074",50
"20082",-11057.783204866,"CAFI_P074",100
"20083",-8040.74029486597,"CAFI_P074",25
"20084",3278.55235513404,"CAFI_P074",50
"20085",-13923.681334866,"CAFI_P074",100
"20086",-1204.69252486597,"CAFI_P074",25
"20087",-13690.526954866,"CAFI_P074",50
"20088",-8394.08203486598,"CAFI_P074",100
"20089",-5007.82608486596,"CAFI_P074",25
"20090",-6671.00873486599,"CAFI_P074",50
"20091",-5917.37538486597,"CAFI_P074",100
"20092",-8653.55124486599,"CAFI_P074",25
"20093",-4853.05663486599,"CAFI_P074",50
"20094",-16616.050754866,"CAFI_P074",100
"20095",-1897.66088486597,"CAFI_P074",25
"20096",-4478.03102486598,"CAFI_P074",50
"20097",-9684.20885486598,"CAFI_P074",100
"20098",-999.587244866008,"CAFI_P074",25
"20099",363.906915133994,"CAFI_P074",50
"20100",-15913.601174866,"CAFI_P074",100
"20101",4974.33552001801,"CAFI_P075",25
"20102",-1794.54497998202,"CAFI_P075",50
"20103",11091.459810018,"CAFI_P075",100
"20104",-2156.45830998197,"CAFI_P075",25
"20105",-6679.49850998202,"CAFI_P075",50
"20106",-7858.524979982,"CAFI_P075",100
"20107",2536.67572001799,"CAFI_P075",25
"20108",-5460.37757998199,"CAFI_P075",50
"20109",-9222.57499998203,"CAFI_P075",100
"20110",-4531.875119982,"CAFI_P075",25
"20111",-4083.92007998202,"CAFI_P075",50
"20112",-7049.45347998198,"CAFI_P075",100
"20113",-2351.51847998198,"CAFI_P075",25
"20114",-6977.39587998198,"CAFI_P075",50
"20115",-5909.39884998201,"CAFI_P075",100
"20116",13900.864220018,"CAFI_P075",25
"20117",3540.44001001801,"CAFI_P075",50
"20118",3629.655640018,"CAFI_P075",100
"20119",3959.70900001802,"CAFI_P075",25
"20120",-5411.95833998203,"CAFI_P075",50
"20121",-6285.24152998201,"CAFI_P075",100
"20122",3342.62022001803,"CAFI_P075",25
"20123",-6566.96780998202,"CAFI_P075",50
"20124",-9471.41163998202,"CAFI_P075",100
"20125",-2504.28087998199,"CAFI_P075",25
"20126",-1383.19032998203,"CAFI_P075",50
"20127",-5717.92907998199,"CAFI_P075",100
"20128",-3944.79685998202,"CAFI_P075",25
"20129",-6259.66080998199,"CAFI_P075",50
"20130",-2217.61980998202,"CAFI_P075",100
"20131",7934.96682001802,"CAFI_P075",25
"20132",5143.47432001802,"CAFI_P075",50
"20133",-646.482379982015,"CAFI_P075",100
"20134",-3327.77537998202,"CAFI_P075",25
"20135",-5805.86357998202,"CAFI_P075",50
"20136",-2400.494379982,"CAFI_P075",100
"20137",-3256.30368998199,"CAFI_P075",25
"20138",-1614.09976998199,"CAFI_P075",50
"20139",-9671.99701998202,"CAFI_P075",100
"20140",2284.70482001803,"CAFI_P075",25
"20141",-6143.73725998198,"CAFI_P075",50
"20142",-6925.53780998202,"CAFI_P075",100
"20143",-3791.54678998201,"CAFI_P075",25
"20144",-5013.26351998199,"CAFI_P075",50
"20145",-6462.83586998202,"CAFI_P075",100
"20146",-3020.213779982,"CAFI_P075",25
"20147",-2181.59167998203,"CAFI_P075",50
"20148",-3337.84277998202,"CAFI_P075",100
"20149",-1438.71777998202,"CAFI_P075",25
"20150",3125.29552001803,"CAFI_P075",50
"20151",-5880.547759982,"CAFI_P075",100
"20152",-3110.20972998202,"CAFI_P075",25
"20153",-6303.35687998199,"CAFI_P075",50
"20154",-9956.89279998199,"CAFI_P075",100
"20155",-2044.06457998202,"CAFI_P075",25
"20156",-4720.62596998201,"CAFI_P075",50
"20157",-4040.96548998199,"CAFI_P075",100
"20158",-2552.61548998201,"CAFI_P075",25
"20159",-5876.18684998201,"CAFI_P075",50
"20160",-9853.92732998199,"CAFI_P075",100
"20161",-2240.88886998198,"CAFI_P075",25
"20162",-5069.68238998199,"CAFI_P075",50
"20163",-4721.89264998201,"CAFI_P075",100
"20164",-537.953479981981,"CAFI_P075",25
"20165",-4907.59083998197,"CAFI_P075",50
"20166",-8986.47472998197,"CAFI_P075",100
"20167",-3123.502879982,"CAFI_P075",25
"20168",-3813.28729998198,"CAFI_P075",50
"20169",-10421.434009982,"CAFI_P075",100
"20170",-2365.34647998202,"CAFI_P075",25
"20171",-6608.11368998198,"CAFI_P075",50
"20172",-8743.60489998199,"CAFI_P075",100
"20173",-1565.42104998202,"CAFI_P075",25
"20174",-4424.94637998199,"CAFI_P075",50
"20175",-1793.42349998199,"CAFI_P075",100
"20176",-3925.55932998197,"CAFI_P075",25
"20177",5800.42614001798,"CAFI_P075",50
"20178",-9648.06444998202,"CAFI_P075",100
"20179",-3490.39222998201,"CAFI_P075",25
"20180",-4069.904389982,"CAFI_P075",50
"20181",-6714.02553998202,"CAFI_P075",100
"20182",-3879.76084998198,"CAFI_P075",25
"20183",-7125.97577998199,"CAFI_P075",50
"20184",-7063.91125998198,"CAFI_P075",100
"20185",-69.5949299819767,"CAFI_P075",25
"20186",-4678.86349998199,"CAFI_P075",50
"20187",-2110.040909982,"CAFI_P075",100
"20188",-2523.67907998199,"CAFI_P075",25
"20189",-892.873869982024,"CAFI_P075",50
"20190",-4744.81582998199,"CAFI_P075",100
"20191",164.887320018024,"CAFI_P075",25
"20192",-2737.36355998198,"CAFI_P075",50
"20193",1773.715350018,"CAFI_P075",100
"20194",-1381.919739982,"CAFI_P075",25
"20195",2329.08632001799,"CAFI_P075",50
"20196",-6200.91059998202,"CAFI_P075",100
"20197",-3035.72037998203,"CAFI_P075",25
"20198",-4901.07802998199,"CAFI_P075",50
"20199",-5044.42040998198,"CAFI_P075",100
"20200",-4034.95287998201,"CAFI_P075",25
"20201",-3810.54992998199,"CAFI_P075",50
"20202",-7026.440379982,"CAFI_P075",100
"20203",149.545720017981,"CAFI_P075",25
"20204",-6578.41318998201,"CAFI_P075",50
"20205",-10720.698979982,"CAFI_P075",100
"20206",-1166.59287998202,"CAFI_P075",25
"20207",-3454.55565998203,"CAFI_P075",50
"20208",-4508.22904998198,"CAFI_P075",100
"20209",-2648.27706998202,"CAFI_P075",25
"20210",-6093.84157998202,"CAFI_P075",50
"20211",-3591.90426998201,"CAFI_P075",100
"20212",-1196.93825998198,"CAFI_P075",25
"20213",-1207.06053998199,"CAFI_P075",50
"20214",-5610.217639982,"CAFI_P075",100
"20215",-768.952149981982,"CAFI_P075",25
"20216",-2679.55309998197,"CAFI_P075",50
"20217",-9652.55105998198,"CAFI_P075",100
"20218",-575.687179982022,"CAFI_P075",25
"20219",-3556.50477998197,"CAFI_P075",50
"20220",-9528.15549998201,"CAFI_P075",100
"20221",2730.81789001799,"CAFI_P075",25
"20222",-6029.73777998198,"CAFI_P075",50
"20223",-10466.329489982,"CAFI_P075",100
"20224",-1314.60797998199,"CAFI_P075",25
"20225",-1909.843579982,"CAFI_P075",50
"20226",-6779.91982998198,"CAFI_P075",100
"20227",-1650.70607998199,"CAFI_P075",25
"20228",-7914.20982998202,"CAFI_P075",50
"20229",-6715.94086998201,"CAFI_P075",100
"20230",-2293.33223998197,"CAFI_P075",25
"20231",-5358.31587998202,"CAFI_P075",50
"20232",-8579.84048998199,"CAFI_P075",100
"20233",15125.769800018,"CAFI_P075",25
"20234",-5070.28716998198,"CAFI_P075",50
"20235",-7897.24342998199,"CAFI_P075",100
"20236",-1849.27015998197,"CAFI_P075",25
"20237",8352.809520018,"CAFI_P075",50
"20238",-6933.77519998199,"CAFI_P075",100
"20239",-2066.386479982,"CAFI_P075",25
"20240",-4012.459949982,"CAFI_P075",50
"20241",-8654.81406998198,"CAFI_P075",100
"20242",-3633.42086998199,"CAFI_P075",25
"20243",-2618.10289998201,"CAFI_P075",50
"20244",-10284.694939982,"CAFI_P075",100
"20245",-2567.919579982,"CAFI_P075",25
"20246",6186.69489001803,"CAFI_P075",50
"20247",-2775.060059982,"CAFI_P075",100
"20248",-3769.925679982,"CAFI_P075",25
"20249",-3821.45252998202,"CAFI_P075",50
"20250",-8488.27622998197,"CAFI_P075",100
"20251",4677.858520018,"CAFI_P075",25
"20252",-4244.251679982,"CAFI_P075",50
"20253",-8577.759109982,"CAFI_P075",100
"20254",488.283220018027,"CAFI_P075",25
"20255",-2769.393619982,"CAFI_P075",50
"20256",7584.56470001797,"CAFI_P075",100
"20257",-2573.92947998201,"CAFI_P075",25
"20258",-5542.573719982,"CAFI_P075",50
"20259",14763.120020018,"CAFI_P075",100
"20260",-2929.66091998201,"CAFI_P075",25
"20261",13790.746610018,"CAFI_P075",50
"20262",-7789.446739982,"CAFI_P075",100
"20263",1601.42672001797,"CAFI_P075",25
"20264",-1706.029879982,"CAFI_P075",50
"20265",-9425.42098998203,"CAFI_P075",100
"20266",-2298.40562998201,"CAFI_P075",25
"20267",-5771.60562998202,"CAFI_P075",50
"20268",-6776.87702998199,"CAFI_P075",100
"20269",-1541.02887998201,"CAFI_P075",25
"20270",-4462.00029998197,"CAFI_P075",50
"20271",-6474.93876998202,"CAFI_P075",100
"20272",2199.52607001801,"CAFI_P075",25
"20273",-4519.39891998202,"CAFI_P075",50
"20274",-10537.174329982,"CAFI_P075",100
"20275",-1771.44487998198,"CAFI_P075",25
"20276",-2987.08457998198,"CAFI_P075",50
"20277",1551.09184001799,"CAFI_P075",100
"20278",2756.55142001802,"CAFI_P075",25
"20279",8272.59490001801,"CAFI_P075",50
"20280",-2993.29216998199,"CAFI_P075",100
"20281",-1587.01307998202,"CAFI_P075",25
"20282",2494.60792001802,"CAFI_P075",50
"20283",7117.947440018,"CAFI_P075",100
"20284",-3747.72457998199,"CAFI_P075",25
"20285",-4808.21855998202,"CAFI_P075",50
"20286",-7159.87486998201,"CAFI_P075",100
"20287",-4492.48847998201,"CAFI_P075",25
"20288",-620.29862998199,"CAFI_P075",50
"20289",-5450.519719982,"CAFI_P075",100
"20290",-1229.038479982,"CAFI_P075",25
"20291",3994.81652001798,"CAFI_P075",50
"20292",-3115.52159998199,"CAFI_P075",100
"20293",-2231.03287998203,"CAFI_P075",25
"20294",-5978.42290998198,"CAFI_P075",50
"20295",-9753.32383998198,"CAFI_P075",100
"20296",-588.035579981981,"CAFI_P075",25
"20297",-5369.354579982,"CAFI_P075",50
"20298",8220.980540018,"CAFI_P075",100
"20299",-1319.95644998201,"CAFI_P075",25
"20300",-705.181689982011,"CAFI_P075",50
"20301",-6782.02275998198,"CAFI_P075",100
"20302",-1530.736879982,"CAFI_P075",25
"20303",-5228.91343998199,"CAFI_P075",50
"20304",-9260.10560998198,"CAFI_P075",100
"20305",-3489.281629982,"CAFI_P075",25
"20306",-127.039579981996,"CAFI_P075",50
"20307",-7063.936129982,"CAFI_P075",100
"20308",-2855.59531998198,"CAFI_P075",25
"20309",-7879.56095998199,"CAFI_P075",50
"20310",-4620.53517998202,"CAFI_P075",100
"20311",139.163620017993,"CAFI_P075",25
"20312",13860.689340018,"CAFI_P075",50
"20313",-10034.449329982,"CAFI_P075",100
"20314",-5778.175809982,"CAFI_P075",25
"20315",3220.33362001798,"CAFI_P075",50
"20316",-8713.87653998198,"CAFI_P075",100
"20317",-4287.87477998203,"CAFI_P075",25
"20318",-4366.50507998199,"CAFI_P075",50
"20319",-3744.14745998202,"CAFI_P075",100
"20320",-4194.45957998198,"CAFI_P075",25
"20321",-1617.950279982,"CAFI_P075",50
"20322",-9273.79429998202,"CAFI_P075",100
"20323",-2484.87089998199,"CAFI_P075",25
"20324",-8667.34858998202,"CAFI_P075",50
"20325",-8826.31015998201,"CAFI_P075",100
"20326",4941.225670018,"CAFI_P075",25
"20327",-6124.34044998197,"CAFI_P075",50
"20328",-6581.07376998197,"CAFI_P075",100
"20329",5616.60402001801,"CAFI_P075",25
"20330",6838.49077001802,"CAFI_P075",50
"20331",90.2977000179817,"CAFI_P075",100
"20332",-2360.58074998198,"CAFI_P075",25
"20333",102.831020018028,"CAFI_P075",50
"20334",-9148.75084998203,"CAFI_P075",100
"20335",-4921.17461998202,"CAFI_P075",25
"20336",-4634.557299982,"CAFI_P075",50
"20337",-4735.736559982,"CAFI_P075",100
"20338",-4197.35928998201,"CAFI_P075",25
"20339",4263.21172001801,"CAFI_P075",50
"20340",-7530.69374998199,"CAFI_P075",100
"20341",-3290.47736998199,"CAFI_P075",25
"20342",-4191.05750998203,"CAFI_P075",50
"20343",-9464.02885998198,"CAFI_P075",100
"20344",-983.824229981983,"CAFI_P075",25
"20345",3347.29302001803,"CAFI_P075",50
"20346",-4345.10386998201,"CAFI_P075",100
"20347",3265.15912001801,"CAFI_P075",25
"20348",-5908.44499998202,"CAFI_P075",50
"20349",-7905.06325998198,"CAFI_P075",100
"20350",883.232020017982,"CAFI_P075",25
"20351",-3129.08427998202,"CAFI_P075",50
"20352",-8222.34776998201,"CAFI_P075",100
"20353",-1857.70057998202,"CAFI_P075",25
"20354",-3859.017579982,"CAFI_P075",50
"20355",-7440.80033998197,"CAFI_P075",100
"20356",-2384.70157998201,"CAFI_P075",25
"20357",-6306.64869998198,"CAFI_P075",50
"20358",12988.252220018,"CAFI_P075",100
"20359",-3845.15587998199,"CAFI_P075",25
"20360",-2071.24939998199,"CAFI_P075",50
"20361",-6726.55138998199,"CAFI_P075",100
"20362",-3506.82297998201,"CAFI_P075",25
"20363",-667.296629982011,"CAFI_P075",50
"20364",-7803.47339998197,"CAFI_P075",100
"20365",-254.096779981977,"CAFI_P075",25
"20366",-3815.58697998198,"CAFI_P075",50
"20367",-9341.31130998197,"CAFI_P075",100
"20368",481.282570018026,"CAFI_P075",25
"20369",-3977.886999982,"CAFI_P075",50
"20370",-5183.28627998201,"CAFI_P075",100
"20371",-3760.388879982,"CAFI_P075",25
"20372",-5325.549379982,"CAFI_P075",50
"20373",-7703.06500998198,"CAFI_P075",100
"20374",756.950750018004,"CAFI_P075",25
"20375",-4214.12940998201,"CAFI_P075",50
"20376",-9376.59109998198,"CAFI_P075",100
"20377",-1156.142449982,"CAFI_P075",25
"20378",1145.96064001799,"CAFI_P075",50
"20379",1554.68732001801,"CAFI_P075",100
"20380",-1902.55697998201,"CAFI_P075",25
"20381",-6342.22777998197,"CAFI_P075",50
"20382",8357.85155001801,"CAFI_P075",100
"20383",1332.701720018,"CAFI_P075",25
"20384",-4821.86391998199,"CAFI_P075",50
"20385",-3758.13140998199,"CAFI_P075",100
"20386",-3359.83105998201,"CAFI_P075",25
"20387",-1516.20827998198,"CAFI_P075",50
"20388",-8493.36189998197,"CAFI_P075",100
"20389",-3413.10107998201,"CAFI_P075",25
"20390",-1758.18103998201,"CAFI_P075",50
"20391",-2997.29588998202,"CAFI_P075",100
"20392",-1437.70487998199,"CAFI_P075",25
"20393",-6539.73648998199,"CAFI_P075",50
"20394",-10411.716879982,"CAFI_P075",100
"20395",-3092.38321998197,"CAFI_P075",25
"20396",-3852.60417998198,"CAFI_P075",50
"20397",-9253.26184998202,"CAFI_P075",100
"20398",-1372.34647998202,"CAFI_P075",25
"20399",-5354.02237998199,"CAFI_P075",50
"20400",6631.77812001802,"CAFI_P075",100
"20401",2222.51049470899,"CAFI_P077",25
"20402",2962.652294709,"CAFI_P077",50
"20403",13603.450624709,"CAFI_P077",100
"20404",3859.126724709,"CAFI_P077",25
"20405",1859.239814709,"CAFI_P077",50
"20406",4203.38072470899,"CAFI_P077",100
"20407",2328.895384709,"CAFI_P077",25
"20408",1002.18188470899,"CAFI_P077",50
"20409",1076.65655470898,"CAFI_P077",100
"20410",-986.27601529102,"CAFI_P077",25
"20411",-326.264625290991,"CAFI_P077",50
"20412",336.544994708995,"CAFI_P077",100
"20413",257.839584709,"CAFI_P077",25
"20414",2475.06379470899,"CAFI_P077",50
"20415",1516.47909470901,"CAFI_P077",100
"20416",760.50311470899,"CAFI_P077",25
"20417",939.325684709009,"CAFI_P077",50
"20418",-287.110025291011,"CAFI_P077",100
"20419",1543.44982470901,"CAFI_P077",25
"20420",3897.03481470898,"CAFI_P077",50
"20421",13742.424334709,"CAFI_P077",100
"20422",615.694714708981,"CAFI_P077",25
"20423",2467.606214709,"CAFI_P077",50
"20424",8769.87752470901,"CAFI_P077",100
"20425",277.707784708997,"CAFI_P077",25
"20426",4462.452154709,"CAFI_P077",50
"20427",1781.12100470898,"CAFI_P077",100
"20428",1798.337214709,"CAFI_P077",25
"20429",3198.820974709,"CAFI_P077",50
"20430",7374.71345470898,"CAFI_P077",100
"20431",1626.256414709,"CAFI_P077",25
"20432",2681.58706470899,"CAFI_P077",50
"20433",4215.58965470901,"CAFI_P077",100
"20434",-1303.546545291,"CAFI_P077",25
"20435",-977.106115291012,"CAFI_P077",50
"20436",6982.52303470898,"CAFI_P077",100
"20437",-402.47258529102,"CAFI_P077",25
"20438",2231.39243470901,"CAFI_P077",50
"20439",1753.837784709,"CAFI_P077",100
"20440",158.288814708998,"CAFI_P077",25
"20441",-627.667515291017,"CAFI_P077",50
"20442",7557.651614709,"CAFI_P077",100
"20443",-101.468915291014,"CAFI_P077",25
"20444",9119.58337470901,"CAFI_P077",50
"20445",663.662164709007,"CAFI_P077",100
"20446",589.469514708995,"CAFI_P077",25
"20447",-1191.15427529102,"CAFI_P077",50
"20448",2367.69461470901,"CAFI_P077",100
"20449",-1679.780075291,"CAFI_P077",25
"20450",759.891214709001,"CAFI_P077",50
"20451",-1852.69686529101,"CAFI_P077",100
"20452",1419.99801470898,"CAFI_P077",25
"20453",1268.57690470899,"CAFI_P077",50
"20454",4114.28862470901,"CAFI_P077",100
"20455",-290.483415291004,"CAFI_P077",25
"20456",1845.50661470898,"CAFI_P077",50
"20457",-1366.208555291,"CAFI_P077",100
"20458",-42.3462852910161,"CAFI_P077",25
"20459",-256.400415290991,"CAFI_P077",50
"20460",2831.96949470899,"CAFI_P077",100
"20461",1844.613514709,"CAFI_P077",25
"20462",59.7428947089938,"CAFI_P077",50
"20463",2527.15030470901,"CAFI_P077",100
"20464",1130.260584709,"CAFI_P077",25
"20465",-1046.61835529099,"CAFI_P077",50
"20466",3650.986714709,"CAFI_P077",100
"20467",-1182.067655291,"CAFI_P077",25
"20468",3939.101414709,"CAFI_P077",50
"20469",4451.74890470901,"CAFI_P077",100
"20470",2003.71494470901,"CAFI_P077",25
"20471",1556.354934709,"CAFI_P077",50
"20472",5092.68558470899,"CAFI_P077",100
"20473",-2604.22339529102,"CAFI_P077",25
"20474",1388.82748470901,"CAFI_P077",50
"20475",2139.250654709,"CAFI_P077",100
"20476",4018.52196470898,"CAFI_P077",25
"20477",3911.328114709,"CAFI_P077",50
"20478",414.921194708993,"CAFI_P077",100
"20479",108.474084708985,"CAFI_P077",25
"20480",-1680.08294529101,"CAFI_P077",50
"20481",1790.05887470901,"CAFI_P077",100
"20482",-763.102185291005,"CAFI_P077",25
"20483",377.235844709008,"CAFI_P077",50
"20484",6105.02363470898,"CAFI_P077",100
"20485",2208.48213470899,"CAFI_P077",25
"20486",-1167.39708529101,"CAFI_P077",50
"20487",5510.38646470901,"CAFI_P077",100
"20488",1633.986714709,"CAFI_P077",25
"20489",1941.56877470898,"CAFI_P077",50
"20490",11477.273724709,"CAFI_P077",100
"20491",-1961.21156529101,"CAFI_P077",25
"20492",3284.73756470901,"CAFI_P077",50
"20493",-511.287265291001,"CAFI_P077",100
"20494",1019.62293470898,"CAFI_P077",25
"20495",-3231.713325291,"CAFI_P077",50
"20496",4084.40032470899,"CAFI_P077",100
"20497",-150.560985290998,"CAFI_P077",25
"20498",5876.30058470898,"CAFI_P077",50
"20499",6573.24170470898,"CAFI_P077",100
"20500",6206.31707470899,"CAFI_P077",25
"20501",1977.79104470898,"CAFI_P077",50
"20502",1511.004224709,"CAFI_P077",100
"20503",-1673.866705291,"CAFI_P077",25
"20504",-1233.603985291,"CAFI_P077",50
"20505",14730.517644709,"CAFI_P077",100
"20506",-194.191205291019,"CAFI_P077",25
"20507",884.571014708985,"CAFI_P077",50
"20508",1845.04424470899,"CAFI_P077",100
"20509",-969.725095291011,"CAFI_P077",25
"20510",-796.912235291005,"CAFI_P077",50
"20511",2289.53101470901,"CAFI_P077",100
"20512",-1733.96430529101,"CAFI_P077",25
"20513",-1814.98953529101,"CAFI_P077",50
"20514",-766.116625291004,"CAFI_P077",100
"20515",-655.130865290994,"CAFI_P077",25
"20516",-86.4659852909972,"CAFI_P077",50
"20517",6119.780864709,"CAFI_P077",100
"20518",-198.022915291018,"CAFI_P077",25
"20519",-382.279195291019,"CAFI_P077",50
"20520",8642.94132470898,"CAFI_P077",100
"20521",-201.709215291019,"CAFI_P077",25
"20522",3287.06962470899,"CAFI_P077",50
"20523",117.239704709005,"CAFI_P077",100
"20524",-102.814935291011,"CAFI_P077",25
"20525",393.932374708995,"CAFI_P077",50
"20526",6785.37832470899,"CAFI_P077",100
"20527",418.015904708998,"CAFI_P077",25
"20528",497.770254709001,"CAFI_P077",50
"20529",4344.27417470899,"CAFI_P077",100
"20530",-1066.49278529102,"CAFI_P077",25
"20531",6629.91358470899,"CAFI_P077",50
"20532",-88.0126852910034,"CAFI_P077",100
"20533",1031.74168470901,"CAFI_P077",25
"20534",9209.15128470899,"CAFI_P077",50
"20535",-1504.24333529102,"CAFI_P077",100
"20536",-254.543015291012,"CAFI_P077",25
"20537",-1353.56313529101,"CAFI_P077",50
"20538",3774.853714709,"CAFI_P077",100
"20539",-415.364945291018,"CAFI_P077",25
"20540",-1089.37308529101,"CAFI_P077",50
"20541",10007.967594709,"CAFI_P077",100
"20542",-2085.78835529101,"CAFI_P077",25
"20543",472.543464708986,"CAFI_P077",50
"20544",4841.44229470901,"CAFI_P077",100
"20545",998.10348470899,"CAFI_P077",25
"20546",574.470084708999,"CAFI_P077",50
"20547",9951.59337470899,"CAFI_P077",100
"20548",420.007764709007,"CAFI_P077",25
"20549",-529.395565290994,"CAFI_P077",50
"20550",-90.3175852909917,"CAFI_P077",100
"20551",3084.141814709,"CAFI_P077",25
"20552",398.549324708991,"CAFI_P077",50
"20553",2182.36926470901,"CAFI_P077",100
"20554",13871.270084709,"CAFI_P077",25
"20555",482.367584708991,"CAFI_P077",50
"20556",15027.084044709,"CAFI_P077",100
"20557",2193.13591470898,"CAFI_P077",25
"20558",318.370994708996,"CAFI_P077",50
"20559",3843.10015470898,"CAFI_P077",100
"20560",144.459694708989,"CAFI_P077",25
"20561",-232.209705290996,"CAFI_P077",50
"20562",267.953424709005,"CAFI_P077",100
"20563",3194.55336470899,"CAFI_P077",25
"20564",6596.84871470899,"CAFI_P077",50
"20565",544.583284708991,"CAFI_P077",100
"20566",-1440.46375529101,"CAFI_P077",25
"20567",1021.839814709,"CAFI_P077",50
"20568",-1802.81399529101,"CAFI_P077",100
"20569",-195.079825291003,"CAFI_P077",25
"20570",1721.73945470899,"CAFI_P077",50
"20571",11093.327244709,"CAFI_P077",100
"20572",803.027784709004,"CAFI_P077",25
"20573",2078.81420470899,"CAFI_P077",50
"20574",-364.460515290993,"CAFI_P077",100
"20575",2668.822274709,"CAFI_P077",25
"20576",23.1817647090065,"CAFI_P077",50
"20577",13508.515014709,"CAFI_P077",100
"20578",679.724984708999,"CAFI_P077",25
"20579",-648.541735291015,"CAFI_P077",50
"20580",-995.803615290992,"CAFI_P077",100
"20581",-712.677105291019,"CAFI_P077",25
"20582",-1854.192395291,"CAFI_P077",50
"20583",6366.084114709,"CAFI_P077",100
"20584",2066.23235470901,"CAFI_P077",25
"20585",-654.320585291018,"CAFI_P077",50
"20586",2707.89995470899,"CAFI_P077",100
"20587",3919.55264470901,"CAFI_P077",25
"20588",3214.18918470899,"CAFI_P077",50
"20589",10358.653604709,"CAFI_P077",100
"20590",1780.781694709,"CAFI_P077",25
"20591",3641.482284709,"CAFI_P077",50
"20592",935.643094708998,"CAFI_P077",100
"20593",-186.753115291009,"CAFI_P077",25
"20594",-915.072145290993,"CAFI_P077",50
"20595",2646.23328470899,"CAFI_P077",100
"20596",-494.217135290994,"CAFI_P077",25
"20597",-127.98291529101,"CAFI_P077",50
"20598",2867.14688470899,"CAFI_P077",100
"20599",1236.84048470898,"CAFI_P077",25
"20600",3926.426504709,"CAFI_P077",50
"20601",6955.26636470901,"CAFI_P077",100
"20602",1178.81760470901,"CAFI_P077",25
"20603",700.540484708996,"CAFI_P077",50
"20604",-634.493635291001,"CAFI_P077",100
"20605",1941.98911470899,"CAFI_P077",25
"20606",3516.69400470899,"CAFI_P077",50
"20607",1199.69369470899,"CAFI_P077",100
"20608",767.253274708986,"CAFI_P077",25
"20609",9516.04571470901,"CAFI_P077",50
"20610",1481.521144709,"CAFI_P077",100
"20611",1959.162614709,"CAFI_P077",25
"20612",-869.081085290993,"CAFI_P077",50
"20613",640.910754708981,"CAFI_P077",100
"20614",23.7462147089827,"CAFI_P077",25
"20615",1405.209374709,"CAFI_P077",50
"20616",19516.219854709,"CAFI_P077",100
"20617",883.032564708992,"CAFI_P077",25
"20618",-918.891825291008,"CAFI_P077",50
"20619",890.865924708982,"CAFI_P077",100
"20620",4386.21761470899,"CAFI_P077",25
"20621",282.263344709005,"CAFI_P077",50
"20622",-1306.81253529101,"CAFI_P077",100
"20623",1060.88966470899,"CAFI_P077",25
"20624",3398.73688470898,"CAFI_P077",50
"20625",1061.70469470898,"CAFI_P077",100
"20626",211.61785470898,"CAFI_P077",25
"20627",-478.814535290992,"CAFI_P077",50
"20628",-55.4806752910081,"CAFI_P077",100
"20629",538.252884708985,"CAFI_P077",25
"20630",1164.786724709,"CAFI_P077",50
"20631",2686.36839470899,"CAFI_P077",100
"20632",19309.104514709,"CAFI_P077",25
"20633",1001.80693470899,"CAFI_P077",50
"20634",1690.11112470899,"CAFI_P077",100
"20635",32.3845147090033,"CAFI_P077",25
"20636",2714.627714709,"CAFI_P077",50
"20637",1596.387044709,"CAFI_P077",100
"20638",-325.967605290993,"CAFI_P077",25
"20639",345.208564708999,"CAFI_P077",50
"20640",868.333964708989,"CAFI_P077",100
"20641",2200.97421470899,"CAFI_P077",25
"20642",3690.297754709,"CAFI_P077",50
"20643",2100.30399470899,"CAFI_P077",100
"20644",-1611.58015529101,"CAFI_P077",25
"20645",1313.22776470901,"CAFI_P077",50
"20646",-902.886065291008,"CAFI_P077",100
"20647",-958.840415290993,"CAFI_P077",25
"20648",-2703.16759529102,"CAFI_P077",50
"20649",63.8475447089877,"CAFI_P077",100
"20650",1632.12158470901,"CAFI_P077",25
"20651",678.261844708992,"CAFI_P077",50
"20652",-1452.618665291,"CAFI_P077",100
"20653",-141.232715291,"CAFI_P077",25
"20654",3837.46871470899,"CAFI_P077",50
"20655",2812.80462470898,"CAFI_P077",100
"20656",-1365.71570529102,"CAFI_P077",25
"20657",4322.10353470899,"CAFI_P077",50
"20658",-605.964015291014,"CAFI_P077",100
"20659",-390.680915291014,"CAFI_P077",25
"20660",2401.787094709,"CAFI_P077",50
"20661",1149.00097470899,"CAFI_P077",100
"20662",-866.384855290991,"CAFI_P077",25
"20663",-1111.58830529099,"CAFI_P077",50
"20664",820.039934708999,"CAFI_P077",100
"20665",-616.287315291003,"CAFI_P077",25
"20666",7590.45998470898,"CAFI_P077",50
"20667",1586.88796470899,"CAFI_P077",100
"20668",4888.79125470901,"CAFI_P077",25
"20669",-684.741015291016,"CAFI_P077",50
"20670",11432.586044709,"CAFI_P077",100
"20671",522.93128470899,"CAFI_P077",25
"20672",-1495.179285291,"CAFI_P077",50
"20673",-136.033285290992,"CAFI_P077",100
"20674",-1498.08758529101,"CAFI_P077",25
"20675",1658.823974709,"CAFI_P077",50
"20676",-3028.618195291,"CAFI_P077",100
"20677",12694.607684709,"CAFI_P077",25
"20678",-1223.94559529101,"CAFI_P077",50
"20679",580.631184708996,"CAFI_P077",100
"20680",-2062.42791529102,"CAFI_P077",25
"20681",5685.38580470899,"CAFI_P077",50
"20682",874.920944708982,"CAFI_P077",100
"20683",-443.703275291016,"CAFI_P077",25
"20684",2612.99866470898,"CAFI_P077",50
"20685",3743.25436470899,"CAFI_P077",100
"20686",-225.985715290997,"CAFI_P077",25
"20687",1171.39881470898,"CAFI_P077",50
"20688",-861.908965291019,"CAFI_P077",100
"20689",-201.418985291006,"CAFI_P077",25
"20690",-895.247355291009,"CAFI_P077",50
"20691",-1355.232245291,"CAFI_P077",100
"20692",342.410014708992,"CAFI_P077",25
"20693",2860.94319470899,"CAFI_P077",50
"20694",4018.301064709,"CAFI_P077",100
"20695",452.378984709008,"CAFI_P077",25
"20696",-1662.77284529101,"CAFI_P077",50
"20697",-1354.180275291,"CAFI_P077",100
"20698",-590.180335290992,"CAFI_P077",25
"20699",3143.14167470898,"CAFI_P077",50
"20700",14081.878684709,"CAFI_P077",100
"20701",57.1036324920133,"CAFI_P078",25
"20702",752.174192491977,"CAFI_P078",50
"20703",6074.24825249199,"CAFI_P078",100
"20704",1594.42603249202,"CAFI_P078",25
"20705",2450.69809249201,"CAFI_P078",50
"20706",1442.97495249199,"CAFI_P078",100
"20707",1247.88223249197,"CAFI_P078",25
"20708",694.096792491968,"CAFI_P078",50
"20709",1895.76865249197,"CAFI_P078",100
"20710",-39.8079675079789,"CAFI_P078",25
"20711",626.743592492014,"CAFI_P078",50
"20712",2354.20285249199,"CAFI_P078",100
"20713",-24.9872675079969,"CAFI_P078",25
"20714",4608.96111249202,"CAFI_P078",50
"20715",5136.01014249201,"CAFI_P078",100
"20716",47.5224924919894,"CAFI_P078",25
"20717",238.284652491973,"CAFI_P078",50
"20718",5975.324452492,"CAFI_P078",100
"20719",1798.63383249199,"CAFI_P078",25
"20720",114.308252491988,"CAFI_P078",50
"20721",3387.89202249201,"CAFI_P078",100
"20722",253.23753249197,"CAFI_P078",25
"20723",323.408792492002,"CAFI_P078",50
"20724",4661.77116249199,"CAFI_P078",100
"20725",5583.32129249198,"CAFI_P078",25
"20726",1030.50433249201,"CAFI_P078",50
"20727",4930.311762492,"CAFI_P078",100
"20728",2550.74103249202,"CAFI_P078",25
"20729",2094.00689249201,"CAFI_P078",50
"20730",10980.970972492,"CAFI_P078",100
"20731",44.7172924919869,"CAFI_P078",25
"20732",3270.429492492,"CAFI_P078",50
"20733",7227.873552492,"CAFI_P078",100
"20734",306.632432491984,"CAFI_P078",25
"20735",463.577792491997,"CAFI_P078",50
"20736",8373.37911249197,"CAFI_P078",100
"20737",565.521192491986,"CAFI_P078",25
"20738",179.872832491994,"CAFI_P078",50
"20739",1794.699612492,"CAFI_P078",100
"20740",4871.75023249199,"CAFI_P078",25
"20741",2052.78920249199,"CAFI_P078",50
"20742",627.285132492019,"CAFI_P078",100
"20743",63.1906324920128,"CAFI_P078",25
"20744",356.91383249202,"CAFI_P078",50
"20745",1119.403212492,"CAFI_P078",100
"20746",642.456432492007,"CAFI_P078",25
"20747",1345.31289249199,"CAFI_P078",50
"20748",79.1313224919722,"CAFI_P078",100
"20749",-48.8231675080024,"CAFI_P078",25
"20750",152.560532492003,"CAFI_P078",50
"20751",12131.142532492,"CAFI_P078",100
"20752",200.388792491984,"CAFI_P078",25
"20753",-50.7017375080031,"CAFI_P078",50
"20754",1735.49889249197,"CAFI_P078",100
"20755",704.199892491975,"CAFI_P078",25
"20756",3346.95929249201,"CAFI_P078",50
"20757",3769.674402492,"CAFI_P078",100
"20758",224.585132492008,"CAFI_P078",25
"20759",1219.46589249198,"CAFI_P078",50
"20760",516.624742491986,"CAFI_P078",100
"20761",61.8442924919655,"CAFI_P078",25
"20762",100.849992492003,"CAFI_P078",50
"20763",1386.317152492,"CAFI_P078",100
"20764",20.0936424920219,"CAFI_P078",25
"20765",387.929152491968,"CAFI_P078",50
"20766",2544.02570249198,"CAFI_P078",100
"20767",1463.88229249197,"CAFI_P078",25
"20768",859.226592492021,"CAFI_P078",50
"20769",6023.641752492,"CAFI_P078",100
"20770",562.777132491989,"CAFI_P078",25
"20771",-43.858707508014,"CAFI_P078",50
"20772",-136.534807507996,"CAFI_P078",100
"20773",153.09823249199,"CAFI_P078",25
"20774",130.953192492016,"CAFI_P078",50
"20775",1079.93865249201,"CAFI_P078",100
"20776",-7.1290575080202,"CAFI_P078",25
"20777",1492.357192492,"CAFI_P078",50
"20778",5610.72065249202,"CAFI_P078",100
"20779",630.267032491975,"CAFI_P078",25
"20780",227.018292492023,"CAFI_P078",50
"20781",1015.292292492,"CAFI_P078",100
"20782",3968.390292492,"CAFI_P078",25
"20783",240.680212492007,"CAFI_P078",50
"20784",3279.57225249201,"CAFI_P078",100
"20785",51.9530324920197,"CAFI_P078",25
"20786",1379.25139249198,"CAFI_P078",50
"20787",4689.23355249199,"CAFI_P078",100
"20788",-33.6104675080278,"CAFI_P078",25
"20789",4022.39431249199,"CAFI_P078",50
"20790",711.244552491989,"CAFI_P078",100
"20791",1962.13729249197,"CAFI_P078",25
"20792",1275.02479249198,"CAFI_P078",50
"20793",5750.101452492,"CAFI_P078",100
"20794",706.029892491992,"CAFI_P078",25
"20795",94.7603924919968,"CAFI_P078",50
"20796",3351.93313249201,"CAFI_P078",100
"20797",212.969732491998,"CAFI_P078",25
"20798",-13.1273575079977,"CAFI_P078",50
"20799",1464.56959249201,"CAFI_P078",100
"20800",37.7089324920089,"CAFI_P078",25
"20801",87.3244924920145,"CAFI_P078",50
"20802",8510.529052492,"CAFI_P078",100
"20803",34.6174324919702,"CAFI_P078",25
"20804",8200.42169249197,"CAFI_P078",50
"20805",483.753852491966,"CAFI_P078",100
"20806",3968.390292492,"CAFI_P078",25
"20807",5634.90049249202,"CAFI_P078",50
"20808",1514.026552492,"CAFI_P078",100
"20809",164.335832491983,"CAFI_P078",25
"20810",10527.510762492,"CAFI_P078",50
"20811",735.165742492012,"CAFI_P078",100
"20812",4742.03183249198,"CAFI_P078",25
"20813",850.153532491997,"CAFI_P078",50
"20814",11129.540552492,"CAFI_P078",100
"20815",5584.07829249202,"CAFI_P078",25
"20816",-40.3313075079932,"CAFI_P078",50
"20817",3710.26228249201,"CAFI_P078",100
"20818",-7.16916750802193,"CAFI_P078",25
"20819",-36.4351175079937,"CAFI_P078",50
"20820",9584.81745249202,"CAFI_P078",100
"20821",-22.3013675080147,"CAFI_P078",25
"20822",2025.64239249198,"CAFI_P078",50
"20823",2535.40690249199,"CAFI_P078",100
"20824",-113.793437507993,"CAFI_P078",25
"20825",698.870332491992,"CAFI_P078",50
"20826",201.047302492021,"CAFI_P078",100
"20827",667.868232492008,"CAFI_P078",25
"20828",1779.76499249198,"CAFI_P078",50
"20829",9322.09247249202,"CAFI_P078",100
"20830",2180.98803249199,"CAFI_P078",25
"20831",54.6658724920126,"CAFI_P078",50
"20832",920.932992491988,"CAFI_P078",100
"20833",7796.05583249201,"CAFI_P078",25
"20834",446.462792492006,"CAFI_P078",50
"20835",2169.50185249199,"CAFI_P078",100
"20836",55.3893924920121,"CAFI_P078",25
"20837",2271.67398249201,"CAFI_P078",50
"20838",1776.735052492,"CAFI_P078",100
"20839",19.3860724919941,"CAFI_P078",25
"20840",-54.0682375080069,"CAFI_P078",50
"20841",1585.20755249198,"CAFI_P078",100
"20842",324.986692491977,"CAFI_P078",25
"20843",482.54533249198,"CAFI_P078",50
"20844",2053.891692492,"CAFI_P078",100
"20845",78.264632491977,"CAFI_P078",25
"20846",1275.953052492,"CAFI_P078",50
"20847",4783.20865249197,"CAFI_P078",100
"20848",5.86247249197913,"CAFI_P078",25
"20849",38.5362924920046,"CAFI_P078",50
"20850",5002.471942492,"CAFI_P078",100
"20851",4750.37323249201,"CAFI_P078",25
"20852",3712.493552492,"CAFI_P078",50
"20853",7681.19535249198,"CAFI_P078",100
"20854",220.133632491983,"CAFI_P078",25
"20855",625.152992492018,"CAFI_P078",50
"20856",7558.03797249199,"CAFI_P078",100
"20857",1928.352232492,"CAFI_P078",25
"20858",-184.689587507979,"CAFI_P078",50
"20859",834.263152492,"CAFI_P078",100
"20860",427.396592492005,"CAFI_P078",25
"20861",394.191892492003,"CAFI_P078",50
"20862",350.64695249201,"CAFI_P078",100
"20863",233.02513249201,"CAFI_P078",25
"20864",3275.58629249199,"CAFI_P078",50
"20865",8375.46961249202,"CAFI_P078",100
"20866",106.05969249201,"CAFI_P078",25
"20867",290.310792492004,"CAFI_P078",50
"20868",5766.26295249199,"CAFI_P078",100
"20869",-134.628657508001,"CAFI_P078",25
"20870",-77.2365175079904,"CAFI_P078",50
"20871",18682.406552492,"CAFI_P078",100
"20872",83.9085324920015,"CAFI_P078",25
"20873",58.6860324919689,"CAFI_P078",50
"20874",5056.73095249198,"CAFI_P078",100
"20875",-57.7872675079852,"CAFI_P078",25
"20876",25.8636924920138,"CAFI_P078",50
"20877",6168.75398249197,"CAFI_P078",100
"20878",-76.8439675080008,"CAFI_P078",25
"20879",-62.2772075079847,"CAFI_P078",50
"20880",2886.83725249197,"CAFI_P078",100
"20881",28.9579124919837,"CAFI_P078",25
"20882",-22.6197275079903,"CAFI_P078",50
"20883",3055.87755249202,"CAFI_P078",100
"20884",24.2246324919979,"CAFI_P078",25
"20885",282.286692491965,"CAFI_P078",50
"20886",2482.60263249197,"CAFI_P078",100
"20887",115.630432492006,"CAFI_P078",25
"20888",177.321912491985,"CAFI_P078",50
"20889",113.513772492006,"CAFI_P078",100
"20890",229.861092492007,"CAFI_P078",25
"20891",1962.44509249198,"CAFI_P078",50
"20892",5087.930952492,"CAFI_P078",100
"20893",61.5279324919684,"CAFI_P078",25
"20894",4772.56635249197,"CAFI_P078",50
"20895",4473.541642492,"CAFI_P078",100
"20896",10540.164032492,"CAFI_P078",25
"20897",3127.06583249202,"CAFI_P078",50
"20898",25.5908424920053,"CAFI_P078",100
"20899",635.654792491987,"CAFI_P078",25
"20900",2278.74503249198,"CAFI_P078",50
"20901",3689.80119249201,"CAFI_P078",100
"20902",206.400692491967,"CAFI_P078",25
"20903",149.974792491994,"CAFI_P078",50
"20904",3883.90636249201,"CAFI_P078",100
"20905",98.3768924920005,"CAFI_P078",25
"20906",162.341332492011,"CAFI_P078",50
"20907",7186.71715249197,"CAFI_P078",100
"20908",144.652232491993,"CAFI_P078",25
"20909",999.848632492009,"CAFI_P078",50
"20910",2125.34923249198,"CAFI_P078",100
"20911",101.586332492006,"CAFI_P078",25
"20912",15.1407924920204,"CAFI_P078",50
"20913",2800.15218249202,"CAFI_P078",100
"20914",-12.6512675079866,"CAFI_P078",25
"20915",303.182192492008,"CAFI_P078",50
"20916",5932.57465249201,"CAFI_P078",100
"20917",930.709032492014,"CAFI_P078",25
"20918",1010.51923249202,"CAFI_P078",50
"20919",9642.40560249198,"CAFI_P078",100
"20920",632.902632492012,"CAFI_P078",25
"20921",72.7090924920049,"CAFI_P078",50
"20922",1270.88983249199,"CAFI_P078",100
"20923",104.953932492004,"CAFI_P078",25
"20924",37.5707224920043,"CAFI_P078",50
"20925",504.622602491989,"CAFI_P078",100
"20926",59.0755924920086,"CAFI_P078",25
"20927",8226.16793249198,"CAFI_P078",50
"20928",1957.82735249202,"CAFI_P078",100
"20929",443.481332491967,"CAFI_P078",25
"20930",293.087192491977,"CAFI_P078",50
"20931",1774.17438249197,"CAFI_P078",100
"20932",1014.04529249197,"CAFI_P078",25
"20933",195.934232492,"CAFI_P078",50
"20934",499.84743249201,"CAFI_P078",100
"20935",48.0229324920219,"CAFI_P078",25
"20936",748.91099249199,"CAFI_P078",50
"20937",1245.05466249201,"CAFI_P078",100
"20938",-50.8874675080297,"CAFI_P078",25
"20939",7835.36009249202,"CAFI_P078",50
"20940",9191.74025249202,"CAFI_P078",100
"20941",3.34402249200502,"CAFI_P078",25
"20942",264.651292491995,"CAFI_P078",50
"20943",1829.04458249197,"CAFI_P078",100
"20944",-16.8866675079917,"CAFI_P078",25
"20945",-36.2085375079769,"CAFI_P078",50
"20946",6355.62455249199,"CAFI_P078",100
"20947",488.388492491969,"CAFI_P078",25
"20948",847.496292491967,"CAFI_P078",50
"20949",6047.702242492,"CAFI_P078",100
"20950",32.1981724919751,"CAFI_P078",25
"20951",2116.56599249202,"CAFI_P078",50
"20952",5586.38655249198,"CAFI_P078",100
"20953",337.567632491991,"CAFI_P078",25
"20954",150.490292491973,"CAFI_P078",50
"20955",2794.24768249202,"CAFI_P078",100
"20956",200.388792491984,"CAFI_P078",25
"20957",1273.25869249197,"CAFI_P078",50
"20958",2142.06165249198,"CAFI_P078",100
"20959",46.2542924919981,"CAFI_P078",25
"20960",368.976042491966,"CAFI_P078",50
"20961",417.381372492004,"CAFI_P078",100
"20962",-118.03186750802,"CAFI_P078",25
"20963",1485.706492492,"CAFI_P078",50
"20964",1127.628192492,"CAFI_P078",100
"20965",1131.59829249198,"CAFI_P078",25
"20966",-17.9526075079921,"CAFI_P078",50
"20967",12165.069852492,"CAFI_P078",100
"20968",104.570792492013,"CAFI_P078",25
"20969",556.494692492008,"CAFI_P078",50
"20970",7199.26255249197,"CAFI_P078",100
"20971",7913.19329249201,"CAFI_P078",25
"20972",149.916132492013,"CAFI_P078",50
"20973",3111.10985249199,"CAFI_P078",100
"20974",-9.22520750801777,"CAFI_P078",25
"20975",6401.61875249201,"CAFI_P078",50
"20976",10796.896982492,"CAFI_P078",100
"20977",3054.61483249202,"CAFI_P078",25
"20978",-104.544367508031,"CAFI_P078",50
"20979",2920.77455249202,"CAFI_P078",100
"20980",-99.1788475079811,"CAFI_P078",25
"20981",-17.9052475080243,"CAFI_P078",50
"20982",21248.352282492,"CAFI_P078",100
"20983",1013.123032492,"CAFI_P078",25
"20984",898.35339249199,"CAFI_P078",50
"20985",7090.06815249199,"CAFI_P078",100
"20986",15.5988924920093,"CAFI_P078",25
"20987",1272.47823249199,"CAFI_P078",50
"20988",194.318812492013,"CAFI_P078",100
"20989",106.05969249201,"CAFI_P078",25
"20990",380.128492492018,"CAFI_P078",50
"20991",5610.37404249201,"CAFI_P078",100
"20992",67.7675924919895,"CAFI_P078",25
"20993",1038.29756249202,"CAFI_P078",50
"20994",764.227882492007,"CAFI_P078",100
"20995",704.199892491975,"CAFI_P078",25
"20996",889.367792491976,"CAFI_P078",50
"20997",27.5491524920217,"CAFI_P078",100
"20998",377.148492491979,"CAFI_P078",25
"20999",115.003142491973,"CAFI_P078",50
"21000",894.104952491994,"CAFI_P078",100
"21001",-838.313146733009,"CAFI_P079",25
"21002",6204.74235326698,"CAFI_P079",50
"21003",6191.17620326698,"CAFI_P079",100
"21004",-224.553246733005,"CAFI_P079",25
"21005",6.3419532669941,"CAFI_P079",50
"21006",11893.348353267,"CAFI_P079",100
"21007",-480.346596732998,"CAFI_P079",25
"21008",-672.116246733,"CAFI_P079",50
"21009",828.781083266978,"CAFI_P079",100
"21010",-520.878046733007,"CAFI_P079",25
"21011",484.746653266979,"CAFI_P079",50
"21012",187.974153266987,"CAFI_P079",100
"21013",733.552353267005,"CAFI_P079",25
"21014",2095.074353267,"CAFI_P079",50
"21015",2061.082253267,"CAFI_P079",100
"21016",-464.170246733003,"CAFI_P079",25
"21017",1802.98982326698,"CAFI_P079",50
"21018",4265.43105326698,"CAFI_P079",100
"21019",510.402453266986,"CAFI_P079",25
"21020",2056.52511326698,"CAFI_P079",50
"21021",12399.932043267,"CAFI_P079",100
"21022",1150.60765326698,"CAFI_P079",25
"21023",108.977503267,"CAFI_P079",50
"21024",6205.568853267,"CAFI_P079",100
"21025",1635.351253267,"CAFI_P079",25
"21026",1039.02025326699,"CAFI_P079",50
"21027",72.6739232669934,"CAFI_P079",100
"21028",2452.561953267,"CAFI_P079",25
"21029",-661.94734673301,"CAFI_P079",50
"21030",7626.11825326699,"CAFI_P079",100
"21031",-409.660946732998,"CAFI_P079",25
"21032",389.232353266998,"CAFI_P079",50
"21033",5525.94245326699,"CAFI_P079",100
"21034",-37.4801067330118,"CAFI_P079",25
"21035",758.378453266982,"CAFI_P079",50
"21036",6487.36155326699,"CAFI_P079",100
"21037",765.245853266999,"CAFI_P079",25
"21038",6137.782053267,"CAFI_P079",50
"21039",-13.0597467330226,"CAFI_P079",100
"21040",-172.216746733,"CAFI_P079",25
"21041",2245.175953267,"CAFI_P079",50
"21042",9634.07785326699,"CAFI_P079",100
"21043",4225.39335326699,"CAFI_P079",25
"21044",-1165.047046733,"CAFI_P079",50
"21045",8912.55065326698,"CAFI_P079",100
"21046",762.708053266979,"CAFI_P079",25
"21047",1879.504453267,"CAFI_P079",50
"21048",3508.44292326699,"CAFI_P079",100
"21049",1186.688953267,"CAFI_P079",25
"21050",-357.764706732996,"CAFI_P079",50
"21051",1171.91532326699,"CAFI_P079",100
"21052",188.57165326699,"CAFI_P079",25
"21053",754.142253266997,"CAFI_P079",50
"21054",551.606953266979,"CAFI_P079",100
"21055",4989.31425326699,"CAFI_P079",25
"21056",635.867743266979,"CAFI_P079",50
"21057",3834.35882326699,"CAFI_P079",100
"21058",-19.1556967330107,"CAFI_P079",25
"21059",1043.25395326701,"CAFI_P079",50
"21060",3824.65235326698,"CAFI_P079",100
"21061",-629.267546732997,"CAFI_P079",25
"21062",3375.28275326701,"CAFI_P079",50
"21063",3623.83625326699,"CAFI_P079",100
"21064",-237.616546733014,"CAFI_P079",25
"21065",749.79835326699,"CAFI_P079",50
"21066",4542.14925326698,"CAFI_P079",100
"21067",-223.348446732998,"CAFI_P079",25
"21068",17259.717353267,"CAFI_P079",50
"21069",9239.379453267,"CAFI_P079",100
"21070",-245.151146732998,"CAFI_P079",25
"21071",12014.823853267,"CAFI_P079",50
"21072",1153.31965326698,"CAFI_P079",100
"21073",832.983853266982,"CAFI_P079",25
"21074",250.525853266998,"CAFI_P079",50
"21075",8221.02805326701,"CAFI_P079",100
"21076",-1056.72824673302,"CAFI_P079",25
"21077",540.71625326699,"CAFI_P079",50
"21078",3061.432853267,"CAFI_P079",100
"21079",2795.84665326698,"CAFI_P079",25
"21080",255.06245326699,"CAFI_P079",50
"21081",11811.949553267,"CAFI_P079",100
"21082",419.091153266985,"CAFI_P079",25
"21083",322.03345326698,"CAFI_P079",50
"21084",14461.107353267,"CAFI_P079",100
"21085",-998.010986733017,"CAFI_P079",25
"21086",1646.74605326698,"CAFI_P079",50
"21087",5266.890553267,"CAFI_P079",100
"21088",-757.743946733011,"CAFI_P079",25
"21089",79.6557532669976,"CAFI_P079",50
"21090",5743.06895326698,"CAFI_P079",100
"21091",1351.083553267,"CAFI_P079",25
"21092",11998.323953267,"CAFI_P079",50
"21093",1710.14765326699,"CAFI_P079",100
"21094",-850.523246733006,"CAFI_P079",25
"21095",813.692823266989,"CAFI_P079",50
"21096",2801.70961326698,"CAFI_P079",100
"21097",75.4585532670026,"CAFI_P079",25
"21098",372.136953266978,"CAFI_P079",50
"21099",2484.702353267,"CAFI_P079",100
"21100",-233.045746732998,"CAFI_P079",25
"21101",637.629153266986,"CAFI_P079",50
"21102",12633.891553267,"CAFI_P079",100
"21103",526.678953266994,"CAFI_P079",25
"21104",336.190953266982,"CAFI_P079",50
"21105",170.035853266978,"CAFI_P079",100
"21106",-753.720746733015,"CAFI_P079",25
"21107",981.861853266979,"CAFI_P079",50
"21108",947.753653266991,"CAFI_P079",100
"21109",1565.48325326698,"CAFI_P079",25
"21110",4035.957953267,"CAFI_P079",50
"21111",5245.492253267,"CAFI_P079",100
"21112",2967.50645326698,"CAFI_P079",25
"21113",1513.34941326699,"CAFI_P079",50
"21114",8867.72565326697,"CAFI_P079",100
"21115",457.475753267005,"CAFI_P079",25
"21116",2327.03305326699,"CAFI_P079",50
"21117",9000.65315326702,"CAFI_P079",100
"21118",1936.61585326699,"CAFI_P079",25
"21119",3895.091323267,"CAFI_P079",50
"21120",792.761153266998,"CAFI_P079",100
"21121",-63.8307467330014,"CAFI_P079",25
"21122",583.289953266998,"CAFI_P079",50
"21123",5181.927303267,"CAFI_P079",100
"21124",-562.26474673301,"CAFI_P079",25
"21125",8183.892953267,"CAFI_P079",50
"21126",6464.76165326699,"CAFI_P079",100
"21127",-197.134646733,"CAFI_P079",25
"21128",4549.072193267,"CAFI_P079",50
"21129",2056.201853267,"CAFI_P079",100
"21130",-220.123146733007,"CAFI_P079",25
"21131",2795.22955326698,"CAFI_P079",50
"21132",810.444753266987,"CAFI_P079",100
"21133",-225.744046733016,"CAFI_P079",25
"21134",5575.88755326698,"CAFI_P079",50
"21135",410.961853266985,"CAFI_P079",100
"21136",-1141.13462673302,"CAFI_P079",25
"21137",8538.67185326698,"CAFI_P079",50
"21138",-945.377476733003,"CAFI_P079",100
"21139",305.919153266994,"CAFI_P079",25
"21140",659.011153266998,"CAFI_P079",50
"21141",1900.83310326698,"CAFI_P079",100
"21142",-6.5678467329999,"CAFI_P079",25
"21143",4477.01335326699,"CAFI_P079",50
"21144",924.929993266996,"CAFI_P079",100
"21145",1272.435753267,"CAFI_P079",25
"21146",4109.046753267,"CAFI_P079",50
"21147",4559.769253267,"CAFI_P079",100
"21148",234.145053266984,"CAFI_P079",25
"21149",171.042123266991,"CAFI_P079",50
"21150",2657.51895326699,"CAFI_P079",100
"21151",-274.023746733001,"CAFI_P079",25
"21152",7344.69855326699,"CAFI_P079",50
"21153",7008.620253267,"CAFI_P079",100
"21154",-25.8582867330115,"CAFI_P079",25
"21155",133.546653266996,"CAFI_P079",50
"21156",-362.521546733013,"CAFI_P079",100
"21157",-330.898006733012,"CAFI_P079",25
"21158",2699.017353267,"CAFI_P079",50
"21159",3293.752653267,"CAFI_P079",100
"21160",-179.028546732996,"CAFI_P079",25
"21161",13599.113053267,"CAFI_P079",50
"21162",3902.34122326699,"CAFI_P079",100
"21163",-1141.16674673301,"CAFI_P079",25
"21164",216.288653266995,"CAFI_P079",50
"21165",-175.043286733009,"CAFI_P079",100
"21166",-96.5065467329987,"CAFI_P079",25
"21167",-43.2351467330009,"CAFI_P079",50
"21168",6585.14875326699,"CAFI_P079",100
"21169",3887.51285326699,"CAFI_P079",25
"21170",1866.34185326699,"CAFI_P079",50
"21171",603.917553267005,"CAFI_P079",100
"21172",547.591153266985,"CAFI_P079",25
"21173",4638.527753267,"CAFI_P079",50
"21174",6479.637953267,"CAFI_P079",100
"21175",318.931153266982,"CAFI_P079",25
"21176",-1142.81027673301,"CAFI_P079",50
"21177",393.301953266986,"CAFI_P079",100
"21178",-197.122746733017,"CAFI_P079",25
"21179",5182.07895326699,"CAFI_P079",50
"21180",4459.67325326698,"CAFI_P079",100
"21181",4977.128253267,"CAFI_P079",25
"21182",4143.57585326699,"CAFI_P079",50
"21183",1430.66845326699,"CAFI_P079",100
"21184",12902.105853267,"CAFI_P079",25
"21185",2179.52795326698,"CAFI_P079",50
"21186",4804.73705326699,"CAFI_P079",100
"21187",463.020653266984,"CAFI_P079",25
"21188",4529.082253267,"CAFI_P079",50
"21189",6152.035653267,"CAFI_P079",100
"21190",2306.49685326699,"CAFI_P079",25
"21191",-264.152146733017,"CAFI_P079",50
"21192",4529.39875326699,"CAFI_P079",100
"21193",960.433053266985,"CAFI_P079",25
"21194",-1155.725346733,"CAFI_P079",50
"21195",4357.330453267,"CAFI_P079",100
"21196",793.177953267004,"CAFI_P079",25
"21197",3815.21865326699,"CAFI_P079",50
"21198",5973.87045326698,"CAFI_P079",100
"21199",1075.32945326698,"CAFI_P079",25
"21200",-207.733946733002,"CAFI_P079",50
"21201",-1001.36025673302,"CAFI_P079",100
"21202",1315.94665326699,"CAFI_P079",25
"21203",-238.326046733011,"CAFI_P079",50
"21204",-1000.156436733,"CAFI_P079",100
"21205",4012.94085326701,"CAFI_P079",25
"21206",258.329953266977,"CAFI_P079",50
"21207",10186.995053267,"CAFI_P079",100
"21208",4862.182853267,"CAFI_P079",25
"21209",2614.288053267,"CAFI_P079",50
"21210",5808.559653267,"CAFI_P079",100
"21211",11542.091953267,"CAFI_P079",25
"21212",-503.018346733006,"CAFI_P079",50
"21213",20654.889053267,"CAFI_P079",100
"21214",5618.269753267,"CAFI_P079",25
"21215",1944.06315326699,"CAFI_P079",50
"21216",1923.20435326698,"CAFI_P079",100
"21217",14977.704053267,"CAFI_P079",25
"21218",18.1779532670043,"CAFI_P079",50
"21219",17001.322453267,"CAFI_P079",100
"21220",780.577723266993,"CAFI_P079",25
"21221",-145.942026733013,"CAFI_P079",50
"21222",-725.923146732996,"CAFI_P079",100
"21223",-157.041546733002,"CAFI_P079",25
"21224",3345.11765326699,"CAFI_P079",50
"21225",2453.759353267,"CAFI_P079",100
"21226",2471.693853267,"CAFI_P079",25
"21227",-804.657946733001,"CAFI_P079",50
"21228",1679.67205326699,"CAFI_P079",100
"21229",175.936453267001,"CAFI_P079",25
"21230",2779.05015326699,"CAFI_P079",50
"21231",966.030153266998,"CAFI_P079",100
"21232",5.71175326697994,"CAFI_P079",25
"21233",-1088.376776733,"CAFI_P079",50
"21234",-289.652646733011,"CAFI_P079",100
"21235",100.747753267002,"CAFI_P079",25
"21236",13526.788253267,"CAFI_P079",50
"21237",3538.64155326699,"CAFI_P079",100
"21238",1935.845123267,"CAFI_P079",25
"21239",494.603253266978,"CAFI_P079",50
"21240",14931.738823267,"CAFI_P079",100
"21241",1827.626953267,"CAFI_P079",25
"21242",3482.17895326699,"CAFI_P079",50
"21243",-384.823346732999,"CAFI_P079",100
"21244",-989.545046733023,"CAFI_P079",25
"21245",1218.12365326699,"CAFI_P079",50
"21246",402.458253266988,"CAFI_P079",100
"21247",6657.87795326699,"CAFI_P079",25
"21248",6660.96075326699,"CAFI_P079",50
"21249",4602.96425326698,"CAFI_P079",100
"21250",1183.37745326699,"CAFI_P079",25
"21251",486.891553266993,"CAFI_P079",50
"21252",873.949023266992,"CAFI_P079",100
"21253",-135.533776733006,"CAFI_P079",25
"21254",17612.639853267,"CAFI_P079",50
"21255",5157.993243267,"CAFI_P079",100
"21256",149.152753267001,"CAFI_P079",25
"21257",2251.36512326699,"CAFI_P079",50
"21258",5559.68542326699,"CAFI_P079",100
"21259",-410.844556733005,"CAFI_P079",25
"21260",1010.90295326698,"CAFI_P079",50
"21261",4190.20465326699,"CAFI_P079",100
"21262",-999.223946733022,"CAFI_P079",25
"21263",18971.156953267,"CAFI_P079",50
"21264",15183.295553267,"CAFI_P079",100
"21265",1732.64985326698,"CAFI_P079",25
"21266",1387.72955326698,"CAFI_P079",50
"21267",1427.98825326699,"CAFI_P079",100
"21268",5368.60345326699,"CAFI_P079",25
"21269",1171.51260326698,"CAFI_P079",50
"21270",9022.69729326697,"CAFI_P079",100
"21271",637.622953266982,"CAFI_P079",25
"21272",727.999053267005,"CAFI_P079",50
"21273",9848.209153267,"CAFI_P079",100
"21274",-175.504346733011,"CAFI_P079",25
"21275",9959.389253267,"CAFI_P079",50
"21276",-111.001546733023,"CAFI_P079",100
"21277",4127.909453267,"CAFI_P079",25
"21278",2415.707253267,"CAFI_P079",50
"21279",5198.74065326698,"CAFI_P079",100
"21280",18850.153953267,"CAFI_P079",25
"21281",5827.19855326699,"CAFI_P079",50
"21282",8228.95685326701,"CAFI_P079",100
"21283",5579.78785326699,"CAFI_P079",25
"21284",3368.41295326699,"CAFI_P079",50
"21285",6326.039093267,"CAFI_P079",100
"21286",3136.98775326699,"CAFI_P079",25
"21287",-520.715876733011,"CAFI_P079",50
"21288",7271.58145326699,"CAFI_P079",100
"21289",442.88965326699,"CAFI_P079",25
"21290",3327.92635326699,"CAFI_P079",50
"21291",2849.76825326699,"CAFI_P079",100
"21292",-711.577446733019,"CAFI_P079",25
"21293",-83.8936467330204,"CAFI_P079",50
"21294",6922.34855326699,"CAFI_P079",100
"21295",-760.478346732998,"CAFI_P079",25
"21296",5010.46925326699,"CAFI_P079",50
"21297",-494.845496733004,"CAFI_P079",100
"21298",4170.63475326699,"CAFI_P079",25
"21299",-490.87014673301,"CAFI_P079",50
"21300",16878.688553267,"CAFI_P079",100
"21301",-849.347340740002,"CAFI_P080",25
"21302",-778.630340739997,"CAFI_P080",50
"21303",-4873.81388074001,"CAFI_P080",100
"21304",-3374.26004074,"CAFI_P080",25
"21305",-4473.38064074,"CAFI_P080",50
"21306",-3642.09561074,"CAFI_P080",100
"21307",-790.778040739999,"CAFI_P080",25
"21308",-1694.01438074,"CAFI_P080",50
"21309",-4887.08691074001,"CAFI_P080",100
"21310",-4101.60061074,"CAFI_P080",25
"21311",-3831.44009074,"CAFI_P080",50
"21312",-4447.94048074,"CAFI_P080",100
"21313",-515.18931074001,"CAFI_P080",25
"21314",-878.43944074001,"CAFI_P080",50
"21315",-4871.37657074,"CAFI_P080",100
"21316",-3614.67599074,"CAFI_P080",25
"21317",-3802.53842074001,"CAFI_P080",50
"21318",-4657.76511074,"CAFI_P080",100
"21319",-499.540690740003,"CAFI_P080",25
"21320",-2757.85965074001,"CAFI_P080",50
"21321",-4810.00702074,"CAFI_P080",100
"21322",-448.232410740005,"CAFI_P080",25
"21323",-3389.37241074,"CAFI_P080",50
"21324",-6536.37545074,"CAFI_P080",100
"21325",-2380.92281074,"CAFI_P080",25
"21326",137.18227926,"CAFI_P080",50
"21327",-4917.55330074001,"CAFI_P080",100
"21328",130.732549259992,"CAFI_P080",25
"21329",-1599.67818074001,"CAFI_P080",50
"21330",-3799.67904074001,"CAFI_P080",100
"21331",-415.057710740002,"CAFI_P080",25
"21332",-4834.28825074001,"CAFI_P080",50
"21333",-4877.83505074,"CAFI_P080",100
"21334",-814.036730740001,"CAFI_P080",25
"21335",-1657.67561074,"CAFI_P080",50
"21336",-4711.14065074001,"CAFI_P080",100
"21337",-1225.06501074,"CAFI_P080",25
"21338",-924.204420740003,"CAFI_P080",50
"21339",-2604.17285074001,"CAFI_P080",100
"21340",-77.0718107400025,"CAFI_P080",25
"21341",-4689.85251074001,"CAFI_P080",50
"21342",-5836.63473074,"CAFI_P080",100
"21343",-791.342510740011,"CAFI_P080",25
"21344",789.750789259997,"CAFI_P080",50
"21345",-2666.60549074001,"CAFI_P080",100
"21346",-386.189510740005,"CAFI_P080",25
"21347",-2426.52718074,"CAFI_P080",50
"21348",-6034.48916074001,"CAFI_P080",100
"21349",-2789.89461074,"CAFI_P080",25
"21350",-4995.53883074,"CAFI_P080",50
"21351",990.030129259991,"CAFI_P080",100
"21352",9.19158925999363,"CAFI_P080",25
"21353",-1974.67217074,"CAFI_P080",50
"21354",-5141.69579074001,"CAFI_P080",100
"21355",176.692989260002,"CAFI_P080",25
"21356",-2247.73027074001,"CAFI_P080",50
"21357",-1467.17882074001,"CAFI_P080",100
"21358",-789.524490740005,"CAFI_P080",25
"21359",-2363.42261074,"CAFI_P080",50
"21360",-5912.75960074,"CAFI_P080",100
"21361",-1025.39882074001,"CAFI_P080",25
"21362",-3681.05782074001,"CAFI_P080",50
"21363",-6958.95432074,"CAFI_P080",100
"21364",-470.537710739998,"CAFI_P080",25
"21365",-3226.57703074001,"CAFI_P080",50
"21366",-4302.87895074001,"CAFI_P080",100
"21367",451.442789259992,"CAFI_P080",25
"21368",-403.862210740001,"CAFI_P080",50
"21369",-2785.12441074,"CAFI_P080",100
"21370",-1288.08229074,"CAFI_P080",25
"21371",691.671789259999,"CAFI_P080",50
"21372",-4327.14061074001,"CAFI_P080",100
"21373",3240.99528926,"CAFI_P080",25
"21374",-719.099520739997,"CAFI_P080",50
"21375",-5388.39521074001,"CAFI_P080",100
"21376",-105.264110739998,"CAFI_P080",25
"21377",-2357.93761074,"CAFI_P080",50
"21378",-3280.22801074,"CAFI_P080",100
"21379",285.973189259996,"CAFI_P080",25
"21380",-2462.56881074001,"CAFI_P080",50
"21381",-3281.95555074001,"CAFI_P080",100
"21382",-3609.88562074001,"CAFI_P080",25
"21383",-766.729310740004,"CAFI_P080",50
"21384",-3446.05869074,"CAFI_P080",100
"21385",-670.169010740006,"CAFI_P080",25
"21386",-1800.99771074,"CAFI_P080",50
"21387",-1924.48492074001,"CAFI_P080",100
"21388",-267.020610740001,"CAFI_P080",25
"21389",-1690.22520074001,"CAFI_P080",50
"21390",-6614.83120074001,"CAFI_P080",100
"21391",-779.243660740001,"CAFI_P080",25
"21392",-3152.08441074,"CAFI_P080",50
"21393",-4774.73506074,"CAFI_P080",100
"21394",153.467689259996,"CAFI_P080",25
"21395",-1301.28931074,"CAFI_P080",50
"21396",-4477.81965074,"CAFI_P080",100
"21397",-320.649210739997,"CAFI_P080",25
"21398",3966.00098925999,"CAFI_P080",50
"21399",-3975.35949074001,"CAFI_P080",100
"21400",3764.84938925999,"CAFI_P080",25
"21401",-1773.68817074,"CAFI_P080",50
"21402",-4689.19900074,"CAFI_P080",100
"21403",-1442.48231074,"CAFI_P080",25
"21404",-1977.56284074001,"CAFI_P080",50
"21405",-6107.31420074,"CAFI_P080",100
"21406",-2842.62661074,"CAFI_P080",25
"21407",-464.913900740008,"CAFI_P080",50
"21408",-4776.49743074,"CAFI_P080",100
"21409",769.486289259992,"CAFI_P080",25
"21410",119.143059259994,"CAFI_P080",50
"21411",-4983.92360074,"CAFI_P080",100
"21412",-610.339310740004,"CAFI_P080",25
"21413",-3948.43613074001,"CAFI_P080",50
"21414",-1419.40763074001,"CAFI_P080",100
"21415",-560.087890740004,"CAFI_P080",25
"21416",-126.332860740004,"CAFI_P080",50
"21417",-4755.74925074,"CAFI_P080",100
"21418",-3431.94101074,"CAFI_P080",25
"21419",-1647.87593074,"CAFI_P080",50
"21420",-3608.44337074,"CAFI_P080",100
"21421",-166.303510740006,"CAFI_P080",25
"21422",-1593.09861074001,"CAFI_P080",50
"21423",1936.85548925999,"CAFI_P080",100
"21424",-3365.09741074001,"CAFI_P080",25
"21425",-4198.99171074001,"CAFI_P080",50
"21426",-6329.52417074,"CAFI_P080",100
"21427",-612.79988074,"CAFI_P080",25
"21428",-5521.66043074,"CAFI_P080",50
"21429",-3737.37868074,"CAFI_P080",100
"21430",-602.379340740008,"CAFI_P080",25
"21431",-4797.62219074,"CAFI_P080",50
"21432",-1733.77598074,"CAFI_P080",100
"21433",1234.93618926,"CAFI_P080",25
"21434",-1458.53973074,"CAFI_P080",50
"21435",-5422.67208074,"CAFI_P080",100
"21436",-338.322110740002,"CAFI_P080",25
"21437",593.320989259999,"CAFI_P080",50
"21438",-2463.77133074,"CAFI_P080",100
"21439",2416.03933925999,"CAFI_P080",25
"21440",-379.736400740003,"CAFI_P080",50
"21441",-1215.17422074001,"CAFI_P080",100
"21442",941.860189259998,"CAFI_P080",25
"21443",-325.007180740009,"CAFI_P080",50
"21444",-4817.60232074,"CAFI_P080",100
"21445",-3380.32651074001,"CAFI_P080",25
"21446",-4258.31821074001,"CAFI_P080",50
"21447",-3669.52578074,"CAFI_P080",100
"21448",-3383.34359074,"CAFI_P080",25
"21449",-1447.94102074001,"CAFI_P080",50
"21450",-4233.13479074,"CAFI_P080",100
"21451",-424.763610740003,"CAFI_P080",25
"21452",72.3448592599889,"CAFI_P080",50
"21453",-1437.59600074,"CAFI_P080",100
"21454",271.559879259992,"CAFI_P080",25
"21455",-3963.92731074001,"CAFI_P080",50
"21456",-6822.79390074,"CAFI_P080",100
"21457",-206.742830739997,"CAFI_P080",25
"21458",-2879.97434074001,"CAFI_P080",50
"21459",-4152.84826074001,"CAFI_P080",100
"21460",-873.77396074,"CAFI_P080",25
"21461",-4865.41538074,"CAFI_P080",50
"21462",-5163.16042074001,"CAFI_P080",100
"21463",-1060.40486074,"CAFI_P080",25
"21464",-4747.57394074001,"CAFI_P080",50
"21465",-4858.96126074,"CAFI_P080",100
"21466",904.190889259989,"CAFI_P080",25
"21467",3419.79938925999,"CAFI_P080",50
"21468",-5366.22725074,"CAFI_P080",100
"21469",2166.80208925999,"CAFI_P080",25
"21470",-3554.14803074001,"CAFI_P080",50
"21471",-5782.32625074001,"CAFI_P080",100
"21472",1174.75068925999,"CAFI_P080",25
"21473",-1624.86064074001,"CAFI_P080",50
"21474",-5738.29833074,"CAFI_P080",100
"21475",-2535.39081074001,"CAFI_P080",25
"21476",2618.54838926,"CAFI_P080",50
"21477",-3890.90816074,"CAFI_P080",100
"21478",-59.121410740001,"CAFI_P080",25
"21479",633.461589259998,"CAFI_P080",50
"21480",-4007.92948074,"CAFI_P080",100
"21481",369.823589259991,"CAFI_P080",25
"21482",-543.411480740004,"CAFI_P080",50
"21483",-5617.20149074,"CAFI_P080",100
"21484",-591.027410740004,"CAFI_P080",25
"21485",-701.960880740007,"CAFI_P080",50
"21486",-4812.56795074001,"CAFI_P080",100
"21487",-3594.96531074001,"CAFI_P080",25
"21488",-3724.10481074,"CAFI_P080",50
"21489",-5802.33425074001,"CAFI_P080",100
"21490",-327.831310740003,"CAFI_P080",25
"21491",-930.956230740005,"CAFI_P080",50
"21492",-4990.13681074,"CAFI_P080",100
"21493",-219.273010739998,"CAFI_P080",25
"21494",-4150.44941074001,"CAFI_P080",50
"21495",-5817.36905074,"CAFI_P080",100
"21496",1068.84748925999,"CAFI_P080",25
"21497",-1231.35353074,"CAFI_P080",50
"21498",-1494.47164074,"CAFI_P080",100
"21499",668.699149259992,"CAFI_P080",25
"21500",-324.129340740008,"CAFI_P080",50
"21501",-5412.01060074,"CAFI_P080",100
"21502",-3836.81540074,"CAFI_P080",25
"21503",-4524.43584074,"CAFI_P080",50
"21504",-3074.04902074,"CAFI_P080",100
"21505",-176.373910740003,"CAFI_P080",25
"21506",-543.466110740002,"CAFI_P080",50
"21507",-5723.81358074001,"CAFI_P080",100
"21508",-60.6171407400107,"CAFI_P080",25
"21509",-4194.34538074001,"CAFI_P080",50
"21510",-5801.80534074,"CAFI_P080",100
"21511",311.787089259989,"CAFI_P080",25
"21512",-3656.20222074,"CAFI_P080",50
"21513",-478.785880740004,"CAFI_P080",100
"21514",-1023.56141074,"CAFI_P080",25
"21515",-1.51271074000397,"CAFI_P080",50
"21516",-3727.65521074001,"CAFI_P080",100
"21517",213.751889259991,"CAFI_P080",25
"21518",-3683.62641074001,"CAFI_P080",50
"21519",-4768.81162074,"CAFI_P080",100
"21520",-255.250610740011,"CAFI_P080",25
"21521",-1801.07980074,"CAFI_P080",50
"21522",-788.05981074,"CAFI_P080",100
"21523",-668.413710740002,"CAFI_P080",25
"21524",-4328.71563074,"CAFI_P080",50
"21525",1055.44061926,"CAFI_P080",100
"21526",-456.65601074,"CAFI_P080",25
"21527",-3672.93213074001,"CAFI_P080",50
"21528",-742.909640740007,"CAFI_P080",100
"21529",-3389.86121074001,"CAFI_P080",25
"21530",-3569.91377074001,"CAFI_P080",50
"21531",-5414.82698074001,"CAFI_P080",100
"21532",-745.983900740001,"CAFI_P080",25
"21533",-557.694110740005,"CAFI_P080",50
"21534",-168.900950740004,"CAFI_P080",100
"21535",783.549149259998,"CAFI_P080",25
"21536",-1400.84861074001,"CAFI_P080",50
"21537",-4807.32768074001,"CAFI_P080",100
"21538",-337.434310740005,"CAFI_P080",25
"21539",-4020.84319074001,"CAFI_P080",50
"21540",-1444.18311074001,"CAFI_P080",100
"21541",-191.770710740006,"CAFI_P080",25
"21542",-3858.58181074,"CAFI_P080",50
"21543",-1690.62119074,"CAFI_P080",100
"21544",-690.119210739998,"CAFI_P080",25
"21545",729.584389259995,"CAFI_P080",50
"21546",-6411.52909074,"CAFI_P080",100
"21547",-3212.10811074001,"CAFI_P080",25
"21548",-4141.76692074,"CAFI_P080",50
"21549",-3372.32431074,"CAFI_P080",100
"21550",-188.10321074001,"CAFI_P080",25
"21551",-4446.55891074,"CAFI_P080",50
"21552",-4850.24580074,"CAFI_P080",100
"21553",55.2956892599905,"CAFI_P080",25
"21554",-2613.19081074001,"CAFI_P080",50
"21555",-2570.73051074,"CAFI_P080",100
"21556",-3397.06378074001,"CAFI_P080",25
"21557",-3794.95589074001,"CAFI_P080",50
"21558",-3878.08772074,"CAFI_P080",100
"21559",-579.583640740006,"CAFI_P080",25
"21560",628.877749259991,"CAFI_P080",50
"21561",-2807.79351074,"CAFI_P080",100
"21562",-612.547380739998,"CAFI_P080",25
"21563",-1147.09645074001,"CAFI_P080",50
"21564",-5422.49864074,"CAFI_P080",100
"21565",-401.927510740003,"CAFI_P080",25
"21566",-712.581760740009,"CAFI_P080",50
"21567",-2935.10381074001,"CAFI_P080",100
"21568",-223.21821074,"CAFI_P080",25
"21569",-891.25943074,"CAFI_P080",50
"21570",-6122.15637074001,"CAFI_P080",100
"21571",-950.229740740004,"CAFI_P080",25
"21572",-4004.24965074001,"CAFI_P080",50
"21573",-4952.16377074001,"CAFI_P080",100
"21574",1177.64038925999,"CAFI_P080",25
"21575",-3565.77399074001,"CAFI_P080",50
"21576",-5811.50101074,"CAFI_P080",100
"21577",-1884.94162074001,"CAFI_P080",25
"21578",-1810.80721074001,"CAFI_P080",50
"21579",-5149.25271074001,"CAFI_P080",100
"21580",-615.793610740002,"CAFI_P080",25
"21581",-2388.31590074001,"CAFI_P080",50
"21582",-4545.72982074,"CAFI_P080",100
"21583",-819.084460740007,"CAFI_P080",25
"21584",-786.549790739999,"CAFI_P080",50
"21585",-5178.40974074001,"CAFI_P080",100
"21586",-731.224110740004,"CAFI_P080",25
"21587",-3717.96795074,"CAFI_P080",50
"21588",-2983.72812074001,"CAFI_P080",100
"21589",165.552789259993,"CAFI_P080",25
"21590",3309.93048925999,"CAFI_P080",50
"21591",-2820.18555074,"CAFI_P080",100
"21592",-559.718010740005,"CAFI_P080",25
"21593",1185.05655925999,"CAFI_P080",50
"21594",-6277.97119074001,"CAFI_P080",100
"21595",-192.981010739997,"CAFI_P080",25
"21596",1551.27088925999,"CAFI_P080",50
"21597",-2037.12459074,"CAFI_P080",100
"21598",22.6978892600018,"CAFI_P080",25
"21599",-758.350010740003,"CAFI_P080",50
"21600",-6149.23718074,"CAFI_P080",100
"21601",-171.342659802991,"CAFI_P081",25
"21602",-586.334399803018,"CAFI_P081",50
"21603",-1883.91075980297,"CAFI_P081",100
"21604",-1222.42919980298,"CAFI_P081",25
"21605",3752.61964019702,"CAFI_P081",50
"21606",4581.71501019702,"CAFI_P081",100
"21607",-23.2066698030103,"CAFI_P081",25
"21608",-186.801189802994,"CAFI_P081",50
"21609",-413.718879802967,"CAFI_P081",100
"21610",120.89210019703,"CAFI_P081",25
"21611",621.760640197026,"CAFI_P081",50
"21612",-1631.29407980299,"CAFI_P081",100
"21613",1687.739470197,"CAFI_P081",25
"21614",491.024830196984,"CAFI_P081",50
"21615",2252.190760197,"CAFI_P081",100
"21616",3014.80760019703,"CAFI_P081",25
"21617",-711.070369802997,"CAFI_P081",50
"21618",-633.175509802997,"CAFI_P081",100
"21619",120.726350196986,"CAFI_P081",25
"21620",-692.943069803005,"CAFI_P081",50
"21621",7281.51012019702,"CAFI_P081",100
"21622",645.137650197023,"CAFI_P081",25
"21623",3894.99710019701,"CAFI_P081",50
"21624",-2054.276819803,"CAFI_P081",100
"21625",-663.552909802995,"CAFI_P081",25
"21626",882.615410197002,"CAFI_P081",50
"21627",-395.040129803005,"CAFI_P081",100
"21628",1732.823060197,"CAFI_P081",25
"21629",-1734.11762980296,"CAFI_P081",50
"21630",928.764180197031,"CAFI_P081",100
"21631",-2491.12187980302,"CAFI_P081",25
"21632",685.157480197027,"CAFI_P081",50
"21633",1245.30420019699,"CAFI_P081",100
"21634",1369.93341019703,"CAFI_P081",25
"21635",588.994230196986,"CAFI_P081",50
"21636",7747.81963019702,"CAFI_P081",100
"21637",148.683890197019,"CAFI_P081",25
"21638",-1674.35793980298,"CAFI_P081",50
"21639",3846.105220197,"CAFI_P081",100
"21640",-771.95475980296,"CAFI_P081",25
"21641",1502.34032019699,"CAFI_P081",50
"21642",-1575.73269980296,"CAFI_P081",100
"21643",760.376660196984,"CAFI_P081",25
"21644",593.48652019701,"CAFI_P081",50
"21645",-2398.148059803,"CAFI_P081",100
"21646",-99.8774898030097,"CAFI_P081",25
"21647",-87.9544098029728,"CAFI_P081",50
"21648",2257.352950197,"CAFI_P081",100
"21649",-463.127879803011,"CAFI_P081",25
"21650",-1026.93328980298,"CAFI_P081",50
"21651",-321.640979802993,"CAFI_P081",100
"21652",-828.037469803006,"CAFI_P081",25
"21653",9719.03916019702,"CAFI_P081",50
"21654",1783.50318019703,"CAFI_P081",100
"21655",75.3976501970319,"CAFI_P081",25
"21656",-706.547419802984,"CAFI_P081",50
"21657",1848.68587019702,"CAFI_P081",100
"21658",-832.248569802963,"CAFI_P081",25
"21659",-666.922349802975,"CAFI_P081",50
"21660",-777.802209802961,"CAFI_P081",100
"21661",-59.1341998029966,"CAFI_P081",25
"21662",-2159.94586980296,"CAFI_P081",50
"21663",816.986160197004,"CAFI_P081",100
"21664",-117.983179803006,"CAFI_P081",25
"21665",1100.62931019702,"CAFI_P081",50
"21666",8322.05841019703,"CAFI_P081",100
"21667",25.2456401970121,"CAFI_P081",25
"21668",-383.520669802965,"CAFI_P081",50
"21669",1013.713050197,"CAFI_P081",100
"21670",559.486740196997,"CAFI_P081",25
"21671",5310.14393019699,"CAFI_P081",50
"21672",5259.71081019699,"CAFI_P081",100
"21673",-78.1794398030033,"CAFI_P081",25
"21674",1760.49812019704,"CAFI_P081",50
"21675",-1252.25311980298,"CAFI_P081",100
"21676",734.805210196995,"CAFI_P081",25
"21677",-2070.29108980298,"CAFI_P081",50
"21678",3773.31494019699,"CAFI_P081",100
"21679",934.915570196987,"CAFI_P081",25
"21680",2842.845190197,"CAFI_P081",50
"21681",-581.368899802968,"CAFI_P081",100
"21682",1054.836980197,"CAFI_P081",25
"21683",386.150730197027,"CAFI_P081",50
"21684",977.194990197022,"CAFI_P081",100
"21685",1057.519060197,"CAFI_P081",25
"21686",1393.74111019704,"CAFI_P081",50
"21687",-2106.65923980298,"CAFI_P081",100
"21688",971.754460197,"CAFI_P081",25
"21689",694.277970197028,"CAFI_P081",50
"21690",4016.51697019703,"CAFI_P081",100
"21691",1456.39222019701,"CAFI_P081",25
"21692",2861.93949019699,"CAFI_P081",50
"21693",-954.451309803,"CAFI_P081",100
"21694",828.961740197032,"CAFI_P081",25
"21695",236.526300197002,"CAFI_P081",50
"21696",2860.44411019702,"CAFI_P081",100
"21697",-508.499199802987,"CAFI_P081",25
"21698",2672.30959019699,"CAFI_P081",50
"21699",2344.91196019703,"CAFI_P081",100
"21700",-130.223969803017,"CAFI_P081",25
"21701",1196.31113019702,"CAFI_P081",50
"21702",-1541.50175980298,"CAFI_P081",100
"21703",355.293480197026,"CAFI_P081",25
"21704",1402.57668019703,"CAFI_P081",50
"21705",4684.38961019699,"CAFI_P081",100
"21706",-1913.13237980299,"CAFI_P081",25
"21707",149.107660197013,"CAFI_P081",50
"21708",7936.002220197,"CAFI_P081",100
"21709",106.057080197032,"CAFI_P081",25
"21710",-271.574369803013,"CAFI_P081",50
"21711",-1634.222369803,"CAFI_P081",100
"21712",-1894.96137980296,"CAFI_P081",25
"21713",-10.3044198029675,"CAFI_P081",50
"21714",2013.41210019699,"CAFI_P081",100
"21715",-107.153019802994,"CAFI_P081",25
"21716",-1800.26032980299,"CAFI_P081",50
"21717",5292.91700019699,"CAFI_P081",100
"21718",-996.581179803004,"CAFI_P081",25
"21719",3779.35731019703,"CAFI_P081",50
"21720",676.930000197026,"CAFI_P081",100
"21721",242.69275019702,"CAFI_P081",25
"21722",2164.86097019701,"CAFI_P081",50
"21723",3617.71953019704,"CAFI_P081",100
"21724",948.518970197008,"CAFI_P081",25
"21725",-46.7995998029946,"CAFI_P081",50
"21726",11851.801190197,"CAFI_P081",100
"21727",178.289370196988,"CAFI_P081",25
"21728",1564.33717019699,"CAFI_P081",50
"21729",102.838910197024,"CAFI_P081",100
"21730",-1310.86139980296,"CAFI_P081",25
"21731",-34.1564798029722,"CAFI_P081",50
"21732",-526.234369802987,"CAFI_P081",100
"21733",-486.826809802966,"CAFI_P081",25
"21734",-360.339859802974,"CAFI_P081",50
"21735",1390.59830019699,"CAFI_P081",100
"21736",826.132450197008,"CAFI_P081",25
"21737",-2116.544249803,"CAFI_P081",50
"21738",8191.07033019699,"CAFI_P081",100
"21739",118.094080196985,"CAFI_P081",25
"21740",1919.20527019701,"CAFI_P081",50
"21741",8173.52509019698,"CAFI_P081",100
"21742",380.221040197008,"CAFI_P081",25
"21743",4878.79503019701,"CAFI_P081",50
"21744",-110.564069802989,"CAFI_P081",100
"21745",-1213.46577980299,"CAFI_P081",25
"21746",1664.254620197,"CAFI_P081",50
"21747",6111.63010019698,"CAFI_P081",100
"21748",1295.50244019699,"CAFI_P081",25
"21749",-1644.942969803,"CAFI_P081",50
"21750",-621.67893980298,"CAFI_P081",100
"21751",1697.453060197,"CAFI_P081",25
"21752",-1215.56922980299,"CAFI_P081",50
"21753",2001.15189019701,"CAFI_P081",100
"21754",98.9714201969909,"CAFI_P081",25
"21755",1456.94875019701,"CAFI_P081",50
"21756",-1536.99916980299,"CAFI_P081",100
"21757",248.917760197015,"CAFI_P081",25
"21758",955.19149019703,"CAFI_P081",50
"21759",1781.79385019699,"CAFI_P081",100
"21760",-2037.38576980296,"CAFI_P081",25
"21761",-1498.89415980299,"CAFI_P081",50
"21762",339.051510196994,"CAFI_P081",100
"21763",62.8111401970382,"CAFI_P081",25
"21764",-1411.54696980299,"CAFI_P081",50
"21765",-825.048539803014,"CAFI_P081",100
"21766",-1415.018999803,"CAFI_P081",25
"21767",390.486340197036,"CAFI_P081",50
"21768",4372.51421019703,"CAFI_P081",100
"21769",127.155600197031,"CAFI_P081",25
"21770",375.782640197023,"CAFI_P081",50
"21771",898.038110196998,"CAFI_P081",100
"21772",-306.097639803018,"CAFI_P081",25
"21773",4222.51540019701,"CAFI_P081",50
"21774",-759.373499803012,"CAFI_P081",100
"21775",11.6645301969838,"CAFI_P081",25
"21776",3195.66225019703,"CAFI_P081",50
"21777",924.61589019699,"CAFI_P081",100
"21778",4463.62720019702,"CAFI_P081",25
"21779",885.645120197034,"CAFI_P081",50
"21780",2557.99500019703,"CAFI_P081",100
"21781",407.276520196989,"CAFI_P081",25
"21782",1556.22705019702,"CAFI_P081",50
"21783",6107.87970019702,"CAFI_P081",100
"21784",5801.46241019701,"CAFI_P081",25
"21785",-483.457989802992,"CAFI_P081",50
"21786",3233.54941019701,"CAFI_P081",100
"21787",395.087000197032,"CAFI_P081",25
"21788",-688.007319803,"CAFI_P081",50
"21789",1374.51115019701,"CAFI_P081",100
"21790",-1017.04462980299,"CAFI_P081",25
"21791",564.033270196989,"CAFI_P081",50
"21792",684.576320197026,"CAFI_P081",100
"21793",9942.73774019699,"CAFI_P081",25
"21794",-1402.54889980296,"CAFI_P081",50
"21795",336.898630196985,"CAFI_P081",100
"21796",-75.9999998029671,"CAFI_P081",25
"21797",473.765860197018,"CAFI_P081",50
"21798",-1502.15375980298,"CAFI_P081",100
"21799",-6.01358980301302,"CAFI_P081",25
"21800",3158.41452019702,"CAFI_P081",50
"21801",-190.923199802986,"CAFI_P081",100
"21802",111.044940197025,"CAFI_P081",25
"21803",829.234030197025,"CAFI_P081",50
"21804",-1046.35511980299,"CAFI_P081",100
"21805",-4.0827298029908,"CAFI_P081",25
"21806",767.898380197003,"CAFI_P081",50
"21807",1416.94655019703,"CAFI_P081",100
"21808",-18.8511198029737,"CAFI_P081",25
"21809",800.529030197009,"CAFI_P081",50
"21810",-438.989009802986,"CAFI_P081",100
"21811",91.9426501970156,"CAFI_P081",25
"21812",2950.36384019704,"CAFI_P081",50
"21813",5904.43845019699,"CAFI_P081",100
"21814",117.899900196993,"CAFI_P081",25
"21815",-114.935159802961,"CAFI_P081",50
"21816",74.0656801970326,"CAFI_P081",100
"21817",-1711.39268980297,"CAFI_P081",25
"21818",-8.33577980299015,"CAFI_P081",50
"21819",2405.35373019701,"CAFI_P081",100
"21820",1041.24517019698,"CAFI_P081",25
"21821",1694.96199019701,"CAFI_P081",50
"21822",1775.137930197,"CAFI_P081",100
"21823",1035.81470019702,"CAFI_P081",25
"21824",1028.02650019701,"CAFI_P081",50
"21825",2856.77730019699,"CAFI_P081",100
"21826",-291.378349802981,"CAFI_P081",25
"21827",646.688970196992,"CAFI_P081",50
"21828",-1914.28004980297,"CAFI_P081",100
"21829",1260.68847019703,"CAFI_P081",25
"21830",-1647.88612980297,"CAFI_P081",50
"21831",4028.04239019699,"CAFI_P081",100
"21832",1269.99620019703,"CAFI_P081",25
"21833",1112.60691019701,"CAFI_P081",50
"21834",2490.13909019699,"CAFI_P081",100
"21835",906.955760197015,"CAFI_P081",25
"21836",3608.07317019702,"CAFI_P081",50
"21837",3185.04764019704,"CAFI_P081",100
"21838",5713.51170019701,"CAFI_P081",25
"21839",-1354.00419980299,"CAFI_P081",50
"21840",10.8214801970171,"CAFI_P081",100
"21841",19.8606001969893,"CAFI_P081",25
"21842",346.090550196997,"CAFI_P081",50
"21843",10290.624610197,"CAFI_P081",100
"21844",283.177270197019,"CAFI_P081",25
"21845",53.6909101970377,"CAFI_P081",50
"21846",480.996250197,"CAFI_P081",100
"21847",314.330840196984,"CAFI_P081",25
"21848",337.553280197026,"CAFI_P081",50
"21849",-399.855539802986,"CAFI_P081",100
"21850",89.4524601970334,"CAFI_P081",25
"21851",379.644280196982,"CAFI_P081",50
"21852",1771.96440019703,"CAFI_P081",100
"21853",3409.32036019699,"CAFI_P081",25
"21854",-129.466729803011,"CAFI_P081",50
"21855",1821.442220197,"CAFI_P081",100
"21856",1488.49610019702,"CAFI_P081",25
"21857",2401.63060019701,"CAFI_P081",50
"21858",3761.823550197,"CAFI_P081",100
"21859",-225.491799802985,"CAFI_P081",25
"21860",743.086730197014,"CAFI_P081",50
"21861",-625.065089803014,"CAFI_P081",100
"21862",1039.772370197,"CAFI_P081",25
"21863",1188.805050197,"CAFI_P081",50
"21864",-490.524679802998,"CAFI_P081",100
"21865",-1930.14057980297,"CAFI_P081",25
"21866",2292.83228019701,"CAFI_P081",50
"21867",-428.121199802961,"CAFI_P081",100
"21868",-314.001649803016,"CAFI_P081",25
"21869",1959.47784019704,"CAFI_P081",50
"21870",6203.37963019701,"CAFI_P081",100
"21871",-577.839079802972,"CAFI_P081",25
"21872",749.615470196994,"CAFI_P081",50
"21873",1794.28861019702,"CAFI_P081",100
"21874",510.018540196994,"CAFI_P081",25
"21875",-748.687199803011,"CAFI_P081",50
"21876",4324.74103019701,"CAFI_P081",100
"21877",1469.34911019698,"CAFI_P081",25
"21878",3259.82180019701,"CAFI_P081",50
"21879",7439.54939019703,"CAFI_P081",100
"21880",-303.59478980297,"CAFI_P081",25
"21881",265.294560196984,"CAFI_P081",50
"21882",3181.73071019701,"CAFI_P081",100
"21883",-1442.74117980298,"CAFI_P081",25
"21884",8220.97485019703,"CAFI_P081",50
"21885",676.505690196995,"CAFI_P081",100
"21886",-188.949529803009,"CAFI_P081",25
"21887",3357.73455019703,"CAFI_P081",50
"21888",307.691450197017,"CAFI_P081",100
"21889",-1097.53169980302,"CAFI_P081",25
"21890",-915.932699802972,"CAFI_P081",50
"21891",-571.286219802976,"CAFI_P081",100
"21892",220.006740197015,"CAFI_P081",25
"21893",595.871070197027,"CAFI_P081",50
"21894",2987.76195019699,"CAFI_P081",100
"21895",653.070460196992,"CAFI_P081",25
"21896",-1754.61824980297,"CAFI_P081",50
"21897",-863.119629802997,"CAFI_P081",100
"21898",-727.137029803009,"CAFI_P081",25
"21899",267.280740196991,"CAFI_P081",50
"21900",309.330620196997,"CAFI_P081",100
"21901",5669.48459574798,"CAFI_P082",25
"21902",-3417.69391425201,"CAFI_P082",50
"21903",445.497865747981,"CAFI_P082",100
"21904",-2317.94840425201,"CAFI_P082",25
"21905",-5284.85750425201,"CAFI_P082",50
"21906",-1123.75348425203,"CAFI_P082",100
"21907",-1133.14019425202,"CAFI_P082",25
"21908",-2750.50524425201,"CAFI_P082",50
"21909",-1217.38644425201,"CAFI_P082",100
"21910",-1744.97158425202,"CAFI_P082",25
"21911",6768.53124574799,"CAFI_P082",50
"21912",-6524.76381425202,"CAFI_P082",100
"21913",-3455.31490425201,"CAFI_P082",25
"21914",-1992.82856425201,"CAFI_P082",50
"21915",-1641.40986425203,"CAFI_P082",100
"21916",-2134.19610425201,"CAFI_P082",25
"21917",-199.27848425202,"CAFI_P082",50
"21918",-6909.723764252,"CAFI_P082",100
"21919",-742.518324252014,"CAFI_P082",25
"21920",556.708595748001,"CAFI_P082",50
"21921",-1553.445384252,"CAFI_P082",100
"21922",-2354.06306425203,"CAFI_P082",25
"21923",342.03739574799,"CAFI_P082",50
"21924",-2151.69393425202,"CAFI_P082",100
"21925",4779.26620574799,"CAFI_P082",25
"21926",6032.20738574798,"CAFI_P082",50
"21927",-3790.69674425203,"CAFI_P082",100
"21928",30.8044657479913,"CAFI_P082",25
"21929",-621.140724252007,"CAFI_P082",50
"21930",-4800.626274252,"CAFI_P082",100
"21931",-2053.06580425202,"CAFI_P082",25
"21932",2499.726945748,"CAFI_P082",50
"21933",-3045.819104252,"CAFI_P082",100
"21934",-678.288864252012,"CAFI_P082",25
"21935",-749.119204251998,"CAFI_P082",50
"21936",-1199.16331425201,"CAFI_P082",100
"21937",-6015.86940425201,"CAFI_P082",25
"21938",-1304.42649425202,"CAFI_P082",50
"21939",-77.1893642520008,"CAFI_P082",100
"21940",-98.1997542520112,"CAFI_P082",25
"21941",-7520.27461425202,"CAFI_P082",50
"21942",-286.700534252013,"CAFI_P082",100
"21943",1092.215585748,"CAFI_P082",25
"21944",-2824.26998425202,"CAFI_P082",50
"21945",2901.259235748,"CAFI_P082",100
"21946",-5050.99052425202,"CAFI_P082",25
"21947",-1817.67641425203,"CAFI_P082",50
"21948",-2415.41367425202,"CAFI_P082",100
"21949",-5066.69710425202,"CAFI_P082",25
"21950",-775.959954252001,"CAFI_P082",50
"21951",-5554.76842425202,"CAFI_P082",100
"21952",-3716.725254252,"CAFI_P082",25
"21953",4822.07879574798,"CAFI_P082",50
"21954",553.117965747981,"CAFI_P082",100
"21955",-731.755904252001,"CAFI_P082",25
"21956",-3960.937824252,"CAFI_P082",50
"21957",-2881.609894252,"CAFI_P082",100
"21958",-549.555584252026,"CAFI_P082",25
"21959",385.645895747992,"CAFI_P082",50
"21960",5737.19099574798,"CAFI_P082",100
"21961",-3351.807434252,"CAFI_P082",25
"21962",1484.16672574799,"CAFI_P082",50
"21963",-6.16605425201124,"CAFI_P082",100
"21964",-831.494614252006,"CAFI_P082",25
"21965",-5096.55363425201,"CAFI_P082",50
"21966",-5387.75219425201,"CAFI_P082",100
"21967",3199.79819574798,"CAFI_P082",25
"21968",468.05798574799,"CAFI_P082",50
"21969",-1836.510204252,"CAFI_P082",100
"21970",1483.94109574798,"CAFI_P082",25
"21971",-943.316124252015,"CAFI_P082",50
"21972",-4783.25528425201,"CAFI_P082",100
"21973",-615.500414252019,"CAFI_P082",25
"21974",-1270.79374425201,"CAFI_P082",50
"21975",-711.057344252011,"CAFI_P082",100
"21976",1881.79443574799,"CAFI_P082",25
"21977",4181.245555748,"CAFI_P082",50
"21978",4279.13476574799,"CAFI_P082",100
"21979",-639.497654252016,"CAFI_P082",25
"21980",-1801.03461425201,"CAFI_P082",50
"21981",-2629.69341425202,"CAFI_P082",100
"21982",646.573685747979,"CAFI_P082",25
"21983",-4356.21413425202,"CAFI_P082",50
"21984",-2919.11631425202,"CAFI_P082",100
"21985",-3462.412754252,"CAFI_P082",25
"21986",-2047.77710425202,"CAFI_P082",50
"21987",1795.202525748,"CAFI_P082",100
"21988",1355.39306574798,"CAFI_P082",25
"21989",3129.56629574799,"CAFI_P082",50
"21990",1952.728145748,"CAFI_P082",100
"21991",1076.38789574799,"CAFI_P082",25
"21992",2593.43879574799,"CAFI_P082",50
"21993",-3597.35259425201,"CAFI_P082",100
"21994",5848.601215748,"CAFI_P082",25
"21995",6225.14671574798,"CAFI_P082",50
"21996",-6699.79072425202,"CAFI_P082",100
"21997",3487.75990574798,"CAFI_P082",25
"21998",2956.96048574799,"CAFI_P082",50
"21999",-309.810784252011,"CAFI_P082",100
"22000",-5.9586642520153,"CAFI_P082",25
"22001",-1491.35491425201,"CAFI_P082",50
"22002",-5205.67538425201,"CAFI_P082",100
"22003",-2484.373994252,"CAFI_P082",25
"22004",-5716.57108425201,"CAFI_P082",50
"22005",-3385.29814425201,"CAFI_P082",100
"22006",-2611.26235425202,"CAFI_P082",25
"22007",-1893.46548425202,"CAFI_P082",50
"22008",-1493.25531425202,"CAFI_P082",100
"22009",-833.738034252019,"CAFI_P082",25
"22010",-181.853314252017,"CAFI_P082",50
"22011",-2541.29354425202,"CAFI_P082",100
"22012",-2027.46082425202,"CAFI_P082",25
"22013",-2745.14384425202,"CAFI_P082",50
"22014",-665.208564252011,"CAFI_P082",100
"22015",-3415.38448425202,"CAFI_P082",25
"22016",-1396.481404252,"CAFI_P082",50
"22017",-5063.01870425201,"CAFI_P082",100
"22018",2076.65744574799,"CAFI_P082",25
"22019",-2288.22725425201,"CAFI_P082",50
"22020",47.1425757479738,"CAFI_P082",100
"22021",-2852.05330425201,"CAFI_P082",25
"22022",5167.256685748,"CAFI_P082",50
"22023",-3629.275974252,"CAFI_P082",100
"22024",-3521.10251425201,"CAFI_P082",25
"22025",1508.459275748,"CAFI_P082",50
"22026",1225.92975574799,"CAFI_P082",100
"22027",-4438.95567425201,"CAFI_P082",25
"22028",-5692.76710425201,"CAFI_P082",50
"22029",637.534565747977,"CAFI_P082",100
"22030",2687.520525748,"CAFI_P082",25
"22031",-3218.595874252,"CAFI_P082",50
"22032",4535.46491574799,"CAFI_P082",100
"22033",6788.15415574799,"CAFI_P082",25
"22034",-2881.12873425201,"CAFI_P082",50
"22035",-1365.25813425201,"CAFI_P082",100
"22036",712.922145747987,"CAFI_P082",25
"22037",-3261.29457425201,"CAFI_P082",50
"22038",-5379.87807425202,"CAFI_P082",100
"22039",1582.29659574799,"CAFI_P082",25
"22040",2490.50703574799,"CAFI_P082",50
"22041",2562.930995748,"CAFI_P082",100
"22042",-609.486844252009,"CAFI_P082",25
"22043",2899.46768574798,"CAFI_P082",50
"22044",-128.042764252023,"CAFI_P082",100
"22045",798.747685747978,"CAFI_P082",25
"22046",492.529405747977,"CAFI_P082",50
"22047",-7290.36747425201,"CAFI_P082",100
"22048",370.989935747988,"CAFI_P082",25
"22049",-6987.50393425202,"CAFI_P082",50
"22050",-3291.62842425201,"CAFI_P082",100
"22051",971.737625747977,"CAFI_P082",25
"22052",-342.965234252013,"CAFI_P082",50
"22053",1084.18444574799,"CAFI_P082",100
"22054",-955.337324252003,"CAFI_P082",25
"22055",-2723.15139425203,"CAFI_P082",50
"22056",4793.53881574798,"CAFI_P082",100
"22057",881.004935748002,"CAFI_P082",25
"22058",1643.71407574799,"CAFI_P082",50
"22059",-3986.82273425203,"CAFI_P082",100
"22060",1899.543045748,"CAFI_P082",25
"22061",-1845.187984252,"CAFI_P082",50
"22062",2885.63688574798,"CAFI_P082",100
"22063",-1348.016404252,"CAFI_P082",25
"22064",-2553.125354252,"CAFI_P082",50
"22065",-2460.140054252,"CAFI_P082",100
"22066",-3727.657804252,"CAFI_P082",25
"22067",-5046.91785425201,"CAFI_P082",50
"22068",-4060.52745425201,"CAFI_P082",100
"22069",704.334045747994,"CAFI_P082",25
"22070",-2098.25589425201,"CAFI_P082",50
"22071",-6198.63265425201,"CAFI_P082",100
"22072",1936.870115748,"CAFI_P082",25
"22073",-219.588024252007,"CAFI_P082",50
"22074",-4026.34481425202,"CAFI_P082",100
"22075",-4072.21641425201,"CAFI_P082",25
"22076",3653.12239574798,"CAFI_P082",50
"22077",-3827.24066425202,"CAFI_P082",100
"22078",319.073905747995,"CAFI_P082",25
"22079",470.576045747992,"CAFI_P082",50
"22080",552.514385747985,"CAFI_P082",100
"22081",-2845.29400425201,"CAFI_P082",25
"22082",-5667.31197425201,"CAFI_P082",50
"22083",-378.950314252026,"CAFI_P082",100
"22084",4683.05464574799,"CAFI_P082",25
"22085",1104.02113574799,"CAFI_P082",50
"22086",-5885.30042425201,"CAFI_P082",100
"22087",-1865.054904252,"CAFI_P082",25
"22088",-5116.12744425201,"CAFI_P082",50
"22089",-1730.71987425201,"CAFI_P082",100
"22090",2171.76994574798,"CAFI_P082",25
"22091",-4273.61092425202,"CAFI_P082",50
"22092",-3839.42731425201,"CAFI_P082",100
"22093",-3200.20137425201,"CAFI_P082",25
"22094",2075.65903574799,"CAFI_P082",50
"22095",-5937.49861425201,"CAFI_P082",100
"22096",958.721125747979,"CAFI_P082",25
"22097",1224.128035748,"CAFI_P082",50
"22098",-6030.70227425201,"CAFI_P082",100
"22099",-1567.23040425201,"CAFI_P082",25
"22100",-2748.04168425201,"CAFI_P082",50
"22101",-277.164644252014,"CAFI_P082",100
"22102",1238.229475748,"CAFI_P082",25
"22103",936.800195747986,"CAFI_P082",50
"22104",-5004.06309425201,"CAFI_P082",100
"22105",-3706.171304252,"CAFI_P082",25
"22106",2525.431515748,"CAFI_P082",50
"22107",786.730555747985,"CAFI_P082",100
"22108",7309.45078574799,"CAFI_P082",25
"22109",-3392.19980425201,"CAFI_P082",50
"22110",3670.57376574798,"CAFI_P082",100
"22111",-560.774004252016,"CAFI_P082",25
"22112",4054.828515748,"CAFI_P082",50
"22113",227.472805747995,"CAFI_P082",100
"22114",3289.613155748,"CAFI_P082",25
"22115",-2925.28425425201,"CAFI_P082",50
"22116",-5196.79569425201,"CAFI_P082",100
"22117",1675.440195748,"CAFI_P082",25
"22118",-2695.91144425201,"CAFI_P082",50
"22119",5292.48139574798,"CAFI_P082",100
"22120",-4559.680004252,"CAFI_P082",25
"22121",1336.750505748,"CAFI_P082",50
"22122",1485.076925748,"CAFI_P082",100
"22123",533.525035747996,"CAFI_P082",25
"22124",-3149.48793425201,"CAFI_P082",50
"22125",-6003.01925425201,"CAFI_P082",100
"22126",-5614.58189425201,"CAFI_P082",25
"22127",-4948.22914425201,"CAFI_P082",50
"22128",5482.41110574797,"CAFI_P082",100
"22129",-2985.67246425201,"CAFI_P082",25
"22130",-1872.395004252,"CAFI_P082",50
"22131",6517.07198574799,"CAFI_P082",100
"22132",-2997.19518425202,"CAFI_P082",25
"22133",87.4498757479887,"CAFI_P082",50
"22134",3083.67903574798,"CAFI_P082",100
"22135",-2906.94226425202,"CAFI_P082",25
"22136",-5368.93859425202,"CAFI_P082",50
"22137",-3725.30134425202,"CAFI_P082",100
"22138",-130.892504251999,"CAFI_P082",25
"22139",-1219.17516425202,"CAFI_P082",50
"22140",-2079.113154252,"CAFI_P082",100
"22141",-3295.61665425202,"CAFI_P082",25
"22142",10468.629475748,"CAFI_P082",50
"22143",-1316.24963425202,"CAFI_P082",100
"22144",709.876805747976,"CAFI_P082",25
"22145",872.023565747979,"CAFI_P082",50
"22146",-5537.92101425202,"CAFI_P082",100
"22147",-3787.54964425202,"CAFI_P082",25
"22148",-5135.03484425202,"CAFI_P082",50
"22149",-2589.22398425202,"CAFI_P082",100
"22150",275.415335747995,"CAFI_P082",25
"22151",-3650.42535425202,"CAFI_P082",50
"22152",-1223.747224252,"CAFI_P082",100
"22153",-1933.42310425203,"CAFI_P082",25
"22154",6878.48254574797,"CAFI_P082",50
"22155",-1248.88036425202,"CAFI_P082",100
"22156",-4032.298204252,"CAFI_P082",25
"22157",-585.707894252002,"CAFI_P082",50
"22158",2530.09904574798,"CAFI_P082",100
"22159",-2801.576744252,"CAFI_P082",25
"22160",-123.949614252022,"CAFI_P082",50
"22161",-4573.64178425202,"CAFI_P082",100
"22162",1412.415205748,"CAFI_P082",25
"22163",-337.958904252009,"CAFI_P082",50
"22164",-1569.87550425201,"CAFI_P082",100
"22165",-2733.93913425202,"CAFI_P082",25
"22166",-937.488804252003,"CAFI_P082",50
"22167",4219.92654574799,"CAFI_P082",100
"22168",-3068.87348425202,"CAFI_P082",25
"22169",-1099.77599425201,"CAFI_P082",50
"22170",6496.810345748,"CAFI_P082",100
"22171",-99.1883742520004,"CAFI_P082",25
"22172",5397.30136574799,"CAFI_P082",50
"22173",-1540.85226425203,"CAFI_P082",100
"22174",-849.722444252024,"CAFI_P082",25
"22175",4014.07474574799,"CAFI_P082",50
"22176",2113.22872574799,"CAFI_P082",100
"22177",191.532785747986,"CAFI_P082",25
"22178",-4679.00640425202,"CAFI_P082",50
"22179",-5097.02308425201,"CAFI_P082",100
"22180",3948.70500574799,"CAFI_P082",25
"22181",-593.299154252018,"CAFI_P082",50
"22182",9238.94680574798,"CAFI_P082",100
"22183",-602.859454252,"CAFI_P082",25
"22184",2556.16028574799,"CAFI_P082",50
"22185",-5385.00956425202,"CAFI_P082",100
"22186",468.622135747981,"CAFI_P082",25
"22187",-5827.77488425201,"CAFI_P082",50
"22188",-5743.67374425201,"CAFI_P082",100
"22189",-2901.30260425201,"CAFI_P082",25
"22190",5813.878765748,"CAFI_P082",50
"22191",2567.148885748,"CAFI_P082",100
"22192",-3202.65956425201,"CAFI_P082",25
"22193",-7763.97267425201,"CAFI_P082",50
"22194",-657.221394252003,"CAFI_P082",100
"22195",-552.017464252014,"CAFI_P082",25
"22196",-3292.05160425202,"CAFI_P082",50
"22197",514.300735747995,"CAFI_P082",100
"22198",-1379.391614252,"CAFI_P082",25
"22199",156.599815747992,"CAFI_P082",50
"22200",-6515.91831425201,"CAFI_P082",100
"22201",229.389489250025,"NRI_P001",25
"22202",973.296189250017,"NRI_P001",50
"22203",1764.41812925,"NRI_P001",100
"22204",-479.639110749995,"NRI_P001",25
"22205",-440.601370749995,"NRI_P001",50
"22206",-799.865450749989,"NRI_P001",100
"22207",-882.655910749978,"NRI_P001",25
"22208",-227.388510750025,"NRI_P001",50
"22209",-156.725310750015,"NRI_P001",100
"22210",-451.145510750008,"NRI_P001",25
"22211",279.159789249999,"NRI_P001",50
"22212",1085.87756925001,"NRI_P001",100
"22213",3813.97478925,"NRI_P001",25
"22214",56.2159892499913,"NRI_P001",50
"22215",-1212.57591075002,"NRI_P001",100
"22216",428.998189250007,"NRI_P001",25
"22217",-902.881910750002,"NRI_P001",50
"22218",-1657.03030074999,"NRI_P001",100
"22219",146.689989249979,"NRI_P001",25
"22220",-613.625610749994,"NRI_P001",50
"22221",-1507.90632075001,"NRI_P001",100
"22222",-226.204210750002,"NRI_P001",25
"22223",-587.444900750008,"NRI_P001",50
"22224",3350.20818924997,"NRI_P001",100
"22225",-859.896480750002,"NRI_P001",25
"22226",-385.053710750013,"NRI_P001",50
"22227",616.202699250018,"NRI_P001",100
"22228",-226.529910749989,"NRI_P001",25
"22229",-167.250510749989,"NRI_P001",50
"22230",597.410859249998,"NRI_P001",100
"22231",-260.855610749975,"NRI_P001",25
"22232",-440.988370749983,"NRI_P001",50
"22233",3762.54168924998,"NRI_P001",100
"22234",22444.78148925,"NRI_P001",25
"22235",-190.692280750023,"NRI_P001",50
"22236",9342.03298924997,"NRI_P001",100
"22237",-250.830410750001,"NRI_P001",25
"22238",-722.095750749984,"NRI_P001",50
"22239",-620.680920750019,"NRI_P001",100
"22240",-334.10591074999,"NRI_P001",25
"22241",-945.691560750012,"NRI_P001",50
"22242",296.676189250022,"NRI_P001",100
"22243",-532.309070750023,"NRI_P001",25
"22244",623.928789249971,"NRI_P001",50
"22245",21912.55951925,"NRI_P001",100
"22246",274.29908924998,"NRI_P001",25
"22247",-1348.31420075003,"NRI_P001",50
"22248",-451.028280749975,"NRI_P001",100
"22249",-582.778940749995,"NRI_P001",25
"22250",-685.401690749975,"NRI_P001",50
"22251",1026.80564924999,"NRI_P001",100
"22252",-522.70071075001,"NRI_P001",25
"22253",-326.664410749974,"NRI_P001",50
"22254",-880.126810749993,"NRI_P001",100
"22255",-740.357310749998,"NRI_P001",25
"22256",2648.68758924998,"NRI_P001",50
"22257",-1121.79351074999,"NRI_P001",100
"22258",25.9826092500007,"NRI_P001",25
"22259",-686.020680750022,"NRI_P001",50
"22260",-1619.86082075001,"NRI_P001",100
"22261",-560.615920750017,"NRI_P001",25
"22262",-514.249910750019,"NRI_P001",50
"22263",811.120079250017,"NRI_P001",100
"22264",3882.92678924999,"NRI_P001",25
"22265",1026.06498924998,"NRI_P001",50
"22266",50.3809892499703,"NRI_P001",100
"22267",3587.46158925002,"NRI_P001",25
"22268",-138.842430750025,"NRI_P001",50
"22269",575.870189249981,"NRI_P001",100
"22270",381.61588925001,"NRI_P001",25
"22271",6450.24149925,"NRI_P001",50
"22272",6242.11998924997,"NRI_P001",100
"22273",-171.90781075001,"NRI_P001",25
"22274",-831.279070749995,"NRI_P001",50
"22275",-579.506040750013,"NRI_P001",100
"22276",46.4097892499994,"NRI_P001",25
"22277",-444.599580749986,"NRI_P001",50
"22278",172.216959249985,"NRI_P001",100
"22279",8.20828924997477,"NRI_P001",25
"22280",-246.059210749983,"NRI_P001",50
"22281",-1192.46195074997,"NRI_P001",100
"22282",26.8843892500154,"NRI_P001",25
"22283",13853.83838925,"NRI_P001",50
"22284",2574.83938924997,"NRI_P001",100
"22285",238.779589249985,"NRI_P001",25
"22286",-1310.70831075002,"NRI_P001",50
"22287",1598.50978924998,"NRI_P001",100
"22288",-795.363210749987,"NRI_P001",25
"22289",-1295.40203075,"NRI_P001",50
"22290",3777.68777924997,"NRI_P001",100
"22291",-567.362360749976,"NRI_P001",25
"22292",2121.27638925001,"NRI_P001",50
"22293",-1240.45616075001,"NRI_P001",100
"22294",-268.506010750018,"NRI_P001",25
"22295",-294.861010749999,"NRI_P001",50
"22296",-1577.80810075003,"NRI_P001",100
"22297",1093.66458924999,"NRI_P001",25
"22298",1342.46698924998,"NRI_P001",50
"22299",8429.39343925001,"NRI_P001",100
"22300",22151.94008925,"NRI_P001",25
"22301",4925.66158924997,"NRI_P001",50
"22302",68.9903292499948,"NRI_P001",100
"22303",-384.577610749984,"NRI_P001",25
"22304",-1200.14051075,"NRI_P001",50
"22305",3871.73122924997,"NRI_P001",100
"22306",-635.423810750013,"NRI_P001",25
"22307",-1250.98220074998,"NRI_P001",50
"22308",-852.260000750015,"NRI_P001",100
"22309",2277.88748924999,"NRI_P001",25
"22310",-490.550670750032,"NRI_P001",50
"22311",-1855.36897075002,"NRI_P001",100
"22312",-865.547040749982,"NRI_P001",25
"22313",1212.26340925001,"NRI_P001",50
"22314",-2135.20842074999,"NRI_P001",100
"22315",-797.808910750027,"NRI_P001",25
"22316",1167.04648924997,"NRI_P001",50
"22317",-1541.00536075002,"NRI_P001",100
"22318",-824.086210749985,"NRI_P001",25
"22319",415.06232924998,"NRI_P001",50
"22320",-627.261910750007,"NRI_P001",100
"22321",-403.309910750017,"NRI_P001",25
"22322",173.509089250001,"NRI_P001",50
"22323",1291.80886925,"NRI_P001",100
"22324",-114.726910749974,"NRI_P001",25
"22325",580.880789250019,"NRI_P001",50
"22326",-412.766880750016,"NRI_P001",100
"22327",50.89568924997,"NRI_P001",25
"22328",564.099579249974,"NRI_P001",50
"22329",-911.840920749994,"NRI_P001",100
"22330",-488.366210750013,"NRI_P001",25
"22331",-505.98971075,"NRI_P001",50
"22332",5973.41413925,"NRI_P001",100
"22333",-304.559980750026,"NRI_P001",25
"22334",124.333559249993,"NRI_P001",50
"22335",463.935389249993,"NRI_P001",100
"22336",3567.29598925001,"NRI_P001",25
"22337",2428.83275925001,"NRI_P001",50
"22338",3217.77779924998,"NRI_P001",100
"22339",80.9984892500215,"NRI_P001",25
"22340",388.314089249994,"NRI_P001",50
"22341",1216.64560925,"NRI_P001",100
"22342",17.4647892499925,"NRI_P001",25
"22343",-160.609410749981,"NRI_P001",50
"22344",331.330139249971,"NRI_P001",100
"22345",647.795489249984,"NRI_P001",25
"22346",-1228.14097075001,"NRI_P001",50
"22347",5593.16138925002,"NRI_P001",100
"22348",-108.950410749996,"NRI_P001",25
"22349",-175.246220749978,"NRI_P001",50
"22350",-941.166540750011,"NRI_P001",100
"22351",-274.033520750003,"NRI_P001",25
"22352",-411.423410749994,"NRI_P001",50
"22353",272.501659250003,"NRI_P001",100
"22354",41.887489249988,"NRI_P001",25
"22355",1349.03798924998,"NRI_P001",50
"22356",960.691889250011,"NRI_P001",100
"22357",303.670089250023,"NRI_P001",25
"22358",-961.459420749976,"NRI_P001",50
"22359",2562.66121925,"NRI_P001",100
"22360",-38.5372107499861,"NRI_P001",25
"22361",-450.429710750002,"NRI_P001",50
"22362",761.412629249971,"NRI_P001",100
"22363",64.6573892500019,"NRI_P001",25
"22364",1362.14967925003,"NRI_P001",50
"22365",-990.91761075001,"NRI_P001",100
"22366",320.242889249988,"NRI_P001",25
"22367",-657.426330749993,"NRI_P001",50
"22368",2199.47327924997,"NRI_P001",100
"22369",-522.70071075001,"NRI_P001",25
"22370",726.674049250025,"NRI_P001",50
"22371",452.382119250018,"NRI_P001",100
"22372",-426.867110749998,"NRI_P001",25
"22373",1094.56668925,"NRI_P001",50
"22374",-1140.05596074997,"NRI_P001",100
"22375",50.89568924997,"NRI_P001",25
"22376",-283.306010750006,"NRI_P001",50
"22377",724.909089250024,"NRI_P001",100
"22378",-275.73421075003,"NRI_P001",25
"22379",2447.94088925002,"NRI_P001",50
"22380",557.331749250006,"NRI_P001",100
"22381",-196.230410750024,"NRI_P001",25
"22382",199.560749249998,"NRI_P001",50
"22383",-366.90371074999,"NRI_P001",100
"22384",-795.363210749987,"NRI_P001",25
"22385",-874.626660750015,"NRI_P001",50
"22386",198.103789250017,"NRI_P001",100
"22387",-460.724040750007,"NRI_P001",25
"22388",912.174989250023,"NRI_P001",50
"22389",-1115.99361075001,"NRI_P001",100
"22390",2231.59278925002,"NRI_P001",25
"22391",-752.620610749989,"NRI_P001",50
"22392",-1768.70816074999,"NRI_P001",100
"22393",212.114789250016,"NRI_P001",25
"22394",-804.325360750023,"NRI_P001",50
"22395",1968.33330925001,"NRI_P001",100
"22396",3427.90598924999,"NRI_P001",25
"22397",396.956689250015,"NRI_P001",50
"22398",-1640.47397075,"NRI_P001",100
"22399",13896.81478925,"NRI_P001",25
"22400",-604.058210749994,"NRI_P001",50
"22401",-152.879310749995,"NRI_P001",100
"22402",-581.579410750011,"NRI_P001",25
"22403",677.011999249982,"NRI_P001",50
"22404",-561.321250749985,"NRI_P001",100
"22405",1013.40308924997,"NRI_P001",25
"22406",-1035.63511074998,"NRI_P001",50
"22407",7738.36408924998,"NRI_P001",100
"22408",96.1495892499806,"NRI_P001",25
"22409",-1142.34924075002,"NRI_P001",50
"22410",1905.76683924999,"NRI_P001",100
"22411",-874.437160749978,"NRI_P001",25
"22412",564.099579249974,"NRI_P001",50
"22413",459.554539249977,"NRI_P001",100
"22414",-406.555010750017,"NRI_P001",25
"22415",6622.32018924999,"NRI_P001",50
"22416",-991.44111075002,"NRI_P001",100
"22417",42.5472892500111,"NRI_P001",25
"22418",116.612889249984,"NRI_P001",50
"22419",-41.6954107499914,"NRI_P001",100
"22420",64.6573892500019,"NRI_P001",25
"22421",-717.881610749988,"NRI_P001",50
"22422",1319.54210924997,"NRI_P001",100
"22423",-684.624010749976,"NRI_P001",25
"22424",-238.588410750031,"NRI_P001",50
"22425",-738.974610749981,"NRI_P001",100
"22426",-58.3808107500081,"NRI_P001",25
"22427",-480.272280749981,"NRI_P001",50
"22428",-131.270910750027,"NRI_P001",100
"22429",183.47148925002,"NRI_P001",25
"22430",-910.055200750008,"NRI_P001",50
"22431",-1450.74483074999,"NRI_P001",100
"22432",-476.102910750022,"NRI_P001",25
"22433",1875.73768924997,"NRI_P001",50
"22434",2156.95658925001,"NRI_P001",100
"22435",1985.04608925001,"NRI_P001",25
"22436",296.625779249996,"NRI_P001",50
"22437",96.9595892499783,"NRI_P001",100
"22438",434.02008925,"NRI_P001",25
"22439",-723.185960749979,"NRI_P001",50
"22440",-1440.57630075002,"NRI_P001",100
"22441",-875.620340750029,"NRI_P001",25
"22442",-1365.33094075002,"NRI_P001",50
"22443",2921.63302925002,"NRI_P001",100
"22444",-677.918910750013,"NRI_P001",25
"22445",47.082489249995,"NRI_P001",50
"22446",-1255.88891074999,"NRI_P001",100
"22447",323.556389249978,"NRI_P001",25
"22448",925.55338925001,"NRI_P001",50
"22449",1181.77555924997,"NRI_P001",100
"22450",-531.467410749989,"NRI_P001",25
"22451",21.5822892499855,"NRI_P001",50
"22452",-1948.78711074998,"NRI_P001",100
"22453",72.1139892499777,"NRI_P001",25
"22454",-625.749810750014,"NRI_P001",50
"22455",-1623.91349075001,"NRI_P001",100
"22456",403.489489250001,"NRI_P001",25
"22457",592.915489249979,"NRI_P001",50
"22458",3766.97908924997,"NRI_P001",100
"22459",229.704389250022,"NRI_P001",25
"22460",-773.733020749991,"NRI_P001",50
"22461",-1199.53965075,"NRI_P001",100
"22462",-463.340360749979,"NRI_P001",25
"22463",-701.06281074998,"NRI_P001",50
"22464",1955.18691925,"NRI_P001",100
"22465",-572.244040750025,"NRI_P001",25
"22466",1403.09638925001,"NRI_P001",50
"22467",486.915559249988,"NRI_P001",100
"22468",-822.027210749977,"NRI_P001",25
"22469",-549.62391075003,"NRI_P001",50
"22470",527.998689249973,"NRI_P001",100
"22471",13896.81478925,"NRI_P001",25
"22472",-1146.90912075003,"NRI_P001",50
"22473",44.4312992499908,"NRI_P001",100
"22474",-247.516910750011,"NRI_P001",25
"22475",-455.315400750027,"NRI_P001",50
"22476",-1662.12558075,"NRI_P001",100
"22477",282.927689249977,"NRI_P001",25
"22478",-1171.75479074998,"NRI_P001",50
"22479",1977.48576925002,"NRI_P001",100
"22480",-214.746510749974,"NRI_P001",25
"22481",273.946489249996,"NRI_P001",50
"22482",-367.304910750012,"NRI_P001",100
"22483",-430.553830749996,"NRI_P001",25
"22484",666.872589249979,"NRI_P001",50
"22485",-703.286000750028,"NRI_P001",100
"22486",388.535289250023,"NRI_P001",25
"22487",559.804389249999,"NRI_P001",50
"22488",608.36979924998,"NRI_P001",100
"22489",-252.917910750024,"NRI_P001",25
"22490",-1142.72983075003,"NRI_P001",50
"22491",-1522.45460075,"NRI_P001",100
"22492",-504.549010750023,"NRI_P001",25
"22493",-704.055410749977,"NRI_P001",50
"22494",9500.12689925003,"NRI_P001",100
"22495",-563.401110749983,"NRI_P001",25
"22496",5981.39758925,"NRI_P001",50
"22497",-453.078810749983,"NRI_P001",100
"22498",102.307489249972,"NRI_P001",25
"22499",643.558519250015,"NRI_P001",50
"22500",3037.85272924998,"NRI_P001",100
"22501",1168.95274673801,"NRI_P002",25
"22502",174.264266738028,"NRI_P002",50
"22503",254.642046738009,"NRI_P002",100
"22504",1989.98274673801,"NRI_P002",25
"22505",-298.621153261978,"NRI_P002",50
"22506",-254.626893261971,"NRI_P002",100
"22507",-362.424853261997,"NRI_P002",25
"22508",1123.998546738,"NRI_P002",50
"22509",-511.999703261972,"NRI_P002",100
"22510",2843.38344673801,"NRI_P002",25
"22511",565.811746738007,"NRI_P002",50
"22512",1077.92854673803,"NRI_P002",100
"22513",171.146046738024,"NRI_P002",25
"22514",198.124746738031,"NRI_P002",50
"22515",1100.11294673802,"NRI_P002",100
"22516",177.464446738013,"NRI_P002",25
"22517",-557.329293261981,"NRI_P002",50
"22518",330.531336738029,"NRI_P002",100
"22519",157.365346738021,"NRI_P002",25
"22520",-81.6855532619811,"NRI_P002",50
"22521",-148.666553261981,"NRI_P002",100
"22522",-60.9975532619865,"NRI_P002",25
"22523",796.04404673801,"NRI_P002",50
"22524",-655.481413261994,"NRI_P002",100
"22525",164.119546738017,"NRI_P002",25
"22526",-186.857263261976,"NRI_P002",50
"22527",216.611526738008,"NRI_P002",100
"22528",-42.9938332619786,"NRI_P002",25
"22529",704.134396738023,"NRI_P002",50
"22530",1288.89574673801,"NRI_P002",100
"22531",45.7237467380182,"NRI_P002",25
"22532",-630.014273261972,"NRI_P002",50
"22533",-258.515413261979,"NRI_P002",100
"22534",-434.106653261988,"NRI_P002",25
"22535",-166.576653261989,"NRI_P002",50
"22536",140.326006738003,"NRI_P002",100
"22537",111.451646738016,"NRI_P002",25
"22538",1561.85214673801,"NRI_P002",50
"22539",-330.789163261972,"NRI_P002",100
"22540",-87.8695332619827,"NRI_P002",25
"22541",1039.09744673801,"NRI_P002",50
"22542",282.708546738024,"NRI_P002",100
"22543",57.3816467380093,"NRI_P002",25
"22544",30.4335567380185,"NRI_P002",50
"22545",218.032746738027,"NRI_P002",100
"22546",18.4222467380168,"NRI_P002",25
"22547",-417.152733261988,"NRI_P002",50
"22548",1446.05129673801,"NRI_P002",100
"22549",-521.272413261991,"NRI_P002",25
"22550",184.16480673803,"NRI_P002",50
"22551",-88.1491032619961,"NRI_P002",100
"22552",12.7235467380087,"NRI_P002",25
"22553",2558.46314673801,"NRI_P002",50
"22554",607.785256738018,"NRI_P002",100
"22555",81.9589467380138,"NRI_P002",25
"22556",561.986946738005,"NRI_P002",50
"22557",2062.18954673802,"NRI_P002",100
"22558",-66.5015532619727,"NRI_P002",25
"22559",-559.248223261995,"NRI_P002",50
"22560",3065.95975673801,"NRI_P002",100
"22561",-59.2277532619773,"NRI_P002",25
"22562",310.247546738014,"NRI_P002",50
"22563",1494.66869673802,"NRI_P002",100
"22564",-123.606173261971,"NRI_P002",25
"22565",578.679886738013,"NRI_P002",50
"22566",-548.469203261979,"NRI_P002",100
"22567",61.9992467380071,"NRI_P002",25
"22568",-169.743153261981,"NRI_P002",50
"22569",-343.787503261992,"NRI_P002",100
"22570",-48.4458632619935,"NRI_P002",25
"22571",-355.053773261985,"NRI_P002",50
"22572",-627.036653261981,"NRI_P002",100
"22573",-541.228233261994,"NRI_P002",25
"22574",-200.437953261979,"NRI_P002",50
"22575",-410.767843261972,"NRI_P002",100
"22576",-556.209783261991,"NRI_P002",25
"22577",-57.028363261983,"NRI_P002",50
"22578",-265.777153261995,"NRI_P002",100
"22579",-41.0865532619937,"NRI_P002",25
"22580",-271.340653261985,"NRI_P002",50
"22581",1410.42244673803,"NRI_P002",100
"22582",325.070846738003,"NRI_P002",25
"22583",758.576646738016,"NRI_P002",50
"22584",-389.054303261975,"NRI_P002",100
"22585",272.623646738008,"NRI_P002",25
"22586",-494.485543261981,"NRI_P002",50
"22587",321.162966738018,"NRI_P002",100
"22588",244.295646738028,"NRI_P002",25
"22589",702.94764673803,"NRI_P002",50
"22590",-409.107333261985,"NRI_P002",100
"22591",141.627746738028,"NRI_P002",25
"22592",-292.652133261989,"NRI_P002",50
"22593",1397.04814673803,"NRI_P002",100
"22594",279.68374673801,"NRI_P002",25
"22595",1754.084946738,"NRI_P002",50
"22596",-553.871693261986,"NRI_P002",100
"22597",-391.359453261975,"NRI_P002",25
"22598",1313.62746673802,"NRI_P002",50
"22599",23.3055467380036,"NRI_P002",100
"22600",3329.43244673801,"NRI_P002",25
"22601",65.9456267380156,"NRI_P002",50
"22602",2555.03974673801,"NRI_P002",100
"22603",243.814446738019,"NRI_P002",25
"22604",284.277646738017,"NRI_P002",50
"22605",795.220346738031,"NRI_P002",100
"22606",469.032046738022,"NRI_P002",25
"22607",-107.852133261971,"NRI_P002",50
"22608",-266.106953261973,"NRI_P002",100
"22609",1069.01504673803,"NRI_P002",25
"22610",-223.975953261979,"NRI_P002",50
"22611",1652.10296673802,"NRI_P002",100
"22612",-448.630853261973,"NRI_P002",25
"22613",939.246326738008,"NRI_P002",50
"22614",1801.43050673802,"NRI_P002",100
"22615",1423.47744673802,"NRI_P002",25
"22616",65.1703467380139,"NRI_P002",50
"22617",1072.95956673802,"NRI_P002",100
"22618",-114.255273261981,"NRI_P002",25
"22619",21.087246738025,"NRI_P002",50
"22620",1572.24814673801,"NRI_P002",100
"22621",967.266446738009,"NRI_P002",25
"22622",-91.7185832619725,"NRI_P002",50
"22623",1255.46614673801,"NRI_P002",100
"22624",-17.7823432619916,"NRI_P002",25
"22625",-510.609403261973,"NRI_P002",50
"22626",3494.91324673803,"NRI_P002",100
"22627",-305.984453261975,"NRI_P002",25
"22628",-565.687593261973,"NRI_P002",50
"22629",1065.85224673801,"NRI_P002",100
"22630",-62.5932232619962,"NRI_P002",25
"22631",227.625446738006,"NRI_P002",50
"22632",800.599206738028,"NRI_P002",100
"22633",121.737646738009,"NRI_P002",25
"22634",-264.285253261973,"NRI_P002",50
"22635",1159.32604673802,"NRI_P002",100
"22636",309.275746738014,"NRI_P002",25
"22637",543.406096738006,"NRI_P002",50
"22638",1462.91753673801,"NRI_P002",100
"22639",305.90004673801,"NRI_P002",25
"22640",-477.436053261976,"NRI_P002",50
"22641",260.251736738021,"NRI_P002",100
"22642",51.9584467380191,"NRI_P002",25
"22643",-623.097253261978,"NRI_P002",50
"22644",477.935646738013,"NRI_P002",100
"22645",-209.063053261983,"NRI_P002",25
"22646",2336.05904673802,"NRI_P002",50
"22647",619.098446738004,"NRI_P002",100
"22648",907.762446738023,"NRI_P002",25
"22649",-122.668863261992,"NRI_P002",50
"22650",289.083146738005,"NRI_P002",100
"22651",123.909546738025,"NRI_P002",25
"22652",709.517346738023,"NRI_P002",50
"22653",-369.089553261991,"NRI_P002",100
"22654",-574.777763261984,"NRI_P002",25
"22655",70.3715067380108,"NRI_P002",50
"22656",910.286976738018,"NRI_P002",100
"22657",1176.22644673803,"NRI_P002",25
"22658",-322.096493261983,"NRI_P002",50
"22659",-488.513363261969,"NRI_P002",100
"22660",-77.6847532619722,"NRI_P002",25
"22661",1061.42883673802,"NRI_P002",50
"22662",8.32414673801395,"NRI_P002",100
"22663",569.713946738018,"NRI_P002",25
"22664",2991.00514673803,"NRI_P002",50
"22665",-87.142003261979,"NRI_P002",100
"22666",400.556046738027,"NRI_P002",25
"22667",456.108946738008,"NRI_P002",50
"22668",58.6093467380269,"NRI_P002",100
"22669",60.1822467380262,"NRI_P002",25
"22670",-457.473183261987,"NRI_P002",50
"22671",11.9892467380268,"NRI_P002",100
"22672",541.177246738021,"NRI_P002",25
"22673",2812.43224673803,"NRI_P002",50
"22674",31.2698467380251,"NRI_P002",100
"22675",2202.71344673802,"NRI_P002",25
"22676",36.2826967380242,"NRI_P002",50
"22677",-117.876803261985,"NRI_P002",100
"22678",37.2126467380149,"NRI_P002",25
"22679",-379.208003261971,"NRI_P002",50
"22680",275.011896738026,"NRI_P002",100
"22681",-526.455673261982,"NRI_P002",25
"22682",-325.420173261984,"NRI_P002",50
"22683",-292.781883261981,"NRI_P002",100
"22684",-113.678073261981,"NRI_P002",25
"22685",3927.63364673802,"NRI_P002",50
"22686",-412.627593261976,"NRI_P002",100
"22687",3.90294673800236,"NRI_P002",25
"22688",-535.241763261991,"NRI_P002",50
"22689",689.118546738027,"NRI_P002",100
"22690",-177.365153261984,"NRI_P002",25
"22691",-43.9658932619786,"NRI_P002",50
"22692",-630.541643261997,"NRI_P002",100
"22693",-77.6847532619722,"NRI_P002",25
"22694",1166.13474673801,"NRI_P002",50
"22695",429.208586738008,"NRI_P002",100
"22696",120.584346738004,"NRI_P002",25
"22697",-316.55467326197,"NRI_P002",50
"22698",569.517746738013,"NRI_P002",100
"22699",-565.483323261986,"NRI_P002",25
"22700",229.339246738004,"NRI_P002",50
"22701",1558.94017673802,"NRI_P002",100
"22702",1131.51744673803,"NRI_P002",25
"22703",2153.15954673802,"NRI_P002",50
"22704",2456.16806673803,"NRI_P002",100
"22705",-8.54165326198563,"NRI_P002",25
"22706",1307.83674673803,"NRI_P002",50
"22707",447.652856738016,"NRI_P002",100
"22708",361.114046738017,"NRI_P002",25
"22709",-563.418533261982,"NRI_P002",50
"22710",-323.636133261985,"NRI_P002",100
"22711",1151.91304673802,"NRI_P002",25
"22712",77.7494467380166,"NRI_P002",50
"22713",-54.8097932619858,"NRI_P002",100
"22714",711.859046738013,"NRI_P002",25
"22715",-624.843293261976,"NRI_P002",50
"22716",-600.486703261995,"NRI_P002",100
"22717",-320.769953261974,"NRI_P002",25
"22718",-582.438583261974,"NRI_P002",50
"22719",-201.704803261993,"NRI_P002",100
"22720",-551.735213261971,"NRI_P002",25
"22721",-19.1930232619925,"NRI_P002",50
"22722",45.8812467380194,"NRI_P002",100
"22723",-72.5596032619942,"NRI_P002",25
"22724",378.528146738012,"NRI_P002",50
"22725",-249.475113261986,"NRI_P002",100
"22726",-561.962323261978,"NRI_P002",25
"22727",352.454686738027,"NRI_P002",50
"22728",-541.647123261995,"NRI_P002",100
"22729",-72.7955532619962,"NRI_P002",25
"22730",-518.568363261991,"NRI_P002",50
"22731",-124.684193261986,"NRI_P002",100
"22732",-12.5600532619865,"NRI_P002",25
"22733",994.363646738027,"NRI_P002",50
"22734",-659.838423261972,"NRI_P002",100
"22735",276.211846738006,"NRI_P002",25
"22736",516.837596738013,"NRI_P002",50
"22737",936.104726738005,"NRI_P002",100
"22738",-52.366593261977,"NRI_P002",25
"22739",67.2880067380029,"NRI_P002",50
"22740",5907.37444673802,"NRI_P002",100
"22741",-71.5285832619702,"NRI_P002",25
"22742",52.6729867380054,"NRI_P002",50
"22743",681.16540673803,"NRI_P002",100
"22744",874.546846738027,"NRI_P002",25
"22745",-22.1954532619857,"NRI_P002",50
"22746",477.046446738008,"NRI_P002",100
"22747",-570.169983261992,"NRI_P002",25
"22748",33050.227106738,"NRI_P002",50
"22749",254.811946738017,"NRI_P002",100
"22750",311.922046738007,"NRI_P002",25
"22751",256.974946738017,"NRI_P002",50
"22752",765.689416738023,"NRI_P002",100
"22753",-410.423153261974,"NRI_P002",25
"22754",367.186446738022,"NRI_P002",50
"22755",-612.421173261973,"NRI_P002",100
"22756",-50.0784532619873,"NRI_P002",25
"22757",13.8818167380232,"NRI_P002",50
"22758",247.79755673802,"NRI_P002",100
"22759",-382.413053261989,"NRI_P002",25
"22760",-234.627053261996,"NRI_P002",50
"22761",-550.554043261975,"NRI_P002",100
"22762",672.494746738026,"NRI_P002",25
"22763",883.20744673803,"NRI_P002",50
"22764",-512.747253261972,"NRI_P002",100
"22765",-12.270953261992,"NRI_P002",25
"22766",155.998246738018,"NRI_P002",50
"22767",66016.579846738,"NRI_P002",100
"22768",-65.249013261986,"NRI_P002",25
"22769",1006.926846738,"NRI_P002",50
"22770",802.713906738005,"NRI_P002",100
"22771",-23.0380132619757,"NRI_P002",25
"22772",-91.5403532619821,"NRI_P002",50
"22773",624.780446738005,"NRI_P002",100
"22774",-133.472653261997,"NRI_P002",25
"22775",-432.067253261979,"NRI_P002",50
"22776",238.371346738015,"NRI_P002",100
"22777",324.559446738014,"NRI_P002",25
"22778",-463.98455326198,"NRI_P002",50
"22779",1744.26334673801,"NRI_P002",100
"22780",-74.3876332619693,"NRI_P002",25
"22781",2698.50844673801,"NRI_P002",50
"22782",-410.178663261991,"NRI_P002",100
"22783",-9.88425326198922,"NRI_P002",25
"22784",741.319146738009,"NRI_P002",50
"22785",212.917446738022,"NRI_P002",100
"22786",-573.15550326198,"NRI_P002",25
"22787",-47.6095132619957,"NRI_P002",50
"22788",-661.782443261996,"NRI_P002",100
"22789",-66.251063261996,"NRI_P002",25
"22790",8.89478673800477,"NRI_P002",50
"22791",1096.47314673802,"NRI_P002",100
"22792",1624.27574673801,"NRI_P002",25
"22793",2928.64214673801,"NRI_P002",50
"22794",-252.864063261979,"NRI_P002",100
"22795",-384.90265326199,"NRI_P002",25
"22796",1638.73134673803,"NRI_P002",50
"22797",89.9788467380276,"NRI_P002",100
"22798",-531.467663261981,"NRI_P002",25
"22799",221.682316738006,"NRI_P002",50
"22800",398.73174673802,"NRI_P002",100
"22801",-43.0490550989925,"NRI_P003",25
"22802",190.255174900987,"NRI_P003",50
"22803",3850.21469490099,"NRI_P003",100
"22804",25.0069049010053,"NRI_P003",25
"22805",-8.01858509899466,"NRI_P003",50
"22806",-114.727435099019,"NRI_P003",100
"22807",-18.882045099017,"NRI_P003",25
"22808",1040.664074901,"NRI_P003",50
"22809",600.130164900998,"NRI_P003",100
"22810",168.820124900987,"NRI_P003",25
"22811",97.4127349010087,"NRI_P003",50
"22812",348.291044901009,"NRI_P003",100
"22813",-9.70474509900669,"NRI_P003",25
"22814",4429.34587490099,"NRI_P003",50
"22815",3579.859754901,"NRI_P003",100
"22816",2.82155490099103,"NRI_P003",25
"22817",10.1453549010039,"NRI_P003",50
"22818",989.398004900984,"NRI_P003",100
"22819",-41.0781850990024,"NRI_P003",25
"22820",65.4610149009968,"NRI_P003",50
"22821",-106.674005099019,"NRI_P003",100
"22822",16.8951549009944,"NRI_P003",25
"22823",1313.17792490099,"NRI_P003",50
"22824",-72.3845150989946,"NRI_P003",100
"22825",47.2743749009969,"NRI_P003",25
"22826",5893.94857490101,"NRI_P003",50
"22827",233.929024901008,"NRI_P003",100
"22828",98.2870249009866,"NRI_P003",25
"22829",248.743374901009,"NRI_P003",50
"22830",292.060344900994,"NRI_P003",100
"22831",117.026024900988,"NRI_P003",25
"22832",-22.6295550990035,"NRI_P003",50
"22833",390.803344900982,"NRI_P003",100
"22834",-3.38525509901228,"NRI_P003",25
"22835",3298.58297490099,"NRI_P003",50
"22836",367.724274901004,"NRI_P003",100
"22837",55.4542249009828,"NRI_P003",25
"22838",340.325624900986,"NRI_P003",50
"22839",-27.443515099003,"NRI_P003",100
"22840",125.693924900988,"NRI_P003",25
"22841",1072.621584901,"NRI_P003",50
"22842",164.292174900998,"NRI_P003",100
"22843",91.3394249010016,"NRI_P003",25
"22844",2496.13492490098,"NRI_P003",50
"22845",303.366644900991,"NRI_P003",100
"22846",99.9996249009855,"NRI_P003",25
"22847",333.846274901007,"NRI_P003",50
"22848",35.7472049009812,"NRI_P003",100
"22849",-26.2513450990082,"NRI_P003",25
"22850",120.639444900997,"NRI_P003",50
"22851",187.467134901002,"NRI_P003",100
"22852",892.390654900984,"NRI_P003",25
"22853",-60.4909850989934,"NRI_P003",50
"22854",811.394784901,"NRI_P003",100
"22855",920.450074900989,"NRI_P003",25
"22856",-21.1336450990057,"NRI_P003",50
"22857",131.021534900996,"NRI_P003",100
"22858",-49.9000050990144,"NRI_P003",25
"22859",17.4399149009841,"NRI_P003",50
"22860",8.96424490099889,"NRI_P003",100
"22861",-22.9499350989936,"NRI_P003",25
"22862",926.520574900991,"NRI_P003",50
"22863",-22.2251050990017,"NRI_P003",100
"22864",207.208254900994,"NRI_P003",25
"22865",207.266924900992,"NRI_P003",50
"22866",2599.18194490101,"NRI_P003",100
"22867",2255.56407490099,"NRI_P003",25
"22868",17.4334449009912,"NRI_P003",50
"22869",17.4686249009974,"NRI_P003",100
"22870",319.440754901007,"NRI_P003",25
"22871",2796.03927490101,"NRI_P003",50
"22872",540.760664900998,"NRI_P003",100
"22873",-71.9692350990081,"NRI_P003",25
"22874",246.923944901006,"NRI_P003",50
"22875",1077.21787490099,"NRI_P003",100
"22876",24.8432749009808,"NRI_P003",25
"22877",2979.923874901,"NRI_P003",50
"22878",738.083564900997,"NRI_P003",100
"22879",15.1460749009857,"NRI_P003",25
"22880",140.777524901001,"NRI_P003",50
"22881",224.021584900998,"NRI_P003",100
"22882",23.7101249010011,"NRI_P003",25
"22883",3923.56752490098,"NRI_P003",50
"22884",62.205314900988,"NRI_P003",100
"22885",218.587724901008,"NRI_P003",25
"22886",-9.87570509899524,"NRI_P003",50
"22887",273.822364900989,"NRI_P003",100
"22888",28.0814549009956,"NRI_P003",25
"22889",717.349744901003,"NRI_P003",50
"22890",309.516444901004,"NRI_P003",100
"22891",282.407354900992,"NRI_P003",25
"22892",245.450644900993,"NRI_P003",50
"22893",650.729844900983,"NRI_P003",100
"22894",-73.6295250990079,"NRI_P003",25
"22895",482.356644900981,"NRI_P003",50
"22896",721.634944900987,"NRI_P003",100
"22897",231.826154901006,"NRI_P003",25
"22898",138.289274901006,"NRI_P003",50
"22899",268.858334900986,"NRI_P003",100
"22900",308.433174901002,"NRI_P003",25
"22901",206.170744900999,"NRI_P003",50
"22902",638.310544901004,"NRI_P003",100
"22903",47.5961549009953,"NRI_P003",25
"22904",2733.701524901,"NRI_P003",50
"22905",154.551944901003,"NRI_P003",100
"22906",35.2456549009949,"NRI_P003",25
"22907",39.1401249009941,"NRI_P003",50
"22908",95.1888349009969,"NRI_P003",100
"22909",-37.0030650990084,"NRI_P003",25
"22910",70.2771749009844,"NRI_P003",50
"22911",138.183264900988,"NRI_P003",100
"22912",-21.513505098992,"NRI_P003",25
"22913",-29.6058650990017,"NRI_P003",50
"22914",4067.244424901,"NRI_P003",100
"22915",-22.8664450990036,"NRI_P003",25
"22916",80.4909249010088,"NRI_P003",50
"22917",2065.60714490101,"NRI_P003",100
"22918",7.30317490099696,"NRI_P003",25
"22919",2.70913490100065,"NRI_P003",50
"22920",397.397344900994,"NRI_P003",100
"22921",88.827554900985,"NRI_P003",25
"22922",74.8295149010082,"NRI_P003",50
"22923",2609.98257490099,"NRI_P003",100
"22924",95.7045249009971,"NRI_P003",25
"22925",76.2546449009969,"NRI_P003",50
"22926",736.010744900996,"NRI_P003",100
"22927",-57.6874950990023,"NRI_P003",25
"22928",461.88247490098,"NRI_P003",50
"22929",-17.6316850990115,"NRI_P003",100
"22930",1498.43332490101,"NRI_P003",25
"22931",201.238974901004,"NRI_P003",50
"22932",533.314044900995,"NRI_P003",100
"22933",-50.6030850989919,"NRI_P003",25
"22934",11.0666849009867,"NRI_P003",50
"22935",5882.80965490101,"NRI_P003",100
"22936",-39.4496050990128,"NRI_P003",25
"22937",635.809274900996,"NRI_P003",50
"22938",63.8533149010036,"NRI_P003",100
"22939",33.5243549009901,"NRI_P003",25
"22940",388.763974900998,"NRI_P003",50
"22941",350.402134901,"NRI_P003",100
"22942",137.467774900986,"NRI_P003",25
"22943",-24.0989950990188,"NRI_P003",50
"22944",1.57536490098573,"NRI_P003",100
"22945",41.6844249010028,"NRI_P003",25
"22946",57.5575049009931,"NRI_P003",50
"22947",94.3544449009933,"NRI_P003",100
"22948",-26.0540450990084,"NRI_P003",25
"22949",389.404484900995,"NRI_P003",50
"22950",1869.09121490098,"NRI_P003",100
"22951",372.843724901002,"NRI_P003",25
"22952",398.609154901002,"NRI_P003",50
"22953",2366.563074901,"NRI_P003",100
"22954",-16.2083050990186,"NRI_P003",25
"22955",-30.3658050990198,"NRI_P003",50
"22956",-100.865545099019,"NRI_P003",100
"22957",26.1396249009995,"NRI_P003",25
"22958",2156.00127490101,"NRI_P003",50
"22959",287.487464901002,"NRI_P003",100
"22960",8.61121490100049,"NRI_P003",25
"22961",32.0364849010075,"NRI_P003",50
"22962",2191.13544490098,"NRI_P003",100
"22963",-79.0380050989916,"NRI_P003",25
"22964",575.184944901004,"NRI_P003",50
"22965",31.3631849009835,"NRI_P003",100
"22966",-0.461165098997299,"NRI_P003",25
"22967",133.946014900983,"NRI_P003",50
"22968",322.483534900995,"NRI_P003",100
"22969",6.17819490100374,"NRI_P003",25
"22970",31.2471349010011,"NRI_P003",50
"22971",1144.41364490098,"NRI_P003",100
"22972",20.4158549009881,"NRI_P003",25
"22973",136.537744900997,"NRI_P003",50
"22974",2976.76859490099,"NRI_P003",100
"22975",-20.0035450989963,"NRI_P003",25
"22976",635.049874900986,"NRI_P003",50
"22977",-13.3577750989934,"NRI_P003",100
"22978",44.2189749009849,"NRI_P003",25
"22979",288.318144900986,"NRI_P003",50
"22980",187.529624900984,"NRI_P003",100
"22981",9.40093490100116,"NRI_P003",25
"22982",487.361344901001,"NRI_P003",50
"22983",267.300324901007,"NRI_P003",100
"22984",-18.8081450989994,"NRI_P003",25
"22985",-68.335165099008,"NRI_P003",50
"22986",229.405544901005,"NRI_P003",100
"22987",-6.389615099004,"NRI_P003",25
"22988",11.5545749010053,"NRI_P003",50
"22989",894.372654901003,"NRI_P003",100
"22990",26.1396249009995,"NRI_P003",25
"22991",39.4063149009889,"NRI_P003",50
"22992",417.087614900985,"NRI_P003",100
"22993",207.208254900994,"NRI_P003",25
"22994",1026.577644901,"NRI_P003",50
"22995",68.9139849009807,"NRI_P003",100
"22996",184.083574900986,"NRI_P003",25
"22997",-80.5147350990155,"NRI_P003",50
"22998",182.893674900988,"NRI_P003",100
"22999",11.2053649009904,"NRI_P003",25
"23000",2.97667490100139,"NRI_P003",50
"23001",-54.0067050990183,"NRI_P003",100
"23002",-93.4753350990068,"NRI_P003",25
"23003",-47.761225099006,"NRI_P003",50
"23004",209.615624900995,"NRI_P003",100
"23005",102.552324900986,"NRI_P003",25
"23006",-28.0818050990056,"NRI_P003",50
"23007",342.311644900998,"NRI_P003",100
"23008",73.8954249009839,"NRI_P003",25
"23009",-101.648095098994,"NRI_P003",50
"23010",2635.158544901,"NRI_P003",100
"23011",486.723324900988,"NRI_P003",25
"23012",265.187074900983,"NRI_P003",50
"23013",936.612374900986,"NRI_P003",100
"23014",378.96642490098,"NRI_P003",25
"23015",150.477074900991,"NRI_P003",50
"23016",320.543824900989,"NRI_P003",100
"23017",248.605674900988,"NRI_P003",25
"23018",125.619224900991,"NRI_P003",50
"23019",-15.4128050990112,"NRI_P003",100
"23020",11.8009549010021,"NRI_P003",25
"23021",203.529364900984,"NRI_P003",50
"23022",1795.327804901,"NRI_P003",100
"23023",-18.632045099017,"NRI_P003",25
"23024",2568.17568490098,"NRI_P003",50
"23025",86.9909449009865,"NRI_P003",100
"23026",30.4714749009872,"NRI_P003",25
"23027",-7.76417509900057,"NRI_P003",50
"23028",1641.99543490101,"NRI_P003",100
"23029",269.775054900994,"NRI_P003",25
"23030",46.8661049009825,"NRI_P003",50
"23031",181.204164900992,"NRI_P003",100
"23032",-20.6029450990027,"NRI_P003",25
"23033",2757.250264901,"NRI_P003",50
"23034",870.606754901004,"NRI_P003",100
"23035",1663.069074901,"NRI_P003",25
"23036",28.2406449010014,"NRI_P003",50
"23037",2371.22804490098,"NRI_P003",100
"23038",-7.40478509900277,"NRI_P003",25
"23039",108.399034900998,"NRI_P003",50
"23040",24.8889449010021,"NRI_P003",100
"23041",76.4208249009971,"NRI_P003",25
"23042",1264.92015490099,"NRI_P003",50
"23043",619.212444901001,"NRI_P003",100
"23044",2782.783654901,"NRI_P003",25
"23045",4879.31337490099,"NRI_P003",50
"23046",948.120774901006,"NRI_P003",100
"23047",100.114324900991,"NRI_P003",25
"23048",2874.91502490098,"NRI_P003",50
"23049",357.623174901004,"NRI_P003",100
"23050",94.4496749009995,"NRI_P003",25
"23051",-83.3253650990082,"NRI_P003",50
"23052",70.1599649009877,"NRI_P003",100
"23053",-36.1027050990087,"NRI_P003",25
"23054",1124.20370490098,"NRI_P003",50
"23055",35.2841949010035,"NRI_P003",100
"23056",46.1287249010056,"NRI_P003",25
"23057",903.480374901003,"NRI_P003",50
"23058",132.299144900986,"NRI_P003",100
"23059",-45.986755099002,"NRI_P003",25
"23060",987.214644900989,"NRI_P003",50
"23061",6020.357744901,"NRI_P003",100
"23062",63.8698249009904,"NRI_P003",25
"23063",220.742444901,"NRI_P003",50
"23064",2036.87068490099,"NRI_P003",100
"23065",80.9203749010048,"NRI_P003",25
"23066",3485.02014490101,"NRI_P003",50
"23067",3080.99844490099,"NRI_P003",100
"23068",145.947274901002,"NRI_P003",25
"23069",121.367474900995,"NRI_P003",50
"23070",-28.224845099001,"NRI_P003",100
"23071",159.133024901006,"NRI_P003",25
"23072",253.588144901005,"NRI_P003",50
"23073",322.167544900993,"NRI_P003",100
"23074",4.46875490099774,"NRI_P003",25
"23075",164.573474901001,"NRI_P003",50
"23076",412.225284900982,"NRI_P003",100
"23077",2142.74565490099,"NRI_P003",25
"23078",0.67112490098225,"NRI_P003",50
"23079",149.988064901001,"NRI_P003",100
"23080",-25.5387450990092,"NRI_P003",25
"23081",-9.56704509901465,"NRI_P003",50
"23082",831.481344900996,"NRI_P003",100
"23083",6.57381490099942,"NRI_P003",25
"23084",-18.2474650990043,"NRI_P003",50
"23085",270.191464901,"NRI_P003",100
"23086",-44.2302150989999,"NRI_P003",25
"23087",97.6059749010019,"NRI_P003",50
"23088",-7.05296509899199,"NRI_P003",100
"23089",-42.8420750990044,"NRI_P003",25
"23090",364.240004900988,"NRI_P003",50
"23091",94.9456349009997,"NRI_P003",100
"23092",-75.5178150990105,"NRI_P003",25
"23093",460.091674900992,"NRI_P003",50
"23094",6.56295490099001,"NRI_P003",100
"23095",-29.4128750989912,"NRI_P003",25
"23096",175.268944901007,"NRI_P003",50
"23097",269.688674901001,"NRI_P003",100
"23098",313.524724900984,"NRI_P003",25
"23099",769.236274900992,"NRI_P003",50
"23100",1791.54572490099,"NRI_P003",100
"23101",-360.171377891995,"NRI_P006",25
"23102",-126.405767891993,"NRI_P006",50
"23103",590.566702107986,"NRI_P006",100
"23104",-55.4353678920015,"NRI_P006",25
"23105",2303.70087210799,"NRI_P006",50
"23106",326.000892107986,"NRI_P006",100
"23107",126.614572107996,"NRI_P006",25
"23108",91.6667421080056,"NRI_P006",50
"23109",1801.62604210799,"NRI_P006",100
"23110",-249.966687892011,"NRI_P006",25
"23111",803.33461210801,"NRI_P006",50
"23112",-357.761197891989,"NRI_P006",100
"23113",1065.22571210799,"NRI_P006",25
"23114",289.10673210799,"NRI_P006",50
"23115",2421.55648210799,"NRI_P006",100
"23116",-419.496847892005,"NRI_P006",25
"23117",502.749492108007,"NRI_P006",50
"23118",2101.12509210801,"NRI_P006",100
"23119",169.255042108009,"NRI_P006",25
"23120",344.535372107988,"NRI_P006",50
"23121",358.531842108001,"NRI_P006",100
"23122",370.891612108011,"NRI_P006",25
"23123",-203.304127892014,"NRI_P006",50
"23124",-26.4905378920084,"NRI_P006",100
"23125",-216.163257892011,"NRI_P006",25
"23126",-609.63849789201,"NRI_P006",50
"23127",357.841712107998,"NRI_P006",100
"23128",-129.479967891995,"NRI_P006",25
"23129",54.7709821079916,"NRI_P006",50
"23130",13027.326882108,"NRI_P006",100
"23131",-92.8146378920064,"NRI_P006",25
"23132",2445.600412108,"NRI_P006",50
"23133",516.385712107993,"NRI_P006",100
"23134",500.247312107997,"NRI_P006",25
"23135",-63.6730778919882,"NRI_P006",50
"23136",-539.12042789199,"NRI_P006",100
"23137",-111.37837789199,"NRI_P006",25
"23138",33.3957421079976,"NRI_P006",50
"23139",181.434782108001,"NRI_P006",100
"23140",1197.30881210801,"NRI_P006",25
"23141",1406.86831210801,"NRI_P006",50
"23142",-306.991657892009,"NRI_P006",100
"23143",693.617832107993,"NRI_P006",25
"23144",-99.1784678919939,"NRI_P006",50
"23145",620.182422107988,"NRI_P006",100
"23146",-167.393157891987,"NRI_P006",25
"23147",-382.027717891993,"NRI_P006",50
"23148",605.828762107994,"NRI_P006",100
"23149",252.901312108006,"NRI_P006",25
"23150",363.277072108001,"NRI_P006",50
"23151",-166.303217892011,"NRI_P006",100
"23152",283.17658210799,"NRI_P006",25
"23153",-394.189677891991,"NRI_P006",50
"23154",495.871012107993,"NRI_P006",100
"23155",-175.460627891996,"NRI_P006",25
"23156",1001.63084210799,"NRI_P006",50
"23157",972.396812107996,"NRI_P006",100
"23158",555.607902107993,"NRI_P006",25
"23159",-182.375717891991,"NRI_P006",50
"23160",1227.87703210799,"NRI_P006",100
"23161",-86.0044678919949,"NRI_P006",25
"23162",1150.316712108,"NRI_P006",50
"23163",245.111272107984,"NRI_P006",100
"23164",-417.476977892016,"NRI_P006",25
"23165",551.396182108001,"NRI_P006",50
"23166",700.22339210799,"NRI_P006",100
"23167",1738.829282108,"NRI_P006",25
"23168",-375.893247892003,"NRI_P006",50
"23169",1565.10777210799,"NRI_P006",100
"23170",185.049282107997,"NRI_P006",25
"23171",330.508332108002,"NRI_P006",50
"23172",807.476802107994,"NRI_P006",100
"23173",-270.171697892016,"NRI_P006",25
"23174",1811.84191210801,"NRI_P006",50
"23175",-47.4644578919979,"NRI_P006",100
"23176",-360.694437892002,"NRI_P006",25
"23177",-369.623317891994,"NRI_P006",50
"23178",4692.13648210801,"NRI_P006",100
"23179",-109.640187892015,"NRI_P006",25
"23180",152.483232108003,"NRI_P006",50
"23181",4243.15453210799,"NRI_P006",100
"23182",-371.520437892003,"NRI_P006",25
"23183",597.493812108005,"NRI_P006",50
"23184",2842.203342108,"NRI_P006",100
"23185",-309.872927891993,"NRI_P006",25
"23186",837.101402108005,"NRI_P006",50
"23187",180.066272108001,"NRI_P006",100
"23188",422.066182107985,"NRI_P006",25
"23189",1079.326982108,"NRI_P006",50
"23190",908.122172108007,"NRI_P006",100
"23191",1275.94292210799,"NRI_P006",25
"23192",-196.61459789201,"NRI_P006",50
"23193",853.409742107993,"NRI_P006",100
"23194",-51.0082278920163,"NRI_P006",25
"23195",-193.814467891993,"NRI_P006",50
"23196",-253.326917892002,"NRI_P006",100
"23197",2256.22949210799,"NRI_P006",25
"23198",-237.101727892004,"NRI_P006",50
"23199",229.613782108005,"NRI_P006",100
"23200",861.599012107996,"NRI_P006",25
"23201",-267.461017891997,"NRI_P006",50
"23202",4688.35066210799,"NRI_P006",100
"23203",1906.185822108,"NRI_P006",25
"23204",441.199392107985,"NRI_P006",50
"23205",-189.416797892016,"NRI_P006",100
"23206",970.214682107995,"NRI_P006",25
"23207",-39.9482578920142,"NRI_P006",50
"23208",2809.25908210801,"NRI_P006",100
"23209",307.090462107997,"NRI_P006",25
"23210",2709.01530210799,"NRI_P006",50
"23211",2077.76393210801,"NRI_P006",100
"23212",630.768312108004,"NRI_P006",25
"23213",216.147012108006,"NRI_P006",50
"23214",787.381382107997,"NRI_P006",100
"23215",2479.64491210799,"NRI_P006",25
"23216",-423.171627892007,"NRI_P006",50
"23217",2897.675762108,"NRI_P006",100
"23218",2303.85861210799,"NRI_P006",25
"23219",425.488422107999,"NRI_P006",50
"23220",1692.51489210801,"NRI_P006",100
"23221",-38.0610378920101,"NRI_P006",25
"23222",-223.809537891997,"NRI_P006",50
"23223",-85.0729678919888,"NRI_P006",100
"23224",-336.916617892013,"NRI_P006",25
"23225",-170.032467892015,"NRI_P006",50
"23226",644.229982107994,"NRI_P006",100
"23227",-395.508597892011,"NRI_P006",25
"23228",591.474072107987,"NRI_P006",50
"23229",1056.84848210801,"NRI_P006",100
"23230",104.980682107998,"NRI_P006",25
"23231",249.988472108002,"NRI_P006",50
"23232",82.9954721079848,"NRI_P006",100
"23233",-3.82598789199255,"NRI_P006",25
"23234",-195.070577892009,"NRI_P006",50
"23235",1575.44889210799,"NRI_P006",100
"23236",572.209712107986,"NRI_P006",25
"23237",481.384882107988,"NRI_P006",50
"23238",47.9692921079986,"NRI_P006",100
"23239",392.195282108005,"NRI_P006",25
"23240",108.085552108008,"NRI_P006",50
"23241",583.92810210801,"NRI_P006",100
"23242",508.934012107988,"NRI_P006",25
"23243",441.41095210801,"NRI_P006",50
"23244",-185.756487892009,"NRI_P006",100
"23245",-249.254337891995,"NRI_P006",25
"23246",-107.768637892004,"NRI_P006",50
"23247",1977.237952108,"NRI_P006",100
"23248",-80.2334878919937,"NRI_P006",25
"23249",-403.685237892001,"NRI_P006",50
"23250",125.020372108003,"NRI_P006",100
"23251",-70.505877891992,"NRI_P006",25
"23252",-174.349847892008,"NRI_P006",50
"23253",827.797752107988,"NRI_P006",100
"23254",637.618112108001,"NRI_P006",25
"23255",246.942712107993,"NRI_P006",50
"23256",1854.30541210799,"NRI_P006",100
"23257",2473.20241210799,"NRI_P006",25
"23258",-357.047807891999,"NRI_P006",50
"23259",-196.255767891998,"NRI_P006",100
"23260",920.717112107988,"NRI_P006",25
"23261",343.544112108008,"NRI_P006",50
"23262",-61.0497378919972,"NRI_P006",100
"23263",-110.343737891992,"NRI_P006",25
"23264",925.084802108002,"NRI_P006",50
"23265",2166.92283210799,"NRI_P006",100
"23266",25.8673421079875,"NRI_P006",25
"23267",736.170582107996,"NRI_P006",50
"23268",-516.630567891989,"NRI_P006",100
"23269",-185.509387892002,"NRI_P006",25
"23270",-37.2101278920018,"NRI_P006",50
"23271",-39.1377778919996,"NRI_P006",100
"23272",1659.002702108,"NRI_P006",25
"23273",-154.812237892009,"NRI_P006",50
"23274",639.912482107989,"NRI_P006",100
"23275",1134.54101210801,"NRI_P006",25
"23276",-115.733827891992,"NRI_P006",50
"23277",3662.76293210799,"NRI_P006",100
"23278",48.8391721080116,"NRI_P006",25
"23279",-126.602337891993,"NRI_P006",50
"23280",624.745902107999,"NRI_P006",100
"23281",215.173932108009,"NRI_P006",25
"23282",2966.46137210799,"NRI_P006",50
"23283",-58.0420678920054,"NRI_P006",100
"23284",79.5898121079954,"NRI_P006",25
"23285",146.418282108003,"NRI_P006",50
"23286",2605.572502108,"NRI_P006",100
"23287",-128.182287892007,"NRI_P006",25
"23288",2002.983212108,"NRI_P006",50
"23289",322.73351210801,"NRI_P006",100
"23290",-210.898387891997,"NRI_P006",25
"23291",-235.243087892013,"NRI_P006",50
"23292",1346.62948210799,"NRI_P006",100
"23293",401.299112108012,"NRI_P006",25
"23294",232.349562107993,"NRI_P006",50
"23295",563.599562107993,"NRI_P006",100
"23296",1460.40991210801,"NRI_P006",25
"23297",143.949832107988,"NRI_P006",50
"23298",-258.586097891995,"NRI_P006",100
"23299",269.148082108004,"NRI_P006",25
"23300",419.785802108003,"NRI_P006",50
"23301",1630.596502108,"NRI_P006",100
"23302",154.477932107984,"NRI_P006",25
"23303",6505.69438210799,"NRI_P006",50
"23304",1660.94232210799,"NRI_P006",100
"23305",-180.615387892001,"NRI_P006",25
"23306",1505.37180210798,"NRI_P006",50
"23307",-293.614557891997,"NRI_P006",100
"23308",51.3126521079976,"NRI_P006",25
"23309",-149.086617891997,"NRI_P006",50
"23310",20.4307321080123,"NRI_P006",100
"23311",1023.11541210799,"NRI_P006",25
"23312",-138.206357891992,"NRI_P006",50
"23313",996.882592107984,"NRI_P006",100
"23314",542.476112108008,"NRI_P006",25
"23315",7417.74961210799,"NRI_P006",50
"23316",1814.28293210801,"NRI_P006",100
"23317",-448.816417891998,"NRI_P006",25
"23318",2284.212042108,"NRI_P006",50
"23319",1063.729432108,"NRI_P006",100
"23320",-151.354797892011,"NRI_P006",25
"23321",1291.750932108,"NRI_P006",50
"23322",-268.770467891998,"NRI_P006",100
"23323",258.624162107997,"NRI_P006",25
"23324",414.28105210801,"NRI_P006",50
"23325",2459.85472210799,"NRI_P006",100
"23326",-300.517687891988,"NRI_P006",25
"23327",221.086892107996,"NRI_P006",50
"23328",-3.07198789200629,"NRI_P006",100
"23329",-59.5796078919957,"NRI_P006",25
"23330",1742.57721210801,"NRI_P006",50
"23331",1365.93295210801,"NRI_P006",100
"23332",2117.752212108,"NRI_P006",25
"23333",1475.63324210799,"NRI_P006",50
"23334",542.481542107998,"NRI_P006",100
"23335",112.245262107986,"NRI_P006",25
"23336",118.075682107999,"NRI_P006",50
"23337",-166.294417892001,"NRI_P006",100
"23338",741.073462108005,"NRI_P006",25
"23339",479.844212108001,"NRI_P006",50
"23340",34.218712108006,"NRI_P006",100
"23341",-16.0740978920076,"NRI_P006",25
"23342",355.491412108007,"NRI_P006",50
"23343",1521.43422210799,"NRI_P006",100
"23344",291.650182107987,"NRI_P006",25
"23345",309.74318210801,"NRI_P006",50
"23346",1411.59748210799,"NRI_P006",100
"23347",567.11831210801,"NRI_P006",25
"23348",-10.8224178919918,"NRI_P006",50
"23349",-175.040107892011,"NRI_P006",100
"23350",928.077612107998,"NRI_P006",25
"23351",1565.73818210801,"NRI_P006",50
"23352",10.1443521080073,"NRI_P006",100
"23353",1828.08223210799,"NRI_P006",25
"23354",-85.2739578920009,"NRI_P006",50
"23355",-238.569507892011,"NRI_P006",100
"23356",805.562312107999,"NRI_P006",25
"23357",919.614312107995,"NRI_P006",50
"23358",-84.0722178920114,"NRI_P006",100
"23359",654.812682107993,"NRI_P006",25
"23360",327.539882107987,"NRI_P006",50
"23361",-125.665707892011,"NRI_P006",100
"23362",795.664092107996,"NRI_P006",25
"23363",1814.56208210799,"NRI_P006",50
"23364",3152.53168210801,"NRI_P006",100
"23365",-24.769217891997,"NRI_P006",25
"23366",-345.432127892011,"NRI_P006",50
"23367",1825.83228210799,"NRI_P006",100
"23368",1078.460612108,"NRI_P006",25
"23369",2612.93278210799,"NRI_P006",50
"23370",-294.242027892004,"NRI_P006",100
"23371",328.972212107998,"NRI_P006",25
"23372",65.5779721080035,"NRI_P006",50
"23373",2922.78608210801,"NRI_P006",100
"23374",-15.8379678920028,"NRI_P006",25
"23375",741.811692107993,"NRI_P006",50
"23376",694.976662108005,"NRI_P006",100
"23377",482.409052108007,"NRI_P006",25
"23378",-330.275367891998,"NRI_P006",50
"23379",2684.73608210799,"NRI_P006",100
"23380",-232.177487892011,"NRI_P006",25
"23381",133.400002107985,"NRI_P006",50
"23382",1044.19572210801,"NRI_P006",100
"23383",-279.893487891997,"NRI_P006",25
"23384",371.829032107984,"NRI_P006",50
"23385",176.368652108009,"NRI_P006",100
"23386",-76.2020178920066,"NRI_P006",25
"23387",-144.422057891992,"NRI_P006",50
"23388",3335.78626210798,"NRI_P006",100
"23389",1168.24421210799,"NRI_P006",25
"23390",45.9914521079918,"NRI_P006",50
"23391",22830.254642108,"NRI_P006",100
"23392",1018.23971210798,"NRI_P006",25
"23393",-195.953857891989,"NRI_P006",50
"23394",460.108552107995,"NRI_P006",100
"23395",-327.40717789199,"NRI_P006",25
"23396",-515.306307891995,"NRI_P006",50
"23397",1431.56146210799,"NRI_P006",100
"23398",749.220032107987,"NRI_P006",25
"23399",-445.751347892015,"NRI_P006",50
"23400",1862.82084210799,"NRI_P006",100
"23401",-0.00384405499789864,"NRI_P008",25
"23402",-0.00384405499789864,"NRI_P008",50
"23403",-19.0554040549905,"NRI_P008",100
"23404",-0.00384405499789864,"NRI_P008",25
"23405",-0.00384405499789864,"NRI_P008",50
"23406",157.039355945017,"NRI_P008",100
"23407",-0.00384405499789864,"NRI_P008",25
"23408",-0.00384405499789864,"NRI_P008",50
"23409",1377.50235594501,"NRI_P008",100
"23410",-0.00384405499789864,"NRI_P008",25
"23411",-0.00384405499789864,"NRI_P008",50
"23412",3037.61525594501,"NRI_P008",100
"23413",-0.00384405499789864,"NRI_P008",25
"23414",-0.00384405499789864,"NRI_P008",50
"23415",-123.65174405498,"NRI_P008",100
"23416",-0.00384405499789864,"NRI_P008",25
"23417",-0.00384405499789864,"NRI_P008",50
"23418",1654.55318594497,"NRI_P008",100
"23419",-0.00384405499789864,"NRI_P008",25
"23420",-0.00384405499789864,"NRI_P008",50
"23421",-1775.150004055,"NRI_P008",100
"23422",-0.00384405499789864,"NRI_P008",25
"23423",-0.00384405499789864,"NRI_P008",50
"23424",114.581315945019,"NRI_P008",100
"23425",-0.00384405499789864,"NRI_P008",25
"23426",-0.00384405499789864,"NRI_P008",50
"23427",8.65174594498239,"NRI_P008",100
"23428",-0.00384405499789864,"NRI_P008",25
"23429",-0.00384405499789864,"NRI_P008",50
"23430",-2942.65134405502,"NRI_P008",100
"23431",-0.00384405499789864,"NRI_P008",25
"23432",-0.00384405499789864,"NRI_P008",50
"23433",54.4595259450143,"NRI_P008",100
"23434",-0.00384405499789864,"NRI_P008",25
"23435",-0.00384405499789864,"NRI_P008",50
"23436",-206.649644054996,"NRI_P008",100
"23437",-0.00384405499789864,"NRI_P008",25
"23438",-0.00384405499789864,"NRI_P008",50
"23439",-44315.887144055,"NRI_P008",100
"23440",-0.00384405499789864,"NRI_P008",25
"23441",-0.00384405499789864,"NRI_P008",50
"23442",222.145555944997,"NRI_P008",100
"23443",-0.00384405499789864,"NRI_P008",25
"23444",-0.00384405499789864,"NRI_P008",50
"23445",193.171355945,"NRI_P008",100
"23446",-0.00384405499789864,"NRI_P008",25
"23447",-0.00384405499789864,"NRI_P008",50
"23448",-51.2176840549801,"NRI_P008",100
"23449",-0.00384405499789864,"NRI_P008",25
"23450",-0.00384405499789864,"NRI_P008",50
"23451",229.276325944986,"NRI_P008",100
"23452",-0.00384405499789864,"NRI_P008",25
"23453",-0.00384405499789864,"NRI_P008",50
"23454",-69.0080440550228,"NRI_P008",100
"23455",-0.00384405499789864,"NRI_P008",25
"23456",-0.00384405499789864,"NRI_P008",50
"23457",356.188255944988,"NRI_P008",100
"23458",-0.00384405499789864,"NRI_P008",25
"23459",-0.00384405499789864,"NRI_P008",50
"23460",613.210955945018,"NRI_P008",100
"23461",-0.00384405499789864,"NRI_P008",25
"23462",-0.00384405499789864,"NRI_P008",50
"23463",585.443255944992,"NRI_P008",100
"23464",-0.00384405499789864,"NRI_P008",25
"23465",-0.00384405499789864,"NRI_P008",50
"23466",-243.323674054991,"NRI_P008",100
"23467",-0.00384405499789864,"NRI_P008",25
"23468",-0.00384405499789864,"NRI_P008",50
"23469",-83.2548340550275,"NRI_P008",100
"23470",-0.00384405499789864,"NRI_P008",25
"23471",-0.00384405499789864,"NRI_P008",50
"23472",-1171.04754405498,"NRI_P008",100
"23473",-0.00384405499789864,"NRI_P008",25
"23474",-0.00384405499789864,"NRI_P008",50
"23475",86.9785559449811,"NRI_P008",100
"23476",-0.00384405499789864,"NRI_P008",25
"23477",-0.00384405499789864,"NRI_P008",50
"23478",315.91705594497,"NRI_P008",100
"23479",-0.00384405499789864,"NRI_P008",25
"23480",-0.00384405499789864,"NRI_P008",50
"23481",-162.506794054992,"NRI_P008",100
"23482",-0.00384405499789864,"NRI_P008",25
"23483",-0.00384405499789864,"NRI_P008",50
"23484",-537.417934054974,"NRI_P008",100
"23485",-0.00384405499789864,"NRI_P008",25
"23486",-0.00384405499789864,"NRI_P008",50
"23487",178.131255945016,"NRI_P008",100
"23488",-0.00384405499789864,"NRI_P008",25
"23489",-0.00384405499789864,"NRI_P008",50
"23490",203.744355944975,"NRI_P008",100
"23491",-0.00384405499789864,"NRI_P008",25
"23492",-0.00384405499789864,"NRI_P008",50
"23493",2799.62535594497,"NRI_P008",100
"23494",-0.00384405499789864,"NRI_P008",25
"23495",-0.00384405499789864,"NRI_P008",50
"23496",-259.088544055005,"NRI_P008",100
"23497",-0.00384405499789864,"NRI_P008",25
"23498",-0.00384405499789864,"NRI_P008",50
"23499",-335.111744055001,"NRI_P008",100
"23500",-0.00384405499789864,"NRI_P008",25
"23501",-0.00384405499789864,"NRI_P008",50
"23502",-88.2125840550289,"NRI_P008",100
"23503",-0.00384405499789864,"NRI_P008",25
"23504",-0.00384405499789864,"NRI_P008",50
"23505",-223.749144055007,"NRI_P008",100
"23506",-0.00384405499789864,"NRI_P008",25
"23507",-0.00384405499789864,"NRI_P008",50
"23508",1651.46315594501,"NRI_P008",100
"23509",-0.00384405499789864,"NRI_P008",25
"23510",-0.00384405499789864,"NRI_P008",50
"23511",-176.716044055007,"NRI_P008",100
"23512",-0.00384405499789864,"NRI_P008",25
"23513",-0.00384405499789864,"NRI_P008",50
"23514",-312.731544054986,"NRI_P008",100
"23515",-0.00384405499789864,"NRI_P008",25
"23516",-0.00384405499789864,"NRI_P008",50
"23517",295.266655944986,"NRI_P008",100
"23518",-0.00384405499789864,"NRI_P008",25
"23519",-0.00384405499789864,"NRI_P008",50
"23520",-9.52932405500906,"NRI_P008",100
"23521",-0.00384405499789864,"NRI_P008",25
"23522",-0.00384405499789864,"NRI_P008",50
"23523",-50.5405440549948,"NRI_P008",100
"23524",-0.00384405499789864,"NRI_P008",25
"23525",-0.00384405499789864,"NRI_P008",50
"23526",136.266255945025,"NRI_P008",100
"23527",-0.00384405499789864,"NRI_P008",25
"23528",-0.00384405499789864,"NRI_P008",50
"23529",68.3248559450149,"NRI_P008",100
"23530",-0.00384405499789864,"NRI_P008",25
"23531",-0.00384405499789864,"NRI_P008",50
"23532",299.769555945008,"NRI_P008",100
"23533",-0.00384405499789864,"NRI_P008",25
"23534",-0.00384405499789864,"NRI_P008",50
"23535",-211.476864055032,"NRI_P008",100
"23536",-0.00384405499789864,"NRI_P008",25
"23537",-0.00384405499789864,"NRI_P008",50
"23538",1565.01045594498,"NRI_P008",100
"23539",-0.00384405499789864,"NRI_P008",25
"23540",-0.00384405499789864,"NRI_P008",50
"23541",104.334055944986,"NRI_P008",100
"23542",-0.00384405499789864,"NRI_P008",25
"23543",-0.00384405499789864,"NRI_P008",50
"23544",-1020.61994405498,"NRI_P008",100
"23545",-0.00384405499789864,"NRI_P008",25
"23546",-0.00384405499789864,"NRI_P008",50
"23547",3172.31818594498,"NRI_P008",100
"23548",-0.00384405499789864,"NRI_P008",25
"23549",-0.00384405499789864,"NRI_P008",50
"23550",309.217655944987,"NRI_P008",100
"23551",-0.00384405499789864,"NRI_P008",25
"23552",-0.00384405499789864,"NRI_P008",50
"23553",2728.55775594502,"NRI_P008",100
"23554",-0.00384405499789864,"NRI_P008",25
"23555",-0.00384405499789864,"NRI_P008",50
"23556",-32.7223440550151,"NRI_P008",100
"23557",-0.00384405499789864,"NRI_P008",25
"23558",-0.00384405499789864,"NRI_P008",50
"23559",-172.486114054976,"NRI_P008",100
"23560",-0.00384405499789864,"NRI_P008",25
"23561",-0.00384405499789864,"NRI_P008",50
"23562",-38.8449940549908,"NRI_P008",100
"23563",-0.00384405499789864,"NRI_P008",25
"23564",-0.00384405499789864,"NRI_P008",50
"23565",-184.78222405503,"NRI_P008",100
"23566",-0.00384405499789864,"NRI_P008",25
"23567",-0.00384405499789864,"NRI_P008",50
"23568",67.7675559449708,"NRI_P008",100
"23569",-0.00384405499789864,"NRI_P008",25
"23570",-0.00384405499789864,"NRI_P008",50
"23571",-84.412844054983,"NRI_P008",100
"23572",-0.00384405499789864,"NRI_P008",25
"23573",-0.00384405499789864,"NRI_P008",50
"23574",-46.6404040550115,"NRI_P008",100
"23575",-0.00384405499789864,"NRI_P008",25
"23576",-0.00384405499789864,"NRI_P008",50
"23577",-25.8941740550217,"NRI_P008",100
"23578",-0.00384405499789864,"NRI_P008",25
"23579",-0.00384405499789864,"NRI_P008",50
"23580",-1450.10714405501,"NRI_P008",100
"23581",-0.00384405499789864,"NRI_P008",25
"23582",-0.00384405499789864,"NRI_P008",50
"23583",-9.25034405500628,"NRI_P008",100
"23584",-0.00384405499789864,"NRI_P008",25
"23585",-0.00384405499789864,"NRI_P008",50
"23586",322.237855945015,"NRI_P008",100
"23587",-0.00384405499789864,"NRI_P008",25
"23588",-0.00384405499789864,"NRI_P008",50
"23589",-1641.08254405501,"NRI_P008",100
"23590",-0.00384405499789864,"NRI_P008",25
"23591",-0.00384405499789864,"NRI_P008",50
"23592",8.03165594500024,"NRI_P008",100
"23593",-0.00384405499789864,"NRI_P008",25
"23594",-0.00384405499789864,"NRI_P008",50
"23595",-527.153634054994,"NRI_P008",100
"23596",-0.00384405499789864,"NRI_P008",25
"23597",-0.00384405499789864,"NRI_P008",50
"23598",-599.982444055029,"NRI_P008",100
"23599",-0.00384405499789864,"NRI_P008",25
"23600",-0.00384405499789864,"NRI_P008",50
"23601",-91.7229440549854,"NRI_P008",100
"23602",-0.00384405499789864,"NRI_P008",25
"23603",-0.00384405499789864,"NRI_P008",50
"23604",-316.870344055002,"NRI_P008",100
"23605",-0.00384405499789864,"NRI_P008",25
"23606",-0.00384405499789864,"NRI_P008",50
"23607",-180.668544055021,"NRI_P008",100
"23608",-0.00384405499789864,"NRI_P008",25
"23609",-0.00384405499789864,"NRI_P008",50
"23610",-2.68999405502109,"NRI_P008",100
"23611",-0.00384405499789864,"NRI_P008",25
"23612",-0.00384405499789864,"NRI_P008",50
"23613",188.408925944997,"NRI_P008",100
"23614",-0.00384405499789864,"NRI_P008",25
"23615",-0.00384405499789864,"NRI_P008",50
"23616",-823.516214055009,"NRI_P008",100
"23617",-0.00384405499789864,"NRI_P008",25
"23618",-0.00384405499789864,"NRI_P008",50
"23619",4503.02176594501,"NRI_P008",100
"23620",-0.00384405499789864,"NRI_P008",25
"23621",-0.00384405499789864,"NRI_P008",50
"23622",37.9496559450054,"NRI_P008",100
"23623",-0.00384405499789864,"NRI_P008",25
"23624",-0.00384405499789864,"NRI_P008",50
"23625",575.398255945009,"NRI_P008",100
"23626",-0.00384405499789864,"NRI_P008",25
"23627",-0.00384405499789864,"NRI_P008",50
"23628",-352.941044054984,"NRI_P008",100
"23629",-0.00384405499789864,"NRI_P008",25
"23630",-0.00384405499789864,"NRI_P008",50
"23631",-149.997644054994,"NRI_P008",100
"23632",-0.00384405499789864,"NRI_P008",25
"23633",-0.00384405499789864,"NRI_P008",50
"23634",182.604145944992,"NRI_P008",100
"23635",-0.00384405499789864,"NRI_P008",25
"23636",-0.00384405499789864,"NRI_P008",50
"23637",14.7679559449898,"NRI_P008",100
"23638",-0.00384405499789864,"NRI_P008",25
"23639",-0.00384405499789864,"NRI_P008",50
"23640",-163.461944054987,"NRI_P008",100
"23641",-0.00384405499789864,"NRI_P008",25
"23642",-0.00384405499789864,"NRI_P008",50
"23643",-1190.41877405503,"NRI_P008",100
"23644",-0.00384405499789864,"NRI_P008",25
"23645",-0.00384405499789864,"NRI_P008",50
"23646",-1344.27934405499,"NRI_P008",100
"23647",-0.00384405499789864,"NRI_P008",25
"23648",-0.00384405499789864,"NRI_P008",50
"23649",-21.9359240549966,"NRI_P008",100
"23650",-0.00384405499789864,"NRI_P008",25
"23651",-0.00384405499789864,"NRI_P008",50
"23652",-461.320284055022,"NRI_P008",100
"23653",-0.00384405499789864,"NRI_P008",25
"23654",-0.00384405499789864,"NRI_P008",50
"23655",-1574.810344055,"NRI_P008",100
"23656",-0.00384405499789864,"NRI_P008",25
"23657",-0.00384405499789864,"NRI_P008",50
"23658",-454.372044055024,"NRI_P008",100
"23659",-0.00384405499789864,"NRI_P008",25
"23660",-0.00384405499789864,"NRI_P008",50
"23661",131.61673594499,"NRI_P008",100
"23662",-0.00384405499789864,"NRI_P008",25
"23663",-0.00384405499789864,"NRI_P008",50
"23664",231.643055944995,"NRI_P008",100
"23665",-0.00384405499789864,"NRI_P008",25
"23666",-0.00384405499789864,"NRI_P008",50
"23667",-268.933744054986,"NRI_P008",100
"23668",-0.00384405499789864,"NRI_P008",25
"23669",-0.00384405499789864,"NRI_P008",50
"23670",141.879655944998,"NRI_P008",100
"23671",-0.00384405499789864,"NRI_P008",25
"23672",-0.00384405499789864,"NRI_P008",50
"23673",93.0802459450206,"NRI_P008",100
"23674",-0.00384405499789864,"NRI_P008",25
"23675",-0.00384405499789864,"NRI_P008",50
"23676",-28.6622440550127,"NRI_P008",100
"23677",-0.00384405499789864,"NRI_P008",25
"23678",-0.00384405499789864,"NRI_P008",50
"23679",-128.14584405499,"NRI_P008",100
"23680",-0.00384405499789864,"NRI_P008",25
"23681",-0.00384405499789864,"NRI_P008",50
"23682",-1705.79854405503,"NRI_P008",100
"23683",-0.00384405499789864,"NRI_P008",25
"23684",-0.00384405499789864,"NRI_P008",50
"23685",994.82065594499,"NRI_P008",100
"23686",-0.00384405499789864,"NRI_P008",25
"23687",-0.00384405499789864,"NRI_P008",50
"23688",-2662.06479405501,"NRI_P008",100
"23689",-0.00384405499789864,"NRI_P008",25
"23690",-0.00384405499789864,"NRI_P008",50
"23691",-23.0639440550003,"NRI_P008",100
"23692",-0.00384405499789864,"NRI_P008",25
"23693",-0.00384405499789864,"NRI_P008",50
"23694",-14.1359340550262,"NRI_P008",100
"23695",-0.00384405499789864,"NRI_P008",25
"23696",-0.00384405499789864,"NRI_P008",50
"23697",-71.9045140550006,"NRI_P008",100
"23698",-0.00384405499789864,"NRI_P008",25
"23699",-0.00384405499789864,"NRI_P008",50
"23700",-280.936044054979,"NRI_P008",100
"23701",-266.227287432994,"NRI_P010",25
"23702",-10530.781827433,"NRI_P010",50
"23703",-9943.10483743297,"NRI_P010",100
"23704",144.294272567029,"NRI_P010",25
"23705",-3204.84392743296,"NRI_P010",50
"23706",-12021.076027433,"NRI_P010",100
"23707",-7887.34212743299,"NRI_P010",25
"23708",-10960.193697433,"NRI_P010",50
"23709",-7536.87992743298,"NRI_P010",100
"23710",-9234.98574743298,"NRI_P010",25
"23711",-9249.81142743299,"NRI_P010",50
"23712",-11578.859827433,"NRI_P010",100
"23713",-9174.55852743296,"NRI_P010",25
"23714",-1634.27864743298,"NRI_P010",50
"23715",-7435.57060743298,"NRI_P010",100
"23716",-8616.229627433,"NRI_P010",25
"23717",-2858.03622743295,"NRI_P010",50
"23718",-11411.639957433,"NRI_P010",100
"23719",-1066.51342743298,"NRI_P010",25
"23720",-10025.409047433,"NRI_P010",50
"23721",232.471512567019,"NRI_P010",100
"23722",-9009.23712743295,"NRI_P010",25
"23723",-10686.375537433,"NRI_P010",50
"23724",-12220.0573174329,"NRI_P010",100
"23725",-9255.61875743297,"NRI_P010",25
"23726",-10802.400097433,"NRI_P010",50
"23727",-12252.3094274329,"NRI_P010",100
"23728",-8754.26932743296,"NRI_P010",25
"23729",-11211.654187433,"NRI_P010",50
"23730",-12355.125457433,"NRI_P010",100
"23731",-9267.27923743299,"NRI_P010",25
"23732",-1896.39782743296,"NRI_P010",50
"23733",-11563.328967433,"NRI_P010",100
"23734",-1363.624127433,"NRI_P010",25
"23735",-8366.27722743299,"NRI_P010",50
"23736",-11813.243007433,"NRI_P010",100
"23737",506.848972567008,"NRI_P010",25
"23738",-2934.78052743297,"NRI_P010",50
"23739",-11953.758657433,"NRI_P010",100
"23740",-9169.722327433,"NRI_P010",25
"23741",-2795.22542743298,"NRI_P010",50
"23742",-9758.07487743295,"NRI_P010",100
"23743",-2139.58512743295,"NRI_P010",25
"23744",-2275.212427433,"NRI_P010",50
"23745",-4375.62332743296,"NRI_P010",100
"23746",-8482.70242743299,"NRI_P010",25
"23747",-2128.17392743297,"NRI_P010",50
"23748",-11932.366957433,"NRI_P010",100
"23749",-265.397807432979,"NRI_P010",25
"23750",938.710672567016,"NRI_P010",50
"23751",-11697.8169874329,"NRI_P010",100
"23752",-1209.63592743297,"NRI_P010",25
"23753",-10705.4737574329,"NRI_P010",50
"23754",-12668.769687433,"NRI_P010",100
"23755",-119.329327432963,"NRI_P010",25
"23756",1006.76717256702,"NRI_P010",50
"23757",-12447.298427433,"NRI_P010",100
"23758",299.66887256701,"NRI_P010",25
"23759",-8660.10002743296,"NRI_P010",50
"23760",-7272.71889743296,"NRI_P010",100
"23761",-1283.604627433,"NRI_P010",25
"23762",-9452.662357433,"NRI_P010",50
"23763",-9039.23992743297,"NRI_P010",100
"23764",-8886.10722743295,"NRI_P010",25
"23765",-11159.078987433,"NRI_P010",50
"23766",-12122.908457433,"NRI_P010",100
"23767",-1449.71082743298,"NRI_P010",25
"23768",-1718.94069743296,"NRI_P010",50
"23769",-12679.229707433,"NRI_P010",100
"23770",1045.00097256701,"NRI_P010",25
"23771",3533.56071256701,"NRI_P010",50
"23772",-12757.467627433,"NRI_P010",100
"23773",-9192.20802743296,"NRI_P010",25
"23774",-9520.51524743298,"NRI_P010",50
"23775",-4218.33302743296,"NRI_P010",100
"23776",-1394.11512743297,"NRI_P010",25
"23777",-1634.91517743299,"NRI_P010",50
"23778",-12201.844647433,"NRI_P010",100
"23779",-1949.36759743298,"NRI_P010",25
"23780",-9515.02632743295,"NRI_P010",50
"23781",-6378.565717433,"NRI_P010",100
"23782",-1902.14889743295,"NRI_P010",25
"23783",-9611.13107743295,"NRI_P010",50
"23784",-8488.84768743295,"NRI_P010",100
"23785",-1449.57275743299,"NRI_P010",25
"23786",-9146.805757433,"NRI_P010",50
"23787",-12329.967747433,"NRI_P010",100
"23788",-1435.93121743295,"NRI_P010",25
"23789",-2190.50952743297,"NRI_P010",50
"23790",-11987.800087433,"NRI_P010",100
"23791",-8804.219827433,"NRI_P010",25
"23792",-10712.158347433,"NRI_P010",50
"23793",-10353.966477433,"NRI_P010",100
"23794",83.6384725670214,"NRI_P010",25
"23795",-2068.13346743298,"NRI_P010",50
"23796",-10152.535777433,"NRI_P010",100
"23797",-1173.48122743296,"NRI_P010",25
"23798",-1955.03642743296,"NRI_P010",50
"23799",-12460.932467433,"NRI_P010",100
"23800",-9128.17272743298,"NRI_P010",25
"23801",-2178.99464743299,"NRI_P010",50
"23802",-12139.689497433,"NRI_P010",100
"23803",-1947.023857433,"NRI_P010",25
"23804",-9210.793457433,"NRI_P010",50
"23805",-11143.841577433,"NRI_P010",100
"23806",-1622.10632743296,"NRI_P010",25
"23807",-11007.726927433,"NRI_P010",50
"23808",-666.014937432948,"NRI_P010",100
"23809",-601.246927432949,"NRI_P010",25
"23810",-796.003707433003,"NRI_P010",50
"23811",-9175.46887743298,"NRI_P010",100
"23812",-1849.58172743296,"NRI_P010",25
"23813",-8963.22402743297,"NRI_P010",50
"23814",-12200.719777433,"NRI_P010",100
"23815",-9136.05492743297,"NRI_P010",25
"23816",-1720.20953743299,"NRI_P010",50
"23817",-12075.110727433,"NRI_P010",100
"23818",-1914.73912743299,"NRI_P010",25
"23819",-2081.61719743296,"NRI_P010",50
"23820",-1026.186727433,"NRI_P010",100
"23821",228.111872567039,"NRI_P010",25
"23822",-10092.664327433,"NRI_P010",50
"23823",-11102.148007433,"NRI_P010",100
"23824",-9075.15912743297,"NRI_P010",25
"23825",-10501.028707433,"NRI_P010",50
"23826",-11952.789707433,"NRI_P010",100
"23827",-1428.84743743297,"NRI_P010",25
"23828",-3041.87423743296,"NRI_P010",50
"23829",-11900.888947433,"NRI_P010",100
"23830",-115.664627432998,"NRI_P010",25
"23831",4916.66197256703,"NRI_P010",50
"23832",-2137.36449743295,"NRI_P010",100
"23833",3864.43397256703,"NRI_P010",25
"23834",-842.738527432957,"NRI_P010",50
"23835",-9911.47402743297,"NRI_P010",100
"23836",132.00507256703,"NRI_P010",25
"23837",-1791.39780743298,"NRI_P010",50
"23838",-11120.882337433,"NRI_P010",100
"23839",-145.287927432975,"NRI_P010",25
"23840",-701.478527432948,"NRI_P010",50
"23841",-9590.56562743295,"NRI_P010",100
"23842",-635.316527432995,"NRI_P010",25
"23843",-1420.539627433,"NRI_P010",50
"23844",-11821.195107433,"NRI_P010",100
"23845",-291.689127432997,"NRI_P010",25
"23846",-801.134327432956,"NRI_P010",50
"23847",-4772.86106743297,"NRI_P010",100
"23848",-260.97075743298,"NRI_P010",25
"23849",-1619.88142743299,"NRI_P010",50
"23850",-11007.593107433,"NRI_P010",100
"23851",-1449.64881743299,"NRI_P010",25
"23852",-9120.08085743297,"NRI_P010",50
"23853",-12184.989897433,"NRI_P010",100
"23854",144.04817256704,"NRI_P010",25
"23855",-11134.446837433,"NRI_P010",50
"23856",-11490.301527433,"NRI_P010",100
"23857",120.569172567048,"NRI_P010",25
"23858",-8298.72212743299,"NRI_P010",50
"23859",-11821.064927433,"NRI_P010",100
"23860",-1585.81612743298,"NRI_P010",25
"23861",-10261.376727433,"NRI_P010",50
"23862",-12311.604917433,"NRI_P010",100
"23863",-241.730617432971,"NRI_P010",25
"23864",-8807.37362743297,"NRI_P010",50
"23865",-12669.200497433,"NRI_P010",100
"23866",-1462.81192743295,"NRI_P010",25
"23867",-1684.79427743296,"NRI_P010",50
"23868",-11869.953597433,"NRI_P010",100
"23869",300.583472567028,"NRI_P010",25
"23870",-9529.27092743298,"NRI_P010",50
"23871",-7767.75852743298,"NRI_P010",100
"23872",-1459.81436743296,"NRI_P010",25
"23873",-8259.17365743296,"NRI_P010",50
"23874",-10800.223377433,"NRI_P010",100
"23875",-1112.59422743297,"NRI_P010",25
"23876",-1500.038847433,"NRI_P010",50
"23877",-5714.17002743296,"NRI_P010",100
"23878",11113.480872567,"NRI_P010",25
"23879",-3190.87395743298,"NRI_P010",50
"23880",-9741.16262743296,"NRI_P010",100
"23881",1066.80387256702,"NRI_P010",25
"23882",-1710.31647743296,"NRI_P010",50
"23883",-12462.209717433,"NRI_P010",100
"23884",-1732.46432743297,"NRI_P010",25
"23885",-9118.38885743299,"NRI_P010",50
"23886",-12822.963937433,"NRI_P010",100
"23887",-359.281127433002,"NRI_P010",25
"23888",-10204.535817433,"NRI_P010",50
"23889",-10239.175727433,"NRI_P010",100
"23890",-1863.371727433,"NRI_P010",25
"23891",-852.26042743295,"NRI_P010",50
"23892",-11553.025277433,"NRI_P010",100
"23893",-784.03312743298,"NRI_P010",25
"23894",-8707.286967433,"NRI_P010",50
"23895",-11245.423607433,"NRI_P010",100
"23896",-7596.13212743297,"NRI_P010",25
"23897",-10737.117377433,"NRI_P010",50
"23898",-1203.97632743296,"NRI_P010",100
"23899",-1363.750427433,"NRI_P010",25
"23900",-1044.59136743296,"NRI_P010",50
"23901",12084.673872567,"NRI_P010",100
"23902",-9236.27837743296,"NRI_P010",25
"23903",-9012.96702743298,"NRI_P010",50
"23904",-12538.664227433,"NRI_P010",100
"23905",-8948.06252743298,"NRI_P010",25
"23906",-2964.72882743296,"NRI_P010",50
"23907",-3416.89362743299,"NRI_P010",100
"23908",-343.506127432978,"NRI_P010",25
"23909",562.100772567035,"NRI_P010",50
"23910",-11657.491357433,"NRI_P010",100
"23911",-8627.68202743295,"NRI_P010",25
"23912",-10545.406917433,"NRI_P010",50
"23913",-10259.893227433,"NRI_P010",100
"23914",-8790.90712743299,"NRI_P010",25
"23915",-1342.65012743295,"NRI_P010",50
"23916",-12155.860957433,"NRI_P010",100
"23917",-6084.50512743299,"NRI_P010",25
"23918",-1610.50937743299,"NRI_P010",50
"23919",-10916.741727433,"NRI_P010",100
"23920",-9268.026877433,"NRI_P010",25
"23921",726.434152567002,"NRI_P010",50
"23922",-11203.552957433,"NRI_P010",100
"23923",-1069.78242743295,"NRI_P010",25
"23924",-1391.40353743295,"NRI_P010",50
"23925",-11099.551427433,"NRI_P010",100
"23926",-1069.78242743295,"NRI_P010",25
"23927",-9411.14372743299,"NRI_P010",50
"23928",-11734.301427433,"NRI_P010",100
"23929",-1120.08682743297,"NRI_P010",25
"23930",-2035.57911743299,"NRI_P010",50
"23931",-6108.682737433,"NRI_P010",100
"23932",-276.173937432992,"NRI_P010",25
"23933",-11116.289977433,"NRI_P010",50
"23934",-6434.41906743299,"NRI_P010",100
"23935",-544.927627432975,"NRI_P010",25
"23936",-10015.860427433,"NRI_P010",50
"23937",-11429.402827433,"NRI_P010",100
"23938",-1142.97502743296,"NRI_P010",25
"23939",-7593.32072743296,"NRI_P010",50
"23940",-11216.150327433,"NRI_P010",100
"23941",50.7771725670318,"NRI_P010",25
"23942",-2186.371857433,"NRI_P010",50
"23943",-12671.240147433,"NRI_P010",100
"23944",-8837.71302743297,"NRI_P010",25
"23945",-8945.364427433,"NRI_P010",50
"23946",-11685.294617433,"NRI_P010",100
"23947",-9276.29381743295,"NRI_P010",25
"23948",-773.210227432952,"NRI_P010",50
"23949",-10338.935827433,"NRI_P010",100
"23950",-1779.848427433,"NRI_P010",25
"23951",2454.06157256704,"NRI_P010",50
"23952",-12389.556027433,"NRI_P010",100
"23953",-8159.662127433,"NRI_P010",25
"23954",-10748.543127433,"NRI_P010",50
"23955",-11940.900277433,"NRI_P010",100
"23956",-804.157927432971,"NRI_P010",25
"23957",-10520.142937433,"NRI_P010",50
"23958",-12412.014657433,"NRI_P010",100
"23959",-1445.20682743296,"NRI_P010",25
"23960",-9439.49441743299,"NRI_P010",50
"23961",-9268.59532743297,"NRI_P010",100
"23962",748.149872567039,"NRI_P010",25
"23963",-11106.941257433,"NRI_P010",50
"23964",-5723.72202743299,"NRI_P010",100
"23965",-949.322027432965,"NRI_P010",25
"23966",-3201.91412743297,"NRI_P010",50
"23967",-11630.718307433,"NRI_P010",100
"23968",286.011372567038,"NRI_P010",25
"23969",-3242.81322743295,"NRI_P010",50
"23970",-11271.321137433,"NRI_P010",100
"23971",-1365.36052743299,"NRI_P010",25
"23972",-1467.35572743299,"NRI_P010",50
"23973",-11805.162527433,"NRI_P010",100
"23974",-9155.28742743295,"NRI_P010",25
"23975",998.276872567018,"NRI_P010",50
"23976",-9602.54357743298,"NRI_P010",100
"23977",-1414.71407743299,"NRI_P010",25
"23978",-605.969527432986,"NRI_P010",50
"23979",-11451.7199274329,"NRI_P010",100
"23980",-8967.23972743296,"NRI_P010",25
"23981",715.771472567052,"NRI_P010",50
"23982",-11682.758177433,"NRI_P010",100
"23983",-1031.667027433,"NRI_P010",25
"23984",-9895.27722743299,"NRI_P010",50
"23985",-11581.659437433,"NRI_P010",100
"23986",-1944.22504743299,"NRI_P010",25
"23987",-1415.50333743298,"NRI_P010",50
"23988",-11447.797327433,"NRI_P010",100
"23989",-271.915487432969,"NRI_P010",25
"23990",-9387.54352743295,"NRI_P010",50
"23991",-11317.342057433,"NRI_P010",100
"23992",-5542.194127433,"NRI_P010",25
"23993",-1208.708827433,"NRI_P010",50
"23994",-12255.980417433,"NRI_P010",100
"23995",-1931.99616743298,"NRI_P010",25
"23996",-1678.54102743295,"NRI_P010",50
"23997",-10781.908417433,"NRI_P010",100
"23998",-265.144327432965,"NRI_P010",25
"23999",-10013.893327433,"NRI_P010",50
"24000",-3108.56652743299,"NRI_P010",100
"24001",0.00211763003608212,"NRI_P012",25
"24002",-647.824642369989,"NRI_P012",50
"24003",-1175.96474237001,"NRI_P012",100
"24004",0.00211763003608212,"NRI_P012",25
"24005",-371.467082369956,"NRI_P012",50
"24006",114.837077630043,"NRI_P012",100
"24007",0.00211763003608212,"NRI_P012",25
"24008",-368.778482369962,"NRI_P012",50
"24009",-1271.27937236999,"NRI_P012",100
"24010",0.00211763003608212,"NRI_P012",25
"24011",-642.083682369965,"NRI_P012",50
"24012",-519.188482369995,"NRI_P012",100
"24013",0.00211763003608212,"NRI_P012",25
"24014",-449.971382369986,"NRI_P012",50
"24015",-1059.09198237001,"NRI_P012",100
"24016",0.00211763003608212,"NRI_P012",25
"24017",-481.098782369983,"NRI_P012",50
"24018",-1317.23894236999,"NRI_P012",100
"24019",0.00211763003608212,"NRI_P012",25
"24020",-540.140282369975,"NRI_P012",50
"24021",-1058.93865237001,"NRI_P012",100
"24022",0.00211763003608212,"NRI_P012",25
"24023",-652.720282369992,"NRI_P012",50
"24024",345.528017630044,"NRI_P012",100
"24025",0.00211763003608212,"NRI_P012",25
"24026",-711.372522369958,"NRI_P012",50
"24027",-1193.50658236997,"NRI_P012",100
"24028",0.00211763003608212,"NRI_P012",25
"24029",-318.775582369999,"NRI_P012",50
"24030",-1007.96428237,"NRI_P012",100
"24031",0.00211763003608212,"NRI_P012",25
"24032",-683.970052369987,"NRI_P012",50
"24033",859.827317629999,"NRI_P012",100
"24034",0.00211763003608212,"NRI_P012",25
"24035",-643.053802369977,"NRI_P012",50
"24036",-1342.84169236996,"NRI_P012",100
"24037",0.00211763003608212,"NRI_P012",25
"24038",-440.281982369954,"NRI_P012",50
"24039",-569.433002370002,"NRI_P012",100
"24040",0.00211763003608212,"NRI_P012",25
"24041",-148.551282369997,"NRI_P012",50
"24042",432.257367630024,"NRI_P012",100
"24043",0.00211763003608212,"NRI_P012",25
"24044",-446.456282369967,"NRI_P012",50
"24045",-522.808082369971,"NRI_P012",100
"24046",0.00211763003608212,"NRI_P012",25
"24047",282.377817630011,"NRI_P012",50
"24048",-1323.57024236995,"NRI_P012",100
"24049",0.00211763003608212,"NRI_P012",25
"24050",-427.47818236996,"NRI_P012",50
"24051",-1342.08169237,"NRI_P012",100
"24052",0.00211763003608212,"NRI_P012",25
"24053",-616.222912369994,"NRI_P012",50
"24054",-1160.67138237,"NRI_P012",100
"24055",0.00211763003608212,"NRI_P012",25
"24056",137.254917629994,"NRI_P012",50
"24057",-922.16157236998,"NRI_P012",100
"24058",0.00211763003608212,"NRI_P012",25
"24059",-616.502082369989,"NRI_P012",50
"24060",-1231.47099236998,"NRI_P012",100
"24061",0.00211763003608212,"NRI_P012",25
"24062",-601.429282369965,"NRI_P012",50
"24063",4206.57041763002,"NRI_P012",100
"24064",0.00211763003608212,"NRI_P012",25
"24065",-89.548782369995,"NRI_P012",50
"24066",-1341.51905236999,"NRI_P012",100
"24067",0.00211763003608212,"NRI_P012",25
"24068",-26.7564823699649,"NRI_P012",50
"24069",-1138.40497236996,"NRI_P012",100
"24070",0.00211763003608212,"NRI_P012",25
"24071",-624.610802370007,"NRI_P012",50
"24072",-752.533552369976,"NRI_P012",100
"24073",0.00211763003608212,"NRI_P012",25
"24074",-490.294282369956,"NRI_P012",50
"24075",-788.94441236998,"NRI_P012",100
"24076",0.00211763003608212,"NRI_P012",25
"24077",-569.040482370008,"NRI_P012",50
"24078",-764.838982369984,"NRI_P012",100
"24079",0.00211763003608212,"NRI_P012",25
"24080",-388.085882370011,"NRI_P012",50
"24081",-993.821242370002,"NRI_P012",100
"24082",0.00211763003608212,"NRI_P012",25
"24083",-518.196382369963,"NRI_P012",50
"24084",-632.501882369979,"NRI_P012",100
"24085",0.00211763003608212,"NRI_P012",25
"24086",-118.646682369988,"NRI_P012",50
"24087",-1139.11500236997,"NRI_P012",100
"24088",0.00211763003608212,"NRI_P012",25
"24089",5564.28451763,"NRI_P012",50
"24090",-1225.26788236998,"NRI_P012",100
"24091",0.00211763003608212,"NRI_P012",25
"24092",-464.078482370009,"NRI_P012",50
"24093",-1199.08222236997,"NRI_P012",100
"24094",0.00211763003608212,"NRI_P012",25
"24095",-653.249902369978,"NRI_P012",50
"24096",1366.16823763005,"NRI_P012",100
"24097",0.00211763003608212,"NRI_P012",25
"24098",-630.895872369991,"NRI_P012",50
"24099",739.677517630043,"NRI_P012",100
"24100",0.00211763003608212,"NRI_P012",25
"24101",-517.494382369972,"NRI_P012",50
"24102",4143.76091763005,"NRI_P012",100
"24103",0.00211763003608212,"NRI_P012",25
"24104",-566.071382369963,"NRI_P012",50
"24105",-1216.77998236998,"NRI_P012",100
"24106",0.00211763003608212,"NRI_P012",25
"24107",218.924517630017,"NRI_P012",50
"24108",-1110.21201237,"NRI_P012",100
"24109",0.00211763003608212,"NRI_P012",25
"24110",-633.041972370003,"NRI_P012",50
"24111",-1279.53456236998,"NRI_P012",100
"24112",0.00211763003608212,"NRI_P012",25
"24113",-656.564472369966,"NRI_P012",50
"24114",-973.568462369964,"NRI_P012",100
"24115",0.00211763003608212,"NRI_P012",25
"24116",1378.97251763003,"NRI_P012",50
"24117",-1227.67980236997,"NRI_P012",100
"24118",0.00211763003608212,"NRI_P012",25
"24119",5505.28201763,"NRI_P012",50
"24120",-1231.43946237001,"NRI_P012",100
"24121",0.00211763003608212,"NRI_P012",25
"24122",-698.650162370002,"NRI_P012",50
"24123",941.667617630039,"NRI_P012",100
"24124",0.00211763003608212,"NRI_P012",25
"24125",-685.463562369987,"NRI_P012",50
"24126",19190.28770763,"NRI_P012",100
"24127",0.00211763003608212,"NRI_P012",25
"24128",-637.380492369994,"NRI_P012",50
"24129",-1189.22752237,"NRI_P012",100
"24130",0.00211763003608212,"NRI_P012",25
"24131",-204.748582369997,"NRI_P012",50
"24132",-1030.17168237001,"NRI_P012",100
"24133",0.00211763003608212,"NRI_P012",25
"24134",-688.548362369998,"NRI_P012",50
"24135",-1057.10731236998,"NRI_P012",100
"24136",0.00211763003608212,"NRI_P012",25
"24137",-644.587742369971,"NRI_P012",50
"24138",-1305.69108237,"NRI_P012",100
"24139",0.00211763003608212,"NRI_P012",25
"24140",-479.681482370012,"NRI_P012",50
"24141",3707.70426763,"NRI_P012",100
"24142",0.00211763003608212,"NRI_P012",25
"24143",-711.22764236998,"NRI_P012",50
"24144",-999.295582369959,"NRI_P012",100
"24145",0.00211763003608212,"NRI_P012",25
"24146",-553.763082369987,"NRI_P012",50
"24147",-904.072682369966,"NRI_P012",100
"24148",0.00211763003608212,"NRI_P012",25
"24149",-675.561942369968,"NRI_P012",50
"24150",-1111.05223236996,"NRI_P012",100
"24151",0.00211763003608212,"NRI_P012",25
"24152",-275.731082369981,"NRI_P012",50
"24153",-324.826582369977,"NRI_P012",100
"24154",0.00211763003608212,"NRI_P012",25
"24155",-632.789362369978,"NRI_P012",50
"24156",492.404217630043,"NRI_P012",100
"24157",0.00211763003608212,"NRI_P012",25
"24158",-587.187682369957,"NRI_P012",50
"24159",-1208.47695236997,"NRI_P012",100
"24160",0.00211763003608212,"NRI_P012",25
"24161",-204.748582369997,"NRI_P012",50
"24162",-1092.32198236999,"NRI_P012",100
"24163",0.00211763003608212,"NRI_P012",25
"24164",-700.064032369992,"NRI_P012",50
"24165",1510.80339762999,"NRI_P012",100
"24166",0.00211763003608212,"NRI_P012",25
"24167",-708.054572369962,"NRI_P012",50
"24168",-663.14779237,"NRI_P012",100
"24169",0.00211763003608212,"NRI_P012",25
"24170",193.538017629995,"NRI_P012",50
"24171",10262.23941763,"NRI_P012",100
"24172",0.00211763003608212,"NRI_P012",25
"24173",180.864717630029,"NRI_P012",50
"24174",-1146.11302236997,"NRI_P012",100
"24175",0.00211763003608212,"NRI_P012",25
"24176",-598.77770236996,"NRI_P012",50
"24177",-1324.23465236998,"NRI_P012",100
"24178",0.00211763003608212,"NRI_P012",25
"24179",54.8259176299907,"NRI_P012",50
"24180",-1141.24011237,"NRI_P012",100
"24181",0.00211763003608212,"NRI_P012",25
"24182",-671.972322369984,"NRI_P012",50
"24183",-197.81908236997,"NRI_P012",100
"24184",0.00211763003608212,"NRI_P012",25
"24185",-433.627282369998,"NRI_P012",50
"24186",-1331.34304236999,"NRI_P012",100
"24187",0.00211763003608212,"NRI_P012",25
"24188",-712.252402369981,"NRI_P012",50
"24189",7109.72041763004,"NRI_P012",100
"24190",0.00211763003608212,"NRI_P012",25
"24191",-639.851822369965,"NRI_P012",50
"24192",-664.549882369989,"NRI_P012",100
"24193",0.00211763003608212,"NRI_P012",25
"24194",500.637017630041,"NRI_P012",50
"24195",-130.962402370002,"NRI_P012",100
"24196",0.00211763003608212,"NRI_P012",25
"24197",-198.821682369977,"NRI_P012",50
"24198",345.928397629992,"NRI_P012",100
"24199",0.00211763003608212,"NRI_P012",25
"24200",-301.856082369981,"NRI_P012",50
"24201",-1336.32865236996,"NRI_P012",100
"24202",0.00211763003608212,"NRI_P012",25
"24203",-640.787282369973,"NRI_P012",50
"24204",-1166.46464237,"NRI_P012",100
"24205",0.00211763003608212,"NRI_P012",25
"24206",-189.550382369955,"NRI_P012",50
"24207",-1277.15996237,"NRI_P012",100
"24208",0.00211763003608212,"NRI_P012",25
"24209",-467.472982370004,"NRI_P012",50
"24210",3147.91121763003,"NRI_P012",100
"24211",0.00211763003608212,"NRI_P012",25
"24212",-658.34999237,"NRI_P012",50
"24213",-746.637182370003,"NRI_P012",100
"24214",0.00211763003608212,"NRI_P012",25
"24215",-594.316442370007,"NRI_P012",50
"24216",-1278.58225236996,"NRI_P012",100
"24217",0.00211763003608212,"NRI_P012",25
"24218",-616.502082369989,"NRI_P012",50
"24219",-918.119582369982,"NRI_P012",100
"24220",0.00211763003608212,"NRI_P012",25
"24221",277.92701763002,"NRI_P012",50
"24222",-1323.98194237001,"NRI_P012",100
"24223",0.00211763003608212,"NRI_P012",25
"24224",-585.823282369995,"NRI_P012",50
"24225",-648.792782370001,"NRI_P012",100
"24226",0.00211763003608212,"NRI_P012",25
"24227",-676.229792369995,"NRI_P012",50
"24228",-1286.90204237,"NRI_P012",100
"24229",0.00211763003608212,"NRI_P012",25
"24230",-664.650362369954,"NRI_P012",50
"24231",-1304.00777237001,"NRI_P012",100
"24232",0.00211763003608212,"NRI_P012",25
"24233",-705.306592369976,"NRI_P012",50
"24234",-298.034282370005,"NRI_P012",100
"24235",0.00211763003608212,"NRI_P012",25
"24236",-682.838982369984,"NRI_P012",50
"24237",-1298.31811236998,"NRI_P012",100
"24238",0.00211763003608212,"NRI_P012",25
"24239",2218.08451762999,"NRI_P012",50
"24240",-666.72168237,"NRI_P012",100
"24241",0.00211763003608212,"NRI_P012",25
"24242",-398.373382369988,"NRI_P012",50
"24243",-1177.75558236998,"NRI_P012",100
"24244",0.00211763003608212,"NRI_P012",25
"24245",-694.532012370008,"NRI_P012",50
"24246",668.794007630029,"NRI_P012",100
"24247",0.00211763003608212,"NRI_P012",25
"24248",-672.776952370012,"NRI_P012",50
"24249",-1070.83690236998,"NRI_P012",100
"24250",0.00211763003608212,"NRI_P012",25
"24251",1877.72451763001,"NRI_P012",50
"24252",-1074.95768236998,"NRI_P012",100
"24253",0.00211763003608212,"NRI_P012",25
"24254",-667.742442369985,"NRI_P012",50
"24255",-1174.15491236997,"NRI_P012",100
"24256",0.00211763003608212,"NRI_P012",25
"24257",-341.212282369961,"NRI_P012",50
"24258",-1300.78653236997,"NRI_P012",100
"24259",0.00211763003608212,"NRI_P012",25
"24260",-626.532182369963,"NRI_P012",50
"24261",-588.35866237001,"NRI_P012",100
"24262",0.00211763003608212,"NRI_P012",25
"24263",-654.16136237001,"NRI_P012",50
"24264",6162.75611762999,"NRI_P012",100
"24265",0.00211763003608212,"NRI_P012",25
"24266",382.036017630016,"NRI_P012",50
"24267",-45.5024823700078,"NRI_P012",100
"24268",0.00211763003608212,"NRI_P012",25
"24269",-639.917182369973,"NRI_P012",50
"24270",75.3539176300401,"NRI_P012",100
"24271",0.00211763003608212,"NRI_P012",25
"24272",-554.747282369994,"NRI_P012",50
"24273",-1022.11483236996,"NRI_P012",100
"24274",0.00211763003608212,"NRI_P012",25
"24275",-638.624832369969,"NRI_P012",50
"24276",-1303.76156237,"NRI_P012",100
"24277",0.00211763003608212,"NRI_P012",25
"24278",-527.785682369955,"NRI_P012",50
"24279",-1164.94538236997,"NRI_P012",100
"24280",0.00211763003608212,"NRI_P012",25
"24281",465.154017630033,"NRI_P012",50
"24282",-1063.68569237,"NRI_P012",100
"24283",0.00211763003608212,"NRI_P012",25
"24284",-657.780202369962,"NRI_P012",50
"24285",97.7881176299998,"NRI_P012",100
"24286",0.00211763003608212,"NRI_P012",25
"24287",-532.233682369988,"NRI_P012",50
"24288",-748.738282369974,"NRI_P012",100
"24289",0.00211763003608212,"NRI_P012",25
"24290",-577.198882369965,"NRI_P012",50
"24291",-865.763012369978,"NRI_P012",100
"24292",0.00211763003608212,"NRI_P012",25
"24293",-542.426782369963,"NRI_P012",50
"24294",487.93251762999,"NRI_P012",100
"24295",0.00211763003608212,"NRI_P012",25
"24296",-650.696782369982,"NRI_P012",50
"24297",175.631637629995,"NRI_P012",100
"24298",0.00211763003608212,"NRI_P012",25
"24299",3875.38051763002,"NRI_P012",50
"24300",-1190.80556236999,"NRI_P012",100
"24301",-7229.99049810297,"NRI_P014",25
"24302",-1131.35346810299,"NRI_P014",50
"24303",33774.103401897,"NRI_P014",100
"24304",-7337.19019810297,"NRI_P014",25
"24305",-6752.19028810301,"NRI_P014",50
"24306",-5306.96774810296,"NRI_P014",100
"24307",-7381.37609810301,"NRI_P014",25
"24308",3982.556701897,"NRI_P014",50
"24309",-7899.78969810298,"NRI_P014",100
"24310",1739.71190189698,"NRI_P014",25
"24311",-8591.31990810297,"NRI_P014",50
"24312",-6958.10419810301,"NRI_P014",100
"24313",-117.677098102984,"NRI_P014",25
"24314",-7585.02407810302,"NRI_P014",50
"24315",-7200.23859810299,"NRI_P014",100
"24316",-1014.76599810302,"NRI_P014",25
"24317",-4759.27836810297,"NRI_P014",50
"24318",-2028.688238103,"NRI_P014",100
"24319",-77.0495981029817,"NRI_P014",25
"24320",-8268.50069810299,"NRI_P014",50
"24321",-7785.21039810299,"NRI_P014",100
"24322",-235.519648102985,"NRI_P014",25
"24323",178.544271897001,"NRI_P014",50
"24324",2669.51577189699,"NRI_P014",100
"24325",-7487.89644810301,"NRI_P014",25
"24326",-8558.20784810302,"NRI_P014",50
"24327",2899.45470189699,"NRI_P014",100
"24328",-1174.93292810302,"NRI_P014",25
"24329",-8545.43630810297,"NRI_P014",50
"24330",-7843.404198103,"NRI_P014",100
"24331",-7227.874798103,"NRI_P014",25
"24332",-8310.94369810302,"NRI_P014",50
"24333",-6964.69292810297,"NRI_P014",100
"24334",815.394901897002,"NRI_P014",25
"24335",-8235.996098103,"NRI_P014",50
"24336",-8839.45161810302,"NRI_P014",100
"24337",-161.213698102976,"NRI_P014",25
"24338",-6117.05589810299,"NRI_P014",50
"24339",-6714.46709810302,"NRI_P014",100
"24340",-1211.69360810297,"NRI_P014",25
"24341",-7687.77843810298,"NRI_P014",50
"24342",-7149.38039810298,"NRI_P014",100
"24343",-7489.234348103,"NRI_P014",25
"24344",-1774.71239810297,"NRI_P014",50
"24345",-8555.73140810302,"NRI_P014",100
"24346",-1196.58415810298,"NRI_P014",25
"24347",-6860.37379810301,"NRI_P014",50
"24348",-2812.67179810297,"NRI_P014",100
"24349",-7492.81923810299,"NRI_P014",25
"24350",-7713.14087810297,"NRI_P014",50
"24351",-1102.52164810302,"NRI_P014",100
"24352",-564.871198103006,"NRI_P014",25
"24353",-1464.81672810297,"NRI_P014",50
"24354",-7033.18481810298,"NRI_P014",100
"24355",-278.672498102998,"NRI_P014",25
"24356",-6977.320798103,"NRI_P014",50
"24357",-6132.36779810302,"NRI_P014",100
"24358",-1184.55344810302,"NRI_P014",25
"24359",-7498.227698103,"NRI_P014",50
"24360",-8553.62435810297,"NRI_P014",100
"24361",-975.791498103004,"NRI_P014",25
"24362",-810.904688103008,"NRI_P014",50
"24363",-2679.95179810299,"NRI_P014",100
"24364",-7483.73718810297,"NRI_P014",25
"24365",-8491.05081810302,"NRI_P014",50
"24366",-6296.95209810301,"NRI_P014",100
"24367",-7402.26149810298,"NRI_P014",25
"24368",-7782.084198103,"NRI_P014",50
"24369",-7885.04266810301,"NRI_P014",100
"24370",-7397.13389810297,"NRI_P014",25
"24371",-4487.78209810297,"NRI_P014",50
"24372",-8144.58878810302,"NRI_P014",100
"24373",-247.30589810299,"NRI_P014",25
"24374",-1544.00039810297,"NRI_P014",50
"24375",-8214.810088103,"NRI_P014",100
"24376",453.869801897032,"NRI_P014",25
"24377",-6957.67409810302,"NRI_P014",50
"24378",-8250.86315810302,"NRI_P014",100
"24379",-8.54419810301624,"NRI_P014",25
"24380",-6128.42115810298,"NRI_P014",50
"24381",-8612.96742810297,"NRI_P014",100
"24382",482.928801896982,"NRI_P014",25
"24383",1519.44850189699,"NRI_P014",50
"24384",-8167.46399810299,"NRI_P014",100
"24385",407.615101896983,"NRI_P014",25
"24386",1014.56499189703,"NRI_P014",50
"24387",-6688.98034810298,"NRI_P014",100
"24388",-233.741728103021,"NRI_P014",25
"24389",-111.338688103016,"NRI_P014",50
"24390",-7543.60251810297,"NRI_P014",100
"24391",-1087.541498103,"NRI_P014",25
"24392",-7641.19556810299,"NRI_P014",50
"24393",-5848.05293810298,"NRI_P014",100
"24394",-463.599898102984,"NRI_P014",25
"24395",-7833.283998103,"NRI_P014",50
"24396",-8711.541948103,"NRI_P014",100
"24397",-198.79119810299,"NRI_P014",25
"24398",-7153.43168810301,"NRI_P014",50
"24399",-6625.34842810297,"NRI_P014",100
"24400",-7258.172498103,"NRI_P014",25
"24401",-6929.27089810302,"NRI_P014",50
"24402",-7306.98449810297,"NRI_P014",100
"24403",-7478.96515810298,"NRI_P014",25
"24404",-933.920098103001,"NRI_P014",50
"24405",-8616.77849810297,"NRI_P014",100
"24406",-7480.57889810298,"NRI_P014",25
"24407",-364.749998103012,"NRI_P014",50
"24408",-7253.601498103,"NRI_P014",100
"24409",-1190.77936810302,"NRI_P014",25
"24410",2106.879391897,"NRI_P014",50
"24411",-7245.83626810298,"NRI_P014",100
"24412",-1106.86589810299,"NRI_P014",25
"24413",-6831.13369810302,"NRI_P014",50
"24414",-7843.78943810298,"NRI_P014",100
"24415",-7016.085498103,"NRI_P014",25
"24416",-631.817998102983,"NRI_P014",50
"24417",-7737.91880810302,"NRI_P014",100
"24418",390.445401897014,"NRI_P014",25
"24419",-6191.42309810297,"NRI_P014",50
"24420",-3104.53220810299,"NRI_P014",100
"24421",-1100.859998103,"NRI_P014",25
"24422",-1346.08952810301,"NRI_P014",50
"24423",-6043.39467810298,"NRI_P014",100
"24424",-6861.32039810298,"NRI_P014",25
"24425",-5827.43545810302,"NRI_P014",50
"24426",-7975.14209810301,"NRI_P014",100
"24427",578.886801897024,"NRI_P014",25
"24428",-7623.55959810299,"NRI_P014",50
"24429",-3737.336928103,"NRI_P014",100
"24430",-1007.75229810301,"NRI_P014",25
"24431",133.965301897028,"NRI_P014",50
"24432",-8879.68272810301,"NRI_P014",100
"24433",1920.91790189699,"NRI_P014",25
"24434",236.20310189703,"NRI_P014",50
"24435",-3484.87409810297,"NRI_P014",100
"24436",-7489.73443810298,"NRI_P014",25
"24437",-8232.22288810299,"NRI_P014",50
"24438",-8419.90038810298,"NRI_P014",100
"24439",-97.5451981030055,"NRI_P014",25
"24440",-7300.89774810302,"NRI_P014",50
"24441",-6654.716208103,"NRI_P014",100
"24442",-7486.80383810302,"NRI_P014",25
"24443",-6949.54849810299,"NRI_P014",50
"24444",-8593.184568103,"NRI_P014",100
"24445",-994.492298102996,"NRI_P014",25
"24446",-3182.71929810301,"NRI_P014",50
"24447",-4183.36793810298,"NRI_P014",100
"24448",55.9259018970188,"NRI_P014",25
"24449",-6780.86039810302,"NRI_P014",50
"24450",31623.389871897,"NRI_P014",100
"24451",-6584.23909810302,"NRI_P014",25
"24452",4262.02810189698,"NRI_P014",50
"24453",-6965.16992810299,"NRI_P014",100
"24454",-168.98849810299,"NRI_P014",25
"24455",-8641.17610810301,"NRI_P014",50
"24456",-7976.01312810299,"NRI_P014",100
"24457",-7465.82782810298,"NRI_P014",25
"24458",-8146.17919810297,"NRI_P014",50
"24459",-7136.55529810302,"NRI_P014",100
"24460",-259.392298103019,"NRI_P014",25
"24461",-92.5522981029935,"NRI_P014",50
"24462",-7831.17439810297,"NRI_P014",100
"24463",-186.120898102992,"NRI_P014",25
"24464",-6890.93189810298,"NRI_P014",50
"24465",-3343.46379810298,"NRI_P014",100
"24466",-233.741728103021,"NRI_P014",25
"24467",-5229.71839810297,"NRI_P014",50
"24468",-8320.42221810302,"NRI_P014",100
"24469",1086.82090189698,"NRI_P014",25
"24470",39364.392001897,"NRI_P014",50
"24471",-5274.36776810297,"NRI_P014",100
"24472",-1179.49656810297,"NRI_P014",25
"24473",-8330.48189810297,"NRI_P014",50
"24474",-6990.97264810296,"NRI_P014",100
"24475",541.757301896985,"NRI_P014",25
"24476",-7613.69754810299,"NRI_P014",50
"24477",-6051.53629810299,"NRI_P014",100
"24478",-260.243768103013,"NRI_P014",25
"24479",418.395101897011,"NRI_P014",50
"24480",-8470.97605810297,"NRI_P014",100
"24481",-1055.31359810301,"NRI_P014",25
"24482",-7354.515988103,"NRI_P014",50
"24483",-8620.49796810298,"NRI_P014",100
"24484",604.838401896995,"NRI_P014",25
"24485",2478.51480189699,"NRI_P014",50
"24486",-7860.42294810299,"NRI_P014",100
"24487",5845.65290189703,"NRI_P014",25
"24488",-8110.57759810297,"NRI_P014",50
"24489",-7431.285008103,"NRI_P014",100
"24490",-260.801608102978,"NRI_P014",25
"24491",-7589.50103810302,"NRI_P014",50
"24492",-7584.622428103,"NRI_P014",100
"24493",-7052.63659810298,"NRI_P014",25
"24494",-1345.89269810298,"NRI_P014",50
"24495",-3638.33204810298,"NRI_P014",100
"24496",-252.566098103009,"NRI_P014",25
"24497",-1465.01023810299,"NRI_P014",50
"24498",-7146.74163810298,"NRI_P014",100
"24499",-7480.57889810298,"NRI_P014",25
"24500",-949.414398103021,"NRI_P014",50
"24501",-5944.34709810297,"NRI_P014",100
"24502",-1211.27026810299,"NRI_P014",25
"24503",-5774.37509810302,"NRI_P014",50
"24504",-7958.07909810299,"NRI_P014",100
"24505",-8.54419810301624,"NRI_P014",25
"24506",10086.638901897,"NRI_P014",50
"24507",32644.244001897,"NRI_P014",100
"24508",-252.008918103005,"NRI_P014",25
"24509",-679.92029810301,"NRI_P014",50
"24510",-7878.13133810298,"NRI_P014",100
"24511",-6825.657898103,"NRI_P014",25
"24512",-1958.41829810297,"NRI_P014",50
"24513",-8346.95867810299,"NRI_P014",100
"24514",-7483.34645810298,"NRI_P014",25
"24515",-7576.49068810302,"NRI_P014",50
"24516",-5561.350198103,"NRI_P014",100
"24517",1862.68490189698,"NRI_P014",25
"24518",-1039.65939810302,"NRI_P014",50
"24519",-8344.701608103,"NRI_P014",100
"24520",-882.619898103003,"NRI_P014",25
"24521",-1202.13929810299,"NRI_P014",50
"24522",-7911.39948810299,"NRI_P014",100
"24523",-145.660998102976,"NRI_P014",25
"24524",-1471.07980810298,"NRI_P014",50
"24525",-8698.887418103,"NRI_P014",100
"24526",-212.595898102969,"NRI_P014",25
"24527",288.98250189703,"NRI_P014",50
"24528",-8346.885378103,"NRI_P014",100
"24529",-857.231098102988,"NRI_P014",25
"24530",-11.6979981029872,"NRI_P014",50
"24531",-8391.12687810301,"NRI_P014",100
"24532",-578.939398102986,"NRI_P014",25
"24533",-7969.528968103,"NRI_P014",50
"24534",-6148.00509810302,"NRI_P014",100
"24535",-176.485398103017,"NRI_P014",25
"24536",-7653.970398103,"NRI_P014",50
"24537",-4898.83489810297,"NRI_P014",100
"24538",-4678.02809810301,"NRI_P014",25
"24539",-500.522488103015,"NRI_P014",50
"24540",-6193.338418103,"NRI_P014",100
"24541",-186.120898102992,"NRI_P014",25
"24542",-959.83052810299,"NRI_P014",50
"24543",-8466.31518810301,"NRI_P014",100
"24544",541.000401897007,"NRI_P014",25
"24545",-6684.507098103,"NRI_P014",50
"24546",-8808.46936810302,"NRI_P014",100
"24547",9441.15790189698,"NRI_P014",25
"24548",-6734.04702810297,"NRI_P014",50
"24549",34708.711711897,"NRI_P014",100
"24550",213.886601897015,"NRI_P014",25
"24551",-8665.37768810301,"NRI_P014",50
"24552",-8497.881968103,"NRI_P014",100
"24553",-103.862198102986,"NRI_P014",25
"24554",-6515.41719810298,"NRI_P014",50
"24555",-8166.41368810297,"NRI_P014",100
"24556",-1126.49319810298,"NRI_P014",25
"24557",-1294.60348810302,"NRI_P014",50
"24558",-2523.63029810297,"NRI_P014",100
"24559",1368.98090189701,"NRI_P014",25
"24560",-1357.91894810298,"NRI_P014",50
"24561",-8451.54873810301,"NRI_P014",100
"24562",-6923.52389810298,"NRI_P014",25
"24563",-1348.86679810297,"NRI_P014",50
"24564",-8105.60012810299,"NRI_P014",100
"24565",-564.871198103006,"NRI_P014",25
"24566",-418.508198102994,"NRI_P014",50
"24567",-6435.00659810298,"NRI_P014",100
"24568",-123.441098103009,"NRI_P014",25
"24569",-5587.08887810301,"NRI_P014",50
"24570",-3149.91959810298,"NRI_P014",100
"24571",306.221401897026,"NRI_P014",25
"24572",-8650.413738103,"NRI_P014",50
"24573",-7401.19529810298,"NRI_P014",100
"24574",-6707.54569810297,"NRI_P014",25
"24575",-6206.355198103,"NRI_P014",50
"24576",-8542.54932810302,"NRI_P014",100
"24577",1734.00190189702,"NRI_P014",25
"24578",-3536.80660810298,"NRI_P014",50
"24579",-4331.04609810299,"NRI_P014",100
"24580",-1075.91429810302,"NRI_P014",25
"24581",-1369.219198103,"NRI_P014",50
"24582",-2673.84254810301,"NRI_P014",100
"24583",-237.27384810301,"NRI_P014",25
"24584",-6787.97620810301,"NRI_P014",50
"24585",-3756.96522810298,"NRI_P014",100
"24586",-5094.13109810301,"NRI_P014",25
"24587",-2131.54929810297,"NRI_P014",50
"24588",-5771.28577810299,"NRI_P014",100
"24589",-7288.15599810297,"NRI_P014",25
"24590",-6317.02249810298,"NRI_P014",50
"24591",-8155.06963810301,"NRI_P014",100
"24592",-5507.16609810299,"NRI_P014",25
"24593",-8186.609998103,"NRI_P014",50
"24594",-8754.23449810297,"NRI_P014",100
"24595",-231.940008102974,"NRI_P014",25
"24596",-5470.71889810299,"NRI_P014",50
"24597",-966.622598103015,"NRI_P014",100
"24598",-212.595898102969,"NRI_P014",25
"24599",-8067.40349810297,"NRI_P014",50
"24600",-3110.491098103,"NRI_P014",100
"24601",-34.7855679950007,"NRI_P015",25
"24602",671.185362004995,"NRI_P015",50
"24603",1015.395482005,"NRI_P015",100
"24604",675.880142005,"NRI_P015",25
"24605",175.212062004997,"NRI_P015",50
"24606",399.176972004992,"NRI_P015",100
"24607",191.215552005,"NRI_P015",25
"24608",139.312692004998,"NRI_P015",50
"24609",90.9661120050005,"NRI_P015",100
"24610",1984.23082200499,"NRI_P015",25
"24611",559.22502200499,"NRI_P015",50
"24612",1622.620332005,"NRI_P015",100
"24613",213.45860200499,"NRI_P015",25
"24614",143.499542004996,"NRI_P015",50
"24615",4301.59250200499,"NRI_P015",100
"24616",60.8433020049997,"NRI_P015",25
"24617",1013.970452005,"NRI_P015",50
"24618",775.149152004989,"NRI_P015",100
"24619",-33.1918779950065,"NRI_P015",25
"24620",369.911552004996,"NRI_P015",50
"24621",1139.81348200499,"NRI_P015",100
"24622",364.052412004996,"NRI_P015",25
"24623",221.314662004996,"NRI_P015",50
"24624",1310.796492005,"NRI_P015",100
"24625",229.302792004994,"NRI_P015",25
"24626",451.103532005,"NRI_P015",50
"24627",990.23555200499,"NRI_P015",100
"24628",-34.9439479950088,"NRI_P015",25
"24629",542.42275200499,"NRI_P015",50
"24630",93.3623020049999,"NRI_P015",100
"24631",223.468182005003,"NRI_P015",25
"24632",752.192602005001,"NRI_P015",50
"24633",624.366022004993,"NRI_P015",100
"24634",142.264862005002,"NRI_P015",25
"24635",108.53335200499,"NRI_P015",50
"24636",1533.19446200499,"NRI_P015",100
"24637",71.1507920049917,"NRI_P015",25
"24638",2050.76173200499,"NRI_P015",50
"24639",376.131922004992,"NRI_P015",100
"24640",646.459392004996,"NRI_P015",25
"24641",248.047282004991,"NRI_P015",50
"24642",75.3722520049923,"NRI_P015",100
"24643",9.06492200499633,"NRI_P015",25
"24644",1159.196332005,"NRI_P015",50
"24645",1155.57222200499,"NRI_P015",100
"24646",-89.3447679950041,"NRI_P015",25
"24647",-94.3452379950031,"NRI_P015",50
"24648",1635.01547200499,"NRI_P015",100
"24649",181.792332004989,"NRI_P015",25
"24650",172.912112004997,"NRI_P015",50
"24651",1860.31775200499,"NRI_P015",100
"24652",810.712472004991,"NRI_P015",25
"24653",967.160922005001,"NRI_P015",50
"24654",330.288522004994,"NRI_P015",100
"24655",-68.0917179950047,"NRI_P015",25
"24656",435.434952005002,"NRI_P015",50
"24657",190.431462004999,"NRI_P015",100
"24658",-110.404917995009,"NRI_P015",25
"24659",835.608712004992,"NRI_P015",50
"24660",3399.562602005,"NRI_P015",100
"24661",114.393192004994,"NRI_P015",25
"24662",1801.293362005,"NRI_P015",50
"24663",1226.69205200499,"NRI_P015",100
"24664",185.105492004994,"NRI_P015",25
"24665",170.494422004995,"NRI_P015",50
"24666",705.735762005002,"NRI_P015",100
"24667",-99.0540479949996,"NRI_P015",25
"24668",400.506772004999,"NRI_P015",50
"24669",253.082072004996,"NRI_P015",100
"24670",100.715192004995,"NRI_P015",25
"24671",161.160712004988,"NRI_P015",50
"24672",1315.08490200499,"NRI_P015",100
"24673",733.907632004994,"NRI_P015",25
"24674",24.351762004997,"NRI_P015",50
"24675",310.978832004999,"NRI_P015",100
"24676",259.360762005002,"NRI_P015",25
"24677",271.424852005002,"NRI_P015",50
"24678",1616.671022005,"NRI_P015",100
"24679",46.7768420049979,"NRI_P015",25
"24680",685.420512004988,"NRI_P015",50
"24681",2278.846012005,"NRI_P015",100
"24682",21.8567520049983,"NRI_P015",25
"24683",140.80824200499,"NRI_P015",50
"24684",1491.674722005,"NRI_P015",100
"24685",-5.46180799500144,"NRI_P015",25
"24686",415.975512004996,"NRI_P015",50
"24687",736.751602004995,"NRI_P015",100
"24688",282.316502004993,"NRI_P015",25
"24689",322.101002005002,"NRI_P015",50
"24690",740.442012004991,"NRI_P015",100
"24691",667.704282004997,"NRI_P015",25
"24692",329.676112004992,"NRI_P015",50
"24693",315.090342005002,"NRI_P015",100
"24694",970.467052004999,"NRI_P015",25
"24695",592.504222004995,"NRI_P015",50
"24696",448.723332005,"NRI_P015",100
"24697",330.689622004997,"NRI_P015",25
"24698",-0.0704879950062605,"NRI_P015",50
"24699",3295.747052005,"NRI_P015",100
"24700",1623.757362005,"NRI_P015",25
"24701",482.378172004988,"NRI_P015",50
"24702",840.152612004997,"NRI_P015",100
"24703",83.5585820049891,"NRI_P015",25
"24704",399.290352005002,"NRI_P015",50
"24705",2697.869012005,"NRI_P015",100
"24706",228.850602004997,"NRI_P015",25
"24707",644.183752004988,"NRI_P015",50
"24708",2294.011122005,"NRI_P015",100
"24709",-16.0160679950059,"NRI_P015",25
"24710",940.991052004989,"NRI_P015",50
"24711",45.7363220049883,"NRI_P015",100
"24712",714.246102004996,"NRI_P015",25
"24713",-205.989477994997,"NRI_P015",50
"24714",2205.163202005,"NRI_P015",100
"24715",294.877792004991,"NRI_P015",25
"24716",397.76289200499,"NRI_P015",50
"24717",1541.95620200499,"NRI_P015",100
"24718",94.8359020049975,"NRI_P015",25
"24719",1003.48959200499,"NRI_P015",50
"24720",1679.00343200499,"NRI_P015",100
"24721",951.788092004994,"NRI_P015",25
"24722",504.126322005002,"NRI_P015",50
"24723",133.657762004994,"NRI_P015",100
"24724",-113.341267994998,"NRI_P015",25
"24725",488.751562004996,"NRI_P015",50
"24726",274.116132005001,"NRI_P015",100
"24727",113.736742005,"NRI_P015",25
"24728",74.5262820049975,"NRI_P015",50
"24729",1427.05979200499,"NRI_P015",100
"24730",958.223162005001,"NRI_P015",25
"24731",179.444582005002,"NRI_P015",50
"24732",2495.549372005,"NRI_P015",100
"24733",65.7908020049945,"NRI_P015",25
"24734",437.92447200499,"NRI_P015",50
"24735",124.754362004998,"NRI_P015",100
"24736",-103.157357995005,"NRI_P015",25
"24737",1876.59173200499,"NRI_P015",50
"24738",1754.235702005,"NRI_P015",100
"24739",270.059082004998,"NRI_P015",25
"24740",693.660232005001,"NRI_P015",50
"24741",1505.52373200499,"NRI_P015",100
"24742",447.504892004989,"NRI_P015",25
"24743",2089.342392005,"NRI_P015",50
"24744",-50.9729979950062,"NRI_P015",100
"24745",1780.213402005,"NRI_P015",25
"24746",139.26792200499,"NRI_P015",50
"24747",582.489482004996,"NRI_P015",100
"24748",321.174762005001,"NRI_P015",25
"24749",1226.70391200499,"NRI_P015",50
"24750",372.535322005002,"NRI_P015",100
"24751",12.5291620049975,"NRI_P015",25
"24752",464.521792004991,"NRI_P015",50
"24753",468.76104200499,"NRI_P015",100
"24754",735.613152004997,"NRI_P015",25
"24755",707.183622005003,"NRI_P015",50
"24756",717.534882004999,"NRI_P015",100
"24757",56.0946520049911,"NRI_P015",25
"24758",400.142592004995,"NRI_P015",50
"24759",1238.627462005,"NRI_P015",100
"24760",117.066172004997,"NRI_P015",25
"24761",-45.1851179950027,"NRI_P015",50
"24762",148.945332004994,"NRI_P015",100
"24763",130.813372004995,"NRI_P015",25
"24764",26.8395420049928,"NRI_P015",50
"24765",1215.488492005,"NRI_P015",100
"24766",827.709622005001,"NRI_P015",25
"24767",348.781852004991,"NRI_P015",50
"24768",99.4883820050018,"NRI_P015",100
"24769",1412.57844200499,"NRI_P015",25
"24770",627.781852004991,"NRI_P015",50
"24771",4841.116862005,"NRI_P015",100
"24772",291.723812005002,"NRI_P015",25
"24773",679.132402004994,"NRI_P015",50
"24774",541.235512004991,"NRI_P015",100
"24775",461.74359200499,"NRI_P015",25
"24776",80.2538620049891,"NRI_P015",50
"24777",124.28047200499,"NRI_P015",100
"24778",681.788332005002,"NRI_P015",25
"24779",220.182282005,"NRI_P015",50
"24780",511.273172004992,"NRI_P015",100
"24781",264.18023200499,"NRI_P015",25
"24782",445.994732004998,"NRI_P015",50
"24783",320.982262004996,"NRI_P015",100
"24784",292.824332004995,"NRI_P015",25
"24785",-28.3053479950031,"NRI_P015",50
"24786",2493.638482005,"NRI_P015",100
"24787",511.079052004992,"NRI_P015",25
"24788",1533.123612005,"NRI_P015",50
"24789",3568.939332005,"NRI_P015",100
"24790",-154.633997994999,"NRI_P015",25
"24791",958.832132005002,"NRI_P015",50
"24792",182.199932004994,"NRI_P015",100
"24793",-144.805527995006,"NRI_P015",25
"24794",144.541082005002,"NRI_P015",50
"24795",2543.604302005,"NRI_P015",100
"24796",30.133132004994,"NRI_P015",25
"24797",902.995832004992,"NRI_P015",50
"24798",2330.330022005,"NRI_P015",100
"24799",63.1606620050006,"NRI_P015",25
"24800",534.200542004997,"NRI_P015",50
"24801",843.371652004993,"NRI_P015",100
"24802",185.734972004997,"NRI_P015",25
"24803",935.750902004991,"NRI_P015",50
"24804",3778.793992005,"NRI_P015",100
"24805",1843.246152005,"NRI_P015",25
"24806",603.429292004992,"NRI_P015",50
"24807",875.654042005001,"NRI_P015",100
"24808",1764.07294200499,"NRI_P015",25
"24809",297.023942004991,"NRI_P015",50
"24810",2020.073752005,"NRI_P015",100
"24811",422.601442004991,"NRI_P015",25
"24812",267.08373200499,"NRI_P015",50
"24813",3985.09744200499,"NRI_P015",100
"24814",151.508452005,"NRI_P015",25
"24815",2215.75997200499,"NRI_P015",50
"24816",254.590782004991,"NRI_P015",100
"24817",82.0169820049923,"NRI_P015",25
"24818",439.395342004995,"NRI_P015",50
"24819",1013.283982005,"NRI_P015",100
"24820",-3.4291579950077,"NRI_P015",25
"24821",141.671192005,"NRI_P015",50
"24822",1357.21385200499,"NRI_P015",100
"24823",-162.870027994999,"NRI_P015",25
"24824",266.884502004992,"NRI_P015",50
"24825",1173.245032005,"NRI_P015",100
"24826",7.87484200499603,"NRI_P015",25
"24827",1261.72576200499,"NRI_P015",50
"24828",483.785332004991,"NRI_P015",100
"24829",-27.8327179949993,"NRI_P015",25
"24830",276.640782004994,"NRI_P015",50
"24831",213.439712004998,"NRI_P015",100
"24832",148.912792004994,"NRI_P015",25
"24833",281.448232005001,"NRI_P015",50
"24834",118.529362004992,"NRI_P015",100
"24835",-155.762587995006,"NRI_P015",25
"24836",-114.034337995006,"NRI_P015",50
"24837",2529.189452005,"NRI_P015",100
"24838",125.120962004992,"NRI_P015",25
"24839",-49.106097994998,"NRI_P015",50
"24840",1193.970792005,"NRI_P015",100
"24841",-122.885037995002,"NRI_P015",25
"24842",88.6106720050011,"NRI_P015",50
"24843",630.292222004995,"NRI_P015",100
"24844",39.6272720049892,"NRI_P015",25
"24845",660.705112005002,"NRI_P015",50
"24846",841.612252004998,"NRI_P015",100
"24847",-93.0529079950065,"NRI_P015",25
"24848",2111.04359200499,"NRI_P015",50
"24849",1500.22413200499,"NRI_P015",100
"24850",257.657692004999,"NRI_P015",25
"24851",-71.2852579949977,"NRI_P015",50
"24852",1879.28730200499,"NRI_P015",100
"24853",114.738952004991,"NRI_P015",25
"24854",684.888292004995,"NRI_P015",50
"24855",1854.755432005,"NRI_P015",100
"24856",32.9994020049926,"NRI_P015",25
"24857",501.727532004996,"NRI_P015",50
"24858",263.16007200499,"NRI_P015",100
"24859",75.5465520049911,"NRI_P015",25
"24860",589.974852004991,"NRI_P015",50
"24861",950.986712004989,"NRI_P015",100
"24862",-17.2784679949982,"NRI_P015",25
"24863",151.225282004991,"NRI_P015",50
"24864",120.732602004995,"NRI_P015",100
"24865",9.28829200498876,"NRI_P015",25
"24866",714.018442004992,"NRI_P015",50
"24867",3161.861652005,"NRI_P015",100
"24868",761.493952004996,"NRI_P015",25
"24869",581.356252004989,"NRI_P015",50
"24870",1313.045322005,"NRI_P015",100
"24871",281.445022004991,"NRI_P015",25
"24872",507.372322005001,"NRI_P015",50
"24873",381.117772004989,"NRI_P015",100
"24874",16.420102004995,"NRI_P015",25
"24875",-203.072177995011,"NRI_P015",50
"24876",2915.36335200499,"NRI_P015",100
"24877",504.731792004997,"NRI_P015",25
"24878",270.590722004999,"NRI_P015",50
"24879",990.747612004998,"NRI_P015",100
"24880",-82.9580079950101,"NRI_P015",25
"24881",129.131152004993,"NRI_P015",50
"24882",2057.68427200499,"NRI_P015",100
"24883",-183.85935799501,"NRI_P015",25
"24884",42.5405220050015,"NRI_P015",50
"24885",190.652312004997,"NRI_P015",100
"24886",363.997642004993,"NRI_P015",25
"24887",478.909042004991,"NRI_P015",50
"24888",1199.106922005,"NRI_P015",100
"24889",148.009072004992,"NRI_P015",25
"24890",1046.501992005,"NRI_P015",50
"24891",96.6272420049936,"NRI_P015",100
"24892",264.955462004989,"NRI_P015",25
"24893",1428.40385200499,"NRI_P015",50
"24894",2.70933200498985,"NRI_P015",100
"24895",290.175042004994,"NRI_P015",25
"24896",928.735572004996,"NRI_P015",50
"24897",2143.601592005,"NRI_P015",100
"24898",430.749642005001,"NRI_P015",25
"24899",217.797432004998,"NRI_P015",50
"24900",482.093262005001,"NRI_P015",100
"24901",-0.00252820801688358,"NRI_P016",25
"24902",-724.537828208006,"NRI_P016",50
"24903",-1036.30555820797,"NRI_P016",100
"24904",-0.00252820801688358,"NRI_P016",25
"24905",-536.690628207987,"NRI_P016",50
"24906",-1018.74515820801,"NRI_P016",100
"24907",-0.00252820801688358,"NRI_P016",25
"24908",-259.308028207975,"NRI_P016",50
"24909",623.814701792027,"NRI_P016",100
"24910",-0.00252820801688358,"NRI_P016",25
"24911",-320.556728207972,"NRI_P016",50
"24912",1162.79062179202,"NRI_P016",100
"24913",-0.00252820801688358,"NRI_P016",25
"24914",-596.985508207988,"NRI_P016",50
"24915",-1014.803628208,"NRI_P016",100
"24916",-0.00252820801688358,"NRI_P016",25
"24917",-531.229028208007,"NRI_P016",50
"24918",-1363.53083820798,"NRI_P016",100
"24919",-0.00252820801688358,"NRI_P016",25
"24920",-757.910698207968,"NRI_P016",50
"24921",-1358.40277820796,"NRI_P016",100
"24922",-0.00252820801688358,"NRI_P016",25
"24923",2033.20087179198,"NRI_P016",50
"24924",-849.506728207984,"NRI_P016",100
"24925",-0.00252820801688358,"NRI_P016",25
"24926",-776.192378207983,"NRI_P016",50
"24927",2952.16789179202,"NRI_P016",100
"24928",-0.00252820801688358,"NRI_P016",25
"24929",-711.760528207989,"NRI_P016",50
"24930",6482.36587179202,"NRI_P016",100
"24931",-0.00252820801688358,"NRI_P016",25
"24932",-635.564928208012,"NRI_P016",50
"24933",-1173.37629820796,"NRI_P016",100
"24934",-0.00252820801688358,"NRI_P016",25
"24935",-469.511628207983,"NRI_P016",50
"24936",7890.85587179201,"NRI_P016",100
"24937",-0.00252820801688358,"NRI_P016",25
"24938",1161.398471792,"NRI_P016",50
"24939",243.600381791999,"NRI_P016",100
"24940",-0.00252820801688358,"NRI_P016",25
"24941",-668.620728207985,"NRI_P016",50
"24942",-1039.55405820801,"NRI_P016",100
"24943",-0.00252820801688358,"NRI_P016",25
"24944",-34.0895282080164,"NRI_P016",50
"24945",1090.30077179201,"NRI_P016",100
"24946",-0.00252820801688358,"NRI_P016",25
"24947",-508.049528207979,"NRI_P016",50
"24948",-1184.24937820801,"NRI_P016",100
"24949",-0.00252820801688358,"NRI_P016",25
"24950",-617.183998207969,"NRI_P016",50
"24951",944.871271791984,"NRI_P016",100
"24952",-0.00252820801688358,"NRI_P016",25
"24953",-517.839628207963,"NRI_P016",50
"24954",-1405.46099820797,"NRI_P016",100
"24955",-0.00252820801688358,"NRI_P016",25
"24956",-210.578028207994,"NRI_P016",50
"24957",1593.44343179202,"NRI_P016",100
"24958",-0.00252820801688358,"NRI_P016",25
"24959",-620.993528207997,"NRI_P016",50
"24960",8628.72687179199,"NRI_P016",100
"24961",-0.00252820801688358,"NRI_P016",25
"24962",-588.606138208008,"NRI_P016",50
"24963",-1002.96200820798,"NRI_P016",100
"24964",-0.00252820801688358,"NRI_P016",25
"24965",-721.006428207969,"NRI_P016",50
"24966",-1354.65553820797,"NRI_P016",100
"24967",-0.00252820801688358,"NRI_P016",25
"24968",-755.889008208003,"NRI_P016",50
"24969",-1256.03304820799,"NRI_P016",100
"24970",-0.00252820801688358,"NRI_P016",25
"24971",-778.713298207964,"NRI_P016",50
"24972",170.602371792018,"NRI_P016",100
"24973",-0.00252820801688358,"NRI_P016",25
"24974",-598.497448207985,"NRI_P016",50
"24975",6600.318871792,"NRI_P016",100
"24976",-0.00252820801688358,"NRI_P016",25
"24977",-696.670628207969,"NRI_P016",50
"24978",-585.263698207971,"NRI_P016",100
"24979",-0.00252820801688358,"NRI_P016",25
"24980",-583.404968207993,"NRI_P016",50
"24981",-1181.862688208,"NRI_P016",100
"24982",-0.00252820801688358,"NRI_P016",25
"24983",-693.09082820802,"NRI_P016",50
"24984",-550.537828208006,"NRI_P016",100
"24985",-0.00252820801688358,"NRI_P016",25
"24986",-772.255948207981,"NRI_P016",50
"24987",-988.589828207972,"NRI_P016",100
"24988",-0.00252820801688358,"NRI_P016",25
"24989",-608.198018207971,"NRI_P016",50
"24990",3891.22451179201,"NRI_P016",100
"24991",-0.00252820801688358,"NRI_P016",25
"24992",-170.287028207968,"NRI_P016",50
"24993",1223.35137179203,"NRI_P016",100
"24994",-0.00252820801688358,"NRI_P016",25
"24995",-327.348028208013,"NRI_P016",50
"24996",6025.28987179202,"NRI_P016",100
"24997",-0.00252820801688358,"NRI_P016",25
"24998",-223.19232820801,"NRI_P016",50
"24999",-1047.56442820799,"NRI_P016",100
"25000",-0.00252820801688358,"NRI_P016",25
"25001",4472.50787179201,"NRI_P016",50
"25002",-1075.18049820798,"NRI_P016",100
"25003",-0.00252820801688358,"NRI_P016",25
"25004",-777.530288207985,"NRI_P016",50
"25005",-1386.62257820799,"NRI_P016",100
"25006",-0.00252820801688358,"NRI_P016",25
"25007",-598.017918207974,"NRI_P016",50
"25008",-1036.69562820799,"NRI_P016",100
"25009",-0.00252820801688358,"NRI_P016",25
"25010",-667.906228207983,"NRI_P016",50
"25011",-1127.716888208,"NRI_P016",100
"25012",-0.00252820801688358,"NRI_P016",25
"25013",1440.45287179202,"NRI_P016",50
"25014",2268.58637179201,"NRI_P016",100
"25015",-0.00252820801688358,"NRI_P016",25
"25016",-468.591828208009,"NRI_P016",50
"25017",-517.280668207968,"NRI_P016",100
"25018",-0.00252820801688358,"NRI_P016",25
"25019",-771.592328207975,"NRI_P016",50
"25020",-525.040928207978,"NRI_P016",100
"25021",-0.00252820801688358,"NRI_P016",25
"25022",1395.86687179201,"NRI_P016",50
"25023",-1157.18452820799,"NRI_P016",100
"25024",-0.00252820801688358,"NRI_P016",25
"25025",905.75987179199,"NRI_P016",50
"25026",-1212.17406820797,"NRI_P016",100
"25027",-0.00252820801688358,"NRI_P016",25
"25028",-108.184128207969,"NRI_P016",50
"25029",-914.698028207989,"NRI_P016",100
"25030",-0.00252820801688358,"NRI_P016",25
"25031",1130.60287179198,"NRI_P016",50
"25032",-1260.260178208,"NRI_P016",100
"25033",-0.00252820801688358,"NRI_P016",25
"25034",-530.148128208006,"NRI_P016",50
"25035",-1300.86859820801,"NRI_P016",100
"25036",-0.00252820801688358,"NRI_P016",25
"25037",-501.599528207968,"NRI_P016",50
"25038",-1063.35041820799,"NRI_P016",100
"25039",-0.00252820801688358,"NRI_P016",25
"25040",-548.765828208008,"NRI_P016",50
"25041",-148.279128208,"NRI_P016",100
"25042",-0.00252820801688358,"NRI_P016",25
"25043",-556.707128208014,"NRI_P016",50
"25044",18685.602981792,"NRI_P016",100
"25045",-0.00252820801688358,"NRI_P016",25
"25046",-736.01045820798,"NRI_P016",50
"25047",-1392.59139820799,"NRI_P016",100
"25048",-0.00252820801688358,"NRI_P016",25
"25049",-779.672368208005,"NRI_P016",50
"25050",-1280.43914820801,"NRI_P016",100
"25051",-0.00252820801688358,"NRI_P016",25
"25052",-782.13141820801,"NRI_P016",50
"25053",-1090.489828208,"NRI_P016",100
"25054",-0.00252820801688358,"NRI_P016",25
"25055",-786.719098208006,"NRI_P016",50
"25056",-1052.75882820797,"NRI_P016",100
"25057",-0.00252820801688358,"NRI_P016",25
"25058",-705.988328207983,"NRI_P016",50
"25059",-846.145218207967,"NRI_P016",100
"25060",-0.00252820801688358,"NRI_P016",25
"25061",-586.826778207964,"NRI_P016",50
"25062",-1309.15102820797,"NRI_P016",100
"25063",-0.00252820801688358,"NRI_P016",25
"25064",1657.14787179203,"NRI_P016",50
"25065",1806.20957179199,"NRI_P016",100
"25066",-0.00252820801688358,"NRI_P016",25
"25067",-753.550298207963,"NRI_P016",50
"25068",-978.610388208006,"NRI_P016",100
"25069",-0.00252820801688358,"NRI_P016",25
"25070",-424.388528208015,"NRI_P016",50
"25071",-523.237828208017,"NRI_P016",100
"25072",-0.00252820801688358,"NRI_P016",25
"25073",-735.444778207981,"NRI_P016",50
"25074",614.102571792027,"NRI_P016",100
"25075",-0.00252820801688358,"NRI_P016",25
"25076",-593.511258208018,"NRI_P016",50
"25077",1129.61619179201,"NRI_P016",100
"25078",-0.00252820801688358,"NRI_P016",25
"25079",-494.869628207991,"NRI_P016",50
"25080",9.72717179200845,"NRI_P016",100
"25081",-0.00252820801688358,"NRI_P016",25
"25082",-614.437058207986,"NRI_P016",50
"25083",-1297.29449820798,"NRI_P016",100
"25084",-0.00252820801688358,"NRI_P016",25
"25085",-631.421828207967,"NRI_P016",50
"25086",-1221.02878820797,"NRI_P016",100
"25087",-0.00252820801688358,"NRI_P016",25
"25088",-280.587928207999,"NRI_P016",50
"25089",-1095.94983820798,"NRI_P016",100
"25090",-0.00252820801688358,"NRI_P016",25
"25091",-424.863328207983,"NRI_P016",50
"25092",4042.024771792,"NRI_P016",100
"25093",-0.00252820801688358,"NRI_P016",25
"25094",1354.46187179198,"NRI_P016",50
"25095",-847.729188208003,"NRI_P016",100
"25096",-0.00252820801688358,"NRI_P016",25
"25097",-705.988328207983,"NRI_P016",50
"25098",-448.356728208018,"NRI_P016",100
"25099",-0.00252820801688358,"NRI_P016",25
"25100",-591.407208207995,"NRI_P016",50
"25101",5533.41017179203,"NRI_P016",100
"25102",-0.00252820801688358,"NRI_P016",25
"25103",-500.384628208005,"NRI_P016",50
"25104",-1173.49156820797,"NRI_P016",100
"25105",-0.00252820801688358,"NRI_P016",25
"25106",-728.952628207975,"NRI_P016",50
"25107",-177.284258208005,"NRI_P016",100
"25108",-0.00252820801688358,"NRI_P016",25
"25109",-771.534048207977,"NRI_P016",50
"25110",5408.97927179199,"NRI_P016",100
"25111",-0.00252820801688358,"NRI_P016",25
"25112",-529.503728208016,"NRI_P016",50
"25113",-774.202798207989,"NRI_P016",100
"25114",-0.00252820801688358,"NRI_P016",25
"25115",1736.49687179201,"NRI_P016",50
"25116",-1324.73160820798,"NRI_P016",100
"25117",-0.00252820801688358,"NRI_P016",25
"25118",-787.646148208005,"NRI_P016",50
"25119",4828.878191792,"NRI_P016",100
"25120",-0.00252820801688358,"NRI_P016",25
"25121",-686.184628207993,"NRI_P016",50
"25122",-1393.63774820801,"NRI_P016",100
"25123",-0.00252820801688358,"NRI_P016",25
"25124",2916.04347179201,"NRI_P016",50
"25125",-803.408998208004,"NRI_P016",100
"25126",-0.00252820801688358,"NRI_P016",25
"25127",-776.391468207992,"NRI_P016",50
"25128",-1349.94800820801,"NRI_P016",100
"25129",-0.00252820801688358,"NRI_P016",25
"25130",-594.510338207998,"NRI_P016",50
"25131",-1375.23698820797,"NRI_P016",100
"25132",-0.00252820801688358,"NRI_P016",25
"25133",-597.862198207993,"NRI_P016",50
"25134",-1220.60112820799,"NRI_P016",100
"25135",-0.00252820801688358,"NRI_P016",25
"25136",-756.415958207974,"NRI_P016",50
"25137",-332.214128207997,"NRI_P016",100
"25138",-0.00252820801688358,"NRI_P016",25
"25139",-571.328408207977,"NRI_P016",50
"25140",-1383.03537820798,"NRI_P016",100
"25141",-0.00252820801688358,"NRI_P016",25
"25142",2.74957179202465,"NRI_P016",50
"25143",-1280.41760820796,"NRI_P016",100
"25144",-0.00252820801688358,"NRI_P016",25
"25145",839.421871792001,"NRI_P016",50
"25146",-1161.94615820801,"NRI_P016",100
"25147",-0.00252820801688358,"NRI_P016",25
"25148",903.113471792021,"NRI_P016",50
"25149",9438.16617179202,"NRI_P016",100
"25150",-0.00252820801688358,"NRI_P016",25
"25151",-586.244098207972,"NRI_P016",50
"25152",9323.480511792,"NRI_P016",100
"25153",-0.00252820801688358,"NRI_P016",25
"25154",-686.184628207993,"NRI_P016",50
"25155",-1139.29180820799,"NRI_P016",100
"25156",-0.00252820801688358,"NRI_P016",25
"25157",5949.557871792,"NRI_P016",50
"25158",-1378.208388208,"NRI_P016",100
"25159",-0.00252820801688358,"NRI_P016",25
"25160",-259.308028207975,"NRI_P016",50
"25161",-1286.59349820798,"NRI_P016",100
"25162",-0.00252820801688358,"NRI_P016",25
"25163",-720.556228208006,"NRI_P016",50
"25164",1759.38477179199,"NRI_P016",100
"25165",-0.00252820801688358,"NRI_P016",25
"25166",-187.561328208016,"NRI_P016",50
"25167",-881.949128207983,"NRI_P016",100
"25168",-0.00252820801688358,"NRI_P016",25
"25169",-170.878328207997,"NRI_P016",50
"25170",-932.644428208005,"NRI_P016",100
"25171",-0.00252820801688358,"NRI_P016",25
"25172",-705.988328207983,"NRI_P016",50
"25173",-752.186528207967,"NRI_P016",100
"25174",-0.00252820801688358,"NRI_P016",25
"25175",-492.975328208006,"NRI_P016",50
"25176",-1194.906528208,"NRI_P016",100
"25177",-0.00252820801688358,"NRI_P016",25
"25178",-673.435928207997,"NRI_P016",50
"25179",-402.460028207977,"NRI_P016",100
"25180",-0.00252820801688358,"NRI_P016",25
"25181",2962.19187179202,"NRI_P016",50
"25182",561.790871792007,"NRI_P016",100
"25183",-0.00252820801688358,"NRI_P016",25
"25184",-555.916028207983,"NRI_P016",50
"25185",1205.543171792,"NRI_P016",100
"25186",-0.00252820801688358,"NRI_P016",25
"25187",-644.497228207998,"NRI_P016",50
"25188",-1110.434988208,"NRI_P016",100
"25189",-0.00252820801688358,"NRI_P016",25
"25190",-748.266568207997,"NRI_P016",50
"25191",631.473481792025,"NRI_P016",100
"25192",-0.00252820801688358,"NRI_P016",25
"25193",27.4232717920095,"NRI_P016",50
"25194",-1360.58661820798,"NRI_P016",100
"25195",-0.00252820801688358,"NRI_P016",25
"25196",-775.983158207964,"NRI_P016",50
"25197",-1130.37215820799,"NRI_P016",100
"25198",-0.00252820801688358,"NRI_P016",25
"25199",-3.63442820799537,"NRI_P016",50
"25200",-1202.87082820799,"NRI_P016",100
"25201",-2045.51036136399,"NRI_P017",25
"25202",336.188008636003,"NRI_P017",50
"25203",15799.160298636,"NRI_P017",100
"25204",-12990.605881364,"NRI_P017",25
"25205",-14553.986381364,"NRI_P017",50
"25206",-10087.821431364,"NRI_P017",100
"25207",4262.80802863598,"NRI_P017",25
"25208",-17063.469851364,"NRI_P017",50
"25209",-16492.782791364,"NRI_P017",100
"25210",-2098.04704136401,"NRI_P017",25
"25211",-14178.310041364,"NRI_P017",50
"25212",-20043.076361364,"NRI_P017",100
"25213",1556.95817863598,"NRI_P017",25
"25214",-15472.544371364,"NRI_P017",50
"25215",-15745.140661364,"NRI_P017",100
"25216",-526.505531364004,"NRI_P017",25
"25217",-2486.495471364,"NRI_P017",50
"25218",-5590.27398136398,"NRI_P017",100
"25219",-1302.13032136398,"NRI_P017",25
"25220",23311.923318636,"NRI_P017",50
"25221",-15628.802381364,"NRI_P017",100
"25222",47842.779348636,"NRI_P017",25
"25223",3628.351718636,"NRI_P017",50
"25224",-15503.940061364,"NRI_P017",100
"25225",-17034.453191364,"NRI_P017",25
"25226",-3903.624491364,"NRI_P017",50
"25227",-18296.998501364,"NRI_P017",100
"25228",-1023.49984136398,"NRI_P017",25
"25229",-1088.22422136401,"NRI_P017",50
"25230",-18054.633351364,"NRI_P017",100
"25231",-395.851911364007,"NRI_P017",25
"25232",162.962648636021,"NRI_P017",50
"25233",-15649.998321364,"NRI_P017",100
"25234",-872.052621364011,"NRI_P017",25
"25235",-13401.661841364,"NRI_P017",50
"25236",-14959.308571364,"NRI_P017",100
"25237",-403.656201364007,"NRI_P017",25
"25238",29819.723168636,"NRI_P017",50
"25239",93.9805586360162,"NRI_P017",100
"25240",-4728.45859136397,"NRI_P017",25
"25241",-16188.016451364,"NRI_P017",50
"25242",-2060.38764136401,"NRI_P017",100
"25243",-1302.14226136397,"NRI_P017",25
"25244",-18649.389891364,"NRI_P017",50
"25245",-9931.90749136399,"NRI_P017",100
"25246",-10376.107341364,"NRI_P017",25
"25247",-102.628761363972,"NRI_P017",50
"25248",-18796.642631364,"NRI_P017",100
"25249",-486.489041363995,"NRI_P017",25
"25250",816.50548863603,"NRI_P017",50
"25251",-19971.860121364,"NRI_P017",100
"25252",-3281.13303136401,"NRI_P017",25
"25253",1904.95251863601,"NRI_P017",50
"25254",-8481.88816136401,"NRI_P017",100
"25255",-1112.180861364,"NRI_P017",25
"25256",-5037.47399136401,"NRI_P017",50
"25257",-17675.724231364,"NRI_P017",100
"25258",-2469.98952136398,"NRI_P017",25
"25259",-14257.846571364,"NRI_P017",50
"25260",3384.02722863603,"NRI_P017",100
"25261",8076.04322863603,"NRI_P017",25
"25262",-10169.829581364,"NRI_P017",50
"25263",-18981.605151364,"NRI_P017",100
"25264",-13603.621931364,"NRI_P017",25
"25265",-3838.31450136402,"NRI_P017",50
"25266",-14801.008621364,"NRI_P017",100
"25267",-17785.749331364,"NRI_P017",25
"25268",3680.89900863601,"NRI_P017",50
"25269",-16897.719221364,"NRI_P017",100
"25270",-396.987191363994,"NRI_P017",25
"25271",-381.152371364005,"NRI_P017",50
"25272",-13707.967261364,"NRI_P017",100
"25273",-41.8959613639745,"NRI_P017",25
"25274",5190.65689863602,"NRI_P017",50
"25275",-16954.823851364,"NRI_P017",100
"25276",11036.740018636,"NRI_P017",25
"25277",-15548.676601364,"NRI_P017",50
"25278",-18986.469751364,"NRI_P017",100
"25279",-10458.043971364,"NRI_P017",25
"25280",-12447.813461364,"NRI_P017",50
"25281",-14907.724301364,"NRI_P017",100
"25282",-2393.28637136403,"NRI_P017",25
"25283",44288.006348636,"NRI_P017",50
"25284",-14599.314731364,"NRI_P017",100
"25285",-3112.82793136401,"NRI_P017",25
"25286",-2414.71089136403,"NRI_P017",50
"25287",-7205.87295136397,"NRI_P017",100
"25288",23096.296708636,"NRI_P017",25
"25289",-2335.99281136401,"NRI_P017",50
"25290",-15378.282551364,"NRI_P017",100
"25291",-1617.68639136403,"NRI_P017",25
"25292",-14719.346841364,"NRI_P017",50
"25293",-21127.406741364,"NRI_P017",100
"25294",-13252.935761364,"NRI_P017",25
"25295",606.885558635986,"NRI_P017",50
"25296",-676.556701363996,"NRI_P017",100
"25297",854.501328636019,"NRI_P017",25
"25298",22394.072128636,"NRI_P017",50
"25299",-16129.040401364,"NRI_P017",100
"25300",916.224678636005,"NRI_P017",25
"25301",-19389.346401364,"NRI_P017",50
"25302",-7587.452571364,"NRI_P017",100
"25303",-3100.73008136399,"NRI_P017",25
"25304",-2977.837891364,"NRI_P017",50
"25305",3813.46745863598,"NRI_P017",100
"25306",49167.318908636,"NRI_P017",25
"25307",-5198.69138136401,"NRI_P017",50
"25308",-2012.52234136401,"NRI_P017",100
"25309",962.001148635987,"NRI_P017",25
"25310",-11207.709851364,"NRI_P017",50
"25311",10979.841958636,"NRI_P017",100
"25312",-2074.14625136397,"NRI_P017",25
"25313",-15626.030201364,"NRI_P017",50
"25314",-6104.917781364,"NRI_P017",100
"25315",-155.811141363985,"NRI_P017",25
"25316",-15995.842131364,"NRI_P017",50
"25317",19973.659408636,"NRI_P017",100
"25318",-317.898061364016,"NRI_P017",25
"25319",-12497.023831364,"NRI_P017",50
"25320",-2917.74451136397,"NRI_P017",100
"25321",-14726.059351364,"NRI_P017",25
"25322",5601.554538636,"NRI_P017",50
"25323",-16192.283321364,"NRI_P017",100
"25324",-1220.19045136397,"NRI_P017",25
"25325",-17446.255561364,"NRI_P017",50
"25326",5977.243758636,"NRI_P017",100
"25327",-869.406681363995,"NRI_P017",25
"25328",94.650948636001,"NRI_P017",50
"25329",-18574.134931364,"NRI_P017",100
"25330",-1393.388381364,"NRI_P017",25
"25331",22435.078278636,"NRI_P017",50
"25332",-11340.236961364,"NRI_P017",100
"25333",-15903.600691364,"NRI_P017",25
"25334",-314.641101363988,"NRI_P017",50
"25335",-10017.268271364,"NRI_P017",100
"25336",-14422.043481364,"NRI_P017",25
"25337",-15081.570941364,"NRI_P017",50
"25338",-6730.398021364,"NRI_P017",100
"25339",601.463018635986,"NRI_P017",25
"25340",488.479348635999,"NRI_P017",50
"25341",-19467.620441364,"NRI_P017",100
"25342",-924.133251363994,"NRI_P017",25
"25343",-11923.067951364,"NRI_P017",50
"25344",-14060.159331364,"NRI_P017",100
"25345",28.0038186360034,"NRI_P017",25
"25346",4572.44910863601,"NRI_P017",50
"25347",-13195.727871364,"NRI_P017",100
"25348",305.188508636027,"NRI_P017",25
"25349",-1419.89775136398,"NRI_P017",50
"25350",-16832.994081364,"NRI_P017",100
"25351",2864.84804863599,"NRI_P017",25
"25352",7822.30500863597,"NRI_P017",50
"25353",7742.52423863602,"NRI_P017",100
"25354",-2765.82149136398,"NRI_P017",25
"25355",1492.93560863601,"NRI_P017",50
"25356",-11484.385311364,"NRI_P017",100
"25357",11791.491928636,"NRI_P017",25
"25358",-2343.60415136401,"NRI_P017",50
"25359",-6917.10393136402,"NRI_P017",100
"25360",13312.783138636,"NRI_P017",25
"25361",1328.23934863601,"NRI_P017",50
"25362",-18777.422971364,"NRI_P017",100
"25363",-928.96702136402,"NRI_P017",25
"25364",-12374.002181364,"NRI_P017",50
"25365",-7232.82035136397,"NRI_P017",100
"25366",-1849.79290136398,"NRI_P017",25
"25367",-2381.840421364,"NRI_P017",50
"25368",-19484.541551364,"NRI_P017",100
"25369",-4016.27426136401,"NRI_P017",25
"25370",11108.670878636,"NRI_P017",50
"25371",-17278.863311364,"NRI_P017",100
"25372",767.504888636002,"NRI_P017",25
"25373",-2165.926351364,"NRI_P017",50
"25374",-12003.631511364,"NRI_P017",100
"25375",-4486.43464136397,"NRI_P017",25
"25376",-13182.195951364,"NRI_P017",50
"25377",-702.790301363973,"NRI_P017",100
"25378",-2292.57557136402,"NRI_P017",25
"25379",-3948.60540136398,"NRI_P017",50
"25380",18986.865418636,"NRI_P017",100
"25381",11243.740928636,"NRI_P017",25
"25382",2124.09108863602,"NRI_P017",50
"25383",-9860.00685136399,"NRI_P017",100
"25384",-479.887041363982,"NRI_P017",25
"25385",-11917.007411364,"NRI_P017",50
"25386",-16018.350041364,"NRI_P017",100
"25387",7899.18737863598,"NRI_P017",25
"25388",-13065.606581364,"NRI_P017",50
"25389",-19460.524911364,"NRI_P017",100
"25390",11594.535198636,"NRI_P017",25
"25391",4939.93259863602,"NRI_P017",50
"25392",-20978.017881364,"NRI_P017",100
"25393",1186.24678863602,"NRI_P017",25
"25394",-528.557061364001,"NRI_P017",50
"25395",-15919.971931364,"NRI_P017",100
"25396",-12936.363071364,"NRI_P017",25
"25397",6662.44472863601,"NRI_P017",50
"25398",49761.962948636,"NRI_P017",100
"25399",-2443.35880136403,"NRI_P017",25
"25400",-9548.91563136398,"NRI_P017",50
"25401",-16076.679881364,"NRI_P017",100
"25402",-13389.848441364,"NRI_P017",25
"25403",-15279.817761364,"NRI_P017",50
"25404",2060.07066863601,"NRI_P017",100
"25405",-1383.90644136397,"NRI_P017",25
"25406",-12702.793781364,"NRI_P017",50
"25407",-8917.14545136399,"NRI_P017",100
"25408",9859.07862863602,"NRI_P017",25
"25409",-13734.446611364,"NRI_P017",50
"25410",-3351.765491364,"NRI_P017",100
"25411",-2193.00200136402,"NRI_P017",25
"25412",-188.586201364,"NRI_P017",50
"25413",-19377.140701364,"NRI_P017",100
"25414",-17543.676291364,"NRI_P017",25
"25415",23811.360818636,"NRI_P017",50
"25416",-16332.434351364,"NRI_P017",100
"25417",-2133.68767136399,"NRI_P017",25
"25418",-15716.206551364,"NRI_P017",50
"25419",-934.051331364026,"NRI_P017",100
"25420",-2397.48878136399,"NRI_P017",25
"25421",-2346.64492136397,"NRI_P017",50
"25422",-18674.272791364,"NRI_P017",100
"25423",23735.868818636,"NRI_P017",25
"25424",-2679.83911136398,"NRI_P017",50
"25425",22952.270978636,"NRI_P017",100
"25426",-1288.16267136397,"NRI_P017",25
"25427",-960.923191363981,"NRI_P017",50
"25428",-10306.306191364,"NRI_P017",100
"25429",-16688.084191364,"NRI_P017",25
"25430",-3343.78971136402,"NRI_P017",50
"25431",-19359.275661364,"NRI_P017",100
"25432",5418.03183863603,"NRI_P017",25
"25433",-14431.771811364,"NRI_P017",50
"25434",-15740.734481364,"NRI_P017",100
"25435",-15740.564811364,"NRI_P017",25
"25436",-124.112451363995,"NRI_P017",50
"25437",-1577.764581364,"NRI_P017",100
"25438",-640.001791363989,"NRI_P017",25
"25439",936.654298636015,"NRI_P017",50
"25440",-13691.287231364,"NRI_P017",100
"25441",2067.67074863601,"NRI_P017",25
"25442",-13623.998031364,"NRI_P017",50
"25443",-14816.103081364,"NRI_P017",100
"25444",-69.4264313639724,"NRI_P017",25
"25445",-2410.13078136399,"NRI_P017",50
"25446",-19855.029001364,"NRI_P017",100
"25447",1851.01992863603,"NRI_P017",25
"25448",532.864188636013,"NRI_P017",50
"25449",-9840.06794136402,"NRI_P017",100
"25450",-11485.737531364,"NRI_P017",25
"25451",-5785.49918136402,"NRI_P017",50
"25452",-17718.095111364,"NRI_P017",100
"25453",1827.45965863601,"NRI_P017",25
"25454",-15123.448781364,"NRI_P017",50
"25455",-15334.812261364,"NRI_P017",100
"25456",-744.739891364006,"NRI_P017",25
"25457",-830.079741363996,"NRI_P017",50
"25458",-15690.420781364,"NRI_P017",100
"25459",-1998.10305136401,"NRI_P017",25
"25460",-3106.74025136401,"NRI_P017",50
"25461",-9557.82502136397,"NRI_P017",100
"25462",-9179.892471364,"NRI_P017",25
"25463",2473.792268636,"NRI_P017",50
"25464",-13280.287841364,"NRI_P017",100
"25465",-2572.721941364,"NRI_P017",25
"25466",24825.719898636,"NRI_P017",50
"25467",-9263.261111364,"NRI_P017",100
"25468",-18136.685271364,"NRI_P017",25
"25469",-4158.86313136399,"NRI_P017",50
"25470",8596.61017863598,"NRI_P017",100
"25471",7920.85552863602,"NRI_P017",25
"25472",3976.17064863601,"NRI_P017",50
"25473",-16741.932371364,"NRI_P017",100
"25474",-3097.055891364,"NRI_P017",25
"25475",-1630.42363136401,"NRI_P017",50
"25476",-1709.99746136402,"NRI_P017",100
"25477",895.054048635997,"NRI_P017",25
"25478",-1444.38695136399,"NRI_P017",50
"25479",-18718.842291364,"NRI_P017",100
"25480",4607.53215863602,"NRI_P017",25
"25481",-2526.93256136402,"NRI_P017",50
"25482",-18950.710571364,"NRI_P017",100
"25483",-14403.395791364,"NRI_P017",25
"25484",15681.380458636,"NRI_P017",50
"25485",-16109.059531364,"NRI_P017",100
"25486",-16791.454971364,"NRI_P017",25
"25487",-8294.531881364,"NRI_P017",50
"25488",-18044.606751364,"NRI_P017",100
"25489",-335.253391364007,"NRI_P017",25
"25490",-5224.44979136402,"NRI_P017",50
"25491",-20162.595871364,"NRI_P017",100
"25492",-424.861491364019,"NRI_P017",25
"25493",-8956.04651136399,"NRI_P017",50
"25494",-20156.294701364,"NRI_P017",100
"25495",-1599.10024136398,"NRI_P017",25
"25496",7277.40377863601,"NRI_P017",50
"25497",-16818.218461364,"NRI_P017",100
"25498",-16793.187721364,"NRI_P017",25
"25499",-1432.53332136403,"NRI_P017",50
"25500",-16860.791271364,"NRI_P017",100
"25501",-682.704313720984,"NRI_P018",25
"25502",1199.87318627903,"NRI_P018",50
"25503",-2119.22266372101,"NRI_P018",100
"25504",-1406.62391372101,"NRI_P018",25
"25505",-1461.60191372101,"NRI_P018",50
"25506",-1427.17224372097,"NRI_P018",100
"25507",3284.20808627899,"NRI_P018",25
"25508",-569.957713720971,"NRI_P018",50
"25509",2852.88463627902,"NRI_P018",100
"25510",-70.9850237210048,"NRI_P018",25
"25511",48.4383862789837,"NRI_P018",50
"25512",483.321606279002,"NRI_P018",100
"25513",-1542.69251372101,"NRI_P018",25
"25514",59.9546862790012,"NRI_P018",50
"25515",4225.98105627904,"NRI_P018",100
"25516",-79.2801137209754,"NRI_P018",25
"25517",-31.7543137209723,"NRI_P018",50
"25518",2263.40298627899,"NRI_P018",100
"25519",-155.907013721007,"NRI_P018",25
"25520",10137.840386279,"NRI_P018",50
"25521",-1883.47367372102,"NRI_P018",100
"25522",3958.37828627898,"NRI_P018",25
"25523",-705.592443720961,"NRI_P018",50
"25524",1265.45886627899,"NRI_P018",100
"25525",-73.8159137209877,"NRI_P018",25
"25526",-1662.10351372097,"NRI_P018",50
"25527",815.246016279038,"NRI_P018",100
"25528",577.568186279037,"NRI_P018",25
"25529",980.647886279039,"NRI_P018",50
"25530",-2272.30741372099,"NRI_P018",100
"25531",-1610.65221372101,"NRI_P018",25
"25532",130.815926279,"NRI_P018",50
"25533",-1684.987453721,"NRI_P018",100
"25534",-215.676713721012,"NRI_P018",25
"25535",-2192.36371372099,"NRI_P018",50
"25536",-2616.928103721,"NRI_P018",100
"25537",-217.978913720988,"NRI_P018",25
"25538",-1231.79521372099,"NRI_P018",50
"25539",-1289.62111372099,"NRI_P018",100
"25540",-1284.64061372099,"NRI_P018",25
"25541",-671.180213721003,"NRI_P018",50
"25542",-80.588463720982,"NRI_P018",100
"25543",-1474.39241372101,"NRI_P018",25
"25544",-238.850913720962,"NRI_P018",50
"25545",-265.814453720988,"NRI_P018",100
"25546",392.85948627902,"NRI_P018",25
"25547",6523.96520627901,"NRI_P018",50
"25548",250.043376279005,"NRI_P018",100
"25549",-1380.737813721,"NRI_P018",25
"25550",-1786.29775372101,"NRI_P018",50
"25551",-2197.27609372098,"NRI_P018",100
"25552",2577.94208627898,"NRI_P018",25
"25553",1735.06038627902,"NRI_P018",50
"25554",6107.32301627903,"NRI_P018",100
"25555",-18.3917137209792,"NRI_P018",25
"25556",-67.3410137210158,"NRI_P018",50
"25557",-1649.12195372098,"NRI_P018",100
"25558",-678.663613720972,"NRI_P018",25
"25559",-163.342693721002,"NRI_P018",50
"25560",-1889.131213721,"NRI_P018",100
"25561",-651.177113720973,"NRI_P018",25
"25562",-544.378913721011,"NRI_P018",50
"25563",-2273.62122372101,"NRI_P018",100
"25564",-1376.322213721,"NRI_P018",25
"25565",933.464386278996,"NRI_P018",50
"25566",3045.00465627899,"NRI_P018",100
"25567",66.9788862789865,"NRI_P018",25
"25568",-1626.53381372098,"NRI_P018",50
"25569",11626.370796279,"NRI_P018",100
"25570",432.53208627901,"NRI_P018",25
"25571",-1310.64161372097,"NRI_P018",50
"25572",-2542.700073721,"NRI_P018",100
"25573",3.02688627899624,"NRI_P018",25
"25574",-1892.429013721,"NRI_P018",50
"25575",-1742.59605372098,"NRI_P018",100
"25576",-747.779763720988,"NRI_P018",25
"25577",-117.368143721018,"NRI_P018",50
"25578",-1048.276133721,"NRI_P018",100
"25579",-70.9850237210048,"NRI_P018",25
"25580",1337.80756627902,"NRI_P018",50
"25581",-2323.832373721,"NRI_P018",100
"25582",189.876186278998,"NRI_P018",25
"25583",-845.124323720986,"NRI_P018",50
"25584",1501.52780627902,"NRI_P018",100
"25585",-44.5782137209899,"NRI_P018",25
"25586",1323.34608627902,"NRI_P018",50
"25587",1092.44576627901,"NRI_P018",100
"25588",-46.1229137210175,"NRI_P018",25
"25589",583.732286279032,"NRI_P018",50
"25590",-840.730193721014,"NRI_P018",100
"25591",-574.082513720961,"NRI_P018",25
"25592",-664.190213721013,"NRI_P018",50
"25593",3157.83723627898,"NRI_P018",100
"25594",-861.292613720987,"NRI_P018",25
"25595",7832.96218627901,"NRI_P018",50
"25596",-2444.73222372099,"NRI_P018",100
"25597",-596.893313720997,"NRI_P018",25
"25598",874.409666278982,"NRI_P018",50
"25599",2385.67157627898,"NRI_P018",100
"25600",-100.551713721012,"NRI_P018",25
"25601",-40.4958337210119,"NRI_P018",50
"25602",8959.85558627901,"NRI_P018",100
"25603",-18.3917137209792,"NRI_P018",25
"25604",1622.33658627904,"NRI_P018",50
"25605",87.8580862790113,"NRI_P018",100
"25606",530.143686279014,"NRI_P018",25
"25607",-804.068313720985,"NRI_P018",50
"25608",9071.07338627899,"NRI_P018",100
"25609",-442.458613721014,"NRI_P018",25
"25610",-447.630233720993,"NRI_P018",50
"25611",-277.474913720973,"NRI_P018",100
"25612",146.189486279036,"NRI_P018",25
"25613",-2293.31652372098,"NRI_P018",50
"25614",-2334.407303721,"NRI_P018",100
"25615",-742.620143720997,"NRI_P018",25
"25616",-2184.88141372101,"NRI_P018",50
"25617",3911.24156627903,"NRI_P018",100
"25618",-1659.83721372101,"NRI_P018",25
"25619",409.759586278989,"NRI_P018",50
"25620",-1977.24068372097,"NRI_P018",100
"25621",201.190886278986,"NRI_P018",25
"25622",-1834.56244372099,"NRI_P018",50
"25623",9003.87635627901,"NRI_P018",100
"25624",-1637.85851372097,"NRI_P018",25
"25625",12589.026686279,"NRI_P018",50
"25626",-438.444143720961,"NRI_P018",100
"25627",54.5559862789814,"NRI_P018",25
"25628",-447.373193720996,"NRI_P018",50
"25629",7435.02248627902,"NRI_P018",100
"25630",1596.35608627903,"NRI_P018",25
"25631",1698.16708627902,"NRI_P018",50
"25632",-1897.47450372099,"NRI_P018",100
"25633",-708.614183721016,"NRI_P018",25
"25634",-1153.87191372097,"NRI_P018",50
"25635",2514.92957627901,"NRI_P018",100
"25636",-1380.737813721,"NRI_P018",25
"25637",-1580.07521372096,"NRI_P018",50
"25638",-1891.66595372098,"NRI_P018",100
"25639",-741.279573720996,"NRI_P018",25
"25640",-1589.878453721,"NRI_P018",50
"25641",5807.16718627902,"NRI_P018",100
"25642",584.118986279005,"NRI_P018",25
"25643",42.1063162790379,"NRI_P018",50
"25644",-1023.84186372097,"NRI_P018",100
"25645",314.577786279027,"NRI_P018",25
"25646",730.404286278994,"NRI_P018",50
"25647",239.380556279037,"NRI_P018",100
"25648",528.064586278982,"NRI_P018",25
"25649",545.273636278987,"NRI_P018",50
"25650",-1200.85086372099,"NRI_P018",100
"25651",-221.747713721008,"NRI_P018",25
"25652",691.34968627902,"NRI_P018",50
"25653",-2698.09593372099,"NRI_P018",100
"25654",-56.7835737210116,"NRI_P018",25
"25655",-2412.635753721,"NRI_P018",50
"25656",-2238.52002372098,"NRI_P018",100
"25657",-289.759463721013,"NRI_P018",25
"25658",4934.29218627902,"NRI_P018",50
"25659",-1832.43443372101,"NRI_P018",100
"25660",-1637.85851372097,"NRI_P018",25
"25661",-900.657093720976,"NRI_P018",50
"25662",7461.91835627903,"NRI_P018",100
"25663",2691.257286279,"NRI_P018",25
"25664",2317.89438627899,"NRI_P018",50
"25665",-658.232303721015,"NRI_P018",100
"25666",-665.354113720998,"NRI_P018",25
"25667",-150.630673720967,"NRI_P018",50
"25668",1145.04574627901,"NRI_P018",100
"25669",-84.9667137209908,"NRI_P018",25
"25670",-765.028183721006,"NRI_P018",50
"25671",2727.70466627902,"NRI_P018",100
"25672",-71.313603720977,"NRI_P018",25
"25673",-707.698123720998,"NRI_P018",50
"25674",-2713.042553721,"NRI_P018",100
"25675",695.201086279005,"NRI_P018",25
"25676",-1097.77083372098,"NRI_P018",50
"25677",-2035.40645372099,"NRI_P018",100
"25678",-557.001513721014,"NRI_P018",25
"25679",-823.847563721007,"NRI_P018",50
"25680",4122.75708627899,"NRI_P018",100
"25681",-282.783563720994,"NRI_P018",25
"25682",1603.68338627904,"NRI_P018",50
"25683",-2510.40482372098,"NRI_P018",100
"25684",-172.781313720974,"NRI_P018",25
"25685",-1596.79121372098,"NRI_P018",50
"25686",-1937.26516372099,"NRI_P018",100
"25687",-307.816243720998,"NRI_P018",25
"25688",-688.409763720992,"NRI_P018",50
"25689",-105.856513720995,"NRI_P018",100
"25690",3333.946086279,"NRI_P018",25
"25691",-1990.981613721,"NRI_P018",50
"25692",-2177.400973721,"NRI_P018",100
"25693",2480.136086279,"NRI_P018",25
"25694",-1775.10913372098,"NRI_P018",50
"25695",6765.58593627904,"NRI_P018",100
"25696",-489.669613720966,"NRI_P018",25
"25697",-586.00101372099,"NRI_P018",50
"25698",4825.800286279,"NRI_P018",100
"25699",38.9085862790234,"NRI_P018",25
"25700",1161.02618627902,"NRI_P018",50
"25701",-2138.177873721,"NRI_P018",100
"25702",-206.225613721006,"NRI_P018",25
"25703",2337.52958627901,"NRI_P018",50
"25704",-446.341283720976,"NRI_P018",100
"25705",-1709.93581372098,"NRI_P018",25
"25706",-671.764773720992,"NRI_P018",50
"25707",-2680.056413721,"NRI_P018",100
"25708",-1703.69909372099,"NRI_P018",25
"25709",99.2562462789938,"NRI_P018",50
"25710",-468.608733720961,"NRI_P018",100
"25711",-69.7853337209672,"NRI_P018",25
"25712",-1892.21421372099,"NRI_P018",50
"25713",6108.89405627904,"NRI_P018",100
"25714",-150.076513720967,"NRI_P018",25
"25715",-873.95321372099,"NRI_P018",50
"25716",2076.44431627903,"NRI_P018",100
"25717",-39.3589137209929,"NRI_P018",25
"25718",-1180.91920372099,"NRI_P018",50
"25719",-1141.57817372098,"NRI_P018",100
"25720",-82.9053137209849,"NRI_P018",25
"25721",-926.278323720966,"NRI_P018",50
"25722",-151.056313720997,"NRI_P018",100
"25723",8843.344286279,"NRI_P018",25
"25724",-1558.41769372101,"NRI_P018",50
"25725",8363.338286279,"NRI_P018",100
"25726",55.2141862789867,"NRI_P018",25
"25727",-273.673833720968,"NRI_P018",50
"25728",-873.095723720966,"NRI_P018",100
"25729",-715.279973721015,"NRI_P018",25
"25730",395.482366279,"NRI_P018",50
"25731",-2454.99181372102,"NRI_P018",100
"25732",-47.9435937209637,"NRI_P018",25
"25733",140.928236278996,"NRI_P018",50
"25734",3656.37687627901,"NRI_P018",100
"25735",-239.897413721017,"NRI_P018",25
"25736",-447.697043720982,"NRI_P018",50
"25737",3332.62572627899,"NRI_P018",100
"25738",17.8841862790287,"NRI_P018",25
"25739",-20.1888837210136,"NRI_P018",50
"25740",963.983676279022,"NRI_P018",100
"25741",48.1858862789813,"NRI_P018",25
"25742",-503.948513720999,"NRI_P018",50
"25743",-1293.797713721,"NRI_P018",100
"25744",-10.5805137209827,"NRI_P018",25
"25745",427.543986278994,"NRI_P018",50
"25746",-1911.97805372102,"NRI_P018",100
"25747",-211.163713720976,"NRI_P018",25
"25748",-1753.07567372097,"NRI_P018",50
"25749",-2598.61011372099,"NRI_P018",100
"25750",-24.2079137209803,"NRI_P018",25
"25751",-1710.98153372097,"NRI_P018",50
"25752",-1585.94287372101,"NRI_P018",100
"25753",2330.00108627899,"NRI_P018",25
"25754",-1836.74903372099,"NRI_P018",50
"25755",-2142.76700372098,"NRI_P018",100
"25756",30.6972862789989,"NRI_P018",25
"25757",125.96647627902,"NRI_P018",50
"25758",-2285.15581372101,"NRI_P018",100
"25759",-18.0085137209971,"NRI_P018",25
"25760",2603.27248627902,"NRI_P018",50
"25761",451.564266278991,"NRI_P018",100
"25762",-296.565143721004,"NRI_P018",25
"25763",-1375.22711372096,"NRI_P018",50
"25764",3352.776986279,"NRI_P018",100
"25765",-693.117113720975,"NRI_P018",25
"25766",-1681.16653372097,"NRI_P018",50
"25767",-2549.72190372099,"NRI_P018",100
"25768",-1562.61191372102,"NRI_P018",25
"25769",-474.758513720997,"NRI_P018",50
"25770",-2181.92991372099,"NRI_P018",100
"25771",-687.159413721005,"NRI_P018",25
"25772",-154.581203720998,"NRI_P018",50
"25773",-2078.62104372098,"NRI_P018",100
"25774",-1702.294013721,"NRI_P018",25
"25775",-724.556823720981,"NRI_P018",50
"25776",-646.860213720996,"NRI_P018",100
"25777",-693.913213721011,"NRI_P018",25
"25778",-1560.552613721,"NRI_P018",50
"25779",-1756.15791372099,"NRI_P018",100
"25780",-117.075983721006,"NRI_P018",25
"25781",4452.14738627902,"NRI_P018",50
"25782",-2133.00881372101,"NRI_P018",100
"25783",-123.20572372101,"NRI_P018",25
"25784",-779.034313721,"NRI_P018",50
"25785",-2233.24111372099,"NRI_P018",100
"25786",-42.7181137209991,"NRI_P018",25
"25787",-736.13581372099,"NRI_P018",50
"25788",-1768.08049372101,"NRI_P018",100
"25789",-1613.24931372097,"NRI_P018",25
"25790",-1765.901073721,"NRI_P018",50
"25791",1894.33056627901,"NRI_P018",100
"25792",43.8623862789827,"NRI_P018",25
"25793",-570.661613720993,"NRI_P018",50
"25794",277.543326279032,"NRI_P018",100
"25795",-1653.873813721,"NRI_P018",25
"25796",436.021086279012,"NRI_P018",50
"25797",-820.009123720985,"NRI_P018",100
"25798",9.76768627902493,"NRI_P018",25
"25799",3312.37548627902,"NRI_P018",50
"25800",-664.347833720967,"NRI_P018",100
"25801",1.42823400703492,"NRI_P020",25
"25802",3667.96087400703,"NRI_P020",50
"25803",14857.131254007,"NRI_P020",100
"25804",325.56386400701,"NRI_P020",25
"25805",1776.97681400704,"NRI_P020",50
"25806",-1309.51698599302,"NRI_P020",100
"25807",309.794364007015,"NRI_P020",25
"25808",-686.084325992968,"NRI_P020",50
"25809",-1838.00831599301,"NRI_P020",100
"25810",142.230434007011,"NRI_P020",25
"25811",3125.14854400704,"NRI_P020",50
"25812",1666.77859400702,"NRI_P020",100
"25813",699.306974006991,"NRI_P020",25
"25814",621.927064007032,"NRI_P020",50
"25815",-3529.42312599299,"NRI_P020",100
"25816",-239.791255993012,"NRI_P020",25
"25817",158.519914006989,"NRI_P020",50
"25818",3674.02677400701,"NRI_P020",100
"25819",803.415704007028,"NRI_P020",25
"25820",820.234204007022,"NRI_P020",50
"25821",14370.040004007,"NRI_P020",100
"25822",892.133434007003,"NRI_P020",25
"25823",-579.141225992993,"NRI_P020",50
"25824",-605.801585992973,"NRI_P020",100
"25825",2627.04440400703,"NRI_P020",25
"25826",3239.29303400702,"NRI_P020",50
"25827",18229.162514007,"NRI_P020",100
"25828",-87.3548559930059,"NRI_P020",25
"25829",-92.8966059929808,"NRI_P020",50
"25830",-1619.61852599296,"NRI_P020",100
"25831",-620.314485993003,"NRI_P020",25
"25832",-1.54325599299045,"NRI_P020",50
"25833",3223.32766400703,"NRI_P020",100
"25834",436.267634007032,"NRI_P020",25
"25835",-854.09304599301,"NRI_P020",50
"25836",5843.67239400704,"NRI_P020",100
"25837",-44.3252159929834,"NRI_P020",25
"25838",1665.65123400703,"NRI_P020",50
"25839",3484.65068400704,"NRI_P020",100
"25840",-229.749535992974,"NRI_P020",25
"25841",1276.119934007,"NRI_P020",50
"25842",315.351184007013,"NRI_P020",100
"25843",-671.830455993011,"NRI_P020",25
"25844",2857.41781400703,"NRI_P020",50
"25845",397.930424007005,"NRI_P020",100
"25846",-1111.38743599301,"NRI_P020",25
"25847",-232.376425992989,"NRI_P020",50
"25848",2100.21020400699,"NRI_P020",100
"25849",-1135.509965993,"NRI_P020",25
"25850",1137.48057400703,"NRI_P020",50
"25851",1770.43963400699,"NRI_P020",100
"25852",-974.225575993012,"NRI_P020",25
"25853",-414.915765993006,"NRI_P020",50
"25854",4095.00307400699,"NRI_P020",100
"25855",1356.60203400702,"NRI_P020",25
"25856",732.684774007008,"NRI_P020",50
"25857",855.847584007017,"NRI_P020",100
"25858",-342.79563599301,"NRI_P020",25
"25859",1097.15716400702,"NRI_P020",50
"25860",2884.90656400699,"NRI_P020",100
"25861",879.782664006983,"NRI_P020",25
"25862",1962.55193400703,"NRI_P020",50
"25863",191.413884007023,"NRI_P020",100
"25864",386.13146400702,"NRI_P020",25
"25865",-438.929915993009,"NRI_P020",50
"25866",2755.52055400703,"NRI_P020",100
"25867",-332.197835992964,"NRI_P020",25
"25868",-46.468475992966,"NRI_P020",50
"25869",-2247.02048599301,"NRI_P020",100
"25870",360.986564007006,"NRI_P020",25
"25871",-1734.395125993,"NRI_P020",50
"25872",1775.10187400703,"NRI_P020",100
"25873",294.721864007006,"NRI_P020",25
"25874",2977.14281400701,"NRI_P020",50
"25875",-213.171945992974,"NRI_P020",100
"25876",3346.27691400703,"NRI_P020",25
"25877",-358.252115993004,"NRI_P020",50
"25878",1552.96973400703,"NRI_P020",100
"25879",-363.269905993016,"NRI_P020",25
"25880",-1373.022655993,"NRI_P020",50
"25881",90.384494006983,"NRI_P020",100
"25882",1354.03607400699,"NRI_P020",25
"25883",-1139.808025993,"NRI_P020",50
"25884",-2653.61545599299,"NRI_P020",100
"25885",3109.896054007,"NRI_P020",25
"25886",1853.10570400703,"NRI_P020",50
"25887",37.7991640070104,"NRI_P020",100
"25888",-1913.11764599301,"NRI_P020",25
"25889",3399.56537400698,"NRI_P020",50
"25890",-94.1997159930179,"NRI_P020",100
"25891",228.252774007036,"NRI_P020",25
"25892",4013.087644007,"NRI_P020",50
"25893",3004.82818400703,"NRI_P020",100
"25894",981.459454007039,"NRI_P020",25
"25895",12794.518264007,"NRI_P020",50
"25896",759.293184006994,"NRI_P020",100
"25897",-904.081635992974,"NRI_P020",25
"25898",-38.5553559929831,"NRI_P020",50
"25899",6984.52005400701,"NRI_P020",100
"25900",-1613.22507599299,"NRI_P020",25
"25901",1791.88876400702,"NRI_P020",50
"25902",-1124.11811599298,"NRI_P020",100
"25903",696.875904007,"NRI_P020",25
"25904",656.459334006999,"NRI_P020",50
"25905",-1191.13262599299,"NRI_P020",100
"25906",-1573.83352599299,"NRI_P020",25
"25907",3814.75670400698,"NRI_P020",50
"25908",12831.291474007,"NRI_P020",100
"25909",584.844164006994,"NRI_P020",25
"25910",-1493.14605599298,"NRI_P020",50
"25911",1289.63751400699,"NRI_P020",100
"25912",-642.445385992993,"NRI_P020",25
"25913",-533.227435992972,"NRI_P020",50
"25914",-1277.20666599297,"NRI_P020",100
"25915",4711.911954007,"NRI_P020",25
"25916",2280.23310400703,"NRI_P020",50
"25917",1576.99592400703,"NRI_P020",100
"25918",667.751844006998,"NRI_P020",25
"25919",2419.58390400698,"NRI_P020",50
"25920",-2214.12697599299,"NRI_P020",100
"25921",-90.8261859929771,"NRI_P020",25
"25922",-982.664995992964,"NRI_P020",50
"25923",8829.09232400701,"NRI_P020",100
"25924",335.218574006984,"NRI_P020",25
"25925",-1360.41064599296,"NRI_P020",50
"25926",-1718.25718599302,"NRI_P020",100
"25927",150.019494006992,"NRI_P020",25
"25928",-863.427025993005,"NRI_P020",50
"25929",4790.91972400702,"NRI_P020",100
"25930",1256.53009400703,"NRI_P020",25
"25931",-1172.60964599298,"NRI_P020",50
"25932",1968.07805400703,"NRI_P020",100
"25933",1941.92480400699,"NRI_P020",25
"25934",1733.35700400703,"NRI_P020",50
"25935",16849.287014007,"NRI_P020",100
"25936",-21.9737159929937,"NRI_P020",25
"25937",456.152794007037,"NRI_P020",50
"25938",-531.806615992973,"NRI_P020",100
"25939",350.600044007006,"NRI_P020",25
"25940",-1342.23460599297,"NRI_P020",50
"25941",1197.65643400699,"NRI_P020",100
"25942",-1550.87309599301,"NRI_P020",25
"25943",323.431464007008,"NRI_P020",50
"25944",-2218.05103599298,"NRI_P020",100
"25945",3093.46038400702,"NRI_P020",25
"25946",3251.68520400702,"NRI_P020",50
"25947",107.296964007022,"NRI_P020",100
"25948",12069.653534007,"NRI_P020",25
"25949",3325.08989400702,"NRI_P020",50
"25950",5669.71114400699,"NRI_P020",100
"25951",-1191.96766599297,"NRI_P020",25
"25952",4302.04838400701,"NRI_P020",50
"25953",-455.181505993009,"NRI_P020",100
"25954",-1262.80388599297,"NRI_P020",25
"25955",-1659.09886599297,"NRI_P020",50
"25956",20514.236574007,"NRI_P020",100
"25957",881.528824007022,"NRI_P020",25
"25958",2597.48443400703,"NRI_P020",50
"25959",542.527004007017,"NRI_P020",100
"25960",6919.63030400703,"NRI_P020",25
"25961",-2459.36080599297,"NRI_P020",50
"25962",-1647.671475993,"NRI_P020",100
"25963",461.100564007007,"NRI_P020",25
"25964",668.694254007016,"NRI_P020",50
"25965",-1558.761005993,"NRI_P020",100
"25966",2316.44720400701,"NRI_P020",25
"25967",246.804504006985,"NRI_P020",50
"25968",-1417.82443599298,"NRI_P020",100
"25969",-1165.701525993,"NRI_P020",25
"25970",316.282774007006,"NRI_P020",50
"25971",-2377.212815993,"NRI_P020",100
"25972",953.177414007019,"NRI_P020",25
"25973",-1080.279145993,"NRI_P020",50
"25974",2217.791794007,"NRI_P020",100
"25975",-1205.54995599302,"NRI_P020",25
"25976",-1386.85812599299,"NRI_P020",50
"25977",-1512.89559599297,"NRI_P020",100
"25978",-93.8807759929914,"NRI_P020",25
"25979",4097.39964400703,"NRI_P020",50
"25980",2146.14260400704,"NRI_P020",100
"25981",218.301364006998,"NRI_P020",25
"25982",-1844.679715993,"NRI_P020",50
"25983",1436.33642400702,"NRI_P020",100
"25984",-715.045795993006,"NRI_P020",25
"25985",-170.677665992989,"NRI_P020",50
"25986",871.828294006991,"NRI_P020",100
"25987",634.577674006985,"NRI_P020",25
"25988",1255.08937400702,"NRI_P020",50
"25989",-1086.70044599299,"NRI_P020",100
"25990",1722.210374007,"NRI_P020",25
"25991",455.907864006993,"NRI_P020",50
"25992",10316.744544007,"NRI_P020",100
"25993",-232.561035992985,"NRI_P020",25
"25994",546.525094007025,"NRI_P020",50
"25995",6667.401444007,"NRI_P020",100
"25996",-1434.077105993,"NRI_P020",25
"25997",277.666534007003,"NRI_P020",50
"25998",306.305124006991,"NRI_P020",100
"25999",768.480344007025,"NRI_P020",25
"26000",2009.36195400701,"NRI_P020",50
"26001",4110.32178400701,"NRI_P020",100
"26002",-106.496155992965,"NRI_P020",25
"26003",10472.993104007,"NRI_P020",50
"26004",-906.513095992967,"NRI_P020",100
"26005",-451.306485992973,"NRI_P020",25
"26006",3101.37448400701,"NRI_P020",50
"26007",4818.264404007,"NRI_P020",100
"26008",2105.89376400702,"NRI_P020",25
"26009",7888.59734400699,"NRI_P020",50
"26010",-753.990775992977,"NRI_P020",100
"26011",329.389634007006,"NRI_P020",25
"26012",-1770.72835599299,"NRI_P020",50
"26013",1180.806104007,"NRI_P020",100
"26014",-1592.04103599297,"NRI_P020",25
"26015",-257.938015992986,"NRI_P020",50
"26016",2174.071644007,"NRI_P020",100
"26017",374.827674006985,"NRI_P020",25
"26018",4636.61208400701,"NRI_P020",50
"26019",-385.418215992977,"NRI_P020",100
"26020",-500.119485992996,"NRI_P020",25
"26021",1000.12873400701,"NRI_P020",50
"26022",-937.818285993009,"NRI_P020",100
"26023",2273.39849400701,"NRI_P020",25
"26024",5006.88754400698,"NRI_P020",50
"26025",20361.587954007,"NRI_P020",100
"26026",-85.4879959929967,"NRI_P020",25
"26027",-735.305055992969,"NRI_P020",50
"26028",-1151.33499599301,"NRI_P020",100
"26029",438.06273400702,"NRI_P020",25
"26030",-484.560715992993,"NRI_P020",50
"26031",2223.19345400704,"NRI_P020",100
"26032",693.073614007037,"NRI_P020",25
"26033",490.589404007012,"NRI_P020",50
"26034",-2676.41104599298,"NRI_P020",100
"26035",4617.45270400704,"NRI_P020",25
"26036",2272.247174007,"NRI_P020",50
"26037",955.734384006995,"NRI_P020",100
"26038",-584.841315992991,"NRI_P020",25
"26039",-432.83602599299,"NRI_P020",50
"26040",-1341.22272599296,"NRI_P020",100
"26041",-554.853335993015,"NRI_P020",25
"26042",2219.62787400698,"NRI_P020",50
"26043",1423.47508400702,"NRI_P020",100
"26044",466.944874007022,"NRI_P020",25
"26045",-388.646925992973,"NRI_P020",50
"26046",281.192034006992,"NRI_P020",100
"26047",-712.747015992994,"NRI_P020",25
"26048",-1629.57552599302,"NRI_P020",50
"26049",4896.635834007,"NRI_P020",100
"26050",-2137.52130599297,"NRI_P020",25
"26051",-912.556325992977,"NRI_P020",50
"26052",2439.49669400702,"NRI_P020",100
"26053",-1245.94099599298,"NRI_P020",25
"26054",-1178.66486599296,"NRI_P020",50
"26055",-1486.13410599297,"NRI_P020",100
"26056",-443.28252599301,"NRI_P020",25
"26057",1509.40057400701,"NRI_P020",50
"26058",13122.395874007,"NRI_P020",100
"26059",-1202.33153599297,"NRI_P020",25
"26060",-2030.00553599297,"NRI_P020",50
"26061",7104.09085400699,"NRI_P020",100
"26062",-1330.439775993,"NRI_P020",25
"26063",929.727424007026,"NRI_P020",50
"26064",1431.77674400702,"NRI_P020",100
"26065",40.4122040070361,"NRI_P020",25
"26066",-1270.48993599298,"NRI_P020",50
"26067",1023.12042400701,"NRI_P020",100
"26068",231.190134007018,"NRI_P020",25
"26069",633.619184006995,"NRI_P020",50
"26070",1376.00219400699,"NRI_P020",100
"26071",276.101564006996,"NRI_P020",25
"26072",44.036264007038,"NRI_P020",50
"26073",2789.42492400703,"NRI_P020",100
"26074",175.809464007034,"NRI_P020",25
"26075",-1127.65316599299,"NRI_P020",50
"26076",4794.34802400699,"NRI_P020",100
"26077",-309.618635992985,"NRI_P020",25
"26078",2360.46990400698,"NRI_P020",50
"26079",2191.41453400702,"NRI_P020",100
"26080",791.570084006991,"NRI_P020",25
"26081",2128.85093400703,"NRI_P020",50
"26082",-997.561815992987,"NRI_P020",100
"26083",4669.16616400704,"NRI_P020",25
"26084",-110.914035992988,"NRI_P020",50
"26085",2787.48312400701,"NRI_P020",100
"26086",1031.277644007,"NRI_P020",25
"26087",-501.989265993005,"NRI_P020",50
"26088",5309.55128400703,"NRI_P020",100
"26089",9073.49275400699,"NRI_P020",25
"26090",-1031.12729599298,"NRI_P020",50
"26091",2135.72160400701,"NRI_P020",100
"26092",2753.21461400704,"NRI_P020",25
"26093",1945.401314007,"NRI_P020",50
"26094",-2434.57114599302,"NRI_P020",100
"26095",-111.308455993014,"NRI_P020",25
"26096",-606.385595992964,"NRI_P020",50
"26097",19135.490294007,"NRI_P020",100
"26098",769.44568400702,"NRI_P020",25
"26099",-850.18772599299,"NRI_P020",50
"26100",1552.495194007,"NRI_P020",100
"26101",-1597.140055781,"NRI_P021",25
"26102",-3881.22196578101,"NRI_P021",50
"26103",-4863.88985578105,"NRI_P021",100
"26104",2881.899174219,"NRI_P021",25
"26105",-1448.57201578101,"NRI_P021",50
"26106",-1057.57845578104,"NRI_P021",100
"26107",-2954.33916578104,"NRI_P021",25
"26108",-4054.60475578101,"NRI_P021",50
"26109",1070.84468421899,"NRI_P021",100
"26110",-2452.129865781,"NRI_P021",25
"26111",-3969.89529578103,"NRI_P021",50
"26112",-316.215185781009,"NRI_P021",100
"26113",-1103.53610578104,"NRI_P021",25
"26114",-741.408735781035,"NRI_P021",50
"26115",-879.236945781042,"NRI_P021",100
"26116",2350.46620421897,"NRI_P021",25
"26117",-2334.954665781,"NRI_P021",50
"26118",-2908.279305781,"NRI_P021",100
"26119",-1744.92723578104,"NRI_P021",25
"26120",-2430.17813578103,"NRI_P021",50
"26121",2219.23394421896,"NRI_P021",100
"26122",-216.138035781041,"NRI_P021",25
"26123",-2737.59869578102,"NRI_P021",50
"26124",-3213.68458578101,"NRI_P021",100
"26125",5806.01349421899,"NRI_P021",25
"26126",-252.465395781037,"NRI_P021",50
"26127",-87.6985557810403,"NRI_P021",100
"26128",-667.584965781018,"NRI_P021",25
"26129",-3564.43252578104,"NRI_P021",50
"26130",-3472.454665781,"NRI_P021",100
"26131",9696.03369421896,"NRI_P021",25
"26132",-3779.20646578103,"NRI_P021",50
"26133",3559.08061421901,"NRI_P021",100
"26134",919.279984219,"NRI_P021",25
"26135",-2737.36888578103,"NRI_P021",50
"26136",-4866.60232578102,"NRI_P021",100
"26137",-2574.49690578104,"NRI_P021",25
"26138",-1353.477025781,"NRI_P021",50
"26139",-4075.368605781,"NRI_P021",100
"26140",1409.58660421899,"NRI_P021",25
"26141",-3170.19393578102,"NRI_P021",50
"26142",-3119.40809578099,"NRI_P021",100
"26143",-920.493605780997,"NRI_P021",25
"26144",-1366.91466578102,"NRI_P021",50
"26145",-4198.94624578103,"NRI_P021",100
"26146",-649.632935781032,"NRI_P021",25
"26147",462.301374219009,"NRI_P021",50
"26148",-2765.53963578102,"NRI_P021",100
"26149",-314.047055781004,"NRI_P021",25
"26150",1077.96570421901,"NRI_P021",50
"26151",7457.18914421898,"NRI_P021",100
"26152",273.562474218954,"NRI_P021",25
"26153",5924.25576421898,"NRI_P021",50
"26154",-3819.78174578102,"NRI_P021",100
"26155",-2620.02239578101,"NRI_P021",25
"26156",9738.07209421898,"NRI_P021",50
"26157",-3874.39182578103,"NRI_P021",100
"26158",-486.935535781027,"NRI_P021",25
"26159",-1562.47085578099,"NRI_P021",50
"26160",-2185.24706578103,"NRI_P021",100
"26161",-361.435075781017,"NRI_P021",25
"26162",-2157.502625781,"NRI_P021",50
"26163",-3718.84995578101,"NRI_P021",100
"26164",-2839.10606578103,"NRI_P021",25
"26165",-3300.534365781,"NRI_P021",50
"26166",-5401.90888578101,"NRI_P021",100
"26167",-767.44604578102,"NRI_P021",25
"26168",-3549.76854578103,"NRI_P021",50
"26169",1737.872404219,"NRI_P021",100
"26170",-784.393795781012,"NRI_P021",25
"26171",-3017.72974578099,"NRI_P021",50
"26172",-1066.52015578101,"NRI_P021",100
"26173",-1167.08350578102,"NRI_P021",25
"26174",-1572.42881578102,"NRI_P021",50
"26175",-1852.41126578103,"NRI_P021",100
"26176",-1214.95220578101,"NRI_P021",25
"26177",-1731.000455781,"NRI_P021",50
"26178",5387.91227421898,"NRI_P021",100
"26179",-321.739655781013,"NRI_P021",25
"26180",-2537.30999578099,"NRI_P021",50
"26181",10189.178284219,"NRI_P021",100
"26182",-1032.34280578099,"NRI_P021",25
"26183",-548.529575781024,"NRI_P021",50
"26184",-2165.23652578105,"NRI_P021",100
"26185",-1076.47450578102,"NRI_P021",25
"26186",890.120264219004,"NRI_P021",50
"26187",3065.09376421897,"NRI_P021",100
"26188",-840.051505781012,"NRI_P021",25
"26189",-1898.06714578101,"NRI_P021",50
"26190",-729.102055780997,"NRI_P021",100
"26191",1003.136874219,"NRI_P021",25
"26192",4092.11467421899,"NRI_P021",50
"26193",-3903.412935781,"NRI_P021",100
"26194",-2236.24950578104,"NRI_P021",25
"26195",-279.268245781015,"NRI_P021",50
"26196",1559.46061421896,"NRI_P021",100
"26197",-307.776325781015,"NRI_P021",25
"26198",-3958.02845578099,"NRI_P021",50
"26199",5795.06382421899,"NRI_P021",100
"26200",-2188.97600578103,"NRI_P021",25
"26201",-263.364805780991,"NRI_P021",50
"26202",-973.831555781013,"NRI_P021",100
"26203",-2524.031055781,"NRI_P021",25
"26204",2602.27689421899,"NRI_P021",50
"26205",1303.80764421896,"NRI_P021",100
"26206",-199.463835781033,"NRI_P021",25
"26207",1160.37557421898,"NRI_P021",50
"26208",-4392.46707578102,"NRI_P021",100
"26209",40.8450642189709,"NRI_P021",25
"26210",-1792.52157578099,"NRI_P021",50
"26211",-4177.10635578103,"NRI_P021",100
"26212",-209.32389578101,"NRI_P021",25
"26213",-751.257345781021,"NRI_P021",50
"26214",-2720.75810578105,"NRI_P021",100
"26215",62.214614218974,"NRI_P021",25
"26216",-1469.56005578104,"NRI_P021",50
"26217",-1978.90231578104,"NRI_P021",100
"26218",3523.40896421898,"NRI_P021",25
"26219",13210.363174219,"NRI_P021",50
"26220",-1850.54254578101,"NRI_P021",100
"26221",-1541.27600578102,"NRI_P021",25
"26222",2033.17790421896,"NRI_P021",50
"26223",-3647.39527578099,"NRI_P021",100
"26224",2166.14906421897,"NRI_P021",25
"26225",-755.894435780996,"NRI_P021",50
"26226",-3424.96915578103,"NRI_P021",100
"26227",219.188354218961,"NRI_P021",25
"26228",-2449.22403578099,"NRI_P021",50
"26229",-3417.84694578103,"NRI_P021",100
"26230",-1016.315095781,"NRI_P021",25
"26231",-1255.645835781,"NRI_P021",50
"26232",-3545.73865578102,"NRI_P021",100
"26233",-1980.26160578104,"NRI_P021",25
"26234",3205.06663421897,"NRI_P021",50
"26235",3604.64921421901,"NRI_P021",100
"26236",-3571.46698578104,"NRI_P021",25
"26237",780.032644218998,"NRI_P021",50
"26238",-1027.27691578103,"NRI_P021",100
"26239",-813.003205781046,"NRI_P021",25
"26240",7255.19942421897,"NRI_P021",50
"26241",4936.86764421896,"NRI_P021",100
"26242",-56.6411257809959,"NRI_P021",25
"26243",-1076.482735781,"NRI_P021",50
"26244",-601.85480578104,"NRI_P021",100
"26245",494.078494218993,"NRI_P021",25
"26246",-3279.77211578103,"NRI_P021",50
"26247",-3928.91593578103,"NRI_P021",100
"26248",3836.77634421899,"NRI_P021",25
"26249",-5065.02067578101,"NRI_P021",50
"26250",293.644324218971,"NRI_P021",100
"26251",702.087464218959,"NRI_P021",25
"26252",-3006.27785578102,"NRI_P021",50
"26253",-199.725645781029,"NRI_P021",100
"26254",-55.4049357810291,"NRI_P021",25
"26255",-2507.97403578099,"NRI_P021",50
"26256",5256.47431421897,"NRI_P021",100
"26257",343.034964218969,"NRI_P021",25
"26258",-1039.49903578102,"NRI_P021",50
"26259",-4737.75881578104,"NRI_P021",100
"26260",-577.18088578101,"NRI_P021",25
"26261",-4546.70004578104,"NRI_P021",50
"26262",-2861.047115781,"NRI_P021",100
"26263",93.9238242189749,"NRI_P021",25
"26264",-1193.28155578102,"NRI_P021",50
"26265",-2716.711125781,"NRI_P021",100
"26266",-163.384995781002,"NRI_P021",25
"26267",11508.756924219,"NRI_P021",50
"26268",-3610.42905578105,"NRI_P021",100
"26269",-2577.52883578104,"NRI_P021",25
"26270",631.361484218971,"NRI_P021",50
"26271",-5578.21233578102,"NRI_P021",100
"26272",-35.9166057810071,"NRI_P021",25
"26273",-2594.53537578101,"NRI_P021",50
"26274",-3246.80574578099,"NRI_P021",100
"26275",149.327964218974,"NRI_P021",25
"26276",-506.382565781008,"NRI_P021",50
"26277",-2713.66761578101,"NRI_P021",100
"26278",-666.708785780997,"NRI_P021",25
"26279",-1608.07592578104,"NRI_P021",50
"26280",5687.121464219,"NRI_P021",100
"26281",-1462.74942578102,"NRI_P021",25
"26282",6599.36693421897,"NRI_P021",50
"26283",-2318.69171578099,"NRI_P021",100
"26284",-1484.387105781,"NRI_P021",25
"26285",-1065.27955578105,"NRI_P021",50
"26286",-4171.235755781,"NRI_P021",100
"26287",-124.626335781009,"NRI_P021",25
"26288",-2599.83399578102,"NRI_P021",50
"26289",12786.492584219,"NRI_P021",100
"26290",-3469.32612578099,"NRI_P021",25
"26291",-1253.750715781,"NRI_P021",50
"26292",-2614.88654578105,"NRI_P021",100
"26293",-335.592505781038,"NRI_P021",25
"26294",-2771.13260578102,"NRI_P021",50
"26295",-4504.28126578103,"NRI_P021",100
"26296",-1228.26884578104,"NRI_P021",25
"26297",-1254.305525781,"NRI_P021",50
"26298",-958.209145781002,"NRI_P021",100
"26299",7834.09530421899,"NRI_P021",25
"26300",-1333.99672578101,"NRI_P021",50
"26301",-1206.40798578103,"NRI_P021",100
"26302",-2327.56050578103,"NRI_P021",25
"26303",-3560.50429578102,"NRI_P021",50
"26304",-3471.12268578104,"NRI_P021",100
"26305",-1026.13588578103,"NRI_P021",25
"26306",-1281.75859578099,"NRI_P021",50
"26307",-4205.218135781,"NRI_P021",100
"26308",-169.662195781013,"NRI_P021",25
"26309",-1697.91553578101,"NRI_P021",50
"26310",-3329.19587578101,"NRI_P021",100
"26311",-1434.24280578102,"NRI_P021",25
"26312",-937.524275781005,"NRI_P021",50
"26313",-1431.76852578099,"NRI_P021",100
"26314",-1040.43716578104,"NRI_P021",25
"26315",28.5053842189955,"NRI_P021",50
"26316",-3056.91177578102,"NRI_P021",100
"26317",-1700.20720578101,"NRI_P021",25
"26318",-3174.09980578104,"NRI_P021",50
"26319",-4912.79905578104,"NRI_P021",100
"26320",676.645274218987,"NRI_P021",25
"26321",-3111.04428578104,"NRI_P021",50
"26322",876.637534218957,"NRI_P021",100
"26323",-2503.80885578104,"NRI_P021",25
"26324",-935.299545780988,"NRI_P021",50
"26325",-4809.77718578104,"NRI_P021",100
"26326",-1338.48730578099,"NRI_P021",25
"26327",452.179004219011,"NRI_P021",50
"26328",-192.481035781035,"NRI_P021",100
"26329",-2517.43048578099,"NRI_P021",25
"26330",3364.93203421897,"NRI_P021",50
"26331",-881.127995781018,"NRI_P021",100
"26332",-1472.73371578101,"NRI_P021",25
"26333",-1343.11030578101,"NRI_P021",50
"26334",-4839.99468578101,"NRI_P021",100
"26335",-2500.694315781,"NRI_P021",25
"26336",9576.58796421898,"NRI_P021",50
"26337",-2247.45003578102,"NRI_P021",100
"26338",-809.941785781004,"NRI_P021",25
"26339",-2016.91062578099,"NRI_P021",50
"26340",4513.34480421897,"NRI_P021",100
"26341",-1197.81909578101,"NRI_P021",25
"26342",-917.240995781031,"NRI_P021",50
"26343",-4113.70073578099,"NRI_P021",100
"26344",-1847.00919578102,"NRI_P021",25
"26345",-3243.64231578103,"NRI_P021",50
"26346",3695.59504421899,"NRI_P021",100
"26347",-1438.18515578104,"NRI_P021",25
"26348",-2415.59833578102,"NRI_P021",50
"26349",-3820.37832578103,"NRI_P021",100
"26350",6820.74296421901,"NRI_P021",25
"26351",-1441.02019578102,"NRI_P021",50
"26352",-3356.84840578103,"NRI_P021",100
"26353",186.877464218996,"NRI_P021",25
"26354",-1644.746235781,"NRI_P021",50
"26355",-4623.84970578103,"NRI_P021",100
"26356",143.371804218972,"NRI_P021",25
"26357",2484.326354219,"NRI_P021",50
"26358",3337.57387421897,"NRI_P021",100
"26359",295.873094218958,"NRI_P021",25
"26360",303.763414218964,"NRI_P021",50
"26361",-1735.70845578104,"NRI_P021",100
"26362",598.176804218965,"NRI_P021",25
"26363",-1748.62700578099,"NRI_P021",50
"26364",-1701.01876578102,"NRI_P021",100
"26365",-762.013955781003,"NRI_P021",25
"26366",-1559.99646578101,"NRI_P021",50
"26367",3109.75463421899,"NRI_P021",100
"26368",-310.931235780998,"NRI_P021",25
"26369",-2538.68840578099,"NRI_P021",50
"26370",-625.583905781037,"NRI_P021",100
"26371",3628.38200421899,"NRI_P021",25
"26372",-2817.59733578103,"NRI_P021",50
"26373",2416.63313421898,"NRI_P021",100
"26374",-1472.45260578103,"NRI_P021",25
"26375",-1348.12005578104,"NRI_P021",50
"26376",-1089.595565781,"NRI_P021",100
"26377",-1563.144925781,"NRI_P021",25
"26378",1470.600404219,"NRI_P021",50
"26379",-4064.81514578103,"NRI_P021",100
"26380",-2251.01694578101,"NRI_P021",25
"26381",-313.697785780998,"NRI_P021",50
"26382",-3029.78356578102,"NRI_P021",100
"26383",-660.153705781035,"NRI_P021",25
"26384",-3236.420525781,"NRI_P021",50
"26385",6534.24059421901,"NRI_P021",100
"26386",7442.85978421901,"NRI_P021",25
"26387",-2894.764535781,"NRI_P021",50
"26388",-5022.16716578102,"NRI_P021",100
"26389",-3491.31861578103,"NRI_P021",25
"26390",-2474.35210578103,"NRI_P021",50
"26391",13588.012794219,"NRI_P021",100
"26392",-3120.17343578103,"NRI_P021",25
"26393",504.625164219004,"NRI_P021",50
"26394",-2176.37867578102,"NRI_P021",100
"26395",-1869.78253578104,"NRI_P021",25
"26396",-3445.95434578101,"NRI_P021",50
"26397",-600.899605781015,"NRI_P021",100
"26398",-728.334185781016,"NRI_P021",25
"26399",-3431.68971578102,"NRI_P021",50
"26400",11596.747204219,"NRI_P021",100
"26401",0.0093857009196654,"NRI_P022",25
"26402",0.0093857009196654,"NRI_P022",50
"26403",-3602.77851429908,"NRI_P022",100
"26404",0.0093857009196654,"NRI_P022",25
"26405",0.0093857009196654,"NRI_P022",50
"26406",180.715285700979,"NRI_P022",100
"26407",0.0093857009196654,"NRI_P022",25
"26408",0.0093857009196654,"NRI_P022",50
"26409",160.166685700882,"NRI_P022",100
"26410",0.0093857009196654,"NRI_P022",25
"26411",0.0093857009196654,"NRI_P022",50
"26412",-336.91561429901,"NRI_P022",100
"26413",0.0093857009196654,"NRI_P022",25
"26414",0.0093857009196654,"NRI_P022",50
"26415",-1262.13731429901,"NRI_P022",100
"26416",0.0093857009196654,"NRI_P022",25
"26417",0.0093857009196654,"NRI_P022",50
"26418",-775.259814299061,"NRI_P022",100
"26419",0.0093857009196654,"NRI_P022",25
"26420",0.0093857009196654,"NRI_P022",50
"26421",797.846485700924,"NRI_P022",100
"26422",0.0093857009196654,"NRI_P022",25
"26423",0.0093857009196654,"NRI_P022",50
"26424",-57.0540142990649,"NRI_P022",100
"26425",0.0093857009196654,"NRI_P022",25
"26426",0.0093857009196654,"NRI_P022",50
"26427",3198.13991570089,"NRI_P022",100
"26428",0.0093857009196654,"NRI_P022",25
"26429",0.0093857009196654,"NRI_P022",50
"26430",238.823185700923,"NRI_P022",100
"26431",0.0093857009196654,"NRI_P022",25
"26432",0.0093857009196654,"NRI_P022",50
"26433",246.162485700916,"NRI_P022",100
"26434",0.0093857009196654,"NRI_P022",25
"26435",0.0093857009196654,"NRI_P022",50
"26436",6793.76338570099,"NRI_P022",100
"26437",0.0093857009196654,"NRI_P022",25
"26438",0.0093857009196654,"NRI_P022",50
"26439",628.827885700972,"NRI_P022",100
"26440",0.0093857009196654,"NRI_P022",25
"26441",0.0093857009196654,"NRI_P022",50
"26442",-1549.08651429904,"NRI_P022",100
"26443",0.0093857009196654,"NRI_P022",25
"26444",0.0093857009196654,"NRI_P022",50
"26445",-16364.218714299,"NRI_P022",100
"26446",0.0093857009196654,"NRI_P022",25
"26447",0.0093857009196654,"NRI_P022",50
"26448",-63.8382142990595,"NRI_P022",100
"26449",0.0093857009196654,"NRI_P022",25
"26450",0.0093857009196654,"NRI_P022",50
"26451",-110.963714299025,"NRI_P022",100
"26452",0.0093857009196654,"NRI_P022",25
"26453",0.0093857009196654,"NRI_P022",50
"26454",576.132585700951,"NRI_P022",100
"26455",0.0093857009196654,"NRI_P022",25
"26456",0.0093857009196654,"NRI_P022",50
"26457",1693.8495857009,"NRI_P022",100
"26458",0.0093857009196654,"NRI_P022",25
"26459",0.0093857009196654,"NRI_P022",50
"26460",5311.82548570097,"NRI_P022",100
"26461",0.0093857009196654,"NRI_P022",25
"26462",0.0093857009196654,"NRI_P022",50
"26463",4977.32838570094,"NRI_P022",100
"26464",0.0093857009196654,"NRI_P022",25
"26465",0.0093857009196654,"NRI_P022",50
"26466",33.5384857009631,"NRI_P022",100
"26467",0.0093857009196654,"NRI_P022",25
"26468",0.0093857009196654,"NRI_P022",50
"26469",204.665885700961,"NRI_P022",100
"26470",0.0093857009196654,"NRI_P022",25
"26471",0.0093857009196654,"NRI_P022",50
"26472",2385.77138570091,"NRI_P022",100
"26473",0.0093857009196654,"NRI_P022",25
"26474",0.0093857009196654,"NRI_P022",50
"26475",-34.6905142990872,"NRI_P022",100
"26476",0.0093857009196654,"NRI_P022",25
"26477",0.0093857009196654,"NRI_P022",50
"26478",-106.166414299048,"NRI_P022",100
"26479",0.0093857009196654,"NRI_P022",25
"26480",0.0093857009196654,"NRI_P022",50
"26481",-852.841314299032,"NRI_P022",100
"26482",0.0093857009196654,"NRI_P022",25
"26483",0.0093857009196654,"NRI_P022",50
"26484",1974.71370570094,"NRI_P022",100
"26485",0.0093857009196654,"NRI_P022",25
"26486",0.0093857009196654,"NRI_P022",50
"26487",152.768085700925,"NRI_P022",100
"26488",0.0093857009196654,"NRI_P022",25
"26489",0.0093857009196654,"NRI_P022",50
"26490",-974.950214299024,"NRI_P022",100
"26491",0.0093857009196654,"NRI_P022",25
"26492",0.0093857009196654,"NRI_P022",50
"26493",-1282.59001429903,"NRI_P022",100
"26494",0.0093857009196654,"NRI_P022",25
"26495",0.0093857009196654,"NRI_P022",50
"26496",-2151.32961429912,"NRI_P022",100
"26497",0.0093857009196654,"NRI_P022",25
"26498",0.0093857009196654,"NRI_P022",50
"26499",-2020.60301429906,"NRI_P022",100
"26500",0.0093857009196654,"NRI_P022",25
"26501",0.0093857009196654,"NRI_P022",50
"26502",-511.503914299072,"NRI_P022",100
"26503",0.0093857009196654,"NRI_P022",25
"26504",0.0093857009196654,"NRI_P022",50
"26505",24.5097857009387,"NRI_P022",100
"26506",0.0093857009196654,"NRI_P022",25
"26507",0.0093857009196654,"NRI_P022",50
"26508",-7345.51051429904,"NRI_P022",100
"26509",0.0093857009196654,"NRI_P022",25
"26510",0.0093857009196654,"NRI_P022",50
"26511",615.120185700944,"NRI_P022",100
"26512",0.0093857009196654,"NRI_P022",25
"26513",0.0093857009196654,"NRI_P022",50
"26514",2069.67888570088,"NRI_P022",100
"26515",0.0093857009196654,"NRI_P022",25
"26516",0.0093857009196654,"NRI_P022",50
"26517",3718.68228570092,"NRI_P022",100
"26518",0.0093857009196654,"NRI_P022",25
"26519",0.0093857009196654,"NRI_P022",50
"26520",-1238.71131429903,"NRI_P022",100
"26521",0.0093857009196654,"NRI_P022",25
"26522",0.0093857009196654,"NRI_P022",50
"26523",-192.993914299062,"NRI_P022",100
"26524",0.0093857009196654,"NRI_P022",25
"26525",0.0093857009196654,"NRI_P022",50
"26526",7644.12478570093,"NRI_P022",100
"26527",0.0093857009196654,"NRI_P022",25
"26528",0.0093857009196654,"NRI_P022",50
"26529",7258.23918570089,"NRI_P022",100
"26530",0.0093857009196654,"NRI_P022",25
"26531",0.0093857009196654,"NRI_P022",50
"26532",-872.840414299048,"NRI_P022",100
"26533",0.0093857009196654,"NRI_P022",25
"26534",0.0093857009196654,"NRI_P022",50
"26535",-1055.93281429901,"NRI_P022",100
"26536",0.0093857009196654,"NRI_P022",25
"26537",0.0093857009196654,"NRI_P022",50
"26538",277.815885700984,"NRI_P022",100
"26539",0.0093857009196654,"NRI_P022",25
"26540",0.0093857009196654,"NRI_P022",50
"26541",-7741.28201429907,"NRI_P022",100
"26542",0.0093857009196654,"NRI_P022",25
"26543",0.0093857009196654,"NRI_P022",50
"26544",-569.986814299016,"NRI_P022",100
"26545",0.0093857009196654,"NRI_P022",25
"26546",0.0093857009196654,"NRI_P022",50
"26547",-3307.71571429912,"NRI_P022",100
"26548",0.0093857009196654,"NRI_P022",25
"26549",0.0093857009196654,"NRI_P022",50
"26550",-323.362114299089,"NRI_P022",100
"26551",0.0093857009196654,"NRI_P022",25
"26552",0.0093857009196654,"NRI_P022",50
"26553",-235.024914299021,"NRI_P022",100
"26554",0.0093857009196654,"NRI_P022",25
"26555",0.0093857009196654,"NRI_P022",50
"26556",1110.26738570095,"NRI_P022",100
"26557",0.0093857009196654,"NRI_P022",25
"26558",0.0093857009196654,"NRI_P022",50
"26559",-1221.73761429905,"NRI_P022",100
"26560",0.0093857009196654,"NRI_P022",25
"26561",0.0093857009196654,"NRI_P022",50
"26562",4565.8643857009,"NRI_P022",100
"26563",0.0093857009196654,"NRI_P022",25
"26564",0.0093857009196654,"NRI_P022",50
"26565",286.773185700993,"NRI_P022",100
"26566",0.0093857009196654,"NRI_P022",25
"26567",0.0093857009196654,"NRI_P022",50
"26568",2980.83958570089,"NRI_P022",100
"26569",0.0093857009196654,"NRI_P022",25
"26570",0.0093857009196654,"NRI_P022",50
"26571",-28.4230342990486,"NRI_P022",100
"26572",0.0093857009196654,"NRI_P022",25
"26573",0.0093857009196654,"NRI_P022",50
"26574",3529.61838570097,"NRI_P022",100
"26575",0.0093857009196654,"NRI_P022",25
"26576",0.0093857009196654,"NRI_P022",50
"26577",24.1201857009437,"NRI_P022",100
"26578",0.0093857009196654,"NRI_P022",25
"26579",0.0093857009196654,"NRI_P022",50
"26580",31.9788857009262,"NRI_P022",100
"26581",0.0093857009196654,"NRI_P022",25
"26582",0.0093857009196654,"NRI_P022",50
"26583",1200.46398570098,"NRI_P022",100
"26584",0.0093857009196654,"NRI_P022",25
"26585",0.0093857009196654,"NRI_P022",50
"26586",1134.4353857009,"NRI_P022",100
"26587",0.0093857009196654,"NRI_P022",25
"26588",0.0093857009196654,"NRI_P022",50
"26589",-2916.95431429904,"NRI_P022",100
"26590",0.0093857009196654,"NRI_P022",25
"26591",0.0093857009196654,"NRI_P022",50
"26592",-1397.18401429907,"NRI_P022",100
"26593",0.0093857009196654,"NRI_P022",25
"26594",0.0093857009196654,"NRI_P022",50
"26595",-556.220714299008,"NRI_P022",100
"26596",0.0093857009196654,"NRI_P022",25
"26597",0.0093857009196654,"NRI_P022",50
"26598",4580.20818570093,"NRI_P022",100
"26599",0.0093857009196654,"NRI_P022",25
"26600",0.0093857009196654,"NRI_P022",50
"26601",455.655885700951,"NRI_P022",100
"26602",0.0093857009196654,"NRI_P022",25
"26603",0.0093857009196654,"NRI_P022",50
"26604",-1118.03691429901,"NRI_P022",100
"26605",0.0093857009196654,"NRI_P022",25
"26606",0.0093857009196654,"NRI_P022",50
"26607",-700.440414299024,"NRI_P022",100
"26608",0.0093857009196654,"NRI_P022",25
"26609",0.0093857009196654,"NRI_P022",50
"26610",703.047885700944,"NRI_P022",100
"26611",0.0093857009196654,"NRI_P022",25
"26612",0.0093857009196654,"NRI_P022",50
"26613",-4879.24321429909,"NRI_P022",100
"26614",0.0093857009196654,"NRI_P022",25
"26615",0.0093857009196654,"NRI_P022",50
"26616",49.4997857009294,"NRI_P022",100
"26617",0.0093857009196654,"NRI_P022",25
"26618",0.0093857009196654,"NRI_P022",50
"26619",-49.4455142990919,"NRI_P022",100
"26620",0.0093857009196654,"NRI_P022",25
"26621",0.0093857009196654,"NRI_P022",50
"26622",-637.030114299036,"NRI_P022",100
"26623",0.0093857009196654,"NRI_P022",25
"26624",0.0093857009196654,"NRI_P022",50
"26625",5741.17998570099,"NRI_P022",100
"26626",0.0093857009196654,"NRI_P022",25
"26627",0.0093857009196654,"NRI_P022",50
"26628",96.2763157009613,"NRI_P022",100
"26629",0.0093857009196654,"NRI_P022",25
"26630",0.0093857009196654,"NRI_P022",50
"26631",-5648.41521429911,"NRI_P022",100
"26632",0.0093857009196654,"NRI_P022",25
"26633",0.0093857009196654,"NRI_P022",50
"26634",111.842485700967,"NRI_P022",100
"26635",0.0093857009196654,"NRI_P022",25
"26636",0.0093857009196654,"NRI_P022",50
"26637",-1263.81151429901,"NRI_P022",100
"26638",0.0093857009196654,"NRI_P022",25
"26639",0.0093857009196654,"NRI_P022",50
"26640",495.238885700935,"NRI_P022",100
"26641",0.0093857009196654,"NRI_P022",25
"26642",0.0093857009196654,"NRI_P022",50
"26643",-209.192114299047,"NRI_P022",100
"26644",0.0093857009196654,"NRI_P022",25
"26645",0.0093857009196654,"NRI_P022",50
"26646",47.5877857009182,"NRI_P022",100
"26647",0.0093857009196654,"NRI_P022",25
"26648",0.0093857009196654,"NRI_P022",50
"26649",-717.089814299019,"NRI_P022",100
"26650",0.0093857009196654,"NRI_P022",25
"26651",0.0093857009196654,"NRI_P022",50
"26652",473.228285700898,"NRI_P022",100
"26653",0.0093857009196654,"NRI_P022",25
"26654",0.0093857009196654,"NRI_P022",50
"26655",735.82048570097,"NRI_P022",100
"26656",0.0093857009196654,"NRI_P022",25
"26657",0.0093857009196654,"NRI_P022",50
"26658",6898.96418570098,"NRI_P022",100
"26659",0.0093857009196654,"NRI_P022",25
"26660",0.0093857009196654,"NRI_P022",50
"26661",1880.39298570098,"NRI_P022",100
"26662",0.0093857009196654,"NRI_P022",25
"26663",0.0093857009196654,"NRI_P022",50
"26664",-16655.707614299,"NRI_P022",100
"26665",0.0093857009196654,"NRI_P022",25
"26666",0.0093857009196654,"NRI_P022",50
"26667",4212.16968570091,"NRI_P022",100
"26668",0.0093857009196654,"NRI_P022",25
"26669",0.0093857009196654,"NRI_P022",50
"26670",312.53718570096,"NRI_P022",100
"26671",0.0093857009196654,"NRI_P022",25
"26672",0.0093857009196654,"NRI_P022",50
"26673",-220.87701429904,"NRI_P022",100
"26674",0.0093857009196654,"NRI_P022",25
"26675",0.0093857009196654,"NRI_P022",50
"26676",1334.97891570092,"NRI_P022",100
"26677",0.0093857009196654,"NRI_P022",25
"26678",0.0093857009196654,"NRI_P022",50
"26679",-2644.29661429906,"NRI_P022",100
"26680",0.0093857009196654,"NRI_P022",25
"26681",0.0093857009196654,"NRI_P022",50
"26682",-3125.44661429909,"NRI_P022",100
"26683",0.0093857009196654,"NRI_P022",25
"26684",0.0093857009196654,"NRI_P022",50
"26685",-274.369114299072,"NRI_P022",100
"26686",0.0093857009196654,"NRI_P022",25
"26687",0.0093857009196654,"NRI_P022",50
"26688",9.05768570094369,"NRI_P022",100
"26689",0.0093857009196654,"NRI_P022",25
"26690",0.0093857009196654,"NRI_P022",50
"26691",449.653385700891,"NRI_P022",100
"26692",0.0093857009196654,"NRI_P022",25
"26693",0.0093857009196654,"NRI_P022",50
"26694",-70.7863142990973,"NRI_P022",100
"26695",0.0093857009196654,"NRI_P022",25
"26696",0.0093857009196654,"NRI_P022",50
"26697",511.204385700985,"NRI_P022",100
"26698",0.0093857009196654,"NRI_P022",25
"26699",0.0093857009196654,"NRI_P022",50
"26700",-171.679614299093,"NRI_P022",100
"26701",-98.6180205800338,"NRI_P023",25
"26702",3131.89511941996,"NRI_P023",50
"26703",4356.58664941997,"NRI_P023",100
"26704",-111.214820580033,"NRI_P023",25
"26705",4972.33986941999,"NRI_P023",50
"26706",732.962489419966,"NRI_P023",100
"26707",-245.513920580037,"NRI_P023",25
"26708",5983.48485941999,"NRI_P023",50
"26709",2993.73741941998,"NRI_P023",100
"26710",678.626969420002,"NRI_P023",25
"26711",212.780349419976,"NRI_P023",50
"26712",376.006599419983,"NRI_P023",100
"26713",197.322949419962,"NRI_P023",25
"26714",-90.9726805800456,"NRI_P023",50
"26715",5298.29735941999,"NRI_P023",100
"26716",-43.373450580053,"NRI_P023",25
"26717",3696.62786941999,"NRI_P023",50
"26718",9638.35291941999,"NRI_P023",100
"26719",1770.83597941999,"NRI_P023",25
"26720",1461.32386941998,"NRI_P023",50
"26721",5351.43530941999,"NRI_P023",100
"26722",1524.16557941999,"NRI_P023",25
"26723",675.670069419954,"NRI_P023",50
"26724",3675.01211941999,"NRI_P023",100
"26725",3204.71997941996,"NRI_P023",25
"26726",5716.49013941997,"NRI_P023",50
"26727",9555.03379941999,"NRI_P023",100
"26728",139.878879419994,"NRI_P023",25
"26729",-194.468340580002,"NRI_P023",50
"26730",2156.19355942,"NRI_P023",100
"26731",334.500979419972,"NRI_P023",25
"26732",1015.76140942,"NRI_P023",50
"26733",2394.58966941998,"NRI_P023",100
"26734",974.075269419991,"NRI_P023",25
"26735",1605.69186942,"NRI_P023",50
"26736",5503.95918941998,"NRI_P023",100
"26737",-343.475320580008,"NRI_P023",25
"26738",5140.96830941999,"NRI_P023",50
"26739",6291.98245941999,"NRI_P023",100
"26740",-375.304310580017,"NRI_P023",25
"26741",2171.52896942,"NRI_P023",50
"26742",4707.61471941997,"NRI_P023",100
"26743",-208.028900580015,"NRI_P023",25
"26744",-22.9228805800085,"NRI_P023",50
"26745",2358.17615941999,"NRI_P023",100
"26746",5055.78206941998,"NRI_P023",25
"26747",2249.38041941996,"NRI_P023",50
"26748",8311.69232941995,"NRI_P023",100
"26749",1415.14586941997,"NRI_P023",25
"26750",-241.512530580047,"NRI_P023",50
"26751",3673.04878941999,"NRI_P023",100
"26752",2723.04026941996,"NRI_P023",25
"26753",37.926819419954,"NRI_P023",50
"26754",3360.96585941996,"NRI_P023",100
"26755",107.202769419993,"NRI_P023",25
"26756",285.515469420003,"NRI_P023",50
"26757",1399.08686941996,"NRI_P023",100
"26758",1691.28606941999,"NRI_P023",25
"26759",922.242409419967,"NRI_P023",50
"26760",4959.95940941997,"NRI_P023",100
"26761",483.214669419976,"NRI_P023",25
"26762",-524.825100579998,"NRI_P023",50
"26763",8494.59076941997,"NRI_P023",100
"26764",1284.29297941999,"NRI_P023",25
"26765",1323.16965941997,"NRI_P023",50
"26766",6653.01003941998,"NRI_P023",100
"26767",311.026179420005,"NRI_P023",25
"26768",3387.04002941999,"NRI_P023",50
"26769",-661.274350580003,"NRI_P023",100
"26770",595.186079419975,"NRI_P023",25
"26771",2663.06068941997,"NRI_P023",50
"26772",-646.574940580002,"NRI_P023",100
"26773",4716.13567941997,"NRI_P023",25
"26774",2786.15698941995,"NRI_P023",50
"26775",6364.30119941995,"NRI_P023",100
"26776",-68.3563105800422,"NRI_P023",25
"26777",-112.468050580006,"NRI_P023",50
"26778",3700.57597941998,"NRI_P023",100
"26779",149.363669419952,"NRI_P023",25
"26780",1427.03158941999,"NRI_P023",50
"26781",397.282559419982,"NRI_P023",100
"26782",639.768269419961,"NRI_P023",25
"26783",95.692369419965,"NRI_P023",50
"26784",4504.82959941996,"NRI_P023",100
"26785",-116.517220580019,"NRI_P023",25
"26786",-135.446820580051,"NRI_P023",50
"26787",5182.21243941999,"NRI_P023",100
"26788",-241.024450580007,"NRI_P023",25
"26789",4583.73375941999,"NRI_P023",50
"26790",2620.32592941995,"NRI_P023",100
"26791",-131.315320580034,"NRI_P023",25
"26792",1144.98146941996,"NRI_P023",50
"26793",617.849899419991,"NRI_P023",100
"26794",31.6135894199833,"NRI_P023",25
"26795",-148.943440580042,"NRI_P023",50
"26796",6295.36149941996,"NRI_P023",100
"26797",2144.74961941998,"NRI_P023",25
"26798",1568.18055941997,"NRI_P023",50
"26799",1364.50983941997,"NRI_P023",100
"26800",-58.1242905800464,"NRI_P023",25
"26801",1098.39271941996,"NRI_P023",50
"26802",878.171329420002,"NRI_P023",100
"26803",638.723569419992,"NRI_P023",25
"26804",-91.4212405800354,"NRI_P023",50
"26805",1161.72013941995,"NRI_P023",100
"26806",346.239619419968,"NRI_P023",25
"26807",4128.30333942,"NRI_P023",50
"26808",873.531359419983,"NRI_P023",100
"26809",2966.36566941999,"NRI_P023",25
"26810",5934.43924941996,"NRI_P023",50
"26811",4616.33593941998,"NRI_P023",100
"26812",-104.315700580017,"NRI_P023",25
"26813",447.486339419964,"NRI_P023",50
"26814",6958.87800942,"NRI_P023",100
"26815",-352.453880580026,"NRI_P023",25
"26816",1280.67011941998,"NRI_P023",50
"26817",1083.23709941999,"NRI_P023",100
"26818",-63.3073305800208,"NRI_P023",25
"26819",880.087769420003,"NRI_P023",50
"26820",178.534689419961,"NRI_P023",100
"26821",588.21835941996,"NRI_P023",25
"26822",2071.03176941996,"NRI_P023",50
"26823",3229.69479941996,"NRI_P023",100
"26824",227.612369419949,"NRI_P023",25
"26825",2783.04176941997,"NRI_P023",50
"26826",1535.71410941996,"NRI_P023",100
"26827",-230.712090580026,"NRI_P023",25
"26828",1193.02650941996,"NRI_P023",50
"26829",4984.01886941999,"NRI_P023",100
"26830",-20.2828605800169,"NRI_P023",25
"26831",331.735819419962,"NRI_P023",50
"26832",5165.61504941998,"NRI_P023",100
"26833",1462.02657941997,"NRI_P023",25
"26834",630.310569419991,"NRI_P023",50
"26835",3420.23075941997,"NRI_P023",100
"26836",2969.29253941996,"NRI_P023",25
"26837",4701.18506941997,"NRI_P023",50
"26838",-347.010970580042,"NRI_P023",100
"26839",196.275429419999,"NRI_P023",25
"26840",58.6832594199805,"NRI_P023",50
"26841",1339.14741941995,"NRI_P023",100
"26842",2859.50155941996,"NRI_P023",25
"26843",6047.43656941998,"NRI_P023",50
"26844",1156.81810941995,"NRI_P023",100
"26845",2684.85316941998,"NRI_P023",25
"26846",272.099349419994,"NRI_P023",50
"26847",4629.68294941995,"NRI_P023",100
"26848",2625.24236941995,"NRI_P023",25
"26849",1141.56936942,"NRI_P023",50
"26850",5572.90375941998,"NRI_P023",100
"26851",-41.5452005800325,"NRI_P023",25
"26852",2612.46756942,"NRI_P023",50
"26853",5764.03879942,"NRI_P023",100
"26854",798.438269420003,"NRI_P023",25
"26855",1393.77806941996,"NRI_P023",50
"26856",1904.79813941999,"NRI_P023",100
"26857",-258.241620580025,"NRI_P023",25
"26858",1109.82495941996,"NRI_P023",50
"26859",3296.85216941999,"NRI_P023",100
"26860",348.537579419964,"NRI_P023",25
"26861",258.51217941998,"NRI_P023",50
"26862",7726.39425941999,"NRI_P023",100
"26863",1237.73796941998,"NRI_P023",25
"26864",357.203769419983,"NRI_P023",50
"26865",11955.4400894199,"NRI_P023",100
"26866",-83.9687605799991,"NRI_P023",25
"26867",712.621389420005,"NRI_P023",50
"26868",3503.33519941999,"NRI_P023",100
"26869",507.53826941998,"NRI_P023",25
"26870",1127.14646942,"NRI_P023",50
"26871",11000.42435942,"NRI_P023",100
"26872",1906.97452941997,"NRI_P023",25
"26873",17.2677994199912,"NRI_P023",50
"26874",4275.95739941997,"NRI_P023",100
"26875",579.237279419962,"NRI_P023",25
"26876",301.333429419959,"NRI_P023",50
"26877",3293.68595941999,"NRI_P023",100
"26878",1360.13356941997,"NRI_P023",25
"26879",211.391199419973,"NRI_P023",50
"26880",2110.01606941997,"NRI_P023",100
"26881",-40.0687205800205,"NRI_P023",25
"26882",1152.26580941997,"NRI_P023",50
"26883",5039.66692941997,"NRI_P023",100
"26884",-165.719590580033,"NRI_P023",25
"26885",-14.6468805799959,"NRI_P023",50
"26886",1201.10128941998,"NRI_P023",100
"26887",896.26456941996,"NRI_P023",25
"26888",1477.02856941998,"NRI_P023",50
"26889",4537.19282941998,"NRI_P023",100
"26890",-308.16174058005,"NRI_P023",25
"26891",539.970129419991,"NRI_P023",50
"26892",1807.30240941996,"NRI_P023",100
"26893",124.966879419982,"NRI_P023",25
"26894",4249.86575941998,"NRI_P023",50
"26895",8935.05992941995,"NRI_P023",100
"26896",-212.370160580031,"NRI_P023",25
"26897",4086.81456941995,"NRI_P023",50
"26898",4852.73295941995,"NRI_P023",100
"26899",1465.41236942,"NRI_P023",25
"26900",167.339759419963,"NRI_P023",50
"26901",6407.80086942,"NRI_P023",100
"26902",2917.15585941996,"NRI_P023",25
"26903",2419.92456941999,"NRI_P023",50
"26904",5237.01910941995,"NRI_P023",100
"26905",91.2244394199806,"NRI_P023",25
"26906",3103.60255941999,"NRI_P023",50
"26907",492.268859419972,"NRI_P023",100
"26908",3154.71086941997,"NRI_P023",25
"26909",1389.35051942,"NRI_P023",50
"26910",5572.75853941997,"NRI_P023",100
"26911",-312.724410580005,"NRI_P023",25
"26912",300.207059420005,"NRI_P023",50
"26913",1444.32390942,"NRI_P023",100
"26914",3563.74426941999,"NRI_P023",25
"26915",11481.19267942,"NRI_P023",50
"26916",3876.57673941995,"NRI_P023",100
"26917",-74.0156205800013,"NRI_P023",25
"26918",-231.197290580021,"NRI_P023",50
"26919",1640.86510941997,"NRI_P023",100
"26920",1542.80407941999,"NRI_P023",25
"26921",1836.13475941995,"NRI_P023",50
"26922",860.110389419948,"NRI_P023",100
"26923",1288.17526941997,"NRI_P023",25
"26924",366.313759419951,"NRI_P023",50
"26925",2782.52743942,"NRI_P023",100
"26926",1618.54856942,"NRI_P023",25
"26927",1445.92168941995,"NRI_P023",50
"26928",2119.74793941999,"NRI_P023",100
"26929",703.660819419951,"NRI_P023",25
"26930",1011.59125941998,"NRI_P023",50
"26931",2999.11765941995,"NRI_P023",100
"26932",187.953669419978,"NRI_P023",25
"26933",2578.69441941998,"NRI_P023",50
"26934",1879.19409941998,"NRI_P023",100
"26935",35.5480194199481,"NRI_P023",25
"26936",5124.73755942,"NRI_P023",50
"26937",5908.98917941999,"NRI_P023",100
"26938",986.055569419987,"NRI_P023",25
"26939",121.304169419978,"NRI_P023",50
"26940",308.659419420001,"NRI_P023",100
"26941",402.989549419959,"NRI_P023",25
"26942",1121.88165941997,"NRI_P023",50
"26943",2085.83992941998,"NRI_P023",100
"26944",125.550369419972,"NRI_P023",25
"26945",-431.563770580047,"NRI_P023",50
"26946",6556.33729941997,"NRI_P023",100
"26947",-157.600870580005,"NRI_P023",25
"26948",8882.77386941999,"NRI_P023",50
"26949",6323.23649941996,"NRI_P023",100
"26950",49.4058194200043,"NRI_P023",25
"26951",2708.59687941999,"NRI_P023",50
"26952",3896.53366941999,"NRI_P023",100
"26953",11142.59487942,"NRI_P023",25
"26954",1028.70886941999,"NRI_P023",50
"26955",4378.31484941998,"NRI_P023",100
"26956",4185.14647941996,"NRI_P023",25
"26957",990.58507941995,"NRI_P023",50
"26958",981.431399419962,"NRI_P023",100
"26959",-124.041120580048,"NRI_P023",25
"26960",532.891179419996,"NRI_P023",50
"26961",3024.02125941997,"NRI_P023",100
"26962",808.358669419948,"NRI_P023",25
"26963",2728.82361942,"NRI_P023",50
"26964",4140.60953941999,"NRI_P023",100
"26965",2041.62011942,"NRI_P023",25
"26966",8681.29484941997,"NRI_P023",50
"26967",1786.10718941997,"NRI_P023",100
"26968",265.225469419966,"NRI_P023",25
"26969",1663.13195941999,"NRI_P023",50
"26970",1993.06668941997,"NRI_P023",100
"26971",-325.392670580011,"NRI_P023",25
"26972",2504.82448941999,"NRI_P023",50
"26973",5898.18380941998,"NRI_P023",100
"26974",973.082079419983,"NRI_P023",25
"26975",441.375109419983,"NRI_P023",50
"26976",9326.46446941997,"NRI_P023",100
"26977",-197.296620580018,"NRI_P023",25
"26978",4527.81767942,"NRI_P023",50
"26979",1153.06095941999,"NRI_P023",100
"26980",3171.06497941999,"NRI_P023",25
"26981",4116.13536941999,"NRI_P023",50
"26982",4241.83022941998,"NRI_P023",100
"26983",980.481169420003,"NRI_P023",25
"26984",1008.80905941996,"NRI_P023",50
"26985",6541.93382941996,"NRI_P023",100
"26986",2051.78286941996,"NRI_P023",25
"26987",2769.36596942,"NRI_P023",50
"26988",4576.16715941997,"NRI_P023",100
"26989",104.724579419999,"NRI_P023",25
"26990",2172.77581942,"NRI_P023",50
"26991",5381.54129942,"NRI_P023",100
"26992",-54.9166505800094,"NRI_P023",25
"26993",4092.47241941997,"NRI_P023",50
"26994",12983.35661942,"NRI_P023",100
"26995",-73.4160505800392,"NRI_P023",25
"26996",2451.92012942,"NRI_P023",50
"26997",1853.33734941995,"NRI_P023",100
"26998",62.2280194199993,"NRI_P023",25
"26999",306.909119419986,"NRI_P023",50
"27000",1997.39835941995,"NRI_P023",100
"27001",0.00619848800124601,"NRI_P024",25
"27002",2194.73949848799,"NRI_P024",50
"27003",538.602098487987,"NRI_P024",100
"27004",0.00619848800124601,"NRI_P024",25
"27005",-187.712351512018,"NRI_P024",50
"27006",-908.601867512014,"NRI_P024",100
"27007",0.00619848800124601,"NRI_P024",25
"27008",-591.388901511993,"NRI_P024",50
"27009",266.932198488008,"NRI_P024",100
"27010",0.00619848800124601,"NRI_P024",25
"27011",1390.83359848801,"NRI_P024",50
"27012",-557.630111512,"NRI_P024",100
"27013",0.00619848800124601,"NRI_P024",25
"27014",-58.3279015120061,"NRI_P024",50
"27015",-725.804801512015,"NRI_P024",100
"27016",0.00619848800124601,"NRI_P024",25
"27017",-676.123281512002,"NRI_P024",50
"27018",1642.29619848801,"NRI_P024",100
"27019",0.00619848800124601,"NRI_P024",25
"27020",1990.54759848799,"NRI_P024",50
"27021",1641.819898488,"NRI_P024",100
"27022",0.00619848800124601,"NRI_P024",25
"27023",-493.919101512001,"NRI_P024",50
"27024",-857.679091511993,"NRI_P024",100
"27025",0.00619848800124601,"NRI_P024",25
"27026",-16.7229015119956,"NRI_P024",50
"27027",-768.193921511993,"NRI_P024",100
"27028",0.00619848800124601,"NRI_P024",25
"27029",-52.4998015119927,"NRI_P024",50
"27030",-804.552701512002,"NRI_P024",100
"27031",0.00619848800124601,"NRI_P024",25
"27032",-178.869801512017,"NRI_P024",50
"27033",733.918198487983,"NRI_P024",100
"27034",0.00619848800124601,"NRI_P024",25
"27035",-126.262901512004,"NRI_P024",50
"27036",79.3631984879903,"NRI_P024",100
"27037",0.00619848800124601,"NRI_P024",25
"27038",-168.123861511995,"NRI_P024",50
"27039",-844.866701512015,"NRI_P024",100
"27040",0.00619848800124601,"NRI_P024",25
"27041",-715.402401511994,"NRI_P024",50
"27042",-807.967801512015,"NRI_P024",100
"27043",0.00619848800124601,"NRI_P024",25
"27044",-72.6130015120143,"NRI_P024",50
"27045",-795.696901512012,"NRI_P024",100
"27046",0.00619848800124601,"NRI_P024",25
"27047",-711.042791512009,"NRI_P024",50
"27048",189.427698487998,"NRI_P024",100
"27049",0.00619848800124601,"NRI_P024",25
"27050",6335.24349848801,"NRI_P024",50
"27051",-656.554181512009,"NRI_P024",100
"27052",0.00619848800124601,"NRI_P024",25
"27053",-702.627811512008,"NRI_P024",50
"27054",1204.290498488,"NRI_P024",100
"27055",0.00619848800124601,"NRI_P024",25
"27056",132.530998487986,"NRI_P024",50
"27057",-725.462661511992,"NRI_P024",100
"27058",0.00619848800124601,"NRI_P024",25
"27059",-153.380801512016,"NRI_P024",50
"27060",-567.916111511993,"NRI_P024",100
"27061",0.00619848800124601,"NRI_P024",25
"27062",-504.414401512011,"NRI_P024",50
"27063",-745.808501512016,"NRI_P024",100
"27064",0.00619848800124601,"NRI_P024",25
"27065",95.8479984879959,"NRI_P024",50
"27066",640.836898487993,"NRI_P024",100
"27067",0.00619848800124601,"NRI_P024",25
"27068",-664.596701511997,"NRI_P024",50
"27069",-720.619731512008,"NRI_P024",100
"27070",0.00619848800124601,"NRI_P024",25
"27071",-536.872401511995,"NRI_P024",50
"27072",1245.58569848799,"NRI_P024",100
"27073",0.00619848800124601,"NRI_P024",25
"27074",-712.906431512005,"NRI_P024",50
"27075",-801.334111511998,"NRI_P024",100
"27076",0.00619848800124601,"NRI_P024",25
"27077",-569.162501512008,"NRI_P024",50
"27078",1282.60899848799,"NRI_P024",100
"27079",0.00619848800124601,"NRI_P024",25
"27080",-546.502101512015,"NRI_P024",50
"27081",-76.8624515120173,"NRI_P024",100
"27082",0.00619848800124601,"NRI_P024",25
"27083",-156.661381512007,"NRI_P024",50
"27084",-672.638711512001,"NRI_P024",100
"27085",0.00619848800124601,"NRI_P024",25
"27086",-63.8157015120087,"NRI_P024",50
"27087",725.212648487999,"NRI_P024",100
"27088",0.00619848800124601,"NRI_P024",25
"27089",-652.793301511992,"NRI_P024",50
"27090",56.2569984880101,"NRI_P024",100
"27091",0.00619848800124601,"NRI_P024",25
"27092",-186.886041512014,"NRI_P024",50
"27093",-865.491331511992,"NRI_P024",100
"27094",0.00619848800124601,"NRI_P024",25
"27095",-706.347941512009,"NRI_P024",50
"27096",-577.643391512014,"NRI_P024",100
"27097",0.00619848800124601,"NRI_P024",25
"27098",-664.406401512009,"NRI_P024",50
"27099",-797.437701512012,"NRI_P024",100
"27100",0.00619848800124601,"NRI_P024",25
"27101",-443.008401511994,"NRI_P024",50
"27102",-777.014261511998,"NRI_P024",100
"27103",0.00619848800124601,"NRI_P024",25
"27104",-175.387801511999,"NRI_P024",50
"27105",-621.638881512015,"NRI_P024",100
"27106",0.00619848800124601,"NRI_P024",25
"27107",-711.434741511999,"NRI_P024",50
"27108",-679.485401512007,"NRI_P024",100
"27109",0.00619848800124601,"NRI_P024",25
"27110",-623.648501512012,"NRI_P024",50
"27111",-680.451801512012,"NRI_P024",100
"27112",0.00619848800124601,"NRI_P024",25
"27113",217.445198487985,"NRI_P024",50
"27114",-544.714091511996,"NRI_P024",100
"27115",0.00619848800124601,"NRI_P024",25
"27116",-596.333001512015,"NRI_P024",50
"27117",-789.285941512004,"NRI_P024",100
"27118",0.00619848800124601,"NRI_P024",25
"27119",469.764598487993,"NRI_P024",50
"27120",-810.084701512009,"NRI_P024",100
"27121",0.00619848800124601,"NRI_P024",25
"27122",5.47329848801019,"NRI_P024",50
"27123",267.639398487983,"NRI_P024",100
"27124",0.00619848800124601,"NRI_P024",25
"27125",-459.00770151199,"NRI_P024",50
"27126",-820.440601512004,"NRI_P024",100
"27127",0.00619848800124601,"NRI_P024",25
"27128",-178.011541512009,"NRI_P024",50
"27129",-624.040301511995,"NRI_P024",100
"27130",0.00619848800124601,"NRI_P024",25
"27131",-78.3922015120042,"NRI_P024",50
"27132",-831.175101511995,"NRI_P024",100
"27133",0.00619848800124601,"NRI_P024",25
"27134",-712.496921512007,"NRI_P024",50
"27135",-656.114241511998,"NRI_P024",100
"27136",0.00619848800124601,"NRI_P024",25
"27137",1.30939848799608,"NRI_P024",50
"27138",6333.285598488,"NRI_P024",100
"27139",0.00619848800124601,"NRI_P024",25
"27140",-504.414401512011,"NRI_P024",50
"27141",-535.445001512009,"NRI_P024",100
"27142",0.00619848800124601,"NRI_P024",25
"27143",760.337598487997,"NRI_P024",50
"27144",-886.149211512005,"NRI_P024",100
"27145",0.00619848800124601,"NRI_P024",25
"27146",-153.380801512016,"NRI_P024",50
"27147",822.470398487989,"NRI_P024",100
"27148",0.00619848800124601,"NRI_P024",25
"27149",-699.804871511995,"NRI_P024",50
"27150",584.449198488001,"NRI_P024",100
"27151",0.00619848800124601,"NRI_P024",25
"27152",-687.585761512019,"NRI_P024",50
"27153",439.824998488009,"NRI_P024",100
"27154",0.00619848800124601,"NRI_P024",25
"27155",185.772198488005,"NRI_P024",50
"27156",-861.516581511998,"NRI_P024",100
"27157",0.00619848800124601,"NRI_P024",25
"27158",197.049498487992,"NRI_P024",50
"27159",-848.611351511994,"NRI_P024",100
"27160",0.00619848800124601,"NRI_P024",25
"27161",-233.488001512014,"NRI_P024",50
"27162",-751.04808151201,"NRI_P024",100
"27163",0.00619848800124601,"NRI_P024",25
"27164",-690.370621512004,"NRI_P024",50
"27165",-826.858511511993,"NRI_P024",100
"27166",0.00619848800124601,"NRI_P024",25
"27167",-16.934201511991,"NRI_P024",50
"27168",446.985698487988,"NRI_P024",100
"27169",0.00619848800124601,"NRI_P024",25
"27170",-481.133701512008,"NRI_P024",50
"27171",-750.704051512002,"NRI_P024",100
"27172",0.00619848800124601,"NRI_P024",25
"27173",-504.693001512002,"NRI_P024",50
"27174",-512.019201512012,"NRI_P024",100
"27175",0.00619848800124601,"NRI_P024",25
"27176",-672.107031512016,"NRI_P024",50
"27177",-879.272561512014,"NRI_P024",100
"27178",0.00619848800124601,"NRI_P024",25
"27179",-690.154911512014,"NRI_P024",50
"27180",-783.112321512017,"NRI_P024",100
"27181",0.00619848800124601,"NRI_P024",25
"27182",-685.564861512015,"NRI_P024",50
"27183",419.677498487988,"NRI_P024",100
"27184",0.00619848800124601,"NRI_P024",25
"27185",-17.4105015120003,"NRI_P024",50
"27186",-881.216961511993,"NRI_P024",100
"27187",0.00619848800124601,"NRI_P024",25
"27188",-610.321301512013,"NRI_P024",50
"27189",-159.097101512016,"NRI_P024",100
"27190",0.00619848800124601,"NRI_P024",25
"27191",-568.316301512008,"NRI_P024",50
"27192",-500.23141151201,"NRI_P024",100
"27193",0.00619848800124601,"NRI_P024",25
"27194",-150.813211511995,"NRI_P024",50
"27195",1235.99147848799,"NRI_P024",100
"27196",0.00619848800124601,"NRI_P024",25
"27197",-707.000151512009,"NRI_P024",50
"27198",-309.928801511996,"NRI_P024",100
"27199",0.00619848800124601,"NRI_P024",25
"27200",-654.127701512014,"NRI_P024",50
"27201",-107.243801511999,"NRI_P024",100
"27202",0.00619848800124601,"NRI_P024",25
"27203",-113.341801511997,"NRI_P024",50
"27204",1493.42679848798,"NRI_P024",100
"27205",0.00619848800124601,"NRI_P024",25
"27206",-80.514301512012,"NRI_P024",50
"27207",2371.498538488,"NRI_P024",100
"27208",0.00619848800124601,"NRI_P024",25
"27209",-645.724801511999,"NRI_P024",50
"27210",1321.86439848799,"NRI_P024",100
"27211",0.00619848800124601,"NRI_P024",25
"27212",93.2643984879833,"NRI_P024",50
"27213",-527.819001511991,"NRI_P024",100
"27214",0.00619848800124601,"NRI_P024",25
"27215",4609.157498488,"NRI_P024",50
"27216",-749.087951512018,"NRI_P024",100
"27217",0.00619848800124601,"NRI_P024",25
"27218",-508.651601512014,"NRI_P024",50
"27219",-906.989491512009,"NRI_P024",100
"27220",0.00619848800124601,"NRI_P024",25
"27221",-512.970301512018,"NRI_P024",50
"27222",734.581058487995,"NRI_P024",100
"27223",0.00619848800124601,"NRI_P024",25
"27224",-233.488001512014,"NRI_P024",50
"27225",-842.920511511998,"NRI_P024",100
"27226",0.00619848800124601,"NRI_P024",25
"27227",-680.606271511992,"NRI_P024",50
"27228",-715.639201512007,"NRI_P024",100
"27229",0.00619848800124601,"NRI_P024",25
"27230",-148.76438151201,"NRI_P024",50
"27231",-787.596031512017,"NRI_P024",100
"27232",0.00619848800124601,"NRI_P024",25
"27233",1240.11859848798,"NRI_P024",50
"27234",1690.72939848801,"NRI_P024",100
"27235",0.00619848800124601,"NRI_P024",25
"27236",3044.081598488,"NRI_P024",50
"27237",-314.234101512004,"NRI_P024",100
"27238",0.00619848800124601,"NRI_P024",25
"27239",-104.452601511992,"NRI_P024",50
"27240",342.078998487996,"NRI_P024",100
"27241",0.00619848800124601,"NRI_P024",25
"27242",-685.678371512011,"NRI_P024",50
"27243",-752.539471511991,"NRI_P024",100
"27244",0.00619848800124601,"NRI_P024",25
"27245",-481.133701512008,"NRI_P024",50
"27246",-593.461401512002,"NRI_P024",100
"27247",0.00619848800124601,"NRI_P024",25
"27248",-113.25200151201,"NRI_P024",50
"27249",296.963198487996,"NRI_P024",100
"27250",0.00619848800124601,"NRI_P024",25
"27251",-720.573991512007,"NRI_P024",50
"27252",1874.91389848798,"NRI_P024",100
"27253",0.00619848800124601,"NRI_P024",25
"27254",35.3556984879833,"NRI_P024",50
"27255",51.7502584879985,"NRI_P024",100
"27256",0.00619848800124601,"NRI_P024",25
"27257",32.6780984879879,"NRI_P024",50
"27258",584.558598487987,"NRI_P024",100
"27259",0.00619848800124601,"NRI_P024",25
"27260",-98.2129015120154,"NRI_P024",50
"27261",309.874498488003,"NRI_P024",100
"27262",0.00619848800124601,"NRI_P024",25
"27263",417.903598487988,"NRI_P024",50
"27264",2729.62979848799,"NRI_P024",100
"27265",0.00619848800124601,"NRI_P024",25
"27266",-163.402111511998,"NRI_P024",50
"27267",-687.215511512011,"NRI_P024",100
"27268",0.00619848800124601,"NRI_P024",25
"27269",906.546498487995,"NRI_P024",50
"27270",-316.572131512017,"NRI_P024",100
"27271",0.00619848800124601,"NRI_P024",25
"27272",-650.022101512004,"NRI_P024",50
"27273",2457.68609848799,"NRI_P024",100
"27274",0.00619848800124601,"NRI_P024",25
"27275",-93.5817015120119,"NRI_P024",50
"27276",120.734398487984,"NRI_P024",100
"27277",0.00619848800124601,"NRI_P024",25
"27278",-212.046901512018,"NRI_P024",50
"27279",-846.751691512007,"NRI_P024",100
"27280",0.00619848800124601,"NRI_P024",25
"27281",923.513598488003,"NRI_P024",50
"27282",1364.66749848801,"NRI_P024",100
"27283",0.00619848800124601,"NRI_P024",25
"27284",424.542198487994,"NRI_P024",50
"27285",-881.014741512015,"NRI_P024",100
"27286",0.00619848800124601,"NRI_P024",25
"27287",-193.44453151201,"NRI_P024",50
"27288",-789.689801511995,"NRI_P024",100
"27289",0.00619848800124601,"NRI_P024",25
"27290",989.226498487988,"NRI_P024",50
"27291",-374.698101512011,"NRI_P024",100
"27292",0.00619848800124601,"NRI_P024",25
"27293",132.530998487986,"NRI_P024",50
"27294",-834.479401512013,"NRI_P024",100
"27295",0.00619848800124601,"NRI_P024",25
"27296",-617.931401512004,"NRI_P024",50
"27297",-473.16500151201,"NRI_P024",100
"27298",0.00619848800124601,"NRI_P024",25
"27299",1910.29549848801,"NRI_P024",50
"27300",-800.765361511993,"NRI_P024",100
"27301",686.77781968104,"NRI_P025",25
"27302",-569.591700318968,"NRI_P025",50
"27303",-454.520290318993,"NRI_P025",100
"27304",7600.35547968099,"NRI_P025",25
"27305",4069.21504968102,"NRI_P025",50
"27306",1925.750569681,"NRI_P025",100
"27307",2927.48715968104,"NRI_P025",25
"27308",2047.50801968103,"NRI_P025",50
"27309",12242.593579681,"NRI_P025",100
"27310",-2882.78810031898,"NRI_P025",25
"27311",-611.298430319002,"NRI_P025",50
"27312",6042.76949968102,"NRI_P025",100
"27313",4851.21790968103,"NRI_P025",25
"27314",-4343.30113031896,"NRI_P025",50
"27315",32682.336529681,"NRI_P025",100
"27316",6071.78184968099,"NRI_P025",25
"27317",-1152.34563031897,"NRI_P025",50
"27318",15887.565259681,"NRI_P025",100
"27319",11172.678869681,"NRI_P025",25
"27320",4489.10836968099,"NRI_P025",50
"27321",14996.158189681,"NRI_P025",100
"27322",-4030.54020031897,"NRI_P025",25
"27323",3640.48006968101,"NRI_P025",50
"27324",4608.49710968102,"NRI_P025",100
"27325",7490.77819968102,"NRI_P025",25
"27326",6479.01006968104,"NRI_P025",50
"27327",18483.601949681,"NRI_P025",100
"27328",18458.956899681,"NRI_P025",25
"27329",7278.66521968099,"NRI_P025",50
"27330",13520.045079681,"NRI_P025",100
"27331",5394.89377968101,"NRI_P025",25
"27332",413.125699680997,"NRI_P025",50
"27333",935.733199681039,"NRI_P025",100
"27334",2722.454229681,"NRI_P025",25
"27335",14147.271959681,"NRI_P025",50
"27336",8045.35682968103,"NRI_P025",100
"27337",6482.02034968103,"NRI_P025",25
"27338",14248.669429681,"NRI_P025",50
"27339",-3569.24993031897,"NRI_P025",100
"27340",702.86713968101,"NRI_P025",25
"27341",-1273.515200319,"NRI_P025",50
"27342",-3017.29208031896,"NRI_P025",100
"27343",2417.16225968103,"NRI_P025",25
"27344",512.104919681035,"NRI_P025",50
"27345",4107.06551968103,"NRI_P025",100
"27346",1227.34791968099,"NRI_P025",25
"27347",2451.14438968099,"NRI_P025",50
"27348",11739.873519681,"NRI_P025",100
"27349",-2702.40476031898,"NRI_P025",25
"27350",-742.794950318988,"NRI_P025",50
"27351",3548.31296968099,"NRI_P025",100
"27352",266.225129680999,"NRI_P025",25
"27353",4049.45499968104,"NRI_P025",50
"27354",9286.502159681,"NRI_P025",100
"27355",-2232.89291031897,"NRI_P025",25
"27356",17218.552479681,"NRI_P025",50
"27357",20138.403869681,"NRI_P025",100
"27358",5148.793959681,"NRI_P025",25
"27359",13596.216019681,"NRI_P025",50
"27360",10637.699249681,"NRI_P025",100
"27361",124.159889681032,"NRI_P025",25
"27362",-1990.55046031898,"NRI_P025",50
"27363",24912.488149681,"NRI_P025",100
"27364",6770.98486968101,"NRI_P025",25
"27365",306.059389681031,"NRI_P025",50
"27366",13750.170309681,"NRI_P025",100
"27367",-1306.90575031901,"NRI_P025",25
"27368",7625.77036968101,"NRI_P025",50
"27369",6430.362719681,"NRI_P025",100
"27370",1943.41612968099,"NRI_P025",25
"27371",29320.376759681,"NRI_P025",50
"27372",21467.319659681,"NRI_P025",100
"27373",-872.06110031897,"NRI_P025",25
"27374",450.481319681043,"NRI_P025",50
"27375",19653.348899681,"NRI_P025",100
"27376",-714.288140318997,"NRI_P025",25
"27377",1256.91438968101,"NRI_P025",50
"27378",11192.092829681,"NRI_P025",100
"27379",49.7495096810162,"NRI_P025",25
"27380",2106.57979968103,"NRI_P025",50
"27381",1417.90599968104,"NRI_P025",100
"27382",-2100.561020319,"NRI_P025",25
"27383",22990.701329681,"NRI_P025",50
"27384",26705.178329681,"NRI_P025",100
"27385",5143.20983968099,"NRI_P025",25
"27386",9392.362329681,"NRI_P025",50
"27387",1664.97189968103,"NRI_P025",100
"27388",6898.68294968101,"NRI_P025",25
"27389",6796.57814968104,"NRI_P025",50
"27390",13926.464369681,"NRI_P025",100
"27391",5272.15343968099,"NRI_P025",25
"27392",21509.346369681,"NRI_P025",50
"27393",13957.774629681,"NRI_P025",100
"27394",3283.79052968102,"NRI_P025",25
"27395",841.521229681035,"NRI_P025",50
"27396",3891.233729681,"NRI_P025",100
"27397",-826.924540318956,"NRI_P025",25
"27398",5852.48550968099,"NRI_P025",50
"27399",6404.51781968103,"NRI_P025",100
"27400",9537.87616968103,"NRI_P025",25
"27401",7885.65274968103,"NRI_P025",50
"27402",16201.065299681,"NRI_P025",100
"27403",-4094.69301031897,"NRI_P025",25
"27404",2225.70557968103,"NRI_P025",50
"27405",22418.816079681,"NRI_P025",100
"27406",4974.413539681,"NRI_P025",25
"27407",4476.45137968101,"NRI_P025",50
"27408",13392.695509681,"NRI_P025",100
"27409",-3307.071240319,"NRI_P025",25
"27410",4722.22093968099,"NRI_P025",50
"27411",1819.93529968103,"NRI_P025",100
"27412",-2721.47067031899,"NRI_P025",25
"27413",1867.38346968102,"NRI_P025",50
"27414",-1412.38115031901,"NRI_P025",100
"27415",300.159629681031,"NRI_P025",25
"27416",32174.214669681,"NRI_P025",50
"27417",7366.86633968103,"NRI_P025",100
"27418",-3039.060600319,"NRI_P025",25
"27419",7998.14350968105,"NRI_P025",50
"27420",3618.68259968102,"NRI_P025",100
"27421",-2597.08914031897,"NRI_P025",25
"27422",250.372519680997,"NRI_P025",50
"27423",7242.53198968101,"NRI_P025",100
"27424",3132.19862968102,"NRI_P025",25
"27425",12778.501779681,"NRI_P025",50
"27426",10282.696819681,"NRI_P025",100
"27427",573.121189680998,"NRI_P025",25
"27428",2222.16078968102,"NRI_P025",50
"27429",6899.10297968099,"NRI_P025",100
"27430",-1156.32386031898,"NRI_P025",25
"27431",7763.64524968102,"NRI_P025",50
"27432",24344.100019681,"NRI_P025",100
"27433",4359.61658968101,"NRI_P025",25
"27434",-2710.55455031898,"NRI_P025",50
"27435",24810.163629681,"NRI_P025",100
"27436",5476.14706968103,"NRI_P025",25
"27437",2791.59173968103,"NRI_P025",50
"27438",10662.702969681,"NRI_P025",100
"27439",-634.984720318986,"NRI_P025",25
"27440",1872.63933968102,"NRI_P025",50
"27441",12679.966209681,"NRI_P025",100
"27442",4393.31958968099,"NRI_P025",25
"27443",4599.15004968102,"NRI_P025",50
"27444",2030.66883968102,"NRI_P025",100
"27445",1686.82359968103,"NRI_P025",25
"27446",3325.06588968099,"NRI_P025",50
"27447",6542.966629681,"NRI_P025",100
"27448",5803.84608968103,"NRI_P025",25
"27449",5741.16324968101,"NRI_P025",50
"27450",11968.331529681,"NRI_P025",100
"27451",12373.647999681,"NRI_P025",25
"27452",3534.96405968099,"NRI_P025",50
"27453",19128.588569681,"NRI_P025",100
"27454",2867.07739968103,"NRI_P025",25
"27455",-4510.02947031899,"NRI_P025",50
"27456",19398.240709681,"NRI_P025",100
"27457",2380.02785968099,"NRI_P025",25
"27458",2699.281659681,"NRI_P025",50
"27459",3133.86233968101,"NRI_P025",100
"27460",-1759.651460319,"NRI_P025",25
"27461",1661.85789968102,"NRI_P025",50
"27462",16219.216059681,"NRI_P025",100
"27463",-2793.65758031898,"NRI_P025",25
"27464",6218.683139681,"NRI_P025",50
"27465",-300.738570318965,"NRI_P025",100
"27466",668.396909681032,"NRI_P025",25
"27467",522.543669681007,"NRI_P025",50
"27468",-2437.71777031897,"NRI_P025",100
"27469",-3541.81320031901,"NRI_P025",25
"27470",-1860.24330031901,"NRI_P025",50
"27471",3643.68667968101,"NRI_P025",100
"27472",2861.15231968102,"NRI_P025",25
"27473",-2698.26146031899,"NRI_P025",50
"27474",12370.276579681,"NRI_P025",100
"27475",2095.70950968104,"NRI_P025",25
"27476",2077.545159681,"NRI_P025",50
"27477",16885.008959681,"NRI_P025",100
"27478",2213.056939681,"NRI_P025",25
"27479",-2281.37324031896,"NRI_P025",50
"27480",8962.86606968101,"NRI_P025",100
"27481",-191.529880318965,"NRI_P025",25
"27482",10698.542609681,"NRI_P025",50
"27483",20509.927989681,"NRI_P025",100
"27484",15606.201909681,"NRI_P025",25
"27485",3149.87617968104,"NRI_P025",50
"27486",3470.53145968099,"NRI_P025",100
"27487",-851.929030318977,"NRI_P025",25
"27488",3247.11115968099,"NRI_P025",50
"27489",10400.579579681,"NRI_P025",100
"27490",-278.229580318963,"NRI_P025",25
"27491",14848.865499681,"NRI_P025",50
"27492",9193.59529968101,"NRI_P025",100
"27493",-1087.99399031897,"NRI_P025",25
"27494",10173.851159681,"NRI_P025",50
"27495",20844.891639681,"NRI_P025",100
"27496",2643.73301968101,"NRI_P025",25
"27497",2158.34818968101,"NRI_P025",50
"27498",10166.785469681,"NRI_P025",100
"27499",170.845009681012,"NRI_P025",25
"27500",6763.351589681,"NRI_P025",50
"27501",25410.782189681,"NRI_P025",100
"27502",-3306.35459031898,"NRI_P025",25
"27503",263.502819681016,"NRI_P025",50
"27504",749.292079681007,"NRI_P025",100
"27505",10760.003349681,"NRI_P025",25
"27506",174.569589680992,"NRI_P025",50
"27507",13177.526039681,"NRI_P025",100
"27508",-3214.668270319,"NRI_P025",25
"27509",6041.72953968099,"NRI_P025",50
"27510",21745.556979681,"NRI_P025",100
"27511",142.523269681027,"NRI_P025",25
"27512",6838.36171968101,"NRI_P025",50
"27513",16837.808249681,"NRI_P025",100
"27514",7219.95361968101,"NRI_P025",25
"27515",1193.18184968102,"NRI_P025",50
"27516",2722.95215968101,"NRI_P025",100
"27517",145.052669681027,"NRI_P025",25
"27518",-2624.59109031898,"NRI_P025",50
"27519",9860.16893968103,"NRI_P025",100
"27520",5707.76175968105,"NRI_P025",25
"27521",7905.14147968101,"NRI_P025",50
"27522",11140.644049681,"NRI_P025",100
"27523",-1988.61264031898,"NRI_P025",25
"27524",5467.87859968102,"NRI_P025",50
"27525",6394.80466968101,"NRI_P025",100
"27526",-72.7210503189708,"NRI_P025",25
"27527",8023.85083968099,"NRI_P025",50
"27528",4682.56736968103,"NRI_P025",100
"27529",-1085.443030319,"NRI_P025",25
"27530",9891.41909968102,"NRI_P025",50
"27531",22489.410689681,"NRI_P025",100
"27532",2088.48621968104,"NRI_P025",25
"27533",13888.406699681,"NRI_P025",50
"27534",527.255699681002,"NRI_P025",100
"27535",-915.072090319009,"NRI_P025",25
"27536",2677.12228968099,"NRI_P025",50
"27537",2399.29375968099,"NRI_P025",100
"27538",5.45398968103109,"NRI_P025",25
"27539",6691.99914968101,"NRI_P025",50
"27540",9713.01027968101,"NRI_P025",100
"27541",-780.797040319012,"NRI_P025",25
"27542",2832.12270968099,"NRI_P025",50
"27543",10269.601869681,"NRI_P025",100
"27544",-567.407790319005,"NRI_P025",25
"27545",-1416.32660031901,"NRI_P025",50
"27546",14627.653189681,"NRI_P025",100
"27547",7400.730129681,"NRI_P025",25
"27548",-1299.639780319,"NRI_P025",50
"27549",17732.642289681,"NRI_P025",100
"27550",1760.34228968102,"NRI_P025",25
"27551",8085.53910968103,"NRI_P025",50
"27552",7358.54110968101,"NRI_P025",100
"27553",7781.45225968101,"NRI_P025",25
"27554",-1613.35695031896,"NRI_P025",50
"27555",6158.82155968103,"NRI_P025",100
"27556",758.008989681024,"NRI_P025",25
"27557",73.5175996810431,"NRI_P025",50
"27558",12251.857779681,"NRI_P025",100
"27559",5512.804309681,"NRI_P025",25
"27560",9145.11963968101,"NRI_P025",50
"27561",4855.908799681,"NRI_P025",100
"27562",4518.71116968099,"NRI_P025",25
"27563",306.490589681023,"NRI_P025",50
"27564",31257.306609681,"NRI_P025",100
"27565",11379.491239681,"NRI_P025",25
"27566",-2251.66044031898,"NRI_P025",50
"27567",11886.818909681,"NRI_P025",100
"27568",5001.92894968099,"NRI_P025",25
"27569",13054.711069681,"NRI_P025",50
"27570",7675.88437968103,"NRI_P025",100
"27571",2403.58063968102,"NRI_P025",25
"27572",5094.208709681,"NRI_P025",50
"27573",11246.847889681,"NRI_P025",100
"27574",-776.590990318975,"NRI_P025",25
"27575",5630.36077968101,"NRI_P025",50
"27576",14309.680869681,"NRI_P025",100
"27577",9634.19965968101,"NRI_P025",25
"27578",3732.45444968104,"NRI_P025",50
"27579",-867.970800318988,"NRI_P025",100
"27580",7040.06314968102,"NRI_P025",25
"27581",914.799099681026,"NRI_P025",50
"27582",-2899.06349031901,"NRI_P025",100
"27583",1776.60169968102,"NRI_P025",25
"27584",-1951.50662031898,"NRI_P025",50
"27585",10213.535659681,"NRI_P025",100
"27586",-1158.88232031901,"NRI_P025",25
"27587",8978.62974968104,"NRI_P025",50
"27588",5456.123009681,"NRI_P025",100
"27589",-1878.41179031896,"NRI_P025",25
"27590",15976.577359681,"NRI_P025",50
"27591",689.105729681032,"NRI_P025",100
"27592",2542.79062968103,"NRI_P025",25
"27593",4578.63557968102,"NRI_P025",50
"27594",27943.300399681,"NRI_P025",100
"27595",-764.627790318977,"NRI_P025",25
"27596",6960.15569968102,"NRI_P025",50
"27597",2683.57190968102,"NRI_P025",100
"27598",2371.28873968101,"NRI_P025",25
"27599",-917.670260318962,"NRI_P025",50
"27600",8816.991909681,"NRI_P025",100
"27601",0.00437357497867197,"NRI_P027",25
"27602",0.00437357497867197,"NRI_P027",50
"27603",45.9381735749776,"NRI_P027",100
"27604",0.00437357497867197,"NRI_P027",25
"27605",0.00437357497867197,"NRI_P027",50
"27606",-5591.69832642504,"NRI_P027",100
"27607",0.00437357497867197,"NRI_P027",25
"27608",0.00437357497867197,"NRI_P027",50
"27609",1279.01687357499,"NRI_P027",100
"27610",0.00437357497867197,"NRI_P027",25
"27611",0.00437357497867197,"NRI_P027",50
"27612",-1718.88063642505,"NRI_P027",100
"27613",0.00437357497867197,"NRI_P027",25
"27614",0.00437357497867197,"NRI_P027",50
"27615",614.730773574964,"NRI_P027",100
"27616",0.00437357497867197,"NRI_P027",25
"27617",0.00437357497867197,"NRI_P027",50
"27618",1515.90607357497,"NRI_P027",100
"27619",0.00437357497867197,"NRI_P027",25
"27620",0.00437357497867197,"NRI_P027",50
"27621",599.852173574967,"NRI_P027",100
"27622",0.00437357497867197,"NRI_P027",25
"27623",0.00437357497867197,"NRI_P027",50
"27624",-17.1029664250091,"NRI_P027",100
"27625",0.00437357497867197,"NRI_P027",25
"27626",0.00437357497867197,"NRI_P027",50
"27627",-1073.99192642502,"NRI_P027",100
"27628",0.00437357497867197,"NRI_P027",25
"27629",0.00437357497867197,"NRI_P027",50
"27630",1653.504773575,"NRI_P027",100
"27631",0.00437357497867197,"NRI_P027",25
"27632",0.00437357497867197,"NRI_P027",50
"27633",-2409.59862642502,"NRI_P027",100
"27634",0.00437357497867197,"NRI_P027",25
"27635",0.00437357497867197,"NRI_P027",50
"27636",611.43577357498,"NRI_P027",100
"27637",0.00437357497867197,"NRI_P027",25
"27638",0.00437357497867197,"NRI_P027",50
"27639",-1141.69482642505,"NRI_P027",100
"27640",0.00437357497867197,"NRI_P027",25
"27641",0.00437357497867197,"NRI_P027",50
"27642",100.915673574957,"NRI_P027",100
"27643",0.00437357497867197,"NRI_P027",25
"27644",0.00437357497867197,"NRI_P027",50
"27645",6.09167357499246,"NRI_P027",100
"27646",0.00437357497867197,"NRI_P027",25
"27647",0.00437357497867197,"NRI_P027",50
"27648",147.230503574945,"NRI_P027",100
"27649",0.00437357497867197,"NRI_P027",25
"27650",0.00437357497867197,"NRI_P027",50
"27651",-1021.53482642502,"NRI_P027",100
"27652",0.00437357497867197,"NRI_P027",25
"27653",0.00437357497867197,"NRI_P027",50
"27654",8.52197357494151,"NRI_P027",100
"27655",0.00437357497867197,"NRI_P027",25
"27656",0.00437357497867197,"NRI_P027",50
"27657",-127.635946425027,"NRI_P027",100
"27658",0.00437357497867197,"NRI_P027",25
"27659",0.00437357497867197,"NRI_P027",50
"27660",-545.370126425056,"NRI_P027",100
"27661",0.00437357497867197,"NRI_P027",25
"27662",0.00437357497867197,"NRI_P027",50
"27663",7897.73077357496,"NRI_P027",100
"27664",0.00437357497867197,"NRI_P027",25
"27665",0.00437357497867197,"NRI_P027",50
"27666",2524.20567357499,"NRI_P027",100
"27667",0.00437357497867197,"NRI_P027",25
"27668",0.00437357497867197,"NRI_P027",50
"27669",-1715.95991642505,"NRI_P027",100
"27670",0.00437357497867197,"NRI_P027",25
"27671",0.00437357497867197,"NRI_P027",50
"27672",-1507.58782642504,"NRI_P027",100
"27673",0.00437357497867197,"NRI_P027",25
"27674",0.00437357497867197,"NRI_P027",50
"27675",-26.0279364250018,"NRI_P027",100
"27676",0.00437357497867197,"NRI_P027",25
"27677",0.00437357497867197,"NRI_P027",50
"27678",-478.470826425008,"NRI_P027",100
"27679",0.00437357497867197,"NRI_P027",25
"27680",0.00437357497867197,"NRI_P027",50
"27681",112.121133574983,"NRI_P027",100
"27682",0.00437357497867197,"NRI_P027",25
"27683",0.00437357497867197,"NRI_P027",50
"27684",-34.4671264250064,"NRI_P027",100
"27685",0.00437357497867197,"NRI_P027",25
"27686",0.00437357497867197,"NRI_P027",50
"27687",46.9411435749498,"NRI_P027",100
"27688",0.00437357497867197,"NRI_P027",25
"27689",0.00437357497867197,"NRI_P027",50
"27690",118.441573574964,"NRI_P027",100
"27691",0.00437357497867197,"NRI_P027",25
"27692",0.00437357497867197,"NRI_P027",50
"27693",1084.06796357495,"NRI_P027",100
"27694",0.00437357497867197,"NRI_P027",25
"27695",0.00437357497867197,"NRI_P027",50
"27696",-1542.15592642501,"NRI_P027",100
"27697",0.00437357497867197,"NRI_P027",25
"27698",0.00437357497867197,"NRI_P027",50
"27699",-633.670076425013,"NRI_P027",100
"27700",0.00437357497867197,"NRI_P027",25
"27701",0.00437357497867197,"NRI_P027",50
"27702",418.527573574975,"NRI_P027",100
"27703",0.00437357497867197,"NRI_P027",25
"27704",0.00437357497867197,"NRI_P027",50
"27705",-281.847926425049,"NRI_P027",100
"27706",0.00437357497867197,"NRI_P027",25
"27707",0.00437357497867197,"NRI_P027",50
"27708",-316.787706425006,"NRI_P027",100
"27709",0.00437357497867197,"NRI_P027",25
"27710",0.00437357497867197,"NRI_P027",50
"27711",2734.97937357496,"NRI_P027",100
"27712",0.00437357497867197,"NRI_P027",25
"27713",0.00437357497867197,"NRI_P027",50
"27714",806.265173574968,"NRI_P027",100
"27715",0.00437357497867197,"NRI_P027",25
"27716",0.00437357497867197,"NRI_P027",50
"27717",-9060.49582642503,"NRI_P027",100
"27718",0.00437357497867197,"NRI_P027",25
"27719",0.00437357497867197,"NRI_P027",50
"27720",-1075.09529642505,"NRI_P027",100
"27721",0.00437357497867197,"NRI_P027",25
"27722",0.00437357497867197,"NRI_P027",50
"27723",-198.760746425018,"NRI_P027",100
"27724",0.00437357497867197,"NRI_P027",25
"27725",0.00437357497867197,"NRI_P027",50
"27726",1095.55278357497,"NRI_P027",100
"27727",0.00437357497867197,"NRI_P027",25
"27728",0.00437357497867197,"NRI_P027",50
"27729",-5450.22862642503,"NRI_P027",100
"27730",0.00437357497867197,"NRI_P027",25
"27731",0.00437357497867197,"NRI_P027",50
"27732",140.469883574988,"NRI_P027",100
"27733",0.00437357497867197,"NRI_P027",25
"27734",0.00437357497867197,"NRI_P027",50
"27735",-472.428426425031,"NRI_P027",100
"27736",0.00437357497867197,"NRI_P027",25
"27737",0.00437357497867197,"NRI_P027",50
"27738",-533.514826425002,"NRI_P027",100
"27739",0.00437357497867197,"NRI_P027",25
"27740",0.00437357497867197,"NRI_P027",50
"27741",947.482973574952,"NRI_P027",100
"27742",0.00437357497867197,"NRI_P027",25
"27743",0.00437357497867197,"NRI_P027",50
"27744",744.565273574961,"NRI_P027",100
"27745",0.00437357497867197,"NRI_P027",25
"27746",0.00437357497867197,"NRI_P027",50
"27747",79.1695735749672,"NRI_P027",100
"27748",0.00437357497867197,"NRI_P027",25
"27749",0.00437357497867197,"NRI_P027",50
"27750",74.7312735749874,"NRI_P027",100
"27751",0.00437357497867197,"NRI_P027",25
"27752",0.00437357497867197,"NRI_P027",50
"27753",-114.822126425046,"NRI_P027",100
"27754",0.00437357497867197,"NRI_P027",25
"27755",0.00437357497867197,"NRI_P027",50
"27756",-2669.43842642504,"NRI_P027",100
"27757",0.00437357497867197,"NRI_P027",25
"27758",0.00437357497867197,"NRI_P027",50
"27759",-904.220526425052,"NRI_P027",100
"27760",0.00437357497867197,"NRI_P027",25
"27761",0.00437357497867197,"NRI_P027",50
"27762",-169.171336425003,"NRI_P027",100
"27763",0.00437357497867197,"NRI_P027",25
"27764",0.00437357497867197,"NRI_P027",50
"27765",485.576773574983,"NRI_P027",100
"27766",0.00437357497867197,"NRI_P027",25
"27767",0.00437357497867197,"NRI_P027",50
"27768",-2545.78662642505,"NRI_P027",100
"27769",0.00437357497867197,"NRI_P027",25
"27770",0.00437357497867197,"NRI_P027",50
"27771",360.675173574942,"NRI_P027",100
"27772",0.00437357497867197,"NRI_P027",25
"27773",0.00437357497867197,"NRI_P027",50
"27774",-1096.54492642503,"NRI_P027",100
"27775",0.00437357497867197,"NRI_P027",25
"27776",0.00437357497867197,"NRI_P027",50
"27777",-942.11692642502,"NRI_P027",100
"27778",0.00437357497867197,"NRI_P027",25
"27779",0.00437357497867197,"NRI_P027",50
"27780",-7613.61742642504,"NRI_P027",100
"27781",0.00437357497867197,"NRI_P027",25
"27782",0.00437357497867197,"NRI_P027",50
"27783",70.0011735749431,"NRI_P027",100
"27784",0.00437357497867197,"NRI_P027",25
"27785",0.00437357497867197,"NRI_P027",50
"27786",-57.9795264250133,"NRI_P027",100
"27787",0.00437357497867197,"NRI_P027",25
"27788",0.00437357497867197,"NRI_P027",50
"27789",984.602273574972,"NRI_P027",100
"27790",0.00437357497867197,"NRI_P027",25
"27791",0.00437357497867197,"NRI_P027",50
"27792",1295.34237357497,"NRI_P027",100
"27793",0.00437357497867197,"NRI_P027",25
"27794",0.00437357497867197,"NRI_P027",50
"27795",-1547.78662642505,"NRI_P027",100
"27796",0.00437357497867197,"NRI_P027",25
"27797",0.00437357497867197,"NRI_P027",50
"27798",-137.876476425037,"NRI_P027",100
"27799",0.00437357497867197,"NRI_P027",25
"27800",0.00437357497867197,"NRI_P027",50
"27801",0.00437357497867197,"NRI_P027",100
"27802",0.00437357497867197,"NRI_P027",25
"27803",0.00437357497867197,"NRI_P027",50
"27804",-206.978326425015,"NRI_P027",100
"27805",0.00437357497867197,"NRI_P027",25
"27806",0.00437357497867197,"NRI_P027",50
"27807",390.334823574987,"NRI_P027",100
"27808",0.00437357497867197,"NRI_P027",25
"27809",0.00437357497867197,"NRI_P027",50
"27810",49.9386735749431,"NRI_P027",100
"27811",0.00437357497867197,"NRI_P027",25
"27812",0.00437357497867197,"NRI_P027",50
"27813",3961.60407357494,"NRI_P027",100
"27814",0.00437357497867197,"NRI_P027",25
"27815",0.00437357497867197,"NRI_P027",50
"27816",-8.05022642505355,"NRI_P027",100
"27817",0.00437357497867197,"NRI_P027",25
"27818",0.00437357497867197,"NRI_P027",50
"27819",-196.731216425018,"NRI_P027",100
"27820",0.00437357497867197,"NRI_P027",25
"27821",0.00437357497867197,"NRI_P027",50
"27822",156.885153574985,"NRI_P027",100
"27823",0.00437357497867197,"NRI_P027",25
"27824",0.00437357497867197,"NRI_P027",50
"27825",102.610373574949,"NRI_P027",100
"27826",0.00437357497867197,"NRI_P027",25
"27827",0.00437357497867197,"NRI_P027",50
"27828",-1269.05562642502,"NRI_P027",100
"27829",0.00437357497867197,"NRI_P027",25
"27830",0.00437357497867197,"NRI_P027",50
"27831",147.405873574957,"NRI_P027",100
"27832",0.00437357497867197,"NRI_P027",25
"27833",0.00437357497867197,"NRI_P027",50
"27834",-1375.87802642502,"NRI_P027",100
"27835",0.00437357497867197,"NRI_P027",25
"27836",0.00437357497867197,"NRI_P027",50
"27837",172.174753574945,"NRI_P027",100
"27838",0.00437357497867197,"NRI_P027",25
"27839",0.00437357497867197,"NRI_P027",50
"27840",-8051.61962642503,"NRI_P027",100
"27841",0.00437357497867197,"NRI_P027",25
"27842",0.00437357497867197,"NRI_P027",50
"27843",-307.786406425002,"NRI_P027",100
"27844",0.00437357497867197,"NRI_P027",25
"27845",0.00437357497867197,"NRI_P027",50
"27846",1280.04217357497,"NRI_P027",100
"27847",0.00437357497867197,"NRI_P027",25
"27848",0.00437357497867197,"NRI_P027",50
"27849",-961.877626425005,"NRI_P027",100
"27850",0.00437357497867197,"NRI_P027",25
"27851",0.00437357497867197,"NRI_P027",50
"27852",275.698473574943,"NRI_P027",100
"27853",0.00437357497867197,"NRI_P027",25
"27854",0.00437357497867197,"NRI_P027",50
"27855",-1459.84602642502,"NRI_P027",100
"27856",0.00437357497867197,"NRI_P027",25
"27857",0.00437357497867197,"NRI_P027",50
"27858",1841.57417357498,"NRI_P027",100
"27859",0.00437357497867197,"NRI_P027",25
"27860",0.00437357497867197,"NRI_P027",50
"27861",31.0669735749834,"NRI_P027",100
"27862",0.00437357497867197,"NRI_P027",25
"27863",0.00437357497867197,"NRI_P027",50
"27864",-889.684926425049,"NRI_P027",100
"27865",0.00437357497867197,"NRI_P027",25
"27866",0.00437357497867197,"NRI_P027",50
"27867",105.415573574952,"NRI_P027",100
"27868",0.00437357497867197,"NRI_P027",25
"27869",0.00437357497867197,"NRI_P027",50
"27870",-101.441826425027,"NRI_P027",100
"27871",0.00437357497867197,"NRI_P027",25
"27872",0.00437357497867197,"NRI_P027",50
"27873",141.268853574991,"NRI_P027",100
"27874",0.00437357497867197,"NRI_P027",25
"27875",0.00437357497867197,"NRI_P027",50
"27876",10.9478035749635,"NRI_P027",100
"27877",0.00437357497867197,"NRI_P027",25
"27878",0.00437357497867197,"NRI_P027",50
"27879",-517.907926425047,"NRI_P027",100
"27880",0.00437357497867197,"NRI_P027",25
"27881",0.00437357497867197,"NRI_P027",50
"27882",556.70537357498,"NRI_P027",100
"27883",0.00437357497867197,"NRI_P027",25
"27884",0.00437357497867197,"NRI_P027",50
"27885",527.917073574965,"NRI_P027",100
"27886",0.00437357497867197,"NRI_P027",25
"27887",0.00437357497867197,"NRI_P027",50
"27888",-573.351896425011,"NRI_P027",100
"27889",0.00437357497867197,"NRI_P027",25
"27890",0.00437357497867197,"NRI_P027",50
"27891",-13583.044926425,"NRI_P027",100
"27892",0.00437357497867197,"NRI_P027",25
"27893",0.00437357497867197,"NRI_P027",50
"27894",2676.05715357495,"NRI_P027",100
"27895",0.00437357497867197,"NRI_P027",25
"27896",0.00437357497867197,"NRI_P027",50
"27897",1306.63974357495,"NRI_P027",100
"27898",0.00437357497867197,"NRI_P027",25
"27899",0.00437357497867197,"NRI_P027",50
"27900",217.398873574974,"NRI_P027",100
"27901",830.380479679006,"NRI_P028",25
"27902",211.387159678998,"NRI_P028",50
"27903",-475.416640320997,"NRI_P028",100
"27904",-355.988140320987,"NRI_P028",25
"27905",136.184879679,"NRI_P028",50
"27906",5493.01893967902,"NRI_P028",100
"27907",-159.666810320981,"NRI_P028",25
"27908",-194.271770320978,"NRI_P028",50
"27909",-729.436180321005,"NRI_P028",100
"27910",3001.59817967901,"NRI_P028",25
"27911",2781.545779679,"NRI_P028",50
"27912",-185.15192032099,"NRI_P028",100
"27913",138.431779678998,"NRI_P028",25
"27914",-345.423430320981,"NRI_P028",50
"27915",232.571359679016,"NRI_P028",100
"27916",-355.896000320994,"NRI_P028",25
"27917",1727.02407967902,"NRI_P028",50
"27918",2591.54567967899,"NRI_P028",100
"27919",-182.744230320997,"NRI_P028",25
"27920",3872.44254967902,"NRI_P028",50
"27921",760.130269679008,"NRI_P028",100
"27922",1078.45347967901,"NRI_P028",25
"27923",-525.214990320994,"NRI_P028",50
"27924",-613.699930320989,"NRI_P028",100
"27925",-368.285680320987,"NRI_P028",25
"27926",1419.89797967902,"NRI_P028",50
"27927",2083.21707967902,"NRI_P028",100
"27928",459.416379679024,"NRI_P028",25
"27929",5566.81637967902,"NRI_P028",50
"27930",-283.645780320978,"NRI_P028",100
"27931",161.121079678996,"NRI_P028",25
"27932",-386.990470321005,"NRI_P028",50
"27933",898.900679679005,"NRI_P028",100
"27934",-153.495160320977,"NRI_P028",25
"27935",-566.288040321,"NRI_P028",50
"27936",-551.060790321004,"NRI_P028",100
"27937",-267.965420320979,"NRI_P028",25
"27938",2586.56707967902,"NRI_P028",50
"27939",-662.585240321001,"NRI_P028",100
"27940",-333.102380320983,"NRI_P028",25
"27941",2602.119879679,"NRI_P028",50
"27942",3413.56758967901,"NRI_P028",100
"27943",-274.762920320994,"NRI_P028",25
"27944",1184.884159679,"NRI_P028",50
"27945",241.940859679016,"NRI_P028",100
"27946",-368.285680320987,"NRI_P028",25
"27947",-463.405410320993,"NRI_P028",50
"27948",1099.243259679,"NRI_P028",100
"27949",-185.442670321005,"NRI_P028",25
"27950",-514.698370320984,"NRI_P028",50
"27951",-618.927140321,"NRI_P028",100
"27952",-100.079320321005,"NRI_P028",25
"27953",5353.51005967901,"NRI_P028",50
"27954",-540.478110320983,"NRI_P028",100
"27955",-24.3279203209968,"NRI_P028",25
"27956",10937.736679679,"NRI_P028",50
"27957",1384.01532967901,"NRI_P028",100
"27958",-203.975240320986,"NRI_P028",25
"27959",-522.198820320977,"NRI_P028",50
"27960",1810.796379679,"NRI_P028",100
"27961",-314.88477032099,"NRI_P028",25
"27962",4867.30447967901,"NRI_P028",50
"27963",-154.23382032098,"NRI_P028",100
"27964",133.031479679019,"NRI_P028",25
"27965",4413.990209679,"NRI_P028",50
"27966",1227.496099679,"NRI_P028",100
"27967",1309.970479679,"NRI_P028",25
"27968",-203.645870320994,"NRI_P028",50
"27969",386.517199679016,"NRI_P028",100
"27970",-40.6804203210049,"NRI_P028",25
"27971",10780.018449679,"NRI_P028",50
"27972",1233.83454967901,"NRI_P028",100
"27973",-197.940470320988,"NRI_P028",25
"27974",315.966779679002,"NRI_P028",50
"27975",423.246379679011,"NRI_P028",100
"27976",-360.700170320983,"NRI_P028",25
"27977",-440.004770320986,"NRI_P028",50
"27978",4421.697679679,"NRI_P028",100
"27979",209.933079679002,"NRI_P028",25
"27980",-112.807380320999,"NRI_P028",50
"27981",-473.038480321004,"NRI_P028",100
"27982",-362.119280321,"NRI_P028",25
"27983",86.3422096790164,"NRI_P028",50
"27984",-157.728310320992,"NRI_P028",100
"27985",264.939179679001,"NRI_P028",25
"27986",-435.341250320984,"NRI_P028",50
"27987",4868.210159679,"NRI_P028",100
"27988",650.987479678995,"NRI_P028",25
"27989",3699.09647967902,"NRI_P028",50
"27990",-620.503990320984,"NRI_P028",100
"27991",-253.196820320998,"NRI_P028",25
"27992",1616.474079679,"NRI_P028",50
"27993",-272.209330320999,"NRI_P028",100
"27994",1184.74817967901,"NRI_P028",25
"27995",-256.32949032099,"NRI_P028",50
"27996",1726.79698967902,"NRI_P028",100
"27997",-68.3911203210009,"NRI_P028",25
"27998",1802.45337967901,"NRI_P028",50
"27999",2056.864089679,"NRI_P028",100
"28000",-57.9446203209809,"NRI_P028",25
"28001",1360.59492967901,"NRI_P028",50
"28002",-650.677780320984,"NRI_P028",100
"28003",-201.828390320996,"NRI_P028",25
"28004",-272.465890320978,"NRI_P028",50
"28005",6899.47951967901,"NRI_P028",100
"28006",-150.590920321003,"NRI_P028",25
"28007",-217.722400320985,"NRI_P028",50
"28008",-194.815120321,"NRI_P028",100
"28009",671.997279678995,"NRI_P028",25
"28010",-289.469370320992,"NRI_P028",50
"28011",-640.107320320996,"NRI_P028",100
"28012",-173.041650320985,"NRI_P028",25
"28013",1889.08757967901,"NRI_P028",50
"28014",-681.993210321001,"NRI_P028",100
"28015",-312.112150320987,"NRI_P028",25
"28016",-352.916940320982,"NRI_P028",50
"28017",-646.411780320981,"NRI_P028",100
"28018",53.6820796790125,"NRI_P028",25
"28019",-442.477190320991,"NRI_P028",50
"28020",970.908579679002,"NRI_P028",100
"28021",1889.20917967902,"NRI_P028",25
"28022",-357.199960320984,"NRI_P028",50
"28023",-689.953100321,"NRI_P028",100
"28024",622.669179679011,"NRI_P028",25
"28025",-540.912590320979,"NRI_P028",50
"28026",2250.743129679,"NRI_P028",100
"28027",2830.17557967899,"NRI_P028",25
"28028",1626.191579679,"NRI_P028",50
"28029",1838.27845967902,"NRI_P028",100
"28030",-293.636920321005,"NRI_P028",25
"28031",4384.84913967902,"NRI_P028",50
"28032",4533.350299679,"NRI_P028",100
"28033",-176.163020320993,"NRI_P028",25
"28034",4116.362629679,"NRI_P028",50
"28035",1102.83745967902,"NRI_P028",100
"28036",1597.329579679,"NRI_P028",25
"28037",-279.418480320979,"NRI_P028",50
"28038",6411.03554967901,"NRI_P028",100
"28039",737.035479679005,"NRI_P028",25
"28040",1490.584349679,"NRI_P028",50
"28041",722.130209679017,"NRI_P028",100
"28042",-201.73832032099,"NRI_P028",25
"28043",3867.43491967901,"NRI_P028",50
"28044",-614.60624032098,"NRI_P028",100
"28045",-199.359580321005,"NRI_P028",25
"28046",55.7239796790236,"NRI_P028",50
"28047",-162.699140320998,"NRI_P028",100
"28048",962.129179679003,"NRI_P028",25
"28049",335.748879679013,"NRI_P028",50
"28050",801.16891967901,"NRI_P028",100
"28051",797.446179679013,"NRI_P028",25
"28052",19.8342296790215,"NRI_P028",50
"28053",85.4168796790182,"NRI_P028",100
"28054",519.323379679001,"NRI_P028",25
"28055",-511.38133032099,"NRI_P028",50
"28056",835.578329679003,"NRI_P028",100
"28057",-207.492480321001,"NRI_P028",25
"28058",650.868879679008,"NRI_P028",50
"28059",-369.597520320996,"NRI_P028",100
"28060",-329.620810320979,"NRI_P028",25
"28061",-555.450060320989,"NRI_P028",50
"28062",-544.970170321001,"NRI_P028",100
"28063",-192.239290320984,"NRI_P028",25
"28064",-292.107970320998,"NRI_P028",50
"28065",274.16103967902,"NRI_P028",100
"28066",1081.83357967902,"NRI_P028",25
"28067",-522.415650320996,"NRI_P028",50
"28068",-360.426540321001,"NRI_P028",100
"28069",-192.239290320984,"NRI_P028",25
"28070",48.6305796790111,"NRI_P028",50
"28071",-669.185560320999,"NRI_P028",100
"28072",1424.06947967902,"NRI_P028",25
"28073",-176.87398032099,"NRI_P028",50
"28074",-318.972080320993,"NRI_P028",100
"28075",517.945979679003,"NRI_P028",25
"28076",1524.97061967902,"NRI_P028",50
"28077",-569.959760320984,"NRI_P028",100
"28078",-306.051100320998,"NRI_P028",25
"28079",835.994479679008,"NRI_P028",50
"28080",-389.823540320998,"NRI_P028",100
"28081",-136.020720320987,"NRI_P028",25
"28082",1393.75767967902,"NRI_P028",50
"28083",-478.216000321001,"NRI_P028",100
"28084",-13.5448203209962,"NRI_P028",25
"28085",11.9610796790221,"NRI_P028",50
"28086",2714.194289679,"NRI_P028",100
"28087",-222.081720321003,"NRI_P028",25
"28088",289.172879679012,"NRI_P028",50
"28089",-198.683820320992,"NRI_P028",100
"28090",779.773179679003,"NRI_P028",25
"28091",109.615979679016,"NRI_P028",50
"28092",1284.844859679,"NRI_P028",100
"28093",122.817479679012,"NRI_P028",25
"28094",4942.11597967902,"NRI_P028",50
"28095",-274.612580321002,"NRI_P028",100
"28096",-189.35942032098,"NRI_P028",25
"28097",-46.3954203210014,"NRI_P028",50
"28098",-630.317690320982,"NRI_P028",100
"28099",-200.450990320998,"NRI_P028",25
"28100",-259.843680320977,"NRI_P028",50
"28101",-484.045850320981,"NRI_P028",100
"28102",-207.086440321,"NRI_P028",25
"28103",1561.59817967901,"NRI_P028",50
"28104",-678.368140320992,"NRI_P028",100
"28105",188.455879679008,"NRI_P028",25
"28106",6855.232579679,"NRI_P028",50
"28107",-291.169920321001,"NRI_P028",100
"28108",2264.393179679,"NRI_P028",25
"28109",132.146999679011,"NRI_P028",50
"28110",-590.762030320999,"NRI_P028",100
"28111",-158.289410320984,"NRI_P028",25
"28112",5706.31843967902,"NRI_P028",50
"28113",446.069959679007,"NRI_P028",100
"28114",-151.276540320978,"NRI_P028",25
"28115",-395.541270321002,"NRI_P028",50
"28116",5467.06668967902,"NRI_P028",100
"28117",-177.870270321,"NRI_P028",25
"28118",3200.55887967901,"NRI_P028",50
"28119",-126.164620320982,"NRI_P028",100
"28120",-105.41642032098,"NRI_P028",25
"28121",644.323179679021,"NRI_P028",50
"28122",-327.18734032099,"NRI_P028",100
"28123",-158.605180320999,"NRI_P028",25
"28124",-66.7500003209861,"NRI_P028",50
"28125",2055.90806967902,"NRI_P028",100
"28126",-130.877220320981,"NRI_P028",25
"28127",-542.210010320996,"NRI_P028",50
"28128",857.487579679,"NRI_P028",100
"28129",2170.23557967902,"NRI_P028",25
"28130",-262.076360320993,"NRI_P028",50
"28131",-740.658170320996,"NRI_P028",100
"28132",-117.499120320979,"NRI_P028",25
"28133",-545.075630320993,"NRI_P028",50
"28134",-539.844140320987,"NRI_P028",100
"28135",-200.152200320998,"NRI_P028",25
"28136",-183.970000320987,"NRI_P028",50
"28137",-60.7134703210031,"NRI_P028",100
"28138",159.52537967902,"NRI_P028",25
"28139",-34.7319203209772,"NRI_P028",50
"28140",-555.668370320986,"NRI_P028",100
"28141",-43.4443203209958,"NRI_P028",25
"28142",-260.028560320992,"NRI_P028",50
"28143",-237.965840321005,"NRI_P028",100
"28144",5703.753579679,"NRI_P028",25
"28145",-505.760210320994,"NRI_P028",50
"28146",106.711269679014,"NRI_P028",100
"28147",395.917279679008,"NRI_P028",25
"28148",-430.50858032098,"NRI_P028",50
"28149",6018.568249679,"NRI_P028",100
"28150",-53.843520320981,"NRI_P028",25
"28151",2643.38987967902,"NRI_P028",50
"28152",-635.817250320979,"NRI_P028",100
"28153",365.990379679017,"NRI_P028",25
"28154",-247.901720320981,"NRI_P028",50
"28155",-572.702090320992,"NRI_P028",100
"28156",203.230679679022,"NRI_P028",25
"28157",-321.936030320998,"NRI_P028",50
"28158",-420.383410320996,"NRI_P028",100
"28159",36.3515796790016,"NRI_P028",25
"28160",-286.717680320988,"NRI_P028",50
"28161",3433.77108967901,"NRI_P028",100
"28162",120.411079679005,"NRI_P028",25
"28163",-381.114420320984,"NRI_P028",50
"28164",-370.835310320981,"NRI_P028",100
"28165",-206.115080321004,"NRI_P028",25
"28166",1589.08561967901,"NRI_P028",50
"28167",3075.247479679,"NRI_P028",100
"28168",347.335779679008,"NRI_P028",25
"28169",-519.602810320997,"NRI_P028",50
"28170",980.458869679016,"NRI_P028",100
"28171",-319.502190320985,"NRI_P028",25
"28172",263.654979679006,"NRI_P028",50
"28173",1986.08147967901,"NRI_P028",100
"28174",-371.546950321004,"NRI_P028",25
"28175",-68.8599203210033,"NRI_P028",50
"28176",1057.546119679,"NRI_P028",100
"28177",-37.0791203209956,"NRI_P028",25
"28178",3996.75487967901,"NRI_P028",50
"28179",-416.505550320988,"NRI_P028",100
"28180",-370.334080320987,"NRI_P028",25
"28181",574.492129679013,"NRI_P028",50
"28182",295.397899678996,"NRI_P028",100
"28183",1241.21317967901,"NRI_P028",25
"28184",-360.778320320998,"NRI_P028",50
"28185",1187.754129679,"NRI_P028",100
"28186",-322.377030320989,"NRI_P028",25
"28187",52.5782796790008,"NRI_P028",50
"28188",784.571009678999,"NRI_P028",100
"28189",3706.74447967901,"NRI_P028",25
"28190",-261.069810321002,"NRI_P028",50
"28191",3811.73187967902,"NRI_P028",100
"28192",-3.23432032100391,"NRI_P028",25
"28193",334.225249679002,"NRI_P028",50
"28194",469.331089679006,"NRI_P028",100
"28195",-76.9016203210049,"NRI_P028",25
"28196",-43.7337403209822,"NRI_P028",50
"28197",-716.830680321,"NRI_P028",100
"28198",-207.231540320994,"NRI_P028",25
"28199",-376.933740320994,"NRI_P028",50
"28200",-142.825790320989,"NRI_P028",100
"28201",727.646380973049,"NRI_P029",25
"28202",6406.10345097305,"NRI_P029",50
"28203",21626.728690973,"NRI_P029",100
"28204",-1314.92910902697,"NRI_P029",25
"28205",3638.51990097301,"NRI_P029",50
"28206",14212.162760973,"NRI_P029",100
"28207",-830.894119026954,"NRI_P029",25
"28208",967.563390973024,"NRI_P029",50
"28209",20522.491800973,"NRI_P029",100
"28210",585.626560973004,"NRI_P029",25
"28211",262.768950973055,"NRI_P029",50
"28212",6989.93532097305,"NRI_P029",100
"28213",1446.51013097301,"NRI_P029",25
"28214",-2018.82248902699,"NRI_P029",50
"28215",-2351.71633902699,"NRI_P029",100
"28216",9848.53352097305,"NRI_P029",25
"28217",13775.6124409731,"NRI_P029",50
"28218",1567.58943097305,"NRI_P029",100
"28219",35346.433680973,"NRI_P029",25
"28220",8326.76397097303,"NRI_P029",50
"28221",120.043850973016,"NRI_P029",100
"28222",-984.579009026987,"NRI_P029",25
"28223",-2736.22627902695,"NRI_P029",50
"28224",2558.29071097303,"NRI_P029",100
"28225",1176.92824097304,"NRI_P029",25
"28226",857.521740973054,"NRI_P029",50
"28227",42762.023830973,"NRI_P029",100
"28228",4686.30976097303,"NRI_P029",25
"28229",3818.43294097303,"NRI_P029",50
"28230",4518.34517097304,"NRI_P029",100
"28231",-1030.582259027,"NRI_P029",25
"28232",-549.276529026974,"NRI_P029",50
"28233",91.0479909730493,"NRI_P029",100
"28234",2761.39284097304,"NRI_P029",25
"28235",17752.634290973,"NRI_P029",50
"28236",2446.68882097304,"NRI_P029",100
"28237",289.720110973052,"NRI_P029",25
"28238",12147.1289909731,"NRI_P029",50
"28239",17132.883680973,"NRI_P029",100
"28240",935.024340973003,"NRI_P029",25
"28241",10502.199450973,"NRI_P029",50
"28242",3363.47747097304,"NRI_P029",100
"28243",4479.24622097303,"NRI_P029",25
"28244",-577.037569026987,"NRI_P029",50
"28245",11132.977290973,"NRI_P029",100
"28246",5187.67687097302,"NRI_P029",25
"28247",-757.139899026952,"NRI_P029",50
"28248",13013.146370973,"NRI_P029",100
"28249",5535.96378097305,"NRI_P029",25
"28250",5753.27750097302,"NRI_P029",50
"28251",4922.59299097303,"NRI_P029",100
"28252",7949.79142097302,"NRI_P029",25
"28253",1093.11594097305,"NRI_P029",50
"28254",6834.73982097302,"NRI_P029",100
"28255",384.339270973054,"NRI_P029",25
"28256",3403.06407097302,"NRI_P029",50
"28257",27017.737970973,"NRI_P029",100
"28258",4728.18216097303,"NRI_P029",25
"28259",9360.10891097301,"NRI_P029",50
"28260",-511.134459026973,"NRI_P029",100
"28261",8898.46917097305,"NRI_P029",25
"28262",5364.81967097305,"NRI_P029",50
"28263",1316.11710097303,"NRI_P029",100
"28264",4872.76101097302,"NRI_P029",25
"28265",914.612410973001,"NRI_P029",50
"28266",19681.102990973,"NRI_P029",100
"28267",-1025.533129027,"NRI_P029",25
"28268",8837.92944097304,"NRI_P029",50
"28269",30010.1312309731,"NRI_P029",100
"28270",37321.632130973,"NRI_P029",25
"28271",11561.427940973,"NRI_P029",50
"28272",-1252.21453902696,"NRI_P029",100
"28273",10493.078720973,"NRI_P029",25
"28274",22.3517909730435,"NRI_P029",50
"28275",1133.52707097301,"NRI_P029",100
"28276",276.920420973038,"NRI_P029",25
"28277",1313.74790097302,"NRI_P029",50
"28278",-174.032909026952,"NRI_P029",100
"28279",-1403.44535902695,"NRI_P029",25
"28280",-1150.07121902698,"NRI_P029",50
"28281",-774.358319027,"NRI_P029",100
"28282",205.900640973006,"NRI_P029",25
"28283",13418.8739609731,"NRI_P029",50
"28284",-582.370759026962,"NRI_P029",100
"28285",1264.20645097306,"NRI_P029",25
"28286",7037.91373097303,"NRI_P029",50
"28287",-1258.455669027,"NRI_P029",100
"28288",3255.724010973,"NRI_P029",25
"28289",28396.940420973,"NRI_P029",50
"28290",12819.547220973,"NRI_P029",100
"28291",540.370320973045,"NRI_P029",25
"28292",5665.64558097301,"NRI_P029",50
"28293",29410.437190973,"NRI_P029",100
"28294",191.061240973009,"NRI_P029",25
"28295",-945.804679026944,"NRI_P029",50
"28296",12954.871990973,"NRI_P029",100
"28297",752.044670973031,"NRI_P029",25
"28298",4231.81915097305,"NRI_P029",50
"28299",8475.87597097305,"NRI_P029",100
"28300",152.114310973033,"NRI_P029",25
"28301",3361.75744097302,"NRI_P029",50
"28302",2014.09293097304,"NRI_P029",100
"28303",1208.76331097301,"NRI_P029",25
"28304",-1133.163159027,"NRI_P029",50
"28305",24032.109030973,"NRI_P029",100
"28306",-1972.96450902696,"NRI_P029",25
"28307",1784.98306097306,"NRI_P029",50
"28308",5603.68008097302,"NRI_P029",100
"28309",4591.67215097306,"NRI_P029",25
"28310",2599.21801097301,"NRI_P029",50
"28311",6645.83349097305,"NRI_P029",100
"28312",-797.909949026944,"NRI_P029",25
"28313",3740.59841097303,"NRI_P029",50
"28314",3508.06073097303,"NRI_P029",100
"28315",-861.548029026948,"NRI_P029",25
"28316",-158.859209026967,"NRI_P029",50
"28317",4754.967130973,"NRI_P029",100
"28318",3203.21816097305,"NRI_P029",25
"28319",1630.070030973,"NRI_P029",50
"28320",23508.200410973,"NRI_P029",100
"28321",2378.601280973,"NRI_P029",25
"28322",10828.855320973,"NRI_P029",50
"28323",-371.925609026977,"NRI_P029",100
"28324",-68.2010490269749,"NRI_P029",25
"28325",728.262060973037,"NRI_P029",50
"28326",10320.281080973,"NRI_P029",100
"28327",8860.24661097303,"NRI_P029",25
"28328",8283.13600097306,"NRI_P029",50
"28329",2779.704440973,"NRI_P029",100
"28330",4.28455097303959,"NRI_P029",25
"28331",8334.366890973,"NRI_P029",50
"28332",1171.12943097303,"NRI_P029",100
"28333",6238.41637097305,"NRI_P029",25
"28334",18900.710710973,"NRI_P029",50
"28335",8864.149470973,"NRI_P029",100
"28336",-844.698989026947,"NRI_P029",25
"28337",339.841100973019,"NRI_P029",50
"28338",3896.33997097303,"NRI_P029",100
"28339",-131.43452902697,"NRI_P029",25
"28340",8092.43239097303,"NRI_P029",50
"28341",3272.279660973,"NRI_P029",100
"28342",550.151980973023,"NRI_P029",25
"28343",7654.39183097304,"NRI_P029",50
"28344",-40.2474590269849,"NRI_P029",100
"28345",3346.00481097301,"NRI_P029",25
"28346",13.4214709730004,"NRI_P029",50
"28347",17161.079850973,"NRI_P029",100
"28348",1450.76774097304,"NRI_P029",25
"28349",4094.06483097305,"NRI_P029",50
"28350",-1000.148039027,"NRI_P029",100
"28351",-1051.25945902697,"NRI_P029",25
"28352",11290.730740973,"NRI_P029",50
"28353",2022.985170973,"NRI_P029",100
"28354",-36.4841390269576,"NRI_P029",25
"28355",-618.22795902699,"NRI_P029",50
"28356",751.407910973008,"NRI_P029",100
"28357",401.832050973026,"NRI_P029",25
"28358",-1558.17518902698,"NRI_P029",50
"28359",6465.92181097303,"NRI_P029",100
"28360",4663.63295097306,"NRI_P029",25
"28361",3940.23795097304,"NRI_P029",50
"28362",10777.089490973,"NRI_P029",100
"28363",1565.49662097305,"NRI_P029",25
"28364",-1780.46597902698,"NRI_P029",50
"28365",18226.045770973,"NRI_P029",100
"28366",-1093.39583902695,"NRI_P029",25
"28367",8460.26232097304,"NRI_P029",50
"28368",6358.35117097304,"NRI_P029",100
"28369",8970.46797097306,"NRI_P029",25
"28370",1946.977220973,"NRI_P029",50
"28371",2490.67798097304,"NRI_P029",100
"28372",7226.80557097303,"NRI_P029",25
"28373",4339.58069097303,"NRI_P029",50
"28374",6926.64177097304,"NRI_P029",100
"28375",-922.795749026991,"NRI_P029",25
"28376",21755.3145109731,"NRI_P029",50
"28377",23405.211310973,"NRI_P029",100
"28378",-384.029039026995,"NRI_P029",25
"28379",-10.1356990269851,"NRI_P029",50
"28380",4920.50702097302,"NRI_P029",100
"28381",-872.544179026969,"NRI_P029",25
"28382",-192.234459026949,"NRI_P029",50
"28383",13258.1622509731,"NRI_P029",100
"28384",-570.33872902696,"NRI_P029",25
"28385",1610.17567097303,"NRI_P029",50
"28386",-2307.730819027,"NRI_P029",100
"28387",8936.57653097302,"NRI_P029",25
"28388",7004.574410973,"NRI_P029",50
"28389",8034.84949097305,"NRI_P029",100
"28390",1630.95805097301,"NRI_P029",25
"28391",1097.71780097304,"NRI_P029",50
"28392",20822.300510973,"NRI_P029",100
"28393",7951.06041097303,"NRI_P029",25
"28394",2389.70618097304,"NRI_P029",50
"28395",13476.946770973,"NRI_P029",100
"28396",-1466.93261902698,"NRI_P029",25
"28397",1974.71804097301,"NRI_P029",50
"28398",49639.866460973,"NRI_P029",100
"28399",86.188710973016,"NRI_P029",25
"28400",-1410.77708902699,"NRI_P029",50
"28401",-1128.10389902699,"NRI_P029",100
"28402",-472.081949026964,"NRI_P029",25
"28403",253.25548097305,"NRI_P029",50
"28404",18589.419030973,"NRI_P029",100
"28405",1859.01542097301,"NRI_P029",25
"28406",8528.37309097301,"NRI_P029",50
"28407",10169.380820973,"NRI_P029",100
"28408",-502.210349026951,"NRI_P029",25
"28409",2389.480920973,"NRI_P029",50
"28410",9423.31644097302,"NRI_P029",100
"28411",112.908060973044,"NRI_P029",25
"28412",5677.17431097303,"NRI_P029",50
"28413",6109.59893097304,"NRI_P029",100
"28414",-993.537929026992,"NRI_P029",25
"28415",2320.78858097305,"NRI_P029",50
"28416",13992.9496009731,"NRI_P029",100
"28417",-1022.78988902696,"NRI_P029",25
"28418",6450.12884097302,"NRI_P029",50
"28419",2984.61959097302,"NRI_P029",100
"28420",-777.660579026968,"NRI_P029",25
"28421",5020.77200097305,"NRI_P029",50
"28422",561.100150973012,"NRI_P029",100
"28423",109.695620973012,"NRI_P029",25
"28424",-527.379759026982,"NRI_P029",50
"28425",4859.957070973,"NRI_P029",100
"28426",3286.01698097301,"NRI_P029",25
"28427",22083.491380973,"NRI_P029",50
"28428",11722.754750973,"NRI_P029",100
"28429",2513.02152097301,"NRI_P029",25
"28430",2321.55185097305,"NRI_P029",50
"28431",3063.74793097301,"NRI_P029",100
"28432",9.62853097304469,"NRI_P029",25
"28433",-1197.94951902697,"NRI_P029",50
"28434",10967.892410973,"NRI_P029",100
"28435",4835.79921097303,"NRI_P029",25
"28436",1995.68347097305,"NRI_P029",50
"28437",19876.6654309731,"NRI_P029",100
"28438",6953.96462097304,"NRI_P029",25
"28439",1432.09361097304,"NRI_P029",50
"28440",14940.764460973,"NRI_P029",100
"28441",1873.10055097303,"NRI_P029",25
"28442",7265.79422097304,"NRI_P029",50
"28443",572.730370973004,"NRI_P029",100
"28444",999.166580973018,"NRI_P029",25
"28445",-1172.14359902695,"NRI_P029",50
"28446",317.168620973011,"NRI_P029",100
"28447",909.036950973037,"NRI_P029",25
"28448",-334.337239026965,"NRI_P029",50
"28449",8783.51906097302,"NRI_P029",100
"28450",-197.484679026995,"NRI_P029",25
"28451",777.671030973026,"NRI_P029",50
"28452",4665.50431097305,"NRI_P029",100
"28453",3378.48412097304,"NRI_P029",25
"28454",6311.73168097303,"NRI_P029",50
"28455",3508.08858097304,"NRI_P029",100
"28456",50.3262509730412,"NRI_P029",25
"28457",14608.133190973,"NRI_P029",50
"28458",7674.07877097302,"NRI_P029",100
"28459",1325.40846097301,"NRI_P029",25
"28460",85.3005809730384,"NRI_P029",50
"28461",4178.15717097302,"NRI_P029",100
"28462",895.428680973011,"NRI_P029",25
"28463",1841.39660097304,"NRI_P029",50
"28464",3757.96602097305,"NRI_P029",100
"28465",635.847250973049,"NRI_P029",25
"28466",2630.38631097303,"NRI_P029",50
"28467",-62.0502490269719,"NRI_P029",100
"28468",4002.24916097301,"NRI_P029",25
"28469",3574.09085097304,"NRI_P029",50
"28470",1131.79517097306,"NRI_P029",100
"28471",597.39531097305,"NRI_P029",25
"28472",438.954190973018,"NRI_P029",50
"28473",-434.952389026992,"NRI_P029",100
"28474",2825.26872097305,"NRI_P029",25
"28475",-949.481109026994,"NRI_P029",50
"28476",14216.169820973,"NRI_P029",100
"28477",192.471910973021,"NRI_P029",25
"28478",5250.968750973,"NRI_P029",50
"28479",3058.14500097302,"NRI_P029",100
"28480",6137.55817097303,"NRI_P029",25
"28481",-953.692499026947,"NRI_P029",50
"28482",-401.880269026966,"NRI_P029",100
"28483",109.880220973049,"NRI_P029",25
"28484",-103.764299026981,"NRI_P029",50
"28485",746.020090973005,"NRI_P029",100
"28486",497.07222097303,"NRI_P029",25
"28487",401.220610973018,"NRI_P029",50
"28488",12801.1271409731,"NRI_P029",100
"28489",1147.56691097305,"NRI_P029",25
"28490",-399.587389027001,"NRI_P029",50
"28491",8473.99161097303,"NRI_P029",100
"28492",573.632830973016,"NRI_P029",25
"28493",8314.18268097303,"NRI_P029",50
"28494",3684.33180097304,"NRI_P029",100
"28495",-82.9152590269805,"NRI_P029",25
"28496",2661.22740097303,"NRI_P029",50
"28497",10999.372310973,"NRI_P029",100
"28498",-924.034889026952,"NRI_P029",25
"28499",1296.371790973,"NRI_P029",50
"28500",11304.248470973,"NRI_P029",100
"28501",203.933937271999,"NRI_P030",25
"28502",51.8199672719929,"NRI_P030",50
"28503",-1533.40576272801,"NRI_P030",100
"28504",1925.633637272,"NRI_P030",25
"28505",1453.99303727201,"NRI_P030",50
"28506",-7654.26801272802,"NRI_P030",100
"28507",-3493.02257272799,"NRI_P030",25
"28508",34377.155937272,"NRI_P030",50
"28509",-4123.15101272799,"NRI_P030",100
"28510",-2293.51036272803,"NRI_P030",25
"28511",-4126.24273272802,"NRI_P030",50
"28512",-4401.02056272799,"NRI_P030",100
"28513",-2844.65036272799,"NRI_P030",25
"28514",-6714.12706272799,"NRI_P030",50
"28515",11112.290337272,"NRI_P030",100
"28516",-1863.45736272802,"NRI_P030",25
"28517",-2339.58478272799,"NRI_P030",50
"28518",-6263.20716272801,"NRI_P030",100
"28519",-3311.63856272801,"NRI_P030",25
"28520",1975.28093727201,"NRI_P030",50
"28521",-4606.792892728,"NRI_P030",100
"28522",-3245.68456272798,"NRI_P030",25
"28523",25473.826137272,"NRI_P030",50
"28524",-6674.05436272803,"NRI_P030",100
"28525",-3370.032022728,"NRI_P030",25
"28526",3397.33453727199,"NRI_P030",50
"28527",-5965.202292728,"NRI_P030",100
"28528",7100.39163727197,"NRI_P030",25
"28529",4864.91253727197,"NRI_P030",50
"28530",-6418.062622728,"NRI_P030",100
"28531",-820.891242727987,"NRI_P030",25
"28532",-4098.226042728,"NRI_P030",50
"28533",-6770.27416272799,"NRI_P030",100
"28534",743.676637272001,"NRI_P030",25
"28535",-3750.481562728,"NRI_P030",50
"28536",-7665.98303272802,"NRI_P030",100
"28537",-3414.58896272798,"NRI_P030",25
"28538",-6235.61346272798,"NRI_P030",50
"28539",-2541.54278272804,"NRI_P030",100
"28540",-523.853862727992,"NRI_P030",25
"28541",11065.916637272,"NRI_P030",50
"28542",-5056.97946272802,"NRI_P030",100
"28543",-3474.53816272801,"NRI_P030",25
"28544",-6753.82916272798,"NRI_P030",50
"28545",-7314.84758272802,"NRI_P030",100
"28546",-669.872662728012,"NRI_P030",25
"28547",-2944.89710272802,"NRI_P030",50
"28548",4372.257437272,"NRI_P030",100
"28549",-651.726962728018,"NRI_P030",25
"28550",-2771.430092728,"NRI_P030",50
"28551",-7382.29720272799,"NRI_P030",100
"28552",-2015.82536272804,"NRI_P030",25
"28553",-6660.34376272804,"NRI_P030",50
"28554",-6493.947942728,"NRI_P030",100
"28555",4343.01563727198,"NRI_P030",25
"28556",-6794.733542728,"NRI_P030",50
"28557",7410.98593727197,"NRI_P030",100
"28558",-459.113762727997,"NRI_P030",25
"28559",-4278.20364272798,"NRI_P030",50
"28560",-7463.66162272799,"NRI_P030",100
"28561",-2678.407862728,"NRI_P030",25
"28562",-6829.180452728,"NRI_P030",50
"28563",-4650.70166272798,"NRI_P030",100
"28564",-567.092762727989,"NRI_P030",25
"28565",-4053.26356272801,"NRI_P030",50
"28566",-7436.03593272803,"NRI_P030",100
"28567",-2858.95156272803,"NRI_P030",25
"28568",-6797.91332272801,"NRI_P030",50
"28569",11378.326877272,"NRI_P030",100
"28570",-3274.46016272804,"NRI_P030",25
"28571",-3973.19076272799,"NRI_P030",50
"28572",-4553.91727272799,"NRI_P030",100
"28573",-3135.17436272802,"NRI_P030",25
"28574",-5989.652772728,"NRI_P030",50
"28575",-5185.15785272798,"NRI_P030",100
"28576",-2278.23236272798,"NRI_P030",25
"28577",-2902.82626272802,"NRI_P030",50
"28578",-6338.11466272798,"NRI_P030",100
"28579",-765.69656272803,"NRI_P030",25
"28580",-3717.984352728,"NRI_P030",50
"28581",-7683.90448272799,"NRI_P030",100
"28582",1239.11063727201,"NRI_P030",25
"28583",-6704.73207272799,"NRI_P030",50
"28584",-6471.78146272799,"NRI_P030",100
"28585",-3460.22066272801,"NRI_P030",25
"28586",-3821.223222728,"NRI_P030",50
"28587",-4648.14226272801,"NRI_P030",100
"28588",17957.900937272,"NRI_P030",25
"28589",-3927.84766272799,"NRI_P030",50
"28590",-7193.43636272801,"NRI_P030",100
"28591",-842.511362728023,"NRI_P030",25
"28592",-3387.75834272802,"NRI_P030",50
"28593",7308.00721727201,"NRI_P030",100
"28594",-2112.12336272799,"NRI_P030",25
"28595",7872.49853727198,"NRI_P030",50
"28596",-6723.70656272798,"NRI_P030",100
"28597",3128.51093727199,"NRI_P030",25
"28598",-1088.21366272803,"NRI_P030",50
"28599",-6361.33377272799,"NRI_P030",100
"28600",-327.950362728036,"NRI_P030",25
"28601",-3294.21936272801,"NRI_P030",50
"28602",-7293.06176272803,"NRI_P030",100
"28603",-1795.58336272801,"NRI_P030",25
"28604",-4238.64616272802,"NRI_P030",50
"28605",3227.10903727199,"NRI_P030",100
"28606",-647.717362728028,"NRI_P030",25
"28607",-3597.955762728,"NRI_P030",50
"28608",-3243.11066272802,"NRI_P030",100
"28609",-3328.54776272801,"NRI_P030",25
"28610",-3963.20846272801,"NRI_P030",50
"28611",-6565.80566272803,"NRI_P030",100
"28612",-3076.41076272802,"NRI_P030",25
"28613",-3253.269562728,"NRI_P030",50
"28614",-4947.64325272798,"NRI_P030",100
"28615",-825.232322728029,"NRI_P030",25
"28616",-4139.37536272802,"NRI_P030",50
"28617",-7224.66246272798,"NRI_P030",100
"28618",-812.333492728008,"NRI_P030",25
"28619",-6599.67534272803,"NRI_P030",50
"28620",-2815.88446272799,"NRI_P030",100
"28621",-3228.652962728,"NRI_P030",25
"28622",24602.661337272,"NRI_P030",50
"28623",-6576.09686272801,"NRI_P030",100
"28624",4169.39893727197,"NRI_P030",25
"28625",-3133.72826272802,"NRI_P030",50
"28626",-1630.57546272798,"NRI_P030",100
"28627",-3428.23746272799,"NRI_P030",25
"28628",6153.665277272,"NRI_P030",50
"28629",-5776.76526272803,"NRI_P030",100
"28630",-2267.79136272799,"NRI_P030",25
"28631",-6692.72063272801,"NRI_P030",50
"28632",-4927.83336272801,"NRI_P030",100
"28633",-769.373362727987,"NRI_P030",25
"28634",-2755.93066272803,"NRI_P030",50
"28635",-6199.89327272802,"NRI_P030",100
"28636",-3336.49766272801,"NRI_P030",25
"28637",-3925.33586272801,"NRI_P030",50
"28638",-6644.52206272801,"NRI_P030",100
"28639",3249.68863727199,"NRI_P030",25
"28640",15138.577237272,"NRI_P030",50
"28641",-3255.11726272799,"NRI_P030",100
"28642",-710.300362728012,"NRI_P030",25
"28643",-5359.983412728,"NRI_P030",50
"28644",-5654.84706272802,"NRI_P030",100
"28645",-792.303462727985,"NRI_P030",25
"28646",6130.36446727201,"NRI_P030",50
"28647",-7652.10168272798,"NRI_P030",100
"28648",-3374.34114272799,"NRI_P030",25
"28649",-4164.30002272798,"NRI_P030",50
"28650",-95.0273427279899,"NRI_P030",100
"28651",-3509.35389272799,"NRI_P030",25
"28652",-6816.92066272802,"NRI_P030",50
"28653",-6169.61158272799,"NRI_P030",100
"28654",-768.509962728014,"NRI_P030",25
"28655",-6655.683662728,"NRI_P030",50
"28656",-6503.061062728,"NRI_P030",100
"28657",-3493.45205272798,"NRI_P030",25
"28658",-6838.47542272799,"NRI_P030",50
"28659",-7579.75289272802,"NRI_P030",100
"28660",-773.159262728004,"NRI_P030",25
"28661",1688.83483727201,"NRI_P030",50
"28662",-4134.69756272802,"NRI_P030",100
"28663",-323.208662728022,"NRI_P030",25
"28664",-6403.92686272803,"NRI_P030",50
"28665",-6066.37774272799,"NRI_P030",100
"28666",-3135.24806272803,"NRI_P030",25
"28667",-4130.643132728,"NRI_P030",50
"28668",-6907.72988272802,"NRI_P030",100
"28669",-3366.80266272801,"NRI_P030",25
"28670",-6782.966632728,"NRI_P030",50
"28671",-7182.813272728,"NRI_P030",100
"28672",-2997.593062728,"NRI_P030",25
"28673",-3622.96666272799,"NRI_P030",50
"28674",-4840.65086272801,"NRI_P030",100
"28675",-648.677362727991,"NRI_P030",25
"28676",-6065.175162728,"NRI_P030",50
"28677",-6243.95986272802,"NRI_P030",100
"28678",-2015.82536272804,"NRI_P030",25
"28679",-5108.58046272799,"NRI_P030",50
"28680",-6516.56592272798,"NRI_P030",100
"28681",-3307.85266272799,"NRI_P030",25
"28682",-3626.112662728,"NRI_P030",50
"28683",-7298.860322728,"NRI_P030",100
"28684",-820.891242727987,"NRI_P030",25
"28685",-3541.74926272803,"NRI_P030",50
"28686",-6945.81391272799,"NRI_P030",100
"28687",397.33693727199,"NRI_P030",25
"28688",-6605.816322728,"NRI_P030",50
"28689",13465.512337272,"NRI_P030",100
"28690",-3360.083782728,"NRI_P030",25
"28691",-1715.618532728,"NRI_P030",50
"28692",-6922.21141272801,"NRI_P030",100
"28693",-3245.68456272798,"NRI_P030",25
"28694",-87.1834627279895,"NRI_P030",50
"28695",-1241.72616272798,"NRI_P030",100
"28696",-3163.66146272799,"NRI_P030",25
"28697",1089.469537272,"NRI_P030",50
"28698",-6365.04508272803,"NRI_P030",100
"28699",-2015.82536272804,"NRI_P030",25
"28700",-6366.547662728,"NRI_P030",50
"28701",-5686.711962728,"NRI_P030",100
"28702",24767.891637272,"NRI_P030",25
"28703",-6594.14916272799,"NRI_P030",50
"28704",-7371.19032272801,"NRI_P030",100
"28705",-773.159262728004,"NRI_P030",25
"28706",-4138.33302272798,"NRI_P030",50
"28707",-5787.06836272799,"NRI_P030",100
"28708",1848.335937272,"NRI_P030",25
"28709",5474.16843727202,"NRI_P030",50
"28710",-6599.05972272798,"NRI_P030",100
"28711",-3245.68456272798,"NRI_P030",25
"28712",-3114.924542728,"NRI_P030",50
"28713",-5685.77856272802,"NRI_P030",100
"28714",-2335.36036272801,"NRI_P030",25
"28715",-3808.85976272798,"NRI_P030",50
"28716",2789.08293727197,"NRI_P030",100
"28717",-814.534782728006,"NRI_P030",25
"28718",-6144.19616272801,"NRI_P030",50
"28719",-7335.52440272801,"NRI_P030",100
"28720",-613.931262728001,"NRI_P030",25
"28721",-6786.45066272799,"NRI_P030",50
"28722",-5579.64396272803,"NRI_P030",100
"28723",283.450637271977,"NRI_P030",25
"28724",-4189.00485272799,"NRI_P030",50
"28725",-4330.94526272803,"NRI_P030",100
"28726",-2041.13636272802,"NRI_P030",25
"28727",-2230.209462728,"NRI_P030",50
"28728",-6932.22122272803,"NRI_P030",100
"28729",6112.67263727199,"NRI_P030",25
"28730",-6508.58366272802,"NRI_P030",50
"28731",-7245.81686272798,"NRI_P030",100
"28732",2240.906937272,"NRI_P030",25
"28733",-2601.43466272799,"NRI_P030",50
"28734",24560.442337272,"NRI_P030",100
"28735",-3404.868662728,"NRI_P030",25
"28736",-6816.703522728,"NRI_P030",50
"28737",-6991.99836272799,"NRI_P030",100
"28738",-710.714162727993,"NRI_P030",25
"28739",299.355937272019,"NRI_P030",50
"28740",-7462.92844272801,"NRI_P030",100
"28741",-3500.25062272802,"NRI_P030",25
"28742",-2655.10816272802,"NRI_P030",50
"28743",-3290.51184272801,"NRI_P030",100
"28744",-832.920812728,"NRI_P030",25
"28745",38.8739372720011,"NRI_P030",50
"28746",-7607.33166272799,"NRI_P030",100
"28747",-674.655262727989,"NRI_P030",25
"28748",-5736.69256272801,"NRI_P030",50
"28749",-5208.73086272803,"NRI_P030",100
"28750",1273.28493727196,"NRI_P030",25
"28751",-6671.32616272802,"NRI_P030",50
"28752",-7523.56641272799,"NRI_P030",100
"28753",-567.092762727989,"NRI_P030",25
"28754",28484.636537272,"NRI_P030",50
"28755",-7253.61705272802,"NRI_P030",100
"28756",-1795.58336272801,"NRI_P030",25
"28757",-4361.47100272798,"NRI_P030",50
"28758",-3092.52626272803,"NRI_P030",100
"28759",-818.113782728033,"NRI_P030",25
"28760",-3430.37346272799,"NRI_P030",50
"28761",-7709.18605272798,"NRI_P030",100
"28762",-3329.35786272801,"NRI_P030",25
"28763",-2135.22414272802,"NRI_P030",50
"28764",-5826.10926272802,"NRI_P030",100
"28765",-2698.17156272801,"NRI_P030",25
"28766",-4087.674092728,"NRI_P030",50
"28767",-6255.40746272804,"NRI_P030",100
"28768",-3050.60566272802,"NRI_P030",25
"28769",-3735.553762728,"NRI_P030",50
"28770",-3729.015342728,"NRI_P030",100
"28771",-3363.18906272802,"NRI_P030",25
"28772",-3121.34346272802,"NRI_P030",50
"28773",-6930.710112728,"NRI_P030",100
"28774",-537.931462728011,"NRI_P030",25
"28775",-6643.671882728,"NRI_P030",50
"28776",-6779.583552728,"NRI_P030",100
"28777",-3342.57426272798,"NRI_P030",25
"28778",-6595.90561272803,"NRI_P030",50
"28779",-928.728262728022,"NRI_P030",100
"28780",-3506.10736272798,"NRI_P030",25
"28781",-4983.61826272804,"NRI_P030",50
"28782",-3588.34946272802,"NRI_P030",100
"28783",-3215.91626272799,"NRI_P030",25
"28784",1685.39918727201,"NRI_P030",50
"28785",5855.88685727201,"NRI_P030",100
"28786",1554.84163727198,"NRI_P030",25
"28787",-3110.98086272803,"NRI_P030",50
"28788",-7390.27545272803,"NRI_P030",100
"28789",-735.980862728029,"NRI_P030",25
"28790",-1832.67096272804,"NRI_P030",50
"28791",-4725.31686272798,"NRI_P030",100
"28792",-3341.74164272798,"NRI_P030",25
"28793",2663.36373727198,"NRI_P030",50
"28794",7239.39093727199,"NRI_P030",100
"28795",-625.182162727986,"NRI_P030",25
"28796",-1868.754762728,"NRI_P030",50
"28797",-7327.92307272798,"NRI_P030",100
"28798",-674.655262727989,"NRI_P030",25
"28799",-6616.59636272799,"NRI_P030",50
"28800",-3457.03506272798,"NRI_P030",100
"28801",441.604041448038,"NRI_P031",25
"28802",-877.520158551983,"NRI_P031",50
"28803",-1680.38963855198,"NRI_P031",100
"28804",3431.68501144799,"NRI_P031",25
"28805",3033.44536144799,"NRI_P031",50
"28806",10821.860721448,"NRI_P031",100
"28807",7756.823611448,"NRI_P031",25
"28808",263.302811447997,"NRI_P031",50
"28809",595.920421448012,"NRI_P031",100
"28810",-840.434048552008,"NRI_P031",25
"28811",-899.202758551983,"NRI_P031",50
"28812",3569.02593144804,"NRI_P031",100
"28813",8397.27001144801,"NRI_P031",25
"28814",8909.222011448,"NRI_P031",50
"28815",2607.90162144799,"NRI_P031",100
"28816",1671.875211448,"NRI_P031",25
"28817",8227.17514144804,"NRI_P031",50
"28818",14357.864501448,"NRI_P031",100
"28819",-2412.536488552,"NRI_P031",25
"28820",1382.985091448,"NRI_P031",50
"28821",21811.891741448,"NRI_P031",100
"28822",1399.872841448,"NRI_P031",25
"28823",3546.62716144801,"NRI_P031",50
"28824",177.73704144801,"NRI_P031",100
"28825",5434.74311144801,"NRI_P031",25
"28826",-779.457358551968,"NRI_P031",50
"28827",9475.138841448,"NRI_P031",100
"28828",-875.798238552001,"NRI_P031",25
"28829",2507.63574144803,"NRI_P031",50
"28830",3593.61219144799,"NRI_P031",100
"28831",-2340.69297855196,"NRI_P031",25
"28832",18937.102731448,"NRI_P031",50
"28833",8601.377841448,"NRI_P031",100
"28834",3326.581241448,"NRI_P031",25
"28835",5569.17941144801,"NRI_P031",50
"28836",-805.136558551982,"NRI_P031",100
"28837",-814.050978551968,"NRI_P031",25
"28838",2962.468311448,"NRI_P031",50
"28839",11419.680641448,"NRI_P031",100
"28840",365.149551448005,"NRI_P031",25
"28841",221.146891448006,"NRI_P031",50
"28842",-621.122208551969,"NRI_P031",100
"28843",198.007991447987,"NRI_P031",25
"28844",1592.96051144804,"NRI_P031",50
"28845",5508.329391448,"NRI_P031",100
"28846",-18.3082885519834,"NRI_P031",25
"28847",-639.865558551974,"NRI_P031",50
"28848",5836.552811448,"NRI_P031",100
"28849",2195.03554144799,"NRI_P031",25
"28850",-463.578758551972,"NRI_P031",50
"28851",-627.909608552,"NRI_P031",100
"28852",-900.208988551982,"NRI_P031",25
"28853",3146.78184144804,"NRI_P031",50
"28854",-2448.18104855198,"NRI_P031",100
"28855",1332.462111448,"NRI_P031",25
"28856",464.177681447996,"NRI_P031",50
"28857",4418.452441448,"NRI_P031",100
"28858",-39.5385585519834,"NRI_P031",25
"28859",5899.56254144799,"NRI_P031",50
"28860",3041.63025144802,"NRI_P031",100
"28861",2465.78565144801,"NRI_P031",25
"28862",3241.52921144804,"NRI_P031",50
"28863",351.350691448024,"NRI_P031",100
"28864",685.20844144799,"NRI_P031",25
"28865",6702.17121144803,"NRI_P031",50
"28866",-1806.124788552,"NRI_P031",100
"28867",3276.58941144799,"NRI_P031",25
"28868",-2808.46088855201,"NRI_P031",50
"28869",3398.94968144799,"NRI_P031",100
"28870",46.1406014480162,"NRI_P031",25
"28871",-2903.98023855197,"NRI_P031",50
"28872",528.875801448012,"NRI_P031",100
"28873",14422.160241448,"NRI_P031",25
"28874",10249.164411448,"NRI_P031",50
"28875",-3204.77867855201,"NRI_P031",100
"28876",-852.583788551972,"NRI_P031",25
"28877",19780.381111448,"NRI_P031",50
"28878",4384.49064144801,"NRI_P031",100
"28879",796.628811447998,"NRI_P031",25
"28880",-1347.48387855198,"NRI_P031",50
"28881",6889.16764144803,"NRI_P031",100
"28882",-338.014958551968,"NRI_P031",25
"28883",-253.153248552,"NRI_P031",50
"28884",163.817741448001,"NRI_P031",100
"28885",-2560.92358855199,"NRI_P031",25
"28886",3105.97430144803,"NRI_P031",50
"28887",-1490.90375855198,"NRI_P031",100
"28888",-687.420088551997,"NRI_P031",25
"28889",3786.24938144803,"NRI_P031",50
"28890",14041.213011448,"NRI_P031",100
"28891",131.118611448037,"NRI_P031",25
"28892",2441.927911448,"NRI_P031",50
"28893",10066.643451448,"NRI_P031",100
"28894",192.85654144804,"NRI_P031",25
"28895",2424.99436144799,"NRI_P031",50
"28896",10620.813331448,"NRI_P031",100
"28897",3483.42904144799,"NRI_P031",25
"28898",6359.15571144799,"NRI_P031",50
"28899",-2374.43068855198,"NRI_P031",100
"28900",2265.53151144803,"NRI_P031",25
"28901",-1575.57477855199,"NRI_P031",50
"28902",8875.32182144799,"NRI_P031",100
"28903",-2425.92650855199,"NRI_P031",25
"28904",-162.372588552011,"NRI_P031",50
"28905",-1917.81961855199,"NRI_P031",100
"28906",-799.510058551969,"NRI_P031",25
"28907",1164.83794144803,"NRI_P031",50
"28908",-663.446658551984,"NRI_P031",100
"28909",7182.82071144803,"NRI_P031",25
"28910",3664.55501144804,"NRI_P031",50
"28911",13850.293441448,"NRI_P031",100
"28912",-695.251088552002,"NRI_P031",25
"28913",6521.649451448,"NRI_P031",50
"28914",5521.50604144804,"NRI_P031",100
"28915",1561.77324144804,"NRI_P031",25
"28916",-35.8141085520037,"NRI_P031",50
"28917",-252.779948551964,"NRI_P031",100
"28918",-1635.51128855196,"NRI_P031",25
"28919",1229.73141144804,"NRI_P031",50
"28920",3924.96259144804,"NRI_P031",100
"28921",-1045.56028855196,"NRI_P031",25
"28922",-110.816468551988,"NRI_P031",50
"28923",1711.19111144799,"NRI_P031",100
"28924",645.150211448024,"NRI_P031",25
"28925",-15.8225485520088,"NRI_P031",50
"28926",-893.922288551985,"NRI_P031",100
"28927",3025.826211448,"NRI_P031",25
"28928",-290.896348551963,"NRI_P031",50
"28929",5643.16014144802,"NRI_P031",100
"28930",5591.65841144801,"NRI_P031",25
"28931",4001.19924144802,"NRI_P031",50
"28932",1466.40504144802,"NRI_P031",100
"28933",-2126.51791855198,"NRI_P031",25
"28934",-2078.92968855199,"NRI_P031",50
"28935",14970.505741448,"NRI_P031",100
"28936",-23.7539985519834,"NRI_P031",25
"28937",-3395.27489855199,"NRI_P031",50
"28938",6157.63737144799,"NRI_P031",100
"28939",2184.80641144799,"NRI_P031",25
"28940",-759.274658551964,"NRI_P031",50
"28941",8288.706661448,"NRI_P031",100
"28942",-265.120318552013,"NRI_P031",25
"28943",-276.268058551999,"NRI_P031",50
"28944",-2516.691088552,"NRI_P031",100
"28945",-1416.70767855196,"NRI_P031",25
"28946",-2362.86468855198,"NRI_P031",50
"28947",8605.36364144803,"NRI_P031",100
"28948",2110.01235144801,"NRI_P031",25
"28949",826.886041447986,"NRI_P031",50
"28950",-3330.69001855201,"NRI_P031",100
"28951",1952.19431144802,"NRI_P031",25
"28952",-1900.75917855196,"NRI_P031",50
"28953",2151.45954144804,"NRI_P031",100
"28954",61.5295114479959,"NRI_P031",25
"28955",3812.938941448,"NRI_P031",50
"28956",19190.901091448,"NRI_P031",100
"28957",4374.90241144801,"NRI_P031",25
"28958",10038.344441448,"NRI_P031",50
"28959",-466.172968551982,"NRI_P031",100
"28960",-796.237098551996,"NRI_P031",25
"28961",3623.87605144799,"NRI_P031",50
"28962",9625.21494144801,"NRI_P031",100
"28963",3780.82841144799,"NRI_P031",25
"28964",807.297141448013,"NRI_P031",50
"28965",5087.39298144804,"NRI_P031",100
"28966",-693.250598551997,"NRI_P031",25
"28967",2844.331891448,"NRI_P031",50
"28968",-863.043758551998,"NRI_P031",100
"28969",-204.732388551987,"NRI_P031",25
"28970",-1120.13823855197,"NRI_P031",50
"28971",2936.55037144799,"NRI_P031",100
"28972",-592.066678551957,"NRI_P031",25
"28973",-1070.38495855196,"NRI_P031",50
"28974",3948.57768144802,"NRI_P031",100
"28975",-512.588588551967,"NRI_P031",25
"28976",-1846.06547855196,"NRI_P031",50
"28977",6599.82755144802,"NRI_P031",100
"28978",-116.652798552008,"NRI_P031",25
"28979",4235.748911448,"NRI_P031",50
"28980",-421.831718551985,"NRI_P031",100
"28981",3530.46894144802,"NRI_P031",25
"28982",6464.147341448,"NRI_P031",50
"28983",7983.06168144802,"NRI_P031",100
"28984",-2761.309788552,"NRI_P031",25
"28985",4883.98474144802,"NRI_P031",50
"28986",349.786741448042,"NRI_P031",100
"28987",181.191511448007,"NRI_P031",25
"28988",-419.938038552005,"NRI_P031",50
"28989",1516.95965144801,"NRI_P031",100
"28990",-3147.59623855201,"NRI_P031",25
"28991",-837.775388551992,"NRI_P031",50
"28992",4352.82551144803,"NRI_P031",100
"28993",-791.651148551959,"NRI_P031",25
"28994",1341.51271144801,"NRI_P031",50
"28995",2592.02100144804,"NRI_P031",100
"28996",-1547.37908855197,"NRI_P031",25
"28997",650.588811448019,"NRI_P031",50
"28998",-942.736898551986,"NRI_P031",100
"28999",-394.343658551981,"NRI_P031",25
"29000",494.651111448009,"NRI_P031",50
"29001",11668.656871448,"NRI_P031",100
"29002",17565.156741448,"NRI_P031",25
"29003",7420.63768144802,"NRI_P031",50
"29004",8000.18461144803,"NRI_P031",100
"29005",381.748911447998,"NRI_P031",25
"29006",1014.69431144802,"NRI_P031",50
"29007",1533.76476144802,"NRI_P031",100
"29008",5172.83644144802,"NRI_P031",25
"29009",-1890.46248855197,"NRI_P031",50
"29010",4963.69224144804,"NRI_P031",100
"29011",-446.581588551984,"NRI_P031",25
"29012",410.006741448015,"NRI_P031",50
"29013",-2033.33202855196,"NRI_P031",100
"29014",2212.33821144799,"NRI_P031",25
"29015",5273.87464144803,"NRI_P031",50
"29016",-741.519958551973,"NRI_P031",100
"29017",-1012.13498855196,"NRI_P031",25
"29018",-1385.42736855196,"NRI_P031",50
"29019",13090.310751448,"NRI_P031",100
"29020",5711.14434144803,"NRI_P031",25
"29021",1613.34612144803,"NRI_P031",50
"29022",6225.20203144802,"NRI_P031",100
"29023",3197.83034144802,"NRI_P031",25
"29024",-301.634868551977,"NRI_P031",50
"29025",-1601.53185855201,"NRI_P031",100
"29026",-183.209698551975,"NRI_P031",25
"29027",-1125.020458552,"NRI_P031",50
"29028",312.539851448033,"NRI_P031",100
"29029",-2914.26353855198,"NRI_P031",25
"29030",1131.22622144799,"NRI_P031",50
"29031",5144.71810144803,"NRI_P031",100
"29032",-1426.67738855199,"NRI_P031",25
"29033",633.198341448035,"NRI_P031",50
"29034",5929.40174144803,"NRI_P031",100
"29035",-1823.917558552,"NRI_P031",25
"29036",-325.68814855197,"NRI_P031",50
"29037",4072.99795144802,"NRI_P031",100
"29038",2057.06224144803,"NRI_P031",25
"29039",-1247.20702855196,"NRI_P031",50
"29040",18461.538351448,"NRI_P031",100
"29041",682.018311447988,"NRI_P031",25
"29042",-1023.54553855199,"NRI_P031",50
"29043",3731.715811448,"NRI_P031",100
"29044",-1681.94551855198,"NRI_P031",25
"29045",4105.62782144803,"NRI_P031",50
"29046",2029.312741448,"NRI_P031",100
"29047",67.6100414480316,"NRI_P031",25
"29048",2465.46254144801,"NRI_P031",50
"29049",-3213.96799855196,"NRI_P031",100
"29050",2936.106811448,"NRI_P031",25
"29051",1313.96324144799,"NRI_P031",50
"29052",11500.248591448,"NRI_P031",100
"29053",-1790.49412855197,"NRI_P031",25
"29054",-2115.29647855199,"NRI_P031",50
"29055",6288.27164144802,"NRI_P031",100
"29056",-393.62028855196,"NRI_P031",25
"29057",1024.415711448,"NRI_P031",50
"29058",8257.20144144801,"NRI_P031",100
"29059",-499.128718552005,"NRI_P031",25
"29060",251.252571447985,"NRI_P031",50
"29061",-871.267848551972,"NRI_P031",100
"29062",5869.92455144803,"NRI_P031",25
"29063",38.9164114480373,"NRI_P031",50
"29064",1873.78005144803,"NRI_P031",100
"29065",1843.505111448,"NRI_P031",25
"29066",1279.667721448,"NRI_P031",50
"29067",4646.67234144802,"NRI_P031",100
"29068",-801.125388551969,"NRI_P031",25
"29069",2922.71294144803,"NRI_P031",50
"29070",6933.85669144802,"NRI_P031",100
"29071",440.492311448033,"NRI_P031",25
"29072",-500.354558551975,"NRI_P031",50
"29073",-2206.02541855199,"NRI_P031",100
"29074",-363.03612855199,"NRI_P031",25
"29075",8684.41895144799,"NRI_P031",50
"29076",3163.48855144804,"NRI_P031",100
"29077",369.957611448015,"NRI_P031",25
"29078",18896.419911448,"NRI_P031",50
"29079",12198.690281448,"NRI_P031",100
"29080",14496.017011448,"NRI_P031",25
"29081",-779.033188552014,"NRI_P031",50
"29082",-1206.49304855196,"NRI_P031",100
"29083",449.817541447992,"NRI_P031",25
"29084",10931.196841448,"NRI_P031",50
"29085",-1459.38885855197,"NRI_P031",100
"29086",-766.469188552001,"NRI_P031",25
"29087",2242.28312144801,"NRI_P031",50
"29088",7312.258811448,"NRI_P031",100
"29089",158.773911448021,"NRI_P031",25
"29090",-1435.51868855197,"NRI_P031",50
"29091",370.465321447991,"NRI_P031",100
"29092",3646.44781144802,"NRI_P031",25
"29093",-283.343348552007,"NRI_P031",50
"29094",6203.55764144799,"NRI_P031",100
"29095",-196.434158551972,"NRI_P031",25
"29096",-338.38305855199,"NRI_P031",50
"29097",-1116.231358552,"NRI_P031",100
"29098",-609.962398551987,"NRI_P031",25
"29099",1163.31984144804,"NRI_P031",50
"29100",811.586851447995,"NRI_P031",100
"29101",-0.00133108999580145,"NRI_P032",25
"29102",-549.840531089983,"NRI_P032",50
"29103",-1962.71851108997,"NRI_P032",100
"29104",-0.00133108999580145,"NRI_P032",25
"29105",-882.661291089957,"NRI_P032",50
"29106",504.529998910031,"NRI_P032",100
"29107",-0.00133108999580145,"NRI_P032",25
"29108",-331.436931089964,"NRI_P032",50
"29109",-1902.45343108999,"NRI_P032",100
"29110",-0.00133108999580145,"NRI_P032",25
"29111",-436.950731089979,"NRI_P032",50
"29112",-1882.73175108997,"NRI_P032",100
"29113",-0.00133108999580145,"NRI_P032",25
"29114",-737.114231089945,"NRI_P032",50
"29115",-1983.41403108998,"NRI_P032",100
"29116",-0.00133108999580145,"NRI_P032",25
"29117",-220.983531089965,"NRI_P032",50
"29118",-1772.31438108999,"NRI_P032",100
"29119",-0.00133108999580145,"NRI_P032",25
"29120",-602.991931089957,"NRI_P032",50
"29121",-1064.80311108998,"NRI_P032",100
"29122",-0.00133108999580145,"NRI_P032",25
"29123",-512.337931089976,"NRI_P032",50
"29124",-1387.66253108997,"NRI_P032",100
"29125",-0.00133108999580145,"NRI_P032",25
"29126",-568.264831089997,"NRI_P032",50
"29127",-1625.21083108999,"NRI_P032",100
"29128",-0.00133108999580145,"NRI_P032",25
"29129",-832.851031089958,"NRI_P032",50
"29130",-1944.51852108998,"NRI_P032",100
"29131",-0.00133108999580145,"NRI_P032",25
"29132",691.893668910023,"NRI_P032",50
"29133",-1856.88493109,"NRI_P032",100
"29134",-0.00133108999580145,"NRI_P032",25
"29135",-869.850281089952,"NRI_P032",50
"29136",-1965.00265108998,"NRI_P032",100
"29137",-0.00133108999580145,"NRI_P032",25
"29138",-752.077031089982,"NRI_P032",50
"29139",-1292.06113108998,"NRI_P032",100
"29140",-0.00133108999580145,"NRI_P032",25
"29141",-897.07963108999,"NRI_P032",50
"29142",-1518.69643108995,"NRI_P032",100
"29143",-0.00133108999580145,"NRI_P032",25
"29144",-1038.91503108997,"NRI_P032",50
"29145",644.498468910053,"NRI_P032",100
"29146",-0.00133108999580145,"NRI_P032",25
"29147",4344.79166891001,"NRI_P032",50
"29148",-1824.42796109,"NRI_P032",100
"29149",-0.00133108999580145,"NRI_P032",25
"29150",2114.95966891001,"NRI_P032",50
"29151",-1513.11396108998,"NRI_P032",100
"29152",-0.00133108999580145,"NRI_P032",25
"29153",758.175668910029,"NRI_P032",50
"29154",-1815.93153109,"NRI_P032",100
"29155",-0.00133108999580145,"NRI_P032",25
"29156",973.470668910013,"NRI_P032",50
"29157",-1907.02853108995,"NRI_P032",100
"29158",-0.00133108999580145,"NRI_P032",25
"29159",1593.77166891005,"NRI_P032",50
"29160",-1909.87232108996,"NRI_P032",100
"29161",-0.00133108999580145,"NRI_P032",25
"29162",-1096.22229109,"NRI_P032",50
"29163",-921.320031089999,"NRI_P032",100
"29164",-0.00133108999580145,"NRI_P032",25
"29165",-781.588531089947,"NRI_P032",50
"29166",-1922.69318109,"NRI_P032",100
"29167",-0.00133108999580145,"NRI_P032",25
"29168",-1090.27640108997,"NRI_P032",50
"29169",-1070.12393109,"NRI_P032",100
"29170",-0.00133108999580145,"NRI_P032",25
"29171",1135.32166891004,"NRI_P032",50
"29172",166.953968910035,"NRI_P032",100
"29173",-0.00133108999580145,"NRI_P032",25
"29174",-1104.33493108995,"NRI_P032",50
"29175",-28.3896310899872,"NRI_P032",100
"29176",-0.00133108999580145,"NRI_P032",25
"29177",-882.661291089957,"NRI_P032",50
"29178",-1912.95093108999,"NRI_P032",100
"29179",-0.00133108999580145,"NRI_P032",25
"29180",-174.412331089959,"NRI_P032",50
"29181",-1810.44623109,"NRI_P032",100
"29182",-0.00133108999580145,"NRI_P032",25
"29183",1350.61666891002,"NRI_P032",50
"29184",-716.81883109,"NRI_P032",100
"29185",-0.00133108999580145,"NRI_P032",25
"29186",-325.730731089949,"NRI_P032",50
"29187",-1937.00369108998,"NRI_P032",100
"29188",-0.00133108999580145,"NRI_P032",25
"29189",425.949668910005,"NRI_P032",50
"29190",-1950.12015108997,"NRI_P032",100
"29191",-0.00133108999580145,"NRI_P032",25
"29192",-806.065631089965,"NRI_P032",50
"29193",-853.856131089968,"NRI_P032",100
"29194",-0.00133108999580145,"NRI_P032",25
"29195",-1109.49969108996,"NRI_P032",50
"29196",-1629.27203108999,"NRI_P032",100
"29197",-0.00133108999580145,"NRI_P032",25
"29198",-391.77653108997,"NRI_P032",50
"29199",475.00676891004,"NRI_P032",100
"29200",-0.00133108999580145,"NRI_P032",25
"29201",-923.893531089998,"NRI_P032",50
"29202",-474.349831089959,"NRI_P032",100
"29203",-0.00133108999580145,"NRI_P032",25
"29204",-893.834571089945,"NRI_P032",50
"29205",3700.24986891,"NRI_P032",100
"29206",-0.00133108999580145,"NRI_P032",25
"29207",-325.730731089949,"NRI_P032",50
"29208",-1774.68340108998,"NRI_P032",100
"29209",-0.00133108999580145,"NRI_P032",25
"29210",286.342668910045,"NRI_P032",50
"29211",-1674.72472109,"NRI_P032",100
"29212",-0.00133108999580145,"NRI_P032",25
"29213",-816.41623108997,"NRI_P032",50
"29214",-1889.10113108996,"NRI_P032",100
"29215",-0.00133108999580145,"NRI_P032",25
"29216",-616.199231089966,"NRI_P032",50
"29217",-1707.09008108999,"NRI_P032",100
"29218",-0.00133108999580145,"NRI_P032",25
"29219",-109.469331089989,"NRI_P032",50
"29220",-1790.75193108997,"NRI_P032",100
"29221",-0.00133108999580145,"NRI_P032",25
"29222",-884.373991089989,"NRI_P032",50
"29223",-1707.34673108999,"NRI_P032",100
"29224",-0.00133108999580145,"NRI_P032",25
"29225",-777.719631089945,"NRI_P032",50
"29226",-1380.00493108999,"NRI_P032",100
"29227",-0.00133108999580145,"NRI_P032",25
"29228",-1073.74233108998,"NRI_P032",50
"29229",-1836.14723109,"NRI_P032",100
"29230",-0.00133108999580145,"NRI_P032",25
"29231",-399.82373109,"NRI_P032",50
"29232",-1750.83753108996,"NRI_P032",100
"29233",-0.00133108999580145,"NRI_P032",25
"29234",-963.52263108996,"NRI_P032",50
"29235",1061.10766891,"NRI_P032",100
"29236",-0.00133108999580145,"NRI_P032",25
"29237",-760.929031089996,"NRI_P032",50
"29238",-391.898531089944,"NRI_P032",100
"29239",-0.00133108999580145,"NRI_P032",25
"29240",-824.703231089981,"NRI_P032",50
"29241",1221.31746891001,"NRI_P032",100
"29242",-0.00133108999580145,"NRI_P032",25
"29243",-764.746031089977,"NRI_P032",50
"29244",-1790.17713108996,"NRI_P032",100
"29245",-0.00133108999580145,"NRI_P032",25
"29246",-1112.22235108999,"NRI_P032",50
"29247",-1689.10352109,"NRI_P032",100
"29248",-0.00133108999580145,"NRI_P032",25
"29249",-737.114231089945,"NRI_P032",50
"29250",-1940.32832108997,"NRI_P032",100
"29251",-0.00133108999580145,"NRI_P032",25
"29252",-1003.22273108998,"NRI_P032",50
"29253",-1787.88727108994,"NRI_P032",100
"29254",-0.00133108999580145,"NRI_P032",25
"29255",-788.538731089968,"NRI_P032",50
"29256",-1833.96417108999,"NRI_P032",100
"29257",-0.00133108999580145,"NRI_P032",25
"29258",-1096.49643109,"NRI_P032",50
"29259",-1436.82413108996,"NRI_P032",100
"29260",-0.00133108999580145,"NRI_P032",25
"29261",-882.355461089988,"NRI_P032",50
"29262",-1724.30823108996,"NRI_P032",100
"29263",-0.00133108999580145,"NRI_P032",25
"29264",-801.441131089989,"NRI_P032",50
"29265",70.4275689100032,"NRI_P032",100
"29266",-0.00133108999580145,"NRI_P032",25
"29267",-1067.63703108998,"NRI_P032",50
"29268",-1076.54491108999,"NRI_P032",100
"29269",-0.00133108999580145,"NRI_P032",25
"29270",-1078.10119108995,"NRI_P032",50
"29271",-380.855231089983,"NRI_P032",100
"29272",-0.00133108999580145,"NRI_P032",25
"29273",-350.626931089966,"NRI_P032",50
"29274",-1186.63343108998,"NRI_P032",100
"29275",-0.00133108999580145,"NRI_P032",25
"29276",-1079.65293108998,"NRI_P032",50
"29277",-1294.41850108997,"NRI_P032",100
"29278",-0.00133108999580145,"NRI_P032",25
"29279",-1089.07268108998,"NRI_P032",50
"29280",-452.360931089963,"NRI_P032",100
"29281",-0.00133108999580145,"NRI_P032",25
"29282",-871.936731089954,"NRI_P032",50
"29283",-1883.03525108995,"NRI_P032",100
"29284",-0.00133108999580145,"NRI_P032",25
"29285",-897.07963108999,"NRI_P032",50
"29286",-146.559531089966,"NRI_P032",100
"29287",-0.00133108999580145,"NRI_P032",25
"29288",-870.578781089978,"NRI_P032",50
"29289",-1759.84083109,"NRI_P032",100
"29290",-0.00133108999580145,"NRI_P032",25
"29291",-1082.25082108995,"NRI_P032",50
"29292",-764.520931089995,"NRI_P032",100
"29293",-0.00133108999580145,"NRI_P032",25
"29294",-799.003531089984,"NRI_P032",50
"29295",-1624.09313108999,"NRI_P032",100
"29296",-0.00133108999580145,"NRI_P032",25
"29297",-576.612531089981,"NRI_P032",50
"29298",-1188.03223108995,"NRI_P032",100
"29299",-0.00133108999580145,"NRI_P032",25
"29300",-809.731131089968,"NRI_P032",50
"29301",-666.874931089988,"NRI_P032",100
"29302",-0.00133108999580145,"NRI_P032",25
"29303",-787.95033108996,"NRI_P032",50
"29304",-148.959701089945,"NRI_P032",100
"29305",-0.00133108999580145,"NRI_P032",25
"29306",-1081.50829108997,"NRI_P032",50
"29307",-1324.30793108995,"NRI_P032",100
"29308",-0.00133108999580145,"NRI_P032",25
"29309",-576.062531089992,"NRI_P032",50
"29310",-790.768631089944,"NRI_P032",100
"29311",-0.00133108999580145,"NRI_P032",25
"29312",-848.445731089974,"NRI_P032",50
"29313",-1479.52746108995,"NRI_P032",100
"29314",-0.00133108999580145,"NRI_P032",25
"29315",176.270668910001,"NRI_P032",50
"29316",-1501.48993108998,"NRI_P032",100
"29317",-0.00133108999580145,"NRI_P032",25
"29318",47.5616689100279,"NRI_P032",50
"29319",-821.863031089946,"NRI_P032",100
"29320",-0.00133108999580145,"NRI_P032",25
"29321",958.102668910054,"NRI_P032",50
"29322",-1806.43597108999,"NRI_P032",100
"29323",-0.00133108999580145,"NRI_P032",25
"29324",-1109.49969108996,"NRI_P032",50
"29325",-1299.59280108998,"NRI_P032",100
"29326",-0.00133108999580145,"NRI_P032",25
"29327",-615.09313108999,"NRI_P032",50
"29328",-1813.76943108998,"NRI_P032",100
"29329",-0.00133108999580145,"NRI_P032",25
"29330",15.4846689100377,"NRI_P032",50
"29331",385.64831891004,"NRI_P032",100
"29332",-0.00133108999580145,"NRI_P032",25
"29333",-881.201431089954,"NRI_P032",50
"29334",-49.7626810899819,"NRI_P032",100
"29335",-0.00133108999580145,"NRI_P032",25
"29336",-613.50223108998,"NRI_P032",50
"29337",-1668.76173108997,"NRI_P032",100
"29338",-0.00133108999580145,"NRI_P032",25
"29339",-1004.17663109,"NRI_P032",50
"29340",-1902.50065109,"NRI_P032",100
"29341",-0.00133108999580145,"NRI_P032",25
"29342",-866.284931089962,"NRI_P032",50
"29343",-1924.27439108997,"NRI_P032",100
"29344",-0.00133108999580145,"NRI_P032",25
"29345",824.013668910018,"NRI_P032",50
"29346",289.114268910023,"NRI_P032",100
"29347",-0.00133108999580145,"NRI_P032",25
"29348",-890.658921089955,"NRI_P032",50
"29349",-1949.50843108998,"NRI_P032",100
"29350",-0.00133108999580145,"NRI_P032",25
"29351",-400.669231089996,"NRI_P032",50
"29352",-658.875531089958,"NRI_P032",100
"29353",-0.00133108999580145,"NRI_P032",25
"29354",-713.751631089952,"NRI_P032",50
"29355",450.200068910024,"NRI_P032",100
"29356",-0.00133108999580145,"NRI_P032",25
"29357",78.9636689100298,"NRI_P032",50
"29358",-1710.55153108999,"NRI_P032",100
"29359",-0.00133108999580145,"NRI_P032",25
"29360",3666.16266891005,"NRI_P032",50
"29361",-1662.74163109,"NRI_P032",100
"29362",-0.00133108999580145,"NRI_P032",25
"29363",-866.284931089962,"NRI_P032",50
"29364",-1402.52953109,"NRI_P032",100
"29365",-0.00133108999580145,"NRI_P032",25
"29366",-288.276931089989,"NRI_P032",50
"29367",-1223.78553108999,"NRI_P032",100
"29368",-0.00133108999580145,"NRI_P032",25
"29369",-1060.78873108997,"NRI_P032",50
"29370",-1342.82063108997,"NRI_P032",100
"29371",-0.00133108999580145,"NRI_P032",25
"29372",501.637668910029,"NRI_P032",50
"29373",434.364568910038,"NRI_P032",100
"29374",-0.00133108999580145,"NRI_P032",25
"29375",15.4846689100377,"NRI_P032",50
"29376",-1898.91220108996,"NRI_P032",100
"29377",-0.00133108999580145,"NRI_P032",25
"29378",-660.731931089947,"NRI_P032",50
"29379",-1138.75173108996,"NRI_P032",100
"29380",-0.00133108999580145,"NRI_P032",25
"29381",658.296668910014,"NRI_P032",50
"29382",-608.665231089981,"NRI_P032",100
"29383",-0.00133108999580145,"NRI_P032",25
"29384",-880.92729108996,"NRI_P032",50
"29385",-1237.22063108999,"NRI_P032",100
"29386",-0.00133108999580145,"NRI_P032",25
"29387",-442.06493108999,"NRI_P032",50
"29388",-1653.47043108998,"NRI_P032",100
"29389",-0.00133108999580145,"NRI_P032",25
"29390",19.9899689099984,"NRI_P032",50
"29391",-1956.07601108996,"NRI_P032",100
"29392",-0.00133108999580145,"NRI_P032",25
"29393",-141.064631089976,"NRI_P032",50
"29394",-1838.49603108998,"NRI_P032",100
"29395",-0.00133108999580145,"NRI_P032",25
"29396",-795.634631089983,"NRI_P032",50
"29397",-97.5089310899493,"NRI_P032",100
"29398",-0.00133108999580145,"NRI_P032",25
"29399",-616.054231089947,"NRI_P032",50
"29400",-692.692331089987,"NRI_P032",100
"29401",-0.00402734498493373,"NRI_P033",25
"29402",-0.00402734498493373,"NRI_P033",50
"29403",-1217.42802734498,"NRI_P033",100
"29404",-0.00402734498493373,"NRI_P033",25
"29405",-0.00402734498493373,"NRI_P033",50
"29406",-99.9621273449739,"NRI_P033",100
"29407",-0.00402734498493373,"NRI_P033",25
"29408",-0.00402734498493373,"NRI_P033",50
"29409",55.9750726550119,"NRI_P033",100
"29410",-0.00402734498493373,"NRI_P033",25
"29411",-0.00402734498493373,"NRI_P033",50
"29412",294.283992654993,"NRI_P033",100
"29413",-0.00402734498493373,"NRI_P033",25
"29414",-0.00402734498493373,"NRI_P033",50
"29415",-5176.49402734498,"NRI_P033",100
"29416",-0.00402734498493373,"NRI_P033",25
"29417",-0.00402734498493373,"NRI_P033",50
"29418",-50.2964273449616,"NRI_P033",100
"29419",-0.00402734498493373,"NRI_P033",25
"29420",-0.00402734498493373,"NRI_P033",50
"29421",-1829.65092734498,"NRI_P033",100
"29422",-0.00402734498493373,"NRI_P033",25
"29423",-0.00402734498493373,"NRI_P033",50
"29424",-3633.58922734496,"NRI_P033",100
"29425",-0.00402734498493373,"NRI_P033",25
"29426",-0.00402734498493373,"NRI_P033",50
"29427",-125.205157344986,"NRI_P033",100
"29428",-0.00402734498493373,"NRI_P033",25
"29429",-0.00402734498493373,"NRI_P033",50
"29430",-0.00402734498493373,"NRI_P033",100
"29431",-0.00402734498493373,"NRI_P033",25
"29432",-0.00402734498493373,"NRI_P033",50
"29433",-88.5093273450038,"NRI_P033",100
"29434",-0.00402734498493373,"NRI_P033",25
"29435",-0.00402734498493373,"NRI_P033",50
"29436",-1721.02662734495,"NRI_P033",100
"29437",-0.00402734498493373,"NRI_P033",25
"29438",-0.00402734498493373,"NRI_P033",50
"29439",-472.39442734496,"NRI_P033",100
"29440",-0.00402734498493373,"NRI_P033",25
"29441",-0.00402734498493373,"NRI_P033",50
"29442",-241.88932734495,"NRI_P033",100
"29443",-0.00402734498493373,"NRI_P033",25
"29444",-0.00402734498493373,"NRI_P033",50
"29445",-195.090227345005,"NRI_P033",100
"29446",-0.00402734498493373,"NRI_P033",25
"29447",-0.00402734498493373,"NRI_P033",50
"29448",211.885872655024,"NRI_P033",100
"29449",-0.00402734498493373,"NRI_P033",25
"29450",-0.00402734498493373,"NRI_P033",50
"29451",1268.45123265503,"NRI_P033",100
"29452",-0.00402734498493373,"NRI_P033",25
"29453",-0.00402734498493373,"NRI_P033",50
"29454",-100.96287734498,"NRI_P033",100
"29455",-0.00402734498493373,"NRI_P033",25
"29456",-0.00402734498493373,"NRI_P033",50
"29457",-1824.61762734497,"NRI_P033",100
"29458",-0.00402734498493373,"NRI_P033",25
"29459",-0.00402734498493373,"NRI_P033",50
"29460",-21.0807273449609,"NRI_P033",100
"29461",-0.00402734498493373,"NRI_P033",25
"29462",-0.00402734498493373,"NRI_P033",50
"29463",-4021.20392734499,"NRI_P033",100
"29464",-0.00402734498493373,"NRI_P033",25
"29465",-0.00402734498493373,"NRI_P033",50
"29466",-73.1865273449803,"NRI_P033",100
"29467",-0.00402734498493373,"NRI_P033",25
"29468",-0.00402734498493373,"NRI_P033",50
"29469",-1522.37612734496,"NRI_P033",100
"29470",-0.00402734498493373,"NRI_P033",25
"29471",-0.00402734498493373,"NRI_P033",50
"29472",-331.921227344952,"NRI_P033",100
"29473",-0.00402734498493373,"NRI_P033",25
"29474",-0.00402734498493373,"NRI_P033",50
"29475",517.522072655032,"NRI_P033",100
"29476",-0.00402734498493373,"NRI_P033",25
"29477",-0.00402734498493373,"NRI_P033",50
"29478",-420.763627344975,"NRI_P033",100
"29479",-0.00402734498493373,"NRI_P033",25
"29480",-0.00402734498493373,"NRI_P033",50
"29481",434.487492654996,"NRI_P033",100
"29482",-0.00402734498493373,"NRI_P033",25
"29483",-0.00402734498493373,"NRI_P033",50
"29484",2620.241972655,"NRI_P033",100
"29485",-0.00402734498493373,"NRI_P033",25
"29486",-0.00402734498493373,"NRI_P033",50
"29487",224.13477265503,"NRI_P033",100
"29488",-0.00402734498493373,"NRI_P033",25
"29489",-0.00402734498493373,"NRI_P033",50
"29490",-22.6436273449799,"NRI_P033",100
"29491",-0.00402734498493373,"NRI_P033",25
"29492",-0.00402734498493373,"NRI_P033",50
"29493",-186.420527344977,"NRI_P033",100
"29494",-0.00402734498493373,"NRI_P033",25
"29495",-0.00402734498493373,"NRI_P033",50
"29496",-27.9206073450041,"NRI_P033",100
"29497",-0.00402734498493373,"NRI_P033",25
"29498",-0.00402734498493373,"NRI_P033",50
"29499",330.546272655018,"NRI_P033",100
"29500",-0.00402734498493373,"NRI_P033",25
"29501",-0.00402734498493373,"NRI_P033",50
"29502",-103.865427344979,"NRI_P033",100
"29503",-0.00402734498493373,"NRI_P033",25
"29504",-0.00402734498493373,"NRI_P033",50
"29505",157.72177265503,"NRI_P033",100
"29506",-0.00402734498493373,"NRI_P033",25
"29507",-0.00402734498493373,"NRI_P033",50
"29508",59.830572655017,"NRI_P033",100
"29509",-0.00402734498493373,"NRI_P033",25
"29510",-0.00402734498493373,"NRI_P033",50
"29511",1476.24607265502,"NRI_P033",100
"29512",-0.00402734498493373,"NRI_P033",25
"29513",-0.00402734498493373,"NRI_P033",50
"29514",-3723.74632734497,"NRI_P033",100
"29515",-0.00402734498493373,"NRI_P033",25
"29516",-0.00402734498493373,"NRI_P033",50
"29517",6545.63397265499,"NRI_P033",100
"29518",-0.00402734498493373,"NRI_P033",25
"29519",-0.00402734498493373,"NRI_P033",50
"29520",-58.8547573449905,"NRI_P033",100
"29521",-0.00402734498493373,"NRI_P033",25
"29522",-0.00402734498493373,"NRI_P033",50
"29523",42.312972654996,"NRI_P033",100
"29524",-0.00402734498493373,"NRI_P033",25
"29525",-0.00402734498493373,"NRI_P033",50
"29526",-40.5918873449555,"NRI_P033",100
"29527",-0.00402734498493373,"NRI_P033",25
"29528",-0.00402734498493373,"NRI_P033",50
"29529",-5203.49145734496,"NRI_P033",100
"29530",-0.00402734498493373,"NRI_P033",25
"29531",-0.00402734498493373,"NRI_P033",50
"29532",-122.812907344953,"NRI_P033",100
"29533",-0.00402734498493373,"NRI_P033",25
"29534",-0.00402734498493373,"NRI_P033",50
"29535",-61.9626073449617,"NRI_P033",100
"29536",-0.00402734498493373,"NRI_P033",25
"29537",-0.00402734498493373,"NRI_P033",50
"29538",4122.73977265501,"NRI_P033",100
"29539",-0.00402734498493373,"NRI_P033",25
"29540",-0.00402734498493373,"NRI_P033",50
"29541",126.532262655033,"NRI_P033",100
"29542",-0.00402734498493373,"NRI_P033",25
"29543",-0.00402734498493373,"NRI_P033",50
"29544",-3.10968734498601,"NRI_P033",100
"29545",-0.00402734498493373,"NRI_P033",25
"29546",-0.00402734498493373,"NRI_P033",50
"29547",7387.29207265499,"NRI_P033",100
"29548",-0.00402734498493373,"NRI_P033",25
"29549",-0.00402734498493373,"NRI_P033",50
"29550",-64.4821773449657,"NRI_P033",100
"29551",-0.00402734498493373,"NRI_P033",25
"29552",-0.00402734498493373,"NRI_P033",50
"29553",-10136.127827345,"NRI_P033",100
"29554",-0.00402734498493373,"NRI_P033",25
"29555",-0.00402734498493373,"NRI_P033",50
"29556",-135.169327344978,"NRI_P033",100
"29557",-0.00402734498493373,"NRI_P033",25
"29558",-0.00402734498493373,"NRI_P033",50
"29559",84.1801826549927,"NRI_P033",100
"29560",-0.00402734498493373,"NRI_P033",25
"29561",-0.00402734498493373,"NRI_P033",50
"29562",19.167222655029,"NRI_P033",100
"29563",-0.00402734498493373,"NRI_P033",25
"29564",-0.00402734498493373,"NRI_P033",50
"29565",-2118.54032734496,"NRI_P033",100
"29566",-0.00402734498493373,"NRI_P033",25
"29567",-0.00402734498493373,"NRI_P033",50
"29568",52.3170726550161,"NRI_P033",100
"29569",-0.00402734498493373,"NRI_P033",25
"29570",-0.00402734498493373,"NRI_P033",50
"29571",-42.8030773449573,"NRI_P033",100
"29572",-0.00402734498493373,"NRI_P033",25
"29573",-0.00402734498493373,"NRI_P033",50
"29574",606.404072655016,"NRI_P033",100
"29575",-0.00402734498493373,"NRI_P033",25
"29576",-0.00402734498493373,"NRI_P033",50
"29577",-0.00402734498493373,"NRI_P033",100
"29578",-0.00402734498493373,"NRI_P033",25
"29579",-0.00402734498493373,"NRI_P033",50
"29580",4499.474772655,"NRI_P033",100
"29581",-0.00402734498493373,"NRI_P033",25
"29582",-0.00402734498493373,"NRI_P033",50
"29583",43.0122726550326,"NRI_P033",100
"29584",-0.00402734498493373,"NRI_P033",25
"29585",-0.00402734498493373,"NRI_P033",50
"29586",0.232972655037884,"NRI_P033",100
"29587",-0.00402734498493373,"NRI_P033",25
"29588",-0.00402734498493373,"NRI_P033",50
"29589",22.3203726549982,"NRI_P033",100
"29590",-0.00402734498493373,"NRI_P033",25
"29591",-0.00402734498493373,"NRI_P033",50
"29592",41.1026126550278,"NRI_P033",100
"29593",-0.00402734498493373,"NRI_P033",25
"29594",-0.00402734498493373,"NRI_P033",50
"29595",-456.134327345004,"NRI_P033",100
"29596",-0.00402734498493373,"NRI_P033",25
"29597",-0.00402734498493373,"NRI_P033",50
"29598",-464.40832734498,"NRI_P033",100
"29599",-0.00402734498493373,"NRI_P033",25
"29600",-0.00402734498493373,"NRI_P033",50
"29601",-1677.56422734499,"NRI_P033",100
"29602",-0.00402734498493373,"NRI_P033",25
"29603",-0.00402734498493373,"NRI_P033",50
"29604",-29.3924073450034,"NRI_P033",100
"29605",-0.00402734498493373,"NRI_P033",25
"29606",-0.00402734498493373,"NRI_P033",50
"29607",-1796.26572734496,"NRI_P033",100
"29608",-0.00402734498493373,"NRI_P033",25
"29609",-0.00402734498493373,"NRI_P033",50
"29610",-2878.132477345,"NRI_P033",100
"29611",-0.00402734498493373,"NRI_P033",25
"29612",-0.00402734498493373,"NRI_P033",50
"29613",-6369.63382734498,"NRI_P033",100
"29614",-0.00402734498493373,"NRI_P033",25
"29615",-0.00402734498493373,"NRI_P033",50
"29616",161.242072655004,"NRI_P033",100
"29617",-0.00402734498493373,"NRI_P033",25
"29618",-0.00402734498493373,"NRI_P033",50
"29619",26.8263526550145,"NRI_P033",100
"29620",-0.00402734498493373,"NRI_P033",25
"29621",-0.00402734498493373,"NRI_P033",50
"29622",-121.229687344981,"NRI_P033",100
"29623",-0.00402734498493373,"NRI_P033",25
"29624",-0.00402734498493373,"NRI_P033",50
"29625",-2041.576627345,"NRI_P033",100
"29626",-0.00402734498493373,"NRI_P033",25
"29627",-0.00402734498493373,"NRI_P033",50
"29628",129.899892655027,"NRI_P033",100
"29629",-0.00402734498493373,"NRI_P033",25
"29630",-0.00402734498493373,"NRI_P033",50
"29631",1846.117072655,"NRI_P033",100
"29632",-0.00402734498493373,"NRI_P033",25
"29633",-0.00402734498493373,"NRI_P033",50
"29634",1228.594972655,"NRI_P033",100
"29635",-0.00402734498493373,"NRI_P033",25
"29636",-0.00402734498493373,"NRI_P033",50
"29637",-3465.82332734496,"NRI_P033",100
"29638",-0.00402734498493373,"NRI_P033",25
"29639",-0.00402734498493373,"NRI_P033",50
"29640",-153.71777734498,"NRI_P033",100
"29641",-0.00402734498493373,"NRI_P033",25
"29642",-0.00402734498493373,"NRI_P033",50
"29643",13.4874726550188,"NRI_P033",100
"29644",-0.00402734498493373,"NRI_P033",25
"29645",-0.00402734498493373,"NRI_P033",50
"29646",-73.6134273450007,"NRI_P033",100
"29647",-0.00402734498493373,"NRI_P033",25
"29648",-0.00402734498493373,"NRI_P033",50
"29649",-629.252327344962,"NRI_P033",100
"29650",-0.00402734498493373,"NRI_P033",25
"29651",-0.00402734498493373,"NRI_P033",50
"29652",-12030.289437345,"NRI_P033",100
"29653",-0.00402734498493373,"NRI_P033",25
"29654",-0.00402734498493373,"NRI_P033",50
"29655",98.7075726549956,"NRI_P033",100
"29656",-0.00402734498493373,"NRI_P033",25
"29657",-0.00402734498493373,"NRI_P033",50
"29658",-21.2247273449902,"NRI_P033",100
"29659",-0.00402734498493373,"NRI_P033",25
"29660",-0.00402734498493373,"NRI_P033",50
"29661",-5958.22912734497,"NRI_P033",100
"29662",-0.00402734498493373,"NRI_P033",25
"29663",-0.00402734498493373,"NRI_P033",50
"29664",21.1045726549928,"NRI_P033",100
"29665",-0.00402734498493373,"NRI_P033",25
"29666",-0.00402734498493373,"NRI_P033",50
"29667",21.6556726550334,"NRI_P033",100
"29668",-0.00402734498493373,"NRI_P033",25
"29669",-0.00402734498493373,"NRI_P033",50
"29670",103.059072655044,"NRI_P033",100
"29671",-0.00402734498493373,"NRI_P033",25
"29672",-0.00402734498493373,"NRI_P033",50
"29673",-262.699927344976,"NRI_P033",100
"29674",-0.00402734498493373,"NRI_P033",25
"29675",-0.00402734498493373,"NRI_P033",50
"29676",9.01991265499964,"NRI_P033",100
"29677",-0.00402734498493373,"NRI_P033",25
"29678",-0.00402734498493373,"NRI_P033",50
"29679",100.277772655012,"NRI_P033",100
"29680",-0.00402734498493373,"NRI_P033",25
"29681",-0.00402734498493373,"NRI_P033",50
"29682",13.9294726549997,"NRI_P033",100
"29683",-0.00402734498493373,"NRI_P033",25
"29684",-0.00402734498493373,"NRI_P033",50
"29685",-114.790827344987,"NRI_P033",100
"29686",-0.00402734498493373,"NRI_P033",25
"29687",-0.00402734498493373,"NRI_P033",50
"29688",418.494972655026,"NRI_P033",100
"29689",-0.00402734498493373,"NRI_P033",25
"29690",-0.00402734498493373,"NRI_P033",50
"29691",33.8881726550171,"NRI_P033",100
"29692",-0.00402734498493373,"NRI_P033",25
"29693",-0.00402734498493373,"NRI_P033",50
"29694",26.3332726550288,"NRI_P033",100
"29695",-0.00402734498493373,"NRI_P033",25
"29696",-0.00402734498493373,"NRI_P033",50
"29697",6471.94457265502,"NRI_P033",100
"29698",-0.00402734498493373,"NRI_P033",25
"29699",-0.00402734498493373,"NRI_P033",50
"29700",321.938412655029,"NRI_P033",100
"29701",-193.319253222959,"NRI_P034",25
"29702",678.789346777019,"NRI_P034",50
"29703",4151.77799677703,"NRI_P034",100
"29704",93.0582467770437,"NRI_P034",25
"29705",-355.046333222999,"NRI_P034",50
"29706",-321.172333222989,"NRI_P034",100
"29707",216.252346777008,"NRI_P034",25
"29708",511.973856777011,"NRI_P034",50
"29709",999.679086777032,"NRI_P034",100
"29710",-480.699023222958,"NRI_P034",25
"29711",-489.144643222971,"NRI_P034",50
"29712",-579.714453222987,"NRI_P034",100
"29713",49.4669467770145,"NRI_P034",25
"29714",7201.41996677703,"NRI_P034",50
"29715",2469.10649677704,"NRI_P034",100
"29716",-408.298153223004,"NRI_P034",25
"29717",-146.14525322296,"NRI_P034",50
"29718",862.004446777049,"NRI_P034",100
"29719",11.2943467770237,"NRI_P034",25
"29720",-188.684153223003,"NRI_P034",50
"29721",-590.343453223002,"NRI_P034",100
"29722",-88.088653223007,"NRI_P034",25
"29723",-269.324653222982,"NRI_P034",50
"29724",-538.545103223005,"NRI_P034",100
"29725",-184.675543222984,"NRI_P034",25
"29726",3325.901746777,"NRI_P034",50
"29727",-836.729643222992,"NRI_P034",100
"29728",-146.20775322296,"NRI_P034",25
"29729",-76.1270532229682,"NRI_P034",50
"29730",-814.757353222987,"NRI_P034",100
"29731",510.743346777046,"NRI_P034",25
"29732",-146.695793222985,"NRI_P034",50
"29733",169.294466777006,"NRI_P034",100
"29734",-228.603823222977,"NRI_P034",25
"29735",-237.920443222974,"NRI_P034",50
"29736",-618.64504322299,"NRI_P034",100
"29737",-129.219423222996,"NRI_P034",25
"29738",-316.062313222967,"NRI_P034",50
"29739",-637.721363222983,"NRI_P034",100
"29740",348.036146777042,"NRI_P034",25
"29741",-114.513653222995,"NRI_P034",50
"29742",-739.675063222996,"NRI_P034",100
"29743",-125.306163222995,"NRI_P034",25
"29744",-300.227713222965,"NRI_P034",50
"29745",-853.133913222991,"NRI_P034",100
"29746",-460.335373223003,"NRI_P034",25
"29747",1274.38554677705,"NRI_P034",50
"29748",6630.190846777,"NRI_P034",100
"29749",-466.045963222976,"NRI_P034",25
"29750",-463.790653222997,"NRI_P034",50
"29751",-539.609293222951,"NRI_P034",100
"29752",541.024746777024,"NRI_P034",25
"29753",-557.32467322296,"NRI_P034",50
"29754",-705.712103222962,"NRI_P034",100
"29755",-62.2021532229846,"NRI_P034",25
"29756",1068.472746777,"NRI_P034",50
"29757",45.8286167770275,"NRI_P034",100
"29758",-113.384973222972,"NRI_P034",25
"29759",-238.555053222983,"NRI_P034",50
"29760",132.466826777032,"NRI_P034",100
"29761",-212.175013222964,"NRI_P034",25
"29762",-351.673183223,"NRI_P034",50
"29763",1969.90698677703,"NRI_P034",100
"29764",-464.061883222952,"NRI_P034",25
"29765",-80.1730532229994,"NRI_P034",50
"29766",3664.69319677702,"NRI_P034",100
"29767",-155.890953222988,"NRI_P034",25
"29768",-235.572473222972,"NRI_P034",50
"29769",4031.32014677703,"NRI_P034",100
"29770",-115.244073222973,"NRI_P034",25
"29771",-136.39663322299,"NRI_P034",50
"29772",-492.247773222975,"NRI_P034",100
"29773",-58.080753222981,"NRI_P034",25
"29774",-512.517913222953,"NRI_P034",50
"29775",-720.747203223,"NRI_P034",100
"29776",-73.0878332229913,"NRI_P034",25
"29777",-511.003743222973,"NRI_P034",50
"29778",2801.67554677703,"NRI_P034",100
"29779",3944.43414677703,"NRI_P034",25
"29780",243.238976777007,"NRI_P034",50
"29781",-562.879773222958,"NRI_P034",100
"29782",-146.20775322296,"NRI_P034",25
"29783",448.411206777033,"NRI_P034",50
"29784",609.393006777042,"NRI_P034",100
"29785",-185.600663222955,"NRI_P034",25
"29786",1306.059196777,"NRI_P034",50
"29787",-446.251953222963,"NRI_P034",100
"29788",-460.028573222982,"NRI_P034",25
"29789",-266.676653222996,"NRI_P034",50
"29790",2782.30093677703,"NRI_P034",100
"29791",-131.860303222958,"NRI_P034",25
"29792",-182.837953222974,"NRI_P034",50
"29793",-766.843863222981,"NRI_P034",100
"29794",-223.287033222965,"NRI_P034",25
"29795",-273.69715322298,"NRI_P034",50
"29796",-623.584023222968,"NRI_P034",100
"29797",-185.21734322299,"NRI_P034",25
"29798",3241.76429677702,"NRI_P034",50
"29799",-452.25396322296,"NRI_P034",100
"29800",-63.2901532229735,"NRI_P034",25
"29801",343.30224677705,"NRI_P034",50
"29802",-806.577323222999,"NRI_P034",100
"29803",115.335746777011,"NRI_P034",25
"29804",1318.510746777,"NRI_P034",50
"29805",4356.820846777,"NRI_P034",100
"29806",-69.7826532229665,"NRI_P034",25
"29807",652.354046777007,"NRI_P034",50
"29808",-51.6833932229783,"NRI_P034",100
"29809",-112.997413222969,"NRI_P034",25
"29810",2710.71004677704,"NRI_P034",50
"29811",-776.814303222985,"NRI_P034",100
"29812",-148.573553222988,"NRI_P034",25
"29813",-215.084943222988,"NRI_P034",50
"29814",-672.594903222984,"NRI_P034",100
"29815",-74.0658432229538,"NRI_P034",25
"29816",-193.043003222963,"NRI_P034",50
"29817",-158.508353222976,"NRI_P034",100
"29818",98.4747467770358,"NRI_P034",25
"29819",-155.843853222963,"NRI_P034",50
"29820",-828.629333222983,"NRI_P034",100
"29821",20.8439467769931,"NRI_P034",25
"29822",-251.196813222952,"NRI_P034",50
"29823",-530.467003222962,"NRI_P034",100
"29824",-457.741233223001,"NRI_P034",25
"29825",-12.794773222995,"NRI_P034",50
"29826",-405.212563222973,"NRI_P034",100
"29827",129.391346777033,"NRI_P034",25
"29828",-212.33275322296,"NRI_P034",50
"29829",4960.901876777,"NRI_P034",100
"29830",-425.445553222962,"NRI_P034",25
"29831",-212.796153222967,"NRI_P034",50
"29832",8584.32504677703,"NRI_P034",100
"29833",4041.81184677704,"NRI_P034",25
"29834",-510.455683222972,"NRI_P034",50
"29835",-547.397333222965,"NRI_P034",100
"29836",-10.8284532229882,"NRI_P034",25
"29837",-160.506383222993,"NRI_P034",50
"29838",-606.111903222976,"NRI_P034",100
"29839",-210.241773222981,"NRI_P034",25
"29840",6437.144346777,"NRI_P034",50
"29841",1588.31327677704,"NRI_P034",100
"29842",-75.1540532229701,"NRI_P034",25
"29843",-87.4199532229686,"NRI_P034",50
"29844",-266.049133222958,"NRI_P034",100
"29845",-89.249633222993,"NRI_P034",25
"29846",1624.79524677701,"NRI_P034",50
"29847",788.358746776998,"NRI_P034",100
"29848",1186.73314677703,"NRI_P034",25
"29849",-452.126033223001,"NRI_P034",50
"29850",-311.869333222974,"NRI_P034",100
"29851",-125.909333222953,"NRI_P034",25
"29852",6975.90154677699,"NRI_P034",50
"29853",-418.176193222986,"NRI_P034",100
"29854",-198.380593222973,"NRI_P034",25
"29855",855.251746777038,"NRI_P034",50
"29856",2588.159696777,"NRI_P034",100
"29857",-8.65045322297374,"NRI_P034",25
"29858",-403.627213222964,"NRI_P034",50
"29859",6386.12634677702,"NRI_P034",100
"29860",4044.78484677704,"NRI_P034",25
"29861",-388.440503222984,"NRI_P034",50
"29862",-533.851633223007,"NRI_P034",100
"29863",-139.807253222971,"NRI_P034",25
"29864",-17.5748532229918,"NRI_P034",50
"29865",-410.899393222993,"NRI_P034",100
"29866",-137.000163222954,"NRI_P034",25
"29867",-548.10241322295,"NRI_P034",50
"29868",1579.89216677705,"NRI_P034",100
"29869",1969.40614677704,"NRI_P034",25
"29870",2115.558646777,"NRI_P034",50
"29871",-69.2547432229621,"NRI_P034",100
"29872",38.5664467770257,"NRI_P034",25
"29873",-131.283873223001,"NRI_P034",50
"29874",-754.988473222998,"NRI_P034",100
"29875",-207.453463223006,"NRI_P034",25
"29876",-619.953583222989,"NRI_P034",50
"29877",1845.96999677701,"NRI_P034",100
"29878",1751.95384677703,"NRI_P034",25
"29879",-310.369223222951,"NRI_P034",50
"29880",7644.606376777,"NRI_P034",100
"29881",-455.548333222978,"NRI_P034",25
"29882",-456.884913222981,"NRI_P034",50
"29883",-649.718903222994,"NRI_P034",100
"29884",-85.3187232229975,"NRI_P034",25
"29885",-278.011753222963,"NRI_P034",50
"29886",-815.414153222984,"NRI_P034",100
"29887",1136.31614677701,"NRI_P034",25
"29888",744.600166777032,"NRI_P034",50
"29889",-670.31202322297,"NRI_P034",100
"29890",501.428346777044,"NRI_P034",25
"29891",-587.24105322297,"NRI_P034",50
"29892",922.495896777022,"NRI_P034",100
"29893",142.330646777002,"NRI_P034",25
"29894",-280.36426322296,"NRI_P034",50
"29895",-770.241263222997,"NRI_P034",100
"29896",51.7267467770143,"NRI_P034",25
"29897",-207.737863222952,"NRI_P034",50
"29898",-473.358933223004,"NRI_P034",100
"29899",-193.583553222998,"NRI_P034",25
"29900",119.490746777039,"NRI_P034",50
"29901",-487.37028322299,"NRI_P034",100
"29902",-138.968053222983,"NRI_P034",25
"29903",-65.7919532230007,"NRI_P034",50
"29904",-324.858233222971,"NRI_P034",100
"29905",-148.573553222988,"NRI_P034",25
"29906",-408.61995322298,"NRI_P034",50
"29907",3124.01660677703,"NRI_P034",100
"29908",202.515446777048,"NRI_P034",25
"29909",-98.8507532229996,"NRI_P034",50
"29910",-479.359863222984,"NRI_P034",100
"29911",-106.028153222986,"NRI_P034",25
"29912",-511.402163222956,"NRI_P034",50
"29913",4144.41784677701,"NRI_P034",100
"29914",181.803746777005,"NRI_P034",25
"29915",-33.4248532229685,"NRI_P034",50
"29916",15866.285636777,"NRI_P034",100
"29917",-134.388393222995,"NRI_P034",25
"29918",-171.613653222972,"NRI_P034",50
"29919",-505.934733222995,"NRI_P034",100
"29920",-437.790523222997,"NRI_P034",25
"29921",-232.37849322299,"NRI_P034",50
"29922",-71.7746632229537,"NRI_P034",100
"29923",80.9825467769988,"NRI_P034",25
"29924",-469.657153223001,"NRI_P034",50
"29925",362.165546777018,"NRI_P034",100
"29926",-48.1453532229643,"NRI_P034",25
"29927",-317.389923223003,"NRI_P034",50
"29928",-143.028543222987,"NRI_P034",100
"29929",-133.190103222965,"NRI_P034",25
"29930",-662.058823222993,"NRI_P034",50
"29931",1399.29492677702,"NRI_P034",100
"29932",-123.996993222972,"NRI_P034",25
"29933",1140.58604677703,"NRI_P034",50
"29934",-51.6777632229496,"NRI_P034",100
"29935",-79.5712532229954,"NRI_P034",25
"29936",1661.48330677702,"NRI_P034",50
"29937",3894.55021677702,"NRI_P034",100
"29938",98.4747467770358,"NRI_P034",25
"29939",-598.829763222951,"NRI_P034",50
"29940",-687.528983222961,"NRI_P034",100
"29941",-91.1323132229736,"NRI_P034",25
"29942",127.931446777016,"NRI_P034",50
"29943",1809.47854677704,"NRI_P034",100
"29944",552.677146777045,"NRI_P034",25
"29945",-98.643953222956,"NRI_P034",50
"29946",103.372246776999,"NRI_P034",100
"29947",-168.381553222949,"NRI_P034",25
"29948",-672.466273222992,"NRI_P034",50
"29949",-445.247553222987,"NRI_P034",100
"29950",-90.1519532229868,"NRI_P034",25
"29951",-449.856853222998,"NRI_P034",50
"29952",1543.35205677705,"NRI_P034",100
"29953",2994.86514677701,"NRI_P034",25
"29954",-59.7440532229957,"NRI_P034",50
"29955",-753.257103223004,"NRI_P034",100
"29956",-124.924463222967,"NRI_P034",25
"29957",-418.062853223004,"NRI_P034",50
"29958",-49.8585632229806,"NRI_P034",100
"29959",-85.3187232229975,"NRI_P034",25
"29960",-119.716893222998,"NRI_P034",50
"29961",-800.502033222991,"NRI_P034",100
"29962",3945.40584677702,"NRI_P034",25
"29963",-455.049943222955,"NRI_P034",50
"29964",3503.39984677703,"NRI_P034",100
"29965",-182.696423222951,"NRI_P034",25
"29966",-173.683483222965,"NRI_P034",50
"29967",-471.530333222996,"NRI_P034",100
"29968",-195.523553223,"NRI_P034",25
"29969",-276.27574322297,"NRI_P034",50
"29970",24.7275167769985,"NRI_P034",100
"29971",35.1441467770492,"NRI_P034",25
"29972",1512.89414677705,"NRI_P034",50
"29973",-346.505153222999,"NRI_P034",100
"29974",-435.778653222951,"NRI_P034",25
"29975",4620.84394677699,"NRI_P034",50
"29976",-45.50965322298,"NRI_P034",100
"29977",-51.548553222965,"NRI_P034",25
"29978",-199.222463222977,"NRI_P034",50
"29979",700.168846777,"NRI_P034",100
"29980",-81.8583532229532,"NRI_P034",25
"29981",-101.557853222999,"NRI_P034",50
"29982",11602.882756777,"NRI_P034",100
"29983",-93.954493222991,"NRI_P034",25
"29984",-349.387133223005,"NRI_P034",50
"29985",1045.606056777,"NRI_P034",100
"29986",-219.324123222963,"NRI_P034",25
"29987",-139.163673222996,"NRI_P034",50
"29988",156.695166777004,"NRI_P034",100
"29989",-57.0472532229614,"NRI_P034",25
"29990",3218.70284677704,"NRI_P034",50
"29991",76.615656776994,"NRI_P034",100
"29992",10.559246777033,"NRI_P034",25
"29993",65.4175367770367,"NRI_P034",50
"29994",-809.064133222972,"NRI_P034",100
"29995",-87.8396432229783,"NRI_P034",25
"29996",-465.941313222982,"NRI_P034",50
"29997",-490.820553222962,"NRI_P034",100
"29998",-345.898853222956,"NRI_P034",25
"29999",1854.56874677702,"NRI_P034",50
"30000",2592.83586677699,"NRI_P034",100
"30001",-0.00964740599738434,"NRI_P035",25
"30002",-126.004647406051,"NRI_P035",50
"30003",-215.741347406001,"NRI_P035",100
"30004",-0.00964740599738434,"NRI_P035",25
"30005",-171.186217406008,"NRI_P035",50
"30006",-55.9272074060282,"NRI_P035",100
"30007",-0.00964740599738434,"NRI_P035",25
"30008",-225.764997406048,"NRI_P035",50
"30009",602.665902593988,"NRI_P035",100
"30010",-0.00964740599738434,"NRI_P035",25
"30011",-47.279647406016,"NRI_P035",50
"30012",239.804752593976,"NRI_P035",100
"30013",-0.00964740599738434,"NRI_P035",25
"30014",-257.348947406048,"NRI_P035",50
"30015",2550.88935259398,"NRI_P035",100
"30016",-0.00964740599738434,"NRI_P035",25
"30017",537.058752593992,"NRI_P035",50
"30018",-182.432747406012,"NRI_P035",100
"30019",-0.00964740599738434,"NRI_P035",25
"30020",-172.989147406013,"NRI_P035",50
"30021",-408.510117406026,"NRI_P035",100
"30022",-0.00964740599738434,"NRI_P035",25
"30023",1836.81345259398,"NRI_P035",50
"30024",2816.756252594,"NRI_P035",100
"30025",-0.00964740599738434,"NRI_P035",25
"30026",2603.73525259399,"NRI_P035",50
"30027",2814.09135259397,"NRI_P035",100
"30028",-0.00964740599738434,"NRI_P035",25
"30029",1216.62325259397,"NRI_P035",50
"30030",-322.016857406008,"NRI_P035",100
"30031",-0.00964740599738434,"NRI_P035",25
"30032",-177.296147406043,"NRI_P035",50
"30033",1487.00665259396,"NRI_P035",100
"30034",-0.00964740599738434,"NRI_P035",25
"30035",540.558352593973,"NRI_P035",50
"30036",-405.955547406047,"NRI_P035",100
"30037",-0.00964740599738434,"NRI_P035",25
"30038",-151.36376740603,"NRI_P035",50
"30039",-219.626147406001,"NRI_P035",100
"30040",-0.00964740599738434,"NRI_P035",25
"30041",2553.67345259397,"NRI_P035",50
"30042",705.838252593996,"NRI_P035",100
"30043",-0.00964740599738434,"NRI_P035",25
"30044",-254.747367406031,"NRI_P035",50
"30045",1242.417172594,"NRI_P035",100
"30046",-0.00964740599738434,"NRI_P035",25
"30047",822.939452593972,"NRI_P035",50
"30048",3653.64125259395,"NRI_P035",100
"30049",-0.00964740599738434,"NRI_P035",25
"30050",-257.348947406048,"NRI_P035",50
"30051",7992.688852594,"NRI_P035",100
"30052",-0.00964740599738434,"NRI_P035",25
"30053",1390.57045259397,"NRI_P035",50
"30054",4406.95591259398,"NRI_P035",100
"30055",-0.00964740599738434,"NRI_P035",25
"30056",-225.388497406035,"NRI_P035",50
"30057",-175.513127406011,"NRI_P035",100
"30058",-0.00964740599738434,"NRI_P035",25
"30059",-161.432547406002,"NRI_P035",50
"30060",-78.5709474059986,"NRI_P035",100
"30061",-0.00964740599738434,"NRI_P035",25
"30062",520.559952593991,"NRI_P035",50
"30063",-315.89614740602,"NRI_P035",100
"30064",-0.00964740599738434,"NRI_P035",25
"30065",-225.764997406048,"NRI_P035",50
"30066",2777.55795259395,"NRI_P035",100
"30067",-0.00964740599738434,"NRI_P035",25
"30068",1106.08025259397,"NRI_P035",50
"30069",110.684152593953,"NRI_P035",100
"30070",-0.00964740599738434,"NRI_P035",25
"30071",314.091752593988,"NRI_P035",50
"30072",-13.4044574060244,"NRI_P035",100
"30073",-0.00964740599738434,"NRI_P035",25
"30074",43.1236525939894,"NRI_P035",50
"30075",-132.906047406024,"NRI_P035",100
"30076",-0.00964740599738434,"NRI_P035",25
"30077",-139.313157405995,"NRI_P035",50
"30078",-117.510857406014,"NRI_P035",100
"30079",-0.00964740599738434,"NRI_P035",25
"30080",194.712152594002,"NRI_P035",50
"30081",-320.678257406049,"NRI_P035",100
"30082",-0.00964740599738434,"NRI_P035",25
"30083",-114.665247405996,"NRI_P035",50
"30084",2462.742852594,"NRI_P035",100
"30085",-0.00964740599738434,"NRI_P035",25
"30086",126.462352593953,"NRI_P035",50
"30087",143.582752593968,"NRI_P035",100
"30088",-0.00964740599738434,"NRI_P035",25
"30089",-63.0261474060244,"NRI_P035",50
"30090",1701.72611259395,"NRI_P035",100
"30091",-0.00964740599738434,"NRI_P035",25
"30092",-71.9543474060483,"NRI_P035",50
"30093",-221.534747406025,"NRI_P035",100
"30094",-0.00964740599738434,"NRI_P035",25
"30095",2092.90225259395,"NRI_P035",50
"30096",154.986552593997,"NRI_P035",100
"30097",-0.00964740599738434,"NRI_P035",25
"30098",1048.03625259397,"NRI_P035",50
"30099",4488.39605259401,"NRI_P035",100
"30100",-0.00964740599738434,"NRI_P035",25
"30101",231.066152593994,"NRI_P035",50
"30102",1373.59265259397,"NRI_P035",100
"30103",-0.00964740599738434,"NRI_P035",25
"30104",505.614552593965,"NRI_P035",50
"30105",-323.645517405996,"NRI_P035",100
"30106",-0.00964740599738434,"NRI_P035",25
"30107",-246.458987406048,"NRI_P035",50
"30108",-411.135947406001,"NRI_P035",100
"30109",-0.00964740599738434,"NRI_P035",25
"30110",-230.809987406014,"NRI_P035",50
"30111",1792.09745259397,"NRI_P035",100
"30112",-0.00964740599738434,"NRI_P035",25
"30113",2766.09045259398,"NRI_P035",50
"30114",5949.25491259398,"NRI_P035",100
"30115",-0.00964740599738434,"NRI_P035",25
"30116",386.192952593963,"NRI_P035",50
"30117",-414.801187406003,"NRI_P035",100
"30118",-0.00964740599738434,"NRI_P035",25
"30119",2525.95545259397,"NRI_P035",50
"30120",5.94305259396788,"NRI_P035",100
"30121",-0.00964740599738434,"NRI_P035",25
"30122",-171.565647406038,"NRI_P035",50
"30123",2145.637352594,"NRI_P035",100
"30124",-0.00964740599738434,"NRI_P035",25
"30125",-165.249447406037,"NRI_P035",50
"30126",388.039552593953,"NRI_P035",100
"30127",-0.00964740599738434,"NRI_P035",25
"30128",471.923452593968,"NRI_P035",50
"30129",-391.483477406029,"NRI_P035",100
"30130",-0.00964740599738434,"NRI_P035",25
"30131",1024.62125259399,"NRI_P035",50
"30132",1457.62725259399,"NRI_P035",100
"30133",-0.00964740599738434,"NRI_P035",25
"30134",194.712152594002,"NRI_P035",50
"30135",-364.446517406031,"NRI_P035",100
"30136",-0.00964740599738434,"NRI_P035",25
"30137",-238.988047406019,"NRI_P035",50
"30138",414.225252593984,"NRI_P035",100
"30139",-0.00964740599738434,"NRI_P035",25
"30140",336.87815259397,"NRI_P035",50
"30141",-89.5815474060364,"NRI_P035",100
"30142",-0.00964740599738434,"NRI_P035",25
"30143",3314.24125259399,"NRI_P035",50
"30144",-216.35999740602,"NRI_P035",100
"30145",-0.00964740599738434,"NRI_P035",25
"30146",762.803052593954,"NRI_P035",50
"30147",25386.637352594,"NRI_P035",100
"30148",-0.00964740599738434,"NRI_P035",25
"30149",4783.55445259396,"NRI_P035",50
"30150",-401.483307406015,"NRI_P035",100
"30151",-0.00964740599738434,"NRI_P035",25
"30152",7.6049525939743,"NRI_P035",50
"30153",-131.724827405997,"NRI_P035",100
"30154",-0.00964740599738434,"NRI_P035",25
"30155",-178.278337405995,"NRI_P035",50
"30156",341.798552593973,"NRI_P035",100
"30157",-0.00964740599738434,"NRI_P035",25
"30158",263.347852593986,"NRI_P035",50
"30159",980.953452593996,"NRI_P035",100
"30160",-0.00964740599738434,"NRI_P035",25
"30161",-162.743987406022,"NRI_P035",50
"30162",322.711212594004,"NRI_P035",100
"30163",-0.00964740599738434,"NRI_P035",25
"30164",-121.930547406024,"NRI_P035",50
"30165",610.764452593983,"NRI_P035",100
"30166",-0.00964740599738434,"NRI_P035",25
"30167",712.922452593979,"NRI_P035",50
"30168",15883.4095525939,"NRI_P035",100
"30169",-0.00964740599738434,"NRI_P035",25
"30170",-131.466047406022,"NRI_P035",50
"30171",674.786172594002,"NRI_P035",100
"30172",-0.00964740599738434,"NRI_P035",25
"30173",236.311952593969,"NRI_P035",50
"30174",6262.10395259399,"NRI_P035",100
"30175",-0.00964740599738434,"NRI_P035",25
"30176",-188.218347406015,"NRI_P035",50
"30177",-319.014367406024,"NRI_P035",100
"30178",-0.00964740599738434,"NRI_P035",25
"30179",-259.87105740601,"NRI_P035",50
"30180",-332.835187406046,"NRI_P035",100
"30181",-0.00964740599738434,"NRI_P035",25
"30182",-220.094127406017,"NRI_P035",50
"30183",-379.829457406013,"NRI_P035",100
"30184",-0.00964740599738434,"NRI_P035",25
"30185",-222.467797406018,"NRI_P035",50
"30186",2620.92345259397,"NRI_P035",100
"30187",-0.00964740599738434,"NRI_P035",25
"30188",-131.466047406022,"NRI_P035",50
"30189",247.128842593986,"NRI_P035",100
"30190",-0.00964740599738434,"NRI_P035",25
"30191",-255.934957406018,"NRI_P035",50
"30192",1826.55485259398,"NRI_P035",100
"30193",-0.00964740599738434,"NRI_P035",25
"30194",-29.2105474060518,"NRI_P035",50
"30195",3037.877582594,"NRI_P035",100
"30196",-0.00964740599738434,"NRI_P035",25
"30197",-162.743987406022,"NRI_P035",50
"30198",112.319712593977,"NRI_P035",100
"30199",-0.00964740599738434,"NRI_P035",25
"30200",605.724852593965,"NRI_P035",50
"30201",2383.65077259397,"NRI_P035",100
"30202",-0.00964740599738434,"NRI_P035",25
"30203",-112.459547406004,"NRI_P035",50
"30204",568.559842593968,"NRI_P035",100
"30205",-0.00964740599738434,"NRI_P035",25
"30206",1954.25045259396,"NRI_P035",50
"30207",-27.2689474060317,"NRI_P035",100
"30208",-0.00964740599738434,"NRI_P035",25
"30209",-135.620857406,"NRI_P035",50
"30210",-350.82510740601,"NRI_P035",100
"30211",-0.00964740599738434,"NRI_P035",25
"30212",267.401052593952,"NRI_P035",50
"30213",-80.3388674060116,"NRI_P035",100
"30214",-0.00964740599738434,"NRI_P035",25
"30215",22913.909452594,"NRI_P035",50
"30216",743.451052593999,"NRI_P035",100
"30217",-0.00964740599738434,"NRI_P035",25
"30218",9.70215259399265,"NRI_P035",50
"30219",-307.554127406038,"NRI_P035",100
"30220",-0.00964740599738434,"NRI_P035",25
"30221",291.085952594003,"NRI_P035",50
"30222",379.969502593973,"NRI_P035",100
"30223",-0.00964740599738434,"NRI_P035",25
"30224",-159.706447406032,"NRI_P035",50
"30225",504.918952593987,"NRI_P035",100
"30226",-0.00964740599738434,"NRI_P035",25
"30227",2807.37325259397,"NRI_P035",50
"30228",-409.882137406035,"NRI_P035",100
"30229",-0.00964740599738434,"NRI_P035",25
"30230",2876.47225259396,"NRI_P035",50
"30231",405.602352593967,"NRI_P035",100
"30232",-0.00964740599738434,"NRI_P035",25
"30233",402.335852593998,"NRI_P035",50
"30234",1799.99435259396,"NRI_P035",100
"30235",-0.00964740599738434,"NRI_P035",25
"30236",18.7061525939498,"NRI_P035",50
"30237",63.0927525939769,"NRI_P035",100
"30238",-0.00964740599738434,"NRI_P035",25
"30239",-198.55934740603,"NRI_P035",50
"30240",1200.18535259395,"NRI_P035",100
"30241",-0.00964740599738434,"NRI_P035",25
"30242",259.098352593952,"NRI_P035",50
"30243",471.89205259399,"NRI_P035",100
"30244",-0.00964740599738434,"NRI_P035",25
"30245",22913.909452594,"NRI_P035",50
"30246",2502.09035259398,"NRI_P035",100
"30247",-0.00964740599738434,"NRI_P035",25
"30248",-247.891257406038,"NRI_P035",50
"30249",593.103652593971,"NRI_P035",100
"30250",-0.00964740599738434,"NRI_P035",25
"30251",120.967752593977,"NRI_P035",50
"30252",407.092752593977,"NRI_P035",100
"30253",-0.00964740599738434,"NRI_P035",25
"30254",-142.314327405998,"NRI_P035",50
"30255",-214.267947406042,"NRI_P035",100
"30256",-0.00964740599738434,"NRI_P035",25
"30257",-171.041427406017,"NRI_P035",50
"30258",595.082892593986,"NRI_P035",100
"30259",-0.00964740599738434,"NRI_P035",25
"30260",1426.52045259398,"NRI_P035",50
"30261",1676.709752594,"NRI_P035",100
"30262",-0.00964740599738434,"NRI_P035",25
"30263",828.42125259398,"NRI_P035",50
"30264",6679.65235259396,"NRI_P035",100
"30265",-0.00964740599738434,"NRI_P035",25
"30266",-135.620857406,"NRI_P035",50
"30267",-10.1919474060414,"NRI_P035",100
"30268",-0.00964740599738434,"NRI_P035",25
"30269",862.047452593979,"NRI_P035",50
"30270",882.402282594005,"NRI_P035",100
"30271",-0.00964740599738434,"NRI_P035",25
"30272",-109.167047406023,"NRI_P035",50
"30273",53.2532025940018,"NRI_P035",100
"30274",-0.00964740599738434,"NRI_P035",25
"30275",939.827252593997,"NRI_P035",50
"30276",-369.591127406049,"NRI_P035",100
"30277",-0.00964740599738434,"NRI_P035",25
"30278",2104.017252594,"NRI_P035",50
"30279",-406.927247406042,"NRI_P035",100
"30280",-0.00964740599738434,"NRI_P035",25
"30281",-179.389117406041,"NRI_P035",50
"30282",-20.7788474060362,"NRI_P035",100
"30283",-0.00964740599738434,"NRI_P035",25
"30284",-151.359867406019,"NRI_P035",50
"30285",10571.232252594,"NRI_P035",100
"30286",-0.00964740599738434,"NRI_P035",25
"30287",-129.917517406051,"NRI_P035",50
"30288",353.668862594001,"NRI_P035",100
"30289",-0.00964740599738434,"NRI_P035",25
"30290",-176.113127406046,"NRI_P035",50
"30291",13205.634552594,"NRI_P035",100
"30292",-0.00964740599738434,"NRI_P035",25
"30293",1504.300252594,"NRI_P035",50
"30294",1796.91867259395,"NRI_P035",100
"30295",-0.00964740599738434,"NRI_P035",25
"30296",-257.168917406001,"NRI_P035",50
"30297",13181.670692594,"NRI_P035",100
"30298",-0.00964740599738434,"NRI_P035",25
"30299",-182.091257406049,"NRI_P035",50
"30300",1655.588252594,"NRI_P035",100
"30301",-0.00818139704642817,"NRI_P036",25
"30302",-0.00818139704642817,"NRI_P036",50
"30303",-0.00818139704642817,"NRI_P036",100
"30304",-0.00818139704642817,"NRI_P036",25
"30305",-0.00818139704642817,"NRI_P036",50
"30306",-0.00818139704642817,"NRI_P036",100
"30307",-0.00818139704642817,"NRI_P036",25
"30308",-0.00818139704642817,"NRI_P036",50
"30309",-0.00818139704642817,"NRI_P036",100
"30310",-0.00818139704642817,"NRI_P036",25
"30311",-0.00818139704642817,"NRI_P036",50
"30312",-0.00818139704642817,"NRI_P036",100
"30313",-0.00818139704642817,"NRI_P036",25
"30314",-0.00818139704642817,"NRI_P036",50
"30315",-0.00818139704642817,"NRI_P036",100
"30316",-0.00818139704642817,"NRI_P036",25
"30317",-0.00818139704642817,"NRI_P036",50
"30318",-0.00818139704642817,"NRI_P036",100
"30319",-0.00818139704642817,"NRI_P036",25
"30320",-0.00818139704642817,"NRI_P036",50
"30321",-0.00818139704642817,"NRI_P036",100
"30322",-0.00818139704642817,"NRI_P036",25
"30323",-0.00818139704642817,"NRI_P036",50
"30324",-0.00818139704642817,"NRI_P036",100
"30325",-0.00818139704642817,"NRI_P036",25
"30326",-0.00818139704642817,"NRI_P036",50
"30327",-0.00818139704642817,"NRI_P036",100
"30328",-0.00818139704642817,"NRI_P036",25
"30329",-0.00818139704642817,"NRI_P036",50
"30330",-0.00818139704642817,"NRI_P036",100
"30331",-0.00818139704642817,"NRI_P036",25
"30332",-0.00818139704642817,"NRI_P036",50
"30333",-0.00818139704642817,"NRI_P036",100
"30334",-0.00818139704642817,"NRI_P036",25
"30335",-0.00818139704642817,"NRI_P036",50
"30336",-0.00818139704642817,"NRI_P036",100
"30337",-0.00818139704642817,"NRI_P036",25
"30338",-0.00818139704642817,"NRI_P036",50
"30339",-0.00818139704642817,"NRI_P036",100
"30340",-0.00818139704642817,"NRI_P036",25
"30341",-0.00818139704642817,"NRI_P036",50
"30342",-0.00818139704642817,"NRI_P036",100
"30343",-0.00818139704642817,"NRI_P036",25
"30344",-0.00818139704642817,"NRI_P036",50
"30345",-0.00818139704642817,"NRI_P036",100
"30346",-0.00818139704642817,"NRI_P036",25
"30347",-0.00818139704642817,"NRI_P036",50
"30348",-0.00818139704642817,"NRI_P036",100
"30349",-0.00818139704642817,"NRI_P036",25
"30350",-0.00818139704642817,"NRI_P036",50
"30351",-0.00818139704642817,"NRI_P036",100
"30352",-0.00818139704642817,"NRI_P036",25
"30353",-0.00818139704642817,"NRI_P036",50
"30354",-0.00818139704642817,"NRI_P036",100
"30355",-0.00818139704642817,"NRI_P036",25
"30356",-0.00818139704642817,"NRI_P036",50
"30357",-0.00818139704642817,"NRI_P036",100
"30358",-0.00818139704642817,"NRI_P036",25
"30359",-0.00818139704642817,"NRI_P036",50
"30360",-0.00818139704642817,"NRI_P036",100
"30361",-0.00818139704642817,"NRI_P036",25
"30362",-0.00818139704642817,"NRI_P036",50
"30363",-0.00818139704642817,"NRI_P036",100
"30364",-0.00818139704642817,"NRI_P036",25
"30365",-0.00818139704642817,"NRI_P036",50
"30366",-0.00818139704642817,"NRI_P036",100
"30367",-0.00818139704642817,"NRI_P036",25
"30368",-0.00818139704642817,"NRI_P036",50
"30369",-0.00818139704642817,"NRI_P036",100
"30370",-0.00818139704642817,"NRI_P036",25
"30371",-0.00818139704642817,"NRI_P036",50
"30372",-0.00818139704642817,"NRI_P036",100
"30373",-0.00818139704642817,"NRI_P036",25
"30374",-0.00818139704642817,"NRI_P036",50
"30375",-0.00818139704642817,"NRI_P036",100
"30376",-0.00818139704642817,"NRI_P036",25
"30377",-0.00818139704642817,"NRI_P036",50
"30378",-0.00818139704642817,"NRI_P036",100
"30379",-0.00818139704642817,"NRI_P036",25
"30380",-0.00818139704642817,"NRI_P036",50
"30381",-0.00818139704642817,"NRI_P036",100
"30382",-0.00818139704642817,"NRI_P036",25
"30383",-0.00818139704642817,"NRI_P036",50
"30384",-0.00818139704642817,"NRI_P036",100
"30385",-0.00818139704642817,"NRI_P036",25
"30386",-0.00818139704642817,"NRI_P036",50
"30387",-0.00818139704642817,"NRI_P036",100
"30388",-0.00818139704642817,"NRI_P036",25
"30389",-0.00818139704642817,"NRI_P036",50
"30390",-0.00818139704642817,"NRI_P036",100
"30391",-0.00818139704642817,"NRI_P036",25
"30392",-0.00818139704642817,"NRI_P036",50
"30393",-0.00818139704642817,"NRI_P036",100
"30394",-0.00818139704642817,"NRI_P036",25
"30395",-0.00818139704642817,"NRI_P036",50
"30396",-0.00818139704642817,"NRI_P036",100
"30397",-0.00818139704642817,"NRI_P036",25
"30398",-0.00818139704642817,"NRI_P036",50
"30399",-0.00818139704642817,"NRI_P036",100
"30400",-0.00818139704642817,"NRI_P036",25
"30401",-0.00818139704642817,"NRI_P036",50
"30402",-0.00818139704642817,"NRI_P036",100
"30403",-0.00818139704642817,"NRI_P036",25
"30404",-0.00818139704642817,"NRI_P036",50
"30405",-0.00818139704642817,"NRI_P036",100
"30406",-0.00818139704642817,"NRI_P036",25
"30407",-0.00818139704642817,"NRI_P036",50
"30408",-0.00818139704642817,"NRI_P036",100
"30409",-0.00818139704642817,"NRI_P036",25
"30410",-0.00818139704642817,"NRI_P036",50
"30411",-0.00818139704642817,"NRI_P036",100
"30412",-0.00818139704642817,"NRI_P036",25
"30413",-0.00818139704642817,"NRI_P036",50
"30414",-0.00818139704642817,"NRI_P036",100
"30415",-0.00818139704642817,"NRI_P036",25
"30416",-0.00818139704642817,"NRI_P036",50
"30417",-0.00818139704642817,"NRI_P036",100
"30418",-0.00818139704642817,"NRI_P036",25
"30419",-0.00818139704642817,"NRI_P036",50
"30420",-0.00818139704642817,"NRI_P036",100
"30421",-0.00818139704642817,"NRI_P036",25
"30422",-0.00818139704642817,"NRI_P036",50
"30423",-0.00818139704642817,"NRI_P036",100
"30424",-0.00818139704642817,"NRI_P036",25
"30425",-0.00818139704642817,"NRI_P036",50
"30426",-0.00818139704642817,"NRI_P036",100
"30427",-0.00818139704642817,"NRI_P036",25
"30428",-0.00818139704642817,"NRI_P036",50
"30429",-0.00818139704642817,"NRI_P036",100
"30430",-0.00818139704642817,"NRI_P036",25
"30431",-0.00818139704642817,"NRI_P036",50
"30432",-0.00818139704642817,"NRI_P036",100
"30433",-0.00818139704642817,"NRI_P036",25
"30434",-0.00818139704642817,"NRI_P036",50
"30435",-0.00818139704642817,"NRI_P036",100
"30436",-0.00818139704642817,"NRI_P036",25
"30437",-0.00818139704642817,"NRI_P036",50
"30438",-0.00818139704642817,"NRI_P036",100
"30439",-0.00818139704642817,"NRI_P036",25
"30440",-0.00818139704642817,"NRI_P036",50
"30441",-0.00818139704642817,"NRI_P036",100
"30442",-0.00818139704642817,"NRI_P036",25
"30443",-0.00818139704642817,"NRI_P036",50
"30444",-0.00818139704642817,"NRI_P036",100
"30445",-0.00818139704642817,"NRI_P036",25
"30446",-0.00818139704642817,"NRI_P036",50
"30447",-0.00818139704642817,"NRI_P036",100
"30448",-0.00818139704642817,"NRI_P036",25
"30449",-0.00818139704642817,"NRI_P036",50
"30450",-0.00818139704642817,"NRI_P036",100
"30451",-0.00818139704642817,"NRI_P036",25
"30452",-0.00818139704642817,"NRI_P036",50
"30453",-0.00818139704642817,"NRI_P036",100
"30454",-0.00818139704642817,"NRI_P036",25
"30455",-0.00818139704642817,"NRI_P036",50
"30456",-0.00818139704642817,"NRI_P036",100
"30457",-0.00818139704642817,"NRI_P036",25
"30458",-0.00818139704642817,"NRI_P036",50
"30459",-0.00818139704642817,"NRI_P036",100
"30460",-0.00818139704642817,"NRI_P036",25
"30461",-0.00818139704642817,"NRI_P036",50
"30462",-0.00818139704642817,"NRI_P036",100
"30463",-0.00818139704642817,"NRI_P036",25
"30464",-0.00818139704642817,"NRI_P036",50
"30465",-0.00818139704642817,"NRI_P036",100
"30466",-0.00818139704642817,"NRI_P036",25
"30467",-0.00818139704642817,"NRI_P036",50
"30468",-0.00818139704642817,"NRI_P036",100
"30469",-0.00818139704642817,"NRI_P036",25
"30470",-0.00818139704642817,"NRI_P036",50
"30471",-0.00818139704642817,"NRI_P036",100
"30472",-0.00818139704642817,"NRI_P036",25
"30473",-0.00818139704642817,"NRI_P036",50
"30474",-0.00818139704642817,"NRI_P036",100
"30475",-0.00818139704642817,"NRI_P036",25
"30476",-0.00818139704642817,"NRI_P036",50
"30477",-0.00818139704642817,"NRI_P036",100
"30478",-0.00818139704642817,"NRI_P036",25
"30479",-0.00818139704642817,"NRI_P036",50
"30480",-0.00818139704642817,"NRI_P036",100
"30481",-0.00818139704642817,"NRI_P036",25
"30482",-0.00818139704642817,"NRI_P036",50
"30483",-0.00818139704642817,"NRI_P036",100
"30484",-0.00818139704642817,"NRI_P036",25
"30485",-0.00818139704642817,"NRI_P036",50
"30486",-0.00818139704642817,"NRI_P036",100
"30487",-0.00818139704642817,"NRI_P036",25
"30488",-0.00818139704642817,"NRI_P036",50
"30489",-0.00818139704642817,"NRI_P036",100
"30490",-0.00818139704642817,"NRI_P036",25
"30491",-0.00818139704642817,"NRI_P036",50
"30492",-0.00818139704642817,"NRI_P036",100
"30493",-0.00818139704642817,"NRI_P036",25
"30494",-0.00818139704642817,"NRI_P036",50
"30495",-0.00818139704642817,"NRI_P036",100
"30496",-0.00818139704642817,"NRI_P036",25
"30497",-0.00818139704642817,"NRI_P036",50
"30498",-0.00818139704642817,"NRI_P036",100
"30499",-0.00818139704642817,"NRI_P036",25
"30500",-0.00818139704642817,"NRI_P036",50
"30501",-0.00818139704642817,"NRI_P036",100
"30502",-0.00818139704642817,"NRI_P036",25
"30503",-0.00818139704642817,"NRI_P036",50
"30504",-0.00818139704642817,"NRI_P036",100
"30505",-0.00818139704642817,"NRI_P036",25
"30506",-0.00818139704642817,"NRI_P036",50
"30507",-0.00818139704642817,"NRI_P036",100
"30508",-0.00818139704642817,"NRI_P036",25
"30509",-0.00818139704642817,"NRI_P036",50
"30510",-0.00818139704642817,"NRI_P036",100
"30511",-0.00818139704642817,"NRI_P036",25
"30512",-0.00818139704642817,"NRI_P036",50
"30513",-0.00818139704642817,"NRI_P036",100
"30514",-0.00818139704642817,"NRI_P036",25
"30515",-0.00818139704642817,"NRI_P036",50
"30516",-0.00818139704642817,"NRI_P036",100
"30517",-0.00818139704642817,"NRI_P036",25
"30518",-0.00818139704642817,"NRI_P036",50
"30519",-0.00818139704642817,"NRI_P036",100
"30520",-0.00818139704642817,"NRI_P036",25
"30521",-0.00818139704642817,"NRI_P036",50
"30522",-0.00818139704642817,"NRI_P036",100
"30523",-0.00818139704642817,"NRI_P036",25
"30524",-0.00818139704642817,"NRI_P036",50
"30525",-0.00818139704642817,"NRI_P036",100
"30526",-0.00818139704642817,"NRI_P036",25
"30527",-0.00818139704642817,"NRI_P036",50
"30528",-0.00818139704642817,"NRI_P036",100
"30529",-0.00818139704642817,"NRI_P036",25
"30530",-0.00818139704642817,"NRI_P036",50
"30531",-0.00818139704642817,"NRI_P036",100
"30532",-0.00818139704642817,"NRI_P036",25
"30533",-0.00818139704642817,"NRI_P036",50
"30534",-0.00818139704642817,"NRI_P036",100
"30535",-0.00818139704642817,"NRI_P036",25
"30536",-0.00818139704642817,"NRI_P036",50
"30537",-0.00818139704642817,"NRI_P036",100
"30538",-0.00818139704642817,"NRI_P036",25
"30539",-0.00818139704642817,"NRI_P036",50
"30540",-0.00818139704642817,"NRI_P036",100
"30541",-0.00818139704642817,"NRI_P036",25
"30542",-0.00818139704642817,"NRI_P036",50
"30543",-0.00818139704642817,"NRI_P036",100
"30544",-0.00818139704642817,"NRI_P036",25
"30545",-0.00818139704642817,"NRI_P036",50
"30546",-0.00818139704642817,"NRI_P036",100
"30547",-0.00818139704642817,"NRI_P036",25
"30548",-0.00818139704642817,"NRI_P036",50
"30549",-0.00818139704642817,"NRI_P036",100
"30550",-0.00818139704642817,"NRI_P036",25
"30551",-0.00818139704642817,"NRI_P036",50
"30552",-0.00818139704642817,"NRI_P036",100
"30553",-0.00818139704642817,"NRI_P036",25
"30554",-0.00818139704642817,"NRI_P036",50
"30555",-0.00818139704642817,"NRI_P036",100
"30556",-0.00818139704642817,"NRI_P036",25
"30557",-0.00818139704642817,"NRI_P036",50
"30558",-0.00818139704642817,"NRI_P036",100
"30559",-0.00818139704642817,"NRI_P036",25
"30560",-0.00818139704642817,"NRI_P036",50
"30561",-0.00818139704642817,"NRI_P036",100
"30562",-0.00818139704642817,"NRI_P036",25
"30563",-0.00818139704642817,"NRI_P036",50
"30564",-0.00818139704642817,"NRI_P036",100
"30565",-0.00818139704642817,"NRI_P036",25
"30566",-0.00818139704642817,"NRI_P036",50
"30567",-0.00818139704642817,"NRI_P036",100
"30568",-0.00818139704642817,"NRI_P036",25
"30569",-0.00818139704642817,"NRI_P036",50
"30570",-0.00818139704642817,"NRI_P036",100
"30571",-0.00818139704642817,"NRI_P036",25
"30572",-0.00818139704642817,"NRI_P036",50
"30573",-0.00818139704642817,"NRI_P036",100
"30574",-0.00818139704642817,"NRI_P036",25
"30575",-0.00818139704642817,"NRI_P036",50
"30576",-0.00818139704642817,"NRI_P036",100
"30577",-0.00818139704642817,"NRI_P036",25
"30578",-0.00818139704642817,"NRI_P036",50
"30579",-0.00818139704642817,"NRI_P036",100
"30580",-0.00818139704642817,"NRI_P036",25
"30581",-0.00818139704642817,"NRI_P036",50
"30582",-0.00818139704642817,"NRI_P036",100
"30583",-0.00818139704642817,"NRI_P036",25
"30584",-0.00818139704642817,"NRI_P036",50
"30585",-0.00818139704642817,"NRI_P036",100
"30586",-0.00818139704642817,"NRI_P036",25
"30587",-0.00818139704642817,"NRI_P036",50
"30588",-0.00818139704642817,"NRI_P036",100
"30589",-0.00818139704642817,"NRI_P036",25
"30590",-0.00818139704642817,"NRI_P036",50
"30591",-0.00818139704642817,"NRI_P036",100
"30592",-0.00818139704642817,"NRI_P036",25
"30593",-0.00818139704642817,"NRI_P036",50
"30594",-0.00818139704642817,"NRI_P036",100
"30595",-0.00818139704642817,"NRI_P036",25
"30596",-0.00818139704642817,"NRI_P036",50
"30597",-0.00818139704642817,"NRI_P036",100
"30598",-0.00818139704642817,"NRI_P036",25
"30599",-0.00818139704642817,"NRI_P036",50
"30600",-0.00818139704642817,"NRI_P036",100
"30601",-0.000975447008386254,"NRI_P037",25
"30602",2589.74602455302,"NRI_P037",50
"30603",-2141.83207544696,"NRI_P037",100
"30604",-0.000975447008386254,"NRI_P037",25
"30605",108.086024552991,"NRI_P037",50
"30606",-2357.01881544699,"NRI_P037",100
"30607",-0.000975447008386254,"NRI_P037",25
"30608",-704.266785446962,"NRI_P037",50
"30609",-1056.24247544695,"NRI_P037",100
"30610",-0.000975447008386254,"NRI_P037",25
"30611",22.1079245530418,"NRI_P037",50
"30612",-259.227275446989,"NRI_P037",100
"30613",-0.000975447008386254,"NRI_P037",25
"30614",-696.413275446976,"NRI_P037",50
"30615",-2295.39497544698,"NRI_P037",100
"30616",-0.000975447008386254,"NRI_P037",25
"30617",-689.863565446984,"NRI_P037",50
"30618",-2340.47412544698,"NRI_P037",100
"30619",-0.000975447008386254,"NRI_P037",25
"30620",-395.398075446952,"NRI_P037",50
"30621",-1996.19867544697,"NRI_P037",100
"30622",-0.000975447008386254,"NRI_P037",25
"30623",3603.58762455301,"NRI_P037",50
"30624",-2016.40195544699,"NRI_P037",100
"30625",-0.000975447008386254,"NRI_P037",25
"30626",1381.65862455301,"NRI_P037",50
"30627",-2191.867015447,"NRI_P037",100
"30628",-0.000975447008386254,"NRI_P037",25
"30629",-865.302775446966,"NRI_P037",50
"30630",-1300.34152544697,"NRI_P037",100
"30631",-0.000975447008386254,"NRI_P037",25
"30632",-1640.886875447,"NRI_P037",50
"30633",-2230.81927544699,"NRI_P037",100
"30634",-0.000975447008386254,"NRI_P037",25
"30635",-1648.31317544699,"NRI_P037",50
"30636",-2333.80856544699,"NRI_P037",100
"30637",-0.000975447008386254,"NRI_P037",25
"30638",-686.651355446957,"NRI_P037",50
"30639",-2246.428575447,"NRI_P037",100
"30640",-0.000975447008386254,"NRI_P037",25
"30641",10021.579624553,"NRI_P037",50
"30642",-1681.24727544701,"NRI_P037",100
"30643",-0.000975447008386254,"NRI_P037",25
"30644",484.685024553037,"NRI_P037",50
"30645",-2314.57712544699,"NRI_P037",100
"30646",-0.000975447008386254,"NRI_P037",25
"30647",885.732024552999,"NRI_P037",50
"30648",-2264.30205544695,"NRI_P037",100
"30649",-0.000975447008386254,"NRI_P037",25
"30650",-682.21468544699,"NRI_P037",50
"30651",-1621.87657544698,"NRI_P037",100
"30652",-0.000975447008386254,"NRI_P037",25
"30653",-215.845375446952,"NRI_P037",50
"30654",-2210.13057544699,"NRI_P037",100
"30655",-0.000975447008386254,"NRI_P037",25
"30656",-463.575675447006,"NRI_P037",50
"30657",-1893.888075447,"NRI_P037",100
"30658",-0.000975447008386254,"NRI_P037",25
"30659",-1666.24977544701,"NRI_P037",50
"30660",797.403124553035,"NRI_P037",100
"30661",-0.000975447008386254,"NRI_P037",25
"30662",37.7728245530161,"NRI_P037",50
"30663",-2323.59398544696,"NRI_P037",100
"30664",-0.000975447008386254,"NRI_P037",25
"30665",67.713724553003,"NRI_P037",50
"30666",-318.622975446982,"NRI_P037",100
"30667",-0.000975447008386254,"NRI_P037",25
"30668",-1694.835245447,"NRI_P037",50
"30669",4250.14662455302,"NRI_P037",100
"30670",-0.000975447008386254,"NRI_P037",25
"30671",-1684.75230544701,"NRI_P037",50
"30672",-1613.194475447,"NRI_P037",100
"30673",-0.000975447008386254,"NRI_P037",25
"30674",3614.50702455302,"NRI_P037",50
"30675",-2295.461285447,"NRI_P037",100
"30676",-0.000975447008386254,"NRI_P037",25
"30677",-1654.39157544699,"NRI_P037",50
"30678",-1256.84088544699,"NRI_P037",100
"30679",-0.000975447008386254,"NRI_P037",25
"30680",-1643.747075447,"NRI_P037",50
"30681",-1692.42447544698,"NRI_P037",100
"30682",-0.000975447008386254,"NRI_P037",25
"30683",-54.4947754470049,"NRI_P037",50
"30684",-1491.32837544696,"NRI_P037",100
"30685",-0.000975447008386254,"NRI_P037",25
"30686",-1591.25427544699,"NRI_P037",50
"30687",-1993.547275447,"NRI_P037",100
"30688",-0.000975447008386254,"NRI_P037",25
"30689",-1595.67097544699,"NRI_P037",50
"30690",-2054.78287544695,"NRI_P037",100
"30691",-0.000975447008386254,"NRI_P037",25
"30692",5744.33802455303,"NRI_P037",50
"30693",14865.837624553,"NRI_P037",100
"30694",-0.000975447008386254,"NRI_P037",25
"30695",-683.804585446953,"NRI_P037",50
"30696",-2366.74606544699,"NRI_P037",100
"30697",-0.000975447008386254,"NRI_P037",25
"30698",-1695.70055544697,"NRI_P037",50
"30699",-1900.67747544695,"NRI_P037",100
"30700",-0.000975447008386254,"NRI_P037",25
"30701",-1709.62672544696,"NRI_P037",50
"30702",-2352.93323544698,"NRI_P037",100
"30703",-0.000975447008386254,"NRI_P037",25
"30704",-1709.62672544696,"NRI_P037",50
"30705",-2261.025695447,"NRI_P037",100
"30706",-0.000975447008386254,"NRI_P037",25
"30707",1486.31962455303,"NRI_P037",50
"30708",-2340.10308544699,"NRI_P037",100
"30709",-0.000975447008386254,"NRI_P037",25
"30710",-408.47607544699,"NRI_P037",50
"30711",-687.370175446966,"NRI_P037",100
"30712",-0.000975447008386254,"NRI_P037",25
"30713",-329.310775446997,"NRI_P037",50
"30714",-1475.72907544696,"NRI_P037",100
"30715",-0.000975447008386254,"NRI_P037",25
"30716",-1558.64627544698,"NRI_P037",50
"30717",-1978.09587544698,"NRI_P037",100
"30718",-0.000975447008386254,"NRI_P037",25
"30719",-501.338375446969,"NRI_P037",50
"30720",1921.94312455301,"NRI_P037",100
"30721",-0.000975447008386254,"NRI_P037",25
"30722",-629.848575446988,"NRI_P037",50
"30723",25696.740024553,"NRI_P037",100
"30724",-0.000975447008386254,"NRI_P037",25
"30725",-1694.835245447,"NRI_P037",50
"30726",2281.95342455304,"NRI_P037",100
"30727",-0.000975447008386254,"NRI_P037",25
"30728",-571.516975446953,"NRI_P037",50
"30729",-1419.26327544695,"NRI_P037",100
"30730",-0.000975447008386254,"NRI_P037",25
"30731",-591.651775446953,"NRI_P037",50
"30732",-2079.23137544701,"NRI_P037",100
"30733",-0.000975447008386254,"NRI_P037",25
"30734",-1244.95647544699,"NRI_P037",50
"30735",-1100.69407544698,"NRI_P037",100
"30736",-0.000975447008386254,"NRI_P037",25
"30737",-564.369475446991,"NRI_P037",50
"30738",-2182.72136544698,"NRI_P037",100
"30739",-0.000975447008386254,"NRI_P037",25
"30740",6932.10102455301,"NRI_P037",50
"30741",-1638.76257544698,"NRI_P037",100
"30742",-0.000975447008386254,"NRI_P037",25
"30743",-1491.17007544701,"NRI_P037",50
"30744",-1792.368215447,"NRI_P037",100
"30745",-0.000975447008386254,"NRI_P037",25
"30746",-392.122575446963,"NRI_P037",50
"30747",-2274.91317544697,"NRI_P037",100
"30748",-0.000975447008386254,"NRI_P037",25
"30749",885.732024552999,"NRI_P037",50
"30750",-1676.984875447,"NRI_P037",100
"30751",-0.000975447008386254,"NRI_P037",25
"30752",-1579.721375447,"NRI_P037",50
"30753",670.208124553028,"NRI_P037",100
"30754",-0.000975447008386254,"NRI_P037",25
"30755",-547.063375447004,"NRI_P037",50
"30756",25351.000324553,"NRI_P037",100
"30757",-0.000975447008386254,"NRI_P037",25
"30758",-1680.82481544698,"NRI_P037",50
"30759",7782.13862455304,"NRI_P037",100
"30760",-0.000975447008386254,"NRI_P037",25
"30761",-1527.48107544699,"NRI_P037",50
"30762",-130.90867544699,"NRI_P037",100
"30763",-0.000975447008386254,"NRI_P037",25
"30764",-661.264275447,"NRI_P037",50
"30765",-1339.27564544696,"NRI_P037",100
"30766",-0.000975447008386254,"NRI_P037",25
"30767",-1688.28595544701,"NRI_P037",50
"30768",-2253.93787544698,"NRI_P037",100
"30769",-0.000975447008386254,"NRI_P037",25
"30770",-622.802775446966,"NRI_P037",50
"30771",-2053.46945544699,"NRI_P037",100
"30772",-0.000975447008386254,"NRI_P037",25
"30773",-619.495575446985,"NRI_P037",50
"30774",-2357.586805447,"NRI_P037",100
"30775",-0.000975447008386254,"NRI_P037",25
"30776",-755.914475446974,"NRI_P037",50
"30777",-1643.93527544697,"NRI_P037",100
"30778",-0.000975447008386254,"NRI_P037",25
"30779",398.675624552998,"NRI_P037",50
"30780",-269.733075446973,"NRI_P037",100
"30781",-0.000975447008386254,"NRI_P037",25
"30782",-620.479775446991,"NRI_P037",50
"30783",-1171.24881544698,"NRI_P037",100
"30784",-0.000975447008386254,"NRI_P037",25
"30785",-1650.09457544697,"NRI_P037",50
"30786",-1655.10057544697,"NRI_P037",100
"30787",-0.000975447008386254,"NRI_P037",25
"30788",-492.422475447005,"NRI_P037",50
"30789",-672.545375446964,"NRI_P037",100
"30790",-0.000975447008386254,"NRI_P037",25
"30791",-1553.72587544698,"NRI_P037",50
"30792",2077.871564553,"NRI_P037",100
"30793",-0.000975447008386254,"NRI_P037",25
"30794",-701.176625446999,"NRI_P037",50
"30795",-2281.39269544696,"NRI_P037",100
"30796",-0.000975447008386254,"NRI_P037",25
"30797",-629.848575446988,"NRI_P037",50
"30798",-2293.36807544698,"NRI_P037",100
"30799",-0.000975447008386254,"NRI_P037",25
"30800",-398.45727544697,"NRI_P037",50
"30801",-1067.38968544698,"NRI_P037",100
"30802",-0.000975447008386254,"NRI_P037",25
"30803",-571.516975446953,"NRI_P037",50
"30804",3319.63262455299,"NRI_P037",100
"30805",-0.000975447008386254,"NRI_P037",25
"30806",6745.97262455302,"NRI_P037",50
"30807",950.256924553018,"NRI_P037",100
"30808",-0.000975447008386254,"NRI_P037",25
"30809",-1215.15807544696,"NRI_P037",50
"30810",-1669.674875447,"NRI_P037",100
"30811",-0.000975447008386254,"NRI_P037",25
"30812",-1110.19057544699,"NRI_P037",50
"30813",2075.59564455302,"NRI_P037",100
"30814",-0.000975447008386254,"NRI_P037",25
"30815",-680.425135447003,"NRI_P037",50
"30816",-1454.79619544698,"NRI_P037",100
"30817",-0.000975447008386254,"NRI_P037",25
"30818",-1648.31317544699,"NRI_P037",50
"30819",-2381.09962544701,"NRI_P037",100
"30820",-0.000975447008386254,"NRI_P037",25
"30821",-1619.86177544697,"NRI_P037",50
"30822",1830.713624553,"NRI_P037",100
"30823",-0.000975447008386254,"NRI_P037",25
"30824",-1721.56883544696,"NRI_P037",50
"30825",-2304.24690544698,"NRI_P037",100
"30826",-0.000975447008386254,"NRI_P037",25
"30827",-642.311375446967,"NRI_P037",50
"30828",-1256.58006544696,"NRI_P037",100
"30829",-0.000975447008386254,"NRI_P037",25
"30830",-569.164775446989,"NRI_P037",50
"30831",-1897.772775447,"NRI_P037",100
"30832",-0.000975447008386254,"NRI_P037",25
"30833",-1633.254375447,"NRI_P037",50
"30834",-1852.09967544698,"NRI_P037",100
"30835",-0.000975447008386254,"NRI_P037",25
"30836",116.768124553026,"NRI_P037",50
"30837",-2385.15746544697,"NRI_P037",100
"30838",-0.000975447008386254,"NRI_P037",25
"30839",-1529.473775447,"NRI_P037",50
"30840",-1062.67737544701,"NRI_P037",100
"30841",-0.000975447008386254,"NRI_P037",25
"30842",-1703.18463544699,"NRI_P037",50
"30843",-1985.40877544699,"NRI_P037",100
"30844",-0.000975447008386254,"NRI_P037",25
"30845",-681.707015446969,"NRI_P037",50
"30846",-2200.80350544699,"NRI_P037",100
"30847",-0.000975447008386254,"NRI_P037",25
"30848",-1674.97168544697,"NRI_P037",50
"30849",-1325.50371544698,"NRI_P037",100
"30850",-0.000975447008386254,"NRI_P037",25
"30851",-627.404475446965,"NRI_P037",50
"30852",-2335.64982544701,"NRI_P037",100
"30853",-0.000975447008386254,"NRI_P037",25
"30854",-1636.45987544698,"NRI_P037",50
"30855",-1938.82157544699,"NRI_P037",100
"30856",-0.000975447008386254,"NRI_P037",25
"30857",-581.497575446963,"NRI_P037",50
"30858",-370.247175447003,"NRI_P037",100
"30859",-0.000975447008386254,"NRI_P037",25
"30860",-1690.82860544696,"NRI_P037",50
"30861",2422.85662455304,"NRI_P037",100
"30862",-0.000975447008386254,"NRI_P037",25
"30863",-1681.06331544695,"NRI_P037",50
"30864",-2330.87549544696,"NRI_P037",100
"30865",-0.000975447008386254,"NRI_P037",25
"30866",-1646.85337544698,"NRI_P037",50
"30867",-49.5883754469687,"NRI_P037",100
"30868",-0.000975447008386254,"NRI_P037",25
"30869",-832.367275447003,"NRI_P037",50
"30870",2578.914624553,"NRI_P037",100
"30871",-0.000975447008386254,"NRI_P037",25
"30872",-171.478975446953,"NRI_P037",50
"30873",-1989.53136544698,"NRI_P037",100
"30874",-0.000975447008386254,"NRI_P037",25
"30875",-634.825275446987,"NRI_P037",50
"30876",-2432.16016544699,"NRI_P037",100
"30877",-0.000975447008386254,"NRI_P037",25
"30878",-1694.58044544701,"NRI_P037",50
"30879",-2288.66774544696,"NRI_P037",100
"30880",-0.000975447008386254,"NRI_P037",25
"30881",-1676.24666544696,"NRI_P037",50
"30882",2228.27882455301,"NRI_P037",100
"30883",-0.000975447008386254,"NRI_P037",25
"30884",-490.469775446982,"NRI_P037",50
"30885",-1992.70897544699,"NRI_P037",100
"30886",-0.000975447008386254,"NRI_P037",25
"30887",2457.99702455301,"NRI_P037",50
"30888",-1579.13057544699,"NRI_P037",100
"30889",-0.000975447008386254,"NRI_P037",25
"30890",-706.385705446999,"NRI_P037",50
"30891",3351.32292455301,"NRI_P037",100
"30892",-0.000975447008386254,"NRI_P037",25
"30893",274.071624553006,"NRI_P037",50
"30894",-735.777275446977,"NRI_P037",100
"30895",-0.000975447008386254,"NRI_P037",25
"30896",-1513.34297544695,"NRI_P037",50
"30897",-148.583775446983,"NRI_P037",100
"30898",-0.000975447008386254,"NRI_P037",25
"30899",-462.896475446993,"NRI_P037",50
"30900",-2261.89487544697,"NRI_P037",100
"30901",-1093.03429710199,"NRI_P038",25
"30902",-384.26923710198,"NRI_P038",50
"30903",-2858.672317102,"NRI_P038",100
"30904",-1372.629777102,"NRI_P038",25
"30905",-1492.40343710198,"NRI_P038",50
"30906",-2012.96352710199,"NRI_P038",100
"30907",-185.439637101983,"NRI_P038",25
"30908",-1690.339647102,"NRI_P038",50
"30909",-2711.42996710198,"NRI_P038",100
"30910",-1881.61889710199,"NRI_P038",25
"30911",-1928.258717102,"NRI_P038",50
"30912",-1142.92294710199,"NRI_P038",100
"30913",-1680.03705710199,"NRI_P038",25
"30914",-1036.899277102,"NRI_P038",50
"30915",8272.90266289801,"NRI_P038",100
"30916",-2349.92683710199,"NRI_P038",25
"30917",-2164.50163710199,"NRI_P038",50
"30918",-996.803937101999,"NRI_P038",100
"30919",1358.22746289801,"NRI_P038",25
"30920",-2392.75843710199,"NRI_P038",50
"30921",-1761.99442710201,"NRI_P038",100
"30922",1967.85327289801,"NRI_P038",25
"30923",-2729.66537710201,"NRI_P038",50
"30924",4487.52341289801,"NRI_P038",100
"30925",2513.97266289801,"NRI_P038",25
"30926",-900.595777101989,"NRI_P038",50
"30927",-1739.219337102,"NRI_P038",100
"30928",-2384.87423710199,"NRI_P038",25
"30929",-2511.948767102,"NRI_P038",50
"30930",5822.97889289801,"NRI_P038",100
"30931",533.694002898003,"NRI_P038",25
"30932",-1864.867137102,"NRI_P038",50
"30933",-1594.16448710198,"NRI_P038",100
"30934",-1036.99043710198,"NRI_P038",25
"30935",-733.950807101995,"NRI_P038",50
"30936",-2479.845217102,"NRI_P038",100
"30937",5375.69634289801,"NRI_P038",25
"30938",-505.837157101982,"NRI_P038",50
"30939",-3598.30329710199,"NRI_P038",100
"30940",6825.63934289801,"NRI_P038",25
"30941",-1813.97085710199,"NRI_P038",50
"30942",-310.801787101984,"NRI_P038",100
"30943",-1611.73675710199,"NRI_P038",25
"30944",-1586.27345710198,"NRI_P038",50
"30945",-2856.759707102,"NRI_P038",100
"30946",-923.268447101989,"NRI_P038",25
"30947",-1828.08498710199,"NRI_P038",50
"30948",391.059082897991,"NRI_P038",100
"30949",-554.001437102008,"NRI_P038",25
"30950",-1475.025367102,"NRI_P038",50
"30951",-2654.25504710199,"NRI_P038",100
"30952",-692.070157101989,"NRI_P038",25
"30953",-739.124017102004,"NRI_P038",50
"30954",-2779.61495710199,"NRI_P038",100
"30955",-1706.596837102,"NRI_P038",25
"30956",-177.015037101984,"NRI_P038",50
"30957",-2363.34084710199,"NRI_P038",100
"30958",-1328.13133710201,"NRI_P038",25
"30959",250.300152898009,"NRI_P038",50
"30960",418.851172897994,"NRI_P038",100
"30961",-989.768137101986,"NRI_P038",25
"30962",-223.430267101998,"NRI_P038",50
"30963",-2595.49567710201,"NRI_P038",100
"30964",-6.98556710200501,"NRI_P038",25
"30965",-483.284177102003,"NRI_P038",50
"30966",-3290.71337710199,"NRI_P038",100
"30967",-87.0018071020022,"NRI_P038",25
"30968",-453.416757102008,"NRI_P038",50
"30969",-3321.70707710201,"NRI_P038",100
"30970",-730.594757101993,"NRI_P038",25
"30971",4372.44677289799,"NRI_P038",50
"30972",4688.21994289799,"NRI_P038",100
"30973",254.16071289801,"NRI_P038",25
"30974",-1369.10115710201,"NRI_P038",50
"30975",-1671.155717102,"NRI_P038",100
"30976",-351.079267102003,"NRI_P038",25
"30977",-4.8655771019985,"NRI_P038",50
"30978",3357.07600289801,"NRI_P038",100
"30979",-1101.99616710198,"NRI_P038",25
"30980",1308.82764289802,"NRI_P038",50
"30981",-2947.47783710199,"NRI_P038",100
"30982",-2275.641037102,"NRI_P038",25
"30983",-1720.092717102,"NRI_P038",50
"30984",-3139.14040710201,"NRI_P038",100
"30985",-1627.10763710199,"NRI_P038",25
"30986",154.889362898015,"NRI_P038",50
"30987",-2378.01476710199,"NRI_P038",100
"30988",-583.504827102006,"NRI_P038",25
"30989",-470.27850710199,"NRI_P038",50
"30990",4621.52273289801,"NRI_P038",100
"30991",-34.1848371019878,"NRI_P038",25
"30992",3157.84184289799,"NRI_P038",50
"30993",-746.903807102004,"NRI_P038",100
"30994",-2383.378037102,"NRI_P038",25
"30995",-2111.205937102,"NRI_P038",50
"30996",-3498.978167102,"NRI_P038",100
"30997",-1139.88469710198,"NRI_P038",25
"30998",-309.31392710199,"NRI_P038",50
"30999",-2407.68371710199,"NRI_P038",100
"31000",-1289.91648710199,"NRI_P038",25
"31001",-2621.09453710201,"NRI_P038",50
"31002",3304.533242898,"NRI_P038",100
"31003",-229.578057101986,"NRI_P038",25
"31004",-871.416037101997,"NRI_P038",50
"31005",-848.256177101983,"NRI_P038",100
"31006",-1862.316007102,"NRI_P038",25
"31007",-1882.89006710198,"NRI_P038",50
"31008",-2926.53577710199,"NRI_P038",100
"31009",-884.129467102,"NRI_P038",25
"31010",-2104.61962710199,"NRI_P038",50
"31011",-1702.51849710199,"NRI_P038",100
"31012",-627.418057101982,"NRI_P038",25
"31013",-171.967257101991,"NRI_P038",50
"31014",-2949.190247102,"NRI_P038",100
"31015",-622.492977101996,"NRI_P038",25
"31016",255.831622897997,"NRI_P038",50
"31017",-3074.84075710201,"NRI_P038",100
"31018",8715.16938289799,"NRI_P038",25
"31019",-2398.71523710201,"NRI_P038",50
"31020",-2895.21739710198,"NRI_P038",100
"31021",-1332.711957102,"NRI_P038",25
"31022",-2896.91615710201,"NRI_P038",50
"31023",-1727.13484710199,"NRI_P038",100
"31024",-979.21858710199,"NRI_P038",25
"31025",-1807.58577710198,"NRI_P038",50
"31026",-2811.254987102,"NRI_P038",100
"31027",50.4812428980076,"NRI_P038",25
"31028",-1528.88004710199,"NRI_P038",50
"31029",-2270.03955710199,"NRI_P038",100
"31030",-1785.38271710198,"NRI_P038",25
"31031",9588.70770289801,"NRI_P038",50
"31032",636.803972897993,"NRI_P038",100
"31033",-1005.18343710201,"NRI_P038",25
"31034",-2268.42547710199,"NRI_P038",50
"31035",3997.98215289801,"NRI_P038",100
"31036",-387.467737102008,"NRI_P038",25
"31037",2461.21904289801,"NRI_P038",50
"31038",7626.49384289799,"NRI_P038",100
"31039",-763.869437101996,"NRI_P038",25
"31040",1278.97866289801,"NRI_P038",50
"31041",-1391.953957102,"NRI_P038",100
"31042",-84.2855771019822,"NRI_P038",25
"31043",-341.581297102006,"NRI_P038",50
"31044",-3488.91945710199,"NRI_P038",100
"31045",-502.402237101982,"NRI_P038",25
"31046",178.732382898015,"NRI_P038",50
"31047",-260.037747102004,"NRI_P038",100
"31048",1854.364642898,"NRI_P038",25
"31049",21.3825428980053,"NRI_P038",50
"31050",-3417.862027102,"NRI_P038",100
"31051",-922.175037101988,"NRI_P038",25
"31052",-929.67422710199,"NRI_P038",50
"31053",3392.77985289801,"NRI_P038",100
"31054",-2451.722537102,"NRI_P038",25
"31055",-1639.818687102,"NRI_P038",50
"31056",-3845.935847102,"NRI_P038",100
"31057",1378.93740289801,"NRI_P038",25
"31058",192.142242898,"NRI_P038",50
"31059",-3251.972067102,"NRI_P038",100
"31060",781.364562898001,"NRI_P038",25
"31061",309.560142898001,"NRI_P038",50
"31062",-3577.76557710199,"NRI_P038",100
"31063",-1674.91911710199,"NRI_P038",25
"31064",3293.276492898,"NRI_P038",50
"31065",-2275.45534710199,"NRI_P038",100
"31066",1291.893262898,"NRI_P038",25
"31067",-1959.76247710199,"NRI_P038",50
"31068",3952.800132898,"NRI_P038",100
"31069",-1377.07453710199,"NRI_P038",25
"31070",-546.643897101982,"NRI_P038",50
"31071",339.607342898002,"NRI_P038",100
"31072",-913.588407101983,"NRI_P038",25
"31073",-970.773687101988,"NRI_P038",50
"31074",-1018.55017710201,"NRI_P038",100
"31075",-1317.969207102,"NRI_P038",25
"31076",1875.03712289801,"NRI_P038",50
"31077",-3446.70578710199,"NRI_P038",100
"31078",-892.737937102007,"NRI_P038",25
"31079",4604.07056289801,"NRI_P038",50
"31080",4474.29121289801,"NRI_P038",100
"31081",601.34106289802,"NRI_P038",25
"31082",-2198.14076710198,"NRI_P038",50
"31083",-3561.13500710198,"NRI_P038",100
"31084",-209.614077101985,"NRI_P038",25
"31085",-2116.84074710199,"NRI_P038",50
"31086",-3432.49113710198,"NRI_P038",100
"31087",-978.657537102001,"NRI_P038",25
"31088",1376.85423289801,"NRI_P038",50
"31089",-2672.08954710199,"NRI_P038",100
"31090",-551.847247102007,"NRI_P038",25
"31091",-1381.80209710199,"NRI_P038",50
"31092",-1644.204557102,"NRI_P038",100
"31093",-1392.268937102,"NRI_P038",25
"31094",10168.498942898,"NRI_P038",50
"31095",-2502.69065710201,"NRI_P038",100
"31096",-1967.38813710198,"NRI_P038",25
"31097",-449.584937101987,"NRI_P038",50
"31098",8047.73519289799,"NRI_P038",100
"31099",113.244062898011,"NRI_P038",25
"31100",-1118.00585710199,"NRI_P038",50
"31101",8128.69256289801,"NRI_P038",100
"31102",-2549.973917102,"NRI_P038",25
"31103",3108.03724289802,"NRI_P038",50
"31104",-3083.79834710198,"NRI_P038",100
"31105",-1946.46523710201,"NRI_P038",25
"31106",-1088.891977102,"NRI_P038",50
"31107",-3177.92956710199,"NRI_P038",100
"31108",-924.018557101983,"NRI_P038",25
"31109",-1261.04823710199,"NRI_P038",50
"31110",6071.44164289802,"NRI_P038",100
"31111",-973.87781710198,"NRI_P038",25
"31112",1655.464102898,"NRI_P038",50
"31113",-2342.537097102,"NRI_P038",100
"31114",-115.469717102009,"NRI_P038",25
"31115",-229.801017102,"NRI_P038",50
"31116",-3439.40020710201,"NRI_P038",100
"31117",691.790242898016,"NRI_P038",25
"31118",-1972.35395710199,"NRI_P038",50
"31119",1140.309542898,"NRI_P038",100
"31120",-2295.15973710199,"NRI_P038",25
"31121",3099.86036289801,"NRI_P038",50
"31122",-3147.93910710199,"NRI_P038",100
"31123",-157.119757101987,"NRI_P038",25
"31124",-2803.213837102,"NRI_P038",50
"31125",258.225222898007,"NRI_P038",100
"31126",1317.548152898,"NRI_P038",25
"31127",-1963.26463710199,"NRI_P038",50
"31128",1448.37153289802,"NRI_P038",100
"31129",-317.849317101995,"NRI_P038",25
"31130",-641.611797101999,"NRI_P038",50
"31131",-120.627897102007,"NRI_P038",100
"31132",-459.462937101984,"NRI_P038",25
"31133",6246.394772898,"NRI_P038",50
"31134",-1677.605987102,"NRI_P038",100
"31135",-1123.62913710199,"NRI_P038",25
"31136",-2001.65275710198,"NRI_P038",50
"31137",1637.56884289801,"NRI_P038",100
"31138",-1657.60704710201,"NRI_P038",25
"31139",-1337.90673710199,"NRI_P038",50
"31140",369.403142897994,"NRI_P038",100
"31141",-1454.07195710199,"NRI_P038",25
"31142",7192.39170289799,"NRI_P038",50
"31143",-2936.137887102,"NRI_P038",100
"31144",6520.12026289801,"NRI_P038",25
"31145",-2669.033317102,"NRI_P038",50
"31146",-3531.514167102,"NRI_P038",100
"31147",-1394.135437102,"NRI_P038",25
"31148",-1060.60563710198,"NRI_P038",50
"31149",-2366.94015710198,"NRI_P038",100
"31150",-517.237247101992,"NRI_P038",25
"31151",-2358.39801710201,"NRI_P038",50
"31152",1823.28461289802,"NRI_P038",100
"31153",-903.475437101995,"NRI_P038",25
"31154",-2032.64353710201,"NRI_P038",50
"31155",-2337.00922710198,"NRI_P038",100
"31156",-870.227137101989,"NRI_P038",25
"31157",-485.936617102008,"NRI_P038",50
"31158",10502.717612898,"NRI_P038",100
"31159",-659.291627102008,"NRI_P038",25
"31160",400.030472898012,"NRI_P038",50
"31161",-166.764167101996,"NRI_P038",100
"31162",-815.517147101986,"NRI_P038",25
"31163",-2490.84843710199,"NRI_P038",50
"31164",1107.83562289801,"NRI_P038",100
"31165",-1662.98143710199,"NRI_P038",25
"31166",-1227.020837102,"NRI_P038",50
"31167",-3393.45234710199,"NRI_P038",100
"31168",-789.531937102001,"NRI_P038",25
"31169",-422.056897101982,"NRI_P038",50
"31170",-2553.03695710198,"NRI_P038",100
"31171",-1686.62897710199,"NRI_P038",25
"31172",3843.678942898,"NRI_P038",50
"31173",-1722.78440710201,"NRI_P038",100
"31174",-350.614317102008,"NRI_P038",25
"31175",-1147.82347710201,"NRI_P038",50
"31176",-2477.537177102,"NRI_P038",100
"31177",-2445.43562710201,"NRI_P038",25
"31178",10.55776289801,"NRI_P038",50
"31179",730.167542898009,"NRI_P038",100
"31180",-351.203727101994,"NRI_P038",25
"31181",359.204472898011,"NRI_P038",50
"31182",1818.51829289799,"NRI_P038",100
"31183",591.761562897998,"NRI_P038",25
"31184",-1695.56874710199,"NRI_P038",50
"31185",-774.465107102005,"NRI_P038",100
"31186",-2198.92733710198,"NRI_P038",25
"31187",-2288.16675710201,"NRI_P038",50
"31188",3724.15669289802,"NRI_P038",100
"31189",-1668.27553710199,"NRI_P038",25
"31190",-1047.43689710199,"NRI_P038",50
"31191",-167.80796710198,"NRI_P038",100
"31192",-805.908617101988,"NRI_P038",25
"31193",-1170.696687102,"NRI_P038",50
"31194",-2994.43019710199,"NRI_P038",100
"31195",-539.670237101993,"NRI_P038",25
"31196",-991.661257102009,"NRI_P038",50
"31197",-3793.814647102,"NRI_P038",100
"31198",-324.408137102,"NRI_P038",25
"31199",-638.084797101998,"NRI_P038",50
"31200",-3300.71631710199,"NRI_P038",100
"31201",-541.387966196984,"NRI_P039",25
"31202",-588.425296197005,"NRI_P039",50
"31203",-1792.24598619697,"NRI_P039",100
"31204",-1217.98566619697,"NRI_P039",25
"31205",436.412953803025,"NRI_P039",50
"31206",8301.21524380305,"NRI_P039",100
"31207",5770.65130380302,"NRI_P039",25
"31208",-274.694266196981,"NRI_P039",50
"31209",-1371.87237619696,"NRI_P039",100
"31210",-491.325866197003,"NRI_P039",25
"31211",-1113.05129619699,"NRI_P039",50
"31212",-643.500936197001,"NRI_P039",100
"31213",-463.639566197002,"NRI_P039",25
"31214",1490.98210380302,"NRI_P039",50
"31215",304.293403803022,"NRI_P039",100
"31216",1037.17963380303,"NRI_P039",25
"31217",3.86036380298901,"NRI_P039",50
"31218",-1541.77059619699,"NRI_P039",100
"31219",8166.89063380304,"NRI_P039",25
"31220",2238.98030380299,"NRI_P039",50
"31221",-1668.75933619699,"NRI_P039",100
"31222",10.7957238029921,"NRI_P039",25
"31223",-1643.16100619698,"NRI_P039",50
"31224",5510.386103803,"NRI_P039",100
"31225",-584.234166196955,"NRI_P039",25
"31226",-16.5519961969694,"NRI_P039",50
"31227",-1642.05854619696,"NRI_P039",100
"31228",606.963303803001,"NRI_P039",25
"31229",512.313503803045,"NRI_P039",50
"31230",-1194.54527619696,"NRI_P039",100
"31231",86.4215038029943,"NRI_P039",25
"31232",-613.383316196967,"NRI_P039",50
"31233",1257.22760380304,"NRI_P039",100
"31234",-352.808166196977,"NRI_P039",25
"31235",2138.142303803,"NRI_P039",50
"31236",-655.865176196967,"NRI_P039",100
"31237",-769.062766196963,"NRI_P039",25
"31238",-442.557096196979,"NRI_P039",50
"31239",9526.742703803,"NRI_P039",100
"31240",-690.489776197006,"NRI_P039",25
"31241",416.370243803016,"NRI_P039",50
"31242",-1303.314996197,"NRI_P039",100
"31243",1310.64930380305,"NRI_P039",25
"31244",-1891.02300619701,"NRI_P039",50
"31245",415.186503803008,"NRI_P039",100
"31246",-1239.25056619698,"NRI_P039",25
"31247",-270.737496196991,"NRI_P039",50
"31248",2974.82190380304,"NRI_P039",100
"31249",8759.42483380303,"NRI_P039",25
"31250",1581.58345380303,"NRI_P039",50
"31251",-1549.324596197,"NRI_P039",100
"31252",-4.86323619697941,"NRI_P039",25
"31253",-1311.76886619697,"NRI_P039",50
"31254",10131.612913803,"NRI_P039",100
"31255",324.826403803017,"NRI_P039",25
"31256",141.057203803037,"NRI_P039",50
"31257",432.566603803018,"NRI_P039",100
"31258",-1298.45956619701,"NRI_P039",25
"31259",3698.035503803,"NRI_P039",50
"31260",-1712.24729619699,"NRI_P039",100
"31261",8837.54630380304,"NRI_P039",25
"31262",7580.86063380301,"NRI_P039",50
"31263",11556.129103803,"NRI_P039",100
"31264",543.014203803032,"NRI_P039",25
"31265",-1694.29916619696,"NRI_P039",50
"31266",901.848903803038,"NRI_P039",100
"31267",-704.847966197005,"NRI_P039",25
"31268",598.344703803014,"NRI_P039",50
"31269",-1954.30007619696,"NRI_P039",100
"31270",871.045503803005,"NRI_P039",25
"31271",1485.35377380304,"NRI_P039",50
"31272",-1263.446096197,"NRI_P039",100
"31273",-12.4722861970076,"NRI_P039",25
"31274",-685.793196196959,"NRI_P039",50
"31275",-1722.233576197,"NRI_P039",100
"31276",-5.37677619699389,"NRI_P039",25
"31277",-359.812296196993,"NRI_P039",50
"31278",1325.05210380303,"NRI_P039",100
"31279",121.646203803015,"NRI_P039",25
"31280",-197.395396196982,"NRI_P039",50
"31281",21.032403803023,"NRI_P039",100
"31282",-605.53206619696,"NRI_P039",25
"31283",-576.022116196982,"NRI_P039",50
"31284",-1086.63105619699,"NRI_P039",100
"31285",9529.57030380302,"NRI_P039",25
"31286",-960.110066196998,"NRI_P039",50
"31287",-888.701256197004,"NRI_P039",100
"31288",-1407.960826197,"NRI_P039",25
"31289",-1274.74834619701,"NRI_P039",50
"31290",-1117.57889619697,"NRI_P039",100
"31291",-376.529766196967,"NRI_P039",25
"31292",-512.807106196997,"NRI_P039",50
"31293",-1519.40904619696,"NRI_P039",100
"31294",5174.64063380304,"NRI_P039",25
"31295",-1322.75029619696,"NRI_P039",50
"31296",2324.34530380304,"NRI_P039",100
"31297",1908.72963380301,"NRI_P039",25
"31298",6483.84670380299,"NRI_P039",50
"31299",5623.40510380303,"NRI_P039",100
"31300",-130.869466196978,"NRI_P039",25
"31301",-38.7653961969772,"NRI_P039",50
"31302",3500.56410380302,"NRI_P039",100
"31303",5770.65130380302,"NRI_P039",25
"31304",-1389.95246619696,"NRI_P039",50
"31305",-1331.939996197,"NRI_P039",100
"31306",-681.01941619697,"NRI_P039",25
"31307",-350.680336196965,"NRI_P039",50
"31308",-1971.24377619696,"NRI_P039",100
"31309",-1254.29796619696,"NRI_P039",25
"31310",-718.999646196957,"NRI_P039",50
"31311",2024.93100380304,"NRI_P039",100
"31312",1182.31930380303,"NRI_P039",25
"31313",166.610973803035,"NRI_P039",50
"31314",1097.86750380299,"NRI_P039",100
"31315",-1194.97966619697,"NRI_P039",25
"31316",693.44880380301,"NRI_P039",50
"31317",-166.481796197011,"NRI_P039",100
"31318",80.8456038029981,"NRI_P039",25
"31319",-836.344946197001,"NRI_P039",50
"31320",1671.164043803,"NRI_P039",100
"31321",-653.098846197012,"NRI_P039",25
"31322",-1129.57567619701,"NRI_P039",50
"31323",-585.315896196989,"NRI_P039",100
"31324",-675.518906196987,"NRI_P039",25
"31325",-2009.76241619699,"NRI_P039",50
"31326",-1761.915136197,"NRI_P039",100
"31327",-1353.55666619696,"NRI_P039",25
"31328",-1904.24149619701,"NRI_P039",50
"31329",6299.271813803,"NRI_P039",100
"31330",-25.0344261970022,"NRI_P039",25
"31331",-590.692306196957,"NRI_P039",50
"31332",4318.06950380304,"NRI_P039",100
"31333",-1341.28986619698,"NRI_P039",25
"31334",-706.861666196957,"NRI_P039",50
"31335",-1338.33549619699,"NRI_P039",100
"31336",-283.252166196995,"NRI_P039",25
"31337",-1946.91574619699,"NRI_P039",50
"31338",-611.956356196955,"NRI_P039",100
"31339",1151.13763380301,"NRI_P039",25
"31340",2098.63270380301,"NRI_P039",50
"31341",-1202.51269619697,"NRI_P039",100
"31342",-10.3637461969629,"NRI_P039",25
"31343",1360.07680380304,"NRI_P039",50
"31344",12884.545503803,"NRI_P039",100
"31345",-29.6054761969717,"NRI_P039",25
"31346",3945.99637380301,"NRI_P039",50
"31347",-660.464296196995,"NRI_P039",100
"31348",-844.85826619697,"NRI_P039",25
"31349",-910.890586196969,"NRI_P039",50
"31350",1802.31430380302,"NRI_P039",100
"31351",1310.64930380305,"NRI_P039",25
"31352",-1229.27432619699,"NRI_P039",50
"31353",-1682.40357619699,"NRI_P039",100
"31354",1814.93930380302,"NRI_P039",25
"31355",-1841.20106619695,"NRI_P039",50
"31356",-1608.397096197,"NRI_P039",100
"31357",10732.029303803,"NRI_P039",25
"31358",8159.90763380303,"NRI_P039",50
"31359",-1322.126716197,"NRI_P039",100
"31360",-1276.99776619696,"NRI_P039",25
"31361",-1050.07276619697,"NRI_P039",50
"31362",-806.673096196959,"NRI_P039",100
"31363",-564.215466196998,"NRI_P039",25
"31364",-1111.85129619698,"NRI_P039",50
"31365",-1697.27158619696,"NRI_P039",100
"31366",4629.06363380305,"NRI_P039",25
"31367",3031.763503803,"NRI_P039",50
"31368",450.750973802991,"NRI_P039",100
"31369",-684.592426196963,"NRI_P039",25
"31370",-60.9085961969686,"NRI_P039",50
"31371",3857.17172380304,"NRI_P039",100
"31372",-794.292566196993,"NRI_P039",25
"31373",3832.44619380304,"NRI_P039",50
"31374",6939.90254380304,"NRI_P039",100
"31375",-1234.83596619696,"NRI_P039",25
"31376",-1400.09343619697,"NRI_P039",50
"31377",5930.29560380301,"NRI_P039",100
"31378",-954.485766196973,"NRI_P039",25
"31379",-24.2854461969691,"NRI_P039",50
"31380",1196.39140380302,"NRI_P039",100
"31381",-310.548366196977,"NRI_P039",25
"31382",-1864.62396619696,"NRI_P039",50
"31383",3816.64920380304,"NRI_P039",100
"31384",167.216703803046,"NRI_P039",25
"31385",-537.884236196987,"NRI_P039",50
"31386",-1651.87467619701,"NRI_P039",100
"31387",-706.798566196987,"NRI_P039",25
"31388",2368.60070380301,"NRI_P039",50
"31389",-1527.65269619698,"NRI_P039",100
"31390",-1408.390346197,"NRI_P039",25
"31391",-1.00606619700557,"NRI_P039",50
"31392",11459.423203803,"NRI_P039",100
"31393",921.004903802997,"NRI_P039",25
"31394",-611.998526196985,"NRI_P039",50
"31395",-1541.91579619696,"NRI_P039",100
"31396",-600.021766196995,"NRI_P039",25
"31397",4385.788103803,"NRI_P039",50
"31398",2257.23047380301,"NRI_P039",100
"31399",128.143903803022,"NRI_P039",25
"31400",-1735.783746197,"NRI_P039",50
"31401",-128.335396196984,"NRI_P039",100
"31402",4386.00683380303,"NRI_P039",25
"31403",-281.511756196967,"NRI_P039",50
"31404",-232.727386196959,"NRI_P039",100
"31405",-10.9116761969635,"NRI_P039",25
"31406",-536.905846196983,"NRI_P039",50
"31407",-547.378896196955,"NRI_P039",100
"31408",811.654603803006,"NRI_P039",25
"31409",-479.709856197005,"NRI_P039",50
"31410",360.10757380299,"NRI_P039",100
"31411",-528.347266196972,"NRI_P039",25
"31412",-299.284886196954,"NRI_P039",50
"31413",1412.19070380303,"NRI_P039",100
"31414",-595.826066196954,"NRI_P039",25
"31415",-68.2565961969667,"NRI_P039",50
"31416",-1879.835146197,"NRI_P039",100
"31417",-1239.25056619698,"NRI_P039",25
"31418",-1453.112046197,"NRI_P039",50
"31419",1100.19050380302,"NRI_P039",100
"31420",-1388.726566197,"NRI_P039",25
"31421",-1029.96656619699,"NRI_P039",50
"31422",-1611.27420619701,"NRI_P039",100
"31423",345.79983380303,"NRI_P039",25
"31424",674.094133803039,"NRI_P039",50
"31425",-1021.72368619696,"NRI_P039",100
"31426",-27.7990461969748,"NRI_P039",25
"31427",-613.602456196968,"NRI_P039",50
"31428",6958.241503803,"NRI_P039",100
"31429",-254.781166196975,"NRI_P039",25
"31430",-295.351526196988,"NRI_P039",50
"31431",1072.80110380304,"NRI_P039",100
"31432",-682.385516196955,"NRI_P039",25
"31433",590.195003803005,"NRI_P039",50
"31434",3010.45660380303,"NRI_P039",100
"31435",-1338.95486619696,"NRI_P039",25
"31436",-1178.31512619701,"NRI_P039",50
"31437",769.32790380303,"NRI_P039",100
"31438",-1223.107766197,"NRI_P039",25
"31439",-953.200006196974,"NRI_P039",50
"31440",-1814.540946197,"NRI_P039",100
"31441",-1098.42306619696,"NRI_P039",25
"31442",492.360103802988,"NRI_P039",50
"31443",3757.57326380303,"NRI_P039",100
"31444",-665.968226197001,"NRI_P039",25
"31445",-1286.344526197,"NRI_P039",50
"31446",7360.72810380301,"NRI_P039",100
"31447",-683.127956196957,"NRI_P039",25
"31448",501.192603803007,"NRI_P039",50
"31449",-762.999376196996,"NRI_P039",100
"31450",-684.592426196963,"NRI_P039",25
"31451",57.3322038030019,"NRI_P039",50
"31452",575.077463802998,"NRI_P039",100
"31453",179.329803803004,"NRI_P039",25
"31454",-1958.82802619698,"NRI_P039",50
"31455",-980.015296196972,"NRI_P039",100
"31456",-728.538366196968,"NRI_P039",25
"31457",581.725633802998,"NRI_P039",50
"31458",-141.595696197008,"NRI_P039",100
"31459",-1274.24776619696,"NRI_P039",25
"31460",-1425.288966197,"NRI_P039",50
"31461",6430.903173803,"NRI_P039",100
"31462",-494.634166196978,"NRI_P039",25
"31463",6078.04240380303,"NRI_P039",50
"31464",6489.28150380304,"NRI_P039",100
"31465",8166.89063380304,"NRI_P039",25
"31466",-737.719466196955,"NRI_P039",50
"31467",-1018.876976197,"NRI_P039",100
"31468",-690.489776197006,"NRI_P039",25
"31469",-633.293866196997,"NRI_P039",50
"31470",4951.59710380301,"NRI_P039",100
"31471",-333.585166196979,"NRI_P039",25
"31472",1301.13800380303,"NRI_P039",50
"31473",-1613.54062619701,"NRI_P039",100
"31474",-659.859946196957,"NRI_P039",25
"31475",-44.1410961970105,"NRI_P039",50
"31476",-1760.520246197,"NRI_P039",100
"31477",2195.74783380301,"NRI_P039",25
"31478",820.963403803005,"NRI_P039",50
"31479",-1825.43088619696,"NRI_P039",100
"31480",-1327.67906619696,"NRI_P039",25
"31481",-1311.33312619699,"NRI_P039",50
"31482",-1693.11589619698,"NRI_P039",100
"31483",3778.812633803,"NRI_P039",25
"31484",-903.343196197005,"NRI_P039",50
"31485",-1928.710406197,"NRI_P039",100
"31486",-1322.93286619696,"NRI_P039",25
"31487",-746.127206197008,"NRI_P039",50
"31488",-1167.24062619696,"NRI_P039",100
"31489",83.6604038029909,"NRI_P039",25
"31490",490.440103803005,"NRI_P039",50
"31491",-1612.89338619699,"NRI_P039",100
"31492",-1268.05826619698,"NRI_P039",25
"31493",-1987.82324619696,"NRI_P039",50
"31494",335.704403803044,"NRI_P039",100
"31495",454.611303803045,"NRI_P039",25
"31496",1533.98182380304,"NRI_P039",50
"31497",-656.069196196971,"NRI_P039",100
"31498",1687.50330380304,"NRI_P039",25
"31499",-1348.285266197,"NRI_P039",50
"31500",-1970.71532619698,"NRI_P039",100
"31501",-627.226356152038,"NRI_P040",25
"31502",11255.362593848,"NRI_P040",50
"31503",-1988.16606615204,"NRI_P040",100
"31504",-1573.15805615205,"NRI_P040",25
"31505",2266.29835384799,"NRI_P040",50
"31506",-6526.30341615202,"NRI_P040",100
"31507",2776.30044384795,"NRI_P040",25
"31508",-7068.32231615204,"NRI_P040",50
"31509",-5790.31834615202,"NRI_P040",100
"31510",2305.94029384799,"NRI_P040",25
"31511",-4376.41468615201,"NRI_P040",50
"31512",-1338.43996615201,"NRI_P040",100
"31513",-509.413386152009,"NRI_P040",25
"31514",-5914.15878615202,"NRI_P040",50
"31515",-3212.63409615203,"NRI_P040",100
"31516",-6602.48512615205,"NRI_P040",25
"31517",-6562.66908615205,"NRI_P040",50
"31518",3713.30294384796,"NRI_P040",100
"31519",890.876913847984,"NRI_P040",25
"31520",1603.68668384798,"NRI_P040",50
"31521",-6090.85369615204,"NRI_P040",100
"31522",-686.502266152005,"NRI_P040",25
"31523",-428.281206152053,"NRI_P040",50
"31524",4214.25575384795,"NRI_P040",100
"31525",-22.4091961520026,"NRI_P040",25
"31526",279.887383847963,"NRI_P040",50
"31527",-5626.97761615203,"NRI_P040",100
"31528",5587.57881384797,"NRI_P040",25
"31529",1901.85600384796,"NRI_P040",50
"31530",-4945.48599615204,"NRI_P040",100
"31531",-259.727746152028,"NRI_P040",25
"31532",2852.48880384798,"NRI_P040",50
"31533",-2955.27037615201,"NRI_P040",100
"31534",860.543893847964,"NRI_P040",25
"31535",-322.283446152054,"NRI_P040",50
"31536",-4103.16403615201,"NRI_P040",100
"31537",-4270.70502615202,"NRI_P040",25
"31538",-4251.054316152,"NRI_P040",50
"31539",-5149.64185615204,"NRI_P040",100
"31540",222.91368384799,"NRI_P040",25
"31541",-5473.17125615204,"NRI_P040",50
"31542",788.717653847998,"NRI_P040",100
"31543",548.009043847967,"NRI_P040",25
"31544",778.806553847971,"NRI_P040",50
"31545",-4345.61831615202,"NRI_P040",100
"31546",-6299.32135615201,"NRI_P040",25
"31547",-1174.50024615205,"NRI_P040",50
"31548",-5194.13669615204,"NRI_P040",100
"31549",2328.69794384798,"NRI_P040",25
"31550",-7091.90986615204,"NRI_P040",50
"31551",-1382.68112615205,"NRI_P040",100
"31552",-200.694526152045,"NRI_P040",25
"31553",-3676.88701615203,"NRI_P040",50
"31554",-2938.46036615205,"NRI_P040",100
"31555",-6605.27386615204,"NRI_P040",25
"31556",-2236.04767615203,"NRI_P040",50
"31557",-4459.15006615204,"NRI_P040",100
"31558",-865.357396152045,"NRI_P040",25
"31559",-7082.32852615201,"NRI_P040",50
"31560",-5194.53791615204,"NRI_P040",100
"31561",-6943.302856152,"NRI_P040",25
"31562",-2467.821256152,"NRI_P040",50
"31563",2524.23764384794,"NRI_P040",100
"31564",-162.795656152011,"NRI_P040",25
"31565",2002.970053848,"NRI_P040",50
"31566",289.563683847955,"NRI_P040",100
"31567",159.034033847973,"NRI_P040",25
"31568",4209.05061384797,"NRI_P040",50
"31569",-4902.73656615202,"NRI_P040",100
"31570",2218.94046384795,"NRI_P040",25
"31571",841.841223847994,"NRI_P040",50
"31572",-2579.72617615201,"NRI_P040",100
"31573",255.034113847942,"NRI_P040",25
"31574",1186.32648384798,"NRI_P040",50
"31575",-242.043316152005,"NRI_P040",100
"31576",269.377913847973,"NRI_P040",25
"31577",3602.07486384799,"NRI_P040",50
"31578",-4679.90019615204,"NRI_P040",100
"31579",-4889.70075615204,"NRI_P040",25
"31580",-5379.42164615204,"NRI_P040",50
"31581",-1226.64516615204,"NRI_P040",100
"31582",29.097133847943,"NRI_P040",25
"31583",10886.373163848,"NRI_P040",50
"31584",-2349.792666152,"NRI_P040",100
"31585",-56.2529861520161,"NRI_P040",25
"31586",-2342.05988615204,"NRI_P040",50
"31587",-1203.79182615201,"NRI_P040",100
"31588",-343.824226152035,"NRI_P040",25
"31589",-6953.69948615204,"NRI_P040",50
"31590",-683.070156152011,"NRI_P040",100
"31591",-288.010356152023,"NRI_P040",25
"31592",-5808.05240615201,"NRI_P040",50
"31593",11332.938793848,"NRI_P040",100
"31594",-960.080596152053,"NRI_P040",25
"31595",-6683.59835615201,"NRI_P040",50
"31596",-7146.38848615205,"NRI_P040",100
"31597",-4334.64928615204,"NRI_P040",25
"31598",-5850.62358615204,"NRI_P040",50
"31599",-6461.75308615202,"NRI_P040",100
"31600",-7106.13075615204,"NRI_P040",25
"31601",-6578.81483615201,"NRI_P040",50
"31602",1557.65939384798,"NRI_P040",100
"31603",277.77637384797,"NRI_P040",25
"31604",1444.02536384796,"NRI_P040",50
"31605",-1624.22271615203,"NRI_P040",100
"31606",1408.09864384797,"NRI_P040",25
"31607",-1280.27492615202,"NRI_P040",50
"31608",-1181.88610615203,"NRI_P040",100
"31609",603.44699384796,"NRI_P040",25
"31610",2002.14760384796,"NRI_P040",50
"31611",1715.01933384797,"NRI_P040",100
"31612",1015.77743384795,"NRI_P040",25
"31613",370.156563847966,"NRI_P040",50
"31614",-267.898526152014,"NRI_P040",100
"31615",-47.713856152026,"NRI_P040",25
"31616",7025.45937384799,"NRI_P040",50
"31617",-5139.08149615204,"NRI_P040",100
"31618",-543.246926152031,"NRI_P040",25
"31619",2333.91083384794,"NRI_P040",50
"31620",872.669003847986,"NRI_P040",100
"31621",986.241853847983,"NRI_P040",25
"31622",-1721.94760615204,"NRI_P040",50
"31623",-7508.48477615201,"NRI_P040",100
"31624",1959.15469384799,"NRI_P040",25
"31625",-633.269946152053,"NRI_P040",50
"31626",-7150.77639615204,"NRI_P040",100
"31627",-86.6769861520152,"NRI_P040",25
"31628",826.526333847956,"NRI_P040",50
"31629",-1665.88199615205,"NRI_P040",100
"31630",-4674.669906152,"NRI_P040",25
"31631",-6427.61859615205,"NRI_P040",50
"31632",-401.863516152021,"NRI_P040",100
"31633",-64.635506152059,"NRI_P040",25
"31634",-4279.81271615205,"NRI_P040",50
"31635",-1105.62737615203,"NRI_P040",100
"31636",1174.44729384797,"NRI_P040",25
"31637",806.714283847949,"NRI_P040",50
"31638",-6401.29712615203,"NRI_P040",100
"31639",2559.82448384794,"NRI_P040",25
"31640",-3275.91392615205,"NRI_P040",50
"31641",-3974.36896615202,"NRI_P040",100
"31642",2184.76111384796,"NRI_P040",25
"31643",94.3349638479413,"NRI_P040",50
"31644",-5927.86737615202,"NRI_P040",100
"31645",-40.9180861520581,"NRI_P040",25
"31646",-5103.71973615204,"NRI_P040",50
"31647",1501.94659384794,"NRI_P040",100
"31648",-399.474386152055,"NRI_P040",25
"31649",-6364.21237615205,"NRI_P040",50
"31650",-5825.11347615201,"NRI_P040",100
"31651",581.210913847957,"NRI_P040",25
"31652",-383.556576152041,"NRI_P040",50
"31653",-6376.50076615205,"NRI_P040",100
"31654",-138.544356152008,"NRI_P040",25
"31655",7585.24330384796,"NRI_P040",50
"31656",-1843.87284615205,"NRI_P040",100
"31657",1295.74461384799,"NRI_P040",25
"31658",-4091.48940615205,"NRI_P040",50
"31659",-8258.91029615205,"NRI_P040",100
"31660",11843.288343848,"NRI_P040",25
"31661",-6383.51384615205,"NRI_P040",50
"31662",1174.43485384795,"NRI_P040",100
"31663",-5897.11938615202,"NRI_P040",25
"31664",3881.70351384796,"NRI_P040",50
"31665",-743.721156152023,"NRI_P040",100
"31666",419.912113847968,"NRI_P040",25
"31667",1795.63567384798,"NRI_P040",50
"31668",-5550.33598615206,"NRI_P040",100
"31669",-4693.24308615201,"NRI_P040",25
"31670",-5545.06556615204,"NRI_P040",50
"31671",-5767.65840615204,"NRI_P040",100
"31672",-6344.55044615205,"NRI_P040",25
"31673",-2634.54375615204,"NRI_P040",50
"31674",-5710.60603615205,"NRI_P040",100
"31675",1765.85014384799,"NRI_P040",25
"31676",1012.27718384797,"NRI_P040",50
"31677",-1751.069016152,"NRI_P040",100
"31678",-472.979856152029,"NRI_P040",25
"31679",-579.030256152037,"NRI_P040",50
"31680",-2361.34492615203,"NRI_P040",100
"31681",-210.594556152006,"NRI_P040",25
"31682",351.042183847982,"NRI_P040",50
"31683",-6173.48898615205,"NRI_P040",100
"31684",231.948863847996,"NRI_P040",25
"31685",4532.36284384795,"NRI_P040",50
"31686",-476.160266152059,"NRI_P040",100
"31687",307.057513847947,"NRI_P040",25
"31688",-7197.737986152,"NRI_P040",50
"31689",-4594.71822615201,"NRI_P040",100
"31690",32.219213847944,"NRI_P040",25
"31691",4390.50848384795,"NRI_P040",50
"31692",-5394.48479615204,"NRI_P040",100
"31693",559.63554384798,"NRI_P040",25
"31694",-951.925486152002,"NRI_P040",50
"31695",1129.09975384799,"NRI_P040",100
"31696",-622.708306152024,"NRI_P040",25
"31697",353.929463847948,"NRI_P040",50
"31698",-4086.47602615203,"NRI_P040",100
"31699",-367.732176152058,"NRI_P040",25
"31700",142.060233847995,"NRI_P040",50
"31701",-7154.713356152,"NRI_P040",100
"31702",355.314013847965,"NRI_P040",25
"31703",1784.91289384797,"NRI_P040",50
"31704",3971.17427384795,"NRI_P040",100
"31705",-6665.86354615202,"NRI_P040",25
"31706",-5806.60104615201,"NRI_P040",50
"31707",-3026.27866615204,"NRI_P040",100
"31708",-214.928956152056,"NRI_P040",25
"31709",-4850.55340615206,"NRI_P040",50
"31710",2451.46866384795,"NRI_P040",100
"31711",4875.91619384795,"NRI_P040",25
"31712",183.952293847979,"NRI_P040",50
"31713",-946.956836152007,"NRI_P040",100
"31714",315.819543847989,"NRI_P040",25
"31715",-226.287866152008,"NRI_P040",50
"31716",-5906.35730615206,"NRI_P040",100
"31717",-584.158286152058,"NRI_P040",25
"31718",-6195.85187615204,"NRI_P040",50
"31719",3397.52573384799,"NRI_P040",100
"31720",-206.991086152033,"NRI_P040",25
"31721",4157.18956384796,"NRI_P040",50
"31722",-1113.07637615205,"NRI_P040",100
"31723",1033.41484384798,"NRI_P040",25
"31724",-4268.46196615201,"NRI_P040",50
"31725",-3397.97501615202,"NRI_P040",100
"31726",2186.93314384797,"NRI_P040",25
"31727",486.543943847995,"NRI_P040",50
"31728",-2122.99080615205,"NRI_P040",100
"31729",934.040103847976,"NRI_P040",25
"31730",-6679.08700615203,"NRI_P040",50
"31731",-3427.26619615202,"NRI_P040",100
"31732",5186.75031384797,"NRI_P040",25
"31733",-774.656736152014,"NRI_P040",50
"31734",-1429.38956615201,"NRI_P040",100
"31735",-5891.31111615204,"NRI_P040",25
"31736",456.403863847954,"NRI_P040",50
"31737",-6861.10400615202,"NRI_P040",100
"31738",-1210.09465615201,"NRI_P040",25
"31739",2381.38635384798,"NRI_P040",50
"31740",-1180.23449615203,"NRI_P040",100
"31741",-952.995116152044,"NRI_P040",25
"31742",8107.82642384799,"NRI_P040",50
"31743",5570.42515384796,"NRI_P040",100
"31744",-908.060646152007,"NRI_P040",25
"31745",-7146.29010615201,"NRI_P040",50
"31746",-1228.84430615202,"NRI_P040",100
"31747",-710.455596152053,"NRI_P040",25
"31748",1308.85280384799,"NRI_P040",50
"31749",1705.97167384799,"NRI_P040",100
"31750",4882.25114384794,"NRI_P040",25
"31751",-541.801256152045,"NRI_P040",50
"31752",-6401.53382615204,"NRI_P040",100
"31753",3407.57338384795,"NRI_P040",25
"31754",-4574.92895615206,"NRI_P040",50
"31755",1505.13584384799,"NRI_P040",100
"31756",-47.1112061520107,"NRI_P040",25
"31757",-621.190886152035,"NRI_P040",50
"31758",4208.10118384799,"NRI_P040",100
"31759",-139.683756152052,"NRI_P040",25
"31760",10550.076763848,"NRI_P040",50
"31761",-701.463076152024,"NRI_P040",100
"31762",1375.63141384796,"NRI_P040",25
"31763",-1149.43082615203,"NRI_P040",50
"31764",-2075.78582615202,"NRI_P040",100
"31765",2167.87801384798,"NRI_P040",25
"31766",494.947663847997,"NRI_P040",50
"31767",-6536.17731615203,"NRI_P040",100
"31768",770.017773847969,"NRI_P040",25
"31769",-6456.43393615203,"NRI_P040",50
"31770",-4043.07338615204,"NRI_P040",100
"31771",2467.87531384797,"NRI_P040",25
"31772",7627.01794384798,"NRI_P040",50
"31773",-5484.64691615204,"NRI_P040",100
"31774",-309.647116152046,"NRI_P040",25
"31775",-6718.40431615204,"NRI_P040",50
"31776",-4011.24441615201,"NRI_P040",100
"31777",228.735793847998,"NRI_P040",25
"31778",5493.32868384797,"NRI_P040",50
"31779",196.884513847996,"NRI_P040",100
"31780",527.287653847947,"NRI_P040",25
"31781",-209.515616152028,"NRI_P040",50
"31782",-5919.98135615204,"NRI_P040",100
"31783",-3527.48265615205,"NRI_P040",25
"31784",-167.683146152005,"NRI_P040",50
"31785",-2437.99186615204,"NRI_P040",100
"31786",1065.991373848,"NRI_P040",25
"31787",-157.748736152018,"NRI_P040",50
"31788",-1838.16825615201,"NRI_P040",100
"31789",-23.2686661520274,"NRI_P040",25
"31790",585.115243847948,"NRI_P040",50
"31791",-5952.04874615202,"NRI_P040",100
"31792",184.83967384795,"NRI_P040",25
"31793",-513.430826152035,"NRI_P040",50
"31794",1157.46007384796,"NRI_P040",100
"31795",248.669323847978,"NRI_P040",25
"31796",-2573.46741615201,"NRI_P040",50
"31797",-6505.96093615203,"NRI_P040",100
"31798",1580.71794384799,"NRI_P040",25
"31799",-65.5919061520253,"NRI_P040",50
"31800",-1840.81310615205,"NRI_P040",100
"31801",749.961430539959,"NRI_P041",25
"31802",9339.81903053995,"NRI_P041",50
"31803",-1427.85515946004,"NRI_P041",100
"31804",352.463040539995,"NRI_P041",25
"31805",15153.36549054,"NRI_P041",50
"31806",-1689.04392946005,"NRI_P041",100
"31807",7011.16184053995,"NRI_P041",25
"31808",4583.07133054,"NRI_P041",50
"31809",300.79372053995,"NRI_P041",100
"31810",2724.31485053996,"NRI_P041",25
"31811",6515.35628054,"NRI_P041",50
"31812",2833.04569053999,"NRI_P041",100
"31813",2713.89401053998,"NRI_P041",25
"31814",2697.96773053997,"NRI_P041",50
"31815",29826.52072054,"NRI_P041",100
"31816",-3281.30056946003,"NRI_P041",25
"31817",4222.06862053997,"NRI_P041",50
"31818",12037.52852054,"NRI_P041",100
"31819",830.999720539956,"NRI_P041",25
"31820",1789.23096053995,"NRI_P041",50
"31821",-1803.52531946002,"NRI_P041",100
"31822",13701.34773054,"NRI_P041",25
"31823",28062.83624054,"NRI_P041",50
"31824",6512.49917053996,"NRI_P041",100
"31825",-308.928079460049,"NRI_P041",25
"31826",6680.48872053996,"NRI_P041",50
"31827",493.800240539946,"NRI_P041",100
"31828",-3525.43103946,"NRI_P041",25
"31829",1492.58652053995,"NRI_P041",50
"31830",-2036.29441946,"NRI_P041",100
"31831",1387.83154053998,"NRI_P041",25
"31832",-2094.15954946005,"NRI_P041",50
"31833",2666.64201053994,"NRI_P041",100
"31834",121.180210539955,"NRI_P041",25
"31835",-1493.81975946005,"NRI_P041",50
"31836",3645.81588054,"NRI_P041",100
"31837",-114.758559460053,"NRI_P041",25
"31838",18483.24602054,"NRI_P041",50
"31839",12854.8382405399,"NRI_P041",100
"31840",-2020.28645946004,"NRI_P041",25
"31841",-2541.66082946002,"NRI_P041",50
"31842",5685.25402053999,"NRI_P041",100
"31843",-485.616759460012,"NRI_P041",25
"31844",-3240.81283946004,"NRI_P041",50
"31845",12219.17831054,"NRI_P041",100
"31846",3810.90365053999,"NRI_P041",25
"31847",333.377040539985,"NRI_P041",50
"31848",1460.29427053995,"NRI_P041",100
"31849",20.6419405399938,"NRI_P041",25
"31850",7170.38108053996,"NRI_P041",50
"31851",4429.31802054,"NRI_P041",100
"31852",684.759070539963,"NRI_P041",25
"31853",1887.94093053997,"NRI_P041",50
"31854",853.192940539971,"NRI_P041",100
"31855",2499.91451053997,"NRI_P041",25
"31856",-3915.80984946003,"NRI_P041",50
"31857",5775.74352053995,"NRI_P041",100
"31858",5002.76865053998,"NRI_P041",25
"31859",615.772220539977,"NRI_P041",50
"31860",-978.58657946001,"NRI_P041",100
"31861",43.639240539982,"NRI_P041",25
"31862",20489.99589054,"NRI_P041",50
"31863",27105.50693054,"NRI_P041",100
"31864",2914.10363053996,"NRI_P041",25
"31865",-131.545469460019,"NRI_P041",50
"31866",22124.43632054,"NRI_P041",100
"31867",2092.21974053996,"NRI_P041",25
"31868",6999.11594053998,"NRI_P041",50
"31869",5021.11323053995,"NRI_P041",100
"31870",271.328780539974,"NRI_P041",25
"31871",3146.67093053996,"NRI_P041",50
"31872",4373.29942053999,"NRI_P041",100
"31873",11394.33433054,"NRI_P041",25
"31874",21215.75733054,"NRI_P041",50
"31875",2598.15339053998,"NRI_P041",100
"31876",558.150530539977,"NRI_P041",25
"31877",-1921.41824946005,"NRI_P041",50
"31878",23555.5094505399,"NRI_P041",100
"31879",-2303.56985946005,"NRI_P041",25
"31880",6623.39445053996,"NRI_P041",50
"31881",3691.23728053999,"NRI_P041",100
"31882",473.423420539999,"NRI_P041",25
"31883",-2975.38528946001,"NRI_P041",50
"31884",-276.999839460012,"NRI_P041",100
"31885",233.878920539981,"NRI_P041",25
"31886",7688.97055053996,"NRI_P041",50
"31887",22899.93373054,"NRI_P041",100
"31888",-376.964819460001,"NRI_P041",25
"31889",-1171.02606946003,"NRI_P041",50
"31890",24993.54704054,"NRI_P041",100
"31891",1973.89433053997,"NRI_P041",25
"31892",8488.86034053995,"NRI_P041",50
"31893",1638.76382053999,"NRI_P041",100
"31894",-3379.59531946003,"NRI_P041",25
"31895",8061.70952053997,"NRI_P041",50
"31896",950.722760539968,"NRI_P041",100
"31897",426.443530539982,"NRI_P041",25
"31898",-2863.03934946004,"NRI_P041",50
"31899",4513.67472054,"NRI_P041",100
"31900",1606.47171053995,"NRI_P041",25
"31901",2617.45054053998,"NRI_P041",50
"31902",2459.03671053995,"NRI_P041",100
"31903",-446.506299460016,"NRI_P041",25
"31904",3054.62255053996,"NRI_P041",50
"31905",7893.07281053998,"NRI_P041",100
"31906",-3539.49665946001,"NRI_P041",25
"31907",-670.899489460047,"NRI_P041",50
"31908",14241.09918054,"NRI_P041",100
"31909",-236.050659460016,"NRI_P041",25
"31910",23264.1437305399,"NRI_P041",50
"31911",937.106430539978,"NRI_P041",100
"31912",3987.51344054,"NRI_P041",25
"31913",1453.09376053995,"NRI_P041",50
"31914",-1667.42366946005,"NRI_P041",100
"31915",-32.5649994600099,"NRI_P041",25
"31916",628.687370539992,"NRI_P041",50
"31917",-1549.96732946002,"NRI_P041",100
"31918",3722.55624054,"NRI_P041",25
"31919",2402.96315053996,"NRI_P041",50
"31920",445.08133053995,"NRI_P041",100
"31921",4398.11323053995,"NRI_P041",25
"31922",11768.85973054,"NRI_P041",50
"31923",6736.79763053998,"NRI_P041",100
"31924",178.572050539951,"NRI_P041",25
"31925",-2707.77229946002,"NRI_P041",50
"31926",12954.61677054,"NRI_P041",100
"31927",593.003150539997,"NRI_P041",25
"31928",1560.45589053998,"NRI_P041",50
"31929",-2135.80198946001,"NRI_P041",100
"31930",4371.27854053996,"NRI_P041",25
"31931",5365.01874053996,"NRI_P041",50
"31932",8732.96492053999,"NRI_P041",100
"31933",-739.17165946,"NRI_P041",25
"31934",36772.09821054,"NRI_P041",50
"31935",26228.07703054,"NRI_P041",100
"31936",4695.02124053997,"NRI_P041",25
"31937",3067.32374053996,"NRI_P041",50
"31938",5968.54854053998,"NRI_P041",100
"31939",-389.689969460014,"NRI_P041",25
"31940",-3213.12996946002,"NRI_P041",50
"31941",-22.7328094600234,"NRI_P041",100
"31942",1038.78873053996,"NRI_P041",25
"31943",-1067.06831946003,"NRI_P041",50
"31944",10494.25994054,"NRI_P041",100
"31945",212.821130539989,"NRI_P041",25
"31946",-3042.20381946,"NRI_P041",50
"31947",-503.064379460004,"NRI_P041",100
"31948",152.990350539971,"NRI_P041",25
"31949",1289.97284053999,"NRI_P041",50
"31950",2963.07942053996,"NRI_P041",100
"31951",1116.60724053998,"NRI_P041",25
"31952",-4086.56107946002,"NRI_P041",50
"31953",22579.40931054,"NRI_P041",100
"31954",129.324820539972,"NRI_P041",25
"31955",-297.175859460025,"NRI_P041",50
"31956",-812.541659460054,"NRI_P041",100
"31957",847.903550539981,"NRI_P041",25
"31958",14369.37152054,"NRI_P041",50
"31959",15537.63297054,"NRI_P041",100
"31960",-591.075249460002,"NRI_P041",25
"31961",701.489970539988,"NRI_P041",50
"31962",10632.92942054,"NRI_P041",100
"31963",2996.44454053999,"NRI_P041",25
"31964",20454.23489054,"NRI_P041",50
"31965",-2299.58296946005,"NRI_P041",100
"31966",-3271.30475946004,"NRI_P041",25
"31967",-2307.85123946005,"NRI_P041",50
"31968",4536.61802053999,"NRI_P041",100
"31969",-369.86735946004,"NRI_P041",25
"31970",828.390150539984,"NRI_P041",50
"31971",43695.52072054,"NRI_P041",100
"31972",72.0335205399897,"NRI_P041",25
"31973",-2207.40505946003,"NRI_P041",50
"31974",750.539430539997,"NRI_P041",100
"31975",127.872720539977,"NRI_P041",25
"31976",5931.14561054,"NRI_P041",50
"31977",52209.3743505399,"NRI_P041",100
"31978",561.686140539998,"NRI_P041",25
"31979",-3498.73764946003,"NRI_P041",50
"31980",-1491.05097946001,"NRI_P041",100
"31981",-325.920779460052,"NRI_P041",25
"31982",-2099.32148946001,"NRI_P041",50
"31983",6527.25970053999,"NRI_P041",100
"31984",507.459920539986,"NRI_P041",25
"31985",14950.96541054,"NRI_P041",50
"31986",15821.66125054,"NRI_P041",100
"31987",-330.08756946004,"NRI_P041",25
"31988",21331.02421054,"NRI_P041",50
"31989",12303.32847054,"NRI_P041",100
"31990",98.4407005399698,"NRI_P041",25
"31991",-2413.26083946001,"NRI_P041",50
"31992",16490.47691054,"NRI_P041",100
"31993",-995.539359460003,"NRI_P041",25
"31994",-173.508359460044,"NRI_P041",50
"31995",37568.33655054,"NRI_P041",100
"31996",1082.79702053999,"NRI_P041",25
"31997",5493.24672053999,"NRI_P041",50
"31998",7379.51270053996,"NRI_P041",100
"31999",-3556.36213946005,"NRI_P041",25
"32000",1110.99675053998,"NRI_P041",50
"32001",-1165.59843946004,"NRI_P041",100
"32002",792.559530539962,"NRI_P041",25
"32003",-1664.41966946004,"NRI_P041",50
"32004",6519.27432053996,"NRI_P041",100
"32005",-2956.75738946005,"NRI_P041",25
"32006",27892.08411054,"NRI_P041",50
"32007",11846.78457054,"NRI_P041",100
"32008",-690.26255946001,"NRI_P041",25
"32009",6818.07423053996,"NRI_P041",50
"32010",9785.63262053998,"NRI_P041",100
"32011",1115.14714053995,"NRI_P041",25
"32012",10060.93364054,"NRI_P041",50
"32013",1787.27922053996,"NRI_P041",100
"32014",505.623130539956,"NRI_P041",25
"32015",138.875730539963,"NRI_P041",50
"32016",3791.54602054,"NRI_P041",100
"32017",796.632210539945,"NRI_P041",25
"32018",8525.90541054,"NRI_P041",50
"32019",5123.94439053995,"NRI_P041",100
"32020",1645.84564053995,"NRI_P041",25
"32021",3112.03934053995,"NRI_P041",50
"32022",1693.41393053997,"NRI_P041",100
"32023",-2212.62246946001,"NRI_P041",25
"32024",4595.27175053995,"NRI_P041",50
"32025",4321.33917053998,"NRI_P041",100
"32026",-3409.59005946002,"NRI_P041",25
"32027",1567.11374053999,"NRI_P041",50
"32028",-3221.74988946004,"NRI_P041",100
"32029",512.998220540001,"NRI_P041",25
"32030",805.296930539946,"NRI_P041",50
"32031",18181.15565054,"NRI_P041",100
"32032",-3117.73955946002,"NRI_P041",25
"32033",1680.50415053999,"NRI_P041",50
"32034",54041.20582054,"NRI_P041",100
"32035",-171.57968946005,"NRI_P041",25
"32036",6791.10305053997,"NRI_P041",50
"32037",6332.32397053996,"NRI_P041",100
"32038",4513.10355053999,"NRI_P041",25
"32039",4529.64567053999,"NRI_P041",50
"32040",154.618880539958,"NRI_P041",100
"32041",-29.7751494600088,"NRI_P041",25
"32042",86.4836505400017,"NRI_P041",50
"32043",10025.96862054,"NRI_P041",100
"32044",-78.9437694600201,"NRI_P041",25
"32045",4528.81924053997,"NRI_P041",50
"32046",256.095730539993,"NRI_P041",100
"32047",-163.642139460018,"NRI_P041",25
"32048",4610.47873053997,"NRI_P041",50
"32049",4413.44169054,"NRI_P041",100
"32050",165.624110539968,"NRI_P041",25
"32051",5628.26985053997,"NRI_P041",50
"32052",27613.27949054,"NRI_P041",100
"32053",4462.84554054,"NRI_P041",25
"32054",-393.064579460013,"NRI_P041",50
"32055",7628.26163053996,"NRI_P041",100
"32056",885.02114053996,"NRI_P041",25
"32057",1291.89113054,"NRI_P041",50
"32058",24054.92182054,"NRI_P041",100
"32059",-75.4795094600413,"NRI_P041",25
"32060",5551.16384053999,"NRI_P041",50
"32061",2787.51902054,"NRI_P041",100
"32062",1062.58644053998,"NRI_P041",25
"32063",-683.182779460039,"NRI_P041",50
"32064",9272.06499053998,"NRI_P041",100
"32065",-526.524759460008,"NRI_P041",25
"32066",4211.17192053999,"NRI_P041",50
"32067",1323.41826054,"NRI_P041",100
"32068",-2858.38674946001,"NRI_P041",25
"32069",3803.02492053999,"NRI_P041",50
"32070",-2394.32819946005,"NRI_P041",100
"32071",729.247890539991,"NRI_P041",25
"32072",80.1401205399889,"NRI_P041",50
"32073",7228.45496054,"NRI_P041",100
"32074",1318.09020053997,"NRI_P041",25
"32075",-143.639949460048,"NRI_P041",50
"32076",11276.61323054,"NRI_P041",100
"32077",7911.66574053996,"NRI_P041",25
"32078",1767.01042054,"NRI_P041",50
"32079",2684.07247053995,"NRI_P041",100
"32080",-997.454459460045,"NRI_P041",25
"32081",2867.80683053995,"NRI_P041",50
"32082",856.111190539959,"NRI_P041",100
"32083",670.497740539955,"NRI_P041",25
"32084",-295.91602946003,"NRI_P041",50
"32085",252.943160539959,"NRI_P041",100
"32086",621.633240539988,"NRI_P041",25
"32087",1080.13037053996,"NRI_P041",50
"32088",8618.97874053998,"NRI_P041",100
"32089",-3789.48883946001,"NRI_P041",25
"32090",-172.808579460019,"NRI_P041",50
"32091",3132.17649053998,"NRI_P041",100
"32092",461.27922053996,"NRI_P041",25
"32093",-2604.73948946001,"NRI_P041",50
"32094",3011.45878053998,"NRI_P041",100
"32095",214.405840539956,"NRI_P041",25
"32096",-317.631199460011,"NRI_P041",50
"32097",-2130.12314946001,"NRI_P041",100
"32098",2291.26202053996,"NRI_P041",25
"32099",1273.78883053997,"NRI_P041",50
"32100",9423.48258053995,"NRI_P041",100
"32101",-4.32027662097244,"NRI_P042",25
"32102",-3539.194416621,"NRI_P042",50
"32103",-48.996446620964,"NRI_P042",100
"32104",394.600483379036,"NRI_P042",25
"32105",-3883.90596662095,"NRI_P042",50
"32106",-4880.14021662099,"NRI_P042",100
"32107",-1489.944416621,"NRI_P042",25
"32108",-5089.78006662097,"NRI_P042",50
"32109",-4833.98741662095,"NRI_P042",100
"32110",-1522.01518662099,"NRI_P042",25
"32111",-3298.25379662099,"NRI_P042",50
"32112",-4565.24871662096,"NRI_P042",100
"32113",-1332.64761662099,"NRI_P042",25
"32114",-2338.665016621,"NRI_P042",50
"32115",-5166.65835662099,"NRI_P042",100
"32116",-1515.923776621,"NRI_P042",25
"32117",-585.517616620986,"NRI_P042",50
"32118",-5120.80621662096,"NRI_P042",100
"32119",-3588.18981662096,"NRI_P042",25
"32120",-3800.299296621,"NRI_P042",50
"32121",-4212.77451662096,"NRI_P042",100
"32122",-1516.19489662099,"NRI_P042",25
"32123",781.83708337904,"NRI_P042",50
"32124",-5170.381526621,"NRI_P042",100
"32125",-3919.765156621,"NRI_P042",25
"32126",-5166.43841662095,"NRI_P042",50
"32127",-4611.69031662098,"NRI_P042",100
"32128",-653.866116620949,"NRI_P042",25
"32129",-1315.49391662097,"NRI_P042",50
"32130",-4968.90934662096,"NRI_P042",100
"32131",414.530983379052,"NRI_P042",25
"32132",-5211.38291662099,"NRI_P042",50
"32133",-4282.24022662098,"NRI_P042",100
"32134",172.901783379028,"NRI_P042",25
"32135",-848.55751662096,"NRI_P042",50
"32136",-4291.14571662096,"NRI_P042",100
"32137",-1347.390416621,"NRI_P042",25
"32138",-5155.34152662096,"NRI_P042",50
"32139",319.552023379016,"NRI_P042",100
"32140",-1513.96390662098,"NRI_P042",25
"32141",-4585.02851662098,"NRI_P042",50
"32142",-4428.185396621,"NRI_P042",100
"32143",1256.51908337901,"NRI_P042",25
"32144",-798.045616620977,"NRI_P042",50
"32145",2711.03768337902,"NRI_P042",100
"32146",369.667483379017,"NRI_P042",25
"32147",-5407.59347662097,"NRI_P042",50
"32148",-1181.66411662096,"NRI_P042",100
"32149",-1524.58446662099,"NRI_P042",25
"32150",-3060.70891662099,"NRI_P042",50
"32151",1263.689183379,"NRI_P042",100
"32152",5.90748337900732,"NRI_P042",25
"32153",-3703.579246621,"NRI_P042",50
"32154",-4308.28411662095,"NRI_P042",100
"32155",41.4501833789982,"NRI_P042",25
"32156",-1051.31901662098,"NRI_P042",50
"32157",3027.44028337905,"NRI_P042",100
"32158",-1417.78981662099,"NRI_P042",25
"32159",-4783.78930662095,"NRI_P042",50
"32160",5487.14188337902,"NRI_P042",100
"32161",-30.7803266209667,"NRI_P042",25
"32162",106.873483379022,"NRI_P042",50
"32163",-4901.85101662099,"NRI_P042",100
"32164",-3862.713916621,"NRI_P042",25
"32165",-5076.72821662098,"NRI_P042",50
"32166",-4535.19011662097,"NRI_P042",100
"32167",286.93818337901,"NRI_P042",25
"32168",-5270.95321662095,"NRI_P042",50
"32169",-4240.764316621,"NRI_P042",100
"32170",-1484.09791662096,"NRI_P042",25
"32171",509.884113378997,"NRI_P042",50
"32172",-5369.62657662097,"NRI_P042",100
"32173",-3773.58231662097,"NRI_P042",25
"32174",-1213.53411662095,"NRI_P042",50
"32175",-2461.68820662098,"NRI_P042",100
"32176",-1526.19497662096,"NRI_P042",25
"32177",-3418.372116621,"NRI_P042",50
"32178",-4447.80491662095,"NRI_P042",100
"32179",-644.518016621005,"NRI_P042",25
"32180",-1531.23902662098,"NRI_P042",50
"32181",-2270.90681662096,"NRI_P042",100
"32182",1429.80908337905,"NRI_P042",25
"32183",-5468.21101662097,"NRI_P042",50
"32184",-1021.59042662097,"NRI_P042",100
"32185",-1385.45431662095,"NRI_P042",25
"32186",-3534.49743662099,"NRI_P042",50
"32187",-5511.92385662097,"NRI_P042",100
"32188",-1432.15911662095,"NRI_P042",25
"32189",-1922.95021662099,"NRI_P042",50
"32190",-1919.38241662097,"NRI_P042",100
"32191",135.135283379001,"NRI_P042",25
"32192",-5376.80903662095,"NRI_P042",50
"32193",-5072.202076621,"NRI_P042",100
"32194",91.4972833790234,"NRI_P042",25
"32195",-2742.036316621,"NRI_P042",50
"32196",-4402.24116662098,"NRI_P042",100
"32197",-3646.97911662096,"NRI_P042",25
"32198",-4860.76614662097,"NRI_P042",50
"32199",-733.868616620952,"NRI_P042",100
"32200",-5.15176662098384,"NRI_P042",25
"32201",-3109.76651662099,"NRI_P042",50
"32202",-5426.37086662097,"NRI_P042",100
"32203",-3913.80556662095,"NRI_P042",25
"32204",126.389683379035,"NRI_P042",50
"32205",-5008.272916621,"NRI_P042",100
"32206",-299.837516620988,"NRI_P042",25
"32207",-1371.54181662097,"NRI_P042",50
"32208",-5383.28528662096,"NRI_P042",100
"32209",-3736.06151662098,"NRI_P042",25
"32210",1230.94148337905,"NRI_P042",50
"32211",1162.37078337901,"NRI_P042",100
"32212",-3957.24033662095,"NRI_P042",25
"32213",-799.15741662099,"NRI_P042",50
"32214",-5412.28890662099,"NRI_P042",100
"32215",-1319.282716621,"NRI_P042",25
"32216",-905.369716621004,"NRI_P042",50
"32217",-4010.475696621,"NRI_P042",100
"32218",-1143.10511662095,"NRI_P042",25
"32219",-1223.52861662098,"NRI_P042",50
"32220",-4666.61837662099,"NRI_P042",100
"32221",929.739083379041,"NRI_P042",25
"32222",-3968.93170662096,"NRI_P042",50
"32223",-3981.32831662096,"NRI_P042",100
"32224",-1474.36861662095,"NRI_P042",25
"32225",-1182.672316621,"NRI_P042",50
"32226",-4969.36089662096,"NRI_P042",100
"32227",-1525.57451662095,"NRI_P042",25
"32228",-4897.587816621,"NRI_P042",50
"32229",-4536.10641662095,"NRI_P042",100
"32230",-1662.276516621,"NRI_P042",25
"32231",-5203.890386621,"NRI_P042",50
"32232",-550.090216621,"NRI_P042",100
"32233",-3827.86901662097,"NRI_P042",25
"32234",-5188.75111662096,"NRI_P042",50
"32235",-4942.50752662099,"NRI_P042",100
"32236",-3947.50904662098,"NRI_P042",25
"32237",-3543.417416621,"NRI_P042",50
"32238",-5184.35951662099,"NRI_P042",100
"32239",398.180483379052,"NRI_P042",25
"32240",1885.49128337903,"NRI_P042",50
"32241",-3876.38691662095,"NRI_P042",100
"32242",-1219.740916621,"NRI_P042",25
"32243",-3708.423386621,"NRI_P042",50
"32244",-5023.820616621,"NRI_P042",100
"32245",-1344.15561662096,"NRI_P042",25
"32246",-5064.84551662096,"NRI_P042",50
"32247",-4640.98311662098,"NRI_P042",100
"32248",1306.18008337903,"NRI_P042",25
"32249",-1149.679616621,"NRI_P042",50
"32250",-3866.26990662096,"NRI_P042",100
"32251",-2767.49851662095,"NRI_P042",25
"32252",-1496.91191662097,"NRI_P042",50
"32253",-3610.84253662097,"NRI_P042",100
"32254",-1090.94531662099,"NRI_P042",25
"32255",-527.408616620989,"NRI_P042",50
"32256",-4655.582816621,"NRI_P042",100
"32257",-1494.47666662099,"NRI_P042",25
"32258",-3300.46091662097,"NRI_P042",50
"32259",-5323.07981662097,"NRI_P042",100
"32260",-695.578216620954,"NRI_P042",25
"32261",-3075.89021662099,"NRI_P042",50
"32262",696.039463379013,"NRI_P042",100
"32263",-1313.598716621,"NRI_P042",25
"32264",-5331.05551662098,"NRI_P042",50
"32265",-4248.25021662097,"NRI_P042",100
"32266",-809.794916621002,"NRI_P042",25
"32267",-1539.46309662098,"NRI_P042",50
"32268",-4874.405216621,"NRI_P042",100
"32269",2.52568337903358,"NRI_P042",25
"32270",-239.831416620989,"NRI_P042",50
"32271",-4987.75951662095,"NRI_P042",100
"32272",-1393.22321662097,"NRI_P042",25
"32273",-4787.143176621,"NRI_P042",50
"32274",-4458.00527662097,"NRI_P042",100
"32275",-629.940516620991,"NRI_P042",25
"32276",-4362.445586621,"NRI_P042",50
"32277",-2576.49491662096,"NRI_P042",100
"32278",-3876.405216621,"NRI_P042",25
"32279",-3941.03941662097,"NRI_P042",50
"32280",-2855.37641662097,"NRI_P042",100
"32281",-1520.49858662096,"NRI_P042",25
"32282",-468.752416620962,"NRI_P042",50
"32283",-5454.65155662096,"NRI_P042",100
"32284",-3115.05441662099,"NRI_P042",25
"32285",-1151.44942662097,"NRI_P042",50
"32286",-3364.67132662097,"NRI_P042",100
"32287",-3341.47481662099,"NRI_P042",25
"32288",-5175.73079662095,"NRI_P042",50
"32289",-3514.91841662099,"NRI_P042",100
"32290",656.209483379032,"NRI_P042",25
"32291",-1265.758216621,"NRI_P042",50
"32292",-5190.488386621,"NRI_P042",100
"32293",-3008.92251662095,"NRI_P042",25
"32294",-3529.56361662096,"NRI_P042",50
"32295",-4933.44738662097,"NRI_P042",100
"32296",-3374.13051662099,"NRI_P042",25
"32297",-1481.29939662101,"NRI_P042",50
"32298",-5418.78852662095,"NRI_P042",100
"32299",-3944.10918662098,"NRI_P042",25
"32300",-675.549116620969,"NRI_P042",50
"32301",1237.51739337901,"NRI_P042",100
"32302",-547.630516620993,"NRI_P042",25
"32303",-1126.305816621,"NRI_P042",50
"32304",-4729.87122662098,"NRI_P042",100
"32305",-2.04651662096148,"NRI_P042",25
"32306",-3891.62527662097,"NRI_P042",50
"32307",-2755.03691662097,"NRI_P042",100
"32308",368.678183379001,"NRI_P042",25
"32309",-5466.42062662099,"NRI_P042",50
"32310",-4973.71330662095,"NRI_P042",100
"32311",-3544.733516621,"NRI_P042",25
"32312",-5169.20371662098,"NRI_P042",50
"32313",-3585.33471662097,"NRI_P042",100
"32314",167.340883379045,"NRI_P042",25
"32315",-3543.70761662099,"NRI_P042",50
"32316",-3672.13361662097,"NRI_P042",100
"32317",-3665.17891662096,"NRI_P042",25
"32318",-3405.05561662099,"NRI_P042",50
"32319",2442.66730337904,"NRI_P042",100
"32320",-1088.47191662097,"NRI_P042",25
"32321",-4911.93151662097,"NRI_P042",50
"32322",-4311.961516621,"NRI_P042",100
"32323",-1497.67115662096,"NRI_P042",25
"32324",-5430.61103662098,"NRI_P042",50
"32325",-5434.58697662095,"NRI_P042",100
"32326",-1489.945716621,"NRI_P042",25
"32327",113.417483379017,"NRI_P042",50
"32328",-1940.977516621,"NRI_P042",100
"32329",-3878.903916621,"NRI_P042",25
"32330",-4972.53111662099,"NRI_P042",50
"32331",-4935.43016662099,"NRI_P042",100
"32332",-1484.09791662096,"NRI_P042",25
"32333",-3259.28861662099,"NRI_P042",50
"32334",-4825.55731662095,"NRI_P042",100
"32335",994.696083379036,"NRI_P042",25
"32336",-4015.359816621,"NRI_P042",50
"32337",-2490.82711662096,"NRI_P042",100
"32338",-841.507316620962,"NRI_P042",25
"32339",-5105.29541662097,"NRI_P042",50
"32340",5310.03078337904,"NRI_P042",100
"32341",749.287883379031,"NRI_P042",25
"32342",-3573.15371662099,"NRI_P042",50
"32343",-4974.09241662099,"NRI_P042",100
"32344",539.577483379049,"NRI_P042",25
"32345",-2894.81371662096,"NRI_P042",50
"32346",-3726.87561662099,"NRI_P042",100
"32347",-5.15176662098384,"NRI_P042",25
"32348",6668.19018337905,"NRI_P042",50
"32349",-4333.97231662099,"NRI_P042",100
"32350",-3636.50431662099,"NRI_P042",25
"32351",-4227.12111662095,"NRI_P042",50
"32352",-5007.51487662096,"NRI_P042",100
"32353",-1507.90137662098,"NRI_P042",25
"32354",2777.53208337905,"NRI_P042",50
"32355",-4623.75291662099,"NRI_P042",100
"32356",27.3155833790079,"NRI_P042",25
"32357",-1297.241016621,"NRI_P042",50
"32358",-5299.23641662096,"NRI_P042",100
"32359",656.209483379032,"NRI_P042",25
"32360",-921.052916620974,"NRI_P042",50
"32361",-4573.53091662098,"NRI_P042",100
"32362",-3957.66962662095,"NRI_P042",25
"32363",-3234.70091662096,"NRI_P042",50
"32364",-730.200616621005,"NRI_P042",100
"32365",-3752.20461662096,"NRI_P042",25
"32366",-3262.060816621,"NRI_P042",50
"32367",-5246.45865662099,"NRI_P042",100
"32368",-1516.19929662097,"NRI_P042",25
"32369",-4721.84731662099,"NRI_P042",50
"32370",-3714.510876621,"NRI_P042",100
"32371",-1410.09771662095,"NRI_P042",25
"32372",-4863.44531662099,"NRI_P042",50
"32373",-3212.73913662095,"NRI_P042",100
"32374",225.166483379027,"NRI_P042",25
"32375",1937.38478337904,"NRI_P042",50
"32376",-5258.69200662099,"NRI_P042",100
"32377",-3947.00843662099,"NRI_P042",25
"32378",-1666.00151662098,"NRI_P042",50
"32379",-4973.36902662099,"NRI_P042",100
"32380",933.695483379008,"NRI_P042",25
"32381",-4871.26682662097,"NRI_P042",50
"32382",-4783.89443662099,"NRI_P042",100
"32383",100.232583379024,"NRI_P042",25
"32384",-4881.48092662095,"NRI_P042",50
"32385",-4568.735106621,"NRI_P042",100
"32386",-33.8749866209691,"NRI_P042",25
"32387",-1044.570716621,"NRI_P042",50
"32388",-4182.66503662098,"NRI_P042",100
"32389",-1434.289916621,"NRI_P042",25
"32390",-3897.63358662097,"NRI_P042",50
"32391",-4138.17252662097,"NRI_P042",100
"32392",-1311.08271662099,"NRI_P042",25
"32393",-4974.62121662096,"NRI_P042",50
"32394",-4722.58761662099,"NRI_P042",100
"32395",-809.794916621002,"NRI_P042",25
"32396",-1272.994716621,"NRI_P042",50
"32397",-4507.92251662095,"NRI_P042",100
"32398",-2597.59851662099,"NRI_P042",25
"32399",-5408.88860662095,"NRI_P042",50
"32400",-4639.54393662099,"NRI_P042",100
"32401",-0.000683388992911205,"NRI_P046",25
"32402",-253.604623388994,"NRI_P046",50
"32403",-468.698893388995,"NRI_P046",100
"32404",-0.000683388992911205,"NRI_P046",25
"32405",-116.425883389005,"NRI_P046",50
"32406",29.6537166110065,"NRI_P046",100
"32407",-0.000683388992911205,"NRI_P046",25
"32408",1500.24721661099,"NRI_P046",50
"32409",-325.099283389005,"NRI_P046",100
"32410",-0.000683388992911205,"NRI_P046",25
"32411",-280.834453389005,"NRI_P046",50
"32412",94.9334166110057,"NRI_P046",100
"32413",-0.000683388992911205,"NRI_P046",25
"32414",740.037216611003,"NRI_P046",50
"32415",-94.9025833890046,"NRI_P046",100
"32416",-0.000683388992911205,"NRI_P046",25
"32417",-246.927743388995,"NRI_P046",50
"32418",-297.448353389002,"NRI_P046",100
"32419",-0.000683388992911205,"NRI_P046",25
"32420",103.411916611003,"NRI_P046",50
"32421",-456.999573388995,"NRI_P046",100
"32422",-0.000683388992911205,"NRI_P046",25
"32423",-15.5921833890025,"NRI_P046",50
"32424",-387.561153389004,"NRI_P046",100
"32425",-0.000683388992911205,"NRI_P046",25
"32426",-265.609153388999,"NRI_P046",50
"32427",-248.005143389004,"NRI_P046",100
"32428",-0.000683388992911205,"NRI_P046",25
"32429",-227.827483389003,"NRI_P046",50
"32430",931.246436611007,"NRI_P046",100
"32431",-0.000683388992911205,"NRI_P046",25
"32432",-249.642413388996,"NRI_P046",50
"32433",-456.026773389007,"NRI_P046",100
"32434",-0.000683388992911205,"NRI_P046",25
"32435",-112.894683388993,"NRI_P046",50
"32436",24.9001166109956,"NRI_P046",100
"32437",-0.000683388992911205,"NRI_P046",25
"32438",-102.938483389007,"NRI_P046",50
"32439",-445.417953388998,"NRI_P046",100
"32440",-0.000683388992911205,"NRI_P046",25
"32441",1080.02721661099,"NRI_P046",50
"32442",-238.179783389001,"NRI_P046",100
"32443",-0.000683388992911205,"NRI_P046",25
"32444",-149.495123389002,"NRI_P046",50
"32445",-95.3672833890014,"NRI_P046",100
"32446",-0.000683388992911205,"NRI_P046",25
"32447",-221.433183389003,"NRI_P046",50
"32448",-420.279023388997,"NRI_P046",100
"32449",-0.000683388992911205,"NRI_P046",25
"32450",-41.5943833890051,"NRI_P046",50
"32451",-117.771183389006,"NRI_P046",100
"32452",-0.000683388992911205,"NRI_P046",25
"32453",-188.855753388998,"NRI_P046",50
"32454",786.862716610995,"NRI_P046",100
"32455",-0.000683388992911205,"NRI_P046",25
"32456",-61.9390833890066,"NRI_P046",50
"32457",-197.345483388999,"NRI_P046",100
"32458",-0.000683388992911205,"NRI_P046",25
"32459",-102.938483389007,"NRI_P046",50
"32460",2167.035616611,"NRI_P046",100
"32461",-0.000683388992911205,"NRI_P046",25
"32462",-167.545223388996,"NRI_P046",50
"32463",-387.170533388999,"NRI_P046",100
"32464",-0.000683388992911205,"NRI_P046",25
"32465",-233.291743388996,"NRI_P046",50
"32466",-406.139883388998,"NRI_P046",100
"32467",-0.000683388992911205,"NRI_P046",25
"32468",-232.618363389003,"NRI_P046",50
"32469",441.009856610995,"NRI_P046",100
"32470",-0.000683388992911205,"NRI_P046",25
"32471",-84.7841833889979,"NRI_P046",50
"32472",2193.539316611,"NRI_P046",100
"32473",-0.000683388992911205,"NRI_P046",25
"32474",932.733716610994,"NRI_P046",50
"32475",-334.343183389006,"NRI_P046",100
"32476",-0.000683388992911205,"NRI_P046",25
"32477",-265.609153388999,"NRI_P046",50
"32478",-357.504593389007,"NRI_P046",100
"32479",-0.000683388992911205,"NRI_P046",25
"32480",-125.066553388999,"NRI_P046",50
"32481",-146.944983388996,"NRI_P046",100
"32482",-0.000683388992911205,"NRI_P046",25
"32483",-289.454303388993,"NRI_P046",50
"32484",-456.127453388995,"NRI_P046",100
"32485",-0.000683388992911205,"NRI_P046",25
"32486",-106.652483389,"NRI_P046",50
"32487",1292.56129661101,"NRI_P046",100
"32488",-0.000683388992911205,"NRI_P046",25
"32489",-187.744383388999,"NRI_P046",50
"32490",-236.750293389006,"NRI_P046",100
"32491",-0.000683388992911205,"NRI_P046",25
"32492",3010.079716611,"NRI_P046",50
"32493",980.647816611003,"NRI_P046",100
"32494",-0.000683388992911205,"NRI_P046",25
"32495",-128.180933388998,"NRI_P046",50
"32496",-380.426793388993,"NRI_P046",100
"32497",-0.000683388992911205,"NRI_P046",25
"32498",-233.976163389001,"NRI_P046",50
"32499",-412.595963389002,"NRI_P046",100
"32500",-0.000683388992911205,"NRI_P046",25
"32501",-246.782173389001,"NRI_P046",50
"32502",552.691016611003,"NRI_P046",100
"32503",-0.000683388992911205,"NRI_P046",25
"32504",93.7871166109981,"NRI_P046",50
"32505",-288.018143388996,"NRI_P046",100
"32506",-0.000683388992911205,"NRI_P046",25
"32507",-182.193343388994,"NRI_P046",50
"32508",-306.664063389006,"NRI_P046",100
"32509",-0.000683388992911205,"NRI_P046",25
"32510",-271.686263388998,"NRI_P046",50
"32511",83.3389166109991,"NRI_P046",100
"32512",-0.000683388992911205,"NRI_P046",25
"32513",-98.6782833890029,"NRI_P046",50
"32514",-435.819303388998,"NRI_P046",100
"32515",-0.000683388992911205,"NRI_P046",25
"32516",-3.22468338899489,"NRI_P046",50
"32517",-321.271223389005,"NRI_P046",100
"32518",-0.000683388992911205,"NRI_P046",25
"32519",-118.281183389001,"NRI_P046",50
"32520",-345.957033389001,"NRI_P046",100
"32521",-0.000683388992911205,"NRI_P046",25
"32522",-242.744993389002,"NRI_P046",50
"32523",44.7867866110028,"NRI_P046",100
"32524",-0.000683388992911205,"NRI_P046",25
"32525",1142.22971661099,"NRI_P046",50
"32526",-424.423993389006,"NRI_P046",100
"32527",-0.000683388992911205,"NRI_P046",25
"32528",-281.673843388999,"NRI_P046",50
"32529",690.748186611003,"NRI_P046",100
"32530",-0.000683388992911205,"NRI_P046",25
"32531",-33.3128833889932,"NRI_P046",50
"32532",-235.021733389003,"NRI_P046",100
"32533",-0.000683388992911205,"NRI_P046",25
"32534",66.9026166109979,"NRI_P046",50
"32535",71.4484166110051,"NRI_P046",100
"32536",-0.000683388992911205,"NRI_P046",25
"32537",59.9568166109966,"NRI_P046",50
"32538",11187.706616611,"NRI_P046",100
"32539",-0.000683388992911205,"NRI_P046",25
"32540",-167.545223388996,"NRI_P046",50
"32541",-337.793993389001,"NRI_P046",100
"32542",-0.000683388992911205,"NRI_P046",25
"32543",481.635816611,"NRI_P046",50
"32544",-159.710033388998,"NRI_P046",100
"32545",-0.000683388992911205,"NRI_P046",25
"32546",-79.0738833890064,"NRI_P046",50
"32547",-263.391523389,"NRI_P046",100
"32548",-0.000683388992911205,"NRI_P046",25
"32549",-84.7841833889979,"NRI_P046",50
"32550",-127.398183388999,"NRI_P046",100
"32551",-0.000683388992911205,"NRI_P046",25
"32552",20.4066166109988,"NRI_P046",50
"32553",-275.281253388996,"NRI_P046",100
"32554",-0.000683388992911205,"NRI_P046",25
"32555",56.3536166109989,"NRI_P046",50
"32556",2616.10991661101,"NRI_P046",100
"32557",-0.000683388992911205,"NRI_P046",25
"32558",-204.069883389006,"NRI_P046",50
"32559",-119.709883389005,"NRI_P046",100
"32560",-0.000683388992911205,"NRI_P046",25
"32561",-64.6157833890029,"NRI_P046",50
"32562",-296.631983389001,"NRI_P046",100
"32563",-0.000683388992911205,"NRI_P046",25
"32564",-248.101783389007,"NRI_P046",50
"32565",1287.43251661101,"NRI_P046",100
"32566",-0.000683388992911205,"NRI_P046",25
"32567",-235.352673389003,"NRI_P046",50
"32568",-428.325773389006,"NRI_P046",100
"32569",-0.000683388992911205,"NRI_P046",25
"32570",-160.861073388995,"NRI_P046",50
"32571",-327.786383389001,"NRI_P046",100
"32572",-0.000683388992911205,"NRI_P046",25
"32573",-231.368383388995,"NRI_P046",50
"32574",2137.926316611,"NRI_P046",100
"32575",-0.000683388992911205,"NRI_P046",25
"32576",-267.025723389001,"NRI_P046",50
"32577",1576.600216611,"NRI_P046",100
"32578",-0.000683388992911205,"NRI_P046",25
"32579",-163.936713389005,"NRI_P046",50
"32580",-261.791283389,"NRI_P046",100
"32581",-0.000683388992911205,"NRI_P046",25
"32582",481.635816611,"NRI_P046",50
"32583",-381.607493389005,"NRI_P046",100
"32584",-0.000683388992911205,"NRI_P046",25
"32585",214.878416610998,"NRI_P046",50
"32586",2035.658986611,"NRI_P046",100
"32587",-0.000683388992911205,"NRI_P046",25
"32588",-162.863793388999,"NRI_P046",50
"32589",-1.03928338900732,"NRI_P046",100
"32590",-0.000683388992911205,"NRI_P046",25
"32591",-192.785383388997,"NRI_P046",50
"32592",855.551316611003,"NRI_P046",100
"32593",-0.000683388992911205,"NRI_P046",25
"32594",-293.264433389006,"NRI_P046",50
"32595",3689.48835661099,"NRI_P046",100
"32596",-0.000683388992911205,"NRI_P046",25
"32597",2910.59921661099,"NRI_P046",50
"32598",-205.483883388995,"NRI_P046",100
"32599",-0.000683388992911205,"NRI_P046",25
"32600",226.849016610999,"NRI_P046",50
"32601",8.74611661100062,"NRI_P046",100
"32602",-0.000683388992911205,"NRI_P046",25
"32603",299.091216611007,"NRI_P046",50
"32604",-165.557103389001,"NRI_P046",100
"32605",-0.000683388992911205,"NRI_P046",25
"32606",108.874316611007,"NRI_P046",50
"32607",-193.410303388999,"NRI_P046",100
"32608",-0.000683388992911205,"NRI_P046",25
"32609",-284.470683388994,"NRI_P046",50
"32610",1201.344966611,"NRI_P046",100
"32611",-0.000683388992911205,"NRI_P046",25
"32612",-206.870583388998,"NRI_P046",50
"32613",-388.593713388997,"NRI_P046",100
"32614",-0.000683388992911205,"NRI_P046",25
"32615",-273.725503388996,"NRI_P046",50
"32616",-257.232673388993,"NRI_P046",100
"32617",-0.000683388992911205,"NRI_P046",25
"32618",-88.1380833889998,"NRI_P046",50
"32619",-138.965783388994,"NRI_P046",100
"32620",-0.000683388992911205,"NRI_P046",25
"32621",-149.639983389003,"NRI_P046",50
"32622",2479.912216611,"NRI_P046",100
"32623",-0.000683388992911205,"NRI_P046",25
"32624",-267.025723389001,"NRI_P046",50
"32625",719.965616611007,"NRI_P046",100
"32626",-0.000683388992911205,"NRI_P046",25
"32627",1198.768716611,"NRI_P046",50
"32628",178.704676611,"NRI_P046",100
"32629",-0.000683388992911205,"NRI_P046",25
"32630",-96.8102833890007,"NRI_P046",50
"32631",-431.854383389,"NRI_P046",100
"32632",-0.000683388992911205,"NRI_P046",25
"32633",691.592016611001,"NRI_P046",50
"32634",136.191216610998,"NRI_P046",100
"32635",-0.000683388992911205,"NRI_P046",25
"32636",1563.15371661101,"NRI_P046",50
"32637",-201.735283389004,"NRI_P046",100
"32638",-0.000683388992911205,"NRI_P046",25
"32639",-179.795983389005,"NRI_P046",50
"32640",-465.433853388997,"NRI_P046",100
"32641",-0.000683388992911205,"NRI_P046",25
"32642",-249.642413388996,"NRI_P046",50
"32643",-387.776803389002,"NRI_P046",100
"32644",-0.000683388992911205,"NRI_P046",25
"32645",-142.505713388993,"NRI_P046",50
"32646",-116.089383389,"NRI_P046",100
"32647",-0.000683388992911205,"NRI_P046",25
"32648",6313.44221661099,"NRI_P046",50
"32649",-368.292423388993,"NRI_P046",100
"32650",-0.000683388992911205,"NRI_P046",25
"32651",-84.7841833889979,"NRI_P046",50
"32652",-341.825483388995,"NRI_P046",100
"32653",-0.000683388992911205,"NRI_P046",25
"32654",-266.831023388993,"NRI_P046",50
"32655",-349.097223389006,"NRI_P046",100
"32656",-0.000683388992911205,"NRI_P046",25
"32657",-204.705183389,"NRI_P046",50
"32658",-423.214223389004,"NRI_P046",100
"32659",-0.000683388992911205,"NRI_P046",25
"32660",-155.415783389006,"NRI_P046",50
"32661",-220.034003388995,"NRI_P046",100
"32662",-0.000683388992911205,"NRI_P046",25
"32663",-41.4633833889966,"NRI_P046",50
"32664",-222.036503388998,"NRI_P046",100
"32665",-0.000683388992911205,"NRI_P046",25
"32666",3010.079716611,"NRI_P046",50
"32667",-166.110453389003,"NRI_P046",100
"32668",-0.000683388992911205,"NRI_P046",25
"32669",674.300916610999,"NRI_P046",50
"32670",38.5266166109941,"NRI_P046",100
"32671",-0.000683388992911205,"NRI_P046",25
"32672",-155.415783389006,"NRI_P046",50
"32673",403.282616611003,"NRI_P046",100
"32674",-0.000683388992911205,"NRI_P046",25
"32675",-271.686263388998,"NRI_P046",50
"32676",-257.538103389001,"NRI_P046",100
"32677",-0.000683388992911205,"NRI_P046",25
"32678",-253.604623388994,"NRI_P046",50
"32679",-187.928993388996,"NRI_P046",100
"32680",-0.000683388992911205,"NRI_P046",25
"32681",-277.873293388999,"NRI_P046",50
"32682",-443.034153389002,"NRI_P046",100
"32683",-0.000683388992911205,"NRI_P046",25
"32684",-130.499183388994,"NRI_P046",50
"32685",-225.893063388998,"NRI_P046",100
"32686",-0.000683388992911205,"NRI_P046",25
"32687",3010.079716611,"NRI_P046",50
"32688",-416.105513389004,"NRI_P046",100
"32689",-0.000683388992911205,"NRI_P046",25
"32690",-167.545223388996,"NRI_P046",50
"32691",-25.9125833889993,"NRI_P046",100
"32692",-0.000683388992911205,"NRI_P046",25
"32693",-253.030693388995,"NRI_P046",50
"32694",-211.865783389003,"NRI_P046",100
"32695",-0.000683388992911205,"NRI_P046",25
"32696",1467.220716611,"NRI_P046",50
"32697",-286.172383388999,"NRI_P046",100
"32698",-0.000683388992911205,"NRI_P046",25
"32699",-151.876853388996,"NRI_P046",50
"32700",490.697116611002,"NRI_P046",100
"32701",-314.584430593997,"NRI_P047",25
"32702",1235.23573940602,"NRI_P047",50
"32703",4102.73532940599,"NRI_P047",100
"32704",632.554019405972,"NRI_P047",25
"32705",591.806839406025,"NRI_P047",50
"32706",547.328879405977,"NRI_P047",100
"32707",-23.8439505940187,"NRI_P047",25
"32708",82.1464394059731,"NRI_P047",50
"32709",-344.289290593995,"NRI_P047",100
"32710",36.8773394059972,"NRI_P047",25
"32711",-400.924890593975,"NRI_P047",50
"32712",2473.378509406,"NRI_P047",100
"32713",9486.830869406,"NRI_P047",25
"32714",-116.11943059403,"NRI_P047",50
"32715",4491.825969406,"NRI_P047",100
"32716",354.562569406,"NRI_P047",25
"32717",-222.553870594013,"NRI_P047",50
"32718",107.514499405981,"NRI_P047",100
"32719",101.897569406021,"NRI_P047",25
"32720",691.140059405996,"NRI_P047",50
"32721",213.574149405991,"NRI_P047",100
"32722",628.010589406011,"NRI_P047",25
"32723",839.665139405988,"NRI_P047",50
"32724",5151.69728940597,"NRI_P047",100
"32725",-42.0650605940027,"NRI_P047",25
"32726",-312.761480593996,"NRI_P047",50
"32727",263.279679406027,"NRI_P047",100
"32728",215.289169405994,"NRI_P047",25
"32729",1332.90996940603,"NRI_P047",50
"32730",269.344099405978,"NRI_P047",100
"32731",1161.111019406,"NRI_P047",25
"32732",586.263329405978,"NRI_P047",50
"32733",1332.03364940599,"NRI_P047",100
"32734",12.0717494059936,"NRI_P047",25
"32735",109.825709405995,"NRI_P047",50
"32736",886.665969406022,"NRI_P047",100
"32737",5.9409594060271,"NRI_P047",25
"32738",2193.32326940598,"NRI_P047",50
"32739",366.357959405985,"NRI_P047",100
"32740",51.699799405993,"NRI_P047",25
"32741",158.046469405992,"NRI_P047",50
"32742",966.151629406027,"NRI_P047",100
"32743",-0.0847805939847603,"NRI_P047",25
"32744",2293.29249940597,"NRI_P047",50
"32745",639.789409406018,"NRI_P047",100
"32746",385.109869405976,"NRI_P047",25
"32747",132.021499406022,"NRI_P047",50
"32748",5266.01854940603,"NRI_P047",100
"32749",-44.0486705939984,"NRI_P047",25
"32750",1098.05203940597,"NRI_P047",50
"32751",2030.74778940598,"NRI_P047",100
"32752",689.205569405982,"NRI_P047",25
"32753",353.344449406024,"NRI_P047",50
"32754",-57.1735805940116,"NRI_P047",100
"32755",-313.873600594001,"NRI_P047",25
"32756",2315.59892940603,"NRI_P047",50
"32757",336.578589405981,"NRI_P047",100
"32758",685.09288940602,"NRI_P047",25
"32759",2457.26695940597,"NRI_P047",50
"32760",926.79329940601,"NRI_P047",100
"32761",2364.861019406,"NRI_P047",25
"32762",-6.89204059401527,"NRI_P047",50
"32763",677.674589406,"NRI_P047",100
"32764",121.815169406007,"NRI_P047",25
"32765",258.79833940597,"NRI_P047",50
"32766",12057.505219406,"NRI_P047",100
"32767",-342.971950593987,"NRI_P047",25
"32768",-382.483360594022,"NRI_P047",50
"32769",-340.017190593993,"NRI_P047",100
"32770",-364.142880594009,"NRI_P047",25
"32771",523.882899406017,"NRI_P047",50
"32772",1107.84763940598,"NRI_P047",100
"32773",726.228569406027,"NRI_P047",25
"32774",603.177139405976,"NRI_P047",50
"32775",1580.12408940599,"NRI_P047",100
"32776",-4.27045059402008,"NRI_P047",25
"32777",1676.65406940598,"NRI_P047",50
"32778",227.786489406019,"NRI_P047",100
"32779",27.415469405998,"NRI_P047",25
"32780",1718.786769406,"NRI_P047",50
"32781",316.681239405996,"NRI_P047",100
"32782",1311.84801940602,"NRI_P047",25
"32783",-256.344520593993,"NRI_P047",50
"32784",2812.55536940601,"NRI_P047",100
"32785",160.886769405974,"NRI_P047",25
"32786",483.870939405984,"NRI_P047",50
"32787",3235.804229406,"NRI_P047",100
"32788",-317.249230594025,"NRI_P047",25
"32789",113.284899406019,"NRI_P047",50
"32790",1261.67319940601,"NRI_P047",100
"32791",-50.3470205939957,"NRI_P047",25
"32792",499.409069405985,"NRI_P047",50
"32793",2116.14660940599,"NRI_P047",100
"32794",190.877969406021,"NRI_P047",25
"32795",-2.8354505940224,"NRI_P047",50
"32796",411.728019405971,"NRI_P047",100
"32797",-270.960480594018,"NRI_P047",25
"32798",-404.127760594012,"NRI_P047",50
"32799",11945.791189406,"NRI_P047",100
"32800",586.407969405991,"NRI_P047",25
"32801",-260.319770594011,"NRI_P047",50
"32802",728.203229405975,"NRI_P047",100
"32803",21.1546994060045,"NRI_P047",25
"32804",31.7037594059948,"NRI_P047",50
"32805",2845.866829406,"NRI_P047",100
"32806",-45.0167705939966,"NRI_P047",25
"32807",265.008459405974,"NRI_P047",50
"32808",4241.36775940598,"NRI_P047",100
"32809",69.4838894060231,"NRI_P047",25
"32810",-241.147880594013,"NRI_P047",50
"32811",1026.35921940597,"NRI_P047",100
"32812",-209.23258059402,"NRI_P047",25
"32813",426.366039405984,"NRI_P047",50
"32814",973.103739405982,"NRI_P047",100
"32815",35.7364994059899,"NRI_P047",25
"32816",-98.3595305940253,"NRI_P047",50
"32817",3469.53444940603,"NRI_P047",100
"32818",175.974969405972,"NRI_P047",25
"32819",-24.2519305939786,"NRI_P047",50
"32820",970.059659406019,"NRI_P047",100
"32821",-331.52065059403,"NRI_P047",25
"32822",566.356739406008,"NRI_P047",50
"32823",-142.846050594002,"NRI_P047",100
"32824",379.213469406008,"NRI_P047",25
"32825",923.315369406017,"NRI_P047",50
"32826",1929.514089406,"NRI_P047",100
"32827",153.107619406015,"NRI_P047",25
"32828",917.090879406023,"NRI_P047",50
"32829",669.134989405982,"NRI_P047",100
"32830",352.981969406013,"NRI_P047",25
"32831",4754.60946940602,"NRI_P047",50
"32832",-172.840790593997,"NRI_P047",100
"32833",1365.33266940602,"NRI_P047",25
"32834",1036.74291940598,"NRI_P047",50
"32835",1469.50112940598,"NRI_P047",100
"32836",-43.8037105940166,"NRI_P047",25
"32837",3457.85285940598,"NRI_P047",50
"32838",630.182419406017,"NRI_P047",100
"32839",-43.064800594002,"NRI_P047",25
"32840",4993.22266940598,"NRI_P047",50
"32841",298.381789406005,"NRI_P047",100
"32842",-360.326900593995,"NRI_P047",25
"32843",-366.098970594001,"NRI_P047",50
"32844",1446.30540940602,"NRI_P047",100
"32845",1289.79638940602,"NRI_P047",25
"32846",-125.651450594014,"NRI_P047",50
"32847",2937.35865940602,"NRI_P047",100
"32848",1927.938869406,"NRI_P047",25
"32849",-318.333780593995,"NRI_P047",50
"32850",724.279439406004,"NRI_P047",100
"32851",2.15025940601481,"NRI_P047",25
"32852",407.990239406005,"NRI_P047",50
"32853",42.7767594060278,"NRI_P047",100
"32854",-2.84236059401883,"NRI_P047",25
"32855",-357.701440593984,"NRI_P047",50
"32856",4392.61787940603,"NRI_P047",100
"32857",20.6074894060148,"NRI_P047",25
"32858",17.6851894059801,"NRI_P047",50
"32859",-260.282220594003,"NRI_P047",100
"32860",1010.59666940599,"NRI_P047",25
"32861",336.379119405989,"NRI_P047",50
"32862",10018.990789406,"NRI_P047",100
"32863",128.642569406016,"NRI_P047",25
"32864",-26.6729405940278,"NRI_P047",50
"32865",2449.85914940602,"NRI_P047",100
"32866",40.6534494059742,"NRI_P047",25
"32867",-26.0645105940057,"NRI_P047",50
"32868",3568.59068940597,"NRI_P047",100
"32869",401.550189405971,"NRI_P047",25
"32870",1699.18031940598,"NRI_P047",50
"32871",-250.944060594018,"NRI_P047",100
"32872",181.930569406017,"NRI_P047",25
"32873",580.062299405981,"NRI_P047",50
"32874",-261.953740593977,"NRI_P047",100
"32875",659.771369406022,"NRI_P047",25
"32876",-344.772090593993,"NRI_P047",50
"32877",-110.334520593984,"NRI_P047",100
"32878",-370.635560593975,"NRI_P047",25
"32879",775.126519405982,"NRI_P047",50
"32880",1463.14240940602,"NRI_P047",100
"32881",160.886769405974,"NRI_P047",25
"32882",10092.703539406,"NRI_P047",50
"32883",203.916879406024,"NRI_P047",100
"32884",22.3344494060148,"NRI_P047",25
"32885",485.937929406005,"NRI_P047",50
"32886",190.047319406003,"NRI_P047",100
"32887",8520.10166940599,"NRI_P047",25
"32888",-311.395090594015,"NRI_P047",50
"32889",336.17822940601,"NRI_P047",100
"32890",62.4363494060235,"NRI_P047",25
"32891",282.950459406013,"NRI_P047",50
"32892",4776.32508940599,"NRI_P047",100
"32893",8374.99338940601,"NRI_P047",25
"32894",840.589039405982,"NRI_P047",50
"32895",566.362079405983,"NRI_P047",100
"32896",2612.82338940602,"NRI_P047",25
"32897",342.693329405971,"NRI_P047",50
"32898",408.82203940599,"NRI_P047",100
"32899",337.159569406009,"NRI_P047",25
"32900",-325.937810593983,"NRI_P047",50
"32901",1019.84218940599,"NRI_P047",100
"32902",170.066289405979,"NRI_P047",25
"32903",210.331659406016,"NRI_P047",50
"32904",342.711119405983,"NRI_P047",100
"32905",1296.75386940601,"NRI_P047",25
"32906",1294.50768940599,"NRI_P047",50
"32907",1674.26143940602,"NRI_P047",100
"32908",-256.227480594011,"NRI_P047",25
"32909",374.438269405975,"NRI_P047",50
"32910",2708.792549406,"NRI_P047",100
"32911",657.417569405981,"NRI_P047",25
"32912",1304.77291940601,"NRI_P047",50
"32913",30.2853594059707,"NRI_P047",100
"32914",-35.1493505939725,"NRI_P047",25
"32915",4604.321299406,"NRI_P047",50
"32916",2117.04651940602,"NRI_P047",100
"32917",-84.8716805939912,"NRI_P047",25
"32918",345.420889405999,"NRI_P047",50
"32919",3516.34931940597,"NRI_P047",100
"32920",13.3614994059899,"NRI_P047",25
"32921",2860.09821940598,"NRI_P047",50
"32922",-312.513060593978,"NRI_P047",100
"32923",19.9917194059817,"NRI_P047",25
"32924",1015.73778940598,"NRI_P047",50
"32925",3444.33347940602,"NRI_P047",100
"32926",300.650689405971,"NRI_P047",25
"32927",-55.1588105940027,"NRI_P047",50
"32928",3140.28279940598,"NRI_P047",100
"32929",62.4363494060235,"NRI_P047",25
"32930",-239.333750594,"NRI_P047",50
"32931",-203.166470594006,"NRI_P047",100
"32932",22.3344494060148,"NRI_P047",25
"32933",294.08467940602,"NRI_P047",50
"32934",2815.15560940601,"NRI_P047",100
"32935",2069.02838940598,"NRI_P047",25
"32936",-306.853840594005,"NRI_P047",50
"32937",36.0836894059903,"NRI_P047",100
"32938",57.4926294059842,"NRI_P047",25
"32939",83.4120794059709,"NRI_P047",50
"32940",32.4430494059925,"NRI_P047",100
"32941",-44.0365205939743,"NRI_P047",25
"32942",1206.01366940601,"NRI_P047",50
"32943",231.927889405983,"NRI_P047",100
"32944",2405.50566940597,"NRI_P047",25
"32945",13782.054019406,"NRI_P047",50
"32946",335.382799406012,"NRI_P047",100
"32947",571.244969405991,"NRI_P047",25
"32948",1476.99763940601,"NRI_P047",50
"32949",786.656359406014,"NRI_P047",100
"32950",-33.0600205939845,"NRI_P047",25
"32951",8427.32621940598,"NRI_P047",50
"32952",724.434209406027,"NRI_P047",100
"32953",-29.9968305940274,"NRI_P047",25
"32954",-16.6502805940108,"NRI_P047",50
"32955",4606.795079406,"NRI_P047",100
"32956",179.576769405976,"NRI_P047",25
"32957",255.761529406009,"NRI_P047",50
"32958",-77.1011205940158,"NRI_P047",100
"32959",10.1050694059813,"NRI_P047",25
"32960",10.6828194059781,"NRI_P047",50
"32961",84.818559405976,"NRI_P047",100
"32962",-122.606380594021,"NRI_P047",25
"32963",1132.08386940602,"NRI_P047",50
"32964",595.437679406023,"NRI_P047",100
"32965",-19.8593705940293,"NRI_P047",25
"32966",123.391049406026,"NRI_P047",50
"32967",885.797459406022,"NRI_P047",100
"32968",2.89482940599555,"NRI_P047",25
"32969",287.394669406,"NRI_P047",50
"32970",656.736069405975,"NRI_P047",100
"32971",1051.34938940598,"NRI_P047",25
"32972",2985.19666940602,"NRI_P047",50
"32973",2749.47123940598,"NRI_P047",100
"32974",-104.949480594019,"NRI_P047",25
"32975",246.793839405989,"NRI_P047",50
"32976",2924.95227940602,"NRI_P047",100
"32977",-253.940580594004,"NRI_P047",25
"32978",2347.82227940601,"NRI_P047",50
"32979",-128.701240593975,"NRI_P047",100
"32980",2276.67586940603,"NRI_P047",25
"32981",695.557469405991,"NRI_P047",50
"32982",-221.603260594013,"NRI_P047",100
"32983",4641.38886940602,"NRI_P047",25
"32984",39.6598294060095,"NRI_P047",50
"32985",2142.44144940597,"NRI_P047",100
"32986",1011.82201940601,"NRI_P047",25
"32987",-174.313650593976,"NRI_P047",50
"32988",131.623659405974,"NRI_P047",100
"32989",-360.326900593995,"NRI_P047",25
"32990",431.979799406021,"NRI_P047",50
"32991",8895.28508940601,"NRI_P047",100
"32992",-299.631580593996,"NRI_P047",25
"32993",-344.156700594001,"NRI_P047",50
"32994",748.714589405979,"NRI_P047",100
"32995",304.126089406025,"NRI_P047",25
"32996",2404.36749940598,"NRI_P047",50
"32997",-86.7973205940216,"NRI_P047",100
"32998",-6.99292059399886,"NRI_P047",25
"32999",1688.16113940597,"NRI_P047",50
"33000",1001.167549406,"NRI_P047",100
"33001",76.6787825570209,"NRI_P048",25
"33002",740.115922557015,"NRI_P048",50
"33003",-3991.94810744299,"NRI_P048",100
"33004",25.6983625569846,"NRI_P048",25
"33005",4065.57729255699,"NRI_P048",50
"33006",5769.54899255699,"NRI_P048",100
"33007",27.1687325570383,"NRI_P048",25
"33008",-149.656627442979,"NRI_P048",50
"33009",-2672.49520744296,"NRI_P048",100
"33010",674.490572557028,"NRI_P048",25
"33011",-1735.85262744298,"NRI_P048",50
"33012",359.19792255701,"NRI_P048",100
"33013",3048.31037255703,"NRI_P048",25
"33014",451.206682557007,"NRI_P048",50
"33015",-3327.95529744297,"NRI_P048",100
"33016",-2391.03532744298,"NRI_P048",25
"33017",-3255.03743744298,"NRI_P048",50
"33018",-2205.70629744302,"NRI_P048",100
"33019",-2420.55543744296,"NRI_P048",25
"33020",33.5344725570176,"NRI_P048",50
"33021",-2829.93267744296,"NRI_P048",100
"33022",3150.21316255699,"NRI_P048",25
"33023",-1261.33784744301,"NRI_P048",50
"33024",-479.191787443007,"NRI_P048",100
"33025",-1517.13783744298,"NRI_P048",25
"33026",-2088.63284744299,"NRI_P048",50
"33027",-5425.79830744298,"NRI_P048",100
"33028",-1663.04531744297,"NRI_P048",25
"33029",-1425.561947443,"NRI_P048",50
"33030",-2100.03875744296,"NRI_P048",100
"33031",-2376.22553744301,"NRI_P048",25
"33032",-1714.11911744298,"NRI_P048",50
"33033",-5217.90935744299,"NRI_P048",100
"33034",-2279.27093744301,"NRI_P048",25
"33035",3192.025082557,"NRI_P048",50
"33036",-2411.99174744298,"NRI_P048",100
"33037",-2359.292737443,"NRI_P048",25
"33038",-2203.12193744298,"NRI_P048",50
"33039",-5500.24861744297,"NRI_P048",100
"33040",181.841162557015,"NRI_P048",25
"33041",-1488.104457443,"NRI_P048",50
"33042",-1259.76430744299,"NRI_P048",100
"33043",-1549.48163744301,"NRI_P048",25
"33044",-1746.62806744297,"NRI_P048",50
"33045",3720.90554255701,"NRI_P048",100
"33046",-1742.80413744302,"NRI_P048",25
"33047",-2044.31769744301,"NRI_P048",50
"33048",-4083.061657443,"NRI_P048",100
"33049",-1590.34203744301,"NRI_P048",25
"33050",-3754.00403744297,"NRI_P048",50
"33051",-3422.779077443,"NRI_P048",100
"33052",-1181.65583744302,"NRI_P048",25
"33053",1147.21274255699,"NRI_P048",50
"33054",-4302.93468744296,"NRI_P048",100
"33055",-1711.20118744299,"NRI_P048",25
"33056",-497.919227442995,"NRI_P048",50
"33057",-4031.19942744297,"NRI_P048",100
"33058",-2211.232737443,"NRI_P048",25
"33059",-890.745757443015,"NRI_P048",50
"33060",-4945.21883744298,"NRI_P048",100
"33061",-1120.77703744301,"NRI_P048",25
"33062",4222.46858255699,"NRI_P048",50
"33063",-2264.41904744296,"NRI_P048",100
"33064",-1630.42963744298,"NRI_P048",25
"33065",-2442.55933744297,"NRI_P048",50
"33066",2438.93359255703,"NRI_P048",100
"33067",-1675.34378744301,"NRI_P048",25
"33068",-1660.01827744301,"NRI_P048",50
"33069",-3464.80764744297,"NRI_P048",100
"33070",19.5697525570286,"NRI_P048",25
"33071",-1161.47580744297,"NRI_P048",50
"33072",-4366.05304744298,"NRI_P048",100
"33073",372.010882557021,"NRI_P048",25
"33074",692.245762557024,"NRI_P048",50
"33075",-5721.02955744299,"NRI_P048",100
"33076",269.956162557006,"NRI_P048",25
"33077",620.900472556998,"NRI_P048",50
"33078",-5430.136907443,"NRI_P048",100
"33079",726.528472557024,"NRI_P048",25
"33080",39.2429725570255,"NRI_P048",50
"33081",-5204.17001744302,"NRI_P048",100
"33082",-1593.49393744301,"NRI_P048",25
"33083",-820.957717443001,"NRI_P048",50
"33084",-3076.60707744298,"NRI_P048",100
"33085",-1682.782157443,"NRI_P048",25
"33086",-3846.52943744301,"NRI_P048",50
"33087",3557.29029255704,"NRI_P048",100
"33088",-7.91916744300397,"NRI_P048",25
"33089",-1411.63802744297,"NRI_P048",50
"33090",-2144.09201744298,"NRI_P048",100
"33091",-1725.926987443,"NRI_P048",25
"33092",-1134.704017443,"NRI_P048",50
"33093",-3752.90643744299,"NRI_P048",100
"33094",22.7923125569941,"NRI_P048",25
"33095",2205.62051255698,"NRI_P048",50
"33096",-5298.06520744297,"NRI_P048",100
"33097",-2408.94076744298,"NRI_P048",25
"33098",1632.43405255699,"NRI_P048",50
"33099",-4570.24619744299,"NRI_P048",100
"33100",-932.313837443013,"NRI_P048",25
"33101",-1574.81922744296,"NRI_P048",50
"33102",-3822.03810744296,"NRI_P048",100
"33103",627.829162557027,"NRI_P048",25
"33104",528.965382557013,"NRI_P048",50
"33105",-4867.94800744299,"NRI_P048",100
"33106",-1737.107607443,"NRI_P048",25
"33107",-1699.98642744299,"NRI_P048",50
"33108",-4111.98614744301,"NRI_P048",100
"33109",267.174582556996,"NRI_P048",25
"33110",3206.840572557,"NRI_P048",50
"33111",-5315.03738744301,"NRI_P048",100
"33112",1138.89137255703,"NRI_P048",25
"33113",-1318.85001744301,"NRI_P048",50
"33114",-3951.427247443,"NRI_P048",100
"33115",-2431.66015744297,"NRI_P048",25
"33116",642.536182557,"NRI_P048",50
"33117",-5675.662837443,"NRI_P048",100
"33118",151.553782557021,"NRI_P048",25
"33119",-1489.95497744298,"NRI_P048",50
"33120",-1552.861857443,"NRI_P048",100
"33121",156.781182556995,"NRI_P048",25
"33122",-1599.03026744298,"NRI_P048",50
"33123",-5424.69368744298,"NRI_P048",100
"33124",-1722.387427443,"NRI_P048",25
"33125",-1515.92382744298,"NRI_P048",50
"33126",-5041.78979744297,"NRI_P048",100
"33127",266.400372556993,"NRI_P048",25
"33128",-398.934687442961,"NRI_P048",50
"33129",-4929.91090744297,"NRI_P048",100
"33130",60.048172557028,"NRI_P048",25
"33131",-3377.394827443,"NRI_P048",50
"33132",1670.81455255701,"NRI_P048",100
"33133",563.805172557011,"NRI_P048",25
"33134",-1370.43288744299,"NRI_P048",50
"33135",337.669692557014,"NRI_P048",100
"33136",293.100882556988,"NRI_P048",25
"33137",-3837.31795744301,"NRI_P048",50
"33138",18811.836052557,"NRI_P048",100
"33139",-1701.79103744298,"NRI_P048",25
"33140",284.273562557006,"NRI_P048",50
"33141",-2600.51360744296,"NRI_P048",100
"33142",382.420162556984,"NRI_P048",25
"33143",-2880.661407443,"NRI_P048",50
"33144",-3920.38724744297,"NRI_P048",100
"33145",-2435.09385744296,"NRI_P048",25
"33146",1293.13677255699,"NRI_P048",50
"33147",-3032.27875744301,"NRI_P048",100
"33148",-14.612647442962,"NRI_P048",25
"33149",-3907.04293744301,"NRI_P048",50
"33150",-4437.609487443,"NRI_P048",100
"33151",256.011872556992,"NRI_P048",25
"33152",-2286.11242744297,"NRI_P048",50
"33153",-5539.91963744297,"NRI_P048",100
"33154",36.4293625570135,"NRI_P048",25
"33155",-637.262757443008,"NRI_P048",50
"33156",-4509.92762744299,"NRI_P048",100
"33157",-2416.50868744298,"NRI_P048",25
"33158",311.959592556988,"NRI_P048",50
"33159",-1966.86520744301,"NRI_P048",100
"33160",-1640.42893744301,"NRI_P048",25
"33161",-522.008027442964,"NRI_P048",50
"33162",-2042.98305744299,"NRI_P048",100
"33163",-1646.49706744298,"NRI_P048",25
"33164",-3363.29845744302,"NRI_P048",50
"33165",-4148.91818744299,"NRI_P048",100
"33166",15.2758625569986,"NRI_P048",25
"33167",687.041962557007,"NRI_P048",50
"33168",-4307.90730744298,"NRI_P048",100
"33169",1126.21208255703,"NRI_P048",25
"33170",-2081.566817443,"NRI_P048",50
"33171",-1599.17621744296,"NRI_P048",100
"33172",10.8846525570261,"NRI_P048",25
"33173",-1206.59551744297,"NRI_P048",50
"33174",-5591.14061744302,"NRI_P048",100
"33175",1231.42216255702,"NRI_P048",25
"33176",-1327.273427443,"NRI_P048",50
"33177",-2652.540757443,"NRI_P048",100
"33178",-1399.40103744296,"NRI_P048",25
"33179",-3611.34763744299,"NRI_P048",50
"33180",-5196.183247443,"NRI_P048",100
"33181",-1978.65243744297,"NRI_P048",25
"33182",-1336.30693744298,"NRI_P048",50
"33183",-5445.45782744297,"NRI_P048",100
"33184",1683.00408255699,"NRI_P048",25
"33185",3987.94907255704,"NRI_P048",50
"33186",-5089.704407443,"NRI_P048",100
"33187",-2204.347837443,"NRI_P048",25
"33188",-2304.76798744302,"NRI_P048",50
"33189",5037.12189255701,"NRI_P048",100
"33190",-787.933837443008,"NRI_P048",25
"33191",336.434182556986,"NRI_P048",50
"33192",5715.58245255699,"NRI_P048",100
"33193",-1548.84963744297,"NRI_P048",25
"33194",-1631.715567443,"NRI_P048",50
"33195",-5611.876947443,"NRI_P048",100
"33196",-1686.95233744301,"NRI_P048",25
"33197",-3972.84288744297,"NRI_P048",50
"33198",-3650.64752744301,"NRI_P048",100
"33199",57.1556025570026,"NRI_P048",25
"33200",-2423.86173744302,"NRI_P048",50
"33201",-4541.31764744298,"NRI_P048",100
"33202",122.088972556987,"NRI_P048",25
"33203",808.913772556989,"NRI_P048",50
"33204",-2091.45730744296,"NRI_P048",100
"33205",-1754.81798744301,"NRI_P048",25
"33206",-1639.291277443,"NRI_P048",50
"33207",-3122.01860744297,"NRI_P048",100
"33208",12.0798025570111,"NRI_P048",25
"33209",-3926.57228744298,"NRI_P048",50
"33210",8819.46062255703,"NRI_P048",100
"33211",89.3717825569911,"NRI_P048",25
"33212",-1533.84932744299,"NRI_P048",50
"33213",-5286.70166744298,"NRI_P048",100
"33214",73.3566825570306,"NRI_P048",25
"33215",152.151092557004,"NRI_P048",50
"33216",-4808.90441744297,"NRI_P048",100
"33217",21.8041325570084,"NRI_P048",25
"33218",-1503.57076744299,"NRI_P048",50
"33219",-5552.38397744298,"NRI_P048",100
"33220",-1611.555037443,"NRI_P048",25
"33221",-3939.71924744296,"NRI_P048",50
"33222",-5165.312207443,"NRI_P048",100
"33223",676.465162557026,"NRI_P048",25
"33224",2294.28899255703,"NRI_P048",50
"33225",-4315.30842744297,"NRI_P048",100
"33226",1235.56037255703,"NRI_P048",25
"33227",-1300.53831744299,"NRI_P048",50
"33228",-4480.20728744299,"NRI_P048",100
"33229",-1536.66053744301,"NRI_P048",25
"33230",-2359.14004744298,"NRI_P048",50
"33231",-4835.234847443,"NRI_P048",100
"33232",-7.91916744300397,"NRI_P048",25
"33233",-2022.549517443,"NRI_P048",50
"33234",-5295.51358744298,"NRI_P048",100
"33235",3832.97016255703,"NRI_P048",25
"33236",-1255.62781744299,"NRI_P048",50
"33237",-2477.63181744301,"NRI_P048",100
"33238",-1762.84684744297,"NRI_P048",25
"33239",-421.595927443006,"NRI_P048",50
"33240",-1576.63813744299,"NRI_P048",100
"33241",28.1043525569839,"NRI_P048",25
"33242",-326.748117443,"NRI_P048",50
"33243",-5346.69758744299,"NRI_P048",100
"33244",-1637.49760744302,"NRI_P048",25
"33245",-3540.31943744299,"NRI_P048",50
"33246",-5197.00358744297,"NRI_P048",100
"33247",-1870.35703744297,"NRI_P048",25
"33248",-3245.98268744297,"NRI_P048",50
"33249",6392.905502557,"NRI_P048",100
"33250",253.321162556997,"NRI_P048",25
"33251",-1014.44591744296,"NRI_P048",50
"33252",-1816.00370744301,"NRI_P048",100
"33253",-17.6646374429693,"NRI_P048",25
"33254",-1274.94612744299,"NRI_P048",50
"33255",-862.591407442989,"NRI_P048",100
"33256",-2184.87093744299,"NRI_P048",25
"33257",-3216.50091744302,"NRI_P048",50
"33258",-4765.75493744301,"NRI_P048",100
"33259",-1623.79123744299,"NRI_P048",25
"33260",-1026.62601744296,"NRI_P048",50
"33261",-5029.01650744298,"NRI_P048",100
"33262",26.4163025569869,"NRI_P048",25
"33263",-2955.76773744298,"NRI_P048",50
"33264",-5052.43835744297,"NRI_P048",100
"33265",261.154982556996,"NRI_P048",25
"33266",572.30008255702,"NRI_P048",50
"33267",-4445.71800744301,"NRI_P048",100
"33268",-1683.993737443,"NRI_P048",25
"33269",-3411.97895744297,"NRI_P048",50
"33270",558.953592556994,"NRI_P048",100
"33271",42.3742025570245,"NRI_P048",25
"33272",-1350.21675744298,"NRI_P048",50
"33273",-4756.94670744298,"NRI_P048",100
"33274",-2385.711837443,"NRI_P048",25
"33275",-1698.61124744301,"NRI_P048",50
"33276",-4370.91071744298,"NRI_P048",100
"33277",-2261.68633744301,"NRI_P048",25
"33278",-2373.34373744298,"NRI_P048",50
"33279",-1971.761617443,"NRI_P048",100
"33280",377.862572557002,"NRI_P048",25
"33281",-1264.60649744299,"NRI_P048",50
"33282",-5049.57029744302,"NRI_P048",100
"33283",1547.16616255703,"NRI_P048",25
"33284",-2216.41171744297,"NRI_P048",50
"33285",11075.357692557,"NRI_P048",100
"33286",194.728582557,"NRI_P048",25
"33287",-3361.36473744299,"NRI_P048",50
"33288",1405.03369255702,"NRI_P048",100
"33289",2713.13108255703,"NRI_P048",25
"33290",-444.078327442985,"NRI_P048",50
"33291",-5147.41370744299,"NRI_P048",100
"33292",-1645.90484744299,"NRI_P048",25
"33293",15.3196725570015,"NRI_P048",50
"33294",-5415.44059744297,"NRI_P048",100
"33295",-1684.09107744298,"NRI_P048",25
"33296",3137.67449255701,"NRI_P048",50
"33297",-3729.03660744301,"NRI_P048",100
"33298",-1490.461837443,"NRI_P048",25
"33299",-1213.294327443,"NRI_P048",50
"33300",-426.463927442965,"NRI_P048",100
"33301",-30.2426793129998,"NRI_P049",25
"33302",-764.75068931299,"NRI_P049",50
"33303",-154.622549313004,"NRI_P049",100
"33304",-3161.19167931302,"NRI_P049",25
"33305",-2069.62317931303,"NRI_P049",50
"33306",-5615.69318931299,"NRI_P049",100
"33307",-1154.16277931299,"NRI_P049",25
"33308",-4145.38166931301,"NRI_P049",50
"33309",-2531.97442931298,"NRI_P049",100
"33310",-145.211659313005,"NRI_P049",25
"33311",-1788.56079931301,"NRI_P049",50
"33312",-5299.875729313,"NRI_P049",100
"33313",-2085.28753931302,"NRI_P049",25
"33314",-2570.080199313,"NRI_P049",50
"33315",-2151.571209313,"NRI_P049",100
"33316",8556.042920687,"NRI_P049",25
"33317",213.336980686989,"NRI_P049",50
"33318",-2662.82658931299,"NRI_P049",100
"33319",-2240.05959931301,"NRI_P049",25
"33320",-2068.12278931303,"NRI_P049",50
"33321",-849.028469312994,"NRI_P049",100
"33322",-247.947829312994,"NRI_P049",25
"33323",-2147.14588931302,"NRI_P049",50
"33324",-5836.99363931298,"NRI_P049",100
"33325",-1778.47352931299,"NRI_P049",25
"33326",-2404.75979931297,"NRI_P049",50
"33327",-6269.91715931299,"NRI_P049",100
"33328",-49.2743593130144,"NRI_P049",25
"33329",-1684.97932931298,"NRI_P049",50
"33330",4034.92543068697,"NRI_P049",100
"33331",-836.980139312975,"NRI_P049",25
"33332",4208.373040687,"NRI_P049",50
"33333",-5447.15082931297,"NRI_P049",100
"33334",880.389210687019,"NRI_P049",25
"33335",-1300.53001931298,"NRI_P049",50
"33336",-5493.44900931302,"NRI_P049",100
"33337",6650.27974068699,"NRI_P049",25
"33338",1813.49546068697,"NRI_P049",50
"33339",-5173.88518931298,"NRI_P049",100
"33340",-2368.72120931302,"NRI_P049",25
"33341",2819.77608068701,"NRI_P049",50
"33342",4001.110900687,"NRI_P049",100
"33343",-931.186779313022,"NRI_P049",25
"33344",-185.117139313021,"NRI_P049",50
"33345",-1861.89291931299,"NRI_P049",100
"33346",-1637.57968931302,"NRI_P049",25
"33347",-320.761369312997,"NRI_P049",50
"33348",-3958.65464931302,"NRI_P049",100
"33349",-2053.86560931301,"NRI_P049",25
"33350",-1556.22735931299,"NRI_P049",50
"33351",-3290.58809931303,"NRI_P049",100
"33352",81.1389706869959,"NRI_P049",25
"33353",-1407.92039931298,"NRI_P049",50
"33354",-4120.85201931302,"NRI_P049",100
"33355",-3910.72487931303,"NRI_P049",25
"33356",-681.19434931298,"NRI_P049",50
"33357",-3740.47979931301,"NRI_P049",100
"33358",1800.44275068701,"NRI_P049",25
"33359",-4603.48689931299,"NRI_P049",50
"33360",-3043.41817931301,"NRI_P049",100
"33361",-1409.66695931298,"NRI_P049",25
"33362",-1909.59147931298,"NRI_P049",50
"33363",-5527.084319313,"NRI_P049",100
"33364",-1898.20602931298,"NRI_P049",25
"33365",4555.49699068698,"NRI_P049",50
"33366",-5286.38890931301,"NRI_P049",100
"33367",-23.5625493130065,"NRI_P049",25
"33368",-3868.87482931302,"NRI_P049",50
"33369",-5958.02134931303,"NRI_P049",100
"33370",-210.106829312979,"NRI_P049",25
"33371",-1502.07022931299,"NRI_P049",50
"33372",-4284.97445931303,"NRI_P049",100
"33373",1500.16734068701,"NRI_P049",25
"33374",-3320.90189931303,"NRI_P049",50
"33375",-285.623879313003,"NRI_P049",100
"33376",-2292.82452931302,"NRI_P049",25
"33377",-453.285009313026,"NRI_P049",50
"33378",-6053.07350931299,"NRI_P049",100
"33379",-2076.70675931301,"NRI_P049",25
"33380",20.790470686974,"NRI_P049",50
"33381",-5794.60358931299,"NRI_P049",100
"33382",500.794250687002,"NRI_P049",25
"33383",-2203.128779313,"NRI_P049",50
"33384",-3076.58764931298,"NRI_P049",100
"33385",148.087970687018,"NRI_P049",25
"33386",-4095.81833931297,"NRI_P049",50
"33387",-4516.680049313,"NRI_P049",100
"33388",-1925.57606931299,"NRI_P049",25
"33389",-1326.91727931303,"NRI_P049",50
"33390",4136.86568068701,"NRI_P049",100
"33391",-2467.51814931299,"NRI_P049",25
"33392",-4102.56398931303,"NRI_P049",50
"33393",-5761.74854931299,"NRI_P049",100
"33394",-999.129879312997,"NRI_P049",25
"33395",-1437.84526931302,"NRI_P049",50
"33396",2073.73945068702,"NRI_P049",100
"33397",-2279.02834931301,"NRI_P049",25
"33398",-1147.46880931302,"NRI_P049",50
"33399",3291.208610687,"NRI_P049",100
"33400",-148.232479312981,"NRI_P049",25
"33401",-104.704379312985,"NRI_P049",50
"33402",-1770.30566931301,"NRI_P049",100
"33403",-1099.31467931299,"NRI_P049",25
"33404",-4562.77504931303,"NRI_P049",50
"33405",-5107.50013931299,"NRI_P049",100
"33406",1411.91906068701,"NRI_P049",25
"33407",1294.31221068697,"NRI_P049",50
"33408",-4048.12358931301,"NRI_P049",100
"33409",-1702.46818931302,"NRI_P049",25
"33410",-3755.62441931298,"NRI_P049",50
"33411",-5480.10832931299,"NRI_P049",100
"33412",338.362500687013,"NRI_P049",25
"33413",333.628810686991,"NRI_P049",50
"33414",3753.08156068699,"NRI_P049",100
"33415",-444.461479312973,"NRI_P049",25
"33416",-1290.20287931303,"NRI_P049",50
"33417",-6570.59709931299,"NRI_P049",100
"33418",622.494670687011,"NRI_P049",25
"33419",-2446.50293931301,"NRI_P049",50
"33420",-5141.84892931301,"NRI_P049",100
"33421",-117.284889312985,"NRI_P049",25
"33422",-1818.60964931297,"NRI_P049",50
"33423",-5367.34523931303,"NRI_P049",100
"33424",-3985.86784931301,"NRI_P049",25
"33425",-2743.061959313,"NRI_P049",50
"33426",-5015.72947931301,"NRI_P049",100
"33427",-1432.81707931298,"NRI_P049",25
"33428",-626.091139313008,"NRI_P049",50
"33429",-1830.67987931299,"NRI_P049",100
"33430",-3304.40877931297,"NRI_P049",25
"33431",235.386720686976,"NRI_P049",50
"33432",-5174.38274931302,"NRI_P049",100
"33433",-2476.22910931299,"NRI_P049",25
"33434",-2970.59919931303,"NRI_P049",50
"33435",-3944.22588931298,"NRI_P049",100
"33436",41.3973006869783,"NRI_P049",25
"33437",-1872.70299931301,"NRI_P049",50
"33438",736.18900068698,"NRI_P049",100
"33439",4234.05952068698,"NRI_P049",25
"33440",-1827.10102931299,"NRI_P049",50
"33441",-5940.663729313,"NRI_P049",100
"33442",-1892.67415931303,"NRI_P049",25
"33443",-2303.55576931301,"NRI_P049",50
"33444",-4560.11169931298,"NRI_P049",100
"33445",60.5575006870204,"NRI_P049",25
"33446",-2481.21897931298,"NRI_P049",50
"33447",-87.3235893130186,"NRI_P049",100
"33448",1029.19727068697,"NRI_P049",25
"33449",171.195630686998,"NRI_P049",50
"33450",-6215.43577931297,"NRI_P049",100
"33451",-98.1409793130006,"NRI_P049",25
"33452",-4765.18157931301,"NRI_P049",50
"33453",-4866.81553931301,"NRI_P049",100
"33454",-39.1961993129808,"NRI_P049",25
"33455",-88.0716093130177,"NRI_P049",50
"33456",-1058.58691931301,"NRI_P049",100
"33457",-1405.94947931299,"NRI_P049",25
"33458",-2510.780839313,"NRI_P049",50
"33459",1077.80623068701,"NRI_P049",100
"33460",2434.03507068701,"NRI_P049",25
"33461",-1270.64286931301,"NRI_P049",50
"33462",-4153.373389313,"NRI_P049",100
"33463",-317.092539313016,"NRI_P049",25
"33464",1126.40512068698,"NRI_P049",50
"33465",-6128.36067931302,"NRI_P049",100
"33466",-2398.58169931301,"NRI_P049",25
"33467",-2052.80135931302,"NRI_P049",50
"33468",21957.247220687,"NRI_P049",100
"33469",-1525.519679313,"NRI_P049",25
"33470",-4402.87087931298,"NRI_P049",50
"33471",-3990.17101931298,"NRI_P049",100
"33472",-1575.66119931301,"NRI_P049",25
"33473",-40.6607593129738,"NRI_P049",50
"33474",-1828.41078931303,"NRI_P049",100
"33475",106.618120687024,"NRI_P049",25
"33476",-161.741449313005,"NRI_P049",50
"33477",-5861.14822931302,"NRI_P049",100
"33478",1591.53482068703,"NRI_P049",25
"33479",-2129.24724931299,"NRI_P049",50
"33480",-4329.018249313,"NRI_P049",100
"33481",-2351.74638931302,"NRI_P049",25
"33482",-2433.38921931299,"NRI_P049",50
"33483",-5546.49337931297,"NRI_P049",100
"33484",4590.41086068697,"NRI_P049",25
"33485",-2362.29707931302,"NRI_P049",50
"33486",211.076670687005,"NRI_P049",100
"33487",4.01082068699179,"NRI_P049",25
"33488",-4122.31931931298,"NRI_P049",50
"33489",-1156.05651931302,"NRI_P049",100
"33490",-1182.58397931303,"NRI_P049",25
"33491",-2824.00237931299,"NRI_P049",50
"33492",-4725.52766931301,"NRI_P049",100
"33493",-2414.16072931298,"NRI_P049",25
"33494",6422.533930687,"NRI_P049",50
"33495",573.560060687014,"NRI_P049",100
"33496",-1424.01624931302,"NRI_P049",25
"33497",-562.335889313021,"NRI_P049",50
"33498",6451.35379068699,"NRI_P049",100
"33499",-1328.68684931297,"NRI_P049",25
"33500",-1251.61708931299,"NRI_P049",50
"33501",-3884.88201931299,"NRI_P049",100
"33502",1329.618040687,"NRI_P049",25
"33503",-1307.46219931298,"NRI_P049",50
"33504",-2217.41144931299,"NRI_P049",100
"33505",-2007.93459931301,"NRI_P049",25
"33506",-1890.94677931297,"NRI_P049",50
"33507",-4726.195269313,"NRI_P049",100
"33508",-636.081229312986,"NRI_P049",25
"33509",746.761370686989,"NRI_P049",50
"33510",-2010.56757931301,"NRI_P049",100
"33511",-2037.32022931299,"NRI_P049",25
"33512",-3872.35913931299,"NRI_P049",50
"33513",-3229.75516931299,"NRI_P049",100
"33514",-1952.65887931298,"NRI_P049",25
"33515",-6038.51297931297,"NRI_P049",50
"33516",-5354.65668931301,"NRI_P049",100
"33517",474.550860686984,"NRI_P049",25
"33518",2397.94884068699,"NRI_P049",50
"33519",-3826.51611931302,"NRI_P049",100
"33520",571.328650687006,"NRI_P049",25
"33521",-3400.23668931302,"NRI_P049",50
"33522",-5078.988979313,"NRI_P049",100
"33523",-2084.26995931298,"NRI_P049",25
"33524",-4151.83781931299,"NRI_P049",50
"33525",-4309.59316931298,"NRI_P049",100
"33526",-542.216779312992,"NRI_P049",25
"33527",-1233.651949313,"NRI_P049",50
"33528",-5518.04434931302,"NRI_P049",100
"33529",-2006.98460931302,"NRI_P049",25
"33530",-535.408139312989,"NRI_P049",50
"33531",-5995.926899313,"NRI_P049",100
"33532",-174.848529312992,"NRI_P049",25
"33533",-3492.23513931298,"NRI_P049",50
"33534",-6078.40853931301,"NRI_P049",100
"33535",6813.44874068699,"NRI_P049",25
"33536",563.144870686985,"NRI_P049",50
"33537",-6193.57720931299,"NRI_P049",100
"33538",-2135.87801931298,"NRI_P049",25
"33539",-1093.51817931299,"NRI_P049",50
"33540",-1769.25675931299,"NRI_P049",100
"33541",-240.936359313026,"NRI_P049",25
"33542",722.30062068702,"NRI_P049",50
"33543",-6193.34209931298,"NRI_P049",100
"33544",-2097.00238931301,"NRI_P049",25
"33545",-1802.27185931301,"NRI_P049",50
"33546",-5426.40683931299,"NRI_P049",100
"33547",-1387.92467931303,"NRI_P049",25
"33548",-1381.866189313,"NRI_P049",50
"33549",-5849.33887931303,"NRI_P049",100
"33550",-256.887459312973,"NRI_P049",25
"33551",5324.34749068698,"NRI_P049",50
"33552",-5949.88446931302,"NRI_P049",100
"33553",-244.835229313001,"NRI_P049",25
"33554",-4117.75735931302,"NRI_P049",50
"33555",-6180.49317931302,"NRI_P049",100
"33556",-1789.11694931303,"NRI_P049",25
"33557",1435.19926068699,"NRI_P049",50
"33558",6887.32080068701,"NRI_P049",100
"33559",3326.54765068699,"NRI_P049",25
"33560",11933.485700687,"NRI_P049",50
"33561",-5693.87040931301,"NRI_P049",100
"33562",356.020870686974,"NRI_P049",25
"33563",112.664920686977,"NRI_P049",50
"33564",-5827.71432931302,"NRI_P049",100
"33565",-256.837499312998,"NRI_P049",25
"33566",208.473960686999,"NRI_P049",50
"33567",-3762.222689313,"NRI_P049",100
"33568",357.982550686982,"NRI_P049",25
"33569",-1673.37716931303,"NRI_P049",50
"33570",-5730.24331931298,"NRI_P049",100
"33571",86.4701506869751,"NRI_P049",25
"33572",-3861.63810931297,"NRI_P049",50
"33573",-854.152189313027,"NRI_P049",100
"33574",96.3805406870088,"NRI_P049",25
"33575",-506.262329313031,"NRI_P049",50
"33576",-3334.21265931299,"NRI_P049",100
"33577",-1937.71295931301,"NRI_P049",25
"33578",-711.099119313003,"NRI_P049",50
"33579",-4709.17275931302,"NRI_P049",100
"33580",-158.647919312993,"NRI_P049",25
"33581",-3750.545509313,"NRI_P049",50
"33582",-3351.522209313,"NRI_P049",100
"33583",-623.687479312997,"NRI_P049",25
"33584",-5520.51974931301,"NRI_P049",50
"33585",-3049.48645931302,"NRI_P049",100
"33586",-2255.49061931303,"NRI_P049",25
"33587",3121.938040687,"NRI_P049",50
"33588",-5825.13536931301,"NRI_P049",100
"33589",-1668.94120931299,"NRI_P049",25
"33590",-711.073079312977,"NRI_P049",50
"33591",-5653.36609931302,"NRI_P049",100
"33592",8888.66024068702,"NRI_P049",25
"33593",-4177.80412931298,"NRI_P049",50
"33594",-3983.59866931301,"NRI_P049",100
"33595",-2050.67223931302,"NRI_P049",25
"33596",-4591.69584931299,"NRI_P049",50
"33597",-5379.18751931301,"NRI_P049",100
"33598",-2045.28402931301,"NRI_P049",25
"33599",-2071.74440931302,"NRI_P049",50
"33600",-1739.57724931301,"NRI_P049",100
"33601",-622.339906697016,"NRI_P050",25
"33602",-905.354586697009,"NRI_P050",50
"33603",-2640.913576697,"NRI_P050",100
"33604",-2375.72596669701,"NRI_P050",25
"33605",-1226.481676697,"NRI_P050",50
"33606",-2683.78084669702,"NRI_P050",100
"33607",-1347.203846697,"NRI_P050",25
"33608",-2083.17229669701,"NRI_P050",50
"33609",-1327.89578669702,"NRI_P050",100
"33610",440.212613302981,"NRI_P050",25
"33611",-923.408226697007,"NRI_P050",50
"33612",-1443.351986697,"NRI_P050",100
"33613",-521.581306697015,"NRI_P050",25
"33614",-2957.22876669702,"NRI_P050",50
"33615",-3240.37991669701,"NRI_P050",100
"33616",-1400.71518669702,"NRI_P050",25
"33617",203.821353302978,"NRI_P050",50
"33618",-3440.42893669702,"NRI_P050",100
"33619",-449.949356697005,"NRI_P050",25
"33620",-704.088146697002,"NRI_P050",50
"33621",-2130.003076697,"NRI_P050",100
"33622",657.463773302996,"NRI_P050",25
"33623",-355.073466697009,"NRI_P050",50
"33624",-2950.234676697,"NRI_P050",100
"33625",-851.646916697006,"NRI_P050",25
"33626",-2367.141706697,"NRI_P050",50
"33627",-2025.93654669702,"NRI_P050",100
"33628",-1203.820086697,"NRI_P050",25
"33629",-1361.91768669701,"NRI_P050",50
"33630",-3148.45335669702,"NRI_P050",100
"33631",363.718743303005,"NRI_P050",25
"33632",-2145.871746697,"NRI_P050",50
"33633",-588.497246697021,"NRI_P050",100
"33634",-920.191736697016,"NRI_P050",25
"33635",-948.942156697012,"NRI_P050",50
"33636",41.8353533030022,"NRI_P050",100
"33637",-269.245896697015,"NRI_P050",25
"33638",-1317.523176697,"NRI_P050",50
"33639",-2352.48627669702,"NRI_P050",100
"33640",-291.256266697019,"NRI_P050",25
"33641",-1353.48345669699,"NRI_P050",50
"33642",-3794.637016697,"NRI_P050",100
"33643",-158.280926697014,"NRI_P050",25
"33644",559.071463303,"NRI_P050",50
"33645",-2513.10226669701,"NRI_P050",100
"33646",-1396.321596697,"NRI_P050",25
"33647",480.918223302986,"NRI_P050",50
"33648",-3349.186906697,"NRI_P050",100
"33649",289.506153302995,"NRI_P050",25
"33650",-761.879646697023,"NRI_P050",50
"33651",-2571.71431669701,"NRI_P050",100
"33652",-910.596976697008,"NRI_P050",25
"33653",-1642.25588669701,"NRI_P050",50
"33654",-2708.32293669702,"NRI_P050",100
"33655",-2311.028276697,"NRI_P050",25
"33656",-2849.489156697,"NRI_P050",50
"33657",-1295.90915669702,"NRI_P050",100
"33658",793.024783303001,"NRI_P050",25
"33659",-2283.30172669701,"NRI_P050",50
"33660",-2117.42774669701,"NRI_P050",100
"33661",498.843213302986,"NRI_P050",25
"33662",-1884.936436697,"NRI_P050",50
"33663",-2885.339556697,"NRI_P050",100
"33664",29.9535433029814,"NRI_P050",25
"33665",-1322.780106697,"NRI_P050",50
"33666",-777.795186697011,"NRI_P050",100
"33667",-1271.63608669702,"NRI_P050",25
"33668",-2246.252396697,"NRI_P050",50
"33669",-3033.84030669701,"NRI_P050",100
"33670",-278.076656696998,"NRI_P050",25
"33671",-2045.90130669702,"NRI_P050",50
"33672",-2851.07789669701,"NRI_P050",100
"33673",-1765.50110669702,"NRI_P050",25
"33674",-2354.86132669702,"NRI_P050",50
"33675",-2681.42680669701,"NRI_P050",100
"33676",277.470093302982,"NRI_P050",25
"33677",-1807.355766697,"NRI_P050",50
"33678",-77.5342566970212,"NRI_P050",100
"33679",321.926923302992,"NRI_P050",25
"33680",1496.570783303,"NRI_P050",50
"33681",-844.456036696996,"NRI_P050",100
"33682",-1081.859966697,"NRI_P050",25
"33683",-1045.09537669702,"NRI_P050",50
"33684",-333.866886697011,"NRI_P050",100
"33685",959.615343302983,"NRI_P050",25
"33686",-2637.45722669701,"NRI_P050",50
"33687",-1338.21104669702,"NRI_P050",100
"33688",157.897033302987,"NRI_P050",25
"33689",-2015.43320669702,"NRI_P050",50
"33690",754.756863302988,"NRI_P050",100
"33691",-946.746146696998,"NRI_P050",25
"33692",-1308.837576697,"NRI_P050",50
"33693",-3349.89990669701,"NRI_P050",100
"33694",-2909.069906697,"NRI_P050",25
"33695",-2242.52019669701,"NRI_P050",50
"33696",-2237.184326697,"NRI_P050",100
"33697",466.597363302979,"NRI_P050",25
"33698",2046.454933303,"NRI_P050",50
"33699",-2990.37013669702,"NRI_P050",100
"33700",-217.874786697008,"NRI_P050",25
"33701",-42.239366697002,"NRI_P050",50
"33702",-3288.79169669701,"NRI_P050",100
"33703",-226.534146696999,"NRI_P050",25
"33704",-2718.59443669702,"NRI_P050",50
"33705",1885.78272330298,"NRI_P050",100
"33706",-1882.766216697,"NRI_P050",25
"33707",351.000133302994,"NRI_P050",50
"33708",-3381.497756697,"NRI_P050",100
"33709",3.86177330298233,"NRI_P050",25
"33710",-2309.02234669702,"NRI_P050",50
"33711",-2649.742656697,"NRI_P050",100
"33712",-1552.27865669702,"NRI_P050",25
"33713",-3618.715836697,"NRI_P050",50
"33714",-1612.766576697,"NRI_P050",100
"33715",-819.92601669702,"NRI_P050",25
"33716",-1633.97254669701,"NRI_P050",50
"33717",717.671433302981,"NRI_P050",100
"33718",-1598.987776697,"NRI_P050",25
"33719",171.493763302977,"NRI_P050",50
"33720",-2295.59327669701,"NRI_P050",100
"33721",-1049.39339669701,"NRI_P050",25
"33722",-2957.57702669702,"NRI_P050",50
"33723",-1696.546286697,"NRI_P050",100
"33724",-664.995846697013,"NRI_P050",25
"33725",-2631.26109669701,"NRI_P050",50
"33726",2560.451233303,"NRI_P050",100
"33727",-1465.25358669701,"NRI_P050",25
"33728",1550.069743303,"NRI_P050",50
"33729",-2537.89706669701,"NRI_P050",100
"33730",-891.827966697019,"NRI_P050",25
"33731",145.572483302996,"NRI_P050",50
"33732",-3252.29265669701,"NRI_P050",100
"33733",85.1425233029877,"NRI_P050",25
"33734",627.520953302999,"NRI_P050",50
"33735",-1300.20018669701,"NRI_P050",100
"33736",-925.857016697002,"NRI_P050",25
"33737",410.976433303003,"NRI_P050",50
"33738",-2554.50999669702,"NRI_P050",100
"33739",607.471073302993,"NRI_P050",25
"33740",-1226.391266697,"NRI_P050",50
"33741",-3087.102066697,"NRI_P050",100
"33742",-249.735516697023,"NRI_P050",25
"33743",-2596.83542669701,"NRI_P050",50
"33744",37.7117633029993,"NRI_P050",100
"33745",-1061.563626697,"NRI_P050",25
"33746",188.975963303004,"NRI_P050",50
"33747",-3231.725346697,"NRI_P050",100
"33748",-486.872166697023,"NRI_P050",25
"33749",348.710093303001,"NRI_P050",50
"33750",-2501.90388669702,"NRI_P050",100
"33751",-1062.21615669702,"NRI_P050",25
"33752",-1086.59399669702,"NRI_P050",50
"33753",-192.673006697005,"NRI_P050",100
"33754",-338.709746697015,"NRI_P050",25
"33755",-2474.23813669701,"NRI_P050",50
"33756",213.150693303003,"NRI_P050",100
"33757",-1901.07507669702,"NRI_P050",25
"33758",-178.40264669701,"NRI_P050",50
"33759",-2147.66343669701,"NRI_P050",100
"33760",1297.14268330298,"NRI_P050",25
"33761",-703.750066697015,"NRI_P050",50
"33762",3066.57606330299,"NRI_P050",100
"33763",-2274.83250669701,"NRI_P050",25
"33764",-1429.81934669701,"NRI_P050",50
"33765",5208.534793303,"NRI_P050",100
"33766",-1229.856786697,"NRI_P050",25
"33767",1138.589573303,"NRI_P050",50
"33768",-1106.982436697,"NRI_P050",100
"33769",-672.255896696995,"NRI_P050",25
"33770",-1007.91768669701,"NRI_P050",50
"33771",-3344.452046697,"NRI_P050",100
"33772",-1332.021086697,"NRI_P050",25
"33773",1456.309393303,"NRI_P050",50
"33774",-1838.45987669702,"NRI_P050",100
"33775",-598.673656697007,"NRI_P050",25
"33776",-2871.04434669702,"NRI_P050",50
"33777",-3287.555936697,"NRI_P050",100
"33778",995.66819330299,"NRI_P050",25
"33779",878.431503303,"NRI_P050",50
"33780",4464.75767330299,"NRI_P050",100
"33781",-1579.58708669702,"NRI_P050",25
"33782",-547.118306696997,"NRI_P050",50
"33783",-2451.653016697,"NRI_P050",100
"33784",-1842.53928669702,"NRI_P050",25
"33785",-979.089626697008,"NRI_P050",50
"33786",-3668.731266697,"NRI_P050",100
"33787",-2310.41679669701,"NRI_P050",25
"33788",-2317.46584669701,"NRI_P050",50
"33789",-3299.53210669701,"NRI_P050",100
"33790",526.675783302984,"NRI_P050",25
"33791",-337.230286697013,"NRI_P050",50
"33792",-1561.963696697,"NRI_P050",100
"33793",297.464153302979,"NRI_P050",25
"33794",-1279.54312669701,"NRI_P050",50
"33795",151.904303302988,"NRI_P050",100
"33796",445.743393302982,"NRI_P050",25
"33797",-1414.95791669702,"NRI_P050",50
"33798",-2555.199676697,"NRI_P050",100
"33799",302.963633302978,"NRI_P050",25
"33800",-1719.128756697,"NRI_P050",50
"33801",-1284.37078669702,"NRI_P050",100
"33802",-394.181736697006,"NRI_P050",25
"33803",4345.58375330298,"NRI_P050",50
"33804",-1867.28464669702,"NRI_P050",100
"33805",603.154933302983,"NRI_P050",25
"33806",505.174583302985,"NRI_P050",50
"33807",780.759203302994,"NRI_P050",100
"33808",-1840.29009669702,"NRI_P050",25
"33809",-1076.01945669702,"NRI_P050",50
"33810",-3293.11407669701,"NRI_P050",100
"33811",-894.536726696999,"NRI_P050",25
"33812",-2045.87332669701,"NRI_P050",50
"33813",-2119.580406697,"NRI_P050",100
"33814",467.774093302985,"NRI_P050",25
"33815",-2797.32424669701,"NRI_P050",50
"33816",-876.048166697001,"NRI_P050",100
"33817",-2115.027756697,"NRI_P050",25
"33818",-2142.74471669702,"NRI_P050",50
"33819",-2561.28381669702,"NRI_P050",100
"33820",-1419.46044669702,"NRI_P050",25
"33821",-650.168136697001,"NRI_P050",50
"33822",-3305.64357669701,"NRI_P050",100
"33823",392.351113302982,"NRI_P050",25
"33824",-3058.210226697,"NRI_P050",50
"33825",-2044.36377669702,"NRI_P050",100
"33826",1847.29478330299,"NRI_P050",25
"33827",1296.33476330299,"NRI_P050",50
"33828",-2264.10168669702,"NRI_P050",100
"33829",-1739.47166669701,"NRI_P050",25
"33830",-253.038956697012,"NRI_P050",50
"33831",-938.108506696997,"NRI_P050",100
"33832",-1942.54865669701,"NRI_P050",25
"33833",-1018.73134669702,"NRI_P050",50
"33834",-1058.190056697,"NRI_P050",100
"33835",-256.730196696997,"NRI_P050",25
"33836",-2021.69012669701,"NRI_P050",50
"33837",-2433.12389669701,"NRI_P050",100
"33838",-1700.290736697,"NRI_P050",25
"33839",-1534.32200669701,"NRI_P050",50
"33840",-699.890966697014,"NRI_P050",100
"33841",800.831143302988,"NRI_P050",25
"33842",-271.052756696998,"NRI_P050",50
"33843",-2610.46081669701,"NRI_P050",100
"33844",-21.4299866970105,"NRI_P050",25
"33845",-1492.39839669701,"NRI_P050",50
"33846",-2052.71787669702,"NRI_P050",100
"33847",169.537063302996,"NRI_P050",25
"33848",-1187.96644669701,"NRI_P050",50
"33849",-2090.785106697,"NRI_P050",100
"33850",-707.398756697017,"NRI_P050",25
"33851",-2143.75259669701,"NRI_P050",50
"33852",-2468.29601669702,"NRI_P050",100
"33853",-1383.20231669702,"NRI_P050",25
"33854",247.832333302998,"NRI_P050",50
"33855",228.660363303003,"NRI_P050",100
"33856",-738.870806696999,"NRI_P050",25
"33857",433.140993302979,"NRI_P050",50
"33858",-3038.77143669702,"NRI_P050",100
"33859",-321.613626697013,"NRI_P050",25
"33860",-2017.23768669702,"NRI_P050",50
"33861",-1275.48893669702,"NRI_P050",100
"33862",-2394.43686669701,"NRI_P050",25
"33863",-958.491716696997,"NRI_P050",50
"33864",-2616.09647669701,"NRI_P050",100
"33865",-853.248486697004,"NRI_P050",25
"33866",-415.116006697004,"NRI_P050",50
"33867",-2113.26171669702,"NRI_P050",100
"33868",-907.475556696998,"NRI_P050",25
"33869",-2409.92807669702,"NRI_P050",50
"33870",-2844.20774669701,"NRI_P050",100
"33871",-1634.02453669702,"NRI_P050",25
"33872",1849.617543303,"NRI_P050",50
"33873",256.370693303004,"NRI_P050",100
"33874",-868.38668669702,"NRI_P050",25
"33875",-407.984726697003,"NRI_P050",50
"33876",-2798.18800669702,"NRI_P050",100
"33877",-0.297766697010957,"NRI_P050",25
"33878",-239.036726696999,"NRI_P050",50
"33879",-2869.78077669701,"NRI_P050",100
"33880",-1304.84910669702,"NRI_P050",25
"33881",241.523483302997,"NRI_P050",50
"33882",-2721.565756697,"NRI_P050",100
"33883",-1007.52917669702,"NRI_P050",25
"33884",670.657133303001,"NRI_P050",50
"33885",-3678.30420669701,"NRI_P050",100
"33886",-639.912016696995,"NRI_P050",25
"33887",-1761.28172669702,"NRI_P050",50
"33888",-2202.26752669702,"NRI_P050",100
"33889",-372.354516697,"NRI_P050",25
"33890",-1513.51268669701,"NRI_P050",50
"33891",-107.433656697016,"NRI_P050",100
"33892",-933.706006697001,"NRI_P050",25
"33893",-1561.19848669702,"NRI_P050",50
"33894",-2506.14211669701,"NRI_P050",100
"33895",-856.359866697021,"NRI_P050",25
"33896",-2140.26283669702,"NRI_P050",50
"33897",-1835.45249669702,"NRI_P050",100
"33898",-1050.354566697,"NRI_P050",25
"33899",-2208.99219669701,"NRI_P050",50
"33900",-84.9393566969957,"NRI_P050",100
"33901",80.9185010590008,"NRI_P051",25
"33902",-10246.771638941,"NRI_P051",50
"33903",-10131.233948941,"NRI_P051",100
"33904",260.983561058994,"NRI_P051",25
"33905",-6790.86872894102,"NRI_P051",50
"33906",-8214.02761894101,"NRI_P051",100
"33907",11.9010810589825,"NRI_P051",25
"33908",250.552931059006,"NRI_P051",50
"33909",-9546.19646894099,"NRI_P051",100
"33910",14.3947110589943,"NRI_P051",25
"33911",-9125.909218941,"NRI_P051",50
"33912",12013.986291059,"NRI_P051",100
"33913",776.221391058993,"NRI_P051",25
"33914",36.3412110589852,"NRI_P051",50
"33915",-4785.748618941,"NRI_P051",100
"33916",22.3231510589831,"NRI_P051",25
"33917",-9912.87661894099,"NRI_P051",50
"33918",-5422.574748941,"NRI_P051",100
"33919",16.555481058982,"NRI_P051",25
"33920",-9847.02774894101,"NRI_P051",50
"33921",-7880.655388941,"NRI_P051",100
"33922",-10241.685028941,"NRI_P051",25
"33923",-9821.054548941,"NRI_P051",50
"33924",-9760.94543894101,"NRI_P051",100
"33925",-54.5611789410177,"NRI_P051",25
"33926",-9876.23791894101,"NRI_P051",50
"33927",-4070.72219894102,"NRI_P051",100
"33928",-180.11578894101,"NRI_P051",25
"33929",-868.125008941017,"NRI_P051",50
"33930",-7042.753958941,"NRI_P051",100
"33931",165.823351058993,"NRI_P051",25
"33932",3.75355105899507,"NRI_P051",50
"33933",4982.50077105899,"NRI_P051",100
"33934",218.988881058991,"NRI_P051",25
"33935",-2.2781789409928,"NRI_P051",50
"33936",-5190.00733894101,"NRI_P051",100
"33937",44.6113310589863,"NRI_P051",25
"33938",-8832.707328941,"NRI_P051",50
"33939",-8377.93888894102,"NRI_P051",100
"33940",-10165.069108941,"NRI_P051",25
"33941",2515.46003105899,"NRI_P051",50
"33942",-5036.87230894101,"NRI_P051",100
"33943",-9407.428948941,"NRI_P051",25
"33944",443.554991059005,"NRI_P051",50
"33945",-3516.68357894101,"NRI_P051",100
"33946",-75.7805089410103,"NRI_P051",25
"33947",2217.15034105899,"NRI_P051",50
"33948",-9357.70627894101,"NRI_P051",100
"33949",-15.7090589409927,"NRI_P051",25
"33950",-9767.35029894099,"NRI_P051",50
"33951",-8653.458188941,"NRI_P051",100
"33952",-9882.70238894099,"NRI_P051",25
"33953",-2818.71774894101,"NRI_P051",50
"33954",-8204.70441894099,"NRI_P051",100
"33955",2538.97317105898,"NRI_P051",25
"33956",-112.310708941019,"NRI_P051",50
"33957",-6919.51259894102,"NRI_P051",100
"33958",64.4832810589869,"NRI_P051",25
"33959",-10237.003788941,"NRI_P051",50
"33960",-10271.888248941,"NRI_P051",100
"33961",44.4368210590037,"NRI_P051",25
"33962",-9662.827818941,"NRI_P051",50
"33963",-8534.17770894102,"NRI_P051",100
"33964",442.083121058997,"NRI_P051",25
"33965",-9853.87566894101,"NRI_P051",50
"33966",-3027.10238894101,"NRI_P051",100
"33967",-17.7109489410068,"NRI_P051",25
"33968",-8950.424078941,"NRI_P051",50
"33969",3496.35198105901,"NRI_P051",100
"33970",699.054981058987,"NRI_P051",25
"33971",540.008621059009,"NRI_P051",50
"33972",10700.425611059,"NRI_P051",100
"33973",-9186.33098894102,"NRI_P051",25
"33974",-9135.31264894101,"NRI_P051",50
"33975",-10285.534998941,"NRI_P051",100
"33976",2170.11258105899,"NRI_P051",25
"33977",240.937961058982,"NRI_P051",50
"33978",-5888.71734894099,"NRI_P051",100
"33979",236.427241058991,"NRI_P051",25
"33980",-10190.707338941,"NRI_P051",50
"33981",-7325.29887894102,"NRI_P051",100
"33982",-51.8405589410104,"NRI_P051",25
"33983",-8353.84161894099,"NRI_P051",50
"33984",-10006.354688941,"NRI_P051",100
"33985",-115.854408940999,"NRI_P051",25
"33986",1315.39310105899,"NRI_P051",50
"33987",1499.569331059,"NRI_P051",100
"33988",5601.78768105901,"NRI_P051",25
"33989",-9251.01888894101,"NRI_P051",50
"33990",-8103.78324894101,"NRI_P051",100
"33991",-28.6681189410156,"NRI_P051",25
"33992",-136.448488941009,"NRI_P051",50
"33993",-8402.91696894099,"NRI_P051",100
"33994",-155.929958941007,"NRI_P051",25
"33995",4458.93024105902,"NRI_P051",50
"33996",-8533.77124894099,"NRI_P051",100
"33997",-8803.773138941,"NRI_P051",25
"33998",53.551301058993,"NRI_P051",50
"33999",-4484.395148941,"NRI_P051",100
"34000",102.873511059006,"NRI_P051",25
"34001",-9690.503798941,"NRI_P051",50
"34002",-9538.463668941,"NRI_P051",100
"34003",2070.57667105898,"NRI_P051",25
"34004",-9940.02726894099,"NRI_P051",50
"34005",-9485.22694894101,"NRI_P051",100
"34006",-28.3917589409975,"NRI_P051",25
"34007",-165.595548940997,"NRI_P051",50
"34008",-9394.93607894101,"NRI_P051",100
"34009",-228.339228941011,"NRI_P051",25
"34010",762.213031058986,"NRI_P051",50
"34011",-1684.12545894101,"NRI_P051",100
"34012",-10191.912728941,"NRI_P051",25
"34013",1973.75679105899,"NRI_P051",50
"34014",-9908.73942894101,"NRI_P051",100
"34015",100.565011058992,"NRI_P051",25
"34016",-129.322238941008,"NRI_P051",50
"34017",-9428.82118894102,"NRI_P051",100
"34018",4670.58790105899,"NRI_P051",25
"34019",-4756.72994894101,"NRI_P051",50
"34020",-5943.97758894099,"NRI_P051",100
"34021",-9354.819248941,"NRI_P051",25
"34022",-9366.489208941,"NRI_P051",50
"34023",-10112.977838941,"NRI_P051",100
"34024",3003.42081105898,"NRI_P051",25
"34025",681.917491058994,"NRI_P051",50
"34026",-9716.99784894101,"NRI_P051",100
"34027",-9808.17324894099,"NRI_P051",25
"34028",-9038.553428941,"NRI_P051",50
"34029",-5498.100078941,"NRI_P051",100
"34030",927.343881059001,"NRI_P051",25
"34031",5339.66341105898,"NRI_P051",50
"34032",-9335.45971894101,"NRI_P051",100
"34033",654.428101058991,"NRI_P051",25
"34034",289.495961059001,"NRI_P051",50
"34035",-8530.52114894101,"NRI_P051",100
"34036",-8886.501978941,"NRI_P051",25
"34037",-5415.806188941,"NRI_P051",50
"34038",-5885.942868941,"NRI_P051",100
"34039",1146.29628105898,"NRI_P051",25
"34040",2874.39608105901,"NRI_P051",50
"34041",-8985.074928941,"NRI_P051",100
"34042",-34.120498941018,"NRI_P051",25
"34043",1600.28548105899,"NRI_P051",50
"34044",-10169.306318941,"NRI_P051",100
"34045",326.410911059007,"NRI_P051",25
"34046",443.608311058983,"NRI_P051",50
"34047",-7568.17720894099,"NRI_P051",100
"34048",-86.8913489409897,"NRI_P051",25
"34049",-9585.383908941,"NRI_P051",50
"34050",-10020.022788941,"NRI_P051",100
"34051",-94.0160389410157,"NRI_P051",25
"34052",101.566491058999,"NRI_P051",50
"34053",-5192.717648941,"NRI_P051",100
"34054",-114.58711894101,"NRI_P051",25
"34055",-9552.752028941,"NRI_P051",50
"34056",-8060.53774894102,"NRI_P051",100
"34057",-10293.241578941,"NRI_P051",25
"34058",178.010391058982,"NRI_P051",50
"34059",326.239441059006,"NRI_P051",100
"34060",2483.16210105899,"NRI_P051",25
"34061",-9296.63710894101,"NRI_P051",50
"34062",-5768.612408941,"NRI_P051",100
"34063",-10336.009818941,"NRI_P051",25
"34064",1.85490105900681,"NRI_P051",50
"34065",-9865.67254894102,"NRI_P051",100
"34066",-104.775998941011,"NRI_P051",25
"34067",-31.1352989409934,"NRI_P051",50
"34068",-10306.169758941,"NRI_P051",100
"34069",4620.49661105897,"NRI_P051",25
"34070",1410.398981059,"NRI_P051",50
"34071",-8169.09879894101,"NRI_P051",100
"34072",104.963211058988,"NRI_P051",25
"34073",853.591401059006,"NRI_P051",50
"34074",-7116.45476894101,"NRI_P051",100
"34075",-10420.950008941,"NRI_P051",25
"34076",338.154091058997,"NRI_P051",50
"34077",-9225.83987894101,"NRI_P051",100
"34078",-40.6723689410137,"NRI_P051",25
"34079",-10090.982008941,"NRI_P051",50
"34080",-609.669788941013,"NRI_P051",100
"34081",2092.53392105899,"NRI_P051",25
"34082",1188.717581059,"NRI_P051",50
"34083",-9965.34409894102,"NRI_P051",100
"34084",39.0476510589942,"NRI_P051",25
"34085",5957.589791059,"NRI_P051",50
"34086",-6839.246218941,"NRI_P051",100
"34087",-10063.817728941,"NRI_P051",25
"34088",856.636361059005,"NRI_P051",50
"34089",597.417211058986,"NRI_P051",100
"34090",1275.771691059,"NRI_P051",25
"34091",3938.71261105899,"NRI_P051",50
"34092",-9701.376088941,"NRI_P051",100
"34093",-9592.302488941,"NRI_P051",25
"34094",360.373621059,"NRI_P051",50
"34095",-10025.224758941,"NRI_P051",100
"34096",8.89561105900793,"NRI_P051",25
"34097",-3198.80700894102,"NRI_P051",50
"34098",-3794.26457894102,"NRI_P051",100
"34099",259.150911058998,"NRI_P051",25
"34100",-10081.829988941,"NRI_P051",50
"34101",-7079.06222894101,"NRI_P051",100
"34102",32.6676710589963,"NRI_P051",25
"34103",-127.885558940994,"NRI_P051",50
"34104",-9507.823598941,"NRI_P051",100
"34105",934.197481059004,"NRI_P051",25
"34106",-9130.50047894102,"NRI_P051",50
"34107",-9094.242388941,"NRI_P051",100
"34108",-175.648438941018,"NRI_P051",25
"34109",897.358611058997,"NRI_P051",50
"34110",-4766.48106894101,"NRI_P051",100
"34111",1411.32585105899,"NRI_P051",25
"34112",4714.71796105898,"NRI_P051",50
"34113",-3305.26303894099,"NRI_P051",100
"34114",-10123.111978941,"NRI_P051",25
"34115",-4676.630188941,"NRI_P051",50
"34116",-10130.978968941,"NRI_P051",100
"34117",-16.863708941004,"NRI_P051",25
"34118",-9641.33890894099,"NRI_P051",50
"34119",-10372.796938941,"NRI_P051",100
"34120",1475.116711059,"NRI_P051",25
"34121",-9673.93964894101,"NRI_P051",50
"34122",-8020.143368941,"NRI_P051",100
"34123",-39.2395589410153,"NRI_P051",25
"34124",-10023.264808941,"NRI_P051",50
"34125",-9714.17844894101,"NRI_P051",100
"34126",-25.3442289410159,"NRI_P051",25
"34127",-10153.412028941,"NRI_P051",50
"34128",-9565.87007894099,"NRI_P051",100
"34129",-155.126858941017,"NRI_P051",25
"34130",224.409231058991,"NRI_P051",50
"34131",-8487.69723894101,"NRI_P051",100
"34132",228.132551058981,"NRI_P051",25
"34133",-8874.818618941,"NRI_P051",50
"34134",-9289.14640894101,"NRI_P051",100
"34135",611.746121058997,"NRI_P051",25
"34136",-10246.624148941,"NRI_P051",50
"34137",-9617.109778941,"NRI_P051",100
"34138",88.3846810589894,"NRI_P051",25
"34139",-9997.219108941,"NRI_P051",50
"34140",-7428.93581894101,"NRI_P051",100
"34141",2726.33201105898,"NRI_P051",25
"34142",329.414191058982,"NRI_P051",50
"34143",-5133.880208941,"NRI_P051",100
"34144",289.298621058988,"NRI_P051",25
"34145",-10239.779558941,"NRI_P051",50
"34146",-4238.74167894101,"NRI_P051",100
"34147",122.191371058987,"NRI_P051",25
"34148",-10414.553498941,"NRI_P051",50
"34149",-10313.799818941,"NRI_P051",100
"34150",2599.19645105899,"NRI_P051",25
"34151",-8877.61182894101,"NRI_P051",50
"34152",-8722.49343894099,"NRI_P051",100
"34153",16.6166710589896,"NRI_P051",25
"34154",-9240.98755894101,"NRI_P051",50
"34155",-5641.58138894101,"NRI_P051",100
"34156",-10117.847408941,"NRI_P051",25
"34157",-98.1440389410127,"NRI_P051",50
"34158",-1925.31681894101,"NRI_P051",100
"34159",7145.84321105902,"NRI_P051",25
"34160",492.127561058995,"NRI_P051",50
"34161",-9955.32155894101,"NRI_P051",100
"34162",-10161.451948941,"NRI_P051",25
"34163",677.110321059008,"NRI_P051",50
"34164",-7592.14950894102,"NRI_P051",100
"34165",-10370.000198941,"NRI_P051",25
"34166",-10365.018338941,"NRI_P051",50
"34167",-4747.629378941,"NRI_P051",100
"34168",215.367141058989,"NRI_P051",25
"34169",-9987.40687894099,"NRI_P051",50
"34170",-5869.17377894101,"NRI_P051",100
"34171",-9089.57512894101,"NRI_P051",25
"34172",126.175911058992,"NRI_P051",50
"34173",-9679.90120894101,"NRI_P051",100
"34174",-269.291858940996,"NRI_P051",25
"34175",-108.463728941017,"NRI_P051",50
"34176",-336.518468941009,"NRI_P051",100
"34177",67.4005910590058,"NRI_P051",25
"34178",-191.213658941007,"NRI_P051",50
"34179",-7508.504558941,"NRI_P051",100
"34180",-10137.040648941,"NRI_P051",25
"34181",-8065.22389894101,"NRI_P051",50
"34182",-10328.681228941,"NRI_P051",100
"34183",207.770281058998,"NRI_P051",25
"34184",-23.9181389409932,"NRI_P051",50
"34185",-4007.95551894102,"NRI_P051",100
"34186",278.331681059004,"NRI_P051",25
"34187",-208.407448940998,"NRI_P051",50
"34188",-8625.91014894101,"NRI_P051",100
"34189",119.029241059005,"NRI_P051",25
"34190",-14.1274089410144,"NRI_P051",50
"34191",7707.25666105901,"NRI_P051",100
"34192",-220.935938940995,"NRI_P051",25
"34193",2600.42505105899,"NRI_P051",50
"34194",-9836.13426894101,"NRI_P051",100
"34195",-10363.350028941,"NRI_P051",25
"34196",-10152.544658941,"NRI_P051",50
"34197",-10220.569428941,"NRI_P051",100
"34198",-44.8938989409944,"NRI_P051",25
"34199",-10148.834968941,"NRI_P051",50
"34200",-9180.83745894101,"NRI_P051",100
"34201",0.00840876600705087,"NRI_P052",25
"34202",0.00840876600705087,"NRI_P052",50
"34203",1867.881328766,"NRI_P052",100
"34204",0.00840876600705087,"NRI_P052",25
"34205",0.00840876600705087,"NRI_P052",50
"34206",2613.92780876602,"NRI_P052",100
"34207",0.00840876600705087,"NRI_P052",25
"34208",0.00840876600705087,"NRI_P052",50
"34209",-373.848211234028,"NRI_P052",100
"34210",0.00840876600705087,"NRI_P052",25
"34211",0.00840876600705087,"NRI_P052",50
"34212",297.433958765992,"NRI_P052",100
"34213",0.00840876600705087,"NRI_P052",25
"34214",0.00840876600705087,"NRI_P052",50
"34215",4755.213328766,"NRI_P052",100
"34216",0.00840876600705087,"NRI_P052",25
"34217",0.00840876600705087,"NRI_P052",50
"34218",1861.92400876601,"NRI_P052",100
"34219",0.00840876600705087,"NRI_P052",25
"34220",0.00840876600705087,"NRI_P052",50
"34221",2007.304908766,"NRI_P052",100
"34222",0.00840876600705087,"NRI_P052",25
"34223",0.00840876600705087,"NRI_P052",50
"34224",120.061208766012,"NRI_P052",100
"34225",0.00840876600705087,"NRI_P052",25
"34226",0.00840876600705087,"NRI_P052",50
"34227",553.411008765979,"NRI_P052",100
"34228",0.00840876600705087,"NRI_P052",25
"34229",0.00840876600705087,"NRI_P052",50
"34230",-181.480591233994,"NRI_P052",100
"34231",0.00840876600705087,"NRI_P052",25
"34232",0.00840876600705087,"NRI_P052",50
"34233",63.3097987659858,"NRI_P052",100
"34234",0.00840876600705087,"NRI_P052",25
"34235",0.00840876600705087,"NRI_P052",50
"34236",-734.236251234019,"NRI_P052",100
"34237",0.00840876600705087,"NRI_P052",25
"34238",0.00840876600705087,"NRI_P052",50
"34239",208.605408766016,"NRI_P052",100
"34240",0.00840876600705087,"NRI_P052",25
"34241",0.00840876600705087,"NRI_P052",50
"34242",1920.01050876599,"NRI_P052",100
"34243",0.00840876600705087,"NRI_P052",25
"34244",0.00840876600705087,"NRI_P052",50
"34245",-24.9958112339955,"NRI_P052",100
"34246",0.00840876600705087,"NRI_P052",25
"34247",0.00840876600705087,"NRI_P052",50
"34248",-859.08099123399,"NRI_P052",100
"34249",0.00840876600705087,"NRI_P052",25
"34250",0.00840876600705087,"NRI_P052",50
"34251",347.235408766021,"NRI_P052",100
"34252",0.00840876600705087,"NRI_P052",25
"34253",0.00840876600705087,"NRI_P052",50
"34254",-3127.50719123404,"NRI_P052",100
"34255",0.00840876600705087,"NRI_P052",25
"34256",0.00840876600705087,"NRI_P052",50
"34257",862.543608765991,"NRI_P052",100
"34258",0.00840876600705087,"NRI_P052",25
"34259",0.00840876600705087,"NRI_P052",50
"34260",406.971218766004,"NRI_P052",100
"34261",0.00840876600705087,"NRI_P052",25
"34262",0.00840876600705087,"NRI_P052",50
"34263",-673.634991233994,"NRI_P052",100
"34264",0.00840876600705087,"NRI_P052",25
"34265",0.00840876600705087,"NRI_P052",50
"34266",969.105228765984,"NRI_P052",100
"34267",0.00840876600705087,"NRI_P052",25
"34268",0.00840876600705087,"NRI_P052",50
"34269",-285.87489123398,"NRI_P052",100
"34270",0.00840876600705087,"NRI_P052",25
"34271",0.00840876600705087,"NRI_P052",50
"34272",73.9645187659771,"NRI_P052",100
"34273",0.00840876600705087,"NRI_P052",25
"34274",0.00840876600705087,"NRI_P052",50
"34275",-4.0660212340299,"NRI_P052",100
"34276",0.00840876600705087,"NRI_P052",25
"34277",0.00840876600705087,"NRI_P052",50
"34278",333.022108766017,"NRI_P052",100
"34279",0.00840876600705087,"NRI_P052",25
"34280",0.00840876600705087,"NRI_P052",50
"34281",-294.375391234003,"NRI_P052",100
"34282",0.00840876600705087,"NRI_P052",25
"34283",0.00840876600705087,"NRI_P052",50
"34284",-1303.370391234,"NRI_P052",100
"34285",0.00840876600705087,"NRI_P052",25
"34286",0.00840876600705087,"NRI_P052",50
"34287",-871.172991233994,"NRI_P052",100
"34288",0.00840876600705087,"NRI_P052",25
"34289",0.00840876600705087,"NRI_P052",50
"34290",-841.093691234011,"NRI_P052",100
"34291",0.00840876600705087,"NRI_P052",25
"34292",0.00840876600705087,"NRI_P052",50
"34293",766.83882876602,"NRI_P052",100
"34294",0.00840876600705087,"NRI_P052",25
"34295",0.00840876600705087,"NRI_P052",50
"34296",-10.018901234027,"NRI_P052",100
"34297",0.00840876600705087,"NRI_P052",25
"34298",0.00840876600705087,"NRI_P052",50
"34299",786.986808765971,"NRI_P052",100
"34300",0.00840876600705087,"NRI_P052",25
"34301",0.00840876600705087,"NRI_P052",50
"34302",882.568408766005,"NRI_P052",100
"34303",0.00840876600705087,"NRI_P052",25
"34304",0.00840876600705087,"NRI_P052",50
"34305",114.148078766011,"NRI_P052",100
"34306",0.00840876600705087,"NRI_P052",25
"34307",0.00840876600705087,"NRI_P052",50
"34308",1.01061876601307,"NRI_P052",100
"34309",0.00840876600705087,"NRI_P052",25
"34310",0.00840876600705087,"NRI_P052",50
"34311",398.933208765986,"NRI_P052",100
"34312",0.00840876600705087,"NRI_P052",25
"34313",0.00840876600705087,"NRI_P052",50
"34314",382.593008766009,"NRI_P052",100
"34315",0.00840876600705087,"NRI_P052",25
"34316",0.00840876600705087,"NRI_P052",50
"34317",-615.384291234019,"NRI_P052",100
"34318",0.00840876600705087,"NRI_P052",25
"34319",0.00840876600705087,"NRI_P052",50
"34320",107.17060876597,"NRI_P052",100
"34321",0.00840876600705087,"NRI_P052",25
"34322",0.00840876600705087,"NRI_P052",50
"34323",1934.27130876598,"NRI_P052",100
"34324",0.00840876600705087,"NRI_P052",25
"34325",0.00840876600705087,"NRI_P052",50
"34326",-276.246391233988,"NRI_P052",100
"34327",0.00840876600705087,"NRI_P052",25
"34328",0.00840876600705087,"NRI_P052",50
"34329",-212.422291234019,"NRI_P052",100
"34330",0.00840876600705087,"NRI_P052",25
"34331",0.00840876600705087,"NRI_P052",50
"34332",1478.90810876602,"NRI_P052",100
"34333",0.00840876600705087,"NRI_P052",25
"34334",0.00840876600705087,"NRI_P052",50
"34335",-1625.796891234,"NRI_P052",100
"34336",0.00840876600705087,"NRI_P052",25
"34337",0.00840876600705087,"NRI_P052",50
"34338",-1124.42259123403,"NRI_P052",100
"34339",0.00840876600705087,"NRI_P052",25
"34340",0.00840876600705087,"NRI_P052",50
"34341",172.666958766,"NRI_P052",100
"34342",0.00840876600705087,"NRI_P052",25
"34343",0.00840876600705087,"NRI_P052",50
"34344",-2095.55649123399,"NRI_P052",100
"34345",0.00840876600705087,"NRI_P052",25
"34346",0.00840876600705087,"NRI_P052",50
"34347",-483.308991233993,"NRI_P052",100
"34348",0.00840876600705087,"NRI_P052",25
"34349",0.00840876600705087,"NRI_P052",50
"34350",57.2896187659935,"NRI_P052",100
"34351",0.00840876600705087,"NRI_P052",25
"34352",0.00840876600705087,"NRI_P052",50
"34353",-489.537601233984,"NRI_P052",100
"34354",0.00840876600705087,"NRI_P052",25
"34355",0.00840876600705087,"NRI_P052",50
"34356",12700.580308766,"NRI_P052",100
"34357",0.00840876600705087,"NRI_P052",25
"34358",0.00840876600705087,"NRI_P052",50
"34359",-870.54219123401,"NRI_P052",100
"34360",0.00840876600705087,"NRI_P052",25
"34361",0.00840876600705087,"NRI_P052",50
"34362",-718.543661234027,"NRI_P052",100
"34363",0.00840876600705087,"NRI_P052",25
"34364",0.00840876600705087,"NRI_P052",50
"34365",707.318008765986,"NRI_P052",100
"34366",0.00840876600705087,"NRI_P052",25
"34367",0.00840876600705087,"NRI_P052",50
"34368",-497.779091234028,"NRI_P052",100
"34369",0.00840876600705087,"NRI_P052",25
"34370",0.00840876600705087,"NRI_P052",50
"34371",3332.92350876599,"NRI_P052",100
"34372",0.00840876600705087,"NRI_P052",25
"34373",0.00840876600705087,"NRI_P052",50
"34374",-5804.49859123403,"NRI_P052",100
"34375",0.00840876600705087,"NRI_P052",25
"34376",0.00840876600705087,"NRI_P052",50
"34377",1223.25240876601,"NRI_P052",100
"34378",0.00840876600705087,"NRI_P052",25
"34379",0.00840876600705087,"NRI_P052",50
"34380",490.237708766013,"NRI_P052",100
"34381",0.00840876600705087,"NRI_P052",25
"34382",0.00840876600705087,"NRI_P052",50
"34383",-883.441791234014,"NRI_P052",100
"34384",0.00840876600705087,"NRI_P052",25
"34385",0.00840876600705087,"NRI_P052",50
"34386",-588.36039123399,"NRI_P052",100
"34387",0.00840876600705087,"NRI_P052",25
"34388",0.00840876600705087,"NRI_P052",50
"34389",14989.607558766,"NRI_P052",100
"34390",0.00840876600705087,"NRI_P052",25
"34391",0.00840876600705087,"NRI_P052",50
"34392",39.3780987659702,"NRI_P052",100
"34393",0.00840876600705087,"NRI_P052",25
"34394",0.00840876600705087,"NRI_P052",50
"34395",-187.288991234032,"NRI_P052",100
"34396",0.00840876600705087,"NRI_P052",25
"34397",0.00840876600705087,"NRI_P052",50
"34398",-3229.72679123399,"NRI_P052",100
"34399",0.00840876600705087,"NRI_P052",25
"34400",0.00840876600705087,"NRI_P052",50
"34401",-666.376191233983,"NRI_P052",100
"34402",0.00840876600705087,"NRI_P052",25
"34403",0.00840876600705087,"NRI_P052",50
"34404",5.3700487659662,"NRI_P052",100
"34405",0.00840876600705087,"NRI_P052",25
"34406",0.00840876600705087,"NRI_P052",50
"34407",5323.652908766,"NRI_P052",100
"34408",0.00840876600705087,"NRI_P052",25
"34409",0.00840876600705087,"NRI_P052",50
"34410",-311.554031234002,"NRI_P052",100
"34411",0.00840876600705087,"NRI_P052",25
"34412",0.00840876600705087,"NRI_P052",50
"34413",-1832.81979123398,"NRI_P052",100
"34414",0.00840876600705087,"NRI_P052",25
"34415",0.00840876600705087,"NRI_P052",50
"34416",461.075348765997,"NRI_P052",100
"34417",0.00840876600705087,"NRI_P052",25
"34418",0.00840876600705087,"NRI_P052",50
"34419",354.668438765977,"NRI_P052",100
"34420",0.00840876600705087,"NRI_P052",25
"34421",0.00840876600705087,"NRI_P052",50
"34422",1582.286408766,"NRI_P052",100
"34423",0.00840876600705087,"NRI_P052",25
"34424",0.00840876600705087,"NRI_P052",50
"34425",-928.498691233981,"NRI_P052",100
"34426",0.00840876600705087,"NRI_P052",25
"34427",0.00840876600705087,"NRI_P052",50
"34428",-262.188991233998,"NRI_P052",100
"34429",0.00840876600705087,"NRI_P052",25
"34430",0.00840876600705087,"NRI_P052",50
"34431",1277.16000876599,"NRI_P052",100
"34432",0.00840876600705087,"NRI_P052",25
"34433",0.00840876600705087,"NRI_P052",50
"34434",304.263378766016,"NRI_P052",100
"34435",0.00840876600705087,"NRI_P052",25
"34436",0.00840876600705087,"NRI_P052",50
"34437",108.696728765965,"NRI_P052",100
"34438",0.00840876600705087,"NRI_P052",25
"34439",0.00840876600705087,"NRI_P052",50
"34440",972.515118765994,"NRI_P052",100
"34441",0.00840876600705087,"NRI_P052",25
"34442",0.00840876600705087,"NRI_P052",50
"34443",-43.1482812340255,"NRI_P052",100
"34444",0.00840876600705087,"NRI_P052",25
"34445",0.00840876600705087,"NRI_P052",50
"34446",1860.536508766,"NRI_P052",100
"34447",0.00840876600705087,"NRI_P052",25
"34448",0.00840876600705087,"NRI_P052",50
"34449",4193.59467876598,"NRI_P052",100
"34450",0.00840876600705087,"NRI_P052",25
"34451",0.00840876600705087,"NRI_P052",50
"34452",-900.123881234031,"NRI_P052",100
"34453",0.00840876600705087,"NRI_P052",25
"34454",0.00840876600705087,"NRI_P052",50
"34455",-1011.79059123399,"NRI_P052",100
"34456",0.00840876600705087,"NRI_P052",25
"34457",0.00840876600705087,"NRI_P052",50
"34458",-423.158691234014,"NRI_P052",100
"34459",0.00840876600705087,"NRI_P052",25
"34460",0.00840876600705087,"NRI_P052",50
"34461",1623.060258766,"NRI_P052",100
"34462",0.00840876600705087,"NRI_P052",25
"34463",0.00840876600705087,"NRI_P052",50
"34464",67.0927087659948,"NRI_P052",100
"34465",0.00840876600705087,"NRI_P052",25
"34466",0.00840876600705087,"NRI_P052",50
"34467",362.845248766011,"NRI_P052",100
"34468",0.00840876600705087,"NRI_P052",25
"34469",0.00840876600705087,"NRI_P052",50
"34470",-711.281161234016,"NRI_P052",100
"34471",0.00840876600705087,"NRI_P052",25
"34472",0.00840876600705087,"NRI_P052",50
"34473",-936.279591233993,"NRI_P052",100
"34474",0.00840876600705087,"NRI_P052",25
"34475",0.00840876600705087,"NRI_P052",50
"34476",-48.5235912339995,"NRI_P052",100
"34477",0.00840876600705087,"NRI_P052",25
"34478",0.00840876600705087,"NRI_P052",50
"34479",1621.02267876599,"NRI_P052",100
"34480",0.00840876600705087,"NRI_P052",25
"34481",0.00840876600705087,"NRI_P052",50
"34482",-12741.060191234,"NRI_P052",100
"34483",0.00840876600705087,"NRI_P052",25
"34484",0.00840876600705087,"NRI_P052",50
"34485",722.730808765977,"NRI_P052",100
"34486",0.00840876600705087,"NRI_P052",25
"34487",0.00840876600705087,"NRI_P052",50
"34488",732.806408766017,"NRI_P052",100
"34489",0.00840876600705087,"NRI_P052",25
"34490",0.00840876600705087,"NRI_P052",50
"34491",-285.93281123403,"NRI_P052",100
"34492",0.00840876600705087,"NRI_P052",25
"34493",0.00840876600705087,"NRI_P052",50
"34494",-356.471961233998,"NRI_P052",100
"34495",0.00840876600705087,"NRI_P052",25
"34496",0.00840876600705087,"NRI_P052",50
"34497",-360.637891234015,"NRI_P052",100
"34498",0.00840876600705087,"NRI_P052",25
"34499",0.00840876600705087,"NRI_P052",50
"34500",-2001.637591234,"NRI_P052",100
"34501",-2049.21803351806,"NRI_P053",25
"34502",-7643.52523351804,"NRI_P053",50
"34503",-3357.95933351805,"NRI_P053",100
"34504",642.466046481975,"NRI_P053",25
"34505",1572.85184648196,"NRI_P053",50
"34506",888.595736481948,"NRI_P053",100
"34507",13700.165946482,"NRI_P053",25
"34508",-203.544273518026,"NRI_P053",50
"34509",-7529.17290351802,"NRI_P053",100
"34510",554.434406481974,"NRI_P053",25
"34511",3909.43816648197,"NRI_P053",50
"34512",-6733.90697351802,"NRI_P053",100
"34513",1032.28914648195,"NRI_P053",25
"34514",-1837.11429351801,"NRI_P053",50
"34515",3310.19798648194,"NRI_P053",100
"34516",-1775.91145351803,"NRI_P053",25
"34517",-5296.52262351802,"NRI_P053",50
"34518",-2842.05589351803,"NRI_P053",100
"34519",-277.375843518006,"NRI_P053",25
"34520",340.02567648195,"NRI_P053",50
"34521",-3506.80525351805,"NRI_P053",100
"34522",-818.063863518008,"NRI_P053",25
"34523",-2346.27551351802,"NRI_P053",50
"34524",-8965.93437351804,"NRI_P053",100
"34525",52.6958564819652,"NRI_P053",25
"34526",-4340.49171351804,"NRI_P053",50
"34527",-3941.87339351804,"NRI_P053",100
"34528",-38.2607435180107,"NRI_P053",25
"34529",-5831.29383351805,"NRI_P053",50
"34530",-7416.24561351805,"NRI_P053",100
"34531",8578.49696648197,"NRI_P053",25
"34532",-8717.805943518,"NRI_P053",50
"34533",-8204.86752351804,"NRI_P053",100
"34534",-7005.74234351801,"NRI_P053",25
"34535",-1230.67110351805,"NRI_P053",50
"34536",-3665.93789351801,"NRI_P053",100
"34537",9965.00497648196,"NRI_P053",25
"34538",-2293.794553518,"NRI_P053",50
"34539",-18.0066535180085,"NRI_P053",100
"34540",-2141.12412351801,"NRI_P053",25
"34541",3118.04294648196,"NRI_P053",50
"34542",-10301.071163518,"NRI_P053",100
"34543",-5176.47814351803,"NRI_P053",25
"34544",-8621.71096351801,"NRI_P053",50
"34545",-8693.10661351803,"NRI_P053",100
"34546",-6485.63334351801,"NRI_P053",25
"34547",-5831.55040351802,"NRI_P053",50
"34548",2953.02389648196,"NRI_P053",100
"34549",84.6624464819906,"NRI_P053",25
"34550",-8287.03774351801,"NRI_P053",50
"34551",-3245.21403351804,"NRI_P053",100
"34552",-460.00730351801,"NRI_P053",25
"34553",-853.222243518045,"NRI_P053",50
"34554",-5942.67773351801,"NRI_P053",100
"34555",4598.78655648197,"NRI_P053",25
"34556",-1732.19962351804,"NRI_P053",50
"34557",-7578.653133518,"NRI_P053",100
"34558",-203.645543518011,"NRI_P053",25
"34559",-7080.28775351803,"NRI_P053",50
"34560",-6144.75608351803,"NRI_P053",100
"34561",-2711.27512351802,"NRI_P053",25
"34562",-9281.93974351801,"NRI_P053",50
"34563",-8285.71323351801,"NRI_P053",100
"34564",1036.43098648195,"NRI_P053",25
"34565",-2742.57475351804,"NRI_P053",50
"34566",-4478.51800351805,"NRI_P053",100
"34567",-2768.72447351803,"NRI_P053",25
"34568",-668.296473518014,"NRI_P053",50
"34569",3627.54936648195,"NRI_P053",100
"34570",-6804.93452351802,"NRI_P053",25
"34571",-7236.08679351804,"NRI_P053",50
"34572",-3968.77704351803,"NRI_P053",100
"34573",-64.3987135180505,"NRI_P053",25
"34574",5980.45415648195,"NRI_P053",50
"34575",-9828.199213518,"NRI_P053",100
"34576",-2.292533518048,"NRI_P053",25
"34577",-6486.67544351803,"NRI_P053",50
"34578",-7000.40234351804,"NRI_P053",100
"34579",11362.958716482,"NRI_P053",25
"34580",1205.45815648197,"NRI_P053",50
"34581",-6061.53185351804,"NRI_P053",100
"34582",-3682.54144351801,"NRI_P053",25
"34583",3148.78374648199,"NRI_P053",50
"34584",-8941.18585351802,"NRI_P053",100
"34585",2442.36295648199,"NRI_P053",25
"34586",-1090.05878351803,"NRI_P053",50
"34587",-5224.33309351804,"NRI_P053",100
"34588",-6031.35594351805,"NRI_P053",25
"34589",853.911806481949,"NRI_P053",50
"34590",-8767.57799351803,"NRI_P053",100
"34591",-941.542453518021,"NRI_P053",25
"34592",10709.4238764819,"NRI_P053",50
"34593",-8521.87062351801,"NRI_P053",100
"34594",-5498.70654351806,"NRI_P053",25
"34595",954.644756481983,"NRI_P053",50
"34596",-4176.30084351805,"NRI_P053",100
"34597",5503.28455648199,"NRI_P053",25
"34598",-919.742303518055,"NRI_P053",50
"34599",-652.001353518048,"NRI_P053",100
"34600",5483.457166482,"NRI_P053",25
"34601",-6034.25519351801,"NRI_P053",50
"34602",677.909566481947,"NRI_P053",100
"34603",-1933.34034351801,"NRI_P053",25
"34604",-172.287393518025,"NRI_P053",50
"34605",4302.72325648199,"NRI_P053",100
"34606",-6467.58113351802,"NRI_P053",25
"34607",-1654.55301351805,"NRI_P053",50
"34608",-10163.106663518,"NRI_P053",100
"34609",-1888.97274351801,"NRI_P053",25
"34610",1944.35063648195,"NRI_P053",50
"34611",4611.00530648197,"NRI_P053",100
"34612",-2557.93144351803,"NRI_P053",25
"34613",9933.76589648199,"NRI_P053",50
"34614",-8175.99721351801,"NRI_P053",100
"34615",-5022.58210351801,"NRI_P053",25
"34616",-930.887593518011,"NRI_P053",50
"34617",-6555.14442351804,"NRI_P053",100
"34618",-1369.03750351805,"NRI_P053",25
"34619",523.669586481992,"NRI_P053",50
"34620",-6788.54527351802,"NRI_P053",100
"34621",-821.933133518032,"NRI_P053",25
"34622",-765.381353518052,"NRI_P053",50
"34623",-5872.18319351802,"NRI_P053",100
"34624",8091.97537648195,"NRI_P053",25
"34625",-843.216903518012,"NRI_P053",50
"34626",515.880966481986,"NRI_P053",100
"34627",-1169.79373351805,"NRI_P053",25
"34628",-1775.38537351805,"NRI_P053",50
"34629",-5210.20136351802,"NRI_P053",100
"34630",6189.70365648199,"NRI_P053",25
"34631",191.708376481954,"NRI_P053",50
"34632",-5206.48833351803,"NRI_P053",100
"34633",-2418.62694351806,"NRI_P053",25
"34634",-3731.77746351802,"NRI_P053",50
"34635",-901.979633518029,"NRI_P053",100
"34636",8879.62267648196,"NRI_P053",25
"34637",3264.56700648199,"NRI_P053",50
"34638",-7803.83520351804,"NRI_P053",100
"34639",1041.56287648197,"NRI_P053",25
"34640",-2665.78345351806,"NRI_P053",50
"34641",-4247.07412351802,"NRI_P053",100
"34642",-1274.82904351805,"NRI_P053",25
"34643",-10135.349143518,"NRI_P053",50
"34644",-6853.92157351802,"NRI_P053",100
"34645",-6332.65235351806,"NRI_P053",25
"34646",-5567.97435351805,"NRI_P053",50
"34647",-6907.73221351806,"NRI_P053",100
"34648",3107.11684648198,"NRI_P053",25
"34649",7503.69143648195,"NRI_P053",50
"34650",-7312.42960351805,"NRI_P053",100
"34651",-1442.64022351801,"NRI_P053",25
"34652",3404.35858648195,"NRI_P053",50
"34653",-7383.65394351806,"NRI_P053",100
"34654",-5431.49842351803,"NRI_P053",25
"34655",-1329.41845351801,"NRI_P053",50
"34656",-7192.26928351802,"NRI_P053",100
"34657",-766.625853518024,"NRI_P053",25
"34658",3112.95051648194,"NRI_P053",50
"34659",-979.576803518052,"NRI_P053",100
"34660",505.563256481953,"NRI_P053",25
"34661",-5098.27533351805,"NRI_P053",50
"34662",-5513.84954351804,"NRI_P053",100
"34663",-681.606033518037,"NRI_P053",25
"34664",936.823906481965,"NRI_P053",50
"34665",-7514.45377351803,"NRI_P053",100
"34666",-649.960813518032,"NRI_P053",25
"34667",-25.3583635180257,"NRI_P053",50
"34668",-6472.28837351804,"NRI_P053",100
"34669",-603.523473518027,"NRI_P053",25
"34670",-2075.26822351804,"NRI_P053",50
"34671",-8835.67494351801,"NRI_P053",100
"34672",-1009.06121351803,"NRI_P053",25
"34673",-6452.15703351801,"NRI_P053",50
"34674",-6346.74508351804,"NRI_P053",100
"34675",1069.19337648194,"NRI_P053",25
"34676",1523.08347648196,"NRI_P053",50
"34677",227.019326481968,"NRI_P053",100
"34678",2931.00473648199,"NRI_P053",25
"34679",324.293176481966,"NRI_P053",50
"34680",917.974996481964,"NRI_P053",100
"34681",1213.68014648196,"NRI_P053",25
"34682",1137.435456482,"NRI_P053",50
"34683",-7734.51512351801,"NRI_P053",100
"34684",-2008.64455351804,"NRI_P053",25
"34685",-52.6165235180524,"NRI_P053",50
"34686",-5721.84732351801,"NRI_P053",100
"34687",-7394.50924351806,"NRI_P053",25
"34688",17493.623876482,"NRI_P053",50
"34689",-7036.47210351803,"NRI_P053",100
"34690",1465.16145648196,"NRI_P053",25
"34691",-8607.11535351805,"NRI_P053",50
"34692",-2895.62796351803,"NRI_P053",100
"34693",4281.72907648195,"NRI_P053",25
"34694",-654.459413518023,"NRI_P053",50
"34695",904.36737648194,"NRI_P053",100
"34696",-499.384503518057,"NRI_P053",25
"34697",-7400.35459351802,"NRI_P053",50
"34698",-6833.30920351803,"NRI_P053",100
"34699",-679.113873518014,"NRI_P053",25
"34700",2487.13292648195,"NRI_P053",50
"34701",-1460.10459351802,"NRI_P053",100
"34702",215.223856481956,"NRI_P053",25
"34703",3004.11140648194,"NRI_P053",50
"34704",-5390.61419351801,"NRI_P053",100
"34705",2399.13464648195,"NRI_P053",25
"34706",-187.809003518021,"NRI_P053",50
"34707",8563.22390648199,"NRI_P053",100
"34708",1986.06405648199,"NRI_P053",25
"34709",-1324.42645351804,"NRI_P053",50
"34710",-7696.96446351806,"NRI_P053",100
"34711",-1409.69674351806,"NRI_P053",25
"34712",658.664146481955,"NRI_P053",50
"34713",-6446.78249351803,"NRI_P053",100
"34714",3835.65555648197,"NRI_P053",25
"34715",-14.7180035180063,"NRI_P053",50
"34716",510.485406481952,"NRI_P053",100
"34717",6241.37737648195,"NRI_P053",25
"34718",87.0761564819841,"NRI_P053",50
"34719",-8944.48719351803,"NRI_P053",100
"34720",-2186.72931351804,"NRI_P053",25
"34721",-673.985083518026,"NRI_P053",50
"34722",-8632.48471351806,"NRI_P053",100
"34723",465.857956481981,"NRI_P053",25
"34724",-2390.20829351805,"NRI_P053",50
"34725",-6899.40138351801,"NRI_P053",100
"34726",-509.320213518047,"NRI_P053",25
"34727",14996.637476482,"NRI_P053",50
"34728",-4156.90455351805,"NRI_P053",100
"34729",930.296646481962,"NRI_P053",25
"34730",-7184.68654351804,"NRI_P053",50
"34731",-7559.36399351805,"NRI_P053",100
"34732",1125.84475648199,"NRI_P053",25
"34733",-8647.45534351806,"NRI_P053",50
"34734",-3611.84195351804,"NRI_P053",100
"34735",-29.154753518058,"NRI_P053",25
"34736",-2771.23294351803,"NRI_P053",50
"34737",-4000.93185351801,"NRI_P053",100
"34738",362.096746481955,"NRI_P053",25
"34739",4784.49134648195,"NRI_P053",50
"34740",-9412.85020351806,"NRI_P053",100
"34741",96.6369564819615,"NRI_P053",25
"34742",385.687396481982,"NRI_P053",50
"34743",-6315.43760351802,"NRI_P053",100
"34744",11199.045056482,"NRI_P053",25
"34745",-113.162393518025,"NRI_P053",50
"34746",781.992846481968,"NRI_P053",100
"34747",1458.78295648197,"NRI_P053",25
"34748",9833.21145648195,"NRI_P053",50
"34749",-2943.08492351801,"NRI_P053",100
"34750",9556.810456482,"NRI_P053",25
"34751",2012.59785648197,"NRI_P053",50
"34752",-1977.28690351802,"NRI_P053",100
"34753",-2787.01014351804,"NRI_P053",25
"34754",275.788306481962,"NRI_P053",50
"34755",-992.982353518018,"NRI_P053",100
"34756",532.522856481955,"NRI_P053",25
"34757",8566.12560648198,"NRI_P053",50
"34758",-7769.64975351805,"NRI_P053",100
"34759",-246.978343518043,"NRI_P053",25
"34760",-1037.63065351802,"NRI_P053",50
"34761",-9216.44568351802,"NRI_P053",100
"34762",3728.91265648196,"NRI_P053",25
"34763",112.713936481974,"NRI_P053",50
"34764",-6422.07273351803,"NRI_P053",100
"34765",-1757.40544351802,"NRI_P053",25
"34766",-2023.82847351802,"NRI_P053",50
"34767",1782.38564648194,"NRI_P053",100
"34768",-456.682043518056,"NRI_P053",25
"34769",8497.88065648195,"NRI_P053",50
"34770",-8644.41169351805,"NRI_P053",100
"34771",3947.28284648195,"NRI_P053",25
"34772",-9390.85903351801,"NRI_P053",50
"34773",-7113.06554351805,"NRI_P053",100
"34774",-3466.59984351805,"NRI_P053",25
"34775",-1369.73904351803,"NRI_P053",50
"34776",-6876.30706351803,"NRI_P053",100
"34777",-6328.27344351803,"NRI_P053",25
"34778",-5652.50164351804,"NRI_P053",50
"34779",1997.71333648195,"NRI_P053",100
"34780",152.80877648195,"NRI_P053",25
"34781",-2380.09696351801,"NRI_P053",50
"34782",-6783.84563351801,"NRI_P053",100
"34783",1151.68064648198,"NRI_P053",25
"34784",-3376.91751351801,"NRI_P053",50
"34785",-2326.00864351803,"NRI_P053",100
"34786",-1647.61399351805,"NRI_P053",25
"34787",-2405.67167351802,"NRI_P053",50
"34788",509.17278648197,"NRI_P053",100
"34789",-9148.578723518,"NRI_P053",25
"34790",9625.89288648195,"NRI_P053",50
"34791",-9372.06865351804,"NRI_P053",100
"34792",-7018.68033351802,"NRI_P053",25
"34793",-6406.13065351802,"NRI_P053",50
"34794",-2777.36165351805,"NRI_P053",100
"34795",-103.904343518021,"NRI_P053",25
"34796",2789.24746648199,"NRI_P053",50
"34797",-6403.58160351805,"NRI_P053",100
"34798",-4339.27032351802,"NRI_P053",25
"34799",1344.90349648194,"NRI_P053",50
"34800",-8043.73427351803,"NRI_P053",100
"34801",0.00101721601095051,"NRI_P056",25
"34802",112.549467216013,"NRI_P056",50
"34803",76.4359172160039,"NRI_P056",100
"34804",0.00101721601095051,"NRI_P056",25
"34805",75.102817216015,"NRI_P056",50
"34806",418.18746721599,"NRI_P056",100
"34807",0.00101721601095051,"NRI_P056",25
"34808",88.5924672160181,"NRI_P056",50
"34809",11457.891817216,"NRI_P056",100
"34810",0.00101721601095051,"NRI_P056",25
"34811",-163.074622783985,"NRI_P056",50
"34812",490.807267216034,"NRI_P056",100
"34813",0.00101721601095051,"NRI_P056",25
"34814",-15.9065827839659,"NRI_P056",50
"34815",16449.170397216,"NRI_P056",100
"34816",0.00101721601095051,"NRI_P056",25
"34817",1076.53701721603,"NRI_P056",50
"34818",-3.55042278399924,"NRI_P056",100
"34819",0.00101721601095051,"NRI_P056",25
"34820",380.328467215993,"NRI_P056",50
"34821",2222.065067216,"NRI_P056",100
"34822",0.00101721601095051,"NRI_P056",25
"34823",-25.571502783976,"NRI_P056",50
"34824",739.976467216038,"NRI_P056",100
"34825",0.00101721601095051,"NRI_P056",25
"34826",-36.7881827839883,"NRI_P056",50
"34827",1919.19896721601,"NRI_P056",100
"34828",0.00101721601095051,"NRI_P056",25
"34829",-18.5863927839673,"NRI_P056",50
"34830",14299.259817216,"NRI_P056",100
"34831",0.00101721601095051,"NRI_P056",25
"34832",164.886767216027,"NRI_P056",50
"34833",-0.17761278396938,"NRI_P056",100
"34834",0.00101721601095051,"NRI_P056",25
"34835",961.539017216011,"NRI_P056",50
"34836",-121.160762784013,"NRI_P056",100
"34837",0.00101721601095051,"NRI_P056",25
"34838",337.379617216007,"NRI_P056",50
"34839",295.620567216014,"NRI_P056",100
"34840",0.00101721601095051,"NRI_P056",25
"34841",74.0804672160302,"NRI_P056",50
"34842",-135.614212783985,"NRI_P056",100
"34843",0.00101721601095051,"NRI_P056",25
"34844",351.017867216025,"NRI_P056",50
"34845",950.382667216007,"NRI_P056",100
"34846",0.00101721601095051,"NRI_P056",25
"34847",16.2343672160059,"NRI_P056",50
"34848",-70.745522784011,"NRI_P056",100
"34849",0.00101721601095051,"NRI_P056",25
"34850",2656.00001721602,"NRI_P056",50
"34851",14.1319672160316,"NRI_P056",100
"34852",0.00101721601095051,"NRI_P056",25
"34853",87.0681672160281,"NRI_P056",50
"34854",-129.528272783966,"NRI_P056",100
"34855",0.00101721601095051,"NRI_P056",25
"34856",-17.0175527840038,"NRI_P056",50
"34857",3106.06845721602,"NRI_P056",100
"34858",0.00101721601095051,"NRI_P056",25
"34859",-8.83644278399879,"NRI_P056",50
"34860",-0.960002783976961,"NRI_P056",100
"34861",0.00101721601095051,"NRI_P056",25
"34862",-6.47454278398072,"NRI_P056",50
"34863",689.794867216027,"NRI_P056",100
"34864",0.00101721601095051,"NRI_P056",25
"34865",13.6547672160086,"NRI_P056",50
"34866",1756.56009721599,"NRI_P056",100
"34867",0.00101721601095051,"NRI_P056",25
"34868",97.0873672160087,"NRI_P056",50
"34869",-196.789732783975,"NRI_P056",100
"34870",0.00101721601095051,"NRI_P056",25
"34871",305.117667215993,"NRI_P056",50
"34872",3961.192567216,"NRI_P056",100
"34873",0.00101721601095051,"NRI_P056",25
"34874",214.100917215983,"NRI_P056",50
"34875",-207.760142783984,"NRI_P056",100
"34876",0.00101721601095051,"NRI_P056",25
"34877",1769.230017216,"NRI_P056",50
"34878",-30.2404227840016,"NRI_P056",100
"34879",0.00101721601095051,"NRI_P056",25
"34880",-17.3888427839847,"NRI_P056",50
"34881",2299.90546721598,"NRI_P056",100
"34882",0.00101721601095051,"NRI_P056",25
"34883",1004.38001721603,"NRI_P056",50
"34884",210.073467215989,"NRI_P056",100
"34885",0.00101721601095051,"NRI_P056",25
"34886",266.998367216031,"NRI_P056",50
"34887",141.266457215999,"NRI_P056",100
"34888",0.00101721601095051,"NRI_P056",25
"34889",266.998367216031,"NRI_P056",50
"34890",918.446367216005,"NRI_P056",100
"34891",0.00101721601095051,"NRI_P056",25
"34892",395.756817215995,"NRI_P056",50
"34893",772.045817215985,"NRI_P056",100
"34894",0.00101721601095051,"NRI_P056",25
"34895",14431.175667216,"NRI_P056",50
"34896",57.4832672160119,"NRI_P056",100
"34897",0.00101721601095051,"NRI_P056",25
"34898",-36.0062827839865,"NRI_P056",50
"34899",3648.87281721603,"NRI_P056",100
"34900",0.00101721601095051,"NRI_P056",25
"34901",837.665017216001,"NRI_P056",50
"34902",7911.382567216,"NRI_P056",100
"34903",0.00101721601095051,"NRI_P056",25
"34904",52.2114172159927,"NRI_P056",50
"34905",3689.605567216,"NRI_P056",100
"34906",0.00101721601095051,"NRI_P056",25
"34907",-58.3977827840135,"NRI_P056",50
"34908",8056.28283721599,"NRI_P056",100
"34909",0.00101721601095051,"NRI_P056",25
"34910",-45.4865027840133,"NRI_P056",50
"34911",-0.876532783964649,"NRI_P056",100
"34912",0.00101721601095051,"NRI_P056",25
"34913",110.850367215986,"NRI_P056",50
"34914",-151.709472784016,"NRI_P056",100
"34915",0.00101721601095051,"NRI_P056",25
"34916",-131.797482783964,"NRI_P056",50
"34917",2210.95581721602,"NRI_P056",100
"34918",0.00101721601095051,"NRI_P056",25
"34919",-138.627102783998,"NRI_P056",50
"34920",401.652737216034,"NRI_P056",100
"34921",0.00101721601095051,"NRI_P056",25
"34922",2292.38566721603,"NRI_P056",50
"34923",552.607467216032,"NRI_P056",100
"34924",0.00101721601095051,"NRI_P056",25
"34925",614.946317216032,"NRI_P056",50
"34926",897.99996721599,"NRI_P056",100
"34927",0.00101721601095051,"NRI_P056",25
"34928",5.00766721600667,"NRI_P056",50
"34929",-3.38461278396426,"NRI_P056",100
"34930",0.00101721601095051,"NRI_P056",25
"34931",-50.7184827839956,"NRI_P056",50
"34932",193.644467215985,"NRI_P056",100
"34933",0.00101721601095051,"NRI_P056",25
"34934",-99.7475827839808,"NRI_P056",50
"34935",4553.96366721601,"NRI_P056",100
"34936",0.00101721601095051,"NRI_P056",25
"34937",2781.38066721603,"NRI_P056",50
"34938",96.047967216,"NRI_P056",100
"34939",0.00101721601095051,"NRI_P056",25
"34940",177.592067215999,"NRI_P056",50
"34941",31.8824272159836,"NRI_P056",100
"34942",0.00101721601095051,"NRI_P056",25
"34943",265.861017215997,"NRI_P056",50
"34944",-91.3897527839872,"NRI_P056",100
"34945",0.00101721601095051,"NRI_P056",25
"34946",-39.3090827839915,"NRI_P056",50
"34947",710.961667216034,"NRI_P056",100
"34948",0.00101721601095051,"NRI_P056",25
"34949",-70.3195827839663,"NRI_P056",50
"34950",217.000667216023,"NRI_P056",100
"34951",0.00101721601095051,"NRI_P056",25
"34952",-15.6021827840013,"NRI_P056",50
"34953",-99.4698527840083,"NRI_P056",100
"34954",0.00101721601095051,"NRI_P056",25
"34955",-99.888582783984,"NRI_P056",50
"34956",764.458467215998,"NRI_P056",100
"34957",0.00101721601095051,"NRI_P056",25
"34958",-51.3607827840024,"NRI_P056",50
"34959",4064.63781721599,"NRI_P056",100
"34960",0.00101721601095051,"NRI_P056",25
"34961",-66.4534827839816,"NRI_P056",50
"34962",-84.778032784001,"NRI_P056",100
"34963",0.00101721601095051,"NRI_P056",25
"34964",7655.32101721602,"NRI_P056",50
"34965",-65.1778627840104,"NRI_P056",100
"34966",0.00101721601095051,"NRI_P056",25
"34967",-152.801452783984,"NRI_P056",50
"34968",-42.4637627839693,"NRI_P056",100
"34969",0.00101721601095051,"NRI_P056",25
"34970",-32.0596927839797,"NRI_P056",50
"34971",-107.524092783977,"NRI_P056",100
"34972",0.00101721601095051,"NRI_P056",25
"34973",0.899867216008715,"NRI_P056",50
"34974",-122.647602783982,"NRI_P056",100
"34975",0.00101721601095051,"NRI_P056",25
"34976",280.329767215997,"NRI_P056",50
"34977",2252.083467216,"NRI_P056",100
"34978",0.00101721601095051,"NRI_P056",25
"34979",-144.062832783966,"NRI_P056",50
"34980",-123.567342783965,"NRI_P056",100
"34981",0.00101721601095051,"NRI_P056",25
"34982",-141.226412784017,"NRI_P056",50
"34983",-109.997832783964,"NRI_P056",100
"34984",0.00101721601095051,"NRI_P056",25
"34985",-150.952152783982,"NRI_P056",50
"34986",2210.10498721601,"NRI_P056",100
"34987",0.00101721601095051,"NRI_P056",25
"34988",1695.24001721601,"NRI_P056",50
"34989",-151.761512783996,"NRI_P056",100
"34990",0.00101721601095051,"NRI_P056",25
"34991",-28.2932827839977,"NRI_P056",50
"34992",14076.210667216,"NRI_P056",100
"34993",0.00101721601095051,"NRI_P056",25
"34994",-93.3282827839721,"NRI_P056",50
"34995",-59.2980427839793,"NRI_P056",100
"34996",0.00101721601095051,"NRI_P056",25
"34997",93.9507672159816,"NRI_P056",50
"34998",46.4029072159901,"NRI_P056",100
"34999",0.00101721601095051,"NRI_P056",25
"35000",-23.6106827839976,"NRI_P056",50
"35001",1560.89136721601,"NRI_P056",100
"35002",0.00101721601095051,"NRI_P056",25
"35003",-23.6106827839976,"NRI_P056",50
"35004",-22.8580027839635,"NRI_P056",100
"35005",0.00101721601095051,"NRI_P056",25
"35006",214.100917215983,"NRI_P056",50
"35007",-146.122992784018,"NRI_P056",100
"35008",0.00101721601095051,"NRI_P056",25
"35009",6244.55201721599,"NRI_P056",50
"35010",200.868967215996,"NRI_P056",100
"35011",0.00101721601095051,"NRI_P056",25
"35012",-116.663122783997,"NRI_P056",50
"35013",1408.33045721601,"NRI_P056",100
"35014",0.00101721601095051,"NRI_P056",25
"35015",-130.363122784009,"NRI_P056",50
"35016",43.8201272159931,"NRI_P056",100
"35017",0.00101721601095051,"NRI_P056",25
"35018",55.0610672159819,"NRI_P056",50
"35019",-172.361872783978,"NRI_P056",100
"35020",0.00101721601095051,"NRI_P056",25
"35021",-124.480782783998,"NRI_P056",50
"35022",306.093867216026,"NRI_P056",100
"35023",0.00101721601095051,"NRI_P056",25
"35024",2292.38566721603,"NRI_P056",50
"35025",8098.62336721603,"NRI_P056",100
"35026",0.00101721601095051,"NRI_P056",25
"35027",740.326967216039,"NRI_P056",50
"35028",8498.19690721598,"NRI_P056",100
"35029",0.00101721601095051,"NRI_P056",25
"35030",-3.04518278397154,"NRI_P056",50
"35031",1815.98155721603,"NRI_P056",100
"35032",0.00101721601095051,"NRI_P056",25
"35033",96.7417672160082,"NRI_P056",50
"35034",1032.76318721601,"NRI_P056",100
"35035",0.00101721601095051,"NRI_P056",25
"35036",50.7645672159852,"NRI_P056",50
"35037",-33.6446927840007,"NRI_P056",100
"35038",0.00101721601095051,"NRI_P056",25
"35039",-0.103282783995382,"NRI_P056",50
"35040",2504.40566721599,"NRI_P056",100
"35041",0.00101721601095051,"NRI_P056",25
"35042",-96.8466827839729,"NRI_P056",50
"35043",778.125267216004,"NRI_P056",100
"35044",0.00101721601095051,"NRI_P056",25
"35045",136.745567216014,"NRI_P056",50
"35046",-87.4792827839847,"NRI_P056",100
"35047",0.00101721601095051,"NRI_P056",25
"35048",110.850367215986,"NRI_P056",50
"35049",-139.898892783967,"NRI_P056",100
"35050",0.00101721601095051,"NRI_P056",25
"35051",0.899867216008715,"NRI_P056",50
"35052",7387.375557216,"NRI_P056",100
"35053",0.00101721601095051,"NRI_P056",25
"35054",0.28525721601909,"NRI_P056",50
"35055",8420.90926721599,"NRI_P056",100
"35056",0.00101721601095051,"NRI_P056",25
"35057",-0.485782784002367,"NRI_P056",50
"35058",187.321107216005,"NRI_P056",100
"35059",0.00101721601095051,"NRI_P056",25
"35060",160.181367215991,"NRI_P056",50
"35061",-117.938482783968,"NRI_P056",100
"35062",0.00101721601095051,"NRI_P056",25
"35063",740.326967216039,"NRI_P056",50
"35064",-30.333732783969,"NRI_P056",100
"35065",0.00101721601095051,"NRI_P056",25
"35066",814.290667216002,"NRI_P056",50
"35067",131.201267216005,"NRI_P056",100
"35068",0.00101721601095051,"NRI_P056",25
"35069",-39.8257127840188,"NRI_P056",50
"35070",-88.9307427839958,"NRI_P056",100
"35071",0.00101721601095051,"NRI_P056",25
"35072",50.9140672159847,"NRI_P056",50
"35073",322.609567216015,"NRI_P056",100
"35074",0.00101721601095051,"NRI_P056",25
"35075",1695.24001721601,"NRI_P056",50
"35076",188.994867215981,"NRI_P056",100
"35077",0.00101721601095051,"NRI_P056",25
"35078",1894.61066721601,"NRI_P056",50
"35079",483.344267215987,"NRI_P056",100
"35080",0.00101721601095051,"NRI_P056",25
"35081",-37.6939727839781,"NRI_P056",50
"35082",608.599067215982,"NRI_P056",100
"35083",0.00101721601095051,"NRI_P056",25
"35084",30.8127672160044,"NRI_P056",50
"35085",8041.56874721602,"NRI_P056",100
"35086",0.00101721601095051,"NRI_P056",25
"35087",170.103417215985,"NRI_P056",50
"35088",-137.150702784013,"NRI_P056",100
"35089",0.00101721601095051,"NRI_P056",25
"35090",-21.576232783962,"NRI_P056",50
"35091",335.052567215986,"NRI_P056",100
"35092",0.00101721601095051,"NRI_P056",25
"35093",-17.3888427839847,"NRI_P056",50
"35094",-129.826912784018,"NRI_P056",100
"35095",0.00101721601095051,"NRI_P056",25
"35096",125.39396721602,"NRI_P056",50
"35097",-151.744442783995,"NRI_P056",100
"35098",0.00101721601095051,"NRI_P056",25
"35099",-144.136282783991,"NRI_P056",50
"35100",8435.385067216,"NRI_P056",100
"35101",-0.00050679303240031,"NRI_P057",25
"35102",-0.00050679303240031,"NRI_P057",50
"35103",-0.00050679303240031,"NRI_P057",100
"35104",-0.00050679303240031,"NRI_P057",25
"35105",-0.00050679303240031,"NRI_P057",50
"35106",-0.00050679303240031,"NRI_P057",100
"35107",-0.00050679303240031,"NRI_P057",25
"35108",-0.00050679303240031,"NRI_P057",50
"35109",-0.00050679303240031,"NRI_P057",100
"35110",-0.00050679303240031,"NRI_P057",25
"35111",-0.00050679303240031,"NRI_P057",50
"35112",-0.00050679303240031,"NRI_P057",100
"35113",-0.00050679303240031,"NRI_P057",25
"35114",-0.00050679303240031,"NRI_P057",50
"35115",-0.00050679303240031,"NRI_P057",100
"35116",-0.00050679303240031,"NRI_P057",25
"35117",-0.00050679303240031,"NRI_P057",50
"35118",-0.00050679303240031,"NRI_P057",100
"35119",-0.00050679303240031,"NRI_P057",25
"35120",-0.00050679303240031,"NRI_P057",50
"35121",-0.00050679303240031,"NRI_P057",100
"35122",-0.00050679303240031,"NRI_P057",25
"35123",-0.00050679303240031,"NRI_P057",50
"35124",-0.00050679303240031,"NRI_P057",100
"35125",-0.00050679303240031,"NRI_P057",25
"35126",-0.00050679303240031,"NRI_P057",50
"35127",-0.00050679303240031,"NRI_P057",100
"35128",-0.00050679303240031,"NRI_P057",25
"35129",-0.00050679303240031,"NRI_P057",50
"35130",-0.00050679303240031,"NRI_P057",100
"35131",-0.00050679303240031,"NRI_P057",25
"35132",-0.00050679303240031,"NRI_P057",50
"35133",-0.00050679303240031,"NRI_P057",100
"35134",-0.00050679303240031,"NRI_P057",25
"35135",-0.00050679303240031,"NRI_P057",50
"35136",-0.00050679303240031,"NRI_P057",100
"35137",-0.00050679303240031,"NRI_P057",25
"35138",-0.00050679303240031,"NRI_P057",50
"35139",-0.00050679303240031,"NRI_P057",100
"35140",-0.00050679303240031,"NRI_P057",25
"35141",-0.00050679303240031,"NRI_P057",50
"35142",-0.00050679303240031,"NRI_P057",100
"35143",-0.00050679303240031,"NRI_P057",25
"35144",-0.00050679303240031,"NRI_P057",50
"35145",-0.00050679303240031,"NRI_P057",100
"35146",-0.00050679303240031,"NRI_P057",25
"35147",-0.00050679303240031,"NRI_P057",50
"35148",-0.00050679303240031,"NRI_P057",100
"35149",-0.00050679303240031,"NRI_P057",25
"35150",-0.00050679303240031,"NRI_P057",50
"35151",-0.00050679303240031,"NRI_P057",100
"35152",-0.00050679303240031,"NRI_P057",25
"35153",-0.00050679303240031,"NRI_P057",50
"35154",-0.00050679303240031,"NRI_P057",100
"35155",-0.00050679303240031,"NRI_P057",25
"35156",-0.00050679303240031,"NRI_P057",50
"35157",-0.00050679303240031,"NRI_P057",100
"35158",-0.00050679303240031,"NRI_P057",25
"35159",-0.00050679303240031,"NRI_P057",50
"35160",-0.00050679303240031,"NRI_P057",100
"35161",-0.00050679303240031,"NRI_P057",25
"35162",-0.00050679303240031,"NRI_P057",50
"35163",-0.00050679303240031,"NRI_P057",100
"35164",-0.00050679303240031,"NRI_P057",25
"35165",-0.00050679303240031,"NRI_P057",50
"35166",-0.00050679303240031,"NRI_P057",100
"35167",-0.00050679303240031,"NRI_P057",25
"35168",-0.00050679303240031,"NRI_P057",50
"35169",-0.00050679303240031,"NRI_P057",100
"35170",-0.00050679303240031,"NRI_P057",25
"35171",-0.00050679303240031,"NRI_P057",50
"35172",-0.00050679303240031,"NRI_P057",100
"35173",-0.00050679303240031,"NRI_P057",25
"35174",-0.00050679303240031,"NRI_P057",50
"35175",-0.00050679303240031,"NRI_P057",100
"35176",-0.00050679303240031,"NRI_P057",25
"35177",-0.00050679303240031,"NRI_P057",50
"35178",-0.00050679303240031,"NRI_P057",100
"35179",-0.00050679303240031,"NRI_P057",25
"35180",-0.00050679303240031,"NRI_P057",50
"35181",-0.00050679303240031,"NRI_P057",100
"35182",-0.00050679303240031,"NRI_P057",25
"35183",-0.00050679303240031,"NRI_P057",50
"35184",-0.00050679303240031,"NRI_P057",100
"35185",-0.00050679303240031,"NRI_P057",25
"35186",-0.00050679303240031,"NRI_P057",50
"35187",-0.00050679303240031,"NRI_P057",100
"35188",-0.00050679303240031,"NRI_P057",25
"35189",-0.00050679303240031,"NRI_P057",50
"35190",-0.00050679303240031,"NRI_P057",100
"35191",-0.00050679303240031,"NRI_P057",25
"35192",-0.00050679303240031,"NRI_P057",50
"35193",-0.00050679303240031,"NRI_P057",100
"35194",-0.00050679303240031,"NRI_P057",25
"35195",-0.00050679303240031,"NRI_P057",50
"35196",-0.00050679303240031,"NRI_P057",100
"35197",-0.00050679303240031,"NRI_P057",25
"35198",-0.00050679303240031,"NRI_P057",50
"35199",-0.00050679303240031,"NRI_P057",100
"35200",-0.00050679303240031,"NRI_P057",25
"35201",-0.00050679303240031,"NRI_P057",50
"35202",-0.00050679303240031,"NRI_P057",100
"35203",-0.00050679303240031,"NRI_P057",25
"35204",-0.00050679303240031,"NRI_P057",50
"35205",-0.00050679303240031,"NRI_P057",100
"35206",-0.00050679303240031,"NRI_P057",25
"35207",-0.00050679303240031,"NRI_P057",50
"35208",-0.00050679303240031,"NRI_P057",100
"35209",-0.00050679303240031,"NRI_P057",25
"35210",-0.00050679303240031,"NRI_P057",50
"35211",-0.00050679303240031,"NRI_P057",100
"35212",-0.00050679303240031,"NRI_P057",25
"35213",-0.00050679303240031,"NRI_P057",50
"35214",-0.00050679303240031,"NRI_P057",100
"35215",-0.00050679303240031,"NRI_P057",25
"35216",-0.00050679303240031,"NRI_P057",50
"35217",-0.00050679303240031,"NRI_P057",100
"35218",-0.00050679303240031,"NRI_P057",25
"35219",-0.00050679303240031,"NRI_P057",50
"35220",-0.00050679303240031,"NRI_P057",100
"35221",-0.00050679303240031,"NRI_P057",25
"35222",-0.00050679303240031,"NRI_P057",50
"35223",-0.00050679303240031,"NRI_P057",100
"35224",-0.00050679303240031,"NRI_P057",25
"35225",-0.00050679303240031,"NRI_P057",50
"35226",-0.00050679303240031,"NRI_P057",100
"35227",-0.00050679303240031,"NRI_P057",25
"35228",-0.00050679303240031,"NRI_P057",50
"35229",-0.00050679303240031,"NRI_P057",100
"35230",-0.00050679303240031,"NRI_P057",25
"35231",-0.00050679303240031,"NRI_P057",50
"35232",-0.00050679303240031,"NRI_P057",100
"35233",-0.00050679303240031,"NRI_P057",25
"35234",-0.00050679303240031,"NRI_P057",50
"35235",-0.00050679303240031,"NRI_P057",100
"35236",-0.00050679303240031,"NRI_P057",25
"35237",-0.00050679303240031,"NRI_P057",50
"35238",-0.00050679303240031,"NRI_P057",100
"35239",-0.00050679303240031,"NRI_P057",25
"35240",-0.00050679303240031,"NRI_P057",50
"35241",-0.00050679303240031,"NRI_P057",100
"35242",-0.00050679303240031,"NRI_P057",25
"35243",-0.00050679303240031,"NRI_P057",50
"35244",-0.00050679303240031,"NRI_P057",100
"35245",-0.00050679303240031,"NRI_P057",25
"35246",-0.00050679303240031,"NRI_P057",50
"35247",-0.00050679303240031,"NRI_P057",100
"35248",-0.00050679303240031,"NRI_P057",25
"35249",-0.00050679303240031,"NRI_P057",50
"35250",-0.00050679303240031,"NRI_P057",100
"35251",-0.00050679303240031,"NRI_P057",25
"35252",-0.00050679303240031,"NRI_P057",50
"35253",-0.00050679303240031,"NRI_P057",100
"35254",-0.00050679303240031,"NRI_P057",25
"35255",-0.00050679303240031,"NRI_P057",50
"35256",-0.00050679303240031,"NRI_P057",100
"35257",-0.00050679303240031,"NRI_P057",25
"35258",-0.00050679303240031,"NRI_P057",50
"35259",-0.00050679303240031,"NRI_P057",100
"35260",-0.00050679303240031,"NRI_P057",25
"35261",-0.00050679303240031,"NRI_P057",50
"35262",-0.00050679303240031,"NRI_P057",100
"35263",-0.00050679303240031,"NRI_P057",25
"35264",-0.00050679303240031,"NRI_P057",50
"35265",-0.00050679303240031,"NRI_P057",100
"35266",-0.00050679303240031,"NRI_P057",25
"35267",-0.00050679303240031,"NRI_P057",50
"35268",-0.00050679303240031,"NRI_P057",100
"35269",-0.00050679303240031,"NRI_P057",25
"35270",-0.00050679303240031,"NRI_P057",50
"35271",-0.00050679303240031,"NRI_P057",100
"35272",-0.00050679303240031,"NRI_P057",25
"35273",-0.00050679303240031,"NRI_P057",50
"35274",-0.00050679303240031,"NRI_P057",100
"35275",-0.00050679303240031,"NRI_P057",25
"35276",-0.00050679303240031,"NRI_P057",50
"35277",-0.00050679303240031,"NRI_P057",100
"35278",-0.00050679303240031,"NRI_P057",25
"35279",-0.00050679303240031,"NRI_P057",50
"35280",-0.00050679303240031,"NRI_P057",100
"35281",-0.00050679303240031,"NRI_P057",25
"35282",-0.00050679303240031,"NRI_P057",50
"35283",-0.00050679303240031,"NRI_P057",100
"35284",-0.00050679303240031,"NRI_P057",25
"35285",-0.00050679303240031,"NRI_P057",50
"35286",-0.00050679303240031,"NRI_P057",100
"35287",-0.00050679303240031,"NRI_P057",25
"35288",-0.00050679303240031,"NRI_P057",50
"35289",-0.00050679303240031,"NRI_P057",100
"35290",-0.00050679303240031,"NRI_P057",25
"35291",-0.00050679303240031,"NRI_P057",50
"35292",-0.00050679303240031,"NRI_P057",100
"35293",-0.00050679303240031,"NRI_P057",25
"35294",-0.00050679303240031,"NRI_P057",50
"35295",-0.00050679303240031,"NRI_P057",100
"35296",-0.00050679303240031,"NRI_P057",25
"35297",-0.00050679303240031,"NRI_P057",50
"35298",-0.00050679303240031,"NRI_P057",100
"35299",-0.00050679303240031,"NRI_P057",25
"35300",-0.00050679303240031,"NRI_P057",50
"35301",-0.00050679303240031,"NRI_P057",100
"35302",-0.00050679303240031,"NRI_P057",25
"35303",-0.00050679303240031,"NRI_P057",50
"35304",-0.00050679303240031,"NRI_P057",100
"35305",-0.00050679303240031,"NRI_P057",25
"35306",-0.00050679303240031,"NRI_P057",50
"35307",-0.00050679303240031,"NRI_P057",100
"35308",-0.00050679303240031,"NRI_P057",25
"35309",-0.00050679303240031,"NRI_P057",50
"35310",-0.00050679303240031,"NRI_P057",100
"35311",-0.00050679303240031,"NRI_P057",25
"35312",-0.00050679303240031,"NRI_P057",50
"35313",-0.00050679303240031,"NRI_P057",100
"35314",-0.00050679303240031,"NRI_P057",25
"35315",-0.00050679303240031,"NRI_P057",50
"35316",-0.00050679303240031,"NRI_P057",100
"35317",-0.00050679303240031,"NRI_P057",25
"35318",-0.00050679303240031,"NRI_P057",50
"35319",-0.00050679303240031,"NRI_P057",100
"35320",-0.00050679303240031,"NRI_P057",25
"35321",-0.00050679303240031,"NRI_P057",50
"35322",-0.00050679303240031,"NRI_P057",100
"35323",-0.00050679303240031,"NRI_P057",25
"35324",-0.00050679303240031,"NRI_P057",50
"35325",-0.00050679303240031,"NRI_P057",100
"35326",-0.00050679303240031,"NRI_P057",25
"35327",-0.00050679303240031,"NRI_P057",50
"35328",-0.00050679303240031,"NRI_P057",100
"35329",-0.00050679303240031,"NRI_P057",25
"35330",-0.00050679303240031,"NRI_P057",50
"35331",-0.00050679303240031,"NRI_P057",100
"35332",-0.00050679303240031,"NRI_P057",25
"35333",-0.00050679303240031,"NRI_P057",50
"35334",-0.00050679303240031,"NRI_P057",100
"35335",-0.00050679303240031,"NRI_P057",25
"35336",-0.00050679303240031,"NRI_P057",50
"35337",-0.00050679303240031,"NRI_P057",100
"35338",-0.00050679303240031,"NRI_P057",25
"35339",-0.00050679303240031,"NRI_P057",50
"35340",-0.00050679303240031,"NRI_P057",100
"35341",-0.00050679303240031,"NRI_P057",25
"35342",-0.00050679303240031,"NRI_P057",50
"35343",-0.00050679303240031,"NRI_P057",100
"35344",-0.00050679303240031,"NRI_P057",25
"35345",-0.00050679303240031,"NRI_P057",50
"35346",-0.00050679303240031,"NRI_P057",100
"35347",-0.00050679303240031,"NRI_P057",25
"35348",-0.00050679303240031,"NRI_P057",50
"35349",-0.00050679303240031,"NRI_P057",100
"35350",-0.00050679303240031,"NRI_P057",25
"35351",-0.00050679303240031,"NRI_P057",50
"35352",-0.00050679303240031,"NRI_P057",100
"35353",-0.00050679303240031,"NRI_P057",25
"35354",-0.00050679303240031,"NRI_P057",50
"35355",-0.00050679303240031,"NRI_P057",100
"35356",-0.00050679303240031,"NRI_P057",25
"35357",-0.00050679303240031,"NRI_P057",50
"35358",-0.00050679303240031,"NRI_P057",100
"35359",-0.00050679303240031,"NRI_P057",25
"35360",-0.00050679303240031,"NRI_P057",50
"35361",-0.00050679303240031,"NRI_P057",100
"35362",-0.00050679303240031,"NRI_P057",25
"35363",-0.00050679303240031,"NRI_P057",50
"35364",-0.00050679303240031,"NRI_P057",100
"35365",-0.00050679303240031,"NRI_P057",25
"35366",-0.00050679303240031,"NRI_P057",50
"35367",-0.00050679303240031,"NRI_P057",100
"35368",-0.00050679303240031,"NRI_P057",25
"35369",-0.00050679303240031,"NRI_P057",50
"35370",-0.00050679303240031,"NRI_P057",100
"35371",-0.00050679303240031,"NRI_P057",25
"35372",-0.00050679303240031,"NRI_P057",50
"35373",-0.00050679303240031,"NRI_P057",100
"35374",-0.00050679303240031,"NRI_P057",25
"35375",-0.00050679303240031,"NRI_P057",50
"35376",-0.00050679303240031,"NRI_P057",100
"35377",-0.00050679303240031,"NRI_P057",25
"35378",-0.00050679303240031,"NRI_P057",50
"35379",-0.00050679303240031,"NRI_P057",100
"35380",-0.00050679303240031,"NRI_P057",25
"35381",-0.00050679303240031,"NRI_P057",50
"35382",-0.00050679303240031,"NRI_P057",100
"35383",-0.00050679303240031,"NRI_P057",25
"35384",-0.00050679303240031,"NRI_P057",50
"35385",-0.00050679303240031,"NRI_P057",100
"35386",-0.00050679303240031,"NRI_P057",25
"35387",-0.00050679303240031,"NRI_P057",50
"35388",-0.00050679303240031,"NRI_P057",100
"35389",-0.00050679303240031,"NRI_P057",25
"35390",-0.00050679303240031,"NRI_P057",50
"35391",-0.00050679303240031,"NRI_P057",100
"35392",-0.00050679303240031,"NRI_P057",25
"35393",-0.00050679303240031,"NRI_P057",50
"35394",-0.00050679303240031,"NRI_P057",100
"35395",-0.00050679303240031,"NRI_P057",25
"35396",-0.00050679303240031,"NRI_P057",50
"35397",-0.00050679303240031,"NRI_P057",100
"35398",-0.00050679303240031,"NRI_P057",25
"35399",-0.00050679303240031,"NRI_P057",50
"35400",-0.00050679303240031,"NRI_P057",100
"35401",-0.000528236967511475,"NRI_P058",25
"35402",-0.000528236967511475,"NRI_P058",50
"35403",-0.000528236967511475,"NRI_P058",100
"35404",-0.000528236967511475,"NRI_P058",25
"35405",-0.000528236967511475,"NRI_P058",50
"35406",-0.000528236967511475,"NRI_P058",100
"35407",-0.000528236967511475,"NRI_P058",25
"35408",-0.000528236967511475,"NRI_P058",50
"35409",-0.000528236967511475,"NRI_P058",100
"35410",-0.000528236967511475,"NRI_P058",25
"35411",-0.000528236967511475,"NRI_P058",50
"35412",-0.000528236967511475,"NRI_P058",100
"35413",-0.000528236967511475,"NRI_P058",25
"35414",-0.000528236967511475,"NRI_P058",50
"35415",-0.000528236967511475,"NRI_P058",100
"35416",-0.000528236967511475,"NRI_P058",25
"35417",-0.000528236967511475,"NRI_P058",50
"35418",-0.000528236967511475,"NRI_P058",100
"35419",-0.000528236967511475,"NRI_P058",25
"35420",-0.000528236967511475,"NRI_P058",50
"35421",-0.000528236967511475,"NRI_P058",100
"35422",-0.000528236967511475,"NRI_P058",25
"35423",-0.000528236967511475,"NRI_P058",50
"35424",-0.000528236967511475,"NRI_P058",100
"35425",-0.000528236967511475,"NRI_P058",25
"35426",-0.000528236967511475,"NRI_P058",50
"35427",-0.000528236967511475,"NRI_P058",100
"35428",-0.000528236967511475,"NRI_P058",25
"35429",-0.000528236967511475,"NRI_P058",50
"35430",-0.000528236967511475,"NRI_P058",100
"35431",-0.000528236967511475,"NRI_P058",25
"35432",-0.000528236967511475,"NRI_P058",50
"35433",-0.000528236967511475,"NRI_P058",100
"35434",-0.000528236967511475,"NRI_P058",25
"35435",-0.000528236967511475,"NRI_P058",50
"35436",-0.000528236967511475,"NRI_P058",100
"35437",-0.000528236967511475,"NRI_P058",25
"35438",-0.000528236967511475,"NRI_P058",50
"35439",-0.000528236967511475,"NRI_P058",100
"35440",-0.000528236967511475,"NRI_P058",25
"35441",-0.000528236967511475,"NRI_P058",50
"35442",-0.000528236967511475,"NRI_P058",100
"35443",-0.000528236967511475,"NRI_P058",25
"35444",-0.000528236967511475,"NRI_P058",50
"35445",-0.000528236967511475,"NRI_P058",100
"35446",-0.000528236967511475,"NRI_P058",25
"35447",-0.000528236967511475,"NRI_P058",50
"35448",-0.000528236967511475,"NRI_P058",100
"35449",-0.000528236967511475,"NRI_P058",25
"35450",-0.000528236967511475,"NRI_P058",50
"35451",-0.000528236967511475,"NRI_P058",100
"35452",-0.000528236967511475,"NRI_P058",25
"35453",-0.000528236967511475,"NRI_P058",50
"35454",-0.000528236967511475,"NRI_P058",100
"35455",-0.000528236967511475,"NRI_P058",25
"35456",-0.000528236967511475,"NRI_P058",50
"35457",-0.000528236967511475,"NRI_P058",100
"35458",-0.000528236967511475,"NRI_P058",25
"35459",-0.000528236967511475,"NRI_P058",50
"35460",-0.000528236967511475,"NRI_P058",100
"35461",-0.000528236967511475,"NRI_P058",25
"35462",-0.000528236967511475,"NRI_P058",50
"35463",-0.000528236967511475,"NRI_P058",100
"35464",-0.000528236967511475,"NRI_P058",25
"35465",-0.000528236967511475,"NRI_P058",50
"35466",-0.000528236967511475,"NRI_P058",100
"35467",-0.000528236967511475,"NRI_P058",25
"35468",-0.000528236967511475,"NRI_P058",50
"35469",-0.000528236967511475,"NRI_P058",100
"35470",-0.000528236967511475,"NRI_P058",25
"35471",-0.000528236967511475,"NRI_P058",50
"35472",-0.000528236967511475,"NRI_P058",100
"35473",-0.000528236967511475,"NRI_P058",25
"35474",-0.000528236967511475,"NRI_P058",50
"35475",-0.000528236967511475,"NRI_P058",100
"35476",-0.000528236967511475,"NRI_P058",25
"35477",-0.000528236967511475,"NRI_P058",50
"35478",-0.000528236967511475,"NRI_P058",100
"35479",-0.000528236967511475,"NRI_P058",25
"35480",-0.000528236967511475,"NRI_P058",50
"35481",-0.000528236967511475,"NRI_P058",100
"35482",-0.000528236967511475,"NRI_P058",25
"35483",-0.000528236967511475,"NRI_P058",50
"35484",-0.000528236967511475,"NRI_P058",100
"35485",-0.000528236967511475,"NRI_P058",25
"35486",-0.000528236967511475,"NRI_P058",50
"35487",-0.000528236967511475,"NRI_P058",100
"35488",-0.000528236967511475,"NRI_P058",25
"35489",-0.000528236967511475,"NRI_P058",50
"35490",-0.000528236967511475,"NRI_P058",100
"35491",-0.000528236967511475,"NRI_P058",25
"35492",-0.000528236967511475,"NRI_P058",50
"35493",-0.000528236967511475,"NRI_P058",100
"35494",-0.000528236967511475,"NRI_P058",25
"35495",-0.000528236967511475,"NRI_P058",50
"35496",-0.000528236967511475,"NRI_P058",100
"35497",-0.000528236967511475,"NRI_P058",25
"35498",-0.000528236967511475,"NRI_P058",50
"35499",-0.000528236967511475,"NRI_P058",100
"35500",-0.000528236967511475,"NRI_P058",25
"35501",-0.000528236967511475,"NRI_P058",50
"35502",-0.000528236967511475,"NRI_P058",100
"35503",-0.000528236967511475,"NRI_P058",25
"35504",-0.000528236967511475,"NRI_P058",50
"35505",-0.000528236967511475,"NRI_P058",100
"35506",-0.000528236967511475,"NRI_P058",25
"35507",-0.000528236967511475,"NRI_P058",50
"35508",-0.000528236967511475,"NRI_P058",100
"35509",-0.000528236967511475,"NRI_P058",25
"35510",-0.000528236967511475,"NRI_P058",50
"35511",-0.000528236967511475,"NRI_P058",100
"35512",-0.000528236967511475,"NRI_P058",25
"35513",-0.000528236967511475,"NRI_P058",50
"35514",-0.000528236967511475,"NRI_P058",100
"35515",-0.000528236967511475,"NRI_P058",25
"35516",-0.000528236967511475,"NRI_P058",50
"35517",-0.000528236967511475,"NRI_P058",100
"35518",-0.000528236967511475,"NRI_P058",25
"35519",-0.000528236967511475,"NRI_P058",50
"35520",-0.000528236967511475,"NRI_P058",100
"35521",-0.000528236967511475,"NRI_P058",25
"35522",-0.000528236967511475,"NRI_P058",50
"35523",-0.000528236967511475,"NRI_P058",100
"35524",-0.000528236967511475,"NRI_P058",25
"35525",-0.000528236967511475,"NRI_P058",50
"35526",-0.000528236967511475,"NRI_P058",100
"35527",-0.000528236967511475,"NRI_P058",25
"35528",-0.000528236967511475,"NRI_P058",50
"35529",-0.000528236967511475,"NRI_P058",100
"35530",-0.000528236967511475,"NRI_P058",25
"35531",-0.000528236967511475,"NRI_P058",50
"35532",-0.000528236967511475,"NRI_P058",100
"35533",-0.000528236967511475,"NRI_P058",25
"35534",-0.000528236967511475,"NRI_P058",50
"35535",-0.000528236967511475,"NRI_P058",100
"35536",-0.000528236967511475,"NRI_P058",25
"35537",-0.000528236967511475,"NRI_P058",50
"35538",-0.000528236967511475,"NRI_P058",100
"35539",-0.000528236967511475,"NRI_P058",25
"35540",-0.000528236967511475,"NRI_P058",50
"35541",-0.000528236967511475,"NRI_P058",100
"35542",-0.000528236967511475,"NRI_P058",25
"35543",-0.000528236967511475,"NRI_P058",50
"35544",-0.000528236967511475,"NRI_P058",100
"35545",-0.000528236967511475,"NRI_P058",25
"35546",-0.000528236967511475,"NRI_P058",50
"35547",-0.000528236967511475,"NRI_P058",100
"35548",-0.000528236967511475,"NRI_P058",25
"35549",-0.000528236967511475,"NRI_P058",50
"35550",-0.000528236967511475,"NRI_P058",100
"35551",-0.000528236967511475,"NRI_P058",25
"35552",-0.000528236967511475,"NRI_P058",50
"35553",-0.000528236967511475,"NRI_P058",100
"35554",-0.000528236967511475,"NRI_P058",25
"35555",-0.000528236967511475,"NRI_P058",50
"35556",-0.000528236967511475,"NRI_P058",100
"35557",-0.000528236967511475,"NRI_P058",25
"35558",-0.000528236967511475,"NRI_P058",50
"35559",-0.000528236967511475,"NRI_P058",100
"35560",-0.000528236967511475,"NRI_P058",25
"35561",-0.000528236967511475,"NRI_P058",50
"35562",-0.000528236967511475,"NRI_P058",100
"35563",-0.000528236967511475,"NRI_P058",25
"35564",-0.000528236967511475,"NRI_P058",50
"35565",-0.000528236967511475,"NRI_P058",100
"35566",-0.000528236967511475,"NRI_P058",25
"35567",-0.000528236967511475,"NRI_P058",50
"35568",-0.000528236967511475,"NRI_P058",100
"35569",-0.000528236967511475,"NRI_P058",25
"35570",-0.000528236967511475,"NRI_P058",50
"35571",-0.000528236967511475,"NRI_P058",100
"35572",-0.000528236967511475,"NRI_P058",25
"35573",-0.000528236967511475,"NRI_P058",50
"35574",-0.000528236967511475,"NRI_P058",100
"35575",-0.000528236967511475,"NRI_P058",25
"35576",-0.000528236967511475,"NRI_P058",50
"35577",-0.000528236967511475,"NRI_P058",100
"35578",-0.000528236967511475,"NRI_P058",25
"35579",-0.000528236967511475,"NRI_P058",50
"35580",-0.000528236967511475,"NRI_P058",100
"35581",-0.000528236967511475,"NRI_P058",25
"35582",-0.000528236967511475,"NRI_P058",50
"35583",-0.000528236967511475,"NRI_P058",100
"35584",-0.000528236967511475,"NRI_P058",25
"35585",-0.000528236967511475,"NRI_P058",50
"35586",-0.000528236967511475,"NRI_P058",100
"35587",-0.000528236967511475,"NRI_P058",25
"35588",-0.000528236967511475,"NRI_P058",50
"35589",-0.000528236967511475,"NRI_P058",100
"35590",-0.000528236967511475,"NRI_P058",25
"35591",-0.000528236967511475,"NRI_P058",50
"35592",-0.000528236967511475,"NRI_P058",100
"35593",-0.000528236967511475,"NRI_P058",25
"35594",-0.000528236967511475,"NRI_P058",50
"35595",-0.000528236967511475,"NRI_P058",100
"35596",-0.000528236967511475,"NRI_P058",25
"35597",-0.000528236967511475,"NRI_P058",50
"35598",-0.000528236967511475,"NRI_P058",100
"35599",-0.000528236967511475,"NRI_P058",25
"35600",-0.000528236967511475,"NRI_P058",50
"35601",-0.000528236967511475,"NRI_P058",100
"35602",-0.000528236967511475,"NRI_P058",25
"35603",-0.000528236967511475,"NRI_P058",50
"35604",-0.000528236967511475,"NRI_P058",100
"35605",-0.000528236967511475,"NRI_P058",25
"35606",-0.000528236967511475,"NRI_P058",50
"35607",-0.000528236967511475,"NRI_P058",100
"35608",-0.000528236967511475,"NRI_P058",25
"35609",-0.000528236967511475,"NRI_P058",50
"35610",-0.000528236967511475,"NRI_P058",100
"35611",-0.000528236967511475,"NRI_P058",25
"35612",-0.000528236967511475,"NRI_P058",50
"35613",-0.000528236967511475,"NRI_P058",100
"35614",-0.000528236967511475,"NRI_P058",25
"35615",-0.000528236967511475,"NRI_P058",50
"35616",-0.000528236967511475,"NRI_P058",100
"35617",-0.000528236967511475,"NRI_P058",25
"35618",-0.000528236967511475,"NRI_P058",50
"35619",-0.000528236967511475,"NRI_P058",100
"35620",-0.000528236967511475,"NRI_P058",25
"35621",-0.000528236967511475,"NRI_P058",50
"35622",-0.000528236967511475,"NRI_P058",100
"35623",-0.000528236967511475,"NRI_P058",25
"35624",-0.000528236967511475,"NRI_P058",50
"35625",-0.000528236967511475,"NRI_P058",100
"35626",-0.000528236967511475,"NRI_P058",25
"35627",-0.000528236967511475,"NRI_P058",50
"35628",-0.000528236967511475,"NRI_P058",100
"35629",-0.000528236967511475,"NRI_P058",25
"35630",-0.000528236967511475,"NRI_P058",50
"35631",-0.000528236967511475,"NRI_P058",100
"35632",-0.000528236967511475,"NRI_P058",25
"35633",-0.000528236967511475,"NRI_P058",50
"35634",-0.000528236967511475,"NRI_P058",100
"35635",-0.000528236967511475,"NRI_P058",25
"35636",-0.000528236967511475,"NRI_P058",50
"35637",-0.000528236967511475,"NRI_P058",100
"35638",-0.000528236967511475,"NRI_P058",25
"35639",-0.000528236967511475,"NRI_P058",50
"35640",-0.000528236967511475,"NRI_P058",100
"35641",-0.000528236967511475,"NRI_P058",25
"35642",-0.000528236967511475,"NRI_P058",50
"35643",-0.000528236967511475,"NRI_P058",100
"35644",-0.000528236967511475,"NRI_P058",25
"35645",-0.000528236967511475,"NRI_P058",50
"35646",-0.000528236967511475,"NRI_P058",100
"35647",-0.000528236967511475,"NRI_P058",25
"35648",-0.000528236967511475,"NRI_P058",50
"35649",-0.000528236967511475,"NRI_P058",100
"35650",-0.000528236967511475,"NRI_P058",25
"35651",-0.000528236967511475,"NRI_P058",50
"35652",-0.000528236967511475,"NRI_P058",100
"35653",-0.000528236967511475,"NRI_P058",25
"35654",-0.000528236967511475,"NRI_P058",50
"35655",-0.000528236967511475,"NRI_P058",100
"35656",-0.000528236967511475,"NRI_P058",25
"35657",-0.000528236967511475,"NRI_P058",50
"35658",-0.000528236967511475,"NRI_P058",100
"35659",-0.000528236967511475,"NRI_P058",25
"35660",-0.000528236967511475,"NRI_P058",50
"35661",-0.000528236967511475,"NRI_P058",100
"35662",-0.000528236967511475,"NRI_P058",25
"35663",-0.000528236967511475,"NRI_P058",50
"35664",-0.000528236967511475,"NRI_P058",100
"35665",-0.000528236967511475,"NRI_P058",25
"35666",-0.000528236967511475,"NRI_P058",50
"35667",-0.000528236967511475,"NRI_P058",100
"35668",-0.000528236967511475,"NRI_P058",25
"35669",-0.000528236967511475,"NRI_P058",50
"35670",-0.000528236967511475,"NRI_P058",100
"35671",-0.000528236967511475,"NRI_P058",25
"35672",-0.000528236967511475,"NRI_P058",50
"35673",-0.000528236967511475,"NRI_P058",100
"35674",-0.000528236967511475,"NRI_P058",25
"35675",-0.000528236967511475,"NRI_P058",50
"35676",-0.000528236967511475,"NRI_P058",100
"35677",-0.000528236967511475,"NRI_P058",25
"35678",-0.000528236967511475,"NRI_P058",50
"35679",-0.000528236967511475,"NRI_P058",100
"35680",-0.000528236967511475,"NRI_P058",25
"35681",-0.000528236967511475,"NRI_P058",50
"35682",-0.000528236967511475,"NRI_P058",100
"35683",-0.000528236967511475,"NRI_P058",25
"35684",-0.000528236967511475,"NRI_P058",50
"35685",-0.000528236967511475,"NRI_P058",100
"35686",-0.000528236967511475,"NRI_P058",25
"35687",-0.000528236967511475,"NRI_P058",50
"35688",-0.000528236967511475,"NRI_P058",100
"35689",-0.000528236967511475,"NRI_P058",25
"35690",-0.000528236967511475,"NRI_P058",50
"35691",-0.000528236967511475,"NRI_P058",100
"35692",-0.000528236967511475,"NRI_P058",25
"35693",-0.000528236967511475,"NRI_P058",50
"35694",-0.000528236967511475,"NRI_P058",100
"35695",-0.000528236967511475,"NRI_P058",25
"35696",-0.000528236967511475,"NRI_P058",50
"35697",-0.000528236967511475,"NRI_P058",100
"35698",-0.000528236967511475,"NRI_P058",25
"35699",-0.000528236967511475,"NRI_P058",50
"35700",-0.000528236967511475,"NRI_P058",100
"35701",-0.00361490104114637,"NRI_P059",25
"35702",-0.00361490104114637,"NRI_P059",50
"35703",-0.00361490104114637,"NRI_P059",100
"35704",-0.00361490104114637,"NRI_P059",25
"35705",-0.00361490104114637,"NRI_P059",50
"35706",-0.00361490104114637,"NRI_P059",100
"35707",-0.00361490104114637,"NRI_P059",25
"35708",-0.00361490104114637,"NRI_P059",50
"35709",-0.00361490104114637,"NRI_P059",100
"35710",-0.00361490104114637,"NRI_P059",25
"35711",-0.00361490104114637,"NRI_P059",50
"35712",-0.00361490104114637,"NRI_P059",100
"35713",-0.00361490104114637,"NRI_P059",25
"35714",-0.00361490104114637,"NRI_P059",50
"35715",-0.00361490104114637,"NRI_P059",100
"35716",-0.00361490104114637,"NRI_P059",25
"35717",-0.00361490104114637,"NRI_P059",50
"35718",-0.00361490104114637,"NRI_P059",100
"35719",-0.00361490104114637,"NRI_P059",25
"35720",-0.00361490104114637,"NRI_P059",50
"35721",-0.00361490104114637,"NRI_P059",100
"35722",-0.00361490104114637,"NRI_P059",25
"35723",-0.00361490104114637,"NRI_P059",50
"35724",-0.00361490104114637,"NRI_P059",100
"35725",-0.00361490104114637,"NRI_P059",25
"35726",-0.00361490104114637,"NRI_P059",50
"35727",-0.00361490104114637,"NRI_P059",100
"35728",-0.00361490104114637,"NRI_P059",25
"35729",-0.00361490104114637,"NRI_P059",50
"35730",-0.00361490104114637,"NRI_P059",100
"35731",-0.00361490104114637,"NRI_P059",25
"35732",-0.00361490104114637,"NRI_P059",50
"35733",-0.00361490104114637,"NRI_P059",100
"35734",-0.00361490104114637,"NRI_P059",25
"35735",-0.00361490104114637,"NRI_P059",50
"35736",-0.00361490104114637,"NRI_P059",100
"35737",-0.00361490104114637,"NRI_P059",25
"35738",-0.00361490104114637,"NRI_P059",50
"35739",-0.00361490104114637,"NRI_P059",100
"35740",-0.00361490104114637,"NRI_P059",25
"35741",-0.00361490104114637,"NRI_P059",50
"35742",-0.00361490104114637,"NRI_P059",100
"35743",-0.00361490104114637,"NRI_P059",25
"35744",-0.00361490104114637,"NRI_P059",50
"35745",-0.00361490104114637,"NRI_P059",100
"35746",-0.00361490104114637,"NRI_P059",25
"35747",-0.00361490104114637,"NRI_P059",50
"35748",-0.00361490104114637,"NRI_P059",100
"35749",-0.00361490104114637,"NRI_P059",25
"35750",-0.00361490104114637,"NRI_P059",50
"35751",-0.00361490104114637,"NRI_P059",100
"35752",-0.00361490104114637,"NRI_P059",25
"35753",-0.00361490104114637,"NRI_P059",50
"35754",-0.00361490104114637,"NRI_P059",100
"35755",-0.00361490104114637,"NRI_P059",25
"35756",-0.00361490104114637,"NRI_P059",50
"35757",-0.00361490104114637,"NRI_P059",100
"35758",-0.00361490104114637,"NRI_P059",25
"35759",-0.00361490104114637,"NRI_P059",50
"35760",-0.00361490104114637,"NRI_P059",100
"35761",-0.00361490104114637,"NRI_P059",25
"35762",-0.00361490104114637,"NRI_P059",50
"35763",-0.00361490104114637,"NRI_P059",100
"35764",-0.00361490104114637,"NRI_P059",25
"35765",-0.00361490104114637,"NRI_P059",50
"35766",-0.00361490104114637,"NRI_P059",100
"35767",-0.00361490104114637,"NRI_P059",25
"35768",-0.00361490104114637,"NRI_P059",50
"35769",-0.00361490104114637,"NRI_P059",100
"35770",-0.00361490104114637,"NRI_P059",25
"35771",-0.00361490104114637,"NRI_P059",50
"35772",-0.00361490104114637,"NRI_P059",100
"35773",-0.00361490104114637,"NRI_P059",25
"35774",-0.00361490104114637,"NRI_P059",50
"35775",-0.00361490104114637,"NRI_P059",100
"35776",-0.00361490104114637,"NRI_P059",25
"35777",-0.00361490104114637,"NRI_P059",50
"35778",-0.00361490104114637,"NRI_P059",100
"35779",-0.00361490104114637,"NRI_P059",25
"35780",-0.00361490104114637,"NRI_P059",50
"35781",-0.00361490104114637,"NRI_P059",100
"35782",-0.00361490104114637,"NRI_P059",25
"35783",-0.00361490104114637,"NRI_P059",50
"35784",-0.00361490104114637,"NRI_P059",100
"35785",-0.00361490104114637,"NRI_P059",25
"35786",-0.00361490104114637,"NRI_P059",50
"35787",-0.00361490104114637,"NRI_P059",100
"35788",-0.00361490104114637,"NRI_P059",25
"35789",-0.00361490104114637,"NRI_P059",50
"35790",-0.00361490104114637,"NRI_P059",100
"35791",-0.00361490104114637,"NRI_P059",25
"35792",-0.00361490104114637,"NRI_P059",50
"35793",-0.00361490104114637,"NRI_P059",100
"35794",-0.00361490104114637,"NRI_P059",25
"35795",-0.00361490104114637,"NRI_P059",50
"35796",-0.00361490104114637,"NRI_P059",100
"35797",-0.00361490104114637,"NRI_P059",25
"35798",-0.00361490104114637,"NRI_P059",50
"35799",-0.00361490104114637,"NRI_P059",100
"35800",-0.00361490104114637,"NRI_P059",25
"35801",-0.00361490104114637,"NRI_P059",50
"35802",-0.00361490104114637,"NRI_P059",100
"35803",-0.00361490104114637,"NRI_P059",25
"35804",-0.00361490104114637,"NRI_P059",50
"35805",-0.00361490104114637,"NRI_P059",100
"35806",-0.00361490104114637,"NRI_P059",25
"35807",-0.00361490104114637,"NRI_P059",50
"35808",-0.00361490104114637,"NRI_P059",100
"35809",-0.00361490104114637,"NRI_P059",25
"35810",-0.00361490104114637,"NRI_P059",50
"35811",-0.00361490104114637,"NRI_P059",100
"35812",-0.00361490104114637,"NRI_P059",25
"35813",-0.00361490104114637,"NRI_P059",50
"35814",-0.00361490104114637,"NRI_P059",100
"35815",-0.00361490104114637,"NRI_P059",25
"35816",-0.00361490104114637,"NRI_P059",50
"35817",-0.00361490104114637,"NRI_P059",100
"35818",-0.00361490104114637,"NRI_P059",25
"35819",-0.00361490104114637,"NRI_P059",50
"35820",-0.00361490104114637,"NRI_P059",100
"35821",-0.00361490104114637,"NRI_P059",25
"35822",-0.00361490104114637,"NRI_P059",50
"35823",-0.00361490104114637,"NRI_P059",100
"35824",-0.00361490104114637,"NRI_P059",25
"35825",-0.00361490104114637,"NRI_P059",50
"35826",-0.00361490104114637,"NRI_P059",100
"35827",-0.00361490104114637,"NRI_P059",25
"35828",-0.00361490104114637,"NRI_P059",50
"35829",-0.00361490104114637,"NRI_P059",100
"35830",-0.00361490104114637,"NRI_P059",25
"35831",-0.00361490104114637,"NRI_P059",50
"35832",-0.00361490104114637,"NRI_P059",100
"35833",-0.00361490104114637,"NRI_P059",25
"35834",-0.00361490104114637,"NRI_P059",50
"35835",-0.00361490104114637,"NRI_P059",100
"35836",-0.00361490104114637,"NRI_P059",25
"35837",-0.00361490104114637,"NRI_P059",50
"35838",-0.00361490104114637,"NRI_P059",100
"35839",-0.00361490104114637,"NRI_P059",25
"35840",-0.00361490104114637,"NRI_P059",50
"35841",-0.00361490104114637,"NRI_P059",100
"35842",-0.00361490104114637,"NRI_P059",25
"35843",-0.00361490104114637,"NRI_P059",50
"35844",-0.00361490104114637,"NRI_P059",100
"35845",-0.00361490104114637,"NRI_P059",25
"35846",-0.00361490104114637,"NRI_P059",50
"35847",-0.00361490104114637,"NRI_P059",100
"35848",-0.00361490104114637,"NRI_P059",25
"35849",-0.00361490104114637,"NRI_P059",50
"35850",-0.00361490104114637,"NRI_P059",100
"35851",-0.00361490104114637,"NRI_P059",25
"35852",-0.00361490104114637,"NRI_P059",50
"35853",-0.00361490104114637,"NRI_P059",100
"35854",-0.00361490104114637,"NRI_P059",25
"35855",-0.00361490104114637,"NRI_P059",50
"35856",-0.00361490104114637,"NRI_P059",100
"35857",-0.00361490104114637,"NRI_P059",25
"35858",-0.00361490104114637,"NRI_P059",50
"35859",-0.00361490104114637,"NRI_P059",100
"35860",-0.00361490104114637,"NRI_P059",25
"35861",-0.00361490104114637,"NRI_P059",50
"35862",-0.00361490104114637,"NRI_P059",100
"35863",-0.00361490104114637,"NRI_P059",25
"35864",-0.00361490104114637,"NRI_P059",50
"35865",-0.00361490104114637,"NRI_P059",100
"35866",-0.00361490104114637,"NRI_P059",25
"35867",-0.00361490104114637,"NRI_P059",50
"35868",-0.00361490104114637,"NRI_P059",100
"35869",-0.00361490104114637,"NRI_P059",25
"35870",-0.00361490104114637,"NRI_P059",50
"35871",-0.00361490104114637,"NRI_P059",100
"35872",-0.00361490104114637,"NRI_P059",25
"35873",-0.00361490104114637,"NRI_P059",50
"35874",-0.00361490104114637,"NRI_P059",100
"35875",-0.00361490104114637,"NRI_P059",25
"35876",-0.00361490104114637,"NRI_P059",50
"35877",-0.00361490104114637,"NRI_P059",100
"35878",-0.00361490104114637,"NRI_P059",25
"35879",-0.00361490104114637,"NRI_P059",50
"35880",-0.00361490104114637,"NRI_P059",100
"35881",-0.00361490104114637,"NRI_P059",25
"35882",-0.00361490104114637,"NRI_P059",50
"35883",-0.00361490104114637,"NRI_P059",100
"35884",-0.00361490104114637,"NRI_P059",25
"35885",-0.00361490104114637,"NRI_P059",50
"35886",-0.00361490104114637,"NRI_P059",100
"35887",-0.00361490104114637,"NRI_P059",25
"35888",-0.00361490104114637,"NRI_P059",50
"35889",-0.00361490104114637,"NRI_P059",100
"35890",-0.00361490104114637,"NRI_P059",25
"35891",-0.00361490104114637,"NRI_P059",50
"35892",-0.00361490104114637,"NRI_P059",100
"35893",-0.00361490104114637,"NRI_P059",25
"35894",-0.00361490104114637,"NRI_P059",50
"35895",-0.00361490104114637,"NRI_P059",100
"35896",-0.00361490104114637,"NRI_P059",25
"35897",-0.00361490104114637,"NRI_P059",50
"35898",-0.00361490104114637,"NRI_P059",100
"35899",-0.00361490104114637,"NRI_P059",25
"35900",-0.00361490104114637,"NRI_P059",50
"35901",-0.00361490104114637,"NRI_P059",100
"35902",-0.00361490104114637,"NRI_P059",25
"35903",-0.00361490104114637,"NRI_P059",50
"35904",-0.00361490104114637,"NRI_P059",100
"35905",-0.00361490104114637,"NRI_P059",25
"35906",-0.00361490104114637,"NRI_P059",50
"35907",-0.00361490104114637,"NRI_P059",100
"35908",-0.00361490104114637,"NRI_P059",25
"35909",-0.00361490104114637,"NRI_P059",50
"35910",-0.00361490104114637,"NRI_P059",100
"35911",-0.00361490104114637,"NRI_P059",25
"35912",-0.00361490104114637,"NRI_P059",50
"35913",-0.00361490104114637,"NRI_P059",100
"35914",-0.00361490104114637,"NRI_P059",25
"35915",-0.00361490104114637,"NRI_P059",50
"35916",-0.00361490104114637,"NRI_P059",100
"35917",-0.00361490104114637,"NRI_P059",25
"35918",-0.00361490104114637,"NRI_P059",50
"35919",-0.00361490104114637,"NRI_P059",100
"35920",-0.00361490104114637,"NRI_P059",25
"35921",-0.00361490104114637,"NRI_P059",50
"35922",-0.00361490104114637,"NRI_P059",100
"35923",-0.00361490104114637,"NRI_P059",25
"35924",-0.00361490104114637,"NRI_P059",50
"35925",-0.00361490104114637,"NRI_P059",100
"35926",-0.00361490104114637,"NRI_P059",25
"35927",-0.00361490104114637,"NRI_P059",50
"35928",-0.00361490104114637,"NRI_P059",100
"35929",-0.00361490104114637,"NRI_P059",25
"35930",-0.00361490104114637,"NRI_P059",50
"35931",-0.00361490104114637,"NRI_P059",100
"35932",-0.00361490104114637,"NRI_P059",25
"35933",-0.00361490104114637,"NRI_P059",50
"35934",-0.00361490104114637,"NRI_P059",100
"35935",-0.00361490104114637,"NRI_P059",25
"35936",-0.00361490104114637,"NRI_P059",50
"35937",-0.00361490104114637,"NRI_P059",100
"35938",-0.00361490104114637,"NRI_P059",25
"35939",-0.00361490104114637,"NRI_P059",50
"35940",-0.00361490104114637,"NRI_P059",100
"35941",-0.00361490104114637,"NRI_P059",25
"35942",-0.00361490104114637,"NRI_P059",50
"35943",-0.00361490104114637,"NRI_P059",100
"35944",-0.00361490104114637,"NRI_P059",25
"35945",-0.00361490104114637,"NRI_P059",50
"35946",-0.00361490104114637,"NRI_P059",100
"35947",-0.00361490104114637,"NRI_P059",25
"35948",-0.00361490104114637,"NRI_P059",50
"35949",-0.00361490104114637,"NRI_P059",100
"35950",-0.00361490104114637,"NRI_P059",25
"35951",-0.00361490104114637,"NRI_P059",50
"35952",-0.00361490104114637,"NRI_P059",100
"35953",-0.00361490104114637,"NRI_P059",25
"35954",-0.00361490104114637,"NRI_P059",50
"35955",-0.00361490104114637,"NRI_P059",100
"35956",-0.00361490104114637,"NRI_P059",25
"35957",-0.00361490104114637,"NRI_P059",50
"35958",-0.00361490104114637,"NRI_P059",100
"35959",-0.00361490104114637,"NRI_P059",25
"35960",-0.00361490104114637,"NRI_P059",50
"35961",-0.00361490104114637,"NRI_P059",100
"35962",-0.00361490104114637,"NRI_P059",25
"35963",-0.00361490104114637,"NRI_P059",50
"35964",-0.00361490104114637,"NRI_P059",100
"35965",-0.00361490104114637,"NRI_P059",25
"35966",-0.00361490104114637,"NRI_P059",50
"35967",-0.00361490104114637,"NRI_P059",100
"35968",-0.00361490104114637,"NRI_P059",25
"35969",-0.00361490104114637,"NRI_P059",50
"35970",-0.00361490104114637,"NRI_P059",100
"35971",-0.00361490104114637,"NRI_P059",25
"35972",-0.00361490104114637,"NRI_P059",50
"35973",-0.00361490104114637,"NRI_P059",100
"35974",-0.00361490104114637,"NRI_P059",25
"35975",-0.00361490104114637,"NRI_P059",50
"35976",-0.00361490104114637,"NRI_P059",100
"35977",-0.00361490104114637,"NRI_P059",25
"35978",-0.00361490104114637,"NRI_P059",50
"35979",-0.00361490104114637,"NRI_P059",100
"35980",-0.00361490104114637,"NRI_P059",25
"35981",-0.00361490104114637,"NRI_P059",50
"35982",-0.00361490104114637,"NRI_P059",100
"35983",-0.00361490104114637,"NRI_P059",25
"35984",-0.00361490104114637,"NRI_P059",50
"35985",-0.00361490104114637,"NRI_P059",100
"35986",-0.00361490104114637,"NRI_P059",25
"35987",-0.00361490104114637,"NRI_P059",50
"35988",-0.00361490104114637,"NRI_P059",100
"35989",-0.00361490104114637,"NRI_P059",25
"35990",-0.00361490104114637,"NRI_P059",50
"35991",-0.00361490104114637,"NRI_P059",100
"35992",-0.00361490104114637,"NRI_P059",25
"35993",-0.00361490104114637,"NRI_P059",50
"35994",-0.00361490104114637,"NRI_P059",100
"35995",-0.00361490104114637,"NRI_P059",25
"35996",-0.00361490104114637,"NRI_P059",50
"35997",-0.00361490104114637,"NRI_P059",100
"35998",-0.00361490104114637,"NRI_P059",25
"35999",-0.00361490104114637,"NRI_P059",50
"36000",-0.00361490104114637,"NRI_P059",100
"36001",-0.00151385797653347,"NRI_P061",25
"36002",-0.00151385797653347,"NRI_P061",50
"36003",-0.00151385797653347,"NRI_P061",100
"36004",-0.00151385797653347,"NRI_P061",25
"36005",-0.00151385797653347,"NRI_P061",50
"36006",-0.00151385797653347,"NRI_P061",100
"36007",-0.00151385797653347,"NRI_P061",25
"36008",-0.00151385797653347,"NRI_P061",50
"36009",-0.00151385797653347,"NRI_P061",100
"36010",-0.00151385797653347,"NRI_P061",25
"36011",-0.00151385797653347,"NRI_P061",50
"36012",-0.00151385797653347,"NRI_P061",100
"36013",-0.00151385797653347,"NRI_P061",25
"36014",-0.00151385797653347,"NRI_P061",50
"36015",-0.00151385797653347,"NRI_P061",100
"36016",-0.00151385797653347,"NRI_P061",25
"36017",-0.00151385797653347,"NRI_P061",50
"36018",-0.00151385797653347,"NRI_P061",100
"36019",-0.00151385797653347,"NRI_P061",25
"36020",-0.00151385797653347,"NRI_P061",50
"36021",-0.00151385797653347,"NRI_P061",100
"36022",-0.00151385797653347,"NRI_P061",25
"36023",-0.00151385797653347,"NRI_P061",50
"36024",-0.00151385797653347,"NRI_P061",100
"36025",-0.00151385797653347,"NRI_P061",25
"36026",-0.00151385797653347,"NRI_P061",50
"36027",-0.00151385797653347,"NRI_P061",100
"36028",-0.00151385797653347,"NRI_P061",25
"36029",-0.00151385797653347,"NRI_P061",50
"36030",-0.00151385797653347,"NRI_P061",100
"36031",-0.00151385797653347,"NRI_P061",25
"36032",-0.00151385797653347,"NRI_P061",50
"36033",-0.00151385797653347,"NRI_P061",100
"36034",-0.00151385797653347,"NRI_P061",25
"36035",-0.00151385797653347,"NRI_P061",50
"36036",-0.00151385797653347,"NRI_P061",100
"36037",-0.00151385797653347,"NRI_P061",25
"36038",-0.00151385797653347,"NRI_P061",50
"36039",-0.00151385797653347,"NRI_P061",100
"36040",-0.00151385797653347,"NRI_P061",25
"36041",-0.00151385797653347,"NRI_P061",50
"36042",-0.00151385797653347,"NRI_P061",100
"36043",-0.00151385797653347,"NRI_P061",25
"36044",-0.00151385797653347,"NRI_P061",50
"36045",-0.00151385797653347,"NRI_P061",100
"36046",-0.00151385797653347,"NRI_P061",25
"36047",-0.00151385797653347,"NRI_P061",50
"36048",-0.00151385797653347,"NRI_P061",100
"36049",-0.00151385797653347,"NRI_P061",25
"36050",-0.00151385797653347,"NRI_P061",50
"36051",-0.00151385797653347,"NRI_P061",100
"36052",-0.00151385797653347,"NRI_P061",25
"36053",-0.00151385797653347,"NRI_P061",50
"36054",-0.00151385797653347,"NRI_P061",100
"36055",-0.00151385797653347,"NRI_P061",25
"36056",-0.00151385797653347,"NRI_P061",50
"36057",-0.00151385797653347,"NRI_P061",100
"36058",-0.00151385797653347,"NRI_P061",25
"36059",-0.00151385797653347,"NRI_P061",50
"36060",-0.00151385797653347,"NRI_P061",100
"36061",-0.00151385797653347,"NRI_P061",25
"36062",-0.00151385797653347,"NRI_P061",50
"36063",-0.00151385797653347,"NRI_P061",100
"36064",-0.00151385797653347,"NRI_P061",25
"36065",-0.00151385797653347,"NRI_P061",50
"36066",-0.00151385797653347,"NRI_P061",100
"36067",-0.00151385797653347,"NRI_P061",25
"36068",-0.00151385797653347,"NRI_P061",50
"36069",-0.00151385797653347,"NRI_P061",100
"36070",-0.00151385797653347,"NRI_P061",25
"36071",-0.00151385797653347,"NRI_P061",50
"36072",-0.00151385797653347,"NRI_P061",100
"36073",-0.00151385797653347,"NRI_P061",25
"36074",-0.00151385797653347,"NRI_P061",50
"36075",-0.00151385797653347,"NRI_P061",100
"36076",-0.00151385797653347,"NRI_P061",25
"36077",-0.00151385797653347,"NRI_P061",50
"36078",-0.00151385797653347,"NRI_P061",100
"36079",-0.00151385797653347,"NRI_P061",25
"36080",-0.00151385797653347,"NRI_P061",50
"36081",-0.00151385797653347,"NRI_P061",100
"36082",-0.00151385797653347,"NRI_P061",25
"36083",-0.00151385797653347,"NRI_P061",50
"36084",-0.00151385797653347,"NRI_P061",100
"36085",-0.00151385797653347,"NRI_P061",25
"36086",-0.00151385797653347,"NRI_P061",50
"36087",-0.00151385797653347,"NRI_P061",100
"36088",-0.00151385797653347,"NRI_P061",25
"36089",-0.00151385797653347,"NRI_P061",50
"36090",-0.00151385797653347,"NRI_P061",100
"36091",-0.00151385797653347,"NRI_P061",25
"36092",-0.00151385797653347,"NRI_P061",50
"36093",-0.00151385797653347,"NRI_P061",100
"36094",-0.00151385797653347,"NRI_P061",25
"36095",-0.00151385797653347,"NRI_P061",50
"36096",-0.00151385797653347,"NRI_P061",100
"36097",-0.00151385797653347,"NRI_P061",25
"36098",-0.00151385797653347,"NRI_P061",50
"36099",-0.00151385797653347,"NRI_P061",100
"36100",-0.00151385797653347,"NRI_P061",25
"36101",-0.00151385797653347,"NRI_P061",50
"36102",-0.00151385797653347,"NRI_P061",100
"36103",-0.00151385797653347,"NRI_P061",25
"36104",-0.00151385797653347,"NRI_P061",50
"36105",-0.00151385797653347,"NRI_P061",100
"36106",-0.00151385797653347,"NRI_P061",25
"36107",-0.00151385797653347,"NRI_P061",50
"36108",-0.00151385797653347,"NRI_P061",100
"36109",-0.00151385797653347,"NRI_P061",25
"36110",-0.00151385797653347,"NRI_P061",50
"36111",-0.00151385797653347,"NRI_P061",100
"36112",-0.00151385797653347,"NRI_P061",25
"36113",-0.00151385797653347,"NRI_P061",50
"36114",-0.00151385797653347,"NRI_P061",100
"36115",-0.00151385797653347,"NRI_P061",25
"36116",-0.00151385797653347,"NRI_P061",50
"36117",-0.00151385797653347,"NRI_P061",100
"36118",-0.00151385797653347,"NRI_P061",25
"36119",-0.00151385797653347,"NRI_P061",50
"36120",-0.00151385797653347,"NRI_P061",100
"36121",-0.00151385797653347,"NRI_P061",25
"36122",-0.00151385797653347,"NRI_P061",50
"36123",-0.00151385797653347,"NRI_P061",100
"36124",-0.00151385797653347,"NRI_P061",25
"36125",-0.00151385797653347,"NRI_P061",50
"36126",-0.00151385797653347,"NRI_P061",100
"36127",-0.00151385797653347,"NRI_P061",25
"36128",-0.00151385797653347,"NRI_P061",50
"36129",-0.00151385797653347,"NRI_P061",100
"36130",-0.00151385797653347,"NRI_P061",25
"36131",-0.00151385797653347,"NRI_P061",50
"36132",-0.00151385797653347,"NRI_P061",100
"36133",-0.00151385797653347,"NRI_P061",25
"36134",-0.00151385797653347,"NRI_P061",50
"36135",-0.00151385797653347,"NRI_P061",100
"36136",-0.00151385797653347,"NRI_P061",25
"36137",-0.00151385797653347,"NRI_P061",50
"36138",-0.00151385797653347,"NRI_P061",100
"36139",-0.00151385797653347,"NRI_P061",25
"36140",-0.00151385797653347,"NRI_P061",50
"36141",-0.00151385797653347,"NRI_P061",100
"36142",-0.00151385797653347,"NRI_P061",25
"36143",-0.00151385797653347,"NRI_P061",50
"36144",-0.00151385797653347,"NRI_P061",100
"36145",-0.00151385797653347,"NRI_P061",25
"36146",-0.00151385797653347,"NRI_P061",50
"36147",-0.00151385797653347,"NRI_P061",100
"36148",-0.00151385797653347,"NRI_P061",25
"36149",-0.00151385797653347,"NRI_P061",50
"36150",-0.00151385797653347,"NRI_P061",100
"36151",-0.00151385797653347,"NRI_P061",25
"36152",-0.00151385797653347,"NRI_P061",50
"36153",-0.00151385797653347,"NRI_P061",100
"36154",-0.00151385797653347,"NRI_P061",25
"36155",-0.00151385797653347,"NRI_P061",50
"36156",-0.00151385797653347,"NRI_P061",100
"36157",-0.00151385797653347,"NRI_P061",25
"36158",-0.00151385797653347,"NRI_P061",50
"36159",-0.00151385797653347,"NRI_P061",100
"36160",-0.00151385797653347,"NRI_P061",25
"36161",-0.00151385797653347,"NRI_P061",50
"36162",-0.00151385797653347,"NRI_P061",100
"36163",-0.00151385797653347,"NRI_P061",25
"36164",-0.00151385797653347,"NRI_P061",50
"36165",-0.00151385797653347,"NRI_P061",100
"36166",-0.00151385797653347,"NRI_P061",25
"36167",-0.00151385797653347,"NRI_P061",50
"36168",-0.00151385797653347,"NRI_P061",100
"36169",-0.00151385797653347,"NRI_P061",25
"36170",-0.00151385797653347,"NRI_P061",50
"36171",-0.00151385797653347,"NRI_P061",100
"36172",-0.00151385797653347,"NRI_P061",25
"36173",-0.00151385797653347,"NRI_P061",50
"36174",-0.00151385797653347,"NRI_P061",100
"36175",-0.00151385797653347,"NRI_P061",25
"36176",-0.00151385797653347,"NRI_P061",50
"36177",-0.00151385797653347,"NRI_P061",100
"36178",-0.00151385797653347,"NRI_P061",25
"36179",-0.00151385797653347,"NRI_P061",50
"36180",-0.00151385797653347,"NRI_P061",100
"36181",-0.00151385797653347,"NRI_P061",25
"36182",-0.00151385797653347,"NRI_P061",50
"36183",-0.00151385797653347,"NRI_P061",100
"36184",-0.00151385797653347,"NRI_P061",25
"36185",-0.00151385797653347,"NRI_P061",50
"36186",-0.00151385797653347,"NRI_P061",100
"36187",-0.00151385797653347,"NRI_P061",25
"36188",-0.00151385797653347,"NRI_P061",50
"36189",-0.00151385797653347,"NRI_P061",100
"36190",-0.00151385797653347,"NRI_P061",25
"36191",-0.00151385797653347,"NRI_P061",50
"36192",-0.00151385797653347,"NRI_P061",100
"36193",-0.00151385797653347,"NRI_P061",25
"36194",-0.00151385797653347,"NRI_P061",50
"36195",-0.00151385797653347,"NRI_P061",100
"36196",-0.00151385797653347,"NRI_P061",25
"36197",-0.00151385797653347,"NRI_P061",50
"36198",-0.00151385797653347,"NRI_P061",100
"36199",-0.00151385797653347,"NRI_P061",25
"36200",-0.00151385797653347,"NRI_P061",50
"36201",-0.00151385797653347,"NRI_P061",100
"36202",-0.00151385797653347,"NRI_P061",25
"36203",-0.00151385797653347,"NRI_P061",50
"36204",-0.00151385797653347,"NRI_P061",100
"36205",-0.00151385797653347,"NRI_P061",25
"36206",-0.00151385797653347,"NRI_P061",50
"36207",-0.00151385797653347,"NRI_P061",100
"36208",-0.00151385797653347,"NRI_P061",25
"36209",-0.00151385797653347,"NRI_P061",50
"36210",-0.00151385797653347,"NRI_P061",100
"36211",-0.00151385797653347,"NRI_P061",25
"36212",-0.00151385797653347,"NRI_P061",50
"36213",-0.00151385797653347,"NRI_P061",100
"36214",-0.00151385797653347,"NRI_P061",25
"36215",-0.00151385797653347,"NRI_P061",50
"36216",-0.00151385797653347,"NRI_P061",100
"36217",-0.00151385797653347,"NRI_P061",25
"36218",-0.00151385797653347,"NRI_P061",50
"36219",-0.00151385797653347,"NRI_P061",100
"36220",-0.00151385797653347,"NRI_P061",25
"36221",-0.00151385797653347,"NRI_P061",50
"36222",-0.00151385797653347,"NRI_P061",100
"36223",-0.00151385797653347,"NRI_P061",25
"36224",-0.00151385797653347,"NRI_P061",50
"36225",-0.00151385797653347,"NRI_P061",100
"36226",-0.00151385797653347,"NRI_P061",25
"36227",-0.00151385797653347,"NRI_P061",50
"36228",-0.00151385797653347,"NRI_P061",100
"36229",-0.00151385797653347,"NRI_P061",25
"36230",-0.00151385797653347,"NRI_P061",50
"36231",-0.00151385797653347,"NRI_P061",100
"36232",-0.00151385797653347,"NRI_P061",25
"36233",-0.00151385797653347,"NRI_P061",50
"36234",-0.00151385797653347,"NRI_P061",100
"36235",-0.00151385797653347,"NRI_P061",25
"36236",-0.00151385797653347,"NRI_P061",50
"36237",-0.00151385797653347,"NRI_P061",100
"36238",-0.00151385797653347,"NRI_P061",25
"36239",-0.00151385797653347,"NRI_P061",50
"36240",-0.00151385797653347,"NRI_P061",100
"36241",-0.00151385797653347,"NRI_P061",25
"36242",-0.00151385797653347,"NRI_P061",50
"36243",-0.00151385797653347,"NRI_P061",100
"36244",-0.00151385797653347,"NRI_P061",25
"36245",-0.00151385797653347,"NRI_P061",50
"36246",-0.00151385797653347,"NRI_P061",100
"36247",-0.00151385797653347,"NRI_P061",25
"36248",-0.00151385797653347,"NRI_P061",50
"36249",-0.00151385797653347,"NRI_P061",100
"36250",-0.00151385797653347,"NRI_P061",25
"36251",-0.00151385797653347,"NRI_P061",50
"36252",-0.00151385797653347,"NRI_P061",100
"36253",-0.00151385797653347,"NRI_P061",25
"36254",-0.00151385797653347,"NRI_P061",50
"36255",-0.00151385797653347,"NRI_P061",100
"36256",-0.00151385797653347,"NRI_P061",25
"36257",-0.00151385797653347,"NRI_P061",50
"36258",-0.00151385797653347,"NRI_P061",100
"36259",-0.00151385797653347,"NRI_P061",25
"36260",-0.00151385797653347,"NRI_P061",50
"36261",-0.00151385797653347,"NRI_P061",100
"36262",-0.00151385797653347,"NRI_P061",25
"36263",-0.00151385797653347,"NRI_P061",50
"36264",-0.00151385797653347,"NRI_P061",100
"36265",-0.00151385797653347,"NRI_P061",25
"36266",-0.00151385797653347,"NRI_P061",50
"36267",-0.00151385797653347,"NRI_P061",100
"36268",-0.00151385797653347,"NRI_P061",25
"36269",-0.00151385797653347,"NRI_P061",50
"36270",-0.00151385797653347,"NRI_P061",100
"36271",-0.00151385797653347,"NRI_P061",25
"36272",-0.00151385797653347,"NRI_P061",50
"36273",-0.00151385797653347,"NRI_P061",100
"36274",-0.00151385797653347,"NRI_P061",25
"36275",-0.00151385797653347,"NRI_P061",50
"36276",-0.00151385797653347,"NRI_P061",100
"36277",-0.00151385797653347,"NRI_P061",25
"36278",-0.00151385797653347,"NRI_P061",50
"36279",-0.00151385797653347,"NRI_P061",100
"36280",-0.00151385797653347,"NRI_P061",25
"36281",-0.00151385797653347,"NRI_P061",50
"36282",-0.00151385797653347,"NRI_P061",100
"36283",-0.00151385797653347,"NRI_P061",25
"36284",-0.00151385797653347,"NRI_P061",50
"36285",-0.00151385797653347,"NRI_P061",100
"36286",-0.00151385797653347,"NRI_P061",25
"36287",-0.00151385797653347,"NRI_P061",50
"36288",-0.00151385797653347,"NRI_P061",100
"36289",-0.00151385797653347,"NRI_P061",25
"36290",-0.00151385797653347,"NRI_P061",50
"36291",-0.00151385797653347,"NRI_P061",100
"36292",-0.00151385797653347,"NRI_P061",25
"36293",-0.00151385797653347,"NRI_P061",50
"36294",-0.00151385797653347,"NRI_P061",100
"36295",-0.00151385797653347,"NRI_P061",25
"36296",-0.00151385797653347,"NRI_P061",50
"36297",-0.00151385797653347,"NRI_P061",100
"36298",-0.00151385797653347,"NRI_P061",25
"36299",-0.00151385797653347,"NRI_P061",50
"36300",-0.00151385797653347,"NRI_P061",100
"36301",0.00536965799983591,"NRI_P062",25
"36302",0.00536965799983591,"NRI_P062",50
"36303",0.00536965799983591,"NRI_P062",100
"36304",0.00536965799983591,"NRI_P062",25
"36305",0.00536965799983591,"NRI_P062",50
"36306",0.00536965799983591,"NRI_P062",100
"36307",0.00536965799983591,"NRI_P062",25
"36308",0.00536965799983591,"NRI_P062",50
"36309",0.00536965799983591,"NRI_P062",100
"36310",0.00536965799983591,"NRI_P062",25
"36311",0.00536965799983591,"NRI_P062",50
"36312",0.00536965799983591,"NRI_P062",100
"36313",0.00536965799983591,"NRI_P062",25
"36314",0.00536965799983591,"NRI_P062",50
"36315",0.00536965799983591,"NRI_P062",100
"36316",0.00536965799983591,"NRI_P062",25
"36317",0.00536965799983591,"NRI_P062",50
"36318",0.00536965799983591,"NRI_P062",100
"36319",0.00536965799983591,"NRI_P062",25
"36320",0.00536965799983591,"NRI_P062",50
"36321",0.00536965799983591,"NRI_P062",100
"36322",0.00536965799983591,"NRI_P062",25
"36323",0.00536965799983591,"NRI_P062",50
"36324",0.00536965799983591,"NRI_P062",100
"36325",0.00536965799983591,"NRI_P062",25
"36326",0.00536965799983591,"NRI_P062",50
"36327",0.00536965799983591,"NRI_P062",100
"36328",0.00536965799983591,"NRI_P062",25
"36329",0.00536965799983591,"NRI_P062",50
"36330",0.00536965799983591,"NRI_P062",100
"36331",0.00536965799983591,"NRI_P062",25
"36332",0.00536965799983591,"NRI_P062",50
"36333",0.00536965799983591,"NRI_P062",100
"36334",0.00536965799983591,"NRI_P062",25
"36335",0.00536965799983591,"NRI_P062",50
"36336",0.00536965799983591,"NRI_P062",100
"36337",0.00536965799983591,"NRI_P062",25
"36338",0.00536965799983591,"NRI_P062",50
"36339",0.00536965799983591,"NRI_P062",100
"36340",0.00536965799983591,"NRI_P062",25
"36341",0.00536965799983591,"NRI_P062",50
"36342",0.00536965799983591,"NRI_P062",100
"36343",0.00536965799983591,"NRI_P062",25
"36344",0.00536965799983591,"NRI_P062",50
"36345",0.00536965799983591,"NRI_P062",100
"36346",0.00536965799983591,"NRI_P062",25
"36347",0.00536965799983591,"NRI_P062",50
"36348",0.00536965799983591,"NRI_P062",100
"36349",0.00536965799983591,"NRI_P062",25
"36350",0.00536965799983591,"NRI_P062",50
"36351",0.00536965799983591,"NRI_P062",100
"36352",0.00536965799983591,"NRI_P062",25
"36353",0.00536965799983591,"NRI_P062",50
"36354",0.00536965799983591,"NRI_P062",100
"36355",0.00536965799983591,"NRI_P062",25
"36356",0.00536965799983591,"NRI_P062",50
"36357",0.00536965799983591,"NRI_P062",100
"36358",0.00536965799983591,"NRI_P062",25
"36359",0.00536965799983591,"NRI_P062",50
"36360",0.00536965799983591,"NRI_P062",100
"36361",0.00536965799983591,"NRI_P062",25
"36362",0.00536965799983591,"NRI_P062",50
"36363",0.00536965799983591,"NRI_P062",100
"36364",0.00536965799983591,"NRI_P062",25
"36365",0.00536965799983591,"NRI_P062",50
"36366",0.00536965799983591,"NRI_P062",100
"36367",0.00536965799983591,"NRI_P062",25
"36368",0.00536965799983591,"NRI_P062",50
"36369",0.00536965799983591,"NRI_P062",100
"36370",0.00536965799983591,"NRI_P062",25
"36371",0.00536965799983591,"NRI_P062",50
"36372",0.00536965799983591,"NRI_P062",100
"36373",0.00536965799983591,"NRI_P062",25
"36374",0.00536965799983591,"NRI_P062",50
"36375",0.00536965799983591,"NRI_P062",100
"36376",0.00536965799983591,"NRI_P062",25
"36377",0.00536965799983591,"NRI_P062",50
"36378",0.00536965799983591,"NRI_P062",100
"36379",0.00536965799983591,"NRI_P062",25
"36380",0.00536965799983591,"NRI_P062",50
"36381",0.00536965799983591,"NRI_P062",100
"36382",0.00536965799983591,"NRI_P062",25
"36383",0.00536965799983591,"NRI_P062",50
"36384",0.00536965799983591,"NRI_P062",100
"36385",0.00536965799983591,"NRI_P062",25
"36386",0.00536965799983591,"NRI_P062",50
"36387",0.00536965799983591,"NRI_P062",100
"36388",0.00536965799983591,"NRI_P062",25
"36389",0.00536965799983591,"NRI_P062",50
"36390",0.00536965799983591,"NRI_P062",100
"36391",0.00536965799983591,"NRI_P062",25
"36392",0.00536965799983591,"NRI_P062",50
"36393",0.00536965799983591,"NRI_P062",100
"36394",0.00536965799983591,"NRI_P062",25
"36395",0.00536965799983591,"NRI_P062",50
"36396",0.00536965799983591,"NRI_P062",100
"36397",0.00536965799983591,"NRI_P062",25
"36398",0.00536965799983591,"NRI_P062",50
"36399",0.00536965799983591,"NRI_P062",100
"36400",0.00536965799983591,"NRI_P062",25
"36401",0.00536965799983591,"NRI_P062",50
"36402",0.00536965799983591,"NRI_P062",100
"36403",0.00536965799983591,"NRI_P062",25
"36404",0.00536965799983591,"NRI_P062",50
"36405",0.00536965799983591,"NRI_P062",100
"36406",0.00536965799983591,"NRI_P062",25
"36407",0.00536965799983591,"NRI_P062",50
"36408",0.00536965799983591,"NRI_P062",100
"36409",0.00536965799983591,"NRI_P062",25
"36410",0.00536965799983591,"NRI_P062",50
"36411",0.00536965799983591,"NRI_P062",100
"36412",0.00536965799983591,"NRI_P062",25
"36413",0.00536965799983591,"NRI_P062",50
"36414",0.00536965799983591,"NRI_P062",100
"36415",0.00536965799983591,"NRI_P062",25
"36416",0.00536965799983591,"NRI_P062",50
"36417",0.00536965799983591,"NRI_P062",100
"36418",0.00536965799983591,"NRI_P062",25
"36419",0.00536965799983591,"NRI_P062",50
"36420",0.00536965799983591,"NRI_P062",100
"36421",0.00536965799983591,"NRI_P062",25
"36422",0.00536965799983591,"NRI_P062",50
"36423",0.00536965799983591,"NRI_P062",100
"36424",0.00536965799983591,"NRI_P062",25
"36425",0.00536965799983591,"NRI_P062",50
"36426",0.00536965799983591,"NRI_P062",100
"36427",0.00536965799983591,"NRI_P062",25
"36428",0.00536965799983591,"NRI_P062",50
"36429",0.00536965799983591,"NRI_P062",100
"36430",0.00536965799983591,"NRI_P062",25
"36431",0.00536965799983591,"NRI_P062",50
"36432",0.00536965799983591,"NRI_P062",100
"36433",0.00536965799983591,"NRI_P062",25
"36434",0.00536965799983591,"NRI_P062",50
"36435",0.00536965799983591,"NRI_P062",100
"36436",0.00536965799983591,"NRI_P062",25
"36437",0.00536965799983591,"NRI_P062",50
"36438",0.00536965799983591,"NRI_P062",100
"36439",0.00536965799983591,"NRI_P062",25
"36440",0.00536965799983591,"NRI_P062",50
"36441",0.00536965799983591,"NRI_P062",100
"36442",0.00536965799983591,"NRI_P062",25
"36443",0.00536965799983591,"NRI_P062",50
"36444",0.00536965799983591,"NRI_P062",100
"36445",0.00536965799983591,"NRI_P062",25
"36446",0.00536965799983591,"NRI_P062",50
"36447",0.00536965799983591,"NRI_P062",100
"36448",0.00536965799983591,"NRI_P062",25
"36449",0.00536965799983591,"NRI_P062",50
"36450",0.00536965799983591,"NRI_P062",100
"36451",0.00536965799983591,"NRI_P062",25
"36452",0.00536965799983591,"NRI_P062",50
"36453",0.00536965799983591,"NRI_P062",100
"36454",0.00536965799983591,"NRI_P062",25
"36455",0.00536965799983591,"NRI_P062",50
"36456",0.00536965799983591,"NRI_P062",100
"36457",0.00536965799983591,"NRI_P062",25
"36458",0.00536965799983591,"NRI_P062",50
"36459",0.00536965799983591,"NRI_P062",100
"36460",0.00536965799983591,"NRI_P062",25
"36461",0.00536965799983591,"NRI_P062",50
"36462",0.00536965799983591,"NRI_P062",100
"36463",0.00536965799983591,"NRI_P062",25
"36464",0.00536965799983591,"NRI_P062",50
"36465",0.00536965799983591,"NRI_P062",100
"36466",0.00536965799983591,"NRI_P062",25
"36467",0.00536965799983591,"NRI_P062",50
"36468",0.00536965799983591,"NRI_P062",100
"36469",0.00536965799983591,"NRI_P062",25
"36470",0.00536965799983591,"NRI_P062",50
"36471",0.00536965799983591,"NRI_P062",100
"36472",0.00536965799983591,"NRI_P062",25
"36473",0.00536965799983591,"NRI_P062",50
"36474",0.00536965799983591,"NRI_P062",100
"36475",0.00536965799983591,"NRI_P062",25
"36476",0.00536965799983591,"NRI_P062",50
"36477",0.00536965799983591,"NRI_P062",100
"36478",0.00536965799983591,"NRI_P062",25
"36479",0.00536965799983591,"NRI_P062",50
"36480",0.00536965799983591,"NRI_P062",100
"36481",0.00536965799983591,"NRI_P062",25
"36482",0.00536965799983591,"NRI_P062",50
"36483",0.00536965799983591,"NRI_P062",100
"36484",0.00536965799983591,"NRI_P062",25
"36485",0.00536965799983591,"NRI_P062",50
"36486",0.00536965799983591,"NRI_P062",100
"36487",0.00536965799983591,"NRI_P062",25
"36488",0.00536965799983591,"NRI_P062",50
"36489",0.00536965799983591,"NRI_P062",100
"36490",0.00536965799983591,"NRI_P062",25
"36491",0.00536965799983591,"NRI_P062",50
"36492",0.00536965799983591,"NRI_P062",100
"36493",0.00536965799983591,"NRI_P062",25
"36494",0.00536965799983591,"NRI_P062",50
"36495",0.00536965799983591,"NRI_P062",100
"36496",0.00536965799983591,"NRI_P062",25
"36497",0.00536965799983591,"NRI_P062",50
"36498",0.00536965799983591,"NRI_P062",100
"36499",0.00536965799983591,"NRI_P062",25
"36500",0.00536965799983591,"NRI_P062",50
"36501",0.00536965799983591,"NRI_P062",100
"36502",0.00536965799983591,"NRI_P062",25
"36503",0.00536965799983591,"NRI_P062",50
"36504",0.00536965799983591,"NRI_P062",100
"36505",0.00536965799983591,"NRI_P062",25
"36506",0.00536965799983591,"NRI_P062",50
"36507",0.00536965799983591,"NRI_P062",100
"36508",0.00536965799983591,"NRI_P062",25
"36509",0.00536965799983591,"NRI_P062",50
"36510",0.00536965799983591,"NRI_P062",100
"36511",0.00536965799983591,"NRI_P062",25
"36512",0.00536965799983591,"NRI_P062",50
"36513",0.00536965799983591,"NRI_P062",100
"36514",0.00536965799983591,"NRI_P062",25
"36515",0.00536965799983591,"NRI_P062",50
"36516",0.00536965799983591,"NRI_P062",100
"36517",0.00536965799983591,"NRI_P062",25
"36518",0.00536965799983591,"NRI_P062",50
"36519",0.00536965799983591,"NRI_P062",100
"36520",0.00536965799983591,"NRI_P062",25
"36521",0.00536965799983591,"NRI_P062",50
"36522",0.00536965799983591,"NRI_P062",100
"36523",0.00536965799983591,"NRI_P062",25
"36524",0.00536965799983591,"NRI_P062",50
"36525",0.00536965799983591,"NRI_P062",100
"36526",0.00536965799983591,"NRI_P062",25
"36527",0.00536965799983591,"NRI_P062",50
"36528",0.00536965799983591,"NRI_P062",100
"36529",0.00536965799983591,"NRI_P062",25
"36530",0.00536965799983591,"NRI_P062",50
"36531",0.00536965799983591,"NRI_P062",100
"36532",0.00536965799983591,"NRI_P062",25
"36533",0.00536965799983591,"NRI_P062",50
"36534",0.00536965799983591,"NRI_P062",100
"36535",0.00536965799983591,"NRI_P062",25
"36536",0.00536965799983591,"NRI_P062",50
"36537",0.00536965799983591,"NRI_P062",100
"36538",0.00536965799983591,"NRI_P062",25
"36539",0.00536965799983591,"NRI_P062",50
"36540",0.00536965799983591,"NRI_P062",100
"36541",0.00536965799983591,"NRI_P062",25
"36542",0.00536965799983591,"NRI_P062",50
"36543",0.00536965799983591,"NRI_P062",100
"36544",0.00536965799983591,"NRI_P062",25
"36545",0.00536965799983591,"NRI_P062",50
"36546",0.00536965799983591,"NRI_P062",100
"36547",0.00536965799983591,"NRI_P062",25
"36548",0.00536965799983591,"NRI_P062",50
"36549",0.00536965799983591,"NRI_P062",100
"36550",0.00536965799983591,"NRI_P062",25
"36551",0.00536965799983591,"NRI_P062",50
"36552",0.00536965799983591,"NRI_P062",100
"36553",0.00536965799983591,"NRI_P062",25
"36554",0.00536965799983591,"NRI_P062",50
"36555",0.00536965799983591,"NRI_P062",100
"36556",0.00536965799983591,"NRI_P062",25
"36557",0.00536965799983591,"NRI_P062",50
"36558",0.00536965799983591,"NRI_P062",100
"36559",0.00536965799983591,"NRI_P062",25
"36560",0.00536965799983591,"NRI_P062",50
"36561",0.00536965799983591,"NRI_P062",100
"36562",0.00536965799983591,"NRI_P062",25
"36563",0.00536965799983591,"NRI_P062",50
"36564",0.00536965799983591,"NRI_P062",100
"36565",0.00536965799983591,"NRI_P062",25
"36566",0.00536965799983591,"NRI_P062",50
"36567",0.00536965799983591,"NRI_P062",100
"36568",0.00536965799983591,"NRI_P062",25
"36569",0.00536965799983591,"NRI_P062",50
"36570",0.00536965799983591,"NRI_P062",100
"36571",0.00536965799983591,"NRI_P062",25
"36572",0.00536965799983591,"NRI_P062",50
"36573",0.00536965799983591,"NRI_P062",100
"36574",0.00536965799983591,"NRI_P062",25
"36575",0.00536965799983591,"NRI_P062",50
"36576",0.00536965799983591,"NRI_P062",100
"36577",0.00536965799983591,"NRI_P062",25
"36578",0.00536965799983591,"NRI_P062",50
"36579",0.00536965799983591,"NRI_P062",100
"36580",0.00536965799983591,"NRI_P062",25
"36581",0.00536965799983591,"NRI_P062",50
"36582",0.00536965799983591,"NRI_P062",100
"36583",0.00536965799983591,"NRI_P062",25
"36584",0.00536965799983591,"NRI_P062",50
"36585",0.00536965799983591,"NRI_P062",100
"36586",0.00536965799983591,"NRI_P062",25
"36587",0.00536965799983591,"NRI_P062",50
"36588",0.00536965799983591,"NRI_P062",100
"36589",0.00536965799983591,"NRI_P062",25
"36590",0.00536965799983591,"NRI_P062",50
"36591",0.00536965799983591,"NRI_P062",100
"36592",0.00536965799983591,"NRI_P062",25
"36593",0.00536965799983591,"NRI_P062",50
"36594",0.00536965799983591,"NRI_P062",100
"36595",0.00536965799983591,"NRI_P062",25
"36596",0.00536965799983591,"NRI_P062",50
"36597",0.00536965799983591,"NRI_P062",100
"36598",0.00536965799983591,"NRI_P062",25
"36599",0.00536965799983591,"NRI_P062",50
"36600",0.00536965799983591,"NRI_P062",100
"36601",6118.80946111702,"NRI_P063",25
"36602",5057.94880111702,"NRI_P063",50
"36603",-2918.30113888299,"NRI_P063",100
"36604",629.44276111701,"NRI_P063",25
"36605",5062.76159111701,"NRI_P063",50
"36606",6273.92649111699,"NRI_P063",100
"36607",6159.84825111699,"NRI_P063",25
"36608",-728.361408883007,"NRI_P063",50
"36609",10878.993101117,"NRI_P063",100
"36610",1905.97957111703,"NRI_P063",25
"36611",5578.10956111702,"NRI_P063",50
"36612",5832.322331117,"NRI_P063",100
"36613",194.911971117021,"NRI_P063",25
"36614",6880.87307111704,"NRI_P063",50
"36615",105.069181116996,"NRI_P063",100
"36616",-201.078918882995,"NRI_P063",25
"36617",319.933241116989,"NRI_P063",50
"36618",781.052481117018,"NRI_P063",100
"36619",1170.783261117,"NRI_P063",25
"36620",14732.076391117,"NRI_P063",50
"36621",14247.542251117,"NRI_P063",100
"36622",2005.208591117,"NRI_P063",25
"36623",5756.23730111698,"NRI_P063",50
"36624",10309.618001117,"NRI_P063",100
"36625",1912.489451117,"NRI_P063",25
"36626",2112.578661117,"NRI_P063",50
"36627",6504.47437111702,"NRI_P063",100
"36628",-36.5161388830165,"NRI_P063",25
"36629",-731.803708883002,"NRI_P063",50
"36630",5469.00170111703,"NRI_P063",100
"36631",-238.990518882987,"NRI_P063",25
"36632",6066.98466111702,"NRI_P063",50
"36633",5736.76442111703,"NRI_P063",100
"36634",1685.51826111699,"NRI_P063",25
"36635",993.179071117018,"NRI_P063",50
"36636",4835.737961117,"NRI_P063",100
"36637",1569.31057111704,"NRI_P063",25
"36638",-372.048648883007,"NRI_P063",50
"36639",13927.450731117,"NRI_P063",100
"36640",-1501.15666888299,"NRI_P063",25
"36641",790.423851117026,"NRI_P063",50
"36642",7746.78254111699,"NRI_P063",100
"36643",-623.569748883019,"NRI_P063",25
"36644",603.556561117002,"NRI_P063",50
"36645",9765.43523111701,"NRI_P063",100
"36646",427.078001116985,"NRI_P063",25
"36647",5576.15877111699,"NRI_P063",50
"36648",4898.484521117,"NRI_P063",100
"36649",10902.833061117,"NRI_P063",25
"36650",5363.84947111702,"NRI_P063",50
"36651",8612.62418111699,"NRI_P063",100
"36652",2908.706191117,"NRI_P063",25
"36653",-1326.42877888301,"NRI_P063",50
"36654",2227.73159111699,"NRI_P063",100
"36655",6536.62189111701,"NRI_P063",25
"36656",1117.42187111703,"NRI_P063",50
"36657",5126.13445111702,"NRI_P063",100
"36658",3065.73145111703,"NRI_P063",25
"36659",3652.77987111703,"NRI_P063",50
"36660",21190.330001117,"NRI_P063",100
"36661",2197.39945111703,"NRI_P063",25
"36662",392.250401117024,"NRI_P063",50
"36663",2217.83870111703,"NRI_P063",100
"36664",-201.125008883013,"NRI_P063",25
"36665",5807.86040111701,"NRI_P063",50
"36666",6148.032581117,"NRI_P063",100
"36667",1201.99512111698,"NRI_P063",25
"36668",4027.30209111702,"NRI_P063",50
"36669",13925.420331117,"NRI_P063",100
"36670",-508.09510888299,"NRI_P063",25
"36671",-43.2327788830153,"NRI_P063",50
"36672",8279.28953111701,"NRI_P063",100
"36673",5916.52587111702,"NRI_P063",25
"36674",-408.326678882993,"NRI_P063",50
"36675",-1796.46929888299,"NRI_P063",100
"36676",585.828951117001,"NRI_P063",25
"36677",661.954361116979,"NRI_P063",50
"36678",2080.308051117,"NRI_P063",100
"36679",834.968751117005,"NRI_P063",25
"36680",3215.00446111703,"NRI_P063",50
"36681",23365.694431117,"NRI_P063",100
"36682",1182.68295111699,"NRI_P063",25
"36683",4589.62426111702,"NRI_P063",50
"36684",14305.267791117,"NRI_P063",100
"36685",3808.35645111703,"NRI_P063",25
"36686",3322.371461117,"NRI_P063",50
"36687",17414.497101117,"NRI_P063",100
"36688",2280.65474111703,"NRI_P063",25
"36689",-848.264248883002,"NRI_P063",50
"36690",23598.387531117,"NRI_P063",100
"36691",2191.42675111699,"NRI_P063",25
"36692",974.033171117015,"NRI_P063",50
"36693",1700.10778111703,"NRI_P063",100
"36694",6883.56929111702,"NRI_P063",25
"36695",12220.591401117,"NRI_P063",50
"36696",10161.690071117,"NRI_P063",100
"36697",1226.20230111701,"NRI_P063",25
"36698",8909.11476111703,"NRI_P063",50
"36699",5098.58230111701,"NRI_P063",100
"36700",3014.95719111699,"NRI_P063",25
"36701",-2615.58294888301,"NRI_P063",50
"36702",7412.22468111699,"NRI_P063",100
"36703",1187.21556111699,"NRI_P063",25
"36704",-255.065908883,"NRI_P063",50
"36705",3930.30476111703,"NRI_P063",100
"36706",-1842.924518883,"NRI_P063",25
"36707",5389.28840111702,"NRI_P063",50
"36708",11554.129131117,"NRI_P063",100
"36709",-567.959908882971,"NRI_P063",25
"36710",755.443591116986,"NRI_P063",50
"36711",10350.178121117,"NRI_P063",100
"36712",936.051651116984,"NRI_P063",25
"36713",-4141.039978883,"NRI_P063",50
"36714",1759.30440111703,"NRI_P063",100
"36715",-310.718238883012,"NRI_P063",25
"36716",1420.85698111699,"NRI_P063",50
"36717",-1309.49264888297,"NRI_P063",100
"36718",137.944661116984,"NRI_P063",25
"36719",3649.93789111701,"NRI_P063",50
"36720",1023.77191111702,"NRI_P063",100
"36721",918.452991117025,"NRI_P063",25
"36722",-1821.49112888298,"NRI_P063",50
"36723",10362.455201117,"NRI_P063",100
"36724",1013.78066111699,"NRI_P063",25
"36725",2462.21850111702,"NRI_P063",50
"36726",23026.992911117,"NRI_P063",100
"36727",8847.793871117,"NRI_P063",25
"36728",1998.15530111699,"NRI_P063",50
"36729",3020.33150111703,"NRI_P063",100
"36730",-2788.733838883,"NRI_P063",25
"36731",994.236951116996,"NRI_P063",50
"36732",3526.39156111702,"NRI_P063",100
"36733",4320.99137111701,"NRI_P063",25
"36734",8729.57199111703,"NRI_P063",50
"36735",22169.087251117,"NRI_P063",100
"36736",-1153.849948883,"NRI_P063",25
"36737",11977.095551117,"NRI_P063",50
"36738",19272.452021117,"NRI_P063",100
"36739",3012.00890111702,"NRI_P063",25
"36740",3900.76598111703,"NRI_P063",50
"36741",13727.782281117,"NRI_P063",100
"36742",1265.98976111703,"NRI_P063",25
"36743",10526.020251117,"NRI_P063",50
"36744",9518.32695111702,"NRI_P063",100
"36745",-2271.58367888298,"NRI_P063",25
"36746",2248.90159111703,"NRI_P063",50
"36747",5497.79242111702,"NRI_P063",100
"36748",-930.145808883011,"NRI_P063",25
"36749",-1709.15854888299,"NRI_P063",50
"36750",4463.09103111702,"NRI_P063",100
"36751",3732.24199111701,"NRI_P063",25
"36752",-1464.15510888299,"NRI_P063",50
"36753",9700.15963111701,"NRI_P063",100
"36754",904.226651117031,"NRI_P063",25
"36755",5807.58873111702,"NRI_P063",50
"36756",18897.267831117,"NRI_P063",100
"36757",-1684.08729888301,"NRI_P063",25
"36758",-2860.45137888298,"NRI_P063",50
"36759",10260.696601117,"NRI_P063",100
"36760",783.001991117024,"NRI_P063",25
"36761",5418.74888111703,"NRI_P063",50
"36762",4862.803121117,"NRI_P063",100
"36763",-88.8067088829703,"NRI_P063",25
"36764",8520.024301117,"NRI_P063",50
"36765",3354.83910111699,"NRI_P063",100
"36766",1836.04910111701,"NRI_P063",25
"36767",4947.22293111699,"NRI_P063",50
"36768",2545.16487111698,"NRI_P063",100
"36769",5957.505841117,"NRI_P063",25
"36770",15420.393801117,"NRI_P063",50
"36771",13473.627241117,"NRI_P063",100
"36772",531.836461117025,"NRI_P063",25
"36773",-22.6068888829905,"NRI_P063",50
"36774",1432.00966111699,"NRI_P063",100
"36775",3702.853551117,"NRI_P063",25
"36776",6941.71120111702,"NRI_P063",50
"36777",23963.954061117,"NRI_P063",100
"36778",17051.997001117,"NRI_P063",25
"36779",6519.861761117,"NRI_P063",50
"36780",292.231801117014,"NRI_P063",100
"36781",931.553651117021,"NRI_P063",25
"36782",1693.60865111701,"NRI_P063",50
"36783",6928.70110111701,"NRI_P063",100
"36784",3220.38057111698,"NRI_P063",25
"36785",3011.01370111702,"NRI_P063",50
"36786",22642.749441117,"NRI_P063",100
"36787",762.313551117026,"NRI_P063",25
"36788",-641.887908882985,"NRI_P063",50
"36789",8090.188991117,"NRI_P063",100
"36790",1614.19637111702,"NRI_P063",25
"36791",14161.848751117,"NRI_P063",50
"36792",15141.007091117,"NRI_P063",100
"36793",2692.42446111701,"NRI_P063",25
"36794",-188.054048882972,"NRI_P063",50
"36795",6664.56179111701,"NRI_P063",100
"36796",5087.69465111702,"NRI_P063",25
"36797",3585.357181117,"NRI_P063",50
"36798",12548.146371117,"NRI_P063",100
"36799",2208.55516111699,"NRI_P063",25
"36800",704.992321117024,"NRI_P063",50
"36801",-2010.807278883,"NRI_P063",100
"36802",500.748651117028,"NRI_P063",25
"36803",2970.54626111698,"NRI_P063",50
"36804",3203.25100111699,"NRI_P063",100
"36805",6581.36385111703,"NRI_P063",25
"36806",-1106.96275888302,"NRI_P063",50
"36807",4724.533001117,"NRI_P063",100
"36808",22348.233391117,"NRI_P063",25
"36809",3652.33141111699,"NRI_P063",50
"36810",530.611291117035,"NRI_P063",100
"36811",-1210.079048883,"NRI_P063",25
"36812",5093.23896111699,"NRI_P063",50
"36813",4296.578591117,"NRI_P063",100
"36814",7349.92980111699,"NRI_P063",25
"36815",11166.655671117,"NRI_P063",50
"36816",8614.876591117,"NRI_P063",100
"36817",-230.500308882969,"NRI_P063",25
"36818",6503.35775111703,"NRI_P063",50
"36819",7813.07459111698,"NRI_P063",100
"36820",-242.235608882969,"NRI_P063",25
"36821",4762.797601117,"NRI_P063",50
"36822",23057.072801117,"NRI_P063",100
"36823",1340.61375111702,"NRI_P063",25
"36824",4324.938861117,"NRI_P063",50
"36825",3510.25530111702,"NRI_P063",100
"36826",307.702731117024,"NRI_P063",25
"36827",1186.87966111698,"NRI_P063",50
"36828",3361.75812111702,"NRI_P063",100
"36829",2156.245161117,"NRI_P063",25
"36830",2816.59960111702,"NRI_P063",50
"36831",4128.03983111703,"NRI_P063",100
"36832",-1309.522748883,"NRI_P063",25
"36833",1827.23475111701,"NRI_P063",50
"36834",4863.05851111701,"NRI_P063",100
"36835",-1097.47954888298,"NRI_P063",25
"36836",1427.51458111702,"NRI_P063",50
"36837",-2604.77698888298,"NRI_P063",100
"36838",3662.29935111699,"NRI_P063",25
"36839",871.048861116986,"NRI_P063",50
"36840",11317.535761117,"NRI_P063",100
"36841",1539.40646111703,"NRI_P063",25
"36842",8819.37005111703,"NRI_P063",50
"36843",14123.178691117,"NRI_P063",100
"36844",-560.604348882975,"NRI_P063",25
"36845",-216.556308883009,"NRI_P063",50
"36846",12804.071111117,"NRI_P063",100
"36847",-890.346848882968,"NRI_P063",25
"36848",313.663181116979,"NRI_P063",50
"36849",4276.72983111703,"NRI_P063",100
"36850",6532.55270111701,"NRI_P063",25
"36851",2975.41659111698,"NRI_P063",50
"36852",14774.329431117,"NRI_P063",100
"36853",5528.13555111701,"NRI_P063",25
"36854",509.594061116979,"NRI_P063",50
"36855",6802.794231117,"NRI_P063",100
"36856",256.960551117023,"NRI_P063",25
"36857",1346.68259111699,"NRI_P063",50
"36858",2659.90850111702,"NRI_P063",100
"36859",368.866261116986,"NRI_P063",25
"36860",-177.648658883001,"NRI_P063",50
"36861",6240.78087111702,"NRI_P063",100
"36862",1952.324051117,"NRI_P063",25
"36863",1072.64156111702,"NRI_P063",50
"36864",16156.409211117,"NRI_P063",100
"36865",409.981881116983,"NRI_P063",25
"36866",-1304.05160888302,"NRI_P063",50
"36867",2896.40898111701,"NRI_P063",100
"36868",320.562261116982,"NRI_P063",25
"36869",5869.506361117,"NRI_P063",50
"36870",13872.329111117,"NRI_P063",100
"36871",-319.135588883015,"NRI_P063",25
"36872",1198.88396111701,"NRI_P063",50
"36873",7430.31638111698,"NRI_P063",100
"36874",26.8774611169938,"NRI_P063",25
"36875",-43.4326388830086,"NRI_P063",50
"36876",-348.14746888302,"NRI_P063",100
"36877",1865.37885111698,"NRI_P063",25
"36878",12120.381361117,"NRI_P063",50
"36879",4192.38932111702,"NRI_P063",100
"36880",8772.570321117,"NRI_P063",25
"36881",2144.104651117,"NRI_P063",50
"36882",11849.959671117,"NRI_P063",100
"36883",3259.68385111704,"NRI_P063",25
"36884",2093.07860111701,"NRI_P063",50
"36885",5383.42280111701,"NRI_P063",100
"36886",-407.53214888298,"NRI_P063",25
"36887",2563.16911111702,"NRI_P063",50
"36888",9128.55822111701,"NRI_P063",100
"36889",-475.922188883007,"NRI_P063",25
"36890",-1512.961418883,"NRI_P063",50
"36891",6074.09140111698,"NRI_P063",100
"36892",434.119191117003,"NRI_P063",25
"36893",1336.05386111699,"NRI_P063",50
"36894",12984.791581117,"NRI_P063",100
"36895",-636.934988882975,"NRI_P063",25
"36896",1965.23790111701,"NRI_P063",50
"36897",-2034.28039888298,"NRI_P063",100
"36898",2781.08616111701,"NRI_P063",25
"36899",3866.93138111703,"NRI_P063",50
"36900",6934.83421111701,"NRI_P063",100
"36901",-0.000844146008603275,"NRI_P066",25
"36902",-0.000844146008603275,"NRI_P066",50
"36903",418.441245854003,"NRI_P066",100
"36904",-0.000844146008603275,"NRI_P066",25
"36905",-0.000844146008603275,"NRI_P066",50
"36906",-54.9414941459981,"NRI_P066",100
"36907",-0.000844146008603275,"NRI_P066",25
"36908",-0.000844146008603275,"NRI_P066",50
"36909",-1013.426444146,"NRI_P066",100
"36910",-0.000844146008603275,"NRI_P066",25
"36911",-0.000844146008603275,"NRI_P066",50
"36912",-540.524294146002,"NRI_P066",100
"36913",-0.000844146008603275,"NRI_P066",25
"36914",-0.000844146008603275,"NRI_P066",50
"36915",71.9718558539898,"NRI_P066",100
"36916",-0.000844146008603275,"NRI_P066",25
"36917",-0.000844146008603275,"NRI_P066",50
"36918",-819.222594146006,"NRI_P066",100
"36919",-0.000844146008603275,"NRI_P066",25
"36920",-0.000844146008603275,"NRI_P066",50
"36921",67.9988558539917,"NRI_P066",100
"36922",-0.000844146008603275,"NRI_P066",25
"36923",-0.000844146008603275,"NRI_P066",50
"36924",1.5911158539966,"NRI_P066",100
"36925",-0.000844146008603275,"NRI_P066",25
"36926",-0.000844146008603275,"NRI_P066",50
"36927",-1138.365944146,"NRI_P066",100
"36928",-0.000844146008603275,"NRI_P066",25
"36929",-0.000844146008603275,"NRI_P066",50
"36930",344.553705853992,"NRI_P066",100
"36931",-0.000844146008603275,"NRI_P066",25
"36932",-0.000844146008603275,"NRI_P066",50
"36933",-193.643144146001,"NRI_P066",100
"36934",-0.000844146008603275,"NRI_P066",25
"36935",-0.000844146008603275,"NRI_P066",50
"36936",-420.398234146007,"NRI_P066",100
"36937",-0.000844146008603275,"NRI_P066",25
"36938",-0.000844146008603275,"NRI_P066",50
"36939",59.9386458539957,"NRI_P066",100
"36940",-0.000844146008603275,"NRI_P066",25
"36941",-0.000844146008603275,"NRI_P066",50
"36942",-158.272844146006,"NRI_P066",100
"36943",-0.000844146008603275,"NRI_P066",25
"36944",-0.000844146008603275,"NRI_P066",50
"36945",-241.061444146006,"NRI_P066",100
"36946",-0.000844146008603275,"NRI_P066",25
"36947",-0.000844146008603275,"NRI_P066",50
"36948",48.1630058540031,"NRI_P066",100
"36949",-0.000844146008603275,"NRI_P066",25
"36950",-0.000844146008603275,"NRI_P066",50
"36951",558.810565854001,"NRI_P066",100
"36952",-0.000844146008603275,"NRI_P066",25
"36953",-0.000844146008603275,"NRI_P066",50
"36954",-37.8824841460009,"NRI_P066",100
"36955",-0.000844146008603275,"NRI_P066",25
"36956",-0.000844146008603275,"NRI_P066",50
"36957",2318.963855854,"NRI_P066",100
"36958",-0.000844146008603275,"NRI_P066",25
"36959",-0.000844146008603275,"NRI_P066",50
"36960",-17.6737041460001,"NRI_P066",100
"36961",-0.000844146008603275,"NRI_P066",25
"36962",-0.000844146008603275,"NRI_P066",50
"36963",-0.000844146008603275,"NRI_P066",100
"36964",-0.000844146008603275,"NRI_P066",25
"36965",-0.000844146008603275,"NRI_P066",50
"36966",-655.857054146007,"NRI_P066",100
"36967",-0.000844146008603275,"NRI_P066",25
"36968",-0.000844146008603275,"NRI_P066",50
"36969",114.908355854001,"NRI_P066",100
"36970",-0.000844146008603275,"NRI_P066",25
"36971",-0.000844146008603275,"NRI_P066",50
"36972",905.777955853991,"NRI_P066",100
"36973",-0.000844146008603275,"NRI_P066",25
"36974",-0.000844146008603275,"NRI_P066",50
"36975",659.173955853999,"NRI_P066",100
"36976",-0.000844146008603275,"NRI_P066",25
"36977",-0.000844146008603275,"NRI_P066",50
"36978",69.6899858539982,"NRI_P066",100
"36979",-0.000844146008603275,"NRI_P066",25
"36980",-0.000844146008603275,"NRI_P066",50
"36981",428.941555853991,"NRI_P066",100
"36982",-0.000844146008603275,"NRI_P066",25
"36983",-0.000844146008603275,"NRI_P066",50
"36984",-2078.483844146,"NRI_P066",100
"36985",-0.000844146008603275,"NRI_P066",25
"36986",-0.000844146008603275,"NRI_P066",50
"36987",400.922555853991,"NRI_P066",100
"36988",-0.000844146008603275,"NRI_P066",25
"36989",-0.000844146008603275,"NRI_P066",50
"36990",-1095.761834146,"NRI_P066",100
"36991",-0.000844146008603275,"NRI_P066",25
"36992",-0.000844146008603275,"NRI_P066",50
"36993",-813.298344146009,"NRI_P066",100
"36994",-0.000844146008603275,"NRI_P066",25
"36995",-0.000844146008603275,"NRI_P066",50
"36996",-86.1005441460002,"NRI_P066",100
"36997",-0.000844146008603275,"NRI_P066",25
"36998",-0.000844146008603275,"NRI_P066",50
"36999",-3088.945194146,"NRI_P066",100
"37000",-0.000844146008603275,"NRI_P066",25
"37001",-0.000844146008603275,"NRI_P066",50
"37002",-669.500144146004,"NRI_P066",100
"37003",-0.000844146008603275,"NRI_P066",25
"37004",-0.000844146008603275,"NRI_P066",50
"37005",-981.276844146007,"NRI_P066",100
"37006",-0.000844146008603275,"NRI_P066",25
"37007",-0.000844146008603275,"NRI_P066",50
"37008",-89.2574841460009,"NRI_P066",100
"37009",-0.000844146008603275,"NRI_P066",25
"37010",-0.000844146008603275,"NRI_P066",50
"37011",861.000545853996,"NRI_P066",100
"37012",-0.000844146008603275,"NRI_P066",25
"37013",-0.000844146008603275,"NRI_P066",50
"37014",400.993835853995,"NRI_P066",100
"37015",-0.000844146008603275,"NRI_P066",25
"37016",-0.000844146008603275,"NRI_P066",50
"37017",484.559655853998,"NRI_P066",100
"37018",-0.000844146008603275,"NRI_P066",25
"37019",-0.000844146008603275,"NRI_P066",50
"37020",134.288755853995,"NRI_P066",100
"37021",-0.000844146008603275,"NRI_P066",25
"37022",-0.000844146008603275,"NRI_P066",50
"37023",65.4131658539991,"NRI_P066",100
"37024",-0.000844146008603275,"NRI_P066",25
"37025",-0.000844146008603275,"NRI_P066",50
"37026",-1855.602004146,"NRI_P066",100
"37027",-0.000844146008603275,"NRI_P066",25
"37028",-0.000844146008603275,"NRI_P066",50
"37029",-821.751094146006,"NRI_P066",100
"37030",-0.000844146008603275,"NRI_P066",25
"37031",-0.000844146008603275,"NRI_P066",50
"37032",-21.4330441460042,"NRI_P066",100
"37033",-0.000844146008603275,"NRI_P066",25
"37034",-0.000844146008603275,"NRI_P066",50
"37035",5.81115585399675,"NRI_P066",100
"37036",-0.000844146008603275,"NRI_P066",25
"37037",-0.000844146008603275,"NRI_P066",50
"37038",-8.6776441460097,"NRI_P066",100
"37039",-0.000844146008603275,"NRI_P066",25
"37040",-0.000844146008603275,"NRI_P066",50
"37041",-1089.023804146,"NRI_P066",100
"37042",-0.000844146008603275,"NRI_P066",25
"37043",-0.000844146008603275,"NRI_P066",50
"37044",-350.998254146005,"NRI_P066",100
"37045",-0.000844146008603275,"NRI_P066",25
"37046",-0.000844146008603275,"NRI_P066",50
"37047",194.825255853997,"NRI_P066",100
"37048",-0.000844146008603275,"NRI_P066",25
"37049",-0.000844146008603275,"NRI_P066",50
"37050",-1208.811044146,"NRI_P066",100
"37051",-0.000844146008603275,"NRI_P066",25
"37052",-0.000844146008603275,"NRI_P066",50
"37053",-4.30944414599799,"NRI_P066",100
"37054",-0.000844146008603275,"NRI_P066",25
"37055",-0.000844146008603275,"NRI_P066",50
"37056",-62.2959441459971,"NRI_P066",100
"37057",-0.000844146008603275,"NRI_P066",25
"37058",-0.000844146008603275,"NRI_P066",50
"37059",-1218.10667414601,"NRI_P066",100
"37060",-0.000844146008603275,"NRI_P066",25
"37061",-0.000844146008603275,"NRI_P066",50
"37062",-2346.008544146,"NRI_P066",100
"37063",-0.000844146008603275,"NRI_P066",25
"37064",-0.000844146008603275,"NRI_P066",50
"37065",391.961355854,"NRI_P066",100
"37066",-0.000844146008603275,"NRI_P066",25
"37067",-0.000844146008603275,"NRI_P066",50
"37068",-569.070344146006,"NRI_P066",100
"37069",-0.000844146008603275,"NRI_P066",25
"37070",-0.000844146008603275,"NRI_P066",50
"37071",-349.426724146004,"NRI_P066",100
"37072",-0.000844146008603275,"NRI_P066",25
"37073",-0.000844146008603275,"NRI_P066",50
"37074",151.218755854003,"NRI_P066",100
"37075",-0.000844146008603275,"NRI_P066",25
"37076",-0.000844146008603275,"NRI_P066",50
"37077",-11.6053941459977,"NRI_P066",100
"37078",-0.000844146008603275,"NRI_P066",25
"37079",-0.000844146008603275,"NRI_P066",50
"37080",-117.886144146003,"NRI_P066",100
"37081",-0.000844146008603275,"NRI_P066",25
"37082",-0.000844146008603275,"NRI_P066",50
"37083",-26.6343541460083,"NRI_P066",100
"37084",-0.000844146008603275,"NRI_P066",25
"37085",-0.000844146008603275,"NRI_P066",50
"37086",126.690155853998,"NRI_P066",100
"37087",-0.000844146008603275,"NRI_P066",25
"37088",-0.000844146008603275,"NRI_P066",50
"37089",298.95930585399,"NRI_P066",100
"37090",-0.000844146008603275,"NRI_P066",25
"37091",-0.000844146008603275,"NRI_P066",50
"37092",4.06530585399014,"NRI_P066",100
"37093",-0.000844146008603275,"NRI_P066",25
"37094",-0.000844146008603275,"NRI_P066",50
"37095",2690.632355854,"NRI_P066",100
"37096",-0.000844146008603275,"NRI_P066",25
"37097",-0.000844146008603275,"NRI_P066",50
"37098",363.857855854003,"NRI_P066",100
"37099",-0.000844146008603275,"NRI_P066",25
"37100",-0.000844146008603275,"NRI_P066",50
"37101",285.266165854002,"NRI_P066",100
"37102",-0.000844146008603275,"NRI_P066",25
"37103",-0.000844146008603275,"NRI_P066",50
"37104",-70.670044145998,"NRI_P066",100
"37105",-0.000844146008603275,"NRI_P066",25
"37106",-0.000844146008603275,"NRI_P066",50
"37107",-13.1189541460044,"NRI_P066",100
"37108",-0.000844146008603275,"NRI_P066",25
"37109",-0.000844146008603275,"NRI_P066",50
"37110",-74.8234441460081,"NRI_P066",100
"37111",-0.000844146008603275,"NRI_P066",25
"37112",-0.000844146008603275,"NRI_P066",50
"37113",-709.051944146006,"NRI_P066",100
"37114",-0.000844146008603275,"NRI_P066",25
"37115",-0.000844146008603275,"NRI_P066",50
"37116",102.277445853993,"NRI_P066",100
"37117",-0.000844146008603275,"NRI_P066",25
"37118",-0.000844146008603275,"NRI_P066",50
"37119",-2450.863534146,"NRI_P066",100
"37120",-0.000844146008603275,"NRI_P066",25
"37121",-0.000844146008603275,"NRI_P066",50
"37122",125.150955853998,"NRI_P066",100
"37123",-0.000844146008603275,"NRI_P066",25
"37124",-0.000844146008603275,"NRI_P066",50
"37125",19.9630458539905,"NRI_P066",100
"37126",-0.000844146008603275,"NRI_P066",25
"37127",-0.000844146008603275,"NRI_P066",50
"37128",1359.564865854,"NRI_P066",100
"37129",-0.000844146008603275,"NRI_P066",25
"37130",-0.000844146008603275,"NRI_P066",50
"37131",-116.034344145999,"NRI_P066",100
"37132",-0.000844146008603275,"NRI_P066",25
"37133",-0.000844146008603275,"NRI_P066",50
"37134",-246.96839414601,"NRI_P066",100
"37135",-0.000844146008603275,"NRI_P066",25
"37136",-0.000844146008603275,"NRI_P066",50
"37137",-832.91797414601,"NRI_P066",100
"37138",-0.000844146008603275,"NRI_P066",25
"37139",-0.000844146008603275,"NRI_P066",50
"37140",569.068655854004,"NRI_P066",100
"37141",-0.000844146008603275,"NRI_P066",25
"37142",-0.000844146008603275,"NRI_P066",50
"37143",3593.49645585399,"NRI_P066",100
"37144",-0.000844146008603275,"NRI_P066",25
"37145",-0.000844146008603275,"NRI_P066",50
"37146",-254.985454146008,"NRI_P066",100
"37147",-0.000844146008603275,"NRI_P066",25
"37148",-0.000844146008603275,"NRI_P066",50
"37149",-36.0382641460019,"NRI_P066",100
"37150",-0.000844146008603275,"NRI_P066",25
"37151",-0.000844146008603275,"NRI_P066",50
"37152",618.624155853991,"NRI_P066",100
"37153",-0.000844146008603275,"NRI_P066",25
"37154",-0.000844146008603275,"NRI_P066",50
"37155",0.0423358539992478,"NRI_P066",100
"37156",-0.000844146008603275,"NRI_P066",25
"37157",-0.000844146008603275,"NRI_P066",50
"37158",-333.399024145998,"NRI_P066",100
"37159",-0.000844146008603275,"NRI_P066",25
"37160",-0.000844146008603275,"NRI_P066",50
"37161",-328.572294145997,"NRI_P066",100
"37162",-0.000844146008603275,"NRI_P066",25
"37163",-0.000844146008603275,"NRI_P066",50
"37164",38.835955853996,"NRI_P066",100
"37165",-0.000844146008603275,"NRI_P066",25
"37166",-0.000844146008603275,"NRI_P066",50
"37167",195.322715853996,"NRI_P066",100
"37168",-0.000844146008603275,"NRI_P066",25
"37169",-0.000844146008603275,"NRI_P066",50
"37170",-3.35265414600144,"NRI_P066",100
"37171",-0.000844146008603275,"NRI_P066",25
"37172",-0.000844146008603275,"NRI_P066",50
"37173",-38.5451441460027,"NRI_P066",100
"37174",-0.000844146008603275,"NRI_P066",25
"37175",-0.000844146008603275,"NRI_P066",50
"37176",-433.327184146008,"NRI_P066",100
"37177",-0.000844146008603275,"NRI_P066",25
"37178",-0.000844146008603275,"NRI_P066",50
"37179",110.025595853993,"NRI_P066",100
"37180",-0.000844146008603275,"NRI_P066",25
"37181",-0.000844146008603275,"NRI_P066",50
"37182",-1854.281334146,"NRI_P066",100
"37183",-0.000844146008603275,"NRI_P066",25
"37184",-0.000844146008603275,"NRI_P066",50
"37185",-185.683794145996,"NRI_P066",100
"37186",-0.000844146008603275,"NRI_P066",25
"37187",-0.000844146008603275,"NRI_P066",50
"37188",-529.059794146,"NRI_P066",100
"37189",-0.000844146008603275,"NRI_P066",25
"37190",-0.000844146008603275,"NRI_P066",50
"37191",53.6253558539902,"NRI_P066",100
"37192",-0.000844146008603275,"NRI_P066",25
"37193",-0.000844146008603275,"NRI_P066",50
"37194",636.298005853998,"NRI_P066",100
"37195",-0.000844146008603275,"NRI_P066",25
"37196",-0.000844146008603275,"NRI_P066",50
"37197",94.9906458539917,"NRI_P066",100
"37198",-0.000844146008603275,"NRI_P066",25
"37199",-0.000844146008603275,"NRI_P066",50
"37200",-591.232254146002,"NRI_P066",100
"37201",-95.9169138290454,"NRI_P067",25
"37202",-1948.308663829,"NRI_P067",50
"37203",-2513.90717382904,"NRI_P067",100
"37204",-701.977103829035,"NRI_P067",25
"37205",-634.520603829005,"NRI_P067",50
"37206",1299.508116171,"NRI_P067",100
"37207",-321.01864382904,"NRI_P067",25
"37208",-278.496953829017,"NRI_P067",50
"37209",-1773.86346382904,"NRI_P067",100
"37210",845.76021617098,"NRI_P067",25
"37211",7822.52728617098,"NRI_P067",50
"37212",9017.79176617099,"NRI_P067",100
"37213",-390.518693829014,"NRI_P067",25
"37214",3212.506656171,"NRI_P067",50
"37215",89.2546561709605,"NRI_P067",100
"37216",1932.228296171,"NRI_P067",25
"37217",-158.248013828998,"NRI_P067",50
"37218",-2443.53802382899,"NRI_P067",100
"37219",-740.85690382903,"NRI_P067",25
"37220",-771.532463829033,"NRI_P067",50
"37221",-1775.05013382901,"NRI_P067",100
"37222",194.547196170955,"NRI_P067",25
"37223",-62.480703829031,"NRI_P067",50
"37224",-1925.647643829,"NRI_P067",100
"37225",-1480.29330382904,"NRI_P067",25
"37226",-1521.15594382904,"NRI_P067",50
"37227",-2568.49310382904,"NRI_P067",100
"37228",72.4472161709564,"NRI_P067",25
"37229",-345.140113828995,"NRI_P067",50
"37230",7650.57487617095,"NRI_P067",100
"37231",1364.64039617096,"NRI_P067",25
"37232",-484.015433829045,"NRI_P067",50
"37233",-2737.83016382903,"NRI_P067",100
"37234",-99.1864838290494,"NRI_P067",25
"37235",-2118.40764382901,"NRI_P067",50
"37236",989.093736170966,"NRI_P067",100
"37237",3885.02835617098,"NRI_P067",25
"37238",-11.3950438290485,"NRI_P067",50
"37239",745.252796171,"NRI_P067",100
"37240",1145.33887617098,"NRI_P067",25
"37241",16.9120061709546,"NRI_P067",50
"37242",-1853.247233829,"NRI_P067",100
"37243",321.212726170954,"NRI_P067",25
"37244",-1890.00813382905,"NRI_P067",50
"37245",6767.53836617095,"NRI_P067",100
"37246",-179.47780382901,"NRI_P067",25
"37247",100.001856171002,"NRI_P067",50
"37248",3112.50586617098,"NRI_P067",100
"37249",-2494.82494382904,"NRI_P067",25
"37250",-864.194543829013,"NRI_P067",50
"37251",6547.98427617096,"NRI_P067",100
"37252",-1796.96520382899,"NRI_P067",25
"37253",-1411.59177382902,"NRI_P067",50
"37254",137.251456170983,"NRI_P067",100
"37255",1117.126496171,"NRI_P067",25
"37256",-1996.99929382902,"NRI_P067",50
"37257",5418.94895617099,"NRI_P067",100
"37258",2016.663556171,"NRI_P067",25
"37259",-858.586893828993,"NRI_P067",50
"37260",2189.35493617097,"NRI_P067",100
"37261",1288.25189617096,"NRI_P067",25
"37262",-2445.57769382902,"NRI_P067",50
"37263",-2069.46440382901,"NRI_P067",100
"37264",-544.286843829032,"NRI_P067",25
"37265",89.1758361709653,"NRI_P067",50
"37266",-2272.775923829,"NRI_P067",100
"37267",-106.770873829024,"NRI_P067",25
"37268",1534.10370617098,"NRI_P067",50
"37269",76.5177561710007,"NRI_P067",100
"37270",-1883.367853829,"NRI_P067",25
"37271",-805.20317382901,"NRI_P067",50
"37272",-2234.12323382904,"NRI_P067",100
"37273",-145.172213829006,"NRI_P067",25
"37274",904.482856170973,"NRI_P067",50
"37275",1507.41705617099,"NRI_P067",100
"37276",2236.277296171,"NRI_P067",25
"37277",-525.505843829014,"NRI_P067",50
"37278",5639.82783617097,"NRI_P067",100
"37279",-1821.04930382903,"NRI_P067",25
"37280",-968.175193828996,"NRI_P067",50
"37281",682.994636170974,"NRI_P067",100
"37282",-181.48455382901,"NRI_P067",25
"37283",-2189.50769382901,"NRI_P067",50
"37284",-2143.86277382902,"NRI_P067",100
"37285",-516.249603828997,"NRI_P067",25
"37286",3693.824996171,"NRI_P067",50
"37287",-260.181673829036,"NRI_P067",100
"37288",-1669.04744382901,"NRI_P067",25
"37289",-1579.70950382901,"NRI_P067",50
"37290",-2533.56290382904,"NRI_P067",100
"37291",417.213296170987,"NRI_P067",25
"37292",114.567756170989,"NRI_P067",50
"37293",-2455.76695382904,"NRI_P067",100
"37294",7700.38005617098,"NRI_P067",25
"37295",7182.81275617098,"NRI_P067",50
"37296",-2321.02559382905,"NRI_P067",100
"37297",-1693.726273829,"NRI_P067",25
"37298",-1386.98180382903,"NRI_P067",50
"37299",-1796.06743382901,"NRI_P067",100
"37300",74.3590961709851,"NRI_P067",25
"37301",134.821946170996,"NRI_P067",50
"37302",4432.74410617095,"NRI_P067",100
"37303",-384.823303829005,"NRI_P067",25
"37304",2519.45560617099,"NRI_P067",50
"37305",675.890656170959,"NRI_P067",100
"37306",-1617.053083829,"NRI_P067",25
"37307",-2282.37652382901,"NRI_P067",50
"37308",131.147916171001,"NRI_P067",100
"37309",295.740736170963,"NRI_P067",25
"37310",1027.52839617099,"NRI_P067",50
"37311",1445.20119617099,"NRI_P067",100
"37312",-664.415323829046,"NRI_P067",25
"37313",-1606.18677382905,"NRI_P067",50
"37314",-2384.314213829,"NRI_P067",100
"37315",-1188.20390382904,"NRI_P067",25
"37316",-2429.10039382899,"NRI_P067",50
"37317",-416.051543829031,"NRI_P067",100
"37318",-1728.71920382901,"NRI_P067",25
"37319",-2654.087223829,"NRI_P067",50
"37320",4104.15796617098,"NRI_P067",100
"37321",-174.258073828998,"NRI_P067",25
"37322",4426.501106171,"NRI_P067",50
"37323",3661.93926617096,"NRI_P067",100
"37324",3066.127956171,"NRI_P067",25
"37325",142.850476171006,"NRI_P067",50
"37326",-2718.88883382903,"NRI_P067",100
"37327",-626.909283829038,"NRI_P067",25
"37328",5041.61042617098,"NRI_P067",50
"37329",-562.049253828998,"NRI_P067",100
"37330",-1779.349583829,"NRI_P067",25
"37331",-116.415103829,"NRI_P067",50
"37332",-1712.09859382903,"NRI_P067",100
"37333",-2517.58178382902,"NRI_P067",25
"37334",-2496.47700382903,"NRI_P067",50
"37335",2521.04589617095,"NRI_P067",100
"37336",120.342736170976,"NRI_P067",25
"37337",676.19659617095,"NRI_P067",50
"37338",-150.739743829006,"NRI_P067",100
"37339",-73.6878438290441,"NRI_P067",25
"37340",-950.316083829035,"NRI_P067",50
"37341",-2651.68349382904,"NRI_P067",100
"37342",-1632.95110382902,"NRI_P067",25
"37343",-2578.19880382903,"NRI_P067",50
"37344",-2074.83911382902,"NRI_P067",100
"37345",-1982.17105382902,"NRI_P067",25
"37346",-1006.07227382902,"NRI_P067",50
"37347",-2177.77635382902,"NRI_P067",100
"37348",-80.6643538289936,"NRI_P067",25
"37349",-2882.54265382903,"NRI_P067",50
"37350",-1755.43584382901,"NRI_P067",100
"37351",-438.111303829006,"NRI_P067",25
"37352",-2652.94636382902,"NRI_P067",50
"37353",-2328.554413829,"NRI_P067",100
"37354",-236.114403829037,"NRI_P067",25
"37355",-1290.051593829,"NRI_P067",50
"37356",-2655.455733829,"NRI_P067",100
"37357",-303.758303829003,"NRI_P067",25
"37358",-1459.84258382901,"NRI_P067",50
"37359",-1665.42897382902,"NRI_P067",100
"37360",3443.81092617096,"NRI_P067",25
"37361",747.032506170974,"NRI_P067",50
"37362",7086.67873617099,"NRI_P067",100
"37363",39.7321561709978,"NRI_P067",25
"37364",412.983056170982,"NRI_P067",50
"37365",-1048.76613382902,"NRI_P067",100
"37366",-1973.721083829,"NRI_P067",25
"37367",493.751066170982,"NRI_P067",50
"37368",7550.08705617097,"NRI_P067",100
"37369",641.940056170977,"NRI_P067",25
"37370",-2131.61485382903,"NRI_P067",50
"37371",3855.214956171,"NRI_P067",100
"37372",116.385056170984,"NRI_P067",25
"37373",-611.909983829013,"NRI_P067",50
"37374",-880.202273829025,"NRI_P067",100
"37375",188.649816170975,"NRI_P067",25
"37376",1582.19859617099,"NRI_P067",50
"37377",-436.97210382903,"NRI_P067",100
"37378",-863.490803829045,"NRI_P067",25
"37379",-643.449603829009,"NRI_P067",50
"37380",2621.64751617098,"NRI_P067",100
"37381",-2152.33778382902,"NRI_P067",25
"37382",-1699.14590382902,"NRI_P067",50
"37383",-1965.41021382902,"NRI_P067",100
"37384",3265.593336171,"NRI_P067",25
"37385",-1999.97391382902,"NRI_P067",50
"37386",1348.73391617095,"NRI_P067",100
"37387",1526.766066171,"NRI_P067",25
"37388",2150.13641617098,"NRI_P067",50
"37389",1743.96302617097,"NRI_P067",100
"37390",-175.076543828996,"NRI_P067",25
"37391",-2609.37069382903,"NRI_P067",50
"37392",-998.939453829022,"NRI_P067",100
"37393",-574.207693829027,"NRI_P067",25
"37394",-2213.79958382901,"NRI_P067",50
"37395",-1078.31320382905,"NRI_P067",100
"37396",-1709.16254382901,"NRI_P067",25
"37397",-2207.63618382905,"NRI_P067",50
"37398",-1578.60384382901,"NRI_P067",100
"37399",-1407.15450382902,"NRI_P067",25
"37400",-1134.23654382903,"NRI_P067",50
"37401",1352.371016171,"NRI_P067",100
"37402",-903.316453829,"NRI_P067",25
"37403",-305.02480382903,"NRI_P067",50
"37404",-2236.57305382902,"NRI_P067",100
"37405",-507.407703828998,"NRI_P067",25
"37406",8929.59772617096,"NRI_P067",50
"37407",-2519.20100382902,"NRI_P067",100
"37408",3988.65655617096,"NRI_P067",25
"37409",-1212.578103829,"NRI_P067",50
"37410",127.762636170955,"NRI_P067",100
"37411",-667.963343829033,"NRI_P067",25
"37412",7996.19573617098,"NRI_P067",50
"37413",-2110.39290382899,"NRI_P067",100
"37414",-938.784583828994,"NRI_P067",25
"37415",-831.649853829003,"NRI_P067",50
"37416",-2071.24954382901,"NRI_P067",100
"37417",131.857206170971,"NRI_P067",25
"37418",-715.815233829024,"NRI_P067",50
"37419",4029.81300617097,"NRI_P067",100
"37420",484.33205617097,"NRI_P067",25
"37421",-416.825643829012,"NRI_P067",50
"37422",4224.28252617095,"NRI_P067",100
"37423",-370.540933829034,"NRI_P067",25
"37424",-1098.68760382902,"NRI_P067",50
"37425",4079.186566171,"NRI_P067",100
"37426",-13.3922238289961,"NRI_P067",25
"37427",-1962.81383382902,"NRI_P067",50
"37428",-2368.41420382902,"NRI_P067",100
"37429",-181.825903829013,"NRI_P067",25
"37430",-2360.58982382901,"NRI_P067",50
"37431",-2277.04464382899,"NRI_P067",100
"37432",-786.766303829034,"NRI_P067",25
"37433",-1911.784003829,"NRI_P067",50
"37434",-1338.83094382903,"NRI_P067",100
"37435",-1977.71698382904,"NRI_P067",25
"37436",-207.46654382901,"NRI_P067",50
"37437",-50.9373238290427,"NRI_P067",100
"37438",45.594826171,"NRI_P067",25
"37439",652.054266171006,"NRI_P067",50
"37440",-550.062933829031,"NRI_P067",100
"37441",2242.777196171,"NRI_P067",25
"37442",-64.1873538290383,"NRI_P067",50
"37443",-884.013853829005,"NRI_P067",100
"37444",-2296.48135382903,"NRI_P067",25
"37445",730.386896170967,"NRI_P067",50
"37446",-1223.44221382902,"NRI_P067",100
"37447",-176.985793829022,"NRI_P067",25
"37448",1178.78359617095,"NRI_P067",50
"37449",-2833.93279382901,"NRI_P067",100
"37450",-242.406233829039,"NRI_P067",25
"37451",-1688.586833829,"NRI_P067",50
"37452",-1161.066553829,"NRI_P067",100
"37453",1695.45805617096,"NRI_P067",25
"37454",11244.229856171,"NRI_P067",50
"37455",-2997.87942382903,"NRI_P067",100
"37456",-105.334613829036,"NRI_P067",25
"37457",-323.569083829003,"NRI_P067",50
"37458",-963.098683829012,"NRI_P067",100
"37459",1178.91752617096,"NRI_P067",25
"37460",1988.548196171,"NRI_P067",50
"37461",-2502.91356382903,"NRI_P067",100
"37462",-447.465843829035,"NRI_P067",25
"37463",-729.416203828994,"NRI_P067",50
"37464",-1986.76442382904,"NRI_P067",100
"37465",-2216.93228382902,"NRI_P067",25
"37466",-1677.244443829,"NRI_P067",50
"37467",-2211.78070382902,"NRI_P067",100
"37468",1079.626856171,"NRI_P067",25
"37469",-299.666993829014,"NRI_P067",50
"37470",-774.398523829004,"NRI_P067",100
"37471",871.294656170998,"NRI_P067",25
"37472",4444.57299617096,"NRI_P067",50
"37473",-2024.76692382904,"NRI_P067",100
"37474",-621.291803829023,"NRI_P067",25
"37475",-255.664333829016,"NRI_P067",50
"37476",-1946.46622382902,"NRI_P067",100
"37477",-1294.36849382904,"NRI_P067",25
"37478",-7.09644382901024,"NRI_P067",50
"37479",2687.56044617097,"NRI_P067",100
"37480",321.151956170972,"NRI_P067",25
"37481",5708.45725617098,"NRI_P067",50
"37482",1112.042026171,"NRI_P067",100
"37483",-267.549853829027,"NRI_P067",25
"37484",-49.2094438290223,"NRI_P067",50
"37485",-1827.67914382904,"NRI_P067",100
"37486",-1462.625743829,"NRI_P067",25
"37487",-631.579443829018,"NRI_P067",50
"37488",-2014.58162382903,"NRI_P067",100
"37489",-226.068213829014,"NRI_P067",25
"37490",-1868.05273382901,"NRI_P067",50
"37491",-1370.10425382905,"NRI_P067",100
"37492",-228.691733829037,"NRI_P067",25
"37493",236.263696170994,"NRI_P067",50
"37494",712.481036170968,"NRI_P067",100
"37495",3633.34019617096,"NRI_P067",25
"37496",80.1102961709839,"NRI_P067",50
"37497",-1236.95974382904,"NRI_P067",100
"37498",884.030326170963,"NRI_P067",25
"37499",-1792.32699382905,"NRI_P067",50
"37500",-2353.56731382903,"NRI_P067",100
"37501",48.6759783939924,"NRI_P068",25
"37502",-350.083941606019,"NRI_P068",50
"37503",-1282.71105160602,"NRI_P068",100
"37504",-746.845421606005,"NRI_P068",25
"37505",-867.274041605997,"NRI_P068",50
"37506",2520.56997839399,"NRI_P068",100
"37507",-253.924341606005,"NRI_P068",25
"37508",-1438.44202160602,"NRI_P068",50
"37509",-641.67073160602,"NRI_P068",100
"37510",-58.0630316059978,"NRI_P068",25
"37511",-1415.286811606,"NRI_P068",50
"37512",-1753.49093160601,"NRI_P068",100
"37513",-59.4371616060089,"NRI_P068",25
"37514",21967.201978394,"NRI_P068",50
"37515",-1327.29638160602,"NRI_P068",100
"37516",-628.413521606009,"NRI_P068",25
"37517",-1628.150291606,"NRI_P068",50
"37518",1422.34365839398,"NRI_P068",100
"37519",-0.179221605998464,"NRI_P068",25
"37520",-1084.025521606,"NRI_P068",50
"37521",-1123.17071160601,"NRI_P068",100
"37522",-1391.53223160602,"NRI_P068",25
"37523",-1476.53182160601,"NRI_P068",50
"37524",850.522108393983,"NRI_P068",100
"37525",-42.6908316060144,"NRI_P068",25
"37526",-752.205621606001,"NRI_P068",50
"37527",-1424.15934160602,"NRI_P068",100
"37528",-190.821721606015,"NRI_P068",25
"37529",-1339.07576160601,"NRI_P068",50
"37530",-1407.879801606,"NRI_P068",100
"37531",-1373.66196160601,"NRI_P068",25
"37532",-1285.354181606,"NRI_P068",50
"37533",-387.990621606004,"NRI_P068",100
"37534",-1383.74783160602,"NRI_P068",25
"37535",23.0775383939908,"NRI_P068",50
"37536",-1209.54323160602,"NRI_P068",100
"37537",-68.3144316060061,"NRI_P068",25
"37538",-1387.95121160601,"NRI_P068",50
"37539",-1182.26028160602,"NRI_P068",100
"37540",-279.489141605998,"NRI_P068",25
"37541",-29.6143216060009,"NRI_P068",50
"37542",-1514.39408160601,"NRI_P068",100
"37543",215.305078393983,"NRI_P068",25
"37544",-1400.25567160602,"NRI_P068",50
"37545",-1338.155421606,"NRI_P068",100
"37546",-60.7295016060234,"NRI_P068",25
"37547",-1158.820691606,"NRI_P068",50
"37548",-1403.50038160602,"NRI_P068",100
"37549",-1348.93377160601,"NRI_P068",25
"37550",-6.71234160600579,"NRI_P068",50
"37551",-555.24992160601,"NRI_P068",100
"37552",-1378.12705160602,"NRI_P068",25
"37553",-366.707991606003,"NRI_P068",50
"37554",-383.805021606007,"NRI_P068",100
"37555",-1339.79925160602,"NRI_P068",25
"37556",247.334978393978,"NRI_P068",50
"37557",64.9037983939925,"NRI_P068",100
"37558",-168.452821606013,"NRI_P068",25
"37559",-315.101381606015,"NRI_P068",50
"37560",-1596.926901606,"NRI_P068",100
"37561",-2.1640216060041,"NRI_P068",25
"37562",-751.050921606016,"NRI_P068",50
"37563",-1731.97473160602,"NRI_P068",100
"37564",-57.9846816060017,"NRI_P068",25
"37565",-1224.46092160602,"NRI_P068",50
"37566",-1499.65664160601,"NRI_P068",100
"37567",-299.271021606022,"NRI_P068",25
"37568",616.795008393994,"NRI_P068",50
"37569",-1080.205671606,"NRI_P068",100
"37570",-996.092721606023,"NRI_P068",25
"37571",-1075.641011606,"NRI_P068",50
"37572",-1225.425491606,"NRI_P068",100
"37573",-1361.63652160601,"NRI_P068",25
"37574",-351.277441606013,"NRI_P068",50
"37575",1411.785778394,"NRI_P068",100
"37576",-195.939821606007,"NRI_P068",25
"37577",528.923278393981,"NRI_P068",50
"37578",20634.034378394,"NRI_P068",100
"37579",150.627078393998,"NRI_P068",25
"37580",-1322.882121606,"NRI_P068",50
"37581",-1723.54690160602,"NRI_P068",100
"37582",-78.7920116060122,"NRI_P068",25
"37583",-1307.804301606,"NRI_P068",50
"37584",612.507478393993,"NRI_P068",100
"37585",-272.395361606003,"NRI_P068",25
"37586",-1460.33833160601,"NRI_P068",50
"37587",-1721.22130160601,"NRI_P068",100
"37588",5.31067839398747,"NRI_P068",25
"37589",-1367.97961160602,"NRI_P068",50
"37590",-1640.359211606,"NRI_P068",100
"37591",-1399.40921160602,"NRI_P068",25
"37592",-1678.745211606,"NRI_P068",50
"37593",-945.708791606012,"NRI_P068",100
"37594",-1262.52042160602,"NRI_P068",25
"37595",1535.461678394,"NRI_P068",50
"37596",243.21677839398,"NRI_P068",100
"37597",-279.21059160601,"NRI_P068",25
"37598",-1331.85610160601,"NRI_P068",50
"37599",-1595.82205160602,"NRI_P068",100
"37600",501.61567839398,"NRI_P068",25
"37601",-385.65160160602,"NRI_P068",50
"37602",-1581.85412160601,"NRI_P068",100
"37603",-1359.45321160601,"NRI_P068",25
"37604",217.985878393985,"NRI_P068",50
"37605",-646.795021605998,"NRI_P068",100
"37606",21.136078393989,"NRI_P068",25
"37607",-1483.812921606,"NRI_P068",50
"37608",-1744.645261606,"NRI_P068",100
"37609",14843.959678394,"NRI_P068",25
"37610",-1658.119091606,"NRI_P068",50
"37611",112.998988393985,"NRI_P068",100
"37612",-296.080201606004,"NRI_P068",25
"37613",-1269.482441606,"NRI_P068",50
"37614",15781.200718394,"NRI_P068",100
"37615",-1385.66810160602,"NRI_P068",25
"37616",-1356.35938160602,"NRI_P068",50
"37617",-753.481531605998,"NRI_P068",100
"37618",-62.0535416060011,"NRI_P068",25
"37619",-1370.22004160602,"NRI_P068",50
"37620",-224.248821606016,"NRI_P068",100
"37621",-70.2347016060085,"NRI_P068",25
"37622",-348.705681606021,"NRI_P068",50
"37623",-1482.69161160602,"NRI_P068",100
"37624",1260.727578394,"NRI_P068",25
"37625",-363.935671606014,"NRI_P068",50
"37626",-1517.07769160601,"NRI_P068",100
"37627",-59.6354016060068,"NRI_P068",25
"37628",-9.2947216060129,"NRI_P068",50
"37629",536.986408393976,"NRI_P068",100
"37630",-268.72443160601,"NRI_P068",25
"37631",-1605.08981160601,"NRI_P068",50
"37632",-1460.52892160602,"NRI_P068",100
"37633",-168.754021606001,"NRI_P068",25
"37634",210.466078393976,"NRI_P068",50
"37635",-1535.35883160602,"NRI_P068",100
"37636",-914.268721606,"NRI_P068",25
"37637",-1128.516301606,"NRI_P068",50
"37638",-1728.23328160602,"NRI_P068",100
"37639",-14.9460816060018,"NRI_P068",25
"37640",-1427.24338160601,"NRI_P068",50
"37641",-50.3394216060115,"NRI_P068",100
"37642",-271.71264160602,"NRI_P068",25
"37643",1606.277878394,"NRI_P068",50
"37644",-1275.75924160602,"NRI_P068",100
"37645",-241.682321606,"NRI_P068",25
"37646",-1419.40862160601,"NRI_P068",50
"37647",-1646.08381160602,"NRI_P068",100
"37648",-1385.31645160602,"NRI_P068",25
"37649",1517.883278394,"NRI_P068",50
"37650",-1262.37637160602,"NRI_P068",100
"37651",-1326.10292160601,"NRI_P068",25
"37652",-271.389011606021,"NRI_P068",50
"37653",-1367.76355160601,"NRI_P068",100
"37654",-265.248951606016,"NRI_P068",25
"37655",509.339978393982,"NRI_P068",50
"37656",-1717.227231606,"NRI_P068",100
"37657",-62.6936516060086,"NRI_P068",25
"37658",-1119.819521606,"NRI_P068",50
"37659",15866.026978394,"NRI_P068",100
"37660",-103.890621605999,"NRI_P068",25
"37661",-234.192511606001,"NRI_P068",50
"37662",-1044.320351606,"NRI_P068",100
"37663",347.729078393982,"NRI_P068",25
"37664",-1454.272921606,"NRI_P068",50
"37665",-980.430771606014,"NRI_P068",100
"37666",-33.8925916060107,"NRI_P068",25
"37667",-1372.46624160602,"NRI_P068",50
"37668",-1499.31500160601,"NRI_P068",100
"37669",124.668878394004,"NRI_P068",25
"37670",-1011.03659160601,"NRI_P068",50
"37671",-1520.827601606,"NRI_P068",100
"37672",379.306278393982,"NRI_P068",25
"37673",432.741478393989,"NRI_P068",50
"37674",-1299.78033160602,"NRI_P068",100
"37675",-59.6354016060068,"NRI_P068",25
"37676",-148.105601606017,"NRI_P068",50
"37677",-796.402921606001,"NRI_P068",100
"37678",-1225.19112160601,"NRI_P068",25
"37679",1112.53747839399,"NRI_P068",50
"37680",-91.1703916060214,"NRI_P068",100
"37681",33.7349783940008,"NRI_P068",25
"37682",-1578.356761606,"NRI_P068",50
"37683",-1326.40182160601,"NRI_P068",100
"37684",-71.6981316060119,"NRI_P068",25
"37685",-1667.305181606,"NRI_P068",50
"37686",-701.727541606,"NRI_P068",100
"37687",1177.53557839399,"NRI_P068",25
"37688",2714.61981839399,"NRI_P068",50
"37689",-702.886021606013,"NRI_P068",100
"37690",-306.013571606018,"NRI_P068",25
"37691",-1386.52528160601,"NRI_P068",50
"37692",-1624.39803160602,"NRI_P068",100
"37693",-1372.71535160602,"NRI_P068",25
"37694",-1383.82034160601,"NRI_P068",50
"37695",694.192078394,"NRI_P068",100
"37696",-1363.477751606,"NRI_P068",25
"37697",-1655.57787160602,"NRI_P068",50
"37698",-1666.12027160602,"NRI_P068",100
"37699",109.816978393996,"NRI_P068",25
"37700",16125.252278394,"NRI_P068",50
"37701",-1341.00106160602,"NRI_P068",100
"37702",1177.53557839399,"NRI_P068",25
"37703",-1428.61704160602,"NRI_P068",50
"37704",-1687.49570160601,"NRI_P068",100
"37705",-1372.33496160601,"NRI_P068",25
"37706",-280.665341606014,"NRI_P068",50
"37707",13260.214298394,"NRI_P068",100
"37708",-219.740521606,"NRI_P068",25
"37709",27.0104383939761,"NRI_P068",50
"37710",-1098.25658160602,"NRI_P068",100
"37711",-1262.52042160602,"NRI_P068",25
"37712",-318.891421606007,"NRI_P068",50
"37713",-1055.514421606,"NRI_P068",100
"37714",237.503178393992,"NRI_P068",25
"37715",-1667.11436160601,"NRI_P068",50
"37716",157.451778393995,"NRI_P068",100
"37717",163.187278393976,"NRI_P068",25
"37718",-1507.182741606,"NRI_P068",50
"37719",-1472.161051606,"NRI_P068",100
"37720",-228.440721606021,"NRI_P068",25
"37721",-1569.984471606,"NRI_P068",50
"37722",-1682.698221606,"NRI_P068",100
"37723",-1041.91042160601,"NRI_P068",25
"37724",-1619.180521606,"NRI_P068",50
"37725",-1566.41187160602,"NRI_P068",100
"37726",-1382.712321606,"NRI_P068",25
"37727",-1538.327831606,"NRI_P068",50
"37728",-1205.747111606,"NRI_P068",100
"37729",-278.195221606002,"NRI_P068",25
"37730",-237.388551606011,"NRI_P068",50
"37731",4678.01759839398,"NRI_P068",100
"37732",-264.193841606,"NRI_P068",25
"37733",-1230.32002160602,"NRI_P068",50
"37734",-1625.19339160601,"NRI_P068",100
"37735",-51.5641416060098,"NRI_P068",25
"37736",-1021.04522160601,"NRI_P068",50
"37737",-1696.90887160602,"NRI_P068",100
"37738",-69.8406216060102,"NRI_P068",25
"37739",-323.515191606013,"NRI_P068",50
"37740",-1578.79570160602,"NRI_P068",100
"37741",-131.929121606023,"NRI_P068",25
"37742",-1088.440321606,"NRI_P068",50
"37743",-1688.04629160601,"NRI_P068",100
"37744",-65.6641416060156,"NRI_P068",25
"37745",-1363.79102160601,"NRI_P068",50
"37746",-1526.491351606,"NRI_P068",100
"37747",100.741578393994,"NRI_P068",25
"37748",-345.815921606001,"NRI_P068",50
"37749",-1357.14347160602,"NRI_P068",100
"37750",-269.528821606014,"NRI_P068",25
"37751",-1022.782121606,"NRI_P068",50
"37752",-1297.25711160601,"NRI_P068",100
"37753",-280.768401606008,"NRI_P068",25
"37754",2750.31007839399,"NRI_P068",50
"37755",-1316.087291606,"NRI_P068",100
"37756",-181.805821606016,"NRI_P068",25
"37757",-1028.40742160601,"NRI_P068",50
"37758",13714.851378394,"NRI_P068",100
"37759",-1400.76857160602,"NRI_P068",25
"37760",-1300.686411606,"NRI_P068",50
"37761",-1584.89681160601,"NRI_P068",100
"37762",-1184.14272160601,"NRI_P068",25
"37763",653.085278393992,"NRI_P068",50
"37764",-1560.58702160601,"NRI_P068",100
"37765",-45.4852216060099,"NRI_P068",25
"37766",-1450.15265160601,"NRI_P068",50
"37767",-1363.757621606,"NRI_P068",100
"37768",-245.956051606016,"NRI_P068",25
"37769",-1165.10792160602,"NRI_P068",50
"37770",-1368.348971606,"NRI_P068",100
"37771",-74.0214716060145,"NRI_P068",25
"37772",-1244.722721606,"NRI_P068",50
"37773",-261.926441606018,"NRI_P068",100
"37774",-296.080201606004,"NRI_P068",25
"37775",-399.256081605999,"NRI_P068",50
"37776",-798.912961606024,"NRI_P068",100
"37777",-1308.08772160602,"NRI_P068",25
"37778",-1610.03385160601,"NRI_P068",50
"37779",-1514.51586160602,"NRI_P068",100
"37780",1.34647839399986,"NRI_P068",25
"37781",-278.994661606004,"NRI_P068",50
"37782",1373.72935839399,"NRI_P068",100
"37783",1103.961578394,"NRI_P068",25
"37784",-1633.56950160602,"NRI_P068",50
"37785",-1456.035321606,"NRI_P068",100
"37786",-276.026171606005,"NRI_P068",25
"37787",-1453.157851606,"NRI_P068",50
"37788",-1264.73800160602,"NRI_P068",100
"37789",-919.986221605999,"NRI_P068",25
"37790",35.8843783939956,"NRI_P068",50
"37791",-1391.49022160601,"NRI_P068",100
"37792",150.627078393998,"NRI_P068",25
"37793",27.056768393988,"NRI_P068",50
"37794",665.733618393977,"NRI_P068",100
"37795",-11.3409216060245,"NRI_P068",25
"37796",-1491.37820160601,"NRI_P068",50
"37797",-1237.14399160602,"NRI_P068",100
"37798",-268.525371605996,"NRI_P068",25
"37799",1694.465978394,"NRI_P068",50
"37800",-1546.18389160602,"NRI_P068",100
"37801",-0.000574042802327313,"NRI_P069",25
"37802",-109.222474042792,"NRI_P069",50
"37803",-212.664794042794,"NRI_P069",100
"37804",-0.000574042802327313,"NRI_P069",25
"37805",17.3516259572061,"NRI_P069",50
"37806",217.305925957204,"NRI_P069",100
"37807",-0.000574042802327313,"NRI_P069",25
"37808",-124.831404042794,"NRI_P069",50
"37809",84.4247059572081,"NRI_P069",100
"37810",-0.000574042802327313,"NRI_P069",25
"37811",-102.228074042796,"NRI_P069",50
"37812",-123.284034042794,"NRI_P069",100
"37813",-0.000574042802327313,"NRI_P069",25
"37814",315.475625957202,"NRI_P069",50
"37815",-165.242134042797,"NRI_P069",100
"37816",-0.000574042802327313,"NRI_P069",25
"37817",-125.298744042797,"NRI_P069",50
"37818",-181.323874042791,"NRI_P069",100
"37819",-0.000574042802327313,"NRI_P069",25
"37820",-122.311164042796,"NRI_P069",50
"37821",155.725925957202,"NRI_P069",100
"37822",-0.000574042802327313,"NRI_P069",25
"37823",86.5894259572087,"NRI_P069",50
"37824",59.8252259572037,"NRI_P069",100
"37825",-0.000574042802327313,"NRI_P069",25
"37826",210.638025957203,"NRI_P069",50
"37827",-8.26084404280118,"NRI_P069",100
"37828",-0.000574042802327313,"NRI_P069",25
"37829",86.0418259572034,"NRI_P069",50
"37830",-193.682804042794,"NRI_P069",100
"37831",-0.000574042802327313,"NRI_P069",25
"37832",-76.5728240427998,"NRI_P069",50
"37833",347.219525957204,"NRI_P069",100
"37834",-0.000574042802327313,"NRI_P069",25
"37835",-67.5914940427901,"NRI_P069",50
"37836",-56.1149240427912,"NRI_P069",100
"37837",-0.000574042802327313,"NRI_P069",25
"37838",-61.5873040427978,"NRI_P069",50
"37839",-206.467414042796,"NRI_P069",100
"37840",-0.000574042802327313,"NRI_P069",25
"37841",-9.92087404280028,"NRI_P069",50
"37842",-77.2658740428014,"NRI_P069",100
"37843",-0.000574042802327313,"NRI_P069",25
"37844",-141.8573840428,"NRI_P069",50
"37845",-98.708774042796,"NRI_P069",100
"37846",-0.000574042802327313,"NRI_P069",25
"37847",-102.484774042794,"NRI_P069",50
"37848",103.196125957198,"NRI_P069",100
"37849",-0.000574042802327313,"NRI_P069",25
"37850",-121.650424042789,"NRI_P069",50
"37851",676.280435957204,"NRI_P069",100
"37852",-0.000574042802327313,"NRI_P069",25
"37853",-144.946174042794,"NRI_P069",50
"37854",-173.443124042795,"NRI_P069",100
"37855",-0.000574042802327313,"NRI_P069",25
"37856",-97.0550340428017,"NRI_P069",50
"37857",-152.012884042793,"NRI_P069",100
"37858",-0.000574042802327313,"NRI_P069",25
"37859",-32.4687740427908,"NRI_P069",50
"37860",451.782425957208,"NRI_P069",100
"37861",-0.000574042802327313,"NRI_P069",25
"37862",-107.94229404279,"NRI_P069",50
"37863",-236.329074042791,"NRI_P069",100
"37864",-0.000574042802327313,"NRI_P069",25
"37865",-47.5563740427897,"NRI_P069",50
"37866",-80.4070740427996,"NRI_P069",100
"37867",-0.000574042802327313,"NRI_P069",25
"37868",495.520325957201,"NRI_P069",50
"37869",-158.950744042799,"NRI_P069",100
"37870",-0.000574042802327313,"NRI_P069",25
"37871",191.249225957203,"NRI_P069",50
"37872",536.951425957202,"NRI_P069",100
"37873",-0.000574042802327313,"NRI_P069",25
"37874",86.2197259571985,"NRI_P069",50
"37875",-225.695314042794,"NRI_P069",100
"37876",-0.000574042802327313,"NRI_P069",25
"37877",-33.7107740427891,"NRI_P069",50
"37878",430.548455957207,"NRI_P069",100
"37879",-0.000574042802327313,"NRI_P069",25
"37880",74.1127259572095,"NRI_P069",50
"37881",-178.757294042793,"NRI_P069",100
"37882",-0.000574042802327313,"NRI_P069",25
"37883",-138.323634042797,"NRI_P069",50
"37884",-79.4021740427997,"NRI_P069",100
"37885",-0.000574042802327313,"NRI_P069",25
"37886",355.1796259572,"NRI_P069",50
"37887",267.787165957197,"NRI_P069",100
"37888",-0.000574042802327313,"NRI_P069",25
"37889",230.287025957208,"NRI_P069",50
"37890",-85.3624440427957,"NRI_P069",100
"37891",-0.000574042802327313,"NRI_P069",25
"37892",44.1280259572086,"NRI_P069",50
"37893",-57.3323740428023,"NRI_P069",100
"37894",-0.000574042802327313,"NRI_P069",25
"37895",158.416325957209,"NRI_P069",50
"37896",222.9299259572,"NRI_P069",100
"37897",-0.000574042802327313,"NRI_P069",25
"37898",26.5110259572102,"NRI_P069",50
"37899",-225.880374042797,"NRI_P069",100
"37900",-0.000574042802327313,"NRI_P069",25
"37901",-100.560264042797,"NRI_P069",50
"37902",198.946525957203,"NRI_P069",100
"37903",-0.000574042802327313,"NRI_P069",25
"37904",-95.694174042801,"NRI_P069",50
"37905",681.044315957202,"NRI_P069",100
"37906",-0.000574042802327313,"NRI_P069",25
"37907",-66.5140040427941,"NRI_P069",50
"37908",19.9752059572056,"NRI_P069",100
"37909",-0.000574042802327313,"NRI_P069",25
"37910",280.590325957208,"NRI_P069",50
"37911",322.403025957203,"NRI_P069",100
"37912",-0.000574042802327313,"NRI_P069",25
"37913",-142.768034042791,"NRI_P069",50
"37914",195.861425957206,"NRI_P069",100
"37915",-0.000574042802327313,"NRI_P069",25
"37916",-106.455234042791,"NRI_P069",50
"37917",-0.67277404278866,"NRI_P069",100
"37918",-0.000574042802327313,"NRI_P069",25
"37919",-95.2959840427939,"NRI_P069",50
"37920",-70.7920140427887,"NRI_P069",100
"37921",-0.000574042802327313,"NRI_P069",25
"37922",-2.17117404279998,"NRI_P069",50
"37923",759.029645957198,"NRI_P069",100
"37924",-0.000574042802327313,"NRI_P069",25
"37925",43.3286259572051,"NRI_P069",50
"37926",-134.687434042789,"NRI_P069",100
"37927",-0.000574042802327313,"NRI_P069",25
"37928",-136.8943940428,"NRI_P069",50
"37929",-132.830984042797,"NRI_P069",100
"37930",-0.000574042802327313,"NRI_P069",25
"37931",-107.94229404279,"NRI_P069",50
"37932",-238.911784042793,"NRI_P069",100
"37933",-0.000574042802327313,"NRI_P069",25
"37934",-52.0140340427897,"NRI_P069",50
"37935",2433.9149359572,"NRI_P069",100
"37936",-0.000574042802327313,"NRI_P069",25
"37937",30.5402259572002,"NRI_P069",50
"37938",-120.034514042796,"NRI_P069",100
"37939",-0.000574042802327313,"NRI_P069",25
"37940",94.6055259572022,"NRI_P069",50
"37941",213.632025957209,"NRI_P069",100
"37942",-0.000574042802327313,"NRI_P069",25
"37943",1829.5276259572,"NRI_P069",50
"37944",-140.371734042797,"NRI_P069",100
"37945",-0.000574042802327313,"NRI_P069",25
"37946",-50.3408640427951,"NRI_P069",50
"37947",-115.098984042794,"NRI_P069",100
"37948",-0.000574042802327313,"NRI_P069",25
"37949",537.981725957201,"NRI_P069",50
"37950",-203.353304042801,"NRI_P069",100
"37951",-0.000574042802327313,"NRI_P069",25
"37952",212.835725957208,"NRI_P069",50
"37953",391.700655957204,"NRI_P069",100
"37954",-0.000574042802327313,"NRI_P069",25
"37955",-139.516434042802,"NRI_P069",50
"37956",-169.079624042803,"NRI_P069",100
"37957",-0.000574042802327313,"NRI_P069",25
"37958",32.5405259571999,"NRI_P069",50
"37959",-31.6736440427921,"NRI_P069",100
"37960",-0.000574042802327313,"NRI_P069",25
"37961",-106.455234042791,"NRI_P069",50
"37962",-78.6286940427963,"NRI_P069",100
"37963",-0.000574042802327313,"NRI_P069",25
"37964",86.2197259571985,"NRI_P069",50
"37965",44.5291259572114,"NRI_P069",100
"37966",-0.000574042802327313,"NRI_P069",25
"37967",-16.7629740427947,"NRI_P069",50
"37968",-256.050264042802,"NRI_P069",100
"37969",-0.000574042802327313,"NRI_P069",25
"37970",-15.2369740427966,"NRI_P069",50
"37971",88.3962259571999,"NRI_P069",100
"37972",-0.000574042802327313,"NRI_P069",25
"37973",5199.72302595721,"NRI_P069",50
"37974",-112.516274042791,"NRI_P069",100
"37975",-0.000574042802327313,"NRI_P069",25
"37976",818.801125957209,"NRI_P069",50
"37977",-140.151674042791,"NRI_P069",100
"37978",-0.000574042802327313,"NRI_P069",25
"37979",-6.42567404279544,"NRI_P069",50
"37980",-189.972394042794,"NRI_P069",100
"37981",-0.000574042802327313,"NRI_P069",25
"37982",613.053925957211,"NRI_P069",50
"37983",-206.085724042801,"NRI_P069",100
"37984",-0.000574042802327313,"NRI_P069",25
"37985",-103.176274042795,"NRI_P069",50
"37986",-24.0745740427956,"NRI_P069",100
"37987",-0.000574042802327313,"NRI_P069",25
"37988",-37.3086740427971,"NRI_P069",50
"37989",-219.748614042794,"NRI_P069",100
"37990",-0.000574042802327313,"NRI_P069",25
"37991",-47.0299740428018,"NRI_P069",50
"37992",60.0149259572063,"NRI_P069",100
"37993",-0.000574042802327313,"NRI_P069",25
"37994",107.066525957198,"NRI_P069",50
"37995",159.255925957201,"NRI_P069",100
"37996",-0.000574042802327313,"NRI_P069",25
"37997",5.07802595720568,"NRI_P069",50
"37998",107.376325957201,"NRI_P069",100
"37999",-0.000574042802327313,"NRI_P069",25
"38000",-42.6702740428009,"NRI_P069",50
"38001",2061.3674259572,"NRI_P069",100
"38002",-0.000574042802327313,"NRI_P069",25
"38003",-72.8665440428013,"NRI_P069",50
"38004",-128.187494042795,"NRI_P069",100
"38005",-0.000574042802327313,"NRI_P069",25
"38006",164.821525957203,"NRI_P069",50
"38007",631.864225957208,"NRI_P069",100
"38008",-0.000574042802327313,"NRI_P069",25
"38009",-59.1910740427993,"NRI_P069",50
"38010",26.1457259572053,"NRI_P069",100
"38011",-0.000574042802327313,"NRI_P069",25
"38012",39.8011259572086,"NRI_P069",50
"38013",415.965995957202,"NRI_P069",100
"38014",-0.000574042802327313,"NRI_P069",25
"38015",162.478225957209,"NRI_P069",50
"38016",-74.0330640428001,"NRI_P069",100
"38017",-0.000574042802327313,"NRI_P069",25
"38018",-74.9301740427909,"NRI_P069",50
"38019",56.7227259572101,"NRI_P069",100
"38020",-0.000574042802327313,"NRI_P069",25
"38021",-41.3527740427962,"NRI_P069",50
"38022",406.216265957206,"NRI_P069",100
"38023",-0.000574042802327313,"NRI_P069",25
"38024",-70.3292740428005,"NRI_P069",50
"38025",-238.317074042789,"NRI_P069",100
"38026",-0.000574042802327313,"NRI_P069",25
"38027",170.374325957207,"NRI_P069",50
"38028",107.254905957205,"NRI_P069",100
"38029",-0.000574042802327313,"NRI_P069",25
"38030",-87.5338840428012,"NRI_P069",50
"38031",9.11629595721024,"NRI_P069",100
"38032",-0.000574042802327313,"NRI_P069",25
"38033",273.014225957202,"NRI_P069",50
"38034",58.3152659572079,"NRI_P069",100
"38035",-0.000574042802327313,"NRI_P069",25
"38036",540.717225957211,"NRI_P069",50
"38037",-24.6972740428027,"NRI_P069",100
"38038",-0.000574042802327313,"NRI_P069",25
"38039",-57.9511740427988,"NRI_P069",50
"38040",-55.1737140428013,"NRI_P069",100
"38041",-0.000574042802327313,"NRI_P069",25
"38042",-14.1565740427905,"NRI_P069",50
"38043",71.7081659571995,"NRI_P069",100
"38044",-0.000574042802327313,"NRI_P069",25
"38045",-57.6983740427968,"NRI_P069",50
"38046",-52.8445240427973,"NRI_P069",100
"38047",-0.000574042802327313,"NRI_P069",25
"38048",-39.7396740427939,"NRI_P069",50
"38049",-59.6732540427911,"NRI_P069",100
"38050",-0.000574042802327313,"NRI_P069",25
"38051",36.2037259572098,"NRI_P069",50
"38052",-103.478464042797,"NRI_P069",100
"38053",-0.000574042802327313,"NRI_P069",25
"38054",164.821525957203,"NRI_P069",50
"38055",-149.007684042794,"NRI_P069",100
"38056",-0.000574042802327313,"NRI_P069",25
"38057",-65.4808940427902,"NRI_P069",50
"38058",-89.9145740427921,"NRI_P069",100
"38059",-0.000574042802327313,"NRI_P069",25
"38060",-109.96374404279,"NRI_P069",50
"38061",-188.546694042801,"NRI_P069",100
"38062",-0.000574042802327313,"NRI_P069",25
"38063",245.051025957204,"NRI_P069",50
"38064",28.8583959571988,"NRI_P069",100
"38065",-0.000574042802327313,"NRI_P069",25
"38066",499.168825957211,"NRI_P069",50
"38067",158.445925957203,"NRI_P069",100
"38068",-0.000574042802327313,"NRI_P069",25
"38069",-105.826984042797,"NRI_P069",50
"38070",89.2310259572114,"NRI_P069",100
"38071",-0.000574042802327313,"NRI_P069",25
"38072",382.115825957211,"NRI_P069",50
"38073",33.8645259572077,"NRI_P069",100
"38074",-0.000574042802327313,"NRI_P069",25
"38075",-61.5873040427978,"NRI_P069",50
"38076",-12.560064042802,"NRI_P069",100
"38077",-0.000574042802327313,"NRI_P069",25
"38078",491.614025957198,"NRI_P069",50
"38079",1212.67852595721,"NRI_P069",100
"38080",-0.000574042802327313,"NRI_P069",25
"38081",-71.0544340428023,"NRI_P069",50
"38082",339.943225957206,"NRI_P069",100
"38083",-0.000574042802327313,"NRI_P069",25
"38084",106.163125957202,"NRI_P069",50
"38085",-134.511324042789,"NRI_P069",100
"38086",-0.000574042802327313,"NRI_P069",25
"38087",128.503225957204,"NRI_P069",50
"38088",-10.5402740427962,"NRI_P069",100
"38089",-0.000574042802327313,"NRI_P069",25
"38090",-91.3098740427959,"NRI_P069",50
"38091",-180.952714042796,"NRI_P069",100
"38092",-0.000574042802327313,"NRI_P069",25
"38093",-88.6782240428001,"NRI_P069",50
"38094",2323.47422595721,"NRI_P069",100
"38095",-0.000574042802327313,"NRI_P069",25
"38096",-116.043474042803,"NRI_P069",50
"38097",116.026365957208,"NRI_P069",100
"38098",-0.000574042802327313,"NRI_P069",25
"38099",-76.1139740427898,"NRI_P069",50
"38100",148.025625957205,"NRI_P069",100
"38101",6806.277238407,"NRI_P070",25
"38102",8908.06581840699,"NRI_P070",50
"38103",-7327.52628159302,"NRI_P070",100
"38104",-359.911691593006,"NRI_P070",25
"38105",266.561158406985,"NRI_P070",50
"38106",-5844.07220159302,"NRI_P070",100
"38107",8820.089918407,"NRI_P070",25
"38108",-140.165931593016,"NRI_P070",50
"38109",4609.46278840699,"NRI_P070",100
"38110",-6597.005131593,"NRI_P070",25
"38111",4781.50610840699,"NRI_P070",50
"38112",-8317.56210159301,"NRI_P070",100
"38113",-479.224201593024,"NRI_P070",25
"38114",-8616.277101593,"NRI_P070",50
"38115",-7520.25477159303,"NRI_P070",100
"38116",-6851.677461593,"NRI_P070",25
"38117",-4319.31349159303,"NRI_P070",50
"38118",-7121.42963159303,"NRI_P070",100
"38119",2961.75481840697,"NRI_P070",25
"38120",1643.82500840697,"NRI_P070",50
"38121",-8986.97473159301,"NRI_P070",100
"38122",820.303988406988,"NRI_P070",25
"38123",2954.84243840698,"NRI_P070",50
"38124",-7945.727011593,"NRI_P070",100
"38125",211.097038406995,"NRI_P070",25
"38126",-649.237071593001,"NRI_P070",50
"38127",-6823.704541593,"NRI_P070",100
"38128",-7407.871481593,"NRI_P070",25
"38129",-383.702251593,"NRI_P070",50
"38130",-5810.99462159301,"NRI_P070",100
"38131",-6930.68512159301,"NRI_P070",25
"38132",-7666.98056159302,"NRI_P070",50
"38133",-6059.52907159302,"NRI_P070",100
"38134",-47.9203415930097,"NRI_P070",25
"38135",-8013.53261159302,"NRI_P070",50
"38136",-7390.75490159303,"NRI_P070",100
"38137",-393.959971593024,"NRI_P070",25
"38138",-462.412441593013,"NRI_P070",50
"38139",-5791.05969159302,"NRI_P070",100
"38140",-6846.48463159302,"NRI_P070",25
"38141",6792.51448840697,"NRI_P070",50
"38142",-7967.770221593,"NRI_P070",100
"38143",-1163.47028159301,"NRI_P070",25
"38144",-160.668771593017,"NRI_P070",50
"38145",-8443.93774159302,"NRI_P070",100
"38146",-681.651921593002,"NRI_P070",25
"38147",9931.79972840697,"NRI_P070",50
"38148",-6104.43555159302,"NRI_P070",100
"38149",254.584008406993,"NRI_P070",25
"38150",1290.81030840697,"NRI_P070",50
"38151",-1281.282601593,"NRI_P070",100
"38152",-6486.670481593,"NRI_P070",25
"38153",-1325.54854159302,"NRI_P070",50
"38154",-7805.894781593,"NRI_P070",100
"38155",-6628.83399159301,"NRI_P070",25
"38156",-7264.18070159302,"NRI_P070",50
"38157",-7784.82793159303,"NRI_P070",100
"38158",261.826408406981,"NRI_P070",25
"38159",1311.18612840699,"NRI_P070",50
"38160",-9189.49697159301,"NRI_P070",100
"38161",-628.339061593026,"NRI_P070",25
"38162",-288.735171593027,"NRI_P070",50
"38163",-7532.70317159302,"NRI_P070",100
"38164",-997.328801593016,"NRI_P070",25
"38165",-8565.22028159301,"NRI_P070",50
"38166",-4759.42503159301,"NRI_P070",100
"38167",532.870228406973,"NRI_P070",25
"38168",-6533.73057159301,"NRI_P070",50
"38169",-8488.16105159302,"NRI_P070",100
"38170",-836.597061593027,"NRI_P070",25
"38171",-7270.92539159302,"NRI_P070",50
"38172",-7434.59512159301,"NRI_P070",100
"38173",102.191008406982,"NRI_P070",25
"38174",390.284668406995,"NRI_P070",50
"38175",-5520.48830159302,"NRI_P070",100
"38176",-525.293341593002,"NRI_P070",25
"38177",-6771.11342159301,"NRI_P070",50
"38178",-5210.33057159302,"NRI_P070",100
"38179",-6148.11381159301,"NRI_P070",25
"38180",-6257.35543159302,"NRI_P070",50
"38181",-7115.13353159302,"NRI_P070",100
"38182",-1155.502241593,"NRI_P070",25
"38183",-1189.068881593,"NRI_P070",50
"38184",-9217.44953159301,"NRI_P070",100
"38185",-137.422561593005,"NRI_P070",25
"38186",-6881.715231593,"NRI_P070",50
"38187",-8622.15467159302,"NRI_P070",100
"38188",2025.94087840698,"NRI_P070",25
"38189",-483.739031593024,"NRI_P070",50
"38190",-5592.241501593,"NRI_P070",100
"38191",-303.814701593015,"NRI_P070",25
"38192",-183.838351593004,"NRI_P070",50
"38193",-7487.38825159302,"NRI_P070",100
"38194",386.486298406991,"NRI_P070",25
"38195",-508.120251593005,"NRI_P070",50
"38196",-6281.350501593,"NRI_P070",100
"38197",499.134738406981,"NRI_P070",25
"38198",-8794.19355159302,"NRI_P070",50
"38199",-6547.52662159302,"NRI_P070",100
"38200",109.492788406991,"NRI_P070",25
"38201",877.801328406989,"NRI_P070",50
"38202",-7581.18091159302,"NRI_P070",100
"38203",381.184198406991,"NRI_P070",25
"38204",-6903.83582159301,"NRI_P070",50
"38205",-8425.859151593,"NRI_P070",100
"38206",-8021.366241593,"NRI_P070",25
"38207",371.636078406998,"NRI_P070",50
"38208",-5646.41673159302,"NRI_P070",100
"38209",-318.073031593027,"NRI_P070",25
"38210",6105.90470840698,"NRI_P070",50
"38211",-1612.61646159302,"NRI_P070",100
"38212",-720.453281593014,"NRI_P070",25
"38213",-932.041601593024,"NRI_P070",50
"38214",-8325.95060159301,"NRI_P070",100
"38215",-1168.71769159302,"NRI_P070",25
"38216",-5391.95612159302,"NRI_P070",50
"38217",-7751.36039159301,"NRI_P070",100
"38218",848.556938406982,"NRI_P070",25
"38219",-7989.249401593,"NRI_P070",50
"38220",-7214.17210159302,"NRI_P070",100
"38221",344.700388406985,"NRI_P070",25
"38222",-4594.09835159301,"NRI_P070",50
"38223",-8391.54271159301,"NRI_P070",100
"38224",-257.110651593015,"NRI_P070",25
"38225",-5769.14085159302,"NRI_P070",50
"38226",-1136.60453159301,"NRI_P070",100
"38227",-1469.33253159301,"NRI_P070",25
"38228",1007.01381840699,"NRI_P070",50
"38229",-6014.677021593,"NRI_P070",100
"38230",-6963.392931593,"NRI_P070",25
"38231",-7825.38566159303,"NRI_P070",50
"38232",-7803.24974159303,"NRI_P070",100
"38233",394.734418406995,"NRI_P070",25
"38234",-1562.19287159303,"NRI_P070",50
"38235",-7598.250521593,"NRI_P070",100
"38236",-59.8673415930243,"NRI_P070",25
"38237",-1041.971901593,"NRI_P070",50
"38238",-4566.34212159301,"NRI_P070",100
"38239",-297.011361593002,"NRI_P070",25
"38240",-534.484951593011,"NRI_P070",50
"38241",-6828.854981593,"NRI_P070",100
"38242",-1190.81624159301,"NRI_P070",25
"38243",-1494.43008159302,"NRI_P070",50
"38244",-5546.87507159301,"NRI_P070",100
"38245",-1210.78851159301,"NRI_P070",25
"38246",-7376.050691593,"NRI_P070",50
"38247",-8888.20054159302,"NRI_P070",100
"38248",-6997.72768159301,"NRI_P070",25
"38249",-208.127131593006,"NRI_P070",50
"38250",-5576.37008159302,"NRI_P070",100
"38251",585.326718406985,"NRI_P070",25
"38252",-4488.71886159302,"NRI_P070",50
"38253",-6289.82812159302,"NRI_P070",100
"38254",-782.983721593017,"NRI_P070",25
"38255",-596.631961593026,"NRI_P070",50
"38256",-7866.78186159302,"NRI_P070",100
"38257",778.765008406976,"NRI_P070",25
"38258",-3163.76187159301,"NRI_P070",50
"38259",-937.798361593013,"NRI_P070",100
"38260",-1605.04103159302,"NRI_P070",25
"38261",-7825.382971593,"NRI_P070",50
"38262",-6811.64407159301,"NRI_P070",100
"38263",-943.30944159301,"NRI_P070",25
"38264",-5163.07661159302,"NRI_P070",50
"38265",-7982.16772159302,"NRI_P070",100
"38266",-757.40206159302,"NRI_P070",25
"38267",-1223.27339159301,"NRI_P070",50
"38268",-6589.82960159302,"NRI_P070",100
"38269",-695.891681593028,"NRI_P070",25
"38270",-485.410641593015,"NRI_P070",50
"38271",-6549.875831593,"NRI_P070",100
"38272",-42.2513315930264,"NRI_P070",25
"38273",-2090.64089159301,"NRI_P070",50
"38274",-6810.25803159302,"NRI_P070",100
"38275",-194.386821593012,"NRI_P070",25
"38276",529.540868406999,"NRI_P070",50
"38277",-9360.23724159301,"NRI_P070",100
"38278",-1075.72273159301,"NRI_P070",25
"38279",1047.95958840699,"NRI_P070",50
"38280",-5471.82410159303,"NRI_P070",100
"38281",-909.388021593011,"NRI_P070",25
"38282",-7926.05634159301,"NRI_P070",50
"38283",-1770.59998159303,"NRI_P070",100
"38284",589.527378406987,"NRI_P070",25
"38285",5616.542148407,"NRI_P070",50
"38286",-6855.41023159301,"NRI_P070",100
"38287",-773.411851593002,"NRI_P070",25
"38288",945.339548406977,"NRI_P070",50
"38289",5786.74523840699,"NRI_P070",100
"38290",-7181.88413159302,"NRI_P070",25
"38291",-7528.470861593,"NRI_P070",50
"38292",-7037.11236159303,"NRI_P070",100
"38293",-975.504151593021,"NRI_P070",25
"38294",-7195.13340159302,"NRI_P070",50
"38295",-7762.88824159303,"NRI_P070",100
"38296",-7277.48700159302,"NRI_P070",25
"38297",390.552368406992,"NRI_P070",50
"38298",-7659.17571159301,"NRI_P070",100
"38299",805.724468406988,"NRI_P070",25
"38300",-886.744681593002,"NRI_P070",50
"38301",-1865.54178159303,"NRI_P070",100
"38302",108.526428407,"NRI_P070",25
"38303",-714.232171593001,"NRI_P070",50
"38304",-8238.35924159302,"NRI_P070",100
"38305",-839.746611593,"NRI_P070",25
"38306",643.143338406982,"NRI_P070",50
"38307",-7402.09647159302,"NRI_P070",100
"38308",-1249.75185159303,"NRI_P070",25
"38309",-4792.41090159302,"NRI_P070",50
"38310",-8450.40595159301,"NRI_P070",100
"38311",191.925618406996,"NRI_P070",25
"38312",-373.982311593019,"NRI_P070",50
"38313",-3823.57410159303,"NRI_P070",100
"38314",-1022.17989159303,"NRI_P070",25
"38315",-7765.25175159302,"NRI_P070",50
"38316",-7490.73169159301,"NRI_P070",100
"38317",99.9746084069775,"NRI_P070",25
"38318",315.533858406998,"NRI_P070",50
"38319",-7610.665031593,"NRI_P070",100
"38320",-705.619331593014,"NRI_P070",25
"38321",1133.09329840698,"NRI_P070",50
"38322",-6954.98914159302,"NRI_P070",100
"38323",317.779038406996,"NRI_P070",25
"38324",557.976958406973,"NRI_P070",50
"38325",-4492.32916159302,"NRI_P070",100
"38326",-1696.08373159301,"NRI_P070",25
"38327",-712.856201593007,"NRI_P070",50
"38328",-8064.414901593,"NRI_P070",100
"38329",-1211.19506159303,"NRI_P070",25
"38330",662.974508406973,"NRI_P070",50
"38331",-6850.257321593,"NRI_P070",100
"38332",-143.323611593019,"NRI_P070",25
"38333",-1235.219451593,"NRI_P070",50
"38334",-4810.35875159301,"NRI_P070",100
"38335",2942.58226840699,"NRI_P070",25
"38336",-945.340881593002,"NRI_P070",50
"38337",-6706.30536159303,"NRI_P070",100
"38338",-233.864371593023,"NRI_P070",25
"38339",-7929.72875159301,"NRI_P070",50
"38340",-5634.58523159302,"NRI_P070",100
"38341",-710.275541593001,"NRI_P070",25
"38342",-1009.12281159303,"NRI_P070",50
"38343",-7979.90678159302,"NRI_P070",100
"38344",112.902698406979,"NRI_P070",25
"38345",-1456.81194159301,"NRI_P070",50
"38346",-923.558761593013,"NRI_P070",100
"38347",506.289778406994,"NRI_P070",25
"38348",-546.298181593011,"NRI_P070",50
"38349",-7165.655051593,"NRI_P070",100
"38350",-7198.556531593,"NRI_P070",25
"38351",5658.914408407,"NRI_P070",50
"38352",-1778.209571593,"NRI_P070",100
"38353",-545.585231593024,"NRI_P070",25
"38354",-1471.45508159301,"NRI_P070",50
"38355",-6601.681661593,"NRI_P070",100
"38356",-1289.72950159301,"NRI_P070",25
"38357",-460.197561593028,"NRI_P070",50
"38358",-6413.27782159302,"NRI_P070",100
"38359",-1469.34707159302,"NRI_P070",25
"38360",-6356.82380159301,"NRI_P070",50
"38361",-4144.750021593,"NRI_P070",100
"38362",-369.513941593003,"NRI_P070",25
"38363",-537.576421593025,"NRI_P070",50
"38364",-8709.98391159301,"NRI_P070",100
"38365",344.95379840699,"NRI_P070",25
"38366",-971.061061593005,"NRI_P070",50
"38367",-544.235731593013,"NRI_P070",100
"38368",-408.349911593017,"NRI_P070",25
"38369",-1330.80114159302,"NRI_P070",50
"38370",991.227318406978,"NRI_P070",100
"38371",-6615.31753159303,"NRI_P070",25
"38372",-6711.99338159303,"NRI_P070",50
"38373",-8780.65081159302,"NRI_P070",100
"38374",3523.32480840699,"NRI_P070",25
"38375",-1185.547201593,"NRI_P070",50
"38376",-8889.35924159302,"NRI_P070",100
"38377",216.356418406998,"NRI_P070",25
"38378",-7213.47332159302,"NRI_P070",50
"38379",-7371.80011159301,"NRI_P070",100
"38380",-6415.98387159302,"NRI_P070",25
"38381",13401.209408407,"NRI_P070",50
"38382",-7057.58333159302,"NRI_P070",100
"38383",-326.816711593012,"NRI_P070",25
"38384",-1366.28713159301,"NRI_P070",50
"38385",-8693.84509159302,"NRI_P070",100
"38386",2366.97073840699,"NRI_P070",25
"38387",-7843.27188159301,"NRI_P070",50
"38388",-7536.03522159302,"NRI_P070",100
"38389",-5821.88466159301,"NRI_P070",25
"38390",-3493.50694159302,"NRI_P070",50
"38391",-6631.77519159301,"NRI_P070",100
"38392",-7084.05834159302,"NRI_P070",25
"38393",-775.967791593022,"NRI_P070",50
"38394",-7168.93521159302,"NRI_P070",100
"38395",-693.803781593015,"NRI_P070",25
"38396",-831.299121593009,"NRI_P070",50
"38397",-8040.426941593,"NRI_P070",100
"38398",-6780.94192159301,"NRI_P070",25
"38399",-7270.02643159303,"NRI_P070",50
"38400",-7741.65991159301,"NRI_P070",100
"38401",-0.0015977380098775,"NRI_P071",25
"38402",-0.0015977380098775,"NRI_P071",50
"38403",-0.0015977380098775,"NRI_P071",100
"38404",-0.0015977380098775,"NRI_P071",25
"38405",-0.0015977380098775,"NRI_P071",50
"38406",-0.0015977380098775,"NRI_P071",100
"38407",-0.0015977380098775,"NRI_P071",25
"38408",-0.0015977380098775,"NRI_P071",50
"38409",-0.0015977380098775,"NRI_P071",100
"38410",-0.0015977380098775,"NRI_P071",25
"38411",-0.0015977380098775,"NRI_P071",50
"38412",-0.0015977380098775,"NRI_P071",100
"38413",-0.0015977380098775,"NRI_P071",25
"38414",-0.0015977380098775,"NRI_P071",50
"38415",-0.0015977380098775,"NRI_P071",100
"38416",-0.0015977380098775,"NRI_P071",25
"38417",-0.0015977380098775,"NRI_P071",50
"38418",-0.0015977380098775,"NRI_P071",100
"38419",-0.0015977380098775,"NRI_P071",25
"38420",-0.0015977380098775,"NRI_P071",50
"38421",-0.0015977380098775,"NRI_P071",100
"38422",-0.0015977380098775,"NRI_P071",25
"38423",-0.0015977380098775,"NRI_P071",50
"38424",-0.0015977380098775,"NRI_P071",100
"38425",-0.0015977380098775,"NRI_P071",25
"38426",-0.0015977380098775,"NRI_P071",50
"38427",-0.0015977380098775,"NRI_P071",100
"38428",-0.0015977380098775,"NRI_P071",25
"38429",-0.0015977380098775,"NRI_P071",50
"38430",-0.0015977380098775,"NRI_P071",100
"38431",-0.0015977380098775,"NRI_P071",25
"38432",-0.0015977380098775,"NRI_P071",50
"38433",-0.0015977380098775,"NRI_P071",100
"38434",-0.0015977380098775,"NRI_P071",25
"38435",-0.0015977380098775,"NRI_P071",50
"38436",-0.0015977380098775,"NRI_P071",100
"38437",-0.0015977380098775,"NRI_P071",25
"38438",-0.0015977380098775,"NRI_P071",50
"38439",-0.0015977380098775,"NRI_P071",100
"38440",-0.0015977380098775,"NRI_P071",25
"38441",-0.0015977380098775,"NRI_P071",50
"38442",-0.0015977380098775,"NRI_P071",100
"38443",-0.0015977380098775,"NRI_P071",25
"38444",-0.0015977380098775,"NRI_P071",50
"38445",-0.0015977380098775,"NRI_P071",100
"38446",-0.0015977380098775,"NRI_P071",25
"38447",-0.0015977380098775,"NRI_P071",50
"38448",-0.0015977380098775,"NRI_P071",100
"38449",-0.0015977380098775,"NRI_P071",25
"38450",-0.0015977380098775,"NRI_P071",50
"38451",-0.0015977380098775,"NRI_P071",100
"38452",-0.0015977380098775,"NRI_P071",25
"38453",-0.0015977380098775,"NRI_P071",50
"38454",-0.0015977380098775,"NRI_P071",100
"38455",-0.0015977380098775,"NRI_P071",25
"38456",-0.0015977380098775,"NRI_P071",50
"38457",-0.0015977380098775,"NRI_P071",100
"38458",-0.0015977380098775,"NRI_P071",25
"38459",-0.0015977380098775,"NRI_P071",50
"38460",-0.0015977380098775,"NRI_P071",100
"38461",-0.0015977380098775,"NRI_P071",25
"38462",-0.0015977380098775,"NRI_P071",50
"38463",-0.0015977380098775,"NRI_P071",100
"38464",-0.0015977380098775,"NRI_P071",25
"38465",-0.0015977380098775,"NRI_P071",50
"38466",-0.0015977380098775,"NRI_P071",100
"38467",-0.0015977380098775,"NRI_P071",25
"38468",-0.0015977380098775,"NRI_P071",50
"38469",-0.0015977380098775,"NRI_P071",100
"38470",-0.0015977380098775,"NRI_P071",25
"38471",-0.0015977380098775,"NRI_P071",50
"38472",-0.0015977380098775,"NRI_P071",100
"38473",-0.0015977380098775,"NRI_P071",25
"38474",-0.0015977380098775,"NRI_P071",50
"38475",-0.0015977380098775,"NRI_P071",100
"38476",-0.0015977380098775,"NRI_P071",25
"38477",-0.0015977380098775,"NRI_P071",50
"38478",-0.0015977380098775,"NRI_P071",100
"38479",-0.0015977380098775,"NRI_P071",25
"38480",-0.0015977380098775,"NRI_P071",50
"38481",-0.0015977380098775,"NRI_P071",100
"38482",-0.0015977380098775,"NRI_P071",25
"38483",-0.0015977380098775,"NRI_P071",50
"38484",-0.0015977380098775,"NRI_P071",100
"38485",-0.0015977380098775,"NRI_P071",25
"38486",-0.0015977380098775,"NRI_P071",50
"38487",-0.0015977380098775,"NRI_P071",100
"38488",-0.0015977380098775,"NRI_P071",25
"38489",-0.0015977380098775,"NRI_P071",50
"38490",-0.0015977380098775,"NRI_P071",100
"38491",-0.0015977380098775,"NRI_P071",25
"38492",-0.0015977380098775,"NRI_P071",50
"38493",-0.0015977380098775,"NRI_P071",100
"38494",-0.0015977380098775,"NRI_P071",25
"38495",-0.0015977380098775,"NRI_P071",50
"38496",-0.0015977380098775,"NRI_P071",100
"38497",-0.0015977380098775,"NRI_P071",25
"38498",-0.0015977380098775,"NRI_P071",50
"38499",-0.0015977380098775,"NRI_P071",100
"38500",-0.0015977380098775,"NRI_P071",25
"38501",-0.0015977380098775,"NRI_P071",50
"38502",-0.0015977380098775,"NRI_P071",100
"38503",-0.0015977380098775,"NRI_P071",25
"38504",-0.0015977380098775,"NRI_P071",50
"38505",-0.0015977380098775,"NRI_P071",100
"38506",-0.0015977380098775,"NRI_P071",25
"38507",-0.0015977380098775,"NRI_P071",50
"38508",-0.0015977380098775,"NRI_P071",100
"38509",-0.0015977380098775,"NRI_P071",25
"38510",-0.0015977380098775,"NRI_P071",50
"38511",-0.0015977380098775,"NRI_P071",100
"38512",-0.0015977380098775,"NRI_P071",25
"38513",-0.0015977380098775,"NRI_P071",50
"38514",-0.0015977380098775,"NRI_P071",100
"38515",-0.0015977380098775,"NRI_P071",25
"38516",-0.0015977380098775,"NRI_P071",50
"38517",-0.0015977380098775,"NRI_P071",100
"38518",-0.0015977380098775,"NRI_P071",25
"38519",-0.0015977380098775,"NRI_P071",50
"38520",-0.0015977380098775,"NRI_P071",100
"38521",-0.0015977380098775,"NRI_P071",25
"38522",-0.0015977380098775,"NRI_P071",50
"38523",-0.0015977380098775,"NRI_P071",100
"38524",-0.0015977380098775,"NRI_P071",25
"38525",-0.0015977380098775,"NRI_P071",50
"38526",-0.0015977380098775,"NRI_P071",100
"38527",-0.0015977380098775,"NRI_P071",25
"38528",-0.0015977380098775,"NRI_P071",50
"38529",-0.0015977380098775,"NRI_P071",100
"38530",-0.0015977380098775,"NRI_P071",25
"38531",-0.0015977380098775,"NRI_P071",50
"38532",-0.0015977380098775,"NRI_P071",100
"38533",-0.0015977380098775,"NRI_P071",25
"38534",-0.0015977380098775,"NRI_P071",50
"38535",-0.0015977380098775,"NRI_P071",100
"38536",-0.0015977380098775,"NRI_P071",25
"38537",-0.0015977380098775,"NRI_P071",50
"38538",-0.0015977380098775,"NRI_P071",100
"38539",-0.0015977380098775,"NRI_P071",25
"38540",-0.0015977380098775,"NRI_P071",50
"38541",-0.0015977380098775,"NRI_P071",100
"38542",-0.0015977380098775,"NRI_P071",25
"38543",-0.0015977380098775,"NRI_P071",50
"38544",-0.0015977380098775,"NRI_P071",100
"38545",-0.0015977380098775,"NRI_P071",25
"38546",-0.0015977380098775,"NRI_P071",50
"38547",-0.0015977380098775,"NRI_P071",100
"38548",-0.0015977380098775,"NRI_P071",25
"38549",-0.0015977380098775,"NRI_P071",50
"38550",-0.0015977380098775,"NRI_P071",100
"38551",-0.0015977380098775,"NRI_P071",25
"38552",-0.0015977380098775,"NRI_P071",50
"38553",-0.0015977380098775,"NRI_P071",100
"38554",-0.0015977380098775,"NRI_P071",25
"38555",-0.0015977380098775,"NRI_P071",50
"38556",-0.0015977380098775,"NRI_P071",100
"38557",-0.0015977380098775,"NRI_P071",25
"38558",-0.0015977380098775,"NRI_P071",50
"38559",-0.0015977380098775,"NRI_P071",100
"38560",-0.0015977380098775,"NRI_P071",25
"38561",-0.0015977380098775,"NRI_P071",50
"38562",-0.0015977380098775,"NRI_P071",100
"38563",-0.0015977380098775,"NRI_P071",25
"38564",-0.0015977380098775,"NRI_P071",50
"38565",-0.0015977380098775,"NRI_P071",100
"38566",-0.0015977380098775,"NRI_P071",25
"38567",-0.0015977380098775,"NRI_P071",50
"38568",-0.0015977380098775,"NRI_P071",100
"38569",-0.0015977380098775,"NRI_P071",25
"38570",-0.0015977380098775,"NRI_P071",50
"38571",-0.0015977380098775,"NRI_P071",100
"38572",-0.0015977380098775,"NRI_P071",25
"38573",-0.0015977380098775,"NRI_P071",50
"38574",-0.0015977380098775,"NRI_P071",100
"38575",-0.0015977380098775,"NRI_P071",25
"38576",-0.0015977380098775,"NRI_P071",50
"38577",-0.0015977380098775,"NRI_P071",100
"38578",-0.0015977380098775,"NRI_P071",25
"38579",-0.0015977380098775,"NRI_P071",50
"38580",-0.0015977380098775,"NRI_P071",100
"38581",-0.0015977380098775,"NRI_P071",25
"38582",-0.0015977380098775,"NRI_P071",50
"38583",-0.0015977380098775,"NRI_P071",100
"38584",-0.0015977380098775,"NRI_P071",25
"38585",-0.0015977380098775,"NRI_P071",50
"38586",-0.0015977380098775,"NRI_P071",100
"38587",-0.0015977380098775,"NRI_P071",25
"38588",-0.0015977380098775,"NRI_P071",50
"38589",-0.0015977380098775,"NRI_P071",100
"38590",-0.0015977380098775,"NRI_P071",25
"38591",-0.0015977380098775,"NRI_P071",50
"38592",-0.0015977380098775,"NRI_P071",100
"38593",-0.0015977380098775,"NRI_P071",25
"38594",-0.0015977380098775,"NRI_P071",50
"38595",-0.0015977380098775,"NRI_P071",100
"38596",-0.0015977380098775,"NRI_P071",25
"38597",-0.0015977380098775,"NRI_P071",50
"38598",-0.0015977380098775,"NRI_P071",100
"38599",-0.0015977380098775,"NRI_P071",25
"38600",-0.0015977380098775,"NRI_P071",50
"38601",-0.0015977380098775,"NRI_P071",100
"38602",-0.0015977380098775,"NRI_P071",25
"38603",-0.0015977380098775,"NRI_P071",50
"38604",-0.0015977380098775,"NRI_P071",100
"38605",-0.0015977380098775,"NRI_P071",25
"38606",-0.0015977380098775,"NRI_P071",50
"38607",-0.0015977380098775,"NRI_P071",100
"38608",-0.0015977380098775,"NRI_P071",25
"38609",-0.0015977380098775,"NRI_P071",50
"38610",-0.0015977380098775,"NRI_P071",100
"38611",-0.0015977380098775,"NRI_P071",25
"38612",-0.0015977380098775,"NRI_P071",50
"38613",-0.0015977380098775,"NRI_P071",100
"38614",-0.0015977380098775,"NRI_P071",25
"38615",-0.0015977380098775,"NRI_P071",50
"38616",-0.0015977380098775,"NRI_P071",100
"38617",-0.0015977380098775,"NRI_P071",25
"38618",-0.0015977380098775,"NRI_P071",50
"38619",-0.0015977380098775,"NRI_P071",100
"38620",-0.0015977380098775,"NRI_P071",25
"38621",-0.0015977380098775,"NRI_P071",50
"38622",-0.0015977380098775,"NRI_P071",100
"38623",-0.0015977380098775,"NRI_P071",25
"38624",-0.0015977380098775,"NRI_P071",50
"38625",-0.0015977380098775,"NRI_P071",100
"38626",-0.0015977380098775,"NRI_P071",25
"38627",-0.0015977380098775,"NRI_P071",50
"38628",-0.0015977380098775,"NRI_P071",100
"38629",-0.0015977380098775,"NRI_P071",25
"38630",-0.0015977380098775,"NRI_P071",50
"38631",-0.0015977380098775,"NRI_P071",100
"38632",-0.0015977380098775,"NRI_P071",25
"38633",-0.0015977380098775,"NRI_P071",50
"38634",-0.0015977380098775,"NRI_P071",100
"38635",-0.0015977380098775,"NRI_P071",25
"38636",-0.0015977380098775,"NRI_P071",50
"38637",-0.0015977380098775,"NRI_P071",100
"38638",-0.0015977380098775,"NRI_P071",25
"38639",-0.0015977380098775,"NRI_P071",50
"38640",-0.0015977380098775,"NRI_P071",100
"38641",-0.0015977380098775,"NRI_P071",25
"38642",-0.0015977380098775,"NRI_P071",50
"38643",-0.0015977380098775,"NRI_P071",100
"38644",-0.0015977380098775,"NRI_P071",25
"38645",-0.0015977380098775,"NRI_P071",50
"38646",-0.0015977380098775,"NRI_P071",100
"38647",-0.0015977380098775,"NRI_P071",25
"38648",-0.0015977380098775,"NRI_P071",50
"38649",-0.0015977380098775,"NRI_P071",100
"38650",-0.0015977380098775,"NRI_P071",25
"38651",-0.0015977380098775,"NRI_P071",50
"38652",-0.0015977380098775,"NRI_P071",100
"38653",-0.0015977380098775,"NRI_P071",25
"38654",-0.0015977380098775,"NRI_P071",50
"38655",-0.0015977380098775,"NRI_P071",100
"38656",-0.0015977380098775,"NRI_P071",25
"38657",-0.0015977380098775,"NRI_P071",50
"38658",-0.0015977380098775,"NRI_P071",100
"38659",-0.0015977380098775,"NRI_P071",25
"38660",-0.0015977380098775,"NRI_P071",50
"38661",-0.0015977380098775,"NRI_P071",100
"38662",-0.0015977380098775,"NRI_P071",25
"38663",-0.0015977380098775,"NRI_P071",50
"38664",-0.0015977380098775,"NRI_P071",100
"38665",-0.0015977380098775,"NRI_P071",25
"38666",-0.0015977380098775,"NRI_P071",50
"38667",-0.0015977380098775,"NRI_P071",100
"38668",-0.0015977380098775,"NRI_P071",25
"38669",-0.0015977380098775,"NRI_P071",50
"38670",-0.0015977380098775,"NRI_P071",100
"38671",-0.0015977380098775,"NRI_P071",25
"38672",-0.0015977380098775,"NRI_P071",50
"38673",-0.0015977380098775,"NRI_P071",100
"38674",-0.0015977380098775,"NRI_P071",25
"38675",-0.0015977380098775,"NRI_P071",50
"38676",-0.0015977380098775,"NRI_P071",100
"38677",-0.0015977380098775,"NRI_P071",25
"38678",-0.0015977380098775,"NRI_P071",50
"38679",-0.0015977380098775,"NRI_P071",100
"38680",-0.0015977380098775,"NRI_P071",25
"38681",-0.0015977380098775,"NRI_P071",50
"38682",-0.0015977380098775,"NRI_P071",100
"38683",-0.0015977380098775,"NRI_P071",25
"38684",-0.0015977380098775,"NRI_P071",50
"38685",-0.0015977380098775,"NRI_P071",100
"38686",-0.0015977380098775,"NRI_P071",25
"38687",-0.0015977380098775,"NRI_P071",50
"38688",-0.0015977380098775,"NRI_P071",100
"38689",-0.0015977380098775,"NRI_P071",25
"38690",-0.0015977380098775,"NRI_P071",50
"38691",-0.0015977380098775,"NRI_P071",100
"38692",-0.0015977380098775,"NRI_P071",25
"38693",-0.0015977380098775,"NRI_P071",50
"38694",-0.0015977380098775,"NRI_P071",100
"38695",-0.0015977380098775,"NRI_P071",25
"38696",-0.0015977380098775,"NRI_P071",50
"38697",-0.0015977380098775,"NRI_P071",100
"38698",-0.0015977380098775,"NRI_P071",25
"38699",-0.0015977380098775,"NRI_P071",50
"38700",-0.0015977380098775,"NRI_P071",100
"38701",0.00109374470048351,"NRI_P072",25
"38702",0.00109374470048351,"NRI_P072",50
"38703",145.199163744703,"NRI_P072",100
"38704",0.00109374470048351,"NRI_P072",25
"38705",0.00109374470048351,"NRI_P072",50
"38706",404.609673744701,"NRI_P072",100
"38707",0.00109374470048351,"NRI_P072",25
"38708",0.00109374470048351,"NRI_P072",50
"38709",655.6876137447,"NRI_P072",100
"38710",0.00109374470048351,"NRI_P072",25
"38711",0.00109374470048351,"NRI_P072",50
"38712",5.17350374470334,"NRI_P072",100
"38713",0.00109374470048351,"NRI_P072",25
"38714",0.00109374470048351,"NRI_P072",50
"38715",-34.6570362552993,"NRI_P072",100
"38716",0.00109374470048351,"NRI_P072",25
"38717",0.00109374470048351,"NRI_P072",50
"38718",-12.3159462552976,"NRI_P072",100
"38719",0.00109374470048351,"NRI_P072",25
"38720",0.00109374470048351,"NRI_P072",50
"38721",28.5898737447023,"NRI_P072",100
"38722",0.00109374470048351,"NRI_P072",25
"38723",0.00109374470048351,"NRI_P072",50
"38724",201.1052237447,"NRI_P072",100
"38725",0.00109374470048351,"NRI_P072",25
"38726",0.00109374470048351,"NRI_P072",50
"38727",-1711.5427462553,"NRI_P072",100
"38728",0.00109374470048351,"NRI_P072",25
"38729",0.00109374470048351,"NRI_P072",50
"38730",0.498273744702601,"NRI_P072",100
"38731",0.00109374470048351,"NRI_P072",25
"38732",0.00109374470048351,"NRI_P072",50
"38733",1486.0909137447,"NRI_P072",100
"38734",0.00109374470048351,"NRI_P072",25
"38735",0.00109374470048351,"NRI_P072",50
"38736",-919.522206255297,"NRI_P072",100
"38737",0.00109374470048351,"NRI_P072",25
"38738",0.00109374470048351,"NRI_P072",50
"38739",-23.7348562552979,"NRI_P072",100
"38740",0.00109374470048351,"NRI_P072",25
"38741",0.00109374470048351,"NRI_P072",50
"38742",27.5007137447028,"NRI_P072",100
"38743",0.00109374470048351,"NRI_P072",25
"38744",0.00109374470048351,"NRI_P072",50
"38745",-74.8030862552987,"NRI_P072",100
"38746",0.00109374470048351,"NRI_P072",25
"38747",0.00109374470048351,"NRI_P072",50
"38748",15.7529937446998,"NRI_P072",100
"38749",0.00109374470048351,"NRI_P072",25
"38750",0.00109374470048351,"NRI_P072",50
"38751",-50.4247762552986,"NRI_P072",100
"38752",0.00109374470048351,"NRI_P072",25
"38753",0.00109374470048351,"NRI_P072",50
"38754",-1138.2590762553,"NRI_P072",100
"38755",0.00109374470048351,"NRI_P072",25
"38756",0.00109374470048351,"NRI_P072",50
"38757",3263.4603637447,"NRI_P072",100
"38758",0.00109374470048351,"NRI_P072",25
"38759",0.00109374470048351,"NRI_P072",50
"38760",-12.2848762552967,"NRI_P072",100
"38761",0.00109374470048351,"NRI_P072",25
"38762",0.00109374470048351,"NRI_P072",50
"38763",103.201353744702,"NRI_P072",100
"38764",0.00109374470048351,"NRI_P072",25
"38765",0.00109374470048351,"NRI_P072",50
"38766",-15.2992462552975,"NRI_P072",100
"38767",0.00109374470048351,"NRI_P072",25
"38768",0.00109374470048351,"NRI_P072",50
"38769",-99.1353662552974,"NRI_P072",100
"38770",0.00109374470048351,"NRI_P072",25
"38771",0.00109374470048351,"NRI_P072",50
"38772",10.079663744702,"NRI_P072",100
"38773",0.00109374470048351,"NRI_P072",25
"38774",0.00109374470048351,"NRI_P072",50
"38775",421.396593744703,"NRI_P072",100
"38776",0.00109374470048351,"NRI_P072",25
"38777",0.00109374470048351,"NRI_P072",50
"38778",-1120.8946762553,"NRI_P072",100
"38779",0.00109374470048351,"NRI_P072",25
"38780",0.00109374470048351,"NRI_P072",50
"38781",-107.1699862553,"NRI_P072",100
"38782",0.00109374470048351,"NRI_P072",25
"38783",0.00109374470048351,"NRI_P072",50
"38784",225.876933744701,"NRI_P072",100
"38785",0.00109374470048351,"NRI_P072",25
"38786",0.00109374470048351,"NRI_P072",50
"38787",-147.239126255299,"NRI_P072",100
"38788",0.00109374470048351,"NRI_P072",25
"38789",0.00109374470048351,"NRI_P072",50
"38790",-59.4852642552978,"NRI_P072",100
"38791",0.00109374470048351,"NRI_P072",25
"38792",0.00109374470048351,"NRI_P072",50
"38793",-1561.0489262553,"NRI_P072",100
"38794",0.00109374470048351,"NRI_P072",25
"38795",0.00109374470048351,"NRI_P072",50
"38796",414.130663744701,"NRI_P072",100
"38797",0.00109374470048351,"NRI_P072",25
"38798",0.00109374470048351,"NRI_P072",50
"38799",145.333403744702,"NRI_P072",100
"38800",0.00109374470048351,"NRI_P072",25
"38801",0.00109374470048351,"NRI_P072",50
"38802",-8.47040625529917,"NRI_P072",100
"38803",0.00109374470048351,"NRI_P072",25
"38804",0.00109374470048351,"NRI_P072",50
"38805",37.152493744703,"NRI_P072",100
"38806",0.00109374470048351,"NRI_P072",25
"38807",0.00109374470048351,"NRI_P072",50
"38808",1118.6163737447,"NRI_P072",100
"38809",0.00109374470048351,"NRI_P072",25
"38810",0.00109374470048351,"NRI_P072",50
"38811",-3.07202625529681,"NRI_P072",100
"38812",0.00109374470048351,"NRI_P072",25
"38813",0.00109374470048351,"NRI_P072",50
"38814",-181.228856255297,"NRI_P072",100
"38815",0.00109374470048351,"NRI_P072",25
"38816",0.00109374470048351,"NRI_P072",50
"38817",-46.0411662552979,"NRI_P072",100
"38818",0.00109374470048351,"NRI_P072",25
"38819",0.00109374470048351,"NRI_P072",50
"38820",18.1334937447027,"NRI_P072",100
"38821",0.00109374470048351,"NRI_P072",25
"38822",0.00109374470048351,"NRI_P072",50
"38823",-7.47831625529943,"NRI_P072",100
"38824",0.00109374470048351,"NRI_P072",25
"38825",0.00109374470048351,"NRI_P072",50
"38826",30.8324537447006,"NRI_P072",100
"38827",0.00109374470048351,"NRI_P072",25
"38828",0.00109374470048351,"NRI_P072",50
"38829",-23.7892562552988,"NRI_P072",100
"38830",0.00109374470048351,"NRI_P072",25
"38831",0.00109374470048351,"NRI_P072",50
"38832",6.68937374470261,"NRI_P072",100
"38833",0.00109374470048351,"NRI_P072",25
"38834",0.00109374470048351,"NRI_P072",50
"38835",-94.2713062552975,"NRI_P072",100
"38836",0.00109374470048351,"NRI_P072",25
"38837",0.00109374470048351,"NRI_P072",50
"38838",125.801893744701,"NRI_P072",100
"38839",0.00109374470048351,"NRI_P072",25
"38840",0.00109374470048351,"NRI_P072",50
"38841",268.5405737447,"NRI_P072",100
"38842",0.00109374470048351,"NRI_P072",25
"38843",0.00109374470048351,"NRI_P072",50
"38844",-7.49597625529714,"NRI_P072",100
"38845",0.00109374470048351,"NRI_P072",25
"38846",0.00109374470048351,"NRI_P072",50
"38847",-13.3179762552973,"NRI_P072",100
"38848",0.00109374470048351,"NRI_P072",25
"38849",0.00109374470048351,"NRI_P072",50
"38850",-78.9267862552988,"NRI_P072",100
"38851",0.00109374470048351,"NRI_P072",25
"38852",0.00109374470048351,"NRI_P072",50
"38853",-241.347616255298,"NRI_P072",100
"38854",0.00109374470048351,"NRI_P072",25
"38855",0.00109374470048351,"NRI_P072",50
"38856",-83.6812062552999,"NRI_P072",100
"38857",0.00109374470048351,"NRI_P072",25
"38858",0.00109374470048351,"NRI_P072",50
"38859",73.1150137447003,"NRI_P072",100
"38860",0.00109374470048351,"NRI_P072",25
"38861",0.00109374470048351,"NRI_P072",50
"38862",-290.729216255299,"NRI_P072",100
"38863",0.00109374470048351,"NRI_P072",25
"38864",0.00109374470048351,"NRI_P072",50
"38865",0.00109374470048351,"NRI_P072",100
"38866",0.00109374470048351,"NRI_P072",25
"38867",0.00109374470048351,"NRI_P072",50
"38868",-15.0560562553001,"NRI_P072",100
"38869",0.00109374470048351,"NRI_P072",25
"38870",0.00109374470048351,"NRI_P072",50
"38871",-7.26483625529727,"NRI_P072",100
"38872",0.00109374470048351,"NRI_P072",25
"38873",0.00109374470048351,"NRI_P072",50
"38874",-1722.9738562553,"NRI_P072",100
"38875",0.00109374470048351,"NRI_P072",25
"38876",0.00109374470048351,"NRI_P072",50
"38877",-30.6737962552979,"NRI_P072",100
"38878",0.00109374470048351,"NRI_P072",25
"38879",0.00109374470048351,"NRI_P072",50
"38880",48.6861437447005,"NRI_P072",100
"38881",0.00109374470048351,"NRI_P072",25
"38882",0.00109374470048351,"NRI_P072",50
"38883",-234.978496255299,"NRI_P072",100
"38884",0.00109374470048351,"NRI_P072",25
"38885",0.00109374470048351,"NRI_P072",50
"38886",2.45361374470303,"NRI_P072",100
"38887",0.00109374470048351,"NRI_P072",25
"38888",0.00109374470048351,"NRI_P072",50
"38889",-57.0265062552971,"NRI_P072",100
"38890",0.00109374470048351,"NRI_P072",25
"38891",0.00109374470048351,"NRI_P072",50
"38892",-14.3148762552992,"NRI_P072",100
"38893",0.00109374470048351,"NRI_P072",25
"38894",0.00109374470048351,"NRI_P072",50
"38895",-28.0047862553001,"NRI_P072",100
"38896",0.00109374470048351,"NRI_P072",25
"38897",0.00109374470048351,"NRI_P072",50
"38898",-8.57398625529822,"NRI_P072",100
"38899",0.00109374470048351,"NRI_P072",25
"38900",0.00109374470048351,"NRI_P072",50
"38901",147.2413137447,"NRI_P072",100
"38902",0.00109374470048351,"NRI_P072",25
"38903",0.00109374470048351,"NRI_P072",50
"38904",181.2984737447,"NRI_P072",100
"38905",0.00109374470048351,"NRI_P072",25
"38906",0.00109374470048351,"NRI_P072",50
"38907",-6.89341625529778,"NRI_P072",100
"38908",0.00109374470048351,"NRI_P072",25
"38909",0.00109374470048351,"NRI_P072",50
"38910",-167.364046255298,"NRI_P072",100
"38911",0.00109374470048351,"NRI_P072",25
"38912",0.00109374470048351,"NRI_P072",50
"38913",8.79408374470222,"NRI_P072",100
"38914",0.00109374470048351,"NRI_P072",25
"38915",0.00109374470048351,"NRI_P072",50
"38916",-240.468776255297,"NRI_P072",100
"38917",0.00109374470048351,"NRI_P072",25
"38918",0.00109374470048351,"NRI_P072",50
"38919",-77.0402762552985,"NRI_P072",100
"38920",0.00109374470048351,"NRI_P072",25
"38921",0.00109374470048351,"NRI_P072",50
"38922",-126.2103062553,"NRI_P072",100
"38923",0.00109374470048351,"NRI_P072",25
"38924",0.00109374470048351,"NRI_P072",50
"38925",-189.061566255299,"NRI_P072",100
"38926",0.00109374470048351,"NRI_P072",25
"38927",0.00109374470048351,"NRI_P072",50
"38928",-57.8032062552993,"NRI_P072",100
"38929",0.00109374470048351,"NRI_P072",25
"38930",0.00109374470048351,"NRI_P072",50
"38931",16.2030437447029,"NRI_P072",100
"38932",0.00109374470048351,"NRI_P072",25
"38933",0.00109374470048351,"NRI_P072",50
"38934",180.695833744703,"NRI_P072",100
"38935",0.00109374470048351,"NRI_P072",25
"38936",0.00109374470048351,"NRI_P072",50
"38937",-4.20514625529904,"NRI_P072",100
"38938",0.00109374470048351,"NRI_P072",25
"38939",0.00109374470048351,"NRI_P072",50
"38940",-162.2962762553,"NRI_P072",100
"38941",0.00109374470048351,"NRI_P072",25
"38942",0.00109374470048351,"NRI_P072",50
"38943",85.7032737447007,"NRI_P072",100
"38944",0.00109374470048351,"NRI_P072",25
"38945",0.00109374470048351,"NRI_P072",50
"38946",0.226493744699837,"NRI_P072",100
"38947",0.00109374470048351,"NRI_P072",25
"38948",0.00109374470048351,"NRI_P072",50
"38949",-7.16286625529756,"NRI_P072",100
"38950",0.00109374470048351,"NRI_P072",25
"38951",0.00109374470048351,"NRI_P072",50
"38952",251.276293744701,"NRI_P072",100
"38953",0.00109374470048351,"NRI_P072",25
"38954",0.00109374470048351,"NRI_P072",50
"38955",-63.1015562553002,"NRI_P072",100
"38956",0.00109374470048351,"NRI_P072",25
"38957",0.00109374470048351,"NRI_P072",50
"38958",59.4680637447018,"NRI_P072",100
"38959",0.00109374470048351,"NRI_P072",25
"38960",0.00109374470048351,"NRI_P072",50
"38961",24.0608937447032,"NRI_P072",100
"38962",0.00109374470048351,"NRI_P072",25
"38963",0.00109374470048351,"NRI_P072",50
"38964",1543.6499337447,"NRI_P072",100
"38965",0.00109374470048351,"NRI_P072",25
"38966",0.00109374470048351,"NRI_P072",50
"38967",257.614193744703,"NRI_P072",100
"38968",0.00109374470048351,"NRI_P072",25
"38969",0.00109374470048351,"NRI_P072",50
"38970",-32.1273962552987,"NRI_P072",100
"38971",0.00109374470048351,"NRI_P072",25
"38972",0.00109374470048351,"NRI_P072",50
"38973",1584.4072937447,"NRI_P072",100
"38974",0.00109374470048351,"NRI_P072",25
"38975",0.00109374470048351,"NRI_P072",50
"38976",7.65650374469988,"NRI_P072",100
"38977",0.00109374470048351,"NRI_P072",25
"38978",0.00109374470048351,"NRI_P072",50
"38979",265.3121537447,"NRI_P072",100
"38980",0.00109374470048351,"NRI_P072",25
"38981",0.00109374470048351,"NRI_P072",50
"38982",-68.9129862552982,"NRI_P072",100
"38983",0.00109374470048351,"NRI_P072",25
"38984",0.00109374470048351,"NRI_P072",50
"38985",-333.121547255298,"NRI_P072",100
"38986",0.00109374470048351,"NRI_P072",25
"38987",0.00109374470048351,"NRI_P072",50
"38988",137.116773744703,"NRI_P072",100
"38989",0.00109374470048351,"NRI_P072",25
"38990",0.00109374470048351,"NRI_P072",50
"38991",-4.09076625529997,"NRI_P072",100
"38992",0.00109374470048351,"NRI_P072",25
"38993",0.00109374470048351,"NRI_P072",50
"38994",48.4708937447031,"NRI_P072",100
"38995",0.00109374470048351,"NRI_P072",25
"38996",0.00109374470048351,"NRI_P072",50
"38997",117.750563744703,"NRI_P072",100
"38998",0.00109374470048351,"NRI_P072",25
"38999",0.00109374470048351,"NRI_P072",50
"39000",-56.9615362552977,"NRI_P072",100
"39001",951.571774968994,"NRI_P073",25
"39002",-3169.66632503099,"NRI_P073",50
"39003",-1576.98699503098,"NRI_P073",100
"39004",-3266.01045503101,"NRI_P073",25
"39005",-5411.19482503098,"NRI_P073",50
"39006",-5807.83976503101,"NRI_P073",100
"39007",-2944.85219503098,"NRI_P073",25
"39008",-3793.164755031,"NRI_P073",50
"39009",475.236834968993,"NRI_P073",100
"39010",-4196.893015031,"NRI_P073",25
"39011",543.383704969019,"NRI_P073",50
"39012",542.751944969001,"NRI_P073",100
"39013",-2205.52407503099,"NRI_P073",25
"39014",-2437.472695031,"NRI_P073",50
"39015",6923.762524969,"NRI_P073",100
"39016",-862.570105030987,"NRI_P073",25
"39017",-495.783325030992,"NRI_P073",50
"39018",-7245.992995031,"NRI_P073",100
"39019",-1119.77172503099,"NRI_P073",25
"39020",-3434.970765031,"NRI_P073",50
"39021",-3705.66283503099,"NRI_P073",100
"39022",-1305.07568503098,"NRI_P073",25
"39023",4768.57813496899,"NRI_P073",50
"39024",-7186.615755031,"NRI_P073",100
"39025",1593.25756496901,"NRI_P073",25
"39026",-5950.73063503098,"NRI_P073",50
"39027",-3288.15906503098,"NRI_P073",100
"39028",-6345.973865031,"NRI_P073",25
"39029",-1729.38177503098,"NRI_P073",50
"39030",-4600.23969503099,"NRI_P073",100
"39031",1302.471504969,"NRI_P073",25
"39032",1244.68782496901,"NRI_P073",50
"39033",-3250.248415031,"NRI_P073",100
"39034",-1654.81973503099,"NRI_P073",25
"39035",-5888.34929503099,"NRI_P073",50
"39036",-2124.68256503099,"NRI_P073",100
"39037",-1564.40666503098,"NRI_P073",25
"39038",438.944244968996,"NRI_P073",50
"39039",907.338294968999,"NRI_P073",100
"39040",4858.465744969,"NRI_P073",25
"39041",-1085.33507503101,"NRI_P073",50
"39042",-3309.706145031,"NRI_P073",100
"39043",-1176.473735031,"NRI_P073",25
"39044",-1670.201845031,"NRI_P073",50
"39045",-6045.67203503099,"NRI_P073",100
"39046",-1129.497295031,"NRI_P073",25
"39047",181.656654969003,"NRI_P073",50
"39048",-263.468665030989,"NRI_P073",100
"39049",4106.411814969,"NRI_P073",25
"39050",-2305.97198503101,"NRI_P073",50
"39051",-7045.64117503099,"NRI_P073",100
"39052",3117.64562496901,"NRI_P073",25
"39053",4070.572104969,"NRI_P073",50
"39054",-3319.63705503099,"NRI_P073",100
"39055",1684.584354969,"NRI_P073",25
"39056",-1565.248105031,"NRI_P073",50
"39057",11.1164649690036,"NRI_P073",100
"39058",-1326.423145031,"NRI_P073",25
"39059",-41.0067950309895,"NRI_P073",50
"39060",-4574.21416503101,"NRI_P073",100
"39061",-6539.259865031,"NRI_P073",25
"39062",3339.88738496901,"NRI_P073",50
"39063",-2808.66745503098,"NRI_P073",100
"39064",4050.902854969,"NRI_P073",25
"39065",4374.943354969,"NRI_P073",50
"39066",-1967.12965503099,"NRI_P073",100
"39067",5611.47943496902,"NRI_P073",25
"39068",591.753494969016,"NRI_P073",50
"39069",-6416.48339503098,"NRI_P073",100
"39070",-2686.103035031,"NRI_P073",25
"39071",8610.35759496901,"NRI_P073",50
"39072",-564.800535030983,"NRI_P073",100
"39073",-423.764025031007,"NRI_P073",25
"39074",-3668.96545503099,"NRI_P073",50
"39075",-1328.199525031,"NRI_P073",100
"39076",1660.04838496901,"NRI_P073",25
"39077",1785.17592496899,"NRI_P073",50
"39078",-1738.66985503098,"NRI_P073",100
"39079",-1277.26281503099,"NRI_P073",25
"39080",7481.86527496899,"NRI_P073",50
"39081",-5144.71168503098,"NRI_P073",100
"39082",-5679.64688503099,"NRI_P073",25
"39083",-5082.20224503099,"NRI_P073",50
"39084",-1889.780975031,"NRI_P073",100
"39085",-5055.42083503099,"NRI_P073",25
"39086",-2926.19211503101,"NRI_P073",50
"39087",5534.779464969,"NRI_P073",100
"39088",2910.37211496901,"NRI_P073",25
"39089",-7094.416975031,"NRI_P073",50
"39090",-5106.93348503098,"NRI_P073",100
"39091",-1693.25489503099,"NRI_P073",25
"39092",-6425.71918503099,"NRI_P073",50
"39093",-886.694285031001,"NRI_P073",100
"39094",-1702.59165503099,"NRI_P073",25
"39095",-1778.342895031,"NRI_P073",50
"39096",-2556.089015031,"NRI_P073",100
"39097",-1569.278965031,"NRI_P073",25
"39098",-8072.947125031,"NRI_P073",50
"39099",-1754.464585031,"NRI_P073",100
"39100",-2102.572625031,"NRI_P073",25
"39101",-1530.06083503101,"NRI_P073",50
"39102",-5494.544475031,"NRI_P073",100
"39103",5473.05466496901,"NRI_P073",25
"39104",-2049.41138503098,"NRI_P073",50
"39105",-2122.58780503098,"NRI_P073",100
"39106",-4597.73970503098,"NRI_P073",25
"39107",-3074.448925031,"NRI_P073",50
"39108",-5911.90298503099,"NRI_P073",100
"39109",-2581.41547503098,"NRI_P073",25
"39110",82.1169649689982,"NRI_P073",50
"39111",-7159.44865503098,"NRI_P073",100
"39112",-573.448935030989,"NRI_P073",25
"39113",-1102.442535031,"NRI_P073",50
"39114",2577.456154969,"NRI_P073",100
"39115",-1126.267605031,"NRI_P073",25
"39116",-815.678595031,"NRI_P073",50
"39117",-7709.21585503098,"NRI_P073",100
"39118",177.394484969001,"NRI_P073",25
"39119",-4216.15577503099,"NRI_P073",50
"39120",-141.799355030991,"NRI_P073",100
"39121",-2347.09624503099,"NRI_P073",25
"39122",8345.27507496902,"NRI_P073",50
"39123",7140.54024496902,"NRI_P073",100
"39124",5222.10886496899,"NRI_P073",25
"39125",-4672.49773503101,"NRI_P073",50
"39126",-6244.22018503101,"NRI_P073",100
"39127",-116.70521503099,"NRI_P073",25
"39128",-3454.21233503098,"NRI_P073",50
"39129",-4616.44112503101,"NRI_P073",100
"39130",68.9240849690104,"NRI_P073",25
"39131",105.554454969009,"NRI_P073",50
"39132",-2476.79805503099,"NRI_P073",100
"39133",-4944.829915031,"NRI_P073",25
"39134",-5868.35799503099,"NRI_P073",50
"39135",-7196.39300503099,"NRI_P073",100
"39136",-1934.71666503098,"NRI_P073",25
"39137",-6394.915045031,"NRI_P073",50
"39138",-3281.443715031,"NRI_P073",100
"39139",873.371004968998,"NRI_P073",25
"39140",-1216.89194503101,"NRI_P073",50
"39141",6021.50216496902,"NRI_P073",100
"39142",-2166.31416503098,"NRI_P073",25
"39143",-6956.91669503099,"NRI_P073",50
"39144",1797.342224969,"NRI_P073",100
"39145",-138.11967503099,"NRI_P073",25
"39146",3249.16420496901,"NRI_P073",50
"39147",-5212.419995031,"NRI_P073",100
"39148",-1794.56864503099,"NRI_P073",25
"39149",-755.38132503099,"NRI_P073",50
"39150",-4378.76235503098,"NRI_P073",100
"39151",-4794.772915031,"NRI_P073",25
"39152",-2837.78364503098,"NRI_P073",50
"39153",-2172.73834503099,"NRI_P073",100
"39154",-333.893145031005,"NRI_P073",25
"39155",-5566.30113503098,"NRI_P073",50
"39156",-5726.10648503099,"NRI_P073",100
"39157",4594.71817496899,"NRI_P073",25
"39158",-1609.759915031,"NRI_P073",50
"39159",-3331.84445503098,"NRI_P073",100
"39160",1150.03263496901,"NRI_P073",25
"39161",4966.06915496901,"NRI_P073",50
"39162",-7396.88505503099,"NRI_P073",100
"39163",-2281.580935031,"NRI_P073",25
"39164",-3906.46166503101,"NRI_P073",50
"39165",-4947.243755031,"NRI_P073",100
"39166",-5542.97979503099,"NRI_P073",25
"39167",-2762.74725503099,"NRI_P073",50
"39168",-3615.21215503098,"NRI_P073",100
"39169",-134.936085030989,"NRI_P073",25
"39170",-824.004845030984,"NRI_P073",50
"39171",-2534.50706503101,"NRI_P073",100
"39172",-2207.99957503099,"NRI_P073",25
"39173",-6048.43794503101,"NRI_P073",50
"39174",-5278.126105031,"NRI_P073",100
"39175",-2642.56893503098,"NRI_P073",25
"39176",-2471.52683503099,"NRI_P073",50
"39177",-6274.652635031,"NRI_P073",100
"39178",1941.438844969,"NRI_P073",25
"39179",-8454.27890503098,"NRI_P073",50
"39180",-473.774435030995,"NRI_P073",100
"39181",-3817.43872503098,"NRI_P073",25
"39182",-2977.59827503099,"NRI_P073",50
"39183",-7327.66516503101,"NRI_P073",100
"39184",2442.63094496902,"NRI_P073",25
"39185",-1281.76763503099,"NRI_P073",50
"39186",-5738.26855503098,"NRI_P073",100
"39187",351.210214969004,"NRI_P073",25
"39188",-1484.93442503098,"NRI_P073",50
"39189",-3293.87002503101,"NRI_P073",100
"39190",-1532.67240503099,"NRI_P073",25
"39191",14.485434969014,"NRI_P073",50
"39192",-5640.218735031,"NRI_P073",100
"39193",-481.393615031004,"NRI_P073",25
"39194",-4903.46629503099,"NRI_P073",50
"39195",-5812.30542503099,"NRI_P073",100
"39196",-647.35312503099,"NRI_P073",25
"39197",-421.577715030988,"NRI_P073",50
"39198",-195.589035031007,"NRI_P073",100
"39199",-1686.18004503098,"NRI_P073",25
"39200",-3247.60743503101,"NRI_P073",50
"39201",-7961.266765031,"NRI_P073",100
"39202",-1560.743705031,"NRI_P073",25
"39203",-5209.67105503098,"NRI_P073",50
"39204",-7220.777815031,"NRI_P073",100
"39205",-1983.19911503099,"NRI_P073",25
"39206",-1761.71132503101,"NRI_P073",50
"39207",239.112814969005,"NRI_P073",100
"39208",1626.09928496901,"NRI_P073",25
"39209",-6535.79842503098,"NRI_P073",50
"39210",-2910.01769503098,"NRI_P073",100
"39211",1619.46778496902,"NRI_P073",25
"39212",-2037.241175031,"NRI_P073",50
"39213",-3474.65827503099,"NRI_P073",100
"39214",-2960.41773503099,"NRI_P073",25
"39215",-5553.164105031,"NRI_P073",50
"39216",-1803.660405031,"NRI_P073",100
"39217",851.742194969003,"NRI_P073",25
"39218",-1385.25718503099,"NRI_P073",50
"39219",1247.82220496901,"NRI_P073",100
"39220",-2942.43543503099,"NRI_P073",25
"39221",3696.826984969,"NRI_P073",50
"39222",-3520.28839503101,"NRI_P073",100
"39223",-1823.049715031,"NRI_P073",25
"39224",-6499.922135031,"NRI_P073",50
"39225",-2694.80707503099,"NRI_P073",100
"39226",-4124.24739503101,"NRI_P073",25
"39227",5581.53695496899,"NRI_P073",50
"39228",-136.500955030991,"NRI_P073",100
"39229",-521.909035030985,"NRI_P073",25
"39230",1174.601954969,"NRI_P073",50
"39231",-6623.42501503098,"NRI_P073",100
"39232",-611.322395030991,"NRI_P073",25
"39233",-3024.75022503099,"NRI_P073",50
"39234",-6104.85081503101,"NRI_P073",100
"39235",-4524.84671503099,"NRI_P073",25
"39236",-3324.62011503099,"NRI_P073",50
"39237",-8555.01409503099,"NRI_P073",100
"39238",-3036.82601503099,"NRI_P073",25
"39239",-3339.269895031,"NRI_P073",50
"39240",-2433.71269503099,"NRI_P073",100
"39241",-3807.021905031,"NRI_P073",25
"39242",-3470.545515031,"NRI_P073",50
"39243",288.460304969019,"NRI_P073",100
"39244",-292.08637503098,"NRI_P073",25
"39245",-6072.09471503098,"NRI_P073",50
"39246",1976.687624969,"NRI_P073",100
"39247",927.983184968994,"NRI_P073",25
"39248",-6436.72471503098,"NRI_P073",50
"39249",-6601.37828503098,"NRI_P073",100
"39250",-1417.98153503099,"NRI_P073",25
"39251",-1933.80678503099,"NRI_P073",50
"39252",2967.84516496901,"NRI_P073",100
"39253",1654.792684969,"NRI_P073",25
"39254",-3602.19211503101,"NRI_P073",50
"39255",-2511.11209503099,"NRI_P073",100
"39256",-46.1073650309991,"NRI_P073",25
"39257",10199.772224969,"NRI_P073",50
"39258",-3024.84655503099,"NRI_P073",100
"39259",929.131684969005,"NRI_P073",25
"39260",-1623.29604503099,"NRI_P073",50
"39261",-2045.991985031,"NRI_P073",100
"39262",-1166.95328503099,"NRI_P073",25
"39263",-1982.21339503099,"NRI_P073",50
"39264",-5961.92219503099,"NRI_P073",100
"39265",-4813.670695031,"NRI_P073",25
"39266",-4171.143045031,"NRI_P073",50
"39267",3183.16986496901,"NRI_P073",100
"39268",-1083.63630503099,"NRI_P073",25
"39269",-616.636275030993,"NRI_P073",50
"39270",-3296.35821503098,"NRI_P073",100
"39271",-2979.77525503098,"NRI_P073",25
"39272",-5541.13695503099,"NRI_P073",50
"39273",-1311.06611503099,"NRI_P073",100
"39274",956.483284968999,"NRI_P073",25
"39275",-5162.02381503099,"NRI_P073",50
"39276",-6664.15144503099,"NRI_P073",100
"39277",-134.460985031008,"NRI_P073",25
"39278",-397.429195031,"NRI_P073",50
"39279",-5938.740365031,"NRI_P073",100
"39280",-1684.283265031,"NRI_P073",25
"39281",-1500.766035031,"NRI_P073",50
"39282",2296.24518496901,"NRI_P073",100
"39283",-3240.62358503099,"NRI_P073",25
"39284",801.759114968998,"NRI_P073",50
"39285",-3837.221445031,"NRI_P073",100
"39286",1486.09678496901,"NRI_P073",25
"39287",-5626.387805031,"NRI_P073",50
"39288",-6127.39868503099,"NRI_P073",100
"39289",-3405.61594503099,"NRI_P073",25
"39290",7730.00641496902,"NRI_P073",50
"39291",-8032.324705031,"NRI_P073",100
"39292",-2328.97773503099,"NRI_P073",25
"39293",-6167.73224503099,"NRI_P073",50
"39294",85.1610649689974,"NRI_P073",100
"39295",6561.290724969,"NRI_P073",25
"39296",-4944.89858503098,"NRI_P073",50
"39297",-4830.078665031,"NRI_P073",100
"39298",482.163654969016,"NRI_P073",25
"39299",-1291.17796503101,"NRI_P073",50
"39300",2572.84270496899,"NRI_P073",100
"39301",0.00307661498663947,"NRI_P074",25
"39302",-1261.29764338501,"NRI_P074",50
"39303",-877.515773385006,"NRI_P074",100
"39304",0.00307661498663947,"NRI_P074",25
"39305",-1159.95922338503,"NRI_P074",50
"39306",-856.408813385002,"NRI_P074",100
"39307",0.00307661498663947,"NRI_P074",25
"39308",-1185.49942338502,"NRI_P074",50
"39309",-433.917393385025,"NRI_P074",100
"39310",0.00307661498663947,"NRI_P074",25
"39311",552.04522661498,"NRI_P074",50
"39312",-987.594873385038,"NRI_P074",100
"39313",0.00307661498663947,"NRI_P074",25
"39314",-1279.14365338499,"NRI_P074",50
"39315",-1022.71987338504,"NRI_P074",100
"39316",0.00307661498663947,"NRI_P074",25
"39317",19.6617866149754,"NRI_P074",50
"39318",-617.332373385027,"NRI_P074",100
"39319",0.00307661498663947,"NRI_P074",25
"39320",-1190.77332338504,"NRI_P074",50
"39321",19430.550126615,"NRI_P074",100
"39322",0.00307661498663947,"NRI_P074",25
"39323",-1269.33222338505,"NRI_P074",50
"39324",1747.25222661498,"NRI_P074",100
"39325",0.00307661498663947,"NRI_P074",25
"39326",-360.174423385004,"NRI_P074",50
"39327",-57.9983733849949,"NRI_P074",100
"39328",0.00307661498663947,"NRI_P074",25
"39329",-1248.63216338505,"NRI_P074",50
"39330",-494.157073385024,"NRI_P074",100
"39331",0.00307661498663947,"NRI_P074",25
"39332",149.791226614965,"NRI_P074",50
"39333",-947.36228338501,"NRI_P074",100
"39334",0.00307661498663947,"NRI_P074",25
"39335",282.564526614966,"NRI_P074",50
"39336",-1105.45747338503,"NRI_P074",100
"39337",0.00307661498663947,"NRI_P074",25
"39338",6286.06307661498,"NRI_P074",50
"39339",-1193.39298338501,"NRI_P074",100
"39340",0.00307661498663947,"NRI_P074",25
"39341",22.0418166149757,"NRI_P074",50
"39342",4208.42212661495,"NRI_P074",100
"39343",0.00307661498663947,"NRI_P074",25
"39344",-31.1549233850092,"NRI_P074",50
"39345",6213.98712661496,"NRI_P074",100
"39346",0.00307661498663947,"NRI_P074",25
"39347",-1064.83502338501,"NRI_P074",50
"39348",-1185.94597338501,"NRI_P074",100
"39349",0.00307661498663947,"NRI_P074",25
"39350",-1245.414783385,"NRI_P074",50
"39351",-974.935573385039,"NRI_P074",100
"39352",0.00307661498663947,"NRI_P074",25
"39353",346.472926614981,"NRI_P074",50
"39354",-831.108673384995,"NRI_P074",100
"39355",0.00307661498663947,"NRI_P074",25
"39356",16259.272076615,"NRI_P074",50
"39357",155.254526614968,"NRI_P074",100
"39358",0.00307661498663947,"NRI_P074",25
"39359",-1151.14102338505,"NRI_P074",50
"39360",-880.344973385043,"NRI_P074",100
"39361",0.00307661498663947,"NRI_P074",25
"39362",2272.19907661498,"NRI_P074",50
"39363",-1126.95147338504,"NRI_P074",100
"39364",0.00307661498663947,"NRI_P074",25
"39365",1496.79012661497,"NRI_P074",50
"39366",-1257.02218338504,"NRI_P074",100
"39367",0.00307661498663947,"NRI_P074",25
"39368",617.488226615009,"NRI_P074",50
"39369",50.1019566149916,"NRI_P074",100
"39370",0.00307661498663947,"NRI_P074",25
"39371",115.314226614952,"NRI_P074",50
"39372",-1274.53020338505,"NRI_P074",100
"39373",0.00307661498663947,"NRI_P074",25
"39374",-1247.13696338504,"NRI_P074",50
"39375",-1100.66574338503,"NRI_P074",100
"39376",0.00307661498663947,"NRI_P074",25
"39377",-529.265023385,"NRI_P074",50
"39378",-509.76912338502,"NRI_P074",100
"39379",0.00307661498663947,"NRI_P074",25
"39380",109.83342661499,"NRI_P074",50
"39381",5834.17012661498,"NRI_P074",100
"39382",0.00307661498663947,"NRI_P074",25
"39383",-535.539923385018,"NRI_P074",50
"39384",-1261.285533385,"NRI_P074",100
"39385",0.00307661498663947,"NRI_P074",25
"39386",76.8420266149915,"NRI_P074",50
"39387",-784.330323385017,"NRI_P074",100
"39388",0.00307661498663947,"NRI_P074",25
"39389",-168.431923385011,"NRI_P074",50
"39390",-497.996573385026,"NRI_P074",100
"39391",0.00307661498663947,"NRI_P074",25
"39392",-1208.46542338503,"NRI_P074",50
"39393",4758.447396615,"NRI_P074",100
"39394",0.00307661498663947,"NRI_P074",25
"39395",797.832326614996,"NRI_P074",50
"39396",-394.816773385042,"NRI_P074",100
"39397",0.00307661498663947,"NRI_P074",25
"39398",1722.64207661495,"NRI_P074",50
"39399",-759.490673385037,"NRI_P074",100
"39400",0.00307661498663947,"NRI_P074",25
"39401",1524.532126615,"NRI_P074",50
"39402",-738.915973385039,"NRI_P074",100
"39403",0.00307661498663947,"NRI_P074",25
"39404",974.754126615007,"NRI_P074",50
"39405",-1157.67991338501,"NRI_P074",100
"39406",0.00307661498663947,"NRI_P074",25
"39407",283.214426614984,"NRI_P074",50
"39408",-1150.89127338503,"NRI_P074",100
"39409",0.00307661498663947,"NRI_P074",25
"39410",1417.34007661499,"NRI_P074",50
"39411",-1239.164883385,"NRI_P074",100
"39412",0.00307661498663947,"NRI_P074",25
"39413",35.7145866149804,"NRI_P074",50
"39414",-1131.14679338504,"NRI_P074",100
"39415",0.00307661498663947,"NRI_P074",25
"39416",-414.748123385012,"NRI_P074",50
"39417",-747.187573385017,"NRI_P074",100
"39418",0.00307661498663947,"NRI_P074",25
"39419",-1212.96252338501,"NRI_P074",50
"39420",-1242.05051338504,"NRI_P074",100
"39421",0.00307661498663947,"NRI_P074",25
"39422",-1065.39752338501,"NRI_P074",50
"39423",710.407726614969,"NRI_P074",100
"39424",0.00307661498663947,"NRI_P074",25
"39425",6.49930661497638,"NRI_P074",50
"39426",-1195.772423385,"NRI_P074",100
"39427",0.00307661498663947,"NRI_P074",25
"39428",98.1250266149873,"NRI_P074",50
"39429",45.3394266149844,"NRI_P074",100
"39430",0.00307661498663947,"NRI_P074",25
"39431",-1183.39042338502,"NRI_P074",50
"39432",2560.01194661501,"NRI_P074",100
"39433",0.00307661498663947,"NRI_P074",25
"39434",86.3838266149978,"NRI_P074",50
"39435",6723.100046615,"NRI_P074",100
"39436",0.00307661498663947,"NRI_P074",25
"39437",86.3838266149978,"NRI_P074",50
"39438",2951.37322661496,"NRI_P074",100
"39439",0.00307661498663947,"NRI_P074",25
"39440",-1271.95991338504,"NRI_P074",50
"39441",-952.181073385,"NRI_P074",100
"39442",0.00307661498663947,"NRI_P074",25
"39443",10019.112076615,"NRI_P074",50
"39444",16286.918986615,"NRI_P074",100
"39445",0.00307661498663947,"NRI_P074",25
"39446",-1248.63216338505,"NRI_P074",50
"39447",2621.75495661498,"NRI_P074",100
"39448",0.00307661498663947,"NRI_P074",25
"39449",-1121.986823385,"NRI_P074",50
"39450",2594.61862661497,"NRI_P074",100
"39451",0.00307661498663947,"NRI_P074",25
"39452",-740.459123385022,"NRI_P074",50
"39453",3130.93502661498,"NRI_P074",100
"39454",0.00307661498663947,"NRI_P074",25
"39455",17541.103126615,"NRI_P074",50
"39456",2660.25322661496,"NRI_P074",100
"39457",0.00307661498663947,"NRI_P074",25
"39458",88.4396266149706,"NRI_P074",50
"39459",-527.38657338504,"NRI_P074",100
"39460",0.00307661498663947,"NRI_P074",25
"39461",-1213.61142338504,"NRI_P074",50
"39462",-848.794473385031,"NRI_P074",100
"39463",0.00307661498663947,"NRI_P074",25
"39464",12433.673126615,"NRI_P074",50
"39465",-1264.10579338501,"NRI_P074",100
"39466",0.00307661498663947,"NRI_P074",25
"39467",-1271.95991338504,"NRI_P074",50
"39468",-180.759543385007,"NRI_P074",100
"39469",0.00307661498663947,"NRI_P074",25
"39470",-1183.70602338499,"NRI_P074",50
"39471",-1130.75280338502,"NRI_P074",100
"39472",0.00307661498663947,"NRI_P074",25
"39473",-894.15312338504,"NRI_P074",50
"39474",-1078.010773385,"NRI_P074",100
"39475",0.00307661498663947,"NRI_P074",25
"39476",1112.822076615,"NRI_P074",50
"39477",-945.418873385002,"NRI_P074",100
"39478",0.00307661498663947,"NRI_P074",25
"39479",870.149826615001,"NRI_P074",50
"39480",-442.839043385,"NRI_P074",100
"39481",0.00307661498663947,"NRI_P074",25
"39482",-798.058723385038,"NRI_P074",50
"39483",1105.71682661498,"NRI_P074",100
"39484",0.00307661498663947,"NRI_P074",25
"39485",-1210.48632338503,"NRI_P074",50
"39486",961.281826614984,"NRI_P074",100
"39487",0.00307661498663947,"NRI_P074",25
"39488",-1240.01869338501,"NRI_P074",50
"39489",17457.232926615,"NRI_P074",100
"39490",0.00307661498663947,"NRI_P074",25
"39491",3853.42412661499,"NRI_P074",50
"39492",4771.25258661498,"NRI_P074",100
"39493",0.00307661498663947,"NRI_P074",25
"39494",-1006.85762338503,"NRI_P074",50
"39495",-23.8933733850135,"NRI_P074",100
"39496",0.00307661498663947,"NRI_P074",25
"39497",-1125.863123385,"NRI_P074",50
"39498",-1245.98573338502,"NRI_P074",100
"39499",0.00307661498663947,"NRI_P074",25
"39500",74.3932266149786,"NRI_P074",50
"39501",-554.201673385047,"NRI_P074",100
"39502",0.00307661498663947,"NRI_P074",25
"39503",2099.01112661499,"NRI_P074",50
"39504",-986.394983384991,"NRI_P074",100
"39505",0.00307661498663947,"NRI_P074",25
"39506",1927.325126615,"NRI_P074",50
"39507",-1245.16810338502,"NRI_P074",100
"39508",0.00307661498663947,"NRI_P074",25
"39509",-1262.78492338501,"NRI_P074",50
"39510",-421.299273385026,"NRI_P074",100
"39511",0.00307661498663947,"NRI_P074",25
"39512",68.8685266149696,"NRI_P074",50
"39513",-569.662833384995,"NRI_P074",100
"39514",0.00307661498663947,"NRI_P074",25
"39515",-1208.55822338501,"NRI_P074",50
"39516",-1236.13641338504,"NRI_P074",100
"39517",0.00307661498663947,"NRI_P074",25
"39518",-1211.461023385,"NRI_P074",50
"39519",1157.42595661496,"NRI_P074",100
"39520",0.00307661498663947,"NRI_P074",25
"39521",167.350426614983,"NRI_P074",50
"39522",-860.037573384994,"NRI_P074",100
"39523",0.00307661498663947,"NRI_P074",25
"39524",167.350426614983,"NRI_P074",50
"39525",3012.92892661499,"NRI_P074",100
"39526",0.00307661498663947,"NRI_P074",25
"39527",204.691226614988,"NRI_P074",50
"39528",-787.732373384992,"NRI_P074",100
"39529",0.00307661498663947,"NRI_P074",25
"39530",3427.68012661499,"NRI_P074",50
"39531",989.251026614977,"NRI_P074",100
"39532",0.00307661498663947,"NRI_P074",25
"39533",-1266.798643385,"NRI_P074",50
"39534",-1211.57669338502,"NRI_P074",100
"39535",0.00307661498663947,"NRI_P074",25
"39536",459.765076614975,"NRI_P074",50
"39537",-829.510973385011,"NRI_P074",100
"39538",0.00307661498663947,"NRI_P074",25
"39539",797.832326614996,"NRI_P074",50
"39540",6416.43582661496,"NRI_P074",100
"39541",0.00307661498663947,"NRI_P074",25
"39542",-1050.98512338503,"NRI_P074",50
"39543",274.101826614991,"NRI_P074",100
"39544",0.00307661498663947,"NRI_P074",25
"39545",44.4468866149546,"NRI_P074",50
"39546",-1002.03401338501,"NRI_P074",100
"39547",0.00307661498663947,"NRI_P074",25
"39548",277.571426615003,"NRI_P074",50
"39549",8277.66012661497,"NRI_P074",100
"39550",0.00307661498663947,"NRI_P074",25
"39551",41.8123566149734,"NRI_P074",50
"39552",-949.112363385037,"NRI_P074",100
"39553",0.00307661498663947,"NRI_P074",25
"39554",-854.635923385038,"NRI_P074",50
"39555",-364.810773385048,"NRI_P074",100
"39556",0.00307661498663947,"NRI_P074",25
"39557",-1280.56128338503,"NRI_P074",50
"39558",-462.411073385039,"NRI_P074",100
"39559",0.00307661498663947,"NRI_P074",25
"39560",-1006.85762338503,"NRI_P074",50
"39561",-1259.52415338502,"NRI_P074",100
"39562",0.00307661498663947,"NRI_P074",25
"39563",73.2728266149643,"NRI_P074",50
"39564",-1207.82378338504,"NRI_P074",100
"39565",0.00307661498663947,"NRI_P074",25
"39566",3817.87312661496,"NRI_P074",50
"39567",-967.723073385016,"NRI_P074",100
"39568",0.00307661498663947,"NRI_P074",25
"39569",-1006.85762338503,"NRI_P074",50
"39570",-993.787673384999,"NRI_P074",100
"39571",0.00307661498663947,"NRI_P074",25
"39572",-1258.92165338504,"NRI_P074",50
"39573",-664.04077338503,"NRI_P074",100
"39574",0.00307661498663947,"NRI_P074",25
"39575",1112.822076615,"NRI_P074",50
"39576",-1233.245843385,"NRI_P074",100
"39577",0.00307661498663947,"NRI_P074",25
"39578",6286.06307661498,"NRI_P074",50
"39579",599.439266614965,"NRI_P074",100
"39580",0.00307661498663947,"NRI_P074",25
"39581",-1251.86318338499,"NRI_P074",50
"39582",-1250.08662338502,"NRI_P074",100
"39583",0.00307661498663947,"NRI_P074",25
"39584",-1215.78242338501,"NRI_P074",50
"39585",-1231.30891338503,"NRI_P074",100
"39586",0.00307661498663947,"NRI_P074",25
"39587",-1254.37395338505,"NRI_P074",50
"39588",-1082.70958338503,"NRI_P074",100
"39589",0.00307661498663947,"NRI_P074",25
"39590",-664.342823385028,"NRI_P074",50
"39591",-202.841873385012,"NRI_P074",100
"39592",0.00307661498663947,"NRI_P074",25
"39593",19.046126614965,"NRI_P074",50
"39594",-1174.89960338501,"NRI_P074",100
"39595",0.00307661498663947,"NRI_P074",25
"39596",156.742126614961,"NRI_P074",50
"39597",-866.318073385046,"NRI_P074",100
"39598",0.00307661498663947,"NRI_P074",25
"39599",4.61652661499102,"NRI_P074",50
"39600",3169.37312661496,"NRI_P074",100
"39601",581.124343055999,"NRI_P075",25
"39602",-1791.94015694398,"NRI_P075",50
"39603",961.479763055977,"NRI_P075",100
"39604",541.406213056005,"NRI_P075",25
"39605",-2637.02338694403,"NRI_P075",50
"39606",-3964.54815694399,"NRI_P075",100
"39607",4801.57442305598,"NRI_P075",25
"39608",2803.51148305601,"NRI_P075",50
"39609",-3492.57413694402,"NRI_P075",100
"39610",-3569.16281694401,"NRI_P075",25
"39611",1353.62897305598,"NRI_P075",50
"39612",10174.212053056,"NRI_P075",100
"39613",504.877943055995,"NRI_P075",25
"39614",3478.57184305601,"NRI_P075",50
"39615",-1541.98328694399,"NRI_P075",100
"39616",899.628113056009,"NRI_P075",25
"39617",-2125.00378694403,"NRI_P075",50
"39618",-3588.85093694401,"NRI_P075",100
"39619",2361.109873056,"NRI_P075",25
"39620",7287.40181305597,"NRI_P075",50
"39621",-5454.271746944,"NRI_P075",100
"39622",3681.14534305601,"NRI_P075",25
"39623",-5087.48643694399,"NRI_P075",50
"39624",-1655.66780694399,"NRI_P075",100
"39625",-1197.91486694402,"NRI_P075",25
"39626",-2663.66308694403,"NRI_P075",50
"39627",-891.541416944005,"NRI_P075",100
"39628",-3461.84934694401,"NRI_P075",25
"39629",-5914.63790694397,"NRI_P075",50
"39630",-2146.81858694402,"NRI_P075",100
"39631",70.8709130560164,"NRI_P075",25
"39632",-5100.92527694401,"NRI_P075",50
"39633",3038.46614305599,"NRI_P075",100
"39634",1023.43717305601,"NRI_P075",25
"39635",3292.64201305597,"NRI_P075",50
"39636",-4233.57166694402,"NRI_P075",100
"39637",-1923.72662694397,"NRI_P075",25
"39638",5251.798703056,"NRI_P075",50
"39639",-2372.59857694397,"NRI_P075",100
"39640",-2658.25722694403,"NRI_P075",25
"39641",2605.35866305599,"NRI_P075",50
"39642",11716.228753056,"NRI_P075",100
"39643",2.33637305599404,"NRI_P075",25
"39644",-1077.43106694397,"NRI_P075",50
"39645",9693.46164305601,"NRI_P075",100
"39646",-3501.65645694401,"NRI_P075",25
"39647",5849.94231305597,"NRI_P075",50
"39648",4208.67304305598,"NRI_P075",100
"39649",6645.00694305601,"NRI_P075",25
"39650",-2537.20459694398,"NRI_P075",50
"39651",-4754.64844694402,"NRI_P075",100
"39652",-614.109826944012,"NRI_P075",25
"39653",4713.98827305599,"NRI_P075",50
"39654",-2061.36303694401,"NRI_P075",100
"39655",171.306663056021,"NRI_P075",25
"39656",10609.490133056,"NRI_P075",50
"39657",8542.59534305602,"NRI_P075",100
"39658",6646.13116305601,"NRI_P075",25
"39659",-398.161126944004,"NRI_P075",50
"39660",7960.08375305601,"NRI_P075",100
"39661",-635.332836944028,"NRI_P075",25
"39662",8240.23557305598,"NRI_P075",50
"39663",-714.358466944017,"NRI_P075",100
"39664",52.601773056027,"NRI_P075",25
"39665",-2889.20812694402,"NRI_P075",50
"39666",3057.84486305597,"NRI_P075",100
"39667",-882.592326943995,"NRI_P075",25
"39668",3129.00904305599,"NRI_P075",50
"39669",-4797.30738694401,"NRI_P075",100
"39670",8684.35037305602,"NRI_P075",25
"39671",322.339213056024,"NRI_P075",50
"39672",6610.389043056,"NRI_P075",100
"39673",-1700.71668694401,"NRI_P075",25
"39674",1263.21924305602,"NRI_P075",50
"39675",-3171.309036944,"NRI_P075",100
"39676",-1094.43398694397,"NRI_P075",25
"39677",2195.34047305601,"NRI_P075",50
"39678",1354.15817305603,"NRI_P075",100
"39679",-197.902486943989,"NRI_P075",25
"39680",-4757.12482694403,"NRI_P075",50
"39681",7917.17646305601,"NRI_P075",100
"39682",606.201573055994,"NRI_P075",25
"39683",-2179.958956944,"NRI_P075",50
"39684",8252.97914305597,"NRI_P075",100
"39685",-3109.39838694403,"NRI_P075",25
"39686",-885.688286944001,"NRI_P075",50
"39687",8119.572843056,"NRI_P075",100
"39688",-2800.09512694401,"NRI_P075",25
"39689",361.374713056022,"NRI_P075",50
"39690",1178.42634305602,"NRI_P075",100
"39691",549.647343055985,"NRI_P075",25
"39692",-2172.38018694398,"NRI_P075",50
"39693",15452.607943056,"NRI_P075",100
"39694",3013.00931305601,"NRI_P075",25
"39695",-1687.17038694402,"NRI_P075",50
"39696",-1905.66941694397,"NRI_P075",100
"39697",-5651.36065694399,"NRI_P075",25
"39698",3167.41107305599,"NRI_P075",50
"39699",5363.34269305598,"NRI_P075",100
"39700",20.6401430559927,"NRI_P075",25
"39701",-4968.95805694401,"NRI_P075",50
"39702",1182.290943056,"NRI_P075",100
"39703",-12.4344269440044,"NRI_P075",25
"39704",-1364.471286944,"NRI_P075",50
"39705",6579.82990305597,"NRI_P075",100
"39706",-4.56036694400245,"NRI_P075",25
"39707",7843.30024305597,"NRI_P075",50
"39708",4283.320473056,"NRI_P075",100
"39709",954.442983056011,"NRI_P075",25
"39710",-1697.11805694399,"NRI_P075",50
"39711",5346.93404305598,"NRI_P075",100
"39712",1426.35611305601,"NRI_P075",25
"39713",309.648853056016,"NRI_P075",50
"39714",1695.72194305598,"NRI_P075",100
"39715",3883.51867305598,"NRI_P075",25
"39716",2511.31323305599,"NRI_P075",50
"39717",8805.17460305599,"NRI_P075",100
"39718",1877.683373056,"NRI_P075",25
"39719",109.726483055972,"NRI_P075",50
"39720",448.647843056009,"NRI_P075",100
"39721",-1773.57932694402,"NRI_P075",25
"39722",-1086.10279694397,"NRI_P075",50
"39723",7478.160623056,"NRI_P075",100
"39724",239.459593056003,"NRI_P075",25
"39725",-903.397626944003,"NRI_P075",50
"39726",-1957.05502694403,"NRI_P075",100
"39727",5153.58507305599,"NRI_P075",25
"39728",-4489.08675694402,"NRI_P075",50
"39729",4680.145143056,"NRI_P075",100
"39730",-2177.05328694399,"NRI_P075",25
"39731",739.260413056007,"NRI_P075",50
"39732",-5312.752636944,"NRI_P075",100
"39733",1793.74351305602,"NRI_P075",25
"39734",-2748.73961694399,"NRI_P075",50
"39735",-5551.05078694399,"NRI_P075",100
"39736",-476.295126944024,"NRI_P075",25
"39737",-1819.575066944,"NRI_P075",50
"39738",2883.02651305601,"NRI_P075",100
"39739",821.309423056024,"NRI_P075",25
"39740",-2479.93592694402,"NRI_P075",50
"39741",3922.18944305601,"NRI_P075",100
"39742",-306.431756943988,"NRI_P075",25
"39743",-2462.88193694397,"NRI_P075",50
"39744",-1957.96046694397,"NRI_P075",100
"39745",-1266.56502694398,"NRI_P075",25
"39746",-525.504286943993,"NRI_P075",50
"39747",161.506563056028,"NRI_P075",100
"39748",-130.510216943978,"NRI_P075",25
"39749",-3362.08905694401,"NRI_P075",50
"39750",-932.252956943994,"NRI_P075",100
"39751",-1082.68956694403,"NRI_P075",25
"39752",16030.933423056,"NRI_P075",50
"39753",7970.17498305597,"NRI_P075",100
"39754",-63.0665869439836,"NRI_P075",25
"39755",2300.66731305601,"NRI_P075",50
"39756",-3853.681116944,"NRI_P075",100
"39757",-3324.27932694397,"NRI_P075",25
"39758",-1771.68211694399,"NRI_P075",50
"39759",2121.38833305601,"NRI_P075",100
"39760",-640.140156943991,"NRI_P075",25
"39761",-775.773866944015,"NRI_P075",50
"39762",4688.63143305603,"NRI_P075",100
"39763",-5684.98385694402,"NRI_P075",25
"39764",-1418.63348694402,"NRI_P075",50
"39765",4860.624343056,"NRI_P075",100
"39766",218.178653055977,"NRI_P075",25
"39767",-3279.23904694401,"NRI_P075",50
"39768",-953.273156944022,"NRI_P075",100
"39769",242.694743056025,"NRI_P075",25
"39770",-1186.89192694402,"NRI_P075",50
"39771",242.455343056004,"NRI_P075",100
"39772",-805.758056944003,"NRI_P075",25
"39773",-825.711356943997,"NRI_P075",50
"39774",1881.75568305602,"NRI_P075",100
"39775",-2611.418426944,"NRI_P075",25
"39776",3481.705343056,"NRI_P075",50
"39777",6390.12294305599,"NRI_P075",100
"39778",259.87407305598,"NRI_P075",25
"39779",-174.565656944003,"NRI_P075",50
"39780",-3255.65163694398,"NRI_P075",100
"39781",-4588.97695694398,"NRI_P075",25
"39782",-634.376586943981,"NRI_P075",50
"39783",1206.99748305598,"NRI_P075",100
"39784",7610.46881305601,"NRI_P075",25
"39785",2631.30197305599,"NRI_P075",50
"39786",-4704.20446694398,"NRI_P075",100
"39787",2366.68140305602,"NRI_P075",25
"39788",-4117.222846944,"NRI_P075",50
"39789",12441.495733056,"NRI_P075",100
"39790",8822.78407305601,"NRI_P075",25
"39791",-2469.07312694401,"NRI_P075",50
"39792",-3723.52918694401,"NRI_P075",100
"39793",3293.15441305598,"NRI_P075",25
"39794",-2441.79515694402,"NRI_P075",50
"39795",-3966.33251694398,"NRI_P075",100
"39796",-402.878426944022,"NRI_P075",25
"39797",-574.019826943986,"NRI_P075",50
"39798",-1919.86235694401,"NRI_P075",100
"39799",580.688343056012,"NRI_P075",25
"39800",5132.63127305597,"NRI_P075",50
"39801",9879.35246305598,"NRI_P075",100
"39802",437.620903055998,"NRI_P075",25
"39803",-1089.42382694402,"NRI_P075",50
"39804",10826.781333056,"NRI_P075",100
"39805",-3581.08513694402,"NRI_P075",25
"39806",-4624.68988694402,"NRI_P075",50
"39807",181.948153055971,"NRI_P075",100
"39808",1882.91884305602,"NRI_P075",25
"39809",12543.035173056,"NRI_P075",50
"39810",7146.74938305601,"NRI_P075",100
"39811",-1185.33178694401,"NRI_P075",25
"39812",-647.074686944019,"NRI_P075",50
"39813",7012.73817305599,"NRI_P075",100
"39814",-2612.978656944,"NRI_P075",25
"39815",-5888.90834694402,"NRI_P075",50
"39816",-4918.42797694402,"NRI_P075",100
"39817",-1451.50975694403,"NRI_P075",25
"39818",601.480543055979,"NRI_P075",50
"39819",-657.159416944021,"NRI_P075",100
"39820",-3228.12274694402,"NRI_P075",25
"39821",2122.44831305603,"NRI_P075",50
"39822",-3687.50695694401,"NRI_P075",100
"39823",114.784213055973,"NRI_P075",25
"39824",-4196.702756944,"NRI_P075",50
"39825",-2863.81619694398,"NRI_P075",100
"39826",5954.52064305602,"NRI_P075",25
"39827",4072.12638305599,"NRI_P075",50
"39828",-3420.83401694399,"NRI_P075",100
"39829",-1939.572956944,"NRI_P075",25
"39830",-4707.54628694401,"NRI_P075",50
"39831",899.056243056024,"NRI_P075",100
"39832",-3509.99908694398,"NRI_P075",25
"39833",-2962.82125694398,"NRI_P075",50
"39834",-1403.99795694399,"NRI_P075",100
"39835",301.966973056027,"NRI_P075",25
"39836",-872.72828694398,"NRI_P075",50
"39837",12911.284643056,"NRI_P075",100
"39838",-41.5161569439806,"NRI_P075",25
"39839",5039.185643056,"NRI_P075",50
"39840",-5962.21230694401,"NRI_P075",100
"39841",-746.194356944005,"NRI_P075",25
"39842",-1525.576656944,"NRI_P075",50
"39843",3391.03414305602,"NRI_P075",100
"39844",612.781213056005,"NRI_P075",25
"39845",-2414.417356944,"NRI_P075",50
"39846",4095.694143056,"NRI_P075",100
"39847",1839.99691305601,"NRI_P075",25
"39848",709.672113056004,"NRI_P075",50
"39849",-219.155836944003,"NRI_P075",100
"39850",6592.73277305602,"NRI_P075",25
"39851",3205.735133056,"NRI_P075",50
"39852",-1328.33430694399,"NRI_P075",100
"39853",357.575043055986,"NRI_P075",25
"39854",-403.237726943975,"NRI_P075",50
"39855",5423.58710305602,"NRI_P075",100
"39856",-2075.05745694402,"NRI_P075",25
"39857",-2205.42521694402,"NRI_P075",50
"39858",-5823.90959694399,"NRI_P075",100
"39859",-2253.739556944,"NRI_P075",25
"39860",-2775.75275694398,"NRI_P075",50
"39861",-755.670856943994,"NRI_P075",100
"39862",10265.891243056,"NRI_P075",25
"39863",-2736.984656944,"NRI_P075",50
"39864",-1283.54378694401,"NRI_P075",100
"39865",914.190443055995,"NRI_P075",25
"39866",-1254.35503694398,"NRI_P075",50
"39867",9396.58494305599,"NRI_P075",100
"39868",1503.94107305602,"NRI_P075",25
"39869",-2914.804686944,"NRI_P075",50
"39870",-4590.67599694402,"NRI_P075",100
"39871",-2216.604986944,"NRI_P075",25
"39872",-5590.25335694401,"NRI_P075",50
"39873",3457.774103056,"NRI_P075",100
"39874",-3082.62265694398,"NRI_P075",25
"39875",7965.66701305599,"NRI_P075",50
"39876",5413.46457305597,"NRI_P075",100
"39877",2931.16707305599,"NRI_P075",25
"39878",-1134.26805694401,"NRI_P075",50
"39879",-2697.59101694397,"NRI_P075",100
"39880",-611.266566944018,"NRI_P075",25
"39881",-3045.71331694402,"NRI_P075",50
"39882",-3775.79095694399,"NRI_P075",100
"39883",-2707.63034694397,"NRI_P075",25
"39884",-2414.482156944,"NRI_P075",50
"39885",8808.436943056,"NRI_P075",100
"39886",1144.58461305598,"NRI_P075",25
"39887",-4439.71396694402,"NRI_P075",50
"39888",-2252.43058694398,"NRI_P075",100
"39889",2316.09354305599,"NRI_P075",25
"39890",2910.83711305598,"NRI_P075",50
"39891",-2965.629876944,"NRI_P075",100
"39892",1525.88804305601,"NRI_P075",25
"39893",-2464.18145694397,"NRI_P075",50
"39894",-1961.96535694401,"NRI_P075",100
"39895",-3152.632956944,"NRI_P075",25
"39896",-1631.26721694402,"NRI_P075",50
"39897",12895.222363056,"NRI_P075",100
"39898",452.363913055975,"NRI_P075",25
"39899",-2518.44973694399,"NRI_P075",50
"39900",-643.176686943974,"NRI_P075",100
"39901",1562.78955803398,"NRI_P076",25
"39902",2558.59624803398,"NRI_P076",50
"39903",243.361478033999,"NRI_P076",100
"39904",-188.388801965979,"NRI_P076",25
"39905",2646.402658034,"NRI_P076",50
"39906",2977.71670803399,"NRI_P076",100
"39907",155.173068033997,"NRI_P076",25
"39908",1775.51140803401,"NRI_P076",50
"39909",2512.56741803401,"NRI_P076",100
"39910",8768.61232803401,"NRI_P076",25
"39911",13261.225688034,"NRI_P076",50
"39912",930.022778034036,"NRI_P076",100
"39913",509.497368034034,"NRI_P076",25
"39914",543.214408033993,"NRI_P076",50
"39915",4614.30250803399,"NRI_P076",100
"39916",1476.31605803402,"NRI_P076",25
"39917",-16.2994919659686,"NRI_P076",50
"39918",268.349318034016,"NRI_P076",100
"39919",13.2226680340245,"NRI_P076",25
"39920",575.238568034023,"NRI_P076",50
"39921",-60.4161419660086,"NRI_P076",100
"39922",1455.50606803398,"NRI_P076",25
"39923",-176.073721966008,"NRI_P076",50
"39924",7927.54937803402,"NRI_P076",100
"39925",1988.31655803398,"NRI_P076",25
"39926",1760.41884803399,"NRI_P076",50
"39927",864.612008034019,"NRI_P076",100
"39928",201.035648034012,"NRI_P076",25
"39929",106.93873803399,"NRI_P076",50
"39930",11059.415208034,"NRI_P076",100
"39931",1239.75536803401,"NRI_P076",25
"39932",1003.05366803403,"NRI_P076",50
"39933",2307.06024803402,"NRI_P076",100
"39934",117.695058034034,"NRI_P076",25
"39935",746.846738033986,"NRI_P076",50
"39936",784.714558034029,"NRI_P076",100
"39937",-255.483671966009,"NRI_P076",25
"39938",3086.39296803402,"NRI_P076",50
"39939",2445.33268803399,"NRI_P076",100
"39940",76.2883080340107,"NRI_P076",25
"39941",491.841508034035,"NRI_P076",50
"39942",2071.97457803402,"NRI_P076",100
"39943",193.921668033989,"NRI_P076",25
"39944",3388.392568034,"NRI_P076",50
"39945",4672.67484803399,"NRI_P076",100
"39946",491.916268034023,"NRI_P076",25
"39947",881.217268034001,"NRI_P076",50
"39948",2814.99675803399,"NRI_P076",100
"39949",616.545788033982,"NRI_P076",25
"39950",6.26876803400228,"NRI_P076",50
"39951",2895.92217803403,"NRI_P076",100
"39952",148.748538033979,"NRI_P076",25
"39953",5363.62495803402,"NRI_P076",50
"39954",2008.54467803403,"NRI_P076",100
"39955",2658.647858034,"NRI_P076",25
"39956",5006.77160803403,"NRI_P076",50
"39957",3242.40883803403,"NRI_P076",100
"39958",1491.53108803398,"NRI_P076",25
"39959",190.575388033991,"NRI_P076",50
"39960",3054.14070803398,"NRI_P076",100
"39961",201.345068034017,"NRI_P076",25
"39962",1723.42175803403,"NRI_P076",50
"39963",3911.89188803401,"NRI_P076",100
"39964",99.6942180339829,"NRI_P076",25
"39965",827.173378034029,"NRI_P076",50
"39966",2721.28130803403,"NRI_P076",100
"39967",-32.6653919660021,"NRI_P076",25
"39968",63.20581803401,"NRI_P076",50
"39969",9135.77613803401,"NRI_P076",100
"39970",0.543208034010604,"NRI_P076",25
"39971",-168.296141966013,"NRI_P076",50
"39972",1721.53335803398,"NRI_P076",100
"39973",680.67866803403,"NRI_P076",25
"39974",4608.27165803401,"NRI_P076",50
"39975",974.186698033998,"NRI_P076",100
"39976",406.986558034027,"NRI_P076",25
"39977",3148.200458034,"NRI_P076",50
"39978",993.787818034005,"NRI_P076",100
"39979",593.37596803403,"NRI_P076",25
"39980",3483.66464803403,"NRI_P076",50
"39981",2430.15185803402,"NRI_P076",100
"39982",1856.24206803401,"NRI_P076",25
"39983",308.497408033989,"NRI_P076",50
"39984",3637.99071803398,"NRI_P076",100
"39985",1394.15216803399,"NRI_P076",25
"39986",57.8935780340107,"NRI_P076",50
"39987",2758.58785803401,"NRI_P076",100
"39988",703.492168034019,"NRI_P076",25
"39989",84.8656580339884,"NRI_P076",50
"39990",1303.47266803402,"NRI_P076",100
"39991",105.94144803402,"NRI_P076",25
"39992",4594.32630803401,"NRI_P076",50
"39993",3456.85189803399,"NRI_P076",100
"39994",440.001808034023,"NRI_P076",25
"39995",989.02506803401,"NRI_P076",50
"39996",1890.81975803402,"NRI_P076",100
"39997",-35.9907519660192,"NRI_P076",25
"39998",169.044598034001,"NRI_P076",50
"39999",1664.36445803399,"NRI_P076",100
"40000",2053.76245803403,"NRI_P076",25
"40001",-53.8947619660175,"NRI_P076",50
"40002",-141.531501966005,"NRI_P076",100
"40003",444.788468034007,"NRI_P076",25
"40004",5328.84845803399,"NRI_P076",50
"40005",2128.54998803401,"NRI_P076",100
"40006",261.191218034015,"NRI_P076",25
"40007",19.1459880340262,"NRI_P076",50
"40008",1278.12838803401,"NRI_P076",100
"40009",358.327758033993,"NRI_P076",25
"40010",205.353688033996,"NRI_P076",50
"40011",2517.60874803399,"NRI_P076",100
"40012",3310.77136803401,"NRI_P076",25
"40013",-220.725271966017,"NRI_P076",50
"40014",3054.35795803403,"NRI_P076",100
"40015",-57.3218419660116,"NRI_P076",25
"40016",11513.250358034,"NRI_P076",50
"40017",4270.76739803399,"NRI_P076",100
"40018",2274.60085803398,"NRI_P076",25
"40019",733.887478034012,"NRI_P076",50
"40020",5834.13112803403,"NRI_P076",100
"40021",2371.84175803402,"NRI_P076",25
"40022",3408.49010803399,"NRI_P076",50
"40023",3023.314038034,"NRI_P076",100
"40024",55.3448980340036,"NRI_P076",25
"40025",3747.19337803399,"NRI_P076",50
"40026",6506.10384803399,"NRI_P076",100
"40027",3628.16846803401,"NRI_P076",25
"40028",264.662368034013,"NRI_P076",50
"40029",6959.76512803399,"NRI_P076",100
"40030",-62.4287619660026,"NRI_P076",25
"40031",405.048148034024,"NRI_P076",50
"40032",2007.91695803398,"NRI_P076",100
"40033",-120.735381965991,"NRI_P076",25
"40034",1167.41405803402,"NRI_P076",50
"40035",1646.394998034,"NRI_P076",100
"40036",650.684168034,"NRI_P076",25
"40037",1800.15336803399,"NRI_P076",50
"40038",701.613718034001,"NRI_P076",100
"40039",1466.96315803402,"NRI_P076",25
"40040",736.303048034024,"NRI_P076",50
"40041",15091.001228034,"NRI_P076",100
"40042",2397.95536803402,"NRI_P076",25
"40043",1408.07274803403,"NRI_P076",50
"40044",3089.05376803403,"NRI_P076",100
"40045",-161.204131965991,"NRI_P076",25
"40046",475.528008033987,"NRI_P076",50
"40047",916.336098033993,"NRI_P076",100
"40048",1621.75495803403,"NRI_P076",25
"40049",1603.71185803402,"NRI_P076",50
"40050",1085.22386803402,"NRI_P076",100
"40051",1623.44695803401,"NRI_P076",25
"40052",8144.50946803403,"NRI_P076",50
"40053",1385.82953803398,"NRI_P076",100
"40054",662.118758034019,"NRI_P076",25
"40055",357.390968033986,"NRI_P076",50
"40056",1266.66900803399,"NRI_P076",100
"40057",773.451988034009,"NRI_P076",25
"40058",265.084968034003,"NRI_P076",50
"40059",3997.17645803402,"NRI_P076",100
"40060",252.982778033998,"NRI_P076",25
"40061",185.880168033997,"NRI_P076",50
"40062",5223.49837803398,"NRI_P076",100
"40063",845.694968033989,"NRI_P076",25
"40064",528.561158034019,"NRI_P076",50
"40065",4896.36818803399,"NRI_P076",100
"40066",-123.148381965992,"NRI_P076",25
"40067",2196.31115803402,"NRI_P076",50
"40068",6445.94836803403,"NRI_P076",100
"40069",137.565368034004,"NRI_P076",25
"40070",2344.35494803399,"NRI_P076",50
"40071",4942.31135803403,"NRI_P076",100
"40072",-101.396391965973,"NRI_P076",25
"40073",0.367258034006227,"NRI_P076",50
"40074",1615.21932803403,"NRI_P076",100
"40075",-143.034181965981,"NRI_P076",25
"40076",273.695558034,"NRI_P076",50
"40077",943.332508034015,"NRI_P076",100
"40078",-100.684081965999,"NRI_P076",25
"40079",3876.63165803399,"NRI_P076",50
"40080",17705.048158034,"NRI_P076",100
"40081",462.597948034003,"NRI_P076",25
"40082",793.929758034006,"NRI_P076",50
"40083",3190.142078034,"NRI_P076",100
"40084",1115.48665803403,"NRI_P076",25
"40085",5245.44005803403,"NRI_P076",50
"40086",4755.010458034,"NRI_P076",100
"40087",2051.41366803402,"NRI_P076",25
"40088",-219.699941965984,"NRI_P076",50
"40089",308.030128034006,"NRI_P076",100
"40090",-248.038151966,"NRI_P076",25
"40091",386.135758034012,"NRI_P076",50
"40092",2364.08639803401,"NRI_P076",100
"40093",296.034498033987,"NRI_P076",25
"40094",2420.16810803401,"NRI_P076",50
"40095",5092.85445803398,"NRI_P076",100
"40096",405.312468033982,"NRI_P076",25
"40097",394.628838033997,"NRI_P076",50
"40098",9228.686698034,"NRI_P076",100
"40099",1069.39576803398,"NRI_P076",25
"40100",1638.30126803403,"NRI_P076",50
"40101",517.036758034024,"NRI_P076",100
"40102",375.004068034003,"NRI_P076",25
"40103",484.362678033998,"NRI_P076",50
"40104",1796.41051803401,"NRI_P076",100
"40105",409.573868034,"NRI_P076",25
"40106",1908.53885803401,"NRI_P076",50
"40107",7699.59711803403,"NRI_P076",100
"40108",1922.57825803402,"NRI_P076",25
"40109",960.178518033994,"NRI_P076",50
"40110",1323.61406803399,"NRI_P076",100
"40111",2773.53445803403,"NRI_P076",25
"40112",555.765558034007,"NRI_P076",50
"40113",2939.73097803403,"NRI_P076",100
"40114",-154.295891965972,"NRI_P076",25
"40115",722.396058034035,"NRI_P076",50
"40116",247.209758034034,"NRI_P076",100
"40117",857.864468034008,"NRI_P076",25
"40118",895.730618034024,"NRI_P076",50
"40119",5598.68155803403,"NRI_P076",100
"40120",1889.345058034,"NRI_P076",25
"40121",300.82796803402,"NRI_P076",50
"40122",1488.31407803402,"NRI_P076",100
"40123",671.331998034031,"NRI_P076",25
"40124",4366.05366803403,"NRI_P076",50
"40125",13980.643618034,"NRI_P076",100
"40126",361.908198033983,"NRI_P076",25
"40127",754.610138033982,"NRI_P076",50
"40128",2923.79961803398,"NRI_P076",100
"40129",771.345868033997,"NRI_P076",25
"40130",847.833808034018,"NRI_P076",50
"40131",7982.623158034,"NRI_P076",100
"40132",316.370668034011,"NRI_P076",25
"40133",1119.64634803403,"NRI_P076",50
"40134",4183.99395803403,"NRI_P076",100
"40135",143.615288034023,"NRI_P076",25
"40136",149.292038034007,"NRI_P076",50
"40137",2711.62135803403,"NRI_P076",100
"40138",156.744128033984,"NRI_P076",25
"40139",-109.091001965979,"NRI_P076",50
"40140",1322.10519803403,"NRI_P076",100
"40141",1388.19866803399,"NRI_P076",25
"40142",1897.55401803402,"NRI_P076",50
"40143",1257.11721803399,"NRI_P076",100
"40144",170.93515803403,"NRI_P076",25
"40145",117.493508033978,"NRI_P076",50
"40146",4977.16315803403,"NRI_P076",100
"40147",4564.59656803403,"NRI_P076",25
"40148",-130.465761966014,"NRI_P076",50
"40149",3378.09945803403,"NRI_P076",100
"40150",-13.2144319660147,"NRI_P076",25
"40151",87.224048033997,"NRI_P076",50
"40152",4745.94585803401,"NRI_P076",100
"40153",17.9257280339953,"NRI_P076",25
"40154",54.1013480339898,"NRI_P076",50
"40155",7631.11545803398,"NRI_P076",100
"40156",98.6557680339902,"NRI_P076",25
"40157",1783.97609803401,"NRI_P076",50
"40158",2467.820688034,"NRI_P076",100
"40159",219.054168033996,"NRI_P076",25
"40160",1003.48510803399,"NRI_P076",50
"40161",4773.94955803402,"NRI_P076",100
"40162",1722.47906803398,"NRI_P076",25
"40163",446.755258033983,"NRI_P076",50
"40164",1858.906098034,"NRI_P076",100
"40165",925.244958034018,"NRI_P076",25
"40166",11.522738034022,"NRI_P076",50
"40167",586.500578034029,"NRI_P076",100
"40168",3031.49346803402,"NRI_P076",25
"40169",13559.485158034,"NRI_P076",50
"40170",2191.32861803402,"NRI_P076",100
"40171",1345.79385803401,"NRI_P076",25
"40172",723.81016803399,"NRI_P076",50
"40173",12569.833158034,"NRI_P076",100
"40174",1686.50790803402,"NRI_P076",25
"40175",663.855868034007,"NRI_P076",50
"40176",2108.430858034,"NRI_P076",100
"40177",1262.44465803402,"NRI_P076",25
"40178",896.197958033998,"NRI_P076",50
"40179",3197.78908803401,"NRI_P076",100
"40180",318.051838034007,"NRI_P076",25
"40181",13580.924558034,"NRI_P076",50
"40182",5917.90513803402,"NRI_P076",100
"40183",345.351458034012,"NRI_P076",25
"40184",167.05287803401,"NRI_P076",50
"40185",11699.541298034,"NRI_P076",100
"40186",2772.209868034,"NRI_P076",25
"40187",2004.06965803402,"NRI_P076",50
"40188",1401.649058034,"NRI_P076",100
"40189",731.672368034022,"NRI_P076",25
"40190",211.110358034028,"NRI_P076",50
"40191",21840.111408034,"NRI_P076",100
"40192",-259.585581965977,"NRI_P076",25
"40193",163.148458034033,"NRI_P076",50
"40194",6412.91575803398,"NRI_P076",100
"40195",430.27665803401,"NRI_P076",25
"40196",2422.59445803403,"NRI_P076",50
"40197",9387.07304803398,"NRI_P076",100
"40198",1285.11106803402,"NRI_P076",25
"40199",622.156868033984,"NRI_P076",50
"40200",1649.459058034,"NRI_P076",100
"40201",-32.1075326309947,"NRI_P077",25
"40202",542.506457369018,"NRI_P077",50
"40203",-624.623772630992,"NRI_P077",100
"40204",32564.469327369,"NRI_P077",25
"40205",-198.895972630999,"NRI_P077",50
"40206",-1396.60881263099,"NRI_P077",100
"40207",2046.64715736901,"NRI_P077",25
"40208",2350.494357369,"NRI_P077",50
"40209",-774.610652631003,"NRI_P077",100
"40210",167.283227369015,"NRI_P077",25
"40211",-156.295742630988,"NRI_P077",50
"40212",-976.831832630996,"NRI_P077",100
"40213",188.996127368999,"NRI_P077",25
"40214",899.210127369006,"NRI_P077",50
"40215",-534.161252630991,"NRI_P077",100
"40216",19.5568573689961,"NRI_P077",25
"40217",-346.958442631003,"NRI_P077",50
"40218",144.567507369007,"NRI_P077",100
"40219",-467.309872630984,"NRI_P077",25
"40220",1312.890727369,"NRI_P077",50
"40221",1005.628427369,"NRI_P077",100
"40222",892.252457369003,"NRI_P077",25
"40223",2519.03955736902,"NRI_P077",50
"40224",-386.346742630994,"NRI_P077",100
"40225",2333.62715736902,"NRI_P077",25
"40226",1866.319157369,"NRI_P077",50
"40227",6718.63625736901,"NRI_P077",100
"40228",0.437777368992101,"NRI_P077",25
"40229",-1245.89230263099,"NRI_P077",50
"40230",-1069.686682631,"NRI_P077",100
"40231",217.949857369007,"NRI_P077",25
"40232",243.878557368997,"NRI_P077",50
"40233",-864.388642631005,"NRI_P077",100
"40234",-472.730572631001,"NRI_P077",25
"40235",9.17037736900966,"NRI_P077",50
"40236",-1215.210242631,"NRI_P077",100
"40237",-182.575212630996,"NRI_P077",25
"40238",-585.331842630985,"NRI_P077",50
"40239",1099.983377369,"NRI_P077",100
"40240",-497.572912631003,"NRI_P077",25
"40241",682.280627369008,"NRI_P077",50
"40242",7147.920857369,"NRI_P077",100
"40243",-29.4841926310037,"NRI_P077",25
"40244",111.561427369015,"NRI_P077",50
"40245",2111.959457369,"NRI_P077",100
"40246",-662.860172630986,"NRI_P077",25
"40247",-520.989462630998,"NRI_P077",50
"40248",1171.97849736901,"NRI_P077",100
"40249",-146.480422630993,"NRI_P077",25
"40250",-193.946342630981,"NRI_P077",50
"40251",-74.9506926309841,"NRI_P077",100
"40252",-444.045972630993,"NRI_P077",25
"40253",-493.33697263099,"NRI_P077",50
"40254",5865.17225736901,"NRI_P077",100
"40255",1270.31015736901,"NRI_P077",25
"40256",-878.414212631003,"NRI_P077",50
"40257",1103.470557369,"NRI_P077",100
"40258",223.904427369009,"NRI_P077",25
"40259",-14.8929326309881,"NRI_P077",50
"40260",-981.906142630993,"NRI_P077",100
"40261",-523.069252630987,"NRI_P077",25
"40262",-949.518572631001,"NRI_P077",50
"40263",324.896667369001,"NRI_P077",100
"40264",7.71082736901008,"NRI_P077",25
"40265",5745.58535736901,"NRI_P077",50
"40266",464.308327369014,"NRI_P077",100
"40267",150.695327369001,"NRI_P077",25
"40268",-706.600842630985,"NRI_P077",50
"40269",5259.07305736901,"NRI_P077",100
"40270",-667.148672630981,"NRI_P077",25
"40271",-696.484922631003,"NRI_P077",50
"40272",5534.26631736901,"NRI_P077",100
"40273",-630.683372631,"NRI_P077",25
"40274",5220.92212736901,"NRI_P077",50
"40275",-1044.35222263099,"NRI_P077",100
"40276",-10.8114526309946,"NRI_P077",25
"40277",-845.433512630989,"NRI_P077",50
"40278",207.300807369,"NRI_P077",100
"40279",2448.19932736902,"NRI_P077",25
"40280",-654.080362631008,"NRI_P077",50
"40281",2171.38563736901,"NRI_P077",100
"40282",-35.0443326309905,"NRI_P077",25
"40283",-52.7297226309893,"NRI_P077",50
"40284",-1266.16350263098,"NRI_P077",100
"40285",175.051557369006,"NRI_P077",25
"40286",-454.687792630983,"NRI_P077",50
"40287",809.431327369006,"NRI_P077",100
"40288",5720.679327369,"NRI_P077",25
"40289",844.01425736901,"NRI_P077",50
"40290",-732.618652631005,"NRI_P077",100
"40291",1135.33032736901,"NRI_P077",25
"40292",-586.905782630987,"NRI_P077",50
"40293",-382.974332630984,"NRI_P077",100
"40294",830.366327369004,"NRI_P077",25
"40295",-8.90718263099552,"NRI_P077",50
"40296",-1313.51861263099,"NRI_P077",100
"40297",-734.622452630982,"NRI_P077",25
"40298",32568.107687369,"NRI_P077",50
"40299",-861.461752631003,"NRI_P077",100
"40300",1887.35632736899,"NRI_P077",25
"40301",1132.14702736901,"NRI_P077",50
"40302",-157.894292630983,"NRI_P077",100
"40303",-101.610972630995,"NRI_P077",25
"40304",-662.083472630999,"NRI_P077",50
"40305",-1286.89437263098,"NRI_P077",100
"40306",206.748357369012,"NRI_P077",25
"40307",-1058.79277263099,"NRI_P077",50
"40308",-1474.24060263101,"NRI_P077",100
"40309",555.377327369002,"NRI_P077",25
"40310",-1113.82467263099,"NRI_P077",50
"40311",25.2967573690112,"NRI_P077",100
"40312",-712.818112631008,"NRI_P077",25
"40313",-26.2070426309947,"NRI_P077",50
"40314",-1173.43773263099,"NRI_P077",100
"40315",-444.045972630993,"NRI_P077",25
"40316",-329.934282631002,"NRI_P077",50
"40317",-938.581842630985,"NRI_P077",100
"40318",-748.327602631005,"NRI_P077",25
"40319",843.787377369008,"NRI_P077",50
"40320",1962.284357369,"NRI_P077",100
"40321",-762.528212631005,"NRI_P077",25
"40322",-372.445642631006,"NRI_P077",50
"40323",5906.62179736901,"NRI_P077",100
"40324",-4.48773263100884,"NRI_P077",25
"40325",676.221657368995,"NRI_P077",50
"40326",-431.951742631005,"NRI_P077",100
"40327",-159.402972630982,"NRI_P077",25
"40328",32.002257368993,"NRI_P077",50
"40329",-960.283592630993,"NRI_P077",100
"40330",-741.728072630998,"NRI_P077",25
"40331",-77.3836926310032,"NRI_P077",50
"40332",-378.254992631002,"NRI_P077",100
"40333",-747.040362631,"NRI_P077",25
"40334",104.229757369001,"NRI_P077",50
"40335",-656.635432630981,"NRI_P077",100
"40336",-510.275472631009,"NRI_P077",25
"40337",-510.064282631007,"NRI_P077",50
"40338",4650.93926736902,"NRI_P077",100
"40339",1214.10215736899,"NRI_P077",25
"40340",-795.491462631006,"NRI_P077",50
"40341",-837.593432630994,"NRI_P077",100
"40342",-57.8233726309845,"NRI_P077",25
"40343",-813.238562630984,"NRI_P077",50
"40344",-1158.10676263098,"NRI_P077",100
"40345",-510.385472630995,"NRI_P077",25
"40346",-780.740352630994,"NRI_P077",50
"40347",-239.72104263099,"NRI_P077",100
"40348",-12.307402631006,"NRI_P077",25
"40349",5194.973657369,"NRI_P077",50
"40350",-1282.21464263101,"NRI_P077",100
"40351",5762.40832736902,"NRI_P077",25
"40352",-886.889192631003,"NRI_P077",50
"40353",-585.214192630985,"NRI_P077",100
"40354",-586.391072630999,"NRI_P077",25
"40355",-715.779912630998,"NRI_P077",50
"40356",1577.74705736901,"NRI_P077",100
"40357",852.477257368999,"NRI_P077",25
"40358",3089.654457369,"NRI_P077",50
"40359",727.396277369,"NRI_P077",100
"40360",-753.315042631002,"NRI_P077",25
"40361",-1124.241622631,"NRI_P077",50
"40362",-486.640352630988,"NRI_P077",100
"40363",-427.042872630991,"NRI_P077",25
"40364",394.444427369017,"NRI_P077",50
"40365",-877.645842630998,"NRI_P077",100
"40366",-709.411222630995,"NRI_P077",25
"40367",-797.273582630994,"NRI_P077",50
"40368",-327.860242630995,"NRI_P077",100
"40369",238.711257368996,"NRI_P077",25
"40370",-786.177642630995,"NRI_P077",50
"40371",-908.751782631007,"NRI_P077",100
"40372",1563.16692736899,"NRI_P077",25
"40373",58.619607369008,"NRI_P077",50
"40374",-520.682332630997,"NRI_P077",100
"40375",-340.78957263098,"NRI_P077",25
"40376",4442.04012736899,"NRI_P077",50
"40377",-1073.802842631,"NRI_P077",100
"40378",-22.637732631003,"NRI_P077",25
"40379",518.969357369002,"NRI_P077",50
"40380",2311.10864736899,"NRI_P077",100
"40381",-136.201402631006,"NRI_P077",25
"40382",-582.270272630994,"NRI_P077",50
"40383",1944.153057369,"NRI_P077",100
"40384",82.9700273690105,"NRI_P077",25
"40385",-817.281972630997,"NRI_P077",50
"40386",2778.94285736899,"NRI_P077",100
"40387",58.6484573690104,"NRI_P077",25
"40388",-418.509302630991,"NRI_P077",50
"40389",1480.08835736901,"NRI_P077",100
"40390",-526.594582630991,"NRI_P077",25
"40391",-352.578772631008,"NRI_P077",50
"40392",-1131.599992631,"NRI_P077",100
"40393",69.567527369014,"NRI_P077",25
"40394",-1060.23147263099,"NRI_P077",50
"40395",5043.71095736901,"NRI_P077",100
"40396",309.760657369014,"NRI_P077",25
"40397",3197.628057369,"NRI_P077",50
"40398",5346.62663736902,"NRI_P077",100
"40399",160.356657369004,"NRI_P077",25
"40400",7327.582657369,"NRI_P077",50
"40401",-1025.01447263098,"NRI_P077",100
"40402",-467.309872630984,"NRI_P077",25
"40403",1894.34640736901,"NRI_P077",50
"40404",-186.707002630981,"NRI_P077",100
"40405",-172.139272631,"NRI_P077",25
"40406",-988.619672631001,"NRI_P077",50
"40407",1590.99829736899,"NRI_P077",100
"40408",-738.973022630991,"NRI_P077",25
"40409",-49.0786726310034,"NRI_P077",50
"40410",-1294.382682631,"NRI_P077",100
"40411",-163.127772631007,"NRI_P077",25
"40412",163.780527369003,"NRI_P077",50
"40413",887.913057369005,"NRI_P077",100
"40414",515.783627369005,"NRI_P077",25
"40415",-318.918672631,"NRI_P077",50
"40416",1249.64248736901,"NRI_P077",100
"40417",-183.656732631003,"NRI_P077",25
"40418",1041.87965736902,"NRI_P077",50
"40419",-652.975442630996,"NRI_P077",100
"40420",537.265327369008,"NRI_P077",25
"40421",2950.08295736901,"NRI_P077",50
"40422",-650.556642630982,"NRI_P077",100
"40423",-42.4564726309909,"NRI_P077",25
"40424",-80.790582630987,"NRI_P077",50
"40425",32829.987217369,"NRI_P077",100
"40426",259.794327369018,"NRI_P077",25
"40427",563.25935736901,"NRI_P077",50
"40428",-484.959342630988,"NRI_P077",100
"40429",-183.656732631003,"NRI_P077",25
"40430",107.720527369005,"NRI_P077",50
"40431",-152.655442630989,"NRI_P077",100
"40432",-17.8829726309923,"NRI_P077",25
"40433",-629.127102630999,"NRI_P077",50
"40434",3989.74215736901,"NRI_P077",100
"40435",-323.123572630982,"NRI_P077",25
"40436",212.170657369017,"NRI_P077",50
"40437",-1046.512242631,"NRI_P077",100
"40438",-89.3123726309859,"NRI_P077",25
"40439",-387.800042630988,"NRI_P077",50
"40440",-979.084322630981,"NRI_P077",100
"40441",1163.25792736901,"NRI_P077",25
"40442",4122.10912736901,"NRI_P077",50
"40443",738.181097369001,"NRI_P077",100
"40444",-26.795242630993,"NRI_P077",25
"40445",-145.772462630994,"NRI_P077",50
"40446",735.954147369019,"NRI_P077",100
"40447",-637.89987263098,"NRI_P077",25
"40448",-524.288952631003,"NRI_P077",50
"40449",-268.191492630984,"NRI_P077",100
"40450",527.200627368991,"NRI_P077",25
"40451",173.192477369012,"NRI_P077",50
"40452",2848.86431736901,"NRI_P077",100
"40453",1163.25792736901,"NRI_P077",25
"40454",167.722877369,"NRI_P077",50
"40455",480.091817369015,"NRI_P077",100
"40456",-289.275972631003,"NRI_P077",25
"40457",-669.439812630997,"NRI_P077",50
"40458",-1018.737582631,"NRI_P077",100
"40459",-64.7300726310059,"NRI_P077",25
"40460",-605.907642631006,"NRI_P077",50
"40461",-1187.56354263099,"NRI_P077",100
"40462",114.907557369006,"NRI_P077",25
"40463",-609.212772630999,"NRI_P077",50
"40464",2980.91906736902,"NRI_P077",100
"40465",-55.0424426310055,"NRI_P077",25
"40466",364.627957368997,"NRI_P077",50
"40467",1355.61584736902,"NRI_P077",100
"40468",-698.762472631002,"NRI_P077",25
"40469",21.9101573690132,"NRI_P077",50
"40470",772.675827369007,"NRI_P077",100
"40471",-712.818112631008,"NRI_P077",25
"40472",159.415557369008,"NRI_P077",50
"40473",5082.79554736899,"NRI_P077",100
"40474",5767.06015736901,"NRI_P077",25
"40475",6002.20232736901,"NRI_P077",50
"40476",32310.280857369,"NRI_P077",100
"40477",32564.469327369,"NRI_P077",25
"40478",-1014.437722631,"NRI_P077",50
"40479",-500.714742630982,"NRI_P077",100
"40480",96.67295736901,"NRI_P077",25
"40481",1590.56371736902,"NRI_P077",50
"40482",267.572237368993,"NRI_P077",100
"40483",-175.801862630993,"NRI_P077",25
"40484",6833.56061736902,"NRI_P077",50
"40485",-288.026642630983,"NRI_P077",100
"40486",-149.072512630984,"NRI_P077",25
"40487",577.927557368996,"NRI_P077",50
"40488",-89.8983526309894,"NRI_P077",100
"40489",-358.907472630992,"NRI_P077",25
"40490",-913.317052630999,"NRI_P077",50
"40491",-34.1421926309995,"NRI_P077",100
"40492",-756.222342630994,"NRI_P077",25
"40493",-240.950242630992,"NRI_P077",50
"40494",-868.070942630991,"NRI_P077",100
"40495",-469.129572631005,"NRI_P077",25
"40496",-235.696442630986,"NRI_P077",50
"40497",1410.11710736901,"NRI_P077",100
"40498",136.371727368998,"NRI_P077",25
"40499",-1043.07853263099,"NRI_P077",50
"40500",-1002.71550263101,"NRI_P077",100
"40501",-11864.957943582,"NRI_P078",25
"40502",-3413.20340358198,"NRI_P078",50
"40503",-3532.725283582,"NRI_P078",100
"40504",249.938376418024,"NRI_P078",25
"40505",-11045.0382435819,"NRI_P078",50
"40506",-3883.67244358198,"NRI_P078",100
"40507",-11916.707203582,"NRI_P078",25
"40508",12650.799086418,"NRI_P078",50
"40509",-13100.446773582,"NRI_P078",100
"40510",5936.39200641803,"NRI_P078",25
"40511",-15882.578833582,"NRI_P078",50
"40512",-14862.831853582,"NRI_P078",100
"40513",-7488.59580358199,"NRI_P078",25
"40514",-8927.04285358195,"NRI_P078",50
"40515",-5226.25734358199,"NRI_P078",100
"40516",2838.312066418,"NRI_P078",25
"40517",25197.555036418,"NRI_P078",50
"40518",-11878.303873582,"NRI_P078",100
"40519",-1050.63316358195,"NRI_P078",25
"40520",-3479.692803582,"NRI_P078",50
"40521",-1998.56632358197,"NRI_P078",100
"40522",4152.38495641801,"NRI_P078",25
"40523",-12063.846743582,"NRI_P078",50
"40524",-14091.724843582,"NRI_P078",100
"40525",-12101.985143582,"NRI_P078",25
"40526",-819.823753581964,"NRI_P078",50
"40527",2385.03115641803,"NRI_P078",100
"40528",144.558726418007,"NRI_P078",25
"40529",1734.08898641804,"NRI_P078",50
"40530",19824.753056418,"NRI_P078",100
"40531",374.713916418026,"NRI_P078",25
"40532",2619.84267641802,"NRI_P078",50
"40533",-19048.886193582,"NRI_P078",100
"40534",-288.857103581948,"NRI_P078",25
"40535",-2226.70181358198,"NRI_P078",50
"40536",-4709.88781358197,"NRI_P078",100
"40537",-4844.00565358199,"NRI_P078",25
"40538",-14235.767383582,"NRI_P078",50
"40539",-12780.931603582,"NRI_P078",100
"40540",5359.30235641805,"NRI_P078",25
"40541",-8250.52567358199,"NRI_P078",50
"40542",-8436.86402358196,"NRI_P078",100
"40543",-13610.339103582,"NRI_P078",25
"40544",-2421.87010358198,"NRI_P078",50
"40545",11638.5217264181,"NRI_P078",100
"40546",-13094.631303582,"NRI_P078",25
"40547",3561.58170641802,"NRI_P078",50
"40548",4936.112656418,"NRI_P078",100
"40549",-2581.77011358197,"NRI_P078",25
"40550",839.535346418037,"NRI_P078",50
"40551",-11415.008563582,"NRI_P078",100
"40552",2885.10265641805,"NRI_P078",25
"40553",-10345.345553582,"NRI_P078",50
"40554",-8653.10405358195,"NRI_P078",100
"40555",-1110.44779358199,"NRI_P078",25
"40556",1430.54326641804,"NRI_P078",50
"40557",-12827.675633582,"NRI_P078",100
"40558",-1571.652303582,"NRI_P078",25
"40559",18324.054906418,"NRI_P078",50
"40560",-1904.53347358195,"NRI_P078",100
"40561",4755.38960641803,"NRI_P078",25
"40562",-5289.58728358196,"NRI_P078",50
"40563",-13276.131973582,"NRI_P078",100
"40564",-4455.03276358196,"NRI_P078",25
"40565",-14269.461803582,"NRI_P078",50
"40566",-7731.464123582,"NRI_P078",100
"40567",3574.68704641802,"NRI_P078",25
"40568",15192.978496418,"NRI_P078",50
"40569",-11441.952393582,"NRI_P078",100
"40570",-14860.4741535819,"NRI_P078",25
"40571",-15411.249083582,"NRI_P078",50
"40572",-15001.779753582,"NRI_P078",100
"40573",-2410.06807358196,"NRI_P078",25
"40574",-9086.656003582,"NRI_P078",50
"40575",-13111.7599135819,"NRI_P078",100
"40576",98.3783664180082,"NRI_P078",25
"40577",-15071.733833582,"NRI_P078",50
"40578",-6235.16595358198,"NRI_P078",100
"40579",3022.03203641804,"NRI_P078",25
"40580",-4772.21461358195,"NRI_P078",50
"40581",-16366.947243582,"NRI_P078",100
"40582",-1812.403083582,"NRI_P078",25
"40583",2439.903186418,"NRI_P078",50
"40584",-11554.107083582,"NRI_P078",100
"40585",-3301.46575358196,"NRI_P078",25
"40586",-12546.585323582,"NRI_P078",50
"40587",-14918.9773335819,"NRI_P078",100
"40588",1714.06930641801,"NRI_P078",25
"40589",-3685.44826358196,"NRI_P078",50
"40590",-4071.06670358195,"NRI_P078",100
"40591",135.12741641805,"NRI_P078",25
"40592",-16133.080053582,"NRI_P078",50
"40593",-5753.44271358196,"NRI_P078",100
"40594",2040.733016418,"NRI_P078",25
"40595",-7147.44002358196,"NRI_P078",50
"40596",-2418.69223358197,"NRI_P078",100
"40597",7473.86306641804,"NRI_P078",25
"40598",-11889.8279935819,"NRI_P078",50
"40599",-15752.095533582,"NRI_P078",100
"40600",2211.78586641804,"NRI_P078",25
"40601",321.128686418,"NRI_P078",50
"40602",-14120.657363582,"NRI_P078",100
"40603",-10552.216793582,"NRI_P078",25
"40604",-720.080583581992,"NRI_P078",50
"40605",-7513.98045358196,"NRI_P078",100
"40606",-7257.36912358197,"NRI_P078",25
"40607",4307.93355641805,"NRI_P078",50
"40608",-1620.83622358198,"NRI_P078",100
"40609",-8624.106903582,"NRI_P078",25
"40610",-16708.329003582,"NRI_P078",50
"40611",84.1037264180486,"NRI_P078",100
"40612",-2145.56351358199,"NRI_P078",25
"40613",-1495.55640358198,"NRI_P078",50
"40614",-10832.066283582,"NRI_P078",100
"40615",364.846516418038,"NRI_P078",25
"40616",4391.74989641801,"NRI_P078",50
"40617",-4563.008383582,"NRI_P078",100
"40618",591.448226418055,"NRI_P078",25
"40619",-5219.21919358196,"NRI_P078",50
"40620",-12251.333353582,"NRI_P078",100
"40621",-8012.61458358198,"NRI_P078",25
"40622",5928.366746418,"NRI_P078",50
"40623",-15206.410853582,"NRI_P078",100
"40624",3696.03758641804,"NRI_P078",25
"40625",-8005.64799358195,"NRI_P078",50
"40626",-11145.379163582,"NRI_P078",100
"40627",549.418906418025,"NRI_P078",25
"40628",-10960.471713582,"NRI_P078",50
"40629",-12194.5265935819,"NRI_P078",100
"40630",-14209.386023582,"NRI_P078",25
"40631",-10629.978103582,"NRI_P078",50
"40632",-14353.397473582,"NRI_P078",100
"40633",-3024.79735358199,"NRI_P078",25
"40634",-16303.180643582,"NRI_P078",50
"40635",-3916.29016358196,"NRI_P078",100
"40636",-12931.220863582,"NRI_P078",25
"40637",-16400.5912335819,"NRI_P078",50
"40638",26060.708306418,"NRI_P078",100
"40639",10176.513886418,"NRI_P078",25
"40640",1487.65761641803,"NRI_P078",50
"40641",2875.976816418,"NRI_P078",100
"40642",-2165.66431358195,"NRI_P078",25
"40643",-17127.988293582,"NRI_P078",50
"40644",-18183.734883582,"NRI_P078",100
"40645",10922.329906418,"NRI_P078",25
"40646",-1792.74160358199,"NRI_P078",50
"40647",-589.27088358195,"NRI_P078",100
"40648",-14740.751763582,"NRI_P078",25
"40649",-10586.191643582,"NRI_P078",50
"40650",-13266.707353582,"NRI_P078",100
"40651",6296.14531641803,"NRI_P078",25
"40652",-10311.805243582,"NRI_P078",50
"40653",-5628.58788358199,"NRI_P078",100
"40654",80.7550564180128,"NRI_P078",25
"40655",-16267.756573582,"NRI_P078",50
"40656",-11909.841843582,"NRI_P078",100
"40657",-11740.713603582,"NRI_P078",25
"40658",-322.391223581973,"NRI_P078",50
"40659",-11563.028973582,"NRI_P078",100
"40660",1097.90965641802,"NRI_P078",25
"40661",-13284.861983582,"NRI_P078",50
"40662",-1744.63875358197,"NRI_P078",100
"40663",-3438.00515358197,"NRI_P078",25
"40664",-9414.73672358197,"NRI_P078",50
"40665",-13812.983733582,"NRI_P078",100
"40666",-5420.36864358198,"NRI_P078",25
"40667",-16874.884613582,"NRI_P078",50
"40668",-8858.33032358199,"NRI_P078",100
"40669",-3572.89948358195,"NRI_P078",25
"40670",-11843.826603582,"NRI_P078",50
"40671",-12992.915933582,"NRI_P078",100
"40672",2648.23148641805,"NRI_P078",25
"40673",3707.24728641805,"NRI_P078",50
"40674",-7291.94232358196,"NRI_P078",100
"40675",2487.75960641803,"NRI_P078",25
"40676",-4040.45956358197,"NRI_P078",50
"40677",-8751.23778358195,"NRI_P078",100
"40678",-921.960473581974,"NRI_P078",25
"40679",-5701.46306358196,"NRI_P078",50
"40680",-19416.423763582,"NRI_P078",100
"40681",3567.57161641802,"NRI_P078",25
"40682",-8646.27799358196,"NRI_P078",50
"40683",-7183.14387358195,"NRI_P078",100
"40684",2533.589326418,"NRI_P078",25
"40685",-11594.905053582,"NRI_P078",50
"40686",-7134.93954358198,"NRI_P078",100
"40687",2913.81317641801,"NRI_P078",25
"40688",11107.991066418,"NRI_P078",50
"40689",-19281.160273582,"NRI_P078",100
"40690",-1327.21343358199,"NRI_P078",25
"40691",-43.4752035819693,"NRI_P078",50
"40692",-8560.01112358196,"NRI_P078",100
"40693",1764.60323641804,"NRI_P078",25
"40694",-11429.452103582,"NRI_P078",50
"40695",-3452.57050358196,"NRI_P078",100
"40696",-2159.82420358196,"NRI_P078",25
"40697",8074.74014641804,"NRI_P078",50
"40698",1074.53202641802,"NRI_P078",100
"40699",-2394.22230358195,"NRI_P078",25
"40700",-12288.902043582,"NRI_P078",50
"40701",-16878.517853582,"NRI_P078",100
"40702",-1295.926023582,"NRI_P078",25
"40703",-4252.935013582,"NRI_P078",50
"40704",-9086.41347358195,"NRI_P078",100
"40705",-12505.5291235819,"NRI_P078",25
"40706",-9600.58332358196,"NRI_P078",50
"40707",-15172.334153582,"NRI_P078",100
"40708",-657.795283581945,"NRI_P078",25
"40709",1022.54527641804,"NRI_P078",50
"40710",-14167.465383582,"NRI_P078",100
"40711",-14163.5997035819,"NRI_P078",25
"40712",-4100.60228358197,"NRI_P078",50
"40713",-5285.228983582,"NRI_P078",100
"40714",-3798.70629358198,"NRI_P078",25
"40715",-11694.139853582,"NRI_P078",50
"40716",-16128.181373582,"NRI_P078",100
"40717",-294.534963581944,"NRI_P078",25
"40718",7624.83611641801,"NRI_P078",50
"40719",-16570.520023582,"NRI_P078",100
"40720",-2217.32265358197,"NRI_P078",25
"40721",-3480.59203358198,"NRI_P078",50
"40722",-14752.560123582,"NRI_P078",100
"40723",12007.764486418,"NRI_P078",25
"40724",-13109.742943582,"NRI_P078",50
"40725",-13778.133703582,"NRI_P078",100
"40726",-3116.46838358196,"NRI_P078",25
"40727",-11817.275323582,"NRI_P078",50
"40728",-4253.28493358195,"NRI_P078",100
"40729",97.5554464180022,"NRI_P078",25
"40730",-1834.83499358199,"NRI_P078",50
"40731",-15828.0100435819,"NRI_P078",100
"40732",677.323276418028,"NRI_P078",25
"40733",4663.97607641801,"NRI_P078",50
"40734",-19067.380113582,"NRI_P078",100
"40735",-2764.29050358199,"NRI_P078",25
"40736",-9128.61812358198,"NRI_P078",50
"40737",13242.960726418,"NRI_P078",100
"40738",-4132.56839358195,"NRI_P078",25
"40739",4433.279906418,"NRI_P078",50
"40740",-17669.627973582,"NRI_P078",100
"40741",6043.95675641805,"NRI_P078",25
"40742",-14840.102363582,"NRI_P078",50
"40743",-4383.65312358196,"NRI_P078",100
"40744",1873.95138641802,"NRI_P078",25
"40745",-963.478023581963,"NRI_P078",50
"40746",-14133.643713582,"NRI_P078",100
"40747",6474.10515641805,"NRI_P078",25
"40748",3750.297526418,"NRI_P078",50
"40749",-15482.057873582,"NRI_P078",100
"40750",2873.08959641802,"NRI_P078",25
"40751",7556.980646418,"NRI_P078",50
"40752",-14235.000583582,"NRI_P078",100
"40753",-353.460883581953,"NRI_P078",25
"40754",7459.316026418,"NRI_P078",50
"40755",-10235.3007035819,"NRI_P078",100
"40756",1616.627616418,"NRI_P078",25
"40757",2403.16024641803,"NRI_P078",50
"40758",-22815.384163582,"NRI_P078",100
"40759",-349.212233581988,"NRI_P078",25
"40760",-11645.177933582,"NRI_P078",50
"40761",-12566.909663582,"NRI_P078",100
"40762",421.403536418045,"NRI_P078",25
"40763",-15933.538753582,"NRI_P078",50
"40764",-16067.409693582,"NRI_P078",100
"40765",2197.29668641801,"NRI_P078",25
"40766",-9173.26288358198,"NRI_P078",50
"40767",-13527.697263582,"NRI_P078",100
"40768",706.303846418043,"NRI_P078",25
"40769",-1157.04330358194,"NRI_P078",50
"40770",-11630.6513335819,"NRI_P078",100
"40771",491.683416418033,"NRI_P078",25
"40772",1163.63615641801,"NRI_P078",50
"40773",-11177.468673582,"NRI_P078",100
"40774",562.796636418032,"NRI_P078",25
"40775",-697.660883581964,"NRI_P078",50
"40776",-8442.19121358194,"NRI_P078",100
"40777",-1128.94298358198,"NRI_P078",25
"40778",-8854.56044358196,"NRI_P078",50
"40779",-18270.534873582,"NRI_P078",100
"40780",24519.138686418,"NRI_P078",25
"40781",22161.000346418,"NRI_P078",50
"40782",-5130.73338358197,"NRI_P078",100
"40783",-3142.71764358197,"NRI_P078",25
"40784",6676.58556641801,"NRI_P078",50
"40785",9343.79231641802,"NRI_P078",100
"40786",-2451.55917358195,"NRI_P078",25
"40787",-18745.860563582,"NRI_P078",50
"40788",-7664.93171358196,"NRI_P078",100
"40789",-7033.472883582,"NRI_P078",25
"40790",-2270.64408358198,"NRI_P078",50
"40791",18068.4552664181,"NRI_P078",100
"40792",-2464.085323582,"NRI_P078",25
"40793",6535.107076418,"NRI_P078",50
"40794",-6718.67365358199,"NRI_P078",100
"40795",-3464.25126358197,"NRI_P078",25
"40796",-7609.72117358196,"NRI_P078",50
"40797",-17794.574513582,"NRI_P078",100
"40798",6933.49850641802,"NRI_P078",25
"40799",3924.74632641801,"NRI_P078",50
"40800",-14553.012163582,"NRI_P078",100
"40801",-36.2778161290335,"NRI_P080",25
"40802",-1615.04381612904,"NRI_P080",50
"40803",-1339.75354612904,"NRI_P080",100
"40804",130.818653870956,"NRI_P080",25
"40805",-1792.26609612902,"NRI_P080",50
"40806",1055.85215387098,"NRI_P080",100
"40807",-206.44613612903,"NRI_P080",25
"40808",-910.746946129017,"NRI_P080",50
"40809",-11.2527761289966,"NRI_P080",100
"40810",63.3117838709732,"NRI_P080",25
"40811",-2070.41832612903,"NRI_P080",50
"40812",-1016.64751612901,"NRI_P080",100
"40813",968.019083870982,"NRI_P080",25
"40814",-119.420776129002,"NRI_P080",50
"40815",-557.417046129005,"NRI_P080",100
"40816",-289.744676129019,"NRI_P080",25
"40817",-348.349116129044,"NRI_P080",50
"40818",-1065.790356129,"NRI_P080",100
"40819",1152.72478387097,"NRI_P080",25
"40820",66830.715053871,"NRI_P080",50
"40821",2087.99613387097,"NRI_P080",100
"40822",-144.968316129001,"NRI_P080",25
"40823",76.0740538709797,"NRI_P080",50
"40824",4960.18959387095,"NRI_P080",100
"40825",179.064553870994,"NRI_P080",25
"40826",-1930.676616129,"NRI_P080",50
"40827",5898.39825387095,"NRI_P080",100
"40828",1863.38305387099,"NRI_P080",25
"40829",-540.908576129004,"NRI_P080",50
"40830",-1411.71916612901,"NRI_P080",100
"40831",63.3117838709732,"NRI_P080",25
"40832",-1189.90085612901,"NRI_P080",50
"40833",4065.16375387099,"NRI_P080",100
"40834",-240.44951612904,"NRI_P080",25
"40835",1072.54718387098,"NRI_P080",50
"40836",333.748993870977,"NRI_P080",100
"40837",-159.390316129022,"NRI_P080",25
"40838",3540.667553871,"NRI_P080",50
"40839",17364.226333871,"NRI_P080",100
"40840",795.405453871004,"NRI_P080",25
"40841",42.2766938709537,"NRI_P080",50
"40842",3795.370953871,"NRI_P080",100
"40843",1777.08508387097,"NRI_P080",25
"40844",4941.83368387097,"NRI_P080",50
"40845",-102.763686129008,"NRI_P080",100
"40846",174.904483870952,"NRI_P080",25
"40847",-309.068906129047,"NRI_P080",50
"40848",13.5248538709711,"NRI_P080",100
"40849",1071.53878387099,"NRI_P080",25
"40850",-1394.43677612901,"NRI_P080",50
"40851",3719.97235387098,"NRI_P080",100
"40852",3504.19805387099,"NRI_P080",25
"40853",21391.208353871,"NRI_P080",50
"40854",1902.27715387096,"NRI_P080",100
"40855",-78.1842161290115,"NRI_P080",25
"40856",478.645053870976,"NRI_P080",50
"40857",-586.996046129032,"NRI_P080",100
"40858",195.535383871,"NRI_P080",25
"40859",23.4373838710017,"NRI_P080",50
"40860",-2183.13097612903,"NRI_P080",100
"40861",111.746553870966,"NRI_P080",25
"40862",-199.39171612903,"NRI_P080",50
"40863",676.986353871005,"NRI_P080",100
"40864",-240.316716129018,"NRI_P080",25
"40865",-1698.05165612901,"NRI_P080",50
"40866",4462.34017387097,"NRI_P080",100
"40867",-1557.592016129,"NRI_P080",25
"40868",-278.625216129003,"NRI_P080",50
"40869",7956.04435387097,"NRI_P080",100
"40870",-200.192956129031,"NRI_P080",25
"40871",-113.334136129008,"NRI_P080",50
"40872",27013.391553871,"NRI_P080",100
"40873",93.9667538710055,"NRI_P080",25
"40874",19.0652538709692,"NRI_P080",50
"40875",-937.674176129047,"NRI_P080",100
"40876",-22.7670761290356,"NRI_P080",25
"40877",7507.66945387097,"NRI_P080",50
"40878",-2142.823036129,"NRI_P080",100
"40879",-7.53711612900952,"NRI_P080",25
"40880",-1726.41399612901,"NRI_P080",50
"40881",-231.918346129009,"NRI_P080",100
"40882",-1490.01561612904,"NRI_P080",25
"40883",564.736073870969,"NRI_P080",50
"40884",-1723.642736129,"NRI_P080",100
"40885",-1616.33741612901,"NRI_P080",25
"40886",-91.3179661290487,"NRI_P080",50
"40887",-2165.67063612904,"NRI_P080",100
"40888",6618.65408387099,"NRI_P080",25
"40889",-2141.89647612901,"NRI_P080",50
"40890",5514.60419387097,"NRI_P080",100
"40891",-202.878116129024,"NRI_P080",25
"40892",8646.29108387098,"NRI_P080",50
"40893",3026.046353871,"NRI_P080",100
"40894",3114.83878387098,"NRI_P080",25
"40895",478.774753870966,"NRI_P080",50
"40896",-596.916646129044,"NRI_P080",100
"40897",1602.69405387098,"NRI_P080",25
"40898",2689.73438387096,"NRI_P080",50
"40899",2898.52535387099,"NRI_P080",100
"40900",-183.613336128998,"NRI_P080",25
"40901",2505.09038387099,"NRI_P080",50
"40902",-146.015606129018,"NRI_P080",100
"40903",85.7642538709915,"NRI_P080",25
"40904",1190.95095387095,"NRI_P080",50
"40905",-294.522346129001,"NRI_P080",100
"40906",411.670883870975,"NRI_P080",25
"40907",2525.42828387098,"NRI_P080",50
"40908",-1796.93324612902,"NRI_P080",100
"40909",1006.03805387096,"NRI_P080",25
"40910",77.2200538709876,"NRI_P080",50
"40911",2758.123553871,"NRI_P080",100
"40912",261.982883870951,"NRI_P080",25
"40913",2389.04405387095,"NRI_P080",50
"40914",3707.91685387096,"NRI_P080",100
"40915",-28.735386129003,"NRI_P080",25
"40916",-538.832416129007,"NRI_P080",50
"40917",1047.68495387095,"NRI_P080",100
"40918",-1761.80101612903,"NRI_P080",25
"40919",42.6290538709727,"NRI_P080",50
"40920",-1638.942516129,"NRI_P080",100
"40921",-1827.681616129,"NRI_P080",25
"40922",7234.06645387097,"NRI_P080",50
"40923",3415.795053871,"NRI_P080",100
"40924",-1240.675416129,"NRI_P080",25
"40925",35.5332838709583,"NRI_P080",50
"40926",1545.01236387098,"NRI_P080",100
"40927",-1748.71181612904,"NRI_P080",25
"40928",985.046753870964,"NRI_P080",50
"40929",-1442.90079612902,"NRI_P080",100
"40930",2548.36408387095,"NRI_P080",25
"40931",-139.479946129024,"NRI_P080",50
"40932",770.133053870988,"NRI_P080",100
"40933",863.129953870957,"NRI_P080",25
"40934",-191.078016129031,"NRI_P080",50
"40935",-1110.75165612902,"NRI_P080",100
"40936",-710.016216129006,"NRI_P080",25
"40937",-1078.31848612905,"NRI_P080",50
"40938",-2295.26247612905,"NRI_P080",100
"40939",3531.40005387098,"NRI_P080",25
"40940",8290.99185387098,"NRI_P080",50
"40941",2587.62159387098,"NRI_P080",100
"40942",-1334.84761612903,"NRI_P080",25
"40943",-197.087946129031,"NRI_P080",50
"40944",129.082923870999,"NRI_P080",100
"40945",1651.21978387097,"NRI_P080",25
"40946",605.677053870982,"NRI_P080",50
"40947",-2178.475226129,"NRI_P080",100
"40948",-163.441816129023,"NRI_P080",25
"40949",-279.832886129036,"NRI_P080",50
"40950",-1115.599676129,"NRI_P080",100
"40951",-124.057316129038,"NRI_P080",25
"40952",6506.52278387098,"NRI_P080",50
"40953",-740.429946129036,"NRI_P080",100
"40954",-1150.38531612902,"NRI_P080",25
"40955",2115.97099387099,"NRI_P080",50
"40956",3484.35960387095,"NRI_P080",100
"40957",2302.84278387099,"NRI_P080",25
"40958",-7.57954612903995,"NRI_P080",50
"40959",2305.49373387097,"NRI_P080",100
"40960",-167.825016129005,"NRI_P080",25
"40961",4042.288853871,"NRI_P080",50
"40962",17257.190453871,"NRI_P080",100
"40963",-446.955216129019,"NRI_P080",25
"40964",-1698.70564612903,"NRI_P080",50
"40965",-1975.28496612899,"NRI_P080",100
"40966",-1103.98461612902,"NRI_P080",25
"40967",2656.12925387098,"NRI_P080",50
"40968",-1322.44088612904,"NRI_P080",100
"40969",4284.09678387101,"NRI_P080",25
"40970",-728.05511612905,"NRI_P080",50
"40971",339.96666387096,"NRI_P080",100
"40972",-1655.29111612902,"NRI_P080",25
"40973",-1393.76091612905,"NRI_P080",50
"40974",-1819.84485612903,"NRI_P080",100
"40975",-1718.69941612903,"NRI_P080",25
"40976",1097.78665387095,"NRI_P080",50
"40977",-1732.576346129,"NRI_P080",100
"40978",3437.02778387099,"NRI_P080",25
"40979",-257.866316129046,"NRI_P080",50
"40980",4638.691473871,"NRI_P080",100
"40981",17185.589783871,"NRI_P080",25
"40982",31.6495538709569,"NRI_P080",50
"40983",-1454.99640612904,"NRI_P080",100
"40984",3153.87808387098,"NRI_P080",25
"40985",-1827.30603612901,"NRI_P080",50
"40986",2664.50665387098,"NRI_P080",100
"40987",69.916983870964,"NRI_P080",25
"40988",1450.24375387095,"NRI_P080",50
"40989",-1212.33780612901,"NRI_P080",100
"40990",-324.652006129036,"NRI_P080",25
"40991",5669.95605387096,"NRI_P080",50
"40992",-1972.21202612901,"NRI_P080",100
"40993",-176.272216129,"NRI_P080",25
"40994",214.817283871002,"NRI_P080",50
"40995",-1975.23581612902,"NRI_P080",100
"40996",3040.917783871,"NRI_P080",25
"40997",3240.16305387096,"NRI_P080",50
"40998",-1994.74838612904,"NRI_P080",100
"40999",-28.735386129003,"NRI_P080",25
"41000",-227.037516129029,"NRI_P080",50
"41001",-851.27207612904,"NRI_P080",100
"41002",-68.7247161290143,"NRI_P080",25
"41003",1528.265783871,"NRI_P080",50
"41004",77.6833438709727,"NRI_P080",100
"41005",2785.54005387099,"NRI_P080",25
"41006",940.537253870978,"NRI_P080",50
"41007",4661.53785387095,"NRI_P080",100
"41008",-1769.61981612904,"NRI_P080",25
"41009",-158.112216129026,"NRI_P080",50
"41010",-592.175866129051,"NRI_P080",100
"41011",-170.802316129033,"NRI_P080",25
"41012",-179.148966128996,"NRI_P080",50
"41013",-1381.62053612905,"NRI_P080",100
"41014",-143.626516129007,"NRI_P080",25
"41015",3285.14885387098,"NRI_P080",50
"41016",-1462.37095612905,"NRI_P080",100
"41017",-21.9303661290323,"NRI_P080",25
"41018",-82.9678161290358,"NRI_P080",50
"41019",-789.028446128999,"NRI_P080",100
"41020",-259.942716129008,"NRI_P080",25
"41021",2449.04367387097,"NRI_P080",50
"41022",-151.28644612903,"NRI_P080",100
"41023",7.80089387099724,"NRI_P080",25
"41024",-2020.38231612905,"NRI_P080",50
"41025",3015.24362387095,"NRI_P080",100
"41026",-221.503616129048,"NRI_P080",25
"41027",-1778.17313612904,"NRI_P080",50
"41028",751.306493870972,"NRI_P080",100
"41029",4518.444783871,"NRI_P080",25
"41030",5454.75605387095,"NRI_P080",50
"41031",1689.23185387097,"NRI_P080",100
"41032",190.221953870961,"NRI_P080",25
"41033",-1877.77298612904,"NRI_P080",50
"41034",-1480.24049612903,"NRI_P080",100
"41035",-991.243816129048,"NRI_P080",25
"41036",-1351.97461612901,"NRI_P080",50
"41037",5793.74061387096,"NRI_P080",100
"41038",1008.37678387098,"NRI_P080",25
"41039",735.001253870956,"NRI_P080",50
"41040",2468.54225387098,"NRI_P080",100
"41041",2.00658387097064,"NRI_P080",25
"41042",-1645.81101612904,"NRI_P080",50
"41043",-996.040166129009,"NRI_P080",100
"41044",4517.417783871,"NRI_P080",25
"41045",4483.38418387098,"NRI_P080",50
"41046",-2183.22619612905,"NRI_P080",100
"41047",-1701.31401612901,"NRI_P080",25
"41048",-25.6543161290465,"NRI_P080",50
"41049",-1392.83714612905,"NRI_P080",100
"41050",-70.4569161290419,"NRI_P080",25
"41051",-238.867496129009,"NRI_P080",50
"41052",-1117.73774612905,"NRI_P080",100
"41053",-195.125286129012,"NRI_P080",25
"41054",-270.121946129017,"NRI_P080",50
"41055",-1054.09530612902,"NRI_P080",100
"41056",-159.162316129019,"NRI_P080",25
"41057",791.425053871004,"NRI_P080",50
"41058",14345.098073871,"NRI_P080",100
"41059",-1793.14372612903,"NRI_P080",25
"41060",-93.1353461290128,"NRI_P080",50
"41061",1216.32915387099,"NRI_P080",100
"41062",-318.413646129018,"NRI_P080",25
"41063",-191.890616129036,"NRI_P080",50
"41064",-1639.60848612903,"NRI_P080",100
"41065",300.066053870949,"NRI_P080",25
"41066",1104.13856387098,"NRI_P080",50
"41067",-444.898516129004,"NRI_P080",100
"41068",-19.7216861290508,"NRI_P080",25
"41069",-219.662646129029,"NRI_P080",50
"41070",-1286.36144612904,"NRI_P080",100
"41071",700.15575387096,"NRI_P080",25
"41072",-818.514246129023,"NRI_P080",50
"41073",-1811.14644612902,"NRI_P080",100
"41074",-1757.687716129,"NRI_P080",25
"41075",-218.252716129005,"NRI_P080",50
"41076",-1370.09058612905,"NRI_P080",100
"41077",1813.08705387096,"NRI_P080",25
"41078",-68.9483161290409,"NRI_P080",50
"41079",17431.476453871,"NRI_P080",100
"41080",255.261983870994,"NRI_P080",25
"41081",4800.448383871,"NRI_P080",50
"41082",10284.251353871,"NRI_P080",100
"41083",700.15575387096,"NRI_P080",25
"41084",7915.38005387096,"NRI_P080",50
"41085",-920.979166129022,"NRI_P080",100
"41086",435.534653870971,"NRI_P080",25
"41087",180.00427387096,"NRI_P080",50
"41088",6452.92208387097,"NRI_P080",100
"41089",-1812.62413612904,"NRI_P080",25
"41090",-18.4431461290224,"NRI_P080",50
"41091",-366.527716129029,"NRI_P080",100
"41092",23.0103838709765,"NRI_P080",25
"41093",-1769.05469612899,"NRI_P080",50
"41094",-446.093166129023,"NRI_P080",100
"41095",190.221953870961,"NRI_P080",25
"41096",-1327.09341612901,"NRI_P080",50
"41097",14400.113353871,"NRI_P080",100
"41098",147.425853870984,"NRI_P080",25
"41099",341.051083870989,"NRI_P080",50
"41100",2678.245663871,"NRI_P080",100
"41101",0.00366113998461515,"NRI_P081",25
"41102",3309.03486113995,"NRI_P081",50
"41103",3202.07696113997,"NRI_P081",100
"41104",0.00366113998461515,"NRI_P081",25
"41105",1065.49286114,"NRI_P081",50
"41106",2090.24786114,"NRI_P081",100
"41107",0.00366113998461515,"NRI_P081",25
"41108",-1481.20853886002,"NRI_P081",50
"41109",-788.881338860025,"NRI_P081",100
"41110",0.00366113998461515,"NRI_P081",25
"41111",1822.28766113997,"NRI_P081",50
"41112",-1537.10843886004,"NRI_P081",100
"41113",0.00366113998461515,"NRI_P081",25
"41114",177.106261139968,"NRI_P081",50
"41115",720.255961139977,"NRI_P081",100
"41116",0.00366113998461515,"NRI_P081",25
"41117",-1383.90653886,"NRI_P081",50
"41118",-942.007838860038,"NRI_P081",100
"41119",0.00366113998461515,"NRI_P081",25
"41120",1.58716113999253,"NRI_P081",50
"41121",-925.531298860034,"NRI_P081",100
"41122",0.00366113998461515,"NRI_P081",25
"41123",-52.5319188600406,"NRI_P081",50
"41124",-890.646038860024,"NRI_P081",100
"41125",0.00366113998461515,"NRI_P081",25
"41126",-1191.53703886003,"NRI_P081",50
"41127",3749.49816113996,"NRI_P081",100
"41128",0.00366113998461515,"NRI_P081",25
"41129",270.257561139995,"NRI_P081",50
"41130",319.90266113996,"NRI_P081",100
"41131",0.00366113998461515,"NRI_P081",25
"41132",-12.9882588600158,"NRI_P081",50
"41133",-1029.92239886004,"NRI_P081",100
"41134",0.00366113998461515,"NRI_P081",25
"41135",1841.21286113997,"NRI_P081",50
"41136",1691.19446113997,"NRI_P081",100
"41137",0.00366113998461515,"NRI_P081",25
"41138",-1005.92213886004,"NRI_P081",50
"41139",-1426.19770886004,"NRI_P081",100
"41140",0.00366113998461515,"NRI_P081",25
"41141",201.019461139978,"NRI_P081",50
"41142",-1126.67443886003,"NRI_P081",100
"41143",0.00366113998461515,"NRI_P081",25
"41144",197.363361139956,"NRI_P081",50
"41145",-1381.97713886003,"NRI_P081",100
"41146",0.00366113998461515,"NRI_P081",25
"41147",-381.517338860023,"NRI_P081",50
"41148",-972.49563886004,"NRI_P081",100
"41149",0.00366113998461515,"NRI_P081",25
"41150",-14.2482888600207,"NRI_P081",50
"41151",-1317.01293886005,"NRI_P081",100
"41152",0.00366113998461515,"NRI_P081",25
"41153",65.9416611399502,"NRI_P081",50
"41154",-1060.82965886005,"NRI_P081",100
"41155",0.00366113998461515,"NRI_P081",25
"41156",391.187361139979,"NRI_P081",50
"41157",-729.559328860021,"NRI_P081",100
"41158",0.00366113998461515,"NRI_P081",25
"41159",12.9298611399718,"NRI_P081",50
"41160",3080.08886113996,"NRI_P081",100
"41161",0.00366113998461515,"NRI_P081",25
"41162",131.50276114,"NRI_P081",50
"41163",1463.22136113996,"NRI_P081",100
"41164",0.00366113998461515,"NRI_P081",25
"41165",-740.630038860021,"NRI_P081",50
"41166",-1380.18007886002,"NRI_P081",100
"41167",0.00366113998461515,"NRI_P081",25
"41168",-919.014438860002,"NRI_P081",50
"41169",-1541.57169886003,"NRI_P081",100
"41170",0.00366113998461515,"NRI_P081",25
"41171",-1538.31011886004,"NRI_P081",50
"41172",1410.24806113995,"NRI_P081",100
"41173",0.00366113998461515,"NRI_P081",25
"41174",15.8328611399629,"NRI_P081",50
"41175",-1245.83433886,"NRI_P081",100
"41176",0.00366113998461515,"NRI_P081",25
"41177",168.629661139974,"NRI_P081",50
"41178",3628.44271113997,"NRI_P081",100
"41179",0.00366113998461515,"NRI_P081",25
"41180",-1323.07113886002,"NRI_P081",50
"41181",-1328.46613886004,"NRI_P081",100
"41182",0.00366113998461515,"NRI_P081",25
"41183",991.119861139974,"NRI_P081",50
"41184",16573.42486114,"NRI_P081",100
"41185",0.00366113998461515,"NRI_P081",25
"41186",850.079361139971,"NRI_P081",50
"41187",-178.363978860027,"NRI_P081",100
"41188",0.00366113998461515,"NRI_P081",25
"41189",-1113.85243886005,"NRI_P081",50
"41190",458.793861139973,"NRI_P081",100
"41191",0.00366113998461515,"NRI_P081",25
"41192",2772.71886113996,"NRI_P081",50
"41193",-1045.10043886001,"NRI_P081",100
"41194",0.00366113998461515,"NRI_P081",25
"41195",1257.12186113995,"NRI_P081",50
"41196",-864.51113886002,"NRI_P081",100
"41197",0.00366113998461515,"NRI_P081",25
"41198",-3.84003886004211,"NRI_P081",50
"41199",-1444.08253886004,"NRI_P081",100
"41200",0.00366113998461515,"NRI_P081",25
"41201",-1048.46563886001,"NRI_P081",50
"41202",-883.779338860011,"NRI_P081",100
"41203",0.00366113998461515,"NRI_P081",25
"41204",-680.156038860034,"NRI_P081",50
"41205",-1480.62761886005,"NRI_P081",100
"41206",0.00366113998461515,"NRI_P081",25
"41207",-1191.53703886003,"NRI_P081",50
"41208",5438.07107114,"NRI_P081",100
"41209",0.00366113998461515,"NRI_P081",25
"41210",-1516.99605886004,"NRI_P081",50
"41211",162.635561139963,"NRI_P081",100
"41212",0.00366113998461515,"NRI_P081",25
"41213",746.389561139978,"NRI_P081",50
"41214",-1020.88393886003,"NRI_P081",100
"41215",0.00366113998461515,"NRI_P081",25
"41216",204.060661139956,"NRI_P081",50
"41217",2876.90496113995,"NRI_P081",100
"41218",0.00366113998461515,"NRI_P081",25
"41219",-1033.55193886004,"NRI_P081",50
"41220",-1005.36223886005,"NRI_P081",100
"41221",0.00366113998461515,"NRI_P081",25
"41222",-1017.05793886003,"NRI_P081",50
"41223",3627.74186114001,"NRI_P081",100
"41224",0.00366113998461515,"NRI_P081",25
"41225",-1496.36993886001,"NRI_P081",50
"41226",-1410.55163886002,"NRI_P081",100
"41227",0.00366113998461515,"NRI_P081",25
"41228",-1360.94123886002,"NRI_P081",50
"41229",-276.975838860031,"NRI_P081",100
"41230",0.00366113998461515,"NRI_P081",25
"41231",1521.23966113996,"NRI_P081",50
"41232",16889.83586114,"NRI_P081",100
"41233",0.00366113998461515,"NRI_P081",25
"41234",-44.7757788600284,"NRI_P081",50
"41235",-1455.99409886001,"NRI_P081",100
"41236",0.00366113998461515,"NRI_P081",25
"41237",-1474.22263886,"NRI_P081",50
"41238",-1299.64773886005,"NRI_P081",100
"41239",0.00366113998461515,"NRI_P081",25
"41240",294.241161139973,"NRI_P081",50
"41241",-1087.76123886002,"NRI_P081",100
"41242",0.00366113998461515,"NRI_P081",25
"41243",-1045.32343886001,"NRI_P081",50
"41244",1791.53646113997,"NRI_P081",100
"41245",0.00366113998461515,"NRI_P081",25
"41246",0.648061139974743,"NRI_P081",50
"41247",1193.76486113999,"NRI_P081",100
"41248",0.00366113998461515,"NRI_P081",25
"41249",850.079361139971,"NRI_P081",50
"41250",-1073.90500886005,"NRI_P081",100
"41251",0.00366113998461515,"NRI_P081",25
"41252",-52.5319188600406,"NRI_P081",50
"41253",-1327.29123885999,"NRI_P081",100
"41254",0.00366113998461515,"NRI_P081",25
"41255",127.210661139979,"NRI_P081",50
"41256",-1531.65543886001,"NRI_P081",100
"41257",0.00366113998461515,"NRI_P081",25
"41258",4394.38486113999,"NRI_P081",50
"41259",4122.79986113997,"NRI_P081",100
"41260",0.00366113998461515,"NRI_P081",25
"41261",-14.2482888600207,"NRI_P081",50
"41262",2942.81256113999,"NRI_P081",100
"41263",0.00366113998461515,"NRI_P081",25
"41264",-1094.59083886002,"NRI_P081",50
"41265",-1537.88929886004,"NRI_P081",100
"41266",0.00366113998461515,"NRI_P081",25
"41267",-1507.23276886001,"NRI_P081",50
"41268",2573.59686113999,"NRI_P081",100
"41269",0.00366113998461515,"NRI_P081",25
"41270",-1496.00553886004,"NRI_P081",50
"41271",-1030.27303886,"NRI_P081",100
"41272",0.00366113998461515,"NRI_P081",25
"41273",-1141.98313886003,"NRI_P081",50
"41274",-553.146238860034,"NRI_P081",100
"41275",0.00366113998461515,"NRI_P081",25
"41276",-1505.88691886002,"NRI_P081",50
"41277",-271.610038860003,"NRI_P081",100
"41278",0.00366113998461515,"NRI_P081",25
"41279",-49.4950988600031,"NRI_P081",50
"41280",-1551.92061885999,"NRI_P081",100
"41281",0.00366113998461515,"NRI_P081",25
"41282",-572.541338859999,"NRI_P081",50
"41283",-1476.62963886,"NRI_P081",100
"41284",0.00366113998461515,"NRI_P081",25
"41285",224.22906113998,"NRI_P081",50
"41286",-135.334338860004,"NRI_P081",100
"41287",0.00366113998461515,"NRI_P081",25
"41288",204.91656113998,"NRI_P081",50
"41289",591.114141139959,"NRI_P081",100
"41290",0.00366113998461515,"NRI_P081",25
"41291",26.2617611399619,"NRI_P081",50
"41292",-1210.99993886001,"NRI_P081",100
"41293",0.00366113998461515,"NRI_P081",25
"41294",-1310.38623886002,"NRI_P081",50
"41295",-1387.99388886004,"NRI_P081",100
"41296",0.00366113998461515,"NRI_P081",25
"41297",-684.069638860004,"NRI_P081",50
"41298",1642.49826113996,"NRI_P081",100
"41299",0.00366113998461515,"NRI_P081",25
"41300",43.0435611399589,"NRI_P081",50
"41301",788.289761139953,"NRI_P081",100
"41302",0.00366113998461515,"NRI_P081",25
"41303",-52.5319188600406,"NRI_P081",50
"41304",-141.186538860027,"NRI_P081",100
"41305",0.00366113998461515,"NRI_P081",25
"41306",3486.18566113996,"NRI_P081",50
"41307",-1531.95289886004,"NRI_P081",100
"41308",0.00366113998461515,"NRI_P081",25
"41309",1340.61466113996,"NRI_P081",50
"41310",1467.46586113999,"NRI_P081",100
"41311",0.00366113998461515,"NRI_P081",25
"41312",-14.2482888600207,"NRI_P081",50
"41313",3595.83641113999,"NRI_P081",100
"41314",0.00366113998461515,"NRI_P081",25
"41315",1521.23966113996,"NRI_P081",50
"41316",949.122661139991,"NRI_P081",100
"41317",0.00366113998461515,"NRI_P081",25
"41318",197.363361139956,"NRI_P081",50
"41319",-1551.49167886004,"NRI_P081",100
"41320",0.00366113998461515,"NRI_P081",25
"41321",1159.06366113998,"NRI_P081",50
"41322",704.497461139981,"NRI_P081",100
"41323",0.00366113998461515,"NRI_P081",25
"41324",77.0014611399965,"NRI_P081",50
"41325",105.712361140002,"NRI_P081",100
"41326",0.00366113998461515,"NRI_P081",25
"41327",-1338.51163886004,"NRI_P081",50
"41328",230.917161139951,"NRI_P081",100
"41329",0.00366113998461515,"NRI_P081",25
"41330",2133.59586114,"NRI_P081",50
"41331",-1432.60623886,"NRI_P081",100
"41332",0.00366113998461515,"NRI_P081",25
"41333",456.170061139972,"NRI_P081",50
"41334",1190.78886113997,"NRI_P081",100
"41335",0.00366113998461515,"NRI_P081",25
"41336",-635.698838860029,"NRI_P081",50
"41337",-1346.49117886001,"NRI_P081",100
"41338",0.00366113998461515,"NRI_P081",25
"41339",-225.01033886004,"NRI_P081",50
"41340",5661.40696113999,"NRI_P081",100
"41341",0.00366113998461515,"NRI_P081",25
"41342",-1450.67763886001,"NRI_P081",50
"41343",1258.88886114,"NRI_P081",100
"41344",0.00366113998461515,"NRI_P081",25
"41345",-1094.59083886002,"NRI_P081",50
"41346",-1473.59241886,"NRI_P081",100
"41347",0.00366113998461515,"NRI_P081",25
"41348",-1048.46563886001,"NRI_P081",50
"41349",-512.33091886004,"NRI_P081",100
"41350",0.00366113998461515,"NRI_P081",25
"41351",711.904561139992,"NRI_P081",50
"41352",-777.897038860014,"NRI_P081",100
"41353",0.00366113998461515,"NRI_P081",25
"41354",198.102761139977,"NRI_P081",50
"41355",-1319.63635886001,"NRI_P081",100
"41356",0.00366113998461515,"NRI_P081",25
"41357",388.060661139956,"NRI_P081",50
"41358",2144.77746113995,"NRI_P081",100
"41359",0.00366113998461515,"NRI_P081",25
"41360",-49.4950988600031,"NRI_P081",50
"41361",1339.95986114,"NRI_P081",100
"41362",0.00366113998461515,"NRI_P081",25
"41363",-1443.10873886,"NRI_P081",50
"41364",-332.217958860041,"NRI_P081",100
"41365",0.00366113998461515,"NRI_P081",25
"41366",89.7812611399568,"NRI_P081",50
"41367",2993.18816113996,"NRI_P081",100
"41368",0.00366113998461515,"NRI_P081",25
"41369",-1368.25103886001,"NRI_P081",50
"41370",1738.62486113998,"NRI_P081",100
"41371",0.00366113998461515,"NRI_P081",25
"41372",294.911961139995,"NRI_P081",50
"41373",18582.06186114,"NRI_P081",100
"41374",0.00366113998461515,"NRI_P081",25
"41375",-779.292638860003,"NRI_P081",50
"41376",1134.86986113997,"NRI_P081",100
"41377",0.00366113998461515,"NRI_P081",25
"41378",-1517.36460885999,"NRI_P081",50
"41379",10242.10386114,"NRI_P081",100
"41380",0.00366113998461515,"NRI_P081",25
"41381",3642.69466113998,"NRI_P081",50
"41382",589.521021139983,"NRI_P081",100
"41383",0.00366113998461515,"NRI_P081",25
"41384",130.486961140006,"NRI_P081",50
"41385",-1520.66367886,"NRI_P081",100
"41386",0.00366113998461515,"NRI_P081",25
"41387",-1514.58247886004,"NRI_P081",50
"41388",-1577.77133886004,"NRI_P081",100
"41389",0.00366113998461515,"NRI_P081",25
"41390",-1382.20013886003,"NRI_P081",50
"41391",-1193.45083886001,"NRI_P081",100
"41392",0.00366113998461515,"NRI_P081",25
"41393",1829.01586113998,"NRI_P081",50
"41394",-1425.95483886002,"NRI_P081",100
"41395",0.00366113998461515,"NRI_P081",25
"41396",-1004.50683886005,"NRI_P081",50
"41397",2116.52516113996,"NRI_P081",100
"41398",0.00366113998461515,"NRI_P081",25
"41399",-1358.56753886002,"NRI_P081",50
"41400",6539.15940114,"NRI_P081",100
"41401",284.108944592997,"NRI_P082",25
"41402",1190.335744593,"NRI_P082",50
"41403",1544.115144593,"NRI_P082",100
"41404",-176.507355406997,"NRI_P082",25
"41405",-1320.32223540702,"NRI_P082",50
"41406",5259.442844593,"NRI_P082",100
"41407",-802.648085407011,"NRI_P082",25
"41408",2836.350444593,"NRI_P082",50
"41409",14115.405044593,"NRI_P082",100
"41410",-248.004705407016,"NRI_P082",25
"41411",954.783144593006,"NRI_P082",50
"41412",-734.970655407,"NRI_P082",100
"41413",2068.60444459299,"NRI_P082",25
"41414",-623.794535407011,"NRI_P082",50
"41415",-803.769675407006,"NRI_P082",100
"41416",-122.45635540699,"NRI_P082",25
"41417",-601.431465406989,"NRI_P082",50
"41418",-1767.106025407,"NRI_P082",100
"41419",1070.93344459299,"NRI_P082",25
"41420",1198.47154459299,"NRI_P082",50
"41421",-677.982165407011,"NRI_P082",100
"41422",-192.647655406996,"NRI_P082",25
"41423",-271.199055406993,"NRI_P082",50
"41424",1443.040444593,"NRI_P082",100
"41425",-793.179885407008,"NRI_P082",25
"41426",3161.06354459299,"NRI_P082",50
"41427",742.558044592995,"NRI_P082",100
"41428",-614.845605406997,"NRI_P082",25
"41429",-487.637655407016,"NRI_P082",50
"41430",-602.175325407006,"NRI_P082",100
"41431",-594.461725406989,"NRI_P082",25
"41432",1002.46364459299,"NRI_P082",50
"41433",-1404.87574540701,"NRI_P082",100
"41434",-620.017285406997,"NRI_P082",25
"41435",-380.038755407004,"NRI_P082",50
"41436",-1325.93865540699,"NRI_P082",100
"41437",-670.754255406995,"NRI_P082",25
"41438",-530.82565540701,"NRI_P082",50
"41439",-277.877555407002,"NRI_P082",100
"41440",-564.192855406989,"NRI_P082",25
"41441",-60.4199554070074,"NRI_P082",50
"41442",-1247.649055407,"NRI_P082",100
"41443",215.444944593008,"NRI_P082",25
"41444",2569.791644593,"NRI_P082",50
"41445",-1256.46845540701,"NRI_P082",100
"41446",-586.675655407016,"NRI_P082",25
"41447",660.12514459301,"NRI_P082",50
"41448",7328.838844593,"NRI_P082",100
"41449",3514.719944593,"NRI_P082",25
"41450",3796.24544459299,"NRI_P082",50
"41451",-713.924755407003,"NRI_P082",100
"41452",109.594244592998,"NRI_P082",25
"41453",-615.584155407007,"NRI_P082",50
"41454",2412.55484459299,"NRI_P082",100
"41455",-85.8378554070077,"NRI_P082",25
"41456",185.761844592984,"NRI_P082",50
"41457",-1497.80286540699,"NRI_P082",100
"41458",-145.186025406991,"NRI_P082",25
"41459",-457.501455407008,"NRI_P082",50
"41460",559.730144592992,"NRI_P082",100
"41461",-152.281465406995,"NRI_P082",25
"41462",-287.777655407001,"NRI_P082",50
"41463",5752.33254459299,"NRI_P082",100
"41464",-693.245955407008,"NRI_P082",25
"41465",489.488344593003,"NRI_P082",50
"41466",143.869134592998,"NRI_P082",100
"41467",-596.404945407005,"NRI_P082",25
"41468",7633.15964459299,"NRI_P082",50
"41469",2575.98604459301,"NRI_P082",100
"41470",2127.326544593,"NRI_P082",25
"41471",-307.229655406991,"NRI_P082",50
"41472",-711.781455407006,"NRI_P082",100
"41473",2273.467544593,"NRI_P082",25
"41474",1170.15154459298,"NRI_P082",50
"41475",5225.409144593,"NRI_P082",100
"41476",38.002444593003,"NRI_P082",25
"41477",-263.055955407006,"NRI_P082",50
"41478",2546.75965459298,"NRI_P082",100
"41479",-77.5640554070123,"NRI_P082",25
"41480",-776.976355407009,"NRI_P082",50
"41481",2641.127944593,"NRI_P082",100
"41482",-117.486045407015,"NRI_P082",25
"41483",345.135054593004,"NRI_P082",50
"41484",-1219.48880540699,"NRI_P082",100
"41485",-15.1426554069913,"NRI_P082",25
"41486",171.188534593006,"NRI_P082",50
"41487",1261.259774593,"NRI_P082",100
"41488",-763.118755406991,"NRI_P082",25
"41489",-367.917635407008,"NRI_P082",50
"41490",-1358.05935540699,"NRI_P082",100
"41491",-227.276255406992,"NRI_P082",25
"41492",-933.267075406999,"NRI_P082",50
"41493",2434.215044593,"NRI_P082",100
"41494",35.0627445929858,"NRI_P082",25
"41495",4704.351044593,"NRI_P082",50
"41496",1163.191644593,"NRI_P082",100
"41497",-813.20396540701,"NRI_P082",25
"41498",2497.90834459299,"NRI_P082",50
"41499",1014.604044593,"NRI_P082",100
"41500",-117.344755407015,"NRI_P082",25
"41501",9491.83984459299,"NRI_P082",50
"41502",130.503434593003,"NRI_P082",100
"41503",-485.834155407007,"NRI_P082",25
"41504",-1001.66205540701,"NRI_P082",50
"41505",8994.63874459299,"NRI_P082",100
"41506",-398.881255407003,"NRI_P082",25
"41507",30.0935445929936,"NRI_P082",50
"41508",1169.19084459299,"NRI_P082",100
"41509",-736.373955407005,"NRI_P082",25
"41510",-707.741155407013,"NRI_P082",50
"41511",39.8291445930081,"NRI_P082",100
"41512",-30.6521554070059,"NRI_P082",25
"41513",4822.534344593,"NRI_P082",50
"41514",15089.753844593,"NRI_P082",100
"41515",-319.418055407004,"NRI_P082",25
"41516",2524.17124459299,"NRI_P082",50
"41517",61.4970145929838,"NRI_P082",100
"41518",8561.989444593,"NRI_P082",25
"41519",1552.73424459298,"NRI_P082",50
"41520",-736.002105407009,"NRI_P082",100
"41521",-56.9878554070019,"NRI_P082",25
"41522",604.977144592995,"NRI_P082",50
"41523",-1292.85853540699,"NRI_P082",100
"41524",-322.488855406991,"NRI_P082",25
"41525",-674.036245407013,"NRI_P082",50
"41526",16192.283644593,"NRI_P082",100
"41527",-813.20396540701,"NRI_P082",25
"41528",730.835244593007,"NRI_P082",50
"41529",-400.769055407,"NRI_P082",100
"41530",-87.2346554069954,"NRI_P082",25
"41531",-877.486555406998,"NRI_P082",50
"41532",-225.717355406989,"NRI_P082",100
"41533",-687.125655406999,"NRI_P082",25
"41534",-659.514255407004,"NRI_P082",50
"41535",946.188034593011,"NRI_P082",100
"41536",-467.852655407012,"NRI_P082",25
"41537",70.8016445929825,"NRI_P082",50
"41538",-1305.75686540699,"NRI_P082",100
"41539",-231.156955407001,"NRI_P082",25
"41540",1990.85014459299,"NRI_P082",50
"41541",-1317.858455407,"NRI_P082",100
"41542",-129.351255407004,"NRI_P082",25
"41543",-75.2748554070131,"NRI_P082",50
"41544",1156.825944593,"NRI_P082",100
"41545",11.0662445930066,"NRI_P082",25
"41546",762.620544592995,"NRI_P082",50
"41547",-1552.242805407,"NRI_P082",100
"41548",-624.104925407009,"NRI_P082",25
"41549",-426.914655407018,"NRI_P082",50
"41550",-593.089355406992,"NRI_P082",100
"41551",4253.36354459298,"NRI_P082",25
"41552",-709.677655406995,"NRI_P082",50
"41553",-425.57705540699,"NRI_P082",100
"41554",-575.696755407,"NRI_P082",25
"41555",-1302.91096540701,"NRI_P082",50
"41556",5812.53250459299,"NRI_P082",100
"41557",581.756444592989,"NRI_P082",25
"41558",2744.07634459299,"NRI_P082",50
"41559",7310.40294459299,"NRI_P082",100
"41560",-556.482955407002,"NRI_P082",25
"41561",8451.80640459299,"NRI_P082",50
"41562",4042.69434459301,"NRI_P082",100
"41563",-693.245955407008,"NRI_P082",25
"41564",-972.837555406993,"NRI_P082",50
"41565",-1378.55443540702,"NRI_P082",100
"41566",-788.390795407002,"NRI_P082",25
"41567",-1308.08990540699,"NRI_P082",50
"41568",2958.25311459298,"NRI_P082",100
"41569",3506.10554459301,"NRI_P082",25
"41570",1794.653644593,"NRI_P082",50
"41571",-348.544455407013,"NRI_P082",100
"41572",124.883144592983,"NRI_P082",25
"41573",3902.25004459301,"NRI_P082",50
"41574",428.148444593011,"NRI_P082",100
"41575",-167.60525540699,"NRI_P082",25
"41576",-741.720155407005,"NRI_P082",50
"41577",-1547.84073540699,"NRI_P082",100
"41578",-758.750855407008,"NRI_P082",25
"41579",-829.179765406996,"NRI_P082",50
"41580",-459.480245407001,"NRI_P082",100
"41581",-149.470535407017,"NRI_P082",25
"41582",158.045954592992,"NRI_P082",50
"41583",-1526.69765540701,"NRI_P082",100
"41584",-28.5935554070165,"NRI_P082",25
"41585",4993.13634459299,"NRI_P082",50
"41586",1293.99104459299,"NRI_P082",100
"41587",-236.86425540701,"NRI_P082",25
"41588",-659.130655407003,"NRI_P082",50
"41589",15245.042044593,"NRI_P082",100
"41590",-58.0667554069951,"NRI_P082",25
"41591",-654.462555406993,"NRI_P082",50
"41592",236.587934593001,"NRI_P082",100
"41593",785.805644592998,"NRI_P082",25
"41594",-1209.289255407,"NRI_P082",50
"41595",465.273444593011,"NRI_P082",100
"41596",-624.002455406997,"NRI_P082",25
"41597",-940.670605407009,"NRI_P082",50
"41598",1912.94889459299,"NRI_P082",100
"41599",-77.5640554070123,"NRI_P082",25
"41600",1958.390194593,"NRI_P082",50
"41601",-1199.95083540701,"NRI_P082",100
"41602",-29.5561554070155,"NRI_P082",25
"41603",-732.812265407003,"NRI_P082",50
"41604",-1553.709835407,"NRI_P082",100
"41605",-216.297355407005,"NRI_P082",25
"41606",-778.673215407005,"NRI_P082",50
"41607",2182.67604459298,"NRI_P082",100
"41608",-240.78196540699,"NRI_P082",25
"41609",169.025144593004,"NRI_P082",50
"41610",381.388694592984,"NRI_P082",100
"41611",-793.997905407014,"NRI_P082",25
"41612",-796.744405406993,"NRI_P082",50
"41613",-463.211435406993,"NRI_P082",100
"41614",-481.836955406994,"NRI_P082",25
"41615",60.1829445929907,"NRI_P082",50
"41616",1735.387144593,"NRI_P082",100
"41617",876.421544593002,"NRI_P082",25
"41618",-532.212455406989,"NRI_P082",50
"41619",-41.9184654070123,"NRI_P082",100
"41620",-586.675655407016,"NRI_P082",25
"41621",4300.52724459299,"NRI_P082",50
"41622",295.539194593002,"NRI_P082",100
"41623",121.950544592983,"NRI_P082",25
"41624",826.037844592996,"NRI_P082",50
"41625",-131.937255407014,"NRI_P082",100
"41626",135.71294459299,"NRI_P082",25
"41627",-482.723555406992,"NRI_P082",50
"41628",-921.417655407015,"NRI_P082",100
"41629",4370.30644459301,"NRI_P082",25
"41630",5545.89724459298,"NRI_P082",50
"41631",3358.891314593,"NRI_P082",100
"41632",-545.082455407013,"NRI_P082",25
"41633",-1135.24315540699,"NRI_P082",50
"41634",-1373.86435540701,"NRI_P082",100
"41635",8561.989444593,"NRI_P082",25
"41636",-106.491865407006,"NRI_P082",50
"41637",2730.23794459298,"NRI_P082",100
"41638",3529.83744459299,"NRI_P082",25
"41639",-68.0340554070135,"NRI_P082",50
"41640",1648.67531459298,"NRI_P082",100
"41641",122.58224459301,"NRI_P082",25
"41642",-27.9282554069941,"NRI_P082",50
"41643",-1715.91097540699,"NRI_P082",100
"41644",-128.052565407008,"NRI_P082",25
"41645",-762.617555406992,"NRI_P082",50
"41646",-1410.83805540702,"NRI_P082",100
"41647",-659.215055406996,"NRI_P082",25
"41648",151.702274593001,"NRI_P082",50
"41649",3959.768944593,"NRI_P082",100
"41650",5355.583944593,"NRI_P082",25
"41651",-1328.750945407,"NRI_P082",50
"41652",-910.814165407006,"NRI_P082",100
"41653",135.71294459299,"NRI_P082",25
"41654",212.179544593004,"NRI_P082",50
"41655",-1030.654145407,"NRI_P082",100
"41656",-151.842955407017,"NRI_P082",25
"41657",3312.22464459299,"NRI_P082",50
"41658",-1176.025755407,"NRI_P082",100
"41659",-75.4593554070161,"NRI_P082",25
"41660",-203.648255406995,"NRI_P082",50
"41661",-505.707855407003,"NRI_P082",100
"41662",2194.81694459301,"NRI_P082",25
"41663",-658.232205406995,"NRI_P082",50
"41664",2865.322744593,"NRI_P082",100
"41665",-709.163155407005,"NRI_P082",25
"41666",-281.818955407012,"NRI_P082",50
"41667",-232.747555406997,"NRI_P082",100
"41668",-121.262465406995,"NRI_P082",25
"41669",442.565444592998,"NRI_P082",50
"41670",1516.53436459298,"NRI_P082",100
"41671",-258.583535407,"NRI_P082",25
"41672",1376.49664459299,"NRI_P082",50
"41673",2009.301864593,"NRI_P082",100
"41674",754.449244593008,"NRI_P082",25
"41675",3757.140144593,"NRI_P082",50
"41676",-320.938855407003,"NRI_P082",100
"41677",6016.50644459299,"NRI_P082",25
"41678",-921.247345406999,"NRI_P082",50
"41679",2232.580744593,"NRI_P082",100
"41680",-662.077455407009,"NRI_P082",25
"41681",14337.865244593,"NRI_P082",50
"41682",570.901844592998,"NRI_P082",100
"41683",933.836944593,"NRI_P082",25
"41684",-609.332455407013,"NRI_P082",50
"41685",2391.71709459298,"NRI_P082",100
"41686",1695.35944459299,"NRI_P082",25
"41687",-304.580855406995,"NRI_P082",50
"41688",-1372.291285407,"NRI_P082",100
"41689",-718.98925540701,"NRI_P082",25
"41690",17.6367445930082,"NRI_P082",50
"41691",-73.4498054069991,"NRI_P082",100
"41692",-75.0810554070049,"NRI_P082",25
"41693",-841.571655406995,"NRI_P082",50
"41694",15628.572844593,"NRI_P082",100
"41695",-89.1767554070102,"NRI_P082",25
"41696",682.297544592991,"NRI_P082",50
"41697",4881.987384593,"NRI_P082",100
"41698",-240.411365406995,"NRI_P082",25
"41699",-477.597465407016,"NRI_P082",50
"41700",-805.659975407005,"NRI_P082",100
"41701",-0.0051532500074245,"NRI_P083",25
"41702",-1402.20382325002,"NRI_P083",50
"41703",1255.29224674997,"NRI_P083",100
"41704",-0.0051532500074245,"NRI_P083",25
"41705",-860.862603250018,"NRI_P083",50
"41706",-1888.30946325004,"NRI_P083",100
"41707",-0.0051532500074245,"NRI_P083",25
"41708",-1405.66990325,"NRI_P083",50
"41709",-1978.18605325004,"NRI_P083",100
"41710",-0.0051532500074245,"NRI_P083",25
"41711",-784.159553250007,"NRI_P083",50
"41712",-905.916143250011,"NRI_P083",100
"41713",-0.0051532500074245,"NRI_P083",25
"41714",-1439.77276325005,"NRI_P083",50
"41715",-1820.20255325001,"NRI_P083",100
"41716",-0.0051532500074245,"NRI_P083",25
"41717",-861.825163250032,"NRI_P083",50
"41718",-2263.57060325,"NRI_P083",100
"41719",-0.0051532500074245,"NRI_P083",25
"41720",2354.98884675,"NRI_P083",50
"41721",-2209.42373325001,"NRI_P083",100
"41722",-0.0051532500074245,"NRI_P083",25
"41723",-856.205783250043,"NRI_P083",50
"41724",-2139.59609325003,"NRI_P083",100
"41725",-0.0051532500074245,"NRI_P083",25
"41726",-1280.98845325003,"NRI_P083",50
"41727",-2247.06052325002,"NRI_P083",100
"41728",-0.0051532500074245,"NRI_P083",25
"41729",-463.019953250012,"NRI_P083",50
"41730",1292.87004675,"NRI_P083",100
"41731",-0.0051532500074245,"NRI_P083",25
"41732",-861.825163250032,"NRI_P083",50
"41733",-1762.42995325004,"NRI_P083",100
"41734",-0.0051532500074245,"NRI_P083",25
"41735",1152.34504674998,"NRI_P083",50
"41736",-1175.42325325002,"NRI_P083",100
"41737",-0.0051532500074245,"NRI_P083",25
"41738",-791.658553250018,"NRI_P083",50
"41739",-1702.63055325003,"NRI_P083",100
"41740",-0.0051532500074245,"NRI_P083",25
"41741",-619.847953249991,"NRI_P083",50
"41742",-2251.18779325002,"NRI_P083",100
"41743",-0.0051532500074245,"NRI_P083",25
"41744",-820.170353249996,"NRI_P083",50
"41745",-1827.04042325,"NRI_P083",100
"41746",-0.0051532500074245,"NRI_P083",25
"41747",-792.808753249992,"NRI_P083",50
"41748",-2195.02416325,"NRI_P083",100
"41749",-0.0051532500074245,"NRI_P083",25
"41750",-1365.96915325004,"NRI_P083",50
"41751",-2125.23979325005,"NRI_P083",100
"41752",-0.0051532500074245,"NRI_P083",25
"41753",-362.207453250012,"NRI_P083",50
"41754",-1416.57809324999,"NRI_P083",100
"41755",-0.0051532500074245,"NRI_P083",25
"41756",-561.660653250001,"NRI_P083",50
"41757",-841.630253250012,"NRI_P083",100
"41758",-0.0051532500074245,"NRI_P083",25
"41759",-433.898553250008,"NRI_P083",50
"41760",-2042.51821325003,"NRI_P083",100
"41761",-0.0051532500074245,"NRI_P083",25
"41762",-1429.33003325004,"NRI_P083",50
"41763",7043.74614675,"NRI_P083",100
"41764",-0.0051532500074245,"NRI_P083",25
"41765",-817.602123250021,"NRI_P083",50
"41766",-1571.31225325004,"NRI_P083",100
"41767",-0.0051532500074245,"NRI_P083",25
"41768",811.720846749959,"NRI_P083",50
"41769",-1325.03085325001,"NRI_P083",100
"41770",-0.0051532500074245,"NRI_P083",25
"41771",-1439.77276325005,"NRI_P083",50
"41772",-1866.40125325002,"NRI_P083",100
"41773",-0.0051532500074245,"NRI_P083",25
"41774",-1354.68965325004,"NRI_P083",50
"41775",2240.19204674999,"NRI_P083",100
"41776",-0.0051532500074245,"NRI_P083",25
"41777",-1264.90375325002,"NRI_P083",50
"41778",349.298046749958,"NRI_P083",100
"41779",-0.0051532500074245,"NRI_P083",25
"41780",-1381.09455325,"NRI_P083",50
"41781",-2251.38503325003,"NRI_P083",100
"41782",-0.0051532500074245,"NRI_P083",25
"41783",22.8314467499731,"NRI_P083",50
"41784",-365.83935324999,"NRI_P083",100
"41785",-0.0051532500074245,"NRI_P083",25
"41786",-835.396083250002,"NRI_P083",50
"41787",-2124.02061325003,"NRI_P083",100
"41788",-0.0051532500074245,"NRI_P083",25
"41789",-1276.91965325002,"NRI_P083",50
"41790",-1547.94847325003,"NRI_P083",100
"41791",-0.0051532500074245,"NRI_P083",25
"41792",-706.265853249992,"NRI_P083",50
"41793",-2182.38118324999,"NRI_P083",100
"41794",-0.0051532500074245,"NRI_P083",25
"41795",-405.570553250029,"NRI_P083",50
"41796",-1609.38965324999,"NRI_P083",100
"41797",-0.0051532500074245,"NRI_P083",25
"41798",-848.239103250031,"NRI_P083",50
"41799",333.78134674998,"NRI_P083",100
"41800",-0.0051532500074245,"NRI_P083",25
"41801",2354.98884675,"NRI_P083",50
"41802",-2092.26115325,"NRI_P083",100
"41803",-0.0051532500074245,"NRI_P083",25
"41804",1561.43404674996,"NRI_P083",50
"41805",872.331746749987,"NRI_P083",100
"41806",-0.0051532500074245,"NRI_P083",25
"41807",-1438.50375325,"NRI_P083",50
"41808",-2116.96743325004,"NRI_P083",100
"41809",-0.0051532500074245,"NRI_P083",25
"41810",-1151.22805325,"NRI_P083",50
"41811",-1750.23837325,"NRI_P083",100
"41812",-0.0051532500074245,"NRI_P083",25
"41813",-853.816583250009,"NRI_P083",50
"41814",3954.87102674996,"NRI_P083",100
"41815",-0.0051532500074245,"NRI_P083",25
"41816",-561.660653250001,"NRI_P083",50
"41817",1778.31904674997,"NRI_P083",100
"41818",-0.0051532500074245,"NRI_P083",25
"41819",-676.675353250001,"NRI_P083",50
"41820",-2267.00490325002,"NRI_P083",100
"41821",-0.0051532500074245,"NRI_P083",25
"41822",-1379.60215325002,"NRI_P083",50
"41823",-2112.17698325001,"NRI_P083",100
"41824",-0.0051532500074245,"NRI_P083",25
"41825",-1365.96915325004,"NRI_P083",50
"41826",-23.1163532499922,"NRI_P083",100
"41827",-0.0051532500074245,"NRI_P083",25
"41828",480.580046749965,"NRI_P083",50
"41829",-2229.02762325003,"NRI_P083",100
"41830",-0.0051532500074245,"NRI_P083",25
"41831",-1430.24361325003,"NRI_P083",50
"41832",-1690.99425325001,"NRI_P083",100
"41833",-0.0051532500074245,"NRI_P083",25
"41834",1521.85204674996,"NRI_P083",50
"41835",-2023.36775325,"NRI_P083",100
"41836",-0.0051532500074245,"NRI_P083",25
"41837",-812.060373250046,"NRI_P083",50
"41838",-2011.73606324999,"NRI_P083",100
"41839",-0.0051532500074245,"NRI_P083",25
"41840",-1309.08425325004,"NRI_P083",50
"41841",-959.577663250035,"NRI_P083",100
"41842",-0.0051532500074245,"NRI_P083",25
"41843",-1019.04495325004,"NRI_P083",50
"41844",-2088.60171325004,"NRI_P083",100
"41845",-0.0051532500074245,"NRI_P083",25
"41846",-1434.55465325003,"NRI_P083",50
"41847",-1737.80369325,"NRI_P083",100
"41848",-0.0051532500074245,"NRI_P083",25
"41849",580.151846749999,"NRI_P083",50
"41850",-1404.88780324999,"NRI_P083",100
"41851",-0.0051532500074245,"NRI_P083",25
"41852",-1430.44892325002,"NRI_P083",50
"41853",-2286.25745325,"NRI_P083",100
"41854",-0.0051532500074245,"NRI_P083",25
"41855",-635.850953250017,"NRI_P083",50
"41856",5650.84204674995,"NRI_P083",100
"41857",-0.0051532500074245,"NRI_P083",25
"41858",-1439.77276325005,"NRI_P083",50
"41859",4.70104675000766,"NRI_P083",100
"41860",-0.0051532500074245,"NRI_P083",25
"41861",1249.16284675,"NRI_P083",50
"41862",-1735.44323325,"NRI_P083",100
"41863",-0.0051532500074245,"NRI_P083",25
"41864",-1445.08898325003,"NRI_P083",50
"41865",-2179.11776325002,"NRI_P083",100
"41866",-0.0051532500074245,"NRI_P083",25
"41867",7519.32904674998,"NRI_P083",50
"41868",-1817.60242325003,"NRI_P083",100
"41869",-0.0051532500074245,"NRI_P083",25
"41870",-817.615163250011,"NRI_P083",50
"41871",-2279.15324325004,"NRI_P083",100
"41872",-0.0051532500074245,"NRI_P083",25
"41873",-706.265853249992,"NRI_P083",50
"41874",-2078.64445325005,"NRI_P083",100
"41875",-0.0051532500074245,"NRI_P083",25
"41876",-754.677453250042,"NRI_P083",50
"41877",-1175.35215325002,"NRI_P083",100
"41878",-0.0051532500074245,"NRI_P083",25
"41879",-1398.98365325003,"NRI_P083",50
"41880",-1732.79276325001,"NRI_P083",100
"41881",-0.0051532500074245,"NRI_P083",25
"41882",-1108.40645325003,"NRI_P083",50
"41883",-236.958493250015,"NRI_P083",100
"41884",-0.0051532500074245,"NRI_P083",25
"41885",-784.159553250007,"NRI_P083",50
"41886",9871.10904675,"NRI_P083",100
"41887",-0.0051532500074245,"NRI_P083",25
"41888",22.8314467499731,"NRI_P083",50
"41889",-916.070653250034,"NRI_P083",100
"41890",-0.0051532500074245,"NRI_P083",25
"41891",-786.890553250036,"NRI_P083",50
"41892",-2117.94257325004,"NRI_P083",100
"41893",-0.0051532500074245,"NRI_P083",25
"41894",-1379.02305325004,"NRI_P083",50
"41895",-1810.61945325002,"NRI_P083",100
"41896",-0.0051532500074245,"NRI_P083",25
"41897",-1410.20795325004,"NRI_P083",50
"41898",-1706.64035325003,"NRI_P083",100
"41899",-0.0051532500074245,"NRI_P083",25
"41900",-1429.06283325003,"NRI_P083",50
"41901",18.8012467499939,"NRI_P083",100
"41902",-0.0051532500074245,"NRI_P083",25
"41903",-820.377653250005,"NRI_P083",50
"41904",-1070.38385325001,"NRI_P083",100
"41905",-0.0051532500074245,"NRI_P083",25
"41906",-1279.31505325,"NRI_P083",50
"41907",-1858.88789325004,"NRI_P083",100
"41908",-0.0051532500074245,"NRI_P083",25
"41909",967.230846749968,"NRI_P083",50
"41910",1003.67134674999,"NRI_P083",100
"41911",-0.0051532500074245,"NRI_P083",25
"41912",-1428.27261325001,"NRI_P083",50
"41913",-2249.00658325001,"NRI_P083",100
"41914",-0.0051532500074245,"NRI_P083",25
"41915",1174.35504674999,"NRI_P083",50
"41916",-1693.77370325004,"NRI_P083",100
"41917",-0.0051532500074245,"NRI_P083",25
"41918",-1440.16286325001,"NRI_P083",50
"41919",-2183.18760325003,"NRI_P083",100
"41920",-0.0051532500074245,"NRI_P083",25
"41921",-861.825163250032,"NRI_P083",50
"41922",11978.60133675,"NRI_P083",100
"41923",-0.0051532500074245,"NRI_P083",25
"41924",-1431.04876325,"NRI_P083",50
"41925",-1713.69606325001,"NRI_P083",100
"41926",-0.0051532500074245,"NRI_P083",25
"41927",-1430.24361325003,"NRI_P083",50
"41928",-2275.26504324999,"NRI_P083",100
"41929",-0.0051532500074245,"NRI_P083",25
"41930",-617.184853250044,"NRI_P083",50
"41931",-1864.67815325002,"NRI_P083",100
"41932",-0.0051532500074245,"NRI_P083",25
"41933",-1448.01978325,"NRI_P083",50
"41934",-2128.09474325,"NRI_P083",100
"41935",-0.0051532500074245,"NRI_P083",25
"41936",-645.86245325004,"NRI_P083",50
"41937",-1518.77195324999,"NRI_P083",100
"41938",-0.0051532500074245,"NRI_P083",25
"41939",-627.879853249993,"NRI_P083",50
"41940",-2050.87984325003,"NRI_P083",100
"41941",-0.0051532500074245,"NRI_P083",25
"41942",-584.869153250009,"NRI_P083",50
"41943",-1847.44855325,"NRI_P083",100
"41944",-0.0051532500074245,"NRI_P083",25
"41945",-167.977153250016,"NRI_P083",50
"41946",-1973.27115325001,"NRI_P083",100
"41947",-0.0051532500074245,"NRI_P083",25
"41948",-762.588053250045,"NRI_P083",50
"41949",-635.593553250015,"NRI_P083",100
"41950",-0.0051532500074245,"NRI_P083",25
"41951",-856.278163250012,"NRI_P083",50
"41952",2171.87104674999,"NRI_P083",100
"41953",-0.0051532500074245,"NRI_P083",25
"41954",-1443.90986325004,"NRI_P083",50
"41955",-2104.68726325,"NRI_P083",100
"41956",-0.0051532500074245,"NRI_P083",25
"41957",-1439.12675325002,"NRI_P083",50
"41958",621.268446750008,"NRI_P083",100
"41959",-0.0051532500074245,"NRI_P083",25
"41960",-89.5231532499893,"NRI_P083",50
"41961",1220.81520675001,"NRI_P083",100
"41962",-0.0051532500074245,"NRI_P083",25
"41963",-1416.53055324999,"NRI_P083",50
"41964",-2286.63765325001,"NRI_P083",100
"41965",-0.0051532500074245,"NRI_P083",25
"41966",-1448.50683324999,"NRI_P083",50
"41967",-1908.34005325002,"NRI_P083",100
"41968",-0.0051532500074245,"NRI_P083",25
"41969",-739.474653250014,"NRI_P083",50
"41970",129.984146750008,"NRI_P083",100
"41971",-0.0051532500074245,"NRI_P083",25
"41972",-410.567253250047,"NRI_P083",50
"41973",-2262.72772324999,"NRI_P083",100
"41974",-0.0051532500074245,"NRI_P083",25
"41975",504.68004675,"NRI_P083",50
"41976",-6.75315325002884,"NRI_P083",100
"41977",-0.0051532500074245,"NRI_P083",25
"41978",-1210.28335325001,"NRI_P083",50
"41979",-2282.88567325001,"NRI_P083",100
"41980",-0.0051532500074245,"NRI_P083",25
"41981",-841.594833250041,"NRI_P083",50
"41982",-1962.04745325004,"NRI_P083",100
"41983",-0.0051532500074245,"NRI_P083",25
"41984",-852.266593250039,"NRI_P083",50
"41985",-1483.76315325004,"NRI_P083",100
"41986",-0.0051532500074245,"NRI_P083",25
"41987",-861.217233250034,"NRI_P083",50
"41988",-1879.51375325001,"NRI_P083",100
"41989",-0.0051532500074245,"NRI_P083",25
"41990",-1444.66777325002,"NRI_P083",50
"41991",-2275.31799325004,"NRI_P083",100
"41992",-0.0051532500074245,"NRI_P083",25
"41993",3587.12204674998,"NRI_P083",50
"41994",-1066.93605325004,"NRI_P083",100
"41995",-0.0051532500074245,"NRI_P083",25
"41996",-1419.57352325,"NRI_P083",50
"41997",-2206.50938325003,"NRI_P083",100
"41998",-0.0051532500074245,"NRI_P083",25
"41999",-1414.37355325004,"NRI_P083",50
"42000",-721.676663250022,"NRI_P083",100
"42001",0.00885494402609766,"NRI_P084",25
"42002",-13987.873935056,"NRI_P084",50
"42003",-13754.800565056,"NRI_P084",100
"42004",0.00885494402609766,"NRI_P084",25
"42005",-676.575645056029,"NRI_P084",50
"42006",-14510.231445056,"NRI_P084",100
"42007",0.00885494402609766,"NRI_P084",25
"42008",-13873.842245056,"NRI_P084",50
"42009",-14735.042905056,"NRI_P084",100
"42010",0.00885494402609766,"NRI_P084",25
"42011",-13475.528345056,"NRI_P084",50
"42012",-14373.127145056,"NRI_P084",100
"42013",0.00885494402609766,"NRI_P084",25
"42014",-13937.757845056,"NRI_P084",50
"42015",-14126.891645056,"NRI_P084",100
"42016",0.00885494402609766,"NRI_P084",25
"42017",-711.659485056007,"NRI_P084",50
"42018",-14704.293205056,"NRI_P084",100
"42019",0.00885494402609766,"NRI_P084",25
"42020",335.560154944018,"NRI_P084",50
"42021",-14734.814685056,"NRI_P084",100
"42022",0.00885494402609766,"NRI_P084",25
"42023",-14000.724805056,"NRI_P084",50
"42024",-14522.991945056,"NRI_P084",100
"42025",0.00885494402609766,"NRI_P084",25
"42026",-14010.905245056,"NRI_P084",50
"42027",-12576.826245056,"NRI_P084",100
"42028",0.00885494402609766,"NRI_P084",25
"42029",344.416154943989,"NRI_P084",50
"42030",-14404.589745056,"NRI_P084",100
"42031",0.00885494402609766,"NRI_P084",25
"42032",-13945.548145056,"NRI_P084",50
"42033",-12751.561045056,"NRI_P084",100
"42034",0.00885494402609766,"NRI_P084",25
"42035",-580.758245056029,"NRI_P084",50
"42036",-14709.754805056,"NRI_P084",100
"42037",0.00885494402609766,"NRI_P084",25
"42038",-14039.521335056,"NRI_P084",50
"42039",-14458.430615056,"NRI_P084",100
"42040",0.00885494402609766,"NRI_P084",25
"42041",-14036.467405056,"NRI_P084",50
"42042",-9319.022845056,"NRI_P084",100
"42043",0.00885494402609766,"NRI_P084",25
"42044",-13861.376045056,"NRI_P084",50
"42045",-12456.558545056,"NRI_P084",100
"42046",0.00885494402609766,"NRI_P084",25
"42047",-305.961445056018,"NRI_P084",50
"42048",-14569.755235056,"NRI_P084",100
"42049",0.00885494402609766,"NRI_P084",25
"42050",-624.986745055998,"NRI_P084",50
"42051",-14734.869355056,"NRI_P084",100
"42052",0.00885494402609766,"NRI_P084",25
"42053",-14034.366145056,"NRI_P084",50
"42054",-13095.175745056,"NRI_P084",100
"42055",0.00885494402609766,"NRI_P084",25
"42056",-470.809845055977,"NRI_P084",50
"42057",-14523.161155056,"NRI_P084",100
"42058",0.00885494402609766,"NRI_P084",25
"42059",-14007.711955056,"NRI_P084",50
"42060",-14707.338535056,"NRI_P084",100
"42061",0.00885494402609766,"NRI_P084",25
"42062",-13897.068845056,"NRI_P084",50
"42063",-13176.774805056,"NRI_P084",100
"42064",0.00885494402609766,"NRI_P084",25
"42065",-13512.067445056,"NRI_P084",50
"42066",-13237.431545056,"NRI_P084",100
"42067",0.00885494402609766,"NRI_P084",25
"42068",248.770154943981,"NRI_P084",50
"42069",-14475.861945056,"NRI_P084",100
"42070",0.00885494402609766,"NRI_P084",25
"42071",-307.241645055998,"NRI_P084",50
"42072",-13661.901415056,"NRI_P084",100
"42073",0.00885494402609766,"NRI_P084",25
"42074",-14037.498405056,"NRI_P084",50
"42075",-14720.444445056,"NRI_P084",100
"42076",0.00885494402609766,"NRI_P084",25
"42077",-14015.635815056,"NRI_P084",50
"42078",-11716.341545056,"NRI_P084",100
"42079",0.00885494402609766,"NRI_P084",25
"42080",-309.890745055978,"NRI_P084",50
"42081",-10582.403845056,"NRI_P084",100
"42082",0.00885494402609766,"NRI_P084",25
"42083",-223.833645056002,"NRI_P084",50
"42084",-12522.313095056,"NRI_P084",100
"42085",0.00885494402609766,"NRI_P084",25
"42086",-725.055105055973,"NRI_P084",50
"42087",-14679.420155056,"NRI_P084",100
"42088",0.00885494402609766,"NRI_P084",25
"42089",-13921.440745056,"NRI_P084",50
"42090",-13811.092545056,"NRI_P084",100
"42091",0.00885494402609766,"NRI_P084",25
"42092",-14050.666555056,"NRI_P084",50
"42093",-11703.400945056,"NRI_P084",100
"42094",0.00885494402609766,"NRI_P084",25
"42095",-209.775345056027,"NRI_P084",50
"42096",-13257.925565056,"NRI_P084",100
"42097",0.00885494402609766,"NRI_P084",25
"42098",-13590.620945056,"NRI_P084",50
"42099",-13702.612415056,"NRI_P084",100
"42100",0.00885494402609766,"NRI_P084",25
"42101",-599.204745055991,"NRI_P084",50
"42102",-11512.780945056,"NRI_P084",100
"42103",0.00885494402609766,"NRI_P084",25
"42104",-720.374035055982,"NRI_P084",50
"42105",-14470.347405056,"NRI_P084",100
"42106",0.00885494402609766,"NRI_P084",25
"42107",-13832.824645056,"NRI_P084",50
"42108",-5175.36344505602,"NRI_P084",100
"42109",0.00885494402609766,"NRI_P084",25
"42110",-13851.283745056,"NRI_P084",50
"42111",-13427.597015056,"NRI_P084",100
"42112",0.00885494402609766,"NRI_P084",25
"42113",-378.952645056008,"NRI_P084",50
"42114",-14156.949205056,"NRI_P084",100
"42115",0.00885494402609766,"NRI_P084",25
"42116",-712.727135055989,"NRI_P084",50
"42117",-14729.587625056,"NRI_P084",100
"42118",0.00885494402609766,"NRI_P084",25
"42119",-13915.066345056,"NRI_P084",50
"42120",-14507.511145056,"NRI_P084",100
"42121",0.00885494402609766,"NRI_P084",25
"42122",-12720.968145056,"NRI_P084",50
"42123",-14485.168485056,"NRI_P084",100
"42124",0.00885494402609766,"NRI_P084",25
"42125",-700.645355055982,"NRI_P084",50
"42126",-14755.459675056,"NRI_P084",100
"42127",0.00885494402609766,"NRI_P084",25
"42128",-722.079395056004,"NRI_P084",50
"42129",-14267.967955056,"NRI_P084",100
"42130",0.00885494402609766,"NRI_P084",25
"42131",-13775.176045056,"NRI_P084",50
"42132",-14354.475445056,"NRI_P084",100
"42133",0.00885494402609766,"NRI_P084",25
"42134",-12986.633145056,"NRI_P084",50
"42135",-10614.495945056,"NRI_P084",100
"42136",0.00885494402609766,"NRI_P084",25
"42137",-14024.885515056,"NRI_P084",50
"42138",-11675.151445056,"NRI_P084",100
"42139",0.00885494402609766,"NRI_P084",25
"42140",-47.1358450559783,"NRI_P084",50
"42141",-13073.508545056,"NRI_P084",100
"42142",0.00885494402609766,"NRI_P084",25
"42143",2507.654154944,"NRI_P084",50
"42144",-10744.156045056,"NRI_P084",100
"42145",0.00885494402609766,"NRI_P084",25
"42146",-736.831035055977,"NRI_P084",50
"42147",-10272.314545056,"NRI_P084",100
"42148",0.00885494402609766,"NRI_P084",25
"42149",-538.143945056014,"NRI_P084",50
"42150",-14552.359645056,"NRI_P084",100
"42151",0.00885494402609766,"NRI_P084",25
"42152",-671.699345056026,"NRI_P084",50
"42153",-12767.145155056,"NRI_P084",100
"42154",0.00885494402609766,"NRI_P084",25
"42155",-730.113795056008,"NRI_P084",50
"42156",-14183.806745056,"NRI_P084",100
"42157",0.00885494402609766,"NRI_P084",25
"42158",-14041.492465056,"NRI_P084",50
"42159",-13612.665745056,"NRI_P084",100
"42160",0.00885494402609766,"NRI_P084",25
"42161",-12676.184145056,"NRI_P084",50
"42162",-11463.857545056,"NRI_P084",100
"42163",0.00885494402609766,"NRI_P084",25
"42164",-14021.152935056,"NRI_P084",50
"42165",-14650.885585056,"NRI_P084",100
"42166",0.00885494402609766,"NRI_P084",25
"42167",-650.405145056022,"NRI_P084",50
"42168",-13965.255155056,"NRI_P084",100
"42169",0.00885494402609766,"NRI_P084",25
"42170",-13640.587845056,"NRI_P084",50
"42171",-14100.269445056,"NRI_P084",100
"42172",0.00885494402609766,"NRI_P084",25
"42173",-14018.166635056,"NRI_P084",50
"42174",-14179.091845056,"NRI_P084",100
"42175",0.00885494402609766,"NRI_P084",25
"42176",-728.425195056014,"NRI_P084",50
"42177",-10311.497565056,"NRI_P084",100
"42178",0.00885494402609766,"NRI_P084",25
"42179",3205.55015494401,"NRI_P084",50
"42180",-14575.309445056,"NRI_P084",100
"42181",0.00885494402609766,"NRI_P084",25
"42182",-596.954445055977,"NRI_P084",50
"42183",-14407.700945056,"NRI_P084",100
"42184",0.00885494402609766,"NRI_P084",25
"42185",-14030.765995056,"NRI_P084",50
"42186",-13427.597015056,"NRI_P084",100
"42187",0.00885494402609766,"NRI_P084",25
"42188",-730.113795056008,"NRI_P084",50
"42189",-12713.108545056,"NRI_P084",100
"42190",0.00885494402609766,"NRI_P084",25
"42191",-461.178245056013,"NRI_P084",50
"42192",-11906.790345056,"NRI_P084",100
"42193",0.00885494402609766,"NRI_P084",25
"42194",-585.465345056029,"NRI_P084",50
"42195",-14709.947745056,"NRI_P084",100
"42196",0.00885494402609766,"NRI_P084",25
"42197",-696.594765055983,"NRI_P084",50
"42198",-14688.165185056,"NRI_P084",100
"42199",0.00885494402609766,"NRI_P084",25
"42200",-305.961445056018,"NRI_P084",50
"42201",-14198.532845056,"NRI_P084",100
"42202",0.00885494402609766,"NRI_P084",25
"42203",-459.372845056001,"NRI_P084",50
"42204",-14750.765365056,"NRI_P084",100
"42205",0.00885494402609766,"NRI_P084",25
"42206",-13827.402345056,"NRI_P084",50
"42207",-14738.263655056,"NRI_P084",100
"42208",0.00885494402609766,"NRI_P084",25
"42209",-14024.254815056,"NRI_P084",50
"42210",-14295.679325056,"NRI_P084",100
"42211",0.00885494402609766,"NRI_P084",25
"42212",-721.56451505603,"NRI_P084",50
"42213",-14667.033005056,"NRI_P084",100
"42214",0.00885494402609766,"NRI_P084",25
"42215",-612.599945056019,"NRI_P084",50
"42216",-14517.057245056,"NRI_P084",100
"42217",0.00885494402609766,"NRI_P084",25
"42218",-14006.342605056,"NRI_P084",50
"42219",-14339.905055056,"NRI_P084",100
"42220",0.00885494402609766,"NRI_P084",25
"42221",-728.425195056014,"NRI_P084",50
"42222",-14243.752145056,"NRI_P084",100
"42223",0.00885494402609766,"NRI_P084",25
"42224",-81.1589450560277,"NRI_P084",50
"42225",-13718.591805056,"NRI_P084",100
"42226",0.00885494402609766,"NRI_P084",25
"42227",-14031.115495056,"NRI_P084",50
"42228",-14768.627825056,"NRI_P084",100
"42229",0.00885494402609766,"NRI_P084",25
"42230",-721.174315056007,"NRI_P084",50
"42231",-14743.043485056,"NRI_P084",100
"42232",0.00885494402609766,"NRI_P084",25
"42233",-720.374035055982,"NRI_P084",50
"42234",-14725.923015056,"NRI_P084",100
"42235",0.00885494402609766,"NRI_P084",25
"42236",-13945.548145056,"NRI_P084",50
"42237",-14302.787845056,"NRI_P084",100
"42238",0.00885494402609766,"NRI_P084",25
"42239",-287.930645056011,"NRI_P084",50
"42240",-14776.309425056,"NRI_P084",100
"42241",0.00885494402609766,"NRI_P084",25
"42242",-700.871565055975,"NRI_P084",50
"42243",-13729.231035056,"NRI_P084",100
"42244",0.00885494402609766,"NRI_P084",25
"42245",-13718.293445056,"NRI_P084",50
"42246",-11747.038645056,"NRI_P084",100
"42247",0.00885494402609766,"NRI_P084",25
"42248",-13974.298245056,"NRI_P084",50
"42249",-14669.677495056,"NRI_P084",100
"42250",0.00885494402609766,"NRI_P084",25
"42251",3703.66315494402,"NRI_P084",50
"42252",-14288.395715056,"NRI_P084",100
"42253",0.00885494402609766,"NRI_P084",25
"42254",-686.117715055996,"NRI_P084",50
"42255",-14558.827735056,"NRI_P084",100
"42256",0.00885494402609766,"NRI_P084",25
"42257",-686.117715055996,"NRI_P084",50
"42258",1343.002154944,"NRI_P084",100
"42259",0.00885494402609766,"NRI_P084",25
"42260",-714.217785055982,"NRI_P084",50
"42261",-14559.105145056,"NRI_P084",100
"42262",0.00885494402609766,"NRI_P084",25
"42263",-158.670545055997,"NRI_P084",50
"42264",-8690.09984505601,"NRI_P084",100
"42265",0.00885494402609766,"NRI_P084",25
"42266",-648.293445056013,"NRI_P084",50
"42267",-14277.629045056,"NRI_P084",100
"42268",0.00885494402609766,"NRI_P084",25
"42269",1985.86885494401,"NRI_P084",50
"42270",-14645.439385056,"NRI_P084",100
"42271",0.00885494402609766,"NRI_P084",25
"42272",-13612.581045056,"NRI_P084",50
"42273",-11956.572135056,"NRI_P084",100
"42274",0.00885494402609766,"NRI_P084",25
"42275",2619.22115494398,"NRI_P084",50
"42276",-13528.427045056,"NRI_P084",100
"42277",0.00885494402609766,"NRI_P084",25
"42278",-508.047345056024,"NRI_P084",50
"42279",-14337.314945056,"NRI_P084",100
"42280",0.00885494402609766,"NRI_P084",25
"42281",-732.733025056019,"NRI_P084",50
"42282",-14301.517585056,"NRI_P084",100
"42283",0.00885494402609766,"NRI_P084",25
"42284",-13760.238745056,"NRI_P084",50
"42285",-14274.509055056,"NRI_P084",100
"42286",0.00885494402609766,"NRI_P084",25
"42287",-14004.959255056,"NRI_P084",50
"42288",-14563.760345056,"NRI_P084",100
"42289",0.00885494402609766,"NRI_P084",25
"42290",-14024.254815056,"NRI_P084",50
"42291",-14707.040125056,"NRI_P084",100
"42292",0.00885494402609766,"NRI_P084",25
"42293",-13977.624745056,"NRI_P084",50
"42294",-14615.766805056,"NRI_P084",100
"42295",0.00885494402609766,"NRI_P084",25
"42296",-709.045985056029,"NRI_P084",50
"42297",-14570.520545056,"NRI_P084",100
"42298",0.00885494402609766,"NRI_P084",25
"42299",-14037.498405056,"NRI_P084",50
"42300",-14074.130245056,"NRI_P084",100
"42301",1897.05604128801,"NRI_P085",25
"42302",-712.739058712032,"NRI_P085",50
"42303",1959.464361288,"NRI_P085",100
"42304",755.911651287985,"NRI_P085",25
"42305",3845.17283128802,"NRI_P085",50
"42306",1804.57262128801,"NRI_P085",100
"42307",198.175361288013,"NRI_P085",25
"42308",693.878041288001,"NRI_P085",50
"42309",-1014.80946871202,"NRI_P085",100
"42310",415.370641287998,"NRI_P085",25
"42311",4477.49171128799,"NRI_P085",50
"42312",-3663.59977871203,"NRI_P085",100
"42313",1639.15751128801,"NRI_P085",25
"42314",-1279.83178871201,"NRI_P085",50
"42315",14027.403411288,"NRI_P085",100
"42316",-3989.76595871203,"NRI_P085",25
"42317",-1056.821758712,"NRI_P085",50
"42318",250.208481287991,"NRI_P085",100
"42319",-964.418688712001,"NRI_P085",25
"42320",3564.75331128796,"NRI_P085",50
"42321",-4110.33825871203,"NRI_P085",100
"42322",1151.52614128799,"NRI_P085",25
"42323",-1103.109658712,"NRI_P085",50
"42324",-2485.99032871204,"NRI_P085",100
"42325",2453.482111288,"NRI_P085",25
"42326",-301.566048712004,"NRI_P085",50
"42327",-3389.38449871202,"NRI_P085",100
"42328",-429.961288711987,"NRI_P085",25
"42329",6733.01454128796,"NRI_P085",50
"42330",4.19641128799412,"NRI_P085",100
"42331",-1357.72265871201,"NRI_P085",25
"42332",-1766.42483871203,"NRI_P085",50
"42333",1116.71605128801,"NRI_P085",100
"42334",4128.466241288,"NRI_P085",25
"42335",7595.56630128797,"NRI_P085",50
"42336",-4914.70145871199,"NRI_P085",100
"42337",-1457.80445871199,"NRI_P085",25
"42338",5736.78610128799,"NRI_P085",50
"42339",3975.38949128799,"NRI_P085",100
"42340",-952.571858712006,"NRI_P085",25
"42341",16815.447541288,"NRI_P085",50
"42342",-83.2041087120306,"NRI_P085",100
"42343",2118.92144128797,"NRI_P085",25
"42344",-3364.55678871204,"NRI_P085",50
"42345",506.904701287975,"NRI_P085",100
"42346",202.192311287974,"NRI_P085",25
"42347",1158.96074128797,"NRI_P085",50
"42348",-2180.50254871201,"NRI_P085",100
"42349",424.047641287965,"NRI_P085",25
"42350",6282.72778128798,"NRI_P085",50
"42351",15083.250971288,"NRI_P085",100
"42352",-851.643788712041,"NRI_P085",25
"42353",206.256881287962,"NRI_P085",50
"42354",10070.453491288,"NRI_P085",100
"42355",2330.89571128797,"NRI_P085",25
"42356",-1222.82635871199,"NRI_P085",50
"42357",-1974.57161871204,"NRI_P085",100
"42358",69.7576412879862,"NRI_P085",25
"42359",-1790.677188712,"NRI_P085",50
"42360",-3857.606058712,"NRI_P085",100
"42361",-1718.39729871199,"NRI_P085",25
"42362",-2322.35005871201,"NRI_P085",50
"42363",-4393.962238712,"NRI_P085",100
"42364",7548.59101128799,"NRI_P085",25
"42365",-3473.42525871203,"NRI_P085",50
"42366",-322.371508712007,"NRI_P085",100
"42367",-3307.72625871201,"NRI_P085",25
"42368",-3270.33075871202,"NRI_P085",50
"42369",481.344301287958,"NRI_P085",100
"42370",685.174711288011,"NRI_P085",25
"42371",-839.003808712005,"NRI_P085",50
"42372",3260.04381128796,"NRI_P085",100
"42373",2449.89314128796,"NRI_P085",25
"42374",-2198.15327871201,"NRI_P085",50
"42375",3238.05232128798,"NRI_P085",100
"42376",240.138331288006,"NRI_P085",25
"42377",-1399.88143871201,"NRI_P085",50
"42378",-1890.66752871202,"NRI_P085",100
"42379",1922.71694128797,"NRI_P085",25
"42380",-2744.47664871201,"NRI_P085",50
"42381",3170.58937128796,"NRI_P085",100
"42382",83.6042712879716,"NRI_P085",25
"42383",907.411981287994,"NRI_P085",50
"42384",-1963.80641871202,"NRI_P085",100
"42385",-1683.53357871203,"NRI_P085",25
"42386",3674.23580128798,"NRI_P085",50
"42387",691.667861288006,"NRI_P085",100
"42388",109.242241288011,"NRI_P085",25
"42389",311.14149128797,"NRI_P085",50
"42390",13082.249211288,"NRI_P085",100
"42391",2183.10704128799,"NRI_P085",25
"42392",-614.277928712021,"NRI_P085",50
"42393",16955.745571288,"NRI_P085",100
"42394",64.1154112879885,"NRI_P085",25
"42395",494.322211287974,"NRI_P085",50
"42396",-3367.095838712,"NRI_P085",100
"42397",-1040.12910871202,"NRI_P085",25
"42398",-1185.927548712,"NRI_P085",50
"42399",28952.475611288,"NRI_P085",100
"42400",-4117.641848712,"NRI_P085",25
"42401",-3122.44895871199,"NRI_P085",50
"42402",-3046.38073871203,"NRI_P085",100
"42403",-882.411828712036,"NRI_P085",25
"42404",17516.999601288,"NRI_P085",50
"42405",8280.30943128798,"NRI_P085",100
"42406",1652.407541288,"NRI_P085",25
"42407",1518.338741288,"NRI_P085",50
"42408",-2431.66126871202,"NRI_P085",100
"42409",-2317.31124871201,"NRI_P085",25
"42410",-2676.24491871201,"NRI_P085",50
"42411",1724.29181128799,"NRI_P085",100
"42412",25837.389041288,"NRI_P085",25
"42413",4650.01579128799,"NRI_P085",50
"42414",-3427.523438712,"NRI_P085",100
"42415",9450.56664128799,"NRI_P085",25
"42416",578.005461287976,"NRI_P085",50
"42417",6410.58879128797,"NRI_P085",100
"42418",156.17274128797,"NRI_P085",25
"42419",-4270.61285871203,"NRI_P085",50
"42420",11513.058521288,"NRI_P085",100
"42421",-500.608898712031,"NRI_P085",25
"42422",1893.793801288,"NRI_P085",50
"42423",-280.497288712009,"NRI_P085",100
"42424",-1157.55954871199,"NRI_P085",25
"42425",585.688541287964,"NRI_P085",50
"42426",-1449.26494871202,"NRI_P085",100
"42427",24486.740341288,"NRI_P085",25
"42428",-1323.479048712,"NRI_P085",50
"42429",17662.610271288,"NRI_P085",100
"42430",-2639.36769871204,"NRI_P085",25
"42431",-1636.30573871202,"NRI_P085",50
"42432",4198.20921128796,"NRI_P085",100
"42433",-2501.31845871202,"NRI_P085",25
"42434",-1340.92389871203,"NRI_P085",50
"42435",-5429.947308712,"NRI_P085",100
"42436",-45.2547587120207,"NRI_P085",25
"42437",-3240.92304871202,"NRI_P085",50
"42438",-1121.69578871201,"NRI_P085",100
"42439",787.873541287961,"NRI_P085",25
"42440",-1667.84905871202,"NRI_P085",50
"42441",-1924.02136871201,"NRI_P085",100
"42442",-1190.057578712,"NRI_P085",25
"42443",8822.94984128798,"NRI_P085",50
"42444",11588.866801288,"NRI_P085",100
"42445",-2017.842558712,"NRI_P085",25
"42446",-492.603678712039,"NRI_P085",50
"42447",19752.791391288,"NRI_P085",100
"42448",321.278421288007,"NRI_P085",25
"42449",-1752.54515871202,"NRI_P085",50
"42450",-3906.78750871203,"NRI_P085",100
"42451",284.370311287988,"NRI_P085",25
"42452",11572.485501288,"NRI_P085",50
"42453",-3915.71048871201,"NRI_P085",100
"42454",1771.02294128801,"NRI_P085",25
"42455",2343.06521128799,"NRI_P085",50
"42456",1747.67732128798,"NRI_P085",100
"42457",21.5094412880135,"NRI_P085",25
"42458",1316.07591128798,"NRI_P085",50
"42459",1800.52380128799,"NRI_P085",100
"42460",1487.52644128801,"NRI_P085",25
"42461",6034.32454128796,"NRI_P085",50
"42462",-1403.21391871199,"NRI_P085",100
"42463",245.53701128799,"NRI_P085",25
"42464",10358.834641288,"NRI_P085",50
"42465",288.480171288014,"NRI_P085",100
"42466",-4111.16986871202,"NRI_P085",25
"42467",-3418.264808712,"NRI_P085",50
"42468",350.371511287987,"NRI_P085",100
"42469",-1050.79515871202,"NRI_P085",25
"42470",-3582.58240871201,"NRI_P085",50
"42471",240.471871287969,"NRI_P085",100
"42472",-1460.68665871199,"NRI_P085",25
"42473",-1024.361508712,"NRI_P085",50
"42474",-3963.40254871204,"NRI_P085",100
"42475",-167.538108712004,"NRI_P085",25
"42476",-4464.31192871201,"NRI_P085",50
"42477",5425.95840128796,"NRI_P085",100
"42478",-3968.99187871203,"NRI_P085",25
"42479",8646.902441288,"NRI_P085",50
"42480",35396.887691288,"NRI_P085",100
"42481",-3498.90935871203,"NRI_P085",25
"42482",139.97226128797,"NRI_P085",50
"42483",860.445591287978,"NRI_P085",100
"42484",-127.990208711999,"NRI_P085",25
"42485",-918.743278712034,"NRI_P085",50
"42486",22576.640021288,"NRI_P085",100
"42487",3639.10744128801,"NRI_P085",25
"42488",1515.539481288,"NRI_P085",50
"42489",4934.40910128801,"NRI_P085",100
"42490",12731.142901288,"NRI_P085",25
"42491",5020.55991128797,"NRI_P085",50
"42492",-2564.83771871199,"NRI_P085",100
"42493",-1100.60938871204,"NRI_P085",25
"42494",-10.7893887120299,"NRI_P085",50
"42495",-2591.179428712,"NRI_P085",100
"42496",-343.520708711992,"NRI_P085",25
"42497",-1312.74998871202,"NRI_P085",50
"42498",11562.634431288,"NRI_P085",100
"42499",7325.35074128798,"NRI_P085",25
"42500",1583.62651128799,"NRI_P085",50
"42501",-2633.48089871201,"NRI_P085",100
"42502",-1374.81585871201,"NRI_P085",25
"42503",6080.18661128799,"NRI_P085",50
"42504",13203.186421288,"NRI_P085",100
"42505",1149.18597128801,"NRI_P085",25
"42506",-1573.95835871203,"NRI_P085",50
"42507",2702.57923128799,"NRI_P085",100
"42508",7460.33121128799,"NRI_P085",25
"42509",136.307721288002,"NRI_P085",50
"42510",-1012.02485871199,"NRI_P085",100
"42511",3034.89889128797,"NRI_P085",25
"42512",-3988.21891871199,"NRI_P085",50
"42513",1511.64763128798,"NRI_P085",100
"42514",4017.244541288,"NRI_P085",25
"42515",-4525.18427871203,"NRI_P085",50
"42516",3420.61066128797,"NRI_P085",100
"42517",7256.81251128798,"NRI_P085",25
"42518",-1697.924788712,"NRI_P085",50
"42519",1293.09350128798,"NRI_P085",100
"42520",-618.36135871202,"NRI_P085",25
"42521",1489.04564128799,"NRI_P085",50
"42522",1142.35162128799,"NRI_P085",100
"42523",-1225.34413871204,"NRI_P085",25
"42524",158.322661287966,"NRI_P085",50
"42525",4209.38890128798,"NRI_P085",100
"42526",135.40288128797,"NRI_P085",25
"42527",1425.79630128801,"NRI_P085",50
"42528",17920.058491288,"NRI_P085",100
"42529",1419.07214128796,"NRI_P085",25
"42530",-2823.33780871204,"NRI_P085",50
"42531",18815.497941288,"NRI_P085",100
"42532",2866.96814128797,"NRI_P085",25
"42533",-1483.52611871203,"NRI_P085",50
"42534",-1628.14644871204,"NRI_P085",100
"42535",-3922.623128712,"NRI_P085",25
"42536",1391.278841288,"NRI_P085",50
"42537",18654.421231288,"NRI_P085",100
"42538",-1414.43412871199,"NRI_P085",25
"42539",1449.41204128799,"NRI_P085",50
"42540",-3220.76066871203,"NRI_P085",100
"42541",-1419.72269871202,"NRI_P085",25
"42542",-1538.01316871203,"NRI_P085",50
"42543",-3530.67479871202,"NRI_P085",100
"42544",-236.963958712004,"NRI_P085",25
"42545",-1084.18959871202,"NRI_P085",50
"42546",10971.454721288,"NRI_P085",100
"42547",-2756.02685871202,"NRI_P085",25
"42548",1395.98671128799,"NRI_P085",50
"42549",-3757.80518871202,"NRI_P085",100
"42550",475.337841288012,"NRI_P085",25
"42551",-593.045148712001,"NRI_P085",50
"42552",12878.434611288,"NRI_P085",100
"42553",-41.8255087120342,"NRI_P085",25
"42554",-1176.37384871201,"NRI_P085",50
"42555",1773.57767128799,"NRI_P085",100
"42556",-1897.10995871201,"NRI_P085",25
"42557",-594.241358712025,"NRI_P085",50
"42558",-4300.42110871203,"NRI_P085",100
"42559",8057.69761128799,"NRI_P085",25
"42560",-118.075608712039,"NRI_P085",50
"42561",-1062.405998712,"NRI_P085",100
"42562",926.887571287982,"NRI_P085",25
"42563",-1064.17155871203,"NRI_P085",50
"42564",21173.381751288,"NRI_P085",100
"42565",6058.37774128799,"NRI_P085",25
"42566",5680.41791128798,"NRI_P085",50
"42567",13215.645371288,"NRI_P085",100
"42568",9.90354128798936,"NRI_P085",25
"42569",-4759.01478871203,"NRI_P085",50
"42570",-2220.69484871201,"NRI_P085",100
"42571",178.847611287958,"NRI_P085",25
"42572",-1857.95885871199,"NRI_P085",50
"42573",11450.650111288,"NRI_P085",100
"42574",1002.29981128796,"NRI_P085",25
"42575",-1432.47306871199,"NRI_P085",50
"42576",-3919.83036871202,"NRI_P085",100
"42577",-2664.31115871202,"NRI_P085",25
"42578",1351.782731288,"NRI_P085",50
"42579",5532.36387128796,"NRI_P085",100
"42580",-229.385678711988,"NRI_P085",25
"42581",-1661.60185871203,"NRI_P085",50
"42582",2013.805611288,"NRI_P085",100
"42583",8955.68154128798,"NRI_P085",25
"42584",-3933.64794871199,"NRI_P085",50
"42585",2822.64052128798,"NRI_P085",100
"42586",33885.975141288,"NRI_P085",25
"42587",979.243381287961,"NRI_P085",50
"42588",14552.183011288,"NRI_P085",100
"42589",-1783.75798871199,"NRI_P085",25
"42590",-917.446998712025,"NRI_P085",50
"42591",-3575.95982871199,"NRI_P085",100
"42592",6274.74714128801,"NRI_P085",25
"42593",-3019.79137871199,"NRI_P085",50
"42594",2174.42861128796,"NRI_P085",100
"42595",423.158751287963,"NRI_P085",25
"42596",3667.73501128796,"NRI_P085",50
"42597",-2319.92009871203,"NRI_P085",100
"42598",382.865301287966,"NRI_P085",25
"42599",-3081.23472871201,"NRI_P085",50
"42600",23446.272751288,"NRI_P085",100
"42601",-1238.75109936605,"NRI_P086",25
"42602",-1456.060679366,"NRI_P086",50
"42603",10855.959490634,"NRI_P086",100
"42604",-25.87990936602,"NRI_P086",25
"42605",3187.64479063399,"NRI_P086",50
"42606",-301.968679366051,"NRI_P086",100
"42607",-849.299359366007,"NRI_P086",25
"42608",14.5810206339811,"NRI_P086",50
"42609",-1441.10708936601,"NRI_P086",100
"42610",620.841580633947,"NRI_P086",25
"42611",1162.75689063396,"NRI_P086",50
"42612",-1852.013369366,"NRI_P086",100
"42613",-59.256729366025,"NRI_P086",25
"42614",3144.603030634,"NRI_P086",50
"42615",8545.50660063396,"NRI_P086",100
"42616",1160.63339063397,"NRI_P086",25
"42617",777.111530633993,"NRI_P086",50
"42618",9656.73044063395,"NRI_P086",100
"42619",1173.22499063396,"NRI_P086",25
"42620",450.228630633967,"NRI_P086",50
"42621",-1473.41472936602,"NRI_P086",100
"42622",3435.84283063398,"NRI_P086",25
"42623",542.990750633995,"NRI_P086",50
"42624",-553.706229366013,"NRI_P086",100
"42625",-767.327659366012,"NRI_P086",25
"42626",2597.90199063398,"NRI_P086",50
"42627",2170.01396063395,"NRI_P086",100
"42628",7942.36119063396,"NRI_P086",25
"42629",1563.611600634,"NRI_P086",50
"42630",-756.31349936605,"NRI_P086",100
"42631",-1093.20322936604,"NRI_P086",25
"42632",-1185.910919366,"NRI_P086",50
"42633",2354.27816063398,"NRI_P086",100
"42634",-444.238279366051,"NRI_P086",25
"42635",2937.73049063399,"NRI_P086",50
"42636",1256.508890634,"NRI_P086",100
"42637",-563.175949366007,"NRI_P086",25
"42638",4944.76129063399,"NRI_P086",50
"42639",-2525.86296936602,"NRI_P086",100
"42640",-784.655309366004,"NRI_P086",25
"42641",-765.042109366041,"NRI_P086",50
"42642",-1474.91788936604,"NRI_P086",100
"42643",559.720190633961,"NRI_P086",25
"42644",893.237990633992,"NRI_P086",50
"42645",9386.88249063399,"NRI_P086",100
"42646",-973.631509366038,"NRI_P086",25
"42647",-501.442199366051,"NRI_P086",50
"42648",-1547.26412936603,"NRI_P086",100
"42649",425.503890633991,"NRI_P086",25
"42650",163.743740634003,"NRI_P086",50
"42651",3660.77617063397,"NRI_P086",100
"42652",1099.10638063395,"NRI_P086",25
"42653",-1391.61590936605,"NRI_P086",50
"42654",12733.918890634,"NRI_P086",100
"42655",-455.498059366015,"NRI_P086",25
"42656",-428.383829366008,"NRI_P086",50
"42657",-956.571209366026,"NRI_P086",100
"42658",-286.093459366006,"NRI_P086",25
"42659",-44.2209093660349,"NRI_P086",50
"42660",5420.23659063398,"NRI_P086",100
"42661",1150.81569063396,"NRI_P086",25
"42662",1642.230790634,"NRI_P086",50
"42663",-1450.98284936603,"NRI_P086",100
"42664",3625.55419063399,"NRI_P086",25
"42665",1965.15739063395,"NRI_P086",50
"42666",10725.438310634,"NRI_P086",100
"42667",926.066520633991,"NRI_P086",25
"42668",220.18782063399,"NRI_P086",50
"42669",-1164.600919366,"NRI_P086",100
"42670",-647.463109366014,"NRI_P086",25
"42671",-1720.71915936604,"NRI_P086",50
"42672",-2261.35795936605,"NRI_P086",100
"42673",-369.242809366027,"NRI_P086",25
"42674",1.7189406339894,"NRI_P086",50
"42675",-743.131489366002,"NRI_P086",100
"42676",-888.022509366041,"NRI_P086",25
"42677",-173.543309366039,"NRI_P086",50
"42678",-2476.64953936602,"NRI_P086",100
"42679",151.781100633962,"NRI_P086",25
"42680",8940.81739063398,"NRI_P086",50
"42681",13215.475490634,"NRI_P086",100
"42682",-585.151699366048,"NRI_P086",25
"42683",570.900490633969,"NRI_P086",50
"42684",-1415.46716936602,"NRI_P086",100
"42685",500.977480633999,"NRI_P086",25
"42686",529.129390633956,"NRI_P086",50
"42687",-2032.79040936602,"NRI_P086",100
"42688",-883.979409366031,"NRI_P086",25
"42689",5540.61639063398,"NRI_P086",50
"42690",-591.776079366042,"NRI_P086",100
"42691",581.151390633953,"NRI_P086",25
"42692",4217.21952063398,"NRI_P086",50
"42693",2143.08986063395,"NRI_P086",100
"42694",7551.358290634,"NRI_P086",25
"42695",1536.41719063395,"NRI_P086",50
"42696",1223.13602063397,"NRI_P086",100
"42697",-312.388599366008,"NRI_P086",25
"42698",1633.784530634,"NRI_P086",50
"42699",1370.04253063397,"NRI_P086",100
"42700",-535.116409366019,"NRI_P086",25
"42701",-1707.370489366,"NRI_P086",50
"42702",-709.098109366023,"NRI_P086",100
"42703",-718.463109366014,"NRI_P086",25
"42704",-890.48609936604,"NRI_P086",50
"42705",-2836.35661936604,"NRI_P086",100
"42706",-8.29980936599895,"NRI_P086",25
"42707",8010.88722063397,"NRI_P086",50
"42708",-1988.91094936605,"NRI_P086",100
"42709",-410.62625936605,"NRI_P086",25
"42710",-745.155019366008,"NRI_P086",50
"42711",-223.141179366037,"NRI_P086",100
"42712",-391.844309366017,"NRI_P086",25
"42713",-436.32720936602,"NRI_P086",50
"42714",-1048.92015936604,"NRI_P086",100
"42715",-920.452459366003,"NRI_P086",25
"42716",-919.255709366,"NRI_P086",50
"42717",172.380190633994,"NRI_P086",100
"42718",4932.091090634,"NRI_P086",25
"42719",-761.141819366021,"NRI_P086",50
"42720",3614.21681063395,"NRI_P086",100
"42721",800.964890634001,"NRI_P086",25
"42722",929.456590633956,"NRI_P086",50
"42723",13606.249440634,"NRI_P086",100
"42724",-499.956209366035,"NRI_P086",25
"42725",112.279800633958,"NRI_P086",50
"42726",12900.602240634,"NRI_P086",100
"42727",1263.101540634,"NRI_P086",25
"42728",7368.016290634,"NRI_P086",50
"42729",12689.865510634,"NRI_P086",100
"42730",15419.006090634,"NRI_P086",25
"42731",-327.348579366051,"NRI_P086",50
"42732",7849.02519063395,"NRI_P086",100
"42733",-1051.06490936602,"NRI_P086",25
"42734",-1794.322949366,"NRI_P086",50
"42735",-2162.37279936601,"NRI_P086",100
"42736",1059.10189063399,"NRI_P086",25
"42737",1687.56319063395,"NRI_P086",50
"42738",2580.03860063397,"NRI_P086",100
"42739",-480.392209366022,"NRI_P086",25
"42740",12001.723870634,"NRI_P086",50
"42741",-487.864779366006,"NRI_P086",100
"42742",-312.311509366031,"NRI_P086",25
"42743",3451.29419063398,"NRI_P086",50
"42744",-377.636339366029,"NRI_P086",100
"42745",3863.56089063396,"NRI_P086",25
"42746",5414.68637063395,"NRI_P086",50
"42747",8837.624090634,"NRI_P086",100
"42748",-1521.84151936602,"NRI_P086",25
"42749",-1802.54063936602,"NRI_P086",50
"42750",-1660.70080936601,"NRI_P086",100
"42751",13513.162390634,"NRI_P086",25
"42752",5768.68347063399,"NRI_P086",50
"42753",-1407.49279936601,"NRI_P086",100
"42754",-709.624969366007,"NRI_P086",25
"42755",-1384.32082936604,"NRI_P086",50
"42756",1952.98599063396,"NRI_P086",100
"42757",193.337690633954,"NRI_P086",25
"42758",7114.42032063397,"NRI_P086",50
"42759",7404.738060634,"NRI_P086",100
"42760",-517.410409366013,"NRI_P086",25
"42761",-1770.99210936605,"NRI_P086",50
"42762",1665.80062063399,"NRI_P086",100
"42763",8083.46999063395,"NRI_P086",25
"42764",-1723.92677936604,"NRI_P086",50
"42765",-798.068639366014,"NRI_P086",100
"42766",-137.415509366023,"NRI_P086",25
"42767",-518.318809366028,"NRI_P086",50
"42768",-1903.84000936605,"NRI_P086",100
"42769",1345.30749063398,"NRI_P086",25
"42770",138.671390633972,"NRI_P086",50
"42771",29639.309320634,"NRI_P086",100
"42772",-930.46875936602,"NRI_P086",25
"42773",216.664730633958,"NRI_P086",50
"42774",14521.582540634,"NRI_P086",100
"42775",1883.19459063397,"NRI_P086",25
"42776",534.031820633973,"NRI_P086",50
"42777",22152.632340634,"NRI_P086",100
"42778",-285.134169366036,"NRI_P086",25
"42779",-681.775199366035,"NRI_P086",50
"42780",2041.055850634,"NRI_P086",100
"42781",-1288.734909366,"NRI_P086",25
"42782",26721.742710634,"NRI_P086",50
"42783",1904.93086063396,"NRI_P086",100
"42784",3206.68879063398,"NRI_P086",25
"42785",2940.351180634,"NRI_P086",50
"42786",-2041.38792936603,"NRI_P086",100
"42787",8628.37579063396,"NRI_P086",25
"42788",4597.77009063395,"NRI_P086",50
"42789",2807.73669063399,"NRI_P086",100
"42790",2944.08399063395,"NRI_P086",25
"42791",819.525890633988,"NRI_P086",50
"42792",-326.544889366021,"NRI_P086",100
"42793",-410.478499366029,"NRI_P086",25
"42794",-1059.83747936605,"NRI_P086",50
"42795",550.867940633965,"NRI_P086",100
"42796",694.532090633991,"NRI_P086",25
"42797",-1176.80194936605,"NRI_P086",50
"42798",-3217.59005936602,"NRI_P086",100
"42799",-208.827479366038,"NRI_P086",25
"42800",541.069430633972,"NRI_P086",50
"42801",-2952.11226936604,"NRI_P086",100
"42802",-646.940809366002,"NRI_P086",25
"42803",2303.52089063398,"NRI_P086",50
"42804",1487.67405063397,"NRI_P086",100
"42805",-235.418959366041,"NRI_P086",25
"42806",-1978.43261936604,"NRI_P086",50
"42807",-382.544199366006,"NRI_P086",100
"42808",-941.568559366046,"NRI_P086",25
"42809",-925.733009366028,"NRI_P086",50
"42810",-2343.29272936605,"NRI_P086",100
"42811",46.8728906339966,"NRI_P086",25
"42812",8446.54909063398,"NRI_P086",50
"42813",5740.87941063399,"NRI_P086",100
"42814",-262.50430936605,"NRI_P086",25
"42815",9809.58119063399,"NRI_P086",50
"42816",1838.73881063395,"NRI_P086",100
"42817",-1451.26442936604,"NRI_P086",25
"42818",11090.855090634,"NRI_P086",50
"42819",5483.790530634,"NRI_P086",100
"42820",-937.916109366051,"NRI_P086",25
"42821",-1292.65808936604,"NRI_P086",50
"42822",-1874.89163936605,"NRI_P086",100
"42823",-158.454999366018,"NRI_P086",25
"42824",111.569990633987,"NRI_P086",50
"42825",12795.968440634,"NRI_P086",100
"42826",-596.665799366019,"NRI_P086",25
"42827",423.378620633972,"NRI_P086",50
"42828",-2749.29982936603,"NRI_P086",100
"42829",-75.6230293660192,"NRI_P086",25
"42830",-547.336709366005,"NRI_P086",50
"42831",-2399.994159366,"NRI_P086",100
"42832",-466.887209366017,"NRI_P086",25
"42833",-696.231609366019,"NRI_P086",50
"42834",12171.255340634,"NRI_P086",100
"42835",-997.099009366008,"NRI_P086",25
"42836",8841.91547063395,"NRI_P086",50
"42837",-1688.118509366,"NRI_P086",100
"42838",-411.977679366013,"NRI_P086",25
"42839",-820.087659366021,"NRI_P086",50
"42840",3925.02204063395,"NRI_P086",100
"42841",-221.963489365997,"NRI_P086",25
"42842",3668.731990634,"NRI_P086",50
"42843",-2056.39607936604,"NRI_P086",100
"42844",-2.23597936599981,"NRI_P086",25
"42845",-1457.858609366,"NRI_P086",50
"42846",8082.71059063397,"NRI_P086",100
"42847",-1190.04360936605,"NRI_P086",25
"42848",-225.510609366,"NRI_P086",50
"42849",2552.245100634,"NRI_P086",100
"42850",-708.892399366014,"NRI_P086",25
"42851",6850.22689063399,"NRI_P086",50
"42852",3831.58479063399,"NRI_P086",100
"42853",-1138.41080936603,"NRI_P086",25
"42854",-339.808509366005,"NRI_P086",50
"42855",-672.235269366007,"NRI_P086",100
"42856",-403.238909366017,"NRI_P086",25
"42857",-1819.365329366,"NRI_P086",50
"42858",8441.968070634,"NRI_P086",100
"42859",-1316.07647936605,"NRI_P086",25
"42860",-737.350999366026,"NRI_P086",50
"42861",5789.82959063398,"NRI_P086",100
"42862",-615.636709366052,"NRI_P086",25
"42863",1296.80349063396,"NRI_P086",50
"42864",3269.84649063397,"NRI_P086",100
"42865",-1528.52340936603,"NRI_P086",25
"42866",-1258.37324936601,"NRI_P086",50
"42867",8206.80089063395,"NRI_P086",100
"42868",-1423.90000936604,"NRI_P086",25
"42869",10248.353590634,"NRI_P086",50
"42870",-2174.04759936605,"NRI_P086",100
"42871",5498.485690634,"NRI_P086",25
"42872",120.908840633987,"NRI_P086",50
"42873",3895.88880063395,"NRI_P086",100
"42874",-1376.06000936602,"NRI_P086",25
"42875",5702.45085063396,"NRI_P086",50
"42876",5479.12124063395,"NRI_P086",100
"42877",-749.950169366028,"NRI_P086",25
"42878",-351.651129366015,"NRI_P086",50
"42879",-988.612739366014,"NRI_P086",100
"42880",921.924690633954,"NRI_P086",25
"42881",256.511420633993,"NRI_P086",50
"42882",2056.63096063398,"NRI_P086",100
"42883",317.687890633999,"NRI_P086",25
"42884",421.494940634002,"NRI_P086",50
"42885",-977.12990936602,"NRI_P086",100
"42886",-410.668029366003,"NRI_P086",25
"42887",13432.940090634,"NRI_P086",50
"42888",-1951.54139936605,"NRI_P086",100
"42889",1875.71759063395,"NRI_P086",25
"42890",-489.04800936603,"NRI_P086",50
"42891",506.76959063398,"NRI_P086",100
"42892",-391.740109366016,"NRI_P086",25
"42893",-995.799309366033,"NRI_P086",50
"42894",-1009.57513936603,"NRI_P086",100
"42895",-175.110809366044,"NRI_P086",25
"42896",-273.761309366033,"NRI_P086",50
"42897",-260.147809365997,"NRI_P086",100
"42898",214.155890633992,"NRI_P086",25
"42899",469.572110633948,"NRI_P086",50
"42900",2226.243900634,"NRI_P086",100
"42901",-0.00538766701356508,"NRI_P087",25
"42902",-0.00538766701356508,"NRI_P087",50
"42903",111.426932333008,"NRI_P087",100
"42904",-0.00538766701356508,"NRI_P087",25
"42905",-0.00538766701356508,"NRI_P087",50
"42906",1240.642402333,"NRI_P087",100
"42907",-0.00538766701356508,"NRI_P087",25
"42908",-0.00538766701356508,"NRI_P087",50
"42909",368.419332332996,"NRI_P087",100
"42910",-0.00538766701356508,"NRI_P087",25
"42911",-0.00538766701356508,"NRI_P087",50
"42912",-6222.54578766701,"NRI_P087",100
"42913",-0.00538766701356508,"NRI_P087",25
"42914",-0.00538766701356508,"NRI_P087",50
"42915",482.247912332998,"NRI_P087",100
"42916",-0.00538766701356508,"NRI_P087",25
"42917",-0.00538766701356508,"NRI_P087",50
"42918",-2156.14739766699,"NRI_P087",100
"42919",-0.00538766701356508,"NRI_P087",25
"42920",-0.00538766701356508,"NRI_P087",50
"42921",59.2929123330105,"NRI_P087",100
"42922",-0.00538766701356508,"NRI_P087",25
"42923",-0.00538766701356508,"NRI_P087",50
"42924",-110.010227666993,"NRI_P087",100
"42925",-0.00538766701356508,"NRI_P087",25
"42926",-0.00538766701356508,"NRI_P087",50
"42927",1239.27711233299,"NRI_P087",100
"42928",-0.00538766701356508,"NRI_P087",25
"42929",-0.00538766701356508,"NRI_P087",50
"42930",88.9725323329912,"NRI_P087",100
"42931",-0.00538766701356508,"NRI_P087",25
"42932",-0.00538766701356508,"NRI_P087",50
"42933",425.60681233299,"NRI_P087",100
"42934",-0.00538766701356508,"NRI_P087",25
"42935",-0.00538766701356508,"NRI_P087",50
"42936",11.9361123330018,"NRI_P087",100
"42937",-0.00538766701356508,"NRI_P087",25
"42938",-0.00538766701356508,"NRI_P087",50
"42939",-225.929787667003,"NRI_P087",100
"42940",-0.00538766701356508,"NRI_P087",25
"42941",-0.00538766701356508,"NRI_P087",50
"42942",-53.244387667015,"NRI_P087",100
"42943",-0.00538766701356508,"NRI_P087",25
"42944",-0.00538766701356508,"NRI_P087",50
"42945",-2732.15188766702,"NRI_P087",100
"42946",-0.00538766701356508,"NRI_P087",25
"42947",-0.00538766701356508,"NRI_P087",50
"42948",18.9115223329864,"NRI_P087",100
"42949",-0.00538766701356508,"NRI_P087",25
"42950",-0.00538766701356508,"NRI_P087",50
"42951",-587.876057666988,"NRI_P087",100
"42952",-0.00538766701356508,"NRI_P087",25
"42953",-0.00538766701356508,"NRI_P087",50
"42954",52.9059023330046,"NRI_P087",100
"42955",-0.00538766701356508,"NRI_P087",25
"42956",-0.00538766701356508,"NRI_P087",50
"42957",545.555812332983,"NRI_P087",100
"42958",-0.00538766701356508,"NRI_P087",25
"42959",-0.00538766701356508,"NRI_P087",50
"42960",1243.012612333,"NRI_P087",100
"42961",-0.00538766701356508,"NRI_P087",25
"42962",-0.00538766701356508,"NRI_P087",50
"42963",-58.6258576670079,"NRI_P087",100
"42964",-0.00538766701356508,"NRI_P087",25
"42965",-0.00538766701356508,"NRI_P087",50
"42966",4981.51874233299,"NRI_P087",100
"42967",-0.00538766701356508,"NRI_P087",25
"42968",-0.00538766701356508,"NRI_P087",50
"42969",-31.2187876669923,"NRI_P087",100
"42970",-0.00538766701356508,"NRI_P087",25
"42971",-0.00538766701356508,"NRI_P087",50
"42972",1203.098122333,"NRI_P087",100
"42973",-0.00538766701356508,"NRI_P087",25
"42974",-0.00538766701356508,"NRI_P087",50
"42975",155.963712333003,"NRI_P087",100
"42976",-0.00538766701356508,"NRI_P087",25
"42977",-0.00538766701356508,"NRI_P087",50
"42978",64.616102333006,"NRI_P087",100
"42979",-0.00538766701356508,"NRI_P087",25
"42980",-0.00538766701356508,"NRI_P087",50
"42981",-98.8558076670161,"NRI_P087",100
"42982",-0.00538766701356508,"NRI_P087",25
"42983",-0.00538766701356508,"NRI_P087",50
"42984",321.995512333,"NRI_P087",100
"42985",-0.00538766701356508,"NRI_P087",25
"42986",-0.00538766701356508,"NRI_P087",50
"42987",1351.60603233299,"NRI_P087",100
"42988",-0.00538766701356508,"NRI_P087",25
"42989",-0.00538766701356508,"NRI_P087",50
"42990",-89.3675876670168,"NRI_P087",100
"42991",-0.00538766701356508,"NRI_P087",25
"42992",-0.00538766701356508,"NRI_P087",50
"42993",625.086012332991,"NRI_P087",100
"42994",-0.00538766701356508,"NRI_P087",25
"42995",-0.00538766701356508,"NRI_P087",50
"42996",5.60660233299132,"NRI_P087",100
"42997",-0.00538766701356508,"NRI_P087",25
"42998",-0.00538766701356508,"NRI_P087",50
"42999",76.0640423329896,"NRI_P087",100
"43000",-0.00538766701356508,"NRI_P087",25
"43001",-0.00538766701356508,"NRI_P087",50
"43002",-1186.267287667,"NRI_P087",100
"43003",-0.00538766701356508,"NRI_P087",25
"43004",-0.00538766701356508,"NRI_P087",50
"43005",-587.064837667014,"NRI_P087",100
"43006",-0.00538766701356508,"NRI_P087",25
"43007",-0.00538766701356508,"NRI_P087",50
"43008",-38.2641376669926,"NRI_P087",100
"43009",-0.00538766701356508,"NRI_P087",25
"43010",-0.00538766701356508,"NRI_P087",50
"43011",-1385.47048766701,"NRI_P087",100
"43012",-0.00538766701356508,"NRI_P087",25
"43013",-0.00538766701356508,"NRI_P087",50
"43014",-418.335967666993,"NRI_P087",100
"43015",-0.00538766701356508,"NRI_P087",25
"43016",-0.00538766701356508,"NRI_P087",50
"43017",81.105212333001,"NRI_P087",100
"43018",-0.00538766701356508,"NRI_P087",25
"43019",-0.00538766701356508,"NRI_P087",50
"43020",15.8078523330041,"NRI_P087",100
"43021",-0.00538766701356508,"NRI_P087",25
"43022",-0.00538766701356508,"NRI_P087",50
"43023",550.173252332985,"NRI_P087",100
"43024",-0.00538766701356508,"NRI_P087",25
"43025",-0.00538766701356508,"NRI_P087",50
"43026",-362.244787667005,"NRI_P087",100
"43027",-0.00538766701356508,"NRI_P087",25
"43028",-0.00538766701356508,"NRI_P087",50
"43029",-200.902867666999,"NRI_P087",100
"43030",-0.00538766701356508,"NRI_P087",25
"43031",-0.00538766701356508,"NRI_P087",50
"43032",1305.32291233301,"NRI_P087",100
"43033",-0.00538766701356508,"NRI_P087",25
"43034",-0.00538766701356508,"NRI_P087",50
"43035",841.435222333006,"NRI_P087",100
"43036",-0.00538766701356508,"NRI_P087",25
"43037",-0.00538766701356508,"NRI_P087",50
"43038",-184.129127666994,"NRI_P087",100
"43039",-0.00538766701356508,"NRI_P087",25
"43040",-0.00538766701356508,"NRI_P087",50
"43041",-1330.49855766702,"NRI_P087",100
"43042",-0.00538766701356508,"NRI_P087",25
"43043",-0.00538766701356508,"NRI_P087",50
"43044",-75.6736876670038,"NRI_P087",100
"43045",-0.00538766701356508,"NRI_P087",25
"43046",-0.00538766701356508,"NRI_P087",50
"43047",-3218.13956766701,"NRI_P087",100
"43048",-0.00538766701356508,"NRI_P087",25
"43049",-0.00538766701356508,"NRI_P087",50
"43050",399.777982333006,"NRI_P087",100
"43051",-0.00538766701356508,"NRI_P087",25
"43052",-0.00538766701356508,"NRI_P087",50
"43053",-1411.76129766699,"NRI_P087",100
"43054",-0.00538766701356508,"NRI_P087",25
"43055",-0.00538766701356508,"NRI_P087",50
"43056",-3723.67498766701,"NRI_P087",100
"43057",-0.00538766701356508,"NRI_P087",25
"43058",-0.00538766701356508,"NRI_P087",50
"43059",-197.386587667017,"NRI_P087",100
"43060",-0.00538766701356508,"NRI_P087",25
"43061",-0.00538766701356508,"NRI_P087",50
"43062",-512.538387667009,"NRI_P087",100
"43063",-0.00538766701356508,"NRI_P087",25
"43064",-0.00538766701356508,"NRI_P087",50
"43065",995.083612332994,"NRI_P087",100
"43066",-0.00538766701356508,"NRI_P087",25
"43067",-0.00538766701356508,"NRI_P087",50
"43068",58.8430623330059,"NRI_P087",100
"43069",-0.00538766701356508,"NRI_P087",25
"43070",-0.00538766701356508,"NRI_P087",50
"43071",-74.8625876670121,"NRI_P087",100
"43072",-0.00538766701356508,"NRI_P087",25
"43073",-0.00538766701356508,"NRI_P087",50
"43074",1404.32488233299,"NRI_P087",100
"43075",-0.00538766701356508,"NRI_P087",25
"43076",-0.00538766701356508,"NRI_P087",50
"43077",2578.53864233301,"NRI_P087",100
"43078",-0.00538766701356508,"NRI_P087",25
"43079",-0.00538766701356508,"NRI_P087",50
"43080",2154.21972233299,"NRI_P087",100
"43081",-0.00538766701356508,"NRI_P087",25
"43082",-0.00538766701356508,"NRI_P087",50
"43083",-159.621467666992,"NRI_P087",100
"43084",-0.00538766701356508,"NRI_P087",25
"43085",-0.00538766701356508,"NRI_P087",50
"43086",3391.920662333,"NRI_P087",100
"43087",-0.00538766701356508,"NRI_P087",25
"43088",-0.00538766701356508,"NRI_P087",50
"43089",-615.775387667003,"NRI_P087",100
"43090",-0.00538766701356508,"NRI_P087",25
"43091",-0.00538766701356508,"NRI_P087",50
"43092",12.8617323329963,"NRI_P087",100
"43093",-0.00538766701356508,"NRI_P087",25
"43094",-0.00538766701356508,"NRI_P087",50
"43095",-264.803787667013,"NRI_P087",100
"43096",-0.00538766701356508,"NRI_P087",25
"43097",-0.00538766701356508,"NRI_P087",50
"43098",-213.68569766701,"NRI_P087",100
"43099",-0.00538766701356508,"NRI_P087",25
"43100",-0.00538766701356508,"NRI_P087",50
"43101",-21.8668176670035,"NRI_P087",100
"43102",-0.00538766701356508,"NRI_P087",25
"43103",-0.00538766701356508,"NRI_P087",50
"43104",-25.0862576669897,"NRI_P087",100
"43105",-0.00538766701356508,"NRI_P087",25
"43106",-0.00538766701356508,"NRI_P087",50
"43107",-460.509967666992,"NRI_P087",100
"43108",-0.00538766701356508,"NRI_P087",25
"43109",-0.00538766701356508,"NRI_P087",50
"43110",1927.08429233299,"NRI_P087",100
"43111",-0.00538766701356508,"NRI_P087",25
"43112",-0.00538766701356508,"NRI_P087",50
"43113",212.712812332989,"NRI_P087",100
"43114",-0.00538766701356508,"NRI_P087",25
"43115",-0.00538766701356508,"NRI_P087",50
"43116",407.213892333006,"NRI_P087",100
"43117",-0.00538766701356508,"NRI_P087",25
"43118",-0.00538766701356508,"NRI_P087",50
"43119",-950.551327666995,"NRI_P087",100
"43120",-0.00538766701356508,"NRI_P087",25
"43121",-0.00538766701356508,"NRI_P087",50
"43122",982.628722333,"NRI_P087",100
"43123",-0.00538766701356508,"NRI_P087",25
"43124",-0.00538766701356508,"NRI_P087",50
"43125",837.797592332994,"NRI_P087",100
"43126",-0.00538766701356508,"NRI_P087",25
"43127",-0.00538766701356508,"NRI_P087",50
"43128",-579.04447766699,"NRI_P087",100
"43129",-0.00538766701356508,"NRI_P087",25
"43130",-0.00538766701356508,"NRI_P087",50
"43131",-83.5787676670006,"NRI_P087",100
"43132",-0.00538766701356508,"NRI_P087",25
"43133",-0.00538766701356508,"NRI_P087",50
"43134",-72.2682876670151,"NRI_P087",100
"43135",-0.00538766701356508,"NRI_P087",25
"43136",-0.00538766701356508,"NRI_P087",50
"43137",-439.769897666993,"NRI_P087",100
"43138",-0.00538766701356508,"NRI_P087",25
"43139",-0.00538766701356508,"NRI_P087",50
"43140",477.306732333003,"NRI_P087",100
"43141",-0.00538766701356508,"NRI_P087",25
"43142",-0.00538766701356508,"NRI_P087",50
"43143",105.300632333005,"NRI_P087",100
"43144",-0.00538766701356508,"NRI_P087",25
"43145",-0.00538766701356508,"NRI_P087",50
"43146",-504.376627666992,"NRI_P087",100
"43147",-0.00538766701356508,"NRI_P087",25
"43148",-0.00538766701356508,"NRI_P087",50
"43149",46.4433023330057,"NRI_P087",100
"43150",-0.00538766701356508,"NRI_P087",25
"43151",-0.00538766701356508,"NRI_P087",50
"43152",1068.40539233299,"NRI_P087",100
"43153",-0.00538766701356508,"NRI_P087",25
"43154",-0.00538766701356508,"NRI_P087",50
"43155",-313.348887667002,"NRI_P087",100
"43156",-0.00538766701356508,"NRI_P087",25
"43157",-0.00538766701356508,"NRI_P087",50
"43158",-6.56487766699865,"NRI_P087",100
"43159",-0.00538766701356508,"NRI_P087",25
"43160",-0.00538766701356508,"NRI_P087",50
"43161",575.769572332996,"NRI_P087",100
"43162",-0.00538766701356508,"NRI_P087",25
"43163",-0.00538766701356508,"NRI_P087",50
"43164",371.215912332991,"NRI_P087",100
"43165",-0.00538766701356508,"NRI_P087",25
"43166",-0.00538766701356508,"NRI_P087",50
"43167",1347.773012333,"NRI_P087",100
"43168",-0.00538766701356508,"NRI_P087",25
"43169",-0.00538766701356508,"NRI_P087",50
"43170",2757.35541233301,"NRI_P087",100
"43171",-0.00538766701356508,"NRI_P087",25
"43172",-0.00538766701356508,"NRI_P087",50
"43173",-6371.849487667,"NRI_P087",100
"43174",-0.00538766701356508,"NRI_P087",25
"43175",-0.00538766701356508,"NRI_P087",50
"43176",-19.9084876670095,"NRI_P087",100
"43177",-0.00538766701356508,"NRI_P087",25
"43178",-0.00538766701356508,"NRI_P087",50
"43179",1551.169562333,"NRI_P087",100
"43180",-0.00538766701356508,"NRI_P087",25
"43181",-0.00538766701356508,"NRI_P087",50
"43182",1451.44051233301,"NRI_P087",100
"43183",-0.00538766701356508,"NRI_P087",25
"43184",-0.00538766701356508,"NRI_P087",50
"43185",231.496932332986,"NRI_P087",100
"43186",-0.00538766701356508,"NRI_P087",25
"43187",-0.00538766701356508,"NRI_P087",50
"43188",-104.547287666996,"NRI_P087",100
"43189",-0.00538766701356508,"NRI_P087",25
"43190",-0.00538766701356508,"NRI_P087",50
"43191",-744.974487667001,"NRI_P087",100
"43192",-0.00538766701356508,"NRI_P087",25
"43193",-0.00538766701356508,"NRI_P087",50
"43194",-1175.895207667,"NRI_P087",100
"43195",-0.00538766701356508,"NRI_P087",25
"43196",-0.00538766701356508,"NRI_P087",50
"43197",-1833.310447667,"NRI_P087",100
"43198",-0.00538766701356508,"NRI_P087",25
"43199",-0.00538766701356508,"NRI_P087",50
"43200",-104.654787667008,"NRI_P087",100
"43201",0.000122292956802994,"NRI_P089",25
"43202",2861.17542229296,"NRI_P089",50
"43203",91.3104222929687,"NRI_P089",100
"43204",0.000122292956802994,"NRI_P089",25
"43205",-1792.80747770704,"NRI_P089",50
"43206",-1119.93727770704,"NRI_P089",100
"43207",0.000122292956802994,"NRI_P089",25
"43208",554.867422292999,"NRI_P089",50
"43209",-1937.343277707,"NRI_P089",100
"43210",0.000122292956802994,"NRI_P089",25
"43211",5654.981422293,"NRI_P089",50
"43212",2438.58042229299,"NRI_P089",100
"43213",0.000122292956802994,"NRI_P089",25
"43214",-613.544707707013,"NRI_P089",50
"43215",2948.19082229299,"NRI_P089",100
"43216",0.000122292956802994,"NRI_P089",25
"43217",-1904.47157770704,"NRI_P089",50
"43218",-2366.18577770703,"NRI_P089",100
"43219",0.000122292956802994,"NRI_P089",25
"43220",6332.61842229299,"NRI_P089",50
"43221",-275.172207707015,"NRI_P089",100
"43222",0.000122292956802994,"NRI_P089",25
"43223",-1455.59607770701,"NRI_P089",50
"43224",-2518.76639770699,"NRI_P089",100
"43225",0.000122292956802994,"NRI_P089",25
"43226",45.2812222929788,"NRI_P089",50
"43227",-2145.56599770702,"NRI_P089",100
"43228",0.000122292956802994,"NRI_P089",25
"43229",-208.018877707014,"NRI_P089",50
"43230",-1976.71579770703,"NRI_P089",100
"43231",0.000122292956802994,"NRI_P089",25
"43232",-1862.44637770701,"NRI_P089",50
"43233",-1262.81377770699,"NRI_P089",100
"43234",0.000122292956802994,"NRI_P089",25
"43235",-1888.64817770704,"NRI_P089",50
"43236",-2600.76171770704,"NRI_P089",100
"43237",0.000122292956802994,"NRI_P089",25
"43238",-637.007807707007,"NRI_P089",50
"43239",-436.441977707029,"NRI_P089",100
"43240",0.000122292956802994,"NRI_P089",25
"43241",-11.7575777070015,"NRI_P089",50
"43242",-2400.68997770699,"NRI_P089",100
"43243",0.000122292956802994,"NRI_P089",25
"43244",2963.88842229301,"NRI_P089",50
"43245",-2347.17429770704,"NRI_P089",100
"43246",0.000122292956802994,"NRI_P089",25
"43247",-6.28477770701284,"NRI_P089",50
"43248",-2224.80987770704,"NRI_P089",100
"43249",0.000122292956802994,"NRI_P089",25
"43250",-614.594547707005,"NRI_P089",50
"43251",-1471.69827770704,"NRI_P089",100
"43252",0.000122292956802994,"NRI_P089",25
"43253",-1362.70567770704,"NRI_P089",50
"43254",-2047.07727770699,"NRI_P089",100
"43255",0.000122292956802994,"NRI_P089",25
"43256",-611.890557706996,"NRI_P089",50
"43257",-735.064377707022,"NRI_P089",100
"43258",0.000122292956802994,"NRI_P089",25
"43259",412.468422292965,"NRI_P089",50
"43260",-2090.36711770704,"NRI_P089",100
"43261",0.000122292956802994,"NRI_P089",25
"43262",-493.337277707004,"NRI_P089",50
"43263",-689.543487707037,"NRI_P089",100
"43264",0.000122292956802994,"NRI_P089",25
"43265",-406.308377707028,"NRI_P089",50
"43266",30.8246222930029,"NRI_P089",100
"43267",0.000122292956802994,"NRI_P089",25
"43268",-1878.23657770699,"NRI_P089",50
"43269",-192.975877707009,"NRI_P089",100
"43270",0.000122292956802994,"NRI_P089",25
"43271",657.128422292997,"NRI_P089",50
"43272",77.0124222929589,"NRI_P089",100
"43273",0.000122292956802994,"NRI_P089",25
"43274",-536.060177706997,"NRI_P089",50
"43275",-2121.10357770702,"NRI_P089",100
"43276",0.000122292956802994,"NRI_P089",25
"43277",-318.619877707039,"NRI_P089",50
"43278",-2281.99662770703,"NRI_P089",100
"43279",0.000122292956802994,"NRI_P089",25
"43280",-1760.39887770702,"NRI_P089",50
"43281",-633.266567707004,"NRI_P089",100
"43282",0.000122292956802994,"NRI_P089",25
"43283",-637.944937707041,"NRI_P089",50
"43284",176.540812293009,"NRI_P089",100
"43285",0.000122292956802994,"NRI_P089",25
"43286",-1925.92967770703,"NRI_P089",50
"43287",2848.10422229301,"NRI_P089",100
"43288",0.000122292956802994,"NRI_P089",25
"43289",1375.78442229296,"NRI_P089",50
"43290",2781.71562229301,"NRI_P089",100
"43291",0.000122292956802994,"NRI_P089",25
"43292",9852.13112229301,"NRI_P089",50
"43293",1512.52512229298,"NRI_P089",100
"43294",0.000122292956802994,"NRI_P089",25
"43295",842.772422292968,"NRI_P089",50
"43296",-1628.10817770701,"NRI_P089",100
"43297",0.000122292956802994,"NRI_P089",25
"43298",-1362.70567770704,"NRI_P089",50
"43299",-2299.49202770699,"NRI_P089",100
"43300",0.000122292956802994,"NRI_P089",25
"43301",3876.92042229301,"NRI_P089",50
"43302",-2338.86947770702,"NRI_P089",100
"43303",0.000122292956802994,"NRI_P089",25
"43304",-229.956577707024,"NRI_P089",50
"43305",12231.051422293,"NRI_P089",100
"43306",0.000122292956802994,"NRI_P089",25
"43307",-1890.82957770699,"NRI_P089",50
"43308",-2454.66837770701,"NRI_P089",100
"43309",0.000122292956802994,"NRI_P089",25
"43310",-1782.93267770699,"NRI_P089",50
"43311",-1528.19057770702,"NRI_P089",100
"43312",0.000122292956802994,"NRI_P089",25
"43313",358.008122292988,"NRI_P089",50
"43314",414.192222293001,"NRI_P089",100
"43315",0.000122292956802994,"NRI_P089",25
"43316",-398.408377707005,"NRI_P089",50
"43317",-1998.25487770699,"NRI_P089",100
"43318",0.000122292956802994,"NRI_P089",25
"43319",-1616.64947770699,"NRI_P089",50
"43320",-1768.52527770703,"NRI_P089",100
"43321",0.000122292956802994,"NRI_P089",25
"43322",-1969.385787707,"NRI_P089",50
"43323",-1301.41177770699,"NRI_P089",100
"43324",0.000122292956802994,"NRI_P089",25
"43325",223.494122292963,"NRI_P089",50
"43326",9621.16322229296,"NRI_P089",100
"43327",0.000122292956802994,"NRI_P089",25
"43328",486.969422293012,"NRI_P089",50
"43329",31409.047422293,"NRI_P089",100
"43330",0.000122292956802994,"NRI_P089",25
"43331",-1320.56607770704,"NRI_P089",50
"43332",5551.61062229297,"NRI_P089",100
"43333",0.000122292956802994,"NRI_P089",25
"43334",270.642622292973,"NRI_P089",50
"43335",15655.013722293,"NRI_P089",100
"43336",0.000122292956802994,"NRI_P089",25
"43337",-659.919877707027,"NRI_P089",50
"43338",7390.68542229297,"NRI_P089",100
"43339",0.000122292956802994,"NRI_P089",25
"43340",-95.204277707031,"NRI_P089",50
"43341",-2183.16597770702,"NRI_P089",100
"43342",0.000122292956802994,"NRI_P089",25
"43343",-1614.06047770701,"NRI_P089",50
"43344",-2176.92847770703,"NRI_P089",100
"43345",0.000122292956802994,"NRI_P089",25
"43346",-6.28477770701284,"NRI_P089",50
"43347",2371.931382293,"NRI_P089",100
"43348",0.000122292956802994,"NRI_P089",25
"43349",3203.05442229297,"NRI_P089",50
"43350",320.357422292989,"NRI_P089",100
"43351",0.000122292956802994,"NRI_P089",25
"43352",-1714.89387770701,"NRI_P089",50
"43353",-935.539477707003,"NRI_P089",100
"43354",0.000122292956802994,"NRI_P089",25
"43355",-202.385877707042,"NRI_P089",50
"43356",2608.427422293,"NRI_P089",100
"43357",0.000122292956802994,"NRI_P089",25
"43358",-641.864597706997,"NRI_P089",50
"43359",-2258.620277707,"NRI_P089",100
"43360",0.000122292956802994,"NRI_P089",25
"43361",-1895.55127770704,"NRI_P089",50
"43362",1195.96342229296,"NRI_P089",100
"43363",0.000122292956802994,"NRI_P089",25
"43364",470.472122292966,"NRI_P089",50
"43365",5848.02157229296,"NRI_P089",100
"43366",0.000122292956802994,"NRI_P089",25
"43367",-509.415077707032,"NRI_P089",50
"43368",-2550.226487707,"NRI_P089",100
"43369",0.000122292956802994,"NRI_P089",25
"43370",904.829422292998,"NRI_P089",50
"43371",15412.663822293,"NRI_P089",100
"43372",0.000122292956802994,"NRI_P089",25
"43373",3203.05442229297,"NRI_P089",50
"43374",3169.79942229297,"NRI_P089",100
"43375",0.000122292956802994,"NRI_P089",25
"43376",1520.25212229299,"NRI_P089",50
"43377",-2236.18297770701,"NRI_P089",100
"43378",0.000122292956802994,"NRI_P089",25
"43379",-460.853377707012,"NRI_P089",50
"43380",-1343.78997770703,"NRI_P089",100
"43381",0.000122292956802994,"NRI_P089",25
"43382",1598.04112229298,"NRI_P089",50
"43383",-387.496277706989,"NRI_P089",100
"43384",0.000122292956802994,"NRI_P089",25
"43385",-461.385777707037,"NRI_P089",50
"43386",9668.81942229299,"NRI_P089",100
"43387",0.000122292956802994,"NRI_P089",25
"43388",-526.266277707007,"NRI_P089",50
"43389",-1055.926677707,"NRI_P089",100
"43390",0.000122292956802994,"NRI_P089",25
"43391",-275.61947770702,"NRI_P089",50
"43392",2249.67542229296,"NRI_P089",100
"43393",0.000122292956802994,"NRI_P089",25
"43394",-1760.39887770702,"NRI_P089",50
"43395",-2100.66347770701,"NRI_P089",100
"43396",0.000122292956802994,"NRI_P089",25
"43397",472.948422293004,"NRI_P089",50
"43398",-2508.413727707,"NRI_P089",100
"43399",0.000122292956802994,"NRI_P089",25
"43400",29871.058422293,"NRI_P089",50
"43401",-1314.094287707,"NRI_P089",100
"43402",0.000122292956802994,"NRI_P089",25
"43403",2437.02642229298,"NRI_P089",50
"43404",-1364.09777770704,"NRI_P089",100
"43405",0.000122292956802994,"NRI_P089",25
"43406",-503.52287770703,"NRI_P089",50
"43407",-2022.75157770701,"NRI_P089",100
"43408",0.000122292956802994,"NRI_P089",25
"43409",-277.671877707005,"NRI_P089",50
"43410",-2302.32677770703,"NRI_P089",100
"43411",0.000122292956802994,"NRI_P089",25
"43412",-588.376337707043,"NRI_P089",50
"43413",-786.182207707025,"NRI_P089",100
"43414",0.000122292956802994,"NRI_P089",25
"43415",-616.30002770701,"NRI_P089",50
"43416",-1910.43017770699,"NRI_P089",100
"43417",0.000122292956802994,"NRI_P089",25
"43418",3203.05442229297,"NRI_P089",50
"43419",-1627.53984770703,"NRI_P089",100
"43420",0.000122292956802994,"NRI_P089",25
"43421",-826.862877706997,"NRI_P089",50
"43422",-169.455577707035,"NRI_P089",100
"43423",0.000122292956802994,"NRI_P089",25
"43424",-1023.840877707,"NRI_P089",50
"43425",-115.041577707045,"NRI_P089",100
"43426",0.000122292956802994,"NRI_P089",25
"43427",-1925.37297770701,"NRI_P089",50
"43428",4527.88242229301,"NRI_P089",100
"43429",0.000122292956802994,"NRI_P089",25
"43430",-576.914277706994,"NRI_P089",50
"43431",2849.63162229297,"NRI_P089",100
"43432",0.000122292956802994,"NRI_P089",25
"43433",-515.515877706988,"NRI_P089",50
"43434",-297.31518770702,"NRI_P089",100
"43435",0.000122292956802994,"NRI_P089",25
"43436",-1893.27057770704,"NRI_P089",50
"43437",-1042.93927770702,"NRI_P089",100
"43438",0.000122292956802994,"NRI_P089",25
"43439",-1371.82217770704,"NRI_P089",50
"43440",5810.44782229298,"NRI_P089",100
"43441",0.000122292956802994,"NRI_P089",25
"43442",-1924.53367770702,"NRI_P089",50
"43443",3154.07042229298,"NRI_P089",100
"43444",0.000122292956802994,"NRI_P089",25
"43445",-373.350677707,"NRI_P089",50
"43446",-1939.15767770703,"NRI_P089",100
"43447",0.000122292956802994,"NRI_P089",25
"43448",-641.864597706997,"NRI_P089",50
"43449",-2371.27807770704,"NRI_P089",100
"43450",0.000122292956802994,"NRI_P089",25
"43451",-474.760177707009,"NRI_P089",50
"43452",1176.39942229301,"NRI_P089",100
"43453",0.000122292956802994,"NRI_P089",25
"43454",-916.844877707015,"NRI_P089",50
"43455",-1564.90214770701,"NRI_P089",100
"43456",0.000122292956802994,"NRI_P089",25
"43457",-94.7721777069964,"NRI_P089",50
"43458",-1504.136177707,"NRI_P089",100
"43459",0.000122292956802994,"NRI_P089",25
"43460",1652.54742229299,"NRI_P089",50
"43461",-1328.92781770701,"NRI_P089",100
"43462",0.000122292956802994,"NRI_P089",25
"43463",-1930.07167770702,"NRI_P089",50
"43464",-2296.44547770702,"NRI_P089",100
"43465",0.000122292956802994,"NRI_P089",25
"43466",142.796822292963,"NRI_P089",50
"43467",-1812.67487770703,"NRI_P089",100
"43468",0.000122292956802994,"NRI_P089",25
"43469",1088.17542229296,"NRI_P089",50
"43470",-2202.06317770702,"NRI_P089",100
"43471",0.000122292956802994,"NRI_P089",25
"43472",-523.893177707039,"NRI_P089",50
"43473",-2312.66832770704,"NRI_P089",100
"43474",0.000122292956802994,"NRI_P089",25
"43475",-1847.26537770702,"NRI_P089",50
"43476",9622.17442229297,"NRI_P089",100
"43477",0.000122292956802994,"NRI_P089",25
"43478",-526.266277707007,"NRI_P089",50
"43479",28330.156402293,"NRI_P089",100
"43480",0.000122292956802994,"NRI_P089",25
"43481",4115.43342229299,"NRI_P089",50
"43482",957.147422292968,"NRI_P089",100
"43483",0.000122292956802994,"NRI_P089",25
"43484",-587.226427707006,"NRI_P089",50
"43485",1476.236422293,"NRI_P089",100
"43486",0.000122292956802994,"NRI_P089",25
"43487",-1823.85507770703,"NRI_P089",50
"43488",-1702.41367770702,"NRI_P089",100
"43489",0.000122292956802994,"NRI_P089",25
"43490",-955.186877707019,"NRI_P089",50
"43491",15900.215422293,"NRI_P089",100
"43492",0.000122292956802994,"NRI_P089",25
"43493",-515.515877706988,"NRI_P089",50
"43494",-2452.00080770702,"NRI_P089",100
"43495",0.000122292956802994,"NRI_P089",25
"43496",-1892.11357770703,"NRI_P089",50
"43497",-1515.92273770703,"NRI_P089",100
"43498",0.000122292956802994,"NRI_P089",25
"43499",-1998.49607770704,"NRI_P089",50
"43500",-577.317477706994,"NRI_P089",100
"43501",0.00383251701714471,"NRI_P090",25
"43502",748.115532517026,"NRI_P090",50
"43503",-169.974057482963,"NRI_P090",100
"43504",0.00383251701714471,"NRI_P090",25
"43505",1598.79893251701,"NRI_P090",50
"43506",1409.24763251701,"NRI_P090",100
"43507",0.00383251701714471,"NRI_P090",25
"43508",-54.9400674829958,"NRI_P090",50
"43509",-234.905647483014,"NRI_P090",100
"43510",0.00383251701714471,"NRI_P090",25
"43511",138.971132517036,"NRI_P090",50
"43512",-240.013747482968,"NRI_P090",100
"43513",0.00383251701714471,"NRI_P090",25
"43514",-234.136687482998,"NRI_P090",50
"43515",846.056332517008,"NRI_P090",100
"43516",0.00383251701714471,"NRI_P090",25
"43517",2228.77293251699,"NRI_P090",50
"43518",-268.951507482969,"NRI_P090",100
"43519",0.00383251701714471,"NRI_P090",25
"43520",-106.119057482982,"NRI_P090",50
"43521",486.666732517013,"NRI_P090",100
"43522",0.00383251701714471,"NRI_P090",25
"43523",239.681132516998,"NRI_P090",50
"43524",34.2602125169942,"NRI_P090",100
"43525",0.00383251701714471,"NRI_P090",25
"43526",-171.864067482995,"NRI_P090",50
"43527",917.650032517035,"NRI_P090",100
"43528",0.00383251701714471,"NRI_P090",25
"43529",-43.3989674829645,"NRI_P090",50
"43530",-338.273887482996,"NRI_P090",100
"43531",0.00383251701714471,"NRI_P090",25
"43532",-99.8096974829677,"NRI_P090",50
"43533",2214.93630251702,"NRI_P090",100
"43534",0.00383251701714471,"NRI_P090",25
"43535",1371.76133251702,"NRI_P090",50
"43536",1685.553632517,"NRI_P090",100
"43537",0.00383251701714471,"NRI_P090",25
"43538",3905.943332517,"NRI_P090",50
"43539",2306.418282517,"NRI_P090",100
"43540",0.00383251701714471,"NRI_P090",25
"43541",135.480832517031,"NRI_P090",50
"43542",3053.72243251704,"NRI_P090",100
"43543",0.00383251701714471,"NRI_P090",25
"43544",-90.5200074829627,"NRI_P090",50
"43545",6255.84463251702,"NRI_P090",100
"43546",0.00383251701714471,"NRI_P090",25
"43547",5661.56733251701,"NRI_P090",50
"43548",3945.03093251702,"NRI_P090",100
"43549",0.00383251701714471,"NRI_P090",25
"43550",-96.5549574829638,"NRI_P090",50
"43551",-175.113417482993,"NRI_P090",100
"43552",0.00383251701714471,"NRI_P090",25
"43553",308.446032517008,"NRI_P090",50
"43554",1767.17286251701,"NRI_P090",100
"43555",0.00383251701714471,"NRI_P090",25
"43556",423.519432517001,"NRI_P090",50
"43557",-24.7927674829843,"NRI_P090",100
"43558",0.00383251701714471,"NRI_P090",25
"43559",508.643032516993,"NRI_P090",50
"43560",-159.440587482997,"NRI_P090",100
"43561",0.00383251701714471,"NRI_P090",25
"43562",-52.5562674829853,"NRI_P090",50
"43563",1115.33087251702,"NRI_P090",100
"43564",0.00383251701714471,"NRI_P090",25
"43565",4828.24233251699,"NRI_P090",50
"43566",-302.871567483002,"NRI_P090",100
"43567",0.00383251701714471,"NRI_P090",25
"43568",-191.09026748297,"NRI_P090",50
"43569",385.024962517025,"NRI_P090",100
"43570",0.00383251701714471,"NRI_P090",25
"43571",2065.18533251702,"NRI_P090",50
"43572",981.081732516992,"NRI_P090",100
"43573",0.00383251701714471,"NRI_P090",25
"43574",-191.241667483002,"NRI_P090",50
"43575",1301.84883251699,"NRI_P090",100
"43576",0.00383251701714471,"NRI_P090",25
"43577",2638.000932517,"NRI_P090",50
"43578",2032.15833251702,"NRI_P090",100
"43579",0.00383251701714471,"NRI_P090",25
"43580",874.646932517004,"NRI_P090",50
"43581",17.7884125169949,"NRI_P090",100
"43582",0.00383251701714471,"NRI_P090",25
"43583",-23.5807674829848,"NRI_P090",50
"43584",-149.923867482983,"NRI_P090",100
"43585",0.00383251701714471,"NRI_P090",25
"43586",918.587332517025,"NRI_P090",50
"43587",-207.318757482979,"NRI_P090",100
"43588",0.00383251701714471,"NRI_P090",25
"43589",205.364732516988,"NRI_P090",50
"43590",586.853432517033,"NRI_P090",100
"43591",0.00383251701714471,"NRI_P090",25
"43592",-100.747667482996,"NRI_P090",50
"43593",1881.197032517,"NRI_P090",100
"43594",0.00383251701714471,"NRI_P090",25
"43595",-174.843767482962,"NRI_P090",50
"43596",132.054232517025,"NRI_P090",100
"43597",0.00383251701714471,"NRI_P090",25
"43598",7489.06033251702,"NRI_P090",50
"43599",2677.91463251703,"NRI_P090",100
"43600",0.00383251701714471,"NRI_P090",25
"43601",-248.477467482968,"NRI_P090",50
"43602",-143.787367482961,"NRI_P090",100
"43603",0.00383251701714471,"NRI_P090",25
"43604",677.876332517015,"NRI_P090",50
"43605",79.5690125169931,"NRI_P090",100
"43606",0.00383251701714471,"NRI_P090",25
"43607",7449.184932517,"NRI_P090",50
"43608",-190.665167482977,"NRI_P090",100
"43609",0.00383251701714471,"NRI_P090",25
"43610",-178.427667482989,"NRI_P090",50
"43611",21702.663432517,"NRI_P090",100
"43612",0.00383251701714471,"NRI_P090",25
"43613",144.933332516986,"NRI_P090",50
"43614",3960.73403251701,"NRI_P090",100
"43615",0.00383251701714471,"NRI_P090",25
"43616",-143.170467482996,"NRI_P090",50
"43617",-296.851667482988,"NRI_P090",100
"43618",0.00383251701714471,"NRI_P090",25
"43619",2693.25693251699,"NRI_P090",50
"43620",5362.10673251702,"NRI_P090",100
"43621",0.00383251701714471,"NRI_P090",25
"43622",923.115932516987,"NRI_P090",50
"43623",1595.62803251704,"NRI_P090",100
"43624",0.00383251701714471,"NRI_P090",25
"43625",2438.23733251699,"NRI_P090",50
"43626",176.62543251703,"NRI_P090",100
"43627",0.00383251701714471,"NRI_P090",25
"43628",-60.8874674830004,"NRI_P090",50
"43629",921.865132517007,"NRI_P090",100
"43630",0.00383251701714471,"NRI_P090",25
"43631",1775.88433251699,"NRI_P090",50
"43632",2200.68813251704,"NRI_P090",100
"43633",0.00383251701714471,"NRI_P090",25
"43634",-96.6163674829877,"NRI_P090",50
"43635",336.920332517009,"NRI_P090",100
"43636",0.00383251701714471,"NRI_P090",25
"43637",-83.0029274830013,"NRI_P090",50
"43638",39.4410325170029,"NRI_P090",100
"43639",0.00383251701714471,"NRI_P090",25
"43640",-254.582637482963,"NRI_P090",50
"43641",2071.78343251703,"NRI_P090",100
"43642",0.00383251701714471,"NRI_P090",25
"43643",55.0873325170251,"NRI_P090",50
"43644",1398.68313251704,"NRI_P090",100
"43645",0.00383251701714471,"NRI_P090",25
"43646",805.887532517023,"NRI_P090",50
"43647",2120.932332517,"NRI_P090",100
"43648",0.00383251701714471,"NRI_P090",25
"43649",813.253232516989,"NRI_P090",50
"43650",-292.864367483009,"NRI_P090",100
"43651",0.00383251701714471,"NRI_P090",25
"43652",383.245832516986,"NRI_P090",50
"43653",875.304232517025,"NRI_P090",100
"43654",0.00383251701714471,"NRI_P090",25
"43655",-5.10346748301527,"NRI_P090",50
"43656",-178.611967483012,"NRI_P090",100
"43657",0.00383251701714471,"NRI_P090",25
"43658",393.866532517015,"NRI_P090",50
"43659",-48.4911374829826,"NRI_P090",100
"43660",0.00383251701714471,"NRI_P090",25
"43661",1111.959332517,"NRI_P090",50
"43662",1249.54146251699,"NRI_P090",100
"43663",0.00383251701714471,"NRI_P090",25
"43664",280.876532517024,"NRI_P090",50
"43665",87.414832517039,"NRI_P090",100
"43666",0.00383251701714471,"NRI_P090",25
"43667",3773.10693251702,"NRI_P090",50
"43668",4024.931132517,"NRI_P090",100
"43669",0.00383251701714471,"NRI_P090",25
"43670",-176.489867482975,"NRI_P090",50
"43671",7751.30803251703,"NRI_P090",100
"43672",0.00383251701714471,"NRI_P090",25
"43673",-89.8848174829618,"NRI_P090",50
"43674",2944.01023251703,"NRI_P090",100
"43675",0.00383251701714471,"NRI_P090",25
"43676",5470.138332517,"NRI_P090",50
"43677",1301.675322517,"NRI_P090",100
"43678",0.00383251701714471,"NRI_P090",25
"43679",144.933332516986,"NRI_P090",50
"43680",5569.01843251701,"NRI_P090",100
"43681",0.00383251701714471,"NRI_P090",25
"43682",-169.890167483012,"NRI_P090",50
"43683",3992.92103251704,"NRI_P090",100
"43684",0.00383251701714471,"NRI_P090",25
"43685",5032.73593251704,"NRI_P090",50
"43686",-203.978867482976,"NRI_P090",100
"43687",0.00383251701714471,"NRI_P090",25
"43688",723.809932517004,"NRI_P090",50
"43689",2162.02633251704,"NRI_P090",100
"43690",0.00383251701714471,"NRI_P090",25
"43691",1923.27993251703,"NRI_P090",50
"43692",1135.97357251699,"NRI_P090",100
"43693",0.00383251701714471,"NRI_P090",25
"43694",-103.315467483015,"NRI_P090",50
"43695",-219.565247482969,"NRI_P090",100
"43696",0.00383251701714471,"NRI_P090",25
"43697",55.0873325170251,"NRI_P090",50
"43698",-253.219917482988,"NRI_P090",100
"43699",0.00383251701714471,"NRI_P090",25
"43700",-95.0045674829744,"NRI_P090",50
"43701",2316.11293251702,"NRI_P090",100
"43702",0.00383251701714471,"NRI_P090",25
"43703",5315.75433251704,"NRI_P090",50
"43704",-239.237567482982,"NRI_P090",100
"43705",0.00383251701714471,"NRI_P090",25
"43706",1417.60493251699,"NRI_P090",50
"43707",-13.1666674829903,"NRI_P090",100
"43708",0.00383251701714471,"NRI_P090",25
"43709",1277.20593251701,"NRI_P090",50
"43710",-335.13687748299,"NRI_P090",100
"43711",0.00383251701714471,"NRI_P090",25
"43712",4828.24233251699,"NRI_P090",50
"43713",1158.89233251702,"NRI_P090",100
"43714",0.00383251701714471,"NRI_P090",25
"43715",-98.3727574829827,"NRI_P090",50
"43716",614.245032517007,"NRI_P090",100
"43717",0.00383251701714471,"NRI_P090",25
"43718",658.117432517,"NRI_P090",50
"43719",-163.077317482966,"NRI_P090",100
"43720",0.00383251701714471,"NRI_P090",25
"43721",108.102032517025,"NRI_P090",50
"43722",3784.79803251702,"NRI_P090",100
"43723",0.00383251701714471,"NRI_P090",25
"43724",-138.644967483007,"NRI_P090",50
"43725",2243.02443251701,"NRI_P090",100
"43726",0.00383251701714471,"NRI_P090",25
"43727",-68.1694674830069,"NRI_P090",50
"43728",2454.55323251704,"NRI_P090",100
"43729",0.00383251701714471,"NRI_P090",25
"43730",1807.06933251699,"NRI_P090",50
"43731",3114.31547251699,"NRI_P090",100
"43732",0.00383251701714471,"NRI_P090",25
"43733",4647.356332517,"NRI_P090",50
"43734",-37.6775674829842,"NRI_P090",100
"43735",0.00383251701714471,"NRI_P090",25
"43736",946.895332516986,"NRI_P090",50
"43737",149.891832516994,"NRI_P090",100
"43738",0.00383251701714471,"NRI_P090",25
"43739",1337.06933251699,"NRI_P090",50
"43740",-166.528697483009,"NRI_P090",100
"43741",0.00383251701714471,"NRI_P090",25
"43742",2178.462932517,"NRI_P090",50
"43743",1459.51786251704,"NRI_P090",100
"43744",0.00383251701714471,"NRI_P090",25
"43745",6.04493251699023,"NRI_P090",50
"43746",25.8860325170099,"NRI_P090",100
"43747",0.00383251701714471,"NRI_P090",25
"43748",3368.46993251704,"NRI_P090",50
"43749",1962.47373251704,"NRI_P090",100
"43750",0.00383251701714471,"NRI_P090",25
"43751",4487.48693251703,"NRI_P090",50
"43752",-288.440337483014,"NRI_P090",100
"43753",0.00383251701714471,"NRI_P090",25
"43754",205.364732516988,"NRI_P090",50
"43755",1327.71563251701,"NRI_P090",100
"43756",0.00383251701714471,"NRI_P090",25
"43757",-30.5223674830049,"NRI_P090",50
"43758",2225.192882517,"NRI_P090",100
"43759",0.00383251701714471,"NRI_P090",25
"43760",1127.21033251699,"NRI_P090",50
"43761",1770.34853251703,"NRI_P090",100
"43762",0.00383251701714471,"NRI_P090",25
"43763",862.726332516992,"NRI_P090",50
"43764",351.134132517036,"NRI_P090",100
"43765",0.00383251701714471,"NRI_P090",25
"43766",1638.508332517,"NRI_P090",50
"43767",-30.5467674829997,"NRI_P090",100
"43768",0.00383251701714471,"NRI_P090",25
"43769",-95.0045674829744,"NRI_P090",50
"43770",1136.59253251704,"NRI_P090",100
"43771",0.00383251701714471,"NRI_P090",25
"43772",674.007332517009,"NRI_P090",50
"43773",492.856132516987,"NRI_P090",100
"43774",0.00383251701714471,"NRI_P090",25
"43775",-89.8848174829618,"NRI_P090",50
"43776",704.279912516999,"NRI_P090",100
"43777",0.00383251701714471,"NRI_P090",25
"43778",1027.66493251699,"NRI_P090",50
"43779",-249.293357482995,"NRI_P090",100
"43780",0.00383251701714471,"NRI_P090",25
"43781",-207.777067482995,"NRI_P090",50
"43782",3508.26243251702,"NRI_P090",100
"43783",0.00383251701714471,"NRI_P090",25
"43784",-221.612197482958,"NRI_P090",50
"43785",12.3052825169871,"NRI_P090",100
"43786",0.00383251701714471,"NRI_P090",25
"43787",905.958932517038,"NRI_P090",50
"43788",2105.24683251703,"NRI_P090",100
"43789",0.00383251701714471,"NRI_P090",25
"43790",-112.008007482975,"NRI_P090",50
"43791",-347.733597482962,"NRI_P090",100
"43792",0.00383251701714471,"NRI_P090",25
"43793",473.638432517007,"NRI_P090",50
"43794",224.826132517017,"NRI_P090",100
"43795",0.00383251701714471,"NRI_P090",25
"43796",4680.88293251704,"NRI_P090",50
"43797",-327.118387483002,"NRI_P090",100
"43798",0.00383251701714471,"NRI_P090",25
"43799",557.680732517038,"NRI_P090",50
"43800",2383.99223251699,"NRI_P090",100
"43801",0.00314281009195838,"NRI_P091",25
"43802",-214.789617189905,"NRI_P091",50
"43803",-9560.4080771899,"NRI_P091",100
"43804",0.00314281009195838,"NRI_P091",25
"43805",-210.883767189909,"NRI_P091",50
"43806",-9556.0016171899,"NRI_P091",100
"43807",0.00314281009195838,"NRI_P091",25
"43808",-9363.03665718991,"NRI_P091",50
"43809",-9440.20550718991,"NRI_P091",100
"43810",0.00314281009195838,"NRI_P091",25
"43811",-181.216767189908,"NRI_P091",50
"43812",-9412.3499571899,"NRI_P091",100
"43813",0.00314281009195838,"NRI_P091",25
"43814",-9343.3849571899,"NRI_P091",50
"43815",-9478.0477371899,"NRI_P091",100
"43816",0.00314281009195838,"NRI_P091",25
"43817",-9332.8567371899,"NRI_P091",50
"43818",-9543.78291718991,"NRI_P091",100
"43819",0.00314281009195838,"NRI_P091",25
"43820",-90.7686571898957,"NRI_P091",50
"43821",-7882.9607671899,"NRI_P091",100
"43822",0.00314281009195838,"NRI_P091",25
"43823",-9270.7700571899,"NRI_P091",50
"43824",-9533.9179271899,"NRI_P091",100
"43825",0.00314281009195838,"NRI_P091",25
"43826",-9072.6341571899,"NRI_P091",50
"43827",-9526.45253718991,"NRI_P091",100
"43828",0.00314281009195838,"NRI_P091",25
"43829",-203.943977189905,"NRI_P091",50
"43830",-9511.4807071899,"NRI_P091",100
"43831",0.00314281009195838,"NRI_P091",25
"43832",-188.745277189897,"NRI_P091",50
"43833",-9350.6489571899,"NRI_P091",100
"43834",0.00314281009195838,"NRI_P091",25
"43835",-214.071407189898,"NRI_P091",50
"43836",-9549.1024371899,"NRI_P091",100
"43837",0.00314281009195838,"NRI_P091",25
"43838",-9304.6313471899,"NRI_P091",50
"43839",-9514.73756718991,"NRI_P091",100
"43840",0.00314281009195838,"NRI_P091",25
"43841",-168.203157189899,"NRI_P091",50
"43842",-9366.38247718991,"NRI_P091",100
"43843",0.00314281009195838,"NRI_P091",25
"43844",-9240.7081571899,"NRI_P091",50
"43845",-7622.9219071899,"NRI_P091",100
"43846",0.00314281009195838,"NRI_P091",25
"43847",-171.529177189906,"NRI_P091",50
"43848",-9491.75807718991,"NRI_P091",100
"43849",0.00314281009195838,"NRI_P091",25
"43850",-209.107017189905,"NRI_P091",50
"43851",-9540.5952771899,"NRI_P091",100
"43852",0.00314281009195838,"NRI_P091",25
"43853",-201.143057189896,"NRI_P091",50
"43854",-9481.73331718991,"NRI_P091",100
"43855",0.00314281009195838,"NRI_P091",25
"43856",300.451742810095,"NRI_P091",50
"43857",-9424.6851571899,"NRI_P091",100
"43858",0.00314281009195838,"NRI_P091",25
"43859",-158.482747189904,"NRI_P091",50
"43860",-9481.9928271899,"NRI_P091",100
"43861",0.00314281009195838,"NRI_P091",25
"43862",-9336.06563718991,"NRI_P091",50
"43863",-9518.0888171899,"NRI_P091",100
"43864",0.00314281009195838,"NRI_P091",25
"43865",-202.765767189907,"NRI_P091",50
"43866",-9485.8811671899,"NRI_P091",100
"43867",0.00314281009195838,"NRI_P091",25
"43868",-9347.2916571899,"NRI_P091",50
"43869",-9514.0778671899,"NRI_P091",100
"43870",0.00314281009195838,"NRI_P091",25
"43871",-9310.5805171899,"NRI_P091",50
"43872",-9531.98198718991,"NRI_P091",100
"43873",0.00314281009195838,"NRI_P091",25
"43874",-201.143057189896,"NRI_P091",50
"43875",-9461.2196171899,"NRI_P091",100
"43876",0.00314281009195838,"NRI_P091",25
"43877",-134.186357189901,"NRI_P091",50
"43878",-9528.30970718991,"NRI_P091",100
"43879",0.00314281009195838,"NRI_P091",25
"43880",-8845.69685718991,"NRI_P091",50
"43881",-9542.00445718991,"NRI_P091",100
"43882",0.00314281009195838,"NRI_P091",25
"43883",-201.809567189906,"NRI_P091",50
"43884",-9413.0282571899,"NRI_P091",100
"43885",0.00314281009195838,"NRI_P091",25
"43886",-173.374467189904,"NRI_P091",50
"43887",-9510.8457371899,"NRI_P091",100
"43888",0.00314281009195838,"NRI_P091",25
"43889",-210.10307718991,"NRI_P091",50
"43890",-9559.8056471899,"NRI_P091",100
"43891",0.00314281009195838,"NRI_P091",25
"43892",-199.2144671899,"NRI_P091",50
"43893",-9478.1721371899,"NRI_P091",100
"43894",0.00314281009195838,"NRI_P091",25
"43895",-9359.98791718991,"NRI_P091",50
"43896",-9355.3161271899,"NRI_P091",100
"43897",0.00314281009195838,"NRI_P091",25
"43898",-187.711007189908,"NRI_P091",50
"43899",-9520.6414371899,"NRI_P091",100
"43900",0.00314281009195838,"NRI_P091",25
"43901",-200.184927189897,"NRI_P091",50
"43902",-9518.6122571899,"NRI_P091",100
"43903",0.00314281009195838,"NRI_P091",25
"43904",-214.071407189898,"NRI_P091",50
"43905",-9516.3778571899,"NRI_P091",100
"43906",0.00314281009195838,"NRI_P091",25
"43907",-200.184927189897,"NRI_P091",50
"43908",-9319.83592718991,"NRI_P091",100
"43909",0.00314281009195838,"NRI_P091",25
"43910",-9353.6577271899,"NRI_P091",50
"43911",-9480.06911718991,"NRI_P091",100
"43912",0.00314281009195838,"NRI_P091",25
"43913",-192.623687189902,"NRI_P091",50
"43914",-9536.9724171899,"NRI_P091",100
"43915",0.00314281009195838,"NRI_P091",25
"43916",-128.845657189901,"NRI_P091",50
"43917",-9520.8502071899,"NRI_P091",100
"43918",0.00314281009195838,"NRI_P091",25
"43919",-9342.9697671899,"NRI_P091",50
"43920",-9496.3649271899,"NRI_P091",100
"43921",0.00314281009195838,"NRI_P091",25
"43922",-9364.14471718991,"NRI_P091",50
"43923",-9464.57904718991,"NRI_P091",100
"43924",0.00314281009195838,"NRI_P091",25
"43925",22.4841428100917,"NRI_P091",50
"43926",-9447.9041671899,"NRI_P091",100
"43927",0.00314281009195838,"NRI_P091",25
"43928",-9345.01288718991,"NRI_P091",50
"43929",-9566.16161718991,"NRI_P091",100
"43930",0.00314281009195838,"NRI_P091",25
"43931",-9225.02385718991,"NRI_P091",50
"43932",-9331.1767271899,"NRI_P091",100
"43933",0.00314281009195838,"NRI_P091",25
"43934",-9039.33015718991,"NRI_P091",50
"43935",-9545.3502171899,"NRI_P091",100
"43936",0.00314281009195838,"NRI_P091",25
"43937",-9156.32155718991,"NRI_P091",50
"43938",-9500.2615371899,"NRI_P091",100
"43939",0.00314281009195838,"NRI_P091",25
"43940",-9119.23555718991,"NRI_P091",50
"43941",-9465.7305371899,"NRI_P091",100
"43942",0.00314281009195838,"NRI_P091",25
"43943",-9329.1807771899,"NRI_P091",50
"43944",-9278.22145718991,"NRI_P091",100
"43945",0.00314281009195838,"NRI_P091",25
"43946",-213.266617189904,"NRI_P091",50
"43947",-9528.52647718991,"NRI_P091",100
"43948",0.00314281009195838,"NRI_P091",25
"43949",-9303.16840718991,"NRI_P091",50
"43950",-9407.30406718991,"NRI_P091",100
"43951",0.00314281009195838,"NRI_P091",25
"43952",-213.065287189907,"NRI_P091",50
"43953",-9564.7659171899,"NRI_P091",100
"43954",0.00314281009195838,"NRI_P091",25
"43955",-209.220047189898,"NRI_P091",50
"43956",-9531.0211971899,"NRI_P091",100
"43957",0.00314281009195838,"NRI_P091",25
"43958",-9348.2375071899,"NRI_P091",50
"43959",-9563.7003371899,"NRI_P091",100
"43960",0.00314281009195838,"NRI_P091",25
"43961",-210.883767189909,"NRI_P091",50
"43962",-9519.4630071899,"NRI_P091",100
"43963",0.00314281009195838,"NRI_P091",25
"43964",-9119.23555718991,"NRI_P091",50
"43965",-8988.1308171899,"NRI_P091",100
"43966",0.00314281009195838,"NRI_P091",25
"43967",-9329.5972471899,"NRI_P091",50
"43968",-9499.8883471899,"NRI_P091",100
"43969",0.00314281009195838,"NRI_P091",25
"43970",12.5414428100921,"NRI_P091",50
"43971",-9402.02660718991,"NRI_P091",100
"43972",0.00314281009195838,"NRI_P091",25
"43973",-194.175427189897,"NRI_P091",50
"43974",-9557.04431718991,"NRI_P091",100
"43975",0.00314281009195838,"NRI_P091",25
"43976",-212.500747189901,"NRI_P091",50
"43977",-9499.01753718991,"NRI_P091",100
"43978",0.00314281009195838,"NRI_P091",25
"43979",-9356.2063771899,"NRI_P091",50
"43980",-9490.7824371899,"NRI_P091",100
"43981",0.00314281009195838,"NRI_P091",25
"43982",-203.229027189896,"NRI_P091",50
"43983",-9346.67558718991,"NRI_P091",100
"43984",0.00314281009195838,"NRI_P091",25
"43985",-9319.5230671899,"NRI_P091",50
"43986",-8140.6407771899,"NRI_P091",100
"43987",0.00314281009195838,"NRI_P091",25
"43988",-5912.5998571899,"NRI_P091",50
"43989",-9473.0575271899,"NRI_P091",100
"43990",0.00314281009195838,"NRI_P091",25
"43991",-9346.0074871899,"NRI_P091",50
"43992",-9545.33737718991,"NRI_P091",100
"43993",0.00314281009195838,"NRI_P091",25
"43994",-9357.7877871899,"NRI_P091",50
"43995",-9485.9964871899,"NRI_P091",100
"43996",0.00314281009195838,"NRI_P091",25
"43997",-9353.03326718991,"NRI_P091",50
"43998",-9427.87684718991,"NRI_P091",100
"43999",0.00314281009195838,"NRI_P091",25
"44000",-9362.7411671899,"NRI_P091",50
"44001",-9451.8672771899,"NRI_P091",100
"44002",0.00314281009195838,"NRI_P091",25
"44003",-200.983707189909,"NRI_P091",50
"44004",-9571.2064171899,"NRI_P091",100
"44005",0.00314281009195838,"NRI_P091",25
"44006",-9360.9881071899,"NRI_P091",50
"44007",-9581.5291571899,"NRI_P091",100
"44008",0.00314281009195838,"NRI_P091",25
"44009",-210.807317189901,"NRI_P091",50
"44010",-9566.07284718991,"NRI_P091",100
"44011",0.00314281009195838,"NRI_P091",25
"44012",-9306.4440371899,"NRI_P091",50
"44013",-9279.0508671899,"NRI_P091",100
"44014",0.00314281009195838,"NRI_P091",25
"44015",-195.802817189906,"NRI_P091",50
"44016",-5282.0922271899,"NRI_P091",100
"44017",0.00314281009195838,"NRI_P091",25
"44018",-66.4835571899021,"NRI_P091",50
"44019",-9504.58041718991,"NRI_P091",100
"44020",0.00314281009195838,"NRI_P091",25
"44021",-155.542217189897,"NRI_P091",50
"44022",-8995.53669718991,"NRI_P091",100
"44023",0.00314281009195838,"NRI_P091",25
"44024",-9039.33015718991,"NRI_P091",50
"44025",-9556.4517471899,"NRI_P091",100
"44026",0.00314281009195838,"NRI_P091",25
"44027",-9314.6443271899,"NRI_P091",50
"44028",-9547.3756171899,"NRI_P091",100
"44029",0.00314281009195838,"NRI_P091",25
"44030",-9342.3771971899,"NRI_P091",50
"44031",-9479.2503271899,"NRI_P091",100
"44032",0.00314281009195838,"NRI_P091",25
"44033",-9329.7083671899,"NRI_P091",50
"44034",-9519.63114718991,"NRI_P091",100
"44035",0.00314281009195838,"NRI_P091",25
"44036",-189.862617189909,"NRI_P091",50
"44037",-9534.0859371899,"NRI_P091",100
"44038",0.00314281009195838,"NRI_P091",25
"44039",-9256.08625718991,"NRI_P091",50
"44040",-9516.0666071899,"NRI_P091",100
"44041",0.00314281009195838,"NRI_P091",25
"44042",346.843642810098,"NRI_P091",50
"44043",-9540.5952771899,"NRI_P091",100
"44044",0.00314281009195838,"NRI_P091",25
"44045",-215.176947189902,"NRI_P091",50
"44046",-9057.49427718991,"NRI_P091",100
"44047",0.00314281009195838,"NRI_P091",25
"44048",-160.534477189896,"NRI_P091",50
"44049",-9559.9806671899,"NRI_P091",100
"44050",0.00314281009195838,"NRI_P091",25
"44051",1680.32174281009,"NRI_P091",50
"44052",-9501.9588871899,"NRI_P091",100
"44053",0.00314281009195838,"NRI_P091",25
"44054",12.5414428100921,"NRI_P091",50
"44055",-9528.3983871899,"NRI_P091",100
"44056",0.00314281009195838,"NRI_P091",25
"44057",-9311.29263718991,"NRI_P091",50
"44058",-9551.2228471899,"NRI_P091",100
"44059",0.00314281009195838,"NRI_P091",25
"44060",296.454042810103,"NRI_P091",50
"44061",-9550.1167571899,"NRI_P091",100
"44062",0.00314281009195838,"NRI_P091",25
"44063",-9338.2203071899,"NRI_P091",50
"44064",-9478.2173771899,"NRI_P091",100
"44065",0.00314281009195838,"NRI_P091",25
"44066",-9072.6341571899,"NRI_P091",50
"44067",-9568.4801671899,"NRI_P091",100
"44068",0.00314281009195838,"NRI_P091",25
"44069",-9210.88835718991,"NRI_P091",50
"44070",-9502.03239718991,"NRI_P091",100
"44071",0.00314281009195838,"NRI_P091",25
"44072",-9336.06563718991,"NRI_P091",50
"44073",-9480.42235718991,"NRI_P091",100
"44074",0.00314281009195838,"NRI_P091",25
"44075",-9280.3349571899,"NRI_P091",50
"44076",-9364.2971671899,"NRI_P091",100
"44077",0.00314281009195838,"NRI_P091",25
"44078",-9357.60659718991,"NRI_P091",50
"44079",-9538.90765718991,"NRI_P091",100
"44080",0.00314281009195838,"NRI_P091",25
"44081",-9360.2200071899,"NRI_P091",50
"44082",-9503.09546718991,"NRI_P091",100
"44083",0.00314281009195838,"NRI_P091",25
"44084",-158.482747189904,"NRI_P091",50
"44085",-9527.7462671899,"NRI_P091",100
"44086",0.00314281009195838,"NRI_P091",25
"44087",-186.708137189897,"NRI_P091",50
"44088",-9141.8762671899,"NRI_P091",100
"44089",0.00314281009195838,"NRI_P091",25
"44090",-208.294657189908,"NRI_P091",50
"44091",-9483.78872718991,"NRI_P091",100
"44092",0.00314281009195838,"NRI_P091",25
"44093",-9345.9406971899,"NRI_P091",50
"44094",-9010.1154171899,"NRI_P091",100
"44095",0.00314281009195838,"NRI_P091",25
"44096",-212.500747189901,"NRI_P091",50
"44097",-9537.58006718991,"NRI_P091",100
"44098",0.00314281009195838,"NRI_P091",25
"44099",-194.889857189904,"NRI_P091",50
"44100",-9427.17798718991,"NRI_P091",100
"44101",0.00416599097661674,"NRI_P092",25
"44102",-268.265234009014,"NRI_P092",50
"44103",-329.369564009015,"NRI_P092",100
"44104",0.00416599097661674,"NRI_P092",25
"44105",423.597865990974,"NRI_P092",50
"44106",125.921365991002,"NRI_P092",100
"44107",0.00416599097661674,"NRI_P092",25
"44108",-335.979124008998,"NRI_P092",50
"44109",657.651165990974,"NRI_P092",100
"44110",0.00416599097661674,"NRI_P092",25
"44111",569.161565991002,"NRI_P092",50
"44112",-140.004314009013,"NRI_P092",100
"44113",0.00416599097661674,"NRI_P092",25
"44114",180.806265990977,"NRI_P092",50
"44115",354.095665990986,"NRI_P092",100
"44116",0.00416599097661674,"NRI_P092",25
"44117",182.768965990981,"NRI_P092",50
"44118",256.179765990993,"NRI_P092",100
"44119",0.00416599097661674,"NRI_P092",25
"44120",-268.927234009025,"NRI_P092",50
"44121",27.368565990997,"NRI_P092",100
"44122",0.00416599097661674,"NRI_P092",25
"44123",-42.2159340090002,"NRI_P092",50
"44124",584.677365990996,"NRI_P092",100
"44125",0.00416599097661674,"NRI_P092",25
"44126",-343.074774009001,"NRI_P092",50
"44127",5296.61156599098,"NRI_P092",100
"44128",0.00416599097661674,"NRI_P092",25
"44129",-96.6300240090059,"NRI_P092",50
"44130",98.8571059909882,"NRI_P092",100
"44131",0.00416599097661674,"NRI_P092",25
"44132",2315.32806599099,"NRI_P092",50
"44133",-346.775514009001,"NRI_P092",100
"44134",0.00416599097661674,"NRI_P092",25
"44135",-264.447634009004,"NRI_P092",50
"44136",102.245565990976,"NRI_P092",100
"44137",0.00416599097661674,"NRI_P092",25
"44138",10.6011659909855,"NRI_P092",50
"44139",-138.524234009004,"NRI_P092",100
"44140",0.00416599097661674,"NRI_P092",25
"44141",-107.770614009001,"NRI_P092",50
"44142",177.770375990978,"NRI_P092",100
"44143",0.00416599097661674,"NRI_P092",25
"44144",-271.020534009003,"NRI_P092",50
"44145",-187.530034009018,"NRI_P092",100
"44146",0.00416599097661674,"NRI_P092",25
"44147",-351.00790400902,"NRI_P092",50
"44148",1895.63406599098,"NRI_P092",100
"44149",0.00416599097661674,"NRI_P092",25
"44150",-105.091534009,"NRI_P092",50
"44151",-369.692154009012,"NRI_P092",100
"44152",0.00416599097661674,"NRI_P092",25
"44153",5484.02206599098,"NRI_P092",50
"44154",15915.358165991,"NRI_P092",100
"44155",0.00416599097661674,"NRI_P092",25
"44156",-345.788924009015,"NRI_P092",50
"44157",600.951365991001,"NRI_P092",100
"44158",0.00416599097661674,"NRI_P092",25
"44159",-9.03243400901556,"NRI_P092",50
"44160",-361.65396400902,"NRI_P092",100
"44161",0.00416599097661674,"NRI_P092",25
"44162",374.011865990993,"NRI_P092",50
"44163",-179.946224009007,"NRI_P092",100
"44164",0.00416599097661674,"NRI_P092",25
"44165",-281.565034009021,"NRI_P092",50
"44166",123.912375991,"NRI_P092",100
"44167",0.00416599097661674,"NRI_P092",25
"44168",5394.896165991,"NRI_P092",50
"44169",-317.618734009011,"NRI_P092",100
"44170",0.00416599097661674,"NRI_P092",25
"44171",-344.402624009002,"NRI_P092",50
"44172",301.765835990984,"NRI_P092",100
"44173",0.00416599097661674,"NRI_P092",25
"44174",-275.299534009013,"NRI_P092",50
"44175",28.9065159909951,"NRI_P092",100
"44176",0.00416599097661674,"NRI_P092",25
"44177",-106.439824009023,"NRI_P092",50
"44178",210.830565990997,"NRI_P092",100
"44179",0.00416599097661674,"NRI_P092",25
"44180",1280.98206599097,"NRI_P092",50
"44181",-104.992034009018,"NRI_P092",100
"44182",0.00416599097661674,"NRI_P092",25
"44183",-79.4189640090044,"NRI_P092",50
"44184",1599.692765991,"NRI_P092",100
"44185",0.00416599097661674,"NRI_P092",25
"44186",1354.88116599098,"NRI_P092",50
"44187",-356.576094009011,"NRI_P092",100
"44188",0.00416599097661674,"NRI_P092",25
"44189",-306.633834009001,"NRI_P092",50
"44190",4.46287599098287,"NRI_P092",100
"44191",0.00416599097661674,"NRI_P092",25
"44192",-207.727734009008,"NRI_P092",50
"44193",647.886375990987,"NRI_P092",100
"44194",0.00416599097661674,"NRI_P092",25
"44195",349.155765990989,"NRI_P092",50
"44196",-329.411084009014,"NRI_P092",100
"44197",0.00416599097661674,"NRI_P092",25
"44198",-28.9161340090213,"NRI_P092",50
"44199",46.9136059909943,"NRI_P092",100
"44200",0.00416599097661674,"NRI_P092",25
"44201",-335.979124008998,"NRI_P092",50
"44202",-386.337724009005,"NRI_P092",100
"44203",0.00416599097661674,"NRI_P092",25
"44204",-287.64833400902,"NRI_P092",50
"44205",-326.286234009021,"NRI_P092",100
"44206",0.00416599097661674,"NRI_P092",25
"44207",124.460565991001,"NRI_P092",50
"44208",-254.957024009025,"NRI_P092",100
"44209",0.00416599097661674,"NRI_P092",25
"44210",930.360165990976,"NRI_P092",50
"44211",-285.031834009016,"NRI_P092",100
"44212",0.00416599097661674,"NRI_P092",25
"44213",1520.331165991,"NRI_P092",50
"44214",-243.394984009006,"NRI_P092",100
"44215",0.00416599097661674,"NRI_P092",25
"44216",-38.0592340090079,"NRI_P092",50
"44217",-374.66892400902,"NRI_P092",100
"44218",0.00416599097661674,"NRI_P092",25
"44219",-19.2104340090009,"NRI_P092",50
"44220",1040.52751599098,"NRI_P092",100
"44221",0.00416599097661674,"NRI_P092",25
"44222",-354.741494009009,"NRI_P092",50
"44223",598.074465990998,"NRI_P092",100
"44224",0.00416599097661674,"NRI_P092",25
"44225",-126.37152400901,"NRI_P092",50
"44226",-133.825864009006,"NRI_P092",100
"44227",0.00416599097661674,"NRI_P092",25
"44228",-27.5783340090129,"NRI_P092",50
"44229",-404.333424009004,"NRI_P092",100
"44230",0.00416599097661674,"NRI_P092",25
"44231",-48.2992340089986,"NRI_P092",50
"44232",-418.296804009005,"NRI_P092",100
"44233",0.00416599097661674,"NRI_P092",25
"44234",-223.624034009001,"NRI_P092",50
"44235",-318.172024009022,"NRI_P092",100
"44236",0.00416599097661674,"NRI_P092",25
"44237",68.8119659909862,"NRI_P092",50
"44238",1693.781565991,"NRI_P092",100
"44239",0.00416599097661674,"NRI_P092",25
"44240",-241.179534009018,"NRI_P092",50
"44241",917.834065990988,"NRI_P092",100
"44242",0.00416599097661674,"NRI_P092",25
"44243",2148.78416599098,"NRI_P092",50
"44244",-446.73400400902,"NRI_P092",100
"44245",0.00416599097661674,"NRI_P092",25
"44246",-241.179534009018,"NRI_P092",50
"44247",-405.214304009016,"NRI_P092",100
"44248",0.00416599097661674,"NRI_P092",25
"44249",-343.074774009001,"NRI_P092",50
"44250",-233.731434009009,"NRI_P092",100
"44251",0.00416599097661674,"NRI_P092",25
"44252",-282.986034009024,"NRI_P092",50
"44253",-157.956934009009,"NRI_P092",100
"44254",0.00416599097661674,"NRI_P092",25
"44255",-99.3690940090164,"NRI_P092",50
"44256",-377.464524009003,"NRI_P092",100
"44257",0.00416599097661674,"NRI_P092",25
"44258",-42.2159340090002,"NRI_P092",50
"44259",-228.791864009021,"NRI_P092",100
"44260",0.00416599097661674,"NRI_P092",25
"44261",-299.275734009017,"NRI_P092",50
"44262",62.3405659909768,"NRI_P092",100
"44263",0.00416599097661674,"NRI_P092",25
"44264",270.994065990992,"NRI_P092",50
"44265",852.877465990983,"NRI_P092",100
"44266",0.00416599097661674,"NRI_P092",25
"44267",-31.6714340090111,"NRI_P092",50
"44268",-417.142324009008,"NRI_P092",100
"44269",0.00416599097661674,"NRI_P092",25
"44270",-266.659234009014,"NRI_P092",50
"44271",-233.809534009022,"NRI_P092",100
"44272",0.00416599097661674,"NRI_P092",25
"44273",39.8674659909739,"NRI_P092",50
"44274",-201.651034009003,"NRI_P092",100
"44275",0.00416599097661674,"NRI_P092",25
"44276",-98.6674540090025,"NRI_P092",50
"44277",-332.406034009007,"NRI_P092",100
"44278",0.00416599097661674,"NRI_P092",25
"44279",-302.993834009016,"NRI_P092",50
"44280",-170.658044009004,"NRI_P092",100
"44281",0.00416599097661674,"NRI_P092",25
"44282",244.58226599099,"NRI_P092",50
"44283",-422.139314009022,"NRI_P092",100
"44284",0.00416599097661674,"NRI_P092",25
"44285",-19.2104340090009,"NRI_P092",50
"44286",7855.54106599098,"NRI_P092",100
"44287",0.00416599097661674,"NRI_P092",25
"44288",-176.506934008998,"NRI_P092",50
"44289",2007.570165991,"NRI_P092",100
"44290",0.00416599097661674,"NRI_P092",25
"44291",-70.8473840090155,"NRI_P092",50
"44292",796.580465990992,"NRI_P092",100
"44293",0.00416599097661674,"NRI_P092",25
"44294",-105.091534009,"NRI_P092",50
"44295",367.463565990998,"NRI_P092",100
"44296",0.00416599097661674,"NRI_P092",25
"44297",770.124765991,"NRI_P092",50
"44298",-433.708204009017,"NRI_P092",100
"44299",0.00416599097661674,"NRI_P092",25
"44300",-15.902034009021,"NRI_P092",50
"44301",-317.618734009011,"NRI_P092",100
"44302",0.00416599097661674,"NRI_P092",25
"44303",-87.519144009013,"NRI_P092",50
"44304",-227.813104009023,"NRI_P092",100
"44305",0.00416599097661674,"NRI_P092",25
"44306",-301.144534009014,"NRI_P092",50
"44307",-292.012434009026,"NRI_P092",100
"44308",0.00416599097661674,"NRI_P092",25
"44309",-27.5783340090129,"NRI_P092",50
"44310",662.766665990988,"NRI_P092",100
"44311",0.00416599097661674,"NRI_P092",25
"44312",-18.3388340090169,"NRI_P092",50
"44313",1190.34863599099,"NRI_P092",100
"44314",0.00416599097661674,"NRI_P092",25
"44315",-299.275734009017,"NRI_P092",50
"44316",1428.20796599099,"NRI_P092",100
"44317",0.00416599097661674,"NRI_P092",25
"44318",-192.851034009014,"NRI_P092",50
"44319",1500.59796599098,"NRI_P092",100
"44320",0.00416599097661674,"NRI_P092",25
"44321",-271.020534009003,"NRI_P092",50
"44322",286.080665991001,"NRI_P092",100
"44323",0.00416599097661674,"NRI_P092",25
"44324",-343.074774009001,"NRI_P092",50
"44325",-135.360834009014,"NRI_P092",100
"44326",0.00416599097661674,"NRI_P092",25
"44327",114.847065990994,"NRI_P092",50
"44328",1946.45976599099,"NRI_P092",100
"44329",0.00416599097661674,"NRI_P092",25
"44330",-52.2544340090244,"NRI_P092",50
"44331",-315.527734009025,"NRI_P092",100
"44332",0.00416599097661674,"NRI_P092",25
"44333",-271.020534009003,"NRI_P092",50
"44334",-222.544534009008,"NRI_P092",100
"44335",0.00416599097661674,"NRI_P092",25
"44336",119.894465990976,"NRI_P092",50
"44337",-338.502334009012,"NRI_P092",100
"44338",0.00416599097661674,"NRI_P092",25
"44339",-325.536144009006,"NRI_P092",50
"44340",-285.085534009006,"NRI_P092",100
"44341",0.00416599097661674,"NRI_P092",25
"44342",-31.6714340090111,"NRI_P092",50
"44343",-301.749934009014,"NRI_P092",100
"44344",0.00416599097661674,"NRI_P092",25
"44345",-115.392394009017,"NRI_P092",50
"44346",6851.408465991,"NRI_P092",100
"44347",0.00416599097661674,"NRI_P092",25
"44348",15.7250659909914,"NRI_P092",50
"44349",-246.142134009016,"NRI_P092",100
"44350",0.00416599097661674,"NRI_P092",25
"44351",5394.896165991,"NRI_P092",50
"44352",-398.032524009002,"NRI_P092",100
"44353",0.00416599097661674,"NRI_P092",25
"44354",5723.37116599097,"NRI_P092",50
"44355",-136.705034009006,"NRI_P092",100
"44356",0.00416599097661674,"NRI_P092",25
"44357",-365.720624009002,"NRI_P092",50
"44358",-273.368204009021,"NRI_P092",100
"44359",0.00416599097661674,"NRI_P092",25
"44360",-115.392394009017,"NRI_P092",50
"44361",-285.87383400902,"NRI_P092",100
"44362",0.00416599097661674,"NRI_P092",25
"44363",-345.788924009015,"NRI_P092",50
"44364",2688.99706599099,"NRI_P092",100
"44365",0.00416599097661674,"NRI_P092",25
"44366",109.86146599098,"NRI_P092",50
"44367",-90.100734009,"NRI_P092",100
"44368",0.00416599097661674,"NRI_P092",25
"44369",-262.215234009025,"NRI_P092",50
"44370",-405.719724009017,"NRI_P092",100
"44371",0.00416599097661674,"NRI_P092",25
"44372",-158.322834009014,"NRI_P092",50
"44373",175.81756599099,"NRI_P092",100
"44374",0.00416599097661674,"NRI_P092",25
"44375",-148.920334009017,"NRI_P092",50
"44376",-248.564034009003,"NRI_P092",100
"44377",0.00416599097661674,"NRI_P092",25
"44378",-46.2915340090112,"NRI_P092",50
"44379",1640.701365991,"NRI_P092",100
"44380",0.00416599097661674,"NRI_P092",25
"44381",588.504865990981,"NRI_P092",50
"44382",-373.399284009007,"NRI_P092",100
"44383",0.00416599097661674,"NRI_P092",25
"44384",-65.4744340090256,"NRI_P092",50
"44385",-233.739934009005,"NRI_P092",100
"44386",0.00416599097661674,"NRI_P092",25
"44387",-38.0592340090079,"NRI_P092",50
"44388",78.8042659909988,"NRI_P092",100
"44389",0.00416599097661674,"NRI_P092",25
"44390",106.564265990979,"NRI_P092",50
"44391",1877.759465991,"NRI_P092",100
"44392",0.00416599097661674,"NRI_P092",25
"44393",3.07776599097997,"NRI_P092",50
"44394",-440.682044009009,"NRI_P092",100
"44395",0.00416599097661674,"NRI_P092",25
"44396",-96.6300240090059,"NRI_P092",50
"44397",-286.444934009021,"NRI_P092",100
"44398",0.00416599097661674,"NRI_P092",25
"44399",-107.770614009001,"NRI_P092",50
"44400",-247.785034009023,"NRI_P092",100
"44401",0.00184738298412412,"NRI_P093",25
"44402",2407.35680738298,"NRI_P093",50
"44403",272.479407382983,"NRI_P093",100
"44404",0.00184738298412412,"NRI_P093",25
"44405",16444.767807383,"NRI_P093",50
"44406",585.713617382979,"NRI_P093",100
"44407",0.00184738298412412,"NRI_P093",25
"44408",816.093707382999,"NRI_P093",50
"44409",579.165717383003,"NRI_P093",100
"44410",0.00184738298412412,"NRI_P093",25
"44411",132.15090738298,"NRI_P093",50
"44412",541.539517383004,"NRI_P093",100
"44413",0.00184738298412412,"NRI_P093",25
"44414",1078.468807383,"NRI_P093",50
"44415",2717.930417383,"NRI_P093",100
"44416",0.00184738298412412,"NRI_P093",25
"44417",51.4766573829984,"NRI_P093",50
"44418",7157.70204738298,"NRI_P093",100
"44419",0.00184738298412412,"NRI_P093",25
"44420",1137.941757383,"NRI_P093",50
"44421",1266.67081738298,"NRI_P093",100
"44422",0.00184738298412412,"NRI_P093",25
"44423",15.7375273829966,"NRI_P093",50
"44424",419.083617383003,"NRI_P093",100
"44425",0.00184738298412412,"NRI_P093",25
"44426",246.445307382994,"NRI_P093",50
"44427",172.703717383003,"NRI_P093",100
"44428",0.00184738298412412,"NRI_P093",25
"44429",1976.85080738299,"NRI_P093",50
"44430",781.76021738298,"NRI_P093",100
"44431",0.00184738298412412,"NRI_P093",25
"44432",16444.767807383,"NRI_P093",50
"44433",650.403487382981,"NRI_P093",100
"44434",0.00184738298412412,"NRI_P093",25
"44435",1992.02375738299,"NRI_P093",50
"44436",1347.642917383,"NRI_P093",100
"44437",0.00184738298412412,"NRI_P093",25
"44438",3555.87575738298,"NRI_P093",50
"44439",2440.738517383,"NRI_P093",100
"44440",0.00184738298412412,"NRI_P093",25
"44441",320.238857382996,"NRI_P093",50
"44442",753.359017382987,"NRI_P093",100
"44443",0.00184738298412412,"NRI_P093",25
"44444",113.748907382978,"NRI_P093",50
"44445",2673.212817383,"NRI_P093",100
"44446",0.00184738298412412,"NRI_P093",25
"44447",3611.69680738298,"NRI_P093",50
"44448",3337.33021738299,"NRI_P093",100
"44449",0.00184738298412412,"NRI_P093",25
"44450",6.07549738298985,"NRI_P093",50
"44451",540.916517382982,"NRI_P093",100
"44452",0.00184738298412412,"NRI_P093",25
"44453",427.792457382981,"NRI_P093",50
"44454",359.353017382993,"NRI_P093",100
"44455",0.00184738298412412,"NRI_P093",25
"44456",43.4838573829911,"NRI_P093",50
"44457",688.321617382986,"NRI_P093",100
"44458",0.00184738298412412,"NRI_P093",25
"44459",1941.47075738298,"NRI_P093",50
"44460",2340.602017383,"NRI_P093",100
"44461",0.00184738298412412,"NRI_P093",25
"44462",47.9028073829832,"NRI_P093",50
"44463",1083.14018738299,"NRI_P093",100
"44464",0.00184738298412412,"NRI_P093",25
"44465",487.564457382978,"NRI_P093",50
"44466",926.883137383003,"NRI_P093",100
"44467",0.00184738298412412,"NRI_P093",25
"44468",657.364557383,"NRI_P093",50
"44469",18.4571873829991,"NRI_P093",100
"44470",0.00184738298412412,"NRI_P093",25
"44471",-10.499722617009,"NRI_P093",50
"44472",233.022317383002,"NRI_P093",100
"44473",0.00184738298412412,"NRI_P093",25
"44474",670.251207383,"NRI_P093",50
"44475",6542.81356738298,"NRI_P093",100
"44476",0.00184738298412412,"NRI_P093",25
"44477",892.384057382995,"NRI_P093",50
"44478",639.379017382977,"NRI_P093",100
"44479",0.00184738298412412,"NRI_P093",25
"44480",3210.95780738298,"NRI_P093",50
"44481",242.969707382988,"NRI_P093",100
"44482",0.00184738298412412,"NRI_P093",25
"44483",477.150207382976,"NRI_P093",50
"44484",537.177317383001,"NRI_P093",100
"44485",0.00184738298412412,"NRI_P093",25
"44486",28.3854673829919,"NRI_P093",50
"44487",1255.18081738299,"NRI_P093",100
"44488",0.00184738298412412,"NRI_P093",25
"44489",209.412807382992,"NRI_P093",50
"44490",124.999017383001,"NRI_P093",100
"44491",0.00184738298412412,"NRI_P093",25
"44492",296.110557382985,"NRI_P093",50
"44493",2176.350717383,"NRI_P093",100
"44494",0.00184738298412412,"NRI_P093",25
"44495",1013.81780738299,"NRI_P093",50
"44496",562.536417383002,"NRI_P093",100
"44497",0.00184738298412412,"NRI_P093",25
"44498",-1.17085261701141,"NRI_P093",50
"44499",324.722917382984,"NRI_P093",100
"44500",0.00184738298412412,"NRI_P093",25
"44501",408.257307382999,"NRI_P093",50
"44502",2419.089017383,"NRI_P093",100
"44503",0.00184738298412412,"NRI_P093",25
"44504",25.390037382982,"NRI_P093",50
"44505",79.7414073830005,"NRI_P093",100
"44506",0.00184738298412412,"NRI_P093",25
"44507",45.9226073829923,"NRI_P093",50
"44508",272.036817382992,"NRI_P093",100
"44509",0.00184738298412412,"NRI_P093",25
"44510",36.303707382991,"NRI_P093",50
"44511",1496.09781738298,"NRI_P093",100
"44512",0.00184738298412412,"NRI_P093",25
"44513",423.430257382977,"NRI_P093",50
"44514",1024.38341738298,"NRI_P093",100
"44515",0.00184738298412412,"NRI_P093",25
"44516",42.3235573830025,"NRI_P093",50
"44517",829.822617382975,"NRI_P093",100
"44518",0.00184738298412412,"NRI_P093",25
"44519",432.475607382978,"NRI_P093",50
"44520",12.2864373829798,"NRI_P093",100
"44521",0.00184738298412412,"NRI_P093",25
"44522",63.0757573829906,"NRI_P093",50
"44523",299.41401738298,"NRI_P093",100
"44524",0.00184738298412412,"NRI_P093",25
"44525",320.238857382996,"NRI_P093",50
"44526",1293.40741738299,"NRI_P093",100
"44527",0.00184738298412412,"NRI_P093",25
"44528",16444.767807383,"NRI_P093",50
"44529",1078.86313738298,"NRI_P093",100
"44530",0.00184738298412412,"NRI_P093",25
"44531",92.807257382985,"NRI_P093",50
"44532",10033.244717383,"NRI_P093",100
"44533",0.00184738298412412,"NRI_P093",25
"44534",-1.2312026169966,"NRI_P093",50
"44535",6768.02271738299,"NRI_P093",100
"44536",0.00184738298412412,"NRI_P093",25
"44537",636.654307382996,"NRI_P093",50
"44538",139.269137383002,"NRI_P093",100
"44539",0.00184738298412412,"NRI_P093",25
"44540",980.190757382981,"NRI_P093",50
"44541",-19.6440126170055,"NRI_P093",100
"44542",0.00184738298412412,"NRI_P093",25
"44543",1382.35075738298,"NRI_P093",50
"44544",325.016517382988,"NRI_P093",100
"44545",0.00184738298412412,"NRI_P093",25
"44546",636.654307382996,"NRI_P093",50
"44547",1433.85951738298,"NRI_P093",100
"44548",0.00184738298412412,"NRI_P093",25
"44549",2903.88980738298,"NRI_P093",50
"44550",809.550917382992,"NRI_P093",100
"44551",0.00184738298412412,"NRI_P093",25
"44552",930.730807382992,"NRI_P093",50
"44553",17658.693717383,"NRI_P093",100
"44554",0.00184738298412412,"NRI_P093",25
"44555",320.238857382996,"NRI_P093",50
"44556",3724.87781738298,"NRI_P093",100
"44557",0.00184738298412412,"NRI_P093",25
"44558",113.748907382978,"NRI_P093",50
"44559",1635.12721738298,"NRI_P093",100
"44560",0.00184738298412412,"NRI_P093",25
"44561",-6.91643261699937,"NRI_P093",50
"44562",873.756717382988,"NRI_P093",100
"44563",0.00184738298412412,"NRI_P093",25
"44564",1211.69880738299,"NRI_P093",50
"44565",919.532817382977,"NRI_P093",100
"44566",0.00184738298412412,"NRI_P093",25
"44567",651.827257383004,"NRI_P093",50
"44568",1673.807717383,"NRI_P093",100
"44569",0.00184738298412412,"NRI_P093",25
"44570",1041.781807383,"NRI_P093",50
"44571",140.708217382984,"NRI_P093",100
"44572",0.00184738298412412,"NRI_P093",25
"44573",123.846857383003,"NRI_P093",50
"44574",104.409517382999,"NRI_P093",100
"44575",0.00184738298412412,"NRI_P093",25
"44576",2277.672757383,"NRI_P093",50
"44577",1087.38218738299,"NRI_P093",100
"44578",0.00184738298412412,"NRI_P093",25
"44579",-1.17085261701141,"NRI_P093",50
"44580",52.5741873829975,"NRI_P093",100
"44581",0.00184738298412412,"NRI_P093",25
"44582",7.04650738299824,"NRI_P093",50
"44583",2362.97861738299,"NRI_P093",100
"44584",0.00184738298412412,"NRI_P093",25
"44585",1013.81780738299,"NRI_P093",50
"44586",388.738217382983,"NRI_P093",100
"44587",0.00184738298412412,"NRI_P093",25
"44588",116.385157382989,"NRI_P093",50
"44589",4491.057817383,"NRI_P093",100
"44590",0.00184738298412412,"NRI_P093",25
"44591",7.04650738299824,"NRI_P093",50
"44592",483.34191738299,"NRI_P093",100
"44593",0.00184738298412412,"NRI_P093",25
"44594",1401.32575738299,"NRI_P093",50
"44595",10135.699717383,"NRI_P093",100
"44596",0.00184738298412412,"NRI_P093",25
"44597",320.238857382996,"NRI_P093",50
"44598",269.548137382983,"NRI_P093",100
"44599",0.00184738298412412,"NRI_P093",25
"44600",22.2194573829765,"NRI_P093",50
"44601",3619.951477383,"NRI_P093",100
"44602",0.00184738298412412,"NRI_P093",25
"44603",23.6184373830038,"NRI_P093",50
"44604",955.152917382977,"NRI_P093",100
"44605",0.00184738298412412,"NRI_P093",25
"44606",685.424157382979,"NRI_P093",50
"44607",-31.5122526170162,"NRI_P093",100
"44608",0.00184738298412412,"NRI_P093",25
"44609",657.364557383,"NRI_P093",50
"44610",5599.63413738299,"NRI_P093",100
"44611",0.00184738298412412,"NRI_P093",25
"44612",423.430257382977,"NRI_P093",50
"44613",2948.529717383,"NRI_P093",100
"44614",0.00184738298412412,"NRI_P093",25
"44615",1097.88375738298,"NRI_P093",50
"44616",669.191857382975,"NRI_P093",100
"44617",0.00184738298412412,"NRI_P093",25
"44618",1020.895807383,"NRI_P093",50
"44619",1490.49981738298,"NRI_P093",100
"44620",0.00184738298412412,"NRI_P093",25
"44621",77.4698573829955,"NRI_P093",50
"44622",135.127447382984,"NRI_P093",100
"44623",0.00184738298412412,"NRI_P093",25
"44624",-16.404152617004,"NRI_P093",50
"44625",2385.051717383,"NRI_P093",100
"44626",0.00184738298412412,"NRI_P093",25
"44627",45.9226073829923,"NRI_P093",50
"44628",793.914717382984,"NRI_P093",100
"44629",0.00184738298412412,"NRI_P093",25
"44630",3728.01075738299,"NRI_P093",50
"44631",313.313617382984,"NRI_P093",100
"44632",0.00184738298412412,"NRI_P093",25
"44633",551.410107382981,"NRI_P093",50
"44634",109.90123738299,"NRI_P093",100
"44635",0.00184738298412412,"NRI_P093",25
"44636",776.461507382977,"NRI_P093",50
"44637",1226.86451738299,"NRI_P093",100
"44638",0.00184738298412412,"NRI_P093",25
"44639",2288.66575738299,"NRI_P093",50
"44640",771.111617382994,"NRI_P093",100
"44641",0.00184738298412412,"NRI_P093",25
"44642",21.8797973829787,"NRI_P093",50
"44643",132.15090738298,"NRI_P093",100
"44644",0.00184738298412412,"NRI_P093",25
"44645",2262.49980738299,"NRI_P093",50
"44646",260.467917382979,"NRI_P093",100
"44647",0.00184738298412412,"NRI_P093",25
"44648",32.5869073829963,"NRI_P093",50
"44649",2414.147217383,"NRI_P093",100
"44650",0.00184738298412412,"NRI_P093",25
"44651",642.191607382993,"NRI_P093",50
"44652",735.324317382998,"NRI_P093",100
"44653",0.00184738298412412,"NRI_P093",25
"44654",259.782607382978,"NRI_P093",50
"44655",11457.278967383,"NRI_P093",100
"44656",0.00184738298412412,"NRI_P093",25
"44657",2340.07880738299,"NRI_P093",50
"44658",174.36131738298,"NRI_P093",100
"44659",0.00184738298412412,"NRI_P093",25
"44660",27.002097382996,"NRI_P093",50
"44661",845.366717383004,"NRI_P093",100
"44662",0.00184738298412412,"NRI_P093",25
"44663",679.762357382977,"NRI_P093",50
"44664",1067.52701738299,"NRI_P093",100
"44665",0.00184738298412412,"NRI_P093",25
"44666",426.110007382988,"NRI_P093",50
"44667",206.554317382979,"NRI_P093",100
"44668",0.00184738298412412,"NRI_P093",25
"44669",169.003907382983,"NRI_P093",50
"44670",389.595817383,"NRI_P093",100
"44671",0.00184738298412412,"NRI_P093",25
"44672",65.0749573829817,"NRI_P093",50
"44673",922.332817382994,"NRI_P093",100
"44674",0.00184738298412412,"NRI_P093",25
"44675",-1.2312026169966,"NRI_P093",50
"44676",2093.027117383,"NRI_P093",100
"44677",0.00184738298412412,"NRI_P093",25
"44678",351.702557382989,"NRI_P093",50
"44679",665.615117382986,"NRI_P093",100
"44680",0.00184738298412412,"NRI_P093",25
"44681",178.277857382986,"NRI_P093",50
"44682",947.649017382995,"NRI_P093",100
"44683",0.00184738298412412,"NRI_P093",25
"44684",43.9612073829921,"NRI_P093",50
"44685",485.725317382981,"NRI_P093",100
"44686",0.00184738298412412,"NRI_P093",25
"44687",113.748907382978,"NRI_P093",50
"44688",7370.162517383,"NRI_P093",100
"44689",0.00184738298412412,"NRI_P093",25
"44690",38.1900073830038,"NRI_P093",50
"44691",1284.269817383,"NRI_P093",100
"44692",0.00184738298412412,"NRI_P093",25
"44693",215.950607382983,"NRI_P093",50
"44694",89.1759073830035,"NRI_P093",100
"44695",0.00184738298412412,"NRI_P093",25
"44696",25.390037382982,"NRI_P093",50
"44697",7757.364717383,"NRI_P093",100
"44698",0.00184738298412412,"NRI_P093",25
"44699",-10.499722617009,"NRI_P093",50
"44700",23652.214817383,"NRI_P093",100
"44701",0.00189085496822372,"NRI_P094",25
"44702",0.00189085496822372,"NRI_P094",50
"44703",0.00189085496822372,"NRI_P094",100
"44704",0.00189085496822372,"NRI_P094",25
"44705",0.00189085496822372,"NRI_P094",50
"44706",0.00189085496822372,"NRI_P094",100
"44707",0.00189085496822372,"NRI_P094",25
"44708",0.00189085496822372,"NRI_P094",50
"44709",0.00189085496822372,"NRI_P094",100
"44710",0.00189085496822372,"NRI_P094",25
"44711",0.00189085496822372,"NRI_P094",50
"44712",0.00189085496822372,"NRI_P094",100
"44713",0.00189085496822372,"NRI_P094",25
"44714",0.00189085496822372,"NRI_P094",50
"44715",0.00189085496822372,"NRI_P094",100
"44716",0.00189085496822372,"NRI_P094",25
"44717",0.00189085496822372,"NRI_P094",50
"44718",0.00189085496822372,"NRI_P094",100
"44719",0.00189085496822372,"NRI_P094",25
"44720",0.00189085496822372,"NRI_P094",50
"44721",0.00189085496822372,"NRI_P094",100
"44722",0.00189085496822372,"NRI_P094",25
"44723",0.00189085496822372,"NRI_P094",50
"44724",0.00189085496822372,"NRI_P094",100
"44725",0.00189085496822372,"NRI_P094",25
"44726",0.00189085496822372,"NRI_P094",50
"44727",0.00189085496822372,"NRI_P094",100
"44728",0.00189085496822372,"NRI_P094",25
"44729",0.00189085496822372,"NRI_P094",50
"44730",0.00189085496822372,"NRI_P094",100
"44731",0.00189085496822372,"NRI_P094",25
"44732",0.00189085496822372,"NRI_P094",50
"44733",0.00189085496822372,"NRI_P094",100
"44734",0.00189085496822372,"NRI_P094",25
"44735",0.00189085496822372,"NRI_P094",50
"44736",0.00189085496822372,"NRI_P094",100
"44737",0.00189085496822372,"NRI_P094",25
"44738",0.00189085496822372,"NRI_P094",50
"44739",0.00189085496822372,"NRI_P094",100
"44740",0.00189085496822372,"NRI_P094",25
"44741",0.00189085496822372,"NRI_P094",50
"44742",0.00189085496822372,"NRI_P094",100
"44743",0.00189085496822372,"NRI_P094",25
"44744",0.00189085496822372,"NRI_P094",50
"44745",0.00189085496822372,"NRI_P094",100
"44746",0.00189085496822372,"NRI_P094",25
"44747",0.00189085496822372,"NRI_P094",50
"44748",0.00189085496822372,"NRI_P094",100
"44749",0.00189085496822372,"NRI_P094",25
"44750",0.00189085496822372,"NRI_P094",50
"44751",0.00189085496822372,"NRI_P094",100
"44752",0.00189085496822372,"NRI_P094",25
"44753",0.00189085496822372,"NRI_P094",50
"44754",0.00189085496822372,"NRI_P094",100
"44755",0.00189085496822372,"NRI_P094",25
"44756",0.00189085496822372,"NRI_P094",50
"44757",0.00189085496822372,"NRI_P094",100
"44758",0.00189085496822372,"NRI_P094",25
"44759",0.00189085496822372,"NRI_P094",50
"44760",0.00189085496822372,"NRI_P094",100
"44761",0.00189085496822372,"NRI_P094",25
"44762",0.00189085496822372,"NRI_P094",50
"44763",0.00189085496822372,"NRI_P094",100
"44764",0.00189085496822372,"NRI_P094",25
"44765",0.00189085496822372,"NRI_P094",50
"44766",0.00189085496822372,"NRI_P094",100
"44767",0.00189085496822372,"NRI_P094",25
"44768",0.00189085496822372,"NRI_P094",50
"44769",0.00189085496822372,"NRI_P094",100
"44770",0.00189085496822372,"NRI_P094",25
"44771",0.00189085496822372,"NRI_P094",50
"44772",0.00189085496822372,"NRI_P094",100
"44773",0.00189085496822372,"NRI_P094",25
"44774",0.00189085496822372,"NRI_P094",50
"44775",0.00189085496822372,"NRI_P094",100
"44776",0.00189085496822372,"NRI_P094",25
"44777",0.00189085496822372,"NRI_P094",50
"44778",0.00189085496822372,"NRI_P094",100
"44779",0.00189085496822372,"NRI_P094",25
"44780",0.00189085496822372,"NRI_P094",50
"44781",0.00189085496822372,"NRI_P094",100
"44782",0.00189085496822372,"NRI_P094",25
"44783",0.00189085496822372,"NRI_P094",50
"44784",0.00189085496822372,"NRI_P094",100
"44785",0.00189085496822372,"NRI_P094",25
"44786",0.00189085496822372,"NRI_P094",50
"44787",0.00189085496822372,"NRI_P094",100
"44788",0.00189085496822372,"NRI_P094",25
"44789",0.00189085496822372,"NRI_P094",50
"44790",0.00189085496822372,"NRI_P094",100
"44791",0.00189085496822372,"NRI_P094",25
"44792",0.00189085496822372,"NRI_P094",50
"44793",0.00189085496822372,"NRI_P094",100
"44794",0.00189085496822372,"NRI_P094",25
"44795",0.00189085496822372,"NRI_P094",50
"44796",0.00189085496822372,"NRI_P094",100
"44797",0.00189085496822372,"NRI_P094",25
"44798",0.00189085496822372,"NRI_P094",50
"44799",0.00189085496822372,"NRI_P094",100
"44800",0.00189085496822372,"NRI_P094",25
"44801",0.00189085496822372,"NRI_P094",50
"44802",0.00189085496822372,"NRI_P094",100
"44803",0.00189085496822372,"NRI_P094",25
"44804",0.00189085496822372,"NRI_P094",50
"44805",0.00189085496822372,"NRI_P094",100
"44806",0.00189085496822372,"NRI_P094",25
"44807",0.00189085496822372,"NRI_P094",50
"44808",0.00189085496822372,"NRI_P094",100
"44809",0.00189085496822372,"NRI_P094",25
"44810",0.00189085496822372,"NRI_P094",50
"44811",0.00189085496822372,"NRI_P094",100
"44812",0.00189085496822372,"NRI_P094",25
"44813",0.00189085496822372,"NRI_P094",50
"44814",0.00189085496822372,"NRI_P094",100
"44815",0.00189085496822372,"NRI_P094",25
"44816",0.00189085496822372,"NRI_P094",50
"44817",0.00189085496822372,"NRI_P094",100
"44818",0.00189085496822372,"NRI_P094",25
"44819",0.00189085496822372,"NRI_P094",50
"44820",0.00189085496822372,"NRI_P094",100
"44821",0.00189085496822372,"NRI_P094",25
"44822",0.00189085496822372,"NRI_P094",50
"44823",0.00189085496822372,"NRI_P094",100
"44824",0.00189085496822372,"NRI_P094",25
"44825",0.00189085496822372,"NRI_P094",50
"44826",0.00189085496822372,"NRI_P094",100
"44827",0.00189085496822372,"NRI_P094",25
"44828",0.00189085496822372,"NRI_P094",50
"44829",0.00189085496822372,"NRI_P094",100
"44830",0.00189085496822372,"NRI_P094",25
"44831",0.00189085496822372,"NRI_P094",50
"44832",0.00189085496822372,"NRI_P094",100
"44833",0.00189085496822372,"NRI_P094",25
"44834",0.00189085496822372,"NRI_P094",50
"44835",0.00189085496822372,"NRI_P094",100
"44836",0.00189085496822372,"NRI_P094",25
"44837",0.00189085496822372,"NRI_P094",50
"44838",0.00189085496822372,"NRI_P094",100
"44839",0.00189085496822372,"NRI_P094",25
"44840",0.00189085496822372,"NRI_P094",50
"44841",0.00189085496822372,"NRI_P094",100
"44842",0.00189085496822372,"NRI_P094",25
"44843",0.00189085496822372,"NRI_P094",50
"44844",0.00189085496822372,"NRI_P094",100
"44845",0.00189085496822372,"NRI_P094",25
"44846",0.00189085496822372,"NRI_P094",50
"44847",0.00189085496822372,"NRI_P094",100
"44848",0.00189085496822372,"NRI_P094",25
"44849",0.00189085496822372,"NRI_P094",50
"44850",0.00189085496822372,"NRI_P094",100
"44851",0.00189085496822372,"NRI_P094",25
"44852",0.00189085496822372,"NRI_P094",50
"44853",0.00189085496822372,"NRI_P094",100
"44854",0.00189085496822372,"NRI_P094",25
"44855",0.00189085496822372,"NRI_P094",50
"44856",0.00189085496822372,"NRI_P094",100
"44857",0.00189085496822372,"NRI_P094",25
"44858",0.00189085496822372,"NRI_P094",50
"44859",0.00189085496822372,"NRI_P094",100
"44860",0.00189085496822372,"NRI_P094",25
"44861",0.00189085496822372,"NRI_P094",50
"44862",0.00189085496822372,"NRI_P094",100
"44863",0.00189085496822372,"NRI_P094",25
"44864",0.00189085496822372,"NRI_P094",50
"44865",0.00189085496822372,"NRI_P094",100
"44866",0.00189085496822372,"NRI_P094",25
"44867",0.00189085496822372,"NRI_P094",50
"44868",0.00189085496822372,"NRI_P094",100
"44869",0.00189085496822372,"NRI_P094",25
"44870",0.00189085496822372,"NRI_P094",50
"44871",0.00189085496822372,"NRI_P094",100
"44872",0.00189085496822372,"NRI_P094",25
"44873",0.00189085496822372,"NRI_P094",50
"44874",0.00189085496822372,"NRI_P094",100
"44875",0.00189085496822372,"NRI_P094",25
"44876",0.00189085496822372,"NRI_P094",50
"44877",0.00189085496822372,"NRI_P094",100
"44878",0.00189085496822372,"NRI_P094",25
"44879",0.00189085496822372,"NRI_P094",50
"44880",0.00189085496822372,"NRI_P094",100
"44881",0.00189085496822372,"NRI_P094",25
"44882",0.00189085496822372,"NRI_P094",50
"44883",0.00189085496822372,"NRI_P094",100
"44884",0.00189085496822372,"NRI_P094",25
"44885",0.00189085496822372,"NRI_P094",50
"44886",0.00189085496822372,"NRI_P094",100
"44887",0.00189085496822372,"NRI_P094",25
"44888",0.00189085496822372,"NRI_P094",50
"44889",0.00189085496822372,"NRI_P094",100
"44890",0.00189085496822372,"NRI_P094",25
"44891",0.00189085496822372,"NRI_P094",50
"44892",0.00189085496822372,"NRI_P094",100
"44893",0.00189085496822372,"NRI_P094",25
"44894",0.00189085496822372,"NRI_P094",50
"44895",0.00189085496822372,"NRI_P094",100
"44896",0.00189085496822372,"NRI_P094",25
"44897",0.00189085496822372,"NRI_P094",50
"44898",0.00189085496822372,"NRI_P094",100
"44899",0.00189085496822372,"NRI_P094",25
"44900",0.00189085496822372,"NRI_P094",50
"44901",0.00189085496822372,"NRI_P094",100
"44902",0.00189085496822372,"NRI_P094",25
"44903",0.00189085496822372,"NRI_P094",50
"44904",0.00189085496822372,"NRI_P094",100
"44905",0.00189085496822372,"NRI_P094",25
"44906",0.00189085496822372,"NRI_P094",50
"44907",0.00189085496822372,"NRI_P094",100
"44908",0.00189085496822372,"NRI_P094",25
"44909",0.00189085496822372,"NRI_P094",50
"44910",0.00189085496822372,"NRI_P094",100
"44911",0.00189085496822372,"NRI_P094",25
"44912",0.00189085496822372,"NRI_P094",50
"44913",0.00189085496822372,"NRI_P094",100
"44914",0.00189085496822372,"NRI_P094",25
"44915",0.00189085496822372,"NRI_P094",50
"44916",0.00189085496822372,"NRI_P094",100
"44917",0.00189085496822372,"NRI_P094",25
"44918",0.00189085496822372,"NRI_P094",50
"44919",0.00189085496822372,"NRI_P094",100
"44920",0.00189085496822372,"NRI_P094",25
"44921",0.00189085496822372,"NRI_P094",50
"44922",0.00189085496822372,"NRI_P094",100
"44923",0.00189085496822372,"NRI_P094",25
"44924",0.00189085496822372,"NRI_P094",50
"44925",0.00189085496822372,"NRI_P094",100
"44926",0.00189085496822372,"NRI_P094",25
"44927",0.00189085496822372,"NRI_P094",50
"44928",0.00189085496822372,"NRI_P094",100
"44929",0.00189085496822372,"NRI_P094",25
"44930",0.00189085496822372,"NRI_P094",50
"44931",0.00189085496822372,"NRI_P094",100
"44932",0.00189085496822372,"NRI_P094",25
"44933",0.00189085496822372,"NRI_P094",50
"44934",0.00189085496822372,"NRI_P094",100
"44935",0.00189085496822372,"NRI_P094",25
"44936",0.00189085496822372,"NRI_P094",50
"44937",0.00189085496822372,"NRI_P094",100
"44938",0.00189085496822372,"NRI_P094",25
"44939",0.00189085496822372,"NRI_P094",50
"44940",0.00189085496822372,"NRI_P094",100
"44941",0.00189085496822372,"NRI_P094",25
"44942",0.00189085496822372,"NRI_P094",50
"44943",0.00189085496822372,"NRI_P094",100
"44944",0.00189085496822372,"NRI_P094",25
"44945",0.00189085496822372,"NRI_P094",50
"44946",0.00189085496822372,"NRI_P094",100
"44947",0.00189085496822372,"NRI_P094",25
"44948",0.00189085496822372,"NRI_P094",50
"44949",0.00189085496822372,"NRI_P094",100
"44950",0.00189085496822372,"NRI_P094",25
"44951",0.00189085496822372,"NRI_P094",50
"44952",0.00189085496822372,"NRI_P094",100
"44953",0.00189085496822372,"NRI_P094",25
"44954",0.00189085496822372,"NRI_P094",50
"44955",0.00189085496822372,"NRI_P094",100
"44956",0.00189085496822372,"NRI_P094",25
"44957",0.00189085496822372,"NRI_P094",50
"44958",0.00189085496822372,"NRI_P094",100
"44959",0.00189085496822372,"NRI_P094",25
"44960",0.00189085496822372,"NRI_P094",50
"44961",0.00189085496822372,"NRI_P094",100
"44962",0.00189085496822372,"NRI_P094",25
"44963",0.00189085496822372,"NRI_P094",50
"44964",0.00189085496822372,"NRI_P094",100
"44965",0.00189085496822372,"NRI_P094",25
"44966",0.00189085496822372,"NRI_P094",50
"44967",0.00189085496822372,"NRI_P094",100
"44968",0.00189085496822372,"NRI_P094",25
"44969",0.00189085496822372,"NRI_P094",50
"44970",0.00189085496822372,"NRI_P094",100
"44971",0.00189085496822372,"NRI_P094",25
"44972",0.00189085496822372,"NRI_P094",50
"44973",0.00189085496822372,"NRI_P094",100
"44974",0.00189085496822372,"NRI_P094",25
"44975",0.00189085496822372,"NRI_P094",50
"44976",0.00189085496822372,"NRI_P094",100
"44977",0.00189085496822372,"NRI_P094",25
"44978",0.00189085496822372,"NRI_P094",50
"44979",0.00189085496822372,"NRI_P094",100
"44980",0.00189085496822372,"NRI_P094",25
"44981",0.00189085496822372,"NRI_P094",50
"44982",0.00189085496822372,"NRI_P094",100
"44983",0.00189085496822372,"NRI_P094",25
"44984",0.00189085496822372,"NRI_P094",50
"44985",0.00189085496822372,"NRI_P094",100
"44986",0.00189085496822372,"NRI_P094",25
"44987",0.00189085496822372,"NRI_P094",50
"44988",0.00189085496822372,"NRI_P094",100
"44989",0.00189085496822372,"NRI_P094",25
"44990",0.00189085496822372,"NRI_P094",50
"44991",0.00189085496822372,"NRI_P094",100
"44992",0.00189085496822372,"NRI_P094",25
"44993",0.00189085496822372,"NRI_P094",50
"44994",0.00189085496822372,"NRI_P094",100
"44995",0.00189085496822372,"NRI_P094",25
"44996",0.00189085496822372,"NRI_P094",50
"44997",0.00189085496822372,"NRI_P094",100
"44998",0.00189085496822372,"NRI_P094",25
"44999",0.00189085496822372,"NRI_P094",50
"45000",0.00189085496822372,"NRI_P094",100
"45001",37.6270097370143,"NRI_P098",25
"45002",-357.656310263003,"NRI_P098",50
"45003",-2832.73822026298,"NRI_P098",100
"45004",-668.764420263004,"NRI_P098",25
"45005",-2328.482310263,"NRI_P098",50
"45006",-2860.905220263,"NRI_P098",100
"45007",200.801049736998,"NRI_P098",25
"45008",-491.324290263001,"NRI_P098",50
"45009",-49.0324802630057,"NRI_P098",100
"45010",-551.133070262993,"NRI_P098",25
"45011",4696.59534973701,"NRI_P098",50
"45012",160.823289737018,"NRI_P098",100
"45013",-467.691790262994,"NRI_P098",25
"45014",-1447.11809026299,"NRI_P098",50
"45015",-190.035430263,"NRI_P098",100
"45016",-2247.00979026299,"NRI_P098",25
"45017",-713.213100263005,"NRI_P098",50
"45018",-2794.37107026301,"NRI_P098",100
"45019",341.755549737019,"NRI_P098",25
"45020",1067.42181973701,"NRI_P098",50
"45021",-1039.44195026299,"NRI_P098",100
"45022",-639.955380262982,"NRI_P098",25
"45023",-1126.02069026299,"NRI_P098",50
"45024",-2885.631160263,"NRI_P098",100
"45025",27.7344997370092,"NRI_P098",25
"45026",-640.138950263005,"NRI_P098",50
"45027",-2798.90554026299,"NRI_P098",100
"45028",221.912809736998,"NRI_P098",25
"45029",98.3217497370206,"NRI_P098",50
"45030",-1783.271380263,"NRI_P098",100
"45031",-1973.42999026299,"NRI_P098",25
"45032",-2715.74114026298,"NRI_P098",50
"45033",-1769.13787026299,"NRI_P098",100
"45034",-63.2353902629984,"NRI_P098",25
"45035",157.086009737017,"NRI_P098",50
"45036",-1345.43520026299,"NRI_P098",100
"45037",35.2466797369998,"NRI_P098",25
"45038",276.888979737007,"NRI_P098",50
"45039",2552.12938973701,"NRI_P098",100
"45040",517.129309737007,"NRI_P098",25
"45041",-1946.996020263,"NRI_P098",50
"45042",-2021.18174026298,"NRI_P098",100
"45043",-45.8726002629846,"NRI_P098",25
"45044",-1149.67702026299,"NRI_P098",50
"45045",-3347.23775026298,"NRI_P098",100
"45046",-547.721750262979,"NRI_P098",25
"45047",973.317869737017,"NRI_P098",50
"45048",-2587.875220263,"NRI_P098",100
"45049",951.485209737002,"NRI_P098",25
"45050",2616.09220973702,"NRI_P098",50
"45051",7641.73233973701,"NRI_P098",100
"45052",756.597209736996,"NRI_P098",25
"45053",-872.673750262999,"NRI_P098",50
"45054",-3072.17397026299,"NRI_P098",100
"45055",-2308.297500263,"NRI_P098",25
"45056",-707.774320262979,"NRI_P098",50
"45057",-3119.24246026299,"NRI_P098",100
"45058",-2292.91539026299,"NRI_P098",25
"45059",-536.591500262992,"NRI_P098",50
"45060",1072.974709737,"NRI_P098",100
"45061",-43.2027902629925,"NRI_P098",25
"45062",545.352809737,"NRI_P098",50
"45063",-1505.69070026299,"NRI_P098",100
"45064",21.4923097370192,"NRI_P098",25
"45065",-2635.21789026298,"NRI_P098",50
"45066",-156.997300262999,"NRI_P098",100
"45067",-2352.13931026298,"NRI_P098",25
"45068",-42.7420402629941,"NRI_P098",50
"45069",-3178.55956026301,"NRI_P098",100
"45070",388.189349737018,"NRI_P098",25
"45071",245.990909737011,"NRI_P098",50
"45072",-2743.93085026299,"NRI_P098",100
"45073",1.56343973701587,"NRI_P098",25
"45074",-2903.91386026298,"NRI_P098",50
"45075",-3153.721130263,"NRI_P098",100
"45076",-2187.54939026298,"NRI_P098",25
"45077",3908.009609737,"NRI_P098",50
"45078",10160.543789737,"NRI_P098",100
"45079",-519.056350262981,"NRI_P098",25
"45080",6165.039009737,"NRI_P098",50
"45081",1552.64838973701,"NRI_P098",100
"45082",813.963209737005,"NRI_P098",25
"45083",59.6190197370015,"NRI_P098",50
"45084",-2248.15984026299,"NRI_P098",100
"45085",-84.5200502630032,"NRI_P098",25
"45086",-468.097130262991,"NRI_P098",50
"45087",170.41894973701,"NRI_P098",100
"45088",-8.10697026300477,"NRI_P098",25
"45089",-2974.937090263,"NRI_P098",50
"45090",11681.740819737,"NRI_P098",100
"45091",-501.165250263002,"NRI_P098",25
"45092",1337.66586973701,"NRI_P098",50
"45093",-1945.76430026299,"NRI_P098",100
"45094",38.4961497370095,"NRI_P098",25
"45095",4641.22374973699,"NRI_P098",50
"45096",-90.8819502629922,"NRI_P098",100
"45097",-389.405890263006,"NRI_P098",25
"45098",-696.690380262997,"NRI_P098",50
"45099",1107.15991973699,"NRI_P098",100
"45100",198.098649737018,"NRI_P098",25
"45101",8667.52163973701,"NRI_P098",50
"45102",8222.644409737,"NRI_P098",100
"45103",1137.68820973701,"NRI_P098",25
"45104",2395.45934973701,"NRI_P098",50
"45105",-1097.422970263,"NRI_P098",100
"45106",28.5757097369933,"NRI_P098",25
"45107",1597.94338973702,"NRI_P098",50
"45108",-2463.326740263,"NRI_P098",100
"45109",-8.11870026300312,"NRI_P098",25
"45110",-1260.83806026299,"NRI_P098",50
"45111",-2309.71072026298,"NRI_P098",100
"45112",-572.474310263002,"NRI_P098",25
"45113",26.1521497369977,"NRI_P098",50
"45114",-2398.40366026299,"NRI_P098",100
"45115",576.759609736997,"NRI_P098",25
"45116",-2131.85412026299,"NRI_P098",50
"45117",-3413.38358026301,"NRI_P098",100
"45118",3.83105973701458,"NRI_P098",25
"45119",1214.10980973701,"NRI_P098",50
"45120",-2517.202470263,"NRI_P098",100
"45121",-2271.07579026298,"NRI_P098",25
"45122",73.5255097369954,"NRI_P098",50
"45123",-3376.09492026299,"NRI_P098",100
"45124",1405.415409737,"NRI_P098",25
"45125",-1125.11071026299,"NRI_P098",50
"45126",-3039.343420263,"NRI_P098",100
"45127",1484.58494973701,"NRI_P098",25
"45128",1998.50917973701,"NRI_P098",50
"45129",6006.60529973701,"NRI_P098",100
"45130",9970.28620973701,"NRI_P098",25
"45131",-639.988900262979,"NRI_P098",50
"45132",3855.39211973699,"NRI_P098",100
"45133",-324.154990262992,"NRI_P098",25
"45134",-666.014570262982,"NRI_P098",50
"45135",-2658.87919026299,"NRI_P098",100
"45136",-481.702590262983,"NRI_P098",25
"45137",-682.678000262997,"NRI_P098",50
"45138",776.329709737009,"NRI_P098",100
"45139",-572.474310263002,"NRI_P098",25
"45140",-2893.613020263,"NRI_P098",50
"45141",-717.037910262996,"NRI_P098",100
"45142",1795.921409737,"NRI_P098",25
"45143",-1674.875040263,"NRI_P098",50
"45144",156.537689737015,"NRI_P098",100
"45145",-538.974690262985,"NRI_P098",25
"45146",-1226.893780263,"NRI_P098",50
"45147",-314.792130262998,"NRI_P098",100
"45148",-324.154990262992,"NRI_P098",25
"45149",4227.866679737,"NRI_P098",50
"45150",-587.490570263006,"NRI_P098",100
"45151",-10.9985902629851,"NRI_P098",25
"45152",1946.609559737,"NRI_P098",50
"45153",-3544.04186026298,"NRI_P098",100
"45154",-680.470560262998,"NRI_P098",25
"45155",-396.631410262984,"NRI_P098",50
"45156",-1851.77346026298,"NRI_P098",100
"45157",396.882909737004,"NRI_P098",25
"45158",788.637809737003,"NRI_P098",50
"45159",-711.704970263003,"NRI_P098",100
"45160",-12.300290262996,"NRI_P098",25
"45161",-2138.629050263,"NRI_P098",50
"45162",4267.840169737,"NRI_P098",100
"45163",15.3899097370158,"NRI_P098",25
"45164",-70.1488902629935,"NRI_P098",50
"45165",12352.494179737,"NRI_P098",100
"45166",-66.5538102629944,"NRI_P098",25
"45167",68.5004097369965,"NRI_P098",50
"45168",1423.41571973701,"NRI_P098",100
"45169",-2322.83170026299,"NRI_P098",25
"45170",-2829.68156026298,"NRI_P098",50
"45171",-505.097450262983,"NRI_P098",100
"45172",-608.535790263006,"NRI_P098",25
"45173",1911.11444973701,"NRI_P098",50
"45174",-3321.460760263,"NRI_P098",100
"45175",1498.456409737,"NRI_P098",25
"45176",-2859.213830263,"NRI_P098",50
"45177",-901.740570263006,"NRI_P098",100
"45178",-556.44665026298,"NRI_P098",25
"45179",-2910.132880263,"NRI_P098",50
"45180",-245.858290262986,"NRI_P098",100
"45181",1436.93020973701,"NRI_P098",25
"45182",-2993.46624026299,"NRI_P098",50
"45183",-601.922330262983,"NRI_P098",100
"45184",61.583949737018,"NRI_P098",25
"45185",-2663.395760263,"NRI_P098",50
"45186",-2663.76717026299,"NRI_P098",100
"45187",86.5389097370207,"NRI_P098",25
"45188",-489.327260263002,"NRI_P098",50
"45189",-3089.539050263,"NRI_P098",100
"45190",-48.9538202630065,"NRI_P098",25
"45191",-2796.925700263,"NRI_P098",50
"45192",-1782.318140263,"NRI_P098",100
"45193",404.876149737014,"NRI_P098",25
"45194",4210.643829737,"NRI_P098",50
"45195",-239.029790262983,"NRI_P098",100
"45196",2598.29560973702,"NRI_P098",25
"45197",-377.172850262985,"NRI_P098",50
"45198",6497.70324973701,"NRI_P098",100
"45199",-509.970460262994,"NRI_P098",25
"45200",398.223919737007,"NRI_P098",50
"45201",6332.520289737,"NRI_P098",100
"45202",-324.154990262992,"NRI_P098",25
"45203",-265.357530262991,"NRI_P098",50
"45204",-1838.873630263,"NRI_P098",100
"45205",-324.154990262992,"NRI_P098",25
"45206",-1150.29095026301,"NRI_P098",50
"45207",-1792.92321026299,"NRI_P098",100
"45208",-470.63819026298,"NRI_P098",25
"45209",726.534309737006,"NRI_P098",50
"45210",-1259.416950263,"NRI_P098",100
"45211",24.6543097370013,"NRI_P098",25
"45212",23.7241597370012,"NRI_P098",50
"45213",-1092.37748026301,"NRI_P098",100
"45214",14.9183397369925,"NRI_P098",25
"45215",-2835.90823026298,"NRI_P098",50
"45216",-3546.719100263,"NRI_P098",100
"45217",2865.61640973701,"NRI_P098",25
"45218",1936.41860973701,"NRI_P098",50
"45219",-3338.39876026299,"NRI_P098",100
"45220",-40.0736002629856,"NRI_P098",25
"45221",-1212.06365026301,"NRI_P098",50
"45222",5164.81254973702,"NRI_P098",100
"45223",-681.289520263002,"NRI_P098",25
"45224",-947.878500263003,"NRI_P098",50
"45225",-1789.85401026299,"NRI_P098",100
"45226",-614.557190263004,"NRI_P098",25
"45227",554.696069736994,"NRI_P098",50
"45228",6747.98440973699,"NRI_P098",100
"45229",-11.8139102629793,"NRI_P098",25
"45230",-2171.399770263,"NRI_P098",50
"45231",-635.139410262986,"NRI_P098",100
"45232",-2222.773490263,"NRI_P098",25
"45233",-1713.89319026298,"NRI_P098",50
"45234",-1705.91698026299,"NRI_P098",100
"45235",-623.361890262982,"NRI_P098",25
"45236",-92.1112302629917,"NRI_P098",50
"45237",12169.072049737,"NRI_P098",100
"45238",-70.8052702629939,"NRI_P098",25
"45239",-2215.28109026299,"NRI_P098",50
"45240",2094.193249737,"NRI_P098",100
"45241",1201.796409737,"NRI_P098",25
"45242",-512.215910262981,"NRI_P098",50
"45243",-15.4192502629885,"NRI_P098",100
"45244",2639.16094973701,"NRI_P098",25
"45245",-1445.533660263,"NRI_P098",50
"45246",-469.28755026299,"NRI_P098",100
"45247",196.458749737008,"NRI_P098",25
"45248",2131.42576973702,"NRI_P098",50
"45249",-1050.069290263,"NRI_P098",100
"45250",-2127.08209026299,"NRI_P098",25
"45251",4458.57915973701,"NRI_P098",50
"45252",1422.70564973701,"NRI_P098",100
"45253",375.761349737004,"NRI_P098",25
"45254",-502.481310262985,"NRI_P098",50
"45255",-3307.740840263,"NRI_P098",100
"45256",-570.280890263006,"NRI_P098",25
"45257",2080.542339737,"NRI_P098",50
"45258",3296.40853973699,"NRI_P098",100
"45259",1172.45340973701,"NRI_P098",25
"45260",-1192.64506026299,"NRI_P098",50
"45261",-483.695350263006,"NRI_P098",100
"45262",-2256.457290263,"NRI_P098",25
"45263",-1937.389190263,"NRI_P098",50
"45264",-1392.961570263,"NRI_P098",100
"45265",427.126649737009,"NRI_P098",25
"45266",-1488.27729026298,"NRI_P098",50
"45267",-2893.22862026299,"NRI_P098",100
"45268",-23.7075102629897,"NRI_P098",25
"45269",1001.551149737,"NRI_P098",50
"45270",-3085.23154026299,"NRI_P098",100
"45271",-33.0780402630044,"NRI_P098",25
"45272",316.222149737005,"NRI_P098",50
"45273",-3361.42671026298,"NRI_P098",100
"45274",4008.491209737,"NRI_P098",25
"45275",4882.73539973699,"NRI_P098",50
"45276",1218.732109737,"NRI_P098",100
"45277",-458.487890263001,"NRI_P098",25
"45278",357.701309736993,"NRI_P098",50
"45279",5763.832449737,"NRI_P098",100
"45280",10.2074297369982,"NRI_P098",25
"45281",1858.40390973701,"NRI_P098",50
"45282",1309.181909737,"NRI_P098",100
"45283",8881.22120973701,"NRI_P098",25
"45284",-2302.58518026301,"NRI_P098",50
"45285",-3101.44772026298,"NRI_P098",100
"45286",-2339.473320263,"NRI_P098",25
"45287",-2882.42722026299,"NRI_P098",50
"45288",2196.472859737,"NRI_P098",100
"45289",-1956.898390263,"NRI_P098",25
"45290",-602.91037026298,"NRI_P098",50
"45291",-2819.32569026298,"NRI_P098",100
"45292",-56.2527202630008,"NRI_P098",25
"45293",-1162.57123026298,"NRI_P098",50
"45294",-1706.80215026299,"NRI_P098",100
"45295",-2240.88819026298,"NRI_P098",25
"45296",-1479.22560026299,"NRI_P098",50
"45297",-2740.51168026301,"NRI_P098",100
"45298",49.0737097370147,"NRI_P098",25
"45299",-1188.479320263,"NRI_P098",50
"45300",-3309.47722026298,"NRI_P098",100
"45301",-1844.70722350699,"NRI_P099",25
"45302",-3810.250923507,"NRI_P099",50
"45303",-3359.647823507,"NRI_P099",100
"45304",-1784.36572350698,"NRI_P099",25
"45305",2764.448176493,"NRI_P099",50
"45306",-3363.84477350701,"NRI_P099",100
"45307",-2224.73092350698,"NRI_P099",25
"45308",-1457.219523507,"NRI_P099",50
"45309",-610.024423506984,"NRI_P099",100
"45310",-650.896703506995,"NRI_P099",25
"45311",-2444.49092350699,"NRI_P099",50
"45312",-3916.215923507,"NRI_P099",100
"45313",757.852876493009,"NRI_P099",25
"45314",-3687.472933507,"NRI_P099",50
"45315",-4463.80882350699,"NRI_P099",100
"45316",-90.6577235069999,"NRI_P099",25
"45317",-4208.42047350699,"NRI_P099",50
"45318",927.287926493009,"NRI_P099",100
"45319",-1841.28812350699,"NRI_P099",25
"45320",854.378876492992,"NRI_P099",50
"45321",-1653.12047350701,"NRI_P099",100
"45322",-620.149923507008,"NRI_P099",25
"45323",-3176.402273507,"NRI_P099",50
"45324",-4920.31711350699,"NRI_P099",100
"45325",-702.625183506985,"NRI_P099",25
"45326",-2475.91312350699,"NRI_P099",50
"45327",-3634.363263507,"NRI_P099",100
"45328",-640.539423506998,"NRI_P099",25
"45329",-4258.779123507,"NRI_P099",50
"45330",-4590.042683507,"NRI_P099",100
"45331",-1807.253923507,"NRI_P099",25
"45332",-2715.74362350701,"NRI_P099",50
"45333",-2344.80484350701,"NRI_P099",100
"45334",-2356.29972350699,"NRI_P099",25
"45335",4461.27337649302,"NRI_P099",50
"45336",-866.81529350701,"NRI_P099",100
"45337",-659.988363507,"NRI_P099",25
"45338",-1261.13672350699,"NRI_P099",50
"45339",-5003.150063507,"NRI_P099",100
"45340",108.009876493015,"NRI_P099",25
"45341",-362.81682350699,"NRI_P099",50
"45342",-1593.00550350701,"NRI_P099",100
"45343",-1896.291633507,"NRI_P099",25
"45344",-4051.66341350699,"NRI_P099",50
"45345",-818.432123506995,"NRI_P099",100
"45346",-1883.81200350699,"NRI_P099",25
"45347",-2407.88222350701,"NRI_P099",50
"45348",-4729.142373507,"NRI_P099",100
"45349",-678.942043507006,"NRI_P099",25
"45350",-4254.13730350698,"NRI_P099",50
"45351",-2239.987923507,"NRI_P099",100
"45352",-2125.44662350698,"NRI_P099",25
"45353",-3081.345123507,"NRI_P099",50
"45354",2636.38007649299,"NRI_P099",100
"45355",-1437.59132350699,"NRI_P099",25
"45356",-1992.28242350699,"NRI_P099",50
"45357",-825.761523506982,"NRI_P099",100
"45358",-681.187603506987,"NRI_P099",25
"45359",-1498.873923507,"NRI_P099",50
"45360",-2162.89812350701,"NRI_P099",100
"45361",-620.414523507003,"NRI_P099",25
"45362",-2398.28322350699,"NRI_P099",50
"45363",-4835.55559350699,"NRI_P099",100
"45364",-2481.306543507,"NRI_P099",25
"45365",-2212.581823507,"NRI_P099",50
"45366",991.275976492994,"NRI_P099",100
"45367",-1579.37022350699,"NRI_P099",25
"45368",-3003.422133507,"NRI_P099",50
"45369",-2080.74132350698,"NRI_P099",100
"45370",4933.459876493,"NRI_P099",25
"45371",-4139.80152350699,"NRI_P099",50
"45372",-3097.56571350701,"NRI_P099",100
"45373",-2175.07172350699,"NRI_P099",25
"45374",-3686.607503507,"NRI_P099",50
"45375",-2257.00282350701,"NRI_P099",100
"45376",3525.02817649301,"NRI_P099",25
"45377",-4099.58502350701,"NRI_P099",50
"45378",-4291.52888350701,"NRI_P099",100
"45379",-683.916783507011,"NRI_P099",25
"45380",-2528.921743507,"NRI_P099",50
"45381",-4815.06732350698,"NRI_P099",100
"45382",-1104.23412350699,"NRI_P099",25
"45383",-4244.720303507,"NRI_P099",50
"45384",3822.806176493,"NRI_P099",100
"45385",-445.406823506986,"NRI_P099",25
"45386",-4196.68122350701,"NRI_P099",50
"45387",-4398.599813507,"NRI_P099",100
"45388",-1715.51842350699,"NRI_P099",25
"45389",-2266.721503507,"NRI_P099",50
"45390",-2617.790623507,"NRI_P099",100
"45391",-1851.514323507,"NRI_P099",25
"45392",1601.52003649299,"NRI_P099",50
"45393",-4316.35281350699,"NRI_P099",100
"45394",15.5983764929988,"NRI_P099",25
"45395",-2348.970923507,"NRI_P099",50
"45396",-2411.483723507,"NRI_P099",100
"45397",-545.270923506992,"NRI_P099",25
"45398",-1830.549223507,"NRI_P099",50
"45399",-1405.93362350701,"NRI_P099",100
"45400",-2448.889583507,"NRI_P099",25
"45401",6181.92571649302,"NRI_P099",50
"45402",-2459.43443350701,"NRI_P099",100
"45403",-1468.51542350699,"NRI_P099",25
"45404",-2218.82162350698,"NRI_P099",50
"45405",-4822.296173507,"NRI_P099",100
"45406",-2168.71312350698,"NRI_P099",25
"45407",-3174.354503507,"NRI_P099",50
"45408",-2147.396623507,"NRI_P099",100
"45409",-1655.35112350699,"NRI_P099",25
"45410",-3115.11270350701,"NRI_P099",50
"45411",-3244.58012350701,"NRI_P099",100
"45412",-1794.27692350699,"NRI_P099",25
"45413",-1662.772403507,"NRI_P099",50
"45414",-5017.043643507,"NRI_P099",100
"45415",435.26117649299,"NRI_P099",25
"45416",-1838.26542350699,"NRI_P099",50
"45417",-4627.892323507,"NRI_P099",100
"45418",-1547.28422350698,"NRI_P099",25
"45419",-2359.90872350699,"NRI_P099",50
"45420",-4464.37312350699,"NRI_P099",100
"45421",-1405.16892350701,"NRI_P099",25
"45422",-2358.37382350699,"NRI_P099",50
"45423",575.887676493003,"NRI_P099",100
"45424",-1896.291633507,"NRI_P099",25
"45425",-2649.811523507,"NRI_P099",50
"45426",-4673.182433507,"NRI_P099",100
"45427",-464.149823507003,"NRI_P099",25
"45428",-3756.51962350699,"NRI_P099",50
"45429",-3184.96625350701,"NRI_P099",100
"45430",-654.03729350699,"NRI_P099",25
"45431",-2232.44832350701,"NRI_P099",50
"45432",-4015.396123507,"NRI_P099",100
"45433",-2163.77832350699,"NRI_P099",25
"45434",-2093.45592350699,"NRI_P099",50
"45435",-615.610973506991,"NRI_P099",100
"45436",-155.081423506985,"NRI_P099",25
"45437",-3166.10430350699,"NRI_P099",50
"45438",-2988.807923507,"NRI_P099",100
"45439",1939.698876493,"NRI_P099",25
"45440",-213.546123506996,"NRI_P099",50
"45441",993.399496493017,"NRI_P099",100
"45442",-944.351123506989,"NRI_P099",25
"45443",-2400.263023507,"NRI_P099",50
"45444",-2281.64880350701,"NRI_P099",100
"45445",-2373.97132350699,"NRI_P099",25
"45446",-1921.04652350699,"NRI_P099",50
"45447",-3778.95342350699,"NRI_P099",100
"45448",-1552.51692350701,"NRI_P099",25
"45449",-1195.006503507,"NRI_P099",50
"45450",-3976.696423507,"NRI_P099",100
"45451",-1923.93899350701,"NRI_P099",25
"45452",-1552.44422350699,"NRI_P099",50
"45453",-3728.35222350698,"NRI_P099",100
"45454",-685.715833506983,"NRI_P099",25
"45455",1546.14787649299,"NRI_P099",50
"45456",-4771.775923507,"NRI_P099",100
"45457",-1708.87182350698,"NRI_P099",25
"45458",-2453.03224350698,"NRI_P099",50
"45459",-3082.77812350699,"NRI_P099",100
"45460",194.933276493015,"NRI_P099",25
"45461",-421.439313506999,"NRI_P099",50
"45462",-3190.39762350699,"NRI_P099",100
"45463",-2304.61762350699,"NRI_P099",25
"45464",-1878.252723507,"NRI_P099",50
"45465",1796.53166649301,"NRI_P099",100
"45466",101.329876492993,"NRI_P099",25
"45467",-3048.73582350698,"NRI_P099",50
"45468",-4252.834223507,"NRI_P099",100
"45469",-1923.636693507,"NRI_P099",25
"45470",-2898.07352350699,"NRI_P099",50
"45471",-4325.78880350699,"NRI_P099",100
"45472",3460.12687649301,"NRI_P099",25
"45473",-2026.813423507,"NRI_P099",50
"45474",-2441.13590350701,"NRI_P099",100
"45475",-601.162123507005,"NRI_P099",25
"45476",-1847.69602350699,"NRI_P099",50
"45477",-4224.60772350698,"NRI_P099",100
"45478",-402.263023506996,"NRI_P099",25
"45479",-3879.54172350699,"NRI_P099",50
"45480",-2182.08142350698,"NRI_P099",100
"45481",-2248.589123507,"NRI_P099",25
"45482",-4258.422683507,"NRI_P099",50
"45483",646.371696493006,"NRI_P099",100
"45484",-883.996123507008,"NRI_P099",25
"45485",-4253.29118350698,"NRI_P099",50
"45486",-4423.09052350701,"NRI_P099",100
"45487",-499.066123506986,"NRI_P099",25
"45488",-2462.910723507,"NRI_P099",50
"45489",-4704.63527350701,"NRI_P099",100
"45490",-828.511123506993,"NRI_P099",25
"45491",-2508.228723507,"NRI_P099",50
"45492",1596.25857649301,"NRI_P099",100
"45493",-2329.71022350699,"NRI_P099",25
"45494",-2004.24022350699,"NRI_P099",50
"45495",2448.16945649299,"NRI_P099",100
"45496",-1872.92992350701,"NRI_P099",25
"45497",-1149.42728350699,"NRI_P099",50
"45498",-4718.204563507,"NRI_P099",100
"45499",-690.179123506998,"NRI_P099",25
"45500",288.598676493013,"NRI_P099",50
"45501",-4620.271543507,"NRI_P099",100
"45502",-1388.55332350699,"NRI_P099",25
"45503",-3949.81372350699,"NRI_P099",50
"45504",-4807.775063507,"NRI_P099",100
"45505",-686.64024350699,"NRI_P099",25
"45506",-2367.477543507,"NRI_P099",50
"45507",1266.622876493,"NRI_P099",100
"45508",1990.768176493,"NRI_P099",25
"45509",-2522.54522350698,"NRI_P099",50
"45510",-3349.31802350699,"NRI_P099",100
"45511",-2465.64919350701,"NRI_P099",25
"45512",2227.82497649299,"NRI_P099",50
"45513",-3835.225123507,"NRI_P099",100
"45514",-2281.09082350699,"NRI_P099",25
"45515",-1921.44868350698,"NRI_P099",50
"45516",-1973.38102350698,"NRI_P099",100
"45517",-1914.37568350701,"NRI_P099",25
"45518",-4228.24533350699,"NRI_P099",50
"45519",-4774.391723507,"NRI_P099",100
"45520",-582.194523507002,"NRI_P099",25
"45521",-4112.93294350701,"NRI_P099",50
"45522",-4069.94548350701,"NRI_P099",100
"45523",-1969.755223507,"NRI_P099",25
"45524",-1751.910723507,"NRI_P099",50
"45525",-4226.79420350699,"NRI_P099",100
"45526",-1850.40182350701,"NRI_P099",25
"45527",324.380076492991,"NRI_P099",50
"45528",-3504.361223507,"NRI_P099",100
"45529",-1864.81112350701,"NRI_P099",25
"45530",-3175.078493507,"NRI_P099",50
"45531",-3483.248923507,"NRI_P099",100
"45532",-2141.869723507,"NRI_P099",25
"45533",-149.810823506996,"NRI_P099",50
"45534",-4246.719523507,"NRI_P099",100
"45535",-2299.57792350699,"NRI_P099",25
"45536",-1096.43382350699,"NRI_P099",50
"45537",1075.603226493,"NRI_P099",100
"45538",288.564176493004,"NRI_P099",25
"45539",-2860.454823507,"NRI_P099",50
"45540",-4756.02262350699,"NRI_P099",100
"45541",-1926.05337350699,"NRI_P099",25
"45542",-1858.269223507,"NRI_P099",50
"45543",-3764.33072350701,"NRI_P099",100
"45544",-690.591963507002,"NRI_P099",25
"45545",3171.505176493,"NRI_P099",50
"45546",-3110.77439350699,"NRI_P099",100
"45547",-1832.34252350699,"NRI_P099",25
"45548",-2859.57660350698,"NRI_P099",50
"45549",674.14027649301,"NRI_P099",100
"45550",-242.403423506999,"NRI_P099",25
"45551",-1256.62914350699,"NRI_P099",50
"45552",-3530.14902350699,"NRI_P099",100
"45553",-1709.100223507,"NRI_P099",25
"45554",-110.141823507001,"NRI_P099",50
"45555",-2494.80822350699,"NRI_P099",100
"45556",-1381.77512350699,"NRI_P099",25
"45557",-2962.11192350701,"NRI_P099",50
"45558",-2912.401023507,"NRI_P099",100
"45559",-2473.73175350699,"NRI_P099",25
"45560",-3053.12190350701,"NRI_P099",50
"45561",-2720.93602350701,"NRI_P099",100
"45562",-676.793723506999,"NRI_P099",25
"45563",-618.09992350699,"NRI_P099",50
"45564",-3568.459123507,"NRI_P099",100
"45565",-1654.299323507,"NRI_P099",25
"45566",-1367.029723507,"NRI_P099",50
"45567",-3698.823723507,"NRI_P099",100
"45568",2683.575176493,"NRI_P099",25
"45569",-1893.172423507,"NRI_P099",50
"45570",-0.352963507000823,"NRI_P099",100
"45571",-2437.11807350701,"NRI_P099",25
"45572",-2844.75688350698,"NRI_P099",50
"45573",-2358.91922350699,"NRI_P099",100
"45574",-1346.11712350699,"NRI_P099",25
"45575",-1205.775923507,"NRI_P099",50
"45576",-3315.89012350701,"NRI_P099",100
"45577",-1638.89592350699,"NRI_P099",25
"45578",-4184.12872350699,"NRI_P099",50
"45579",4660.21397649299,"NRI_P099",100
"45580",-636.266623506992,"NRI_P099",25
"45581",-2525.51352350699,"NRI_P099",50
"45582",-3755.804823507,"NRI_P099",100
"45583",-1117.687123507,"NRI_P099",25
"45584",1278.27447649301,"NRI_P099",50
"45585",-3156.452523507,"NRI_P099",100
"45586",-321.555123506987,"NRI_P099",25
"45587",-3281.30716350701,"NRI_P099",50
"45588",-4622.45692350701,"NRI_P099",100
"45589",438.322176493006,"NRI_P099",25
"45590",-2322.63832350701,"NRI_P099",50
"45591",-4772.151133507,"NRI_P099",100
"45592",-2477.577373507,"NRI_P099",25
"45593",1391.52877649301,"NRI_P099",50
"45594",-2860.14702350699,"NRI_P099",100
"45595",-107.268323506985,"NRI_P099",25
"45596",-3206.817123507,"NRI_P099",50
"45597",-1766.70902350699,"NRI_P099",100
"45598",-1137.640523507,"NRI_P099",25
"45599",-2548.84247350699,"NRI_P099",50
"45600",-3941.755223507,"NRI_P099",100
"45601",-1747.21120555105,"NRI_P100",25
"45602",1000.226224449,"NRI_P100",50
"45603",-13188.842705551,"NRI_P100",100
"45604",-10825.729875551,"NRI_P100",25
"45605",-2785.41195555101,"NRI_P100",50
"45606",-8450.69100555102,"NRI_P100",100
"45607",-179.806475551042,"NRI_P100",25
"45608",-11014.021865551,"NRI_P100",50
"45609",-13305.633365551,"NRI_P100",100
"45610",-593.609275551047,"NRI_P100",25
"45611",-7931.475975551,"NRI_P100",50
"45612",-10686.686975551,"NRI_P100",100
"45613",-10353.484075551,"NRI_P100",25
"45614",-1207.01977555105,"NRI_P100",50
"45615",-12273.461505551,"NRI_P100",100
"45616",-892.976325551048,"NRI_P100",25
"45617",-2625.82928555104,"NRI_P100",50
"45618",-12950.189155551,"NRI_P100",100
"45619",-8829.07547555101,"NRI_P100",25
"45620",-557.577775551006,"NRI_P100",50
"45621",-11891.388085551,"NRI_P100",100
"45622",-769.926475551038,"NRI_P100",25
"45623",-10568.726715551,"NRI_P100",50
"45624",-11995.425775551,"NRI_P100",100
"45625",77.7147244489752,"NRI_P100",25
"45626",-387.751475551049,"NRI_P100",50
"45627",-2738.846075551,"NRI_P100",100
"45628",-1762.43217555102,"NRI_P100",25
"45629",521.504894448968,"NRI_P100",50
"45630",-14360.573875551,"NRI_P100",100
"45631",-1878.680705551,"NRI_P100",25
"45632",-37.4005555510521,"NRI_P100",50
"45633",-12867.662405551,"NRI_P100",100
"45634",-8536.58797555103,"NRI_P100",25
"45635",-8878.87277555105,"NRI_P100",50
"45636",-11722.453035551,"NRI_P100",100
"45637",-195.902085551003,"NRI_P100",25
"45638",-1633.48967555101,"NRI_P100",50
"45639",-5617.403575551,"NRI_P100",100
"45640",-778.698475551035,"NRI_P100",25
"45641",-2829.53215555102,"NRI_P100",50
"45642",-12813.090355551,"NRI_P100",100
"45643",1659.96912444895,"NRI_P100",25
"45644",-10761.141375551,"NRI_P100",50
"45645",-12539.994005551,"NRI_P100",100
"45646",-520.914575550996,"NRI_P100",25
"45647",-11953.856975551,"NRI_P100",50
"45648",-7305.36339555104,"NRI_P100",100
"45649",-642.653375551046,"NRI_P100",25
"45650",-2116.94822555105,"NRI_P100",50
"45651",-11169.0419755511,"NRI_P100",100
"45652",-10243.229375551,"NRI_P100",25
"45653",-1450.827025551,"NRI_P100",50
"45654",-12647.022685551,"NRI_P100",100
"45655",-352.597765551007,"NRI_P100",25
"45656",2089.427614449,"NRI_P100",50
"45657",-13039.924065551,"NRI_P100",100
"45658",459.814224448986,"NRI_P100",25
"45659",-2098.62069555104,"NRI_P100",50
"45660",-10621.347505551,"NRI_P100",100
"45661",-10038.426875551,"NRI_P100",25
"45662",-1550.79977555102,"NRI_P100",50
"45663",-13787.076425551,"NRI_P100",100
"45664",-1320.93260555103,"NRI_P100",25
"45665",-2517.11697555101,"NRI_P100",50
"45666",-9224.21796555101,"NRI_P100",100
"45667",-556.139275551017,"NRI_P100",25
"45668",-1825.07857555104,"NRI_P100",50
"45669",-10190.493975551,"NRI_P100",100
"45670",-10353.057835551,"NRI_P100",25
"45671",866.145314448979,"NRI_P100",50
"45672",-13723.350355551,"NRI_P100",100
"45673",-1384.42647555104,"NRI_P100",25
"45674",-1894.51807555102,"NRI_P100",50
"45675",-10585.625155551,"NRI_P100",100
"45676",-1088.78207555105,"NRI_P100",25
"45677",-341.383975550998,"NRI_P100",50
"45678",-12907.186985551,"NRI_P100",100
"45679",5393.855314449,"NRI_P100",25
"45680",-10860.413725551,"NRI_P100",50
"45681",-10685.931975551,"NRI_P100",100
"45682",-1216.87457555102,"NRI_P100",25
"45683",-1459.51687555102,"NRI_P100",50
"45684",-6051.22317555104,"NRI_P100",100
"45685",-10671.998175551,"NRI_P100",25
"45686",-2757.55906555103,"NRI_P100",50
"45687",-13986.647755551,"NRI_P100",100
"45688",-11075.081575551,"NRI_P100",25
"45689",-9616.88705555105,"NRI_P100",50
"45690",-13844.849915551,"NRI_P100",100
"45691",2779.05454444897,"NRI_P100",25
"45692",-9041.36100555101,"NRI_P100",50
"45693",-13930.837275551,"NRI_P100",100
"45694",-1778.22797555104,"NRI_P100",25
"45695",-2151.90197555104,"NRI_P100",50
"45696",-12225.539575551,"NRI_P100",100
"45697",-1596.05169555102,"NRI_P100",25
"45698",-1498.17640555103,"NRI_P100",50
"45699",-12128.997885551,"NRI_P100",100
"45700",-10363.278875551,"NRI_P100",25
"45701",-7862.02665555105,"NRI_P100",50
"45702",-13895.358075551,"NRI_P100",100
"45703",-10257.192005551,"NRI_P100",25
"45704",-671.95076555101,"NRI_P100",50
"45705",-13995.445295551,"NRI_P100",100
"45706",901.172824448964,"NRI_P100",25
"45707",-11197.259935551,"NRI_P100",50
"45708",-5129.28750555101,"NRI_P100",100
"45709",-10340.081105551,"NRI_P100",25
"45710",-12256.714085551,"NRI_P100",50
"45711",-8768.90057555103,"NRI_P100",100
"45712",-10644.656675551,"NRI_P100",25
"45713",-12019.372665551,"NRI_P100",50
"45714",-8953.59163555101,"NRI_P100",100
"45715",230.364024448965,"NRI_P100",25
"45716",-8512.56947555102,"NRI_P100",50
"45717",-12753.099215551,"NRI_P100",100
"45718",-1326.559565551,"NRI_P100",25
"45719",-2575.40046555101,"NRI_P100",50
"45720",-11159.897925551,"NRI_P100",100
"45721",-1462.495475551,"NRI_P100",25
"45722",-7207.67892555101,"NRI_P100",50
"45723",-14795.972875551,"NRI_P100",100
"45724",-110.763175551023,"NRI_P100",25
"45725",-10407.196495551,"NRI_P100",50
"45726",-9148.24277555104,"NRI_P100",100
"45727",-1882.34702555102,"NRI_P100",25
"45728",-2728.395855551,"NRI_P100",50
"45729",-13829.063735551,"NRI_P100",100
"45730",-1805.70826555102,"NRI_P100",25
"45731",-2783.82602555101,"NRI_P100",50
"45732",-12915.977035551,"NRI_P100",100
"45733",-1664.63350555103,"NRI_P100",25
"45734",-2412.19211555104,"NRI_P100",50
"45735",-14079.102595551,"NRI_P100",100
"45736",-22.3965755510144,"NRI_P100",25
"45737",-2484.868235551,"NRI_P100",50
"45738",-6231.55130555102,"NRI_P100",100
"45739",-1762.37805555103,"NRI_P100",25
"45740",-12735.736015551,"NRI_P100",50
"45741",-7549.65207555104,"NRI_P100",100
"45742",-10470.948375551,"NRI_P100",25
"45743",-1283.592925551,"NRI_P100",50
"45744",-12804.562275551,"NRI_P100",100
"45745",-580.413315551006,"NRI_P100",25
"45746",-12087.515575551,"NRI_P100",50
"45747",-10884.185075551,"NRI_P100",100
"45748",858.230024449003,"NRI_P100",25
"45749",-3359.577805551,"NRI_P100",50
"45750",-13592.478105551,"NRI_P100",100
"45751",-10816.554175551,"NRI_P100",25
"45752",-1672.43402555102,"NRI_P100",50
"45753",-14176.946905551,"NRI_P100",100
"45754",-933.889375551022,"NRI_P100",25
"45755",-1231.886375551,"NRI_P100",50
"45756",-12674.660185551,"NRI_P100",100
"45757",-893.582455551019,"NRI_P100",25
"45758",-1025.01217555103,"NRI_P100",50
"45759",-14927.856665551,"NRI_P100",100
"45760",-1732.10057555104,"NRI_P100",25
"45761",-11891.283775551,"NRI_P100",50
"45762",-13660.801375551,"NRI_P100",100
"45763",-1417.178175551,"NRI_P100",25
"45764",-6621.23547555105,"NRI_P100",50
"45765",-11741.805565551,"NRI_P100",100
"45766",-669.949975551048,"NRI_P100",25
"45767",-12127.465385551,"NRI_P100",50
"45768",-4959.886505551,"NRI_P100",100
"45769",1739.82722444896,"NRI_P100",25
"45770",-310.853075551044,"NRI_P100",50
"45771",-12692.850345551,"NRI_P100",100
"45772",-1300.75027555105,"NRI_P100",25
"45773",-12318.831385551,"NRI_P100",50
"45774",-9327.99747555103,"NRI_P100",100
"45775",-96.0033055510139,"NRI_P100",25
"45776",-1112.17967555101,"NRI_P100",50
"45777",-14211.822755551,"NRI_P100",100
"45778",-11087.072975551,"NRI_P100",25
"45779",-9924.80487555102,"NRI_P100",50
"45780",-11672.517855551,"NRI_P100",100
"45781",-1131.63317555102,"NRI_P100",25
"45782",-11236.655075551,"NRI_P100",50
"45783",-11853.403425551,"NRI_P100",100
"45784",8335.72452444897,"NRI_P100",25
"45785",-8804.97400555102,"NRI_P100",50
"45786",-12051.470225551,"NRI_P100",100
"45787",-8706.85607555101,"NRI_P100",25
"45788",-12516.355075551,"NRI_P100",50
"45789",-13299.671755551,"NRI_P100",100
"45790",422.323644449003,"NRI_P100",25
"45791",-11434.729975551,"NRI_P100",50
"45792",-11566.821175551,"NRI_P100",100
"45793",10.9840244489606,"NRI_P100",25
"45794",-1422.108925551,"NRI_P100",50
"45795",-9272.64873555105,"NRI_P100",100
"45796",2984.53342444898,"NRI_P100",25
"45797",-442.233975551033,"NRI_P100",50
"45798",-10850.951755551,"NRI_P100",100
"45799",161.913924448949,"NRI_P100",25
"45800",-10548.6399755511,"NRI_P100",50
"45801",-13797.896705551,"NRI_P100",100
"45802",-9391.07017555105,"NRI_P100",25
"45803",-2603.65865555103,"NRI_P100",50
"45804",-5403.78017555102,"NRI_P100",100
"45805",-9990.05607555102,"NRI_P100",25
"45806",-7963.928175551,"NRI_P100",50
"45807",-12350.875335551,"NRI_P100",100
"45808",-504.934775551024,"NRI_P100",25
"45809",-1294.401175551,"NRI_P100",50
"45810",-2163.03569555102,"NRI_P100",100
"45811",-1578.04027555103,"NRI_P100",25
"45812",-9854.370475551,"NRI_P100",50
"45813",-12239.339965551,"NRI_P100",100
"45814",-1361.92802555102,"NRI_P100",25
"45815",-2182.02780555101,"NRI_P100",50
"45816",-13240.742035551,"NRI_P100",100
"45817",-918.709675551043,"NRI_P100",25
"45818",-11230.864525551,"NRI_P100",50
"45819",-13741.778895551,"NRI_P100",100
"45820",751.707724448992,"NRI_P100",25
"45821",-2536.29698555102,"NRI_P100",50
"45822",-12587.565885551,"NRI_P100",100
"45823",-10767.806735551,"NRI_P100",25
"45824",-1322.817875551,"NRI_P100",50
"45825",-9650.82687555102,"NRI_P100",100
"45826",665.319024448982,"NRI_P100",25
"45827",-1723.56837555103,"NRI_P100",50
"45828",-12459.766465551,"NRI_P100",100
"45829",-8917.44847555103,"NRI_P100",25
"45830",-8178.94637555105,"NRI_P100",50
"45831",-11350.865435551,"NRI_P100",100
"45832",-1636.81100555102,"NRI_P100",25
"45833",-1132.19439555105,"NRI_P100",50
"45834",-10833.702765551,"NRI_P100",100
"45835",-879.238605551014,"NRI_P100",25
"45836",-685.15937555104,"NRI_P100",50
"45837",-11850.467585551,"NRI_P100",100
"45838",762.401524449,"NRI_P100",25
"45839",-12244.385285551,"NRI_P100",50
"45840",-10985.873575551,"NRI_P100",100
"45841",3094.104924449,"NRI_P100",25
"45842",-10720.100565551,"NRI_P100",50
"45843",-12763.965815551,"NRI_P100",100
"45844",-412.14547555102,"NRI_P100",25
"45845",-1954.61942555103,"NRI_P100",50
"45846",-12096.711045551,"NRI_P100",100
"45847",-1264.82203555101,"NRI_P100",25
"45848",-7508.326375551,"NRI_P100",50
"45849",-12334.698075551,"NRI_P100",100
"45850",-1265.305835551,"NRI_P100",25
"45851",-11907.3773855511,"NRI_P100",50
"45852",-12123.707175551,"NRI_P100",100
"45853",-1244.14053555101,"NRI_P100",25
"45854",-11733.394915551,"NRI_P100",50
"45855",-12485.305135551,"NRI_P100",100
"45856",-33.6487755510025,"NRI_P100",25
"45857",-11135.035855551,"NRI_P100",50
"45858",-11560.968875551,"NRI_P100",100
"45859",-1675.11196555104,"NRI_P100",25
"45860",-9094.58790555102,"NRI_P100",50
"45861",-13999.422315551,"NRI_P100",100
"45862",-648.295475551044,"NRI_P100",25
"45863",-11636.793235551,"NRI_P100",50
"45864",-11602.581235551,"NRI_P100",100
"45865",-1142.54687555105,"NRI_P100",25
"45866",-11303.497475551,"NRI_P100",50
"45867",-7578.36627555103,"NRI_P100",100
"45868",1365.53102444898,"NRI_P100",25
"45869",-10443.9904755511,"NRI_P100",50
"45870",-14032.137065551,"NRI_P100",100
"45871",5386.26882444898,"NRI_P100",25
"45872",-10088.7441755511,"NRI_P100",50
"45873",-13903.734085551,"NRI_P100",100
"45874",1964.427324449,"NRI_P100",25
"45875",-12197.576635551,"NRI_P100",50
"45876",-9542.52176555101,"NRI_P100",100
"45877",-460.50617555104,"NRI_P100",25
"45878",-12977.784565551,"NRI_P100",50
"45879",-9557.90087555104,"NRI_P100",100
"45880",-10338.099675551,"NRI_P100",25
"45881",-1426.54397555103,"NRI_P100",50
"45882",-12056.987375551,"NRI_P100",100
"45883",-297.787975551037,"NRI_P100",25
"45884",-10588.765645551,"NRI_P100",50
"45885",-10901.446705551,"NRI_P100",100
"45886",-10310.879175551,"NRI_P100",25
"45887",-1200.703975551,"NRI_P100",50
"45888",-11965.468975551,"NRI_P100",100
"45889",-431.498675551033,"NRI_P100",25
"45890",-11295.982455551,"NRI_P100",50
"45891",-11070.319545551,"NRI_P100",100
"45892",1666.41602444899,"NRI_P100",25
"45893",-11690.748105551,"NRI_P100",50
"45894",-11742.359275551,"NRI_P100",100
"45895",-156.207675551006,"NRI_P100",25
"45896",-258.433925551013,"NRI_P100",50
"45897",-12054.030185551,"NRI_P100",100
"45898",778.603324448981,"NRI_P100",25
"45899",-8569.77567555103,"NRI_P100",50
"45900",-13693.822205551,"NRI_P100",100
"45901",0.000331184011884034,"NRI_P101",25
"45902",0.000331184011884034,"NRI_P101",50
"45903",0.000331184011884034,"NRI_P101",100
"45904",0.000331184011884034,"NRI_P101",25
"45905",0.000331184011884034,"NRI_P101",50
"45906",0.000331184011884034,"NRI_P101",100
"45907",0.000331184011884034,"NRI_P101",25
"45908",0.000331184011884034,"NRI_P101",50
"45909",0.000331184011884034,"NRI_P101",100
"45910",0.000331184011884034,"NRI_P101",25
"45911",0.000331184011884034,"NRI_P101",50
"45912",0.000331184011884034,"NRI_P101",100
"45913",0.000331184011884034,"NRI_P101",25
"45914",0.000331184011884034,"NRI_P101",50
"45915",0.000331184011884034,"NRI_P101",100
"45916",0.000331184011884034,"NRI_P101",25
"45917",0.000331184011884034,"NRI_P101",50
"45918",0.000331184011884034,"NRI_P101",100
"45919",0.000331184011884034,"NRI_P101",25
"45920",0.000331184011884034,"NRI_P101",50
"45921",0.000331184011884034,"NRI_P101",100
"45922",0.000331184011884034,"NRI_P101",25
"45923",0.000331184011884034,"NRI_P101",50
"45924",0.000331184011884034,"NRI_P101",100
"45925",0.000331184011884034,"NRI_P101",25
"45926",0.000331184011884034,"NRI_P101",50
"45927",0.000331184011884034,"NRI_P101",100
"45928",0.000331184011884034,"NRI_P101",25
"45929",0.000331184011884034,"NRI_P101",50
"45930",0.000331184011884034,"NRI_P101",100
"45931",0.000331184011884034,"NRI_P101",25
"45932",0.000331184011884034,"NRI_P101",50
"45933",0.000331184011884034,"NRI_P101",100
"45934",0.000331184011884034,"NRI_P101",25
"45935",0.000331184011884034,"NRI_P101",50
"45936",0.000331184011884034,"NRI_P101",100
"45937",0.000331184011884034,"NRI_P101",25
"45938",0.000331184011884034,"NRI_P101",50
"45939",0.000331184011884034,"NRI_P101",100
"45940",0.000331184011884034,"NRI_P101",25
"45941",0.000331184011884034,"NRI_P101",50
"45942",0.000331184011884034,"NRI_P101",100
"45943",0.000331184011884034,"NRI_P101",25
"45944",0.000331184011884034,"NRI_P101",50
"45945",0.000331184011884034,"NRI_P101",100
"45946",0.000331184011884034,"NRI_P101",25
"45947",0.000331184011884034,"NRI_P101",50
"45948",0.000331184011884034,"NRI_P101",100
"45949",0.000331184011884034,"NRI_P101",25
"45950",0.000331184011884034,"NRI_P101",50
"45951",0.000331184011884034,"NRI_P101",100
"45952",0.000331184011884034,"NRI_P101",25
"45953",0.000331184011884034,"NRI_P101",50
"45954",0.000331184011884034,"NRI_P101",100
"45955",0.000331184011884034,"NRI_P101",25
"45956",0.000331184011884034,"NRI_P101",50
"45957",0.000331184011884034,"NRI_P101",100
"45958",0.000331184011884034,"NRI_P101",25
"45959",0.000331184011884034,"NRI_P101",50
"45960",0.000331184011884034,"NRI_P101",100
"45961",0.000331184011884034,"NRI_P101",25
"45962",0.000331184011884034,"NRI_P101",50
"45963",0.000331184011884034,"NRI_P101",100
"45964",0.000331184011884034,"NRI_P101",25
"45965",0.000331184011884034,"NRI_P101",50
"45966",0.000331184011884034,"NRI_P101",100
"45967",0.000331184011884034,"NRI_P101",25
"45968",0.000331184011884034,"NRI_P101",50
"45969",0.000331184011884034,"NRI_P101",100
"45970",0.000331184011884034,"NRI_P101",25
"45971",0.000331184011884034,"NRI_P101",50
"45972",0.000331184011884034,"NRI_P101",100
"45973",0.000331184011884034,"NRI_P101",25
"45974",0.000331184011884034,"NRI_P101",50
"45975",0.000331184011884034,"NRI_P101",100
"45976",0.000331184011884034,"NRI_P101",25
"45977",0.000331184011884034,"NRI_P101",50
"45978",0.000331184011884034,"NRI_P101",100
"45979",0.000331184011884034,"NRI_P101",25
"45980",0.000331184011884034,"NRI_P101",50
"45981",0.000331184011884034,"NRI_P101",100
"45982",0.000331184011884034,"NRI_P101",25
"45983",0.000331184011884034,"NRI_P101",50
"45984",0.000331184011884034,"NRI_P101",100
"45985",0.000331184011884034,"NRI_P101",25
"45986",0.000331184011884034,"NRI_P101",50
"45987",0.000331184011884034,"NRI_P101",100
"45988",0.000331184011884034,"NRI_P101",25
"45989",0.000331184011884034,"NRI_P101",50
"45990",0.000331184011884034,"NRI_P101",100
"45991",0.000331184011884034,"NRI_P101",25
"45992",0.000331184011884034,"NRI_P101",50
"45993",0.000331184011884034,"NRI_P101",100
"45994",0.000331184011884034,"NRI_P101",25
"45995",0.000331184011884034,"NRI_P101",50
"45996",0.000331184011884034,"NRI_P101",100
"45997",0.000331184011884034,"NRI_P101",25
"45998",0.000331184011884034,"NRI_P101",50
"45999",0.000331184011884034,"NRI_P101",100
"46000",0.000331184011884034,"NRI_P101",25
"46001",0.000331184011884034,"NRI_P101",50
"46002",0.000331184011884034,"NRI_P101",100
"46003",0.000331184011884034,"NRI_P101",25
"46004",0.000331184011884034,"NRI_P101",50
"46005",0.000331184011884034,"NRI_P101",100
"46006",0.000331184011884034,"NRI_P101",25
"46007",0.000331184011884034,"NRI_P101",50
"46008",0.000331184011884034,"NRI_P101",100
"46009",0.000331184011884034,"NRI_P101",25
"46010",0.000331184011884034,"NRI_P101",50
"46011",0.000331184011884034,"NRI_P101",100
"46012",0.000331184011884034,"NRI_P101",25
"46013",0.000331184011884034,"NRI_P101",50
"46014",0.000331184011884034,"NRI_P101",100
"46015",0.000331184011884034,"NRI_P101",25
"46016",0.000331184011884034,"NRI_P101",50
"46017",0.000331184011884034,"NRI_P101",100
"46018",0.000331184011884034,"NRI_P101",25
"46019",0.000331184011884034,"NRI_P101",50
"46020",0.000331184011884034,"NRI_P101",100
"46021",0.000331184011884034,"NRI_P101",25
"46022",0.000331184011884034,"NRI_P101",50
"46023",0.000331184011884034,"NRI_P101",100
"46024",0.000331184011884034,"NRI_P101",25
"46025",0.000331184011884034,"NRI_P101",50
"46026",0.000331184011884034,"NRI_P101",100
"46027",0.000331184011884034,"NRI_P101",25
"46028",0.000331184011884034,"NRI_P101",50
"46029",0.000331184011884034,"NRI_P101",100
"46030",0.000331184011884034,"NRI_P101",25
"46031",0.000331184011884034,"NRI_P101",50
"46032",0.000331184011884034,"NRI_P101",100
"46033",0.000331184011884034,"NRI_P101",25
"46034",0.000331184011884034,"NRI_P101",50
"46035",0.000331184011884034,"NRI_P101",100
"46036",0.000331184011884034,"NRI_P101",25
"46037",0.000331184011884034,"NRI_P101",50
"46038",0.000331184011884034,"NRI_P101",100
"46039",0.000331184011884034,"NRI_P101",25
"46040",0.000331184011884034,"NRI_P101",50
"46041",0.000331184011884034,"NRI_P101",100
"46042",0.000331184011884034,"NRI_P101",25
"46043",0.000331184011884034,"NRI_P101",50
"46044",0.000331184011884034,"NRI_P101",100
"46045",0.000331184011884034,"NRI_P101",25
"46046",0.000331184011884034,"NRI_P101",50
"46047",0.000331184011884034,"NRI_P101",100
"46048",0.000331184011884034,"NRI_P101",25
"46049",0.000331184011884034,"NRI_P101",50
"46050",0.000331184011884034,"NRI_P101",100
"46051",0.000331184011884034,"NRI_P101",25
"46052",0.000331184011884034,"NRI_P101",50
"46053",0.000331184011884034,"NRI_P101",100
"46054",0.000331184011884034,"NRI_P101",25
"46055",0.000331184011884034,"NRI_P101",50
"46056",0.000331184011884034,"NRI_P101",100
"46057",0.000331184011884034,"NRI_P101",25
"46058",0.000331184011884034,"NRI_P101",50
"46059",0.000331184011884034,"NRI_P101",100
"46060",0.000331184011884034,"NRI_P101",25
"46061",0.000331184011884034,"NRI_P101",50
"46062",0.000331184011884034,"NRI_P101",100
"46063",0.000331184011884034,"NRI_P101",25
"46064",0.000331184011884034,"NRI_P101",50
"46065",0.000331184011884034,"NRI_P101",100
"46066",0.000331184011884034,"NRI_P101",25
"46067",0.000331184011884034,"NRI_P101",50
"46068",0.000331184011884034,"NRI_P101",100
"46069",0.000331184011884034,"NRI_P101",25
"46070",0.000331184011884034,"NRI_P101",50
"46071",0.000331184011884034,"NRI_P101",100
"46072",0.000331184011884034,"NRI_P101",25
"46073",0.000331184011884034,"NRI_P101",50
"46074",0.000331184011884034,"NRI_P101",100
"46075",0.000331184011884034,"NRI_P101",25
"46076",0.000331184011884034,"NRI_P101",50
"46077",0.000331184011884034,"NRI_P101",100
"46078",0.000331184011884034,"NRI_P101",25
"46079",0.000331184011884034,"NRI_P101",50
"46080",0.000331184011884034,"NRI_P101",100
"46081",0.000331184011884034,"NRI_P101",25
"46082",0.000331184011884034,"NRI_P101",50
"46083",0.000331184011884034,"NRI_P101",100
"46084",0.000331184011884034,"NRI_P101",25
"46085",0.000331184011884034,"NRI_P101",50
"46086",0.000331184011884034,"NRI_P101",100
"46087",0.000331184011884034,"NRI_P101",25
"46088",0.000331184011884034,"NRI_P101",50
"46089",0.000331184011884034,"NRI_P101",100
"46090",0.000331184011884034,"NRI_P101",25
"46091",0.000331184011884034,"NRI_P101",50
"46092",0.000331184011884034,"NRI_P101",100
"46093",0.000331184011884034,"NRI_P101",25
"46094",0.000331184011884034,"NRI_P101",50
"46095",0.000331184011884034,"NRI_P101",100
"46096",0.000331184011884034,"NRI_P101",25
"46097",0.000331184011884034,"NRI_P101",50
"46098",0.000331184011884034,"NRI_P101",100
"46099",0.000331184011884034,"NRI_P101",25
"46100",0.000331184011884034,"NRI_P101",50
"46101",0.000331184011884034,"NRI_P101",100
"46102",0.000331184011884034,"NRI_P101",25
"46103",0.000331184011884034,"NRI_P101",50
"46104",0.000331184011884034,"NRI_P101",100
"46105",0.000331184011884034,"NRI_P101",25
"46106",0.000331184011884034,"NRI_P101",50
"46107",0.000331184011884034,"NRI_P101",100
"46108",0.000331184011884034,"NRI_P101",25
"46109",0.000331184011884034,"NRI_P101",50
"46110",0.000331184011884034,"NRI_P101",100
"46111",0.000331184011884034,"NRI_P101",25
"46112",0.000331184011884034,"NRI_P101",50
"46113",0.000331184011884034,"NRI_P101",100
"46114",0.000331184011884034,"NRI_P101",25
"46115",0.000331184011884034,"NRI_P101",50
"46116",0.000331184011884034,"NRI_P101",100
"46117",0.000331184011884034,"NRI_P101",25
"46118",0.000331184011884034,"NRI_P101",50
"46119",0.000331184011884034,"NRI_P101",100
"46120",0.000331184011884034,"NRI_P101",25
"46121",0.000331184011884034,"NRI_P101",50
"46122",0.000331184011884034,"NRI_P101",100
"46123",0.000331184011884034,"NRI_P101",25
"46124",0.000331184011884034,"NRI_P101",50
"46125",0.000331184011884034,"NRI_P101",100
"46126",0.000331184011884034,"NRI_P101",25
"46127",0.000331184011884034,"NRI_P101",50
"46128",0.000331184011884034,"NRI_P101",100
"46129",0.000331184011884034,"NRI_P101",25
"46130",0.000331184011884034,"NRI_P101",50
"46131",0.000331184011884034,"NRI_P101",100
"46132",0.000331184011884034,"NRI_P101",25
"46133",0.000331184011884034,"NRI_P101",50
"46134",0.000331184011884034,"NRI_P101",100
"46135",0.000331184011884034,"NRI_P101",25
"46136",0.000331184011884034,"NRI_P101",50
"46137",0.000331184011884034,"NRI_P101",100
"46138",0.000331184011884034,"NRI_P101",25
"46139",0.000331184011884034,"NRI_P101",50
"46140",0.000331184011884034,"NRI_P101",100
"46141",0.000331184011884034,"NRI_P101",25
"46142",0.000331184011884034,"NRI_P101",50
"46143",0.000331184011884034,"NRI_P101",100
"46144",0.000331184011884034,"NRI_P101",25
"46145",0.000331184011884034,"NRI_P101",50
"46146",0.000331184011884034,"NRI_P101",100
"46147",0.000331184011884034,"NRI_P101",25
"46148",0.000331184011884034,"NRI_P101",50
"46149",0.000331184011884034,"NRI_P101",100
"46150",0.000331184011884034,"NRI_P101",25
"46151",0.000331184011884034,"NRI_P101",50
"46152",0.000331184011884034,"NRI_P101",100
"46153",0.000331184011884034,"NRI_P101",25
"46154",0.000331184011884034,"NRI_P101",50
"46155",0.000331184011884034,"NRI_P101",100
"46156",0.000331184011884034,"NRI_P101",25
"46157",0.000331184011884034,"NRI_P101",50
"46158",0.000331184011884034,"NRI_P101",100
"46159",0.000331184011884034,"NRI_P101",25
"46160",0.000331184011884034,"NRI_P101",50
"46161",0.000331184011884034,"NRI_P101",100
"46162",0.000331184011884034,"NRI_P101",25
"46163",0.000331184011884034,"NRI_P101",50
"46164",0.000331184011884034,"NRI_P101",100
"46165",0.000331184011884034,"NRI_P101",25
"46166",0.000331184011884034,"NRI_P101",50
"46167",0.000331184011884034,"NRI_P101",100
"46168",0.000331184011884034,"NRI_P101",25
"46169",0.000331184011884034,"NRI_P101",50
"46170",0.000331184011884034,"NRI_P101",100
"46171",0.000331184011884034,"NRI_P101",25
"46172",0.000331184011884034,"NRI_P101",50
"46173",0.000331184011884034,"NRI_P101",100
"46174",0.000331184011884034,"NRI_P101",25
"46175",0.000331184011884034,"NRI_P101",50
"46176",0.000331184011884034,"NRI_P101",100
"46177",0.000331184011884034,"NRI_P101",25
"46178",0.000331184011884034,"NRI_P101",50
"46179",0.000331184011884034,"NRI_P101",100
"46180",0.000331184011884034,"NRI_P101",25
"46181",0.000331184011884034,"NRI_P101",50
"46182",0.000331184011884034,"NRI_P101",100
"46183",0.000331184011884034,"NRI_P101",25
"46184",0.000331184011884034,"NRI_P101",50
"46185",0.000331184011884034,"NRI_P101",100
"46186",0.000331184011884034,"NRI_P101",25
"46187",0.000331184011884034,"NRI_P101",50
"46188",0.000331184011884034,"NRI_P101",100
"46189",0.000331184011884034,"NRI_P101",25
"46190",0.000331184011884034,"NRI_P101",50
"46191",0.000331184011884034,"NRI_P101",100
"46192",0.000331184011884034,"NRI_P101",25
"46193",0.000331184011884034,"NRI_P101",50
"46194",0.000331184011884034,"NRI_P101",100
"46195",0.000331184011884034,"NRI_P101",25
"46196",0.000331184011884034,"NRI_P101",50
"46197",0.000331184011884034,"NRI_P101",100
"46198",0.000331184011884034,"NRI_P101",25
"46199",0.000331184011884034,"NRI_P101",50
"46200",0.000331184011884034,"NRI_P101",100
"46201",-0.0027469449560158,"NRI_P103",25
"46202",248.158553055022,"NRI_P103",50
"46203",-79.7346569449874,"NRI_P103",100
"46204",-0.0027469449560158,"NRI_P103",25
"46205",123.124053055013,"NRI_P103",50
"46206",2331.28735305503,"NRI_P103",100
"46207",-0.0027469449560158,"NRI_P103",25
"46208",-152.164646944962,"NRI_P103",50
"46209",1457.442353055,"NRI_P103",100
"46210",-0.0027469449560158,"NRI_P103",25
"46211",206.954353055044,"NRI_P103",50
"46212",2775.442453055,"NRI_P103",100
"46213",-0.0027469449560158,"NRI_P103",25
"46214",31.0996530550183,"NRI_P103",50
"46215",-123.82614694495,"NRI_P103",100
"46216",-0.0027469449560158,"NRI_P103",25
"46217",3122.09155305504,"NRI_P103",50
"46218",791.118653055048,"NRI_P103",100
"46219",-0.0027469449560158,"NRI_P103",25
"46220",-7.26954694499727,"NRI_P103",50
"46221",612.922043055005,"NRI_P103",100
"46222",-0.0027469449560158,"NRI_P103",25
"46223",90.4709530550172,"NRI_P103",50
"46224",4.51015305501642,"NRI_P103",100
"46225",-0.0027469449560158,"NRI_P103",25
"46226",319.818953055015,"NRI_P103",50
"46227",9841.42435305502,"NRI_P103",100
"46228",-0.0027469449560158,"NRI_P103",25
"46229",4360.34955305501,"NRI_P103",50
"46230",734.267253055004,"NRI_P103",100
"46231",-0.0027469449560158,"NRI_P103",25
"46232",379.88625305501,"NRI_P103",50
"46233",16.9316530550132,"NRI_P103",100
"46234",-0.0027469449560158,"NRI_P103",25
"46235",82.7279530550004,"NRI_P103",50
"46236",219.398653055017,"NRI_P103",100
"46237",-0.0027469449560158,"NRI_P103",25
"46238",3299.59355305502,"NRI_P103",50
"46239",575.425153055054,"NRI_P103",100
"46240",-0.0027469449560158,"NRI_P103",25
"46241",763.267553055019,"NRI_P103",50
"46242",2885.03255305503,"NRI_P103",100
"46243",-0.0027469449560158,"NRI_P103",25
"46244",1997.159353055,"NRI_P103",50
"46245",22.9509530549985,"NRI_P103",100
"46246",-0.0027469449560158,"NRI_P103",25
"46247",29.0264330549981,"NRI_P103",50
"46248",4893.35155305505,"NRI_P103",100
"46249",-0.0027469449560158,"NRI_P103",25
"46250",22.4828530550003,"NRI_P103",50
"46251",391.153353055008,"NRI_P103",100
"46252",-0.0027469449560158,"NRI_P103",25
"46253",4927.48255305504,"NRI_P103",50
"46254",-98.7792169449967,"NRI_P103",100
"46255",-0.0027469449560158,"NRI_P103",25
"46256",1427.73835305503,"NRI_P103",50
"46257",3592.43215305504,"NRI_P103",100
"46258",-0.0027469449560158,"NRI_P103",25
"46259",305.384953055007,"NRI_P103",50
"46260",-117.914616944967,"NRI_P103",100
"46261",-0.0027469449560158,"NRI_P103",25
"46262",-148.928846944997,"NRI_P103",50
"46263",619.762083055044,"NRI_P103",100
"46264",-0.0027469449560158,"NRI_P103",25
"46265",2528.59455305501,"NRI_P103",50
"46266",3889.18215305504,"NRI_P103",100
"46267",-0.0027469449560158,"NRI_P103",25
"46268",3377.421553055,"NRI_P103",50
"46269",297.729053055053,"NRI_P103",100
"46270",-0.0027469449560158,"NRI_P103",25
"46271",247.432353055046,"NRI_P103",50
"46272",26377.150453055,"NRI_P103",100
"46273",-0.0027469449560158,"NRI_P103",25
"46274",79.8726530550048,"NRI_P103",50
"46275",-58.7205469449982,"NRI_P103",100
"46276",-0.0027469449560158,"NRI_P103",25
"46277",-115.500346944958,"NRI_P103",50
"46278",8163.85575305502,"NRI_P103",100
"46279",-0.0027469449560158,"NRI_P103",25
"46280",649.350853055017,"NRI_P103",50
"46281",285.809903055022,"NRI_P103",100
"46282",-0.0027469449560158,"NRI_P103",25
"46283",8419.94935305504,"NRI_P103",50
"46284",6915.30555305502,"NRI_P103",100
"46285",-0.0027469449560158,"NRI_P103",25
"46286",376.953353054996,"NRI_P103",50
"46287",9225.48665305501,"NRI_P103",100
"46288",-0.0027469449560158,"NRI_P103",25
"46289",912.392553055019,"NRI_P103",50
"46290",3034.294673055,"NRI_P103",100
"46291",-0.0027469449560158,"NRI_P103",25
"46292",-188.784926944994,"NRI_P103",50
"46293",3493.37655305502,"NRI_P103",100
"46294",-0.0027469449560158,"NRI_P103",25
"46295",-10.5203669449547,"NRI_P103",50
"46296",4618.89365305501,"NRI_P103",100
"46297",-0.0027469449560158,"NRI_P103",25
"46298",2034.175353055,"NRI_P103",50
"46299",128.47496305505,"NRI_P103",100
"46300",-0.0027469449560158,"NRI_P103",25
"46301",2528.59455305501,"NRI_P103",50
"46302",3598.83925305505,"NRI_P103",100
"46303",-0.0027469449560158,"NRI_P103",25
"46304",50.0135930550168,"NRI_P103",50
"46305",1101.60975305503,"NRI_P103",100
"46306",-0.0027469449560158,"NRI_P103",25
"46307",-189.386206944997,"NRI_P103",50
"46308",61520.790553055,"NRI_P103",100
"46309",-0.0027469449560158,"NRI_P103",25
"46310",10009.014353055,"NRI_P103",50
"46311",2446.80335305503,"NRI_P103",100
"46312",-0.0027469449560158,"NRI_P103",25
"46313",3697.19935305504,"NRI_P103",50
"46314",934.233153055015,"NRI_P103",100
"46315",-0.0027469449560158,"NRI_P103",25
"46316",-94.7675469449605,"NRI_P103",50
"46317",102.889153055032,"NRI_P103",100
"46318",-0.0027469449560158,"NRI_P103",25
"46319",117.861453054997,"NRI_P103",50
"46320",476.022253055009,"NRI_P103",100
"46321",-0.0027469449560158,"NRI_P103",25
"46322",269.405553054996,"NRI_P103",50
"46323",-4.03182694496354,"NRI_P103",100
"46324",-0.0027469449560158,"NRI_P103",25
"46325",3005.29255305504,"NRI_P103",50
"46326",617.387723055028,"NRI_P103",100
"46327",-0.0027469449560158,"NRI_P103",25
"46328",5750.28135305503,"NRI_P103",50
"46329",688.412153055018,"NRI_P103",100
"46330",-0.0027469449560158,"NRI_P103",25
"46331",-159.634946944949,"NRI_P103",50
"46332",9.99775305500953,"NRI_P103",100
"46333",-0.0027469449560158,"NRI_P103",25
"46334",-0.0786469449521974,"NRI_P103",50
"46335",6816.12338305503,"NRI_P103",100
"46336",-0.0027469449560158,"NRI_P103",25
"46337",334.121053055045,"NRI_P103",50
"46338",2114.92865305505,"NRI_P103",100
"46339",-0.0027469449560158,"NRI_P103",25
"46340",136.658253055008,"NRI_P103",50
"46341",3422.786753055,"NRI_P103",100
"46342",-0.0027469449560158,"NRI_P103",25
"46343",2581.42755305505,"NRI_P103",50
"46344",3667.84015305503,"NRI_P103",100
"46345",-0.0027469449560158,"NRI_P103",25
"46346",524.675053055049,"NRI_P103",50
"46347",4064.97603305505,"NRI_P103",100
"46348",-0.0027469449560158,"NRI_P103",25
"46349",232.130253055017,"NRI_P103",50
"46350",381.42511305504,"NRI_P103",100
"46351",-0.0027469449560158,"NRI_P103",25
"46352",12659.624353055,"NRI_P103",50
"46353",2659.80505305505,"NRI_P103",100
"46354",-0.0027469449560158,"NRI_P103",25
"46355",-29.6023469449719,"NRI_P103",50
"46356",3340.97155305505,"NRI_P103",100
"46357",-0.0027469449560158,"NRI_P103",25
"46358",41.4455530550331,"NRI_P103",50
"46359",582.878053055028,"NRI_P103",100
"46360",-0.0027469449560158,"NRI_P103",25
"46361",89.7175530550303,"NRI_P103",50
"46362",214.288193055021,"NRI_P103",100
"46363",-0.0027469449560158,"NRI_P103",25
"46364",4278.132353055,"NRI_P103",50
"46365",248.378733055026,"NRI_P103",100
"46366",-0.0027469449560158,"NRI_P103",25
"46367",-105.446546944964,"NRI_P103",50
"46368",811.435353055014,"NRI_P103",100
"46369",-0.0027469449560158,"NRI_P103",25
"46370",1240.11355305504,"NRI_P103",50
"46371",1148.48595305503,"NRI_P103",100
"46372",-0.0027469449560158,"NRI_P103",25
"46373",-65.7098469449556,"NRI_P103",50
"46374",-50.0771469449974,"NRI_P103",100
"46375",-0.0027469449560158,"NRI_P103",25
"46376",-64.2869469449506,"NRI_P103",50
"46377",8268.54805305501,"NRI_P103",100
"46378",-0.0027469449560158,"NRI_P103",25
"46379",228.557653055002,"NRI_P103",50
"46380",5.38875305501278,"NRI_P103",100
"46381",-0.0027469449560158,"NRI_P103",25
"46382",376.953353054996,"NRI_P103",50
"46383",28.5094530550414,"NRI_P103",100
"46384",-0.0027469449560158,"NRI_P103",25
"46385",297.939953055,"NRI_P103",50
"46386",139.223153055005,"NRI_P103",100
"46387",-0.0027469449560158,"NRI_P103",25
"46388",-64.2869469449506,"NRI_P103",50
"46389",-58.659546944953,"NRI_P103",100
"46390",-0.0027469449560158,"NRI_P103",25
"46391",357.166353055043,"NRI_P103",50
"46392",2544.99680305505,"NRI_P103",100
"46393",-0.0027469449560158,"NRI_P103",25
"46394",4278.132353055,"NRI_P103",50
"46395",283.629453055037,"NRI_P103",100
"46396",-0.0027469449560158,"NRI_P103",25
"46397",379.953153055045,"NRI_P103",50
"46398",61585.904953055,"NRI_P103",100
"46399",-0.0027469449560158,"NRI_P103",25
"46400",1757.75955305505,"NRI_P103",50
"46401",-48.1875469450024,"NRI_P103",100
"46402",-0.0027469449560158,"NRI_P103",25
"46403",-234.143966944946,"NRI_P103",50
"46404",4246.84745305503,"NRI_P103",100
"46405",-0.0027469449560158,"NRI_P103",25
"46406",79.9428530550213,"NRI_P103",50
"46407",204.087453055021,"NRI_P103",100
"46408",-0.0027469449560158,"NRI_P103",25
"46409",9030.57455305505,"NRI_P103",50
"46410",30.606153055036,"NRI_P103",100
"46411",-0.0027469449560158,"NRI_P103",25
"46412",139.20325305505,"NRI_P103",50
"46413",-150.375106944994,"NRI_P103",100
"46414",-0.0027469449560158,"NRI_P103",25
"46415",-216.723546944966,"NRI_P103",50
"46416",1017.85225305503,"NRI_P103",100
"46417",-0.0027469449560158,"NRI_P103",25
"46418",718.018453055003,"NRI_P103",50
"46419",1169.11075305502,"NRI_P103",100
"46420",-0.0027469449560158,"NRI_P103",25
"46421",76.5146530549973,"NRI_P103",50
"46422",1874.53705305501,"NRI_P103",100
"46423",-0.0027469449560158,"NRI_P103",25
"46424",113.913453055022,"NRI_P103",50
"46425",2246.88516305503,"NRI_P103",100
"46426",-0.0027469449560158,"NRI_P103",25
"46427",-105.446546944964,"NRI_P103",50
"46428",6445.75565305504,"NRI_P103",100
"46429",-0.0027469449560158,"NRI_P103",25
"46430",223.613053055014,"NRI_P103",50
"46431",11.1718530550133,"NRI_P103",100
"46432",-0.0027469449560158,"NRI_P103",25
"46433",89.7175530550303,"NRI_P103",50
"46434",1824.62454305502,"NRI_P103",100
"46435",-0.0027469449560158,"NRI_P103",25
"46436",-142.096046944964,"NRI_P103",50
"46437",661.744553055032,"NRI_P103",100
"46438",-0.0027469449560158,"NRI_P103",25
"46439",161.073653055006,"NRI_P103",50
"46440",-71.9387069449876,"NRI_P103",100
"46441",-0.0027469449560158,"NRI_P103",25
"46442",-211.481416944996,"NRI_P103",50
"46443",307.021453055029,"NRI_P103",100
"46444",-0.0027469449560158,"NRI_P103",25
"46445",-32.4454469449702,"NRI_P103",50
"46446",415.539153054997,"NRI_P103",100
"46447",-0.0027469449560158,"NRI_P103",25
"46448",11.5467730550445,"NRI_P103",50
"46449",4290.394653055,"NRI_P103",100
"46450",-0.0027469449560158,"NRI_P103",25
"46451",-199.72146694496,"NRI_P103",50
"46452",593.04257305502,"NRI_P103",100
"46453",-0.0027469449560158,"NRI_P103",25
"46454",9269.974353055,"NRI_P103",50
"46455",4800.34985305503,"NRI_P103",100
"46456",-0.0027469449560158,"NRI_P103",25
"46457",-210.400426944951,"NRI_P103",50
"46458",134.553953055001,"NRI_P103",100
"46459",-0.0027469449560158,"NRI_P103",25
"46460",-206.571306944999,"NRI_P103",50
"46461",103.072803055053,"NRI_P103",100
"46462",-0.0027469449560158,"NRI_P103",25
"46463",-28.2971469449694,"NRI_P103",50
"46464",154.72265305504,"NRI_P103",100
"46465",-0.0027469449560158,"NRI_P103",25
"46466",4233.15855305502,"NRI_P103",50
"46467",9103.57995305501,"NRI_P103",100
"46468",-0.0027469449560158,"NRI_P103",25
"46469",110.411953055009,"NRI_P103",50
"46470",9570.67265305505,"NRI_P103",100
"46471",-0.0027469449560158,"NRI_P103",25
"46472",619.286053055024,"NRI_P103",50
"46473",-205.306716944964,"NRI_P103",100
"46474",-0.0027469449560158,"NRI_P103",25
"46475",-143.975146944984,"NRI_P103",50
"46476",427.649453054997,"NRI_P103",100
"46477",-0.0027469449560158,"NRI_P103",25
"46478",1098.46655305504,"NRI_P103",50
"46479",2774.53635305504,"NRI_P103",100
"46480",-0.0027469449560158,"NRI_P103",25
"46481",65.9851530550513,"NRI_P103",50
"46482",-63.2959369449527,"NRI_P103",100
"46483",-0.0027469449560158,"NRI_P103",25
"46484",301.271953055053,"NRI_P103",50
"46485",403.686953055032,"NRI_P103",100
"46486",-0.0027469449560158,"NRI_P103",25
"46487",2248.31835305505,"NRI_P103",50
"46488",1605.19335305505,"NRI_P103",100
"46489",-0.0027469449560158,"NRI_P103",25
"46490",-209.866166944965,"NRI_P103",50
"46491",9930.12735305505,"NRI_P103",100
"46492",-0.0027469449560158,"NRI_P103",25
"46493",-199.976676944993,"NRI_P103",50
"46494",353.982153055025,"NRI_P103",100
"46495",-0.0027469449560158,"NRI_P103",25
"46496",41.740453055012,"NRI_P103",50
"46497",-4.97516694496153,"NRI_P103",100
"46498",-0.0027469449560158,"NRI_P103",25
"46499",123.256653055025,"NRI_P103",50
"46500",3275.14145305502,"NRI_P103",100
"46501",-1378.065571621,"NRI_P104",25
"46502",-1699.49364162103,"NRI_P104",50
"46503",235.334558379021,"NRI_P104",100
"46504",-171.118351620971,"NRI_P104",25
"46505",-3237.041231621,"NRI_P104",50
"46506",3412.61018837901,"NRI_P104",100
"46507",5177.60765837901,"NRI_P104",25
"46508",3068.59525837901,"NRI_P104",50
"46509",-2654.19892162102,"NRI_P104",100
"46510",10865.707378379,"NRI_P104",25
"46511",-481.570221621019,"NRI_P104",50
"46512",-2471.466041621,"NRI_P104",100
"46513",-1405.20232162101,"NRI_P104",25
"46514",-1129.12772162101,"NRI_P104",50
"46515",-1860.60095162102,"NRI_P104",100
"46516",188.300058379013,"NRI_P104",25
"46517",-864.685621620971,"NRI_P104",50
"46518",2589.92202837899,"NRI_P104",100
"46519",138.65865837899,"NRI_P104",25
"46520",1867.438678379,"NRI_P104",50
"46521",-260.567591621017,"NRI_P104",100
"46522",16180.876778379,"NRI_P104",25
"46523",807.868258378992,"NRI_P104",50
"46524",-3223.06004162098,"NRI_P104",100
"46525",404.899078378978,"NRI_P104",25
"46526",1665.95115837903,"NRI_P104",50
"46527",-1967.31516162102,"NRI_P104",100
"46528",-1448.99192162103,"NRI_P104",25
"46529",-1117.44394162099,"NRI_P104",50
"46530",-1776.15804162098,"NRI_P104",100
"46531",2891.55477837898,"NRI_P104",25
"46532",1337.09595837898,"NRI_P104",50
"46533",7777.17915837897,"NRI_P104",100
"46534",-534.860291621007,"NRI_P104",25
"46535",-1017.15246162098,"NRI_P104",50
"46536",8258.53619837901,"NRI_P104",100
"46537",326.540858378983,"NRI_P104",25
"46538",-1603.637121621,"NRI_P104",50
"46539",-2568.49121162097,"NRI_P104",100
"46540",-300.800921620976,"NRI_P104",25
"46541",67.4037783790263,"NRI_P104",50
"46542",1567.20255837898,"NRI_P104",100
"46543",-13.9611216210178,"NRI_P104",25
"46544",1662.17915837897,"NRI_P104",50
"46545",662.571658378991,"NRI_P104",100
"46546",614.970978379017,"NRI_P104",25
"46547",3333.01377837901,"NRI_P104",50
"46548",3684.52476837899,"NRI_P104",100
"46549",-484.421621621004,"NRI_P104",25
"46550",-1110.865741621,"NRI_P104",50
"46551",5204.55875837902,"NRI_P104",100
"46552",-153.685521621024,"NRI_P104",25
"46553",-1093.68730162102,"NRI_P104",50
"46554",2294.46284837899,"NRI_P104",100
"46555",-240.64762162097,"NRI_P104",25
"46556",-256.509211621014,"NRI_P104",50
"46557",-2411.989861621,"NRI_P104",100
"46558",-1800.230321621,"NRI_P104",25
"46559",-1806.806421621,"NRI_P104",50
"46560",1500.09035837901,"NRI_P104",100
"46561",-345.372221620986,"NRI_P104",25
"46562",1014.45566837903,"NRI_P104",50
"46563",-747.689921621,"NRI_P104",100
"46564",-252.968621621025,"NRI_P104",25
"46565",-2535.48372162099,"NRI_P104",50
"46566",-974.67714162101,"NRI_P104",100
"46567",-1285.94212162099,"NRI_P104",25
"46568",7.06317837903043,"NRI_P104",50
"46569",3256.48054837901,"NRI_P104",100
"46570",-1828.834521621,"NRI_P104",25
"46571",2194.53817837901,"NRI_P104",50
"46572",-1535.76004162099,"NRI_P104",100
"46573",-347.729121621,"NRI_P104",25
"46574",-1540.38162162103,"NRI_P104",50
"46575",1553.17505837901,"NRI_P104",100
"46576",6901.81465837901,"NRI_P104",25
"46577",-1924.557521621,"NRI_P104",50
"46578",260.459258379007,"NRI_P104",100
"46579",3877.11737837899,"NRI_P104",25
"46580",-1492.82863162097,"NRI_P104",50
"46581",-917.682471621025,"NRI_P104",100
"46582",-121.961521620979,"NRI_P104",25
"46583",-1783.53667162097,"NRI_P104",50
"46584",-1682.77544162102,"NRI_P104",100
"46585",346.736678379006,"NRI_P104",25
"46586",-1622.48287162097,"NRI_P104",50
"46587",-851.997741620988,"NRI_P104",100
"46588",625.923478379031,"NRI_P104",25
"46589",-1598.602821621,"NRI_P104",50
"46590",5727.51182837901,"NRI_P104",100
"46591",1943.62237837899,"NRI_P104",25
"46592",-923.799141620984,"NRI_P104",50
"46593",-3525.00533162098,"NRI_P104",100
"46594",16.9457883790019,"NRI_P104",25
"46595",-1163.81580162101,"NRI_P104",50
"46596",60.6846583790029,"NRI_P104",100
"46597",-193.954141621012,"NRI_P104",25
"46598",-553.486171621014,"NRI_P104",50
"46599",851.999258378986,"NRI_P104",100
"46600",10007.185378379,"NRI_P104",25
"46601",-1347.62902162102,"NRI_P104",50
"46602",-1207.35844162101,"NRI_P104",100
"46603",-1220.093121621,"NRI_P104",25
"46604",-1655.83863162098,"NRI_P104",50
"46605",-2253.958711621,"NRI_P104",100
"46606",-529.930771621002,"NRI_P104",25
"46607",11495.700808379,"NRI_P104",50
"46608",-772.006741621008,"NRI_P104",100
"46609",549.965378378984,"NRI_P104",25
"46610",-890.41072162101,"NRI_P104",50
"46611",655.324078379024,"NRI_P104",100
"46612",-1182.05462162098,"NRI_P104",25
"46613",-1011.573521621,"NRI_P104",50
"46614",-3173.94858162099,"NRI_P104",100
"46615",2463.89865837898,"NRI_P104",25
"46616",473.243478378979,"NRI_P104",50
"46617",-475.594241620973,"NRI_P104",100
"46618",270.307278378983,"NRI_P104",25
"46619",-125.963821620971,"NRI_P104",50
"46620",927.420898379001,"NRI_P104",100
"46621",-203.12630162097,"NRI_P104",25
"46622",-2144.59793162101,"NRI_P104",50
"46623",-3122.201311621,"NRI_P104",100
"46624",-5.97082162101287,"NRI_P104",25
"46625",-1737.61461162101,"NRI_P104",50
"46626",-2430.680541621,"NRI_P104",100
"46627",-2002.16535162099,"NRI_P104",25
"46628",-1095.82382162102,"NRI_P104",50
"46629",6735.96605837898,"NRI_P104",100
"46630",222.465958378976,"NRI_P104",25
"46631",-987.850921621022,"NRI_P104",50
"46632",-1.63129162101541,"NRI_P104",100
"46633",-1049.84812162101,"NRI_P104",25
"46634",-1802.47642162099,"NRI_P104",50
"46635",4144.74655837903,"NRI_P104",100
"46636",14.8648783789831,"NRI_P104",25
"46637",-2044.28660162102,"NRI_P104",50
"46638",-3519.279681621,"NRI_P104",100
"46639",195.471058378986,"NRI_P104",25
"46640",-105.165921621025,"NRI_P104",50
"46641",-2429.63734162098,"NRI_P104",100
"46642",-1196.45112162101,"NRI_P104",25
"46643",4279.97217837902,"NRI_P104",50
"46644",-687.986721621011,"NRI_P104",100
"46645",171.982478378981,"NRI_P104",25
"46646",1318.19077837898,"NRI_P104",50
"46647",-937.827001621015,"NRI_P104",100
"46648",-1061.93942162098,"NRI_P104",25
"46649",3289.546058379,"NRI_P104",50
"46650",1515.45245837898,"NRI_P104",100
"46651",-650.411921621009,"NRI_P104",25
"46652",2657.50015837903,"NRI_P104",50
"46653",-20.6939416209934,"NRI_P104",100
"46654",72.5826783790253,"NRI_P104",25
"46655",-1097.06884162099,"NRI_P104",50
"46656",99.5042583789909,"NRI_P104",100
"46657",319.628378378984,"NRI_P104",25
"46658",-904.810021621,"NRI_P104",50
"46659",-1263.93195162102,"NRI_P104",100
"46660",143.862758379022,"NRI_P104",25
"46661",981.978558378993,"NRI_P104",50
"46662",4918.31517837901,"NRI_P104",100
"46663",-522.950141620997,"NRI_P104",25
"46664",1222.877058379,"NRI_P104",50
"46665",-1008.521501621,"NRI_P104",100
"46666",-1405.20232162101,"NRI_P104",25
"46667",-372.626521621016,"NRI_P104",50
"46668",2878.68485837901,"NRI_P104",100
"46669",3037.92765837902,"NRI_P104",25
"46670",14894.633058379,"NRI_P104",50
"46671",-3257.53720162099,"NRI_P104",100
"46672",163.672378378978,"NRI_P104",25
"46673",-27.7022216210025,"NRI_P104",50
"46674",-1159.62944162101,"NRI_P104",100
"46675",1448.54165837902,"NRI_P104",25
"46676",100.90269837901,"NRI_P104",50
"46677",509.282458378992,"NRI_P104",100
"46678",1973.77377837902,"NRI_P104",25
"46679",-317.118641621026,"NRI_P104",50
"46680",2932.26085837901,"NRI_P104",100
"46681",28.4688783789752,"NRI_P104",25
"46682",798.154158379009,"NRI_P104",50
"46683",-1781.79099162098,"NRI_P104",100
"46684",-1989.31993162102,"NRI_P104",25
"46685",-931.703921621025,"NRI_P104",50
"46686",-2118.37549162097,"NRI_P104",100
"46687",204.141958379012,"NRI_P104",25
"46688",-224.85299162101,"NRI_P104",50
"46689",1999.60299837898,"NRI_P104",100
"46690",7.41440837900154,"NRI_P104",25
"46691",-1783.98562162102,"NRI_P104",50
"46692",10646.029758379,"NRI_P104",100
"46693",325.336378379026,"NRI_P104",25
"46694",1937.663758379,"NRI_P104",50
"46695",481.767758378992,"NRI_P104",100
"46696",-1835.98512162099,"NRI_P104",25
"46697",-427.446331620973,"NRI_P104",50
"46698",1457.03247837903,"NRI_P104",100
"46699",1243.51965837902,"NRI_P104",25
"46700",-2039.115801621,"NRI_P104",50
"46701",-959.748671620968,"NRI_P104",100
"46702",1082.54477837903,"NRI_P104",25
"46703",1029.09035837901,"NRI_P104",50
"46704",-2338.181841621,"NRI_P104",100
"46705",3523.06765837898,"NRI_P104",25
"46706",-308.714591621014,"NRI_P104",50
"46707",-710.365541620995,"NRI_P104",100
"46708",-498.80552162102,"NRI_P104",25
"46709",-1510.40084162098,"NRI_P104",50
"46710",1633.57268837898,"NRI_P104",100
"46711",-1184.33832162101,"NRI_P104",25
"46712",774.149208378978,"NRI_P104",50
"46713",563.637918378983,"NRI_P104",100
"46714",-332.294521621021,"NRI_P104",25
"46715",6497.41205837898,"NRI_P104",50
"46716",2402.03805837902,"NRI_P104",100
"46717",983.117778379004,"NRI_P104",25
"46718",583.223058379022,"NRI_P104",50
"46719",-2383.73014162102,"NRI_P104",100
"46720",-529.930771621002,"NRI_P104",25
"46721",13638.097058379,"NRI_P104",50
"46722",17769.371658379,"NRI_P104",100
"46723",2820.13677837898,"NRI_P104",25
"46724",-2348.70052162098,"NRI_P104",50
"46725",-2756.50919162098,"NRI_P104",100
"46726",7.41440837900154,"NRI_P104",25
"46727",884.866858378984,"NRI_P104",50
"46728",-2307.57889162097,"NRI_P104",100
"46729",225.857558379008,"NRI_P104",25
"46730",-1262.91112162097,"NRI_P104",50
"46731",13154.536058379,"NRI_P104",100
"46732",2752.51137837901,"NRI_P104",25
"46733",4194.52495837898,"NRI_P104",50
"46734",-3076.33224162098,"NRI_P104",100
"46735",-1368.623881621,"NRI_P104",25
"46736",5836.41705837898,"NRI_P104",50
"46737",-810.503841620986,"NRI_P104",100
"46738",-155.42562162102,"NRI_P104",25
"46739",592.994458378991,"NRI_P104",50
"46740",-1254.57535162102,"NRI_P104",100
"46741",70.9000583789893,"NRI_P104",25
"46742",-386.124131620978,"NRI_P104",50
"46743",11833.459188379,"NRI_P104",100
"46744",871.682778379007,"NRI_P104",25
"46745",325.917058378982,"NRI_P104",50
"46746",2923.75910837902,"NRI_P104",100
"46747",-1795.236521621,"NRI_P104",25
"46748",-545.753101620998,"NRI_P104",50
"46749",-1764.33693162102,"NRI_P104",100
"46750",-199.470001620997,"NRI_P104",25
"46751",2496.62777837901,"NRI_P104",50
"46752",6003.357458379,"NRI_P104",100
"46753",-1664.72322162101,"NRI_P104",25
"46754",795.340878379007,"NRI_P104",50
"46755",-235.121791620972,"NRI_P104",100
"46756",-512.852171620994,"NRI_P104",25
"46757",-503.820241620997,"NRI_P104",50
"46758",5635.18665837898,"NRI_P104",100
"46759",761.572778379021,"NRI_P104",25
"46760",-541.623431621003,"NRI_P104",50
"46761",15210.914688379,"NRI_P104",100
"46762",-903.585621620994,"NRI_P104",25
"46763",-1784.43074162101,"NRI_P104",50
"46764",3335.422358379,"NRI_P104",100
"46765",1372.01737837901,"NRI_P104",25
"46766",2463.08395837899,"NRI_P104",50
"46767",-1880.96995162102,"NRI_P104",100
"46768",-500.114351621014,"NRI_P104",25
"46769",13190.073778379,"NRI_P104",50
"46770",2848.94136837899,"NRI_P104",100
"46771",719.601778379001,"NRI_P104",25
"46772",-1125.58664162102,"NRI_P104",50
"46773",8095.26875837898,"NRI_P104",100
"46774",444.749778378988,"NRI_P104",25
"46775",703.684198378993,"NRI_P104",50
"46776",979.247278378985,"NRI_P104",100
"46777",-90.9215216209996,"NRI_P104",25
"46778",-331.950201620988,"NRI_P104",50
"46779",247.292458379001,"NRI_P104",100
"46780",7325.46037837898,"NRI_P104",25
"46781",-38.9283216209733,"NRI_P104",50
"46782",6460.17217837903,"NRI_P104",100
"46783",160.309758379008,"NRI_P104",25
"46784",-1367.80302162102,"NRI_P104",50
"46785",-1501.31730162102,"NRI_P104",100
"46786",-199.470001620997,"NRI_P104",25
"46787",1420.598758379,"NRI_P104",50
"46788",-548.740061621007,"NRI_P104",100
"46789",-1188.76302162098,"NRI_P104",25
"46790",-3192.03691162099,"NRI_P104",50
"46791",2232.69256837899,"NRI_P104",100
"46792",1276.815658379,"NRI_P104",25
"46793",-1622.36175162101,"NRI_P104",50
"46794",-3160.009691621,"NRI_P104",100
"46795",304.84337837901,"NRI_P104",25
"46796",-655.497621621005,"NRI_P104",50
"46797",2270.16455837898,"NRI_P104",100
"46798",1276.815658379,"NRI_P104",25
"46799",-940.005821620987,"NRI_P104",50
"46800",9540.55945837899,"NRI_P104",100
"46801",-0.00341112801106647,"NRI_P105",25
"46802",-0.00341112801106647,"NRI_P105",50
"46803",1129.29707887198,"NRI_P105",100
"46804",-0.00341112801106647,"NRI_P105",25
"46805",-0.00341112801106647,"NRI_P105",50
"46806",-27.3019611280179,"NRI_P105",100
"46807",-0.00341112801106647,"NRI_P105",25
"46808",-0.00341112801106647,"NRI_P105",50
"46809",-5047.75781112799,"NRI_P105",100
"46810",-0.00341112801106647,"NRI_P105",25
"46811",-0.00341112801106647,"NRI_P105",50
"46812",414.852188871999,"NRI_P105",100
"46813",-0.00341112801106647,"NRI_P105",25
"46814",-0.00341112801106647,"NRI_P105",50
"46815",25.560588872002,"NRI_P105",100
"46816",-0.00341112801106647,"NRI_P105",25
"46817",-0.00341112801106647,"NRI_P105",50
"46818",7.75546887196833,"NRI_P105",100
"46819",-0.00341112801106647,"NRI_P105",25
"46820",-0.00341112801106647,"NRI_P105",50
"46821",1612.10620887199,"NRI_P105",100
"46822",-0.00341112801106647,"NRI_P105",25
"46823",-0.00341112801106647,"NRI_P105",50
"46824",-113.794341128028,"NRI_P105",100
"46825",-0.00341112801106647,"NRI_P105",25
"46826",-0.00341112801106647,"NRI_P105",50
"46827",6843.56108887197,"NRI_P105",100
"46828",-0.00341112801106647,"NRI_P105",25
"46829",-0.00341112801106647,"NRI_P105",50
"46830",3832.60308887198,"NRI_P105",100
"46831",-0.00341112801106647,"NRI_P105",25
"46832",-0.00341112801106647,"NRI_P105",50
"46833",-92.6188111280208,"NRI_P105",100
"46834",-0.00341112801106647,"NRI_P105",25
"46835",-0.00341112801106647,"NRI_P105",50
"46836",-297.438691127987,"NRI_P105",100
"46837",-0.00341112801106647,"NRI_P105",25
"46838",-0.00341112801106647,"NRI_P105",50
"46839",-1114.71091112803,"NRI_P105",100
"46840",-0.00341112801106647,"NRI_P105",25
"46841",-0.00341112801106647,"NRI_P105",50
"46842",582.660708872019,"NRI_P105",100
"46843",-0.00341112801106647,"NRI_P105",25
"46844",-0.00341112801106647,"NRI_P105",50
"46845",-21.0299811279983,"NRI_P105",100
"46846",-0.00341112801106647,"NRI_P105",25
"46847",-0.00341112801106647,"NRI_P105",50
"46848",-72.7886011280352,"NRI_P105",100
"46849",-0.00341112801106647,"NRI_P105",25
"46850",-0.00341112801106647,"NRI_P105",50
"46851",-1637.01621112798,"NRI_P105",100
"46852",-0.00341112801106647,"NRI_P105",25
"46853",-0.00341112801106647,"NRI_P105",50
"46854",-757.83241112798,"NRI_P105",100
"46855",-0.00341112801106647,"NRI_P105",25
"46856",-0.00341112801106647,"NRI_P105",50
"46857",61.135718872014,"NRI_P105",100
"46858",-0.00341112801106647,"NRI_P105",25
"46859",-0.00341112801106647,"NRI_P105",50
"46860",1097.70658887201,"NRI_P105",100
"46861",-0.00341112801106647,"NRI_P105",25
"46862",-0.00341112801106647,"NRI_P105",50
"46863",-13.293181127985,"NRI_P105",100
"46864",-0.00341112801106647,"NRI_P105",25
"46865",-0.00341112801106647,"NRI_P105",50
"46866",-348.524221128027,"NRI_P105",100
"46867",-0.00341112801106647,"NRI_P105",25
"46868",-0.00341112801106647,"NRI_P105",50
"46869",-1507.08021112799,"NRI_P105",100
"46870",-0.00341112801106647,"NRI_P105",25
"46871",-0.00341112801106647,"NRI_P105",50
"46872",167.877588871983,"NRI_P105",100
"46873",-0.00341112801106647,"NRI_P105",25
"46874",-0.00341112801106647,"NRI_P105",50
"46875",30.7915288719814,"NRI_P105",100
"46876",-0.00341112801106647,"NRI_P105",25
"46877",-0.00341112801106647,"NRI_P105",50
"46878",-1766.96831112803,"NRI_P105",100
"46879",-0.00341112801106647,"NRI_P105",25
"46880",-0.00341112801106647,"NRI_P105",50
"46881",-394.656111127988,"NRI_P105",100
"46882",-0.00341112801106647,"NRI_P105",25
"46883",-0.00341112801106647,"NRI_P105",50
"46884",-364.029411128024,"NRI_P105",100
"46885",-0.00341112801106647,"NRI_P105",25
"46886",-0.00341112801106647,"NRI_P105",50
"46887",-298.336011128034,"NRI_P105",100
"46888",-0.00341112801106647,"NRI_P105",25
"46889",-0.00341112801106647,"NRI_P105",50
"46890",1769.76368887199,"NRI_P105",100
"46891",-0.00341112801106647,"NRI_P105",25
"46892",-0.00341112801106647,"NRI_P105",50
"46893",1669.740788872,"NRI_P105",100
"46894",-0.00341112801106647,"NRI_P105",25
"46895",-0.00341112801106647,"NRI_P105",50
"46896",-104.571891128027,"NRI_P105",100
"46897",-0.00341112801106647,"NRI_P105",25
"46898",-0.00341112801106647,"NRI_P105",50
"46899",3081.62328887201,"NRI_P105",100
"46900",-0.00341112801106647,"NRI_P105",25
"46901",-0.00341112801106647,"NRI_P105",50
"46902",500.401088871993,"NRI_P105",100
"46903",-0.00341112801106647,"NRI_P105",25
"46904",-0.00341112801106647,"NRI_P105",50
"46905",-1174.86775112798,"NRI_P105",100
"46906",-0.00341112801106647,"NRI_P105",25
"46907",-0.00341112801106647,"NRI_P105",50
"46908",10719.514758872,"NRI_P105",100
"46909",-0.00341112801106647,"NRI_P105",25
"46910",-0.00341112801106647,"NRI_P105",50
"46911",1197.99128887197,"NRI_P105",100
"46912",-0.00341112801106647,"NRI_P105",25
"46913",-0.00341112801106647,"NRI_P105",50
"46914",189.771468871972,"NRI_P105",100
"46915",-0.00341112801106647,"NRI_P105",25
"46916",-0.00341112801106647,"NRI_P105",50
"46917",3614.82098887197,"NRI_P105",100
"46918",-0.00341112801106647,"NRI_P105",25
"46919",-0.00341112801106647,"NRI_P105",50
"46920",117.630608871987,"NRI_P105",100
"46921",-0.00341112801106647,"NRI_P105",25
"46922",-0.00341112801106647,"NRI_P105",50
"46923",273.701608871983,"NRI_P105",100
"46924",-0.00341112801106647,"NRI_P105",25
"46925",-0.00341112801106647,"NRI_P105",50
"46926",-3770.517911128,"NRI_P105",100
"46927",-0.00341112801106647,"NRI_P105",25
"46928",-0.00341112801106647,"NRI_P105",50
"46929",-5272.13890112803,"NRI_P105",100
"46930",-0.00341112801106647,"NRI_P105",25
"46931",-0.00341112801106647,"NRI_P105",50
"46932",72.1889888719888,"NRI_P105",100
"46933",-0.00341112801106647,"NRI_P105",25
"46934",-0.00341112801106647,"NRI_P105",50
"46935",46.3420388720115,"NRI_P105",100
"46936",-0.00341112801106647,"NRI_P105",25
"46937",-0.00341112801106647,"NRI_P105",50
"46938",3748.71448887198,"NRI_P105",100
"46939",-0.00341112801106647,"NRI_P105",25
"46940",-0.00341112801106647,"NRI_P105",50
"46941",-117.017831128032,"NRI_P105",100
"46942",-0.00341112801106647,"NRI_P105",25
"46943",-0.00341112801106647,"NRI_P105",50
"46944",35.9317888719961,"NRI_P105",100
"46945",-0.00341112801106647,"NRI_P105",25
"46946",-0.00341112801106647,"NRI_P105",50
"46947",-12.1928311280208,"NRI_P105",100
"46948",-0.00341112801106647,"NRI_P105",25
"46949",-0.00341112801106647,"NRI_P105",50
"46950",2251.62650887197,"NRI_P105",100
"46951",-0.00341112801106647,"NRI_P105",25
"46952",-0.00341112801106647,"NRI_P105",50
"46953",3108.55428887199,"NRI_P105",100
"46954",-0.00341112801106647,"NRI_P105",25
"46955",-0.00341112801106647,"NRI_P105",50
"46956",2940.59198887198,"NRI_P105",100
"46957",-0.00341112801106647,"NRI_P105",25
"46958",-0.00341112801106647,"NRI_P105",50
"46959",64.6094788719784,"NRI_P105",100
"46960",-0.00341112801106647,"NRI_P105",25
"46961",-0.00341112801106647,"NRI_P105",50
"46962",409.046008871985,"NRI_P105",100
"46963",-0.00341112801106647,"NRI_P105",25
"46964",-0.00341112801106647,"NRI_P105",50
"46965",217.68208887201,"NRI_P105",100
"46966",-0.00341112801106647,"NRI_P105",25
"46967",-0.00341112801106647,"NRI_P105",50
"46968",-8299.755971128,"NRI_P105",100
"46969",-0.00341112801106647,"NRI_P105",25
"46970",-0.00341112801106647,"NRI_P105",50
"46971",489.951588872005,"NRI_P105",100
"46972",-0.00341112801106647,"NRI_P105",25
"46973",-0.00341112801106647,"NRI_P105",50
"46974",-2059.69797112799,"NRI_P105",100
"46975",-0.00341112801106647,"NRI_P105",25
"46976",-0.00341112801106647,"NRI_P105",50
"46977",-57.6504111280083,"NRI_P105",100
"46978",-0.00341112801106647,"NRI_P105",25
"46979",-0.00341112801106647,"NRI_P105",50
"46980",392.821488871996,"NRI_P105",100
"46981",-0.00341112801106647,"NRI_P105",25
"46982",-0.00341112801106647,"NRI_P105",50
"46983",-1740.957811128,"NRI_P105",100
"46984",-0.00341112801106647,"NRI_P105",25
"46985",-0.00341112801106647,"NRI_P105",50
"46986",388.884588871966,"NRI_P105",100
"46987",-0.00341112801106647,"NRI_P105",25
"46988",-0.00341112801106647,"NRI_P105",50
"46989",10.6444188720197,"NRI_P105",100
"46990",-0.00341112801106647,"NRI_P105",25
"46991",-0.00341112801106647,"NRI_P105",50
"46992",-1157.19069112802,"NRI_P105",100
"46993",-0.00341112801106647,"NRI_P105",25
"46994",-0.00341112801106647,"NRI_P105",50
"46995",75.4316588719958,"NRI_P105",100
"46996",-0.00341112801106647,"NRI_P105",25
"46997",-0.00341112801106647,"NRI_P105",50
"46998",-0.00341112801106647,"NRI_P105",100
"46999",-0.00341112801106647,"NRI_P105",25
"47000",-0.00341112801106647,"NRI_P105",50
"47001",1130.35910887201,"NRI_P105",100
"47002",-0.00341112801106647,"NRI_P105",25
"47003",-0.00341112801106647,"NRI_P105",50
"47004",292.233188871993,"NRI_P105",100
"47005",-0.00341112801106647,"NRI_P105",25
"47006",-0.00341112801106647,"NRI_P105",50
"47007",-1955.89919112803,"NRI_P105",100
"47008",-0.00341112801106647,"NRI_P105",25
"47009",-0.00341112801106647,"NRI_P105",50
"47010",633.689518872008,"NRI_P105",100
"47011",-0.00341112801106647,"NRI_P105",25
"47012",-0.00341112801106647,"NRI_P105",50
"47013",18.4535788719659,"NRI_P105",100
"47014",-0.00341112801106647,"NRI_P105",25
"47015",-0.00341112801106647,"NRI_P105",50
"47016",894.083478871966,"NRI_P105",100
"47017",-0.00341112801106647,"NRI_P105",25
"47018",-0.00341112801106647,"NRI_P105",50
"47019",-5281.73846112803,"NRI_P105",100
"47020",-0.00341112801106647,"NRI_P105",25
"47021",-0.00341112801106647,"NRI_P105",50
"47022",40.807508872007,"NRI_P105",100
"47023",-0.00341112801106647,"NRI_P105",25
"47024",-0.00341112801106647,"NRI_P105",50
"47025",-38.8851111279801,"NRI_P105",100
"47026",-0.00341112801106647,"NRI_P105",25
"47027",-0.00341112801106647,"NRI_P105",50
"47028",-1202.98285112804,"NRI_P105",100
"47029",-0.00341112801106647,"NRI_P105",25
"47030",-0.00341112801106647,"NRI_P105",50
"47031",258.912088871992,"NRI_P105",100
"47032",-0.00341112801106647,"NRI_P105",25
"47033",-0.00341112801106647,"NRI_P105",50
"47034",-112.076211128035,"NRI_P105",100
"47035",-0.00341112801106647,"NRI_P105",25
"47036",-0.00341112801106647,"NRI_P105",50
"47037",923.362508872,"NRI_P105",100
"47038",-0.00341112801106647,"NRI_P105",25
"47039",-0.00341112801106647,"NRI_P105",50
"47040",-1603.07341112802,"NRI_P105",100
"47041",-0.00341112801106647,"NRI_P105",25
"47042",-0.00341112801106647,"NRI_P105",50
"47043",63.3971188719734,"NRI_P105",100
"47044",-0.00341112801106647,"NRI_P105",25
"47045",-0.00341112801106647,"NRI_P105",50
"47046",-1837.22681112803,"NRI_P105",100
"47047",-0.00341112801106647,"NRI_P105",25
"47048",-0.00341112801106647,"NRI_P105",50
"47049",-624.696991128032,"NRI_P105",100
"47050",-0.00341112801106647,"NRI_P105",25
"47051",-0.00341112801106647,"NRI_P105",50
"47052",-35.5210111280321,"NRI_P105",100
"47053",-0.00341112801106647,"NRI_P105",25
"47054",-0.00341112801106647,"NRI_P105",50
"47055",-1142.81991112803,"NRI_P105",100
"47056",-0.00341112801106647,"NRI_P105",25
"47057",-0.00341112801106647,"NRI_P105",50
"47058",-4.84679112798767,"NRI_P105",100
"47059",-0.00341112801106647,"NRI_P105",25
"47060",-0.00341112801106647,"NRI_P105",50
"47061",-74.3975311280228,"NRI_P105",100
"47062",-0.00341112801106647,"NRI_P105",25
"47063",-0.00341112801106647,"NRI_P105",50
"47064",35.8500288719661,"NRI_P105",100
"47065",-0.00341112801106647,"NRI_P105",25
"47066",-0.00341112801106647,"NRI_P105",50
"47067",1234.78898887197,"NRI_P105",100
"47068",-0.00341112801106647,"NRI_P105",25
"47069",-0.00341112801106647,"NRI_P105",50
"47070",-83.6195111279958,"NRI_P105",100
"47071",-0.00341112801106647,"NRI_P105",25
"47072",-0.00341112801106647,"NRI_P105",50
"47073",50.5320088720182,"NRI_P105",100
"47074",-0.00341112801106647,"NRI_P105",25
"47075",-0.00341112801106647,"NRI_P105",50
"47076",-345.692001127987,"NRI_P105",100
"47077",-0.00341112801106647,"NRI_P105",25
"47078",-0.00341112801106647,"NRI_P105",50
"47079",726.21678887197,"NRI_P105",100
"47080",-0.00341112801106647,"NRI_P105",25
"47081",-0.00341112801106647,"NRI_P105",50
"47082",35.3770888720173,"NRI_P105",100
"47083",-0.00341112801106647,"NRI_P105",25
"47084",-0.00341112801106647,"NRI_P105",50
"47085",-612.562311128015,"NRI_P105",100
"47086",-0.00341112801106647,"NRI_P105",25
"47087",-0.00341112801106647,"NRI_P105",50
"47088",140.069988871983,"NRI_P105",100
"47089",-0.00341112801106647,"NRI_P105",25
"47090",-0.00341112801106647,"NRI_P105",50
"47091",-69.1178111280315,"NRI_P105",100
"47092",-0.00341112801106647,"NRI_P105",25
"47093",-0.00341112801106647,"NRI_P105",50
"47094",-29.2186911280151,"NRI_P105",100
"47095",-0.00341112801106647,"NRI_P105",25
"47096",-0.00341112801106647,"NRI_P105",50
"47097",-89.5363511280157,"NRI_P105",100
"47098",-0.00341112801106647,"NRI_P105",25
"47099",-0.00341112801106647,"NRI_P105",50
"47100",603.499808872002,"NRI_P105",100
"47101",-6641.62011962896,"NRI_P106",25
"47102",-6212.64984962897,"NRI_P106",50
"47103",-15477.283899629,"NRI_P106",100
"47104",-4807.16791962896,"NRI_P106",25
"47105",-10466.719169629,"NRI_P106",50
"47106",-12215.153219629,"NRI_P106",100
"47107",-6875.01312962896,"NRI_P106",25
"47108",-7421.25088962895,"NRI_P106",50
"47109",-11405.912839629,"NRI_P106",100
"47110",1.89172037102981,"NRI_P106",25
"47111",-10906.567179629,"NRI_P106",50
"47112",-13957.574949629,"NRI_P106",100
"47113",-822.774979628972,"NRI_P106",25
"47114",19248.835820371,"NRI_P106",50
"47115",5381.49366037099,"NRI_P106",100
"47116",-3675.64285962901,"NRI_P106",25
"47117",-6074.33737962897,"NRI_P106",50
"47118",-3664.11724962899,"NRI_P106",100
"47119",-5477.52566962899,"NRI_P106",25
"47120",-7294.78968962899,"NRI_P106",50
"47121",-15011.386969629,"NRI_P106",100
"47122",12671.470980371,"NRI_P106",25
"47123",7456.40593037102,"NRI_P106",50
"47124",-3081.01954962895,"NRI_P106",100
"47125",-2300.75563962897,"NRI_P106",25
"47126",-13222.643299629,"NRI_P106",50
"47127",-11955.243449629,"NRI_P106",100
"47128",-55.3031796289724,"NRI_P106",25
"47129",5317.47350037104,"NRI_P106",50
"47130",-4833.526099629,"NRI_P106",100
"47131",-5470.44935962895,"NRI_P106",25
"47132",-7841.15235962899,"NRI_P106",50
"47133",-13157.065659629,"NRI_P106",100
"47134",-2406.107679629,"NRI_P106",25
"47135",-5222.52631962899,"NRI_P106",50
"47136",164.183930371015,"NRI_P106",100
"47137",-3587.737809629,"NRI_P106",25
"47138",-10291.006579629,"NRI_P106",50
"47139",-17965.544309629,"NRI_P106",100
"47140",-6011.74678962899,"NRI_P106",25
"47141",-2651.05443962896,"NRI_P106",50
"47142",-17923.696589629,"NRI_P106",100
"47143",-3625.472199629,"NRI_P106",25
"47144",2252.96711037104,"NRI_P106",50
"47145",-18137.062899629,"NRI_P106",100
"47146",-9203.76998962899,"NRI_P106",25
"47147",-6178.36061962898,"NRI_P106",50
"47148",-15463.085249629,"NRI_P106",100
"47149",-4640.20471962896,"NRI_P106",25
"47150",-7069.27571962896,"NRI_P106",50
"47151",-2534.45062962896,"NRI_P106",100
"47152",-3474.72139962896,"NRI_P106",25
"47153",-8376.21678962896,"NRI_P106",50
"47154",-18359.720889629,"NRI_P106",100
"47155",-7499.41357962898,"NRI_P106",25
"47156",-11513.385789629,"NRI_P106",50
"47157",-15683.411659629,"NRI_P106",100
"47158",-3387.22587962897,"NRI_P106",25
"47159",-6782.78351962898,"NRI_P106",50
"47160",-14553.263389629,"NRI_P106",100
"47161",-9802.02001962898,"NRI_P106",25
"47162",-2339.390619629,"NRI_P106",50
"47163",-14391.724229629,"NRI_P106",100
"47164",-2657.51725962898,"NRI_P106",25
"47165",-8113.170149629,"NRI_P106",50
"47166",-15655.310479629,"NRI_P106",100
"47167",747.164680371003,"NRI_P106",25
"47168",-13520.311619629,"NRI_P106",50
"47169",-14435.574939629,"NRI_P106",100
"47170",-4877.57968962897,"NRI_P106",25
"47171",-12351.208579629,"NRI_P106",50
"47172",-9717.37509962899,"NRI_P106",100
"47173",-4341.551119629,"NRI_P106",25
"47174",-10230.819069629,"NRI_P106",50
"47175",11295.692480371,"NRI_P106",100
"47176",-143.427209628979,"NRI_P106",25
"47177",-8476.15686962899,"NRI_P106",50
"47178",-14058.749739629,"NRI_P106",100
"47179",6797.890080371,"NRI_P106",25
"47180",-2844.59029962897,"NRI_P106",50
"47181",-9419.05790962896,"NRI_P106",100
"47182",-1929.10411962896,"NRI_P106",25
"47183",-3429.99517962895,"NRI_P106",50
"47184",-10335.285729629,"NRI_P106",100
"47185",422.576870371005,"NRI_P106",25
"47186",-6152.18536962901,"NRI_P106",50
"47187",-14214.174519629,"NRI_P106",100
"47188",2326.98048037104,"NRI_P106",25
"47189",-2595.37431962899,"NRI_P106",50
"47190",-7532.61493962898,"NRI_P106",100
"47191",-4790.09312962898,"NRI_P106",25
"47192",-5229.56297962897,"NRI_P106",50
"47193",-16291.345239629,"NRI_P106",100
"47194",4918.26807037101,"NRI_P106",25
"47195",-4107.18517962896,"NRI_P106",50
"47196",-17598.175229629,"NRI_P106",100
"47197",-4053.57121962897,"NRI_P106",25
"47198",-6814.77451962896,"NRI_P106",50
"47199",-17347.888489629,"NRI_P106",100
"47200",-1804.391819629,"NRI_P106",25
"47201",-778.843499629002,"NRI_P106",50
"47202",-2198.448799629,"NRI_P106",100
"47203",1703.801980371,"NRI_P106",25
"47204",-8832.49540962896,"NRI_P106",50
"47205",-11073.398589629,"NRI_P106",100
"47206",2720.015080371,"NRI_P106",25
"47207",-3755.13734962896,"NRI_P106",50
"47208",-8696.84398962901,"NRI_P106",100
"47209",-8642.269219629,"NRI_P106",25
"47210",-12284.577179629,"NRI_P106",50
"47211",-18071.502859629,"NRI_P106",100
"47212",-5924.61191962898,"NRI_P106",25
"47213",-3267.28247962898,"NRI_P106",50
"47214",1665.15750037105,"NRI_P106",100
"47215",1162.81672037102,"NRI_P106",25
"47216",-1696.478719629,"NRI_P106",50
"47217",9857.30499037105,"NRI_P106",100
"47218",-1660.668849629,"NRI_P106",25
"47219",1872.33525037102,"NRI_P106",50
"47220",-18018.456099629,"NRI_P106",100
"47221",236.413880371023,"NRI_P106",25
"47222",-6888.92236962897,"NRI_P106",50
"47223",-11486.511709629,"NRI_P106",100
"47224",-3605.988879629,"NRI_P106",25
"47225",-10138.132869629,"NRI_P106",50
"47226",-15248.297009629,"NRI_P106",100
"47227",-6249.98071962898,"NRI_P106",25
"47228",-6019.19211962901,"NRI_P106",50
"47229",-17485.573219629,"NRI_P106",100
"47230",-5021.15247962897,"NRI_P106",25
"47231",663.844780371001,"NRI_P106",50
"47232",-11492.508239629,"NRI_P106",100
"47233",-9788.79331962898,"NRI_P106",25
"47234",-1691.60082962899,"NRI_P106",50
"47235",-17208.123789629,"NRI_P106",100
"47236",-8988.94750962895,"NRI_P106",25
"47237",10759.915920371,"NRI_P106",50
"47238",-17248.173849629,"NRI_P106",100
"47239",-3710.54651962896,"NRI_P106",25
"47240",-7173.22873962898,"NRI_P106",50
"47241",-10145.828269629,"NRI_P106",100
"47242",14886.934620371,"NRI_P106",25
"47243",-847.290819628979,"NRI_P106",50
"47244",-11910.817439629,"NRI_P106",100
"47245",-2343.95002962899,"NRI_P106",25
"47246",7137.84828037105,"NRI_P106",50
"47247",-11182.889909629,"NRI_P106",100
"47248",-3426.63151962898,"NRI_P106",25
"47249",-1757.68930962897,"NRI_P106",50
"47250",-17802.783409629,"NRI_P106",100
"47251",505.131880371016,"NRI_P106",25
"47252",-5206.08234962897,"NRI_P106",50
"47253",-17141.487009629,"NRI_P106",100
"47254",-4548.54311962897,"NRI_P106",25
"47255",-1422.36709962896,"NRI_P106",50
"47256",1740.30072037101,"NRI_P106",100
"47257",-131.340219628997,"NRI_P106",25
"47258",-4480.76748962898,"NRI_P106",50
"47259",-15703.896469629,"NRI_P106",100
"47260",-2432.85061962897,"NRI_P106",25
"47261",-1200.46967962896,"NRI_P106",50
"47262",-16586.652639629,"NRI_P106",100
"47263",2783.54588037101,"NRI_P106",25
"47264",4936.73225037102,"NRI_P106",50
"47265",-17043.296399629,"NRI_P106",100
"47266",-2642.900449629,"NRI_P106",25
"47267",1186.62278037105,"NRI_P106",50
"47268",-11589.129279629,"NRI_P106",100
"47269",-4787.52830962895,"NRI_P106",25
"47270",-2467.26829962898,"NRI_P106",50
"47271",-16704.759519629,"NRI_P106",100
"47272",3701.32458037103,"NRI_P106",25
"47273",7172.54965037102,"NRI_P106",50
"47274",-13646.424899629,"NRI_P106",100
"47275",-3061.87268962897,"NRI_P106",25
"47276",-4519.031549629,"NRI_P106",50
"47277",-10634.821579629,"NRI_P106",100
"47278",-6050.83642962895,"NRI_P106",25
"47279",-3625.32789962896,"NRI_P106",50
"47280",-13557.412959629,"NRI_P106",100
"47281",-4422.74781962897,"NRI_P106",25
"47282",13676.157260371,"NRI_P106",50
"47283",-17011.390149629,"NRI_P106",100
"47284",-3760.85562962899,"NRI_P106",25
"47285",-6835.16736962897,"NRI_P106",50
"47286",-7044.72973962897,"NRI_P106",100
"47287",-2273.744979629,"NRI_P106",25
"47288",-9063.20071962901,"NRI_P106",50
"47289",-17899.547879629,"NRI_P106",100
"47290",-6475.29094962898,"NRI_P106",25
"47291",9907.918670371,"NRI_P106",50
"47292",-9962.97548962897,"NRI_P106",100
"47293",-4462.363619629,"NRI_P106",25
"47294",-7559.84866962896,"NRI_P106",50
"47295",-6396.75367962895,"NRI_P106",100
"47296",-2279.11647962895,"NRI_P106",25
"47297",-10015.203229629,"NRI_P106",50
"47298",-16315.499679629,"NRI_P106",100
"47299",-2321.564909629,"NRI_P106",25
"47300",-10963.392009629,"NRI_P106",50
"47301",-12087.877789629,"NRI_P106",100
"47302",-3039.517759629,"NRI_P106",25
"47303",-5447.675759629,"NRI_P106",50
"47304",-18506.122879629,"NRI_P106",100
"47305",-2501.84851962898,"NRI_P106",25
"47306",-1347.01203962899,"NRI_P106",50
"47307",-14052.950159629,"NRI_P106",100
"47308",2308.49332037102,"NRI_P106",25
"47309",-6693.89826962899,"NRI_P106",50
"47310",1625.59827037103,"NRI_P106",100
"47311",-4533.05551962898,"NRI_P106",25
"47312",-5711.295989629,"NRI_P106",50
"47313",5146.24499037099,"NRI_P106",100
"47314",-5518.08287962899,"NRI_P106",25
"47315",-4888.57129962899,"NRI_P106",50
"47316",-18004.805869629,"NRI_P106",100
"47317",-1821.33767962898,"NRI_P106",25
"47318",-8233.375139629,"NRI_P106",50
"47319",-18271.787629629,"NRI_P106",100
"47320",-4880.29681962897,"NRI_P106",25
"47321",-5459.27548962896,"NRI_P106",50
"47322",-15881.903819629,"NRI_P106",100
"47323",-7109.30211962899,"NRI_P106",25
"47324",-12377.766909629,"NRI_P106",50
"47325",-10517.771649629,"NRI_P106",100
"47326",942.046980371,"NRI_P106",25
"47327",-14738.180009629,"NRI_P106",50
"47328",-14291.628379629,"NRI_P106",100
"47329",-4752.815819629,"NRI_P106",25
"47330",-11054.748269629,"NRI_P106",50
"47331",-17376.313859629,"NRI_P106",100
"47332",-4612.11955962901,"NRI_P106",25
"47333",-1817.499779629,"NRI_P106",50
"47334",-17503.314479629,"NRI_P106",100
"47335",87.4652203710284,"NRI_P106",25
"47336",-4573.96153962897,"NRI_P106",50
"47337",-17343.384149629,"NRI_P106",100
"47338",-1037.34981962899,"NRI_P106",25
"47339",-12673.103969629,"NRI_P106",50
"47340",-15634.572989629,"NRI_P106",100
"47341",13760.171080371,"NRI_P106",25
"47342",-1437.89737962896,"NRI_P106",50
"47343",31353.350240371,"NRI_P106",100
"47344",-4775.740789629,"NRI_P106",25
"47345",-11963.066419629,"NRI_P106",50
"47346",-12867.328639629,"NRI_P106",100
"47347",-1856.30811962899,"NRI_P106",25
"47348",22215.635520371,"NRI_P106",50
"47349",-14217.357859629,"NRI_P106",100
"47350",-6172.50322962896,"NRI_P106",25
"47351",13916.892420371,"NRI_P106",50
"47352",-18233.830999629,"NRI_P106",100
"47353",-347.380129628989,"NRI_P106",25
"47354",-2941.00624962896,"NRI_P106",50
"47355",-17706.223859629,"NRI_P106",100
"47356",-4225.49126962898,"NRI_P106",25
"47357",-4721.23148962896,"NRI_P106",50
"47358",-12064.759359629,"NRI_P106",100
"47359",-6854.18541962898,"NRI_P106",25
"47360",-2399.88039962901,"NRI_P106",50
"47361",-5824.674689629,"NRI_P106",100
"47362",-2575.44672962895,"NRI_P106",25
"47363",1487.82416037103,"NRI_P106",50
"47364",8421.07143037103,"NRI_P106",100
"47365",-5210.291579629,"NRI_P106",25
"47366",-7695.68404962897,"NRI_P106",50
"47367",-10685.353109629,"NRI_P106",100
"47368",25.1842503710068,"NRI_P106",25
"47369",711.615490371012,"NRI_P106",50
"47370",-14260.556409629,"NRI_P106",100
"47371",-4056.63982962898,"NRI_P106",25
"47372",-5176.13791962899,"NRI_P106",50
"47373",-18143.467659629,"NRI_P106",100
"47374",-4257.24138962897,"NRI_P106",25
"47375",-7469.25710962899,"NRI_P106",50
"47376",-14567.896409629,"NRI_P106",100
"47377",-3116.36837962898,"NRI_P106",25
"47378",-2506.10878962895,"NRI_P106",50
"47379",-2635.247539629,"NRI_P106",100
"47380",-4635.85021962901,"NRI_P106",25
"47381",-3718.30771962897,"NRI_P106",50
"47382",-10456.948209629,"NRI_P106",100
"47383",-2041.439519629,"NRI_P106",25
"47384",11174.652820371,"NRI_P106",50
"47385",-12544.652339629,"NRI_P106",100
"47386",2573.598480371,"NRI_P106",25
"47387",-764.436419628968,"NRI_P106",50
"47388",9507.69454037101,"NRI_P106",100
"47389",-2707.36337962898,"NRI_P106",25
"47390",-5239.616409629,"NRI_P106",50
"47391",-8243.540249629,"NRI_P106",100
"47392",-4620.09941962897,"NRI_P106",25
"47393",-3425.04971962899,"NRI_P106",50
"47394",-17623.357439629,"NRI_P106",100
"47395",-981.431069628976,"NRI_P106",25
"47396",-6738.87762962899,"NRI_P106",50
"47397",-9007.52425962896,"NRI_P106",100
"47398",-5642.78538962896,"NRI_P106",25
"47399",6274.54746037105,"NRI_P106",50
"47400",-18011.220949629,"NRI_P106",100
"47401",0.00610860297456384,"NRI_P107",25
"47402",0.00610860297456384,"NRI_P107",50
"47403",0.00610860297456384,"NRI_P107",100
"47404",0.00610860297456384,"NRI_P107",25
"47405",0.00610860297456384,"NRI_P107",50
"47406",0.00610860297456384,"NRI_P107",100
"47407",0.00610860297456384,"NRI_P107",25
"47408",0.00610860297456384,"NRI_P107",50
"47409",0.00610860297456384,"NRI_P107",100
"47410",0.00610860297456384,"NRI_P107",25
"47411",0.00610860297456384,"NRI_P107",50
"47412",0.00610860297456384,"NRI_P107",100
"47413",0.00610860297456384,"NRI_P107",25
"47414",0.00610860297456384,"NRI_P107",50
"47415",0.00610860297456384,"NRI_P107",100
"47416",0.00610860297456384,"NRI_P107",25
"47417",0.00610860297456384,"NRI_P107",50
"47418",0.00610860297456384,"NRI_P107",100
"47419",0.00610860297456384,"NRI_P107",25
"47420",0.00610860297456384,"NRI_P107",50
"47421",0.00610860297456384,"NRI_P107",100
"47422",0.00610860297456384,"NRI_P107",25
"47423",0.00610860297456384,"NRI_P107",50
"47424",0.00610860297456384,"NRI_P107",100
"47425",0.00610860297456384,"NRI_P107",25
"47426",0.00610860297456384,"NRI_P107",50
"47427",0.00610860297456384,"NRI_P107",100
"47428",0.00610860297456384,"NRI_P107",25
"47429",0.00610860297456384,"NRI_P107",50
"47430",0.00610860297456384,"NRI_P107",100
"47431",0.00610860297456384,"NRI_P107",25
"47432",0.00610860297456384,"NRI_P107",50
"47433",0.00610860297456384,"NRI_P107",100
"47434",0.00610860297456384,"NRI_P107",25
"47435",0.00610860297456384,"NRI_P107",50
"47436",0.00610860297456384,"NRI_P107",100
"47437",0.00610860297456384,"NRI_P107",25
"47438",0.00610860297456384,"NRI_P107",50
"47439",0.00610860297456384,"NRI_P107",100
"47440",0.00610860297456384,"NRI_P107",25
"47441",0.00610860297456384,"NRI_P107",50
"47442",0.00610860297456384,"NRI_P107",100
"47443",0.00610860297456384,"NRI_P107",25
"47444",0.00610860297456384,"NRI_P107",50
"47445",0.00610860297456384,"NRI_P107",100
"47446",0.00610860297456384,"NRI_P107",25
"47447",0.00610860297456384,"NRI_P107",50
"47448",0.00610860297456384,"NRI_P107",100
"47449",0.00610860297456384,"NRI_P107",25
"47450",0.00610860297456384,"NRI_P107",50
"47451",0.00610860297456384,"NRI_P107",100
"47452",0.00610860297456384,"NRI_P107",25
"47453",0.00610860297456384,"NRI_P107",50
"47454",0.00610860297456384,"NRI_P107",100
"47455",0.00610860297456384,"NRI_P107",25
"47456",0.00610860297456384,"NRI_P107",50
"47457",0.00610860297456384,"NRI_P107",100
"47458",0.00610860297456384,"NRI_P107",25
"47459",0.00610860297456384,"NRI_P107",50
"47460",0.00610860297456384,"NRI_P107",100
"47461",0.00610860297456384,"NRI_P107",25
"47462",0.00610860297456384,"NRI_P107",50
"47463",0.00610860297456384,"NRI_P107",100
"47464",0.00610860297456384,"NRI_P107",25
"47465",0.00610860297456384,"NRI_P107",50
"47466",0.00610860297456384,"NRI_P107",100
"47467",0.00610860297456384,"NRI_P107",25
"47468",0.00610860297456384,"NRI_P107",50
"47469",0.00610860297456384,"NRI_P107",100
"47470",0.00610860297456384,"NRI_P107",25
"47471",0.00610860297456384,"NRI_P107",50
"47472",0.00610860297456384,"NRI_P107",100
"47473",0.00610860297456384,"NRI_P107",25
"47474",0.00610860297456384,"NRI_P107",50
"47475",0.00610860297456384,"NRI_P107",100
"47476",0.00610860297456384,"NRI_P107",25
"47477",0.00610860297456384,"NRI_P107",50
"47478",0.00610860297456384,"NRI_P107",100
"47479",0.00610860297456384,"NRI_P107",25
"47480",0.00610860297456384,"NRI_P107",50
"47481",0.00610860297456384,"NRI_P107",100
"47482",0.00610860297456384,"NRI_P107",25
"47483",0.00610860297456384,"NRI_P107",50
"47484",0.00610860297456384,"NRI_P107",100
"47485",0.00610860297456384,"NRI_P107",25
"47486",0.00610860297456384,"NRI_P107",50
"47487",0.00610860297456384,"NRI_P107",100
"47488",0.00610860297456384,"NRI_P107",25
"47489",0.00610860297456384,"NRI_P107",50
"47490",0.00610860297456384,"NRI_P107",100
"47491",0.00610860297456384,"NRI_P107",25
"47492",0.00610860297456384,"NRI_P107",50
"47493",0.00610860297456384,"NRI_P107",100
"47494",0.00610860297456384,"NRI_P107",25
"47495",0.00610860297456384,"NRI_P107",50
"47496",0.00610860297456384,"NRI_P107",100
"47497",0.00610860297456384,"NRI_P107",25
"47498",0.00610860297456384,"NRI_P107",50
"47499",0.00610860297456384,"NRI_P107",100
"47500",0.00610860297456384,"NRI_P107",25
"47501",0.00610860297456384,"NRI_P107",50
"47502",0.00610860297456384,"NRI_P107",100
"47503",0.00610860297456384,"NRI_P107",25
"47504",0.00610860297456384,"NRI_P107",50
"47505",0.00610860297456384,"NRI_P107",100
"47506",0.00610860297456384,"NRI_P107",25
"47507",0.00610860297456384,"NRI_P107",50
"47508",0.00610860297456384,"NRI_P107",100
"47509",0.00610860297456384,"NRI_P107",25
"47510",0.00610860297456384,"NRI_P107",50
"47511",0.00610860297456384,"NRI_P107",100
"47512",0.00610860297456384,"NRI_P107",25
"47513",0.00610860297456384,"NRI_P107",50
"47514",0.00610860297456384,"NRI_P107",100
"47515",0.00610860297456384,"NRI_P107",25
"47516",0.00610860297456384,"NRI_P107",50
"47517",0.00610860297456384,"NRI_P107",100
"47518",0.00610860297456384,"NRI_P107",25
"47519",0.00610860297456384,"NRI_P107",50
"47520",0.00610860297456384,"NRI_P107",100
"47521",0.00610860297456384,"NRI_P107",25
"47522",0.00610860297456384,"NRI_P107",50
"47523",0.00610860297456384,"NRI_P107",100
"47524",0.00610860297456384,"NRI_P107",25
"47525",0.00610860297456384,"NRI_P107",50
"47526",0.00610860297456384,"NRI_P107",100
"47527",0.00610860297456384,"NRI_P107",25
"47528",0.00610860297456384,"NRI_P107",50
"47529",0.00610860297456384,"NRI_P107",100
"47530",0.00610860297456384,"NRI_P107",25
"47531",0.00610860297456384,"NRI_P107",50
"47532",0.00610860297456384,"NRI_P107",100
"47533",0.00610860297456384,"NRI_P107",25
"47534",0.00610860297456384,"NRI_P107",50
"47535",0.00610860297456384,"NRI_P107",100
"47536",0.00610860297456384,"NRI_P107",25
"47537",0.00610860297456384,"NRI_P107",50
"47538",0.00610860297456384,"NRI_P107",100
"47539",0.00610860297456384,"NRI_P107",25
"47540",0.00610860297456384,"NRI_P107",50
"47541",0.00610860297456384,"NRI_P107",100
"47542",0.00610860297456384,"NRI_P107",25
"47543",0.00610860297456384,"NRI_P107",50
"47544",0.00610860297456384,"NRI_P107",100
"47545",0.00610860297456384,"NRI_P107",25
"47546",0.00610860297456384,"NRI_P107",50
"47547",0.00610860297456384,"NRI_P107",100
"47548",0.00610860297456384,"NRI_P107",25
"47549",0.00610860297456384,"NRI_P107",50
"47550",0.00610860297456384,"NRI_P107",100
"47551",0.00610860297456384,"NRI_P107",25
"47552",0.00610860297456384,"NRI_P107",50
"47553",0.00610860297456384,"NRI_P107",100
"47554",0.00610860297456384,"NRI_P107",25
"47555",0.00610860297456384,"NRI_P107",50
"47556",0.00610860297456384,"NRI_P107",100
"47557",0.00610860297456384,"NRI_P107",25
"47558",0.00610860297456384,"NRI_P107",50
"47559",0.00610860297456384,"NRI_P107",100
"47560",0.00610860297456384,"NRI_P107",25
"47561",0.00610860297456384,"NRI_P107",50
"47562",0.00610860297456384,"NRI_P107",100
"47563",0.00610860297456384,"NRI_P107",25
"47564",0.00610860297456384,"NRI_P107",50
"47565",0.00610860297456384,"NRI_P107",100
"47566",0.00610860297456384,"NRI_P107",25
"47567",0.00610860297456384,"NRI_P107",50
"47568",0.00610860297456384,"NRI_P107",100
"47569",0.00610860297456384,"NRI_P107",25
"47570",0.00610860297456384,"NRI_P107",50
"47571",0.00610860297456384,"NRI_P107",100
"47572",0.00610860297456384,"NRI_P107",25
"47573",0.00610860297456384,"NRI_P107",50
"47574",0.00610860297456384,"NRI_P107",100
"47575",0.00610860297456384,"NRI_P107",25
"47576",0.00610860297456384,"NRI_P107",50
"47577",0.00610860297456384,"NRI_P107",100
"47578",0.00610860297456384,"NRI_P107",25
"47579",0.00610860297456384,"NRI_P107",50
"47580",0.00610860297456384,"NRI_P107",100
"47581",0.00610860297456384,"NRI_P107",25
"47582",0.00610860297456384,"NRI_P107",50
"47583",0.00610860297456384,"NRI_P107",100
"47584",0.00610860297456384,"NRI_P107",25
"47585",0.00610860297456384,"NRI_P107",50
"47586",0.00610860297456384,"NRI_P107",100
"47587",0.00610860297456384,"NRI_P107",25
"47588",0.00610860297456384,"NRI_P107",50
"47589",0.00610860297456384,"NRI_P107",100
"47590",0.00610860297456384,"NRI_P107",25
"47591",0.00610860297456384,"NRI_P107",50
"47592",0.00610860297456384,"NRI_P107",100
"47593",0.00610860297456384,"NRI_P107",25
"47594",0.00610860297456384,"NRI_P107",50
"47595",0.00610860297456384,"NRI_P107",100
"47596",0.00610860297456384,"NRI_P107",25
"47597",0.00610860297456384,"NRI_P107",50
"47598",0.00610860297456384,"NRI_P107",100
"47599",0.00610860297456384,"NRI_P107",25
"47600",0.00610860297456384,"NRI_P107",50
"47601",0.00610860297456384,"NRI_P107",100
"47602",0.00610860297456384,"NRI_P107",25
"47603",0.00610860297456384,"NRI_P107",50
"47604",0.00610860297456384,"NRI_P107",100
"47605",0.00610860297456384,"NRI_P107",25
"47606",0.00610860297456384,"NRI_P107",50
"47607",0.00610860297456384,"NRI_P107",100
"47608",0.00610860297456384,"NRI_P107",25
"47609",0.00610860297456384,"NRI_P107",50
"47610",0.00610860297456384,"NRI_P107",100
"47611",0.00610860297456384,"NRI_P107",25
"47612",0.00610860297456384,"NRI_P107",50
"47613",0.00610860297456384,"NRI_P107",100
"47614",0.00610860297456384,"NRI_P107",25
"47615",0.00610860297456384,"NRI_P107",50
"47616",0.00610860297456384,"NRI_P107",100
"47617",0.00610860297456384,"NRI_P107",25
"47618",0.00610860297456384,"NRI_P107",50
"47619",0.00610860297456384,"NRI_P107",100
"47620",0.00610860297456384,"NRI_P107",25
"47621",0.00610860297456384,"NRI_P107",50
"47622",0.00610860297456384,"NRI_P107",100
"47623",0.00610860297456384,"NRI_P107",25
"47624",0.00610860297456384,"NRI_P107",50
"47625",0.00610860297456384,"NRI_P107",100
"47626",0.00610860297456384,"NRI_P107",25
"47627",0.00610860297456384,"NRI_P107",50
"47628",0.00610860297456384,"NRI_P107",100
"47629",0.00610860297456384,"NRI_P107",25
"47630",0.00610860297456384,"NRI_P107",50
"47631",0.00610860297456384,"NRI_P107",100
"47632",0.00610860297456384,"NRI_P107",25
"47633",0.00610860297456384,"NRI_P107",50
"47634",0.00610860297456384,"NRI_P107",100
"47635",0.00610860297456384,"NRI_P107",25
"47636",0.00610860297456384,"NRI_P107",50
"47637",0.00610860297456384,"NRI_P107",100
"47638",0.00610860297456384,"NRI_P107",25
"47639",0.00610860297456384,"NRI_P107",50
"47640",0.00610860297456384,"NRI_P107",100
"47641",0.00610860297456384,"NRI_P107",25
"47642",0.00610860297456384,"NRI_P107",50
"47643",0.00610860297456384,"NRI_P107",100
"47644",0.00610860297456384,"NRI_P107",25
"47645",0.00610860297456384,"NRI_P107",50
"47646",0.00610860297456384,"NRI_P107",100
"47647",0.00610860297456384,"NRI_P107",25
"47648",0.00610860297456384,"NRI_P107",50
"47649",0.00610860297456384,"NRI_P107",100
"47650",0.00610860297456384,"NRI_P107",25
"47651",0.00610860297456384,"NRI_P107",50
"47652",0.00610860297456384,"NRI_P107",100
"47653",0.00610860297456384,"NRI_P107",25
"47654",0.00610860297456384,"NRI_P107",50
"47655",0.00610860297456384,"NRI_P107",100
"47656",0.00610860297456384,"NRI_P107",25
"47657",0.00610860297456384,"NRI_P107",50
"47658",0.00610860297456384,"NRI_P107",100
"47659",0.00610860297456384,"NRI_P107",25
"47660",0.00610860297456384,"NRI_P107",50
"47661",0.00610860297456384,"NRI_P107",100
"47662",0.00610860297456384,"NRI_P107",25
"47663",0.00610860297456384,"NRI_P107",50
"47664",0.00610860297456384,"NRI_P107",100
"47665",0.00610860297456384,"NRI_P107",25
"47666",0.00610860297456384,"NRI_P107",50
"47667",0.00610860297456384,"NRI_P107",100
"47668",0.00610860297456384,"NRI_P107",25
"47669",0.00610860297456384,"NRI_P107",50
"47670",0.00610860297456384,"NRI_P107",100
"47671",0.00610860297456384,"NRI_P107",25
"47672",0.00610860297456384,"NRI_P107",50
"47673",0.00610860297456384,"NRI_P107",100
"47674",0.00610860297456384,"NRI_P107",25
"47675",0.00610860297456384,"NRI_P107",50
"47676",0.00610860297456384,"NRI_P107",100
"47677",0.00610860297456384,"NRI_P107",25
"47678",0.00610860297456384,"NRI_P107",50
"47679",0.00610860297456384,"NRI_P107",100
"47680",0.00610860297456384,"NRI_P107",25
"47681",0.00610860297456384,"NRI_P107",50
"47682",0.00610860297456384,"NRI_P107",100
"47683",0.00610860297456384,"NRI_P107",25
"47684",0.00610860297456384,"NRI_P107",50
"47685",0.00610860297456384,"NRI_P107",100
"47686",0.00610860297456384,"NRI_P107",25
"47687",0.00610860297456384,"NRI_P107",50
"47688",0.00610860297456384,"NRI_P107",100
"47689",0.00610860297456384,"NRI_P107",25
"47690",0.00610860297456384,"NRI_P107",50
"47691",0.00610860297456384,"NRI_P107",100
"47692",0.00610860297456384,"NRI_P107",25
"47693",0.00610860297456384,"NRI_P107",50
"47694",0.00610860297456384,"NRI_P107",100
"47695",0.00610860297456384,"NRI_P107",25
"47696",0.00610860297456384,"NRI_P107",50
"47697",0.00610860297456384,"NRI_P107",100
"47698",0.00610860297456384,"NRI_P107",25
"47699",0.00610860297456384,"NRI_P107",50
"47700",0.00610860297456384,"NRI_P107",100
"47701",-0.00471522798761725,"NRI_P108",25
"47702",868.36587477196,"NRI_P108",50
"47703",1009.12324477197,"NRI_P108",100
"47704",-0.00471522798761725,"NRI_P108",25
"47705",1365.660874772,"NRI_P108",50
"47706",1525.29136477201,"NRI_P108",100
"47707",-0.00471522798761725,"NRI_P108",25
"47708",24.0916747719748,"NRI_P108",50
"47709",823.041764771973,"NRI_P108",100
"47710",-0.00471522798761725,"NRI_P108",25
"47711",32.2257747719996,"NRI_P108",50
"47712",1351.78495477198,"NRI_P108",100
"47713",-0.00471522798761725,"NRI_P108",25
"47714",4233.809174772,"NRI_P108",50
"47715",143.438194771996,"NRI_P108",100
"47716",-0.00471522798761725,"NRI_P108",25
"47717",104.078974772012,"NRI_P108",50
"47718",46.7834547719685,"NRI_P108",100
"47719",-0.00471522798761725,"NRI_P108",25
"47720",41.1432147719897,"NRI_P108",50
"47721",1602.44266477198,"NRI_P108",100
"47722",-0.00471522798761725,"NRI_P108",25
"47723",5984.619174772,"NRI_P108",50
"47724",505.738564772008,"NRI_P108",100
"47725",-0.00471522798761725,"NRI_P108",25
"47726",468.023474771995,"NRI_P108",50
"47727",375.238174772006,"NRI_P108",100
"47728",-0.00471522798761725,"NRI_P108",25
"47729",30.6735547719873,"NRI_P108",50
"47730",1088.56979477196,"NRI_P108",100
"47731",-0.00471522798761725,"NRI_P108",25
"47732",633.161074772011,"NRI_P108",50
"47733",945.673564772005,"NRI_P108",100
"47734",-0.00471522798761725,"NRI_P108",25
"47735",4520.26117477199,"NRI_P108",50
"47736",6328.95707477198,"NRI_P108",100
"47737",-0.00471522798761725,"NRI_P108",25
"47738",3.2010647719726,"NRI_P108",50
"47739",426.402064771974,"NRI_P108",100
"47740",-0.00471522798761725,"NRI_P108",25
"47741",574.871874772012,"NRI_P108",50
"47742",54.0479647719767,"NRI_P108",100
"47743",-0.00471522798761725,"NRI_P108",25
"47744",-17.7909052280011,"NRI_P108",50
"47745",726.413334771991,"NRI_P108",100
"47746",-0.00471522798761725,"NRI_P108",25
"47747",-10.95623522799,"NRI_P108",50
"47748",2885.62776477198,"NRI_P108",100
"47749",-0.00471522798761725,"NRI_P108",25
"47750",-0.451375228003599,"NRI_P108",50
"47751",686.130514771969,"NRI_P108",100
"47752",-0.00471522798761725,"NRI_P108",25
"47753",-11.523715228017,"NRI_P108",50
"47754",1625.40827477199,"NRI_P108",100
"47755",-0.00471522798761725,"NRI_P108",25
"47756",-27.251765227993,"NRI_P108",50
"47757",6024.16468477197,"NRI_P108",100
"47758",-0.00471522798761725,"NRI_P108",25
"47759",8705.30487477197,"NRI_P108",50
"47760",945.073464771966,"NRI_P108",100
"47761",-0.00471522798761725,"NRI_P108",25
"47762",726.157774771971,"NRI_P108",50
"47763",33.7580047720112,"NRI_P108",100
"47764",-0.00471522798761725,"NRI_P108",25
"47765",239.000574772013,"NRI_P108",50
"47766",1593.35244477197,"NRI_P108",100
"47767",-0.00471522798761725,"NRI_P108",25
"47768",-2.99212522798916,"NRI_P108",50
"47769",2070.61276477197,"NRI_P108",100
"47770",-0.00471522798761725,"NRI_P108",25
"47771",142.716074772005,"NRI_P108",50
"47772",308.974334771978,"NRI_P108",100
"47773",-0.00471522798761725,"NRI_P108",25
"47774",881.907174772001,"NRI_P108",50
"47775",196.246464771975,"NRI_P108",100
"47776",-0.00471522798761725,"NRI_P108",25
"47777",1738.40317477199,"NRI_P108",50
"47778",773.199064771994,"NRI_P108",100
"47779",-0.00471522798761725,"NRI_P108",25
"47780",1.86929477198282,"NRI_P108",50
"47781",1552.70369477198,"NRI_P108",100
"47782",-0.00471522798761725,"NRI_P108",25
"47783",1315.503874772,"NRI_P108",50
"47784",515.154564771976,"NRI_P108",100
"47785",-0.00471522798761725,"NRI_P108",25
"47786",-1.72607522801263,"NRI_P108",50
"47787",41.4709347719909,"NRI_P108",100
"47788",-0.00471522798761725,"NRI_P108",25
"47789",3713.774874772,"NRI_P108",50
"47790",35.9418547719833,"NRI_P108",100
"47791",-0.00471522798761725,"NRI_P108",25
"47792",221.571174771991,"NRI_P108",50
"47793",6063.004494772,"NRI_P108",100
"47794",-0.00471522798761725,"NRI_P108",25
"47795",199.37077477196,"NRI_P108",50
"47796",1612.60446477198,"NRI_P108",100
"47797",-0.00471522798761725,"NRI_P108",25
"47798",633.161074772011,"NRI_P108",50
"47799",3060.52376477199,"NRI_P108",100
"47800",-0.00471522798761725,"NRI_P108",25
"47801",1029.100874772,"NRI_P108",50
"47802",3751.78963477199,"NRI_P108",100
"47803",-0.00471522798761725,"NRI_P108",25
"47804",294.822074771975,"NRI_P108",50
"47805",2172.76436477201,"NRI_P108",100
"47806",-0.00471522798761725,"NRI_P108",25
"47807",492.668074771995,"NRI_P108",50
"47808",139.156484771986,"NRI_P108",100
"47809",-0.00471522798761725,"NRI_P108",25
"47810",7.60831477196189,"NRI_P108",50
"47811",4507.37784477201,"NRI_P108",100
"47812",-0.00471522798761725,"NRI_P108",25
"47813",857.805374771997,"NRI_P108",50
"47814",-15.429095228028,"NRI_P108",100
"47815",-0.00471522798761725,"NRI_P108",25
"47816",9066.12617477198,"NRI_P108",50
"47817",916.402664772002,"NRI_P108",100
"47818",-0.00471522798761725,"NRI_P108",25
"47819",401.739974771976,"NRI_P108",50
"47820",4624.37656477198,"NRI_P108",100
"47821",-0.00471522798761725,"NRI_P108",25
"47822",69.9428747720085,"NRI_P108",50
"47823",8707.087274772,"NRI_P108",100
"47824",-0.00471522798761725,"NRI_P108",25
"47825",777.489674771961,"NRI_P108",50
"47826",-21.8133752280264,"NRI_P108",100
"47827",-0.00471522798761725,"NRI_P108",25
"47828",5.40564477199223,"NRI_P108",50
"47829",1041.52804477199,"NRI_P108",100
"47830",-0.00471522798761725,"NRI_P108",25
"47831",18.308124771982,"NRI_P108",50
"47832",1277.456564772,"NRI_P108",100
"47833",-0.00471522798761725,"NRI_P108",25
"47834",-12.4343552280334,"NRI_P108",50
"47835",2278.36850477196,"NRI_P108",100
"47836",-0.00471522798761725,"NRI_P108",25
"47837",210.276374772016,"NRI_P108",50
"47838",6000.15358477196,"NRI_P108",100
"47839",-0.00471522798761725,"NRI_P108",25
"47840",-3.03774522803724,"NRI_P108",50
"47841",227.355644772004,"NRI_P108",100
"47842",-0.00471522798761725,"NRI_P108",25
"47843",32.2257747719996,"NRI_P108",50
"47844",3486.66156477202,"NRI_P108",100
"47845",-0.00471522798761725,"NRI_P108",25
"47846",-12.6561652279925,"NRI_P108",50
"47847",176.18201477197,"NRI_P108",100
"47848",-0.00471522798761725,"NRI_P108",25
"47849",400.465274771967,"NRI_P108",50
"47850",8702.31746477197,"NRI_P108",100
"47851",-0.00471522798761725,"NRI_P108",25
"47852",2595.74117477197,"NRI_P108",50
"47853",225.46246477199,"NRI_P108",100
"47854",-0.00471522798761725,"NRI_P108",25
"47855",19.7285347720026,"NRI_P108",50
"47856",583.640984772006,"NRI_P108",100
"47857",-0.00471522798761725,"NRI_P108",25
"47858",621.55827477196,"NRI_P108",50
"47859",-11.0457852280233,"NRI_P108",100
"47860",-0.00471522798761725,"NRI_P108",25
"47861",192.03377477196,"NRI_P108",50
"47862",77.7650047719944,"NRI_P108",100
"47863",-0.00471522798761725,"NRI_P108",25
"47864",197.531474771968,"NRI_P108",50
"47865",1765.56149477197,"NRI_P108",100
"47866",-0.00471522798761725,"NRI_P108",25
"47867",-10.95623522799,"NRI_P108",50
"47868",3501.78916477197,"NRI_P108",100
"47869",-0.00471522798761725,"NRI_P108",25
"47870",3382.57787477196,"NRI_P108",50
"47871",1211.02106477198,"NRI_P108",100
"47872",-0.00471522798761725,"NRI_P108",25
"47873",112.406974771991,"NRI_P108",50
"47874",10898.581364772,"NRI_P108",100
"47875",-0.00471522798761725,"NRI_P108",25
"47876",-0.507795228040777,"NRI_P108",50
"47877",416.254864771967,"NRI_P108",100
"47878",-0.00471522798761725,"NRI_P108",25
"47879",2169.90017477196,"NRI_P108",50
"47880",56.9589647719986,"NRI_P108",100
"47881",-0.00471522798761725,"NRI_P108",25
"47882",137.439474771963,"NRI_P108",50
"47883",485.441644772014,"NRI_P108",100
"47884",-0.00471522798761725,"NRI_P108",25
"47885",351.994774771971,"NRI_P108",50
"47886",106.483524771989,"NRI_P108",100
"47887",-0.00471522798761725,"NRI_P108",25
"47888",3591.34117477201,"NRI_P108",50
"47889",-27.6327952280408,"NRI_P108",100
"47890",-0.00471522798761725,"NRI_P108",25
"47891",671.084874772001,"NRI_P108",50
"47892",237.039864771999,"NRI_P108",100
"47893",-0.00471522798761725,"NRI_P108",25
"47894",69.6427747720154,"NRI_P108",50
"47895",55.7334247719846,"NRI_P108",100
"47896",-0.00471522798761725,"NRI_P108",25
"47897",76.0282747719903,"NRI_P108",50
"47898",22.9870747720124,"NRI_P108",100
"47899",-0.00471522798761725,"NRI_P108",25
"47900",514.459574771987,"NRI_P108",50
"47901",6.1328647719929,"NRI_P108",100
"47902",-0.00471522798761725,"NRI_P108",25
"47903",99.3487747719628,"NRI_P108",50
"47904",978.490464771981,"NRI_P108",100
"47905",-0.00471522798761725,"NRI_P108",25
"47906",-15.6051052280236,"NRI_P108",50
"47907",79.9958847719827,"NRI_P108",100
"47908",-0.00471522798761725,"NRI_P108",25
"47909",2228.68987477198,"NRI_P108",50
"47910",4.37901477201376,"NRI_P108",100
"47911",-0.00471522798761725,"NRI_P108",25
"47912",21.4900047719711,"NRI_P108",50
"47913",2384.15556477197,"NRI_P108",100
"47914",-0.00471522798761725,"NRI_P108",25
"47915",1061.31587477197,"NRI_P108",50
"47916",626.458704771998,"NRI_P108",100
"47917",-0.00471522798761725,"NRI_P108",25
"47918",4.38894477201393,"NRI_P108",50
"47919",122.15724477201,"NRI_P108",100
"47920",-0.00471522798761725,"NRI_P108",25
"47921",46.1073847719817,"NRI_P108",50
"47922",946.442584772012,"NRI_P108",100
"47923",-0.00471522798761725,"NRI_P108",25
"47924",18.6881547719822,"NRI_P108",50
"47925",491.981514771993,"NRI_P108",100
"47926",-0.00471522798761725,"NRI_P108",25
"47927",294.822074771975,"NRI_P108",50
"47928",4221.57041477197,"NRI_P108",100
"47929",-0.00471522798761725,"NRI_P108",25
"47930",6035.84617477201,"NRI_P108",50
"47931",1243.71181477199,"NRI_P108",100
"47932",-0.00471522798761725,"NRI_P108",25
"47933",-12.4343552280334,"NRI_P108",50
"47934",238.974904772011,"NRI_P108",100
"47935",-0.00471522798761725,"NRI_P108",25
"47936",1061.31587477197,"NRI_P108",50
"47937",479.100154771993,"NRI_P108",100
"47938",-0.00471522798761725,"NRI_P108",25
"47939",-9.68153522803914,"NRI_P108",50
"47940",337.233664772008,"NRI_P108",100
"47941",-0.00471522798761725,"NRI_P108",25
"47942",12.3466647719615,"NRI_P108",50
"47943",596.963434771984,"NRI_P108",100
"47944",-0.00471522798761725,"NRI_P108",25
"47945",69.6427747720154,"NRI_P108",50
"47946",766.505184772017,"NRI_P108",100
"47947",-0.00471522798761725,"NRI_P108",25
"47948",3713.774874772,"NRI_P108",50
"47949",-10.782155228022,"NRI_P108",100
"47950",-0.00471522798761725,"NRI_P108",25
"47951",-25.977065227984,"NRI_P108",50
"47952",503.051564771973,"NRI_P108",100
"47953",-0.00471522798761725,"NRI_P108",25
"47954",1089.07287477201,"NRI_P108",50
"47955",2062.06596477202,"NRI_P108",100
"47956",-0.00471522798761725,"NRI_P108",25
"47957",3972.739174772,"NRI_P108",50
"47958",-16.1999552280176,"NRI_P108",100
"47959",-0.00471522798761725,"NRI_P108",25
"47960",27.1536047720001,"NRI_P108",50
"47961",959.264464772015,"NRI_P108",100
"47962",-0.00471522798761725,"NRI_P108",25
"47963",96.29297477199,"NRI_P108",50
"47964",857.532784771989,"NRI_P108",100
"47965",-0.00471522798761725,"NRI_P108",25
"47966",-12.8880452280282,"NRI_P108",50
"47967",14.0093747719657,"NRI_P108",100
"47968",-0.00471522798761725,"NRI_P108",25
"47969",-27.251765227993,"NRI_P108",50
"47970",902.081564772001,"NRI_P108",100
"47971",-0.00471522798761725,"NRI_P108",25
"47972",12.3466647719615,"NRI_P108",50
"47973",116.627514772001,"NRI_P108",100
"47974",-0.00471522798761725,"NRI_P108",25
"47975",-16.8529252280132,"NRI_P108",50
"47976",227.681314771995,"NRI_P108",100
"47977",-0.00471522798761725,"NRI_P108",25
"47978",6.33361477201106,"NRI_P108",50
"47979",1235.06996477197,"NRI_P108",100
"47980",-0.00471522798761725,"NRI_P108",25
"47981",0.766904771968257,"NRI_P108",50
"47982",625.89381477196,"NRI_P108",100
"47983",-0.00471522798761725,"NRI_P108",25
"47984",4.33082477201242,"NRI_P108",50
"47985",3575.467694772,"NRI_P108",100
"47986",-0.00471522798761725,"NRI_P108",25
"47987",1162.31787477201,"NRI_P108",50
"47988",684.818844772002,"NRI_P108",100
"47989",-0.00471522798761725,"NRI_P108",25
"47990",29.0934547719662,"NRI_P108",50
"47991",1320.33536477201,"NRI_P108",100
"47992",-0.00471522798761725,"NRI_P108",25
"47993",15.7307347719907,"NRI_P108",50
"47994",6314.00276477198,"NRI_P108",100
"47995",-0.00471522798761725,"NRI_P108",25
"47996",30.4303947719745,"NRI_P108",50
"47997",393.416544771986,"NRI_P108",100
"47998",-0.00471522798761725,"NRI_P108",25
"47999",414.839574771991,"NRI_P108",50
"48000",161.400184771977,"NRI_P108",100
"48001",0.00373453099746257,"NRI_P109",25
"48002",0.00373453099746257,"NRI_P109",50
"48003",0.00373453099746257,"NRI_P109",100
"48004",0.00373453099746257,"NRI_P109",25
"48005",0.00373453099746257,"NRI_P109",50
"48006",0.00373453099746257,"NRI_P109",100
"48007",0.00373453099746257,"NRI_P109",25
"48008",0.00373453099746257,"NRI_P109",50
"48009",0.00373453099746257,"NRI_P109",100
"48010",0.00373453099746257,"NRI_P109",25
"48011",0.00373453099746257,"NRI_P109",50
"48012",0.00373453099746257,"NRI_P109",100
"48013",0.00373453099746257,"NRI_P109",25
"48014",0.00373453099746257,"NRI_P109",50
"48015",0.00373453099746257,"NRI_P109",100
"48016",0.00373453099746257,"NRI_P109",25
"48017",0.00373453099746257,"NRI_P109",50
"48018",0.00373453099746257,"NRI_P109",100
"48019",0.00373453099746257,"NRI_P109",25
"48020",0.00373453099746257,"NRI_P109",50
"48021",0.00373453099746257,"NRI_P109",100
"48022",0.00373453099746257,"NRI_P109",25
"48023",0.00373453099746257,"NRI_P109",50
"48024",0.00373453099746257,"NRI_P109",100
"48025",0.00373453099746257,"NRI_P109",25
"48026",0.00373453099746257,"NRI_P109",50
"48027",0.00373453099746257,"NRI_P109",100
"48028",0.00373453099746257,"NRI_P109",25
"48029",0.00373453099746257,"NRI_P109",50
"48030",0.00373453099746257,"NRI_P109",100
"48031",0.00373453099746257,"NRI_P109",25
"48032",0.00373453099746257,"NRI_P109",50
"48033",0.00373453099746257,"NRI_P109",100
"48034",0.00373453099746257,"NRI_P109",25
"48035",0.00373453099746257,"NRI_P109",50
"48036",0.00373453099746257,"NRI_P109",100
"48037",0.00373453099746257,"NRI_P109",25
"48038",0.00373453099746257,"NRI_P109",50
"48039",0.00373453099746257,"NRI_P109",100
"48040",0.00373453099746257,"NRI_P109",25
"48041",0.00373453099746257,"NRI_P109",50
"48042",0.00373453099746257,"NRI_P109",100
"48043",0.00373453099746257,"NRI_P109",25
"48044",0.00373453099746257,"NRI_P109",50
"48045",0.00373453099746257,"NRI_P109",100
"48046",0.00373453099746257,"NRI_P109",25
"48047",0.00373453099746257,"NRI_P109",50
"48048",0.00373453099746257,"NRI_P109",100
"48049",0.00373453099746257,"NRI_P109",25
"48050",0.00373453099746257,"NRI_P109",50
"48051",0.00373453099746257,"NRI_P109",100
"48052",0.00373453099746257,"NRI_P109",25
"48053",0.00373453099746257,"NRI_P109",50
"48054",0.00373453099746257,"NRI_P109",100
"48055",0.00373453099746257,"NRI_P109",25
"48056",0.00373453099746257,"NRI_P109",50
"48057",0.00373453099746257,"NRI_P109",100
"48058",0.00373453099746257,"NRI_P109",25
"48059",0.00373453099746257,"NRI_P109",50
"48060",0.00373453099746257,"NRI_P109",100
"48061",0.00373453099746257,"NRI_P109",25
"48062",0.00373453099746257,"NRI_P109",50
"48063",0.00373453099746257,"NRI_P109",100
"48064",0.00373453099746257,"NRI_P109",25
"48065",0.00373453099746257,"NRI_P109",50
"48066",0.00373453099746257,"NRI_P109",100
"48067",0.00373453099746257,"NRI_P109",25
"48068",0.00373453099746257,"NRI_P109",50
"48069",0.00373453099746257,"NRI_P109",100
"48070",0.00373453099746257,"NRI_P109",25
"48071",0.00373453099746257,"NRI_P109",50
"48072",0.00373453099746257,"NRI_P109",100
"48073",0.00373453099746257,"NRI_P109",25
"48074",0.00373453099746257,"NRI_P109",50
"48075",0.00373453099746257,"NRI_P109",100
"48076",0.00373453099746257,"NRI_P109",25
"48077",0.00373453099746257,"NRI_P109",50
"48078",0.00373453099746257,"NRI_P109",100
"48079",0.00373453099746257,"NRI_P109",25
"48080",0.00373453099746257,"NRI_P109",50
"48081",0.00373453099746257,"NRI_P109",100
"48082",0.00373453099746257,"NRI_P109",25
"48083",0.00373453099746257,"NRI_P109",50
"48084",0.00373453099746257,"NRI_P109",100
"48085",0.00373453099746257,"NRI_P109",25
"48086",0.00373453099746257,"NRI_P109",50
"48087",0.00373453099746257,"NRI_P109",100
"48088",0.00373453099746257,"NRI_P109",25
"48089",0.00373453099746257,"NRI_P109",50
"48090",0.00373453099746257,"NRI_P109",100
"48091",0.00373453099746257,"NRI_P109",25
"48092",0.00373453099746257,"NRI_P109",50
"48093",0.00373453099746257,"NRI_P109",100
"48094",0.00373453099746257,"NRI_P109",25
"48095",0.00373453099746257,"NRI_P109",50
"48096",0.00373453099746257,"NRI_P109",100
"48097",0.00373453099746257,"NRI_P109",25
"48098",0.00373453099746257,"NRI_P109",50
"48099",0.00373453099746257,"NRI_P109",100
"48100",0.00373453099746257,"NRI_P109",25
"48101",0.00373453099746257,"NRI_P109",50
"48102",0.00373453099746257,"NRI_P109",100
"48103",0.00373453099746257,"NRI_P109",25
"48104",0.00373453099746257,"NRI_P109",50
"48105",0.00373453099746257,"NRI_P109",100
"48106",0.00373453099746257,"NRI_P109",25
"48107",0.00373453099746257,"NRI_P109",50
"48108",0.00373453099746257,"NRI_P109",100
"48109",0.00373453099746257,"NRI_P109",25
"48110",0.00373453099746257,"NRI_P109",50
"48111",0.00373453099746257,"NRI_P109",100
"48112",0.00373453099746257,"NRI_P109",25
"48113",0.00373453099746257,"NRI_P109",50
"48114",0.00373453099746257,"NRI_P109",100
"48115",0.00373453099746257,"NRI_P109",25
"48116",0.00373453099746257,"NRI_P109",50
"48117",0.00373453099746257,"NRI_P109",100
"48118",0.00373453099746257,"NRI_P109",25
"48119",0.00373453099746257,"NRI_P109",50
"48120",0.00373453099746257,"NRI_P109",100
"48121",0.00373453099746257,"NRI_P109",25
"48122",0.00373453099746257,"NRI_P109",50
"48123",0.00373453099746257,"NRI_P109",100
"48124",0.00373453099746257,"NRI_P109",25
"48125",0.00373453099746257,"NRI_P109",50
"48126",0.00373453099746257,"NRI_P109",100
"48127",0.00373453099746257,"NRI_P109",25
"48128",0.00373453099746257,"NRI_P109",50
"48129",0.00373453099746257,"NRI_P109",100
"48130",0.00373453099746257,"NRI_P109",25
"48131",0.00373453099746257,"NRI_P109",50
"48132",0.00373453099746257,"NRI_P109",100
"48133",0.00373453099746257,"NRI_P109",25
"48134",0.00373453099746257,"NRI_P109",50
"48135",0.00373453099746257,"NRI_P109",100
"48136",0.00373453099746257,"NRI_P109",25
"48137",0.00373453099746257,"NRI_P109",50
"48138",0.00373453099746257,"NRI_P109",100
"48139",0.00373453099746257,"NRI_P109",25
"48140",0.00373453099746257,"NRI_P109",50
"48141",0.00373453099746257,"NRI_P109",100
"48142",0.00373453099746257,"NRI_P109",25
"48143",0.00373453099746257,"NRI_P109",50
"48144",0.00373453099746257,"NRI_P109",100
"48145",0.00373453099746257,"NRI_P109",25
"48146",0.00373453099746257,"NRI_P109",50
"48147",0.00373453099746257,"NRI_P109",100
"48148",0.00373453099746257,"NRI_P109",25
"48149",0.00373453099746257,"NRI_P109",50
"48150",0.00373453099746257,"NRI_P109",100
"48151",0.00373453099746257,"NRI_P109",25
"48152",0.00373453099746257,"NRI_P109",50
"48153",0.00373453099746257,"NRI_P109",100
"48154",0.00373453099746257,"NRI_P109",25
"48155",0.00373453099746257,"NRI_P109",50
"48156",0.00373453099746257,"NRI_P109",100
"48157",0.00373453099746257,"NRI_P109",25
"48158",0.00373453099746257,"NRI_P109",50
"48159",0.00373453099746257,"NRI_P109",100
"48160",0.00373453099746257,"NRI_P109",25
"48161",0.00373453099746257,"NRI_P109",50
"48162",0.00373453099746257,"NRI_P109",100
"48163",0.00373453099746257,"NRI_P109",25
"48164",0.00373453099746257,"NRI_P109",50
"48165",0.00373453099746257,"NRI_P109",100
"48166",0.00373453099746257,"NRI_P109",25
"48167",0.00373453099746257,"NRI_P109",50
"48168",0.00373453099746257,"NRI_P109",100
"48169",0.00373453099746257,"NRI_P109",25
"48170",0.00373453099746257,"NRI_P109",50
"48171",0.00373453099746257,"NRI_P109",100
"48172",0.00373453099746257,"NRI_P109",25
"48173",0.00373453099746257,"NRI_P109",50
"48174",0.00373453099746257,"NRI_P109",100
"48175",0.00373453099746257,"NRI_P109",25
"48176",0.00373453099746257,"NRI_P109",50
"48177",0.00373453099746257,"NRI_P109",100
"48178",0.00373453099746257,"NRI_P109",25
"48179",0.00373453099746257,"NRI_P109",50
"48180",0.00373453099746257,"NRI_P109",100
"48181",0.00373453099746257,"NRI_P109",25
"48182",0.00373453099746257,"NRI_P109",50
"48183",0.00373453099746257,"NRI_P109",100
"48184",0.00373453099746257,"NRI_P109",25
"48185",0.00373453099746257,"NRI_P109",50
"48186",0.00373453099746257,"NRI_P109",100
"48187",0.00373453099746257,"NRI_P109",25
"48188",0.00373453099746257,"NRI_P109",50
"48189",0.00373453099746257,"NRI_P109",100
"48190",0.00373453099746257,"NRI_P109",25
"48191",0.00373453099746257,"NRI_P109",50
"48192",0.00373453099746257,"NRI_P109",100
"48193",0.00373453099746257,"NRI_P109",25
"48194",0.00373453099746257,"NRI_P109",50
"48195",0.00373453099746257,"NRI_P109",100
"48196",0.00373453099746257,"NRI_P109",25
"48197",0.00373453099746257,"NRI_P109",50
"48198",0.00373453099746257,"NRI_P109",100
"48199",0.00373453099746257,"NRI_P109",25
"48200",0.00373453099746257,"NRI_P109",50
"48201",0.00373453099746257,"NRI_P109",100
"48202",0.00373453099746257,"NRI_P109",25
"48203",0.00373453099746257,"NRI_P109",50
"48204",0.00373453099746257,"NRI_P109",100
"48205",0.00373453099746257,"NRI_P109",25
"48206",0.00373453099746257,"NRI_P109",50
"48207",0.00373453099746257,"NRI_P109",100
"48208",0.00373453099746257,"NRI_P109",25
"48209",0.00373453099746257,"NRI_P109",50
"48210",0.00373453099746257,"NRI_P109",100
"48211",0.00373453099746257,"NRI_P109",25
"48212",0.00373453099746257,"NRI_P109",50
"48213",0.00373453099746257,"NRI_P109",100
"48214",0.00373453099746257,"NRI_P109",25
"48215",0.00373453099746257,"NRI_P109",50
"48216",0.00373453099746257,"NRI_P109",100
"48217",0.00373453099746257,"NRI_P109",25
"48218",0.00373453099746257,"NRI_P109",50
"48219",0.00373453099746257,"NRI_P109",100
"48220",0.00373453099746257,"NRI_P109",25
"48221",0.00373453099746257,"NRI_P109",50
"48222",0.00373453099746257,"NRI_P109",100
"48223",0.00373453099746257,"NRI_P109",25
"48224",0.00373453099746257,"NRI_P109",50
"48225",0.00373453099746257,"NRI_P109",100
"48226",0.00373453099746257,"NRI_P109",25
"48227",0.00373453099746257,"NRI_P109",50
"48228",0.00373453099746257,"NRI_P109",100
"48229",0.00373453099746257,"NRI_P109",25
"48230",0.00373453099746257,"NRI_P109",50
"48231",0.00373453099746257,"NRI_P109",100
"48232",0.00373453099746257,"NRI_P109",25
"48233",0.00373453099746257,"NRI_P109",50
"48234",0.00373453099746257,"NRI_P109",100
"48235",0.00373453099746257,"NRI_P109",25
"48236",0.00373453099746257,"NRI_P109",50
"48237",0.00373453099746257,"NRI_P109",100
"48238",0.00373453099746257,"NRI_P109",25
"48239",0.00373453099746257,"NRI_P109",50
"48240",0.00373453099746257,"NRI_P109",100
"48241",0.00373453099746257,"NRI_P109",25
"48242",0.00373453099746257,"NRI_P109",50
"48243",0.00373453099746257,"NRI_P109",100
"48244",0.00373453099746257,"NRI_P109",25
"48245",0.00373453099746257,"NRI_P109",50
"48246",0.00373453099746257,"NRI_P109",100
"48247",0.00373453099746257,"NRI_P109",25
"48248",0.00373453099746257,"NRI_P109",50
"48249",0.00373453099746257,"NRI_P109",100
"48250",0.00373453099746257,"NRI_P109",25
"48251",0.00373453099746257,"NRI_P109",50
"48252",0.00373453099746257,"NRI_P109",100
"48253",0.00373453099746257,"NRI_P109",25
"48254",0.00373453099746257,"NRI_P109",50
"48255",0.00373453099746257,"NRI_P109",100
"48256",0.00373453099746257,"NRI_P109",25
"48257",0.00373453099746257,"NRI_P109",50
"48258",0.00373453099746257,"NRI_P109",100
"48259",0.00373453099746257,"NRI_P109",25
"48260",0.00373453099746257,"NRI_P109",50
"48261",0.00373453099746257,"NRI_P109",100
"48262",0.00373453099746257,"NRI_P109",25
"48263",0.00373453099746257,"NRI_P109",50
"48264",0.00373453099746257,"NRI_P109",100
"48265",0.00373453099746257,"NRI_P109",25
"48266",0.00373453099746257,"NRI_P109",50
"48267",0.00373453099746257,"NRI_P109",100
"48268",0.00373453099746257,"NRI_P109",25
"48269",0.00373453099746257,"NRI_P109",50
"48270",0.00373453099746257,"NRI_P109",100
"48271",0.00373453099746257,"NRI_P109",25
"48272",0.00373453099746257,"NRI_P109",50
"48273",0.00373453099746257,"NRI_P109",100
"48274",0.00373453099746257,"NRI_P109",25
"48275",0.00373453099746257,"NRI_P109",50
"48276",0.00373453099746257,"NRI_P109",100
"48277",0.00373453099746257,"NRI_P109",25
"48278",0.00373453099746257,"NRI_P109",50
"48279",0.00373453099746257,"NRI_P109",100
"48280",0.00373453099746257,"NRI_P109",25
"48281",0.00373453099746257,"NRI_P109",50
"48282",0.00373453099746257,"NRI_P109",100
"48283",0.00373453099746257,"NRI_P109",25
"48284",0.00373453099746257,"NRI_P109",50
"48285",0.00373453099746257,"NRI_P109",100
"48286",0.00373453099746257,"NRI_P109",25
"48287",0.00373453099746257,"NRI_P109",50
"48288",0.00373453099746257,"NRI_P109",100
"48289",0.00373453099746257,"NRI_P109",25
"48290",0.00373453099746257,"NRI_P109",50
"48291",0.00373453099746257,"NRI_P109",100
"48292",0.00373453099746257,"NRI_P109",25
"48293",0.00373453099746257,"NRI_P109",50
"48294",0.00373453099746257,"NRI_P109",100
"48295",0.00373453099746257,"NRI_P109",25
"48296",0.00373453099746257,"NRI_P109",50
"48297",0.00373453099746257,"NRI_P109",100
"48298",0.00373453099746257,"NRI_P109",25
"48299",0.00373453099746257,"NRI_P109",50
"48300",0.00373453099746257,"NRI_P109",100
"48301",0.00818693998735398,"NRI_P110",25
"48302",-32.3413130600238,"NRI_P110",50
"48303",-1495.97890306002,"NRI_P110",100
"48304",0.00818693998735398,"NRI_P110",25
"48305",-1223.67681306001,"NRI_P110",50
"48306",-2070.96997306001,"NRI_P110",100
"48307",0.00818693998735398,"NRI_P110",25
"48308",-1636.13661306002,"NRI_P110",50
"48309",-2049.79422306002,"NRI_P110",100
"48310",0.00818693998735398,"NRI_P110",25
"48311",-401.595593060018,"NRI_P110",50
"48312",-1971.94715306,"NRI_P110",100
"48313",0.00818693998735398,"NRI_P110",25
"48314",-1408.13491306,"NRI_P110",50
"48315",-1988.07887306,"NRI_P110",100
"48316",0.00818693998735398,"NRI_P110",25
"48317",-393.067113060039,"NRI_P110",50
"48318",-1151.09928306,"NRI_P110",100
"48319",0.00818693998735398,"NRI_P110",25
"48320",29.6348869400099,"NRI_P110",50
"48321",-588.398043060035,"NRI_P110",100
"48322",0.00818693998735398,"NRI_P110",25
"48323",-1766.53754306003,"NRI_P110",50
"48324",-721.829633060028,"NRI_P110",100
"48325",0.00818693998735398,"NRI_P110",25
"48326",-1711.05892306002,"NRI_P110",50
"48327",-387.285013060027,"NRI_P110",100
"48328",0.00818693998735398,"NRI_P110",25
"48329",-1765.30855305999,"NRI_P110",50
"48330",-1359.74491306004,"NRI_P110",100
"48331",0.00818693998735398,"NRI_P110",25
"48332",-1743.76952306001,"NRI_P110",50
"48333",-395.982903060038,"NRI_P110",100
"48334",0.00818693998735398,"NRI_P110",25
"48335",-381.768963059993,"NRI_P110",50
"48336",-2140.67405306001,"NRI_P110",100
"48337",0.00818693998735398,"NRI_P110",25
"48338",-298.821913060034,"NRI_P110",50
"48339",2113.76319694001,"NRI_P110",100
"48340",0.00818693998735398,"NRI_P110",25
"48341",-369.858363060048,"NRI_P110",50
"48342",-669.517113059992,"NRI_P110",100
"48343",0.00818693998735398,"NRI_P110",25
"48344",-328.703313060047,"NRI_P110",50
"48345",-2133.05066306004,"NRI_P110",100
"48346",0.00818693998735398,"NRI_P110",25
"48347",-1769.55074306001,"NRI_P110",50
"48348",-1995.97968306002,"NRI_P110",100
"48349",0.00818693998735398,"NRI_P110",25
"48350",-250.71111306001,"NRI_P110",50
"48351",-944.59021306003,"NRI_P110",100
"48352",0.00818693998735398,"NRI_P110",25
"48353",-1722.13043306,"NRI_P110",50
"48354",-988.414413060003,"NRI_P110",100
"48355",0.00818693998735398,"NRI_P110",25
"48356",-365.24726306001,"NRI_P110",50
"48357",-2084.33801306004,"NRI_P110",100
"48358",0.00818693998735398,"NRI_P110",25
"48359",1322.54668693995,"NRI_P110",50
"48360",5311.51875693997,"NRI_P110",100
"48361",0.00818693998735398,"NRI_P110",25
"48362",-293.968313060002,"NRI_P110",50
"48363",-1850.75223306002,"NRI_P110",100
"48364",0.00818693998735398,"NRI_P110",25
"48365",-1423.27461306,"NRI_P110",50
"48366",-1856.43712305999,"NRI_P110",100
"48367",0.00818693998735398,"NRI_P110",25
"48368",-397.039943060023,"NRI_P110",50
"48369",-844.99726306001,"NRI_P110",100
"48370",0.00818693998735398,"NRI_P110",25
"48371",-1496.76321306004,"NRI_P110",50
"48372",-1289.76865306002,"NRI_P110",100
"48373",0.00818693998735398,"NRI_P110",25
"48374",-414.698643059994,"NRI_P110",50
"48375",-1306.68440306,"NRI_P110",100
"48376",0.00818693998735398,"NRI_P110",25
"48377",-409.775063059991,"NRI_P110",50
"48378",-1499.13861306,"NRI_P110",100
"48379",0.00818693998735398,"NRI_P110",25
"48380",-328.703313060047,"NRI_P110",50
"48381",-1974.28624306002,"NRI_P110",100
"48382",0.00818693998735398,"NRI_P110",25
"48383",-372.427993060031,"NRI_P110",50
"48384",-1586.75286306004,"NRI_P110",100
"48385",0.00818693998735398,"NRI_P110",25
"48386",-424.427173060016,"NRI_P110",50
"48387",2905.70978693996,"NRI_P110",100
"48388",0.00818693998735398,"NRI_P110",25
"48389",-389.968393060029,"NRI_P110",50
"48390",-2134.86475306004,"NRI_P110",100
"48391",0.00818693998735398,"NRI_P110",25
"48392",-1657.48541306,"NRI_P110",50
"48393",-2131.08404306002,"NRI_P110",100
"48394",0.00818693998735398,"NRI_P110",25
"48395",-152.472413060023,"NRI_P110",50
"48396",-1457.91716306005,"NRI_P110",100
"48397",0.00818693998735398,"NRI_P110",25
"48398",163.021986940003,"NRI_P110",50
"48399",-228.473513060017,"NRI_P110",100
"48400",0.00818693998735398,"NRI_P110",25
"48401",-374.435113059997,"NRI_P110",50
"48402",-2102.11414306,"NRI_P110",100
"48403",0.00818693998735398,"NRI_P110",25
"48404",-1417.21131306002,"NRI_P110",50
"48405",-1324.95458306,"NRI_P110",100
"48406",0.00818693998735398,"NRI_P110",25
"48407",-57.6135130600305,"NRI_P110",50
"48408",-2104.99193306,"NRI_P110",100
"48409",0.00818693998735398,"NRI_P110",25
"48410",-1283.56681306002,"NRI_P110",50
"48411",-1928.89896306,"NRI_P110",100
"48412",0.00818693998735398,"NRI_P110",25
"48413",-1748.76690306002,"NRI_P110",50
"48414",-1668.25901306001,"NRI_P110",100
"48415",0.00818693998735398,"NRI_P110",25
"48416",-425.090633060026,"NRI_P110",50
"48417",-2084.34907306003,"NRI_P110",100
"48418",0.00818693998735398,"NRI_P110",25
"48419",-1612.06791306002,"NRI_P110",50
"48420",1477.03378693998,"NRI_P110",100
"48421",0.00818693998735398,"NRI_P110",25
"48422",-415.190513060021,"NRI_P110",50
"48423",-1236.93794306001,"NRI_P110",100
"48424",0.00818693998735398,"NRI_P110",25
"48425",4487.79668693995,"NRI_P110",50
"48426",-1276.92321306001,"NRI_P110",100
"48427",0.00818693998735398,"NRI_P110",25
"48428",-1751.96369306004,"NRI_P110",50
"48429",-2118.39258306002,"NRI_P110",100
"48430",0.00818693998735398,"NRI_P110",25
"48431",-1186.87281306001,"NRI_P110",50
"48432",-1577.68171306001,"NRI_P110",100
"48433",0.00818693998735398,"NRI_P110",25
"48434",-137.865613060014,"NRI_P110",50
"48435",-1987.84569306002,"NRI_P110",100
"48436",0.00818693998735398,"NRI_P110",25
"48437",-256.192113060039,"NRI_P110",50
"48438",-1272.43301306001,"NRI_P110",100
"48439",0.00818693998735398,"NRI_P110",25
"48440",-146.331713060034,"NRI_P110",50
"48441",-1335.60171305999,"NRI_P110",100
"48442",0.00818693998735398,"NRI_P110",25
"48443",-1557.63281306002,"NRI_P110",50
"48444",-2020.52061306004,"NRI_P110",100
"48445",0.00818693998735398,"NRI_P110",25
"48446",-1729.79430306004,"NRI_P110",50
"48447",-1586.73491306003,"NRI_P110",100
"48448",0.00818693998735398,"NRI_P110",25
"48449",323.977686939994,"NRI_P110",50
"48450",983.810686939978,"NRI_P110",100
"48451",0.00818693998735398,"NRI_P110",25
"48452",-296.156913059996,"NRI_P110",50
"48453",-1579.59603305999,"NRI_P110",100
"48454",0.00818693998735398,"NRI_P110",25
"48455",-392.005583060032,"NRI_P110",50
"48456",-1980.94522306003,"NRI_P110",100
"48457",0.00818693998735398,"NRI_P110",25
"48458",-196.481513060047,"NRI_P110",50
"48459",-2144.45394306001,"NRI_P110",100
"48460",0.00818693998735398,"NRI_P110",25
"48461",-1647.18971306004,"NRI_P110",50
"48462",-2168.31550306,"NRI_P110",100
"48463",0.00818693998735398,"NRI_P110",25
"48464",-1753.87011305999,"NRI_P110",50
"48465",-1471.85908306,"NRI_P110",100
"48466",0.00818693998735398,"NRI_P110",25
"48467",9.99108693999005,"NRI_P110",50
"48468",2410.17968693998,"NRI_P110",100
"48469",0.00818693998735398,"NRI_P110",25
"48470",-1437.03361306002,"NRI_P110",50
"48471",-721.903243059991,"NRI_P110",100
"48472",0.00818693998735398,"NRI_P110",25
"48473",5492.40468693996,"NRI_P110",50
"48474",-2139.86040306004,"NRI_P110",100
"48475",0.00818693998735398,"NRI_P110",25
"48476",9.99108693999005,"NRI_P110",50
"48477",-2111.65091306,"NRI_P110",100
"48478",0.00818693998735398,"NRI_P110",25
"48479",-1752.91610306001,"NRI_P110",50
"48480",-1715.03291306004,"NRI_P110",100
"48481",0.00818693998735398,"NRI_P110",25
"48482",-291.750113059999,"NRI_P110",50
"48483",-1820.71118306002,"NRI_P110",100
"48484",0.00818693998735398,"NRI_P110",25
"48485",442.090686940006,"NRI_P110",50
"48486",-2146.30244306003,"NRI_P110",100
"48487",0.00818693998735398,"NRI_P110",25
"48488",7317.48268694,"NRI_P110",50
"48489",-2183.17325306003,"NRI_P110",100
"48490",0.00818693998735398,"NRI_P110",25
"48491",-1768.81367306004,"NRI_P110",50
"48492",-1463.87798306003,"NRI_P110",100
"48493",0.00818693998735398,"NRI_P110",25
"48494",-1728.47419306001,"NRI_P110",50
"48495",-665.399413060048,"NRI_P110",100
"48496",0.00818693998735398,"NRI_P110",25
"48497",-180.881213059998,"NRI_P110",50
"48498",10950.91398694,"NRI_P110",100
"48499",0.00818693998735398,"NRI_P110",25
"48500",3282.55368693999,"NRI_P110",50
"48501",-1846.14611306001,"NRI_P110",100
"48502",0.00818693998735398,"NRI_P110",25
"48503",-1759.86204306001,"NRI_P110",50
"48504",434.973886939988,"NRI_P110",100
"48505",0.00818693998735398,"NRI_P110",25
"48506",-307.298413060023,"NRI_P110",50
"48507",217.936756939976,"NRI_P110",100
"48508",0.00818693998735398,"NRI_P110",25
"48509",5897.51918693999,"NRI_P110",50
"48510",-874.035113060032,"NRI_P110",100
"48511",0.00818693998735398,"NRI_P110",25
"48512",280.923586939985,"NRI_P110",50
"48513",1963.50038693997,"NRI_P110",100
"48514",0.00818693998735398,"NRI_P110",25
"48515",-81.5448130600271,"NRI_P110",50
"48516",-1313.12211306003,"NRI_P110",100
"48517",0.00818693998735398,"NRI_P110",25
"48518",1759.66118693998,"NRI_P110",50
"48519",182.637356939958,"NRI_P110",100
"48520",0.00818693998735398,"NRI_P110",25
"48521",-412.653433060041,"NRI_P110",50
"48522",7913.48868693999,"NRI_P110",100
"48523",0.00818693998735398,"NRI_P110",25
"48524",1312.67768694001,"NRI_P110",50
"48525",-1100.53551305999,"NRI_P110",100
"48526",0.00818693998735398,"NRI_P110",25
"48527",-1694.89681306004,"NRI_P110",50
"48528",-977.540913060016,"NRI_P110",100
"48529",0.00818693998735398,"NRI_P110",25
"48530",-415.475543059991,"NRI_P110",50
"48531",-1609.07017306,"NRI_P110",100
"48532",0.00818693998735398,"NRI_P110",25
"48533",-412.307213060034,"NRI_P110",50
"48534",-2052.55881305999,"NRI_P110",100
"48535",0.00818693998735398,"NRI_P110",25
"48536",-397.039943060023,"NRI_P110",50
"48537",-1976.44339306001,"NRI_P110",100
"48538",0.00818693998735398,"NRI_P110",25
"48539",-1542.80721306003,"NRI_P110",50
"48540",-1930.21821306,"NRI_P110",100
"48541",0.00818693998735398,"NRI_P110",25
"48542",-1692.09091306,"NRI_P110",50
"48543",6177.00068693998,"NRI_P110",100
"48544",0.00818693998735398,"NRI_P110",25
"48545",-384.234853060043,"NRI_P110",50
"48546",2432.42628694,"NRI_P110",100
"48547",0.00818693998735398,"NRI_P110",25
"48548",-367.891473060008,"NRI_P110",50
"48549",-710.082113059994,"NRI_P110",100
"48550",0.00818693998735398,"NRI_P110",25
"48551",280.923586939985,"NRI_P110",50
"48552",-1961.86654305999,"NRI_P110",100
"48553",0.00818693998735398,"NRI_P110",25
"48554",-1058.43741305999,"NRI_P110",50
"48555",-2173.19557306002,"NRI_P110",100
"48556",0.00818693998735398,"NRI_P110",25
"48557",-81.5448130600271,"NRI_P110",50
"48558",-1875.80151306,"NRI_P110",100
"48559",0.00818693998735398,"NRI_P110",25
"48560",-910.956513060024,"NRI_P110",50
"48561",-1881.07001306,"NRI_P110",100
"48562",0.00818693998735398,"NRI_P110",25
"48563",-1744.56166306004,"NRI_P110",50
"48564",3774.63540693995,"NRI_P110",100
"48565",0.00818693998735398,"NRI_P110",25
"48566",-405.380163060036,"NRI_P110",50
"48567",-1156.40766306,"NRI_P110",100
"48568",0.00818693998735398,"NRI_P110",25
"48569",-345.284313059994,"NRI_P110",50
"48570",-2130.96048306004,"NRI_P110",100
"48571",0.00818693998735398,"NRI_P110",25
"48572",-1722.13043306,"NRI_P110",50
"48573",-1843.87697306002,"NRI_P110",100
"48574",0.00818693998735398,"NRI_P110",25
"48575",-282.61921306001,"NRI_P110",50
"48576",-1011.90751306002,"NRI_P110",100
"48577",0.00818693998735398,"NRI_P110",25
"48578",-1645.20701306005,"NRI_P110",50
"48579",-1574.51267306,"NRI_P110",100
"48580",0.00818693998735398,"NRI_P110",25
"48581",-365.694243060017,"NRI_P110",50
"48582",-1953.82547306002,"NRI_P110",100
"48583",0.00818693998735398,"NRI_P110",25
"48584",-30.4878130599973,"NRI_P110",50
"48585",-1530.00421306002,"NRI_P110",100
"48586",0.00818693998735398,"NRI_P110",25
"48587",-384.321773060015,"NRI_P110",50
"48588",-1546.24911306001,"NRI_P110",100
"48589",0.00818693998735398,"NRI_P110",25
"48590",-1754.94209306,"NRI_P110",50
"48591",-2134.66211306001,"NRI_P110",100
"48592",0.00818693998735398,"NRI_P110",25
"48593",-1753.87866306002,"NRI_P110",50
"48594",-1993.35783306003,"NRI_P110",100
"48595",0.00818693998735398,"NRI_P110",25
"48596",-1741.31194306002,"NRI_P110",50
"48597",-2153.69985306001,"NRI_P110",100
"48598",0.00818693998735398,"NRI_P110",25
"48599",488.492386939994,"NRI_P110",50
"48600",-2134.40384306002,"NRI_P110",100
"48601",0.0188087779679336,"NRI_P113",25
"48602",0.0188087779679336,"NRI_P113",50
"48603",0.0188087779679336,"NRI_P113",100
"48604",0.0188087779679336,"NRI_P113",25
"48605",0.0188087779679336,"NRI_P113",50
"48606",0.0188087779679336,"NRI_P113",100
"48607",0.0188087779679336,"NRI_P113",25
"48608",0.0188087779679336,"NRI_P113",50
"48609",0.0188087779679336,"NRI_P113",100
"48610",0.0188087779679336,"NRI_P113",25
"48611",0.0188087779679336,"NRI_P113",50
"48612",0.0188087779679336,"NRI_P113",100
"48613",0.0188087779679336,"NRI_P113",25
"48614",0.0188087779679336,"NRI_P113",50
"48615",0.0188087779679336,"NRI_P113",100
"48616",0.0188087779679336,"NRI_P113",25
"48617",0.0188087779679336,"NRI_P113",50
"48618",0.0188087779679336,"NRI_P113",100
"48619",0.0188087779679336,"NRI_P113",25
"48620",0.0188087779679336,"NRI_P113",50
"48621",0.0188087779679336,"NRI_P113",100
"48622",0.0188087779679336,"NRI_P113",25
"48623",0.0188087779679336,"NRI_P113",50
"48624",0.0188087779679336,"NRI_P113",100
"48625",0.0188087779679336,"NRI_P113",25
"48626",0.0188087779679336,"NRI_P113",50
"48627",0.0188087779679336,"NRI_P113",100
"48628",0.0188087779679336,"NRI_P113",25
"48629",0.0188087779679336,"NRI_P113",50
"48630",0.0188087779679336,"NRI_P113",100
"48631",0.0188087779679336,"NRI_P113",25
"48632",0.0188087779679336,"NRI_P113",50
"48633",0.0188087779679336,"NRI_P113",100
"48634",0.0188087779679336,"NRI_P113",25
"48635",0.0188087779679336,"NRI_P113",50
"48636",0.0188087779679336,"NRI_P113",100
"48637",0.0188087779679336,"NRI_P113",25
"48638",0.0188087779679336,"NRI_P113",50
"48639",0.0188087779679336,"NRI_P113",100
"48640",0.0188087779679336,"NRI_P113",25
"48641",0.0188087779679336,"NRI_P113",50
"48642",0.0188087779679336,"NRI_P113",100
"48643",0.0188087779679336,"NRI_P113",25
"48644",0.0188087779679336,"NRI_P113",50
"48645",0.0188087779679336,"NRI_P113",100
"48646",0.0188087779679336,"NRI_P113",25
"48647",0.0188087779679336,"NRI_P113",50
"48648",0.0188087779679336,"NRI_P113",100
"48649",0.0188087779679336,"NRI_P113",25
"48650",0.0188087779679336,"NRI_P113",50
"48651",0.0188087779679336,"NRI_P113",100
"48652",0.0188087779679336,"NRI_P113",25
"48653",0.0188087779679336,"NRI_P113",50
"48654",0.0188087779679336,"NRI_P113",100
"48655",0.0188087779679336,"NRI_P113",25
"48656",0.0188087779679336,"NRI_P113",50
"48657",0.0188087779679336,"NRI_P113",100
"48658",0.0188087779679336,"NRI_P113",25
"48659",0.0188087779679336,"NRI_P113",50
"48660",0.0188087779679336,"NRI_P113",100
"48661",0.0188087779679336,"NRI_P113",25
"48662",0.0188087779679336,"NRI_P113",50
"48663",0.0188087779679336,"NRI_P113",100
"48664",0.0188087779679336,"NRI_P113",25
"48665",0.0188087779679336,"NRI_P113",50
"48666",0.0188087779679336,"NRI_P113",100
"48667",0.0188087779679336,"NRI_P113",25
"48668",0.0188087779679336,"NRI_P113",50
"48669",0.0188087779679336,"NRI_P113",100
"48670",0.0188087779679336,"NRI_P113",25
"48671",0.0188087779679336,"NRI_P113",50
"48672",0.0188087779679336,"NRI_P113",100
"48673",0.0188087779679336,"NRI_P113",25
"48674",0.0188087779679336,"NRI_P113",50
"48675",0.0188087779679336,"NRI_P113",100
"48676",0.0188087779679336,"NRI_P113",25
"48677",0.0188087779679336,"NRI_P113",50
"48678",0.0188087779679336,"NRI_P113",100
"48679",0.0188087779679336,"NRI_P113",25
"48680",0.0188087779679336,"NRI_P113",50
"48681",0.0188087779679336,"NRI_P113",100
"48682",0.0188087779679336,"NRI_P113",25
"48683",0.0188087779679336,"NRI_P113",50
"48684",0.0188087779679336,"NRI_P113",100
"48685",0.0188087779679336,"NRI_P113",25
"48686",0.0188087779679336,"NRI_P113",50
"48687",0.0188087779679336,"NRI_P113",100
"48688",0.0188087779679336,"NRI_P113",25
"48689",0.0188087779679336,"NRI_P113",50
"48690",0.0188087779679336,"NRI_P113",100
"48691",0.0188087779679336,"NRI_P113",25
"48692",0.0188087779679336,"NRI_P113",50
"48693",0.0188087779679336,"NRI_P113",100
"48694",0.0188087779679336,"NRI_P113",25
"48695",0.0188087779679336,"NRI_P113",50
"48696",0.0188087779679336,"NRI_P113",100
"48697",0.0188087779679336,"NRI_P113",25
"48698",0.0188087779679336,"NRI_P113",50
"48699",0.0188087779679336,"NRI_P113",100
"48700",0.0188087779679336,"NRI_P113",25
"48701",0.0188087779679336,"NRI_P113",50
"48702",0.0188087779679336,"NRI_P113",100
"48703",0.0188087779679336,"NRI_P113",25
"48704",0.0188087779679336,"NRI_P113",50
"48705",0.0188087779679336,"NRI_P113",100
"48706",0.0188087779679336,"NRI_P113",25
"48707",0.0188087779679336,"NRI_P113",50
"48708",0.0188087779679336,"NRI_P113",100
"48709",0.0188087779679336,"NRI_P113",25
"48710",0.0188087779679336,"NRI_P113",50
"48711",0.0188087779679336,"NRI_P113",100
"48712",0.0188087779679336,"NRI_P113",25
"48713",0.0188087779679336,"NRI_P113",50
"48714",0.0188087779679336,"NRI_P113",100
"48715",0.0188087779679336,"NRI_P113",25
"48716",0.0188087779679336,"NRI_P113",50
"48717",0.0188087779679336,"NRI_P113",100
"48718",0.0188087779679336,"NRI_P113",25
"48719",0.0188087779679336,"NRI_P113",50
"48720",0.0188087779679336,"NRI_P113",100
"48721",0.0188087779679336,"NRI_P113",25
"48722",0.0188087779679336,"NRI_P113",50
"48723",0.0188087779679336,"NRI_P113",100
"48724",0.0188087779679336,"NRI_P113",25
"48725",0.0188087779679336,"NRI_P113",50
"48726",0.0188087779679336,"NRI_P113",100
"48727",0.0188087779679336,"NRI_P113",25
"48728",0.0188087779679336,"NRI_P113",50
"48729",0.0188087779679336,"NRI_P113",100
"48730",0.0188087779679336,"NRI_P113",25
"48731",0.0188087779679336,"NRI_P113",50
"48732",0.0188087779679336,"NRI_P113",100
"48733",0.0188087779679336,"NRI_P113",25
"48734",0.0188087779679336,"NRI_P113",50
"48735",0.0188087779679336,"NRI_P113",100
"48736",0.0188087779679336,"NRI_P113",25
"48737",0.0188087779679336,"NRI_P113",50
"48738",0.0188087779679336,"NRI_P113",100
"48739",0.0188087779679336,"NRI_P113",25
"48740",0.0188087779679336,"NRI_P113",50
"48741",0.0188087779679336,"NRI_P113",100
"48742",0.0188087779679336,"NRI_P113",25
"48743",0.0188087779679336,"NRI_P113",50
"48744",0.0188087779679336,"NRI_P113",100
"48745",0.0188087779679336,"NRI_P113",25
"48746",0.0188087779679336,"NRI_P113",50
"48747",0.0188087779679336,"NRI_P113",100
"48748",0.0188087779679336,"NRI_P113",25
"48749",0.0188087779679336,"NRI_P113",50
"48750",0.0188087779679336,"NRI_P113",100
"48751",0.0188087779679336,"NRI_P113",25
"48752",0.0188087779679336,"NRI_P113",50
"48753",0.0188087779679336,"NRI_P113",100
"48754",0.0188087779679336,"NRI_P113",25
"48755",0.0188087779679336,"NRI_P113",50
"48756",0.0188087779679336,"NRI_P113",100
"48757",0.0188087779679336,"NRI_P113",25
"48758",0.0188087779679336,"NRI_P113",50
"48759",0.0188087779679336,"NRI_P113",100
"48760",0.0188087779679336,"NRI_P113",25
"48761",0.0188087779679336,"NRI_P113",50
"48762",0.0188087779679336,"NRI_P113",100
"48763",0.0188087779679336,"NRI_P113",25
"48764",0.0188087779679336,"NRI_P113",50
"48765",0.0188087779679336,"NRI_P113",100
"48766",0.0188087779679336,"NRI_P113",25
"48767",0.0188087779679336,"NRI_P113",50
"48768",0.0188087779679336,"NRI_P113",100
"48769",0.0188087779679336,"NRI_P113",25
"48770",0.0188087779679336,"NRI_P113",50
"48771",0.0188087779679336,"NRI_P113",100
"48772",0.0188087779679336,"NRI_P113",25
"48773",0.0188087779679336,"NRI_P113",50
"48774",0.0188087779679336,"NRI_P113",100
"48775",0.0188087779679336,"NRI_P113",25
"48776",0.0188087779679336,"NRI_P113",50
"48777",0.0188087779679336,"NRI_P113",100
"48778",0.0188087779679336,"NRI_P113",25
"48779",0.0188087779679336,"NRI_P113",50
"48780",0.0188087779679336,"NRI_P113",100
"48781",0.0188087779679336,"NRI_P113",25
"48782",0.0188087779679336,"NRI_P113",50
"48783",0.0188087779679336,"NRI_P113",100
"48784",0.0188087779679336,"NRI_P113",25
"48785",0.0188087779679336,"NRI_P113",50
"48786",0.0188087779679336,"NRI_P113",100
"48787",0.0188087779679336,"NRI_P113",25
"48788",0.0188087779679336,"NRI_P113",50
"48789",0.0188087779679336,"NRI_P113",100
"48790",0.0188087779679336,"NRI_P113",25
"48791",0.0188087779679336,"NRI_P113",50
"48792",0.0188087779679336,"NRI_P113",100
"48793",0.0188087779679336,"NRI_P113",25
"48794",0.0188087779679336,"NRI_P113",50
"48795",0.0188087779679336,"NRI_P113",100
"48796",0.0188087779679336,"NRI_P113",25
"48797",0.0188087779679336,"NRI_P113",50
"48798",0.0188087779679336,"NRI_P113",100
"48799",0.0188087779679336,"NRI_P113",25
"48800",0.0188087779679336,"NRI_P113",50
"48801",0.0188087779679336,"NRI_P113",100
"48802",0.0188087779679336,"NRI_P113",25
"48803",0.0188087779679336,"NRI_P113",50
"48804",0.0188087779679336,"NRI_P113",100
"48805",0.0188087779679336,"NRI_P113",25
"48806",0.0188087779679336,"NRI_P113",50
"48807",0.0188087779679336,"NRI_P113",100
"48808",0.0188087779679336,"NRI_P113",25
"48809",0.0188087779679336,"NRI_P113",50
"48810",0.0188087779679336,"NRI_P113",100
"48811",0.0188087779679336,"NRI_P113",25
"48812",0.0188087779679336,"NRI_P113",50
"48813",0.0188087779679336,"NRI_P113",100
"48814",0.0188087779679336,"NRI_P113",25
"48815",0.0188087779679336,"NRI_P113",50
"48816",0.0188087779679336,"NRI_P113",100
"48817",0.0188087779679336,"NRI_P113",25
"48818",0.0188087779679336,"NRI_P113",50
"48819",0.0188087779679336,"NRI_P113",100
"48820",0.0188087779679336,"NRI_P113",25
"48821",0.0188087779679336,"NRI_P113",50
"48822",0.0188087779679336,"NRI_P113",100
"48823",0.0188087779679336,"NRI_P113",25
"48824",0.0188087779679336,"NRI_P113",50
"48825",0.0188087779679336,"NRI_P113",100
"48826",0.0188087779679336,"NRI_P113",25
"48827",0.0188087779679336,"NRI_P113",50
"48828",0.0188087779679336,"NRI_P113",100
"48829",0.0188087779679336,"NRI_P113",25
"48830",0.0188087779679336,"NRI_P113",50
"48831",0.0188087779679336,"NRI_P113",100
"48832",0.0188087779679336,"NRI_P113",25
"48833",0.0188087779679336,"NRI_P113",50
"48834",0.0188087779679336,"NRI_P113",100
"48835",0.0188087779679336,"NRI_P113",25
"48836",0.0188087779679336,"NRI_P113",50
"48837",0.0188087779679336,"NRI_P113",100
"48838",0.0188087779679336,"NRI_P113",25
"48839",0.0188087779679336,"NRI_P113",50
"48840",0.0188087779679336,"NRI_P113",100
"48841",0.0188087779679336,"NRI_P113",25
"48842",0.0188087779679336,"NRI_P113",50
"48843",0.0188087779679336,"NRI_P113",100
"48844",0.0188087779679336,"NRI_P113",25
"48845",0.0188087779679336,"NRI_P113",50
"48846",0.0188087779679336,"NRI_P113",100
"48847",0.0188087779679336,"NRI_P113",25
"48848",0.0188087779679336,"NRI_P113",50
"48849",0.0188087779679336,"NRI_P113",100
"48850",0.0188087779679336,"NRI_P113",25
"48851",0.0188087779679336,"NRI_P113",50
"48852",0.0188087779679336,"NRI_P113",100
"48853",0.0188087779679336,"NRI_P113",25
"48854",0.0188087779679336,"NRI_P113",50
"48855",0.0188087779679336,"NRI_P113",100
"48856",0.0188087779679336,"NRI_P113",25
"48857",0.0188087779679336,"NRI_P113",50
"48858",0.0188087779679336,"NRI_P113",100
"48859",0.0188087779679336,"NRI_P113",25
"48860",0.0188087779679336,"NRI_P113",50
"48861",0.0188087779679336,"NRI_P113",100
"48862",0.0188087779679336,"NRI_P113",25
"48863",0.0188087779679336,"NRI_P113",50
"48864",0.0188087779679336,"NRI_P113",100
"48865",0.0188087779679336,"NRI_P113",25
"48866",0.0188087779679336,"NRI_P113",50
"48867",0.0188087779679336,"NRI_P113",100
"48868",0.0188087779679336,"NRI_P113",25
"48869",0.0188087779679336,"NRI_P113",50
"48870",0.0188087779679336,"NRI_P113",100
"48871",0.0188087779679336,"NRI_P113",25
"48872",0.0188087779679336,"NRI_P113",50
"48873",0.0188087779679336,"NRI_P113",100
"48874",0.0188087779679336,"NRI_P113",25
"48875",0.0188087779679336,"NRI_P113",50
"48876",0.0188087779679336,"NRI_P113",100
"48877",0.0188087779679336,"NRI_P113",25
"48878",0.0188087779679336,"NRI_P113",50
"48879",0.0188087779679336,"NRI_P113",100
"48880",0.0188087779679336,"NRI_P113",25
"48881",0.0188087779679336,"NRI_P113",50
"48882",0.0188087779679336,"NRI_P113",100
"48883",0.0188087779679336,"NRI_P113",25
"48884",0.0188087779679336,"NRI_P113",50
"48885",0.0188087779679336,"NRI_P113",100
"48886",0.0188087779679336,"NRI_P113",25
"48887",0.0188087779679336,"NRI_P113",50
"48888",0.0188087779679336,"NRI_P113",100
"48889",0.0188087779679336,"NRI_P113",25
"48890",0.0188087779679336,"NRI_P113",50
"48891",0.0188087779679336,"NRI_P113",100
"48892",0.0188087779679336,"NRI_P113",25
"48893",0.0188087779679336,"NRI_P113",50
"48894",0.0188087779679336,"NRI_P113",100
"48895",0.0188087779679336,"NRI_P113",25
"48896",0.0188087779679336,"NRI_P113",50
"48897",0.0188087779679336,"NRI_P113",100
"48898",0.0188087779679336,"NRI_P113",25
"48899",0.0188087779679336,"NRI_P113",50
"48900",0.0188087779679336,"NRI_P113",100
"48901",0.00443639303557575,"NRI_P114",25
"48902",0.00443639303557575,"NRI_P114",50
"48903",0.00443639303557575,"NRI_P114",100
"48904",0.00443639303557575,"NRI_P114",25
"48905",0.00443639303557575,"NRI_P114",50
"48906",0.00443639303557575,"NRI_P114",100
"48907",0.00443639303557575,"NRI_P114",25
"48908",0.00443639303557575,"NRI_P114",50
"48909",0.00443639303557575,"NRI_P114",100
"48910",0.00443639303557575,"NRI_P114",25
"48911",0.00443639303557575,"NRI_P114",50
"48912",0.00443639303557575,"NRI_P114",100
"48913",0.00443639303557575,"NRI_P114",25
"48914",0.00443639303557575,"NRI_P114",50
"48915",0.00443639303557575,"NRI_P114",100
"48916",0.00443639303557575,"NRI_P114",25
"48917",0.00443639303557575,"NRI_P114",50
"48918",0.00443639303557575,"NRI_P114",100
"48919",0.00443639303557575,"NRI_P114",25
"48920",0.00443639303557575,"NRI_P114",50
"48921",0.00443639303557575,"NRI_P114",100
"48922",0.00443639303557575,"NRI_P114",25
"48923",0.00443639303557575,"NRI_P114",50
"48924",0.00443639303557575,"NRI_P114",100
"48925",0.00443639303557575,"NRI_P114",25
"48926",0.00443639303557575,"NRI_P114",50
"48927",0.00443639303557575,"NRI_P114",100
"48928",0.00443639303557575,"NRI_P114",25
"48929",0.00443639303557575,"NRI_P114",50
"48930",0.00443639303557575,"NRI_P114",100
"48931",0.00443639303557575,"NRI_P114",25
"48932",0.00443639303557575,"NRI_P114",50
"48933",0.00443639303557575,"NRI_P114",100
"48934",0.00443639303557575,"NRI_P114",25
"48935",0.00443639303557575,"NRI_P114",50
"48936",0.00443639303557575,"NRI_P114",100
"48937",0.00443639303557575,"NRI_P114",25
"48938",0.00443639303557575,"NRI_P114",50
"48939",0.00443639303557575,"NRI_P114",100
"48940",0.00443639303557575,"NRI_P114",25
"48941",0.00443639303557575,"NRI_P114",50
"48942",0.00443639303557575,"NRI_P114",100
"48943",0.00443639303557575,"NRI_P114",25
"48944",0.00443639303557575,"NRI_P114",50
"48945",0.00443639303557575,"NRI_P114",100
"48946",0.00443639303557575,"NRI_P114",25
"48947",0.00443639303557575,"NRI_P114",50
"48948",0.00443639303557575,"NRI_P114",100
"48949",0.00443639303557575,"NRI_P114",25
"48950",0.00443639303557575,"NRI_P114",50
"48951",0.00443639303557575,"NRI_P114",100
"48952",0.00443639303557575,"NRI_P114",25
"48953",0.00443639303557575,"NRI_P114",50
"48954",0.00443639303557575,"NRI_P114",100
"48955",0.00443639303557575,"NRI_P114",25
"48956",0.00443639303557575,"NRI_P114",50
"48957",0.00443639303557575,"NRI_P114",100
"48958",0.00443639303557575,"NRI_P114",25
"48959",0.00443639303557575,"NRI_P114",50
"48960",0.00443639303557575,"NRI_P114",100
"48961",0.00443639303557575,"NRI_P114",25
"48962",0.00443639303557575,"NRI_P114",50
"48963",0.00443639303557575,"NRI_P114",100
"48964",0.00443639303557575,"NRI_P114",25
"48965",0.00443639303557575,"NRI_P114",50
"48966",0.00443639303557575,"NRI_P114",100
"48967",0.00443639303557575,"NRI_P114",25
"48968",0.00443639303557575,"NRI_P114",50
"48969",0.00443639303557575,"NRI_P114",100
"48970",0.00443639303557575,"NRI_P114",25
"48971",0.00443639303557575,"NRI_P114",50
"48972",0.00443639303557575,"NRI_P114",100
"48973",0.00443639303557575,"NRI_P114",25
"48974",0.00443639303557575,"NRI_P114",50
"48975",0.00443639303557575,"NRI_P114",100
"48976",0.00443639303557575,"NRI_P114",25
"48977",0.00443639303557575,"NRI_P114",50
"48978",0.00443639303557575,"NRI_P114",100
"48979",0.00443639303557575,"NRI_P114",25
"48980",0.00443639303557575,"NRI_P114",50
"48981",0.00443639303557575,"NRI_P114",100
"48982",0.00443639303557575,"NRI_P114",25
"48983",0.00443639303557575,"NRI_P114",50
"48984",0.00443639303557575,"NRI_P114",100
"48985",0.00443639303557575,"NRI_P114",25
"48986",0.00443639303557575,"NRI_P114",50
"48987",0.00443639303557575,"NRI_P114",100
"48988",0.00443639303557575,"NRI_P114",25
"48989",0.00443639303557575,"NRI_P114",50
"48990",0.00443639303557575,"NRI_P114",100
"48991",0.00443639303557575,"NRI_P114",25
"48992",0.00443639303557575,"NRI_P114",50
"48993",0.00443639303557575,"NRI_P114",100
"48994",0.00443639303557575,"NRI_P114",25
"48995",0.00443639303557575,"NRI_P114",50
"48996",0.00443639303557575,"NRI_P114",100
"48997",0.00443639303557575,"NRI_P114",25
"48998",0.00443639303557575,"NRI_P114",50
"48999",0.00443639303557575,"NRI_P114",100
"49000",0.00443639303557575,"NRI_P114",25
"49001",0.00443639303557575,"NRI_P114",50
"49002",0.00443639303557575,"NRI_P114",100
"49003",0.00443639303557575,"NRI_P114",25
"49004",0.00443639303557575,"NRI_P114",50
"49005",0.00443639303557575,"NRI_P114",100
"49006",0.00443639303557575,"NRI_P114",25
"49007",0.00443639303557575,"NRI_P114",50
"49008",0.00443639303557575,"NRI_P114",100
"49009",0.00443639303557575,"NRI_P114",25
"49010",0.00443639303557575,"NRI_P114",50
"49011",0.00443639303557575,"NRI_P114",100
"49012",0.00443639303557575,"NRI_P114",25
"49013",0.00443639303557575,"NRI_P114",50
"49014",0.00443639303557575,"NRI_P114",100
"49015",0.00443639303557575,"NRI_P114",25
"49016",0.00443639303557575,"NRI_P114",50
"49017",0.00443639303557575,"NRI_P114",100
"49018",0.00443639303557575,"NRI_P114",25
"49019",0.00443639303557575,"NRI_P114",50
"49020",0.00443639303557575,"NRI_P114",100
"49021",0.00443639303557575,"NRI_P114",25
"49022",0.00443639303557575,"NRI_P114",50
"49023",0.00443639303557575,"NRI_P114",100
"49024",0.00443639303557575,"NRI_P114",25
"49025",0.00443639303557575,"NRI_P114",50
"49026",0.00443639303557575,"NRI_P114",100
"49027",0.00443639303557575,"NRI_P114",25
"49028",0.00443639303557575,"NRI_P114",50
"49029",0.00443639303557575,"NRI_P114",100
"49030",0.00443639303557575,"NRI_P114",25
"49031",0.00443639303557575,"NRI_P114",50
"49032",0.00443639303557575,"NRI_P114",100
"49033",0.00443639303557575,"NRI_P114",25
"49034",0.00443639303557575,"NRI_P114",50
"49035",0.00443639303557575,"NRI_P114",100
"49036",0.00443639303557575,"NRI_P114",25
"49037",0.00443639303557575,"NRI_P114",50
"49038",0.00443639303557575,"NRI_P114",100
"49039",0.00443639303557575,"NRI_P114",25
"49040",0.00443639303557575,"NRI_P114",50
"49041",0.00443639303557575,"NRI_P114",100
"49042",0.00443639303557575,"NRI_P114",25
"49043",0.00443639303557575,"NRI_P114",50
"49044",0.00443639303557575,"NRI_P114",100
"49045",0.00443639303557575,"NRI_P114",25
"49046",0.00443639303557575,"NRI_P114",50
"49047",0.00443639303557575,"NRI_P114",100
"49048",0.00443639303557575,"NRI_P114",25
"49049",0.00443639303557575,"NRI_P114",50
"49050",0.00443639303557575,"NRI_P114",100
"49051",0.00443639303557575,"NRI_P114",25
"49052",0.00443639303557575,"NRI_P114",50
"49053",0.00443639303557575,"NRI_P114",100
"49054",0.00443639303557575,"NRI_P114",25
"49055",0.00443639303557575,"NRI_P114",50
"49056",0.00443639303557575,"NRI_P114",100
"49057",0.00443639303557575,"NRI_P114",25
"49058",0.00443639303557575,"NRI_P114",50
"49059",0.00443639303557575,"NRI_P114",100
"49060",0.00443639303557575,"NRI_P114",25
"49061",0.00443639303557575,"NRI_P114",50
"49062",0.00443639303557575,"NRI_P114",100
"49063",0.00443639303557575,"NRI_P114",25
"49064",0.00443639303557575,"NRI_P114",50
"49065",0.00443639303557575,"NRI_P114",100
"49066",0.00443639303557575,"NRI_P114",25
"49067",0.00443639303557575,"NRI_P114",50
"49068",0.00443639303557575,"NRI_P114",100
"49069",0.00443639303557575,"NRI_P114",25
"49070",0.00443639303557575,"NRI_P114",50
"49071",0.00443639303557575,"NRI_P114",100
"49072",0.00443639303557575,"NRI_P114",25
"49073",0.00443639303557575,"NRI_P114",50
"49074",0.00443639303557575,"NRI_P114",100
"49075",0.00443639303557575,"NRI_P114",25
"49076",0.00443639303557575,"NRI_P114",50
"49077",0.00443639303557575,"NRI_P114",100
"49078",0.00443639303557575,"NRI_P114",25
"49079",0.00443639303557575,"NRI_P114",50
"49080",0.00443639303557575,"NRI_P114",100
"49081",0.00443639303557575,"NRI_P114",25
"49082",0.00443639303557575,"NRI_P114",50
"49083",0.00443639303557575,"NRI_P114",100
"49084",0.00443639303557575,"NRI_P114",25
"49085",0.00443639303557575,"NRI_P114",50
"49086",0.00443639303557575,"NRI_P114",100
"49087",0.00443639303557575,"NRI_P114",25
"49088",0.00443639303557575,"NRI_P114",50
"49089",0.00443639303557575,"NRI_P114",100
"49090",0.00443639303557575,"NRI_P114",25
"49091",0.00443639303557575,"NRI_P114",50
"49092",0.00443639303557575,"NRI_P114",100
"49093",0.00443639303557575,"NRI_P114",25
"49094",0.00443639303557575,"NRI_P114",50
"49095",0.00443639303557575,"NRI_P114",100
"49096",0.00443639303557575,"NRI_P114",25
"49097",0.00443639303557575,"NRI_P114",50
"49098",0.00443639303557575,"NRI_P114",100
"49099",0.00443639303557575,"NRI_P114",25
"49100",0.00443639303557575,"NRI_P114",50
"49101",0.00443639303557575,"NRI_P114",100
"49102",0.00443639303557575,"NRI_P114",25
"49103",0.00443639303557575,"NRI_P114",50
"49104",0.00443639303557575,"NRI_P114",100
"49105",0.00443639303557575,"NRI_P114",25
"49106",0.00443639303557575,"NRI_P114",50
"49107",0.00443639303557575,"NRI_P114",100
"49108",0.00443639303557575,"NRI_P114",25
"49109",0.00443639303557575,"NRI_P114",50
"49110",0.00443639303557575,"NRI_P114",100
"49111",0.00443639303557575,"NRI_P114",25
"49112",0.00443639303557575,"NRI_P114",50
"49113",0.00443639303557575,"NRI_P114",100
"49114",0.00443639303557575,"NRI_P114",25
"49115",0.00443639303557575,"NRI_P114",50
"49116",0.00443639303557575,"NRI_P114",100
"49117",0.00443639303557575,"NRI_P114",25
"49118",0.00443639303557575,"NRI_P114",50
"49119",0.00443639303557575,"NRI_P114",100
"49120",0.00443639303557575,"NRI_P114",25
"49121",0.00443639303557575,"NRI_P114",50
"49122",0.00443639303557575,"NRI_P114",100
"49123",0.00443639303557575,"NRI_P114",25
"49124",0.00443639303557575,"NRI_P114",50
"49125",0.00443639303557575,"NRI_P114",100
"49126",0.00443639303557575,"NRI_P114",25
"49127",0.00443639303557575,"NRI_P114",50
"49128",0.00443639303557575,"NRI_P114",100
"49129",0.00443639303557575,"NRI_P114",25
"49130",0.00443639303557575,"NRI_P114",50
"49131",0.00443639303557575,"NRI_P114",100
"49132",0.00443639303557575,"NRI_P114",25
"49133",0.00443639303557575,"NRI_P114",50
"49134",0.00443639303557575,"NRI_P114",100
"49135",0.00443639303557575,"NRI_P114",25
"49136",0.00443639303557575,"NRI_P114",50
"49137",0.00443639303557575,"NRI_P114",100
"49138",0.00443639303557575,"NRI_P114",25
"49139",0.00443639303557575,"NRI_P114",50
"49140",0.00443639303557575,"NRI_P114",100
"49141",0.00443639303557575,"NRI_P114",25
"49142",0.00443639303557575,"NRI_P114",50
"49143",0.00443639303557575,"NRI_P114",100
"49144",0.00443639303557575,"NRI_P114",25
"49145",0.00443639303557575,"NRI_P114",50
"49146",0.00443639303557575,"NRI_P114",100
"49147",0.00443639303557575,"NRI_P114",25
"49148",0.00443639303557575,"NRI_P114",50
"49149",0.00443639303557575,"NRI_P114",100
"49150",0.00443639303557575,"NRI_P114",25
"49151",0.00443639303557575,"NRI_P114",50
"49152",0.00443639303557575,"NRI_P114",100
"49153",0.00443639303557575,"NRI_P114",25
"49154",0.00443639303557575,"NRI_P114",50
"49155",0.00443639303557575,"NRI_P114",100
"49156",0.00443639303557575,"NRI_P114",25
"49157",0.00443639303557575,"NRI_P114",50
"49158",0.00443639303557575,"NRI_P114",100
"49159",0.00443639303557575,"NRI_P114",25
"49160",0.00443639303557575,"NRI_P114",50
"49161",0.00443639303557575,"NRI_P114",100
"49162",0.00443639303557575,"NRI_P114",25
"49163",0.00443639303557575,"NRI_P114",50
"49164",0.00443639303557575,"NRI_P114",100
"49165",0.00443639303557575,"NRI_P114",25
"49166",0.00443639303557575,"NRI_P114",50
"49167",0.00443639303557575,"NRI_P114",100
"49168",0.00443639303557575,"NRI_P114",25
"49169",0.00443639303557575,"NRI_P114",50
"49170",0.00443639303557575,"NRI_P114",100
"49171",0.00443639303557575,"NRI_P114",25
"49172",0.00443639303557575,"NRI_P114",50
"49173",0.00443639303557575,"NRI_P114",100
"49174",0.00443639303557575,"NRI_P114",25
"49175",0.00443639303557575,"NRI_P114",50
"49176",0.00443639303557575,"NRI_P114",100
"49177",0.00443639303557575,"NRI_P114",25
"49178",0.00443639303557575,"NRI_P114",50
"49179",0.00443639303557575,"NRI_P114",100
"49180",0.00443639303557575,"NRI_P114",25
"49181",0.00443639303557575,"NRI_P114",50
"49182",0.00443639303557575,"NRI_P114",100
"49183",0.00443639303557575,"NRI_P114",25
"49184",0.00443639303557575,"NRI_P114",50
"49185",0.00443639303557575,"NRI_P114",100
"49186",0.00443639303557575,"NRI_P114",25
"49187",0.00443639303557575,"NRI_P114",50
"49188",0.00443639303557575,"NRI_P114",100
"49189",0.00443639303557575,"NRI_P114",25
"49190",0.00443639303557575,"NRI_P114",50
"49191",0.00443639303557575,"NRI_P114",100
"49192",0.00443639303557575,"NRI_P114",25
"49193",0.00443639303557575,"NRI_P114",50
"49194",0.00443639303557575,"NRI_P114",100
"49195",0.00443639303557575,"NRI_P114",25
"49196",0.00443639303557575,"NRI_P114",50
"49197",0.00443639303557575,"NRI_P114",100
"49198",0.00443639303557575,"NRI_P114",25
"49199",0.00443639303557575,"NRI_P114",50
"49200",0.00443639303557575,"NRI_P114",100
"49201",-0.00485871999990195,"NRI_P115",25
"49202",-0.00485871999990195,"NRI_P115",50
"49203",1011.73514127999,"NRI_P115",100
"49204",-0.00485871999990195,"NRI_P115",25
"49205",-0.00485871999990195,"NRI_P115",50
"49206",641.146141280013,"NRI_P115",100
"49207",-0.00485871999990195,"NRI_P115",25
"49208",-0.00485871999990195,"NRI_P115",50
"49209",-9106.87345871999,"NRI_P115",100
"49210",-0.00485871999990195,"NRI_P115",25
"49211",-0.00485871999990195,"NRI_P115",50
"49212",674.095741280005,"NRI_P115",100
"49213",-0.00485871999990195,"NRI_P115",25
"49214",-0.00485871999990195,"NRI_P115",50
"49215",-1696.86095871998,"NRI_P115",100
"49216",-0.00485871999990195,"NRI_P115",25
"49217",-0.00485871999990195,"NRI_P115",50
"49218",3793.81974127999,"NRI_P115",100
"49219",-0.00485871999990195,"NRI_P115",25
"49220",-0.00485871999990195,"NRI_P115",50
"49221",-238.837658719975,"NRI_P115",100
"49222",-0.00485871999990195,"NRI_P115",25
"49223",-0.00485871999990195,"NRI_P115",50
"49224",-747.437558720005,"NRI_P115",100
"49225",-0.00485871999990195,"NRI_P115",25
"49226",-0.00485871999990195,"NRI_P115",50
"49227",-3691.46945872001,"NRI_P115",100
"49228",-0.00485871999990195,"NRI_P115",25
"49229",-0.00485871999990195,"NRI_P115",50
"49230",1450.88194128004,"NRI_P115",100
"49231",-0.00485871999990195,"NRI_P115",25
"49232",-0.00485871999990195,"NRI_P115",50
"49233",1037.50914128002,"NRI_P115",100
"49234",-0.00485871999990195,"NRI_P115",25
"49235",-0.00485871999990195,"NRI_P115",50
"49236",173.144541279995,"NRI_P115",100
"49237",-0.00485871999990195,"NRI_P115",25
"49238",-0.00485871999990195,"NRI_P115",50
"49239",-2780.32705871999,"NRI_P115",100
"49240",-0.00485871999990195,"NRI_P115",25
"49241",-0.00485871999990195,"NRI_P115",50
"49242",-4362.74174872,"NRI_P115",100
"49243",-0.00485871999990195,"NRI_P115",25
"49244",-0.00485871999990195,"NRI_P115",50
"49245",-2876.35915872001,"NRI_P115",100
"49246",-0.00485871999990195,"NRI_P115",25
"49247",-0.00485871999990195,"NRI_P115",50
"49248",-849.717858719989,"NRI_P115",100
"49249",-0.00485871999990195,"NRI_P115",25
"49250",-0.00485871999990195,"NRI_P115",50
"49251",-196.423658719985,"NRI_P115",100
"49252",-0.00485871999990195,"NRI_P115",25
"49253",-0.00485871999990195,"NRI_P115",50
"49254",102.355141279986,"NRI_P115",100
"49255",-0.00485871999990195,"NRI_P115",25
"49256",-0.00485871999990195,"NRI_P115",50
"49257",-4309.34915872,"NRI_P115",100
"49258",-0.00485871999990195,"NRI_P115",25
"49259",-0.00485871999990195,"NRI_P115",50
"49260",-1.08822872000746,"NRI_P115",100
"49261",-0.00485871999990195,"NRI_P115",25
"49262",-0.00485871999990195,"NRI_P115",50
"49263",-317.828058719984,"NRI_P115",100
"49264",-0.00485871999990195,"NRI_P115",25
"49265",-0.00485871999990195,"NRI_P115",50
"49266",2322.42114128004,"NRI_P115",100
"49267",-0.00485871999990195,"NRI_P115",25
"49268",-0.00485871999990195,"NRI_P115",50
"49269",-1340.43765872001,"NRI_P115",100
"49270",-0.00485871999990195,"NRI_P115",25
"49271",-0.00485871999990195,"NRI_P115",50
"49272",2382.11114128004,"NRI_P115",100
"49273",-0.00485871999990195,"NRI_P115",25
"49274",-0.00485871999990195,"NRI_P115",50
"49275",-1912.29341872002,"NRI_P115",100
"49276",-0.00485871999990195,"NRI_P115",25
"49277",-0.00485871999990195,"NRI_P115",50
"49278",3472.34514128004,"NRI_P115",100
"49279",-0.00485871999990195,"NRI_P115",25
"49280",-0.00485871999990195,"NRI_P115",50
"49281",1634.62014128,"NRI_P115",100
"49282",-0.00485871999990195,"NRI_P115",25
"49283",-0.00485871999990195,"NRI_P115",50
"49284",-1247.09505871998,"NRI_P115",100
"49285",-0.00485871999990195,"NRI_P115",25
"49286",-0.00485871999990195,"NRI_P115",50
"49287",-1779.06985872,"NRI_P115",100
"49288",-0.00485871999990195,"NRI_P115",25
"49289",-0.00485871999990195,"NRI_P115",50
"49290",135.386441280018,"NRI_P115",100
"49291",-0.00485871999990195,"NRI_P115",25
"49292",-0.00485871999990195,"NRI_P115",50
"49293",-433.258558720001,"NRI_P115",100
"49294",-0.00485871999990195,"NRI_P115",25
"49295",-0.00485871999990195,"NRI_P115",50
"49296",-2143.06685871998,"NRI_P115",100
"49297",-0.00485871999990195,"NRI_P115",25
"49298",-0.00485871999990195,"NRI_P115",50
"49299",-3768.87972872,"NRI_P115",100
"49300",-0.00485871999990195,"NRI_P115",25
"49301",-0.00485871999990195,"NRI_P115",50
"49302",1033.21114128001,"NRI_P115",100
"49303",-0.00485871999990195,"NRI_P115",25
"49304",-0.00485871999990195,"NRI_P115",50
"49305",656.34114128002,"NRI_P115",100
"49306",-0.00485871999990195,"NRI_P115",25
"49307",-0.00485871999990195,"NRI_P115",50
"49308",-3003.99780871999,"NRI_P115",100
"49309",-0.00485871999990195,"NRI_P115",25
"49310",-0.00485871999990195,"NRI_P115",50
"49311",-327.679358719965,"NRI_P115",100
"49312",-0.00485871999990195,"NRI_P115",25
"49313",-0.00485871999990195,"NRI_P115",50
"49314",-344.696058720001,"NRI_P115",100
"49315",-0.00485871999990195,"NRI_P115",25
"49316",-0.00485871999990195,"NRI_P115",50
"49317",-2392.37555871997,"NRI_P115",100
"49318",-0.00485871999990195,"NRI_P115",25
"49319",-0.00485871999990195,"NRI_P115",50
"49320",-221.350858720019,"NRI_P115",100
"49321",-0.00485871999990195,"NRI_P115",25
"49322",-0.00485871999990195,"NRI_P115",50
"49323",-718.463558720017,"NRI_P115",100
"49324",-0.00485871999990195,"NRI_P115",25
"49325",-0.00485871999990195,"NRI_P115",50
"49326",145.773861280002,"NRI_P115",100
"49327",-0.00485871999990195,"NRI_P115",25
"49328",-0.00485871999990195,"NRI_P115",50
"49329",-766.131458720018,"NRI_P115",100
"49330",-0.00485871999990195,"NRI_P115",25
"49331",-0.00485871999990195,"NRI_P115",50
"49332",-1238.29585871997,"NRI_P115",100
"49333",-0.00485871999990195,"NRI_P115",25
"49334",-0.00485871999990195,"NRI_P115",50
"49335",-3157.87372872001,"NRI_P115",100
"49336",-0.00485871999990195,"NRI_P115",25
"49337",-0.00485871999990195,"NRI_P115",50
"49338",-224.242858720012,"NRI_P115",100
"49339",-0.00485871999990195,"NRI_P115",25
"49340",-0.00485871999990195,"NRI_P115",50
"49341",-704.575858719996,"NRI_P115",100
"49342",-0.00485871999990195,"NRI_P115",25
"49343",-0.00485871999990195,"NRI_P115",50
"49344",3278.66764127999,"NRI_P115",100
"49345",-0.00485871999990195,"NRI_P115",25
"49346",-0.00485871999990195,"NRI_P115",50
"49347",-1398.20885871997,"NRI_P115",100
"49348",-0.00485871999990195,"NRI_P115",25
"49349",-0.00485871999990195,"NRI_P115",50
"49350",-782.976948719996,"NRI_P115",100
"49351",-0.00485871999990195,"NRI_P115",25
"49352",-0.00485871999990195,"NRI_P115",50
"49353",-4281.02255871997,"NRI_P115",100
"49354",-0.00485871999990195,"NRI_P115",25
"49355",-0.00485871999990195,"NRI_P115",50
"49356",-1613.87185871997,"NRI_P115",100
"49357",-0.00485871999990195,"NRI_P115",25
"49358",-0.00485871999990195,"NRI_P115",50
"49359",9340.05774128,"NRI_P115",100
"49360",-0.00485871999990195,"NRI_P115",25
"49361",-0.00485871999990195,"NRI_P115",50
"49362",2095.22114128002,"NRI_P115",100
"49363",-0.00485871999990195,"NRI_P115",25
"49364",-0.00485871999990195,"NRI_P115",50
"49365",-2207.92765872,"NRI_P115",100
"49366",-0.00485871999990195,"NRI_P115",25
"49367",-0.00485871999990195,"NRI_P115",50
"49368",-2287.40845872002,"NRI_P115",100
"49369",-0.00485871999990195,"NRI_P115",25
"49370",-0.00485871999990195,"NRI_P115",50
"49371",-83.0892587199924,"NRI_P115",100
"49372",-0.00485871999990195,"NRI_P115",25
"49373",-0.00485871999990195,"NRI_P115",50
"49374",-771.856148719962,"NRI_P115",100
"49375",-0.00485871999990195,"NRI_P115",25
"49376",-0.00485871999990195,"NRI_P115",50
"49377",-2069.02772871999,"NRI_P115",100
"49378",-0.00485871999990195,"NRI_P115",25
"49379",-0.00485871999990195,"NRI_P115",50
"49380",-2049.62085871998,"NRI_P115",100
"49381",-0.00485871999990195,"NRI_P115",25
"49382",-0.00485871999990195,"NRI_P115",50
"49383",-3845.51805871999,"NRI_P115",100
"49384",-0.00485871999990195,"NRI_P115",25
"49385",-0.00485871999990195,"NRI_P115",50
"49386",-8130.88785871997,"NRI_P115",100
"49387",-0.00485871999990195,"NRI_P115",25
"49388",-0.00485871999990195,"NRI_P115",50
"49389",-1444.05994871998,"NRI_P115",100
"49390",-0.00485871999990195,"NRI_P115",25
"49391",-0.00485871999990195,"NRI_P115",50
"49392",-2390.85182872001,"NRI_P115",100
"49393",-0.00485871999990195,"NRI_P115",25
"49394",-0.00485871999990195,"NRI_P115",50
"49395",-1247.10085871996,"NRI_P115",100
"49396",-0.00485871999990195,"NRI_P115",25
"49397",-0.00485871999990195,"NRI_P115",50
"49398",19.0807412799913,"NRI_P115",100
"49399",-0.00485871999990195,"NRI_P115",25
"49400",-0.00485871999990195,"NRI_P115",50
"49401",-1944.07085871999,"NRI_P115",100
"49402",-0.00485871999990195,"NRI_P115",25
"49403",-0.00485871999990195,"NRI_P115",50
"49404",1207.53464128001,"NRI_P115",100
"49405",-0.00485871999990195,"NRI_P115",25
"49406",-0.00485871999990195,"NRI_P115",50
"49407",-3301.63105872,"NRI_P115",100
"49408",-0.00485871999990195,"NRI_P115",25
"49409",-0.00485871999990195,"NRI_P115",50
"49410",789.435941279982,"NRI_P115",100
"49411",-0.00485871999990195,"NRI_P115",25
"49412",-0.00485871999990195,"NRI_P115",50
"49413",-97.6990087199956,"NRI_P115",100
"49414",-0.00485871999990195,"NRI_P115",25
"49415",-0.00485871999990195,"NRI_P115",50
"49416",-671.629808719968,"NRI_P115",100
"49417",-0.00485871999990195,"NRI_P115",25
"49418",-0.00485871999990195,"NRI_P115",50
"49419",-1247.09505871998,"NRI_P115",100
"49420",-0.00485871999990195,"NRI_P115",25
"49421",-0.00485871999990195,"NRI_P115",50
"49422",-2241.98765872,"NRI_P115",100
"49423",-0.00485871999990195,"NRI_P115",25
"49424",-0.00485871999990195,"NRI_P115",50
"49425",-458.58185871999,"NRI_P115",100
"49426",-0.00485871999990195,"NRI_P115",25
"49427",-0.00485871999990195,"NRI_P115",50
"49428",744.702961280011,"NRI_P115",100
"49429",-0.00485871999990195,"NRI_P115",25
"49430",-0.00485871999990195,"NRI_P115",50
"49431",-876.938858720008,"NRI_P115",100
"49432",-0.00485871999990195,"NRI_P115",25
"49433",-0.00485871999990195,"NRI_P115",50
"49434",-1628.95975872001,"NRI_P115",100
"49435",-0.00485871999990195,"NRI_P115",25
"49436",-0.00485871999990195,"NRI_P115",50
"49437",345.839141279983,"NRI_P115",100
"49438",-0.00485871999990195,"NRI_P115",25
"49439",-0.00485871999990195,"NRI_P115",50
"49440",1288.75234127999,"NRI_P115",100
"49441",-0.00485871999990195,"NRI_P115",25
"49442",-0.00485871999990195,"NRI_P115",50
"49443",7998.99814128003,"NRI_P115",100
"49444",-0.00485871999990195,"NRI_P115",25
"49445",-0.00485871999990195,"NRI_P115",50
"49446",-3188.53414871998,"NRI_P115",100
"49447",-0.00485871999990195,"NRI_P115",25
"49448",-0.00485871999990195,"NRI_P115",50
"49449",-1053.66493872,"NRI_P115",100
"49450",-0.00485871999990195,"NRI_P115",25
"49451",-0.00485871999990195,"NRI_P115",50
"49452",-1997.81835871999,"NRI_P115",100
"49453",-0.00485871999990195,"NRI_P115",25
"49454",-0.00485871999990195,"NRI_P115",50
"49455",1133.23364128004,"NRI_P115",100
"49456",-0.00485871999990195,"NRI_P115",25
"49457",-0.00485871999990195,"NRI_P115",50
"49458",-1415.27805872,"NRI_P115",100
"49459",-0.00485871999990195,"NRI_P115",25
"49460",-0.00485871999990195,"NRI_P115",50
"49461",5075.52714128001,"NRI_P115",100
"49462",-0.00485871999990195,"NRI_P115",25
"49463",-0.00485871999990195,"NRI_P115",50
"49464",-3798.64641872002,"NRI_P115",100
"49465",-0.00485871999990195,"NRI_P115",25
"49466",-0.00485871999990195,"NRI_P115",50
"49467",-809.713758719969,"NRI_P115",100
"49468",-0.00485871999990195,"NRI_P115",25
"49469",-0.00485871999990195,"NRI_P115",50
"49470",-1239.12875872001,"NRI_P115",100
"49471",-0.00485871999990195,"NRI_P115",25
"49472",-0.00485871999990195,"NRI_P115",50
"49473",-1959.82755872002,"NRI_P115",100
"49474",-0.00485871999990195,"NRI_P115",25
"49475",-0.00485871999990195,"NRI_P115",50
"49476",-1288.52055871999,"NRI_P115",100
"49477",-0.00485871999990195,"NRI_P115",25
"49478",-0.00485871999990195,"NRI_P115",50
"49479",-4157.61695871997,"NRI_P115",100
"49480",-0.00485871999990195,"NRI_P115",25
"49481",-0.00485871999990195,"NRI_P115",50
"49482",1298.71074128,"NRI_P115",100
"49483",-0.00485871999990195,"NRI_P115",25
"49484",-0.00485871999990195,"NRI_P115",50
"49485",-86.8328587199794,"NRI_P115",100
"49486",-0.00485871999990195,"NRI_P115",25
"49487",-0.00485871999990195,"NRI_P115",50
"49488",-3261.13595872,"NRI_P115",100
"49489",-0.00485871999990195,"NRI_P115",25
"49490",-0.00485871999990195,"NRI_P115",50
"49491",-145.281458719983,"NRI_P115",100
"49492",-0.00485871999990195,"NRI_P115",25
"49493",-0.00485871999990195,"NRI_P115",50
"49494",-4700.66275871999,"NRI_P115",100
"49495",-0.00485871999990195,"NRI_P115",25
"49496",-0.00485871999990195,"NRI_P115",50
"49497",2493.74174128001,"NRI_P115",100
"49498",-0.00485871999990195,"NRI_P115",25
"49499",-0.00485871999990195,"NRI_P115",50
"49500",-153.496348719986,"NRI_P115",100
"49501",0.00346742902183905,"NRI_P118",25
"49502",0.00346742902183905,"NRI_P118",50
"49503",0.00346742902183905,"NRI_P118",100
"49504",0.00346742902183905,"NRI_P118",25
"49505",0.00346742902183905,"NRI_P118",50
"49506",0.00346742902183905,"NRI_P118",100
"49507",0.00346742902183905,"NRI_P118",25
"49508",0.00346742902183905,"NRI_P118",50
"49509",0.00346742902183905,"NRI_P118",100
"49510",0.00346742902183905,"NRI_P118",25
"49511",0.00346742902183905,"NRI_P118",50
"49512",0.00346742902183905,"NRI_P118",100
"49513",0.00346742902183905,"NRI_P118",25
"49514",0.00346742902183905,"NRI_P118",50
"49515",0.00346742902183905,"NRI_P118",100
"49516",0.00346742902183905,"NRI_P118",25
"49517",0.00346742902183905,"NRI_P118",50
"49518",0.00346742902183905,"NRI_P118",100
"49519",0.00346742902183905,"NRI_P118",25
"49520",0.00346742902183905,"NRI_P118",50
"49521",0.00346742902183905,"NRI_P118",100
"49522",0.00346742902183905,"NRI_P118",25
"49523",0.00346742902183905,"NRI_P118",50
"49524",0.00346742902183905,"NRI_P118",100
"49525",0.00346742902183905,"NRI_P118",25
"49526",0.00346742902183905,"NRI_P118",50
"49527",0.00346742902183905,"NRI_P118",100
"49528",0.00346742902183905,"NRI_P118",25
"49529",0.00346742902183905,"NRI_P118",50
"49530",0.00346742902183905,"NRI_P118",100
"49531",0.00346742902183905,"NRI_P118",25
"49532",0.00346742902183905,"NRI_P118",50
"49533",0.00346742902183905,"NRI_P118",100
"49534",0.00346742902183905,"NRI_P118",25
"49535",0.00346742902183905,"NRI_P118",50
"49536",0.00346742902183905,"NRI_P118",100
"49537",0.00346742902183905,"NRI_P118",25
"49538",0.00346742902183905,"NRI_P118",50
"49539",0.00346742902183905,"NRI_P118",100
"49540",0.00346742902183905,"NRI_P118",25
"49541",0.00346742902183905,"NRI_P118",50
"49542",0.00346742902183905,"NRI_P118",100
"49543",0.00346742902183905,"NRI_P118",25
"49544",0.00346742902183905,"NRI_P118",50
"49545",0.00346742902183905,"NRI_P118",100
"49546",0.00346742902183905,"NRI_P118",25
"49547",0.00346742902183905,"NRI_P118",50
"49548",0.00346742902183905,"NRI_P118",100
"49549",0.00346742902183905,"NRI_P118",25
"49550",0.00346742902183905,"NRI_P118",50
"49551",0.00346742902183905,"NRI_P118",100
"49552",0.00346742902183905,"NRI_P118",25
"49553",0.00346742902183905,"NRI_P118",50
"49554",0.00346742902183905,"NRI_P118",100
"49555",0.00346742902183905,"NRI_P118",25
"49556",0.00346742902183905,"NRI_P118",50
"49557",0.00346742902183905,"NRI_P118",100
"49558",0.00346742902183905,"NRI_P118",25
"49559",0.00346742902183905,"NRI_P118",50
"49560",0.00346742902183905,"NRI_P118",100
"49561",0.00346742902183905,"NRI_P118",25
"49562",0.00346742902183905,"NRI_P118",50
"49563",0.00346742902183905,"NRI_P118",100
"49564",0.00346742902183905,"NRI_P118",25
"49565",0.00346742902183905,"NRI_P118",50
"49566",0.00346742902183905,"NRI_P118",100
"49567",0.00346742902183905,"NRI_P118",25
"49568",0.00346742902183905,"NRI_P118",50
"49569",0.00346742902183905,"NRI_P118",100
"49570",0.00346742902183905,"NRI_P118",25
"49571",0.00346742902183905,"NRI_P118",50
"49572",0.00346742902183905,"NRI_P118",100
"49573",0.00346742902183905,"NRI_P118",25
"49574",0.00346742902183905,"NRI_P118",50
"49575",0.00346742902183905,"NRI_P118",100
"49576",0.00346742902183905,"NRI_P118",25
"49577",0.00346742902183905,"NRI_P118",50
"49578",0.00346742902183905,"NRI_P118",100
"49579",0.00346742902183905,"NRI_P118",25
"49580",0.00346742902183905,"NRI_P118",50
"49581",0.00346742902183905,"NRI_P118",100
"49582",0.00346742902183905,"NRI_P118",25
"49583",0.00346742902183905,"NRI_P118",50
"49584",0.00346742902183905,"NRI_P118",100
"49585",0.00346742902183905,"NRI_P118",25
"49586",0.00346742902183905,"NRI_P118",50
"49587",0.00346742902183905,"NRI_P118",100
"49588",0.00346742902183905,"NRI_P118",25
"49589",0.00346742902183905,"NRI_P118",50
"49590",0.00346742902183905,"NRI_P118",100
"49591",0.00346742902183905,"NRI_P118",25
"49592",0.00346742902183905,"NRI_P118",50
"49593",0.00346742902183905,"NRI_P118",100
"49594",0.00346742902183905,"NRI_P118",25
"49595",0.00346742902183905,"NRI_P118",50
"49596",0.00346742902183905,"NRI_P118",100
"49597",0.00346742902183905,"NRI_P118",25
"49598",0.00346742902183905,"NRI_P118",50
"49599",0.00346742902183905,"NRI_P118",100
"49600",0.00346742902183905,"NRI_P118",25
"49601",0.00346742902183905,"NRI_P118",50
"49602",0.00346742902183905,"NRI_P118",100
"49603",0.00346742902183905,"NRI_P118",25
"49604",0.00346742902183905,"NRI_P118",50
"49605",0.00346742902183905,"NRI_P118",100
"49606",0.00346742902183905,"NRI_P118",25
"49607",0.00346742902183905,"NRI_P118",50
"49608",0.00346742902183905,"NRI_P118",100
"49609",0.00346742902183905,"NRI_P118",25
"49610",0.00346742902183905,"NRI_P118",50
"49611",0.00346742902183905,"NRI_P118",100
"49612",0.00346742902183905,"NRI_P118",25
"49613",0.00346742902183905,"NRI_P118",50
"49614",0.00346742902183905,"NRI_P118",100
"49615",0.00346742902183905,"NRI_P118",25
"49616",0.00346742902183905,"NRI_P118",50
"49617",0.00346742902183905,"NRI_P118",100
"49618",0.00346742902183905,"NRI_P118",25
"49619",0.00346742902183905,"NRI_P118",50
"49620",0.00346742902183905,"NRI_P118",100
"49621",0.00346742902183905,"NRI_P118",25
"49622",0.00346742902183905,"NRI_P118",50
"49623",0.00346742902183905,"NRI_P118",100
"49624",0.00346742902183905,"NRI_P118",25
"49625",0.00346742902183905,"NRI_P118",50
"49626",0.00346742902183905,"NRI_P118",100
"49627",0.00346742902183905,"NRI_P118",25
"49628",0.00346742902183905,"NRI_P118",50
"49629",0.00346742902183905,"NRI_P118",100
"49630",0.00346742902183905,"NRI_P118",25
"49631",0.00346742902183905,"NRI_P118",50
"49632",0.00346742902183905,"NRI_P118",100
"49633",0.00346742902183905,"NRI_P118",25
"49634",0.00346742902183905,"NRI_P118",50
"49635",0.00346742902183905,"NRI_P118",100
"49636",0.00346742902183905,"NRI_P118",25
"49637",0.00346742902183905,"NRI_P118",50
"49638",0.00346742902183905,"NRI_P118",100
"49639",0.00346742902183905,"NRI_P118",25
"49640",0.00346742902183905,"NRI_P118",50
"49641",0.00346742902183905,"NRI_P118",100
"49642",0.00346742902183905,"NRI_P118",25
"49643",0.00346742902183905,"NRI_P118",50
"49644",0.00346742902183905,"NRI_P118",100
"49645",0.00346742902183905,"NRI_P118",25
"49646",0.00346742902183905,"NRI_P118",50
"49647",0.00346742902183905,"NRI_P118",100
"49648",0.00346742902183905,"NRI_P118",25
"49649",0.00346742902183905,"NRI_P118",50
"49650",0.00346742902183905,"NRI_P118",100
"49651",0.00346742902183905,"NRI_P118",25
"49652",0.00346742902183905,"NRI_P118",50
"49653",0.00346742902183905,"NRI_P118",100
"49654",0.00346742902183905,"NRI_P118",25
"49655",0.00346742902183905,"NRI_P118",50
"49656",0.00346742902183905,"NRI_P118",100
"49657",0.00346742902183905,"NRI_P118",25
"49658",0.00346742902183905,"NRI_P118",50
"49659",0.00346742902183905,"NRI_P118",100
"49660",0.00346742902183905,"NRI_P118",25
"49661",0.00346742902183905,"NRI_P118",50
"49662",0.00346742902183905,"NRI_P118",100
"49663",0.00346742902183905,"NRI_P118",25
"49664",0.00346742902183905,"NRI_P118",50
"49665",0.00346742902183905,"NRI_P118",100
"49666",0.00346742902183905,"NRI_P118",25
"49667",0.00346742902183905,"NRI_P118",50
"49668",0.00346742902183905,"NRI_P118",100
"49669",0.00346742902183905,"NRI_P118",25
"49670",0.00346742902183905,"NRI_P118",50
"49671",0.00346742902183905,"NRI_P118",100
"49672",0.00346742902183905,"NRI_P118",25
"49673",0.00346742902183905,"NRI_P118",50
"49674",0.00346742902183905,"NRI_P118",100
"49675",0.00346742902183905,"NRI_P118",25
"49676",0.00346742902183905,"NRI_P118",50
"49677",0.00346742902183905,"NRI_P118",100
"49678",0.00346742902183905,"NRI_P118",25
"49679",0.00346742902183905,"NRI_P118",50
"49680",0.00346742902183905,"NRI_P118",100
"49681",0.00346742902183905,"NRI_P118",25
"49682",0.00346742902183905,"NRI_P118",50
"49683",0.00346742902183905,"NRI_P118",100
"49684",0.00346742902183905,"NRI_P118",25
"49685",0.00346742902183905,"NRI_P118",50
"49686",0.00346742902183905,"NRI_P118",100
"49687",0.00346742902183905,"NRI_P118",25
"49688",0.00346742902183905,"NRI_P118",50
"49689",0.00346742902183905,"NRI_P118",100
"49690",0.00346742902183905,"NRI_P118",25
"49691",0.00346742902183905,"NRI_P118",50
"49692",0.00346742902183905,"NRI_P118",100
"49693",0.00346742902183905,"NRI_P118",25
"49694",0.00346742902183905,"NRI_P118",50
"49695",0.00346742902183905,"NRI_P118",100
"49696",0.00346742902183905,"NRI_P118",25
"49697",0.00346742902183905,"NRI_P118",50
"49698",0.00346742902183905,"NRI_P118",100
"49699",0.00346742902183905,"NRI_P118",25
"49700",0.00346742902183905,"NRI_P118",50
"49701",0.00346742902183905,"NRI_P118",100
"49702",0.00346742902183905,"NRI_P118",25
"49703",0.00346742902183905,"NRI_P118",50
"49704",0.00346742902183905,"NRI_P118",100
"49705",0.00346742902183905,"NRI_P118",25
"49706",0.00346742902183905,"NRI_P118",50
"49707",0.00346742902183905,"NRI_P118",100
"49708",0.00346742902183905,"NRI_P118",25
"49709",0.00346742902183905,"NRI_P118",50
"49710",0.00346742902183905,"NRI_P118",100
"49711",0.00346742902183905,"NRI_P118",25
"49712",0.00346742902183905,"NRI_P118",50
"49713",0.00346742902183905,"NRI_P118",100
"49714",0.00346742902183905,"NRI_P118",25
"49715",0.00346742902183905,"NRI_P118",50
"49716",0.00346742902183905,"NRI_P118",100
"49717",0.00346742902183905,"NRI_P118",25
"49718",0.00346742902183905,"NRI_P118",50
"49719",0.00346742902183905,"NRI_P118",100
"49720",0.00346742902183905,"NRI_P118",25
"49721",0.00346742902183905,"NRI_P118",50
"49722",0.00346742902183905,"NRI_P118",100
"49723",0.00346742902183905,"NRI_P118",25
"49724",0.00346742902183905,"NRI_P118",50
"49725",0.00346742902183905,"NRI_P118",100
"49726",0.00346742902183905,"NRI_P118",25
"49727",0.00346742902183905,"NRI_P118",50
"49728",0.00346742902183905,"NRI_P118",100
"49729",0.00346742902183905,"NRI_P118",25
"49730",0.00346742902183905,"NRI_P118",50
"49731",0.00346742902183905,"NRI_P118",100
"49732",0.00346742902183905,"NRI_P118",25
"49733",0.00346742902183905,"NRI_P118",50
"49734",0.00346742902183905,"NRI_P118",100
"49735",0.00346742902183905,"NRI_P118",25
"49736",0.00346742902183905,"NRI_P118",50
"49737",0.00346742902183905,"NRI_P118",100
"49738",0.00346742902183905,"NRI_P118",25
"49739",0.00346742902183905,"NRI_P118",50
"49740",0.00346742902183905,"NRI_P118",100
"49741",0.00346742902183905,"NRI_P118",25
"49742",0.00346742902183905,"NRI_P118",50
"49743",0.00346742902183905,"NRI_P118",100
"49744",0.00346742902183905,"NRI_P118",25
"49745",0.00346742902183905,"NRI_P118",50
"49746",0.00346742902183905,"NRI_P118",100
"49747",0.00346742902183905,"NRI_P118",25
"49748",0.00346742902183905,"NRI_P118",50
"49749",0.00346742902183905,"NRI_P118",100
"49750",0.00346742902183905,"NRI_P118",25
"49751",0.00346742902183905,"NRI_P118",50
"49752",0.00346742902183905,"NRI_P118",100
"49753",0.00346742902183905,"NRI_P118",25
"49754",0.00346742902183905,"NRI_P118",50
"49755",0.00346742902183905,"NRI_P118",100
"49756",0.00346742902183905,"NRI_P118",25
"49757",0.00346742902183905,"NRI_P118",50
"49758",0.00346742902183905,"NRI_P118",100
"49759",0.00346742902183905,"NRI_P118",25
"49760",0.00346742902183905,"NRI_P118",50
"49761",0.00346742902183905,"NRI_P118",100
"49762",0.00346742902183905,"NRI_P118",25
"49763",0.00346742902183905,"NRI_P118",50
"49764",0.00346742902183905,"NRI_P118",100
"49765",0.00346742902183905,"NRI_P118",25
"49766",0.00346742902183905,"NRI_P118",50
"49767",0.00346742902183905,"NRI_P118",100
"49768",0.00346742902183905,"NRI_P118",25
"49769",0.00346742902183905,"NRI_P118",50
"49770",0.00346742902183905,"NRI_P118",100
"49771",0.00346742902183905,"NRI_P118",25
"49772",0.00346742902183905,"NRI_P118",50
"49773",0.00346742902183905,"NRI_P118",100
"49774",0.00346742902183905,"NRI_P118",25
"49775",0.00346742902183905,"NRI_P118",50
"49776",0.00346742902183905,"NRI_P118",100
"49777",0.00346742902183905,"NRI_P118",25
"49778",0.00346742902183905,"NRI_P118",50
"49779",0.00346742902183905,"NRI_P118",100
"49780",0.00346742902183905,"NRI_P118",25
"49781",0.00346742902183905,"NRI_P118",50
"49782",0.00346742902183905,"NRI_P118",100
"49783",0.00346742902183905,"NRI_P118",25
"49784",0.00346742902183905,"NRI_P118",50
"49785",0.00346742902183905,"NRI_P118",100
"49786",0.00346742902183905,"NRI_P118",25
"49787",0.00346742902183905,"NRI_P118",50
"49788",0.00346742902183905,"NRI_P118",100
"49789",0.00346742902183905,"NRI_P118",25
"49790",0.00346742902183905,"NRI_P118",50
"49791",0.00346742902183905,"NRI_P118",100
"49792",0.00346742902183905,"NRI_P118",25
"49793",0.00346742902183905,"NRI_P118",50
"49794",0.00346742902183905,"NRI_P118",100
"49795",0.00346742902183905,"NRI_P118",25
"49796",0.00346742902183905,"NRI_P118",50
"49797",0.00346742902183905,"NRI_P118",100
"49798",0.00346742902183905,"NRI_P118",25
"49799",0.00346742902183905,"NRI_P118",50
"49800",0.00346742902183905,"NRI_P118",100
"49801",2506.69014397706,"NRI_P119",25
"49802",-2315.43985602295,"NRI_P119",50
"49803",-7554.61624602298,"NRI_P119",100
"49804",-182.970556022949,"NRI_P119",25
"49805",-5908.62755602296,"NRI_P119",50
"49806",-6519.23615602299,"NRI_P119",100
"49807",-398.783956022933,"NRI_P119",25
"49808",-6788.71270602301,"NRI_P119",50
"49809",-7218.29455602297,"NRI_P119",100
"49810",-26.7438560229493,"NRI_P119",25
"49811",9672.92714397702,"NRI_P119",50
"49812",-5726.53635602293,"NRI_P119",100
"49813",-1251.78935602296,"NRI_P119",25
"49814",-2451.594156023,"NRI_P119",50
"49815",-4915.377256023,"NRI_P119",100
"49816",-65.4408560229931,"NRI_P119",25
"49817",-1537.251706023,"NRI_P119",50
"49818",-5464.83515602292,"NRI_P119",100
"49819",-227.693856023019,"NRI_P119",25
"49820",-1042.23045602301,"NRI_P119",50
"49821",-4703.27265602292,"NRI_P119",100
"49822",-1042.77455602295,"NRI_P119",25
"49823",-846.08925602294,"NRI_P119",50
"49824",-3181.09115602297,"NRI_P119",100
"49825",-1210.13085602294,"NRI_P119",25
"49826",3419.24464397703,"NRI_P119",50
"49827",-8241.27385602298,"NRI_P119",100
"49828",-1329.51540602301,"NRI_P119",25
"49829",-2284.79475602298,"NRI_P119",50
"49830",-6598.67055602302,"NRI_P119",100
"49831",-1397.21162602294,"NRI_P119",25
"49832",-6764.69725602295,"NRI_P119",50
"49833",-5500.21535602293,"NRI_P119",100
"49834",-146.16585602297,"NRI_P119",25
"49835",288.178243977018,"NRI_P119",50
"49836",-7116.30289602303,"NRI_P119",100
"49837",1536.45254397707,"NRI_P119",25
"49838",-5888.95705602295,"NRI_P119",50
"49839",-6370.62325602293,"NRI_P119",100
"49840",3464.26014397701,"NRI_P119",25
"49841",-1771.34455602302,"NRI_P119",50
"49842",3447.60214397707,"NRI_P119",100
"49843",3514.78814397706,"NRI_P119",25
"49844",-5446.62325602293,"NRI_P119",50
"49845",-4250.90615602303,"NRI_P119",100
"49846",-439.659796022926,"NRI_P119",25
"49847",-1257.86945602298,"NRI_P119",50
"49848",14244.3808539771,"NRI_P119",100
"49849",-481.67135602294,"NRI_P119",25
"49850",-6739.18345602299,"NRI_P119",50
"49851",-5558.07965602295,"NRI_P119",100
"49852",-839.819956023013,"NRI_P119",25
"49853",16067.503543977,"NRI_P119",50
"49854",-7740.44015602302,"NRI_P119",100
"49855",-840.670856022974,"NRI_P119",25
"49856",-1236.32905602292,"NRI_P119",50
"49857",-6859.655556023,"NRI_P119",100
"49858",-1277.52485602302,"NRI_P119",25
"49859",-4965.37785602303,"NRI_P119",50
"49860",-5297.42885602301,"NRI_P119",100
"49861",-1184.71495602303,"NRI_P119",25
"49862",-5336.32445602294,"NRI_P119",50
"49863",-5765.60045602301,"NRI_P119",100
"49864",-567.94075602293,"NRI_P119",25
"49865",-6675.17169602297,"NRI_P119",50
"49866",-7719.839356023,"NRI_P119",100
"49867",58.2537439770531,"NRI_P119",25
"49868",-6339.01865602296,"NRI_P119",50
"49869",3008.47554397699,"NRI_P119",100
"49870",-1255.36175602302,"NRI_P119",25
"49871",-6497.12165602297,"NRI_P119",50
"49872",-5079.26975602296,"NRI_P119",100
"49873",-1239.73615602299,"NRI_P119",25
"49874",34141.722543977,"NRI_P119",50
"49875",-7886.15199602302,"NRI_P119",100
"49876",-65.4408560229931,"NRI_P119",25
"49877",3226.45754397707,"NRI_P119",50
"49878",-6593.73411602294,"NRI_P119",100
"49879",-5142.29705602303,"NRI_P119",25
"49880",-5556.02785602293,"NRI_P119",50
"49881",-8133.311546023,"NRI_P119",100
"49882",2453.98614397703,"NRI_P119",25
"49883",-6066.74555602297,"NRI_P119",50
"49884",-529.432656022953,"NRI_P119",100
"49885",-5507.62505602301,"NRI_P119",25
"49886",15364.816843977,"NRI_P119",50
"49887",-523.706956023001,"NRI_P119",100
"49888",-232.939456022927,"NRI_P119",25
"49889",-5853.02535602299,"NRI_P119",50
"49890",-5492.83625602303,"NRI_P119",100
"49891",-1259.23235602293,"NRI_P119",25
"49892",-6838.168596023,"NRI_P119",50
"49893",-6508.14845602296,"NRI_P119",100
"49894",-5612.72373602295,"NRI_P119",25
"49895",16735.1925439771,"NRI_P119",50
"49896",-5114.48085602303,"NRI_P119",100
"49897",-1246.64225602301,"NRI_P119",25
"49898",-6933.29295602301,"NRI_P119",50
"49899",-7824.657956023,"NRI_P119",100
"49900",-1022.027956023,"NRI_P119",25
"49901",-6011.52491602302,"NRI_P119",50
"49902",3351.71014397708,"NRI_P119",100
"49903",-5326.73475602292,"NRI_P119",25
"49904",-6791.81385602301,"NRI_P119",50
"49905",-7633.31545602297,"NRI_P119",100
"49906",-0.553556022932753,"NRI_P119",25
"49907",-1250.95185602293,"NRI_P119",50
"49908",-6805.44905602303,"NRI_P119",100
"49909",-5125.08495602303,"NRI_P119",25
"49910",-466.345556022949,"NRI_P119",50
"49911",-1857.16845602298,"NRI_P119",100
"49912",-409.666856023017,"NRI_P119",25
"49913",-2249.82395602297,"NRI_P119",50
"49914",-3141.33905602293,"NRI_P119",100
"49915",-726.864656022983,"NRI_P119",25
"49916",-4998.005956023,"NRI_P119",50
"49917",-5754.81905602303,"NRI_P119",100
"49918",-208.310656022979,"NRI_P119",25
"49919",-2526.18955602299,"NRI_P119",50
"49920",-2196.08855602297,"NRI_P119",100
"49921",514.598543977016,"NRI_P119",25
"49922",-133.565056022955,"NRI_P119",50
"49923",-6236.26605602296,"NRI_P119",100
"49924",3030.99354397703,"NRI_P119",25
"49925",-913.713556022965,"NRI_P119",50
"49926",-6405.38155602303,"NRI_P119",100
"49927",-1291.82365602301,"NRI_P119",25
"49928",-919.018856022973,"NRI_P119",50
"49929",21883.1289439771,"NRI_P119",100
"49930",-222.591656022938,"NRI_P119",25
"49931",5204.277143977,"NRI_P119",50
"49932",-1632.67445602303,"NRI_P119",100
"49933",1520.22154397704,"NRI_P119",25
"49934",-5740.54725602292,"NRI_P119",50
"49935",-5438.15985602292,"NRI_P119",100
"49936",-960.307156022987,"NRI_P119",25
"49937",-6500.59185602295,"NRI_P119",50
"49938",-7482.47545602301,"NRI_P119",100
"49939",-5025.41195602296,"NRI_P119",25
"49940",20055.002143977,"NRI_P119",50
"49941",24265.125543977,"NRI_P119",100
"49942",-1372.54205602303,"NRI_P119",25
"49943",-6834.920156023,"NRI_P119",50
"49944",11593.032643977,"NRI_P119",100
"49945",1056.250143977,"NRI_P119",25
"49946",-495.300956022926,"NRI_P119",50
"49947",-6379.04878602293,"NRI_P119",100
"49948",-1284.89105602296,"NRI_P119",25
"49949",-1286.98565602303,"NRI_P119",50
"49950",-3433.30775602302,"NRI_P119",100
"49951",-5620.02398602292,"NRI_P119",25
"49952",-5865.38965602301,"NRI_P119",50
"49953",-7733.34965602297,"NRI_P119",100
"49954",-5250.10455602303,"NRI_P119",25
"49955",-1267.74785602302,"NRI_P119",50
"49956",28374.502443977,"NRI_P119",100
"49957",22388.105543977,"NRI_P119",25
"49958",1834.06664397707,"NRI_P119",50
"49959",22258.2110439771,"NRI_P119",100
"49960",-1189.59425602295,"NRI_P119",25
"49961",907.034243977047,"NRI_P119",50
"49962",-7593.88875602302,"NRI_P119",100
"49963",-1396.23334602301,"NRI_P119",25
"49964",-720.509356022929,"NRI_P119",50
"49965",-7087.64615602302,"NRI_P119",100
"49966",699.91214397701,"NRI_P119",25
"49967",1474.15474397701,"NRI_P119",50
"49968",-6264.65615602303,"NRI_P119",100
"49969",-1221.85405602294,"NRI_P119",25
"49970",2582.88484397705,"NRI_P119",50
"49971",-7962.33795602294,"NRI_P119",100
"49972",-1308.66225602303,"NRI_P119",25
"49973",12320.873343977,"NRI_P119",50
"49974",-7181.29751602293,"NRI_P119",100
"49975",-1017.25935602293,"NRI_P119",25
"49976",-1747.25545602292,"NRI_P119",50
"49977",-6554.878556023,"NRI_P119",100
"49978",-245.981856022961,"NRI_P119",25
"49979",-6459.84355602297,"NRI_P119",50
"49980",-6549.36245602299,"NRI_P119",100
"49981",-188.273056022939,"NRI_P119",25
"49982",806.04104397702,"NRI_P119",50
"49983",-7003.04115602293,"NRI_P119",100
"49984",-1208.97265602299,"NRI_P119",25
"49985",-5628.96755602292,"NRI_P119",50
"49986",-7218.70475602301,"NRI_P119",100
"49987",-5477.17665602302,"NRI_P119",25
"49988",-5461.333256023,"NRI_P119",50
"49989",-1738.89415602293,"NRI_P119",100
"49990",-1304.36855602299,"NRI_P119",25
"49991",-6055.438456023,"NRI_P119",50
"49992",-3974.32435602299,"NRI_P119",100
"49993",-5586.59135602298,"NRI_P119",25
"49994",-4760.46385602292,"NRI_P119",50
"49995",-6373.304956023,"NRI_P119",100
"49996",-40.1968560229288,"NRI_P119",25
"49997",-6720.88065602293,"NRI_P119",50
"49998",-4508.81085602299,"NRI_P119",100
"49999",-900.220856023021,"NRI_P119",25
"50000",-2826.57845602301,"NRI_P119",50
"50001",-7881.20015602303,"NRI_P119",100
"50002",-1221.85405602294,"NRI_P119",25
"50003",-1041.08405602293,"NRI_P119",50
"50004",-6464.93855602294,"NRI_P119",100
"50005",13267.355543977,"NRI_P119",25
"50006",-575.45875602297,"NRI_P119",50
"50007",-7303.07335602294,"NRI_P119",100
"50008",1316.83014397707,"NRI_P119",25
"50009",3378.63704397704,"NRI_P119",50
"50010",-5840.240056023,"NRI_P119",100
"50011",-5539.00985602301,"NRI_P119",25
"50012",-5571.252226023,"NRI_P119",50
"50013",-8111.06855602295,"NRI_P119",100
"50014",-1245.68705602293,"NRI_P119",25
"50015",-498.611256022938,"NRI_P119",50
"50016",-7870.58525602298,"NRI_P119",100
"50017",-4951.85565602302,"NRI_P119",25
"50018",-2367.60185602296,"NRI_P119",50
"50019",-7701.58735602302,"NRI_P119",100
"50020",-4373.90585602296,"NRI_P119",25
"50021",12345.1058439771,"NRI_P119",50
"50022",-5613.72575602296,"NRI_P119",100
"50023",78.0651439770591,"NRI_P119",25
"50024",-1879.605256023,"NRI_P119",50
"50025",-5294.27614602295,"NRI_P119",100
"50026",-5531.083056023,"NRI_P119",25
"50027",3602.77054397704,"NRI_P119",50
"50028",-6676.76169602294,"NRI_P119",100
"50029",-827.618956023012,"NRI_P119",25
"50030",-1629.57260602294,"NRI_P119",50
"50031",20445.365143977,"NRI_P119",100
"50032",-232.939456022927,"NRI_P119",25
"50033",-1099.60825602303,"NRI_P119",50
"50034",-4712.79565602296,"NRI_P119",100
"50035",-1265.11045602302,"NRI_P119",25
"50036",-1387.209326023,"NRI_P119",50
"50037",-7118.81195602298,"NRI_P119",100
"50038",-5423.94375602296,"NRI_P119",25
"50039",-2076.36355602299,"NRI_P119",50
"50040",-6706.64915602293,"NRI_P119",100
"50041",314.919243977056,"NRI_P119",25
"50042",-4526.13015602296,"NRI_P119",50
"50043",-8445.97258602292,"NRI_P119",100
"50044",9843.79114397697,"NRI_P119",25
"50045",-3995.30624602293,"NRI_P119",50
"50046",-8480.47135602299,"NRI_P119",100
"50047",-1193.32885602303,"NRI_P119",25
"50048",-2319.58365602302,"NRI_P119",50
"50049",-3501.63215602294,"NRI_P119",100
"50050",266.048343977076,"NRI_P119",25
"50051",-1878.32185602293,"NRI_P119",50
"50052",10914.311343977,"NRI_P119",100
"50053",-1790.77585602296,"NRI_P119",25
"50054",-5726.03933602292,"NRI_P119",50
"50055",-3151.244856023,"NRI_P119",100
"50056",-5494.30195602297,"NRI_P119",25
"50057",-6510.10725602298,"NRI_P119",50
"50058",6227.31994397705,"NRI_P119",100
"50059",-375.042856022948,"NRI_P119",25
"50060",-3098.16705602303,"NRI_P119",50
"50061",4394.90274397703,"NRI_P119",100
"50062",-48.2741560229333,"NRI_P119",25
"50063",-2275.65825602296,"NRI_P119",50
"50064",-7490.89235602296,"NRI_P119",100
"50065",-529.843056023004,"NRI_P119",25
"50066",-2686.22031602298,"NRI_P119",50
"50067",-6304.70541602303,"NRI_P119",100
"50068",-81.9589560229797,"NRI_P119",25
"50069",3224.334643977,"NRI_P119",50
"50070",-7844.36475602293,"NRI_P119",100
"50071",-324.922156022978,"NRI_P119",25
"50072",-6508.62841602298,"NRI_P119",50
"50073",-4404.80475602299,"NRI_P119",100
"50074",658.33554397698,"NRI_P119",25
"50075",-5348.52991602302,"NRI_P119",50
"50076",6831.07844397705,"NRI_P119",100
"50077",-168.633856022963,"NRI_P119",25
"50078",-1148.32875602297,"NRI_P119",50
"50079",-5263.21555602294,"NRI_P119",100
"50080",290.899843977066,"NRI_P119",25
"50081",3.27204397704918,"NRI_P119",50
"50082",-5029.83985602297,"NRI_P119",100
"50083",-269.479656022973,"NRI_P119",25
"50084",-1168.43415602297,"NRI_P119",50
"50085",-8394.25632602302,"NRI_P119",100
"50086",-232.939456022927,"NRI_P119",25
"50087",-4195.04025602294,"NRI_P119",50
"50088",-4772.08505602297,"NRI_P119",100
"50089",-1062.78145602299,"NRI_P119",25
"50090",844.361543977051,"NRI_P119",50
"50091",-3735.78525602294,"NRI_P119",100
"50092",-1088.52835602302,"NRI_P119",25
"50093",-6665.21599602292,"NRI_P119",50
"50094",-7222.69755602302,"NRI_P119",100
"50095",4336.38814397703,"NRI_P119",25
"50096",-463.612856023014,"NRI_P119",50
"50097",8768.02264397708,"NRI_P119",100
"50098",-3279.825856023,"NRI_P119",25
"50099",12367.137543977,"NRI_P119",50
"50100",8725.19350397703,"NRI_P119",100
"50101",0.000193740997929126,"NRI_P120",25
"50102",0.000193740997929126,"NRI_P120",50
"50103",-258.733106259024,"NRI_P120",100
"50104",0.000193740997929126,"NRI_P120",25
"50105",0.000193740997929126,"NRI_P120",50
"50106",-798.929536259035,"NRI_P120",100
"50107",0.000193740997929126,"NRI_P120",25
"50108",0.000193740997929126,"NRI_P120",50
"50109",303.775593740982,"NRI_P120",100
"50110",0.000193740997929126,"NRI_P120",25
"50111",0.000193740997929126,"NRI_P120",50
"50112",-215.403406259022,"NRI_P120",100
"50113",0.000193740997929126,"NRI_P120",25
"50114",0.000193740997929126,"NRI_P120",50
"50115",-478.248166259029,"NRI_P120",100
"50116",0.000193740997929126,"NRI_P120",25
"50117",0.000193740997929126,"NRI_P120",50
"50118",1030.11569374101,"NRI_P120",100
"50119",0.000193740997929126,"NRI_P120",25
"50120",0.000193740997929126,"NRI_P120",50
"50121",-17.7496062589926,"NRI_P120",100
"50122",0.000193740997929126,"NRI_P120",25
"50123",0.000193740997929126,"NRI_P120",50
"50124",30.8560937409638,"NRI_P120",100
"50125",0.000193740997929126,"NRI_P120",25
"50126",0.000193740997929126,"NRI_P120",50
"50127",134.783193740994,"NRI_P120",100
"50128",0.000193740997929126,"NRI_P120",25
"50129",0.000193740997929126,"NRI_P120",50
"50130",1.86909374099923,"NRI_P120",100
"50131",0.000193740997929126,"NRI_P120",25
"50132",0.000193740997929126,"NRI_P120",50
"50133",-1074.72870625899,"NRI_P120",100
"50134",0.000193740997929126,"NRI_P120",25
"50135",0.000193740997929126,"NRI_P120",50
"50136",0.000193740997929126,"NRI_P120",100
"50137",0.000193740997929126,"NRI_P120",25
"50138",0.000193740997929126,"NRI_P120",50
"50139",-1214.08290625899,"NRI_P120",100
"50140",0.000193740997929126,"NRI_P120",25
"50141",0.000193740997929126,"NRI_P120",50
"50142",-3375.598846259,"NRI_P120",100
"50143",0.000193740997929126,"NRI_P120",25
"50144",0.000193740997929126,"NRI_P120",50
"50145",-272.575906259008,"NRI_P120",100
"50146",0.000193740997929126,"NRI_P120",25
"50147",0.000193740997929126,"NRI_P120",50
"50148",43.5939937409712,"NRI_P120",100
"50149",0.000193740997929126,"NRI_P120",25
"50150",0.000193740997929126,"NRI_P120",50
"50151",196.387393740995,"NRI_P120",100
"50152",0.000193740997929126,"NRI_P120",25
"50153",0.000193740997929126,"NRI_P120",50
"50154",91.0141137409955,"NRI_P120",100
"50155",0.000193740997929126,"NRI_P120",25
"50156",0.000193740997929126,"NRI_P120",50
"50157",-320.537966258998,"NRI_P120",100
"50158",0.000193740997929126,"NRI_P120",25
"50159",0.000193740997929126,"NRI_P120",50
"50160",-2468.19707625901,"NRI_P120",100
"50161",0.000193740997929126,"NRI_P120",25
"50162",0.000193740997929126,"NRI_P120",50
"50163",177.071793740964,"NRI_P120",100
"50164",0.000193740997929126,"NRI_P120",25
"50165",0.000193740997929126,"NRI_P120",50
"50166",802.302993741003,"NRI_P120",100
"50167",0.000193740997929126,"NRI_P120",25
"50168",0.000193740997929126,"NRI_P120",50
"50169",-4891.88040625904,"NRI_P120",100
"50170",0.000193740997929126,"NRI_P120",25
"50171",0.000193740997929126,"NRI_P120",50
"50172",-112.304516258999,"NRI_P120",100
"50173",0.000193740997929126,"NRI_P120",25
"50174",0.000193740997929126,"NRI_P120",50
"50175",972.268893741013,"NRI_P120",100
"50176",0.000193740997929126,"NRI_P120",25
"50177",0.000193740997929126,"NRI_P120",50
"50178",-1108.236696259,"NRI_P120",100
"50179",0.000193740997929126,"NRI_P120",25
"50180",0.000193740997929126,"NRI_P120",50
"50181",664.623683740967,"NRI_P120",100
"50182",0.000193740997929126,"NRI_P120",25
"50183",0.000193740997929126,"NRI_P120",50
"50184",786.143993741018,"NRI_P120",100
"50185",0.000193740997929126,"NRI_P120",25
"50186",0.000193740997929126,"NRI_P120",50
"50187",-167.745906258991,"NRI_P120",100
"50188",0.000193740997929126,"NRI_P120",25
"50189",0.000193740997929126,"NRI_P120",50
"50190",54.8203937410144,"NRI_P120",100
"50191",0.000193740997929126,"NRI_P120",25
"50192",0.000193740997929126,"NRI_P120",50
"50193",-159.328006258991,"NRI_P120",100
"50194",0.000193740997929126,"NRI_P120",25
"50195",0.000193740997929126,"NRI_P120",50
"50196",316.250193740998,"NRI_P120",100
"50197",0.000193740997929126,"NRI_P120",25
"50198",0.000193740997929126,"NRI_P120",50
"50199",139.052033740969,"NRI_P120",100
"50200",0.000193740997929126,"NRI_P120",25
"50201",0.000193740997929126,"NRI_P120",50
"50202",293.314693740977,"NRI_P120",100
"50203",0.000193740997929126,"NRI_P120",25
"50204",0.000193740997929126,"NRI_P120",50
"50205",562.314293741016,"NRI_P120",100
"50206",0.000193740997929126,"NRI_P120",25
"50207",0.000193740997929126,"NRI_P120",50
"50208",990.778293740994,"NRI_P120",100
"50209",0.000193740997929126,"NRI_P120",25
"50210",0.000193740997929126,"NRI_P120",50
"50211",340.621793741011,"NRI_P120",100
"50212",0.000193740997929126,"NRI_P120",25
"50213",0.000193740997929126,"NRI_P120",50
"50214",1231.07119374099,"NRI_P120",100
"50215",0.000193740997929126,"NRI_P120",25
"50216",0.000193740997929126,"NRI_P120",50
"50217",691.631293740997,"NRI_P120",100
"50218",0.000193740997929126,"NRI_P120",25
"50219",0.000193740997929126,"NRI_P120",50
"50220",-33.3165762590361,"NRI_P120",100
"50221",0.000193740997929126,"NRI_P120",25
"50222",0.000193740997929126,"NRI_P120",50
"50223",19.7947837410029,"NRI_P120",100
"50224",0.000193740997929126,"NRI_P120",25
"50225",0.000193740997929126,"NRI_P120",50
"50226",-976.171406259004,"NRI_P120",100
"50227",0.000193740997929126,"NRI_P120",25
"50228",0.000193740997929126,"NRI_P120",50
"50229",-88.0807062590029,"NRI_P120",100
"50230",0.000193740997929126,"NRI_P120",25
"50231",0.000193740997929126,"NRI_P120",50
"50232",-211.784606259025,"NRI_P120",100
"50233",0.000193740997929126,"NRI_P120",25
"50234",0.000193740997929126,"NRI_P120",50
"50235",616.916793740995,"NRI_P120",100
"50236",0.000193740997929126,"NRI_P120",25
"50237",0.000193740997929126,"NRI_P120",50
"50238",20.1635137409903,"NRI_P120",100
"50239",0.000193740997929126,"NRI_P120",25
"50240",0.000193740997929126,"NRI_P120",50
"50241",-94.7361762590008,"NRI_P120",100
"50242",0.000193740997929126,"NRI_P120",25
"50243",0.000193740997929126,"NRI_P120",50
"50244",-522.971906259016,"NRI_P120",100
"50245",0.000193740997929126,"NRI_P120",25
"50246",0.000193740997929126,"NRI_P120",50
"50247",-417.013496258995,"NRI_P120",100
"50248",0.000193740997929126,"NRI_P120",25
"50249",0.000193740997929126,"NRI_P120",50
"50250",-1297.44800625899,"NRI_P120",100
"50251",0.000193740997929126,"NRI_P120",25
"50252",0.000193740997929126,"NRI_P120",50
"50253",-3897.56280625903,"NRI_P120",100
"50254",0.000193740997929126,"NRI_P120",25
"50255",0.000193740997929126,"NRI_P120",50
"50256",-1985.008306259,"NRI_P120",100
"50257",0.000193740997929126,"NRI_P120",25
"50258",0.000193740997929126,"NRI_P120",50
"50259",-276.456296259013,"NRI_P120",100
"50260",0.000193740997929126,"NRI_P120",25
"50261",0.000193740997929126,"NRI_P120",50
"50262",143.088143741013,"NRI_P120",100
"50263",0.000193740997929126,"NRI_P120",25
"50264",0.000193740997929126,"NRI_P120",50
"50265",28.8048937409767,"NRI_P120",100
"50266",0.000193740997929126,"NRI_P120",25
"50267",0.000193740997929126,"NRI_P120",50
"50268",-48.5016962590162,"NRI_P120",100
"50269",0.000193740997929126,"NRI_P120",25
"50270",0.000193740997929126,"NRI_P120",50
"50271",-11.3622062589857,"NRI_P120",100
"50272",0.000193740997929126,"NRI_P120",25
"50273",0.000193740997929126,"NRI_P120",50
"50274",-834.801706259022,"NRI_P120",100
"50275",0.000193740997929126,"NRI_P120",25
"50276",0.000193740997929126,"NRI_P120",50
"50277",-43.7802762589999,"NRI_P120",100
"50278",0.000193740997929126,"NRI_P120",25
"50279",0.000193740997929126,"NRI_P120",50
"50280",420.862493740977,"NRI_P120",100
"50281",0.000193740997929126,"NRI_P120",25
"50282",0.000193740997929126,"NRI_P120",50
"50283",20.9997937409789,"NRI_P120",100
"50284",0.000193740997929126,"NRI_P120",25
"50285",0.000193740997929126,"NRI_P120",50
"50286",-291.689406258985,"NRI_P120",100
"50287",0.000193740997929126,"NRI_P120",25
"50288",0.000193740997929126,"NRI_P120",50
"50289",2297.78389374097,"NRI_P120",100
"50290",0.000193740997929126,"NRI_P120",25
"50291",0.000193740997929126,"NRI_P120",50
"50292",-866.77080625901,"NRI_P120",100
"50293",0.000193740997929126,"NRI_P120",25
"50294",0.000193740997929126,"NRI_P120",50
"50295",-433.407006259018,"NRI_P120",100
"50296",0.000193740997929126,"NRI_P120",25
"50297",0.000193740997929126,"NRI_P120",50
"50298",-0.43670625903178,"NRI_P120",100
"50299",0.000193740997929126,"NRI_P120",25
"50300",0.000193740997929126,"NRI_P120",50
"50301",-894.09389625903,"NRI_P120",100
"50302",0.000193740997929126,"NRI_P120",25
"50303",0.000193740997929126,"NRI_P120",50
"50304",-50.0750062590232,"NRI_P120",100
"50305",0.000193740997929126,"NRI_P120",25
"50306",0.000193740997929126,"NRI_P120",50
"50307",747.455123741005,"NRI_P120",100
"50308",0.000193740997929126,"NRI_P120",25
"50309",0.000193740997929126,"NRI_P120",50
"50310",1997.48819374101,"NRI_P120",100
"50311",0.000193740997929126,"NRI_P120",25
"50312",0.000193740997929126,"NRI_P120",50
"50313",-977.162206259032,"NRI_P120",100
"50314",0.000193740997929126,"NRI_P120",25
"50315",0.000193740997929126,"NRI_P120",50
"50316",-364.703146259009,"NRI_P120",100
"50317",0.000193740997929126,"NRI_P120",25
"50318",0.000193740997929126,"NRI_P120",50
"50319",-2.66540625900961,"NRI_P120",100
"50320",0.000193740997929126,"NRI_P120",25
"50321",0.000193740997929126,"NRI_P120",50
"50322",616.219013741007,"NRI_P120",100
"50323",0.000193740997929126,"NRI_P120",25
"50324",0.000193740997929126,"NRI_P120",50
"50325",244.57969374099,"NRI_P120",100
"50326",0.000193740997929126,"NRI_P120",25
"50327",0.000193740997929126,"NRI_P120",50
"50328",-158.168406259036,"NRI_P120",100
"50329",0.000193740997929126,"NRI_P120",25
"50330",0.000193740997929126,"NRI_P120",50
"50331",-425.44082625903,"NRI_P120",100
"50332",0.000193740997929126,"NRI_P120",25
"50333",0.000193740997929126,"NRI_P120",50
"50334",-6084.17810625903,"NRI_P120",100
"50335",0.000193740997929126,"NRI_P120",25
"50336",0.000193740997929126,"NRI_P120",50
"50337",11750.177593741,"NRI_P120",100
"50338",0.000193740997929126,"NRI_P120",25
"50339",0.000193740997929126,"NRI_P120",50
"50340",-194.190706258989,"NRI_P120",100
"50341",0.000193740997929126,"NRI_P120",25
"50342",0.000193740997929126,"NRI_P120",50
"50343",-294.263006258989,"NRI_P120",100
"50344",0.000193740997929126,"NRI_P120",25
"50345",0.000193740997929126,"NRI_P120",50
"50346",-15943.645906259,"NRI_P120",100
"50347",0.000193740997929126,"NRI_P120",25
"50348",0.000193740997929126,"NRI_P120",50
"50349",4398.58699374099,"NRI_P120",100
"50350",0.000193740997929126,"NRI_P120",25
"50351",0.000193740997929126,"NRI_P120",50
"50352",535.465193740965,"NRI_P120",100
"50353",0.000193740997929126,"NRI_P120",25
"50354",0.000193740997929126,"NRI_P120",50
"50355",-166.751126258983,"NRI_P120",100
"50356",0.000193740997929126,"NRI_P120",25
"50357",0.000193740997929126,"NRI_P120",50
"50358",-662.855496258999,"NRI_P120",100
"50359",0.000193740997929126,"NRI_P120",25
"50360",0.000193740997929126,"NRI_P120",50
"50361",11.4691037409939,"NRI_P120",100
"50362",0.000193740997929126,"NRI_P120",25
"50363",0.000193740997929126,"NRI_P120",50
"50364",72.2160937410081,"NRI_P120",100
"50365",0.000193740997929126,"NRI_P120",25
"50366",0.000193740997929126,"NRI_P120",50
"50367",798.394393740979,"NRI_P120",100
"50368",0.000193740997929126,"NRI_P120",25
"50369",0.000193740997929126,"NRI_P120",50
"50370",1156.16589374101,"NRI_P120",100
"50371",0.000193740997929126,"NRI_P120",25
"50372",0.000193740997929126,"NRI_P120",50
"50373",-123.104406259023,"NRI_P120",100
"50374",0.000193740997929126,"NRI_P120",25
"50375",0.000193740997929126,"NRI_P120",50
"50376",-2304.78180625901,"NRI_P120",100
"50377",0.000193740997929126,"NRI_P120",25
"50378",0.000193740997929126,"NRI_P120",50
"50379",10.5795937409857,"NRI_P120",100
"50380",0.000193740997929126,"NRI_P120",25
"50381",0.000193740997929126,"NRI_P120",50
"50382",43.4808937410126,"NRI_P120",100
"50383",0.000193740997929126,"NRI_P120",25
"50384",0.000193740997929126,"NRI_P120",50
"50385",190.466093741008,"NRI_P120",100
"50386",0.000193740997929126,"NRI_P120",25
"50387",0.000193740997929126,"NRI_P120",50
"50388",0.374193741008639,"NRI_P120",100
"50389",0.000193740997929126,"NRI_P120",25
"50390",0.000193740997929126,"NRI_P120",50
"50391",-5024.97979625902,"NRI_P120",100
"50392",0.000193740997929126,"NRI_P120",25
"50393",0.000193740997929126,"NRI_P120",50
"50394",4514.54399374098,"NRI_P120",100
"50395",0.000193740997929126,"NRI_P120",25
"50396",0.000193740997929126,"NRI_P120",50
"50397",92.7154937409796,"NRI_P120",100
"50398",0.000193740997929126,"NRI_P120",25
"50399",0.000193740997929126,"NRI_P120",50
"50400",-762.736206258996,"NRI_P120",100
"50401",-6555.45078745397,"NRI_P122",25
"50402",-6901.20968745399,"NRI_P122",50
"50403",-5431.47648745397,"NRI_P122",100
"50404",-64.6303874539444,"NRI_P122",25
"50405",819.049892546027,"NRI_P122",50
"50406",-2044.31008745398,"NRI_P122",100
"50407",929.321812546055,"NRI_P122",25
"50408",-6424.17788745399,"NRI_P122",50
"50409",-6785.51928745396,"NRI_P122",100
"50410",-4317.74158745399,"NRI_P122",25
"50411",-6641.24537745398,"NRI_P122",50
"50412",-6886.23158745398,"NRI_P122",100
"50413",-6968.48058745399,"NRI_P122",25
"50414",-6272.59998745396,"NRI_P122",50
"50415",-6734.19708745397,"NRI_P122",100
"50416",228.108712546004,"NRI_P122",25
"50417",-6685.38048745395,"NRI_P122",50
"50418",-5885.94644745399,"NRI_P122",100
"50419",206.325212546042,"NRI_P122",25
"50420",15.9988125460222,"NRI_P122",50
"50421",-6747.38868745399,"NRI_P122",100
"50422",-7002.56790745398,"NRI_P122",25
"50423",-4065.66138745396,"NRI_P122",50
"50424",-4532.09538745397,"NRI_P122",100
"50425",-20.1448874539929,"NRI_P122",25
"50426",-5576.50938745396,"NRI_P122",50
"50427",-2066.34558745398,"NRI_P122",100
"50428",-6745.36238745396,"NRI_P122",25
"50429",-4658.61058745399,"NRI_P122",50
"50430",-6622.89978745399,"NRI_P122",100
"50431",-6327.23958745395,"NRI_P122",25
"50432",-3960.181787454,"NRI_P122",50
"50433",-5602.54868745396,"NRI_P122",100
"50434",1832.50831254601,"NRI_P122",25
"50435",-235.408187453984,"NRI_P122",50
"50436",-4268.70778745395,"NRI_P122",100
"50437",-18.6331774539431,"NRI_P122",25
"50438",-6151.65158745396,"NRI_P122",50
"50439",-6073.79598745395,"NRI_P122",100
"50440",-6737.47958745394,"NRI_P122",25
"50441",-6846.92758745397,"NRI_P122",50
"50442",-6585.986757454,"NRI_P122",100
"50443",93.5592125460389,"NRI_P122",25
"50444",-6684.51718745398,"NRI_P122",50
"50445",-6799.62248745398,"NRI_P122",100
"50446",-4.81088745396119,"NRI_P122",25
"50447",632.151812546013,"NRI_P122",50
"50448",-6570.97718745394,"NRI_P122",100
"50449",232.605612546031,"NRI_P122",25
"50450",-4498.502787454,"NRI_P122",50
"50451",-6927.367307454,"NRI_P122",100
"50452",-6999.10529745399,"NRI_P122",25
"50453",826.411712546018,"NRI_P122",50
"50454",-5145.91220745398,"NRI_P122",100
"50455",-6918.75998745399,"NRI_P122",25
"50456",1479.20211254602,"NRI_P122",50
"50457",-6834.92678745399,"NRI_P122",100
"50458",1335.92581254605,"NRI_P122",25
"50459",4652.27081254602,"NRI_P122",50
"50460",-5774.46268745395,"NRI_P122",100
"50461",619.540512546024,"NRI_P122",25
"50462",-2603.76838745398,"NRI_P122",50
"50463",-6012.78668745398,"NRI_P122",100
"50464",-36.2388774539577,"NRI_P122",25
"50465",-6097.58758745395,"NRI_P122",50
"50466",-468.929487453948,"NRI_P122",100
"50467",-6937.70978745399,"NRI_P122",25
"50468",-6653.15698745399,"NRI_P122",50
"50469",-6434.60338745394,"NRI_P122",100
"50470",-46.1088174539618,"NRI_P122",25
"50471",-6660.52838745399,"NRI_P122",50
"50472",-5208.25928745396,"NRI_P122",100
"50473",-3145.70558745397,"NRI_P122",25
"50474",-6952.98457745399,"NRI_P122",50
"50475",-5999.36118745396,"NRI_P122",100
"50476",-6836.64858745399,"NRI_P122",25
"50477",-6929.64377745398,"NRI_P122",50
"50478",-5944.32073745399,"NRI_P122",100
"50479",-6899.75588745397,"NRI_P122",25
"50480",-3692.98778745398,"NRI_P122",50
"50481",-6464.41407745396,"NRI_P122",100
"50482",-6077.22618745395,"NRI_P122",25
"50483",10.2387225460261,"NRI_P122",50
"50484",-6443.89948745398,"NRI_P122",100
"50485",-3145.70558745397,"NRI_P122",25
"50486",-4644.47408745397,"NRI_P122",50
"50487",-2490.41188745399,"NRI_P122",100
"50488",-18.5191774539417,"NRI_P122",25
"50489",-4288.603287454,"NRI_P122",50
"50490",-4517.34488745395,"NRI_P122",100
"50491",101.580112546042,"NRI_P122",25
"50492",3279.14191254601,"NRI_P122",50
"50493",-5072.29578745394,"NRI_P122",100
"50494",-47.0233774539665,"NRI_P122",25
"50495",421.457412546035,"NRI_P122",50
"50496",-6420.37548745394,"NRI_P122",100
"50497",419.102812546014,"NRI_P122",25
"50498",596.230562546058,"NRI_P122",50
"50499",-6390.804157454,"NRI_P122",100
"50500",21.4119125460275,"NRI_P122",25
"50501",2473.11051254603,"NRI_P122",50
"50502",-1091.86828745395,"NRI_P122",100
"50503",432.205112546042,"NRI_P122",25
"50504",738.605512546026,"NRI_P122",50
"50505",-6530.02000745398,"NRI_P122",100
"50506",-6808.03738745395,"NRI_P122",25
"50507",-7012.67450745398,"NRI_P122",50
"50508",-5505.93658745399,"NRI_P122",100
"50509",50.3945125460159,"NRI_P122",25
"50510",-6782.02868745395,"NRI_P122",50
"50511",-5719.57218745397,"NRI_P122",100
"50512",245.849212546018,"NRI_P122",25
"50513",458.573672546016,"NRI_P122",50
"50514",-5956.58682745398,"NRI_P122",100
"50515",40.2689125460456,"NRI_P122",25
"50516",-5928.82158745395,"NRI_P122",50
"50517",-6949.38078745396,"NRI_P122",100
"50518",163.524212546006,"NRI_P122",25
"50519",-6898.71738745394,"NRI_P122",50
"50520",-4717.10119745397,"NRI_P122",100
"50521",306.107812546019,"NRI_P122",25
"50522",2199.76451254601,"NRI_P122",50
"50523",-5100.34438745398,"NRI_P122",100
"50524",5239.38831254601,"NRI_P122",25
"50525",624.091742546007,"NRI_P122",50
"50526",-6684.86138745397,"NRI_P122",100
"50527",-6869.44558745396,"NRI_P122",25
"50528",-6757.997887454,"NRI_P122",50
"50529",-3633.43028745399,"NRI_P122",100
"50530",142.367912546033,"NRI_P122",25
"50531",933.531342546048,"NRI_P122",50
"50532",-6999.79639745399,"NRI_P122",100
"50533",-5996.34258745395,"NRI_P122",25
"50534",-6278.41128745396,"NRI_P122",50
"50535",-1079.23274745396,"NRI_P122",100
"50536",-6965.93188745395,"NRI_P122",25
"50537",584.91341254604,"NRI_P122",50
"50538",-6502.58318745397,"NRI_P122",100
"50539",-28.6620874539949,"NRI_P122",25
"50540",-2141.530987454,"NRI_P122",50
"50541",-6150.73308745399,"NRI_P122",100
"50542",35.1976125460351,"NRI_P122",25
"50543",812.286512546008,"NRI_P122",50
"50544",-6717.39728745399,"NRI_P122",100
"50545",-6945.96248745394,"NRI_P122",25
"50546",-6845.63448745396,"NRI_P122",50
"50547",-6080.13838745398,"NRI_P122",100
"50548",-9.60538745397935,"NRI_P122",25
"50549",-1710.56668745395,"NRI_P122",50
"50550",-5843.32798745396,"NRI_P122",100
"50551",1182.27381254605,"NRI_P122",25
"50552",-4856.15998745395,"NRI_P122",50
"50553",-6228.66428745398,"NRI_P122",100
"50554",-9.9735874539474,"NRI_P122",25
"50555",-6461.49488745397,"NRI_P122",50
"50556",-6411.16188745399,"NRI_P122",100
"50557",189.140812546015,"NRI_P122",25
"50558",-6967.19418745395,"NRI_P122",50
"50559",-6702.58843745396,"NRI_P122",100
"50560",35.2502125460305,"NRI_P122",25
"50561",-4998.13858745398,"NRI_P122",50
"50562",-6650.15268745396,"NRI_P122",100
"50563",-6920.99768745399,"NRI_P122",25
"50564",-6612.44018745399,"NRI_P122",50
"50565",-3902.51668745396,"NRI_P122",100
"50566",134.273812546046,"NRI_P122",25
"50567",793.372312546009,"NRI_P122",50
"50568",-6077.92480745399,"NRI_P122",100
"50569",-6840.65208745399,"NRI_P122",25
"50570",-4489.92378745397,"NRI_P122",50
"50571",-5695.65818745398,"NRI_P122",100
"50572",-6500.76658745395,"NRI_P122",25
"50573",421.659912546049,"NRI_P122",50
"50574",-5540.90878745395,"NRI_P122",100
"50575",464.152512546047,"NRI_P122",25
"50576",2967.13161254604,"NRI_P122",50
"50577",-6877.41778745397,"NRI_P122",100
"50578",13.1261125460151,"NRI_P122",25
"50579",-6265.56578745396,"NRI_P122",50
"50580",-4670.616787454,"NRI_P122",100
"50581",2552.24881254602,"NRI_P122",25
"50582",-3226.10568745399,"NRI_P122",50
"50583",1993.249612546,"NRI_P122",100
"50584",-22.426117453957,"NRI_P122",25
"50585",2120.16071254603,"NRI_P122",50
"50586",-6378.88198745396,"NRI_P122",100
"50587",60.3539125460084,"NRI_P122",25
"50588",100.563412546006,"NRI_P122",50
"50589",1820.41971254605,"NRI_P122",100
"50590",97.6596125460346,"NRI_P122",25
"50591",175.033912546001,"NRI_P122",50
"50592",-3229.96257745399,"NRI_P122",100
"50593",93.9000125460443,"NRI_P122",25
"50594",-6902.659687454,"NRI_P122",50
"50595",-6737.45788745396,"NRI_P122",100
"50596",-7010.82915745396,"NRI_P122",25
"50597",-6493.51028745394,"NRI_P122",50
"50598",-6694.54872745398,"NRI_P122",100
"50599",50.4404125460424,"NRI_P122",25
"50600",-6824.75978745398,"NRI_P122",50
"50601",-5411.33808745397,"NRI_P122",100
"50602",-22.3890874539502,"NRI_P122",25
"50603",-5899.26548745396,"NRI_P122",50
"50604",82.047212546051,"NRI_P122",100
"50605",3292.34441254602,"NRI_P122",25
"50606",607.653112546017,"NRI_P122",50
"50607",-5873.15800745395,"NRI_P122",100
"50608",802.348212546029,"NRI_P122",25
"50609",-6608.63388745399,"NRI_P122",50
"50610",-5822.52988745394,"NRI_P122",100
"50611",-6664.21548745397,"NRI_P122",25
"50612",-7001.45579745399,"NRI_P122",50
"50613",-5348.08888745395,"NRI_P122",100
"50614",8.68721254600678,"NRI_P122",25
"50615",7497.56114254601,"NRI_P122",50
"50616",3177.61853254604,"NRI_P122",100
"50617",-20.7008274539839,"NRI_P122",25
"50618",-6692.29848745395,"NRI_P122",50
"50619",-5464.95128745399,"NRI_P122",100
"50620",-5870.55958745396,"NRI_P122",25
"50621",-6921.07860745396,"NRI_P122",50
"50622",-6319.14759745396,"NRI_P122",100
"50623",8898.63231254602,"NRI_P122",25
"50624",-6901.98098745395,"NRI_P122",50
"50625",-6909.49549745396,"NRI_P122",100
"50626",2683.36581254605,"NRI_P122",25
"50627",-7029.34148745396,"NRI_P122",50
"50628",-4771.281507454,"NRI_P122",100
"50629",4.44611254602205,"NRI_P122",25
"50630",-7028.33473745396,"NRI_P122",50
"50631",-5441.29538745398,"NRI_P122",100
"50632",39.170712546038,"NRI_P122",25
"50633",-6899.07728745398,"NRI_P122",50
"50634",-6286.77778745396,"NRI_P122",100
"50635",6624.38281254604,"NRI_P122",25
"50636",473.82251254603,"NRI_P122",50
"50637",-6555.48588745395,"NRI_P122",100
"50638",609.131612546043,"NRI_P122",25
"50639",742.152722546016,"NRI_P122",50
"50640",-6684.05668745399,"NRI_P122",100
"50641",-6999.28987745399,"NRI_P122",25
"50642",4986.25219254603,"NRI_P122",50
"50643",-5012.90105745394,"NRI_P122",100
"50644",-6894.95758745394,"NRI_P122",25
"50645",530.819912546023,"NRI_P122",50
"50646",2411.39011254604,"NRI_P122",100
"50647",20.5331125460216,"NRI_P122",25
"50648",-4375.00298745395,"NRI_P122",50
"50649",-2065.86148745398,"NRI_P122",100
"50650",205.771912546013,"NRI_P122",25
"50651",-6790.30444745399,"NRI_P122",50
"50652",-6544.73478745396,"NRI_P122",100
"50653",224.117812546028,"NRI_P122",25
"50654",2224.38400254602,"NRI_P122",50
"50655",-4290.25308745395,"NRI_P122",100
"50656",-6987.86037745397,"NRI_P122",25
"50657",-988.781187453947,"NRI_P122",50
"50658",-6447.979587454,"NRI_P122",100
"50659",-5541.97158745397,"NRI_P122",25
"50660",-6533.93988745398,"NRI_P122",50
"50661",-3831.38368745398,"NRI_P122",100
"50662",-9.33718745398801,"NRI_P122",25
"50663",-7044.542507454,"NRI_P122",50
"50664",-4734.953787454,"NRI_P122",100
"50665",-6931.80568745395,"NRI_P122",25
"50666",-6729.00098745397,"NRI_P122",50
"50667",-5917.27588745399,"NRI_P122",100
"50668",-0.424087453982793,"NRI_P122",25
"50669",-6883.53606745397,"NRI_P122",50
"50670",-6884.93189745396,"NRI_P122",100
"50671",24.2849125460489,"NRI_P122",25
"50672",-6642.26507745398,"NRI_P122",50
"50673",-6309.41528745397,"NRI_P122",100
"50674",-6907.96718745399,"NRI_P122",25
"50675",-5628.29038745398,"NRI_P122",50
"50676",-6680.07757745398,"NRI_P122",100
"50677",-0.424087453982793,"NRI_P122",25
"50678",-4801.51088745397,"NRI_P122",50
"50679",-6358.06750745396,"NRI_P122",100
"50680",66.3630125460331,"NRI_P122",25
"50681",354.999412546051,"NRI_P122",50
"50682",-6665.51068745396,"NRI_P122",100
"50683",-36.4326974539435,"NRI_P122",25
"50684",-6210.07298745395,"NRI_P122",50
"50685",-6946.28514745395,"NRI_P122",100
"50686",115.588712546043,"NRI_P122",25
"50687",1010.07881254604,"NRI_P122",50
"50688",-4301.52958745399,"NRI_P122",100
"50689",80.3527125460096,"NRI_P122",25
"50690",-2336.76162745396,"NRI_P122",50
"50691",-4289.40798745397,"NRI_P122",100
"50692",-27.371657453943,"NRI_P122",25
"50693",-6884.298737454,"NRI_P122",50
"50694",-6002.32812745398,"NRI_P122",100
"50695",2707.402812546,"NRI_P122",25
"50696",-6755.348387454,"NRI_P122",50
"50697",-6895.56559745397,"NRI_P122",100
"50698",78.7734125460265,"NRI_P122",25
"50699",4565.79691254604,"NRI_P122",50
"50700",-6130.76599745394,"NRI_P122",100
"50701",0.00438049295917153,"NRI_P123",25
"50702",8138.839880493,"NRI_P123",50
"50703",382.598280492995,"NRI_P123",100
"50704",0.00438049295917153,"NRI_P123",25
"50705",-194.816269506991,"NRI_P123",50
"50706",144.230380492983,"NRI_P123",100
"50707",0.00438049295917153,"NRI_P123",25
"50708",-4.6523195070331,"NRI_P123",50
"50709",5367.570280493,"NRI_P123",100
"50710",0.00438049295917153,"NRI_P123",25
"50711",-226.928419506992,"NRI_P123",50
"50712",467.096580492973,"NRI_P123",100
"50713",0.00438049295917153,"NRI_P123",25
"50714",-1.24661950703012,"NRI_P123",50
"50715",-43.7245195070282,"NRI_P123",100
"50716",0.00438049295917153,"NRI_P123",25
"50717",7768.37088049296,"NRI_P123",50
"50718",2680.53258049296,"NRI_P123",100
"50719",0.00438049295917153,"NRI_P123",25
"50720",-197.987319506996,"NRI_P123",50
"50721",-285.776819507009,"NRI_P123",100
"50722",0.00438049295917153,"NRI_P123",25
"50723",-264.973259507038,"NRI_P123",50
"50724",-443.749789507012,"NRI_P123",100
"50725",0.00438049295917153,"NRI_P123",25
"50726",7413.75698049297,"NRI_P123",50
"50727",-264.547909507004,"NRI_P123",100
"50728",0.00438049295917153,"NRI_P123",25
"50729",-217.783539507014,"NRI_P123",50
"50730",3936.214880493,"NRI_P123",100
"50731",0.00438049295917153,"NRI_P123",25
"50732",125.346680492978,"NRI_P123",50
"50733",-481.840999506996,"NRI_P123",100
"50734",0.00438049295917153,"NRI_P123",25
"50735",-192.139019507042,"NRI_P123",50
"50736",7686.050480493,"NRI_P123",100
"50737",0.00438049295917153,"NRI_P123",25
"50738",-71.328219507006,"NRI_P123",50
"50739",3701.28094049299,"NRI_P123",100
"50740",0.00438049295917153,"NRI_P123",25
"50741",-97.1915195070324,"NRI_P123",50
"50742",5301.93218049296,"NRI_P123",100
"50743",0.00438049295917153,"NRI_P123",25
"50744",-233.032579507038,"NRI_P123",50
"50745",-376.996279507002,"NRI_P123",100
"50746",0.00438049295917153,"NRI_P123",25
"50747",-168.495719506987,"NRI_P123",50
"50748",17911.057480493,"NRI_P123",100
"50749",0.00438049295917153,"NRI_P123",25
"50750",-138.712719506992,"NRI_P123",50
"50751",2146.13751049299,"NRI_P123",100
"50752",0.00438049295917153,"NRI_P123",25
"50753",1116.062880493,"NRI_P123",50
"50754",533.142180492985,"NRI_P123",100
"50755",0.00438049295917153,"NRI_P123",25
"50756",-67.1731195070315,"NRI_P123",50
"50757",5541.272480493,"NRI_P123",100
"50758",0.00438049295917153,"NRI_P123",25
"50759",-226.928419506992,"NRI_P123",50
"50760",7237.783480493,"NRI_P123",100
"50761",0.00438049295917153,"NRI_P123",25
"50762",-261.966999506985,"NRI_P123",50
"50763",-318.14611950703,"NRI_P123",100
"50764",0.00438049295917153,"NRI_P123",25
"50765",-234.999169507006,"NRI_P123",50
"50766",-383.988209507021,"NRI_P123",100
"50767",0.00438049295917153,"NRI_P123",25
"50768",-197.222619506996,"NRI_P123",50
"50769",3862.93218049296,"NRI_P123",100
"50770",0.00438049295917153,"NRI_P123",25
"50771",-181.588509507012,"NRI_P123",50
"50772",5790.68118049297,"NRI_P123",100
"50773",0.00438049295917153,"NRI_P123",25
"50774",-158.446119507018,"NRI_P123",50
"50775",316.597100492974,"NRI_P123",100
"50776",0.00438049295917153,"NRI_P123",25
"50777",2265.26398049301,"NRI_P123",50
"50778",1003.54434049298,"NRI_P123",100
"50779",0.00438049295917153,"NRI_P123",25
"50780",848.432880492997,"NRI_P123",50
"50781",-445.501169506984,"NRI_P123",100
"50782",0.00438049295917153,"NRI_P123",25
"50783",956.509980492992,"NRI_P123",50
"50784",1109.66383049299,"NRI_P123",100
"50785",0.00438049295917153,"NRI_P123",25
"50786",-81.9658195070224,"NRI_P123",50
"50787",-430.372909507016,"NRI_P123",100
"50788",0.00438049295917153,"NRI_P123",25
"50789",384.096080493007,"NRI_P123",50
"50790",1088.068980493,"NRI_P123",100
"50791",0.00438049295917153,"NRI_P123",25
"50792",379.009880492988,"NRI_P123",50
"50793",-149.820219507033,"NRI_P123",100
"50794",0.00438049295917153,"NRI_P123",25
"50795",-54.460319506994,"NRI_P123",50
"50796",6.90378049301216,"NRI_P123",100
"50797",0.00438049295917153,"NRI_P123",25
"50798",-197.222619506996,"NRI_P123",50
"50799",862.799880492967,"NRI_P123",100
"50800",0.00438049295917153,"NRI_P123",25
"50801",3904.780980493,"NRI_P123",50
"50802",110.780180492962,"NRI_P123",100
"50803",0.00438049295917153,"NRI_P123",25
"50804",-227.82474950701,"NRI_P123",50
"50805",153.514200492995,"NRI_P123",100
"50806",0.00438049295917153,"NRI_P123",25
"50807",738.388980493008,"NRI_P123",50
"50808",-232.312619507022,"NRI_P123",100
"50809",0.00438049295917153,"NRI_P123",25
"50810",1037.10188049299,"NRI_P123",50
"50811",1018.66158049298,"NRI_P123",100
"50812",0.00438049295917153,"NRI_P123",25
"50813",-218.146479507035,"NRI_P123",50
"50814",-436.374919507012,"NRI_P123",100
"50815",0.00438049295917153,"NRI_P123",25
"50816",373.648380492989,"NRI_P123",50
"50817",-449.636129507038,"NRI_P123",100
"50818",0.00438049295917153,"NRI_P123",25
"50819",585.897580493009,"NRI_P123",50
"50820",1034.206050493,"NRI_P123",100
"50821",0.00438049295917153,"NRI_P123",25
"50822",601.900880492991,"NRI_P123",50
"50823",-46.8641195070231,"NRI_P123",100
"50824",0.00438049295917153,"NRI_P123",25
"50825",-146.509219506988,"NRI_P123",50
"50826",-401.959119506995,"NRI_P123",100
"50827",0.00438049295917153,"NRI_P123",25
"50828",-237.426619507023,"NRI_P123",50
"50829",1534.82278049301,"NRI_P123",100
"50830",0.00438049295917153,"NRI_P123",25
"50831",601.900880492991,"NRI_P123",50
"50832",533.51238049299,"NRI_P123",100
"50833",0.00438049295917153,"NRI_P123",25
"50834",11.4605804929743,"NRI_P123",50
"50835",-455.369749506994,"NRI_P123",100
"50836",0.00438049295917153,"NRI_P123",25
"50837",-200.539679507026,"NRI_P123",50
"50838",-79.4782195070293,"NRI_P123",100
"50839",0.00438049295917153,"NRI_P123",25
"50840",541.671780492994,"NRI_P123",50
"50841",-357.249299507006,"NRI_P123",100
"50842",0.00438049295917153,"NRI_P123",25
"50843",-55.6384195070132,"NRI_P123",50
"50844",616.819280493015,"NRI_P123",100
"50845",0.00438049295917153,"NRI_P123",25
"50846",-225.777719506994,"NRI_P123",50
"50847",9.80218049295945,"NRI_P123",100
"50848",0.00438049295917153,"NRI_P123",25
"50849",1971.25698049297,"NRI_P123",50
"50850",313.049180492992,"NRI_P123",100
"50851",0.00438049295917153,"NRI_P123",25
"50852",-102.832319507026,"NRI_P123",50
"50853",474.343710493005,"NRI_P123",100
"50854",0.00438049295917153,"NRI_P123",25
"50855",409.649080492964,"NRI_P123",50
"50856",348.123770492966,"NRI_P123",100
"50857",0.00438049295917153,"NRI_P123",25
"50858",4421.88188049296,"NRI_P123",50
"50859",5871.51658049301,"NRI_P123",100
"50860",0.00438049295917153,"NRI_P123",25
"50861",-164.454819507024,"NRI_P123",50
"50862",-5.72911950701382,"NRI_P123",100
"50863",0.00438049295917153,"NRI_P123",25
"50864",482.864480493008,"NRI_P123",50
"50865",523.682970492984,"NRI_P123",100
"50866",0.00438049295917153,"NRI_P123",25
"50867",152.721380492963,"NRI_P123",50
"50868",-308.505189507036,"NRI_P123",100
"50869",0.00438049295917153,"NRI_P123",25
"50870",468.133580492984,"NRI_P123",50
"50871",-321.421319507004,"NRI_P123",100
"50872",0.00438049295917153,"NRI_P123",25
"50873",117.420780493005,"NRI_P123",50
"50874",1266.42468049302,"NRI_P123",100
"50875",0.00438049295917153,"NRI_P123",25
"50876",585.897580493009,"NRI_P123",50
"50877",192.960780492984,"NRI_P123",100
"50878",0.00438049295917153,"NRI_P123",25
"50879",-66.501119507011,"NRI_P123",50
"50880",-391.605739507009,"NRI_P123",100
"50881",0.00438049295917153,"NRI_P123",25
"50882",8.09568049298832,"NRI_P123",50
"50883",-368.367259507009,"NRI_P123",100
"50884",0.00438049295917153,"NRI_P123",25
"50885",-224.184869507037,"NRI_P123",50
"50886",5624.44718049298,"NRI_P123",100
"50887",0.00438049295917153,"NRI_P123",25
"50888",35799.294980493,"NRI_P123",50
"50889",497.913280492998,"NRI_P123",100
"50890",0.00438049295917153,"NRI_P123",25
"50891",5792.76788049296,"NRI_P123",50
"50892",-372.429659507005,"NRI_P123",100
"50893",0.00438049295917153,"NRI_P123",25
"50894",7768.37088049296,"NRI_P123",50
"50895",67.5531804930069,"NRI_P123",100
"50896",0.00438049295917153,"NRI_P123",25
"50897",457.928880492982,"NRI_P123",50
"50898",7871.78058049298,"NRI_P123",100
"50899",0.00438049295917153,"NRI_P123",25
"50900",61.2989804929821,"NRI_P123",50
"50901",90.1494704929646,"NRI_P123",100
"50902",0.00438049295917153,"NRI_P123",25
"50903",242.641980492976,"NRI_P123",50
"50904",1811.54948049301,"NRI_P123",100
"50905",0.00438049295917153,"NRI_P123",25
"50906",2412.83698049298,"NRI_P123",50
"50907",-343.555319507024,"NRI_P123",100
"50908",0.00438049295917153,"NRI_P123",25
"50909",4418.57598049298,"NRI_P123",50
"50910",111.195040492981,"NRI_P123",100
"50911",0.00438049295917153,"NRI_P123",25
"50912",-141.422619507008,"NRI_P123",50
"50913",6044.485580493,"NRI_P123",100
"50914",0.00438049295917153,"NRI_P123",25
"50915",-243.389559507021,"NRI_P123",50
"50916",839.179340492992,"NRI_P123",100
"50917",0.00438049295917153,"NRI_P123",25
"50918",-42.2434195069945,"NRI_P123",50
"50919",229.833380492986,"NRI_P123",100
"50920",0.00438049295917153,"NRI_P123",25
"50921",575.571880492964,"NRI_P123",50
"50922",2108.09948049299,"NRI_P123",100
"50923",0.00438049295917153,"NRI_P123",25
"50924",-215.48860950704,"NRI_P123",50
"50925",-168.884129507001,"NRI_P123",100
"50926",0.00438049295917153,"NRI_P123",25
"50927",226.815980492975,"NRI_P123",50
"50928",-418.564609507041,"NRI_P123",100
"50929",0.00438049295917153,"NRI_P123",25
"50930",1485.31788049301,"NRI_P123",50
"50931",408.293980492977,"NRI_P123",100
"50932",0.00438049295917153,"NRI_P123",25
"50933",-199.312719507026,"NRI_P123",50
"50934",5238.08987049299,"NRI_P123",100
"50935",0.00438049295917153,"NRI_P123",25
"50936",-99.6939195070299,"NRI_P123",50
"50937",588.724480492994,"NRI_P123",100
"50938",0.00438049295917153,"NRI_P123",25
"50939",-195.985849507037,"NRI_P123",50
"50940",-9.96616950700991,"NRI_P123",100
"50941",0.00438049295917153,"NRI_P123",25
"50942",1685.063980493,"NRI_P123",50
"50943",667.831280493003,"NRI_P123",100
"50944",0.00438049295917153,"NRI_P123",25
"50945",253.341480492963,"NRI_P123",50
"50946",-115.557029507007,"NRI_P123",100
"50947",0.00438049295917153,"NRI_P123",25
"50948",-248.383659507032,"NRI_P123",50
"50949",192.039280492987,"NRI_P123",100
"50950",0.00438049295917153,"NRI_P123",25
"50951",-9.6238195070182,"NRI_P123",50
"50952",43441.109640493,"NRI_P123",100
"50953",0.00438049295917153,"NRI_P123",25
"50954",-133.594019507,"NRI_P123",50
"50955",685.328480492986,"NRI_P123",100
"50956",0.00438049295917153,"NRI_P123",25
"50957",8359.100880493,"NRI_P123",50
"50958",5396.29528049298,"NRI_P123",100
"50959",0.00438049295917153,"NRI_P123",25
"50960",195.047480492969,"NRI_P123",50
"50961",1390.15458049299,"NRI_P123",100
"50962",0.00438049295917153,"NRI_P123",25
"50963",-97.1915195070324,"NRI_P123",50
"50964",179.701680492959,"NRI_P123",100
"50965",0.00438049295917153,"NRI_P123",25
"50966",-224.184869507037,"NRI_P123",50
"50967",5305.651080493,"NRI_P123",100
"50968",0.00438049295917153,"NRI_P123",25
"50969",7413.75698049297,"NRI_P123",50
"50970",1944.46388049301,"NRI_P123",100
"50971",0.00438049295917153,"NRI_P123",25
"50972",35765.394880493,"NRI_P123",50
"50973",-145.511919507,"NRI_P123",100
"50974",0.00438049295917153,"NRI_P123",25
"50975",-35.9824195069959,"NRI_P123",50
"50976",351.269570492965,"NRI_P123",100
"50977",0.00438049295917153,"NRI_P123",25
"50978",-183.33891950699,"NRI_P123",50
"50979",220.651780492975,"NRI_P123",100
"50980",0.00438049295917153,"NRI_P123",25
"50981",-222.091529507015,"NRI_P123",50
"50982",1472.07598049298,"NRI_P123",100
"50983",0.00438049295917153,"NRI_P123",25
"50984",585.897580493009,"NRI_P123",50
"50985",-461.867919507029,"NRI_P123",100
"50986",0.00438049295917153,"NRI_P123",25
"50987",-123.429619506991,"NRI_P123",50
"50988",679.879980492988,"NRI_P123",100
"50989",0.00438049295917153,"NRI_P123",25
"50990",589.039880493016,"NRI_P123",50
"50991",-309.291769506992,"NRI_P123",100
"50992",0.00438049295917153,"NRI_P123",25
"50993",-177.599219507014,"NRI_P123",50
"50994",484.267640492995,"NRI_P123",100
"50995",0.00438049295917153,"NRI_P123",25
"50996",-138.712719506992,"NRI_P123",50
"50997",77.8871804929804,"NRI_P123",100
"50998",0.00438049295917153,"NRI_P123",25
"50999",584.675080492976,"NRI_P123",50
"51000",-385.264219506993,"NRI_P123",100
"51001",1240.394716899,"NRI_P124",25
"51002",-183.105233101,"NRI_P124",50
"51003",-347.490893101,"NRI_P124",100
"51004",18.8442668989883,"NRI_P124",25
"51005",1376.59012689901,"NRI_P124",50
"51006",1079.80399689899,"NRI_P124",100
"51007",195.501176899008,"NRI_P124",25
"51008",-94.5955331010045,"NRI_P124",50
"51009",663.766546899016,"NRI_P124",100
"51010",92.6496268990159,"NRI_P124",25
"51011",626.997326899,"NRI_P124",50
"51012",500.028876899014,"NRI_P124",100
"51013",-317.151523100998,"NRI_P124",25
"51014",65.7172068989894,"NRI_P124",50
"51015",1636.669086899,"NRI_P124",100
"51016",215.257396898989,"NRI_P124",25
"51017",-78.838393101003,"NRI_P124",50
"51018",282.512286899,"NRI_P124",100
"51019",3711.98639689901,"NRI_P124",25
"51020",127.592286899016,"NRI_P124",50
"51021",216.46329689899,"NRI_P124",100
"51022",-278.583173101011,"NRI_P124",25
"51023",1227.825646899,"NRI_P124",50
"51024",1839.674926899,"NRI_P124",100
"51025",456.629096899007,"NRI_P124",25
"51026",509.43389689899,"NRI_P124",50
"51027",4842.78302689901,"NRI_P124",100
"51028",1121.071296899,"NRI_P124",25
"51029",-131.399483101006,"NRI_P124",50
"51030",3167.093136899,"NRI_P124",100
"51031",483.56041689901,"NRI_P124",25
"51032",3731.013066899,"NRI_P124",50
"51033",1766.40647689899,"NRI_P124",100
"51034",-559.937523100991,"NRI_P124",25
"51035",854.657506899006,"NRI_P124",50
"51036",828.467516898992,"NRI_P124",100
"51037",2756.57161689899,"NRI_P124",25
"51038",1511.33176689901,"NRI_P124",50
"51039",2884.485156899,"NRI_P124",100
"51040",211.492986899015,"NRI_P124",25
"51041",384.741546898993,"NRI_P124",50
"51042",-542.84609310099,"NRI_P124",100
"51043",439.914286899002,"NRI_P124",25
"51044",444.986186899012,"NRI_P124",50
"51045",998.081946899008,"NRI_P124",100
"51046",361.488176899002,"NRI_P124",25
"51047",160.567026898992,"NRI_P124",50
"51048",1310.362446899,"NRI_P124",100
"51049",227.107796899014,"NRI_P124",25
"51050",-229.885613101011,"NRI_P124",50
"51051",2989.220766899,"NRI_P124",100
"51052",71.3113468989905,"NRI_P124",25
"51053",233.104216898995,"NRI_P124",50
"51054",1129.303676899,"NRI_P124",100
"51055",922.824436899013,"NRI_P124",25
"51056",6298.99593689901,"NRI_P124",50
"51057",2209.94226689902,"NRI_P124",100
"51058",265.02572689901,"NRI_P124",25
"51059",371.546896899003,"NRI_P124",50
"51060",230.052416899009,"NRI_P124",100
"51061",503.446336899011,"NRI_P124",25
"51062",205.319166898989,"NRI_P124",50
"51063",1241.91486689899,"NRI_P124",100
"51064",63.866466898995,"NRI_P124",25
"51065",863.38198689901,"NRI_P124",50
"51066",2360.394196899,"NRI_P124",100
"51067",92.9912768990034,"NRI_P124",25
"51068",211.43786689901,"NRI_P124",50
"51069",2746.72591689901,"NRI_P124",100
"51070",96.3033168989932,"NRI_P124",25
"51071",590.103406898997,"NRI_P124",50
"51072",836.140746899007,"NRI_P124",100
"51073",11.1980268990155,"NRI_P124",25
"51074",955.380636899004,"NRI_P124",50
"51075",-322.744173101004,"NRI_P124",100
"51076",46.4523568990116,"NRI_P124",25
"51077",3771.66056689899,"NRI_P124",50
"51078",511.896296899009,"NRI_P124",100
"51079",1432.90707689899,"NRI_P124",25
"51080",771.229296898993,"NRI_P124",50
"51081",1352.61121689901,"NRI_P124",100
"51082",2147.79362689902,"NRI_P124",25
"51083",353.646176898998,"NRI_P124",50
"51084",655.947506899014,"NRI_P124",100
"51085",173.440136899007,"NRI_P124",25
"51086",109.807506899,"NRI_P124",50
"51087",391.017566899012,"NRI_P124",100
"51088",418.413956898992,"NRI_P124",25
"51089",1973.77481689901,"NRI_P124",50
"51090",1500.37995689901,"NRI_P124",100
"51091",2910.71162689899,"NRI_P124",25
"51092",1206.28951689901,"NRI_P124",50
"51093",440.525356899016,"NRI_P124",100
"51094",-166.072863100999,"NRI_P124",25
"51095",3558.987966899,"NRI_P124",50
"51096",188.831476899009,"NRI_P124",100
"51097",0.865526898996904,"NRI_P124",25
"51098",2727.52827689901,"NRI_P124",50
"51099",-327.268063100986,"NRI_P124",100
"51100",193.552006899001,"NRI_P124",25
"51101",-155.035393100989,"NRI_P124",50
"51102",101.225776898995,"NRI_P124",100
"51103",2974.59257689901,"NRI_P124",25
"51104",453.047606898996,"NRI_P124",50
"51105",1603.423616899,"NRI_P124",100
"51106",1273.84783689899,"NRI_P124",25
"51107",54.0601368990028,"NRI_P124",50
"51108",2120.01375689899,"NRI_P124",100
"51109",98.174236899009,"NRI_P124",25
"51110",1414.599576899,"NRI_P124",50
"51111",658.889716898993,"NRI_P124",100
"51112",321.97567689899,"NRI_P124",25
"51113",16.3927068990015,"NRI_P124",50
"51114",72.8805468989885,"NRI_P124",100
"51115",1194.42469689899,"NRI_P124",25
"51116",1305.73230689901,"NRI_P124",50
"51117",2264.443066899,"NRI_P124",100
"51118",188.69349689901,"NRI_P124",25
"51119",-117.929063101008,"NRI_P124",50
"51120",145.443556899001,"NRI_P124",100
"51121",321.589866899012,"NRI_P124",25
"51122",3408.41594689901,"NRI_P124",50
"51123",2451.454136899,"NRI_P124",100
"51124",-136.893323100987,"NRI_P124",25
"51125",-324.202273100993,"NRI_P124",50
"51126",1858.71441689899,"NRI_P124",100
"51127",125.131186899001,"NRI_P124",25
"51128",-40.1711031009909,"NRI_P124",50
"51129",2702.492216899,"NRI_P124",100
"51130",42.0899668989878,"NRI_P124",25
"51131",43.8846268990019,"NRI_P124",50
"51132",2835.90798689899,"NRI_P124",100
"51133",158.128046899015,"NRI_P124",25
"51134",1138.73751689901,"NRI_P124",50
"51135",859.018206898996,"NRI_P124",100
"51136",194.324886899005,"NRI_P124",25
"51137",921.442566899001,"NRI_P124",50
"51138",243.999906899,"NRI_P124",100
"51139",1529.21413689901,"NRI_P124",25
"51140",1410.844566899,"NRI_P124",50
"51141",501.531306899007,"NRI_P124",100
"51142",-54.4749731009942,"NRI_P124",25
"51143",1241.73912689899,"NRI_P124",50
"51144",383.956566898996,"NRI_P124",100
"51145",-356.39363310099,"NRI_P124",25
"51146",6711.62671689902,"NRI_P124",50
"51147",1360.97546689899,"NRI_P124",100
"51148",86.6611868990003,"NRI_P124",25
"51149",1041.635406899,"NRI_P124",50
"51150",335.392856899009,"NRI_P124",100
"51151",-232.444003101002,"NRI_P124",25
"51152",-337.209013101005,"NRI_P124",50
"51153",2981.277506899,"NRI_P124",100
"51154",163.886596899014,"NRI_P124",25
"51155",1655.93866689899,"NRI_P124",50
"51156",2115.90703689901,"NRI_P124",100
"51157",337.435126899014,"NRI_P124",25
"51158",204.112796898989,"NRI_P124",50
"51159",1562.34316689899,"NRI_P124",100
"51160",145.38755689899,"NRI_P124",25
"51161",-184.345703100989,"NRI_P124",50
"51162",3193.14506689901,"NRI_P124",100
"51163",-659.691383100988,"NRI_P124",25
"51164",295.669206899009,"NRI_P124",50
"51165",3259.25257689902,"NRI_P124",100
"51166",28.4583568990056,"NRI_P124",25
"51167",1564.85351689899,"NRI_P124",50
"51168",7290.118366899,"NRI_P124",100
"51169",-132.988393100997,"NRI_P124",25
"51170",550.093076899007,"NRI_P124",50
"51171",-159.082293101004,"NRI_P124",100
"51172",367.660566898994,"NRI_P124",25
"51173",4.7405268989969,"NRI_P124",50
"51174",1153.67227689901,"NRI_P124",100
"51175",-191.031413101009,"NRI_P124",25
"51176",-408.537773101008,"NRI_P124",50
"51177",346.372756899014,"NRI_P124",100
"51178",114.938776899013,"NRI_P124",25
"51179",731.063166898995,"NRI_P124",50
"51180",-254.033363100985,"NRI_P124",100
"51181",184.467946899007,"NRI_P124",25
"51182",6614.18978689899,"NRI_P124",50
"51183",8504.929326899,"NRI_P124",100
"51184",-229.056243100989,"NRI_P124",25
"51185",-367.160303101002,"NRI_P124",50
"51186",4100.850116899,"NRI_P124",100
"51187",96.7607668990095,"NRI_P124",25
"51188",1166.94443689901,"NRI_P124",50
"51189",1047.82291689899,"NRI_P124",100
"51190",353.047336899006,"NRI_P124",25
"51191",119.501246898988,"NRI_P124",50
"51192",2897.145546899,"NRI_P124",100
"51193",567.464826898999,"NRI_P124",25
"51194",355.961476899014,"NRI_P124",50
"51195",1407.172476899,"NRI_P124",100
"51196",-34.9536631010124,"NRI_P124",25
"51197",402.586956899002,"NRI_P124",50
"51198",1029.81072689901,"NRI_P124",100
"51199",-245.80061310099,"NRI_P124",25
"51200",214.170576898992,"NRI_P124",50
"51201",518.715696898988,"NRI_P124",100
"51202",163.698006899009,"NRI_P124",25
"51203",491.87205689901,"NRI_P124",50
"51204",803.896206898993,"NRI_P124",100
"51205",79.009776899009,"NRI_P124",25
"51206",59.1241668990115,"NRI_P124",50
"51207",3805.136766899,"NRI_P124",100
"51208",39.6362368990085,"NRI_P124",25
"51209",-507.723093100998,"NRI_P124",50
"51210",1226.32768689899,"NRI_P124",100
"51211",-108.067743101012,"NRI_P124",25
"51212",828.515906899003,"NRI_P124",50
"51213",1187.43183689899,"NRI_P124",100
"51214",860.623656898999,"NRI_P124",25
"51215",379.469386899,"NRI_P124",50
"51216",1734.04239689899,"NRI_P124",100
"51217",1268.490286899,"NRI_P124",25
"51218",3253.56786689901,"NRI_P124",50
"51219",2145.18092689899,"NRI_P124",100
"51220",-73.5581731009879,"NRI_P124",25
"51221",950.347526899015,"NRI_P124",50
"51222",2456.02506689899,"NRI_P124",100
"51223",321.955796899012,"NRI_P124",25
"51224",498.455386899004,"NRI_P124",50
"51225",286.104946898995,"NRI_P124",100
"51226",167.751566899009,"NRI_P124",25
"51227",2168.637076899,"NRI_P124",50
"51228",946.771956899,"NRI_P124",100
"51229",483.328896899009,"NRI_P124",25
"51230",1323.46381689899,"NRI_P124",50
"51231",3673.17566689901,"NRI_P124",100
"51232",2957.737216899,"NRI_P124",25
"51233",1337.801276899,"NRI_P124",50
"51234",8016.43776689901,"NRI_P124",100
"51235",-205.259783101006,"NRI_P124",25
"51236",249.434536899003,"NRI_P124",50
"51237",1191.09770689899,"NRI_P124",100
"51238",683.798826899001,"NRI_P124",25
"51239",5856.39113689901,"NRI_P124",50
"51240",213.48633689899,"NRI_P124",100
"51241",-76.1961231009918,"NRI_P124",25
"51242",1780.06372689901,"NRI_P124",50
"51243",158.839436898998,"NRI_P124",100
"51244",-371.323013101006,"NRI_P124",25
"51245",-600.711973100988,"NRI_P124",50
"51246",705.784946898988,"NRI_P124",100
"51247",-119.343083101005,"NRI_P124",25
"51248",48.397166898998,"NRI_P124",50
"51249",1842.39579689901,"NRI_P124",100
"51250",-173.223323101003,"NRI_P124",25
"51251",-644.613323100988,"NRI_P124",50
"51252",-55.1772631010099,"NRI_P124",100
"51253",1256.51028689899,"NRI_P124",25
"51254",259.263636899006,"NRI_P124",50
"51255",1980.65515689901,"NRI_P124",100
"51256",274.757896899013,"NRI_P124",25
"51257",381.529946899012,"NRI_P124",50
"51258",1976.80514689902,"NRI_P124",100
"51259",531.984936899011,"NRI_P124",25
"51260",456.40642689899,"NRI_P124",50
"51261",293.699936899007,"NRI_P124",100
"51262",421.905486898992,"NRI_P124",25
"51263",17.1110068990092,"NRI_P124",50
"51264",774.758686899004,"NRI_P124",100
"51265",854.572916898993,"NRI_P124",25
"51266",1496.026986899,"NRI_P124",50
"51267",3572.41073689901,"NRI_P124",100
"51268",-172.144433100999,"NRI_P124",25
"51269",5100.107676899,"NRI_P124",50
"51270",1924.439886899,"NRI_P124",100
"51271",-383.419023100985,"NRI_P124",25
"51272",278.684986898996,"NRI_P124",50
"51273",1709.15111689901,"NRI_P124",100
"51274",1195.48239689899,"NRI_P124",25
"51275",1341.51373689901,"NRI_P124",50
"51276",3341.042156899,"NRI_P124",100
"51277",-415.958483100985,"NRI_P124",25
"51278",1253.536186899,"NRI_P124",50
"51279",1612.47982689901,"NRI_P124",100
"51280",3443.617136899,"NRI_P124",25
"51281",3037.463316899,"NRI_P124",50
"51282",471.960456898989,"NRI_P124",100
"51283",489.982336899004,"NRI_P124",25
"51284",7062.706356899,"NRI_P124",50
"51285",-28.2798631009937,"NRI_P124",100
"51286",446.219576898991,"NRI_P124",25
"51287",1136.69343689899,"NRI_P124",50
"51288",1731.09137689901,"NRI_P124",100
"51289",-59.2172631009889,"NRI_P124",25
"51290",3603.856476899,"NRI_P124",50
"51291",425.806206898997,"NRI_P124",100
"51292",1300.07167689901,"NRI_P124",25
"51293",2011.577136899,"NRI_P124",50
"51294",1904.209246899,"NRI_P124",100
"51295",273.638596898993,"NRI_P124",25
"51296",672.825706898991,"NRI_P124",50
"51297",1525.47385689901,"NRI_P124",100
"51298",147.912636899011,"NRI_P124",25
"51299",1276.42983689901,"NRI_P124",50
"51300",370.792586899013,"NRI_P124",100
"51301",44.8497759008969,"NRI_P125",25
"51302",-320.492694099099,"NRI_P125",50
"51303",2117.3459459009,"NRI_P125",100
"51304",161.414245900894,"NRI_P125",25
"51305",-180.154184099105,"NRI_P125",50
"51306",-586.943124099103,"NRI_P125",100
"51307",359.538045900896,"NRI_P125",25
"51308",2021.8364059009,"NRI_P125",50
"51309",-471.961084099101,"NRI_P125",100
"51310",7996.9397759009,"NRI_P125",25
"51311",729.215315900896,"NRI_P125",50
"51312",-111.916834099102,"NRI_P125",100
"51313",-52.1716240991009,"NRI_P125",25
"51314",81.8525359009,"NRI_P125",50
"51315",420.139385900897,"NRI_P125",100
"51316",-337.440434099102,"NRI_P125",25
"51317",-370.603664099101,"NRI_P125",50
"51318",-315.726354099104,"NRI_P125",100
"51319",-128.0226140991,"NRI_P125",25
"51320",677.3414459009,"NRI_P125",50
"51321",9877.9508559009,"NRI_P125",100
"51322",769.513675900896,"NRI_P125",25
"51323",10828.0217459009,"NRI_P125",50
"51324",-523.993904099101,"NRI_P125",100
"51325",1270.1087759009,"NRI_P125",25
"51326",1399.5665459009,"NRI_P125",50
"51327",144.529025900898,"NRI_P125",100
"51328",-27.7717240991042,"NRI_P125",25
"51329",2709.7092059009,"NRI_P125",50
"51330",-371.419814099099,"NRI_P125",100
"51331",-374.387304099102,"NRI_P125",25
"51332",-389.491624099101,"NRI_P125",50
"51333",-370.375634099102,"NRI_P125",100
"51334",-370.808254099102,"NRI_P125",25
"51335",531.925875900895,"NRI_P125",50
"51336",472.3500859009,"NRI_P125",100
"51337",-365.393194099102,"NRI_P125",25
"51338",722.750465900899,"NRI_P125",50
"51339",-477.689154099106,"NRI_P125",100
"51340",74.3130459008971,"NRI_P125",25
"51341",1958.7737359009,"NRI_P125",50
"51342",-549.1214140991,"NRI_P125",100
"51343",-348.858574099104,"NRI_P125",25
"51344",-389.2200640991,"NRI_P125",50
"51345",7949.97426590089,"NRI_P125",100
"51346",-34.682944099106,"NRI_P125",25
"51347",-376.700624099103,"NRI_P125",50
"51348",-508.536444099103,"NRI_P125",100
"51349",-348.858574099104,"NRI_P125",25
"51350",572.227065900901,"NRI_P125",50
"51351",1061.6736959009,"NRI_P125",100
"51352",-365.393194099102,"NRI_P125",25
"51353",-391.996404099104,"NRI_P125",50
"51354",-466.094294099101,"NRI_P125",100
"51355",723.065775900897,"NRI_P125",25
"51356",151.749745900896,"NRI_P125",50
"51357",-566.636144099102,"NRI_P125",100
"51358",-166.787154099104,"NRI_P125",25
"51359",3784.0796759009,"NRI_P125",50
"51360",3535.0597559009,"NRI_P125",100
"51361",1484.8145759009,"NRI_P125",25
"51362",517.424885900895,"NRI_P125",50
"51363",1157.0013659009,"NRI_P125",100
"51364",-151.858294099104,"NRI_P125",25
"51365",-546.811284099102,"NRI_P125",50
"51366",-358.554604099103,"NRI_P125",100
"51367",220.989045900897,"NRI_P125",25
"51368",-386.058674099106,"NRI_P125",50
"51369",3976.0374359009,"NRI_P125",100
"51370",-7.66810409910249,"NRI_P125",25
"51371",-126.419224099103,"NRI_P125",50
"51372",481.472695900899,"NRI_P125",100
"51373",-22.8861240991027,"NRI_P125",25
"51374",-168.831594099101,"NRI_P125",50
"51375",639.523945900895,"NRI_P125",100
"51376",48.939475900901,"NRI_P125",25
"51377",2722.2358659009,"NRI_P125",50
"51378",4185.9877059009,"NRI_P125",100
"51379",171.334445900895,"NRI_P125",25
"51380",-389.826724099104,"NRI_P125",50
"51381",-565.091764099103,"NRI_P125",100
"51382",0.517575900899828,"NRI_P125",25
"51383",-134.313654099104,"NRI_P125",50
"51384",-0.60413409909961,"NRI_P125",100
"51385",-29.4964040991035,"NRI_P125",25
"51386",395.130495900899,"NRI_P125",50
"51387",-387.701614099104,"NRI_P125",100
"51388",-31.0165840991031,"NRI_P125",25
"51389",10204.8019159009,"NRI_P125",50
"51390",-247.986734099104,"NRI_P125",100
"51391",-29.6177840991004,"NRI_P125",25
"51392",2703.7257559009,"NRI_P125",50
"51393",-526.586784099105,"NRI_P125",100
"51394",-384.344874099101,"NRI_P125",25
"51395",-66.6851340991052,"NRI_P125",50
"51396",-561.138144099103,"NRI_P125",100
"51397",4080.41624590089,"NRI_P125",25
"51398",-389.491624099101,"NRI_P125",50
"51399",586.6856459009,"NRI_P125",100
"51400",1.5992659008989,"NRI_P125",25
"51401",8793.9952659009,"NRI_P125",50
"51402",9831.7906959009,"NRI_P125",100
"51403",48.939475900901,"NRI_P125",25
"51404",9207.40394590089,"NRI_P125",50
"51405",10490.3894459009,"NRI_P125",100
"51406",-25.3736240991057,"NRI_P125",25
"51407",-371.992234099103,"NRI_P125",50
"51408",-438.249774099102,"NRI_P125",100
"51409",-154.256394099102,"NRI_P125",25
"51410",-79.9392240991001,"NRI_P125",50
"51411",-428.607414099104,"NRI_P125",100
"51412",-342.728414099103,"NRI_P125",25
"51413",-368.639614099106,"NRI_P125",50
"51414",3448.2965059009,"NRI_P125",100
"51415",-354.372564099103,"NRI_P125",25
"51416",-40.9327340991003,"NRI_P125",50
"51417",10030.4448759009,"NRI_P125",100
"51418",593.602045900894,"NRI_P125",25
"51419",-10.1671840991039,"NRI_P125",50
"51420",-380.650384099099,"NRI_P125",100
"51421",-166.787154099104,"NRI_P125",25
"51422",-511.550744099106,"NRI_P125",50
"51423",-502.923444099106,"NRI_P125",100
"51424",2113.9537759009,"NRI_P125",25
"51425",-98.9348340991055,"NRI_P125",50
"51426",-501.898244099102,"NRI_P125",100
"51427",-22.8861240991027,"NRI_P125",25
"51428",-548.212534099104,"NRI_P125",50
"51429",9823.82489590089,"NRI_P125",100
"51430",-3.07999409910553,"NRI_P125",25
"51431",786.932865900897,"NRI_P125",50
"51432",-355.696364099102,"NRI_P125",100
"51433",-381.4929540991,"NRI_P125",25
"51434",-129.148954099102,"NRI_P125",50
"51435",568.625525900898,"NRI_P125",100
"51436",44.8497759008969,"NRI_P125",25
"51437",-186.731874099103,"NRI_P125",50
"51438",-462.805964099105,"NRI_P125",100
"51439",-129.564664099104,"NRI_P125",25
"51440",95.7430459008974,"NRI_P125",50
"51441",-329.627564099101,"NRI_P125",100
"51442",-122.734634099106,"NRI_P125",25
"51443",-268.614824099102,"NRI_P125",50
"51444",2478.9946659009,"NRI_P125",100
"51445",-119.718064099099,"NRI_P125",25
"51446",-343.008264099102,"NRI_P125",50
"51447",-475.697964099105,"NRI_P125",100
"51448",-27.7717240991042,"NRI_P125",25
"51449",-456.492184099101,"NRI_P125",50
"51450",-530.5988040991,"NRI_P125",100
"51451",215.223375900896,"NRI_P125",25
"51452",-343.542304099101,"NRI_P125",50
"51453",1131.67131590089,"NRI_P125",100
"51454",-29.4964040991035,"NRI_P125",25
"51455",-514.860434099101,"NRI_P125",50
"51456",-172.697084099105,"NRI_P125",100
"51457",2738.4045759009,"NRI_P125",25
"51458",10240.7029459009,"NRI_P125",50
"51459",2104.5986359009,"NRI_P125",100
"51460",2328.65957590089,"NRI_P125",25
"51461",-551.8254640991,"NRI_P125",50
"51462",-471.468964099106,"NRI_P125",100
"51463",48.939475900901,"NRI_P125",25
"51464",-447.164154099104,"NRI_P125",50
"51465",10752.2796459009,"NRI_P125",100
"51466",-381.4929540991,"NRI_P125",25
"51467",-164.771814099106,"NRI_P125",50
"51468",-440.003924099103,"NRI_P125",100
"51469",-339.591204099102,"NRI_P125",25
"51470",-524.007514099103,"NRI_P125",50
"51471",-503.117964099103,"NRI_P125",100
"51472",3.75003590089909,"NRI_P125",25
"51473",-413.964334099102,"NRI_P125",50
"51474",-133.3692240991,"NRI_P125",100
"51475",8916.72577590089,"NRI_P125",25
"51476",624.329145900898,"NRI_P125",50
"51477",-526.586784099105,"NRI_P125",100
"51478",-334.423864099103,"NRI_P125",25
"51479",-134.313654099104,"NRI_P125",50
"51480",-389.306534099102,"NRI_P125",100
"51481",3.75003590089909,"NRI_P125",25
"51482",1911.65850590089,"NRI_P125",50
"51483",-370.611264099105,"NRI_P125",100
"51484",-65.675324099102,"NRI_P125",25
"51485",221.399115900895,"NRI_P125",50
"51486",-535.575944099102,"NRI_P125",100
"51487",357.184175900897,"NRI_P125",25
"51488",-144.191324099105,"NRI_P125",50
"51489",1455.8439959009,"NRI_P125",100
"51490",-32.9674240991008,"NRI_P125",25
"51491",2261.63000590089,"NRI_P125",50
"51492",-413.953304099101,"NRI_P125",100
"51493",-377.402094099103,"NRI_P125",25
"51494",6019.84647590089,"NRI_P125",50
"51495",556.988265900894,"NRI_P125",100
"51496",-43.1544040990993,"NRI_P125",25
"51497",-334.502594099104,"NRI_P125",50
"51498",7920.8149959009,"NRI_P125",100
"51499",-28.2458240991036,"NRI_P125",25
"51500",10089.1553759009,"NRI_P125",50
"51501",4823.66710590089,"NRI_P125",100
"51502",-150.687394099099,"NRI_P125",25
"51503",-360.889784099105,"NRI_P125",50
"51504",-162.384684099103,"NRI_P125",100
"51505",8916.72577590089,"NRI_P125",25
"51506",-389.052304099103,"NRI_P125",50
"51507",5458.8348459009,"NRI_P125",100
"51508",2113.9537759009,"NRI_P125",25
"51509",1089.0037459009,"NRI_P125",50
"51510",-453.919104099099,"NRI_P125",100
"51511",-378.577584099105,"NRI_P125",25
"51512",899.963065900898,"NRI_P125",50
"51513",3585.5945059009,"NRI_P125",100
"51514",-129.564664099104,"NRI_P125",25
"51515",-11.1447040991043,"NRI_P125",50
"51516",-503.7001640991,"NRI_P125",100
"51517",-3.07999409910553,"NRI_P125",25
"51518",-388.2751940991,"NRI_P125",50
"51519",182.159465900899,"NRI_P125",100
"51520",-233.645324099103,"NRI_P125",25
"51521",-128.786504099102,"NRI_P125",50
"51522",-206.527224099103,"NRI_P125",100
"51523",-3.95522409910336,"NRI_P125",25
"51524",-381.0786240991,"NRI_P125",50
"51525",9836.03710590089,"NRI_P125",100
"51526",-155.184164099104,"NRI_P125",25
"51527",-407.2448040991,"NRI_P125",50
"51528",-539.637294099106,"NRI_P125",100
"51529",-374.157894099102,"NRI_P125",25
"51530",2533.0322759009,"NRI_P125",50
"51531",-529.559564099101,"NRI_P125",100
"51532",-29.4964040991035,"NRI_P125",25
"51533",-497.812324099104,"NRI_P125",50
"51534",-424.924064099105,"NRI_P125",100
"51535",-161.167614099104,"NRI_P125",25
"51536",19492.3359459009,"NRI_P125",50
"51537",4529.7418159009,"NRI_P125",100
"51538",-265.222224099103,"NRI_P125",25
"51539",-523.462804099101,"NRI_P125",50
"51540",3971.1344859009,"NRI_P125",100
"51541",-22.8861240991027,"NRI_P125",25
"51542",423.967095900894,"NRI_P125",50
"51543",-439.796654099104,"NRI_P125",100
"51544",-159.452094099106,"NRI_P125",25
"51545",-78.7581240991058,"NRI_P125",50
"51546",12312.1659759009,"NRI_P125",100
"51547",-370.808254099102,"NRI_P125",25
"51548",1143.61814590089,"NRI_P125",50
"51549",1168.74894590089,"NRI_P125",100
"51550",8338.1302459009,"NRI_P125",25
"51551",-497.088334099106,"NRI_P125",50
"51552",512.224065900897,"NRI_P125",100
"51553",-3.95522409910336,"NRI_P125",25
"51554",61.8799959008975,"NRI_P125",50
"51555",2409.4839659009,"NRI_P125",100
"51556",0.25772590089764,"NRI_P125",25
"51557",-353.6091440991,"NRI_P125",50
"51558",56.9585659008953,"NRI_P125",100
"51559",-237.591924099106,"NRI_P125",25
"51560",-407.875604099099,"NRI_P125",50
"51561",1997.7788059009,"NRI_P125",100
"51562",-48.1236840991041,"NRI_P125",25
"51563",-161.467064099103,"NRI_P125",50
"51564",-176.345004099101,"NRI_P125",100
"51565",723.065775900897,"NRI_P125",25
"51566",2034.89831590089,"NRI_P125",50
"51567",63.1744159008958,"NRI_P125",100
"51568",8916.72577590089,"NRI_P125",25
"51569",79.7213459008999,"NRI_P125",50
"51570",1897.13701590089,"NRI_P125",100
"51571",-17.623794099105,"NRI_P125",25
"51572",689.873065900894,"NRI_P125",50
"51573",507.135755900897,"NRI_P125",100
"51574",-24.202724099101,"NRI_P125",25
"51575",213.689555900899,"NRI_P125",50
"51576",-314.644294099104,"NRI_P125",100
"51577",-365.393194099102,"NRI_P125",25
"51578",471.324835900894,"NRI_P125",50
"51579",8762.2308359009,"NRI_P125",100
"51580",-169.856024099099,"NRI_P125",25
"51581",-468.572514099105,"NRI_P125",50
"51582",-381.861354099099,"NRI_P125",100
"51583",-134.1527740991,"NRI_P125",25
"51584",-23.6810240991035,"NRI_P125",50
"51585",27.1807859008986,"NRI_P125",100
"51586",-157.501254099101,"NRI_P125",25
"51587",-415.357334099106,"NRI_P125",50
"51588",-508.044694099102,"NRI_P125",100
"51589",3.75003590089909,"NRI_P125",25
"51590",-417.560694099106,"NRI_P125",50
"51591",-133.993754099101,"NRI_P125",100
"51592",1064.2562459009,"NRI_P125",25
"51593",2842.0072459009,"NRI_P125",50
"51594",8827.22297590089,"NRI_P125",100
"51595",2.826115900898,"NRI_P125",25
"51596",-95.4539240990998,"NRI_P125",50
"51597",10045.5771059009,"NRI_P125",100
"51598",341.708045900894,"NRI_P125",25
"51599",3710.98407590089,"NRI_P125",50
"51600",1147.8005759009,"NRI_P125",100
"51601",0.0043248200090602,"NRI_P126",25
"51602",-138.60737518,"NRI_P126",50
"51603",-474.032275179983,"NRI_P126",100
"51604",0.0043248200090602,"NRI_P126",25
"51605",-636.487475180009,"NRI_P126",50
"51606",1152.19172482,"NRI_P126",100
"51607",0.0043248200090602,"NRI_P126",25
"51608",-842.796895180014,"NRI_P126",50
"51609",-982.004225180019,"NRI_P126",100
"51610",0.0043248200090602,"NRI_P126",25
"51611",280.328624819987,"NRI_P126",50
"51612",-412.032475179993,"NRI_P126",100
"51613",0.0043248200090602,"NRI_P126",25
"51614",-245.588865179976,"NRI_P126",50
"51615",-1081.04283518001,"NRI_P126",100
"51616",0.0043248200090602,"NRI_P126",25
"51617",-228.360695180018,"NRI_P126",50
"51618",8876.45751481998,"NRI_P126",100
"51619",0.0043248200090602,"NRI_P126",25
"51620",-113.039075180015,"NRI_P126",50
"51621",-804.568575180019,"NRI_P126",100
"51622",0.0043248200090602,"NRI_P126",25
"51623",-865.561115179968,"NRI_P126",50
"51624",-863.852325180022,"NRI_P126",100
"51625",0.0043248200090602,"NRI_P126",25
"51626",-164.472675180004,"NRI_P126",50
"51627",157.616024820018,"NRI_P126",100
"51628",0.0043248200090602,"NRI_P126",25
"51629",5985.93952482002,"NRI_P126",50
"51630",1846.03022482002,"NRI_P126",100
"51631",0.0043248200090602,"NRI_P126",25
"51632",249.867224820016,"NRI_P126",50
"51633",-748.051775179978,"NRI_P126",100
"51634",0.0043248200090602,"NRI_P126",25
"51635",-878.302955179999,"NRI_P126",50
"51636",567.183524820022,"NRI_P126",100
"51637",0.0043248200090602,"NRI_P126",25
"51638",-250.391155179997,"NRI_P126",50
"51639",-945.89438517997,"NRI_P126",100
"51640",0.0043248200090602,"NRI_P126",25
"51641",-130.163575179991,"NRI_P126",50
"51642",-1089.23639517999,"NRI_P126",100
"51643",0.0043248200090602,"NRI_P126",25
"51644",-760.653075180016,"NRI_P126",50
"51645",-1025.74917517998,"NRI_P126",100
"51646",0.0043248200090602,"NRI_P126",25
"51647",-850.396785179968,"NRI_P126",50
"51648",1226.38154481997,"NRI_P126",100
"51649",0.0043248200090602,"NRI_P126",25
"51650",310.616124820022,"NRI_P126",50
"51651",-207.68517517997,"NRI_P126",100
"51652",0.0043248200090602,"NRI_P126",25
"51653",1368.28052482003,"NRI_P126",50
"51654",-787.057025180024,"NRI_P126",100
"51655",0.0043248200090602,"NRI_P126",25
"51656",-674.183875180024,"NRI_P126",50
"51657",-892.907305179979,"NRI_P126",100
"51658",0.0043248200090602,"NRI_P126",25
"51659",-865.707195180003,"NRI_P126",50
"51660",-954.903775179991,"NRI_P126",100
"51661",0.0043248200090602,"NRI_P126",25
"51662",-665.256075180019,"NRI_P126",50
"51663",-871.98237518,"NRI_P126",100
"51664",0.0043248200090602,"NRI_P126",25
"51665",-832.29672518,"NRI_P126",50
"51666",-420.695375179988,"NRI_P126",100
"51667",0.0043248200090602,"NRI_P126",25
"51668",5389.92352482001,"NRI_P126",50
"51669",-370.54547517997,"NRI_P126",100
"51670",0.0043248200090602,"NRI_P126",25
"51671",-653.965275180002,"NRI_P126",50
"51672",-892.71840517997,"NRI_P126",100
"51673",0.0043248200090602,"NRI_P126",25
"51674",-636.487475180009,"NRI_P126",50
"51675",-965.560995179985,"NRI_P126",100
"51676",0.0043248200090602,"NRI_P126",25
"51677",-45.0316751800128,"NRI_P126",50
"51678",-1003.93846517999,"NRI_P126",100
"51679",0.0043248200090602,"NRI_P126",25
"51680",819.15652482002,"NRI_P126",50
"51681",615.49352482002,"NRI_P126",100
"51682",0.0043248200090602,"NRI_P126",25
"51683",1593.50252481998,"NRI_P126",50
"51684",-537.629475180001,"NRI_P126",100
"51685",0.0043248200090602,"NRI_P126",25
"51686",-697.53427518002,"NRI_P126",50
"51687",-933.298985179979,"NRI_P126",100
"51688",0.0043248200090602,"NRI_P126",25
"51689",-245.49462517997,"NRI_P126",50
"51690",-680.533375179977,"NRI_P126",100
"51691",0.0043248200090602,"NRI_P126",25
"51692",11509.41372482,"NRI_P126",50
"51693",1025.09191482002,"NRI_P126",100
"51694",0.0043248200090602,"NRI_P126",25
"51695",-178.828675179975,"NRI_P126",50
"51696",-907.084335179999,"NRI_P126",100
"51697",0.0043248200090602,"NRI_P126",25
"51698",-513.952575179981,"NRI_P126",50
"51699",6881.36592482001,"NRI_P126",100
"51700",0.0043248200090602,"NRI_P126",25
"51701",465.97982482001,"NRI_P126",50
"51702",-909.103875180008,"NRI_P126",100
"51703",0.0043248200090602,"NRI_P126",25
"51704",604.663424819999,"NRI_P126",50
"51705",-959.685545179993,"NRI_P126",100
"51706",0.0043248200090602,"NRI_P126",25
"51707",-193.206675180001,"NRI_P126",50
"51708",-794.553175179986,"NRI_P126",100
"51709",0.0043248200090602,"NRI_P126",25
"51710",-596.358575179998,"NRI_P126",50
"51711",-838.82327518001,"NRI_P126",100
"51712",0.0043248200090602,"NRI_P126",25
"51713",284.578124820022,"NRI_P126",50
"51714",-1057.77391518001,"NRI_P126",100
"51715",0.0043248200090602,"NRI_P126",25
"51716",-201.461915179971,"NRI_P126",50
"51717",-1095.07297518,"NRI_P126",100
"51718",0.0043248200090602,"NRI_P126",25
"51719",-599.556375180022,"NRI_P126",50
"51720",224.48922481999,"NRI_P126",100
"51721",0.0043248200090602,"NRI_P126",25
"51722",9342.43852482003,"NRI_P126",50
"51723",-841.857525179978,"NRI_P126",100
"51724",0.0043248200090602,"NRI_P126",25
"51725",-685.552775180025,"NRI_P126",50
"51726",1032.20302482002,"NRI_P126",100
"51727",0.0043248200090602,"NRI_P126",25
"51728",-244.475175180007,"NRI_P126",50
"51729",-799.268885180005,"NRI_P126",100
"51730",0.0043248200090602,"NRI_P126",25
"51731",-250.391155179997,"NRI_P126",50
"51732",6307.22852482001,"NRI_P126",100
"51733",0.0043248200090602,"NRI_P126",25
"51734",-52.2024751799763,"NRI_P126",50
"51735",-309.531875180022,"NRI_P126",100
"51736",0.0043248200090602,"NRI_P126",25
"51737",-873.406425179972,"NRI_P126",50
"51738",561.936224819976,"NRI_P126",100
"51739",0.0043248200090602,"NRI_P126",25
"51740",-440.235675179982,"NRI_P126",50
"51741",-715.789575179981,"NRI_P126",100
"51742",0.0043248200090602,"NRI_P126",25
"51743",-833.849375179969,"NRI_P126",50
"51744",-1016.66607517999,"NRI_P126",100
"51745",0.0043248200090602,"NRI_P126",25
"51746",261.359724820009,"NRI_P126",50
"51747",9591.60782481998,"NRI_P126",100
"51748",0.0043248200090602,"NRI_P126",25
"51749",-7.79397518001497,"NRI_P126",50
"51750",1478.39662482002,"NRI_P126",100
"51751",0.0043248200090602,"NRI_P126",25
"51752",697.65672482003,"NRI_P126",50
"51753",-587.195075179974,"NRI_P126",100
"51754",0.0043248200090602,"NRI_P126",25
"51755",-184.13087518001,"NRI_P126",50
"51756",15709.53582482,"NRI_P126",100
"51757",0.0043248200090602,"NRI_P126",25
"51758",-128.479875179997,"NRI_P126",50
"51759",-536.978675179998,"NRI_P126",100
"51760",0.0043248200090602,"NRI_P126",25
"51761",-855.447765179968,"NRI_P126",50
"51762",-901.250175179972,"NRI_P126",100
"51763",0.0043248200090602,"NRI_P126",25
"51764",-224.629195180023,"NRI_P126",50
"51765",-1045.91924517998,"NRI_P126",100
"51766",0.0043248200090602,"NRI_P126",25
"51767",366.658724820009,"NRI_P126",50
"51768",4593.85872482002,"NRI_P126",100
"51769",0.0043248200090602,"NRI_P126",25
"51770",-618.353375179984,"NRI_P126",50
"51771",-1112.85131518001,"NRI_P126",100
"51772",0.0043248200090602,"NRI_P126",25
"51773",-846.475595180003,"NRI_P126",50
"51774",-937.514615179971,"NRI_P126",100
"51775",0.0043248200090602,"NRI_P126",25
"51776",-245.49462517997,"NRI_P126",50
"51777",-1116.85297518002,"NRI_P126",100
"51778",0.0043248200090602,"NRI_P126",25
"51779",281.972724820022,"NRI_P126",50
"51780",-1038.88942517998,"NRI_P126",100
"51781",0.0043248200090602,"NRI_P126",25
"51782",-134.847175179981,"NRI_P126",50
"51783",-665.394975179981,"NRI_P126",100
"51784",0.0043248200090602,"NRI_P126",25
"51785",3338.90172482003,"NRI_P126",50
"51786",-902.442085180024,"NRI_P126",100
"51787",0.0043248200090602,"NRI_P126",25
"51788",-641.798275179986,"NRI_P126",50
"51789",176.023624819994,"NRI_P126",100
"51790",0.0043248200090602,"NRI_P126",25
"51791",280.328624819987,"NRI_P126",50
"51792",-884.488035180024,"NRI_P126",100
"51793",0.0043248200090602,"NRI_P126",25
"51794",-103.845075179997,"NRI_P126",50
"51795",115.029624819988,"NRI_P126",100
"51796",0.0043248200090602,"NRI_P126",25
"51797",-864.870065180003,"NRI_P126",50
"51798",-877.937295179989,"NRI_P126",100
"51799",0.0043248200090602,"NRI_P126",25
"51800",95.885724820022,"NRI_P126",50
"51801",957.589224820025,"NRI_P126",100
"51802",0.0043248200090602,"NRI_P126",25
"51803",-233.530045179999,"NRI_P126",50
"51804",-1003.64929517999,"NRI_P126",100
"51805",0.0043248200090602,"NRI_P126",25
"51806",-14.4741751800175,"NRI_P126",50
"51807",345.288324819994,"NRI_P126",100
"51808",0.0043248200090602,"NRI_P126",25
"51809",3726.60252482002,"NRI_P126",50
"51810",5301.11302481999,"NRI_P126",100
"51811",0.0043248200090602,"NRI_P126",25
"51812",1446.84772482002,"NRI_P126",50
"51813",-603.402975180012,"NRI_P126",100
"51814",0.0043248200090602,"NRI_P126",25
"51815",-201.461915179971,"NRI_P126",50
"51816",567.385724820022,"NRI_P126",100
"51817",0.0043248200090602,"NRI_P126",25
"51818",-182.813375180005,"NRI_P126",50
"51819",-992.217075179971,"NRI_P126",100
"51820",0.0043248200090602,"NRI_P126",25
"51821",-149.127375180018,"NRI_P126",50
"51822",-125.626085179974,"NRI_P126",100
"51823",0.0043248200090602,"NRI_P126",25
"51824",-829.379385180015,"NRI_P126",50
"51825",-161.763675179973,"NRI_P126",100
"51826",0.0043248200090602,"NRI_P126",25
"51827",994.57052482001,"NRI_P126",50
"51828",-299.144375180011,"NRI_P126",100
"51829",0.0043248200090602,"NRI_P126",25
"51830",-7.79397518001497,"NRI_P126",50
"51831",-633.694275179994,"NRI_P126",100
"51832",0.0043248200090602,"NRI_P126",25
"51833",-206.846095180023,"NRI_P126",50
"51834",-482.827595180017,"NRI_P126",100
"51835",0.0043248200090602,"NRI_P126",25
"51836",-74.9117751800222,"NRI_P126",50
"51837",-294.249535179988,"NRI_P126",100
"51838",0.0043248200090602,"NRI_P126",25
"51839",575.709324820025,"NRI_P126",50
"51840",-535.71827517997,"NRI_P126",100
"51841",0.0043248200090602,"NRI_P126",25
"51842",1142.42072482,"NRI_P126",50
"51843",-1068.03095518,"NRI_P126",100
"51844",0.0043248200090602,"NRI_P126",25
"51845",-799.672875179967,"NRI_P126",50
"51846",-1083.68387518002,"NRI_P126",100
"51847",0.0043248200090602,"NRI_P126",25
"51848",-237.279935179977,"NRI_P126",50
"51849",2514.18342482002,"NRI_P126",100
"51850",0.0043248200090602,"NRI_P126",25
"51851",-576.779575179971,"NRI_P126",50
"51852",317.449224820011,"NRI_P126",100
"51853",0.0043248200090602,"NRI_P126",25
"51854",38848.42372482,"NRI_P126",50
"51855",1673.12377482001,"NRI_P126",100
"51856",0.0043248200090602,"NRI_P126",25
"51857",1662.83052482002,"NRI_P126",50
"51858",854.927324820019,"NRI_P126",100
"51859",0.0043248200090602,"NRI_P126",25
"51860",-867.093585180002,"NRI_P126",50
"51861",-942.941475179978,"NRI_P126",100
"51862",0.0043248200090602,"NRI_P126",25
"51863",-653.965275180002,"NRI_P126",50
"51864",-380.004975180025,"NRI_P126",100
"51865",0.0043248200090602,"NRI_P126",25
"51866",1686.52172482002,"NRI_P126",50
"51867",47.7911448199884,"NRI_P126",100
"51868",0.0043248200090602,"NRI_P126",25
"51869",-806.339975179988,"NRI_P126",50
"51870",1238.30212482001,"NRI_P126",100
"51871",0.0043248200090602,"NRI_P126",25
"51872",455.469424819981,"NRI_P126",50
"51873",-991.99448518001,"NRI_P126",100
"51874",0.0043248200090602,"NRI_P126",25
"51875",-853.277395180019,"NRI_P126",50
"51876",-773.255895179987,"NRI_P126",100
"51877",0.0043248200090602,"NRI_P126",25
"51878",-868.173685180023,"NRI_P126",50
"51879",439.267434820009,"NRI_P126",100
"51880",0.0043248200090602,"NRI_P126",25
"51881",-636.487475180009,"NRI_P126",50
"51882",-177.928055180004,"NRI_P126",100
"51883",0.0043248200090602,"NRI_P126",25
"51884",-777.03917518002,"NRI_P126",50
"51885",-270.533275179972,"NRI_P126",100
"51886",0.0043248200090602,"NRI_P126",25
"51887",-207.397635179979,"NRI_P126",50
"51888",1339.49435482,"NRI_P126",100
"51889",0.0043248200090602,"NRI_P126",25
"51890",-96.8210751800216,"NRI_P126",50
"51891",-402.873575180012,"NRI_P126",100
"51892",0.0043248200090602,"NRI_P126",25
"51893",-873.406425179972,"NRI_P126",50
"51894",-1066.89700518001,"NRI_P126",100
"51895",0.0043248200090602,"NRI_P126",25
"51896",285.21512482001,"NRI_P126",50
"51897",-1002.07978517999,"NRI_P126",100
"51898",0.0043248200090602,"NRI_P126",25
"51899",-696.413675179996,"NRI_P126",50
"51900",-1044.15928517998,"NRI_P126",100
"51901",-29.8549549909658,"NRI_P129",25
"51902",-261.106964990962,"NRI_P129",50
"51903",17037.200655009,"NRI_P129",100
"51904",18427.790205009,"NRI_P129",25
"51905",-572.665684990992,"NRI_P129",50
"51906",895.777235009009,"NRI_P129",100
"51907",-78.1397949910024,"NRI_P129",25
"51908",20915.4533050091,"NRI_P129",50
"51909",333.713725009002,"NRI_P129",100
"51910",2723.041215009,"NRI_P129",25
"51911",-1490.27732499095,"NRI_P129",50
"51912",-2507.52496499097,"NRI_P129",100
"51913",-673.052994990954,"NRI_P129",25
"51914",-1789.289194991,"NRI_P129",50
"51915",6940.42053500901,"NRI_P129",100
"51916",-396.361374990956,"NRI_P129",25
"51917",-1159.91615499096,"NRI_P129",50
"51918",2945.27762500901,"NRI_P129",100
"51919",-354.723994990985,"NRI_P129",25
"51920",-1096.17212499096,"NRI_P129",50
"51921",-1777.79626499099,"NRI_P129",100
"51922",-88.4882949909661,"NRI_P129",25
"51923",-580.894354990975,"NRI_P129",50
"51924",-2113.56050499098,"NRI_P129",100
"51925",-736.479414990987,"NRI_P129",25
"51926",4498.40631500905,"NRI_P129",50
"51927",-1370.95640499098,"NRI_P129",100
"51928",580.634205009032,"NRI_P129",25
"51929",-37.7672849909868,"NRI_P129",50
"51930",2130.14506500901,"NRI_P129",100
"51931",-261.13306499098,"NRI_P129",25
"51932",-2104.500774991,"NRI_P129",50
"51933",-2794.73457499099,"NRI_P129",100
"51934",-362.302994990954,"NRI_P129",25
"51935",-1847.54729499097,"NRI_P129",50
"51936",-2465.11864499096,"NRI_P129",100
"51937",986.379005009017,"NRI_P129",25
"51938",-1994.266154991,"NRI_P129",50
"51939",-1247.521154991,"NRI_P129",100
"51940",-168.545794990961,"NRI_P129",25
"51941",-794.354964990984,"NRI_P129",50
"51942",-780.657204990974,"NRI_P129",100
"51943",-755.326864990988,"NRI_P129",25
"51944",-208.793864990992,"NRI_P129",50
"51945",2190.95308500901,"NRI_P129",100
"51946",557.165515009023,"NRI_P129",25
"51947",1033.45171500905,"NRI_P129",50
"51948",2727.13091500901,"NRI_P129",100
"51949",-393.086314991,"NRI_P129",25
"51950",-765.755714990955,"NRI_P129",50
"51951",143.900865009055,"NRI_P129",100
"51952",173.691705009027,"NRI_P129",25
"51953",-1717.43518499099,"NRI_P129",50
"51954",-2041.53394499095,"NRI_P129",100
"51955",-1608.30629499099,"NRI_P129",25
"51956",-11.9190849909792,"NRI_P129",50
"51957",-1461.017874991,"NRI_P129",100
"51958",3573.80200500903,"NRI_P129",25
"51959",-658.533864990983,"NRI_P129",50
"51960",723.718725009006,"NRI_P129",100
"51961",-1696.70277499099,"NRI_P129",25
"51962",-152.233274990984,"NRI_P129",50
"51963",3220.95111500903,"NRI_P129",100
"51964",-282.931544990977,"NRI_P129",25
"51965",-1907.326254991,"NRI_P129",50
"51966",-2414.71242499095,"NRI_P129",100
"51967",-234.471644990961,"NRI_P129",25
"51968",19509.509615009,"NRI_P129",50
"51969",2860.06214500905,"NRI_P129",100
"51970",831.147005008999,"NRI_P129",25
"51971",-1524.43318499095,"NRI_P129",50
"51972",1358.17939500901,"NRI_P129",100
"51973",1227.07870500901,"NRI_P129",25
"51974",4319.51030500903,"NRI_P129",50
"51975",-2529.95268499095,"NRI_P129",100
"51976",825.177905009012,"NRI_P129",25
"51977",-230.445514990948,"NRI_P129",50
"51978",1902.34348500904,"NRI_P129",100
"51979",-1700.88413499098,"NRI_P129",25
"51980",-2300.09884499095,"NRI_P129",50
"51981",1345.04947500903,"NRI_P129",100
"51982",114.934915009013,"NRI_P129",25
"51983",-103.117684990983,"NRI_P129",50
"51984",5541.00259500905,"NRI_P129",100
"51985",2304.75900500902,"NRI_P129",25
"51986",-1046.832094991,"NRI_P129",50
"51987",5604.41171500902,"NRI_P129",100
"51988",-3.69299499096815,"NRI_P129",25
"51989",967.845055009006,"NRI_P129",50
"51990",-2781.63519499096,"NRI_P129",100
"51991",-1656.79149499099,"NRI_P129",25
"51992",-1386.987794991,"NRI_P129",50
"51993",-1400.57939499099,"NRI_P129",100
"51994",145.415505009005,"NRI_P129",25
"51995",-447.653184990981,"NRI_P129",50
"51996",336.421715009026,"NRI_P129",100
"51997",-380.551814990991,"NRI_P129",25
"51998",-852.769164990983,"NRI_P129",50
"51999",-580.575884990976,"NRI_P129",100
"52000",305.35640500905,"NRI_P129",25
"52001",2905.882405009,"NRI_P129",50
"52002",-2142.53676499095,"NRI_P129",100
"52003",-121.107794990996,"NRI_P129",25
"52004",172.570645009051,"NRI_P129",50
"52005",-8.82030499097891,"NRI_P129",100
"52006",-121.107794990996,"NRI_P129",25
"52007",-1230.10679499095,"NRI_P129",50
"52008",-2714.971114991,"NRI_P129",100
"52009",258.388105009042,"NRI_P129",25
"52010",475.180005009053,"NRI_P129",50
"52011",-1382.94762499095,"NRI_P129",100
"52012",-1680.99982499098,"NRI_P129",25
"52013",631.047305009037,"NRI_P129",50
"52014",-1807.67794499098,"NRI_P129",100
"52015",-1573.48569499096,"NRI_P129",25
"52016",1607.53221500904,"NRI_P129",50
"52017",3487.49801500904,"NRI_P129",100
"52018",732.884905009007,"NRI_P129",25
"52019",-399.036364990985,"NRI_P129",50
"52020",-794.555124990991,"NRI_P129",100
"52021",-165.477894990996,"NRI_P129",25
"52022",3820.74170500902,"NRI_P129",50
"52023",184.580415008997,"NRI_P129",100
"52024",0.635505009035114,"NRI_P129",25
"52025",-1830.254764991,"NRI_P129",50
"52026",-2627.50014499098,"NRI_P129",100
"52027",259.40910500905,"NRI_P129",25
"52028",-28.3158549909713,"NRI_P129",50
"52029",2320.32485500904,"NRI_P129",100
"52030",-431.93099499098,"NRI_P129",25
"52031",3834.502505009,"NRI_P129",50
"52032",1769.71433500905,"NRI_P129",100
"52033",-231.667384990957,"NRI_P129",25
"52034",-1912.27967499098,"NRI_P129",50
"52035",-1992.91960499098,"NRI_P129",100
"52036",-642.553894990997,"NRI_P129",25
"52037",-974.242464990995,"NRI_P129",50
"52038",6775.69607500901,"NRI_P129",100
"52039",-265.922594990989,"NRI_P129",25
"52040",3327.14941500901,"NRI_P129",50
"52041",-2538.67243499099,"NRI_P129",100
"52042",722.555005009053,"NRI_P129",25
"52043",-2013.27226499096,"NRI_P129",50
"52044",-2881.75694499095,"NRI_P129",100
"52045",-552.101694990997,"NRI_P129",25
"52046",-1887.07224499097,"NRI_P129",50
"52047",-279.409974990995,"NRI_P129",100
"52048",-379.948234990996,"NRI_P129",25
"52049",-1381.76049499097,"NRI_P129",50
"52050",-2255.276054991,"NRI_P129",100
"52051",-264.677834990958,"NRI_P129",25
"52052",-1917.22741499095,"NRI_P129",50
"52053",190.822985008999,"NRI_P129",100
"52054",-26.7937949909829,"NRI_P129",25
"52055",-276.25568499096,"NRI_P129",50
"52056",1717.33701500902,"NRI_P129",100
"52057",-379.948234990996,"NRI_P129",25
"52058",-1705.09921499097,"NRI_P129",50
"52059",2380.25389500905,"NRI_P129",100
"52060",-576.14849499095,"NRI_P129",25
"52061",-82.8133849909646,"NRI_P129",50
"52062",870.178555009014,"NRI_P129",100
"52063",-356.000394990959,"NRI_P129",25
"52064",-314.538684990956,"NRI_P129",50
"52065",4795.35026500904,"NRI_P129",100
"52066",-7.98747499095043,"NRI_P129",25
"52067",-1555.45608499099,"NRI_P129",50
"52068",-1908.46010499098,"NRI_P129",100
"52069",-1712.57602499099,"NRI_P129",25
"52070",-963.235114990966,"NRI_P129",50
"52071",1095.98528500902,"NRI_P129",100
"52072",70.132205009053,"NRI_P129",25
"52073",1297.76759500901,"NRI_P129",50
"52074",-1272.07514499099,"NRI_P129",100
"52075",-988.356894990953,"NRI_P129",25
"52076",3879.41251500905,"NRI_P129",50
"52077",-2732.851954991,"NRI_P129",100
"52078",-81.954694991,"NRI_P129",25
"52079",-236.349984990957,"NRI_P129",50
"52080",-1382.168934991,"NRI_P129",100
"52081",-423.536664990999,"NRI_P129",25
"52082",-2155.33188499097,"NRI_P129",50
"52083",-983.783104990958,"NRI_P129",100
"52084",-1642.74969499098,"NRI_P129",25
"52085",-942.780874990975,"NRI_P129",50
"52086",6094.52757500904,"NRI_P129",100
"52087",3418.21321500902,"NRI_P129",25
"52088",-2273.60085499095,"NRI_P129",50
"52089",-1783.664164991,"NRI_P129",100
"52090",-397.619184990996,"NRI_P129",25
"52091",-640.788994990988,"NRI_P129",50
"52092",2641.88012500905,"NRI_P129",100
"52093",-508.870994990983,"NRI_P129",25
"52094",-1652.305094991,"NRI_P129",50
"52095",-2084.87968499097,"NRI_P129",100
"52096",2775.32621500903,"NRI_P129",25
"52097",-1917.64971499098,"NRI_P129",50
"52098",203.875115009025,"NRI_P129",100
"52099",-399.402974990953,"NRI_P129",25
"52100",1134.72361500905,"NRI_P129",50
"52101",1592.83065500902,"NRI_P129",100
"52102",-692.293294990959,"NRI_P129",25
"52103",-344.425794990966,"NRI_P129",50
"52104",-2864.32230499096,"NRI_P129",100
"52105",-1554.882394991,"NRI_P129",25
"52106",634.404405009001,"NRI_P129",50
"52107",186.946115009021,"NRI_P129",100
"52108",-692.293294990959,"NRI_P129",25
"52109",-715.955514990957,"NRI_P129",50
"52110",11.2577950090053,"NRI_P129",100
"52111",-1709.711054991,"NRI_P129",25
"52112",-1689.46116499096,"NRI_P129",50
"52113",-1856.620354991,"NRI_P129",100
"52114",-380.551814990991,"NRI_P129",25
"52115",18601.480705009,"NRI_P129",50
"52116",-2351.11783499096,"NRI_P129",100
"52117",3691.70321500901,"NRI_P129",25
"52118",-2235.11047499097,"NRI_P129",50
"52119",-2652.28373499098,"NRI_P129",100
"52120",-678.968594990962,"NRI_P129",25
"52121",-1818.57559499098,"NRI_P129",50
"52122",2476.699315009,"NRI_P129",100
"52123",-190.863294990966,"NRI_P129",25
"52124",-158.055784990953,"NRI_P129",50
"52125",1678.73088500905,"NRI_P129",100
"52126",-1484.57369499095,"NRI_P129",25
"52127",3669.45981500903,"NRI_P129",50
"52128",1341.82499500905,"NRI_P129",100
"52129",37.5884150090278,"NRI_P129",25
"52130",3926.57270500902,"NRI_P129",50
"52131",-2812.41607499099,"NRI_P129",100
"52132",-142.288894990983,"NRI_P129",25
"52133",2447.70345500903,"NRI_P129",50
"52134",983.141995009035,"NRI_P129",100
"52135",-1622.95649499097,"NRI_P129",25
"52136",-1814.04495499097,"NRI_P129",50
"52137",-1192.69220499095,"NRI_P129",100
"52138",-1419.23539499094,"NRI_P129",25
"52139",216.087315009034,"NRI_P129",50
"52140",-755.882214990968,"NRI_P129",100
"52141",-1687.25091499096,"NRI_P129",25
"52142",-745.453764990962,"NRI_P129",50
"52143",-1413.07026499097,"NRI_P129",100
"52144",-1677.55271499098,"NRI_P129",25
"52145",-327.801804990973,"NRI_P129",50
"52146",-1852.83646499098,"NRI_P129",100
"52147",143.34091500903,"NRI_P129",25
"52148",7.11671500903321,"NRI_P129",50
"52149",6572.89011500904,"NRI_P129",100
"52150",282.317115009006,"NRI_P129",25
"52151",-502.473184990988,"NRI_P129",50
"52152",-2807.26382499095,"NRI_P129",100
"52153",-1257.659394991,"NRI_P129",25
"52154",-991.913824990974,"NRI_P129",50
"52155",2135.45676500903,"NRI_P129",100
"52156",-427.375834990991,"NRI_P129",25
"52157",1021.51310500904,"NRI_P129",50
"52158",-2290.20074499096,"NRI_P129",100
"52159",112.258615009021,"NRI_P129",25
"52160",421.259305009036,"NRI_P129",50
"52161",-2474.19880499097,"NRI_P129",100
"52162",-260.165204990946,"NRI_P129",25
"52163",1320.96130500903,"NRI_P129",50
"52164",1821.40629500902,"NRI_P129",100
"52165",-114.423394990969,"NRI_P129",25
"52166",-260.862894990947,"NRI_P129",50
"52167",-1797.47765499097,"NRI_P129",100
"52168",-386.837274990976,"NRI_P129",25
"52169",2469.04201500904,"NRI_P129",50
"52170",-2589.63766499097,"NRI_P129",100
"52171",-1497.66839499096,"NRI_P129",25
"52172",-1905.26862499095,"NRI_P129",50
"52173",-2562.75359499099,"NRI_P129",100
"52174",203.559905009053,"NRI_P129",25
"52175",81.227915009018,"NRI_P129",50
"52176",476.857295009017,"NRI_P129",100
"52177",-1574.280594991,"NRI_P129",25
"52178",-648.08208499098,"NRI_P129",50
"52179",3170.48109500902,"NRI_P129",100
"52180",616.538205009012,"NRI_P129",25
"52181",-1196.55409499095,"NRI_P129",50
"52182",-2711.18971499096,"NRI_P129",100
"52183",-1432.035494991,"NRI_P129",25
"52184",-882.10889499099,"NRI_P129",50
"52185",743.332785008999,"NRI_P129",100
"52186",-255.866464990948,"NRI_P129",25
"52187",236.966725009028,"NRI_P129",50
"52188",1727.32702500903,"NRI_P129",100
"52189",-1575.88909499097,"NRI_P129",25
"52190",-1861.73579499096,"NRI_P129",50
"52191",-1385.98713499098,"NRI_P129",100
"52192",-716.044584990945,"NRI_P129",25
"52193",8263.63870500901,"NRI_P129",50
"52194",1322.38052500901,"NRI_P129",100
"52195",296.579805009009,"NRI_P129",25
"52196",-1747.99799499096,"NRI_P129",50
"52197",17859.0894350091,"NRI_P129",100
"52198",-104.47019499098,"NRI_P129",25
"52199",-1421.26218499098,"NRI_P129",50
"52200",-1745.25481499097,"NRI_P129",100
"52201",-0.00518382500740699,"NRI_P130",25
"52202",-89.2081938250049,"NRI_P130",50
"52203",-147.51966382502,"NRI_P130",100
"52204",-0.00518382500740699,"NRI_P130",25
"52205",-92.3416838250123,"NRI_P130",50
"52206",-193.043783825007,"NRI_P130",100
"52207",-0.00518382500740699,"NRI_P130",25
"52208",-213.595733825001,"NRI_P130",50
"52209",-239.689473825012,"NRI_P130",100
"52210",-0.00518382500740699,"NRI_P130",25
"52211",-60.2790838250075,"NRI_P130",50
"52212",-284.937373825029,"NRI_P130",100
"52213",-0.00518382500740699,"NRI_P130",25
"52214",-85.4318538250227,"NRI_P130",50
"52215",-173.434513825021,"NRI_P130",100
"52216",-0.00518382500740699,"NRI_P130",25
"52217",4508.82571617499,"NRI_P130",50
"52218",1328.69051617497,"NRI_P130",100
"52219",-0.00518382500740699,"NRI_P130",25
"52220",115.169916174986,"NRI_P130",50
"52221",-303.394063825021,"NRI_P130",100
"52222",-0.00518382500740699,"NRI_P130",25
"52223",-87.5145538250217,"NRI_P130",50
"52224",1794.47988617499,"NRI_P130",100
"52225",-0.00518382500740699,"NRI_P130",25
"52226",-210.852843825007,"NRI_P130",50
"52227",-133.691713825014,"NRI_P130",100
"52228",-0.00518382500740699,"NRI_P130",25
"52229",-210.852843825007,"NRI_P130",50
"52230",-281.203503825003,"NRI_P130",100
"52231",-0.00518382500740699,"NRI_P130",25
"52232",-85.0703638250125,"NRI_P130",50
"52233",-179.260893825005,"NRI_P130",100
"52234",-0.00518382500740699,"NRI_P130",25
"52235",1045.97871617498,"NRI_P130",50
"52236",1083.13921617498,"NRI_P130",100
"52237",-0.00518382500740699,"NRI_P130",25
"52238",1763.44861617498,"NRI_P130",50
"52239",913.328556174994,"NRI_P130",100
"52240",-0.00518382500740699,"NRI_P130",25
"52241",540.728916174994,"NRI_P130",50
"52242",581.480506174994,"NRI_P130",100
"52243",-0.00518382500740699,"NRI_P130",25
"52244",610.912116174994,"NRI_P130",50
"52245",-11.6725838250131,"NRI_P130",100
"52246",-0.00518382500740699,"NRI_P130",25
"52247",-73.4075638250215,"NRI_P130",50
"52248",360.406766174972,"NRI_P130",100
"52249",-0.00518382500740699,"NRI_P130",25
"52250",237.488316174975,"NRI_P130",50
"52251",-206.84408382501,"NRI_P130",100
"52252",-0.00518382500740699,"NRI_P130",25
"52253",-231.025113825017,"NRI_P130",50
"52254",431.269206174999,"NRI_P130",100
"52255",-0.00518382500740699,"NRI_P130",25
"52256",314.798316174973,"NRI_P130",50
"52257",-48.1118238250201,"NRI_P130",100
"52258",-0.00518382500740699,"NRI_P130",25
"52259",989.539616174996,"NRI_P130",50
"52260",-153.18697382501,"NRI_P130",100
"52261",-0.00518382500740699,"NRI_P130",25
"52262",-179.897463825007,"NRI_P130",50
"52263",1533.007296175,"NRI_P130",100
"52264",-0.00518382500740699,"NRI_P130",25
"52265",2286.62761617498,"NRI_P130",50
"52266",599.295326174994,"NRI_P130",100
"52267",-0.00518382500740699,"NRI_P130",25
"52268",-52.8400438250101,"NRI_P130",50
"52269",-240.732763825014,"NRI_P130",100
"52270",-0.00518382500740699,"NRI_P130",25
"52271",1702.066616175,"NRI_P130",50
"52272",143.812516174978,"NRI_P130",100
"52273",-0.00518382500740699,"NRI_P130",25
"52274",1511.59471617499,"NRI_P130",50
"52275",620.216406174994,"NRI_P130",100
"52276",-0.00518382500740699,"NRI_P130",25
"52277",572.182916174992,"NRI_P130",50
"52278",-235.171003825002,"NRI_P130",100
"52279",-0.00518382500740699,"NRI_P130",25
"52280",-216.212143825018,"NRI_P130",50
"52281",838.988756174978,"NRI_P130",100
"52282",-0.00518382500740699,"NRI_P130",25
"52283",-169.978003825003,"NRI_P130",50
"52284",156.279706174973,"NRI_P130",100
"52285",-0.00518382500740699,"NRI_P130",25
"52286",883.985616174992,"NRI_P130",50
"52287",-35.8039638250193,"NRI_P130",100
"52288",-0.00518382500740699,"NRI_P130",25
"52289",-213.595733825001,"NRI_P130",50
"52290",1245.12201617498,"NRI_P130",100
"52291",-0.00518382500740699,"NRI_P130",25
"52292",-50.5856138250092,"NRI_P130",50
"52293",64.3055261749832,"NRI_P130",100
"52294",-0.00518382500740699,"NRI_P130",25
"52295",-73.3783438250248,"NRI_P130",50
"52296",1037.96421617499,"NRI_P130",100
"52297",-0.00518382500740699,"NRI_P130",25
"52298",-65.722943825007,"NRI_P130",50
"52299",-54.6960838250234,"NRI_P130",100
"52300",-0.00518382500740699,"NRI_P130",25
"52301",227.356616174977,"NRI_P130",50
"52302",413.071276174975,"NRI_P130",100
"52303",-0.00518382500740699,"NRI_P130",25
"52304",152.651716174994,"NRI_P130",50
"52305",-253.253743825015,"NRI_P130",100
"52306",-0.00518382500740699,"NRI_P130",25
"52307",84.5305161749711,"NRI_P130",50
"52308",-198.933543825027,"NRI_P130",100
"52309",-0.00518382500740699,"NRI_P130",25
"52310",540.728916174994,"NRI_P130",50
"52311",-236.773873825005,"NRI_P130",100
"52312",-0.00518382500740699,"NRI_P130",25
"52313",72.5779161749815,"NRI_P130",50
"52314",8317.70620617497,"NRI_P130",100
"52315",-0.00518382500740699,"NRI_P130",25
"52316",-82.3808338250092,"NRI_P130",50
"52317",137.096696174995,"NRI_P130",100
"52318",-0.00518382500740699,"NRI_P130",25
"52319",-92.3416838250123,"NRI_P130",50
"52320",-150.201853825012,"NRI_P130",100
"52321",-0.00518382500740699,"NRI_P130",25
"52322",-43.6824738250289,"NRI_P130",50
"52323",16.5237161749974,"NRI_P130",100
"52324",-0.00518382500740699,"NRI_P130",25
"52325",24.102816175,"NRI_P130",50
"52326",815.657296174992,"NRI_P130",100
"52327",-0.00518382500740699,"NRI_P130",25
"52328",-211.781333825027,"NRI_P130",50
"52329",-246.755763825,"NRI_P130",100
"52330",-0.00518382500740699,"NRI_P130",25
"52331",-197.700043825025,"NRI_P130",50
"52332",376.740616174997,"NRI_P130",100
"52333",-0.00518382500740699,"NRI_P130",25
"52334",1616.20161617498,"NRI_P130",50
"52335",71.0378561749822,"NRI_P130",100
"52336",-0.00518382500740699,"NRI_P130",25
"52337",274.961216174997,"NRI_P130",50
"52338",1797.691616175,"NRI_P130",100
"52339",-0.00518382500740699,"NRI_P130",25
"52340",6.2662161749904,"NRI_P130",50
"52341",852.295996174973,"NRI_P130",100
"52342",-0.00518382500740699,"NRI_P130",25
"52343",62.1016161749722,"NRI_P130",50
"52344",-228.111163825,"NRI_P130",100
"52345",-0.00518382500740699,"NRI_P130",25
"52346",-62.8796938250016,"NRI_P130",50
"52347",-242.539943825017,"NRI_P130",100
"52348",-0.00518382500740699,"NRI_P130",25
"52349",-204.978933825012,"NRI_P130",50
"52350",-204.218903825007,"NRI_P130",100
"52351",-0.00518382500740699,"NRI_P130",25
"52352",-71.2726238250034,"NRI_P130",50
"52353",257.939336174983,"NRI_P130",100
"52354",-0.00518382500740699,"NRI_P130",25
"52355",6813.55171617499,"NRI_P130",50
"52356",-326.396733825008,"NRI_P130",100
"52357",-0.00518382500740699,"NRI_P130",25
"52358",-203.948723825015,"NRI_P130",50
"52359",-234.61083382502,"NRI_P130",100
"52360",-0.00518382500740699,"NRI_P130",25
"52361",962.17061617499,"NRI_P130",50
"52362",624.562916174997,"NRI_P130",100
"52363",-0.00518382500740699,"NRI_P130",25
"52364",-170.282593825017,"NRI_P130",50
"52365",516.852116174996,"NRI_P130",100
"52366",-0.00518382500740699,"NRI_P130",25
"52367",-216.941353825008,"NRI_P130",50
"52368",-158.464983825019,"NRI_P130",100
"52369",-0.00518382500740699,"NRI_P130",25
"52370",-153.144363825006,"NRI_P130",50
"52371",-272.233963825012,"NRI_P130",100
"52372",-0.00518382500740699,"NRI_P130",25
"52373",-180.129043825029,"NRI_P130",50
"52374",-271.702203825029,"NRI_P130",100
"52375",-0.00518382500740699,"NRI_P130",25
"52376",65.9942161749932,"NRI_P130",50
"52377",3255.87951617499,"NRI_P130",100
"52378",-0.00518382500740699,"NRI_P130",25
"52379",-62.8796938250016,"NRI_P130",50
"52380",126.426616174984,"NRI_P130",100
"52381",-0.00518382500740699,"NRI_P130",25
"52382",-215.591993825015,"NRI_P130",50
"52383",-253.270623825025,"NRI_P130",100
"52384",-0.00518382500740699,"NRI_P130",25
"52385",-154.788273825019,"NRI_P130",50
"52386",528.106546174997,"NRI_P130",100
"52387",-0.00518382500740699,"NRI_P130",25
"52388",-219.507783825014,"NRI_P130",50
"52389",-259.17644382501,"NRI_P130",100
"52390",-0.00518382500740699,"NRI_P130",25
"52391",43.2064161749731,"NRI_P130",50
"52392",324.714096174983,"NRI_P130",100
"52393",-0.00518382500740699,"NRI_P130",25
"52394",62.1016161749722,"NRI_P130",50
"52395",-163.044403825013,"NRI_P130",100
"52396",-0.00518382500740699,"NRI_P130",25
"52397",-208.952903825004,"NRI_P130",50
"52398",-133.700953825028,"NRI_P130",100
"52399",-0.00518382500740699,"NRI_P130",25
"52400",-72.3475938250194,"NRI_P130",50
"52401",6548.31361617497,"NRI_P130",100
"52402",-0.00518382500740699,"NRI_P130",25
"52403",-92.3416838250123,"NRI_P130",50
"52404",-283.096573825023,"NRI_P130",100
"52405",-0.00518382500740699,"NRI_P130",25
"52406",-161.190903825016,"NRI_P130",50
"52407",312.910366174998,"NRI_P130",100
"52408",-0.00518382500740699,"NRI_P130",25
"52409",-89.3701538250025,"NRI_P130",50
"52410",951.693516174972,"NRI_P130",100
"52411",-0.00518382500740699,"NRI_P130",25
"52412",-48.6289138250286,"NRI_P130",50
"52413",14.6877461749827,"NRI_P130",100
"52414",-0.00518382500740699,"NRI_P130",25
"52415",-213.387563825003,"NRI_P130",50
"52416",3072.448916175,"NRI_P130",100
"52417",-0.00518382500740699,"NRI_P130",25
"52418",151.746216174972,"NRI_P130",50
"52419",1022.73891617497,"NRI_P130",100
"52420",-0.00518382500740699,"NRI_P130",25
"52421",-180.959913825005,"NRI_P130",50
"52422",-280.327243825013,"NRI_P130",100
"52423",-0.00518382500740699,"NRI_P130",25
"52424",-80.4139638250053,"NRI_P130",50
"52425",-260.083533825004,"NRI_P130",100
"52426",-0.00518382500740699,"NRI_P130",25
"52427",4379.32961617497,"NRI_P130",50
"52428",3034.515716175,"NRI_P130",100
"52429",-0.00518382500740699,"NRI_P130",25
"52430",-92.3416838250123,"NRI_P130",50
"52431",996.496996174974,"NRI_P130",100
"52432",-0.00518382500740699,"NRI_P130",25
"52433",5.06381617498118,"NRI_P130",50
"52434",-173.606173825014,"NRI_P130",100
"52435",-0.00518382500740699,"NRI_P130",25
"52436",-221.03098382501,"NRI_P130",50
"52437",-123.667483825004,"NRI_P130",100
"52438",-0.00518382500740699,"NRI_P130",25
"52439",1045.97871617498,"NRI_P130",50
"52440",-188.138853825018,"NRI_P130",100
"52441",-0.00518382500740699,"NRI_P130",25
"52442",348.660116174986,"NRI_P130",50
"52443",404.996916174976,"NRI_P130",100
"52444",-0.00518382500740699,"NRI_P130",25
"52445",461.644516174973,"NRI_P130",50
"52446",1207.19781617497,"NRI_P130",100
"52447",-0.00518382500740699,"NRI_P130",25
"52448",6052.46661617499,"NRI_P130",50
"52449",-295.453023825015,"NRI_P130",100
"52450",-0.00518382500740699,"NRI_P130",25
"52451",-68.9651938250172,"NRI_P130",50
"52452",-248.164783825021,"NRI_P130",100
"52453",-0.00518382500740699,"NRI_P130",25
"52454",-85.6433238250029,"NRI_P130",50
"52455",-188.137223825004,"NRI_P130",100
"52456",-0.00518382500740699,"NRI_P130",25
"52457",-22.2473238250241,"NRI_P130",50
"52458",4354.67681617499,"NRI_P130",100
"52459",-0.00518382500740699,"NRI_P130",25
"52460",66.7343161749886,"NRI_P130",50
"52461",902.870016174973,"NRI_P130",100
"52462",-0.00518382500740699,"NRI_P130",25
"52463",411.232816174976,"NRI_P130",50
"52464",-169.926933825016,"NRI_P130",100
"52465",-0.00518382500740699,"NRI_P130",25
"52466",-205.712343825027,"NRI_P130",50
"52467",472.493416174984,"NRI_P130",100
"52468",-0.00518382500740699,"NRI_P130",25
"52469",947.335716174974,"NRI_P130",50
"52470",-165.520313825022,"NRI_P130",100
"52471",-0.00518382500740699,"NRI_P130",25
"52472",-140.834883825009,"NRI_P130",50
"52473",116.432106174994,"NRI_P130",100
"52474",-0.00518382500740699,"NRI_P130",25
"52475",-168.80952382501,"NRI_P130",50
"52476",-75.7245838250092,"NRI_P130",100
"52477",-0.00518382500740699,"NRI_P130",25
"52478",-105.721783825022,"NRI_P130",50
"52479",45.3001161749999,"NRI_P130",100
"52480",-0.00518382500740699,"NRI_P130",25
"52481",796.945016174985,"NRI_P130",50
"52482",381.781116175,"NRI_P130",100
"52483",-0.00518382500740699,"NRI_P130",25
"52484",-86.2896838250163,"NRI_P130",50
"52485",603.645416174986,"NRI_P130",100
"52486",-0.00518382500740699,"NRI_P130",25
"52487",-192.817823825026,"NRI_P130",50
"52488",-290.088833825022,"NRI_P130",100
"52489",-0.00518382500740699,"NRI_P130",25
"52490",-40.4819038250134,"NRI_P130",50
"52491",1420.15501617498,"NRI_P130",100
"52492",-0.00518382500740699,"NRI_P130",25
"52493",-204.978933825012,"NRI_P130",50
"52494",162.306016174989,"NRI_P130",100
"52495",-0.00518382500740699,"NRI_P130",25
"52496",-60.2790838250075,"NRI_P130",50
"52497",530.200916174974,"NRI_P130",100
"52498",-0.00518382500740699,"NRI_P130",25
"52499",-28.5279638250067,"NRI_P130",50
"52500",1288.49651617499,"NRI_P130",100
"52501",1.55798411200522,"NRI_P131",25
"52502",-30.2606158880226,"NRI_P131",50
"52503",-1535.50968588801,"NRI_P131",100
"52504",-519.906715888006,"NRI_P131",25
"52505",-834.81770588801,"NRI_P131",50
"52506",-1235.86758588802,"NRI_P131",100
"52507",83.5743841119984,"NRI_P131",25
"52508",-989.254845888005,"NRI_P131",50
"52509",-1637.14016588801,"NRI_P131",100
"52510",-62.0289858879987,"NRI_P131",25
"52511",82.7106541119865,"NRI_P131",50
"52512",4903.79223411198,"NRI_P131",100
"52513",-931.83756588801,"NRI_P131",25
"52514",-307.73951588801,"NRI_P131",50
"52515",-1238.462155888,"NRI_P131",100
"52516",69.2929841119912,"NRI_P131",25
"52517",-825.892815888015,"NRI_P131",50
"52518",1294.95194411199,"NRI_P131",100
"52519",772.772984112002,"NRI_P131",25
"52520",-639.021695888019,"NRI_P131",50
"52521",-1426.11260588802,"NRI_P131",100
"52522",-840.007515888021,"NRI_P131",25
"52523",99.0176041119848,"NRI_P131",50
"52524",-1561.088955888,"NRI_P131",100
"52525",-923.760705888009,"NRI_P131",25
"52526",-185.089115887997,"NRI_P131",50
"52527",-1422.84889588802,"NRI_P131",100
"52528",-494.204215888021,"NRI_P131",25
"52529",-252.370065888012,"NRI_P131",50
"52530",-1627.80068588801,"NRI_P131",100
"52531",-463.021915888006,"NRI_P131",25
"52532",-298.849845888006,"NRI_P131",50
"52533",-1612.25262588801,"NRI_P131",100
"52534",-42.993375888007,"NRI_P131",25
"52535",-878.725115887995,"NRI_P131",50
"52536",-1368.18031588802,"NRI_P131",100
"52537",-39.1896958879952,"NRI_P131",25
"52538",-559.991315888008,"NRI_P131",50
"52539",-1618.67623588801,"NRI_P131",100
"52540",63.4796841119824,"NRI_P131",25
"52541",-131.079215888021,"NRI_P131",50
"52542",-1457.22299588801,"NRI_P131",100
"52543",-48.8222258879978,"NRI_P131",25
"52544",-881.439235888014,"NRI_P131",50
"52545",5031.205144112,"NRI_P131",100
"52546",-464.599515887996,"NRI_P131",25
"52547",-83.747795888019,"NRI_P131",50
"52548",-1391.46587588801,"NRI_P131",100
"52549",815.647784111992,"NRI_P131",25
"52550",-1087.473415888,"NRI_P131",50
"52551",-1528.58378588801,"NRI_P131",100
"52552",-80.1627158880001,"NRI_P131",25
"52553",-201.762825887999,"NRI_P131",50
"52554",-1282.44845588802,"NRI_P131",100
"52555",-957.705755888019,"NRI_P131",25
"52556",-1005.932885888,"NRI_P131",50
"52557",-1091.55086588801,"NRI_P131",100
"52558",-148.088315888017,"NRI_P131",25
"52559",-1079.63875588801,"NRI_P131",50
"52560",-1355.51430588801,"NRI_P131",100
"52561",187.126984111994,"NRI_P131",25
"52562",-771.511915887997,"NRI_P131",50
"52563",-1295.09774588802,"NRI_P131",100
"52564",-643.800615888002,"NRI_P131",25
"52565",389.333854111988,"NRI_P131",50
"52566",474.949664111977,"NRI_P131",100
"52567",-47.6842558880162,"NRI_P131",25
"52568",-457.828715887998,"NRI_P131",50
"52569",-1291.407995888,"NRI_P131",100
"52570",426.130484111985,"NRI_P131",25
"52571",-992.654025888012,"NRI_P131",50
"52572",-579.303895888006,"NRI_P131",100
"52573",-487.646915888006,"NRI_P131",25
"52574",-388.10822588802,"NRI_P131",50
"52575",5637.79058411199,"NRI_P131",100
"52576",-42.9781258880103,"NRI_P131",25
"52577",-699.376615888003,"NRI_P131",50
"52578",-1170.861315888,"NRI_P131",100
"52579",-479.097515888017,"NRI_P131",25
"52580",-254.136845888017,"NRI_P131",50
"52581",333.532784112002,"NRI_P131",100
"52582",-32.9061358880135,"NRI_P131",25
"52583",-850.187265888002,"NRI_P131",50
"52584",-897.060905888007,"NRI_P131",100
"52585",-39.8046558880014,"NRI_P131",25
"52586",-827.633055888,"NRI_P131",50
"52587",-1610.871925888,"NRI_P131",100
"52588",79.5496841119893,"NRI_P131",25
"52589",-480.024715888023,"NRI_P131",50
"52590",1701.351434112,"NRI_P131",100
"52591",-59.1867558880185,"NRI_P131",25
"52592",-448.039325888007,"NRI_P131",50
"52593",-924.381185888022,"NRI_P131",100
"52594",243.273684111977,"NRI_P131",25
"52595",-707.316035888012,"NRI_P131",50
"52596",522.568654111994,"NRI_P131",100
"52597",306.123884111992,"NRI_P131",25
"52598",-6.00717588802218,"NRI_P131",50
"52599",-1666.76304588802,"NRI_P131",100
"52600",-43.2374158879975,"NRI_P131",25
"52601",-1046.575665888,"NRI_P131",50
"52602",-1251.51972588801,"NRI_P131",100
"52603",21.2790841120004,"NRI_P131",25
"52604",-530.577065888006,"NRI_P131",50
"52605",-1426.665215888,"NRI_P131",100
"52606",-79.7453158880235,"NRI_P131",25
"52607",71.6392441119824,"NRI_P131",50
"52608",-1763.31124588801,"NRI_P131",100
"52609",-485.09491588801,"NRI_P131",25
"52610",-1256.10981588802,"NRI_P131",50
"52611",5412.556844112,"NRI_P131",100
"52612",-726.440415888006,"NRI_P131",25
"52613",-91.1315358880092,"NRI_P131",50
"52614",-775.459815887996,"NRI_P131",100
"52615",98.1023841119895,"NRI_P131",25
"52616",-690.726645888004,"NRI_P131",50
"52617",-909.694125887996,"NRI_P131",100
"52618",1053.30898411199,"NRI_P131",25
"52619",-988.815175888012,"NRI_P131",50
"52620",-1275.174545888,"NRI_P131",100
"52621",4735.93298411201,"NRI_P131",25
"52622",-1041.331815888,"NRI_P131",50
"52623",-1226.93401588802,"NRI_P131",100
"52624",-199.714415888011,"NRI_P131",25
"52625",371.895584112004,"NRI_P131",50
"52626",-1090.27761588802,"NRI_P131",100
"52627",-59.7314158880035,"NRI_P131",25
"52628",-505.848125888006,"NRI_P131",50
"52629",-1726.50215588801,"NRI_P131",100
"52630",-23.4572658880206,"NRI_P131",25
"52631",-399.349515887996,"NRI_P131",50
"52632",-1626.05372588802,"NRI_P131",100
"52633",-547.60001588802,"NRI_P131",25
"52634",-702.419335888,"NRI_P131",50
"52635",-992.038855888008,"NRI_P131",100
"52636",-231.819135888014,"NRI_P131",25
"52637",-931.871535888,"NRI_P131",50
"52638",-1295.17143588801,"NRI_P131",100
"52639",-72.728145888017,"NRI_P131",25
"52640",-382.507215888007,"NRI_P131",50
"52641",-1657.70912588801,"NRI_P131",100
"52642",453.365784111986,"NRI_P131",25
"52643",-1015.501015888,"NRI_P131",50
"52644",-1514.82317588801,"NRI_P131",100
"52645",-32.1368058880034,"NRI_P131",25
"52646",-348.712775888009,"NRI_P131",50
"52647",1231.09915411199,"NRI_P131",100
"52648",-58.84107588802,"NRI_P131",25
"52649",-579.532365888008,"NRI_P131",50
"52650",-310.11451588801,"NRI_P131",100
"52651",-484.973715888016,"NRI_P131",25
"52652",-947.891985888011,"NRI_P131",50
"52653",-1569.286565888,"NRI_P131",100
"52654",-917.768415888015,"NRI_P131",25
"52655",-498.126175887999,"NRI_P131",50
"52656",-1618.647705888,"NRI_P131",100
"52657",49.2235841119837,"NRI_P131",25
"52658",-199.862855888001,"NRI_P131",50
"52659",-1360.590105888,"NRI_P131",100
"52660",-222.486035887996,"NRI_P131",25
"52661",-198.797035888012,"NRI_P131",50
"52662",-1565.220945888,"NRI_P131",100
"52663",-813.857515887998,"NRI_P131",25
"52664",825.856284112,"NRI_P131",50
"52665",-327.707075888,"NRI_P131",100
"52666",-229.647435888008,"NRI_P131",25
"52667",-170.425715888006,"NRI_P131",50
"52668",-1061.31391588802,"NRI_P131",100
"52669",-981.999975888,"NRI_P131",25
"52670",38.6146841119917,"NRI_P131",50
"52671",-249.066485888005,"NRI_P131",100
"52672",-120.547615888005,"NRI_P131",25
"52673",-192.29552588801,"NRI_P131",50
"52674",-944.73421588802,"NRI_P131",100
"52675",-226.077225888002,"NRI_P131",25
"52676",-262.908325888013,"NRI_P131",50
"52677",-1547.34019588801,"NRI_P131",100
"52678",-546.852355887997,"NRI_P131",25
"52679",-17.702815888013,"NRI_P131",50
"52680",-1653.51275588802,"NRI_P131",100
"52681",-954.826825888013,"NRI_P131",25
"52682",-324.612565888005,"NRI_P131",50
"52683",-449.383475887997,"NRI_P131",100
"52684",-158.368015888002,"NRI_P131",25
"52685",-848.626315888017,"NRI_P131",50
"52686",-1030.412295888,"NRI_P131",100
"52687",190.681784111977,"NRI_P131",25
"52688",-626.957315888023,"NRI_P131",50
"52689",-1531.985405888,"NRI_P131",100
"52690",782.368984111992,"NRI_P131",25
"52691",-753.820535888022,"NRI_P131",50
"52692",-1638.16825588801,"NRI_P131",100
"52693",-151.38861588802,"NRI_P131",25
"52694",-98.4963658880151,"NRI_P131",50
"52695",-1225.35010588801,"NRI_P131",100
"52696",-202.412815888005,"NRI_P131",25
"52697",8.46648411199567,"NRI_P131",50
"52698",-1238.91071588802,"NRI_P131",100
"52699",137.269684111991,"NRI_P131",25
"52700",-448.66522588802,"NRI_P131",50
"52701",-1511.68954588802,"NRI_P131",100
"52702",-936.656305887998,"NRI_P131",25
"52703",-1007.556165888,"NRI_P131",50
"52704",-1812.82173588802,"NRI_P131",100
"52705",-528.570325887995,"NRI_P131",25
"52706",-1119.65362588802,"NRI_P131",50
"52707",-1593.268455888,"NRI_P131",100
"52708",637.919684111985,"NRI_P131",25
"52709",-727.809205888014,"NRI_P131",50
"52710",-1123.30845588801,"NRI_P131",100
"52711",3007.475784112,"NRI_P131",25
"52712",261.121484111995,"NRI_P131",50
"52713",-1124.972165888,"NRI_P131",100
"52714",-232.974935888022,"NRI_P131",25
"52715",-1056.47121588801,"NRI_P131",50
"52716",148.411324111978,"NRI_P131",100
"52717",-643.800615888002,"NRI_P131",25
"52718",-921.955625888018,"NRI_P131",50
"52719",-485.899955888017,"NRI_P131",100
"52720",-2.83721588802291,"NRI_P131",25
"52721",-366.972815888003,"NRI_P131",50
"52722",-1665.39476588802,"NRI_P131",100
"52723",-502.288715888018,"NRI_P131",25
"52724",-484.366415888013,"NRI_P131",50
"52725",-1081.44807588801,"NRI_P131",100
"52726",944.968984111998,"NRI_P131",25
"52727",-838.735585888004,"NRI_P131",50
"52728",-1484.06170588802,"NRI_P131",100
"52729",-960.609675888001,"NRI_P131",25
"52730",739.446284111997,"NRI_P131",50
"52731",-920.802045888006,"NRI_P131",100
"52732",-222.165335888014,"NRI_P131",25
"52733",-61.4617758880195,"NRI_P131",50
"52734",-1474.440785888,"NRI_P131",100
"52735",-23.7877558880136,"NRI_P131",25
"52736",-244.974205888022,"NRI_P131",50
"52737",-1698.433175888,"NRI_P131",100
"52738",-203.732595887996,"NRI_P131",25
"52739",-200.747815887997,"NRI_P131",50
"52740",270.805584111979,"NRI_P131",100
"52741",-381.489415888005,"NRI_P131",25
"52742",-1396.116845888,"NRI_P131",50
"52743",-1627.820975888,"NRI_P131",100
"52744",66.4086841119861,"NRI_P131",25
"52745",-756.441505888011,"NRI_P131",50
"52746",-1500.421055888,"NRI_P131",100
"52747",99.7867841119878,"NRI_P131",25
"52748",-369.855415888014,"NRI_P131",50
"52749",-1236.003335888,"NRI_P131",100
"52750",-585.400515888003,"NRI_P131",25
"52751",-154.23348588802,"NRI_P131",50
"52752",-1745.54444588802,"NRI_P131",100
"52753",31.9294841119845,"NRI_P131",25
"52754",-425.024595888011,"NRI_P131",50
"52755",-1534.58456588801,"NRI_P131",100
"52756",80.9204841119936,"NRI_P131",25
"52757",-6.38681588802137,"NRI_P131",50
"52758",-974.400115888013,"NRI_P131",100
"52759",-232.858425888,"NRI_P131",25
"52760",-134.75811588802,"NRI_P131",50
"52761",-1456.45495588801,"NRI_P131",100
"52762",-726.440415888006,"NRI_P131",25
"52763",-273.736715888022,"NRI_P131",50
"52764",-169.707415887999,"NRI_P131",100
"52765",128.21208411199,"NRI_P131",25
"52766",-956.713745888002,"NRI_P131",50
"52767",5095.78340411198,"NRI_P131",100
"52768",86.1297841119813,"NRI_P131",25
"52769",1222.30558411198,"NRI_P131",50
"52770",3268.11778411199,"NRI_P131",100
"52771",-86.8014158880105,"NRI_P131",25
"52772",352.257084112003,"NRI_P131",50
"52773",-948.648665888002,"NRI_P131",100
"52774",-536.380195888021,"NRI_P131",25
"52775",-1016.69570588801,"NRI_P131",50
"52776",1083.921524112,"NRI_P131",100
"52777",-392.678115888004,"NRI_P131",25
"52778",132.953584111994,"NRI_P131",50
"52779",-1387.80625588802,"NRI_P131",100
"52780",-37.1614558880101,"NRI_P131",25
"52781",-68.6075558880111,"NRI_P131",50
"52782",-1593.62632588801,"NRI_P131",100
"52783",237.277584111987,"NRI_P131",25
"52784",-953.998515888001,"NRI_P131",50
"52785",4997.19068411199,"NRI_P131",100
"52786",411.197784111981,"NRI_P131",25
"52787",-198.365315888019,"NRI_P131",50
"52788",-1706.31144588802,"NRI_P131",100
"52789",-62.090675888001,"NRI_P131",25
"52790",-656.33339588801,"NRI_P131",50
"52791",-701.801575888006,"NRI_P131",100
"52792",-213.486525888002,"NRI_P131",25
"52793",-227.776065888,"NRI_P131",50
"52794",-1638.27680588802,"NRI_P131",100
"52795",-559.297735888016,"NRI_P131",25
"52796",310.973184111994,"NRI_P131",50
"52797",-1704.36818588802,"NRI_P131",100
"52798",-71.7051158880058,"NRI_P131",25
"52799",-1361.59726588801,"NRI_P131",50
"52800",-1145.246325888,"NRI_P131",100
"52801",-6570.152569022,"NRI_P133",25
"52802",-6307.419879022,"NRI_P133",50
"52803",-4823.39639902199,"NRI_P133",100
"52804",-557.714429021988,"NRI_P133",25
"52805",-1855.89671902198,"NRI_P133",50
"52806",-7655.658879022,"NRI_P133",100
"52807",218.111530978,"NRI_P133",25
"52808",-982.90296902199,"NRI_P133",50
"52809",-6034.590119022,"NRI_P133",100
"52810",-6006.731519022,"NRI_P133",25
"52811",200.422670978005,"NRI_P133",50
"52812",-3855.828579022,"NRI_P133",100
"52813",133.612030977994,"NRI_P133",25
"52814",-5536.08264902199,"NRI_P133",50
"52815",-9291.064189022,"NRI_P133",100
"52816",-6020.477369022,"NRI_P133",25
"52817",-6184.61887902199,"NRI_P133",50
"52818",-8679.11407902199,"NRI_P133",100
"52819",-1202.87346902199,"NRI_P133",25
"52820",-6569.47045902201,"NRI_P133",50
"52821",-4523.094139022,"NRI_P133",100
"52822",-93.7624890219886,"NRI_P133",25
"52823",-5958.95658902201,"NRI_P133",50
"52824",-7374.36225902199,"NRI_P133",100
"52825",-6274.46416902199,"NRI_P133",25
"52826",-2772.277959022,"NRI_P133",50
"52827",-8904.994679022,"NRI_P133",100
"52828",1049.24207097798,"NRI_P133",25
"52829",-6817.82947902201,"NRI_P133",50
"52830",-7525.024289022,"NRI_P133",100
"52831",-5376.972079022,"NRI_P133",25
"52832",-502.553079022007,"NRI_P133",50
"52833",-9178.20215902201,"NRI_P133",100
"52834",-218.304709021992,"NRI_P133",25
"52835",-7041.10079902201,"NRI_P133",50
"52836",-6960.428559022,"NRI_P133",100
"52837",-858.883489022002,"NRI_P133",25
"52838",-8612.50657902201,"NRI_P133",50
"52839",-9247.17734902201,"NRI_P133",100
"52840",-111.091789022001,"NRI_P133",25
"52841",-1034.484769022,"NRI_P133",50
"52842",2062.279200978,"NRI_P133",100
"52843",-148.511469021993,"NRI_P133",25
"52844",-6326.09487902198,"NRI_P133",50
"52845",-5836.202659022,"NRI_P133",100
"52846",-4956.08807902201,"NRI_P133",25
"52847",-6851.32837902199,"NRI_P133",50
"52848",3727.91808097798,"NRI_P133",100
"52849",2333.35732097802,"NRI_P133",25
"52850",-1734.44973902201,"NRI_P133",50
"52851",-2030.40589902201,"NRI_P133",100
"52852",-24.5381690220092,"NRI_P133",25
"52853",-6635.70365902199,"NRI_P133",50
"52854",-6708.829309022,"NRI_P133",100
"52855",-143.499869021995,"NRI_P133",25
"52856",1130.263820978,"NRI_P133",50
"52857",-7041.875309022,"NRI_P133",100
"52858",-4725.23790902199,"NRI_P133",25
"52859",-1188.56446902201,"NRI_P133",50
"52860",-7559.115399022,"NRI_P133",100
"52861",-1306.095469022,"NRI_P133",25
"52862",-6060.17407902199,"NRI_P133",50
"52863",-7771.460459022,"NRI_P133",100
"52864",-3643.84586902198,"NRI_P133",25
"52865",-412.106979022006,"NRI_P133",50
"52866",-8126.29558902199,"NRI_P133",100
"52867",-207.550779021985,"NRI_P133",25
"52868",-7386.581179022,"NRI_P133",50
"52869",-5958.58887902199,"NRI_P133",100
"52870",137.493870978011,"NRI_P133",25
"52871",-476.977409021987,"NRI_P133",50
"52872",-7716.880699022,"NRI_P133",100
"52873",-7369.190389022,"NRI_P133",25
"52874",-6111.49002902201,"NRI_P133",50
"52875",-9013.920629022,"NRI_P133",100
"52876",-2231.49056902199,"NRI_P133",25
"52877",1904.75248097803,"NRI_P133",50
"52878",-7744.36836902201,"NRI_P133",100
"52879",-6424.254219022,"NRI_P133",25
"52880",3778.15652097802,"NRI_P133",50
"52881",-4946.959099022,"NRI_P133",100
"52882",-2439.784449022,"NRI_P133",25
"52883",-3008.01275902201,"NRI_P133",50
"52884",-5655.23352902199,"NRI_P133",100
"52885",-6178.44381902201,"NRI_P133",25
"52886",-8122.524129022,"NRI_P133",50
"52887",-9198.50995902199,"NRI_P133",100
"52888",-64.5518990219862,"NRI_P133",25
"52889",-6224.73313902199,"NRI_P133",50
"52890",-8456.764589022,"NRI_P133",100
"52891",-5975.19096902199,"NRI_P133",25
"52892",-8033.38646902199,"NRI_P133",50
"52893",-8205.82746902201,"NRI_P133",100
"52894",-6834.40576902201,"NRI_P133",25
"52895",-1096.37571902201,"NRI_P133",50
"52896",-882.765239022003,"NRI_P133",100
"52897",-7784.95365902199,"NRI_P133",25
"52898",-3276.536119022,"NRI_P133",50
"52899",8654.74092097802,"NRI_P133",100
"52900",636.408720978012,"NRI_P133",25
"52901",-5539.85284902199,"NRI_P133",50
"52902",-6755.97402902201,"NRI_P133",100
"52903",-171.52776902201,"NRI_P133",25
"52904",-2206.519179022,"NRI_P133",50
"52905",-7865.71901902198,"NRI_P133",100
"52906",105.248120978009,"NRI_P133",25
"52907",-6348.15779902201,"NRI_P133",50
"52908",-7939.577639022,"NRI_P133",100
"52909",923.503020978009,"NRI_P133",25
"52910",-2243.265399022,"NRI_P133",50
"52911",-3009.365769022,"NRI_P133",100
"52912",-5841.18744902199,"NRI_P133",25
"52913",-6961.31023902199,"NRI_P133",50
"52914",-8840.48733902199,"NRI_P133",100
"52915",-7783.368189022,"NRI_P133",25
"52916",-7324.94717902201,"NRI_P133",50
"52917",-9339.02241902199,"NRI_P133",100
"52918",979.304930977989,"NRI_P133",25
"52919",-1016.04004902201,"NRI_P133",50
"52920",-3825.068519022,"NRI_P133",100
"52921",-399.553379021992,"NRI_P133",25
"52922",-5836.25203902199,"NRI_P133",50
"52923",-6610.428219022,"NRI_P133",100
"52924",-2448.85858902201,"NRI_P133",25
"52925",-4449.73822902201,"NRI_P133",50
"52926",-2936.49262902199,"NRI_P133",100
"52927",-634.837219022011,"NRI_P133",25
"52928",-1384.788259022,"NRI_P133",50
"52929",-8931.786379022,"NRI_P133",100
"52930",-728.186209022009,"NRI_P133",25
"52931",-8635.22795902198,"NRI_P133",50
"52932",-5976.88918902201,"NRI_P133",100
"52933",-2208.346869022,"NRI_P133",25
"52934",-5163.542949022,"NRI_P133",50
"52935",-6985.39947902199,"NRI_P133",100
"52936",-1022.13246902201,"NRI_P133",25
"52937",-5237.76454902199,"NRI_P133",50
"52938",-6223.19665902201,"NRI_P133",100
"52939",-638.825849021989,"NRI_P133",25
"52940",-5588.85547902199,"NRI_P133",50
"52941",-9264.92566902199,"NRI_P133",100
"52942",-1874.11433902199,"NRI_P133",25
"52943",-7765.475599022,"NRI_P133",50
"52944",-4411.517819022,"NRI_P133",100
"52945",-343.682869021985,"NRI_P133",25
"52946",574.627560977999,"NRI_P133",50
"52947",-5691.51314902201,"NRI_P133",100
"52948",1232.95183097798,"NRI_P133",25
"52949",-8144.883259022,"NRI_P133",50
"52950",-5933.11048902199,"NRI_P133",100
"52951",1866.23642097798,"NRI_P133",25
"52952",-1686.139299022,"NRI_P133",50
"52953",-8307.68813902201,"NRI_P133",100
"52954",-763.569289022009,"NRI_P133",25
"52955",-5803.995329022,"NRI_P133",50
"52956",-9608.97039902199,"NRI_P133",100
"52957",-1259.96176902199,"NRI_P133",25
"52958",-7342.122729022,"NRI_P133",50
"52959",-6370.52604902201,"NRI_P133",100
"52960",-1471.04347902199,"NRI_P133",25
"52961",-8279.49763902201,"NRI_P133",50
"52962",-4935.565099022,"NRI_P133",100
"52963",-2272.507029022,"NRI_P133",25
"52964",-5373.087279022,"NRI_P133",50
"52965",-9260.03735902201,"NRI_P133",100
"52966",-859.013279022009,"NRI_P133",25
"52967",-8183.77938902201,"NRI_P133",50
"52968",-3124.961809022,"NRI_P133",100
"52969",3365.92345097801,"NRI_P133",25
"52970",-3940.62791902199,"NRI_P133",50
"52971",-8196.715249022,"NRI_P133",100
"52972",-780.061659022002,"NRI_P133",25
"52973",-8087.79819902199,"NRI_P133",50
"52974",-767.213689021999,"NRI_P133",100
"52975",-1302.353259022,"NRI_P133",25
"52976",-525.039019021991,"NRI_P133",50
"52977",-8013.21310902201,"NRI_P133",100
"52978",-1124.12606902199,"NRI_P133",25
"52979",-1477.86957902199,"NRI_P133",50
"52980",-8375.361259022,"NRI_P133",100
"52981",-683.844969022,"NRI_P133",25
"52982",-1944.26687902201,"NRI_P133",50
"52983",-5765.47029902201,"NRI_P133",100
"52984",-7414.729119022,"NRI_P133",25
"52985",-7388.94610902198,"NRI_P133",50
"52986",-5964.158959022,"NRI_P133",100
"52987",-272.697569021984,"NRI_P133",25
"52988",-2897.35366902201,"NRI_P133",50
"52989",-8376.83416902201,"NRI_P133",100
"52990",-6295.007809022,"NRI_P133",25
"52991",6660.99726097798,"NRI_P133",50
"52992",-7119.40776902199,"NRI_P133",100
"52993",-150.262829021987,"NRI_P133",25
"52994",-8908.22490902198,"NRI_P133",50
"52995",-8620.808399022,"NRI_P133",100
"52996",-6021.769669022,"NRI_P133",25
"52997",-8012.866549022,"NRI_P133",50
"52998",-7735.19161902199,"NRI_P133",100
"52999",-723.812569022004,"NRI_P133",25
"53000",-1994.26767902198,"NRI_P133",50
"53001",-7531.41995902199,"NRI_P133",100
"53002",-7564.451389022,"NRI_P133",25
"53003",-7780.18241902199,"NRI_P133",50
"53004",-8478.50847902198,"NRI_P133",100
"53005",-1180.14381902199,"NRI_P133",25
"53006",-3225.72537902201,"NRI_P133",50
"53007",-4380.00779902199,"NRI_P133",100
"53008",-1565.25966902199,"NRI_P133",25
"53009",-6412.55945902198,"NRI_P133",50
"53010",-8442.312629022,"NRI_P133",100
"53011",-5428.59456902201,"NRI_P133",25
"53012",-4923.55376902199,"NRI_P133",50
"53013",-8735.41870902199,"NRI_P133",100
"53014",3695.32822097803,"NRI_P133",25
"53015",-1502.894439022,"NRI_P133",50
"53016",-6339.820859022,"NRI_P133",100
"53017",-2189.295269022,"NRI_P133",25
"53018",-2012.41195902199,"NRI_P133",50
"53019",-6013.75391902201,"NRI_P133",100
"53020",-4922.29365902199,"NRI_P133",25
"53021",-7008.78618902201,"NRI_P133",50
"53022",-6250.98503902199,"NRI_P133",100
"53023",1975.25382097799,"NRI_P133",25
"53024",1696.38634097797,"NRI_P133",50
"53025",-4621.522799022,"NRI_P133",100
"53026",-409.644069022004,"NRI_P133",25
"53027",-1573.796749022,"NRI_P133",50
"53028",-8550.23821902199,"NRI_P133",100
"53029",-5763.99281902201,"NRI_P133",25
"53030",-2873.07486902201,"NRI_P133",50
"53031",-9780.42616902199,"NRI_P133",100
"53032",1744.30503097799,"NRI_P133",25
"53033",-1274.657629022,"NRI_P133",50
"53034",-5856.33090902198,"NRI_P133",100
"53035",-6416.34088902199,"NRI_P133",25
"53036",-1122.088429022,"NRI_P133",50
"53037",-6175.81179902199,"NRI_P133",100
"53038",536.776820977975,"NRI_P133",25
"53039",-2664.57383902199,"NRI_P133",50
"53040",-7563.40104902201,"NRI_P133",100
"53041",-2155.186969022,"NRI_P133",25
"53042",-8726.95738902199,"NRI_P133",50
"53043",2421.81556097802,"NRI_P133",100
"53044",-5108.579439022,"NRI_P133",25
"53045",-6929.71809902199,"NRI_P133",50
"53046",8434.22366097802,"NRI_P133",100
"53047",-718.411339021986,"NRI_P133",25
"53048",-543.762119021994,"NRI_P133",50
"53049",-8159.69534902199,"NRI_P133",100
"53050",-6055.06016902201,"NRI_P133",25
"53051",-253.473239021987,"NRI_P133",50
"53052",-6214.228679022,"NRI_P133",100
"53053",-140.542579022003,"NRI_P133",25
"53054",-1284.31961902199,"NRI_P133",50
"53055",-3114.642039022,"NRI_P133",100
"53056",-5423.38087902201,"NRI_P133",25
"53057",2263.58567097801,"NRI_P133",50
"53058",-9061.33092902199,"NRI_P133",100
"53059",-2049.09399902201,"NRI_P133",25
"53060",-8860.41754902201,"NRI_P133",50
"53061",-4427.76449902199,"NRI_P133",100
"53062",-12.6809790219995,"NRI_P133",25
"53063",-2883.93776902198,"NRI_P133",50
"53064",-6920.13157902201,"NRI_P133",100
"53065",-1422.74492902201,"NRI_P133",25
"53066",-695.453339022002,"NRI_P133",50
"53067",-2224.28552902199,"NRI_P133",100
"53068",-2118.05896902201,"NRI_P133",25
"53069",-4559.293729022,"NRI_P133",50
"53070",1360.45959097799,"NRI_P133",100
"53071",-5610.76167902199,"NRI_P133",25
"53072",-308.398359021987,"NRI_P133",50
"53073",-8501.67019902199,"NRI_P133",100
"53074",-2651.15211902201,"NRI_P133",25
"53075",-6626.83762902199,"NRI_P133",50
"53076",-6882.508129022,"NRI_P133",100
"53077",-678.437769021984,"NRI_P133",25
"53078",-699.968969022011,"NRI_P133",50
"53079",-7372.761179022,"NRI_P133",100
"53080",-2219.493869022,"NRI_P133",25
"53081",-6635.20027902198,"NRI_P133",50
"53082",-3134.432539022,"NRI_P133",100
"53083",-6124.66641902199,"NRI_P133",25
"53084",3870.13197097799,"NRI_P133",50
"53085",-8421.00231902199,"NRI_P133",100
"53086",-1489.01576902199,"NRI_P133",25
"53087",-6019.752129022,"NRI_P133",50
"53088",-8942.89291902201,"NRI_P133",100
"53089",-1952.074979022,"NRI_P133",25
"53090",-5595.507969022,"NRI_P133",50
"53091",1875.03948097798,"NRI_P133",100
"53092",-2015.00349902199,"NRI_P133",25
"53093",-2637.38819902201,"NRI_P133",50
"53094",-9122.04355902199,"NRI_P133",100
"53095",-5446.535469022,"NRI_P133",25
"53096",-7152.992849022,"NRI_P133",50
"53097",-7953.12841902199,"NRI_P133",100
"53098",1161.62760097801,"NRI_P133",25
"53099",-6281.03777902201,"NRI_P133",50
"53100",-8153.50112902198,"NRI_P133",100
"53101",1437.63078938902,"NRI_P134",25
"53102",-2917.623210611,"NRI_P134",50
"53103",-5988.85897061095,"NRI_P134",100
"53104",-1535.75794061099,"NRI_P134",25
"53105",-2495.67023061099,"NRI_P134",50
"53106",-5723.93307061098,"NRI_P134",100
"53107",-2201.53116061096,"NRI_P134",25
"53108",-4131.75981061097,"NRI_P134",50
"53109",-6680.251390611,"NRI_P134",100
"53110",-1505.12095061096,"NRI_P134",25
"53111",-2045.89315061097,"NRI_P134",50
"53112",-5127.59856061096,"NRI_P134",100
"53113",-413.165010611003,"NRI_P134",25
"53114",-2516.37721061095,"NRI_P134",50
"53115",-5644.22252061096,"NRI_P134",100
"53116",-1363.26961061097,"NRI_P134",25
"53117",-4160.27681061096,"NRI_P134",50
"53118",-6465.78502061096,"NRI_P134",100
"53119",-459.341960610996,"NRI_P134",25
"53120",-470.537600610987,"NRI_P134",50
"53121",-5854.15943061101,"NRI_P134",100
"53122",-478.693720610987,"NRI_P134",25
"53123",-4460.54621061095,"NRI_P134",50
"53124",-4334.17651061097,"NRI_P134",100
"53125",-1505.41380061099,"NRI_P134",25
"53126",-2770.98811061098,"NRI_P134",50
"53127",-1276.35050061095,"NRI_P134",100
"53128",826.756789389008,"NRI_P134",25
"53129",-1831.02277061099,"NRI_P134",50
"53130",-5550.19434061099,"NRI_P134",100
"53131",-2145.59731061099,"NRI_P134",25
"53132",-1501.83751061099,"NRI_P134",50
"53133",-4925.59651061095,"NRI_P134",100
"53134",-291.623710610962,"NRI_P134",25
"53135",-4152.197590611,"NRI_P134",50
"53136",690.024089389015,"NRI_P134",100
"53137",-1376.17301061098,"NRI_P134",25
"53138",9182.233549389,"NRI_P134",50
"53139",-5212.98158061097,"NRI_P134",100
"53140",312.696889389015,"NRI_P134",25
"53141",-2244.06531061098,"NRI_P134",50
"53142",-5708.96041061101,"NRI_P134",100
"53143",-2149.89311061095,"NRI_P134",25
"53144",-1361.51191061095,"NRI_P134",50
"53145",-5614.17132061097,"NRI_P134",100
"53146",-2286.904010611,"NRI_P134",25
"53147",-4751.85937061097,"NRI_P134",50
"53148",-5215.49716061098,"NRI_P134",100
"53149",-2702.63295061101,"NRI_P134",25
"53150",4618.227289389,"NRI_P134",50
"53151",-5272.691810611,"NRI_P134",100
"53152",-1883.25411061099,"NRI_P134",25
"53153",-3399.88373061095,"NRI_P134",50
"53154",-5536.67697061098,"NRI_P134",100
"53155",-357.945210610982,"NRI_P134",25
"53156",-1956.76958061097,"NRI_P134",50
"53157",-5015.63177061098,"NRI_P134",100
"53158",-1464.86071061098,"NRI_P134",25
"53159",3499.09259938903,"NRI_P134",50
"53160",-6232.982570611,"NRI_P134",100
"53161",-2207.34186061099,"NRI_P134",25
"53162",-1811.47865061095,"NRI_P134",50
"53163",-5486.27140061097,"NRI_P134",100
"53164",-1014.27821061097,"NRI_P134",25
"53165",-2686.48671061097,"NRI_P134",50
"53166",-6430.41692061099,"NRI_P134",100
"53167",-712.340210611001,"NRI_P134",25
"53168",-3622.236400611,"NRI_P134",50
"53169",-6881.89656061097,"NRI_P134",100
"53170",-1552.99884061096,"NRI_P134",25
"53171",-4366.70241061097,"NRI_P134",50
"53172",-6250.78895061096,"NRI_P134",100
"53173",-2090.89991061098,"NRI_P134",25
"53174",-4162.59953061095,"NRI_P134",50
"53175",-6372.98707061098,"NRI_P134",100
"53176",-1510.17921061098,"NRI_P134",25
"53177",-2995.99592061096,"NRI_P134",50
"53178",-5711.38631061098,"NRI_P134",100
"53179",-2168.22539061098,"NRI_P134",25
"53180",-2011.49191061099,"NRI_P134",50
"53181",-6501.89689061098,"NRI_P134",100
"53182",-2505.13211061095,"NRI_P134",25
"53183",-1691.39331061096,"NRI_P134",50
"53184",-6461.20931061095,"NRI_P134",100
"53185",-1868.81041061098,"NRI_P134",25
"53186",-1130.754310611,"NRI_P134",50
"53187",-1995.66379061097,"NRI_P134",100
"53188",-2163.802210611,"NRI_P134",25
"53189",800.466089388996,"NRI_P134",50
"53190",-5912.02286061097,"NRI_P134",100
"53191",-1085.83621061099,"NRI_P134",25
"53192",-2396.58711061097,"NRI_P134",50
"53193",-6121.69046061096,"NRI_P134",100
"53194",-446.220010610996,"NRI_P134",25
"53195",-4770.63477061095,"NRI_P134",50
"53196",-2132.19434061099,"NRI_P134",100
"53197",-1545.99806061096,"NRI_P134",25
"53198",-4030.53098061099,"NRI_P134",50
"53199",-6694.44262061099,"NRI_P134",100
"53200",-444.951810611004,"NRI_P134",25
"53201",-1502.86138061096,"NRI_P134",50
"53202",-6705.28561061097,"NRI_P134",100
"53203",-1555.21302061097,"NRI_P134",25
"53204",-4236.272810611,"NRI_P134",50
"53205",-5801.92000061099,"NRI_P134",100
"53206",-746.632310610963,"NRI_P134",25
"53207",-2998.89331061096,"NRI_P134",50
"53208",-2020.903910611,"NRI_P134",100
"53209",-492.398670610972,"NRI_P134",25
"53210",-1830.18861061096,"NRI_P134",50
"53211",-6323.70681061095,"NRI_P134",100
"53212",1437.63078938902,"NRI_P134",25
"53213",-1517.166240611,"NRI_P134",50
"53214",-789.481990610948,"NRI_P134",100
"53215",-497.68033061095,"NRI_P134",25
"53216",-2984.64682061097,"NRI_P134",50
"53217",-5670.79699061095,"NRI_P134",100
"53218",-1081.829210611,"NRI_P134",25
"53219",15984.182189389,"NRI_P134",50
"53220",-3083.39951061097,"NRI_P134",100
"53221",-523.008970610972,"NRI_P134",25
"53222",-445.057510610961,"NRI_P134",50
"53223",-5828.04221061099,"NRI_P134",100
"53224",-1503.202910611,"NRI_P134",25
"53225",-4820.20139061095,"NRI_P134",50
"53226",-6231.086350611,"NRI_P134",100
"53227",-1456.25251061097,"NRI_P134",25
"53228",-1909.48930061096,"NRI_P134",50
"53229",-480.003270610992,"NRI_P134",100
"53230",-1539.60817061097,"NRI_P134",25
"53231",-3586.59231061098,"NRI_P134",50
"53232",-59.8408106109709,"NRI_P134",100
"53233",-2112.53051061096,"NRI_P134",25
"53234",-2533.93096061097,"NRI_P134",50
"53235",-4521.73190061096,"NRI_P134",100
"53236",-2471.486110611,"NRI_P134",25
"53237",-3158.79242061096,"NRI_P134",50
"53238",-6408.59992061096,"NRI_P134",100
"53239",-1525.91815061099,"NRI_P134",25
"53240",1473.01608938904,"NRI_P134",50
"53241",3193.93768938904,"NRI_P134",100
"53242",-1558.54367061099,"NRI_P134",25
"53243",-3246.12981061096,"NRI_P134",50
"53244",-6461.291730611,"NRI_P134",100
"53245",684.390789389028,"NRI_P134",25
"53246",1425.56148938905,"NRI_P134",50
"53247",-6056.61016061099,"NRI_P134",100
"53248",-970.983510610997,"NRI_P134",25
"53249",-2204.16399061098,"NRI_P134",50
"53250",-5284.946810611,"NRI_P134",100
"53251",-396.740710610989,"NRI_P134",25
"53252",-1631.45971061097,"NRI_P134",50
"53253",-3587.00605061097,"NRI_P134",100
"53254",-1552.88283061096,"NRI_P134",25
"53255",-14.2801106109982,"NRI_P134",50
"53256",-6162.46957061096,"NRI_P134",100
"53257",942.402789389016,"NRI_P134",25
"53258",-1428.10421061097,"NRI_P134",50
"53259",-6266.37719061098,"NRI_P134",100
"53260",-1332.09191061096,"NRI_P134",25
"53261",-4340.10591061099,"NRI_P134",50
"53262",-6607.33632061095,"NRI_P134",100
"53263",-2623.81341061095,"NRI_P134",25
"53264",-3290.09084061097,"NRI_P134",50
"53265",-6290.86520061095,"NRI_P134",100
"53266",-1442.49501061096,"NRI_P134",25
"53267",9782.64728938905,"NRI_P134",50
"53268",-1444.21858061099,"NRI_P134",100
"53269",-2208.91544061096,"NRI_P134",25
"53270",-3362.32501061098,"NRI_P134",50
"53271",-6222.526280611,"NRI_P134",100
"53272",-1891.24911061098,"NRI_P134",25
"53273",-1978.54502061097,"NRI_P134",50
"53274",-6520.46111061098,"NRI_P134",100
"53275",-1535.15422061097,"NRI_P134",25
"53276",-3350.76341061096,"NRI_P134",50
"53277",-5637.32724061096,"NRI_P134",100
"53278",-402.323610610969,"NRI_P134",25
"53279",-1136.39141061099,"NRI_P134",50
"53280",-5853.09441061097,"NRI_P134",100
"53281",-2613.01961061097,"NRI_P134",25
"53282",-1830.29752061097,"NRI_P134",50
"53283",-6849.92003061099,"NRI_P134",100
"53284",467.99908938905,"NRI_P134",25
"53285",-4589.79711061099,"NRI_P134",50
"53286",-4273.45211061096,"NRI_P134",100
"53287",-1547.57757061097,"NRI_P134",25
"53288",-2134.363410611,"NRI_P134",50
"53289",-4062.74351061095,"NRI_P134",100
"53290",-2653.77911061095,"NRI_P134",25
"53291",-1864.97661061096,"NRI_P134",50
"53292",-844.303090610949,"NRI_P134",100
"53293",-2172.19177061098,"NRI_P134",25
"53294",-266.587610610994,"NRI_P134",50
"53295",-5143.517130611,"NRI_P134",100
"53296",-2195.26519061095,"NRI_P134",25
"53297",1627.59618938901,"NRI_P134",50
"53298",-6140.35071061098,"NRI_P134",100
"53299",-1286.69991061097,"NRI_P134",25
"53300",-3166.563210611,"NRI_P134",50
"53301",-5463.56218061096,"NRI_P134",100
"53302",-2120.97921061097,"NRI_P134",25
"53303",-1530.54771061096,"NRI_P134",50
"53304",-6236.98791061097,"NRI_P134",100
"53305",-1250.970010611,"NRI_P134",25
"53306",-2649.52921061096,"NRI_P134",50
"53307",-4636.62666061096,"NRI_P134",100
"53308",-2696.75916061096,"NRI_P134",25
"53309",-1502.58361061098,"NRI_P134",50
"53310",15294.101089389,"NRI_P134",100
"53311",-593.228210610978,"NRI_P134",25
"53312",-1962.97901061096,"NRI_P134",50
"53313",-5493.42794061097,"NRI_P134",100
"53314",-1765.74071061099,"NRI_P134",25
"53315",-4841.13248061098,"NRI_P134",50
"53316",-6292.06861061096,"NRI_P134",100
"53317",-1504.920200611,"NRI_P134",25
"53318",-2466.25041061098,"NRI_P134",50
"53319",-6844.807530611,"NRI_P134",100
"53320",-1978.97901061096,"NRI_P134",25
"53321",-2801.176690611,"NRI_P134",50
"53322",-4620.70644061099,"NRI_P134",100
"53323",11346.439789389,"NRI_P134",25
"53324",-3702.44919061096,"NRI_P134",50
"53325",-4713.43591061095,"NRI_P134",100
"53326",724.302089389006,"NRI_P134",25
"53327",-3089.42311061098,"NRI_P134",50
"53328",-6525.95610061096,"NRI_P134",100
"53329",-1550.62934061099,"NRI_P134",25
"53330",-3366.17301061098,"NRI_P134",50
"53331",-5660.96548061096,"NRI_P134",100
"53332",-2623.74671061098,"NRI_P134",25
"53333",-3705.75966061099,"NRI_P134",50
"53334",-2082.01691061095,"NRI_P134",100
"53335",-2620.68361061095,"NRI_P134",25
"53336",-3837.083590611,"NRI_P134",50
"53337",-6541.01637061097,"NRI_P134",100
"53338",-408.358510610997,"NRI_P134",25
"53339",-2999.761710611,"NRI_P134",50
"53340",-5222.57263061096,"NRI_P134",100
"53341",-1520.81102061097,"NRI_P134",25
"53342",-3175.346410611,"NRI_P134",50
"53343",-5403.28583061096,"NRI_P134",100
"53344",-1389.364710611,"NRI_P134",25
"53345",-3134.057370611,"NRI_P134",50
"53346",-4243.47961061099,"NRI_P134",100
"53347",412.095589389035,"NRI_P134",25
"53348",-1692.34003061097,"NRI_P134",50
"53349",-5326.90431061096,"NRI_P134",100
"53350",-1263.84821061097,"NRI_P134",25
"53351",-1638.35171061096,"NRI_P134",50
"53352",-6465.695320611,"NRI_P134",100
"53353",-2717.59233061096,"NRI_P134",25
"53354",-4231.18493061099,"NRI_P134",50
"53355",-6108.216570611,"NRI_P134",100
"53356",687.809089389048,"NRI_P134",25
"53357",-2833.87611061096,"NRI_P134",50
"53358",-6715.44054061099,"NRI_P134",100
"53359",-495.88789061096,"NRI_P134",25
"53360",-2627.687920611,"NRI_P134",50
"53361",-4429.331610611,"NRI_P134",100
"53362",-479.090190610965,"NRI_P134",25
"53363",-4464.89631061099,"NRI_P134",50
"53364",-5650.94145061099,"NRI_P134",100
"53365",-2085.05731061095,"NRI_P134",25
"53366",-778.701410610985,"NRI_P134",50
"53367",-6051.570220611,"NRI_P134",100
"53368",-1472.45521061099,"NRI_P134",25
"53369",-2939.04584061098,"NRI_P134",50
"53370",-3357.28246061096,"NRI_P134",100
"53371",-2149.89311061095,"NRI_P134",25
"53372",-3161.64721061097,"NRI_P134",50
"53373",-5601.18241061096,"NRI_P134",100
"53374",-1459.86541061098,"NRI_P134",25
"53375",-3623.95931061095,"NRI_P134",50
"53376",-6724.34107061097,"NRI_P134",100
"53377",3830.55208938901,"NRI_P134",25
"53378",-1880.68816061097,"NRI_P134",50
"53379",-5997.66128061095,"NRI_P134",100
"53380",-2679.13702061097,"NRI_P134",25
"53381",-1946.87921061099,"NRI_P134",50
"53382",-5829.59869061096,"NRI_P134",100
"53383",-1606.97061061097,"NRI_P134",25
"53384",-665.781210610992,"NRI_P134",50
"53385",-5512.13464061095,"NRI_P134",100
"53386",-733.057410610956,"NRI_P134",25
"53387",-3829.121720611,"NRI_P134",50
"53388",-6630.61313061096,"NRI_P134",100
"53389",-520.439360610966,"NRI_P134",25
"53390",-4819.15939061099,"NRI_P134",50
"53391",-5489.17937061097,"NRI_P134",100
"53392",-1500.187110611,"NRI_P134",25
"53393",-2790.793610611,"NRI_P134",50
"53394",-2553.352960611,"NRI_P134",100
"53395",-204.531110610988,"NRI_P134",25
"53396",-3086.38641061098,"NRI_P134",50
"53397",-6030.86670061096,"NRI_P134",100
"53398",-504.221330610977,"NRI_P134",25
"53399",-2483.56001061096,"NRI_P134",50
"53400",-866.263990610954,"NRI_P134",100
"53401",-4949.41804460698,"NRI_P135",25
"53402",-5036.18482460699,"NRI_P135",50
"53403",2488.720445393,"NRI_P135",100
"53404",159.966625393019,"NRI_P135",25
"53405",1176.93953539297,"NRI_P135",50
"53406",-7696.91112460702,"NRI_P135",100
"53407",-1915.87865460699,"NRI_P135",25
"53408",10965.018165393,"NRI_P135",50
"53409",-5019.51403460698,"NRI_P135",100
"53410",550.390485393,"NRI_P135",25
"53411",2716.90442539298,"NRI_P135",50
"53412",-4577.75831460702,"NRI_P135",100
"53413",-2076.05695460702,"NRI_P135",25
"53414",-5900.16275460698,"NRI_P135",50
"53415",-2550.61095460702,"NRI_P135",100
"53416",942.244465393014,"NRI_P135",25
"53417",-2237.31055460701,"NRI_P135",50
"53418",-5153.18549460702,"NRI_P135",100
"53419",-5468.706674607,"NRI_P135",25
"53420",-3643.95080460701,"NRI_P135",50
"53421",-7943.36048460699,"NRI_P135",100
"53422",857.935965392971,"NRI_P135",25
"53423",-1698.55294460698,"NRI_P135",50
"53424",-1882.16485460702,"NRI_P135",100
"53425",3239.86188539298,"NRI_P135",25
"53426",-5608.73601460701,"NRI_P135",50
"53427",1804.356835393,"NRI_P135",100
"53428",-237.710604607011,"NRI_P135",25
"53429",-1099.00858460699,"NRI_P135",50
"53430",-6379.80557460699,"NRI_P135",100
"53431",-1396.96873460698,"NRI_P135",25
"53432",3475.73619539296,"NRI_P135",50
"53433",-3562.00895460701,"NRI_P135",100
"53434",-1464.44483460701,"NRI_P135",25
"53435",-8891.22929460701,"NRI_P135",50
"53436",-3167.49456460698,"NRI_P135",100
"53437",258.039705392963,"NRI_P135",25
"53438",4374.173295393,"NRI_P135",50
"53439",11982.036885393,"NRI_P135",100
"53440",-5156.04470460699,"NRI_P135",25
"53441",-4751.19035460701,"NRI_P135",50
"53442",11101.735495393,"NRI_P135",100
"53443",4343.134805393,"NRI_P135",25
"53444",-3707.98501460702,"NRI_P135",50
"53445",-6325.78005460702,"NRI_P135",100
"53446",-1795.82572460698,"NRI_P135",25
"53447",430.463935392967,"NRI_P135",50
"53448",-4304.73492460704,"NRI_P135",100
"53449",307.074585393013,"NRI_P135",25
"53450",-1598.68878460699,"NRI_P135",50
"53451",-7964.07847460703,"NRI_P135",100
"53452",-57.1149046070059,"NRI_P135",25
"53453",-5365.31454460701,"NRI_P135",50
"53454",-4530.942654607,"NRI_P135",100
"53455",1274.46569539298,"NRI_P135",25
"53456",-342.947034607001,"NRI_P135",50
"53457",8106.50918539299,"NRI_P135",100
"53458",-3857.221434607,"NRI_P135",25
"53459",-6871.449404607,"NRI_P135",50
"53460",1034.36623539298,"NRI_P135",100
"53461",198.990935392969,"NRI_P135",25
"53462",-2059.371944607,"NRI_P135",50
"53463",-3674.10071460699,"NRI_P135",100
"53464",2296.71770539298,"NRI_P135",25
"53465",-2364.66749460698,"NRI_P135",50
"53466",-780.747134606994,"NRI_P135",100
"53467",-4757.02993460698,"NRI_P135",25
"53468",-6525.07202460698,"NRI_P135",50
"53469",3379.12943539297,"NRI_P135",100
"53470",-5.22539460699772,"NRI_P135",25
"53471",-1568.15125460702,"NRI_P135",50
"53472",596.782185392978,"NRI_P135",100
"53473",686.206585392996,"NRI_P135",25
"53474",-3824.00681460701,"NRI_P135",50
"53475",-7141.96743460698,"NRI_P135",100
"53476",-1634.65683460701,"NRI_P135",25
"53477",-854.479394607013,"NRI_P135",50
"53478",988.358655393007,"NRI_P135",100
"53479",2510.25179539301,"NRI_P135",25
"53480",3523.85552539298,"NRI_P135",50
"53481",5455.83378539298,"NRI_P135",100
"53482",-5215.91093460703,"NRI_P135",25
"53483",-1308.71417460701,"NRI_P135",50
"53484",-8192.77638460702,"NRI_P135",100
"53485",-1018.737534607,"NRI_P135",25
"53486",2.22816539299674,"NRI_P135",50
"53487",-2276.66070460703,"NRI_P135",100
"53488",4381.51219539298,"NRI_P135",25
"53489",15748.913485393,"NRI_P135",50
"53490",4267.21338539297,"NRI_P135",100
"53491",64.941685392987,"NRI_P135",25
"53492",-5837.60222460702,"NRI_P135",50
"53493",4306.09695539298,"NRI_P135",100
"53494",-1547.86213460698,"NRI_P135",25
"53495",2296.54185539298,"NRI_P135",50
"53496",5277.63035539299,"NRI_P135",100
"53497",-2005.171624607,"NRI_P135",25
"53498",-3624.64719460701,"NRI_P135",50
"53499",-6312.53495460702,"NRI_P135",100
"53500",171.870825393009,"NRI_P135",25
"53501",-7692.63313460699,"NRI_P135",50
"53502",-7694.53616460698,"NRI_P135",100
"53503",1195.94247539301,"NRI_P135",25
"53504",3714.50359539298,"NRI_P135",50
"53505",3343.03153539298,"NRI_P135",100
"53506",3389.25868539297,"NRI_P135",25
"53507",-1505.05001460703,"NRI_P135",50
"53508",-433.267484607,"NRI_P135",100
"53509",-207.155984607001,"NRI_P135",25
"53510",834.991295392974,"NRI_P135",50
"53511",-1471.104904607,"NRI_P135",100
"53512",-671.546334607003,"NRI_P135",25
"53513",-1345.228964607,"NRI_P135",50
"53514",2070.66819539299,"NRI_P135",100
"53515",7547.58135539299,"NRI_P135",25
"53516",-3499.62854460703,"NRI_P135",50
"53517",3899.00796539302,"NRI_P135",100
"53518",-22.6784346069908,"NRI_P135",25
"53519",-8424.083454607,"NRI_P135",50
"53520",-5392.44416460703,"NRI_P135",100
"53521",1174.41886539297,"NRI_P135",25
"53522",8499.949675393,"NRI_P135",50
"53523",-2188.77433460701,"NRI_P135",100
"53524",5319.96091539296,"NRI_P135",25
"53525",3151.79914539302,"NRI_P135",50
"53526",-2503.02158460702,"NRI_P135",100
"53527",-7139.87824460701,"NRI_P135",25
"53528",-1102.19792460703,"NRI_P135",50
"53529",-4667.08730460703,"NRI_P135",100
"53530",-1753.08840460703,"NRI_P135",25
"53531",3522.11706539302,"NRI_P135",50
"53532",718.705435392971,"NRI_P135",100
"53533",-1426.05903460702,"NRI_P135",25
"53534",-4050.051944607,"NRI_P135",50
"53535",6512.40898539301,"NRI_P135",100
"53536",-1779.502234607,"NRI_P135",25
"53537",-5405.11719460698,"NRI_P135",50
"53538",-1731.635704607,"NRI_P135",100
"53539",21.5601653929916,"NRI_P135",25
"53540",-1841.38728460699,"NRI_P135",50
"53541",-9153.76627460698,"NRI_P135",100
"53542",108.189615392999,"NRI_P135",25
"53543",-4728.348284607,"NRI_P135",50
"53544",-3357.50482460699,"NRI_P135",100
"53545",-5310.91721460701,"NRI_P135",25
"53546",-3535.46218460699,"NRI_P135",50
"53547",-320.756284606992,"NRI_P135",100
"53548",235.256495392998,"NRI_P135",25
"53549",-1708.28254460701,"NRI_P135",50
"53550",-1461.918674607,"NRI_P135",100
"53551",532.671505392995,"NRI_P135",25
"53552",-6244.02558460704,"NRI_P135",50
"53553",-5107.550454607,"NRI_P135",100
"53554",-1817.58899460698,"NRI_P135",25
"53555",-1065.13293460698,"NRI_P135",50
"53556",-4942.17088460701,"NRI_P135",100
"53557",3353.84559539298,"NRI_P135",25
"53558",572.746765393007,"NRI_P135",50
"53559",11028.877595393,"NRI_P135",100
"53560",-6.29471460700734,"NRI_P135",25
"53561",-5150.66650460701,"NRI_P135",50
"53562",-4707.31034460699,"NRI_P135",100
"53563",-4482.530334607,"NRI_P135",25
"53564",-697.703914607002,"NRI_P135",50
"53565",6078.34697539301,"NRI_P135",100
"53566",1613.21906539297,"NRI_P135",25
"53567",-3178.61239460699,"NRI_P135",50
"53568",6.52358539297711,"NRI_P135",100
"53569",376.129465392965,"NRI_P135",25
"53570",-5332.84843460703,"NRI_P135",50
"53571",-6778.08273460699,"NRI_P135",100
"53572",3644.91371539299,"NRI_P135",25
"53573",4764.74285539298,"NRI_P135",50
"53574",4150.60400539299,"NRI_P135",100
"53575",167.450995392981,"NRI_P135",25
"53576",-5929.42777460703,"NRI_P135",50
"53577",5583.54921539297,"NRI_P135",100
"53578",-6541.804934607,"NRI_P135",25
"53579",-3302.03147460701,"NRI_P135",50
"53580",-7839.124604607,"NRI_P135",100
"53581",216.916865392996,"NRI_P135",25
"53582",-2064.14058460703,"NRI_P135",50
"53583",-4859.75679460703,"NRI_P135",100
"53584",4511.00165539299,"NRI_P135",25
"53585",1787.60299539298,"NRI_P135",50
"53586",-6760.64898460702,"NRI_P135",100
"53587",-341.700294607028,"NRI_P135",25
"53588",6424.045045393,"NRI_P135",50
"53589",-3670.358084607,"NRI_P135",100
"53590",-5105.46691460698,"NRI_P135",25
"53591",-5238.60972460703,"NRI_P135",50
"53592",-5499.07413460698,"NRI_P135",100
"53593",4289.22663539299,"NRI_P135",25
"53594",805.629115392978,"NRI_P135",50
"53595",-603.52158460702,"NRI_P135",100
"53596",-57.8526746070129,"NRI_P135",25
"53597",-470.781954606995,"NRI_P135",50
"53598",-6797.869344607,"NRI_P135",100
"53599",-4623.10840460699,"NRI_P135",25
"53600",931.65406539297,"NRI_P135",50
"53601",-5564.73381460703,"NRI_P135",100
"53602",2705.753835393,"NRI_P135",25
"53603",-1466.38180460699,"NRI_P135",50
"53604",-3387.39538460702,"NRI_P135",100
"53605",-1797.97253460699,"NRI_P135",25
"53606",-6683.26981460699,"NRI_P135",50
"53607",-2793.26671460702,"NRI_P135",100
"53608",1106.93086539302,"NRI_P135",25
"53609",-3119.222734607,"NRI_P135",50
"53610",-7679.62694460701,"NRI_P135",100
"53611",1222.83656539296,"NRI_P135",25
"53612",1674.33832539298,"NRI_P135",50
"53613",-5236.27542460698,"NRI_P135",100
"53614",-135.205994607008,"NRI_P135",25
"53615",-3549.21920460701,"NRI_P135",50
"53616",-3054.99883460702,"NRI_P135",100
"53617",1086.41369539301,"NRI_P135",25
"53618",1903.597615393,"NRI_P135",50
"53619",-8486.38765460701,"NRI_P135",100
"53620",-5437.13126460701,"NRI_P135",25
"53621",-83.1210046070046,"NRI_P135",50
"53622",-5495.53560460702,"NRI_P135",100
"53623",-1711.33865460701,"NRI_P135",25
"53624",1916.19216539297,"NRI_P135",50
"53625",5227.96542539302,"NRI_P135",100
"53626",188.234055392968,"NRI_P135",25
"53627",1478.70425539301,"NRI_P135",50
"53628",-3708.44595460698,"NRI_P135",100
"53629",-202.750104607025,"NRI_P135",25
"53630",-1761.74916460703,"NRI_P135",50
"53631",-8479.913674607,"NRI_P135",100
"53632",-4999.32113460702,"NRI_P135",25
"53633",-6165.73783460702,"NRI_P135",50
"53634",-4251.52020460699,"NRI_P135",100
"53635",1089.01906539302,"NRI_P135",25
"53636",-3362.09582460701,"NRI_P135",50
"53637",6966.03316539299,"NRI_P135",100
"53638",-5091.83153460699,"NRI_P135",25
"53639",-6049.57769460703,"NRI_P135",50
"53640",-9165.760994607,"NRI_P135",100
"53641",141.24118539301,"NRI_P135",25
"53642",-3600.38970460702,"NRI_P135",50
"53643",-6607.57107460703,"NRI_P135",100
"53644",-1258.76645460702,"NRI_P135",25
"53645",-3684.92661460699,"NRI_P135",50
"53646",-4876.74076460704,"NRI_P135",100
"53647",-4763.41590460698,"NRI_P135",25
"53648",-7296.397254607,"NRI_P135",50
"53649",-4588.18614460703,"NRI_P135",100
"53650",5107.69676539302,"NRI_P135",25
"53651",316.246655392984,"NRI_P135",50
"53652",-1217.25014460698,"NRI_P135",100
"53653",-142.151914607035,"NRI_P135",25
"53654",-2128.11218460702,"NRI_P135",50
"53655",-7685.84437460703,"NRI_P135",100
"53656",5220.70729539299,"NRI_P135",25
"53657",-1357.61064460699,"NRI_P135",50
"53658",2022.11740539299,"NRI_P135",100
"53659",1471.71365539299,"NRI_P135",25
"53660",-468.484134607017,"NRI_P135",50
"53661",-7911.76437460701,"NRI_P135",100
"53662",-5173.45015460701,"NRI_P135",25
"53663",-1445.929964607,"NRI_P135",50
"53664",-3919.77622460702,"NRI_P135",100
"53665",-1934.23192460701,"NRI_P135",25
"53666",-3186.76256460702,"NRI_P135",50
"53667",3958.09145539301,"NRI_P135",100
"53668",919.988945393008,"NRI_P135",25
"53669",-753.359314606991,"NRI_P135",50
"53670",-7620.60472460702,"NRI_P135",100
"53671",-1341.81071460701,"NRI_P135",25
"53672",-1575.42017460702,"NRI_P135",50
"53673",-1489.84798460698,"NRI_P135",100
"53674",-91.4805946070119,"NRI_P135",25
"53675",184.026685393008,"NRI_P135",50
"53676",596.674545392976,"NRI_P135",100
"53677",-5351.58243460703,"NRI_P135",25
"53678",-1155.56844460702,"NRI_P135",50
"53679",2321.97572539299,"NRI_P135",100
"53680",1042.25798539299,"NRI_P135",25
"53681",-1451.121684607,"NRI_P135",50
"53682",-7977.333814607,"NRI_P135",100
"53683",33.8240853929892,"NRI_P135",25
"53684",2207.24198539299,"NRI_P135",50
"53685",8538.717555393,"NRI_P135",100
"53686",-3693.79787460703,"NRI_P135",25
"53687",11310.260535393,"NRI_P135",50
"53688",3184.35924539302,"NRI_P135",100
"53689",-1928.92038460699,"NRI_P135",25
"53690",-75.3244346069987,"NRI_P135",50
"53691",-4996.97176460701,"NRI_P135",100
"53692",-291.507424607,"NRI_P135",25
"53693",2513.875815393,"NRI_P135",50
"53694",-4311.56719460699,"NRI_P135",100
"53695",-1775.653874607,"NRI_P135",25
"53696",-2868.69532460702,"NRI_P135",50
"53697",-6080.54658460699,"NRI_P135",100
"53698",-1482.22806460701,"NRI_P135",25
"53699",-3367.62260460702,"NRI_P135",50
"53700",-3771.02671460703,"NRI_P135",100
"53701",-0.00393558299401775,"NRI_P136",25
"53702",-0.00393558299401775,"NRI_P136",50
"53703",-0.00393558299401775,"NRI_P136",100
"53704",-0.00393558299401775,"NRI_P136",25
"53705",-0.00393558299401775,"NRI_P136",50
"53706",-0.00393558299401775,"NRI_P136",100
"53707",-0.00393558299401775,"NRI_P136",25
"53708",-0.00393558299401775,"NRI_P136",50
"53709",-0.00393558299401775,"NRI_P136",100
"53710",-0.00393558299401775,"NRI_P136",25
"53711",-0.00393558299401775,"NRI_P136",50
"53712",-0.00393558299401775,"NRI_P136",100
"53713",-0.00393558299401775,"NRI_P136",25
"53714",-0.00393558299401775,"NRI_P136",50
"53715",-0.00393558299401775,"NRI_P136",100
"53716",-0.00393558299401775,"NRI_P136",25
"53717",-0.00393558299401775,"NRI_P136",50
"53718",-0.00393558299401775,"NRI_P136",100
"53719",-0.00393558299401775,"NRI_P136",25
"53720",-0.00393558299401775,"NRI_P136",50
"53721",-0.00393558299401775,"NRI_P136",100
"53722",-0.00393558299401775,"NRI_P136",25
"53723",-0.00393558299401775,"NRI_P136",50
"53724",-0.00393558299401775,"NRI_P136",100
"53725",-0.00393558299401775,"NRI_P136",25
"53726",-0.00393558299401775,"NRI_P136",50
"53727",-0.00393558299401775,"NRI_P136",100
"53728",-0.00393558299401775,"NRI_P136",25
"53729",-0.00393558299401775,"NRI_P136",50
"53730",-0.00393558299401775,"NRI_P136",100
"53731",-0.00393558299401775,"NRI_P136",25
"53732",-0.00393558299401775,"NRI_P136",50
"53733",-0.00393558299401775,"NRI_P136",100
"53734",-0.00393558299401775,"NRI_P136",25
"53735",-0.00393558299401775,"NRI_P136",50
"53736",-0.00393558299401775,"NRI_P136",100
"53737",-0.00393558299401775,"NRI_P136",25
"53738",-0.00393558299401775,"NRI_P136",50
"53739",-0.00393558299401775,"NRI_P136",100
"53740",-0.00393558299401775,"NRI_P136",25
"53741",-0.00393558299401775,"NRI_P136",50
"53742",-0.00393558299401775,"NRI_P136",100
"53743",-0.00393558299401775,"NRI_P136",25
"53744",-0.00393558299401775,"NRI_P136",50
"53745",-0.00393558299401775,"NRI_P136",100
"53746",-0.00393558299401775,"NRI_P136",25
"53747",-0.00393558299401775,"NRI_P136",50
"53748",-0.00393558299401775,"NRI_P136",100
"53749",-0.00393558299401775,"NRI_P136",25
"53750",-0.00393558299401775,"NRI_P136",50
"53751",-0.00393558299401775,"NRI_P136",100
"53752",-0.00393558299401775,"NRI_P136",25
"53753",-0.00393558299401775,"NRI_P136",50
"53754",-0.00393558299401775,"NRI_P136",100
"53755",-0.00393558299401775,"NRI_P136",25
"53756",-0.00393558299401775,"NRI_P136",50
"53757",-0.00393558299401775,"NRI_P136",100
"53758",-0.00393558299401775,"NRI_P136",25
"53759",-0.00393558299401775,"NRI_P136",50
"53760",-0.00393558299401775,"NRI_P136",100
"53761",-0.00393558299401775,"NRI_P136",25
"53762",-0.00393558299401775,"NRI_P136",50
"53763",-0.00393558299401775,"NRI_P136",100
"53764",-0.00393558299401775,"NRI_P136",25
"53765",-0.00393558299401775,"NRI_P136",50
"53766",-0.00393558299401775,"NRI_P136",100
"53767",-0.00393558299401775,"NRI_P136",25
"53768",-0.00393558299401775,"NRI_P136",50
"53769",-0.00393558299401775,"NRI_P136",100
"53770",-0.00393558299401775,"NRI_P136",25
"53771",-0.00393558299401775,"NRI_P136",50
"53772",-0.00393558299401775,"NRI_P136",100
"53773",-0.00393558299401775,"NRI_P136",25
"53774",-0.00393558299401775,"NRI_P136",50
"53775",-0.00393558299401775,"NRI_P136",100
"53776",-0.00393558299401775,"NRI_P136",25
"53777",-0.00393558299401775,"NRI_P136",50
"53778",-0.00393558299401775,"NRI_P136",100
"53779",-0.00393558299401775,"NRI_P136",25
"53780",-0.00393558299401775,"NRI_P136",50
"53781",-0.00393558299401775,"NRI_P136",100
"53782",-0.00393558299401775,"NRI_P136",25
"53783",-0.00393558299401775,"NRI_P136",50
"53784",-0.00393558299401775,"NRI_P136",100
"53785",-0.00393558299401775,"NRI_P136",25
"53786",-0.00393558299401775,"NRI_P136",50
"53787",-0.00393558299401775,"NRI_P136",100
"53788",-0.00393558299401775,"NRI_P136",25
"53789",-0.00393558299401775,"NRI_P136",50
"53790",-0.00393558299401775,"NRI_P136",100
"53791",-0.00393558299401775,"NRI_P136",25
"53792",-0.00393558299401775,"NRI_P136",50
"53793",-0.00393558299401775,"NRI_P136",100
"53794",-0.00393558299401775,"NRI_P136",25
"53795",-0.00393558299401775,"NRI_P136",50
"53796",-0.00393558299401775,"NRI_P136",100
"53797",-0.00393558299401775,"NRI_P136",25
"53798",-0.00393558299401775,"NRI_P136",50
"53799",-0.00393558299401775,"NRI_P136",100
"53800",-0.00393558299401775,"NRI_P136",25
"53801",-0.00393558299401775,"NRI_P136",50
"53802",-0.00393558299401775,"NRI_P136",100
"53803",-0.00393558299401775,"NRI_P136",25
"53804",-0.00393558299401775,"NRI_P136",50
"53805",-0.00393558299401775,"NRI_P136",100
"53806",-0.00393558299401775,"NRI_P136",25
"53807",-0.00393558299401775,"NRI_P136",50
"53808",-0.00393558299401775,"NRI_P136",100
"53809",-0.00393558299401775,"NRI_P136",25
"53810",-0.00393558299401775,"NRI_P136",50
"53811",-0.00393558299401775,"NRI_P136",100
"53812",-0.00393558299401775,"NRI_P136",25
"53813",-0.00393558299401775,"NRI_P136",50
"53814",-0.00393558299401775,"NRI_P136",100
"53815",-0.00393558299401775,"NRI_P136",25
"53816",-0.00393558299401775,"NRI_P136",50
"53817",-0.00393558299401775,"NRI_P136",100
"53818",-0.00393558299401775,"NRI_P136",25
"53819",-0.00393558299401775,"NRI_P136",50
"53820",-0.00393558299401775,"NRI_P136",100
"53821",-0.00393558299401775,"NRI_P136",25
"53822",-0.00393558299401775,"NRI_P136",50
"53823",-0.00393558299401775,"NRI_P136",100
"53824",-0.00393558299401775,"NRI_P136",25
"53825",-0.00393558299401775,"NRI_P136",50
"53826",-0.00393558299401775,"NRI_P136",100
"53827",-0.00393558299401775,"NRI_P136",25
"53828",-0.00393558299401775,"NRI_P136",50
"53829",-0.00393558299401775,"NRI_P136",100
"53830",-0.00393558299401775,"NRI_P136",25
"53831",-0.00393558299401775,"NRI_P136",50
"53832",-0.00393558299401775,"NRI_P136",100
"53833",-0.00393558299401775,"NRI_P136",25
"53834",-0.00393558299401775,"NRI_P136",50
"53835",-0.00393558299401775,"NRI_P136",100
"53836",-0.00393558299401775,"NRI_P136",25
"53837",-0.00393558299401775,"NRI_P136",50
"53838",-0.00393558299401775,"NRI_P136",100
"53839",-0.00393558299401775,"NRI_P136",25
"53840",-0.00393558299401775,"NRI_P136",50
"53841",-0.00393558299401775,"NRI_P136",100
"53842",-0.00393558299401775,"NRI_P136",25
"53843",-0.00393558299401775,"NRI_P136",50
"53844",-0.00393558299401775,"NRI_P136",100
"53845",-0.00393558299401775,"NRI_P136",25
"53846",-0.00393558299401775,"NRI_P136",50
"53847",-0.00393558299401775,"NRI_P136",100
"53848",-0.00393558299401775,"NRI_P136",25
"53849",-0.00393558299401775,"NRI_P136",50
"53850",-0.00393558299401775,"NRI_P136",100
"53851",-0.00393558299401775,"NRI_P136",25
"53852",-0.00393558299401775,"NRI_P136",50
"53853",-0.00393558299401775,"NRI_P136",100
"53854",-0.00393558299401775,"NRI_P136",25
"53855",-0.00393558299401775,"NRI_P136",50
"53856",-0.00393558299401775,"NRI_P136",100
"53857",-0.00393558299401775,"NRI_P136",25
"53858",-0.00393558299401775,"NRI_P136",50
"53859",-0.00393558299401775,"NRI_P136",100
"53860",-0.00393558299401775,"NRI_P136",25
"53861",-0.00393558299401775,"NRI_P136",50
"53862",-0.00393558299401775,"NRI_P136",100
"53863",-0.00393558299401775,"NRI_P136",25
"53864",-0.00393558299401775,"NRI_P136",50
"53865",-0.00393558299401775,"NRI_P136",100
"53866",-0.00393558299401775,"NRI_P136",25
"53867",-0.00393558299401775,"NRI_P136",50
"53868",-0.00393558299401775,"NRI_P136",100
"53869",-0.00393558299401775,"NRI_P136",25
"53870",-0.00393558299401775,"NRI_P136",50
"53871",-0.00393558299401775,"NRI_P136",100
"53872",-0.00393558299401775,"NRI_P136",25
"53873",-0.00393558299401775,"NRI_P136",50
"53874",-0.00393558299401775,"NRI_P136",100
"53875",-0.00393558299401775,"NRI_P136",25
"53876",-0.00393558299401775,"NRI_P136",50
"53877",-0.00393558299401775,"NRI_P136",100
"53878",-0.00393558299401775,"NRI_P136",25
"53879",-0.00393558299401775,"NRI_P136",50
"53880",-0.00393558299401775,"NRI_P136",100
"53881",-0.00393558299401775,"NRI_P136",25
"53882",-0.00393558299401775,"NRI_P136",50
"53883",-0.00393558299401775,"NRI_P136",100
"53884",-0.00393558299401775,"NRI_P136",25
"53885",-0.00393558299401775,"NRI_P136",50
"53886",-0.00393558299401775,"NRI_P136",100
"53887",-0.00393558299401775,"NRI_P136",25
"53888",-0.00393558299401775,"NRI_P136",50
"53889",-0.00393558299401775,"NRI_P136",100
"53890",-0.00393558299401775,"NRI_P136",25
"53891",-0.00393558299401775,"NRI_P136",50
"53892",-0.00393558299401775,"NRI_P136",100
"53893",-0.00393558299401775,"NRI_P136",25
"53894",-0.00393558299401775,"NRI_P136",50
"53895",-0.00393558299401775,"NRI_P136",100
"53896",-0.00393558299401775,"NRI_P136",25
"53897",-0.00393558299401775,"NRI_P136",50
"53898",-0.00393558299401775,"NRI_P136",100
"53899",-0.00393558299401775,"NRI_P136",25
"53900",-0.00393558299401775,"NRI_P136",50
"53901",-0.00393558299401775,"NRI_P136",100
"53902",-0.00393558299401775,"NRI_P136",25
"53903",-0.00393558299401775,"NRI_P136",50
"53904",-0.00393558299401775,"NRI_P136",100
"53905",-0.00393558299401775,"NRI_P136",25
"53906",-0.00393558299401775,"NRI_P136",50
"53907",-0.00393558299401775,"NRI_P136",100
"53908",-0.00393558299401775,"NRI_P136",25
"53909",-0.00393558299401775,"NRI_P136",50
"53910",-0.00393558299401775,"NRI_P136",100
"53911",-0.00393558299401775,"NRI_P136",25
"53912",-0.00393558299401775,"NRI_P136",50
"53913",-0.00393558299401775,"NRI_P136",100
"53914",-0.00393558299401775,"NRI_P136",25
"53915",-0.00393558299401775,"NRI_P136",50
"53916",-0.00393558299401775,"NRI_P136",100
"53917",-0.00393558299401775,"NRI_P136",25
"53918",-0.00393558299401775,"NRI_P136",50
"53919",-0.00393558299401775,"NRI_P136",100
"53920",-0.00393558299401775,"NRI_P136",25
"53921",-0.00393558299401775,"NRI_P136",50
"53922",-0.00393558299401775,"NRI_P136",100
"53923",-0.00393558299401775,"NRI_P136",25
"53924",-0.00393558299401775,"NRI_P136",50
"53925",-0.00393558299401775,"NRI_P136",100
"53926",-0.00393558299401775,"NRI_P136",25
"53927",-0.00393558299401775,"NRI_P136",50
"53928",-0.00393558299401775,"NRI_P136",100
"53929",-0.00393558299401775,"NRI_P136",25
"53930",-0.00393558299401775,"NRI_P136",50
"53931",-0.00393558299401775,"NRI_P136",100
"53932",-0.00393558299401775,"NRI_P136",25
"53933",-0.00393558299401775,"NRI_P136",50
"53934",-0.00393558299401775,"NRI_P136",100
"53935",-0.00393558299401775,"NRI_P136",25
"53936",-0.00393558299401775,"NRI_P136",50
"53937",-0.00393558299401775,"NRI_P136",100
"53938",-0.00393558299401775,"NRI_P136",25
"53939",-0.00393558299401775,"NRI_P136",50
"53940",-0.00393558299401775,"NRI_P136",100
"53941",-0.00393558299401775,"NRI_P136",25
"53942",-0.00393558299401775,"NRI_P136",50
"53943",-0.00393558299401775,"NRI_P136",100
"53944",-0.00393558299401775,"NRI_P136",25
"53945",-0.00393558299401775,"NRI_P136",50
"53946",-0.00393558299401775,"NRI_P136",100
"53947",-0.00393558299401775,"NRI_P136",25
"53948",-0.00393558299401775,"NRI_P136",50
"53949",-0.00393558299401775,"NRI_P136",100
"53950",-0.00393558299401775,"NRI_P136",25
"53951",-0.00393558299401775,"NRI_P136",50
"53952",-0.00393558299401775,"NRI_P136",100
"53953",-0.00393558299401775,"NRI_P136",25
"53954",-0.00393558299401775,"NRI_P136",50
"53955",-0.00393558299401775,"NRI_P136",100
"53956",-0.00393558299401775,"NRI_P136",25
"53957",-0.00393558299401775,"NRI_P136",50
"53958",-0.00393558299401775,"NRI_P136",100
"53959",-0.00393558299401775,"NRI_P136",25
"53960",-0.00393558299401775,"NRI_P136",50
"53961",-0.00393558299401775,"NRI_P136",100
"53962",-0.00393558299401775,"NRI_P136",25
"53963",-0.00393558299401775,"NRI_P136",50
"53964",-0.00393558299401775,"NRI_P136",100
"53965",-0.00393558299401775,"NRI_P136",25
"53966",-0.00393558299401775,"NRI_P136",50
"53967",-0.00393558299401775,"NRI_P136",100
"53968",-0.00393558299401775,"NRI_P136",25
"53969",-0.00393558299401775,"NRI_P136",50
"53970",-0.00393558299401775,"NRI_P136",100
"53971",-0.00393558299401775,"NRI_P136",25
"53972",-0.00393558299401775,"NRI_P136",50
"53973",-0.00393558299401775,"NRI_P136",100
"53974",-0.00393558299401775,"NRI_P136",25
"53975",-0.00393558299401775,"NRI_P136",50
"53976",-0.00393558299401775,"NRI_P136",100
"53977",-0.00393558299401775,"NRI_P136",25
"53978",-0.00393558299401775,"NRI_P136",50
"53979",-0.00393558299401775,"NRI_P136",100
"53980",-0.00393558299401775,"NRI_P136",25
"53981",-0.00393558299401775,"NRI_P136",50
"53982",-0.00393558299401775,"NRI_P136",100
"53983",-0.00393558299401775,"NRI_P136",25
"53984",-0.00393558299401775,"NRI_P136",50
"53985",-0.00393558299401775,"NRI_P136",100
"53986",-0.00393558299401775,"NRI_P136",25
"53987",-0.00393558299401775,"NRI_P136",50
"53988",-0.00393558299401775,"NRI_P136",100
"53989",-0.00393558299401775,"NRI_P136",25
"53990",-0.00393558299401775,"NRI_P136",50
"53991",-0.00393558299401775,"NRI_P136",100
"53992",-0.00393558299401775,"NRI_P136",25
"53993",-0.00393558299401775,"NRI_P136",50
"53994",-0.00393558299401775,"NRI_P136",100
"53995",-0.00393558299401775,"NRI_P136",25
"53996",-0.00393558299401775,"NRI_P136",50
"53997",-0.00393558299401775,"NRI_P136",100
"53998",-0.00393558299401775,"NRI_P136",25
"53999",-0.00393558299401775,"NRI_P136",50
"54000",-0.00393558299401775,"NRI_P136",100
"54001",-642.869156965025,"NRI_P137",25
"54002",2006.04638303499,"NRI_P137",50
"54003",5800.146563035,"NRI_P137",100
"54004",1059.61437303497,"NRI_P137",25
"54005",-1050.30027696502,"NRI_P137",50
"54006",-817.773896965024,"NRI_P137",100
"54007",-497.52703696501,"NRI_P137",25
"54008",2301.66991303497,"NRI_P137",50
"54009",2291.698563035,"NRI_P137",100
"54010",1038.26310303499,"NRI_P137",25
"54011",-1084.37410696503,"NRI_P137",50
"54012",5966.98274303498,"NRI_P137",100
"54013",-1022.45107696502,"NRI_P137",25
"54014",42.0494630349858,"NRI_P137",50
"54015",994.941823034984,"NRI_P137",100
"54016",-132.569726965012,"NRI_P137",25
"54017",2833.66714303498,"NRI_P137",50
"54018",5097.53033303499,"NRI_P137",100
"54019",-557.999236964999,"NRI_P137",25
"54020",3556.90282303499,"NRI_P137",50
"54021",3514.017343035,"NRI_P137",100
"54022",-645.213636965025,"NRI_P137",25
"54023",1157.14407303499,"NRI_P137",50
"54024",151.241423034982,"NRI_P137",100
"54025",-790.381376965001,"NRI_P137",25
"54026",-1073.26714696502,"NRI_P137",50
"54027",1452.825463035,"NRI_P137",100
"54028",-299.713026965008,"NRI_P137",25
"54029",-933.624256965006,"NRI_P137",50
"54030",-134.941986965016,"NRI_P137",100
"54031",-228.907116965012,"NRI_P137",25
"54032",1782.66415303497,"NRI_P137",50
"54033",1703.19889303498,"NRI_P137",100
"54034",-842.282256965002,"NRI_P137",25
"54035",5179.10034303498,"NRI_P137",50
"54036",34.5440030350001,"NRI_P137",100
"54037",-288.369836965023,"NRI_P137",25
"54038",578.021063034976,"NRI_P137",50
"54039",6060.93741303499,"NRI_P137",100
"54040",733.259803034976,"NRI_P137",25
"54041",621.014943034999,"NRI_P137",50
"54042",-470.536076965014,"NRI_P137",100
"54043",-186.759736965003,"NRI_P137",25
"54044",1656.741563035,"NRI_P137",50
"54045",-1219.154626965,"NRI_P137",100
"54046",3931.319443035,"NRI_P137",25
"54047",-163.326226965,"NRI_P137",50
"54048",1457.425833035,"NRI_P137",100
"54049",-622.129346965026,"NRI_P137",25
"54050",1252.42453303499,"NRI_P137",50
"54051",9067.16661303499,"NRI_P137",100
"54052",362.445333034993,"NRI_P137",25
"54053",-1069.83002696501,"NRI_P137",50
"54054",595.008793034998,"NRI_P137",100
"54055",315.371243034984,"NRI_P137",25
"54056",2900.30869303498,"NRI_P137",50
"54057",-2388.54677696503,"NRI_P137",100
"54058",-678.232226965018,"NRI_P137",25
"54059",1851.25030303499,"NRI_P137",50
"54060",-563.031556965027,"NRI_P137",100
"54061",-371.505386965,"NRI_P137",25
"54062",-121.555216965004,"NRI_P137",50
"54063",-989.09747696502,"NRI_P137",100
"54064",161.060593034985,"NRI_P137",25
"54065",1987.660533035,"NRI_P137",50
"54066",2745.07067303499,"NRI_P137",100
"54067",365.579033034999,"NRI_P137",25
"54068",341.107193034986,"NRI_P137",50
"54069",3007.54368303498,"NRI_P137",100
"54070",1008.82258303498,"NRI_P137",25
"54071",2829.294343035,"NRI_P137",50
"54072",-2187.21426696502,"NRI_P137",100
"54073",373.995693034987,"NRI_P137",25
"54074",911.516393034981,"NRI_P137",50
"54075",4685.58482303499,"NRI_P137",100
"54076",-111.319836965005,"NRI_P137",25
"54077",-264.263166965015,"NRI_P137",50
"54078",747.028533034987,"NRI_P137",100
"54079",-112.712576965016,"NRI_P137",25
"54080",1389.83197303498,"NRI_P137",50
"54081",8348.61762303498,"NRI_P137",100
"54082",-49.1768569650012,"NRI_P137",25
"54083",-1429.621966965,"NRI_P137",50
"54084",-724.783036965004,"NRI_P137",100
"54085",-1254.58858696502,"NRI_P137",25
"54086",-979.159956965013,"NRI_P137",50
"54087",6499.86443303499,"NRI_P137",100
"54088",1847.16725303498,"NRI_P137",25
"54089",-523.042396965,"NRI_P137",50
"54090",1214.00408303499,"NRI_P137",100
"54091",-913.429556965013,"NRI_P137",25
"54092",-1398.67946696503,"NRI_P137",50
"54093",-89.0677169650153,"NRI_P137",100
"54094",1091.12601303498,"NRI_P137",25
"54095",1844.02600303499,"NRI_P137",50
"54096",1760.55796303498,"NRI_P137",100
"54097",772.667853034975,"NRI_P137",25
"54098",-1276.144956965,"NRI_P137",50
"54099",3542.10416303499,"NRI_P137",100
"54100",738.241623034992,"NRI_P137",25
"54101",-783.351826965023,"NRI_P137",50
"54102",4526.63107303498,"NRI_P137",100
"54103",2157.613203035,"NRI_P137",25
"54104",669.642303034983,"NRI_P137",50
"54105",-1023.30325696501,"NRI_P137",100
"54106",-120.40375696501,"NRI_P137",25
"54107",-933.595056965016,"NRI_P137",50
"54108",6309.177033035,"NRI_P137",100
"54109",761.597193034977,"NRI_P137",25
"54110",3080.36932303497,"NRI_P137",50
"54111",-813.876036965026,"NRI_P137",100
"54112",-412.129686965025,"NRI_P137",25
"54113",2488.70173303498,"NRI_P137",50
"54114",-768.672566965019,"NRI_P137",100
"54115",99.8783130349766,"NRI_P137",25
"54116",3139.37258303497,"NRI_P137",50
"54117",7110.59544303498,"NRI_P137",100
"54118",393.16106303499,"NRI_P137",25
"54119",1604.159543035,"NRI_P137",50
"54120",-1216.40700696502,"NRI_P137",100
"54121",-543.062956965005,"NRI_P137",25
"54122",939.839713034977,"NRI_P137",50
"54123",1709.92818303499,"NRI_P137",100
"54124",180.95654303499,"NRI_P137",25
"54125",1569.81604303498,"NRI_P137",50
"54126",142.429053034983,"NRI_P137",100
"54127",-555.945146965008,"NRI_P137",25
"54128",-10.6427169650269,"NRI_P137",50
"54129",-1732.31783696503,"NRI_P137",100
"54130",-523.664156965009,"NRI_P137",25
"54131",1051.29260303499,"NRI_P137",50
"54132",-262.260286965,"NRI_P137",100
"54133",-902.078596965002,"NRI_P137",25
"54134",826.416033034999,"NRI_P137",50
"54135",2584.76201303498,"NRI_P137",100
"54136",-1323.035566965,"NRI_P137",25
"54137",493.937233034987,"NRI_P137",50
"54138",3170.84130303498,"NRI_P137",100
"54139",-329.453686965018,"NRI_P137",25
"54140",2569.84172303497,"NRI_P137",50
"54141",6567.23230303498,"NRI_P137",100
"54142",361.868403034983,"NRI_P137",25
"54143",909.007673034997,"NRI_P137",50
"54144",250.741923034977,"NRI_P137",100
"54145",937.311993034993,"NRI_P137",25
"54146",280.548393034987,"NRI_P137",50
"54147",1638.244013035,"NRI_P137",100
"54148",-76.3229869650095,"NRI_P137",25
"54149",-67.1181869650027,"NRI_P137",50
"54150",872.12491303499,"NRI_P137",100
"54151",-1230.73502696501,"NRI_P137",25
"54152",-120.002126965002,"NRI_P137",50
"54153",2152.90053303499,"NRI_P137",100
"54154",-252.121616965014,"NRI_P137",25
"54155",2141.737993035,"NRI_P137",50
"54156",3595.68106303498,"NRI_P137",100
"54157",2344.91322303499,"NRI_P137",25
"54158",6481.78576303498,"NRI_P137",50
"54159",1673.781783035,"NRI_P137",100
"54160",1464.58524303499,"NRI_P137",25
"54161",473.307343034976,"NRI_P137",50
"54162",1491.29246303497,"NRI_P137",100
"54163",-36.5450669650163,"NRI_P137",25
"54164",4527.908083035,"NRI_P137",50
"54165",2003.78340303499,"NRI_P137",100
"54166",-1168.394956965,"NRI_P137",25
"54167",-1128.03073696501,"NRI_P137",50
"54168",-957.328106965026,"NRI_P137",100
"54169",-1529.11326696503,"NRI_P137",25
"54170",1411.06714303498,"NRI_P137",50
"54171",11407.522053035,"NRI_P137",100
"54172",-743.105516965006,"NRI_P137",25
"54173",808.664573034999,"NRI_P137",50
"54174",5558.007283035,"NRI_P137",100
"54175",11978.100143035,"NRI_P137",25
"54176",1899.18432303498,"NRI_P137",50
"54177",3429.22339303498,"NRI_P137",100
"54178",654.212273034995,"NRI_P137",25
"54179",858.455253034976,"NRI_P137",50
"54180",1920.22534303498,"NRI_P137",100
"54181",-60.9593769650091,"NRI_P137",25
"54182",80.1922030349961,"NRI_P137",50
"54183",-771.026386965008,"NRI_P137",100
"54184",-834.887366965006,"NRI_P137",25
"54185",-1163.65877696502,"NRI_P137",50
"54186",1951.01777303498,"NRI_P137",100
"54187",596.520183034998,"NRI_P137",25
"54188",1425.89972303499,"NRI_P137",50
"54189",4797.546843035,"NRI_P137",100
"54190",-786.855596965004,"NRI_P137",25
"54191",3637.743363035,"NRI_P137",50
"54192",-260.820336965,"NRI_P137",100
"54193",-635.522336965019,"NRI_P137",25
"54194",-550.64898696501,"NRI_P137",50
"54195",10237.995643035,"NRI_P137",100
"54196",-638.830806965008,"NRI_P137",25
"54197",931.164213034994,"NRI_P137",50
"54198",5883.377643035,"NRI_P137",100
"54199",-250.406496965006,"NRI_P137",25
"54200",-739.639666965028,"NRI_P137",50
"54201",-1332.20267696501,"NRI_P137",100
"54202",-624.524476965016,"NRI_P137",25
"54203",874.491303035,"NRI_P137",50
"54204",1707.69317303499,"NRI_P137",100
"54205",-858.905886965018,"NRI_P137",25
"54206",15113.221163035,"NRI_P137",50
"54207",2568.52969303497,"NRI_P137",100
"54208",-1713.165416965,"NRI_P137",25
"54209",-1272.41724696502,"NRI_P137",50
"54210",4717.00074303499,"NRI_P137",100
"54211",-1515.87975696501,"NRI_P137",25
"54212",-641.708346965024,"NRI_P137",50
"54213",4801.22593303499,"NRI_P137",100
"54214",6503.22821303498,"NRI_P137",25
"54215",5054.47545303497,"NRI_P137",50
"54216",4099.44659303498,"NRI_P137",100
"54217",75.1845630349999,"NRI_P137",25
"54218",515.372673034988,"NRI_P137",50
"54219",-573.762916965003,"NRI_P137",100
"54220",246.313813034998,"NRI_P137",25
"54221",-258.395806965011,"NRI_P137",50
"54222",3417.72420303497,"NRI_P137",100
"54223",-977.62594696501,"NRI_P137",25
"54224",4979.514503035,"NRI_P137",50
"54225",3486.37609303498,"NRI_P137",100
"54226",399.629013034981,"NRI_P137",25
"54227",3802.49758303497,"NRI_P137",50
"54228",-1819.92426696501,"NRI_P137",100
"54229",-1211.066216965,"NRI_P137",25
"54230",3408.72467303497,"NRI_P137",50
"54231",790.119533034973,"NRI_P137",100
"54232",594.912303034973,"NRI_P137",25
"54233",-416.871706965001,"NRI_P137",50
"54234",3007.92449303498,"NRI_P137",100
"54235",-698.952556965,"NRI_P137",25
"54236",-692.050156965008,"NRI_P137",50
"54237",-679.187716965011,"NRI_P137",100
"54238",-907.638136965019,"NRI_P137",25
"54239",1194.337063035,"NRI_P137",50
"54240",451.724643034977,"NRI_P137",100
"54241",2073.29921303497,"NRI_P137",25
"54242",4764.293483035,"NRI_P137",50
"54243",5028.97159303498,"NRI_P137",100
"54244",-1170.59041696502,"NRI_P137",25
"54245",-455.909936965007,"NRI_P137",50
"54246",5392.02531303497,"NRI_P137",100
"54247",19.3780930349894,"NRI_P137",25
"54248",-649.682596965024,"NRI_P137",50
"54249",-1109.321506965,"NRI_P137",100
"54250",2505.31521303498,"NRI_P137",25
"54251",8765.71757303498,"NRI_P137",50
"54252",-2417.93835696502,"NRI_P137",100
"54253",367.428043034975,"NRI_P137",25
"54254",328.620223034988,"NRI_P137",50
"54255",3404.725643035,"NRI_P137",100
"54256",-463.88084696501,"NRI_P137",25
"54257",3048.89885303497,"NRI_P137",50
"54258",-1905.854736965,"NRI_P137",100
"54259",468.012053034996,"NRI_P137",25
"54260",-848.995606965007,"NRI_P137",50
"54261",1829.18699303499,"NRI_P137",100
"54262",-227.230866965023,"NRI_P137",25
"54263",1619.128423035,"NRI_P137",50
"54264",-1467.02828696501,"NRI_P137",100
"54265",915.182243035,"NRI_P137",25
"54266",336.385223034973,"NRI_P137",50
"54267",2054.040353035,"NRI_P137",100
"54268",-57.8828669650247,"NRI_P137",25
"54269",788.882963034994,"NRI_P137",50
"54270",3388.51759303498,"NRI_P137",100
"54271",-920.313766965002,"NRI_P137",25
"54272",675.426843034977,"NRI_P137",50
"54273",2391.65353303499,"NRI_P137",100
"54274",-789.694866965001,"NRI_P137",25
"54275",305.388903034996,"NRI_P137",50
"54276",4725.318163035,"NRI_P137",100
"54277",-341.335806965013,"NRI_P137",25
"54278",3638.99407303499,"NRI_P137",50
"54279",-1136.62383696501,"NRI_P137",100
"54280",95.0055830349738,"NRI_P137",25
"54281",729.108533034974,"NRI_P137",50
"54282",728.220533034997,"NRI_P137",100
"54283",1516.60600303498,"NRI_P137",25
"54284",-82.8296469650231,"NRI_P137",50
"54285",15948.660953035,"NRI_P137",100
"54286",-881.14786696501,"NRI_P137",25
"54287",811.976633034996,"NRI_P137",50
"54288",1821.67589303499,"NRI_P137",100
"54289",871.98303303498,"NRI_P137",25
"54290",-1484.53229696502,"NRI_P137",50
"54291",6996.37880303498,"NRI_P137",100
"54292",-199.060586965003,"NRI_P137",25
"54293",6085.84332303499,"NRI_P137",50
"54294",1346.56147303499,"NRI_P137",100
"54295",-201.696536965028,"NRI_P137",25
"54296",2945.62155303499,"NRI_P137",50
"54297",8215.29399303498,"NRI_P137",100
"54298",123.348593034985,"NRI_P137",25
"54299",-1802.163796965,"NRI_P137",50
"54300",3421.03168303499,"NRI_P137",100
"54301",-3670.55922126299,"NRI_P138",25
"54302",-3059.00357126299,"NRI_P138",50
"54303",-21466.764111263,"NRI_P138",100
"54304",-6340.59733126301,"NRI_P138",25
"54305",5453.21598873701,"NRI_P138",50
"54306",-9801.78076126298,"NRI_P138",100
"54307",6226.174838737,"NRI_P138",25
"54308",-7001.75216126302,"NRI_P138",50
"54309",-19703.731581263,"NRI_P138",100
"54310",-9685.98251126299,"NRI_P138",25
"54311",-9292.75879126298,"NRI_P138",50
"54312",-23958.832721263,"NRI_P138",100
"54313",-6263.70818126301,"NRI_P138",25
"54314",-15179.153951263,"NRI_P138",50
"54315",-19466.068761263,"NRI_P138",100
"54316",-8918.37177126302,"NRI_P138",25
"54317",-9044.37811126298,"NRI_P138",50
"54318",-20339.178941263,"NRI_P138",100
"54319",-10467.613481263,"NRI_P138",25
"54320",-3480.761851263,"NRI_P138",50
"54321",-20459.146571263,"NRI_P138",100
"54322",7166.005638737,"NRI_P138",25
"54323",-19751.016181263,"NRI_P138",50
"54324",-14175.648261263,"NRI_P138",100
"54325",-2719.29518126301,"NRI_P138",25
"54326",-13694.398531263,"NRI_P138",50
"54327",-18917.486501263,"NRI_P138",100
"54328",-18092.064641263,"NRI_P138",25
"54329",-5069.117931263,"NRI_P138",50
"54330",-24601.652411263,"NRI_P138",100
"54331",-7538.29927126301,"NRI_P138",25
"54332",-7150.02995126299,"NRI_P138",50
"54333",-22517.753121263,"NRI_P138",100
"54334",-8344.56214126298,"NRI_P138",25
"54335",-13642.388311263,"NRI_P138",50
"54336",-23025.252571263,"NRI_P138",100
"54337",-6395.28894126299,"NRI_P138",25
"54338",-14005.587251263,"NRI_P138",50
"54339",-12652.895351263,"NRI_P138",100
"54340",-13903.487741263,"NRI_P138",25
"54341",-4415.47376126301,"NRI_P138",50
"54342",-23480.691651263,"NRI_P138",100
"54343",-536.768881262979,"NRI_P138",25
"54344",7092.49597873702,"NRI_P138",50
"54345",-16181.549911263,"NRI_P138",100
"54346",-3620.88158126298,"NRI_P138",25
"54347",-9272.98781126301,"NRI_P138",50
"54348",-25206.561871263,"NRI_P138",100
"54349",-15681.235661263,"NRI_P138",25
"54350",-15432.476581263,"NRI_P138",50
"54351",-9258.86899126298,"NRI_P138",100
"54352",-5647.81477126299,"NRI_P138",25
"54353",-9096.09023126302,"NRI_P138",50
"54354",-21117.759161263,"NRI_P138",100
"54355",-2471.33787126298,"NRI_P138",25
"54356",-2295.20673126302,"NRI_P138",50
"54357",-25531.942691263,"NRI_P138",100
"54358",-7507.480181263,"NRI_P138",25
"54359",-14721.744961263,"NRI_P138",50
"54360",-21435.756271263,"NRI_P138",100
"54361",-7840.19052126299,"NRI_P138",25
"54362",-1636.25976126298,"NRI_P138",50
"54363",-23952.707821263,"NRI_P138",100
"54364",-13325.184431263,"NRI_P138",25
"54365",-15399.317331263,"NRI_P138",50
"54366",-22838.642841263,"NRI_P138",100
"54367",-7039.85541126301,"NRI_P138",25
"54368",-22899.230261263,"NRI_P138",50
"54369",-20734.677031263,"NRI_P138",100
"54370",-6194.05176126299,"NRI_P138",25
"54371",-20919.117841263,"NRI_P138",50
"54372",-24750.567471263,"NRI_P138",100
"54373",-8189.83066126303,"NRI_P138",25
"54374",-12424.786511263,"NRI_P138",50
"54375",-22429.155391263,"NRI_P138",100
"54376",-3463.87529126299,"NRI_P138",25
"54377",-2137.12131126301,"NRI_P138",50
"54378",-7916.65811126301,"NRI_P138",100
"54379",815.659238737018,"NRI_P138",25
"54380",-12950.941081263,"NRI_P138",50
"54381",-25710.611631263,"NRI_P138",100
"54382",-1520.71472126298,"NRI_P138",25
"54383",-18349.978771263,"NRI_P138",50
"54384",-24187.429531263,"NRI_P138",100
"54385",-8239.04676126299,"NRI_P138",25
"54386",1294.01202873699,"NRI_P138",50
"54387",-24801.449471263,"NRI_P138",100
"54388",-1014.86398126301,"NRI_P138",25
"54389",-8940.49629126297,"NRI_P138",50
"54390",-22589.201631263,"NRI_P138",100
"54391",-7010.415831263,"NRI_P138",25
"54392",-10593.818311263,"NRI_P138",50
"54393",-25636.527381263,"NRI_P138",100
"54394",-11075.653241263,"NRI_P138",25
"54395",-17688.122731263,"NRI_P138",50
"54396",-20274.374341263,"NRI_P138",100
"54397",-6867.90732126299,"NRI_P138",25
"54398",-18068.314431263,"NRI_P138",50
"54399",-24273.700671263,"NRI_P138",100
"54400",1016.71810873703,"NRI_P138",25
"54401",-5868.81977126299,"NRI_P138",50
"54402",-16638.981491263,"NRI_P138",100
"54403",1685.42530873697,"NRI_P138",25
"54404",-22172.379511263,"NRI_P138",50
"54405",-19705.793341263,"NRI_P138",100
"54406",-8040.51008126303,"NRI_P138",25
"54407",-12392.091411263,"NRI_P138",50
"54408",-21677.260071263,"NRI_P138",100
"54409",-5145.88628126303,"NRI_P138",25
"54410",-12566.248791263,"NRI_P138",50
"54411",-11566.923631263,"NRI_P138",100
"54412",-1022.12188126298,"NRI_P138",25
"54413",-14284.937631263,"NRI_P138",50
"54414",-22116.795391263,"NRI_P138",100
"54415",-4925.615141263,"NRI_P138",25
"54416",-6655.76716126298,"NRI_P138",50
"54417",-20095.315421263,"NRI_P138",100
"54418",-5160.58033126302,"NRI_P138",25
"54419",-7941.86992126302,"NRI_P138",50
"54420",-18786.301181263,"NRI_P138",100
"54421",-8616.505101263,"NRI_P138",25
"54422",-16251.613411263,"NRI_P138",50
"54423",-20726.507981263,"NRI_P138",100
"54424",-3785.60278126301,"NRI_P138",25
"54425",-9202.92499126302,"NRI_P138",50
"54426",-24696.090871263,"NRI_P138",100
"54427",-8585.57333126297,"NRI_P138",25
"54428",-6663.01111126301,"NRI_P138",50
"54429",-23611.022821263,"NRI_P138",100
"54430",-4844.21728126297,"NRI_P138",25
"54431",-15069.936281263,"NRI_P138",50
"54432",-19928.187471263,"NRI_P138",100
"54433",-1514.67523126298,"NRI_P138",25
"54434",-7202.80714126298,"NRI_P138",50
"54435",-22241.228861263,"NRI_P138",100
"54436",-12136.218531263,"NRI_P138",25
"54437",-12305.603131263,"NRI_P138",50
"54438",-17660.122331263,"NRI_P138",100
"54439",-6182.43209126301,"NRI_P138",25
"54440",-9939.89140126301,"NRI_P138",50
"54441",-17447.706801263,"NRI_P138",100
"54442",-5935.43856126297,"NRI_P138",25
"54443",-4629.52491126303,"NRI_P138",50
"54444",-20899.142531263,"NRI_P138",100
"54445",-13844.921531263,"NRI_P138",25
"54446",-2408.27169126301,"NRI_P138",50
"54447",-24474.103461263,"NRI_P138",100
"54448",-4564.59056126297,"NRI_P138",25
"54449",-7007.54290126299,"NRI_P138",50
"54450",-22374.281071263,"NRI_P138",100
"54451",-3825.305561263,"NRI_P138",25
"54452",-14821.552971263,"NRI_P138",50
"54453",-24924.814201263,"NRI_P138",100
"54454",-5689.71698126302,"NRI_P138",25
"54455",-10224.578791263,"NRI_P138",50
"54456",-22437.998931263,"NRI_P138",100
"54457",-3955.29058126302,"NRI_P138",25
"54458",-12054.207781263,"NRI_P138",50
"54459",-24428.534021263,"NRI_P138",100
"54460",-18370.615641263,"NRI_P138",25
"54461",-3917.289761263,"NRI_P138",50
"54462",-23186.376041263,"NRI_P138",100
"54463",-1120.72206126299,"NRI_P138",25
"54464",-11575.875771263,"NRI_P138",50
"54465",-24466.213311263,"NRI_P138",100
"54466",-1850.71578126302,"NRI_P138",25
"54467",-5459.84795126301,"NRI_P138",50
"54468",-20589.670881263,"NRI_P138",100
"54469",-9427.760781263,"NRI_P138",25
"54470",-476.361251263006,"NRI_P138",50
"54471",-19183.745571263,"NRI_P138",100
"54472",-13582.052461263,"NRI_P138",25
"54473",-9003.86013126298,"NRI_P138",50
"54474",-23334.594081263,"NRI_P138",100
"54475",1243.61143873702,"NRI_P138",25
"54476",-19359.078541263,"NRI_P138",50
"54477",-18681.045181263,"NRI_P138",100
"54478",-7302.64206126297,"NRI_P138",25
"54479",-16981.201961263,"NRI_P138",50
"54480",-7878.87632126297,"NRI_P138",100
"54481",-6700.03274126298,"NRI_P138",25
"54482",-12146.284911263,"NRI_P138",50
"54483",-19845.470541263,"NRI_P138",100
"54484",13115.722068737,"NRI_P138",25
"54485",-14746.680341263,"NRI_P138",50
"54486",-20692.262711263,"NRI_P138",100
"54487",-1978.846871263,"NRI_P138",25
"54488",-3092.288201263,"NRI_P138",50
"54489",-15618.547931263,"NRI_P138",100
"54490",-4322.45724126301,"NRI_P138",25
"54491",-21304.138451263,"NRI_P138",50
"54492",-20556.830251263,"NRI_P138",100
"54493",-3130.46369126299,"NRI_P138",25
"54494",-5979.59337126301,"NRI_P138",50
"54495",-23985.130441263,"NRI_P138",100
"54496",970.674668736989,"NRI_P138",25
"54497",-18726.047171263,"NRI_P138",50
"54498",-16856.432491263,"NRI_P138",100
"54499",-3158.73896126298,"NRI_P138",25
"54500",-13679.315831263,"NRI_P138",50
"54501",-23431.536711263,"NRI_P138",100
"54502",-9600.75603126298,"NRI_P138",25
"54503",-2712.03147126298,"NRI_P138",50
"54504",-15280.127411263,"NRI_P138",100
"54505",-2569.151781263,"NRI_P138",25
"54506",-15960.598321263,"NRI_P138",50
"54507",-25609.754441263,"NRI_P138",100
"54508",-12958.032141263,"NRI_P138",25
"54509",6242.34233873698,"NRI_P138",50
"54510",-18308.600481263,"NRI_P138",100
"54511",1153.25470873702,"NRI_P138",25
"54512",-11785.199531263,"NRI_P138",50
"54513",-18849.581241263,"NRI_P138",100
"54514",-9633.65988126298,"NRI_P138",25
"54515",-13512.775311263,"NRI_P138",50
"54516",-23445.844711263,"NRI_P138",100
"54517",-5080.35988126299,"NRI_P138",25
"54518",-9358.81485126301,"NRI_P138",50
"54519",-15385.504711263,"NRI_P138",100
"54520",-3421.61419126298,"NRI_P138",25
"54521",-8609.00313126302,"NRI_P138",50
"54522",-19089.060911263,"NRI_P138",100
"54523",-8079.30706126301,"NRI_P138",25
"54524",-10932.165171263,"NRI_P138",50
"54525",-22160.020761263,"NRI_P138",100
"54526",-5309.54196126299,"NRI_P138",25
"54527",-7430.56472126301,"NRI_P138",50
"54528",-24721.501641263,"NRI_P138",100
"54529",208.681148737029,"NRI_P138",25
"54530",-20755.136321263,"NRI_P138",50
"54531",-22201.336611263,"NRI_P138",100
"54532",-3601.62753126299,"NRI_P138",25
"54533",-14977.794331263,"NRI_P138",50
"54534",-25018.338361263,"NRI_P138",100
"54535",-10086.071811263,"NRI_P138",25
"54536",-18127.019591263,"NRI_P138",50
"54537",-20434.901371263,"NRI_P138",100
"54538",-15174.390151263,"NRI_P138",25
"54539",-18750.283641263,"NRI_P138",50
"54540",-23965.738141263,"NRI_P138",100
"54541",-3295.88603126298,"NRI_P138",25
"54542",2543.96638873703,"NRI_P138",50
"54543",-21310.921191263,"NRI_P138",100
"54544",-409.111011262983,"NRI_P138",25
"54545",2863.99526873702,"NRI_P138",50
"54546",-25582.211691263,"NRI_P138",100
"54547",-12239.882161263,"NRI_P138",25
"54548",-17800.389441263,"NRI_P138",50
"54549",-17848.173731263,"NRI_P138",100
"54550",-4246.62853126298,"NRI_P138",25
"54551",-8573.25934126298,"NRI_P138",50
"54552",-21763.285201263,"NRI_P138",100
"54553",-3335.669531263,"NRI_P138",25
"54554",-22518.202721263,"NRI_P138",50
"54555",-23810.817521263,"NRI_P138",100
"54556",-8181.78504126298,"NRI_P138",25
"54557",-9750.17143126298,"NRI_P138",50
"54558",-24655.911021263,"NRI_P138",100
"54559",-4095.68866126298,"NRI_P138",25
"54560",-7919.01953126298,"NRI_P138",50
"54561",-15548.842041263,"NRI_P138",100
"54562",1384.23917873699,"NRI_P138",25
"54563",-5798.88561126299,"NRI_P138",50
"54564",-19056.555441263,"NRI_P138",100
"54565",1028.92078873701,"NRI_P138",25
"54566",-6609.344181263,"NRI_P138",50
"54567",-17403.143181263,"NRI_P138",100
"54568",-12041.855141263,"NRI_P138",25
"54569",-1268.60510126298,"NRI_P138",50
"54570",-23450.425371263,"NRI_P138",100
"54571",-10987.387731263,"NRI_P138",25
"54572",2929.610488737,"NRI_P138",50
"54573",-19615.186271263,"NRI_P138",100
"54574",-10119.730831263,"NRI_P138",25
"54575",-17459.384261263,"NRI_P138",50
"54576",-23123.486421263,"NRI_P138",100
"54577",-6877.275481263,"NRI_P138",25
"54578",-9048.79859126301,"NRI_P138",50
"54579",-23567.157551263,"NRI_P138",100
"54580",-4512.77586126298,"NRI_P138",25
"54581",-6975.20248126303,"NRI_P138",50
"54582",-22413.161641263,"NRI_P138",100
"54583",-1098.27495126298,"NRI_P138",25
"54584",-6761.707561263,"NRI_P138",50
"54585",-22451.374871263,"NRI_P138",100
"54586",-3626.62462126301,"NRI_P138",25
"54587",-15526.254611263,"NRI_P138",50
"54588",-25721.017511263,"NRI_P138",100
"54589",256.588608736987,"NRI_P138",25
"54590",-20329.871381263,"NRI_P138",50
"54591",-23130.849831263,"NRI_P138",100
"54592",-11504.098101263,"NRI_P138",25
"54593",-6549.66589126299,"NRI_P138",50
"54594",-21491.837941263,"NRI_P138",100
"54595",-11588.003731263,"NRI_P138",25
"54596",-11374.389871263,"NRI_P138",50
"54597",-25337.590541263,"NRI_P138",100
"54598",-8302.26473126299,"NRI_P138",25
"54599",-18895.255521263,"NRI_P138",50
"54600",-20191.429431263,"NRI_P138",100
"54601",-0.00779220700496808,"NRI_P139",25
"54602",724.269307793002,"NRI_P139",50
"54603",-279.377622206986,"NRI_P139",100
"54604",-0.00779220700496808,"NRI_P139",25
"54605",847.060707793047,"NRI_P139",50
"54606",-201.652152206982,"NRI_P139",100
"54607",-0.00779220700496808,"NRI_P139",25
"54608",-104.982022206997,"NRI_P139",50
"54609",350.604307793023,"NRI_P139",100
"54610",-0.00779220700496808,"NRI_P139",25
"54611",2550.05830779299,"NRI_P139",50
"54612",-285.64123220701,"NRI_P139",100
"54613",-0.00779220700496808,"NRI_P139",25
"54614",-176.083422206983,"NRI_P139",50
"54615",-54.0052422069712,"NRI_P139",100
"54616",-0.00779220700496808,"NRI_P139",25
"54617",113.286907793023,"NRI_P139",50
"54618",-72.0230122070061,"NRI_P139",100
"54619",-0.00779220700496808,"NRI_P139",25
"54620",41.4126077929977,"NRI_P139",50
"54621",-37.4170122069772,"NRI_P139",100
"54622",-0.00779220700496808,"NRI_P139",25
"54623",-151.154692206997,"NRI_P139",50
"54624",4134.78920779302,"NRI_P139",100
"54625",-0.00779220700496808,"NRI_P139",25
"54626",1573.954307793,"NRI_P139",50
"54627",2122.34580779303,"NRI_P139",100
"54628",-0.00779220700496808,"NRI_P139",25
"54629",-172.623472206993,"NRI_P139",50
"54630",5499.17760779301,"NRI_P139",100
"54631",-0.00779220700496808,"NRI_P139",25
"54632",143.263907793036,"NRI_P139",50
"54633",-145.440212206973,"NRI_P139",100
"54634",-0.00779220700496808,"NRI_P139",25
"54635",-174.426192206971,"NRI_P139",50
"54636",671.03804779303,"NRI_P139",100
"54637",-0.00779220700496808,"NRI_P139",25
"54638",111.888807793031,"NRI_P139",50
"54639",-73.2373122069985,"NRI_P139",100
"54640",-0.00779220700496808,"NRI_P139",25
"54641",-114.442292206979,"NRI_P139",50
"54642",1836.81430779304,"NRI_P139",100
"54643",-0.00779220700496808,"NRI_P139",25
"54644",-96.2927922069794,"NRI_P139",50
"54645",31694.666807793,"NRI_P139",100
"54646",-0.00779220700496808,"NRI_P139",25
"54647",-167.110132206988,"NRI_P139",50
"54648",1002.046207793,"NRI_P139",100
"54649",-0.00779220700496808,"NRI_P139",25
"54650",56.6881077930448,"NRI_P139",50
"54651",5108.23560779303,"NRI_P139",100
"54652",-0.00779220700496808,"NRI_P139",25
"54653",-8.64459220698336,"NRI_P139",50
"54654",1552.29400779301,"NRI_P139",100
"54655",-0.00779220700496808,"NRI_P139",25
"54656",447.017207793018,"NRI_P139",50
"54657",364.631507793034,"NRI_P139",100
"54658",-0.00779220700496808,"NRI_P139",25
"54659",-149.753252206952,"NRI_P139",50
"54660",3260.24210779299,"NRI_P139",100
"54661",-0.00779220700496808,"NRI_P139",25
"54662",1654.510707793,"NRI_P139",50
"54663",1386.37730779301,"NRI_P139",100
"54664",-0.00779220700496808,"NRI_P139",25
"54665",3077.06730779301,"NRI_P139",50
"54666",108.779107793001,"NRI_P139",100
"54667",-0.00779220700496808,"NRI_P139",25
"54668",7259.34930779302,"NRI_P139",50
"54669",7023.890637793,"NRI_P139",100
"54670",-0.00779220700496808,"NRI_P139",25
"54671",-193.94851220696,"NRI_P139",50
"54672",922.671007793047,"NRI_P139",100
"54673",-0.00779220700496808,"NRI_P139",25
"54674",-170.785862207005,"NRI_P139",50
"54675",-203.184292207006,"NRI_P139",100
"54676",-0.00779220700496808,"NRI_P139",25
"54677",-97.9625922069536,"NRI_P139",50
"54678",-333.68798220699,"NRI_P139",100
"54679",-0.00779220700496808,"NRI_P139",25
"54680",209.669707793044,"NRI_P139",50
"54681",394.615787793009,"NRI_P139",100
"54682",-0.00779220700496808,"NRI_P139",25
"54683",11.8639077930129,"NRI_P139",50
"54684",-336.679912207008,"NRI_P139",100
"54685",-0.00779220700496808,"NRI_P139",25
"54686",4499.56970779301,"NRI_P139",50
"54687",-330.703262206982,"NRI_P139",100
"54688",-0.00779220700496808,"NRI_P139",25
"54689",100.023407793022,"NRI_P139",50
"54690",-132.404882206989,"NRI_P139",100
"54691",-0.00779220700496808,"NRI_P139",25
"54692",-158.978012206964,"NRI_P139",50
"54693",2875.010607793,"NRI_P139",100
"54694",-0.00779220700496808,"NRI_P139",25
"54695",-191.132882206992,"NRI_P139",50
"54696",18313.054207793,"NRI_P139",100
"54697",-0.00779220700496808,"NRI_P139",25
"54698",1359.296307793,"NRI_P139",50
"54699",-251.079692206986,"NRI_P139",100
"54700",-0.00779220700496808,"NRI_P139",25
"54701",-166.656952206977,"NRI_P139",50
"54702",-277.211452207004,"NRI_P139",100
"54703",-0.00779220700496808,"NRI_P139",25
"54704",-104.638292206975,"NRI_P139",50
"54705",-154.432892206998,"NRI_P139",100
"54706",-0.00779220700496808,"NRI_P139",25
"54707",-149.753252206952,"NRI_P139",50
"54708",45831.763107793,"NRI_P139",100
"54709",-0.00779220700496808,"NRI_P139",25
"54710",2354.01030779304,"NRI_P139",50
"54711",28.6950977930101,"NRI_P139",100
"54712",-0.00779220700496808,"NRI_P139",25
"54713",-123.809452207002,"NRI_P139",50
"54714",-145.598992206971,"NRI_P139",100
"54715",-0.00779220700496808,"NRI_P139",25
"54716",2572.298707793,"NRI_P139",50
"54717",128.211067793018,"NRI_P139",100
"54718",-0.00779220700496808,"NRI_P139",25
"54719",1348.55430779303,"NRI_P139",50
"54720",2110.26900779305,"NRI_P139",100
"54721",-0.00779220700496808,"NRI_P139",25
"54722",3879.96330779302,"NRI_P139",50
"54723",61.3442077930085,"NRI_P139",100
"54724",-0.00779220700496808,"NRI_P139",25
"54725",194.344207793009,"NRI_P139",50
"54726",719.247167793044,"NRI_P139",100
"54727",-0.00779220700496808,"NRI_P139",25
"54728",-1.11599220696371,"NRI_P139",50
"54729",-322.94692220696,"NRI_P139",100
"54730",-0.00779220700496808,"NRI_P139",25
"54731",-170.785862207005,"NRI_P139",50
"54732",331.342607792991,"NRI_P139",100
"54733",-0.00779220700496808,"NRI_P139",25
"54734",-141.69155220699,"NRI_P139",50
"54735",7149.15880779299,"NRI_P139",100
"54736",-0.00779220700496808,"NRI_P139",25
"54737",-129.462272206962,"NRI_P139",50
"54738",319.427187793015,"NRI_P139",100
"54739",-0.00779220700496808,"NRI_P139",25
"54740",1845.89070779301,"NRI_P139",50
"54741",12720.454007793,"NRI_P139",100
"54742",-0.00779220700496808,"NRI_P139",25
"54743",-109.915302206995,"NRI_P139",50
"54744",796.13510779303,"NRI_P139",100
"54745",-0.00779220700496808,"NRI_P139",25
"54746",276.560707793047,"NRI_P139",50
"54747",321.513507793017,"NRI_P139",100
"54748",-0.00779220700496808,"NRI_P139",25
"54749",-101.832292206993,"NRI_P139",50
"54750",362.058017792995,"NRI_P139",100
"54751",-0.00779220700496808,"NRI_P139",25
"54752",463.565207793028,"NRI_P139",50
"54753",-306.276152206992,"NRI_P139",100
"54754",-0.00779220700496808,"NRI_P139",25
"54755",-170.785862207005,"NRI_P139",50
"54756",9.80844779300969,"NRI_P139",100
"54757",-0.00779220700496808,"NRI_P139",25
"54758",-129.462272206962,"NRI_P139",50
"54759",-304.081432206964,"NRI_P139",100
"54760",-0.00779220700496808,"NRI_P139",25
"54761",70.6214077930199,"NRI_P139",50
"54762",-365.909922207007,"NRI_P139",100
"54763",-0.00779220700496808,"NRI_P139",25
"54764",3306.32330779301,"NRI_P139",50
"54765",-17.5479922069935,"NRI_P139",100
"54766",-0.00779220700496808,"NRI_P139",25
"54767",19.2582077929983,"NRI_P139",50
"54768",-347.958862206957,"NRI_P139",100
"54769",-0.00779220700496808,"NRI_P139",25
"54770",151.492207792995,"NRI_P139",50
"54771",3879.71110779303,"NRI_P139",100
"54772",-0.00779220700496808,"NRI_P139",25
"54773",-1.11599220696371,"NRI_P139",50
"54774",636.193807793024,"NRI_P139",100
"54775",-0.00779220700496808,"NRI_P139",25
"54776",478.397407793032,"NRI_P139",50
"54777",1224.83520779305,"NRI_P139",100
"54778",-0.00779220700496808,"NRI_P139",25
"54779",-181.218412206974,"NRI_P139",50
"54780",3050.70390779304,"NRI_P139",100
"54781",-0.00779220700496808,"NRI_P139",25
"54782",-146.588372206956,"NRI_P139",50
"54783",-317.961272206972,"NRI_P139",100
"54784",-0.00779220700496808,"NRI_P139",25
"54785",11319.189307793,"NRI_P139",50
"54786",35.8375877930084,"NRI_P139",100
"54787",-0.00779220700496808,"NRI_P139",25
"54788",-143.416502206994,"NRI_P139",50
"54789",-279.895402206981,"NRI_P139",100
"54790",-0.00779220700496808,"NRI_P139",25
"54791",154.973307793029,"NRI_P139",50
"54792",-298.399592206988,"NRI_P139",100
"54793",-0.00779220700496808,"NRI_P139",25
"54794",-135.68381220696,"NRI_P139",50
"54795",2825.18580779299,"NRI_P139",100
"54796",-0.00779220700496808,"NRI_P139",25
"54797",-73.0056922069634,"NRI_P139",50
"54798",74.1544077930157,"NRI_P139",100
"54799",-0.00779220700496808,"NRI_P139",25
"54800",-50.7652922069537,"NRI_P139",50
"54801",5173.07084779302,"NRI_P139",100
"54802",-0.00779220700496808,"NRI_P139",25
"54803",323.057907793031,"NRI_P139",50
"54804",4628.89080779301,"NRI_P139",100
"54805",-0.00779220700496808,"NRI_P139",25
"54806",485.805607793038,"NRI_P139",50
"54807",-343.487762206991,"NRI_P139",100
"54808",-0.00779220700496808,"NRI_P139",25
"54809",-127.512852207001,"NRI_P139",50
"54810",5694.16180779302,"NRI_P139",100
"54811",-0.00779220700496808,"NRI_P139",25
"54812",59.2447077929974,"NRI_P139",50
"54813",4558.99120779301,"NRI_P139",100
"54814",-0.00779220700496808,"NRI_P139",25
"54815",-194.85463220696,"NRI_P139",50
"54816",4126.098907793,"NRI_P139",100
"54817",-0.00779220700496808,"NRI_P139",25
"54818",-190.161532206985,"NRI_P139",50
"54819",-140.749222207,"NRI_P139",100
"54820",-0.00779220700496808,"NRI_P139",25
"54821",1226.44670779305,"NRI_P139",50
"54822",-221.247042206989,"NRI_P139",100
"54823",-0.00779220700496808,"NRI_P139",25
"54824",824.820307793038,"NRI_P139",50
"54825",-156.937492206984,"NRI_P139",100
"54826",-0.00779220700496808,"NRI_P139",25
"54827",116.869007793022,"NRI_P139",50
"54828",194.927727792994,"NRI_P139",100
"54829",-0.00779220700496808,"NRI_P139",25
"54830",-115.212582206994,"NRI_P139",50
"54831",1066.00759779301,"NRI_P139",100
"54832",-0.00779220700496808,"NRI_P139",25
"54833",53.2549077930162,"NRI_P139",50
"54834",5965.01250779303,"NRI_P139",100
"54835",-0.00779220700496808,"NRI_P139",25
"54836",4499.56970779301,"NRI_P139",50
"54837",-339.407432206965,"NRI_P139",100
"54838",-0.00779220700496808,"NRI_P139",25
"54839",100.023407793022,"NRI_P139",50
"54840",-236.693112206995,"NRI_P139",100
"54841",-0.00779220700496808,"NRI_P139",25
"54842",2108.40130779304,"NRI_P139",50
"54843",634.182207792997,"NRI_P139",100
"54844",-0.00779220700496808,"NRI_P139",25
"54845",74.0199077930301,"NRI_P139",50
"54846",45522.076907793,"NRI_P139",100
"54847",-0.00779220700496808,"NRI_P139",25
"54848",2376.25070779299,"NRI_P139",50
"54849",195.990607793035,"NRI_P139",100
"54850",-0.00779220700496808,"NRI_P139",25
"54851",-168.433182206994,"NRI_P139",50
"54852",1417.48866779299,"NRI_P139",100
"54853",-0.00779220700496808,"NRI_P139",25
"54854",21.124407793046,"NRI_P139",50
"54855",-234.077252206975,"NRI_P139",100
"54856",-0.00779220700496808,"NRI_P139",25
"54857",225.301307793008,"NRI_P139",50
"54858",-185.099312206963,"NRI_P139",100
"54859",-0.00779220700496808,"NRI_P139",25
"54860",392.383707793022,"NRI_P139",50
"54861",-280.849022206967,"NRI_P139",100
"54862",-0.00779220700496808,"NRI_P139",25
"54863",-153.742822206987,"NRI_P139",50
"54864",507.249207793036,"NRI_P139",100
"54865",-0.00779220700496808,"NRI_P139",25
"54866",648.509007793036,"NRI_P139",50
"54867",5751.309807793,"NRI_P139",100
"54868",-0.00779220700496808,"NRI_P139",25
"54869",3751.70230779302,"NRI_P139",50
"54870",531.215717793035,"NRI_P139",100
"54871",-0.00779220700496808,"NRI_P139",25
"54872",-60.1530922069796,"NRI_P139",50
"54873",276.570607792994,"NRI_P139",100
"54874",-0.00779220700496808,"NRI_P139",25
"54875",1348.55430779303,"NRI_P139",50
"54876",3148.20725779299,"NRI_P139",100
"54877",-0.00779220700496808,"NRI_P139",25
"54878",-9.98989220696967,"NRI_P139",50
"54879",-228.649842206971,"NRI_P139",100
"54880",-0.00779220700496808,"NRI_P139",25
"54881",-104.982022206997,"NRI_P139",50
"54882",-154.094212206954,"NRI_P139",100
"54883",-0.00779220700496808,"NRI_P139",25
"54884",-109.693212206999,"NRI_P139",50
"54885",-239.129412206996,"NRI_P139",100
"54886",-0.00779220700496808,"NRI_P139",25
"54887",7183.72870779299,"NRI_P139",50
"54888",-242.125732206972,"NRI_P139",100
"54889",-0.00779220700496808,"NRI_P139",25
"54890",-162.813402206986,"NRI_P139",50
"54891",156.018537793017,"NRI_P139",100
"54892",-0.00779220700496808,"NRI_P139",25
"54893",76.0186077930266,"NRI_P139",50
"54894",-358.074872206955,"NRI_P139",100
"54895",-0.00779220700496808,"NRI_P139",25
"54896",209.669707793044,"NRI_P139",50
"54897",86.0956077930168,"NRI_P139",100
"54898",-0.00779220700496808,"NRI_P139",25
"54899",707.874607792997,"NRI_P139",50
"54900",41.8421077930252,"NRI_P139",100
"54901",0.00166625500423834,"NRI_P140",25
"54902",0.00166625500423834,"NRI_P140",50
"54903",0.00166625500423834,"NRI_P140",100
"54904",0.00166625500423834,"NRI_P140",25
"54905",0.00166625500423834,"NRI_P140",50
"54906",0.00166625500423834,"NRI_P140",100
"54907",0.00166625500423834,"NRI_P140",25
"54908",0.00166625500423834,"NRI_P140",50
"54909",0.00166625500423834,"NRI_P140",100
"54910",0.00166625500423834,"NRI_P140",25
"54911",0.00166625500423834,"NRI_P140",50
"54912",0.00166625500423834,"NRI_P140",100
"54913",0.00166625500423834,"NRI_P140",25
"54914",0.00166625500423834,"NRI_P140",50
"54915",0.00166625500423834,"NRI_P140",100
"54916",0.00166625500423834,"NRI_P140",25
"54917",0.00166625500423834,"NRI_P140",50
"54918",0.00166625500423834,"NRI_P140",100
"54919",0.00166625500423834,"NRI_P140",25
"54920",0.00166625500423834,"NRI_P140",50
"54921",0.00166625500423834,"NRI_P140",100
"54922",0.00166625500423834,"NRI_P140",25
"54923",0.00166625500423834,"NRI_P140",50
"54924",0.00166625500423834,"NRI_P140",100
"54925",0.00166625500423834,"NRI_P140",25
"54926",0.00166625500423834,"NRI_P140",50
"54927",0.00166625500423834,"NRI_P140",100
"54928",0.00166625500423834,"NRI_P140",25
"54929",0.00166625500423834,"NRI_P140",50
"54930",0.00166625500423834,"NRI_P140",100
"54931",0.00166625500423834,"NRI_P140",25
"54932",0.00166625500423834,"NRI_P140",50
"54933",0.00166625500423834,"NRI_P140",100
"54934",0.00166625500423834,"NRI_P140",25
"54935",0.00166625500423834,"NRI_P140",50
"54936",0.00166625500423834,"NRI_P140",100
"54937",0.00166625500423834,"NRI_P140",25
"54938",0.00166625500423834,"NRI_P140",50
"54939",0.00166625500423834,"NRI_P140",100
"54940",0.00166625500423834,"NRI_P140",25
"54941",0.00166625500423834,"NRI_P140",50
"54942",0.00166625500423834,"NRI_P140",100
"54943",0.00166625500423834,"NRI_P140",25
"54944",0.00166625500423834,"NRI_P140",50
"54945",0.00166625500423834,"NRI_P140",100
"54946",0.00166625500423834,"NRI_P140",25
"54947",0.00166625500423834,"NRI_P140",50
"54948",0.00166625500423834,"NRI_P140",100
"54949",0.00166625500423834,"NRI_P140",25
"54950",0.00166625500423834,"NRI_P140",50
"54951",0.00166625500423834,"NRI_P140",100
"54952",0.00166625500423834,"NRI_P140",25
"54953",0.00166625500423834,"NRI_P140",50
"54954",0.00166625500423834,"NRI_P140",100
"54955",0.00166625500423834,"NRI_P140",25
"54956",0.00166625500423834,"NRI_P140",50
"54957",0.00166625500423834,"NRI_P140",100
"54958",0.00166625500423834,"NRI_P140",25
"54959",0.00166625500423834,"NRI_P140",50
"54960",0.00166625500423834,"NRI_P140",100
"54961",0.00166625500423834,"NRI_P140",25
"54962",0.00166625500423834,"NRI_P140",50
"54963",0.00166625500423834,"NRI_P140",100
"54964",0.00166625500423834,"NRI_P140",25
"54965",0.00166625500423834,"NRI_P140",50
"54966",0.00166625500423834,"NRI_P140",100
"54967",0.00166625500423834,"NRI_P140",25
"54968",0.00166625500423834,"NRI_P140",50
"54969",0.00166625500423834,"NRI_P140",100
"54970",0.00166625500423834,"NRI_P140",25
"54971",0.00166625500423834,"NRI_P140",50
"54972",0.00166625500423834,"NRI_P140",100
"54973",0.00166625500423834,"NRI_P140",25
"54974",0.00166625500423834,"NRI_P140",50
"54975",0.00166625500423834,"NRI_P140",100
"54976",0.00166625500423834,"NRI_P140",25
"54977",0.00166625500423834,"NRI_P140",50
"54978",0.00166625500423834,"NRI_P140",100
"54979",0.00166625500423834,"NRI_P140",25
"54980",0.00166625500423834,"NRI_P140",50
"54981",0.00166625500423834,"NRI_P140",100
"54982",0.00166625500423834,"NRI_P140",25
"54983",0.00166625500423834,"NRI_P140",50
"54984",0.00166625500423834,"NRI_P140",100
"54985",0.00166625500423834,"NRI_P140",25
"54986",0.00166625500423834,"NRI_P140",50
"54987",0.00166625500423834,"NRI_P140",100
"54988",0.00166625500423834,"NRI_P140",25
"54989",0.00166625500423834,"NRI_P140",50
"54990",0.00166625500423834,"NRI_P140",100
"54991",0.00166625500423834,"NRI_P140",25
"54992",0.00166625500423834,"NRI_P140",50
"54993",0.00166625500423834,"NRI_P140",100
"54994",0.00166625500423834,"NRI_P140",25
"54995",0.00166625500423834,"NRI_P140",50
"54996",0.00166625500423834,"NRI_P140",100
"54997",0.00166625500423834,"NRI_P140",25
"54998",0.00166625500423834,"NRI_P140",50
"54999",0.00166625500423834,"NRI_P140",100
"55000",0.00166625500423834,"NRI_P140",25
"55001",0.00166625500423834,"NRI_P140",50
"55002",0.00166625500423834,"NRI_P140",100
"55003",0.00166625500423834,"NRI_P140",25
"55004",0.00166625500423834,"NRI_P140",50
"55005",0.00166625500423834,"NRI_P140",100
"55006",0.00166625500423834,"NRI_P140",25
"55007",0.00166625500423834,"NRI_P140",50
"55008",0.00166625500423834,"NRI_P140",100
"55009",0.00166625500423834,"NRI_P140",25
"55010",0.00166625500423834,"NRI_P140",50
"55011",0.00166625500423834,"NRI_P140",100
"55012",0.00166625500423834,"NRI_P140",25
"55013",0.00166625500423834,"NRI_P140",50
"55014",0.00166625500423834,"NRI_P140",100
"55015",0.00166625500423834,"NRI_P140",25
"55016",0.00166625500423834,"NRI_P140",50
"55017",0.00166625500423834,"NRI_P140",100
"55018",0.00166625500423834,"NRI_P140",25
"55019",0.00166625500423834,"NRI_P140",50
"55020",0.00166625500423834,"NRI_P140",100
"55021",0.00166625500423834,"NRI_P140",25
"55022",0.00166625500423834,"NRI_P140",50
"55023",0.00166625500423834,"NRI_P140",100
"55024",0.00166625500423834,"NRI_P140",25
"55025",0.00166625500423834,"NRI_P140",50
"55026",0.00166625500423834,"NRI_P140",100
"55027",0.00166625500423834,"NRI_P140",25
"55028",0.00166625500423834,"NRI_P140",50
"55029",0.00166625500423834,"NRI_P140",100
"55030",0.00166625500423834,"NRI_P140",25
"55031",0.00166625500423834,"NRI_P140",50
"55032",0.00166625500423834,"NRI_P140",100
"55033",0.00166625500423834,"NRI_P140",25
"55034",0.00166625500423834,"NRI_P140",50
"55035",0.00166625500423834,"NRI_P140",100
"55036",0.00166625500423834,"NRI_P140",25
"55037",0.00166625500423834,"NRI_P140",50
"55038",0.00166625500423834,"NRI_P140",100
"55039",0.00166625500423834,"NRI_P140",25
"55040",0.00166625500423834,"NRI_P140",50
"55041",0.00166625500423834,"NRI_P140",100
"55042",0.00166625500423834,"NRI_P140",25
"55043",0.00166625500423834,"NRI_P140",50
"55044",0.00166625500423834,"NRI_P140",100
"55045",0.00166625500423834,"NRI_P140",25
"55046",0.00166625500423834,"NRI_P140",50
"55047",0.00166625500423834,"NRI_P140",100
"55048",0.00166625500423834,"NRI_P140",25
"55049",0.00166625500423834,"NRI_P140",50
"55050",0.00166625500423834,"NRI_P140",100
"55051",0.00166625500423834,"NRI_P140",25
"55052",0.00166625500423834,"NRI_P140",50
"55053",0.00166625500423834,"NRI_P140",100
"55054",0.00166625500423834,"NRI_P140",25
"55055",0.00166625500423834,"NRI_P140",50
"55056",0.00166625500423834,"NRI_P140",100
"55057",0.00166625500423834,"NRI_P140",25
"55058",0.00166625500423834,"NRI_P140",50
"55059",0.00166625500423834,"NRI_P140",100
"55060",0.00166625500423834,"NRI_P140",25
"55061",0.00166625500423834,"NRI_P140",50
"55062",0.00166625500423834,"NRI_P140",100
"55063",0.00166625500423834,"NRI_P140",25
"55064",0.00166625500423834,"NRI_P140",50
"55065",0.00166625500423834,"NRI_P140",100
"55066",0.00166625500423834,"NRI_P140",25
"55067",0.00166625500423834,"NRI_P140",50
"55068",0.00166625500423834,"NRI_P140",100
"55069",0.00166625500423834,"NRI_P140",25
"55070",0.00166625500423834,"NRI_P140",50
"55071",0.00166625500423834,"NRI_P140",100
"55072",0.00166625500423834,"NRI_P140",25
"55073",0.00166625500423834,"NRI_P140",50
"55074",0.00166625500423834,"NRI_P140",100
"55075",0.00166625500423834,"NRI_P140",25
"55076",0.00166625500423834,"NRI_P140",50
"55077",0.00166625500423834,"NRI_P140",100
"55078",0.00166625500423834,"NRI_P140",25
"55079",0.00166625500423834,"NRI_P140",50
"55080",0.00166625500423834,"NRI_P140",100
"55081",0.00166625500423834,"NRI_P140",25
"55082",0.00166625500423834,"NRI_P140",50
"55083",0.00166625500423834,"NRI_P140",100
"55084",0.00166625500423834,"NRI_P140",25
"55085",0.00166625500423834,"NRI_P140",50
"55086",0.00166625500423834,"NRI_P140",100
"55087",0.00166625500423834,"NRI_P140",25
"55088",0.00166625500423834,"NRI_P140",50
"55089",0.00166625500423834,"NRI_P140",100
"55090",0.00166625500423834,"NRI_P140",25
"55091",0.00166625500423834,"NRI_P140",50
"55092",0.00166625500423834,"NRI_P140",100
"55093",0.00166625500423834,"NRI_P140",25
"55094",0.00166625500423834,"NRI_P140",50
"55095",0.00166625500423834,"NRI_P140",100
"55096",0.00166625500423834,"NRI_P140",25
"55097",0.00166625500423834,"NRI_P140",50
"55098",0.00166625500423834,"NRI_P140",100
"55099",0.00166625500423834,"NRI_P140",25
"55100",0.00166625500423834,"NRI_P140",50
"55101",0.00166625500423834,"NRI_P140",100
"55102",0.00166625500423834,"NRI_P140",25
"55103",0.00166625500423834,"NRI_P140",50
"55104",0.00166625500423834,"NRI_P140",100
"55105",0.00166625500423834,"NRI_P140",25
"55106",0.00166625500423834,"NRI_P140",50
"55107",0.00166625500423834,"NRI_P140",100
"55108",0.00166625500423834,"NRI_P140",25
"55109",0.00166625500423834,"NRI_P140",50
"55110",0.00166625500423834,"NRI_P140",100
"55111",0.00166625500423834,"NRI_P140",25
"55112",0.00166625500423834,"NRI_P140",50
"55113",0.00166625500423834,"NRI_P140",100
"55114",0.00166625500423834,"NRI_P140",25
"55115",0.00166625500423834,"NRI_P140",50
"55116",0.00166625500423834,"NRI_P140",100
"55117",0.00166625500423834,"NRI_P140",25
"55118",0.00166625500423834,"NRI_P140",50
"55119",0.00166625500423834,"NRI_P140",100
"55120",0.00166625500423834,"NRI_P140",25
"55121",0.00166625500423834,"NRI_P140",50
"55122",0.00166625500423834,"NRI_P140",100
"55123",0.00166625500423834,"NRI_P140",25
"55124",0.00166625500423834,"NRI_P140",50
"55125",0.00166625500423834,"NRI_P140",100
"55126",0.00166625500423834,"NRI_P140",25
"55127",0.00166625500423834,"NRI_P140",50
"55128",0.00166625500423834,"NRI_P140",100
"55129",0.00166625500423834,"NRI_P140",25
"55130",0.00166625500423834,"NRI_P140",50
"55131",0.00166625500423834,"NRI_P140",100
"55132",0.00166625500423834,"NRI_P140",25
"55133",0.00166625500423834,"NRI_P140",50
"55134",0.00166625500423834,"NRI_P140",100
"55135",0.00166625500423834,"NRI_P140",25
"55136",0.00166625500423834,"NRI_P140",50
"55137",0.00166625500423834,"NRI_P140",100
"55138",0.00166625500423834,"NRI_P140",25
"55139",0.00166625500423834,"NRI_P140",50
"55140",0.00166625500423834,"NRI_P140",100
"55141",0.00166625500423834,"NRI_P140",25
"55142",0.00166625500423834,"NRI_P140",50
"55143",0.00166625500423834,"NRI_P140",100
"55144",0.00166625500423834,"NRI_P140",25
"55145",0.00166625500423834,"NRI_P140",50
"55146",0.00166625500423834,"NRI_P140",100
"55147",0.00166625500423834,"NRI_P140",25
"55148",0.00166625500423834,"NRI_P140",50
"55149",0.00166625500423834,"NRI_P140",100
"55150",0.00166625500423834,"NRI_P140",25
"55151",0.00166625500423834,"NRI_P140",50
"55152",0.00166625500423834,"NRI_P140",100
"55153",0.00166625500423834,"NRI_P140",25
"55154",0.00166625500423834,"NRI_P140",50
"55155",0.00166625500423834,"NRI_P140",100
"55156",0.00166625500423834,"NRI_P140",25
"55157",0.00166625500423834,"NRI_P140",50
"55158",0.00166625500423834,"NRI_P140",100
"55159",0.00166625500423834,"NRI_P140",25
"55160",0.00166625500423834,"NRI_P140",50
"55161",0.00166625500423834,"NRI_P140",100
"55162",0.00166625500423834,"NRI_P140",25
"55163",0.00166625500423834,"NRI_P140",50
"55164",0.00166625500423834,"NRI_P140",100
"55165",0.00166625500423834,"NRI_P140",25
"55166",0.00166625500423834,"NRI_P140",50
"55167",0.00166625500423834,"NRI_P140",100
"55168",0.00166625500423834,"NRI_P140",25
"55169",0.00166625500423834,"NRI_P140",50
"55170",0.00166625500423834,"NRI_P140",100
"55171",0.00166625500423834,"NRI_P140",25
"55172",0.00166625500423834,"NRI_P140",50
"55173",0.00166625500423834,"NRI_P140",100
"55174",0.00166625500423834,"NRI_P140",25
"55175",0.00166625500423834,"NRI_P140",50
"55176",0.00166625500423834,"NRI_P140",100
"55177",0.00166625500423834,"NRI_P140",25
"55178",0.00166625500423834,"NRI_P140",50
"55179",0.00166625500423834,"NRI_P140",100
"55180",0.00166625500423834,"NRI_P140",25
"55181",0.00166625500423834,"NRI_P140",50
"55182",0.00166625500423834,"NRI_P140",100
"55183",0.00166625500423834,"NRI_P140",25
"55184",0.00166625500423834,"NRI_P140",50
"55185",0.00166625500423834,"NRI_P140",100
"55186",0.00166625500423834,"NRI_P140",25
"55187",0.00166625500423834,"NRI_P140",50
"55188",0.00166625500423834,"NRI_P140",100
"55189",0.00166625500423834,"NRI_P140",25
"55190",0.00166625500423834,"NRI_P140",50
"55191",0.00166625500423834,"NRI_P140",100
"55192",0.00166625500423834,"NRI_P140",25
"55193",0.00166625500423834,"NRI_P140",50
"55194",0.00166625500423834,"NRI_P140",100
"55195",0.00166625500423834,"NRI_P140",25
"55196",0.00166625500423834,"NRI_P140",50
"55197",0.00166625500423834,"NRI_P140",100
"55198",0.00166625500423834,"NRI_P140",25
"55199",0.00166625500423834,"NRI_P140",50
"55200",0.00166625500423834,"NRI_P140",100
"55201",0.00454915297450498,"NRI_P141",25
"55202",0.00454915297450498,"NRI_P141",50
"55203",0.00454915297450498,"NRI_P141",100
"55204",0.00454915297450498,"NRI_P141",25
"55205",0.00454915297450498,"NRI_P141",50
"55206",0.00454915297450498,"NRI_P141",100
"55207",0.00454915297450498,"NRI_P141",25
"55208",0.00454915297450498,"NRI_P141",50
"55209",0.00454915297450498,"NRI_P141",100
"55210",0.00454915297450498,"NRI_P141",25
"55211",0.00454915297450498,"NRI_P141",50
"55212",0.00454915297450498,"NRI_P141",100
"55213",0.00454915297450498,"NRI_P141",25
"55214",0.00454915297450498,"NRI_P141",50
"55215",0.00454915297450498,"NRI_P141",100
"55216",0.00454915297450498,"NRI_P141",25
"55217",0.00454915297450498,"NRI_P141",50
"55218",0.00454915297450498,"NRI_P141",100
"55219",0.00454915297450498,"NRI_P141",25
"55220",0.00454915297450498,"NRI_P141",50
"55221",0.00454915297450498,"NRI_P141",100
"55222",0.00454915297450498,"NRI_P141",25
"55223",0.00454915297450498,"NRI_P141",50
"55224",0.00454915297450498,"NRI_P141",100
"55225",0.00454915297450498,"NRI_P141",25
"55226",0.00454915297450498,"NRI_P141",50
"55227",0.00454915297450498,"NRI_P141",100
"55228",0.00454915297450498,"NRI_P141",25
"55229",0.00454915297450498,"NRI_P141",50
"55230",0.00454915297450498,"NRI_P141",100
"55231",0.00454915297450498,"NRI_P141",25
"55232",0.00454915297450498,"NRI_P141",50
"55233",0.00454915297450498,"NRI_P141",100
"55234",0.00454915297450498,"NRI_P141",25
"55235",0.00454915297450498,"NRI_P141",50
"55236",0.00454915297450498,"NRI_P141",100
"55237",0.00454915297450498,"NRI_P141",25
"55238",0.00454915297450498,"NRI_P141",50
"55239",0.00454915297450498,"NRI_P141",100
"55240",0.00454915297450498,"NRI_P141",25
"55241",0.00454915297450498,"NRI_P141",50
"55242",0.00454915297450498,"NRI_P141",100
"55243",0.00454915297450498,"NRI_P141",25
"55244",0.00454915297450498,"NRI_P141",50
"55245",0.00454915297450498,"NRI_P141",100
"55246",0.00454915297450498,"NRI_P141",25
"55247",0.00454915297450498,"NRI_P141",50
"55248",0.00454915297450498,"NRI_P141",100
"55249",0.00454915297450498,"NRI_P141",25
"55250",0.00454915297450498,"NRI_P141",50
"55251",0.00454915297450498,"NRI_P141",100
"55252",0.00454915297450498,"NRI_P141",25
"55253",0.00454915297450498,"NRI_P141",50
"55254",0.00454915297450498,"NRI_P141",100
"55255",0.00454915297450498,"NRI_P141",25
"55256",0.00454915297450498,"NRI_P141",50
"55257",0.00454915297450498,"NRI_P141",100
"55258",0.00454915297450498,"NRI_P141",25
"55259",0.00454915297450498,"NRI_P141",50
"55260",0.00454915297450498,"NRI_P141",100
"55261",0.00454915297450498,"NRI_P141",25
"55262",0.00454915297450498,"NRI_P141",50
"55263",0.00454915297450498,"NRI_P141",100
"55264",0.00454915297450498,"NRI_P141",25
"55265",0.00454915297450498,"NRI_P141",50
"55266",0.00454915297450498,"NRI_P141",100
"55267",0.00454915297450498,"NRI_P141",25
"55268",0.00454915297450498,"NRI_P141",50
"55269",0.00454915297450498,"NRI_P141",100
"55270",0.00454915297450498,"NRI_P141",25
"55271",0.00454915297450498,"NRI_P141",50
"55272",0.00454915297450498,"NRI_P141",100
"55273",0.00454915297450498,"NRI_P141",25
"55274",0.00454915297450498,"NRI_P141",50
"55275",0.00454915297450498,"NRI_P141",100
"55276",0.00454915297450498,"NRI_P141",25
"55277",0.00454915297450498,"NRI_P141",50
"55278",0.00454915297450498,"NRI_P141",100
"55279",0.00454915297450498,"NRI_P141",25
"55280",0.00454915297450498,"NRI_P141",50
"55281",0.00454915297450498,"NRI_P141",100
"55282",0.00454915297450498,"NRI_P141",25
"55283",0.00454915297450498,"NRI_P141",50
"55284",0.00454915297450498,"NRI_P141",100
"55285",0.00454915297450498,"NRI_P141",25
"55286",0.00454915297450498,"NRI_P141",50
"55287",0.00454915297450498,"NRI_P141",100
"55288",0.00454915297450498,"NRI_P141",25
"55289",0.00454915297450498,"NRI_P141",50
"55290",0.00454915297450498,"NRI_P141",100
"55291",0.00454915297450498,"NRI_P141",25
"55292",0.00454915297450498,"NRI_P141",50
"55293",0.00454915297450498,"NRI_P141",100
"55294",0.00454915297450498,"NRI_P141",25
"55295",0.00454915297450498,"NRI_P141",50
"55296",0.00454915297450498,"NRI_P141",100
"55297",0.00454915297450498,"NRI_P141",25
"55298",0.00454915297450498,"NRI_P141",50
"55299",0.00454915297450498,"NRI_P141",100
"55300",0.00454915297450498,"NRI_P141",25
"55301",0.00454915297450498,"NRI_P141",50
"55302",0.00454915297450498,"NRI_P141",100
"55303",0.00454915297450498,"NRI_P141",25
"55304",0.00454915297450498,"NRI_P141",50
"55305",0.00454915297450498,"NRI_P141",100
"55306",0.00454915297450498,"NRI_P141",25
"55307",0.00454915297450498,"NRI_P141",50
"55308",0.00454915297450498,"NRI_P141",100
"55309",0.00454915297450498,"NRI_P141",25
"55310",0.00454915297450498,"NRI_P141",50
"55311",0.00454915297450498,"NRI_P141",100
"55312",0.00454915297450498,"NRI_P141",25
"55313",0.00454915297450498,"NRI_P141",50
"55314",0.00454915297450498,"NRI_P141",100
"55315",0.00454915297450498,"NRI_P141",25
"55316",0.00454915297450498,"NRI_P141",50
"55317",0.00454915297450498,"NRI_P141",100
"55318",0.00454915297450498,"NRI_P141",25
"55319",0.00454915297450498,"NRI_P141",50
"55320",0.00454915297450498,"NRI_P141",100
"55321",0.00454915297450498,"NRI_P141",25
"55322",0.00454915297450498,"NRI_P141",50
"55323",0.00454915297450498,"NRI_P141",100
"55324",0.00454915297450498,"NRI_P141",25
"55325",0.00454915297450498,"NRI_P141",50
"55326",0.00454915297450498,"NRI_P141",100
"55327",0.00454915297450498,"NRI_P141",25
"55328",0.00454915297450498,"NRI_P141",50
"55329",0.00454915297450498,"NRI_P141",100
"55330",0.00454915297450498,"NRI_P141",25
"55331",0.00454915297450498,"NRI_P141",50
"55332",0.00454915297450498,"NRI_P141",100
"55333",0.00454915297450498,"NRI_P141",25
"55334",0.00454915297450498,"NRI_P141",50
"55335",0.00454915297450498,"NRI_P141",100
"55336",0.00454915297450498,"NRI_P141",25
"55337",0.00454915297450498,"NRI_P141",50
"55338",0.00454915297450498,"NRI_P141",100
"55339",0.00454915297450498,"NRI_P141",25
"55340",0.00454915297450498,"NRI_P141",50
"55341",0.00454915297450498,"NRI_P141",100
"55342",0.00454915297450498,"NRI_P141",25
"55343",0.00454915297450498,"NRI_P141",50
"55344",0.00454915297450498,"NRI_P141",100
"55345",0.00454915297450498,"NRI_P141",25
"55346",0.00454915297450498,"NRI_P141",50
"55347",0.00454915297450498,"NRI_P141",100
"55348",0.00454915297450498,"NRI_P141",25
"55349",0.00454915297450498,"NRI_P141",50
"55350",0.00454915297450498,"NRI_P141",100
"55351",0.00454915297450498,"NRI_P141",25
"55352",0.00454915297450498,"NRI_P141",50
"55353",0.00454915297450498,"NRI_P141",100
"55354",0.00454915297450498,"NRI_P141",25
"55355",0.00454915297450498,"NRI_P141",50
"55356",0.00454915297450498,"NRI_P141",100
"55357",0.00454915297450498,"NRI_P141",25
"55358",0.00454915297450498,"NRI_P141",50
"55359",0.00454915297450498,"NRI_P141",100
"55360",0.00454915297450498,"NRI_P141",25
"55361",0.00454915297450498,"NRI_P141",50
"55362",0.00454915297450498,"NRI_P141",100
"55363",0.00454915297450498,"NRI_P141",25
"55364",0.00454915297450498,"NRI_P141",50
"55365",0.00454915297450498,"NRI_P141",100
"55366",0.00454915297450498,"NRI_P141",25
"55367",0.00454915297450498,"NRI_P141",50
"55368",0.00454915297450498,"NRI_P141",100
"55369",0.00454915297450498,"NRI_P141",25
"55370",0.00454915297450498,"NRI_P141",50
"55371",0.00454915297450498,"NRI_P141",100
"55372",0.00454915297450498,"NRI_P141",25
"55373",0.00454915297450498,"NRI_P141",50
"55374",0.00454915297450498,"NRI_P141",100
"55375",0.00454915297450498,"NRI_P141",25
"55376",0.00454915297450498,"NRI_P141",50
"55377",0.00454915297450498,"NRI_P141",100
"55378",0.00454915297450498,"NRI_P141",25
"55379",0.00454915297450498,"NRI_P141",50
"55380",0.00454915297450498,"NRI_P141",100
"55381",0.00454915297450498,"NRI_P141",25
"55382",0.00454915297450498,"NRI_P141",50
"55383",0.00454915297450498,"NRI_P141",100
"55384",0.00454915297450498,"NRI_P141",25
"55385",0.00454915297450498,"NRI_P141",50
"55386",0.00454915297450498,"NRI_P141",100
"55387",0.00454915297450498,"NRI_P141",25
"55388",0.00454915297450498,"NRI_P141",50
"55389",0.00454915297450498,"NRI_P141",100
"55390",0.00454915297450498,"NRI_P141",25
"55391",0.00454915297450498,"NRI_P141",50
"55392",0.00454915297450498,"NRI_P141",100
"55393",0.00454915297450498,"NRI_P141",25
"55394",0.00454915297450498,"NRI_P141",50
"55395",0.00454915297450498,"NRI_P141",100
"55396",0.00454915297450498,"NRI_P141",25
"55397",0.00454915297450498,"NRI_P141",50
"55398",0.00454915297450498,"NRI_P141",100
"55399",0.00454915297450498,"NRI_P141",25
"55400",0.00454915297450498,"NRI_P141",50
"55401",0.00454915297450498,"NRI_P141",100
"55402",0.00454915297450498,"NRI_P141",25
"55403",0.00454915297450498,"NRI_P141",50
"55404",0.00454915297450498,"NRI_P141",100
"55405",0.00454915297450498,"NRI_P141",25
"55406",0.00454915297450498,"NRI_P141",50
"55407",0.00454915297450498,"NRI_P141",100
"55408",0.00454915297450498,"NRI_P141",25
"55409",0.00454915297450498,"NRI_P141",50
"55410",0.00454915297450498,"NRI_P141",100
"55411",0.00454915297450498,"NRI_P141",25
"55412",0.00454915297450498,"NRI_P141",50
"55413",0.00454915297450498,"NRI_P141",100
"55414",0.00454915297450498,"NRI_P141",25
"55415",0.00454915297450498,"NRI_P141",50
"55416",0.00454915297450498,"NRI_P141",100
"55417",0.00454915297450498,"NRI_P141",25
"55418",0.00454915297450498,"NRI_P141",50
"55419",0.00454915297450498,"NRI_P141",100
"55420",0.00454915297450498,"NRI_P141",25
"55421",0.00454915297450498,"NRI_P141",50
"55422",0.00454915297450498,"NRI_P141",100
"55423",0.00454915297450498,"NRI_P141",25
"55424",0.00454915297450498,"NRI_P141",50
"55425",0.00454915297450498,"NRI_P141",100
"55426",0.00454915297450498,"NRI_P141",25
"55427",0.00454915297450498,"NRI_P141",50
"55428",0.00454915297450498,"NRI_P141",100
"55429",0.00454915297450498,"NRI_P141",25
"55430",0.00454915297450498,"NRI_P141",50
"55431",0.00454915297450498,"NRI_P141",100
"55432",0.00454915297450498,"NRI_P141",25
"55433",0.00454915297450498,"NRI_P141",50
"55434",0.00454915297450498,"NRI_P141",100
"55435",0.00454915297450498,"NRI_P141",25
"55436",0.00454915297450498,"NRI_P141",50
"55437",0.00454915297450498,"NRI_P141",100
"55438",0.00454915297450498,"NRI_P141",25
"55439",0.00454915297450498,"NRI_P141",50
"55440",0.00454915297450498,"NRI_P141",100
"55441",0.00454915297450498,"NRI_P141",25
"55442",0.00454915297450498,"NRI_P141",50
"55443",0.00454915297450498,"NRI_P141",100
"55444",0.00454915297450498,"NRI_P141",25
"55445",0.00454915297450498,"NRI_P141",50
"55446",0.00454915297450498,"NRI_P141",100
"55447",0.00454915297450498,"NRI_P141",25
"55448",0.00454915297450498,"NRI_P141",50
"55449",0.00454915297450498,"NRI_P141",100
"55450",0.00454915297450498,"NRI_P141",25
"55451",0.00454915297450498,"NRI_P141",50
"55452",0.00454915297450498,"NRI_P141",100
"55453",0.00454915297450498,"NRI_P141",25
"55454",0.00454915297450498,"NRI_P141",50
"55455",0.00454915297450498,"NRI_P141",100
"55456",0.00454915297450498,"NRI_P141",25
"55457",0.00454915297450498,"NRI_P141",50
"55458",0.00454915297450498,"NRI_P141",100
"55459",0.00454915297450498,"NRI_P141",25
"55460",0.00454915297450498,"NRI_P141",50
"55461",0.00454915297450498,"NRI_P141",100
"55462",0.00454915297450498,"NRI_P141",25
"55463",0.00454915297450498,"NRI_P141",50
"55464",0.00454915297450498,"NRI_P141",100
"55465",0.00454915297450498,"NRI_P141",25
"55466",0.00454915297450498,"NRI_P141",50
"55467",0.00454915297450498,"NRI_P141",100
"55468",0.00454915297450498,"NRI_P141",25
"55469",0.00454915297450498,"NRI_P141",50
"55470",0.00454915297450498,"NRI_P141",100
"55471",0.00454915297450498,"NRI_P141",25
"55472",0.00454915297450498,"NRI_P141",50
"55473",0.00454915297450498,"NRI_P141",100
"55474",0.00454915297450498,"NRI_P141",25
"55475",0.00454915297450498,"NRI_P141",50
"55476",0.00454915297450498,"NRI_P141",100
"55477",0.00454915297450498,"NRI_P141",25
"55478",0.00454915297450498,"NRI_P141",50
"55479",0.00454915297450498,"NRI_P141",100
"55480",0.00454915297450498,"NRI_P141",25
"55481",0.00454915297450498,"NRI_P141",50
"55482",0.00454915297450498,"NRI_P141",100
"55483",0.00454915297450498,"NRI_P141",25
"55484",0.00454915297450498,"NRI_P141",50
"55485",0.00454915297450498,"NRI_P141",100
"55486",0.00454915297450498,"NRI_P141",25
"55487",0.00454915297450498,"NRI_P141",50
"55488",0.00454915297450498,"NRI_P141",100
"55489",0.00454915297450498,"NRI_P141",25
"55490",0.00454915297450498,"NRI_P141",50
"55491",0.00454915297450498,"NRI_P141",100
"55492",0.00454915297450498,"NRI_P141",25
"55493",0.00454915297450498,"NRI_P141",50
"55494",0.00454915297450498,"NRI_P141",100
"55495",0.00454915297450498,"NRI_P141",25
"55496",0.00454915297450498,"NRI_P141",50
"55497",0.00454915297450498,"NRI_P141",100
"55498",0.00454915297450498,"NRI_P141",25
"55499",0.00454915297450498,"NRI_P141",50
"55500",0.00454915297450498,"NRI_P141",100
"55501",-221.765601795982,"NRI_P142",25
"55502",-4236.220551796,"NRI_P142",50
"55503",-5235.29831179598,"NRI_P142",100
"55504",-1367.74010179599,"NRI_P142",25
"55505",5062.36339820403,"NRI_P142",50
"55506",-3673.98716179599,"NRI_P142",100
"55507",-2018.12970179599,"NRI_P142",25
"55508",330.91519820402,"NRI_P142",50
"55509",-5085.57882179599,"NRI_P142",100
"55510",-2039.23120179598,"NRI_P142",25
"55511",-2762.98150179599,"NRI_P142",50
"55512",-1624.09920179599,"NRI_P142",100
"55513",-2035.619601796,"NRI_P142",25
"55514",-2832.58190179599,"NRI_P142",50
"55515",-3632.472791796,"NRI_P142",100
"55516",-2148.66113179599,"NRI_P142",25
"55517",-3030.73481179599,"NRI_P142",50
"55518",-5340.723731796,"NRI_P142",100
"55519",-2028.139201796,"NRI_P142",25
"55520",-2338.95534179598,"NRI_P142",50
"55521",-4951.93378179599,"NRI_P142",100
"55522",-1755.37790179599,"NRI_P142",25
"55523",-3544.62295179599,"NRI_P142",50
"55524",-4835.54921179599,"NRI_P142",100
"55525",-1050.52785179598,"NRI_P142",25
"55526",-4103.119391796,"NRI_P142",50
"55527",-3755.25540179599,"NRI_P142",100
"55528",-6.19270179598243,"NRI_P142",25
"55529",-2674.80570179599,"NRI_P142",50
"55530",-4041.47140179598,"NRI_P142",100
"55531",-2178.78945179598,"NRI_P142",25
"55532",-3161.59689179598,"NRI_P142",50
"55533",-1729.79940179599,"NRI_P142",100
"55534",-2122.490381796,"NRI_P142",25
"55535",-4275.39889179598,"NRI_P142",50
"55536",-4266.23154179601,"NRI_P142",100
"55537",-2132.78963179598,"NRI_P142",25
"55538",-2903.155441796,"NRI_P142",50
"55539",-2627.95249179599,"NRI_P142",100
"55540",-1838.16510179598,"NRI_P142",25
"55541",-3130.35205179598,"NRI_P142",50
"55542",-3840.33484179599,"NRI_P142",100
"55543",-2004.92150179599,"NRI_P142",25
"55544",-3071.94825179598,"NRI_P142",50
"55545",-1191.104801796,"NRI_P142",100
"55546",-2148.66113179599,"NRI_P142",25
"55547",13485.572298204,"NRI_P142",50
"55548",9083.16829820402,"NRI_P142",100
"55549",-959.355701795983,"NRI_P142",25
"55550",-4087.329071796,"NRI_P142",50
"55551",-4552.06163179598,"NRI_P142",100
"55552",-2167.36167179598,"NRI_P142",25
"55553",-3886.712051796,"NRI_P142",50
"55554",2010.515168204,"NRI_P142",100
"55555",306.78629820401,"NRI_P142",25
"55556",-3312.06840179599,"NRI_P142",50
"55557",5683.73669820401,"NRI_P142",100
"55558",-2083.27910179598,"NRI_P142",25
"55559",-2010.33850179598,"NRI_P142",50
"55560",-4542.109491796,"NRI_P142",100
"55561",-2158.308351796,"NRI_P142",25
"55562",-3151.90615179599,"NRI_P142",50
"55563",-4679.15662179599,"NRI_P142",100
"55564",2382.637298204,"NRI_P142",25
"55565",-3195.04745179598,"NRI_P142",50
"55566",-4811.311921796,"NRI_P142",100
"55567",12854.560298204,"NRI_P142",25
"55568",-3244.25029179599,"NRI_P142",50
"55569",-4000.32465179599,"NRI_P142",100
"55570",-1897.99600179598,"NRI_P142",25
"55571",-2202.20760179599,"NRI_P142",50
"55572",-1980.97166179598,"NRI_P142",100
"55573",-1077.97332179599,"NRI_P142",25
"55574",-1675.712731796,"NRI_P142",50
"55575",-5295.991081796,"NRI_P142",100
"55576",-2164.13341179598,"NRI_P142",25
"55577",-3416.39294179599,"NRI_P142",50
"55578",-4376.02350179598,"NRI_P142",100
"55579",-702.329801796004,"NRI_P142",25
"55580",-3233.95249179599,"NRI_P142",50
"55581",-5133.685361796,"NRI_P142",100
"55582",-1058.50063179599,"NRI_P142",25
"55583",-1501.93280179598,"NRI_P142",50
"55584",-4790.326651796,"NRI_P142",100
"55585",-1765.94100179599,"NRI_P142",25
"55586",-3191.93769179599,"NRI_P142",50
"55587",567.018598204013,"NRI_P142",100
"55588",685.393298203999,"NRI_P142",25
"55589",-1639.19480179599,"NRI_P142",50
"55590",-3585.618251796,"NRI_P142",100
"55591",-777.588301796,"NRI_P142",25
"55592",-3812.06415179599,"NRI_P142",50
"55593",-5298.52078179599,"NRI_P142",100
"55594",-2155.028251796,"NRI_P142",25
"55595",-3197.569301796,"NRI_P142",50
"55596",-4359.513891796,"NRI_P142",100
"55597",-1012.56530179598,"NRI_P142",25
"55598",-4206.32220179599,"NRI_P142",50
"55599",1559.17525820402,"NRI_P142",100
"55600",-1050.928581796,"NRI_P142",25
"55601",-2498.93300179599,"NRI_P142",50
"55602",-2446.36295179598,"NRI_P142",100
"55603",-2035.619601796,"NRI_P142",25
"55604",-2805.90605179599,"NRI_P142",50
"55605",-4651.721561796,"NRI_P142",100
"55606",-2109.00817179598,"NRI_P142",25
"55607",-3583.73572179599,"NRI_P142",50
"55608",-5122.88502179598,"NRI_P142",100
"55609",-1274.36820179599,"NRI_P142",25
"55610",248.113398204005,"NRI_P142",50
"55611",-3812.23591179599,"NRI_P142",100
"55612",-2167.29805179598,"NRI_P142",25
"55613",-4087.704001796,"NRI_P142",50
"55614",-5326.39897179598,"NRI_P142",100
"55615",-2122.07158179599,"NRI_P142",25
"55616",-1944.401501796,"NRI_P142",50
"55617",-5070.96190179599,"NRI_P142",100
"55618",-1827.07310179598,"NRI_P142",25
"55619",-414.959011795989,"NRI_P142",50
"55620",-4433.019781796,"NRI_P142",100
"55621",-1903.917901796,"NRI_P142",25
"55622",-2361.36000179598,"NRI_P142",50
"55623",-4456.06240179599,"NRI_P142",100
"55624",-2089.35750179598,"NRI_P142",25
"55625",-3112.158851796,"NRI_P142",50
"55626",-1481.194901796,"NRI_P142",100
"55627",-2170.14627179599,"NRI_P142",25
"55628",-4125.45935179599,"NRI_P142",50
"55629",-4714.68243179598,"NRI_P142",100
"55630",1308.34829820402,"NRI_P142",25
"55631",347.196598203998,"NRI_P142",50
"55632",-3648.99560179599,"NRI_P142",100
"55633",-2120.260011796,"NRI_P142",25
"55634",-3133.98630179599,"NRI_P142",50
"55635",-3906.30235179598,"NRI_P142",100
"55636",-1947.858001796,"NRI_P142",25
"55637",-3232.94205179598,"NRI_P142",50
"55638",-2613.56280179598,"NRI_P142",100
"55639",-477.554701796005,"NRI_P142",25
"55640",-3240.12996179599,"NRI_P142",50
"55641",-4575.69100179599,"NRI_P142",100
"55642",-1055.52183179598,"NRI_P142",25
"55643",-2674.749891796,"NRI_P142",50
"55644",-4485.09282179599,"NRI_P142",100
"55645",-996.853901795985,"NRI_P142",25
"55646",-3210.74920179599,"NRI_P142",50
"55647",-1040.193051796,"NRI_P142",100
"55648",-1669.95750179599,"NRI_P142",25
"55649",-2696.991241796,"NRI_P142",50
"55650",-5003.769341796,"NRI_P142",100
"55651",-1984.37000179599,"NRI_P142",25
"55652",-2282.53970179599,"NRI_P142",50
"55653",-4503.85580179599,"NRI_P142",100
"55654",-1205.38270179598,"NRI_P142",25
"55655",-2044.49983179598,"NRI_P142",50
"55656",-3072.41608179599,"NRI_P142",100
"55657",-463.358901795989,"NRI_P142",25
"55658",-3189.14477179598,"NRI_P142",50
"55659",-5383.74251179598,"NRI_P142",100
"55660",-666.782401795994,"NRI_P142",25
"55661",-217.393701795983,"NRI_P142",50
"55662",-5360.32784179598,"NRI_P142",100
"55663",-2152.62665179599,"NRI_P142",25
"55664",-2569.89083179599,"NRI_P142",50
"55665",829.840298204013,"NRI_P142",100
"55666",-1085.843331796,"NRI_P142",25
"55667",-2930.51640179599,"NRI_P142",50
"55668",-5305.60291179598,"NRI_P142",100
"55669",-1077.97332179599,"NRI_P142",25
"55670",-3109.72553179599,"NRI_P142",50
"55671",-4456.899031796,"NRI_P142",100
"55672",-1085.35900179599,"NRI_P142",25
"55673",-2619.107901796,"NRI_P142",50
"55674",-2514.57487179598,"NRI_P142",100
"55675",-491.588401796005,"NRI_P142",25
"55676",-3060.568361796,"NRI_P142",50
"55677",-5222.324621796,"NRI_P142",100
"55678",-2134.36498179598,"NRI_P142",25
"55679",246.07389820402,"NRI_P142",50
"55680",-2951.05594179599,"NRI_P142",100
"55681",-2083.27910179598,"NRI_P142",25
"55682",334.844298204,"NRI_P142",50
"55683",2800.17375820404,"NRI_P142",100
"55684",-2053.048401796,"NRI_P142",25
"55685",-4184.110191796,"NRI_P142",50
"55686",-3892.709701796,"NRI_P142",100
"55687",-1984.37000179599,"NRI_P142",25
"55688",367.368498204014,"NRI_P142",50
"55689",-5241.531981796,"NRI_P142",100
"55690",-986.83910179598,"NRI_P142",25
"55691",-2865.79810179598,"NRI_P142",50
"55692",-5254.89698179599,"NRI_P142",100
"55693",-2160.13233179599,"NRI_P142",25
"55694",5.06649820401799,"NRI_P142",50
"55695",-4063.46217179598,"NRI_P142",100
"55696",-584.53170179599,"NRI_P142",25
"55697",-2891.09850179599,"NRI_P142",50
"55698",-4906.18970179599,"NRI_P142",100
"55699",-1376.21830179601,"NRI_P142",25
"55700",-3183.714661796,"NRI_P142",50
"55701",-2444.53820179598,"NRI_P142",100
"55702",-1258.576601796,"NRI_P142",25
"55703",-4177.79990179598,"NRI_P142",50
"55704",-3218.38432179598,"NRI_P142",100
"55705",-1421.99600179598,"NRI_P142",25
"55706",-1787.954991796,"NRI_P142",50
"55707",-4104.64450179599,"NRI_P142",100
"55708",-2129.54073179601,"NRI_P142",25
"55709",-3112.94527179599,"NRI_P142",50
"55710",-4453.37340179598,"NRI_P142",100
"55711",-418.876701795991,"NRI_P142",25
"55712",-3201.97458179598,"NRI_P142",50
"55713",-4962.168291796,"NRI_P142",100
"55714",-2027.179601796,"NRI_P142",25
"55715",-3232.08073179598,"NRI_P142",50
"55716",-5328.03900179599,"NRI_P142",100
"55717",-1587.17250179598,"NRI_P142",25
"55718",48.0395782040141,"NRI_P142",50
"55719",-4613.37455179601,"NRI_P142",100
"55720",-2010.76220179599,"NRI_P142",25
"55721",-2634.06610179599,"NRI_P142",50
"55722",-5376.47617179598,"NRI_P142",100
"55723",3948.18729820399,"NRI_P142",25
"55724",-3602.47750179601,"NRI_P142",50
"55725",-5080.727011796,"NRI_P142",100
"55726",-967.197501795978,"NRI_P142",25
"55727",-3192.30743179598,"NRI_P142",50
"55728",-5208.664511796,"NRI_P142",100
"55729",1843.96229820402,"NRI_P142",25
"55730",-3239.88870179598,"NRI_P142",50
"55731",-5098.16898179599,"NRI_P142",100
"55732",-2146.352041796,"NRI_P142",25
"55733",-4331.73328179598,"NRI_P142",50
"55734",-4363.78470179599,"NRI_P142",100
"55735",-2167.36167179598,"NRI_P142",25
"55736",-3223.28094179599,"NRI_P142",50
"55737",-4109.886101796,"NRI_P142",100
"55738",1099.393298204,"NRI_P142",25
"55739",-2577.66690179598,"NRI_P142",50
"55740",-4693.26620179598,"NRI_P142",100
"55741",454.846298204007,"NRI_P142",25
"55742",1169.433748204,"NRI_P142",50
"55743",-4951.914301796,"NRI_P142",100
"55744",-946.602101795987,"NRI_P142",25
"55745",-3240.10564179599,"NRI_P142",50
"55746",-4251.413361796,"NRI_P142",100
"55747",-2181.44746179599,"NRI_P142",25
"55748",-4179.824101796,"NRI_P142",50
"55749",-4972.79340179599,"NRI_P142",100
"55750",461.686298204004,"NRI_P142",25
"55751",-2173.73930179598,"NRI_P142",50
"55752",-4093.765301796,"NRI_P142",100
"55753",-2120.10017179599,"NRI_P142",25
"55754",-3250.92013179598,"NRI_P142",50
"55755",-5304.11586179599,"NRI_P142",100
"55756",5491.35729820404,"NRI_P142",25
"55757",9634.78980820399,"NRI_P142",50
"55758",-5006.84314179598,"NRI_P142",100
"55759",-996.853901795985,"NRI_P142",25
"55760",-2879.166801796,"NRI_P142",50
"55761",-4768.61863179598,"NRI_P142",100
"55762",-916.678601795982,"NRI_P142",25
"55763",-3077.63990179598,"NRI_P142",50
"55764",-4513.001901796,"NRI_P142",100
"55765",-1421.029401796,"NRI_P142",25
"55766",-2237.28129179598,"NRI_P142",50
"55767",-4774.59079179598,"NRI_P142",100
"55768",-1091.89075179599,"NRI_P142",25
"55769",-2023.92159179598,"NRI_P142",50
"55770",-5236.72729179598,"NRI_P142",100
"55771",-1090.34507179598,"NRI_P142",25
"55772",4413.38367820403,"NRI_P142",50
"55773",-3752.71478179598,"NRI_P142",100
"55774",-1658.86550179598,"NRI_P142",25
"55775",-2316.37355179599,"NRI_P142",50
"55776",-4619.28843179598,"NRI_P142",100
"55777",-2128.194121796,"NRI_P142",25
"55778",-3218.39974179599,"NRI_P142",50
"55779",-5106.06723179598,"NRI_P142",100
"55780",-1324.202301796,"NRI_P142",25
"55781",-2552.05480179598,"NRI_P142",50
"55782",-5382.41716179598,"NRI_P142",100
"55783",-2142.25548179599,"NRI_P142",25
"55784",-1334.90470179598,"NRI_P142",50
"55785",-5262.40744179598,"NRI_P142",100
"55786",-1515.13260179598,"NRI_P142",25
"55787",-2383.34100179598,"NRI_P142",50
"55788",-4829.01369179599,"NRI_P142",100
"55789",-1078.337651796,"NRI_P142",25
"55790",-3114.50661179598,"NRI_P142",50
"55791",-5241.857141796,"NRI_P142",100
"55792",-839.320701795979,"NRI_P142",25
"55793",-4065.935881796,"NRI_P142",50
"55794",-5269.15986179598,"NRI_P142",100
"55795",-691.652001795999,"NRI_P142",25
"55796",4209.50948820403,"NRI_P142",50
"55797",-4822.11667179599,"NRI_P142",100
"55798",-1188.16070179601,"NRI_P142",25
"55799",-2566.36690179599,"NRI_P142",50
"55800",-5264.01325179599,"NRI_P142",100
"55801",-0.00232638994930312,"NRI_P143",25
"55802",-0.00232638994930312,"NRI_P143",50
"55803",-0.00232638994930312,"NRI_P143",100
"55804",-0.00232638994930312,"NRI_P143",25
"55805",-0.00232638994930312,"NRI_P143",50
"55806",-0.00232638994930312,"NRI_P143",100
"55807",-0.00232638994930312,"NRI_P143",25
"55808",-0.00232638994930312,"NRI_P143",50
"55809",-0.00232638994930312,"NRI_P143",100
"55810",-0.00232638994930312,"NRI_P143",25
"55811",-0.00232638994930312,"NRI_P143",50
"55812",-0.00232638994930312,"NRI_P143",100
"55813",-0.00232638994930312,"NRI_P143",25
"55814",-0.00232638994930312,"NRI_P143",50
"55815",-0.00232638994930312,"NRI_P143",100
"55816",-0.00232638994930312,"NRI_P143",25
"55817",-0.00232638994930312,"NRI_P143",50
"55818",-0.00232638994930312,"NRI_P143",100
"55819",-0.00232638994930312,"NRI_P143",25
"55820",-0.00232638994930312,"NRI_P143",50
"55821",-0.00232638994930312,"NRI_P143",100
"55822",-0.00232638994930312,"NRI_P143",25
"55823",-0.00232638994930312,"NRI_P143",50
"55824",-0.00232638994930312,"NRI_P143",100
"55825",-0.00232638994930312,"NRI_P143",25
"55826",-0.00232638994930312,"NRI_P143",50
"55827",-0.00232638994930312,"NRI_P143",100
"55828",-0.00232638994930312,"NRI_P143",25
"55829",-0.00232638994930312,"NRI_P143",50
"55830",-0.00232638994930312,"NRI_P143",100
"55831",-0.00232638994930312,"NRI_P143",25
"55832",-0.00232638994930312,"NRI_P143",50
"55833",-0.00232638994930312,"NRI_P143",100
"55834",-0.00232638994930312,"NRI_P143",25
"55835",-0.00232638994930312,"NRI_P143",50
"55836",-0.00232638994930312,"NRI_P143",100
"55837",-0.00232638994930312,"NRI_P143",25
"55838",-0.00232638994930312,"NRI_P143",50
"55839",-0.00232638994930312,"NRI_P143",100
"55840",-0.00232638994930312,"NRI_P143",25
"55841",-0.00232638994930312,"NRI_P143",50
"55842",-0.00232638994930312,"NRI_P143",100
"55843",-0.00232638994930312,"NRI_P143",25
"55844",-0.00232638994930312,"NRI_P143",50
"55845",-0.00232638994930312,"NRI_P143",100
"55846",-0.00232638994930312,"NRI_P143",25
"55847",-0.00232638994930312,"NRI_P143",50
"55848",-0.00232638994930312,"NRI_P143",100
"55849",-0.00232638994930312,"NRI_P143",25
"55850",-0.00232638994930312,"NRI_P143",50
"55851",-0.00232638994930312,"NRI_P143",100
"55852",-0.00232638994930312,"NRI_P143",25
"55853",-0.00232638994930312,"NRI_P143",50
"55854",-0.00232638994930312,"NRI_P143",100
"55855",-0.00232638994930312,"NRI_P143",25
"55856",-0.00232638994930312,"NRI_P143",50
"55857",-0.00232638994930312,"NRI_P143",100
"55858",-0.00232638994930312,"NRI_P143",25
"55859",-0.00232638994930312,"NRI_P143",50
"55860",-0.00232638994930312,"NRI_P143",100
"55861",-0.00232638994930312,"NRI_P143",25
"55862",-0.00232638994930312,"NRI_P143",50
"55863",-0.00232638994930312,"NRI_P143",100
"55864",-0.00232638994930312,"NRI_P143",25
"55865",-0.00232638994930312,"NRI_P143",50
"55866",-0.00232638994930312,"NRI_P143",100
"55867",-0.00232638994930312,"NRI_P143",25
"55868",-0.00232638994930312,"NRI_P143",50
"55869",-0.00232638994930312,"NRI_P143",100
"55870",-0.00232638994930312,"NRI_P143",25
"55871",-0.00232638994930312,"NRI_P143",50
"55872",-0.00232638994930312,"NRI_P143",100
"55873",-0.00232638994930312,"NRI_P143",25
"55874",-0.00232638994930312,"NRI_P143",50
"55875",-0.00232638994930312,"NRI_P143",100
"55876",-0.00232638994930312,"NRI_P143",25
"55877",-0.00232638994930312,"NRI_P143",50
"55878",-0.00232638994930312,"NRI_P143",100
"55879",-0.00232638994930312,"NRI_P143",25
"55880",-0.00232638994930312,"NRI_P143",50
"55881",-0.00232638994930312,"NRI_P143",100
"55882",-0.00232638994930312,"NRI_P143",25
"55883",-0.00232638994930312,"NRI_P143",50
"55884",-0.00232638994930312,"NRI_P143",100
"55885",-0.00232638994930312,"NRI_P143",25
"55886",-0.00232638994930312,"NRI_P143",50
"55887",-0.00232638994930312,"NRI_P143",100
"55888",-0.00232638994930312,"NRI_P143",25
"55889",-0.00232638994930312,"NRI_P143",50
"55890",-0.00232638994930312,"NRI_P143",100
"55891",-0.00232638994930312,"NRI_P143",25
"55892",-0.00232638994930312,"NRI_P143",50
"55893",-0.00232638994930312,"NRI_P143",100
"55894",-0.00232638994930312,"NRI_P143",25
"55895",-0.00232638994930312,"NRI_P143",50
"55896",-0.00232638994930312,"NRI_P143",100
"55897",-0.00232638994930312,"NRI_P143",25
"55898",-0.00232638994930312,"NRI_P143",50
"55899",-0.00232638994930312,"NRI_P143",100
"55900",-0.00232638994930312,"NRI_P143",25
"55901",-0.00232638994930312,"NRI_P143",50
"55902",-0.00232638994930312,"NRI_P143",100
"55903",-0.00232638994930312,"NRI_P143",25
"55904",-0.00232638994930312,"NRI_P143",50
"55905",-0.00232638994930312,"NRI_P143",100
"55906",-0.00232638994930312,"NRI_P143",25
"55907",-0.00232638994930312,"NRI_P143",50
"55908",-0.00232638994930312,"NRI_P143",100
"55909",-0.00232638994930312,"NRI_P143",25
"55910",-0.00232638994930312,"NRI_P143",50
"55911",-0.00232638994930312,"NRI_P143",100
"55912",-0.00232638994930312,"NRI_P143",25
"55913",-0.00232638994930312,"NRI_P143",50
"55914",-0.00232638994930312,"NRI_P143",100
"55915",-0.00232638994930312,"NRI_P143",25
"55916",-0.00232638994930312,"NRI_P143",50
"55917",-0.00232638994930312,"NRI_P143",100
"55918",-0.00232638994930312,"NRI_P143",25
"55919",-0.00232638994930312,"NRI_P143",50
"55920",-0.00232638994930312,"NRI_P143",100
"55921",-0.00232638994930312,"NRI_P143",25
"55922",-0.00232638994930312,"NRI_P143",50
"55923",-0.00232638994930312,"NRI_P143",100
"55924",-0.00232638994930312,"NRI_P143",25
"55925",-0.00232638994930312,"NRI_P143",50
"55926",-0.00232638994930312,"NRI_P143",100
"55927",-0.00232638994930312,"NRI_P143",25
"55928",-0.00232638994930312,"NRI_P143",50
"55929",-0.00232638994930312,"NRI_P143",100
"55930",-0.00232638994930312,"NRI_P143",25
"55931",-0.00232638994930312,"NRI_P143",50
"55932",-0.00232638994930312,"NRI_P143",100
"55933",-0.00232638994930312,"NRI_P143",25
"55934",-0.00232638994930312,"NRI_P143",50
"55935",-0.00232638994930312,"NRI_P143",100
"55936",-0.00232638994930312,"NRI_P143",25
"55937",-0.00232638994930312,"NRI_P143",50
"55938",-0.00232638994930312,"NRI_P143",100
"55939",-0.00232638994930312,"NRI_P143",25
"55940",-0.00232638994930312,"NRI_P143",50
"55941",-0.00232638994930312,"NRI_P143",100
"55942",-0.00232638994930312,"NRI_P143",25
"55943",-0.00232638994930312,"NRI_P143",50
"55944",-0.00232638994930312,"NRI_P143",100
"55945",-0.00232638994930312,"NRI_P143",25
"55946",-0.00232638994930312,"NRI_P143",50
"55947",-0.00232638994930312,"NRI_P143",100
"55948",-0.00232638994930312,"NRI_P143",25
"55949",-0.00232638994930312,"NRI_P143",50
"55950",-0.00232638994930312,"NRI_P143",100
"55951",-0.00232638994930312,"NRI_P143",25
"55952",-0.00232638994930312,"NRI_P143",50
"55953",-0.00232638994930312,"NRI_P143",100
"55954",-0.00232638994930312,"NRI_P143",25
"55955",-0.00232638994930312,"NRI_P143",50
"55956",-0.00232638994930312,"NRI_P143",100
"55957",-0.00232638994930312,"NRI_P143",25
"55958",-0.00232638994930312,"NRI_P143",50
"55959",-0.00232638994930312,"NRI_P143",100
"55960",-0.00232638994930312,"NRI_P143",25
"55961",-0.00232638994930312,"NRI_P143",50
"55962",-0.00232638994930312,"NRI_P143",100
"55963",-0.00232638994930312,"NRI_P143",25
"55964",-0.00232638994930312,"NRI_P143",50
"55965",-0.00232638994930312,"NRI_P143",100
"55966",-0.00232638994930312,"NRI_P143",25
"55967",-0.00232638994930312,"NRI_P143",50
"55968",-0.00232638994930312,"NRI_P143",100
"55969",-0.00232638994930312,"NRI_P143",25
"55970",-0.00232638994930312,"NRI_P143",50
"55971",-0.00232638994930312,"NRI_P143",100
"55972",-0.00232638994930312,"NRI_P143",25
"55973",-0.00232638994930312,"NRI_P143",50
"55974",-0.00232638994930312,"NRI_P143",100
"55975",-0.00232638994930312,"NRI_P143",25
"55976",-0.00232638994930312,"NRI_P143",50
"55977",-0.00232638994930312,"NRI_P143",100
"55978",-0.00232638994930312,"NRI_P143",25
"55979",-0.00232638994930312,"NRI_P143",50
"55980",-0.00232638994930312,"NRI_P143",100
"55981",-0.00232638994930312,"NRI_P143",25
"55982",-0.00232638994930312,"NRI_P143",50
"55983",-0.00232638994930312,"NRI_P143",100
"55984",-0.00232638994930312,"NRI_P143",25
"55985",-0.00232638994930312,"NRI_P143",50
"55986",-0.00232638994930312,"NRI_P143",100
"55987",-0.00232638994930312,"NRI_P143",25
"55988",-0.00232638994930312,"NRI_P143",50
"55989",-0.00232638994930312,"NRI_P143",100
"55990",-0.00232638994930312,"NRI_P143",25
"55991",-0.00232638994930312,"NRI_P143",50
"55992",-0.00232638994930312,"NRI_P143",100
"55993",-0.00232638994930312,"NRI_P143",25
"55994",-0.00232638994930312,"NRI_P143",50
"55995",-0.00232638994930312,"NRI_P143",100
"55996",-0.00232638994930312,"NRI_P143",25
"55997",-0.00232638994930312,"NRI_P143",50
"55998",-0.00232638994930312,"NRI_P143",100
"55999",-0.00232638994930312,"NRI_P143",25
"56000",-0.00232638994930312,"NRI_P143",50
"56001",-0.00232638994930312,"NRI_P143",100
"56002",-0.00232638994930312,"NRI_P143",25
"56003",-0.00232638994930312,"NRI_P143",50
"56004",-0.00232638994930312,"NRI_P143",100
"56005",-0.00232638994930312,"NRI_P143",25
"56006",-0.00232638994930312,"NRI_P143",50
"56007",-0.00232638994930312,"NRI_P143",100
"56008",-0.00232638994930312,"NRI_P143",25
"56009",-0.00232638994930312,"NRI_P143",50
"56010",-0.00232638994930312,"NRI_P143",100
"56011",-0.00232638994930312,"NRI_P143",25
"56012",-0.00232638994930312,"NRI_P143",50
"56013",-0.00232638994930312,"NRI_P143",100
"56014",-0.00232638994930312,"NRI_P143",25
"56015",-0.00232638994930312,"NRI_P143",50
"56016",-0.00232638994930312,"NRI_P143",100
"56017",-0.00232638994930312,"NRI_P143",25
"56018",-0.00232638994930312,"NRI_P143",50
"56019",-0.00232638994930312,"NRI_P143",100
"56020",-0.00232638994930312,"NRI_P143",25
"56021",-0.00232638994930312,"NRI_P143",50
"56022",-0.00232638994930312,"NRI_P143",100
"56023",-0.00232638994930312,"NRI_P143",25
"56024",-0.00232638994930312,"NRI_P143",50
"56025",-0.00232638994930312,"NRI_P143",100
"56026",-0.00232638994930312,"NRI_P143",25
"56027",-0.00232638994930312,"NRI_P143",50
"56028",-0.00232638994930312,"NRI_P143",100
"56029",-0.00232638994930312,"NRI_P143",25
"56030",-0.00232638994930312,"NRI_P143",50
"56031",-0.00232638994930312,"NRI_P143",100
"56032",-0.00232638994930312,"NRI_P143",25
"56033",-0.00232638994930312,"NRI_P143",50
"56034",-0.00232638994930312,"NRI_P143",100
"56035",-0.00232638994930312,"NRI_P143",25
"56036",-0.00232638994930312,"NRI_P143",50
"56037",-0.00232638994930312,"NRI_P143",100
"56038",-0.00232638994930312,"NRI_P143",25
"56039",-0.00232638994930312,"NRI_P143",50
"56040",-0.00232638994930312,"NRI_P143",100
"56041",-0.00232638994930312,"NRI_P143",25
"56042",-0.00232638994930312,"NRI_P143",50
"56043",-0.00232638994930312,"NRI_P143",100
"56044",-0.00232638994930312,"NRI_P143",25
"56045",-0.00232638994930312,"NRI_P143",50
"56046",-0.00232638994930312,"NRI_P143",100
"56047",-0.00232638994930312,"NRI_P143",25
"56048",-0.00232638994930312,"NRI_P143",50
"56049",-0.00232638994930312,"NRI_P143",100
"56050",-0.00232638994930312,"NRI_P143",25
"56051",-0.00232638994930312,"NRI_P143",50
"56052",-0.00232638994930312,"NRI_P143",100
"56053",-0.00232638994930312,"NRI_P143",25
"56054",-0.00232638994930312,"NRI_P143",50
"56055",-0.00232638994930312,"NRI_P143",100
"56056",-0.00232638994930312,"NRI_P143",25
"56057",-0.00232638994930312,"NRI_P143",50
"56058",-0.00232638994930312,"NRI_P143",100
"56059",-0.00232638994930312,"NRI_P143",25
"56060",-0.00232638994930312,"NRI_P143",50
"56061",-0.00232638994930312,"NRI_P143",100
"56062",-0.00232638994930312,"NRI_P143",25
"56063",-0.00232638994930312,"NRI_P143",50
"56064",-0.00232638994930312,"NRI_P143",100
"56065",-0.00232638994930312,"NRI_P143",25
"56066",-0.00232638994930312,"NRI_P143",50
"56067",-0.00232638994930312,"NRI_P143",100
"56068",-0.00232638994930312,"NRI_P143",25
"56069",-0.00232638994930312,"NRI_P143",50
"56070",-0.00232638994930312,"NRI_P143",100
"56071",-0.00232638994930312,"NRI_P143",25
"56072",-0.00232638994930312,"NRI_P143",50
"56073",-0.00232638994930312,"NRI_P143",100
"56074",-0.00232638994930312,"NRI_P143",25
"56075",-0.00232638994930312,"NRI_P143",50
"56076",-0.00232638994930312,"NRI_P143",100
"56077",-0.00232638994930312,"NRI_P143",25
"56078",-0.00232638994930312,"NRI_P143",50
"56079",-0.00232638994930312,"NRI_P143",100
"56080",-0.00232638994930312,"NRI_P143",25
"56081",-0.00232638994930312,"NRI_P143",50
"56082",-0.00232638994930312,"NRI_P143",100
"56083",-0.00232638994930312,"NRI_P143",25
"56084",-0.00232638994930312,"NRI_P143",50
"56085",-0.00232638994930312,"NRI_P143",100
"56086",-0.00232638994930312,"NRI_P143",25
"56087",-0.00232638994930312,"NRI_P143",50
"56088",-0.00232638994930312,"NRI_P143",100
"56089",-0.00232638994930312,"NRI_P143",25
"56090",-0.00232638994930312,"NRI_P143",50
"56091",-0.00232638994930312,"NRI_P143",100
"56092",-0.00232638994930312,"NRI_P143",25
"56093",-0.00232638994930312,"NRI_P143",50
"56094",-0.00232638994930312,"NRI_P143",100
"56095",-0.00232638994930312,"NRI_P143",25
"56096",-0.00232638994930312,"NRI_P143",50
"56097",-0.00232638994930312,"NRI_P143",100
"56098",-0.00232638994930312,"NRI_P143",25
"56099",-0.00232638994930312,"NRI_P143",50
"56100",-0.00232638994930312,"NRI_P143",100
"56101",-272.479149435007,"NRI_P144",25
"56102",500.605900565046,"NRI_P144",50
"56103",-710.350169434969,"NRI_P144",100
"56104",-2879.27136943495,"NRI_P144",25
"56105",-1830.91119943495,"NRI_P144",50
"56106",-3795.21389943495,"NRI_P144",100
"56107",6878.19860056503,"NRI_P144",25
"56108",-2901.31034943496,"NRI_P144",50
"56109",-3394.12282943499,"NRI_P144",100
"56110",-2687.06799943501,"NRI_P144",25
"56111",-1093.284309435,"NRI_P144",50
"56112",-4010.35892943497,"NRI_P144",100
"56113",2520.27860056504,"NRI_P144",25
"56114",1127.51390056504,"NRI_P144",50
"56115",-142.768209434988,"NRI_P144",100
"56116",11933.260200565,"NRI_P144",25
"56117",2792.42860056501,"NRI_P144",50
"56118",-3984.74790943495,"NRI_P144",100
"56119",-151.444599434966,"NRI_P144",25
"56120",-3142.19781943498,"NRI_P144",50
"56121",-3975.64176943497,"NRI_P144",100
"56122",-226.772199434985,"NRI_P144",25
"56123",-3633.925669435,"NRI_P144",50
"56124",-4010.162429435,"NRI_P144",100
"56125",-2825.87587943499,"NRI_P144",25
"56126",-316.763199434965,"NRI_P144",50
"56127",-3581.07502943499,"NRI_P144",100
"56128",-2868.60878943501,"NRI_P144",25
"56129",-3693.65009943501,"NRI_P144",50
"56130",-3767.50508943497,"NRI_P144",100
"56131",-425.625399434997,"NRI_P144",25
"56132",-3622.11379943497,"NRI_P144",50
"56133",-2631.58034943498,"NRI_P144",100
"56134",-2863.09143943497,"NRI_P144",25
"56135",34515.769200565,"NRI_P144",50
"56136",-3637.089609435,"NRI_P144",100
"56137",-2667.99899943499,"NRI_P144",25
"56138",-3309.30158943497,"NRI_P144",50
"56139",-2955.68394943496,"NRI_P144",100
"56140",-257.845509434992,"NRI_P144",25
"56141",-974.118719435006,"NRI_P144",50
"56142",-631.042519434995,"NRI_P144",100
"56143",-2862.84169943497,"NRI_P144",25
"56144",-1275.318419435,"NRI_P144",50
"56145",-3623.66398943495,"NRI_P144",100
"56146",-299.150899434986,"NRI_P144",25
"56147",-2145.10412943497,"NRI_P144",50
"56148",-2499.16549943498,"NRI_P144",100
"56149",-2869.92862943496,"NRI_P144",25
"56150",22.0061605650117,"NRI_P144",50
"56151",-1790.461199435,"NRI_P144",100
"56152",-2778.22069943498,"NRI_P144",25
"56153",644.191100565018,"NRI_P144",50
"56154",-3677.504069435,"NRI_P144",100
"56155",-907.705039435008,"NRI_P144",25
"56156",-692.023599434993,"NRI_P144",50
"56157",-881.102599434962,"NRI_P144",100
"56158",-2079.15219943499,"NRI_P144",25
"56159",-3091.20340943499,"NRI_P144",50
"56160",-3931.48909943498,"NRI_P144",100
"56161",-2872.45268943498,"NRI_P144",25
"56162",-2965.708769435,"NRI_P144",50
"56163",-3565.09879943496,"NRI_P144",100
"56164",-869.273719434976,"NRI_P144",25
"56165",-1035.40101943497,"NRI_P144",50
"56166",-2826.82040943496,"NRI_P144",100
"56167",355.556600565033,"NRI_P144",25
"56168",-1947.02039943496,"NRI_P144",50
"56169",-4082.12473943498,"NRI_P144",100
"56170",-2811.94699943496,"NRI_P144",25
"56171",-579.84280943498,"NRI_P144",50
"56172",4696.82880056504,"NRI_P144",100
"56173",4.11330056504812,"NRI_P144",25
"56174",-3343.16903943499,"NRI_P144",50
"56175",-4035.16254943499,"NRI_P144",100
"56176",-912.184519434988,"NRI_P144",25
"56177",-3157.94443943497,"NRI_P144",50
"56178",-1905.51729943499,"NRI_P144",100
"56179",-501.788799434958,"NRI_P144",25
"56180",-2801.363879435,"NRI_P144",50
"56181",-3830.16830943496,"NRI_P144",100
"56182",-2802.19839943497,"NRI_P144",25
"56183",-3743.54987943498,"NRI_P144",50
"56184",-3950.828929435,"NRI_P144",100
"56185",-730.102499434957,"NRI_P144",25
"56186",-222.649099434959,"NRI_P144",50
"56187",-2355.49953943497,"NRI_P144",100
"56188",3466.56720056501,"NRI_P144",25
"56189",-2433.01910943497,"NRI_P144",50
"56190",-3821.83996943495,"NRI_P144",100
"56191",-2664.88099943497,"NRI_P144",25
"56192",-2997.47199943499,"NRI_P144",50
"56193",-4021.91588943498,"NRI_P144",100
"56194",2696.78660056501,"NRI_P144",25
"56195",-1055.55402943498,"NRI_P144",50
"56196",-2164.82779943501,"NRI_P144",100
"56197",-2869.78383943497,"NRI_P144",25
"56198",2387.63820056501,"NRI_P144",50
"56199",-2908.49516943499,"NRI_P144",100
"56200",-2833.31477943499,"NRI_P144",25
"56201",-1134.28071943496,"NRI_P144",50
"56202",-3345.28450943501,"NRI_P144",100
"56203",-1979.06349943497,"NRI_P144",25
"56204",-1094.034409435,"NRI_P144",50
"56205",-4022.19101943501,"NRI_P144",100
"56206",-194.320999434975,"NRI_P144",25
"56207",-2975.472199435,"NRI_P144",50
"56208",-3804.53832943499,"NRI_P144",100
"56209",-630.101999434992,"NRI_P144",25
"56210",6099.89357056504,"NRI_P144",50
"56211",4065.80794056505,"NRI_P144",100
"56212",-2800.385299435,"NRI_P144",25
"56213",783.173600565002,"NRI_P144",50
"56214",-1235.56055943499,"NRI_P144",100
"56215",59.1269005649956,"NRI_P144",25
"56216",-1145.00826943497,"NRI_P144",50
"56217",-3937.41792943497,"NRI_P144",100
"56218",2520.27860056504,"NRI_P144",25
"56219",-628.544099434977,"NRI_P144",50
"56220",-3920.181119435,"NRI_P144",100
"56221",143.320300565043,"NRI_P144",25
"56222",152.284200565016,"NRI_P144",50
"56223",-2465.67483943497,"NRI_P144",100
"56224",-737.159399434982,"NRI_P144",25
"56225",-2657.09717943496,"NRI_P144",50
"56226",9409.81420056504,"NRI_P144",100
"56227",-874.670749434968,"NRI_P144",25
"56228",-851.523499434988,"NRI_P144",50
"56229",-3987.132119435,"NRI_P144",100
"56230",-287.288289434975,"NRI_P144",25
"56231",4536.41960056504,"NRI_P144",50
"56232",-3910.659409435,"NRI_P144",100
"56233",11836.460200565,"NRI_P144",25
"56234",-3170.26346943498,"NRI_P144",50
"56235",-3572.04889943497,"NRI_P144",100
"56236",730.507600565033,"NRI_P144",25
"56237",-3527.476389435,"NRI_P144",50
"56238",-3100.10042943497,"NRI_P144",100
"56239",-885.759039434954,"NRI_P144",25
"56240",-1174.90942943498,"NRI_P144",50
"56241",-245.750199434988,"NRI_P144",100
"56242",-278.360429434979,"NRI_P144",25
"56243",-3741.47081943497,"NRI_P144",50
"56244",-3077.18564943498,"NRI_P144",100
"56245",-798.768999435008,"NRI_P144",25
"56246",4097.18971056503,"NRI_P144",50
"56247",-4026.31958943501,"NRI_P144",100
"56248",-2548.32619943499,"NRI_P144",25
"56249",-3286.65621943498,"NRI_P144",50
"56250",-2506.66101943498,"NRI_P144",100
"56251",-151.444599434966,"NRI_P144",25
"56252",-2844.915999435,"NRI_P144",50
"56253",-3966.19816943497,"NRI_P144",100
"56254",-2625.59269943496,"NRI_P144",25
"56255",-2716.21589943499,"NRI_P144",50
"56256",-3926.41410943499,"NRI_P144",100
"56257",-585.521499434952,"NRI_P144",25
"56258",-2594.11209943501,"NRI_P144",50
"56259",5295.84898056503,"NRI_P144",100
"56260",-285.006099434977,"NRI_P144",25
"56261",6005.19780056505,"NRI_P144",50
"56262",-3902.72801943496,"NRI_P144",100
"56263",-2862.746019435,"NRI_P144",25
"56264",-2768.28259943496,"NRI_P144",50
"56265",-2647.22903943498,"NRI_P144",100
"56266",-2859.11610943498,"NRI_P144",25
"56267",-3713.85980943497,"NRI_P144",50
"56268",-3824.89596943499,"NRI_P144",100
"56269",-211.864599435008,"NRI_P144",25
"56270",-338.638449435006,"NRI_P144",50
"56271",-2801.62519943499,"NRI_P144",100
"56272",-2817.46468943497,"NRI_P144",25
"56273",-3087.23930943495,"NRI_P144",50
"56274",-4075.21178943495,"NRI_P144",100
"56275",9263.62900056504,"NRI_P144",25
"56276",-850.093099434976,"NRI_P144",50
"56277",-3841.613589435,"NRI_P144",100
"56278",-2848.02721943497,"NRI_P144",25
"56279",-3167.29151943501,"NRI_P144",50
"56280",-3858.73098943499,"NRI_P144",100
"56281",290.10760056501,"NRI_P144",25
"56282",-1149.57051943499,"NRI_P144",50
"56283",-3982.17618943501,"NRI_P144",100
"56284",-248.496909434965,"NRI_P144",25
"56285",-1073.02839943499,"NRI_P144",50
"56286",-3701.02141943498,"NRI_P144",100
"56287",-896.914789434988,"NRI_P144",25
"56288",-132.999419434986,"NRI_P144",50
"56289",-1739.50416943501,"NRI_P144",100
"56290",3122.470200565,"NRI_P144",25
"56291",-2741.82249943499,"NRI_P144",50
"56292",1934.58951056504,"NRI_P144",100
"56293",290.10760056501,"NRI_P144",25
"56294",-3117.37657943496,"NRI_P144",50
"56295",1941.26898056502,"NRI_P144",100
"56296",-1273.693999435,"NRI_P144",25
"56297",6272.56500056502,"NRI_P144",50
"56298",-3193.111899435,"NRI_P144",100
"56299",7480.39020056505,"NRI_P144",25
"56300",-3136.86609943496,"NRI_P144",50
"56301",-4024.01303943497,"NRI_P144",100
"56302",-912.184519434988,"NRI_P144",25
"56303",-3026.25160943496,"NRI_P144",50
"56304",-2827.666159435,"NRI_P144",100
"56305",-860.037109434954,"NRI_P144",25
"56306",-2146.97949943499,"NRI_P144",50
"56307",-3914.20896943496,"NRI_P144",100
"56308",-667.891299434996,"NRI_P144",25
"56309",-1163.244819435,"NRI_P144",50
"56310",-278.435239434999,"NRI_P144",100
"56311",-904.06235943496,"NRI_P144",25
"56312",-3620.369719435,"NRI_P144",50
"56313",-3996.03587943496,"NRI_P144",100
"56314",-805.409999434953,"NRI_P144",25
"56315",16998.670060565,"NRI_P144",50
"56316",-2900.19152943499,"NRI_P144",100
"56317",368.431600565033,"NRI_P144",25
"56318",-3004.67779943498,"NRI_P144",50
"56319",-3863.86262943497,"NRI_P144",100
"56320",-565.743599434965,"NRI_P144",25
"56321",-1935.94429943495,"NRI_P144",50
"56322",8261.86219056504,"NRI_P144",100
"56323",-457.174699434952,"NRI_P144",25
"56324",-2735.09802943497,"NRI_P144",50
"56325",2890.03168056504,"NRI_P144",100
"56326",1.30390056502074,"NRI_P144",25
"56327",-3074.818289435,"NRI_P144",50
"56328",-3150.549499435,"NRI_P144",100
"56329",-901.813089434989,"NRI_P144",25
"56330",-3011.62452943495,"NRI_P144",50
"56331",-76.9282994350069,"NRI_P144",100
"56332",-425.625399434997,"NRI_P144",25
"56333",22574.963000565,"NRI_P144",50
"56334",-2163.16033943498,"NRI_P144",100
"56335",3041.14600056503,"NRI_P144",25
"56336",-847.467189434974,"NRI_P144",50
"56337",-363.808889434964,"NRI_P144",100
"56338",-2868.20167943498,"NRI_P144",25
"56339",-3314.18129943497,"NRI_P144",50
"56340",-2093.905809435,"NRI_P144",100
"56341",-213.857899434981,"NRI_P144",25
"56342",-3031.88063943497,"NRI_P144",50
"56343",3382.372230565,"NRI_P144",100
"56344",3145.06920056505,"NRI_P144",25
"56345",97.6231205650256,"NRI_P144",50
"56346",-3483.432999435,"NRI_P144",100
"56347",-2624.87589943496,"NRI_P144",25
"56348",-802.489859434951,"NRI_P144",50
"56349",31536.437350565,"NRI_P144",100
"56350",-88.907999434974,"NRI_P144",25
"56351",-3171.53166943497,"NRI_P144",50
"56352",31593.818280565,"NRI_P144",100
"56353",-2858.896589435,"NRI_P144",25
"56354",-3510.12879943498,"NRI_P144",50
"56355",-2874.994399435,"NRI_P144",100
"56356",6878.19860056503,"NRI_P144",25
"56357",158.272300565033,"NRI_P144",50
"56358",-3751.419079435,"NRI_P144",100
"56359",-137.382999434951,"NRI_P144",25
"56360",-3631.27887943498,"NRI_P144",50
"56361",-2457.865699435,"NRI_P144",100
"56362",-384.761699434952,"NRI_P144",25
"56363",-3631.42864943499,"NRI_P144",50
"56364",-2869.47291943501,"NRI_P144",100
"56365",-177.919399434992,"NRI_P144",25
"56366",-1759.91039943497,"NRI_P144",50
"56367",-3233.47918943496,"NRI_P144",100
"56368",-2393.41699943499,"NRI_P144",25
"56369",-1068.00047943497,"NRI_P144",50
"56370",-3162.04442943499,"NRI_P144",100
"56371",-732.939199435001,"NRI_P144",25
"56372",-3126.65721943497,"NRI_P144",50
"56373",-3762.58110943501,"NRI_P144",100
"56374",-2841.38723943499,"NRI_P144",25
"56375",-3318.54798943497,"NRI_P144",50
"56376",-2660.39515943499,"NRI_P144",100
"56377",-2721.797099435,"NRI_P144",25
"56378",-2737.80021943495,"NRI_P144",50
"56379",3746.41440056503,"NRI_P144",100
"56380",-2862.84169943497,"NRI_P144",25
"56381",-3152.06277943496,"NRI_P144",50
"56382",-3516.051739435,"NRI_P144",100
"56383",-818.120299434988,"NRI_P144",25
"56384",-1066.16752943496,"NRI_P144",50
"56385",-2736.19428943499,"NRI_P144",100
"56386",11.5247005650308,"NRI_P144",25
"56387",-2873.17938943498,"NRI_P144",50
"56388",-3997.96532943496,"NRI_P144",100
"56389",315.638600565027,"NRI_P144",25
"56390",-3127.47066943499,"NRI_P144",50
"56391",-2055.10350943496,"NRI_P144",100
"56392",-2297.66119943495,"NRI_P144",25
"56393",120.104500565038,"NRI_P144",50
"56394",-1005.60188943497,"NRI_P144",100
"56395",-751.15749943495,"NRI_P144",25
"56396",-2563.035189435,"NRI_P144",50
"56397",-3783.027009435,"NRI_P144",100
"56398",-293.571999434964,"NRI_P144",25
"56399",-3409.65306943498,"NRI_P144",50
"56400",-2071.51959943498,"NRI_P144",100
"56401",-0.00777656905120239,"NRI_P145",25
"56402",-80.0468465690501,"NRI_P145",50
"56403",915.832323430979,"NRI_P145",100
"56404",-0.00777656905120239,"NRI_P145",25
"56405",60.9538234309875,"NRI_P145",50
"56406",4244.81982343097,"NRI_P145",100
"56407",-0.00777656905120239,"NRI_P145",25
"56408",3075.04872343095,"NRI_P145",50
"56409",118.496223430964,"NRI_P145",100
"56410",-0.00777656905120239,"NRI_P145",25
"56411",-96.1017365690204,"NRI_P145",50
"56412",4511.80402343097,"NRI_P145",100
"56413",-0.00777656905120239,"NRI_P145",25
"56414",1404.55932343099,"NRI_P145",50
"56415",88.8478834309499,"NRI_P145",100
"56416",-0.00777656905120239,"NRI_P145",25
"56417",660.031823430967,"NRI_P145",50
"56418",1444.19748343097,"NRI_P145",100
"56419",-0.00777656905120239,"NRI_P145",25
"56420",555.567123430956,"NRI_P145",50
"56421",2419.65446343098,"NRI_P145",100
"56422",-0.00777656905120239,"NRI_P145",25
"56423",196.837423430989,"NRI_P145",50
"56424",5924.91022343095,"NRI_P145",100
"56425",-0.00777656905120239,"NRI_P145",25
"56426",163.95612343098,"NRI_P145",50
"56427",176.637123430963,"NRI_P145",100
"56428",-0.00777656905120239,"NRI_P145",25
"56429",-32.3913765690522,"NRI_P145",50
"56430",91.8808234309545,"NRI_P145",100
"56431",-0.00777656905120239,"NRI_P145",25
"56432",-92.7430665690335,"NRI_P145",50
"56433",1552.004423431,"NRI_P145",100
"56434",-0.00777656905120239,"NRI_P145",25
"56435",458.995523430989,"NRI_P145",50
"56436",928.032123430981,"NRI_P145",100
"56437",-0.00777656905120239,"NRI_P145",25
"56438",60.5353234309587,"NRI_P145",50
"56439",420.654823430988,"NRI_P145",100
"56440",-0.00777656905120239,"NRI_P145",25
"56441",2549.94372343097,"NRI_P145",50
"56442",17.6644234309788,"NRI_P145",100
"56443",-0.00777656905120239,"NRI_P145",25
"56444",845.809623430949,"NRI_P145",50
"56445",212.613823430962,"NRI_P145",100
"56446",-0.00777656905120239,"NRI_P145",25
"56447",70.1221234309487,"NRI_P145",50
"56448",763.286523430957,"NRI_P145",100
"56449",-0.00777656905120239,"NRI_P145",25
"56450",845.809623430949,"NRI_P145",50
"56451",-120.686736569041,"NRI_P145",100
"56452",-0.00777656905120239,"NRI_P145",25
"56453",-11.1073765690089,"NRI_P145",50
"56454",30.2551034310018,"NRI_P145",100
"56455",-0.00777656905120239,"NRI_P145",25
"56456",14.6231234309962,"NRI_P145",50
"56457",3439.33725343097,"NRI_P145",100
"56458",-0.00777656905120239,"NRI_P145",25
"56459",70.1221234309487,"NRI_P145",50
"56460",2147.91325343098,"NRI_P145",100
"56461",-0.00777656905120239,"NRI_P145",25
"56462",90.2357234309893,"NRI_P145",50
"56463",584.628723430971,"NRI_P145",100
"56464",-0.00777656905120239,"NRI_P145",25
"56465",-53.151636569004,"NRI_P145",50
"56466",-71.1077565690503,"NRI_P145",100
"56467",-0.00777656905120239,"NRI_P145",25
"56468",832.659623430984,"NRI_P145",50
"56469",1644.90712343098,"NRI_P145",100
"56470",-0.00777656905120239,"NRI_P145",25
"56471",149.15342343098,"NRI_P145",50
"56472",1821.46732343099,"NRI_P145",100
"56473",-0.00777656905120239,"NRI_P145",25
"56474",1438.85132343095,"NRI_P145",50
"56475",105.997023431002,"NRI_P145",100
"56476",-0.00777656905120239,"NRI_P145",25
"56477",13.2462234309642,"NRI_P145",50
"56478",161.277023430972,"NRI_P145",100
"56479",-0.00777656905120239,"NRI_P145",25
"56480",-44.6956365689985,"NRI_P145",50
"56481",1144.20132343099,"NRI_P145",100
"56482",-0.00777656905120239,"NRI_P145",25
"56483",-7.0653765690513,"NRI_P145",50
"56484",4679.70582343097,"NRI_P145",100
"56485",-0.00777656905120239,"NRI_P145",25
"56486",355.036823430972,"NRI_P145",50
"56487",459.682923430984,"NRI_P145",100
"56488",-0.00777656905120239,"NRI_P145",25
"56489",-40.0155965690501,"NRI_P145",50
"56490",12.4891234309762,"NRI_P145",100
"56491",-0.00777656905120239,"NRI_P145",25
"56492",150.85542343097,"NRI_P145",50
"56493",76.552823430975,"NRI_P145",100
"56494",-0.00777656905120239,"NRI_P145",25
"56495",28.0729234309983,"NRI_P145",50
"56496",210.874013430963,"NRI_P145",100
"56497",-0.00777656905120239,"NRI_P145",25
"56498",129.59582343098,"NRI_P145",50
"56499",-36.4524565690081,"NRI_P145",100
"56500",-0.00777656905120239,"NRI_P145",25
"56501",541.614923430956,"NRI_P145",50
"56502",1639.91950343095,"NRI_P145",100
"56503",-0.00777656905120239,"NRI_P145",25
"56504",271.699123430997,"NRI_P145",50
"56505",50.5743134309887,"NRI_P145",100
"56506",-0.00777656905120239,"NRI_P145",25
"56507",-88.0520165690104,"NRI_P145",50
"56508",2871.19812343095,"NRI_P145",100
"56509",-0.00777656905120239,"NRI_P145",25
"56510",60.5353234309587,"NRI_P145",50
"56511",-145.471506569011,"NRI_P145",100
"56512",-0.00777656905120239,"NRI_P145",25
"56513",1973.009323431,"NRI_P145",50
"56514",4424.13880343095,"NRI_P145",100
"56515",-0.00777656905120239,"NRI_P145",25
"56516",8863.645323431,"NRI_P145",50
"56517",2645.05652343098,"NRI_P145",100
"56518",-0.00777656905120239,"NRI_P145",25
"56519",-17.2617765690084,"NRI_P145",50
"56520",802.624723430956,"NRI_P145",100
"56521",-0.00777656905120239,"NRI_P145",25
"56522",-71.0760865689954,"NRI_P145",50
"56523",2649.82322343095,"NRI_P145",100
"56524",-0.00777656905120239,"NRI_P145",25
"56525",2654.80932343099,"NRI_P145",50
"56526",2272.93042343098,"NRI_P145",100
"56527",-0.00777656905120239,"NRI_P145",25
"56528",1227.68832343095,"NRI_P145",50
"56529",-8.50387656904059,"NRI_P145",100
"56530",-0.00777656905120239,"NRI_P145",25
"56531",-96.1017365690204,"NRI_P145",50
"56532",-7.33704656903865,"NRI_P145",100
"56533",-0.00777656905120239,"NRI_P145",25
"56534",70.1221234309487,"NRI_P145",50
"56535",75.3077634309884,"NRI_P145",100
"56536",-0.00777656905120239,"NRI_P145",25
"56537",-49.7072365690256,"NRI_P145",50
"56538",47.528353430971,"NRI_P145",100
"56539",-0.00777656905120239,"NRI_P145",25
"56540",42.2858234309824,"NRI_P145",50
"56541",1510.60662343097,"NRI_P145",100
"56542",-0.00777656905120239,"NRI_P145",25
"56543",1499.77932343096,"NRI_P145",50
"56544",376.828323430964,"NRI_P145",100
"56545",-0.00777656905120239,"NRI_P145",25
"56546",175.260523431003,"NRI_P145",50
"56547",227.127123430953,"NRI_P145",100
"56548",-0.00777656905120239,"NRI_P145",25
"56549",183.317823430989,"NRI_P145",50
"56550",2659.28525343095,"NRI_P145",100
"56551",-0.00777656905120239,"NRI_P145",25
"56552",692.494223430986,"NRI_P145",50
"56553",2954.97022343095,"NRI_P145",100
"56554",-0.00777656905120239,"NRI_P145",25
"56555",-56.3153065690421,"NRI_P145",50
"56556",442.189123430988,"NRI_P145",100
"56557",-0.00777656905120239,"NRI_P145",25
"56558",-25.2545665689977,"NRI_P145",50
"56559",2620.82322343095,"NRI_P145",100
"56560",-0.00777656905120239,"NRI_P145",25
"56561",814.064423431002,"NRI_P145",50
"56562",-38.326916569029,"NRI_P145",100
"56563",-0.00777656905120239,"NRI_P145",25
"56564",814.064423431002,"NRI_P145",50
"56565",225.015743430995,"NRI_P145",100
"56566",-0.00777656905120239,"NRI_P145",25
"56567",2006.27932343096,"NRI_P145",50
"56568",6421.37512343097,"NRI_P145",100
"56569",-0.00777656905120239,"NRI_P145",25
"56570",63.5031234310009,"NRI_P145",50
"56571",-40.2736965690274,"NRI_P145",100
"56572",-0.00777656905120239,"NRI_P145",25
"56573",-54.5641565690166,"NRI_P145",50
"56574",869.018423430971,"NRI_P145",100
"56575",-0.00777656905120239,"NRI_P145",25
"56576",-65.3046265690355,"NRI_P145",50
"56577",312.293223430985,"NRI_P145",100
"56578",-0.00777656905120239,"NRI_P145",25
"56579",-48.0880565690459,"NRI_P145",50
"56580",126.096393430955,"NRI_P145",100
"56581",-0.00777656905120239,"NRI_P145",25
"56582",134.068823430978,"NRI_P145",50
"56583",401.797123430995,"NRI_P145",100
"56584",-0.00777656905120239,"NRI_P145",25
"56585",447.580123430991,"NRI_P145",50
"56586",2589.093823431,"NRI_P145",100
"56587",-0.00777656905120239,"NRI_P145",25
"56588",378.119623431005,"NRI_P145",50
"56589",342.483923430962,"NRI_P145",100
"56590",-0.00777656905120239,"NRI_P145",25
"56591",333.687023431004,"NRI_P145",50
"56592",753.460543430992,"NRI_P145",100
"56593",-0.00777656905120239,"NRI_P145",25
"56594",-49.9549165689969,"NRI_P145",50
"56595",45.12297343096,"NRI_P145",100
"56596",-0.00777656905120239,"NRI_P145",25
"56597",37.6597234309884,"NRI_P145",50
"56598",-77.5346665690304,"NRI_P145",100
"56599",-0.00777656905120239,"NRI_P145",25
"56600",-89.9996965690516,"NRI_P145",50
"56601",-86.0490365690202,"NRI_P145",100
"56602",-0.00777656905120239,"NRI_P145",25
"56603",-39.0265265690396,"NRI_P145",50
"56604",-100.017756569025,"NRI_P145",100
"56605",-0.00777656905120239,"NRI_P145",25
"56606",-65.8034965690458,"NRI_P145",50
"56607",1129.09342343098,"NRI_P145",100
"56608",-0.00777656905120239,"NRI_P145",25
"56609",-32.3913765690522,"NRI_P145",50
"56610",878.135023430979,"NRI_P145",100
"56611",-0.00777656905120239,"NRI_P145",25
"56612",1141.18832343095,"NRI_P145",50
"56613",2251.56522343098,"NRI_P145",100
"56614",-0.00777656905120239,"NRI_P145",25
"56615",1679.92732343095,"NRI_P145",50
"56616",430.326123430976,"NRI_P145",100
"56617",-0.00777656905120239,"NRI_P145",25
"56618",2583.15572343097,"NRI_P145",50
"56619",3466.45682343096,"NRI_P145",100
"56620",-0.00777656905120239,"NRI_P145",25
"56621",-17.8392765690223,"NRI_P145",50
"56622",169.410523430968,"NRI_P145",100
"56623",-0.00777656905120239,"NRI_P145",25
"56624",56.2651234309888,"NRI_P145",50
"56625",-139.95422656904,"NRI_P145",100
"56626",-0.00777656905120239,"NRI_P145",25
"56627",-36.6491765690153,"NRI_P145",50
"56628",609.985423430975,"NRI_P145",100
"56629",-0.00777656905120239,"NRI_P145",25
"56630",413.140223430994,"NRI_P145",50
"56631",2153.98052343098,"NRI_P145",100
"56632",-0.00777656905120239,"NRI_P145",25
"56633",3.74562343099387,"NRI_P145",50
"56634",231.123423430952,"NRI_P145",100
"56635",-0.00777656905120239,"NRI_P145",25
"56636",1558.92932343099,"NRI_P145",50
"56637",1313.25772343099,"NRI_P145",100
"56638",-0.00777656905120239,"NRI_P145",25
"56639",2695.03832343098,"NRI_P145",50
"56640",2126.70934343099,"NRI_P145",100
"56641",-0.00777656905120239,"NRI_P145",25
"56642",28.491423430969,"NRI_P145",50
"56643",1254.51960343099,"NRI_P145",100
"56644",-0.00777656905120239,"NRI_P145",25
"56645",1314.63372343098,"NRI_P145",50
"56646",233.679923430958,"NRI_P145",100
"56647",-0.00777656905120239,"NRI_P145",25
"56648",-34.4797765690018,"NRI_P145",50
"56649",1661.454023431,"NRI_P145",100
"56650",-0.00777656905120239,"NRI_P145",25
"56651",922.133723430976,"NRI_P145",50
"56652",2779.52382343099,"NRI_P145",100
"56653",-0.00777656905120239,"NRI_P145",25
"56654",-83.113696569053,"NRI_P145",50
"56655",19.162123430986,"NRI_P145",100
"56656",-0.00777656905120239,"NRI_P145",25
"56657",1095.19772343099,"NRI_P145",50
"56658",507.649913430971,"NRI_P145",100
"56659",-0.00777656905120239,"NRI_P145",25
"56660",411.206423430995,"NRI_P145",50
"56661",528.054243430961,"NRI_P145",100
"56662",-0.00777656905120239,"NRI_P145",25
"56663",-62.534846569004,"NRI_P145",50
"56664",5008.62171343097,"NRI_P145",100
"56665",-0.00777656905120239,"NRI_P145",25
"56666",137.839723430981,"NRI_P145",50
"56667",1454.39192343096,"NRI_P145",100
"56668",-0.00777656905120239,"NRI_P145",25
"56669",-55.5896165690501,"NRI_P145",50
"56670",-2.90945656900294,"NRI_P145",100
"56671",-0.00777656905120239,"NRI_P145",25
"56672",-59.8652465690393,"NRI_P145",50
"56673",-110.145996569016,"NRI_P145",100
"56674",-0.00777656905120239,"NRI_P145",25
"56675",2641.81832343095,"NRI_P145",50
"56676",2910.965023431,"NRI_P145",100
"56677",-0.00777656905120239,"NRI_P145",25
"56678",12.5086234309711,"NRI_P145",50
"56679",962.511923430953,"NRI_P145",100
"56680",-0.00777656905120239,"NRI_P145",25
"56681",197.505223430984,"NRI_P145",50
"56682",507.794223430974,"NRI_P145",100
"56683",-0.00777656905120239,"NRI_P145",25
"56684",391.890723430959,"NRI_P145",50
"56685",1201.51382343099,"NRI_P145",100
"56686",-0.00777656905120239,"NRI_P145",25
"56687",3501.86432343099,"NRI_P145",50
"56688",1328.538623431,"NRI_P145",100
"56689",-0.00777656905120239,"NRI_P145",25
"56690",5065.39932343096,"NRI_P145",50
"56691",4546.17022343096,"NRI_P145",100
"56692",-0.00777656905120239,"NRI_P145",25
"56693",1256.102323431,"NRI_P145",50
"56694",22795.488023431,"NRI_P145",100
"56695",-0.00777656905120239,"NRI_P145",25
"56696",21.0858234309708,"NRI_P145",50
"56697",3741.066823431,"NRI_P145",100
"56698",-0.00777656905120239,"NRI_P145",25
"56699",-66.9815365690156,"NRI_P145",50
"56700",348.304423430993,"NRI_P145",100
"56701",0.00333047501044348,"NRI_P146",25
"56702",-17993.537669525,"NRI_P146",50
"56703",-19225.542469525,"NRI_P146",100
"56704",0.00333047501044348,"NRI_P146",25
"56705",11.3393404750386,"NRI_P146",50
"56706",-19083.843919525,"NRI_P146",100
"56707",0.00333047501044348,"NRI_P146",25
"56708",-0.690519524971023,"NRI_P146",50
"56709",-18884.450119525,"NRI_P146",100
"56710",0.00333047501044348,"NRI_P146",25
"56711",-19189.937529525,"NRI_P146",50
"56712",-18220.926019525,"NRI_P146",100
"56713",0.00333047501044348,"NRI_P146",25
"56714",106.284980475029,"NRI_P146",50
"56715",-18695.494859525,"NRI_P146",100
"56716",0.00333047501044348,"NRI_P146",25
"56717",-18617.265869525,"NRI_P146",50
"56718",-19069.119879525,"NRI_P146",100
"56719",0.00333047501044348,"NRI_P146",25
"56720",535.869980474992,"NRI_P146",50
"56721",-19088.962259525,"NRI_P146",100
"56722",0.00333047501044348,"NRI_P146",25
"56723",-19238.442559525,"NRI_P146",50
"56724",-18315.193999525,"NRI_P146",100
"56725",0.00333047501044348,"NRI_P146",25
"56726",-18662.244469525,"NRI_P146",50
"56727",-18952.306119525,"NRI_P146",100
"56728",0.00333047501044348,"NRI_P146",25
"56729",1223.962080475,"NRI_P146",50
"56730",-19220.730259525,"NRI_P146",100
"56731",0.00333047501044348,"NRI_P146",25
"56732",-18611.382269525,"NRI_P146",50
"56733",-19211.742109525,"NRI_P146",100
"56734",0.00333047501044348,"NRI_P146",25
"56735",748.122880475014,"NRI_P146",50
"56736",-18406.424219525,"NRI_P146",100
"56737",0.00333047501044348,"NRI_P146",25
"56738",-19215.705459525,"NRI_P146",50
"56739",-18855.990819525,"NRI_P146",100
"56740",0.00333047501044348,"NRI_P146",25
"56741",-19101.189969525,"NRI_P146",50
"56742",-18847.072699525,"NRI_P146",100
"56743",0.00333047501044348,"NRI_P146",25
"56744",-18892.376569525,"NRI_P146",50
"56745",-19206.009429525,"NRI_P146",100
"56746",0.00333047501044348,"NRI_P146",25
"56747",-17127.967669525,"NRI_P146",50
"56748",-17905.766919525,"NRI_P146",100
"56749",0.00333047501044348,"NRI_P146",25
"56750",-19248.056859525,"NRI_P146",50
"56751",-16427.718779525,"NRI_P146",100
"56752",0.00333047501044348,"NRI_P146",25
"56753",566.927980475011,"NRI_P146",50
"56754",-19130.116679525,"NRI_P146",100
"56755",0.00333047501044348,"NRI_P146",25
"56756",-19058.064769525,"NRI_P146",50
"56757",-19115.066819525,"NRI_P146",100
"56758",0.00333047501044348,"NRI_P146",25
"56759",-19106.049469525,"NRI_P146",50
"56760",-18111.836519525,"NRI_P146",100
"56761",0.00333047501044348,"NRI_P146",25
"56762",-10.4711595249828,"NRI_P146",50
"56763",-15789.359999525,"NRI_P146",100
"56764",0.00333047501044348,"NRI_P146",25
"56765",-19067.906369525,"NRI_P146",50
"56766",-19236.227929525,"NRI_P146",100
"56767",0.00333047501044348,"NRI_P146",25
"56768",-18803.184069525,"NRI_P146",50
"56769",-18172.526419525,"NRI_P146",100
"56770",0.00333047501044348,"NRI_P146",25
"56771",-6.76814952498535,"NRI_P146",50
"56772",-16299.910919525,"NRI_P146",100
"56773",0.00333047501044348,"NRI_P146",25
"56774",-19241.942639525,"NRI_P146",50
"56775",-16615.644119525,"NRI_P146",100
"56776",0.00333047501044348,"NRI_P146",25
"56777",220.211580475036,"NRI_P146",50
"56778",-2328.118819525,"NRI_P146",100
"56779",0.00333047501044348,"NRI_P146",25
"56780",-19221.707439525,"NRI_P146",50
"56781",-18717.096609525,"NRI_P146",100
"56782",0.00333047501044348,"NRI_P146",25
"56783",157.520980475005,"NRI_P146",50
"56784",-19120.126859525,"NRI_P146",100
"56785",0.00333047501044348,"NRI_P146",25
"56786",91.9992804750218,"NRI_P146",50
"56787",-18918.944519525,"NRI_P146",100
"56788",0.00333047501044348,"NRI_P146",25
"56789",-13411.486669525,"NRI_P146",50
"56790",-19005.920869525,"NRI_P146",100
"56791",0.00333047501044348,"NRI_P146",25
"56792",-18655.329569525,"NRI_P146",50
"56793",-17896.826619525,"NRI_P146",100
"56794",0.00333047501044348,"NRI_P146",25
"56795",-18567.489569525,"NRI_P146",50
"56796",-16910.293519525,"NRI_P146",100
"56797",0.00333047501044348,"NRI_P146",25
"56798",32.4932504750323,"NRI_P146",50
"56799",-18690.623989525,"NRI_P146",100
"56800",0.00333047501044348,"NRI_P146",25
"56801",1175.29208047502,"NRI_P146",50
"56802",-19189.801679525,"NRI_P146",100
"56803",0.00333047501044348,"NRI_P146",25
"56804",-18691.575769525,"NRI_P146",50
"56805",-19223.551869525,"NRI_P146",100
"56806",0.00333047501044348,"NRI_P146",25
"56807",-18519.858769525,"NRI_P146",50
"56808",-16788.458919525,"NRI_P146",100
"56809",0.00333047501044348,"NRI_P146",25
"56810",1.52798047504621,"NRI_P146",50
"56811",-18694.320879525,"NRI_P146",100
"56812",0.00333047501044348,"NRI_P146",25
"56813",87.7414804750006,"NRI_P146",50
"56814",-18862.957219525,"NRI_P146",100
"56815",0.00333047501044348,"NRI_P146",25
"56816",82.8725804749993,"NRI_P146",50
"56817",-19143.565299525,"NRI_P146",100
"56818",0.00333047501044348,"NRI_P146",25
"56819",217.280680475,"NRI_P146",50
"56820",-16376.716819525,"NRI_P146",100
"56821",0.00333047501044348,"NRI_P146",25
"56822",-4.95206952496665,"NRI_P146",50
"56823",-16666.894519525,"NRI_P146",100
"56824",0.00333047501044348,"NRI_P146",25
"56825",167.373580475047,"NRI_P146",50
"56826",-19170.158039525,"NRI_P146",100
"56827",0.00333047501044348,"NRI_P146",25
"56828",36.9768104749965,"NRI_P146",50
"56829",-18825.581619525,"NRI_P146",100
"56830",0.00333047501044348,"NRI_P146",25
"56831",240.385380475025,"NRI_P146",50
"56832",-18988.625279525,"NRI_P146",100
"56833",0.00333047501044348,"NRI_P146",25
"56834",1779.59408047504,"NRI_P146",50
"56835",-18533.287519525,"NRI_P146",100
"56836",0.00333047501044348,"NRI_P146",25
"56837",-19226.937419525,"NRI_P146",50
"56838",-19242.950909525,"NRI_P146",100
"56839",0.00333047501044348,"NRI_P146",25
"56840",11.5873404750018,"NRI_P146",50
"56841",-15192.648719525,"NRI_P146",100
"56842",0.00333047501044348,"NRI_P146",25
"56843",977.437080475036,"NRI_P146",50
"56844",-18255.749719525,"NRI_P146",100
"56845",0.00333047501044348,"NRI_P146",25
"56846",-15759.307669525,"NRI_P146",50
"56847",-14477.840329525,"NRI_P146",100
"56848",0.00333047501044348,"NRI_P146",25
"56849",-17707.793669525,"NRI_P146",50
"56850",-18699.100919525,"NRI_P146",100
"56851",0.00333047501044348,"NRI_P146",25
"56852",9.03942047501914,"NRI_P146",50
"56853",-19113.066689525,"NRI_P146",100
"56854",0.00333047501044348,"NRI_P146",25
"56855",6.60674047499197,"NRI_P146",50
"56856",-18547.252619525,"NRI_P146",100
"56857",0.00333047501044348,"NRI_P146",25
"56858",-18901.851269525,"NRI_P146",50
"56859",-18712.404619525,"NRI_P146",100
"56860",0.00333047501044348,"NRI_P146",25
"56861",54.9714804750402,"NRI_P146",50
"56862",-17207.927999525,"NRI_P146",100
"56863",0.00333047501044348,"NRI_P146",25
"56864",-15971.713669525,"NRI_P146",50
"56865",-18862.320419525,"NRI_P146",100
"56866",0.00333047501044348,"NRI_P146",25
"56867",157.520980475005,"NRI_P146",50
"56868",-18872.732919525,"NRI_P146",100
"56869",0.00333047501044348,"NRI_P146",25
"56870",74.2090804750333,"NRI_P146",50
"56871",-19162.442419525,"NRI_P146",100
"56872",0.00333047501044348,"NRI_P146",25
"56873",97.8249804750085,"NRI_P146",50
"56874",-18974.279579525,"NRI_P146",100
"56875",0.00333047501044348,"NRI_P146",25
"56876",-18901.851269525,"NRI_P146",50
"56877",-17863.337619525,"NRI_P146",100
"56878",0.00333047501044348,"NRI_P146",25
"56879",-15433.280669525,"NRI_P146",50
"56880",-18997.172619525,"NRI_P146",100
"56881",0.00333047501044348,"NRI_P146",25
"56882",11.3393404750386,"NRI_P146",50
"56883",-19062.712819525,"NRI_P146",100
"56884",0.00333047501044348,"NRI_P146",25
"56885",352.680380475009,"NRI_P146",50
"56886",-16104.633719525,"NRI_P146",100
"56887",0.00333047501044348,"NRI_P146",25
"56888",-19170.433569525,"NRI_P146",50
"56889",-18763.520369525,"NRI_P146",100
"56890",0.00333047501044348,"NRI_P146",25
"56891",-17854.650669525,"NRI_P146",50
"56892",-18519.317199525,"NRI_P146",100
"56893",0.00333047501044348,"NRI_P146",25
"56894",341.593380475009,"NRI_P146",50
"56895",-19034.027219525,"NRI_P146",100
"56896",0.00333047501044348,"NRI_P146",25
"56897",-19090.184469525,"NRI_P146",50
"56898",-19244.240369525,"NRI_P146",100
"56899",0.00333047501044348,"NRI_P146",25
"56900",561.802580474992,"NRI_P146",50
"56901",-16608.649819525,"NRI_P146",100
"56902",0.00333047501044348,"NRI_P146",25
"56903",-18635.072169525,"NRI_P146",50
"56904",-17598.673819525,"NRI_P146",100
"56905",0.00333047501044348,"NRI_P146",25
"56906",-14438.917669525,"NRI_P146",50
"56907",-18774.384619525,"NRI_P146",100
"56908",0.00333047501044348,"NRI_P146",25
"56909",-19142.094369525,"NRI_P146",50
"56910",-18367.326319525,"NRI_P146",100
"56911",0.00333047501044348,"NRI_P146",25
"56912",-19231.892819525,"NRI_P146",50
"56913",-18479.849439525,"NRI_P146",100
"56914",0.00333047501044348,"NRI_P146",25
"56915",136.756280475005,"NRI_P146",50
"56916",-19212.005719525,"NRI_P146",100
"56917",0.00333047501044348,"NRI_P146",25
"56918",552.927280475036,"NRI_P146",50
"56919",-18653.279289525,"NRI_P146",100
"56920",0.00333047501044348,"NRI_P146",25
"56921",729.441980475036,"NRI_P146",50
"56922",-18548.884799525,"NRI_P146",100
"56923",0.00333047501044348,"NRI_P146",25
"56924",120.063280475035,"NRI_P146",50
"56925",-18601.658089525,"NRI_P146",100
"56926",0.00333047501044348,"NRI_P146",25
"56927",1056.65908047504,"NRI_P146",50
"56928",-15232.923419525,"NRI_P146",100
"56929",0.00333047501044348,"NRI_P146",25
"56930",54.9714804750402,"NRI_P146",50
"56931",-19179.579049525,"NRI_P146",100
"56932",0.00333047501044348,"NRI_P146",25
"56933",9.00626047502737,"NRI_P146",50
"56934",-18624.030989525,"NRI_P146",100
"56935",0.00333047501044348,"NRI_P146",25
"56936",200.360580475011,"NRI_P146",50
"56937",-17740.878719525,"NRI_P146",100
"56938",0.00333047501044348,"NRI_P146",25
"56939",-18901.851269525,"NRI_P146",50
"56940",-19158.264499525,"NRI_P146",100
"56941",0.00333047501044348,"NRI_P146",25
"56942",169.507380474999,"NRI_P146",50
"56943",-18920.746699525,"NRI_P146",100
"56944",0.00333047501044348,"NRI_P146",25
"56945",-18661.642569525,"NRI_P146",50
"56946",-15766.079149525,"NRI_P146",100
"56947",0.00333047501044348,"NRI_P146",25
"56948",50.8170804750407,"NRI_P146",50
"56949",-18292.346989525,"NRI_P146",100
"56950",0.00333047501044348,"NRI_P146",25
"56951",-19158.079569525,"NRI_P146",50
"56952",-19230.099849525,"NRI_P146",100
"56953",0.00333047501044348,"NRI_P146",25
"56954",615.55848047504,"NRI_P146",50
"56955",-17482.645819525,"NRI_P146",100
"56956",0.00333047501044348,"NRI_P146",25
"56957",-19122.846569525,"NRI_P146",50
"56958",-17229.301939525,"NRI_P146",100
"56959",0.00333047501044348,"NRI_P146",25
"56960",198.589480474999,"NRI_P146",50
"56961",-18981.490249525,"NRI_P146",100
"56962",0.00333047501044348,"NRI_P146",25
"56963",144.997980475018,"NRI_P146",50
"56964",-17545.086119525,"NRI_P146",100
"56965",0.00333047501044348,"NRI_P146",25
"56966",79.9992804750218,"NRI_P146",50
"56967",-18643.408219525,"NRI_P146",100
"56968",0.00333047501044348,"NRI_P146",25
"56969",-15.4976195250056,"NRI_P146",50
"56970",-19056.541439525,"NRI_P146",100
"56971",0.00333047501044348,"NRI_P146",25
"56972",-8.37151952495333,"NRI_P146",50
"56973",-18971.634259525,"NRI_P146",100
"56974",0.00333047501044348,"NRI_P146",25
"56975",-19214.926519525,"NRI_P146",50
"56976",-19086.568919525,"NRI_P146",100
"56977",0.00333047501044348,"NRI_P146",25
"56978",-18991.965069525,"NRI_P146",50
"56979",-18359.323339525,"NRI_P146",100
"56980",0.00333047501044348,"NRI_P146",25
"56981",-18040.850669525,"NRI_P146",50
"56982",-19172.098889525,"NRI_P146",100
"56983",0.00333047501044348,"NRI_P146",25
"56984",-3198.07666952501,"NRI_P146",50
"56985",-18257.927719525,"NRI_P146",100
"56986",0.00333047501044348,"NRI_P146",25
"56987",-19137.080469525,"NRI_P146",50
"56988",-19147.313409525,"NRI_P146",100
"56989",0.00333047501044348,"NRI_P146",25
"56990",168.703380474995,"NRI_P146",50
"56991",-17051.328819525,"NRI_P146",100
"56992",0.00333047501044348,"NRI_P146",25
"56993",-19156.815769525,"NRI_P146",50
"56994",-15776.407729525,"NRI_P146",100
"56995",0.00333047501044348,"NRI_P146",25
"56996",95.9820804750198,"NRI_P146",50
"56997",-18859.199769525,"NRI_P146",100
"56998",0.00333047501044348,"NRI_P146",25
"56999",-16813.177669525,"NRI_P146",50
"57000",-15402.439369525,"NRI_P146",100
"57001",-2.39050132222474e-05,"NRI_P147",25
"57002",-2.39050132222474e-05,"NRI_P147",50
"57003",-62.4165239050053,"NRI_P147",100
"57004",-2.39050132222474e-05,"NRI_P147",25
"57005",-2.39050132222474e-05,"NRI_P147",50
"57006",15.2708060949808,"NRI_P147",100
"57007",-2.39050132222474e-05,"NRI_P147",25
"57008",-2.39050132222474e-05,"NRI_P147",50
"57009",67.5979760949849,"NRI_P147",100
"57010",-2.39050132222474e-05,"NRI_P147",25
"57011",-2.39050132222474e-05,"NRI_P147",50
"57012",-172.281123904977,"NRI_P147",100
"57013",-2.39050132222474e-05,"NRI_P147",25
"57014",-2.39050132222474e-05,"NRI_P147",50
"57015",-2266.43392390502,"NRI_P147",100
"57016",-2.39050132222474e-05,"NRI_P147",25
"57017",-2.39050132222474e-05,"NRI_P147",50
"57018",521.521076094999,"NRI_P147",100
"57019",-2.39050132222474e-05,"NRI_P147",25
"57020",-2.39050132222474e-05,"NRI_P147",50
"57021",-3012.69584390498,"NRI_P147",100
"57022",-2.39050132222474e-05,"NRI_P147",25
"57023",-2.39050132222474e-05,"NRI_P147",50
"57024",226.245516095019,"NRI_P147",100
"57025",-2.39050132222474e-05,"NRI_P147",25
"57026",-2.39050132222474e-05,"NRI_P147",50
"57027",127.000776094967,"NRI_P147",100
"57028",-2.39050132222474e-05,"NRI_P147",25
"57029",-2.39050132222474e-05,"NRI_P147",50
"57030",293.708566094982,"NRI_P147",100
"57031",-2.39050132222474e-05,"NRI_P147",25
"57032",-2.39050132222474e-05,"NRI_P147",50
"57033",279.637306094985,"NRI_P147",100
"57034",-2.39050132222474e-05,"NRI_P147",25
"57035",-2.39050132222474e-05,"NRI_P147",50
"57036",358.482376094966,"NRI_P147",100
"57037",-2.39050132222474e-05,"NRI_P147",25
"57038",-2.39050132222474e-05,"NRI_P147",50
"57039",-5010.35482390499,"NRI_P147",100
"57040",-2.39050132222474e-05,"NRI_P147",25
"57041",-2.39050132222474e-05,"NRI_P147",50
"57042",-107.662623904995,"NRI_P147",100
"57043",-2.39050132222474e-05,"NRI_P147",25
"57044",-2.39050132222474e-05,"NRI_P147",50
"57045",9.68706609500805,"NRI_P147",100
"57046",-2.39050132222474e-05,"NRI_P147",25
"57047",-2.39050132222474e-05,"NRI_P147",50
"57048",-449.543493904988,"NRI_P147",100
"57049",-2.39050132222474e-05,"NRI_P147",25
"57050",-2.39050132222474e-05,"NRI_P147",50
"57051",4.26329609501408,"NRI_P147",100
"57052",-2.39050132222474e-05,"NRI_P147",25
"57053",-2.39050132222474e-05,"NRI_P147",50
"57054",-3040.69302390498,"NRI_P147",100
"57055",-2.39050132222474e-05,"NRI_P147",25
"57056",-2.39050132222474e-05,"NRI_P147",50
"57057",8.24269609496696,"NRI_P147",100
"57058",-2.39050132222474e-05,"NRI_P147",25
"57059",-2.39050132222474e-05,"NRI_P147",50
"57060",2081.00269609498,"NRI_P147",100
"57061",-2.39050132222474e-05,"NRI_P147",25
"57062",-2.39050132222474e-05,"NRI_P147",50
"57063",4013.65299609501,"NRI_P147",100
"57064",-2.39050132222474e-05,"NRI_P147",25
"57065",-2.39050132222474e-05,"NRI_P147",50
"57066",-2.39050132222474e-05,"NRI_P147",100
"57067",-2.39050132222474e-05,"NRI_P147",25
"57068",-2.39050132222474e-05,"NRI_P147",50
"57069",225.807076095021,"NRI_P147",100
"57070",-2.39050132222474e-05,"NRI_P147",25
"57071",-2.39050132222474e-05,"NRI_P147",50
"57072",747.182776094996,"NRI_P147",100
"57073",-2.39050132222474e-05,"NRI_P147",25
"57074",-2.39050132222474e-05,"NRI_P147",50
"57075",-174.408053905005,"NRI_P147",100
"57076",-2.39050132222474e-05,"NRI_P147",25
"57077",-2.39050132222474e-05,"NRI_P147",50
"57078",853.978876094974,"NRI_P147",100
"57079",-2.39050132222474e-05,"NRI_P147",25
"57080",-2.39050132222474e-05,"NRI_P147",50
"57081",-1355.27963390498,"NRI_P147",100
"57082",-2.39050132222474e-05,"NRI_P147",25
"57083",-2.39050132222474e-05,"NRI_P147",50
"57084",6.31266609497834,"NRI_P147",100
"57085",-2.39050132222474e-05,"NRI_P147",25
"57086",-2.39050132222474e-05,"NRI_P147",50
"57087",3538.74733609497,"NRI_P147",100
"57088",-2.39050132222474e-05,"NRI_P147",25
"57089",-2.39050132222474e-05,"NRI_P147",50
"57090",-210.967223905027,"NRI_P147",100
"57091",-2.39050132222474e-05,"NRI_P147",25
"57092",-2.39050132222474e-05,"NRI_P147",50
"57093",-4028.18502390501,"NRI_P147",100
"57094",-2.39050132222474e-05,"NRI_P147",25
"57095",-2.39050132222474e-05,"NRI_P147",50
"57096",-162.898443904996,"NRI_P147",100
"57097",-2.39050132222474e-05,"NRI_P147",25
"57098",-2.39050132222474e-05,"NRI_P147",50
"57099",-83.8939239049796,"NRI_P147",100
"57100",-2.39050132222474e-05,"NRI_P147",25
"57101",-2.39050132222474e-05,"NRI_P147",50
"57102",-5.90098390501225,"NRI_P147",100
"57103",-2.39050132222474e-05,"NRI_P147",25
"57104",-2.39050132222474e-05,"NRI_P147",50
"57105",-1057.11892390501,"NRI_P147",100
"57106",-2.39050132222474e-05,"NRI_P147",25
"57107",-2.39050132222474e-05,"NRI_P147",50
"57108",-4654.331793905,"NRI_P147",100
"57109",-2.39050132222474e-05,"NRI_P147",25
"57110",-2.39050132222474e-05,"NRI_P147",50
"57111",2527.72787609498,"NRI_P147",100
"57112",-2.39050132222474e-05,"NRI_P147",25
"57113",-2.39050132222474e-05,"NRI_P147",50
"57114",240.833406094986,"NRI_P147",100
"57115",-2.39050132222474e-05,"NRI_P147",25
"57116",-2.39050132222474e-05,"NRI_P147",50
"57117",14.2182760949945,"NRI_P147",100
"57118",-2.39050132222474e-05,"NRI_P147",25
"57119",-2.39050132222474e-05,"NRI_P147",50
"57120",-35.3888239050284,"NRI_P147",100
"57121",-2.39050132222474e-05,"NRI_P147",25
"57122",-2.39050132222474e-05,"NRI_P147",50
"57123",-2789.45542390499,"NRI_P147",100
"57124",-2.39050132222474e-05,"NRI_P147",25
"57125",-2.39050132222474e-05,"NRI_P147",50
"57126",-15.6523939049803,"NRI_P147",100
"57127",-2.39050132222474e-05,"NRI_P147",25
"57128",-2.39050132222474e-05,"NRI_P147",50
"57129",623.401776094979,"NRI_P147",100
"57130",-2.39050132222474e-05,"NRI_P147",25
"57131",-2.39050132222474e-05,"NRI_P147",50
"57132",-66.6866839050199,"NRI_P147",100
"57133",-2.39050132222474e-05,"NRI_P147",25
"57134",-2.39050132222474e-05,"NRI_P147",50
"57135",-5701.46162390499,"NRI_P147",100
"57136",-2.39050132222474e-05,"NRI_P147",25
"57137",-2.39050132222474e-05,"NRI_P147",50
"57138",1578.70587609499,"NRI_P147",100
"57139",-2.39050132222474e-05,"NRI_P147",25
"57140",-2.39050132222474e-05,"NRI_P147",50
"57141",254.49187609501,"NRI_P147",100
"57142",-2.39050132222474e-05,"NRI_P147",25
"57143",-2.39050132222474e-05,"NRI_P147",50
"57144",265.643676095002,"NRI_P147",100
"57145",-2.39050132222474e-05,"NRI_P147",25
"57146",-2.39050132222474e-05,"NRI_P147",50
"57147",-6.26548390497919,"NRI_P147",100
"57148",-2.39050132222474e-05,"NRI_P147",25
"57149",-2.39050132222474e-05,"NRI_P147",50
"57150",-138.537023905024,"NRI_P147",100
"57151",-2.39050132222474e-05,"NRI_P147",25
"57152",-2.39050132222474e-05,"NRI_P147",50
"57153",-2216.43082390499,"NRI_P147",100
"57154",-2.39050132222474e-05,"NRI_P147",25
"57155",-2.39050132222474e-05,"NRI_P147",50
"57156",1070.29227609502,"NRI_P147",100
"57157",-2.39050132222474e-05,"NRI_P147",25
"57158",-2.39050132222474e-05,"NRI_P147",50
"57159",-437.078753905022,"NRI_P147",100
"57160",-2.39050132222474e-05,"NRI_P147",25
"57161",-2.39050132222474e-05,"NRI_P147",50
"57162",542.715076095017,"NRI_P147",100
"57163",-2.39050132222474e-05,"NRI_P147",25
"57164",-2.39050132222474e-05,"NRI_P147",50
"57165",-725.469723905029,"NRI_P147",100
"57166",-2.39050132222474e-05,"NRI_P147",25
"57167",-2.39050132222474e-05,"NRI_P147",50
"57168",-1.60345390503062,"NRI_P147",100
"57169",-2.39050132222474e-05,"NRI_P147",25
"57170",-2.39050132222474e-05,"NRI_P147",50
"57171",-248.526393904991,"NRI_P147",100
"57172",-2.39050132222474e-05,"NRI_P147",25
"57173",-2.39050132222474e-05,"NRI_P147",50
"57174",-226.53911390499,"NRI_P147",100
"57175",-2.39050132222474e-05,"NRI_P147",25
"57176",-2.39050132222474e-05,"NRI_P147",50
"57177",-20.9550239050295,"NRI_P147",100
"57178",-2.39050132222474e-05,"NRI_P147",25
"57179",-2.39050132222474e-05,"NRI_P147",50
"57180",-2436.437323905,"NRI_P147",100
"57181",-2.39050132222474e-05,"NRI_P147",25
"57182",-2.39050132222474e-05,"NRI_P147",50
"57183",662.069306095014,"NRI_P147",100
"57184",-2.39050132222474e-05,"NRI_P147",25
"57185",-2.39050132222474e-05,"NRI_P147",50
"57186",-18.5403239050065,"NRI_P147",100
"57187",-2.39050132222474e-05,"NRI_P147",25
"57188",-2.39050132222474e-05,"NRI_P147",50
"57189",281.414266094973,"NRI_P147",100
"57190",-2.39050132222474e-05,"NRI_P147",25
"57191",-2.39050132222474e-05,"NRI_P147",50
"57192",-2374.87639390503,"NRI_P147",100
"57193",-2.39050132222474e-05,"NRI_P147",25
"57194",-2.39050132222474e-05,"NRI_P147",50
"57195",-1312.92392390501,"NRI_P147",100
"57196",-2.39050132222474e-05,"NRI_P147",25
"57197",-2.39050132222474e-05,"NRI_P147",50
"57198",19.3711460949853,"NRI_P147",100
"57199",-2.39050132222474e-05,"NRI_P147",25
"57200",-2.39050132222474e-05,"NRI_P147",50
"57201",18.586376095016,"NRI_P147",100
"57202",-2.39050132222474e-05,"NRI_P147",25
"57203",-2.39050132222474e-05,"NRI_P147",50
"57204",1731.19197609497,"NRI_P147",100
"57205",-2.39050132222474e-05,"NRI_P147",25
"57206",-2.39050132222474e-05,"NRI_P147",50
"57207",10.4245760950143,"NRI_P147",100
"57208",-2.39050132222474e-05,"NRI_P147",25
"57209",-2.39050132222474e-05,"NRI_P147",50
"57210",-406.332223905018,"NRI_P147",100
"57211",-2.39050132222474e-05,"NRI_P147",25
"57212",-2.39050132222474e-05,"NRI_P147",50
"57213",-641.458823904977,"NRI_P147",100
"57214",-2.39050132222474e-05,"NRI_P147",25
"57215",-2.39050132222474e-05,"NRI_P147",50
"57216",-203.414923904988,"NRI_P147",100
"57217",-2.39050132222474e-05,"NRI_P147",25
"57218",-2.39050132222474e-05,"NRI_P147",50
"57219",-387.490233905031,"NRI_P147",100
"57220",-2.39050132222474e-05,"NRI_P147",25
"57221",-2.39050132222474e-05,"NRI_P147",50
"57222",-559.936423905019,"NRI_P147",100
"57223",-2.39050132222474e-05,"NRI_P147",25
"57224",-2.39050132222474e-05,"NRI_P147",50
"57225",-1785.61202390498,"NRI_P147",100
"57226",-2.39050132222474e-05,"NRI_P147",25
"57227",-2.39050132222474e-05,"NRI_P147",50
"57228",-1281.88719390502,"NRI_P147",100
"57229",-2.39050132222474e-05,"NRI_P147",25
"57230",-2.39050132222474e-05,"NRI_P147",50
"57231",-12.8446839050157,"NRI_P147",100
"57232",-2.39050132222474e-05,"NRI_P147",25
"57233",-2.39050132222474e-05,"NRI_P147",50
"57234",-3922.935733905,"NRI_P147",100
"57235",-2.39050132222474e-05,"NRI_P147",25
"57236",-2.39050132222474e-05,"NRI_P147",50
"57237",310.930366094981,"NRI_P147",100
"57238",-2.39050132222474e-05,"NRI_P147",25
"57239",-2.39050132222474e-05,"NRI_P147",50
"57240",-2734.209223905,"NRI_P147",100
"57241",-2.39050132222474e-05,"NRI_P147",25
"57242",-2.39050132222474e-05,"NRI_P147",50
"57243",45.8675660949666,"NRI_P147",100
"57244",-2.39050132222474e-05,"NRI_P147",25
"57245",-2.39050132222474e-05,"NRI_P147",50
"57246",1531.05677609501,"NRI_P147",100
"57247",-2.39050132222474e-05,"NRI_P147",25
"57248",-2.39050132222474e-05,"NRI_P147",50
"57249",-1798.04062390502,"NRI_P147",100
"57250",-2.39050132222474e-05,"NRI_P147",25
"57251",-2.39050132222474e-05,"NRI_P147",50
"57252",-2798.46678390499,"NRI_P147",100
"57253",-2.39050132222474e-05,"NRI_P147",25
"57254",-2.39050132222474e-05,"NRI_P147",50
"57255",1388.09546609502,"NRI_P147",100
"57256",-2.39050132222474e-05,"NRI_P147",25
"57257",-2.39050132222474e-05,"NRI_P147",50
"57258",-1041.22192390502,"NRI_P147",100
"57259",-2.39050132222474e-05,"NRI_P147",25
"57260",-2.39050132222474e-05,"NRI_P147",50
"57261",252.485276094987,"NRI_P147",100
"57262",-2.39050132222474e-05,"NRI_P147",25
"57263",-2.39050132222474e-05,"NRI_P147",50
"57264",2210.885076095,"NRI_P147",100
"57265",-2.39050132222474e-05,"NRI_P147",25
"57266",-2.39050132222474e-05,"NRI_P147",50
"57267",3993.17037609499,"NRI_P147",100
"57268",-2.39050132222474e-05,"NRI_P147",25
"57269",-2.39050132222474e-05,"NRI_P147",50
"57270",28.5412760949694,"NRI_P147",100
"57271",-2.39050132222474e-05,"NRI_P147",25
"57272",-2.39050132222474e-05,"NRI_P147",50
"57273",455.374496094999,"NRI_P147",100
"57274",-2.39050132222474e-05,"NRI_P147",25
"57275",-2.39050132222474e-05,"NRI_P147",50
"57276",241.119676094968,"NRI_P147",100
"57277",-2.39050132222474e-05,"NRI_P147",25
"57278",-2.39050132222474e-05,"NRI_P147",50
"57279",229.307976095006,"NRI_P147",100
"57280",-2.39050132222474e-05,"NRI_P147",25
"57281",-2.39050132222474e-05,"NRI_P147",50
"57282",-6314.85222390498,"NRI_P147",100
"57283",-2.39050132222474e-05,"NRI_P147",25
"57284",-2.39050132222474e-05,"NRI_P147",50
"57285",-8080.98539390502,"NRI_P147",100
"57286",-2.39050132222474e-05,"NRI_P147",25
"57287",-2.39050132222474e-05,"NRI_P147",50
"57288",-0.0947939049801789,"NRI_P147",100
"57289",-2.39050132222474e-05,"NRI_P147",25
"57290",-2.39050132222474e-05,"NRI_P147",50
"57291",-327.725733904983,"NRI_P147",100
"57292",-2.39050132222474e-05,"NRI_P147",25
"57293",-2.39050132222474e-05,"NRI_P147",50
"57294",-875.524743905,"NRI_P147",100
"57295",-2.39050132222474e-05,"NRI_P147",25
"57296",-2.39050132222474e-05,"NRI_P147",50
"57297",174.619776094973,"NRI_P147",100
"57298",-2.39050132222474e-05,"NRI_P147",25
"57299",-2.39050132222474e-05,"NRI_P147",50
"57300",5672.65257609502,"NRI_P147",100
"57301",78.593415209034,"NRI_P148",25
"57302",1365.71991520899,"NRI_P148",50
"57303",-5439.31598479097,"NRI_P148",100
"57304",-1445.32389479096,"NRI_P148",25
"57305",-4215.20814479096,"NRI_P148",50
"57306",-5023.84818479099,"NRI_P148",100
"57307",-2967.362794791,"NRI_P148",25
"57308",-1019.76141479099,"NRI_P148",50
"57309",-7332.66089479096,"NRI_P148",100
"57310",-3557.23709479097,"NRI_P148",25
"57311",-1683.27143479098,"NRI_P148",50
"57312",-9229.93556479097,"NRI_P148",100
"57313",-3207.07789479097,"NRI_P148",25
"57314",-4467.65909479099,"NRI_P148",50
"57315",-9488.73751479096,"NRI_P148",100
"57316",3199.07651520905,"NRI_P148",25
"57317",-4405.12225479097,"NRI_P148",50
"57318",-6510.21497479099,"NRI_P148",100
"57319",4602.99851520901,"NRI_P148",25
"57320",-5047.69149479095,"NRI_P148",50
"57321",-8729.555424791,"NRI_P148",100
"57322",-3397.41389479098,"NRI_P148",25
"57323",-1894.38776479097,"NRI_P148",50
"57324",-5104.46758479101,"NRI_P148",100
"57325",-11.902554790955,"NRI_P148",25
"57326",3082.97231520904,"NRI_P148",50
"57327",-8318.265704791,"NRI_P148",100
"57328",153.014105209033,"NRI_P148",25
"57329",-2472.819894791,"NRI_P148",50
"57330",-9748.46573479101,"NRI_P148",100
"57331",244.146015209029,"NRI_P148",25
"57332",-4157.79269479099,"NRI_P148",50
"57333",-7563.52866479097,"NRI_P148",100
"57334",-863.561594790954,"NRI_P148",25
"57335",-3773.52979479096,"NRI_P148",50
"57336",8451.60906520899,"NRI_P148",100
"57337",-1050.780794791,"NRI_P148",25
"57338",-4875.47613479098,"NRI_P148",50
"57339",-9462.02127479098,"NRI_P148",100
"57340",-2926.15618479101,"NRI_P148",25
"57341",-3967.41959479096,"NRI_P148",50
"57342",-6013.91092479101,"NRI_P148",100
"57343",-1225.101694791,"NRI_P148",25
"57344",-1228.60159479099,"NRI_P148",50
"57345",-5832.92478479096,"NRI_P148",100
"57346",-3690.892844791,"NRI_P148",25
"57347",-5148.66269479098,"NRI_P148",50
"57348",-4883.70118479099,"NRI_P148",100
"57349",-3574.87549479096,"NRI_P148",25
"57350",9297.91510520899,"NRI_P148",50
"57351",315.916915209033,"NRI_P148",100
"57352",-1359.93159479101,"NRI_P148",25
"57353",-4036.25029479101,"NRI_P148",50
"57354",-7217.74832479097,"NRI_P148",100
"57355",-2887.88990479097,"NRI_P148",25
"57356",-4177.67261479096,"NRI_P148",50
"57357",-7923.30718479096,"NRI_P148",100
"57358",19.3505552090355,"NRI_P148",25
"57359",-1495.31268479099,"NRI_P148",50
"57360",-9400.91642479098,"NRI_P148",100
"57361",-780.722294790961,"NRI_P148",25
"57362",-5012.57499479101,"NRI_P148",50
"57363",-3700.26498479099,"NRI_P148",100
"57364",3800.82910520904,"NRI_P148",25
"57365",-2574.83208479098,"NRI_P148",50
"57366",-7682.32404479099,"NRI_P148",100
"57367",-1993.83755479101,"NRI_P148",25
"57368",-801.716084790998,"NRI_P148",50
"57369",-4334.369284791,"NRI_P148",100
"57370",-3647.22519479098,"NRI_P148",25
"57371",-1003.45578479097,"NRI_P148",50
"57372",-8964.81928479101,"NRI_P148",100
"57373",52.8451052090386,"NRI_P148",25
"57374",-6548.07053479098,"NRI_P148",50
"57375",-5904.36228479096,"NRI_P148",100
"57376",-2557.52789479098,"NRI_P148",25
"57377",-4600.80489479098,"NRI_P148",50
"57378",-342.856774790969,"NRI_P148",100
"57379",-2845.240194791,"NRI_P148",25
"57380",3042.50501520903,"NRI_P148",50
"57381",-5437.880284791,"NRI_P148",100
"57382",-1129.44969479099,"NRI_P148",25
"57383",-1266.99777479097,"NRI_P148",50
"57384",-5536.43248479097,"NRI_P148",100
"57385",-1189.92119479098,"NRI_P148",25
"57386",3309.97426520899,"NRI_P148",50
"57387",-5343.30437479098,"NRI_P148",100
"57388",430.653915208997,"NRI_P148",25
"57389",831.423615209002,"NRI_P148",50
"57390",-7822.33548479096,"NRI_P148",100
"57391",-1267.09152479097,"NRI_P148",25
"57392",-3381.24938479101,"NRI_P148",50
"57393",4796.55003520899,"NRI_P148",100
"57394",1133.67151520902,"NRI_P148",25
"57395",-2358.46045479097,"NRI_P148",50
"57396",-7085.83298479096,"NRI_P148",100
"57397",-492.413094791002,"NRI_P148",25
"57398",-3702.01949479099,"NRI_P148",50
"57399",-9164.76053479098,"NRI_P148",100
"57400",47.1569152090233,"NRI_P148",25
"57401",-3343.11708479101,"NRI_P148",50
"57402",224.22864520899,"NRI_P148",100
"57403",1702.38610520901,"NRI_P148",25
"57404",-621.39377479098,"NRI_P148",50
"57405",-6999.28730479098,"NRI_P148",100
"57406",-2886.96576479101,"NRI_P148",25
"57407",-5423.61179479101,"NRI_P148",50
"57408",-6979.009084791,"NRI_P148",100
"57409",-14.1700247909757,"NRI_P148",25
"57410",-2899.752494791,"NRI_P148",50
"57411",-8264.02018479101,"NRI_P148",100
"57412",-881.209094790975,"NRI_P148",25
"57413",-3968.181494791,"NRI_P148",50
"57414",-8002.35448479099,"NRI_P148",100
"57415",20.7876452089986,"NRI_P148",25
"57416",11.450805208995,"NRI_P148",50
"57417",-8909.29181479098,"NRI_P148",100
"57418",-3349.55139479099,"NRI_P148",25
"57419",-3903.62489479099,"NRI_P148",50
"57420",-9494.96703479096,"NRI_P148",100
"57421",-2228.76989479101,"NRI_P148",25
"57422",-3489.72779479099,"NRI_P148",50
"57423",-7827.738284791,"NRI_P148",100
"57424",86.9868152090348,"NRI_P148",25
"57425",-2351.642684791,"NRI_P148",50
"57426",-7432.913484791,"NRI_P148",100
"57427",5096.23710520903,"NRI_P148",25
"57428",-1962.822784791,"NRI_P148",50
"57429",-5637.09688479098,"NRI_P148",100
"57430",-1947.70039479097,"NRI_P148",25
"57431",-4224.45725479099,"NRI_P148",50
"57432",-5645.76196479099,"NRI_P148",100
"57433",-2526.48269479099,"NRI_P148",25
"57434",-1167.23288479098,"NRI_P148",50
"57435",-7342.10952479095,"NRI_P148",100
"57436",479.047105209029,"NRI_P148",25
"57437",-3011.21788479097,"NRI_P148",50
"57438",-6433.07327479101,"NRI_P148",100
"57439",-1122.55489479098,"NRI_P148",25
"57440",-1861.86609479098,"NRI_P148",50
"57441",-4867.131584791,"NRI_P148",100
"57442",-942.773394791002,"NRI_P148",25
"57443",-3475.09259479097,"NRI_P148",50
"57444",-3528.99092479097,"NRI_P148",100
"57445",-3290.02279479097,"NRI_P148",25
"57446",-467.398684790998,"NRI_P148",50
"57447",-5707.99852479098,"NRI_P148",100
"57448",-1190.263494791,"NRI_P148",25
"57449",-4910.49749479099,"NRI_P148",50
"57450",-7613.33818479098,"NRI_P148",100
"57451",56.7458152089966,"NRI_P148",25
"57452",6335.69640520902,"NRI_P148",50
"57453",-7823.83217479096,"NRI_P148",100
"57454",458.221105209028,"NRI_P148",25
"57455",-3156.53428479098,"NRI_P148",50
"57456",-7136.560614791,"NRI_P148",100
"57457",1259.21710520901,"NRI_P148",25
"57458",-6240.15239479096,"NRI_P148",50
"57459",20.4819952090038,"NRI_P148",100
"57460",-1483.00579479098,"NRI_P148",25
"57461",1597.760515209,"NRI_P148",50
"57462",-4163.997884791,"NRI_P148",100
"57463",-3658.77349479101,"NRI_P148",25
"57464",-3140.30249479099,"NRI_P148",50
"57465",-8338.22930479096,"NRI_P148",100
"57466",-2389.97689479101,"NRI_P148",25
"57467",-1305.45248479099,"NRI_P148",50
"57468",-6212.21653479099,"NRI_P148",100
"57469",-3511.156994791,"NRI_P148",25
"57470",-4110.455994791,"NRI_P148",50
"57471",-7586.382784791,"NRI_P148",100
"57472",-2887.88990479097,"NRI_P148",25
"57473",-4643.03339479101,"NRI_P148",50
"57474",-5584.06647479098,"NRI_P148",100
"57475",-3658.136194791,"NRI_P148",25
"57476",-2000.44978479098,"NRI_P148",50
"57477",-5907.92238479096,"NRI_P148",100
"57478",-523.132894790964,"NRI_P148",25
"57479",-4784.49435479101,"NRI_P148",50
"57480",-6171.442884791,"NRI_P148",100
"57481",-3306.14139479096,"NRI_P148",25
"57482",-5357.73399479099,"NRI_P148",50
"57483",305.732935209002,"NRI_P148",100
"57484",-1672.884894791,"NRI_P148",25
"57485",2916.26910520904,"NRI_P148",50
"57486",-4613.33098479098,"NRI_P148",100
"57487",197.337815209001,"NRI_P148",25
"57488",-2394.19789479097,"NRI_P148",50
"57489",-9347.77426479099,"NRI_P148",100
"57490",634.333815209044,"NRI_P148",25
"57491",-2296.05818479101,"NRI_P148",50
"57492",-8564.00349479099,"NRI_P148",100
"57493",-1846.00589479099,"NRI_P148",25
"57494",144.566615209042,"NRI_P148",50
"57495",6427.88011520903,"NRI_P148",100
"57496",-2833.14329479099,"NRI_P148",25
"57497",-940.003094790969,"NRI_P148",50
"57498",-3155.03148479096,"NRI_P148",100
"57499",-3084.72029479098,"NRI_P148",25
"57500",-2578.19289479096,"NRI_P148",50
"57501",-3414.774724791,"NRI_P148",100
"57502",2457.57510520902,"NRI_P148",25
"57503",621.71791520901,"NRI_P148",50
"57504",-4280.78217479098,"NRI_P148",100
"57505",-1802.71059479099,"NRI_P148",25
"57506",-5436.83139479096,"NRI_P148",50
"57507",-9224.20557479101,"NRI_P148",100
"57508",62.4102152090054,"NRI_P148",25
"57509",1777.81841520901,"NRI_P148",50
"57510",-2954.97832479101,"NRI_P148",100
"57511",-2605.73129479098,"NRI_P148",25
"57512",-2988.30768479098,"NRI_P148",50
"57513",-9409.882494791,"NRI_P148",100
"57514",156.968415209034,"NRI_P148",25
"57515",-4760.105394791,"NRI_P148",50
"57516",-7522.79667479097,"NRI_P148",100
"57517",-8.96749479096616,"NRI_P148",25
"57518",-3542.822394791,"NRI_P148",50
"57519",2242.56071520899,"NRI_P148",100
"57520",-533.682594790997,"NRI_P148",25
"57521",-3660.23589479097,"NRI_P148",50
"57522",-605.887894790969,"NRI_P148",100
"57523",-2719.740294791,"NRI_P148",25
"57524",-936.188694790995,"NRI_P148",50
"57525",-7308.18378479098,"NRI_P148",100
"57526",-1483.92489479098,"NRI_P148",25
"57527",-2537.21398479096,"NRI_P148",50
"57528",-745.560184790986,"NRI_P148",100
"57529",-587.759894791001,"NRI_P148",25
"57530",-2645.81849479099,"NRI_P148",50
"57531",-6128.20033479098,"NRI_P148",100
"57532",2066.10651520902,"NRI_P148",25
"57533",-1395.57018479099,"NRI_P148",50
"57534",-8641.11062479101,"NRI_P148",100
"57535",-2748.12819479097,"NRI_P148",25
"57536",-827.024784790992,"NRI_P148",50
"57537",-9569.56482479098,"NRI_P148",100
"57538",-1993.95884479099,"NRI_P148",25
"57539",-115.650684790977,"NRI_P148",50
"57540",-7141.55023479101,"NRI_P148",100
"57541",-869.637794790964,"NRI_P148",25
"57542",-4956.189184791,"NRI_P148",50
"57543",-5826.594654791,"NRI_P148",100
"57544",-1139.14759479096,"NRI_P148",25
"57545",-2233.08218479098,"NRI_P148",50
"57546",-8830.01454479096,"NRI_P148",100
"57547",121.899815209035,"NRI_P148",25
"57548",-1224.592254791,"NRI_P148",50
"57549",-4625.69828479097,"NRI_P148",100
"57550",133.962315209035,"NRI_P148",25
"57551",-4079.07273479097,"NRI_P148",50
"57552",-7170.00792479096,"NRI_P148",100
"57553",1406.14851520903,"NRI_P148",25
"57554",-5616.82819479099,"NRI_P148",50
"57555",-5162.58145479095,"NRI_P148",100
"57556",-1483.92489479098,"NRI_P148",25
"57557",-4717.24709479098,"NRI_P148",50
"57558",-8010.37569479097,"NRI_P148",100
"57559",-1147.91289479099,"NRI_P148",25
"57560",-2786.50289479096,"NRI_P148",50
"57561",-6841.13085479097,"NRI_P148",100
"57562",-11.902554790955,"NRI_P148",25
"57563",-2799.63358479098,"NRI_P148",50
"57564",-8043.01988479099,"NRI_P148",100
"57565",904.124515208998,"NRI_P148",25
"57566",-3676.49439479096,"NRI_P148",50
"57567",-8945.34438479098,"NRI_P148",100
"57568",-2803.26199479098,"NRI_P148",25
"57569",-2742.37708479096,"NRI_P148",50
"57570",-2195.61708479101,"NRI_P148",100
"57571",-524.312194790982,"NRI_P148",25
"57572",-4398.26929479098,"NRI_P148",50
"57573",-7574.25341479096,"NRI_P148",100
"57574",247.333215209015,"NRI_P148",25
"57575",-4991.44049479096,"NRI_P148",50
"57576",-7587.49338479096,"NRI_P148",100
"57577",-2428.36599479098,"NRI_P148",25
"57578",-1086.69576479099,"NRI_P148",50
"57579",-9260.27087479096,"NRI_P148",100
"57580",-1531.67669479101,"NRI_P148",25
"57581",3111.86981520901,"NRI_P148",50
"57582",-7342.21343479096,"NRI_P148",100
"57583",-3569.29959479097,"NRI_P148",25
"57584",-4397.969494791,"NRI_P148",50
"57585",-2106.97220479097,"NRI_P148",100
"57586",-3064.86949479097,"NRI_P148",25
"57587",-6539.58827479096,"NRI_P148",50
"57588",-6420.045784791,"NRI_P148",100
"57589",-532.688894791005,"NRI_P148",25
"57590",-1338.88058479095,"NRI_P148",50
"57591",-8443.08038479096,"NRI_P148",100
"57592",-3652.006094791,"NRI_P148",25
"57593",1254.42340520903,"NRI_P148",50
"57594",-8322.823694791,"NRI_P148",100
"57595",-1139.14759479096,"NRI_P148",25
"57596",435.449205209035,"NRI_P148",50
"57597",-6202.29654479097,"NRI_P148",100
"57598",-377.721894791001,"NRI_P148",25
"57599",-6147.51436479099,"NRI_P148",50
"57600",-5160.00368479098,"NRI_P148",100
"57601",481.672874806492,"NRI_P149",25
"57602",-734.6907551935,"NRI_P149",50
"57603",166.469414806488,"NRI_P149",100
"57604",-453.560825193505,"NRI_P149",25
"57605",-481.277665193513,"NRI_P149",50
"57606",-1349.53074519351,"NRI_P149",100
"57607",-443.331125193508,"NRI_P149",25
"57608",-1187.78383519351,"NRI_P149",50
"57609",-940.695205193508,"NRI_P149",100
"57610",-158.749345193501,"NRI_P149",25
"57611",129.1202848065,"NRI_P149",50
"57612",-758.499955193503,"NRI_P149",100
"57613",-266.1461351935,"NRI_P149",25
"57614",-610.649135193511,"NRI_P149",50
"57615",247.3190448065,"NRI_P149",100
"57616",-353.936125193504,"NRI_P149",25
"57617",271.599824806501,"NRI_P149",50
"57618",-630.400505193509,"NRI_P149",100
"57619",493.049944806495,"NRI_P149",25
"57620",-1104.09470519351,"NRI_P149",50
"57621",-589.736825193511,"NRI_P149",100
"57622",-352.087925193511,"NRI_P149",25
"57623",-297.83637519351,"NRI_P149",50
"57624",-1191.8200951935,"NRI_P149",100
"57625",19.6424348064902,"NRI_P149",25
"57626",-479.739525193509,"NRI_P149",50
"57627",-373.633355193509,"NRI_P149",100
"57628",-485.475395193513,"NRI_P149",25
"57629",-918.9889851935,"NRI_P149",50
"57630",-1105.81289519351,"NRI_P149",100
"57631",-298.420785193506,"NRI_P149",25
"57632",3.82527480649878,"NRI_P149",50
"57633",-1009.66293519351,"NRI_P149",100
"57634",-413.614475193506,"NRI_P149",25
"57635",-401.470765193502,"NRI_P149",50
"57636",-405.226585193508,"NRI_P149",100
"57637",86.9089948064939,"NRI_P149",25
"57638",-759.374485193504,"NRI_P149",50
"57639",-931.621675193499,"NRI_P149",100
"57640",-293.112735193499,"NRI_P149",25
"57641",-747.082795193506,"NRI_P149",50
"57642",-1685.7829151935,"NRI_P149",100
"57643",124.129384806496,"NRI_P149",25
"57644",-702.630625193502,"NRI_P149",50
"57645",-1478.39793519351,"NRI_P149",100
"57646",61.862424806488,"NRI_P149",25
"57647",-597.619435193512,"NRI_P149",50
"57648",-1526.99149519351,"NRI_P149",100
"57649",-231.984735193502,"NRI_P149",25
"57650",-997.720325193499,"NRI_P149",50
"57651",-1730.75585519351,"NRI_P149",100
"57652",-609.861225193512,"NRI_P149",25
"57653",-735.931665193508,"NRI_P149",50
"57654",-1860.5616751935,"NRI_P149",100
"57655",29.7293548064918,"NRI_P149",25
"57656",-910.786465193509,"NRI_P149",50
"57657",-1356.44284519351,"NRI_P149",100
"57658",-369.723375193513,"NRI_P149",25
"57659",-1228.1747751935,"NRI_P149",50
"57660",-601.15652519351,"NRI_P149",100
"57661",-264.145125193507,"NRI_P149",25
"57662",-319.11272519351,"NRI_P149",50
"57663",-1311.4714151935,"NRI_P149",100
"57664",-468.95965519351,"NRI_P149",25
"57665",-875.812485193499,"NRI_P149",50
"57666",-190.646915193502,"NRI_P149",100
"57667",-509.484335193512,"NRI_P149",25
"57668",444.154014806496,"NRI_P149",50
"57669",-1691.9265651935,"NRI_P149",100
"57670",79.4107648064964,"NRI_P149",25
"57671",-464.8481651935,"NRI_P149",50
"57672",-1305.2910851935,"NRI_P149",100
"57673",-183.91069519351,"NRI_P149",25
"57674",-388.088535193499,"NRI_P149",50
"57675",-1193.37358519351,"NRI_P149",100
"57676",-421.0523851935,"NRI_P149",25
"57677",-770.98153519351,"NRI_P149",50
"57678",-1756.84092519351,"NRI_P149",100
"57679",57.0511548064969,"NRI_P149",25
"57680",-461.517715193506,"NRI_P149",50
"57681",-1469.0982051935,"NRI_P149",100
"57682",-137.9280751935,"NRI_P149",25
"57683",-113.592615193513,"NRI_P149",50
"57684",-50.8639051935024,"NRI_P149",100
"57685",-247.515745193508,"NRI_P149",25
"57686",703.960654806491,"NRI_P149",50
"57687",-802.305875193502,"NRI_P149",100
"57688",-311.489975193501,"NRI_P149",25
"57689",-583.149285193504,"NRI_P149",50
"57690",394.06007480649,"NRI_P149",100
"57691",-279.986495193501,"NRI_P149",25
"57692",-491.326625193513,"NRI_P149",50
"57693",-1122.5978751935,"NRI_P149",100
"57694",-360.746425193502,"NRI_P149",25
"57695",-95.1715251935093,"NRI_P149",50
"57696",-1704.22554519351,"NRI_P149",100
"57697",-458.89414519351,"NRI_P149",25
"57698",-590.609945193501,"NRI_P149",50
"57699",-1668.0379151935,"NRI_P149",100
"57700",-530.367535193509,"NRI_P149",25
"57701",-861.81161519351,"NRI_P149",50
"57702",-1146.26084519351,"NRI_P149",100
"57703",-489.741385193513,"NRI_P149",25
"57704",-654.779245193509,"NRI_P149",50
"57705",-1352.42139519351,"NRI_P149",100
"57706",-51.1394351935014,"NRI_P149",25
"57707",442.1440548065,"NRI_P149",50
"57708",-1111.15545519351,"NRI_P149",100
"57709",-125.76033519351,"NRI_P149",25
"57710",-1051.14457519351,"NRI_P149",50
"57711",-1481.8262451935,"NRI_P149",100
"57712",-345.726675193509,"NRI_P149",25
"57713",271.803534806488,"NRI_P149",50
"57714",-1195.3160551935,"NRI_P149",100
"57715",-277.345115193501,"NRI_P149",25
"57716",-410.680635193508,"NRI_P149",50
"57717",-1304.4055151935,"NRI_P149",100
"57718",-137.639715193509,"NRI_P149",25
"57719",-918.656085193506,"NRI_P149",50
"57720",-697.856205193501,"NRI_P149",100
"57721",54.9571548064996,"NRI_P149",25
"57722",-21.6277351934987,"NRI_P149",50
"57723",-958.936975193501,"NRI_P149",100
"57724",-627.953355193502,"NRI_P149",25
"57725",-585.592885193502,"NRI_P149",50
"57726",-69.2918051935121,"NRI_P149",100
"57727",-211.341325193513,"NRI_P149",25
"57728",838.136654806498,"NRI_P149",50
"57729",-1280.9974951935,"NRI_P149",100
"57730",-246.116745193503,"NRI_P149",25
"57731",-753.546565193508,"NRI_P149",50
"57732",-1254.53587519351,"NRI_P149",100
"57733",-646.763825193499,"NRI_P149",25
"57734",-362.37497519351,"NRI_P149",50
"57735",-1319.8183751935,"NRI_P149",100
"57736",-112.154345193499,"NRI_P149",25
"57737",-912.120135193501,"NRI_P149",50
"57738",-1667.38231519351,"NRI_P149",100
"57739",-306.275235193505,"NRI_P149",25
"57740",-512.247105193499,"NRI_P149",50
"57741",-342.503045193502,"NRI_P149",100
"57742",-205.513145193501,"NRI_P149",25
"57743",-804.703355193502,"NRI_P149",50
"57744",-1248.1985851935,"NRI_P149",100
"57745",12.2573948064964,"NRI_P149",25
"57746",-788.519735193506,"NRI_P149",50
"57747",-1000.50043519351,"NRI_P149",100
"57748",-553.002715193506,"NRI_P149",25
"57749",-227.720265193508,"NRI_P149",50
"57750",-1197.50594519351,"NRI_P149",100
"57751",-70.6710451935069,"NRI_P149",25
"57752",-520.914625193502,"NRI_P149",50
"57753",-972.767185193501,"NRI_P149",100
"57754",-459.480895193512,"NRI_P149",25
"57755",574.106694806498,"NRI_P149",50
"57756",-1538.24265519351,"NRI_P149",100
"57757",63.8063648064999,"NRI_P149",25
"57758",-508.786185193501,"NRI_P149",50
"57759",-1084.9519451935,"NRI_P149",100
"57760",58.6892548064934,"NRI_P149",25
"57761",-631.445755193505,"NRI_P149",50
"57762",-775.899865193511,"NRI_P149",100
"57763",-172.15824519351,"NRI_P149",25
"57764",-553.687085193509,"NRI_P149",50
"57765",-340.135755193507,"NRI_P149",100
"57766",-288.039325193502,"NRI_P149",25
"57767",-972.151415193512,"NRI_P149",50
"57768",-1506.8749451935,"NRI_P149",100
"57769",550.5609648065,"NRI_P149",25
"57770",19.3449948064954,"NRI_P149",50
"57771",-959.565335193503,"NRI_P149",100
"57772",-570.301475193512,"NRI_P149",25
"57773",-471.536345193512,"NRI_P149",50
"57774",-1467.9352051935,"NRI_P149",100
"57775",189.779754806499,"NRI_P149",25
"57776",-581.502755193505,"NRI_P149",50
"57777",-1434.43140519351,"NRI_P149",100
"57778",-204.872835193499,"NRI_P149",25
"57779",694.472474806491,"NRI_P149",50
"57780",33.6034448064893,"NRI_P149",100
"57781",-260.655555193502,"NRI_P149",25
"57782",-463.022775193502,"NRI_P149",50
"57783",1103.98661480649,"NRI_P149",100
"57784",-269.493575193512,"NRI_P149",25
"57785",-866.698015193499,"NRI_P149",50
"57786",-242.072455193513,"NRI_P149",100
"57787",-506.027925193499,"NRI_P149",25
"57788",660.160954806488,"NRI_P149",50
"57789",-1994.57863519351,"NRI_P149",100
"57790",-148.242055193507,"NRI_P149",25
"57791",-404.98239519351,"NRI_P149",50
"57792",-1735.87656519351,"NRI_P149",100
"57793",-106.577895193506,"NRI_P149",25
"57794",-273.590795193508,"NRI_P149",50
"57795",-1122.88876519351,"NRI_P149",100
"57796",107.057674806492,"NRI_P149",25
"57797",-634.0908151935,"NRI_P149",50
"57798",-253.962385193503,"NRI_P149",100
"57799",900.5854648065,"NRI_P149",25
"57800",-674.323425193506,"NRI_P149",50
"57801",-848.820805193507,"NRI_P149",100
"57802",-582.8341951935,"NRI_P149",25
"57803",-866.39831519351,"NRI_P149",50
"57804",-1148.4999551935,"NRI_P149",100
"57805",-543.4367151935,"NRI_P149",25
"57806",-787.875325193512,"NRI_P149",50
"57807",-1572.0862151935,"NRI_P149",100
"57808",-186.161085193511,"NRI_P149",25
"57809",-954.866265193501,"NRI_P149",50
"57810",-1936.64728519351,"NRI_P149",100
"57811",-377.754995193507,"NRI_P149",25
"57812",-1158.59118519351,"NRI_P149",50
"57813",-1092.2361551935,"NRI_P149",100
"57814",103.935164806491,"NRI_P149",25
"57815",-258.680835193503,"NRI_P149",50
"57816",-859.393345193501,"NRI_P149",100
"57817",-290.4168551935,"NRI_P149",25
"57818",-478.828185193503,"NRI_P149",50
"57819",-1712.6543051935,"NRI_P149",100
"57820",-13.7229351935093,"NRI_P149",25
"57821",-128.264055193504,"NRI_P149",50
"57822",-1319.0979551935,"NRI_P149",100
"57823",-570.706025193504,"NRI_P149",25
"57824",-309.2683851935,"NRI_P149",50
"57825",-1103.7008951935,"NRI_P149",100
"57826",-333.893135193503,"NRI_P149",25
"57827",-434.459055193511,"NRI_P149",50
"57828",-705.68201519351,"NRI_P149",100
"57829",-439.153025193504,"NRI_P149",25
"57830",-640.0388451935,"NRI_P149",50
"57831",-751.230785193504,"NRI_P149",100
"57832",66.0220748064894,"NRI_P149",25
"57833",-433.068565193505,"NRI_P149",50
"57834",-1523.4436351935,"NRI_P149",100
"57835",234.882774806494,"NRI_P149",25
"57836",842.64548480649,"NRI_P149",50
"57837",-1394.1781251935,"NRI_P149",100
"57838",-482.112105193504,"NRI_P149",25
"57839",-662.781205193503,"NRI_P149",50
"57840",-1116.8697051935,"NRI_P149",100
"57841",-419.455095193509,"NRI_P149",25
"57842",-576.786485193501,"NRI_P149",50
"57843",-1330.3636351935,"NRI_P149",100
"57844",242.485264806499,"NRI_P149",25
"57845",-607.073825193511,"NRI_P149",50
"57846",-156.477925193511,"NRI_P149",100
"57847",-218.1900251935,"NRI_P149",25
"57848",-1072.15476519351,"NRI_P149",50
"57849",-497.28496519351,"NRI_P149",100
"57850",-442.711925193507,"NRI_P149",25
"57851",-931.107285193502,"NRI_P149",50
"57852",-860.433845193504,"NRI_P149",100
"57853",62.7812748064898,"NRI_P149",25
"57854",-1259.01904519351,"NRI_P149",50
"57855",-1959.6704251935,"NRI_P149",100
"57856",-386.663915193509,"NRI_P149",25
"57857",-620.714445193502,"NRI_P149",50
"57858",6.87160480649618,"NRI_P149",100
"57859",-64.5837451935076,"NRI_P149",25
"57860",-755.475485193499,"NRI_P149",50
"57861",-261.091555193503,"NRI_P149",100
"57862",-438.989215193506,"NRI_P149",25
"57863",-836.193185193508,"NRI_P149",50
"57864",-1729.78912519351,"NRI_P149",100
"57865",466.258374806494,"NRI_P149",25
"57866",-948.672595193508,"NRI_P149",50
"57867",-826.148585193499,"NRI_P149",100
"57868",135.007344806494,"NRI_P149",25
"57869",-799.4588951935,"NRI_P149",50
"57870",-827.854845193506,"NRI_P149",100
"57871",-53.1629351935117,"NRI_P149",25
"57872",-555.657135193513,"NRI_P149",50
"57873",171.655504806491,"NRI_P149",100
"57874",-278.626545193503,"NRI_P149",25
"57875",-1093.19370519351,"NRI_P149",50
"57876",-1134.6319151935,"NRI_P149",100
"57877",-319.159115193499,"NRI_P149",25
"57878",-958.395975193504,"NRI_P149",50
"57879",-1493.4956051935,"NRI_P149",100
"57880",-53.0462851935008,"NRI_P149",25
"57881",-235.342125193507,"NRI_P149",50
"57882",-277.992255193501,"NRI_P149",100
"57883",-162.271495193505,"NRI_P149",25
"57884",-76.3675851935113,"NRI_P149",50
"57885",-827.970075193502,"NRI_P149",100
"57886",241.450954806496,"NRI_P149",25
"57887",-352.107855193506,"NRI_P149",50
"57888",-1800.4565751935,"NRI_P149",100
"57889",-473.399425193507,"NRI_P149",25
"57890",-978.467465193506,"NRI_P149",50
"57891",176.4555648065,"NRI_P149",100
"57892",-571.7786151935,"NRI_P149",25
"57893",-634.752115193507,"NRI_P149",50
"57894",756.142614806493,"NRI_P149",100
"57895",-284.172755193504,"NRI_P149",25
"57896",-816.488935193513,"NRI_P149",50
"57897",-1772.79051519351,"NRI_P149",100
"57898",-215.239125193504,"NRI_P149",25
"57899",-35.5380251934985,"NRI_P149",50
"57900",-1266.16344519351,"NRI_P149",100
"57901",46.7409209290054,"NRI_P150",25
"57902",-240.469519071004,"NRI_P150",50
"57903",267.922280929008,"NRI_P150",100
"57904",23.6434109289985,"NRI_P150",25
"57905",72.4564709289989,"NRI_P150",50
"57906",1473.148800929,"NRI_P150",100
"57907",395.590540928999,"NRI_P150",25
"57908",143.801910929003,"NRI_P150",50
"57909",99.8500909290015,"NRI_P150",100
"57910",-2.66043907099811,"NRI_P150",25
"57911",1623.927490929,"NRI_P150",50
"57912",4611.641490929,"NRI_P150",100
"57913",76.2216609290044,"NRI_P150",25
"57914",-174.384649070998,"NRI_P150",50
"57915",622.842500929008,"NRI_P150",100
"57916",-15.4182490709936,"NRI_P150",25
"57917",-89.6131590709992,"NRI_P150",50
"57918",2120.102630929,"NRI_P150",100
"57919",-86.6395290710061,"NRI_P150",25
"57920",23.287150928998,"NRI_P150",50
"57921",1692.798080929,"NRI_P150",100
"57922",11.3875909290073,"NRI_P150",25
"57923",-21.8258490709995,"NRI_P150",50
"57924",-167.020259070996,"NRI_P150",100
"57925",621.090460929001,"NRI_P150",25
"57926",39.8719709290017,"NRI_P150",50
"57927",1347.480540929,"NRI_P150",100
"57928",99.0721409289981,"NRI_P150",25
"57929",238.283830928995,"NRI_P150",50
"57930",1758.184930929,"NRI_P150",100
"57931",983.021000929002,"NRI_P150",25
"57932",-194.621889071001,"NRI_P150",50
"57933",974.020030928994,"NRI_P150",100
"57934",-383.388529071002,"NRI_P150",25
"57935",220.701190929001,"NRI_P150",50
"57936",-616.567709070994,"NRI_P150",100
"57937",452.950910928994,"NRI_P150",25
"57938",160.926180929004,"NRI_P150",50
"57939",-102.547499071006,"NRI_P150",100
"57940",44.2374609289982,"NRI_P150",25
"57941",-171.184859071,"NRI_P150",50
"57942",225.979680928998,"NRI_P150",100
"57943",-203.155749070997,"NRI_P150",25
"57944",262.581980928997,"NRI_P150",50
"57945",108.257990929007,"NRI_P150",100
"57946",396.583450929,"NRI_P150",25
"57947",58.933580929006,"NRI_P150",50
"57948",-482.862179071002,"NRI_P150",100
"57949",19.1817109289987,"NRI_P150",25
"57950",617.401590929003,"NRI_P150",50
"57951",233.064260929008,"NRI_P150",100
"57952",-53.2011090710002,"NRI_P150",25
"57953",281.959840929005,"NRI_P150",50
"57954",-269.519599071005,"NRI_P150",100
"57955",191.338520928999,"NRI_P150",25
"57956",510.922530929005,"NRI_P150",50
"57957",-208.419859071,"NRI_P150",100
"57958",-18.6763190710044,"NRI_P150",25
"57959",108.481430928994,"NRI_P150",50
"57960",-722.800269070998,"NRI_P150",100
"57961",601.495530928994,"NRI_P150",25
"57962",-94.9471190710028,"NRI_P150",50
"57963",886.201530929,"NRI_P150",100
"57964",-220.856039071004,"NRI_P150",25
"57965",-361.142769070997,"NRI_P150",50
"57966",274.551570929005,"NRI_P150",100
"57967",-100.309479071002,"NRI_P150",25
"57968",31.9204609290027,"NRI_P150",50
"57969",355.341850929006,"NRI_P150",100
"57970",-156.603579071001,"NRI_P150",25
"57971",500.415560929003,"NRI_P150",50
"57972",1218.635210929,"NRI_P150",100
"57973",68.0010309289937,"NRI_P150",25
"57974",73.1269109290006,"NRI_P150",50
"57975",4622.760900929,"NRI_P150",100
"57976",356.266420928994,"NRI_P150",25
"57977",204.256030928998,"NRI_P150",50
"57978",1076.52892092901,"NRI_P150",100
"57979",1088.468930929,"NRI_P150",25
"57980",519.998940928999,"NRI_P150",50
"57981",1648.601670929,"NRI_P150",100
"57982",1237.503930929,"NRI_P150",25
"57983",293.334230929002,"NRI_P150",50
"57984",254.281390928998,"NRI_P150",100
"57985",46.7884309289948,"NRI_P150",25
"57986",137.894450929001,"NRI_P150",50
"57987",1681.70104092899,"NRI_P150",100
"57988",170.291560929007,"NRI_P150",25
"57989",394.940590929007,"NRI_P150",50
"57990",835.694820928999,"NRI_P150",100
"57991",346.476710928997,"NRI_P150",25
"57992",-460.345439070996,"NRI_P150",50
"57993",682.687560929,"NRI_P150",100
"57994",505.004240929004,"NRI_P150",25
"57995",-79.095899071006,"NRI_P150",50
"57996",430.569880929004,"NRI_P150",100
"57997",-172.620979070998,"NRI_P150",25
"57998",-100.932479070994,"NRI_P150",50
"57999",303.811720929007,"NRI_P150",100
"58000",148.266630929007,"NRI_P150",25
"58001",265.666230928997,"NRI_P150",50
"58002",1110.137000929,"NRI_P150",100
"58003",-112.989559070993,"NRI_P150",25
"58004",-339.164939070994,"NRI_P150",50
"58005",302.759620929006,"NRI_P150",100
"58006",-169.275579070993,"NRI_P150",25
"58007",-18.876549070992,"NRI_P150",50
"58008",938.005770928998,"NRI_P150",100
"58009",149.262970929005,"NRI_P150",25
"58010",1715.846210929,"NRI_P150",50
"58011",-1.15061907100608,"NRI_P150",100
"58012",60.8785609290062,"NRI_P150",25
"58013",-181.830549071004,"NRI_P150",50
"58014",214.732190929004,"NRI_P150",100
"58015",539.611020929005,"NRI_P150",25
"58016",-399.516669071003,"NRI_P150",50
"58017",183.806170929005,"NRI_P150",100
"58018",-197.656119071005,"NRI_P150",25
"58019",802.565980928994,"NRI_P150",50
"58020",-179.074489071005,"NRI_P150",100
"58021",1819.03314092899,"NRI_P150",25
"58022",-325.064749070996,"NRI_P150",50
"58023",2246.317300929,"NRI_P150",100
"58024",-43.2240190709999,"NRI_P150",25
"58025",272.681890929001,"NRI_P150",50
"58026",-60.8750690710003,"NRI_P150",100
"58027",549.689800929002,"NRI_P150",25
"58028",323.861140929002,"NRI_P150",50
"58029",-266.397159070999,"NRI_P150",100
"58030",209.698780929,"NRI_P150",25
"58031",65.2267509289959,"NRI_P150",50
"58032",-260.805859070999,"NRI_P150",100
"58033",-151.343189071005,"NRI_P150",25
"58034",85.1874309289997,"NRI_P150",50
"58035",-209.552869071005,"NRI_P150",100
"58036",150.236250928996,"NRI_P150",25
"58037",1338.77832092901,"NRI_P150",50
"58038",390.219070929001,"NRI_P150",100
"58039",130.807640929008,"NRI_P150",25
"58040",21.5306109289959,"NRI_P150",50
"58041",40.5200509290007,"NRI_P150",100
"58042",179.328750928995,"NRI_P150",25
"58043",1256.447090929,"NRI_P150",50
"58044",1858.126810929,"NRI_P150",100
"58045",-332.038449070998,"NRI_P150",25
"58046",-67.3994090710039,"NRI_P150",50
"58047",59.8795409290033,"NRI_P150",100
"58048",1311.934630929,"NRI_P150",25
"58049",-643.440029071004,"NRI_P150",50
"58050",1289.34620092899,"NRI_P150",100
"58051",445.972430929003,"NRI_P150",25
"58052",-450.074219071001,"NRI_P150",50
"58053",619.320630928996,"NRI_P150",100
"58054",-102.278959071002,"NRI_P150",25
"58055",-38.8513090710039,"NRI_P150",50
"58056",-459.284369071,"NRI_P150",100
"58057",259.275550929,"NRI_P150",25
"58058",-419.275419070997,"NRI_P150",50
"58059",129.970930929005,"NRI_P150",100
"58060",103.511180928996,"NRI_P150",25
"58061",-536.783809070999,"NRI_P150",50
"58062",416.038360929,"NRI_P150",100
"58063",-17.6594490709977,"NRI_P150",25
"58064",-110.034269070995,"NRI_P150",50
"58065",-351.413719071003,"NRI_P150",100
"58066",506.862410928996,"NRI_P150",25
"58067",664.520180929001,"NRI_P150",50
"58068",-599.993709071001,"NRI_P150",100
"58069",-47.0786890710006,"NRI_P150",25
"58070",-568.948239071004,"NRI_P150",50
"58071",-79.6532490709942,"NRI_P150",100
"58072",34.7678309290059,"NRI_P150",25
"58073",-353.301929070993,"NRI_P150",50
"58074",-298.226859071001,"NRI_P150",100
"58075",-284.752889070995,"NRI_P150",25
"58076",43.0929409289965,"NRI_P150",50
"58077",1828.91523092901,"NRI_P150",100
"58078",12.4955609290046,"NRI_P150",25
"58079",121.300110929005,"NRI_P150",50
"58080",-185.627689071,"NRI_P150",100
"58081",1305.44794092901,"NRI_P150",25
"58082",-158.328529071005,"NRI_P150",50
"58083",-255.150469070999,"NRI_P150",100
"58084",-63.9820790709928,"NRI_P150",25
"58085",-8.98691907100147,"NRI_P150",50
"58086",66.191710929008,"NRI_P150",100
"58087",719.484850929002,"NRI_P150",25
"58088",-83.2895490709925,"NRI_P150",50
"58089",1354.98233092901,"NRI_P150",100
"58090",594.973550929004,"NRI_P150",25
"58091",-12.7218490709929,"NRI_P150",50
"58092",723.483030928997,"NRI_P150",100
"58093",-254.812879071003,"NRI_P150",25
"58094",1070.466200929,"NRI_P150",50
"58095",-266.212489070997,"NRI_P150",100
"58096",407.647440928995,"NRI_P150",25
"58097",201.355640929003,"NRI_P150",50
"58098",750.347440929007,"NRI_P150",100
"58099",1290.018230929,"NRI_P150",25
"58100",433.705990928996,"NRI_P150",50
"58101",-96.1392490709986,"NRI_P150",100
"58102",918.028880929007,"NRI_P150",25
"58103",558.797960929005,"NRI_P150",50
"58104",1122.770960929,"NRI_P150",100
"58105",1550.878510929,"NRI_P150",25
"58106",404.473180928995,"NRI_P150",50
"58107",-124.683989070996,"NRI_P150",100
"58108",158.183040928998,"NRI_P150",25
"58109",44.5535509290057,"NRI_P150",50
"58110",218.310000929006,"NRI_P150",100
"58111",138.722910929006,"NRI_P150",25
"58112",91.709070929006,"NRI_P150",50
"58113",-297.899639070994,"NRI_P150",100
"58114",1407.858670929,"NRI_P150",25
"58115",714.138950929002,"NRI_P150",50
"58116",210.205580929003,"NRI_P150",100
"58117",-133.745549070998,"NRI_P150",25
"58118",-12.5329290709924,"NRI_P150",50
"58119",41.9757509290066,"NRI_P150",100
"58120",-41.4142990709952,"NRI_P150",25
"58121",-295.008659070998,"NRI_P150",50
"58122",256.875300928994,"NRI_P150",100
"58123",-139.545849071001,"NRI_P150",25
"58124",102.976470929003,"NRI_P150",50
"58125",-287.794029070996,"NRI_P150",100
"58126",266.032430929001,"NRI_P150",25
"58127",973.854170929,"NRI_P150",50
"58128",-105.005479070998,"NRI_P150",100
"58129",84.5059509290004,"NRI_P150",25
"58130",315.859850929002,"NRI_P150",50
"58131",321.872740929,"NRI_P150",100
"58132",-321.877259071,"NRI_P150",25
"58133",-34.9129990710062,"NRI_P150",50
"58134",-163.543509070994,"NRI_P150",100
"58135",46.6816509290074,"NRI_P150",25
"58136",-104.546559070994,"NRI_P150",50
"58137",2971.99179092899,"NRI_P150",100
"58138",-190.915129071,"NRI_P150",25
"58139",209.154420929,"NRI_P150",50
"58140",-61.5270590709988,"NRI_P150",100
"58141",-45.0432290710014,"NRI_P150",25
"58142",701.208970929001,"NRI_P150",50
"58143",705.235550929006,"NRI_P150",100
"58144",-202.331759070992,"NRI_P150",25
"58145",804.839730929001,"NRI_P150",50
"58146",1434.741940929,"NRI_P150",100
"58147",51.4226409289986,"NRI_P150",25
"58148",-428.449919071005,"NRI_P150",50
"58149",1663.826050929,"NRI_P150",100
"58150",-31.8198490710056,"NRI_P150",25
"58151",262.360570928999,"NRI_P150",50
"58152",826.134660929005,"NRI_P150",100
"58153",172.343240928996,"NRI_P150",25
"58154",-328.713999070998,"NRI_P150",50
"58155",-99.8876190709998,"NRI_P150",100
"58156",179.025950929004,"NRI_P150",25
"58157",370.905450929,"NRI_P150",50
"58158",311.916380929004,"NRI_P150",100
"58159",466.316290928997,"NRI_P150",25
"58160",781.610700928999,"NRI_P150",50
"58161",4803.021710929,"NRI_P150",100
"58162",-199.443019070997,"NRI_P150",25
"58163",-74.8641790709953,"NRI_P150",50
"58164",321.550640928996,"NRI_P150",100
"58165",82.7366009289981,"NRI_P150",25
"58166",1191.327520929,"NRI_P150",50
"58167",-474.804809070993,"NRI_P150",100
"58168",-268.464229071004,"NRI_P150",25
"58169",353.777100929001,"NRI_P150",50
"58170",736.592230929004,"NRI_P150",100
"58171",544.360580929002,"NRI_P150",25
"58172",1644.981090929,"NRI_P150",50
"58173",-413.391049070997,"NRI_P150",100
"58174",210.407320929007,"NRI_P150",25
"58175",-60.0606890710042,"NRI_P150",50
"58176",192.535850928994,"NRI_P150",100
"58177",-138.313649071002,"NRI_P150",25
"58178",-185.370709070994,"NRI_P150",50
"58179",1063.98757092901,"NRI_P150",100
"58180",109.218130929003,"NRI_P150",25
"58181",806.969290929002,"NRI_P150",50
"58182",1109.11287092901,"NRI_P150",100
"58183",70.7365309290035,"NRI_P150",25
"58184",201.030710929001,"NRI_P150",50
"58185",1593.39322092901,"NRI_P150",100
"58186",-352.199659071004,"NRI_P150",25
"58187",393.628390929007,"NRI_P150",50
"58188",224.541870928995,"NRI_P150",100
"58189",413.026040929006,"NRI_P150",25
"58190",-528.102229070995,"NRI_P150",50
"58191",-390.470259070993,"NRI_P150",100
"58192",-353.046099070998,"NRI_P150",25
"58193",-462.296319071,"NRI_P150",50
"58194",359.502780929004,"NRI_P150",100
"58195",120.164160928995,"NRI_P150",25
"58196",1203.42662092901,"NRI_P150",50
"58197",675.229090929002,"NRI_P150",100
"58198",221.094220929008,"NRI_P150",25
"58199",-331.474689070994,"NRI_P150",50
"58200",202.196680929002,"NRI_P150",100
"58201",-0.0132814000244252,"NRI_P151",25
"58202",-4150.46428140003,"NRI_P151",50
"58203",-1786.40278140001,"NRI_P151",100
"58204",-0.0132814000244252,"NRI_P151",25
"58205",751.70271859999,"NRI_P151",50
"58206",-3754.63578140002,"NRI_P151",100
"58207",-0.0132814000244252,"NRI_P151",25
"58208",107.338918599999,"NRI_P151",50
"58209",-4180.17067140003,"NRI_P151",100
"58210",-0.0132814000244252,"NRI_P151",25
"58211",-2187.04728140001,"NRI_P151",50
"58212",-1909.4098814,"NRI_P151",100
"58213",-0.0132814000244252,"NRI_P151",25
"58214",153.422018599987,"NRI_P151",50
"58215",-1333.18838140002,"NRI_P151",100
"58216",-0.0132814000244252,"NRI_P151",25
"58217",820.375518599991,"NRI_P151",50
"58218",455.119318599987,"NRI_P151",100
"58219",-0.0132814000244252,"NRI_P151",25
"58220",-2818.98928139999,"NRI_P151",50
"58221",701.706618600001,"NRI_P151",100
"58222",-0.0132814000244252,"NRI_P151",25
"58223",-30.7019814000232,"NRI_P151",50
"58224",-2288.51448140002,"NRI_P151",100
"58225",-0.0132814000244252,"NRI_P151",25
"58226",-2187.04728140001,"NRI_P151",50
"58227",-2865.33658140001,"NRI_P151",100
"58228",-0.0132814000244252,"NRI_P151",25
"58229",-3968.10658140003,"NRI_P151",50
"58230",16603.9290186,"NRI_P151",100
"58231",-0.0132814000244252,"NRI_P151",25
"58232",-3.55338140000822,"NRI_P151",50
"58233",-2740.96666139999,"NRI_P151",100
"58234",-0.0132814000244252,"NRI_P151",25
"58235",1265.79801859998,"NRI_P151",50
"58236",10774.1516186,"NRI_P151",100
"58237",-0.0132814000244252,"NRI_P151",25
"58238",5083.93801859999,"NRI_P151",50
"58239",-2370.68968140002,"NRI_P151",100
"58240",-0.0132814000244252,"NRI_P151",25
"58241",117.433718600019,"NRI_P151",50
"58242",-1184.50798140001,"NRI_P151",100
"58243",-0.0132814000244252,"NRI_P151",25
"58244",-36.3906414000085,"NRI_P151",50
"58245",-1885.91008140001,"NRI_P151",100
"58246",-0.0132814000244252,"NRI_P151",25
"58247",-4044.44868139998,"NRI_P151",50
"58248",-3690.10628140002,"NRI_P151",100
"58249",-0.0132814000244252,"NRI_P151",25
"58250",-3968.10658140003,"NRI_P151",50
"58251",-4024.6243814,"NRI_P151",100
"58252",-0.0132814000244252,"NRI_P151",25
"58253",48.2602185999858,"NRI_P151",50
"58254",-3926.11676140002,"NRI_P151",100
"58255",-0.0132814000244252,"NRI_P151",25
"58256",-3353.17008140002,"NRI_P151",50
"58257",-3718.52908140002,"NRI_P151",100
"58258",-0.0132814000244252,"NRI_P151",25
"58259",-20.9393814000068,"NRI_P151",50
"58260",-3270.6327814,"NRI_P151",100
"58261",-0.0132814000244252,"NRI_P151",25
"58262",-4112.24298139999,"NRI_P151",50
"58263",3838.10771860002,"NRI_P151",100
"58264",-0.0132814000244252,"NRI_P151",25
"58265",-1715.9012814,"NRI_P151",50
"58266",-2321.85268140002,"NRI_P151",100
"58267",-0.0132814000244252,"NRI_P151",25
"58268",769.474218600022,"NRI_P151",50
"58269",-2921.43208140001,"NRI_P151",100
"58270",-0.0132814000244252,"NRI_P151",25
"58271",-2923.66328139999,"NRI_P151",50
"58272",-3440.04248140001,"NRI_P151",100
"58273",-0.0132814000244252,"NRI_P151",25
"58274",636.687118600006,"NRI_P151",50
"58275",4882.17771859997,"NRI_P151",100
"58276",-0.0132814000244252,"NRI_P151",25
"58277",-20.9393814000068,"NRI_P151",50
"58278",-4019.0482814,"NRI_P151",100
"58279",-0.0132814000244252,"NRI_P151",25
"58280",330.745918600005,"NRI_P151",50
"58281",-2583.61728140002,"NRI_P151",100
"58282",-0.0132814000244252,"NRI_P151",25
"58283",-20.1490814000135,"NRI_P151",50
"58284",-3996.61148140003,"NRI_P151",100
"58285",-0.0132814000244252,"NRI_P151",25
"58286",-3426.91018140002,"NRI_P151",50
"58287",5901.5890186,"NRI_P151",100
"58288",-0.0132814000244252,"NRI_P151",25
"58289",-540.953281400027,"NRI_P151",50
"58290",-4022.44988139998,"NRI_P151",100
"58291",-0.0132814000244252,"NRI_P151",25
"58292",-3940.73968140001,"NRI_P151",50
"58293",-4057.0642814,"NRI_P151",100
"58294",-0.0132814000244252,"NRI_P151",25
"58295",2048.50901859999,"NRI_P151",50
"58296",1052.71071860002,"NRI_P151",100
"58297",-0.0132814000244252,"NRI_P151",25
"58298",-2853.06828140002,"NRI_P151",50
"58299",-4089.92945140001,"NRI_P151",100
"58300",-0.0132814000244252,"NRI_P151",25
"58301",-3892.74838140002,"NRI_P151",50
"58302",-4143.0825814,"NRI_P151",100
"58303",-0.0132814000244252,"NRI_P151",25
"58304",-3768.02118139999,"NRI_P151",50
"58305",-3614.96958139999,"NRI_P151",100
"58306",-0.0132814000244252,"NRI_P151",25
"58307",-3362.10358140001,"NRI_P151",50
"58308",-2159.32788140001,"NRI_P151",100
"58309",-0.0132814000244252,"NRI_P151",25
"58310",540.747418600018,"NRI_P151",50
"58311",-4037.92918139999,"NRI_P151",100
"58312",-0.0132814000244252,"NRI_P151",25
"58313",-3968.10658140003,"NRI_P151",50
"58314",5485.97411860002,"NRI_P151",100
"58315",-0.0132814000244252,"NRI_P151",25
"58316",-4044.44868139998,"NRI_P151",50
"58317",-2496.00438140001,"NRI_P151",100
"58318",-0.0132814000244252,"NRI_P151",25
"58319",389.434818600013,"NRI_P151",50
"58320",9527.45001859998,"NRI_P151",100
"58321",-0.0132814000244252,"NRI_P151",25
"58322",493.008318600012,"NRI_P151",50
"58323",-2888.46958139999,"NRI_P151",100
"58324",-0.0132814000244252,"NRI_P151",25
"58325",-4109.91558139998,"NRI_P151",50
"58326",-3605.95858139999,"NRI_P151",100
"58327",-0.0132814000244252,"NRI_P151",25
"58328",-4065.21238139999,"NRI_P151",50
"58329",-4175.39302140003,"NRI_P151",100
"58330",-0.0132814000244252,"NRI_P151",25
"58331",4351.74901859998,"NRI_P151",50
"58332",-4189.32156140002,"NRI_P151",100
"58333",-0.0132814000244252,"NRI_P151",25
"58334",-2211.64928140002,"NRI_P151",50
"58335",-3533.07118139998,"NRI_P151",100
"58336",-0.0132814000244252,"NRI_P151",25
"58337",312.128418600012,"NRI_P151",50
"58338",-3927.8815814,"NRI_P151",100
"58339",-0.0132814000244252,"NRI_P151",25
"58340",-4055.39848139999,"NRI_P151",50
"58341",-3201.73278140003,"NRI_P151",100
"58342",-0.0132814000244252,"NRI_P151",25
"58343",2397.90501859999,"NRI_P151",50
"58344",-3987.68398139998,"NRI_P151",100
"58345",-0.0132814000244252,"NRI_P151",25
"58346",-3790.80918139999,"NRI_P151",50
"58347",7228.5890186,"NRI_P151",100
"58348",-0.0132814000244252,"NRI_P151",25
"58349",-3975.4098814,"NRI_P151",50
"58350",-2815.30058139999,"NRI_P151",100
"58351",-0.0132814000244252,"NRI_P151",25
"58352",1265.79801859998,"NRI_P151",50
"58353",-1284.95358139998,"NRI_P151",100
"58354",-0.0132814000244252,"NRI_P151",25
"58355",227.825518600002,"NRI_P151",50
"58356",-2514.73988140002,"NRI_P151",100
"58357",-0.0132814000244252,"NRI_P151",25
"58358",-4139.73368140002,"NRI_P151",50
"58359",-3198.92838140001,"NRI_P151",100
"58360",-0.0132814000244252,"NRI_P151",25
"58361",-3693.44458140002,"NRI_P151",50
"58362",-4101.65818139998,"NRI_P151",100
"58363",-0.0132814000244252,"NRI_P151",25
"58364",-30.9682813999825,"NRI_P151",50
"58365",5465.29391860001,"NRI_P151",100
"58366",-0.0132814000244252,"NRI_P151",25
"58367",-3820.94078140002,"NRI_P151",50
"58368",-3103.76128139999,"NRI_P151",100
"58369",-0.0132814000244252,"NRI_P151",25
"58370",-3940.73968140001,"NRI_P151",50
"58371",-3819.81258139998,"NRI_P151",100
"58372",-0.0132814000244252,"NRI_P151",25
"58373",1313.48301859997,"NRI_P151",50
"58374",-3433.93388139998,"NRI_P151",100
"58375",-0.0132814000244252,"NRI_P151",25
"58376",12528.1087186,"NRI_P151",50
"58377",-4121.55207139999,"NRI_P151",100
"58378",-0.0132814000244252,"NRI_P151",25
"58379",455.690818600007,"NRI_P151",50
"58380",1887.70231859997,"NRI_P151",100
"58381",-0.0132814000244252,"NRI_P151",25
"58382",239.49271859997,"NRI_P151",50
"58383",-2929.3643814,"NRI_P151",100
"58384",-0.0132814000244252,"NRI_P151",25
"58385",-4150.70235139999,"NRI_P151",50
"58386",-3875.64088140003,"NRI_P151",100
"58387",-0.0132814000244252,"NRI_P151",25
"58388",-3250.49698140001,"NRI_P151",50
"58389",-2096.36708140001,"NRI_P151",100
"58390",-0.0132814000244252,"NRI_P151",25
"58391",-3431.82638139999,"NRI_P151",50
"58392",-3797.89558140002,"NRI_P151",100
"58393",-0.0132814000244252,"NRI_P151",25
"58394",-4112.24298139999,"NRI_P151",50
"58395",-3288.40408140002,"NRI_P151",100
"58396",-0.0132814000244252,"NRI_P151",25
"58397",-3872.21458139998,"NRI_P151",50
"58398",-3958.50027140003,"NRI_P151",100
"58399",-0.0132814000244252,"NRI_P151",25
"58400",3206.64601859997,"NRI_P151",50
"58401",291.763618599973,"NRI_P151",100
"58402",-0.0132814000244252,"NRI_P151",25
"58403",-4150.46428140003,"NRI_P151",50
"58404",-1642.94598140003,"NRI_P151",100
"58405",-0.0132814000244252,"NRI_P151",25
"58406",173.066618599987,"NRI_P151",50
"58407",-2574.7640814,"NRI_P151",100
"58408",-0.0132814000244252,"NRI_P151",25
"58409",-4044.44868139998,"NRI_P151",50
"58410",-2712.31078140001,"NRI_P151",100
"58411",-0.0132814000244252,"NRI_P151",25
"58412",-38.5386614000308,"NRI_P151",50
"58413",5485.6330186,"NRI_P151",100
"58414",-0.0132814000244252,"NRI_P151",25
"58415",-2828.49128140003,"NRI_P151",50
"58416",-1737.67638140003,"NRI_P151",100
"58417",-0.0132814000244252,"NRI_P151",25
"58418",-4135.64978139999,"NRI_P151",50
"58419",-3380.14828139998,"NRI_P151",100
"58420",-0.0132814000244252,"NRI_P151",25
"58421",1067.01201860001,"NRI_P151",50
"58422",-3097.58864139998,"NRI_P151",100
"58423",-0.0132814000244252,"NRI_P151",25
"58424",60.2388186000171,"NRI_P151",50
"58425",-1724.42278139998,"NRI_P151",100
"58426",-0.0132814000244252,"NRI_P151",25
"58427",16641.9150186,"NRI_P151",50
"58428",-3478.66748140001,"NRI_P151",100
"58429",-0.0132814000244252,"NRI_P151",25
"58430",-4044.44868139998,"NRI_P151",50
"58431",-3136.88938140002,"NRI_P151",100
"58432",-0.0132814000244252,"NRI_P151",25
"58433",-2103.48428139999,"NRI_P151",50
"58434",-2791.6768814,"NRI_P151",100
"58435",-0.0132814000244252,"NRI_P151",25
"58436",76.6709185999935,"NRI_P151",50
"58437",-2883.00098140002,"NRI_P151",100
"58438",-0.0132814000244252,"NRI_P151",25
"58439",19422.9050186,"NRI_P151",50
"58440",-4030.35658140003,"NRI_P151",100
"58441",-0.0132814000244252,"NRI_P151",25
"58442",118.945418599993,"NRI_P151",50
"58443",-4071.61218140001,"NRI_P151",100
"58444",-0.0132814000244252,"NRI_P151",25
"58445",1676.32901859999,"NRI_P151",50
"58446",-1831.86108140001,"NRI_P151",100
"58447",-0.0132814000244252,"NRI_P151",25
"58448",203.755418599991,"NRI_P151",50
"58449",-2239.29398140003,"NRI_P151",100
"58450",-0.0132814000244252,"NRI_P151",25
"58451",-4122.09098139999,"NRI_P151",50
"58452",-2995.15258140001,"NRI_P151",100
"58453",-0.0132814000244252,"NRI_P151",25
"58454",-4093.48568139999,"NRI_P151",50
"58455",-3285.41938139999,"NRI_P151",100
"58456",-0.0132814000244252,"NRI_P151",25
"58457",-3764.64008139999,"NRI_P151",50
"58458",-3927.44158139999,"NRI_P151",100
"58459",-0.0132814000244252,"NRI_P151",25
"58460",187.763118600007,"NRI_P151",50
"58461",3034.61171859998,"NRI_P151",100
"58462",-0.0132814000244252,"NRI_P151",25
"58463",-3592.84348139999,"NRI_P151",50
"58464",-2174.2970814,"NRI_P151",100
"58465",-0.0132814000244252,"NRI_P151",25
"58466",19422.9050186,"NRI_P151",50
"58467",-2445.96278140001,"NRI_P151",100
"58468",-0.0132814000244252,"NRI_P151",25
"58469",-540.953281400027,"NRI_P151",50
"58470",-3793.15308140003,"NRI_P151",100
"58471",-0.0132814000244252,"NRI_P151",25
"58472",-32.7898814000073,"NRI_P151",50
"58473",5927.7005186,"NRI_P151",100
"58474",-0.0132814000244252,"NRI_P151",25
"58475",-4076.58718139998,"NRI_P151",50
"58476",-3449.22288140003,"NRI_P151",100
"58477",-0.0132814000244252,"NRI_P151",25
"58478",-4154.46692139999,"NRI_P151",50
"58479",-3813.41138140002,"NRI_P151",100
"58480",-0.0132814000244252,"NRI_P151",25
"58481",-2828.49128140003,"NRI_P151",50
"58482",-4010.40338139998,"NRI_P151",100
"58483",-0.0132814000244252,"NRI_P151",25
"58484",207.31341860001,"NRI_P151",50
"58485",-2528.56408139999,"NRI_P151",100
"58486",-0.0132814000244252,"NRI_P151",25
"58487",-4117.3596814,"NRI_P151",50
"58488",-1144.62398139999,"NRI_P151",100
"58489",-0.0132814000244252,"NRI_P151",25
"58490",-3293.43078140001,"NRI_P151",50
"58491",-952.479981400014,"NRI_P151",100
"58492",-0.0132814000244252,"NRI_P151",25
"58493",-3783.06038139999,"NRI_P151",50
"58494",-2613.9207814,"NRI_P151",100
"58495",-0.0132814000244252,"NRI_P151",25
"58496",-3790.80918139999,"NRI_P151",50
"58497",-3807.48188139999,"NRI_P151",100
"58498",-0.0132814000244252,"NRI_P151",25
"58499",-4133.95538140001,"NRI_P151",50
"58500",-3188.93408139999,"NRI_P151",100
"58501",851.024218944949,"NRI_P152",25
"58502",59.5293189450167,"NRI_P152",50
"58503",42969.6573189449,"NRI_P152",100
"58504",-2538.99588105502,"NRI_P152",25
"58505",15957.965558945,"NRI_P152",50
"58506",26561.926098945,"NRI_P152",100
"58507",965.706418944988,"NRI_P152",25
"58508",6181.58431894495,"NRI_P152",50
"58509",-1188.154621055,"NRI_P152",100
"58510",-534.577381054987,"NRI_P152",25
"58511",1150.94841894496,"NRI_P152",50
"58512",-1950.21202105505,"NRI_P152",100
"58513",1419.02581894503,"NRI_P152",25
"58514",2678.95591894502,"NRI_P152",50
"58515",52234.679618945,"NRI_P152",100
"58516",3804.90301894501,"NRI_P152",25
"58517",30224.875618945,"NRI_P152",50
"58518",14696.8600189449,"NRI_P152",100
"58519",-2272.30718105496,"NRI_P152",25
"58520",-505.388581054984,"NRI_P152",50
"58521",40515.850548945,"NRI_P152",100
"58522",1454.83491894498,"NRI_P152",25
"58523",-2747.92724105506,"NRI_P152",50
"58524",53687.995418945,"NRI_P152",100
"58525",1601.44531894499,"NRI_P152",25
"58526",-3504.34325105499,"NRI_P152",50
"58527",-5503.92678105505,"NRI_P152",100
"58528",-3844.67968105501,"NRI_P152",25
"58529",7747.06421894499,"NRI_P152",50
"58530",9672.53144894494,"NRI_P152",100
"58531",1454.28181894496,"NRI_P152",25
"58532",-844.970281054964,"NRI_P152",50
"58533",8282.84081894497,"NRI_P152",100
"58534",18435.296118945,"NRI_P152",25
"58535",-1820.56798105501,"NRI_P152",50
"58536",-78.3248810550431,"NRI_P152",100
"58537",702.903018945013,"NRI_P152",25
"58538",-1666.63838105497,"NRI_P152",50
"58539",2789.454478945,"NRI_P152",100
"58540",-100.749981055036,"NRI_P152",25
"58541",-97.7275210550288,"NRI_P152",50
"58542",2519.29517894494,"NRI_P152",100
"58543",2181.71311894502,"NRI_P152",25
"58544",-1729.47398105497,"NRI_P152",50
"58545",-2773.71218105499,"NRI_P152",100
"58546",-367.138381054974,"NRI_P152",25
"58547",-2399.45858105505,"NRI_P152",50
"58548",3780.99961894494,"NRI_P152",100
"58549",917.029618944973,"NRI_P152",25
"58550",4824.66811894497,"NRI_P152",50
"58551",6077.87491894502,"NRI_P152",100
"58552",1772.81881894497,"NRI_P152",25
"58553",-1917.70782105497,"NRI_P152",50
"58554",56018.082118945,"NRI_P152",100
"58555",-835.331821055035,"NRI_P152",25
"58556",213.964918944985,"NRI_P152",50
"58557",13265.269318945,"NRI_P152",100
"58558",1864.93891894503,"NRI_P152",25
"58559",604.080548944999,"NRI_P152",50
"58560",2258.00751894503,"NRI_P152",100
"58561",-3811.34878105507,"NRI_P152",25
"58562",-3547.62760105496,"NRI_P152",50
"58563",-1277.35918105498,"NRI_P152",100
"58564",-16.2868810549844,"NRI_P152",25
"58565",127.449918944971,"NRI_P152",50
"58566",4466.59041894495,"NRI_P152",100
"58567",168.596418945002,"NRI_P152",25
"58568",-1242.26035105507,"NRI_P152",50
"58569",3277.08751894499,"NRI_P152",100
"58570",14228.6342189449,"NRI_P152",25
"58571",648.377978945035,"NRI_P152",50
"58572",-1109.80517105502,"NRI_P152",100
"58573",-3037.48520105507,"NRI_P152",25
"58574",-1141.97368105501,"NRI_P152",50
"58575",8753.97671894496,"NRI_P152",100
"58576",13928.963418945,"NRI_P152",25
"58577",-1651.40648105496,"NRI_P152",50
"58578",-155.25818105496,"NRI_P152",100
"58579",1735.35681894503,"NRI_P152",25
"58580",-3064.08768105507,"NRI_P152",50
"58581",3836.00775894499,"NRI_P152",100
"58582",-463.671081055072,"NRI_P152",25
"58583",-581.504781055031,"NRI_P152",50
"58584",19561.363098945,"NRI_P152",100
"58585",864.379318944993,"NRI_P152",25
"58586",11546.531718945,"NRI_P152",50
"58587",1873.398048945,"NRI_P152",100
"58588",1201.66821894504,"NRI_P152",25
"58589",2137.78771894495,"NRI_P152",50
"58590",32121.7414089449,"NRI_P152",100
"58591",-638.104981055018,"NRI_P152",25
"58592",10206.569218945,"NRI_P152",50
"58593",5043.30421894498,"NRI_P152",100
"58594",769.255718944944,"NRI_P152",25
"58595",-6.5950810550712,"NRI_P152",50
"58596",4129.101218945,"NRI_P152",100
"58597",-509.337781055016,"NRI_P152",25
"58598",316.671878944966,"NRI_P152",50
"58599",52990.611318945,"NRI_P152",100
"58600",1505.86701894493,"NRI_P152",25
"58601",102.587918945006,"NRI_P152",50
"58602",8355.01147894503,"NRI_P152",100
"58603",394.295718944981,"NRI_P152",25
"58604",-4039.77278105507,"NRI_P152",50
"58605",6006.55781894503,"NRI_P152",100
"58606",140.257618944976,"NRI_P152",25
"58607",-2249.51955105504,"NRI_P152",50
"58608",5029.63711894501,"NRI_P152",100
"58609",51586.154518945,"NRI_P152",25
"58610",-1905.71148105501,"NRI_P152",50
"58611",10198.067218945,"NRI_P152",100
"58612",711.134618944954,"NRI_P152",25
"58613",3751.01375894493,"NRI_P152",50
"58614",6284.44631894503,"NRI_P152",100
"58615",924.178318944992,"NRI_P152",25
"58616",473.122048944933,"NRI_P152",50
"58617",6597.67461894499,"NRI_P152",100
"58618",6284.01221894496,"NRI_P152",25
"58619",1841.94391894503,"NRI_P152",50
"58620",8434.262758945,"NRI_P152",100
"58621",-1193.11358105496,"NRI_P152",25
"58622",-598.748481055023,"NRI_P152",50
"58623",1952.88477894501,"NRI_P152",100
"58624",269.416918945033,"NRI_P152",25
"58625",-4622.47568105499,"NRI_P152",50
"58626",13866.546748945,"NRI_P152",100
"58627",1105.68341894494,"NRI_P152",25
"58628",34865.690718945,"NRI_P152",50
"58629",3611.930918945,"NRI_P152",100
"58630",5989.57221894502,"NRI_P152",25
"58631",465.633018944995,"NRI_P152",50
"58632",-3023.97008105507,"NRI_P152",100
"58633",40.412318944931,"NRI_P152",25
"58634",1820.19281894504,"NRI_P152",50
"58635",25095.0621489449,"NRI_P152",100
"58636",-156.416281054961,"NRI_P152",25
"58637",4022.15881894494,"NRI_P152",50
"58638",36053.557818945,"NRI_P152",100
"58639",9253.25831894495,"NRI_P152",25
"58640",3796.33561894496,"NRI_P152",50
"58641",10691.178948945,"NRI_P152",100
"58642",3874.65371894499,"NRI_P152",25
"58643",23401.2823189449,"NRI_P152",50
"58644",32321.220328945,"NRI_P152",100
"58645",-1323.24508105498,"NRI_P152",25
"58646",-14.507881055004,"NRI_P152",50
"58647",19479.1181189449,"NRI_P152",100
"58648",8662.07471894496,"NRI_P152",25
"58649",1624.42251894495,"NRI_P152",50
"58650",5879.63914894499,"NRI_P152",100
"58651",-97.63588105503,"NRI_P152",25
"58652",9084.64481894497,"NRI_P152",50
"58653",4173.22401894501,"NRI_P152",100
"58654",6164.02541894501,"NRI_P152",25
"58655",14192.901318945,"NRI_P152",50
"58656",2559.02921894495,"NRI_P152",100
"58657",-2805.53018105507,"NRI_P152",25
"58658",-4256.26078105497,"NRI_P152",50
"58659",-2598.04018105497,"NRI_P152",100
"58660",402.746318944963,"NRI_P152",25
"58661",11093.478818945,"NRI_P152",50
"58662",4331.74401894503,"NRI_P152",100
"58663",568.021518944995,"NRI_P152",25
"58664",3548.55370894494,"NRI_P152",50
"58665",-2619.46028105507,"NRI_P152",100
"58666",1823.683548945,"NRI_P152",25
"58667",5914.40407894494,"NRI_P152",50
"58668",20647.338618945,"NRI_P152",100
"58669",-1265.799481055,"NRI_P152",25
"58670",5748.20221894502,"NRI_P152",50
"58671",-370.499181054998,"NRI_P152",100
"58672",-1320.40558105498,"NRI_P152",25
"58673",18382.9872189449,"NRI_P152",50
"58674",-3888.48978105502,"NRI_P152",100
"58675",3419.65967894497,"NRI_P152",25
"58676",12349.230958945,"NRI_P152",50
"58677",920.444018944982,"NRI_P152",100
"58678",-721.228621055023,"NRI_P152",25
"58679",18872.235248945,"NRI_P152",50
"58680",11854.7431189449,"NRI_P152",100
"58681",-1322.70212105499,"NRI_P152",25
"58682",-449.808581055026,"NRI_P152",50
"58683",7895.86677894497,"NRI_P152",100
"58684",440.85934894497,"NRI_P152",25
"58685",2763.61511894502,"NRI_P152",50
"58686",10535.5033189449,"NRI_P152",100
"58687",-293.681881055003,"NRI_P152",25
"58688",1676.06414894504,"NRI_P152",50
"58689",1182.17881894496,"NRI_P152",100
"58690",3346.06371894502,"NRI_P152",25
"58691",5253.22267894493,"NRI_P152",50
"58692",4004.05091894499,"NRI_P152",100
"58693",-392.561281054979,"NRI_P152",25
"58694",-2989.922921055,"NRI_P152",50
"58695",-1427.29878105503,"NRI_P152",100
"58696",19984.3389189449,"NRI_P152",25
"58697",-1084.12098105496,"NRI_P152",50
"58698",10805.6904189449,"NRI_P152",100
"58699",-834.235881055007,"NRI_P152",25
"58700",-4144.190351055,"NRI_P152",50
"58701",12237.703648945,"NRI_P152",100
"58702",3259.76941894495,"NRI_P152",25
"58703",-346.250451055006,"NRI_P152",50
"58704",-663.972981055034,"NRI_P152",100
"58705",276.455518945004,"NRI_P152",25
"58706",1391.74097894493,"NRI_P152",50
"58707",14429.679918945,"NRI_P152",100
"58708",6075.58871894493,"NRI_P152",25
"58709",6987.299818945,"NRI_P152",50
"58710",-2893.751551055,"NRI_P152",100
"58711",2275.693118945,"NRI_P152",25
"58712",4641.30481894501,"NRI_P152",50
"58713",8425.01381894504,"NRI_P152",100
"58714",-3810.978481055,"NRI_P152",25
"58715",6948.07664894499,"NRI_P152",50
"58716",2121.79461894499,"NRI_P152",100
"58717",-137.168441054993,"NRI_P152",25
"58718",4375.25921894494,"NRI_P152",50
"58719",1154.70121894497,"NRI_P152",100
"58720",1650.23751894501,"NRI_P152",25
"58721",1140.35041894496,"NRI_P152",50
"58722",21796.6283189449,"NRI_P152",100
"58723",-3132.00058105506,"NRI_P152",25
"58724",-1525.41638105502,"NRI_P152",50
"58725",-1845.20648105501,"NRI_P152",100
"58726",-1848.87008105498,"NRI_P152",25
"58727",22197.3890189449,"NRI_P152",50
"58728",4232.248418945,"NRI_P152",100
"58729",8384.36661894503,"NRI_P152",25
"58730",4774.17601894494,"NRI_P152",50
"58731",-2900.04652105505,"NRI_P152",100
"58732",3894.33751894499,"NRI_P152",25
"58733",-10.9223810549593,"NRI_P152",50
"58734",25865.771278945,"NRI_P152",100
"58735",7496.50391894497,"NRI_P152",25
"58736",5140.06471894495,"NRI_P152",50
"58737",23635.618818945,"NRI_P152",100
"58738",51641.115518945,"NRI_P152",25
"58739",1155.96801894496,"NRI_P152",50
"58740",-4592.25510105502,"NRI_P152",100
"58741",2658.63791894494,"NRI_P152",25
"58742",-2269.75148105505,"NRI_P152",50
"58743",26080.710118945,"NRI_P152",100
"58744",400.308618944953,"NRI_P152",25
"58745",-2550.61698105501,"NRI_P152",50
"58746",16792.468218945,"NRI_P152",100
"58747",-446.866881055059,"NRI_P152",25
"58748",32891.7775189449,"NRI_P152",50
"58749",6566.10715894494,"NRI_P152",100
"58750",5116.16431894503,"NRI_P152",25
"58751",268.596818945021,"NRI_P152",50
"58752",9525.28531894495,"NRI_P152",100
"58753",7675.81041894504,"NRI_P152",25
"58754",33663.011018945,"NRI_P152",50
"58755",25972.975618945,"NRI_P152",100
"58756",483.629818944959,"NRI_P152",25
"58757",5905.45491894498,"NRI_P152",50
"58758",32027.217318945,"NRI_P152",100
"58759",-1971.05458105507,"NRI_P152",25
"58760",1338.65141894494,"NRI_P152",50
"58761",-414.143381054979,"NRI_P152",100
"58762",-538.799081054982,"NRI_P152",25
"58763",258.722718945006,"NRI_P152",50
"58764",4458.08159894496,"NRI_P152",100
"58765",1039.26781894499,"NRI_P152",25
"58766",15175.4772189449,"NRI_P152",50
"58767",-636.739281055052,"NRI_P152",100
"58768",194.07307894493,"NRI_P152",25
"58769",-2437.34892105497,"NRI_P152",50
"58770",-1619.55338105501,"NRI_P152",100
"58771",-2306.34928105504,"NRI_P152",25
"58772",19054.822348945,"NRI_P152",50
"58773",-913.521581055014,"NRI_P152",100
"58774",2506.75211894501,"NRI_P152",25
"58775",7164.95995894494,"NRI_P152",50
"58776",-1835.57970105507,"NRI_P152",100
"58777",4851.07194894494,"NRI_P152",25
"58778",7186.44291894499,"NRI_P152",50
"58779",12478.508318945,"NRI_P152",100
"58780",2461.95481894503,"NRI_P152",25
"58781",1244.57371894503,"NRI_P152",50
"58782",-242.608101055026,"NRI_P152",100
"58783",-179.553951055044,"NRI_P152",25
"58784",20927.471298945,"NRI_P152",50
"58785",-1909.42475105496,"NRI_P152",100
"58786",833.458218944957,"NRI_P152",25
"58787",11798.013718945,"NRI_P152",50
"58788",32423.9419189449,"NRI_P152",100
"58789",1775.68441894499,"NRI_P152",25
"58790",17022.669818945,"NRI_P152",50
"58791",12210.860518945,"NRI_P152",100
"58792",-1793.396181055,"NRI_P152",25
"58793",2836.14021894499,"NRI_P152",50
"58794",8033.94021894503,"NRI_P152",100
"58795",537.934418944991,"NRI_P152",25
"58796",35214.474918945,"NRI_P152",50
"58797",-4300.60499105498,"NRI_P152",100
"58798",3494.11171894497,"NRI_P152",25
"58799",8395.59221894504,"NRI_P152",50
"58800",6226.61191894498,"NRI_P152",100
"58801",-4.36219852417707e-05,"NRI_P153",25
"58802",-4.36219852417707e-05,"NRI_P153",50
"58803",-96.8979336219491,"NRI_P153",100
"58804",-4.36219852417707e-05,"NRI_P153",25
"58805",-4.36219852417707e-05,"NRI_P153",50
"58806",-24.8433536219527,"NRI_P153",100
"58807",-4.36219852417707e-05,"NRI_P153",25
"58808",-4.36219852417707e-05,"NRI_P153",50
"58809",-305.64944362198,"NRI_P153",100
"58810",-4.36219852417707e-05,"NRI_P153",25
"58811",-4.36219852417707e-05,"NRI_P153",50
"58812",171.962356378033,"NRI_P153",100
"58813",-4.36219852417707e-05,"NRI_P153",25
"58814",-4.36219852417707e-05,"NRI_P153",50
"58815",23.2322163780336,"NRI_P153",100
"58816",-4.36219852417707e-05,"NRI_P153",25
"58817",-4.36219852417707e-05,"NRI_P153",50
"58818",-861.460443621967,"NRI_P153",100
"58819",-4.36219852417707e-05,"NRI_P153",25
"58820",-4.36219852417707e-05,"NRI_P153",50
"58821",27.1339763780124,"NRI_P153",100
"58822",-4.36219852417707e-05,"NRI_P153",25
"58823",-4.36219852417707e-05,"NRI_P153",50
"58824",-102.924513621954,"NRI_P153",100
"58825",-4.36219852417707e-05,"NRI_P153",25
"58826",-4.36219852417707e-05,"NRI_P153",50
"58827",-411.923343621951,"NRI_P153",100
"58828",-4.36219852417707e-05,"NRI_P153",25
"58829",-4.36219852417707e-05,"NRI_P153",50
"58830",-98.1547436219989,"NRI_P153",100
"58831",-4.36219852417707e-05,"NRI_P153",25
"58832",-4.36219852417707e-05,"NRI_P153",50
"58833",-1303.97342362197,"NRI_P153",100
"58834",-4.36219852417707e-05,"NRI_P153",25
"58835",-4.36219852417707e-05,"NRI_P153",50
"58836",2436.161456378,"NRI_P153",100
"58837",-4.36219852417707e-05,"NRI_P153",25
"58838",-4.36219852417707e-05,"NRI_P153",50
"58839",11.9061863780371,"NRI_P153",100
"58840",-4.36219852417707e-05,"NRI_P153",25
"58841",-4.36219852417707e-05,"NRI_P153",50
"58842",4696.09595637803,"NRI_P153",100
"58843",-4.36219852417707e-05,"NRI_P153",25
"58844",-4.36219852417707e-05,"NRI_P153",50
"58845",1697.37415637803,"NRI_P153",100
"58846",-4.36219852417707e-05,"NRI_P153",25
"58847",-4.36219852417707e-05,"NRI_P153",50
"58848",-104.449043621949,"NRI_P153",100
"58849",-4.36219852417707e-05,"NRI_P153",25
"58850",-4.36219852417707e-05,"NRI_P153",50
"58851",125.279956378043,"NRI_P153",100
"58852",-4.36219852417707e-05,"NRI_P153",25
"58853",-4.36219852417707e-05,"NRI_P153",50
"58854",16.6896063780296,"NRI_P153",100
"58855",-4.36219852417707e-05,"NRI_P153",25
"58856",-4.36219852417707e-05,"NRI_P153",50
"58857",8.07241637801053,"NRI_P153",100
"58858",-4.36219852417707e-05,"NRI_P153",25
"58859",-4.36219852417707e-05,"NRI_P153",50
"58860",-65.8201536219567,"NRI_P153",100
"58861",-4.36219852417707e-05,"NRI_P153",25
"58862",-4.36219852417707e-05,"NRI_P153",50
"58863",-251.673643621965,"NRI_P153",100
"58864",-4.36219852417707e-05,"NRI_P153",25
"58865",-4.36219852417707e-05,"NRI_P153",50
"58866",-497.367043621955,"NRI_P153",100
"58867",-4.36219852417707e-05,"NRI_P153",25
"58868",-4.36219852417707e-05,"NRI_P153",50
"58869",-142.978393621976,"NRI_P153",100
"58870",-4.36219852417707e-05,"NRI_P153",25
"58871",-4.36219852417707e-05,"NRI_P153",50
"58872",7.86052637803368,"NRI_P153",100
"58873",-4.36219852417707e-05,"NRI_P153",25
"58874",-4.36219852417707e-05,"NRI_P153",50
"58875",2272.71752637805,"NRI_P153",100
"58876",-4.36219852417707e-05,"NRI_P153",25
"58877",-4.36219852417707e-05,"NRI_P153",50
"58878",-146.64534362196,"NRI_P153",100
"58879",-4.36219852417707e-05,"NRI_P153",25
"58880",-4.36219852417707e-05,"NRI_P153",50
"58881",-106.80271362199,"NRI_P153",100
"58882",-4.36219852417707e-05,"NRI_P153",25
"58883",-4.36219852417707e-05,"NRI_P153",50
"58884",39.5980563780176,"NRI_P153",100
"58885",-4.36219852417707e-05,"NRI_P153",25
"58886",-4.36219852417707e-05,"NRI_P153",50
"58887",-1321.06794362195,"NRI_P153",100
"58888",-4.36219852417707e-05,"NRI_P153",25
"58889",-4.36219852417707e-05,"NRI_P153",50
"58890",-867.010043621995,"NRI_P153",100
"58891",-4.36219852417707e-05,"NRI_P153",25
"58892",-4.36219852417707e-05,"NRI_P153",50
"58893",-2934.25079362199,"NRI_P153",100
"58894",-4.36219852417707e-05,"NRI_P153",25
"58895",-4.36219852417707e-05,"NRI_P153",50
"58896",-686.733943621977,"NRI_P153",100
"58897",-4.36219852417707e-05,"NRI_P153",25
"58898",-4.36219852417707e-05,"NRI_P153",50
"58899",220.338406378054,"NRI_P153",100
"58900",-4.36219852417707e-05,"NRI_P153",25
"58901",-4.36219852417707e-05,"NRI_P153",50
"58902",274.082956377999,"NRI_P153",100
"58903",-4.36219852417707e-05,"NRI_P153",25
"58904",-4.36219852417707e-05,"NRI_P153",50
"58905",-1202.06684362196,"NRI_P153",100
"58906",-4.36219852417707e-05,"NRI_P153",25
"58907",-4.36219852417707e-05,"NRI_P153",50
"58908",39.9156763780047,"NRI_P153",100
"58909",-4.36219852417707e-05,"NRI_P153",25
"58910",-4.36219852417707e-05,"NRI_P153",50
"58911",11.5384063780075,"NRI_P153",100
"58912",-4.36219852417707e-05,"NRI_P153",25
"58913",-4.36219852417707e-05,"NRI_P153",50
"58914",188.541256377997,"NRI_P153",100
"58915",-4.36219852417707e-05,"NRI_P153",25
"58916",-4.36219852417707e-05,"NRI_P153",50
"58917",-44.477093621972,"NRI_P153",100
"58918",-4.36219852417707e-05,"NRI_P153",25
"58919",-4.36219852417707e-05,"NRI_P153",50
"58920",-6.53926362196216,"NRI_P153",100
"58921",-4.36219852417707e-05,"NRI_P153",25
"58922",-4.36219852417707e-05,"NRI_P153",50
"58923",-335.363743621972,"NRI_P153",100
"58924",-4.36219852417707e-05,"NRI_P153",25
"58925",-4.36219852417707e-05,"NRI_P153",50
"58926",-185.858973621973,"NRI_P153",100
"58927",-4.36219852417707e-05,"NRI_P153",25
"58928",-4.36219852417707e-05,"NRI_P153",50
"58929",-517.500243621995,"NRI_P153",100
"58930",-4.36219852417707e-05,"NRI_P153",25
"58931",-4.36219852417707e-05,"NRI_P153",50
"58932",6063.113656378,"NRI_P153",100
"58933",-4.36219852417707e-05,"NRI_P153",25
"58934",-4.36219852417707e-05,"NRI_P153",50
"58935",47.9986663780292,"NRI_P153",100
"58936",-4.36219852417707e-05,"NRI_P153",25
"58937",-4.36219852417707e-05,"NRI_P153",50
"58938",-139.130193621968,"NRI_P153",100
"58939",-4.36219852417707e-05,"NRI_P153",25
"58940",-4.36219852417707e-05,"NRI_P153",50
"58941",-96.8979336219491,"NRI_P153",100
"58942",-4.36219852417707e-05,"NRI_P153",25
"58943",-4.36219852417707e-05,"NRI_P153",50
"58944",189.908956378,"NRI_P153",100
"58945",-4.36219852417707e-05,"NRI_P153",25
"58946",-4.36219852417707e-05,"NRI_P153",50
"58947",-225.844573621987,"NRI_P153",100
"58948",-4.36219852417707e-05,"NRI_P153",25
"58949",-4.36219852417707e-05,"NRI_P153",50
"58950",261.872656378022,"NRI_P153",100
"58951",-4.36219852417707e-05,"NRI_P153",25
"58952",-4.36219852417707e-05,"NRI_P153",50
"58953",-90.9419536219793,"NRI_P153",100
"58954",-4.36219852417707e-05,"NRI_P153",25
"58955",-4.36219852417707e-05,"NRI_P153",50
"58956",-904.942043621966,"NRI_P153",100
"58957",-4.36219852417707e-05,"NRI_P153",25
"58958",-4.36219852417707e-05,"NRI_P153",50
"58959",-179.095843621995,"NRI_P153",100
"58960",-4.36219852417707e-05,"NRI_P153",25
"58961",-4.36219852417707e-05,"NRI_P153",50
"58962",325.953256378009,"NRI_P153",100
"58963",-4.36219852417707e-05,"NRI_P153",25
"58964",-4.36219852417707e-05,"NRI_P153",50
"58965",514.584176378034,"NRI_P153",100
"58966",-4.36219852417707e-05,"NRI_P153",25
"58967",-4.36219852417707e-05,"NRI_P153",50
"58968",-119.417073621997,"NRI_P153",100
"58969",-4.36219852417707e-05,"NRI_P153",25
"58970",-4.36219852417707e-05,"NRI_P153",50
"58971",-552.073443621979,"NRI_P153",100
"58972",-4.36219852417707e-05,"NRI_P153",25
"58973",-4.36219852417707e-05,"NRI_P153",50
"58974",-142.091833621962,"NRI_P153",100
"58975",-4.36219852417707e-05,"NRI_P153",25
"58976",-4.36219852417707e-05,"NRI_P153",50
"58977",-176.710543621972,"NRI_P153",100
"58978",-4.36219852417707e-05,"NRI_P153",25
"58979",-4.36219852417707e-05,"NRI_P153",50
"58980",-469.167743621976,"NRI_P153",100
"58981",-4.36219852417707e-05,"NRI_P153",25
"58982",-4.36219852417707e-05,"NRI_P153",50
"58983",-157.046573621978,"NRI_P153",100
"58984",-4.36219852417707e-05,"NRI_P153",25
"58985",-4.36219852417707e-05,"NRI_P153",50
"58986",2078.46985637804,"NRI_P153",100
"58987",-4.36219852417707e-05,"NRI_P153",25
"58988",-4.36219852417707e-05,"NRI_P153",50
"58989",-1305.235543622,"NRI_P153",100
"58990",-4.36219852417707e-05,"NRI_P153",25
"58991",-4.36219852417707e-05,"NRI_P153",50
"58992",116.995496378047,"NRI_P153",100
"58993",-4.36219852417707e-05,"NRI_P153",25
"58994",-4.36219852417707e-05,"NRI_P153",50
"58995",-823.369043621991,"NRI_P153",100
"58996",-4.36219852417707e-05,"NRI_P153",25
"58997",-4.36219852417707e-05,"NRI_P153",50
"58998",86.6116363780457,"NRI_P153",100
"58999",-4.36219852417707e-05,"NRI_P153",25
"59000",-4.36219852417707e-05,"NRI_P153",50
"59001",111.866226378013,"NRI_P153",100
"59002",-4.36219852417707e-05,"NRI_P153",25
"59003",-4.36219852417707e-05,"NRI_P153",50
"59004",11.2385163780418,"NRI_P153",100
"59005",-4.36219852417707e-05,"NRI_P153",25
"59006",-4.36219852417707e-05,"NRI_P153",50
"59007",1007.24690637802,"NRI_P153",100
"59008",-4.36219852417707e-05,"NRI_P153",25
"59009",-4.36219852417707e-05,"NRI_P153",50
"59010",100.136356378032,"NRI_P153",100
"59011",-4.36219852417707e-05,"NRI_P153",25
"59012",-4.36219852417707e-05,"NRI_P153",50
"59013",5.83253637800226,"NRI_P153",100
"59014",-4.36219852417707e-05,"NRI_P153",25
"59015",-4.36219852417707e-05,"NRI_P153",50
"59016",59.7222563780379,"NRI_P153",100
"59017",-4.36219852417707e-05,"NRI_P153",25
"59018",-4.36219852417707e-05,"NRI_P153",50
"59019",3269.28695637803,"NRI_P153",100
"59020",-4.36219852417707e-05,"NRI_P153",25
"59021",-4.36219852417707e-05,"NRI_P153",50
"59022",598.750136378047,"NRI_P153",100
"59023",-4.36219852417707e-05,"NRI_P153",25
"59024",-4.36219852417707e-05,"NRI_P153",50
"59025",-45.4178036219673,"NRI_P153",100
"59026",-4.36219852417707e-05,"NRI_P153",25
"59027",-4.36219852417707e-05,"NRI_P153",50
"59028",364.748886378016,"NRI_P153",100
"59029",-4.36219852417707e-05,"NRI_P153",25
"59030",-4.36219852417707e-05,"NRI_P153",50
"59031",-498.990303621977,"NRI_P153",100
"59032",-4.36219852417707e-05,"NRI_P153",25
"59033",-4.36219852417707e-05,"NRI_P153",50
"59034",-227.805953621981,"NRI_P153",100
"59035",-4.36219852417707e-05,"NRI_P153",25
"59036",-4.36219852417707e-05,"NRI_P153",50
"59037",-138.785333621956,"NRI_P153",100
"59038",-4.36219852417707e-05,"NRI_P153",25
"59039",-4.36219852417707e-05,"NRI_P153",50
"59040",-1.29892362200189,"NRI_P153",100
"59041",-4.36219852417707e-05,"NRI_P153",25
"59042",-4.36219852417707e-05,"NRI_P153",50
"59043",356.44920637802,"NRI_P153",100
"59044",-4.36219852417707e-05,"NRI_P153",25
"59045",-4.36219852417707e-05,"NRI_P153",50
"59046",-335.256243621989,"NRI_P153",100
"59047",-4.36219852417707e-05,"NRI_P153",25
"59048",-4.36219852417707e-05,"NRI_P153",50
"59049",-3986.905943622,"NRI_P153",100
"59050",-4.36219852417707e-05,"NRI_P153",25
"59051",-4.36219852417707e-05,"NRI_P153",50
"59052",-1619.01704362198,"NRI_P153",100
"59053",-4.36219852417707e-05,"NRI_P153",25
"59054",-4.36219852417707e-05,"NRI_P153",50
"59055",138.90702637803,"NRI_P153",100
"59056",-4.36219852417707e-05,"NRI_P153",25
"59057",-4.36219852417707e-05,"NRI_P153",50
"59058",163.789486378024,"NRI_P153",100
"59059",-4.36219852417707e-05,"NRI_P153",25
"59060",-4.36219852417707e-05,"NRI_P153",50
"59061",27.6421863780124,"NRI_P153",100
"59062",-4.36219852417707e-05,"NRI_P153",25
"59063",-4.36219852417707e-05,"NRI_P153",50
"59064",-616.949213621963,"NRI_P153",100
"59065",-4.36219852417707e-05,"NRI_P153",25
"59066",-4.36219852417707e-05,"NRI_P153",50
"59067",1043.55796637805,"NRI_P153",100
"59068",-4.36219852417707e-05,"NRI_P153",25
"59069",-4.36219852417707e-05,"NRI_P153",50
"59070",2794.52315637801,"NRI_P153",100
"59071",-4.36219852417707e-05,"NRI_P153",25
"59072",-4.36219852417707e-05,"NRI_P153",50
"59073",-318.794063621957,"NRI_P153",100
"59074",-4.36219852417707e-05,"NRI_P153",25
"59075",-4.36219852417707e-05,"NRI_P153",50
"59076",698.565756378055,"NRI_P153",100
"59077",-4.36219852417707e-05,"NRI_P153",25
"59078",-4.36219852417707e-05,"NRI_P153",50
"59079",-142.80112362199,"NRI_P153",100
"59080",-4.36219852417707e-05,"NRI_P153",25
"59081",-4.36219852417707e-05,"NRI_P153",50
"59082",-112.719243621978,"NRI_P153",100
"59083",-4.36219852417707e-05,"NRI_P153",25
"59084",-4.36219852417707e-05,"NRI_P153",50
"59085",-356.785193621996,"NRI_P153",100
"59086",-4.36219852417707e-05,"NRI_P153",25
"59087",-4.36219852417707e-05,"NRI_P153",50
"59088",-76.1230336219887,"NRI_P153",100
"59089",-4.36219852417707e-05,"NRI_P153",25
"59090",-4.36219852417707e-05,"NRI_P153",50
"59091",-1081.31194362196,"NRI_P153",100
"59092",-4.36219852417707e-05,"NRI_P153",25
"59093",-4.36219852417707e-05,"NRI_P153",50
"59094",-89.1323136219871,"NRI_P153",100
"59095",-4.36219852417707e-05,"NRI_P153",25
"59096",-4.36219852417707e-05,"NRI_P153",50
"59097",4779.676836378,"NRI_P153",100
"59098",-4.36219852417707e-05,"NRI_P153",25
"59099",-4.36219852417707e-05,"NRI_P153",50
"59100",407.780456378008,"NRI_P153",100
"59101",0.00898211600724608,"NRI_P154",25
"59102",0.00898211600724608,"NRI_P154",50
"59103",-889.32551788399,"NRI_P154",100
"59104",0.00898211600724608,"NRI_P154",25
"59105",0.00898211600724608,"NRI_P154",50
"59106",-25.210217883985,"NRI_P154",100
"59107",0.00898211600724608,"NRI_P154",25
"59108",0.00898211600724608,"NRI_P154",50
"59109",36.3731821160181,"NRI_P154",100
"59110",0.00898211600724608,"NRI_P154",25
"59111",0.00898211600724608,"NRI_P154",50
"59112",1888.997782116,"NRI_P154",100
"59113",0.00898211600724608,"NRI_P154",25
"59114",0.00898211600724608,"NRI_P154",50
"59115",14.0547621160513,"NRI_P154",100
"59116",0.00898211600724608,"NRI_P154",25
"59117",0.00898211600724608,"NRI_P154",50
"59118",-2500.90091788396,"NRI_P154",100
"59119",0.00898211600724608,"NRI_P154",25
"59120",0.00898211600724608,"NRI_P154",50
"59121",1433.04363211605,"NRI_P154",100
"59122",0.00898211600724608,"NRI_P154",25
"59123",0.00898211600724608,"NRI_P154",50
"59124",181.819682116038,"NRI_P154",100
"59125",0.00898211600724608,"NRI_P154",25
"59126",0.00898211600724608,"NRI_P154",50
"59127",-14.2625178839662,"NRI_P154",100
"59128",0.00898211600724608,"NRI_P154",25
"59129",0.00898211600724608,"NRI_P154",50
"59130",843.426582116052,"NRI_P154",100
"59131",0.00898211600724608,"NRI_P154",25
"59132",0.00898211600724608,"NRI_P154",50
"59133",-71.4269778839662,"NRI_P154",100
"59134",0.00898211600724608,"NRI_P154",25
"59135",0.00898211600724608,"NRI_P154",50
"59136",86.4924821160384,"NRI_P154",100
"59137",0.00898211600724608,"NRI_P154",25
"59138",0.00898211600724608,"NRI_P154",50
"59139",627.972982116044,"NRI_P154",100
"59140",0.00898211600724608,"NRI_P154",25
"59141",0.00898211600724608,"NRI_P154",50
"59142",5174.81008211605,"NRI_P154",100
"59143",0.00898211600724608,"NRI_P154",25
"59144",0.00898211600724608,"NRI_P154",50
"59145",2472.29498211603,"NRI_P154",100
"59146",0.00898211600724608,"NRI_P154",25
"59147",0.00898211600724608,"NRI_P154",50
"59148",1966.74078211602,"NRI_P154",100
"59149",0.00898211600724608,"NRI_P154",25
"59150",0.00898211600724608,"NRI_P154",50
"59151",361.528182116046,"NRI_P154",100
"59152",0.00898211600724608,"NRI_P154",25
"59153",0.00898211600724608,"NRI_P154",50
"59154",46.2022821160499,"NRI_P154",100
"59155",0.00898211600724608,"NRI_P154",25
"59156",0.00898211600724608,"NRI_P154",50
"59157",3264.95677211601,"NRI_P154",100
"59158",0.00898211600724608,"NRI_P154",25
"59159",0.00898211600724608,"NRI_P154",50
"59160",3383.14889211603,"NRI_P154",100
"59161",0.00898211600724608,"NRI_P154",25
"59162",0.00898211600724608,"NRI_P154",50
"59163",-169.380497883947,"NRI_P154",100
"59164",0.00898211600724608,"NRI_P154",25
"59165",0.00898211600724608,"NRI_P154",50
"59166",93.1454821160296,"NRI_P154",100
"59167",0.00898211600724608,"NRI_P154",25
"59168",0.00898211600724608,"NRI_P154",50
"59169",-1938.64631788398,"NRI_P154",100
"59170",0.00898211600724608,"NRI_P154",25
"59171",0.00898211600724608,"NRI_P154",50
"59172",-19.2940078839893,"NRI_P154",100
"59173",0.00898211600724608,"NRI_P154",25
"59174",0.00898211600724608,"NRI_P154",50
"59175",-95.2198678839486,"NRI_P154",100
"59176",0.00898211600724608,"NRI_P154",25
"59177",0.00898211600724608,"NRI_P154",50
"59178",-3.0143178839935,"NRI_P154",100
"59179",0.00898211600724608,"NRI_P154",25
"59180",0.00898211600724608,"NRI_P154",50
"59181",-181.801717883965,"NRI_P154",100
"59182",0.00898211600724608,"NRI_P154",25
"59183",0.00898211600724608,"NRI_P154",50
"59184",563.816282116051,"NRI_P154",100
"59185",0.00898211600724608,"NRI_P154",25
"59186",0.00898211600724608,"NRI_P154",50
"59187",191.203182116034,"NRI_P154",100
"59188",0.00898211600724608,"NRI_P154",25
"59189",0.00898211600724608,"NRI_P154",50
"59190",4375.00908211601,"NRI_P154",100
"59191",0.00898211600724608,"NRI_P154",25
"59192",0.00898211600724608,"NRI_P154",50
"59193",38.0235821160022,"NRI_P154",100
"59194",0.00898211600724608,"NRI_P154",25
"59195",0.00898211600724608,"NRI_P154",50
"59196",-2703.51761788398,"NRI_P154",100
"59197",0.00898211600724608,"NRI_P154",25
"59198",0.00898211600724608,"NRI_P154",50
"59199",130.987032116042,"NRI_P154",100
"59200",0.00898211600724608,"NRI_P154",25
"59201",0.00898211600724608,"NRI_P154",50
"59202",7.49028211605037,"NRI_P154",100
"59203",0.00898211600724608,"NRI_P154",25
"59204",0.00898211600724608,"NRI_P154",50
"59205",247.918382116011,"NRI_P154",100
"59206",0.00898211600724608,"NRI_P154",25
"59207",0.00898211600724608,"NRI_P154",50
"59208",-248.708317883953,"NRI_P154",100
"59209",0.00898211600724608,"NRI_P154",25
"59210",0.00898211600724608,"NRI_P154",50
"59211",-2575.01011788397,"NRI_P154",100
"59212",0.00898211600724608,"NRI_P154",25
"59213",0.00898211600724608,"NRI_P154",50
"59214",3206.40068211604,"NRI_P154",100
"59215",0.00898211600724608,"NRI_P154",25
"59216",0.00898211600724608,"NRI_P154",50
"59217",89.391982116038,"NRI_P154",100
"59218",0.00898211600724608,"NRI_P154",25
"59219",0.00898211600724608,"NRI_P154",50
"59220",174.273082116037,"NRI_P154",100
"59221",0.00898211600724608,"NRI_P154",25
"59222",0.00898211600724608,"NRI_P154",50
"59223",140.545612116053,"NRI_P154",100
"59224",0.00898211600724608,"NRI_P154",25
"59225",0.00898211600724608,"NRI_P154",50
"59226",1648.73594211601,"NRI_P154",100
"59227",0.00898211600724608,"NRI_P154",25
"59228",0.00898211600724608,"NRI_P154",50
"59229",266.135782116035,"NRI_P154",100
"59230",0.00898211600724608,"NRI_P154",25
"59231",0.00898211600724608,"NRI_P154",50
"59232",171.475112116023,"NRI_P154",100
"59233",0.00898211600724608,"NRI_P154",25
"59234",0.00898211600724608,"NRI_P154",50
"59235",453.518882116012,"NRI_P154",100
"59236",0.00898211600724608,"NRI_P154",25
"59237",0.00898211600724608,"NRI_P154",50
"59238",191.401582116028,"NRI_P154",100
"59239",0.00898211600724608,"NRI_P154",25
"59240",0.00898211600724608,"NRI_P154",50
"59241",-2627.15471788397,"NRI_P154",100
"59242",0.00898211600724608,"NRI_P154",25
"59243",0.00898211600724608,"NRI_P154",50
"59244",-13034.252417884,"NRI_P154",100
"59245",0.00898211600724608,"NRI_P154",25
"59246",0.00898211600724608,"NRI_P154",50
"59247",263.094482116052,"NRI_P154",100
"59248",0.00898211600724608,"NRI_P154",25
"59249",0.00898211600724608,"NRI_P154",50
"59250",190.022242116043,"NRI_P154",100
"59251",0.00898211600724608,"NRI_P154",25
"59252",0.00898211600724608,"NRI_P154",50
"59253",-2652.21978788398,"NRI_P154",100
"59254",0.00898211600724608,"NRI_P154",25
"59255",0.00898211600724608,"NRI_P154",50
"59256",83.4437821160536,"NRI_P154",100
"59257",0.00898211600724608,"NRI_P154",25
"59258",0.00898211600724608,"NRI_P154",50
"59259",673.058232116047,"NRI_P154",100
"59260",0.00898211600724608,"NRI_P154",25
"59261",0.00898211600724608,"NRI_P154",50
"59262",-21.6717178839608,"NRI_P154",100
"59263",0.00898211600724608,"NRI_P154",25
"59264",0.00898211600724608,"NRI_P154",50
"59265",138.950882116042,"NRI_P154",100
"59266",0.00898211600724608,"NRI_P154",25
"59267",0.00898211600724608,"NRI_P154",50
"59268",13171.955632116,"NRI_P154",100
"59269",0.00898211600724608,"NRI_P154",25
"59270",0.00898211600724608,"NRI_P154",50
"59271",1.72413211601088,"NRI_P154",100
"59272",0.00898211600724608,"NRI_P154",25
"59273",0.00898211600724608,"NRI_P154",50
"59274",-13021.174817884,"NRI_P154",100
"59275",0.00898211600724608,"NRI_P154",25
"59276",0.00898211600724608,"NRI_P154",50
"59277",13.1512021160452,"NRI_P154",100
"59278",0.00898211600724608,"NRI_P154",25
"59279",0.00898211600724608,"NRI_P154",50
"59280",-89.2827578839497,"NRI_P154",100
"59281",0.00898211600724608,"NRI_P154",25
"59282",0.00898211600724608,"NRI_P154",50
"59283",-13146.570117884,"NRI_P154",100
"59284",0.00898211600724608,"NRI_P154",25
"59285",0.00898211600724608,"NRI_P154",50
"59286",5408.19128211605,"NRI_P154",100
"59287",0.00898211600724608,"NRI_P154",25
"59288",0.00898211600724608,"NRI_P154",50
"59289",-3607.78241788398,"NRI_P154",100
"59290",0.00898211600724608,"NRI_P154",25
"59291",0.00898211600724608,"NRI_P154",50
"59292",-1062.21941788396,"NRI_P154",100
"59293",0.00898211600724608,"NRI_P154",25
"59294",0.00898211600724608,"NRI_P154",50
"59295",305.780442116025,"NRI_P154",100
"59296",0.00898211600724608,"NRI_P154",25
"59297",0.00898211600724608,"NRI_P154",50
"59298",-161.763037883968,"NRI_P154",100
"59299",0.00898211600724608,"NRI_P154",25
"59300",0.00898211600724608,"NRI_P154",50
"59301",-58.77136788395,"NRI_P154",100
"59302",0.00898211600724608,"NRI_P154",25
"59303",0.00898211600724608,"NRI_P154",50
"59304",-12810.784517884,"NRI_P154",100
"59305",0.00898211600724608,"NRI_P154",25
"59306",0.00898211600724608,"NRI_P154",50
"59307",-153.941117883951,"NRI_P154",100
"59308",0.00898211600724608,"NRI_P154",25
"59309",0.00898211600724608,"NRI_P154",50
"59310",375.415282116039,"NRI_P154",100
"59311",0.00898211600724608,"NRI_P154",25
"59312",0.00898211600724608,"NRI_P154",50
"59313",-2602.87611788395,"NRI_P154",100
"59314",0.00898211600724608,"NRI_P154",25
"59315",0.00898211600724608,"NRI_P154",50
"59316",3886.025982116,"NRI_P154",100
"59317",0.00898211600724608,"NRI_P154",25
"59318",0.00898211600724608,"NRI_P154",50
"59319",124.316882116022,"NRI_P154",100
"59320",0.00898211600724608,"NRI_P154",25
"59321",0.00898211600724608,"NRI_P154",50
"59322",-1524.24081788398,"NRI_P154",100
"59323",0.00898211600724608,"NRI_P154",25
"59324",0.00898211600724608,"NRI_P154",50
"59325",6.42088211601367,"NRI_P154",100
"59326",0.00898211600724608,"NRI_P154",25
"59327",0.00898211600724608,"NRI_P154",50
"59328",261.831482116017,"NRI_P154",100
"59329",0.00898211600724608,"NRI_P154",25
"59330",0.00898211600724608,"NRI_P154",50
"59331",1084.30798211601,"NRI_P154",100
"59332",0.00898211600724608,"NRI_P154",25
"59333",0.00898211600724608,"NRI_P154",50
"59334",13139.563782116,"NRI_P154",100
"59335",0.00898211600724608,"NRI_P154",25
"59336",0.00898211600724608,"NRI_P154",50
"59337",-1033.78391788399,"NRI_P154",100
"59338",0.00898211600724608,"NRI_P154",25
"59339",0.00898211600724608,"NRI_P154",50
"59340",-271.094717883971,"NRI_P154",100
"59341",0.00898211600724608,"NRI_P154",25
"59342",0.00898211600724608,"NRI_P154",50
"59343",-1519.17431788397,"NRI_P154",100
"59344",0.00898211600724608,"NRI_P154",25
"59345",0.00898211600724608,"NRI_P154",50
"59346",647.899152116035,"NRI_P154",100
"59347",0.00898211600724608,"NRI_P154",25
"59348",0.00898211600724608,"NRI_P154",50
"59349",102.066482116003,"NRI_P154",100
"59350",0.00898211600724608,"NRI_P154",25
"59351",0.00898211600724608,"NRI_P154",50
"59352",634.743482116028,"NRI_P154",100
"59353",0.00898211600724608,"NRI_P154",25
"59354",0.00898211600724608,"NRI_P154",50
"59355",498.290772116045,"NRI_P154",100
"59356",0.00898211600724608,"NRI_P154",25
"59357",0.00898211600724608,"NRI_P154",50
"59358",-125.275217883987,"NRI_P154",100
"59359",0.00898211600724608,"NRI_P154",25
"59360",0.00898211600724608,"NRI_P154",50
"59361",6452.16336211603,"NRI_P154",100
"59362",0.00898211600724608,"NRI_P154",25
"59363",0.00898211600724608,"NRI_P154",50
"59364",2195.16968211601,"NRI_P154",100
"59365",0.00898211600724608,"NRI_P154",25
"59366",0.00898211600724608,"NRI_P154",50
"59367",614.90938211605,"NRI_P154",100
"59368",0.00898211600724608,"NRI_P154",25
"59369",0.00898211600724608,"NRI_P154",50
"59370",34.90918211604,"NRI_P154",100
"59371",0.00898211600724608,"NRI_P154",25
"59372",0.00898211600724608,"NRI_P154",50
"59373",-1254.38097788399,"NRI_P154",100
"59374",0.00898211600724608,"NRI_P154",25
"59375",0.00898211600724608,"NRI_P154",50
"59376",4083.04698211601,"NRI_P154",100
"59377",0.00898211600724608,"NRI_P154",25
"59378",0.00898211600724608,"NRI_P154",50
"59379",182.16593211604,"NRI_P154",100
"59380",0.00898211600724608,"NRI_P154",25
"59381",0.00898211600724608,"NRI_P154",50
"59382",-13.3098778839922,"NRI_P154",100
"59383",0.00898211600724608,"NRI_P154",25
"59384",0.00898211600724608,"NRI_P154",50
"59385",48.9212321160012,"NRI_P154",100
"59386",0.00898211600724608,"NRI_P154",25
"59387",0.00898211600724608,"NRI_P154",50
"59388",126.31338211603,"NRI_P154",100
"59389",0.00898211600724608,"NRI_P154",25
"59390",0.00898211600724608,"NRI_P154",50
"59391",2780.193882116,"NRI_P154",100
"59392",0.00898211600724608,"NRI_P154",25
"59393",0.00898211600724608,"NRI_P154",50
"59394",485.388372116024,"NRI_P154",100
"59395",0.00898211600724608,"NRI_P154",25
"59396",0.00898211600724608,"NRI_P154",50
"59397",-975.618517883995,"NRI_P154",100
"59398",0.00898211600724608,"NRI_P154",25
"59399",0.00898211600724608,"NRI_P154",50
"59400",161.287482116022,"NRI_P154",100
"59401",-562.324874576007,"NRI_P156",25
"59402",798.425785424013,"NRI_P156",50
"59403",-5835.86369457596,"NRI_P156",100
"59404",-2662.477614576,"NRI_P156",25
"59405",1.22488542401697,"NRI_P156",50
"59406",-8831.13411457598,"NRI_P156",100
"59407",-2245.67445457599,"NRI_P156",25
"59408",-1441.44564457599,"NRI_P156",50
"59409",-2465.32138457597,"NRI_P156",100
"59410",-2579.781384576,"NRI_P156",25
"59411",-1414.41532457597,"NRI_P156",50
"59412",-2938.37343457597,"NRI_P156",100
"59413",-3722.874554576,"NRI_P156",25
"59414",-1863.24807457597,"NRI_P156",50
"59415",-8995.67590457597,"NRI_P156",100
"59416",-2642.16721457598,"NRI_P156",25
"59417",-7782.737514576,"NRI_P156",50
"59418",-6267.255004576,"NRI_P156",100
"59419",-276.902214575966,"NRI_P156",25
"59420",-929.645514575997,"NRI_P156",50
"59421",-9712.88332457596,"NRI_P156",100
"59422",-762.524694575986,"NRI_P156",25
"59423",-7133.45547457598,"NRI_P156",50
"59424",-7296.73688457598,"NRI_P156",100
"59425",-550.332014576008,"NRI_P156",25
"59426",-7627.17979457596,"NRI_P156",50
"59427",1822.82254542399,"NRI_P156",100
"59428",-2751.86862457596,"NRI_P156",25
"59429",-5782.68250457599,"NRI_P156",50
"59430",-5597.54173457599,"NRI_P156",100
"59431",-4139.47621457599,"NRI_P156",25
"59432",-3117.38796457596,"NRI_P156",50
"59433",-6012.93242457596,"NRI_P156",100
"59434",157.014285424026,"NRI_P156",25
"59435",-736.895734575985,"NRI_P156",50
"59436",-469.827334575995,"NRI_P156",100
"59437",-3027.82541457599,"NRI_P156",25
"59438",-3380.70011457597,"NRI_P156",50
"59439",-6883.13255457598,"NRI_P156",100
"59440",-3120.15861457598,"NRI_P156",25
"59441",-4333.75848457601,"NRI_P156",50
"59442",-404.567764576001,"NRI_P156",100
"59443",-611.485014575999,"NRI_P156",25
"59444",-4393.102324576,"NRI_P156",50
"59445",-2313.64898457599,"NRI_P156",100
"59446",3987.03984542401,"NRI_P156",25
"59447",-3474.82056457596,"NRI_P156",50
"59448",-4582.38547457597,"NRI_P156",100
"59449",-2580.63249457598,"NRI_P156",25
"59450",-6385.26680457598,"NRI_P156",50
"59451",-8471.55655457597,"NRI_P156",100
"59452",-2859.70030457596,"NRI_P156",25
"59453",-2570.03780457599,"NRI_P156",50
"59454",-9084.37232457596,"NRI_P156",100
"59455",-2563.14641457598,"NRI_P156",25
"59456",6894.52091542399,"NRI_P156",50
"59457",-7955.84428457601,"NRI_P156",100
"59458",2117.55388542399,"NRI_P156",25
"59459",-4060.09261457599,"NRI_P156",50
"59460",-6573.42425457598,"NRI_P156",100
"59461",1897.41628542403,"NRI_P156",25
"59462",-6048.00791457598,"NRI_P156",50
"59463",-7798.34559457598,"NRI_P156",100
"59464",-5788.23951457598,"NRI_P156",25
"59465",-5599.428714576,"NRI_P156",50
"59466",-6189.04788457596,"NRI_P156",100
"59467",117.82390542404,"NRI_P156",25
"59468",-1017.40667457599,"NRI_P156",50
"59469",-7617.425664576,"NRI_P156",100
"59470",-3120.34082457598,"NRI_P156",25
"59471",-5151.09637457598,"NRI_P156",50
"59472",-6987.74761457602,"NRI_P156",100
"59473",-5894.382764576,"NRI_P156",25
"59474",-7672.79531457601,"NRI_P156",50
"59475",2364.78748542402,"NRI_P156",100
"59476",-4855.01009457599,"NRI_P156",25
"59477",-5541.384744576,"NRI_P156",50
"59478",-3815.23841457599,"NRI_P156",100
"59479",-1976.90691457601,"NRI_P156",25
"59480",169.080885423988,"NRI_P156",50
"59481",-8539.53077457601,"NRI_P156",100
"59482",-3988.88681457599,"NRI_P156",25
"59483",-5491.41159457597,"NRI_P156",50
"59484",-4172.96303457598,"NRI_P156",100
"59485",-2136.00147457601,"NRI_P156",25
"59486",-4086.74813457596,"NRI_P156",50
"59487",-7657.53976457601,"NRI_P156",100
"59488",-5865.78673457599,"NRI_P156",25
"59489",5251.19228542404,"NRI_P156",50
"59490",788.524835424032,"NRI_P156",100
"59491",746.313415424025,"NRI_P156",25
"59492",-3794.71669457597,"NRI_P156",50
"59493",-8346.19286457601,"NRI_P156",100
"59494",3076.36797542399,"NRI_P156",25
"59495",-2369.545664576,"NRI_P156",50
"59496",-7084.92959457601,"NRI_P156",100
"59497",5601.39788542403,"NRI_P156",25
"59498",-3469.20828457596,"NRI_P156",50
"59499",-8417.822374576,"NRI_P156",100
"59500",-143.421914575971,"NRI_P156",25
"59501",2090.09754542401,"NRI_P156",50
"59502",-2424.27128457598,"NRI_P156",100
"59503",1522.66288542404,"NRI_P156",25
"59504",-4599.42541457596,"NRI_P156",50
"59505",-6348.83274457598,"NRI_P156",100
"59506",468.106585423986,"NRI_P156",25
"59507",-2390.65871457598,"NRI_P156",50
"59508",-8328.17851457599,"NRI_P156",100
"59509",-5618.74571457598,"NRI_P156",25
"59510",-5219.56216457597,"NRI_P156",50
"59511",-6618.75377457601,"NRI_P156",100
"59512",-2425.258314576,"NRI_P156",25
"59513",-1350.54508457601,"NRI_P156",50
"59514",-8561.87220457598,"NRI_P156",100
"59515",-1088.89116457599,"NRI_P156",25
"59516",-6426.40099457599,"NRI_P156",50
"59517",-6287.731414576,"NRI_P156",100
"59518",-739.039414575964,"NRI_P156",25
"59519",-1182.87771457597,"NRI_P156",50
"59520",-10003.368034576,"NRI_P156",100
"59521",-3013.99959457596,"NRI_P156",25
"59522",-4390.10275457602,"NRI_P156",50
"59523",-5293.09324457601,"NRI_P156",100
"59524",-1254.674914576,"NRI_P156",25
"59525",794.111085424025,"NRI_P156",50
"59526",-7189.32510457601,"NRI_P156",100
"59527",-2711.98250457598,"NRI_P156",25
"59528",-1280.67961457599,"NRI_P156",50
"59529",316.613665423996,"NRI_P156",100
"59530",-699.984824576008,"NRI_P156",25
"59531",1038.74101542402,"NRI_P156",50
"59532",-3314.95030457596,"NRI_P156",100
"59533",-1635.83571457601,"NRI_P156",25
"59534",-2069.51112457598,"NRI_P156",50
"59535",-4920.68771457596,"NRI_P156",100
"59536",1372.496585424,"NRI_P156",25
"59537",-297.665214576002,"NRI_P156",50
"59538",-7983.508604576,"NRI_P156",100
"59539",-2937.412814576,"NRI_P156",25
"59540",-1060.653014576,"NRI_P156",50
"59541",-5266.12796457601,"NRI_P156",100
"59542",739.247785423999,"NRI_P156",25
"59543",-8287.83341457596,"NRI_P156",50
"59544",-9893.84289457597,"NRI_P156",100
"59545",-3276.412944576,"NRI_P156",25
"59546",4899.49887542403,"NRI_P156",50
"59547",-7930.21492457599,"NRI_P156",100
"59548",-4983.64571457601,"NRI_P156",25
"59549",-5659.20530457597,"NRI_P156",50
"59550",-6302.187314576,"NRI_P156",100
"59551",-531.634634575981,"NRI_P156",25
"59552",-2773.13680457597,"NRI_P156",50
"59553",-8723.768084576,"NRI_P156",100
"59554",-2511.200614576,"NRI_P156",25
"59555",-3623.63307457598,"NRI_P156",50
"59556",-5560.12391457596,"NRI_P156",100
"59557",-3113.35028457601,"NRI_P156",25
"59558",-5531.94339457597,"NRI_P156",50
"59559",-8601.69366457599,"NRI_P156",100
"59560",4982.99608542403,"NRI_P156",25
"59561",-2300.19071457599,"NRI_P156",50
"59562",-7767.19429457601,"NRI_P156",100
"59563",-2865.58049457596,"NRI_P156",25
"59564",-2937.37895457598,"NRI_P156",50
"59565",-7660.13131457596,"NRI_P156",100
"59566",-4033.26557457598,"NRI_P156",25
"59567",-144.965584576013,"NRI_P156",50
"59568",-8962.15744457598,"NRI_P156",100
"59569",-1369.47631457599,"NRI_P156",25
"59570",-4939.490074576,"NRI_P156",50
"59571",-5880.636464576,"NRI_P156",100
"59572",243.788485424011,"NRI_P156",25
"59573",4490.86218542402,"NRI_P156",50
"59574",-6309.26637457596,"NRI_P156",100
"59575",3251.08668542403,"NRI_P156",25
"59576",-3464.723654576,"NRI_P156",50
"59577",-9953.82926457596,"NRI_P156",100
"59578",-2561.70438457601,"NRI_P156",25
"59579",-6764.24765457597,"NRI_P156",50
"59580",-5746.032264576,"NRI_P156",100
"59581",-2950.23311457597,"NRI_P156",25
"59582",-5754.619974576,"NRI_P156",50
"59583",1821.41794542404,"NRI_P156",100
"59584",281.094285424042,"NRI_P156",25
"59585",-3291.238294576,"NRI_P156",50
"59586",-7739.87686457601,"NRI_P156",100
"59587",-587.050434575998,"NRI_P156",25
"59588",-1756.35753457597,"NRI_P156",50
"59589",-2815.94639457599,"NRI_P156",100
"59590",-272.060504575958,"NRI_P156",25
"59591",-4119.38735457597,"NRI_P156",50
"59592",-4472.73961457598,"NRI_P156",100
"59593",-2007.90931457601,"NRI_P156",25
"59594",-5655.92601457599,"NRI_P156",50
"59595",-3958.21566457598,"NRI_P156",100
"59596",-2728.74933457596,"NRI_P156",25
"59597",-5179.52735457598,"NRI_P156",50
"59598",-3009.30697457597,"NRI_P156",100
"59599",-2919.75622457598,"NRI_P156",25
"59600",7901.97858542402,"NRI_P156",50
"59601",-8860.26075457601,"NRI_P156",100
"59602",-1696.83571457601,"NRI_P156",25
"59603",-9018.66230457596,"NRI_P156",50
"59604",-4321.95591457601,"NRI_P156",100
"59605",-424.033224575978,"NRI_P156",25
"59606",-2656.19479457597,"NRI_P156",50
"59607",-2952.20638457598,"NRI_P156",100
"59608",-1484.35111457598,"NRI_P156",25
"59609",-1543.35332457599,"NRI_P156",50
"59610",-8760.34021457599,"NRI_P156",100
"59611",1126.81088542403,"NRI_P156",25
"59612",-3851.43256457598,"NRI_P156",50
"59613",-9400.34869457601,"NRI_P156",100
"59614",-68.8602345759864,"NRI_P156",25
"59615",-1588.62401457597,"NRI_P156",50
"59616",-7696.85922457598,"NRI_P156",100
"59617",-2009.24631457601,"NRI_P156",25
"59618",-1669.37933457596,"NRI_P156",50
"59619",-3009.61492457596,"NRI_P156",100
"59620",-5501.93741457601,"NRI_P156",25
"59621",-5255.99881457601,"NRI_P156",50
"59622",-7603.86110457598,"NRI_P156",100
"59623",2221.56438542402,"NRI_P156",25
"59624",-3496.27228457597,"NRI_P156",50
"59625",-6594.45153457602,"NRI_P156",100
"59626",-233.060514575976,"NRI_P156",25
"59627",-1609.30521457596,"NRI_P156",50
"59628",-6639.150774576,"NRI_P156",100
"59629",-5813.98350457597,"NRI_P156",25
"59630",-5577.80960457597,"NRI_P156",50
"59631",-7043.00449457596,"NRI_P156",100
"59632",-4916.51786457596,"NRI_P156",25
"59633",-2436.32221457601,"NRI_P156",50
"59634",-472.63046457601,"NRI_P156",100
"59635",-964.428774575994,"NRI_P156",25
"59636",-130.636054575967,"NRI_P156",50
"59637",-8192.20397457597,"NRI_P156",100
"59638",-5108.61641457601,"NRI_P156",25
"59639",483.876115424035,"NRI_P156",50
"59640",-3897.75588457601,"NRI_P156",100
"59641",-4892.48881457601,"NRI_P156",25
"59642",-4457.746404576,"NRI_P156",50
"59643",-8471.179684576,"NRI_P156",100
"59644",-1141.33964457602,"NRI_P156",25
"59645",-3607.56017457601,"NRI_P156",50
"59646",-4896.45463457599,"NRI_P156",100
"59647",-759.88391457597,"NRI_P156",25
"59648",-2028.04534457601,"NRI_P156",50
"59649",-1085.42500457598,"NRI_P156",100
"59650",-2005.76461457601,"NRI_P156",25
"59651",-4604.63961457601,"NRI_P156",50
"59652",-6532.21076457598,"NRI_P156",100
"59653",3668.41408542404,"NRI_P156",25
"59654",-4701.62976457598,"NRI_P156",50
"59655",-4882.20799457596,"NRI_P156",100
"59656",-445.70151457598,"NRI_P156",25
"59657",-8019.67803457601,"NRI_P156",50
"59658",-6506.98542457598,"NRI_P156",100
"59659",-1710.00733457599,"NRI_P156",25
"59660",-96.0702845759806,"NRI_P156",50
"59661",-654.886094575981,"NRI_P156",100
"59662",440.609985424031,"NRI_P156",25
"59663",-8315.99558457598,"NRI_P156",50
"59664",-6923.14130457601,"NRI_P156",100
"59665",1548.17818542401,"NRI_P156",25
"59666",-1993.09871457599,"NRI_P156",50
"59667",-4243.87758457597,"NRI_P156",100
"59668",-2745.18542457599,"NRI_P156",25
"59669",-2304.02230457601,"NRI_P156",50
"59670",-6721.60334457597,"NRI_P156",100
"59671",-367.472914576007,"NRI_P156",25
"59672",-5025.18821457599,"NRI_P156",50
"59673",-6842.20014457597,"NRI_P156",100
"59674",-2526.68321457598,"NRI_P156",25
"59675",-4621.68485457601,"NRI_P156",50
"59676",-6500.99802457599,"NRI_P156",100
"59677",-3718.55901457596,"NRI_P156",25
"59678",-7383.100994576,"NRI_P156",50
"59679",-4373.84032457601,"NRI_P156",100
"59680",-2845.67691457598,"NRI_P156",25
"59681",4944.84618542402,"NRI_P156",50
"59682",-1814.89527457597,"NRI_P156",100
"59683",4107.95748542401,"NRI_P156",25
"59684",-5712.70529457601,"NRI_P156",50
"59685",-278.824524575961,"NRI_P156",100
"59686",-2254.96811457601,"NRI_P156",25
"59687",-3785.42779457598,"NRI_P156",50
"59688",-7674.82037457597,"NRI_P156",100
"59689",-2852.305304576,"NRI_P156",25
"59690",-2040.521714576,"NRI_P156",50
"59691",-7797.60172457597,"NRI_P156",100
"59692",-3356.69131457596,"NRI_P156",25
"59693",-3800.69493457599,"NRI_P156",50
"59694",-4783.71148457599,"NRI_P156",100
"59695",-1662.213014576,"NRI_P156",25
"59696",-5543.49884457601,"NRI_P156",50
"59697",-8327.57166457601,"NRI_P156",100
"59698",-2740.912814576,"NRI_P156",25
"59699",-6501.86977457599,"NRI_P156",50
"59700",-2820.77886457602,"NRI_P156",100
"59701",-635.58936220099,"NRI_P159",25
"59702",-1462.50479220098,"NRI_P159",50
"59703",-7719.18576220103,"NRI_P159",100
"59704",-4057.92269220098,"NRI_P159",25
"59705",-6662.74345220102,"NRI_P159",50
"59706",-7378.05259220098,"NRI_P159",100
"59707",-2754.22309220099,"NRI_P159",25
"59708",-3269.26879220101,"NRI_P159",50
"59709",-5915.82659220102,"NRI_P159",100
"59710",-514.637192200986,"NRI_P159",25
"59711",-4036.541212201,"NRI_P159",50
"59712",-7345.161312201,"NRI_P159",100
"59713",-362.788792201027,"NRI_P159",25
"59714",-3383.416082201,"NRI_P159",50
"59715",-6254.10899220099,"NRI_P159",100
"59716",-2362.85169220099,"NRI_P159",25
"59717",-1563.77499220101,"NRI_P159",50
"59718",-7501.97989220102,"NRI_P159",100
"59719",-1883.53119220102,"NRI_P159",25
"59720",-6883.53989220102,"NRI_P159",50
"59721",-4592.97437220102,"NRI_P159",100
"59722",-635.58936220099,"NRI_P159",25
"59723",-4711.71251220099,"NRI_P159",50
"59724",-4448.092092201,"NRI_P159",100
"59725",-199.228792201029,"NRI_P159",25
"59726",-6572.80699220102,"NRI_P159",50
"59727",-3530.45909220102,"NRI_P159",100
"59728",-1080.18319220102,"NRI_P159",25
"59729",-3650.354552201,"NRI_P159",50
"59730",-1999.97799220099,"NRI_P159",100
"59731",-4152.50542220101,"NRI_P159",25
"59732",-865.507692201005,"NRI_P159",50
"59733",-6869.85963220103,"NRI_P159",100
"59734",-3867.62359220098,"NRI_P159",25
"59735",-1557.46080220101,"NRI_P159",50
"59736",2119.26350779901,"NRI_P159",100
"59737",-1673.48519220098,"NRI_P159",25
"59738",-2551.00979220099,"NRI_P159",50
"59739",-7631.57993220101,"NRI_P159",100
"59740",-3965.17709220102,"NRI_P159",25
"59741",-4027.06199220102,"NRI_P159",50
"59742",-7471.21357220103,"NRI_P159",100
"59743",-570.917992200993,"NRI_P159",25
"59744",-6920.81909220101,"NRI_P159",50
"59745",-6706.65209220099,"NRI_P159",100
"59746",-4176.37362220098,"NRI_P159",25
"59747",-6866.548252201,"NRI_P159",50
"59748",843.801207798999,"NRI_P159",100
"59749",-289.424692201021,"NRI_P159",25
"59750",-5849.54129220103,"NRI_P159",50
"59751",-3712.96929220099,"NRI_P159",100
"59752",-4094.73469220102,"NRI_P159",25
"59753",-4144.84259220102,"NRI_P159",50
"59754",-4285.781412201,"NRI_P159",100
"59755",-2072.67109220102,"NRI_P159",25
"59756",-3666.73719220102,"NRI_P159",50
"59757",-3796.38279220101,"NRI_P159",100
"59758",-3810.85549220099,"NRI_P159",25
"59759",3167.21930779901,"NRI_P159",50
"59760",-58.5856922009843,"NRI_P159",100
"59761",-2959.38393220102,"NRI_P159",25
"59762",-4815.76696220099,"NRI_P159",50
"59763",-1543.191262201,"NRI_P159",100
"59764",-502.987092201016,"NRI_P159",25
"59765",-3444.25609220099,"NRI_P159",50
"59766",-6918.06209220103,"NRI_P159",100
"59767",-2287.22259220103,"NRI_P159",25
"59768",-3518.23229220102,"NRI_P159",50
"59769",-5241.09879220102,"NRI_P159",100
"59770",-2933.19750220102,"NRI_P159",25
"59771",-269.398692201008,"NRI_P159",50
"59772",-6361.74532220099,"NRI_P159",100
"59773",-2962.76919220103,"NRI_P159",25
"59774",3022.201907799,"NRI_P159",50
"59775",-3924.84703220101,"NRI_P159",100
"59776",-2420.494192201,"NRI_P159",25
"59777",-4067.35509220097,"NRI_P159",50
"59778",-2416.88196220098,"NRI_P159",100
"59779",-672.62676220102,"NRI_P159",25
"59780",-2635.38489220099,"NRI_P159",50
"59781",-6602.58829220099,"NRI_P159",100
"59782",-3706.51599220099,"NRI_P159",25
"59783",-7141.09785220103,"NRI_P159",50
"59784",-2129.726992201,"NRI_P159",100
"59785",642.490307799017,"NRI_P159",25
"59786",-3484.71879220102,"NRI_P159",50
"59787",-7490.84556220099,"NRI_P159",100
"59788",2279.627307799,"NRI_P159",25
"59789",-2232.186492201,"NRI_P159",50
"59790",-7088.100692201,"NRI_P159",100
"59791",-2445.23199220101,"NRI_P159",25
"59792",-198.665192200977,"NRI_P159",50
"59793",-4658.80329220102,"NRI_P159",100
"59794",-4203.87082220102,"NRI_P159",25
"59795",-340.314692200976,"NRI_P159",50
"59796",-2367.65425220103,"NRI_P159",100
"59797",-439.99719220103,"NRI_P159",25
"59798",-6636.59552220098,"NRI_P159",50
"59799",-7549.72009220102,"NRI_P159",100
"59800",-3867.18489220098,"NRI_P159",25
"59801",-7136.83866220101,"NRI_P159",50
"59802",-7555.453822201,"NRI_P159",100
"59803",-663.033932200982,"NRI_P159",25
"59804",-6680.06539220101,"NRI_P159",50
"59805",-1810.060192201,"NRI_P159",100
"59806",-4132.61949220102,"NRI_P159",25
"59807",-6874.724592201,"NRI_P159",50
"59808",-4175.08631220099,"NRI_P159",100
"59809",-654.711552201014,"NRI_P159",25
"59810",-4556.68531220098,"NRI_P159",50
"59811",-7463.65772220102,"NRI_P159",100
"59812",-4065.10499220103,"NRI_P159",25
"59813",-288.411072200979,"NRI_P159",50
"59814",-7134.80622220098,"NRI_P159",100
"59815",-303.028692201013,"NRI_P159",25
"59816",-6495.97259220103,"NRI_P159",50
"59817",-6531.865362201,"NRI_P159",100
"59818",-2203.033292201,"NRI_P159",25
"59819",-2549.36109220103,"NRI_P159",50
"59820",-6926.93719220097,"NRI_P159",100
"59821",-4220.667932201,"NRI_P159",25
"59822",-7042.81114220101,"NRI_P159",50
"59823",-6705.95929220098,"NRI_P159",100
"59824",-3908.940292201,"NRI_P159",25
"59825",4467.58740779897,"NRI_P159",50
"59826",-7103.40379220102,"NRI_P159",100
"59827",-2946.212192201,"NRI_P159",25
"59828",-4080.86479220103,"NRI_P159",50
"59829",-4545.747792201,"NRI_P159",100
"59830",267.687807799026,"NRI_P159",25
"59831",-1859.61279220099,"NRI_P159",50
"59832",-6460.31059220101,"NRI_P159",100
"59833",-431.585892200994,"NRI_P159",25
"59834",-3526.62699220103,"NRI_P159",50
"59835",-5602.88268220099,"NRI_P159",100
"59836",-502.987092201016,"NRI_P159",25
"59837",-5902.58659220103,"NRI_P159",50
"59838",-1295.084892201,"NRI_P159",100
"59839",8918.46230779903,"NRI_P159",25
"59840",-4450.37629220099,"NRI_P159",50
"59841",-6499.92035220098,"NRI_P159",100
"59842",-2943.446262201,"NRI_P159",25
"59843",-3273.62057220098,"NRI_P159",50
"59844",-1301.869192201,"NRI_P159",100
"59845",-4020.25119220099,"NRI_P159",25
"59846",-4842.47860220098,"NRI_P159",50
"59847",-7724.58717220102,"NRI_P159",100
"59848",-514.637192200986,"NRI_P159",25
"59849",-2488.149692201,"NRI_P159",50
"59850",-5262.92559220101,"NRI_P159",100
"59851",-2262.41019220097,"NRI_P159",25
"59852",-4357.89699220099,"NRI_P159",50
"59853",-6321.59769220097,"NRI_P159",100
"59854",-2807.73479220102,"NRI_P159",25
"59855",3324.51730779902,"NRI_P159",50
"59856",-7030.71819220099,"NRI_P159",100
"59857",-549.009992200998,"NRI_P159",25
"59858",-7109.43097220099,"NRI_P159",50
"59859",-6839.64329220098,"NRI_P159",100
"59860",208.110907798982,"NRI_P159",25
"59861",-1628.616692201,"NRI_P159",50
"59862",-7668.65012220101,"NRI_P159",100
"59863",-656.548872201005,"NRI_P159",25
"59864",-3565.89279220102,"NRI_P159",50
"59865",-6736.90782220103,"NRI_P159",100
"59866",-3751.98599220102,"NRI_P159",25
"59867",-2391.55759220099,"NRI_P159",50
"59868",-5288.476892201,"NRI_P159",100
"59869",-2198.97729220102,"NRI_P159",25
"59870",-2967.82319220097,"NRI_P159",50
"59871",-5225.76189220103,"NRI_P159",100
"59872",-2850.83859220101,"NRI_P159",25
"59873",-3501.82719220099,"NRI_P159",50
"59874",-7354.08796220098,"NRI_P159",100
"59875",-528.577192200988,"NRI_P159",25
"59876",-6727.358092201,"NRI_P159",50
"59877",-4180.48569220101,"NRI_P159",100
"59878",-640.138822200999,"NRI_P159",25
"59879",-5665.37721220101,"NRI_P159",50
"59880",-7581.01432220102,"NRI_P159",100
"59881",-4115.670492201,"NRI_P159",25
"59882",-4152.20269220101,"NRI_P159",50
"59883",-6185.60229220102,"NRI_P159",100
"59884",70.4842077990179,"NRI_P159",25
"59885",-6646.25394220097,"NRI_P159",50
"59886",-6767.51949220098,"NRI_P159",100
"59887",-2919.99297220103,"NRI_P159",25
"59888",-2331.69469220098,"NRI_P159",50
"59889",-4814.66112220101,"NRI_P159",100
"59890",-710.430192200991,"NRI_P159",25
"59891",-3332.31539220101,"NRI_P159",50
"59892",578.850307799003,"NRI_P159",100
"59893",-2946.72895220103,"NRI_P159",25
"59894",-4661.24937220098,"NRI_P159",50
"59895",876.027907798998,"NRI_P159",100
"59896",-325.245392201003,"NRI_P159",25
"59897",-4236.72395220102,"NRI_P159",50
"59898",-5862.80099220102,"NRI_P159",100
"59899",3371.67580779898,"NRI_P159",25
"59900",-4136.67229220102,"NRI_P159",50
"59901",-4266.56679220102,"NRI_P159",100
"59902",-3932.27889220102,"NRI_P159",25
"59903",-3535.55369220098,"NRI_P159",50
"59904",-1124.08669220097,"NRI_P159",100
"59905",-3787.04609220102,"NRI_P159",25
"59906",-3334.12629220099,"NRI_P159",50
"59907",-4882.86119220097,"NRI_P159",100
"59908",-4207.49619220098,"NRI_P159",25
"59909",-3320.01299220102,"NRI_P159",50
"59910",-7308.433022201,"NRI_P159",100
"59911",-469.355592200998,"NRI_P159",25
"59912",-6528.26709220099,"NRI_P159",50
"59913",-6450.86780220101,"NRI_P159",100
"59914",212.196407799027,"NRI_P159",25
"59915",-4360.82969220099,"NRI_P159",50
"59916",-7434.41971220099,"NRI_P159",100
"59917",-4100.90819220099,"NRI_P159",25
"59918",-6031.62569220102,"NRI_P159",50
"59919",-3551.808992201,"NRI_P159",100
"59920",-2542.25459220097,"NRI_P159",25
"59921",-3420.42529220099,"NRI_P159",50
"59922",-935.120692201017,"NRI_P159",100
"59923",-2523.75569220103,"NRI_P159",25
"59924",233.590607799008,"NRI_P159",50
"59925",-3746.43439220102,"NRI_P159",100
"59926",-604.019342201005,"NRI_P159",25
"59927",-1778.05689220101,"NRI_P159",50
"59928",-6857.96050220099,"NRI_P159",100
"59929",-2584.31459220103,"NRI_P159",25
"59930",-2730.32579220098,"NRI_P159",50
"59931",-6340.94709220098,"NRI_P159",100
"59932",-2687.90109220101,"NRI_P159",25
"59933",-1404.02269220102,"NRI_P159",50
"59934",-7543.17412220099,"NRI_P159",100
"59935",642.490307799017,"NRI_P159",25
"59936",-2486.93979220098,"NRI_P159",50
"59937",-6033.78859220102,"NRI_P159",100
"59938",-4209.652322201,"NRI_P159",25
"59939",1937.11280779901,"NRI_P159",50
"59940",-7019.07241220103,"NRI_P159",100
"59941",-2093.369192201,"NRI_P159",25
"59942",-3306.28083220101,"NRI_P159",50
"59943",-6366.05268220103,"NRI_P159",100
"59944",-4125.13709220098,"NRI_P159",25
"59945",-1593.986692201,"NRI_P159",50
"59946",-6117.24262220098,"NRI_P159",100
"59947",-2947.90143220098,"NRI_P159",25
"59948",-4223.21700220101,"NRI_P159",50
"59949",-7102.73378220102,"NRI_P159",100
"59950",-518.953492200992,"NRI_P159",25
"59951",-6968.82759220101,"NRI_P159",50
"59952",-4433.09292220097,"NRI_P159",100
"59953",-338.174292201002,"NRI_P159",25
"59954",-4725.81155220099,"NRI_P159",50
"59955",-4171.24449220102,"NRI_P159",100
"59956",-2888.70319220098,"NRI_P159",25
"59957",-3840.74702220102,"NRI_P159",50
"59958",-6658.47739220102,"NRI_P159",100
"59959",80.1692077990156,"NRI_P159",25
"59960",-7061.81277220102,"NRI_P159",50
"59961",-3518.65299220098,"NRI_P159",100
"59962",-3848.47919220099,"NRI_P159",25
"59963",-53.4716922009829,"NRI_P159",50
"59964",-7419.84723220102,"NRI_P159",100
"59965",-656.385182200989,"NRI_P159",25
"59966",-4740.14827220101,"NRI_P159",50
"59967",-6764.58614220098,"NRI_P159",100
"59968",-2905.509732201,"NRI_P159",25
"59969",-3164.14753220102,"NRI_P159",50
"59970",-4019.84549220098,"NRI_P159",100
"59971",-3964.41359220102,"NRI_P159",25
"59972",-3425.31059220101,"NRI_P159",50
"59973",-7321.89657220099,"NRI_P159",100
"59974",-564.751692201011,"NRI_P159",25
"59975",-6204.37895220099,"NRI_P159",50
"59976",-5443.293062201,"NRI_P159",100
"59977",-3561.71299220098,"NRI_P159",25
"59978",-3099.20599220099,"NRI_P159",50
"59979",-3826.83227220102,"NRI_P159",100
"59980",2750.98280779901,"NRI_P159",25
"59981",-3078.19569220103,"NRI_P159",50
"59982",-6926.13984220102,"NRI_P159",100
"59983",-2199.55719220103,"NRI_P159",25
"59984",-4521.48729220103,"NRI_P159",50
"59985",-6559.20139220101,"NRI_P159",100
"59986",-2931.00864220102,"NRI_P159",25
"59987",1635.34380779898,"NRI_P159",50
"59988",-7745.76240220101,"NRI_P159",100
"59989",-622.257952201006,"NRI_P159",25
"59990",-5956.99069220101,"NRI_P159",50
"59991",-7444.90092220099,"NRI_P159",100
"59992",-2703.12959220097,"NRI_P159",25
"59993",-3150.931592201,"NRI_P159",50
"59994",506.119717799011,"NRI_P159",100
"59995",2036.40030779899,"NRI_P159",25
"59996",-2552.84179220098,"NRI_P159",50
"59997",-5649.87699220103,"NRI_P159",100
"59998",-2903.66119220102,"NRI_P159",25
"59999",-838.330792200984,"NRI_P159",50
"60000",-4464.59153220098,"NRI_P159",100
"60001",0.00196162829524837,"NRI_P160",25
"60002",0.00196162829524837,"NRI_P160",50
"60003",0.00196162829524837,"NRI_P160",100
"60004",0.00196162829524837,"NRI_P160",25
"60005",0.00196162829524837,"NRI_P160",50
"60006",0.00196162829524837,"NRI_P160",100
"60007",0.00196162829524837,"NRI_P160",25
"60008",0.00196162829524837,"NRI_P160",50
"60009",0.00196162829524837,"NRI_P160",100
"60010",0.00196162829524837,"NRI_P160",25
"60011",0.00196162829524837,"NRI_P160",50
"60012",0.00196162829524837,"NRI_P160",100
"60013",0.00196162829524837,"NRI_P160",25
"60014",0.00196162829524837,"NRI_P160",50
"60015",0.00196162829524837,"NRI_P160",100
"60016",0.00196162829524837,"NRI_P160",25
"60017",0.00196162829524837,"NRI_P160",50
"60018",0.00196162829524837,"NRI_P160",100
"60019",0.00196162829524837,"NRI_P160",25
"60020",0.00196162829524837,"NRI_P160",50
"60021",0.00196162829524837,"NRI_P160",100
"60022",0.00196162829524837,"NRI_P160",25
"60023",0.00196162829524837,"NRI_P160",50
"60024",0.00196162829524837,"NRI_P160",100
"60025",0.00196162829524837,"NRI_P160",25
"60026",0.00196162829524837,"NRI_P160",50
"60027",0.00196162829524837,"NRI_P160",100
"60028",0.00196162829524837,"NRI_P160",25
"60029",0.00196162829524837,"NRI_P160",50
"60030",0.00196162829524837,"NRI_P160",100
"60031",0.00196162829524837,"NRI_P160",25
"60032",0.00196162829524837,"NRI_P160",50
"60033",0.00196162829524837,"NRI_P160",100
"60034",0.00196162829524837,"NRI_P160",25
"60035",0.00196162829524837,"NRI_P160",50
"60036",0.00196162829524837,"NRI_P160",100
"60037",0.00196162829524837,"NRI_P160",25
"60038",0.00196162829524837,"NRI_P160",50
"60039",0.00196162829524837,"NRI_P160",100
"60040",0.00196162829524837,"NRI_P160",25
"60041",0.00196162829524837,"NRI_P160",50
"60042",0.00196162829524837,"NRI_P160",100
"60043",0.00196162829524837,"NRI_P160",25
"60044",0.00196162829524837,"NRI_P160",50
"60045",0.00196162829524837,"NRI_P160",100
"60046",0.00196162829524837,"NRI_P160",25
"60047",0.00196162829524837,"NRI_P160",50
"60048",0.00196162829524837,"NRI_P160",100
"60049",0.00196162829524837,"NRI_P160",25
"60050",0.00196162829524837,"NRI_P160",50
"60051",0.00196162829524837,"NRI_P160",100
"60052",0.00196162829524837,"NRI_P160",25
"60053",0.00196162829524837,"NRI_P160",50
"60054",0.00196162829524837,"NRI_P160",100
"60055",0.00196162829524837,"NRI_P160",25
"60056",0.00196162829524837,"NRI_P160",50
"60057",0.00196162829524837,"NRI_P160",100
"60058",0.00196162829524837,"NRI_P160",25
"60059",0.00196162829524837,"NRI_P160",50
"60060",0.00196162829524837,"NRI_P160",100
"60061",0.00196162829524837,"NRI_P160",25
"60062",0.00196162829524837,"NRI_P160",50
"60063",0.00196162829524837,"NRI_P160",100
"60064",0.00196162829524837,"NRI_P160",25
"60065",0.00196162829524837,"NRI_P160",50
"60066",0.00196162829524837,"NRI_P160",100
"60067",0.00196162829524837,"NRI_P160",25
"60068",0.00196162829524837,"NRI_P160",50
"60069",0.00196162829524837,"NRI_P160",100
"60070",0.00196162829524837,"NRI_P160",25
"60071",0.00196162829524837,"NRI_P160",50
"60072",0.00196162829524837,"NRI_P160",100
"60073",0.00196162829524837,"NRI_P160",25
"60074",0.00196162829524837,"NRI_P160",50
"60075",0.00196162829524837,"NRI_P160",100
"60076",0.00196162829524837,"NRI_P160",25
"60077",0.00196162829524837,"NRI_P160",50
"60078",0.00196162829524837,"NRI_P160",100
"60079",0.00196162829524837,"NRI_P160",25
"60080",0.00196162829524837,"NRI_P160",50
"60081",0.00196162829524837,"NRI_P160",100
"60082",0.00196162829524837,"NRI_P160",25
"60083",0.00196162829524837,"NRI_P160",50
"60084",0.00196162829524837,"NRI_P160",100
"60085",0.00196162829524837,"NRI_P160",25
"60086",0.00196162829524837,"NRI_P160",50
"60087",0.00196162829524837,"NRI_P160",100
"60088",0.00196162829524837,"NRI_P160",25
"60089",0.00196162829524837,"NRI_P160",50
"60090",0.00196162829524837,"NRI_P160",100
"60091",0.00196162829524837,"NRI_P160",25
"60092",0.00196162829524837,"NRI_P160",50
"60093",0.00196162829524837,"NRI_P160",100
"60094",0.00196162829524837,"NRI_P160",25
"60095",0.00196162829524837,"NRI_P160",50
"60096",0.00196162829524837,"NRI_P160",100
"60097",0.00196162829524837,"NRI_P160",25
"60098",0.00196162829524837,"NRI_P160",50
"60099",0.00196162829524837,"NRI_P160",100
"60100",0.00196162829524837,"NRI_P160",25
"60101",0.00196162829524837,"NRI_P160",50
"60102",0.00196162829524837,"NRI_P160",100
"60103",0.00196162829524837,"NRI_P160",25
"60104",0.00196162829524837,"NRI_P160",50
"60105",0.00196162829524837,"NRI_P160",100
"60106",0.00196162829524837,"NRI_P160",25
"60107",0.00196162829524837,"NRI_P160",50
"60108",0.00196162829524837,"NRI_P160",100
"60109",0.00196162829524837,"NRI_P160",25
"60110",0.00196162829524837,"NRI_P160",50
"60111",0.00196162829524837,"NRI_P160",100
"60112",0.00196162829524837,"NRI_P160",25
"60113",0.00196162829524837,"NRI_P160",50
"60114",0.00196162829524837,"NRI_P160",100
"60115",0.00196162829524837,"NRI_P160",25
"60116",0.00196162829524837,"NRI_P160",50
"60117",0.00196162829524837,"NRI_P160",100
"60118",0.00196162829524837,"NRI_P160",25
"60119",0.00196162829524837,"NRI_P160",50
"60120",0.00196162829524837,"NRI_P160",100
"60121",0.00196162829524837,"NRI_P160",25
"60122",0.00196162829524837,"NRI_P160",50
"60123",0.00196162829524837,"NRI_P160",100
"60124",0.00196162829524837,"NRI_P160",25
"60125",0.00196162829524837,"NRI_P160",50
"60126",0.00196162829524837,"NRI_P160",100
"60127",0.00196162829524837,"NRI_P160",25
"60128",0.00196162829524837,"NRI_P160",50
"60129",0.00196162829524837,"NRI_P160",100
"60130",0.00196162829524837,"NRI_P160",25
"60131",0.00196162829524837,"NRI_P160",50
"60132",0.00196162829524837,"NRI_P160",100
"60133",0.00196162829524837,"NRI_P160",25
"60134",0.00196162829524837,"NRI_P160",50
"60135",0.00196162829524837,"NRI_P160",100
"60136",0.00196162829524837,"NRI_P160",25
"60137",0.00196162829524837,"NRI_P160",50
"60138",0.00196162829524837,"NRI_P160",100
"60139",0.00196162829524837,"NRI_P160",25
"60140",0.00196162829524837,"NRI_P160",50
"60141",0.00196162829524837,"NRI_P160",100
"60142",0.00196162829524837,"NRI_P160",25
"60143",0.00196162829524837,"NRI_P160",50
"60144",0.00196162829524837,"NRI_P160",100
"60145",0.00196162829524837,"NRI_P160",25
"60146",0.00196162829524837,"NRI_P160",50
"60147",0.00196162829524837,"NRI_P160",100
"60148",0.00196162829524837,"NRI_P160",25
"60149",0.00196162829524837,"NRI_P160",50
"60150",0.00196162829524837,"NRI_P160",100
"60151",0.00196162829524837,"NRI_P160",25
"60152",0.00196162829524837,"NRI_P160",50
"60153",0.00196162829524837,"NRI_P160",100
"60154",0.00196162829524837,"NRI_P160",25
"60155",0.00196162829524837,"NRI_P160",50
"60156",0.00196162829524837,"NRI_P160",100
"60157",0.00196162829524837,"NRI_P160",25
"60158",0.00196162829524837,"NRI_P160",50
"60159",0.00196162829524837,"NRI_P160",100
"60160",0.00196162829524837,"NRI_P160",25
"60161",0.00196162829524837,"NRI_P160",50
"60162",0.00196162829524837,"NRI_P160",100
"60163",0.00196162829524837,"NRI_P160",25
"60164",0.00196162829524837,"NRI_P160",50
"60165",0.00196162829524837,"NRI_P160",100
"60166",0.00196162829524837,"NRI_P160",25
"60167",0.00196162829524837,"NRI_P160",50
"60168",0.00196162829524837,"NRI_P160",100
"60169",0.00196162829524837,"NRI_P160",25
"60170",0.00196162829524837,"NRI_P160",50
"60171",0.00196162829524837,"NRI_P160",100
"60172",0.00196162829524837,"NRI_P160",25
"60173",0.00196162829524837,"NRI_P160",50
"60174",0.00196162829524837,"NRI_P160",100
"60175",0.00196162829524837,"NRI_P160",25
"60176",0.00196162829524837,"NRI_P160",50
"60177",0.00196162829524837,"NRI_P160",100
"60178",0.00196162829524837,"NRI_P160",25
"60179",0.00196162829524837,"NRI_P160",50
"60180",0.00196162829524837,"NRI_P160",100
"60181",0.00196162829524837,"NRI_P160",25
"60182",0.00196162829524837,"NRI_P160",50
"60183",0.00196162829524837,"NRI_P160",100
"60184",0.00196162829524837,"NRI_P160",25
"60185",0.00196162829524837,"NRI_P160",50
"60186",0.00196162829524837,"NRI_P160",100
"60187",0.00196162829524837,"NRI_P160",25
"60188",0.00196162829524837,"NRI_P160",50
"60189",0.00196162829524837,"NRI_P160",100
"60190",0.00196162829524837,"NRI_P160",25
"60191",0.00196162829524837,"NRI_P160",50
"60192",0.00196162829524837,"NRI_P160",100
"60193",0.00196162829524837,"NRI_P160",25
"60194",0.00196162829524837,"NRI_P160",50
"60195",0.00196162829524837,"NRI_P160",100
"60196",0.00196162829524837,"NRI_P160",25
"60197",0.00196162829524837,"NRI_P160",50
"60198",0.00196162829524837,"NRI_P160",100
"60199",0.00196162829524837,"NRI_P160",25
"60200",0.00196162829524837,"NRI_P160",50
"60201",0.00196162829524837,"NRI_P160",100
"60202",0.00196162829524837,"NRI_P160",25
"60203",0.00196162829524837,"NRI_P160",50
"60204",0.00196162829524837,"NRI_P160",100
"60205",0.00196162829524837,"NRI_P160",25
"60206",0.00196162829524837,"NRI_P160",50
"60207",0.00196162829524837,"NRI_P160",100
"60208",0.00196162829524837,"NRI_P160",25
"60209",0.00196162829524837,"NRI_P160",50
"60210",0.00196162829524837,"NRI_P160",100
"60211",0.00196162829524837,"NRI_P160",25
"60212",0.00196162829524837,"NRI_P160",50
"60213",0.00196162829524837,"NRI_P160",100
"60214",0.00196162829524837,"NRI_P160",25
"60215",0.00196162829524837,"NRI_P160",50
"60216",0.00196162829524837,"NRI_P160",100
"60217",0.00196162829524837,"NRI_P160",25
"60218",0.00196162829524837,"NRI_P160",50
"60219",0.00196162829524837,"NRI_P160",100
"60220",0.00196162829524837,"NRI_P160",25
"60221",0.00196162829524837,"NRI_P160",50
"60222",0.00196162829524837,"NRI_P160",100
"60223",0.00196162829524837,"NRI_P160",25
"60224",0.00196162829524837,"NRI_P160",50
"60225",0.00196162829524837,"NRI_P160",100
"60226",0.00196162829524837,"NRI_P160",25
"60227",0.00196162829524837,"NRI_P160",50
"60228",0.00196162829524837,"NRI_P160",100
"60229",0.00196162829524837,"NRI_P160",25
"60230",0.00196162829524837,"NRI_P160",50
"60231",0.00196162829524837,"NRI_P160",100
"60232",0.00196162829524837,"NRI_P160",25
"60233",0.00196162829524837,"NRI_P160",50
"60234",0.00196162829524837,"NRI_P160",100
"60235",0.00196162829524837,"NRI_P160",25
"60236",0.00196162829524837,"NRI_P160",50
"60237",0.00196162829524837,"NRI_P160",100
"60238",0.00196162829524837,"NRI_P160",25
"60239",0.00196162829524837,"NRI_P160",50
"60240",0.00196162829524837,"NRI_P160",100
"60241",0.00196162829524837,"NRI_P160",25
"60242",0.00196162829524837,"NRI_P160",50
"60243",0.00196162829524837,"NRI_P160",100
"60244",0.00196162829524837,"NRI_P160",25
"60245",0.00196162829524837,"NRI_P160",50
"60246",0.00196162829524837,"NRI_P160",100
"60247",0.00196162829524837,"NRI_P160",25
"60248",0.00196162829524837,"NRI_P160",50
"60249",0.00196162829524837,"NRI_P160",100
"60250",0.00196162829524837,"NRI_P160",25
"60251",0.00196162829524837,"NRI_P160",50
"60252",0.00196162829524837,"NRI_P160",100
"60253",0.00196162829524837,"NRI_P160",25
"60254",0.00196162829524837,"NRI_P160",50
"60255",0.00196162829524837,"NRI_P160",100
"60256",0.00196162829524837,"NRI_P160",25
"60257",0.00196162829524837,"NRI_P160",50
"60258",0.00196162829524837,"NRI_P160",100
"60259",0.00196162829524837,"NRI_P160",25
"60260",0.00196162829524837,"NRI_P160",50
"60261",0.00196162829524837,"NRI_P160",100
"60262",0.00196162829524837,"NRI_P160",25
"60263",0.00196162829524837,"NRI_P160",50
"60264",0.00196162829524837,"NRI_P160",100
"60265",0.00196162829524837,"NRI_P160",25
"60266",0.00196162829524837,"NRI_P160",50
"60267",0.00196162829524837,"NRI_P160",100
"60268",0.00196162829524837,"NRI_P160",25
"60269",0.00196162829524837,"NRI_P160",50
"60270",0.00196162829524837,"NRI_P160",100
"60271",0.00196162829524837,"NRI_P160",25
"60272",0.00196162829524837,"NRI_P160",50
"60273",0.00196162829524837,"NRI_P160",100
"60274",0.00196162829524837,"NRI_P160",25
"60275",0.00196162829524837,"NRI_P160",50
"60276",0.00196162829524837,"NRI_P160",100
"60277",0.00196162829524837,"NRI_P160",25
"60278",0.00196162829524837,"NRI_P160",50
"60279",0.00196162829524837,"NRI_P160",100
"60280",0.00196162829524837,"NRI_P160",25
"60281",0.00196162829524837,"NRI_P160",50
"60282",0.00196162829524837,"NRI_P160",100
"60283",0.00196162829524837,"NRI_P160",25
"60284",0.00196162829524837,"NRI_P160",50
"60285",0.00196162829524837,"NRI_P160",100
"60286",0.00196162829524837,"NRI_P160",25
"60287",0.00196162829524837,"NRI_P160",50
"60288",0.00196162829524837,"NRI_P160",100
"60289",0.00196162829524837,"NRI_P160",25
"60290",0.00196162829524837,"NRI_P160",50
"60291",0.00196162829524837,"NRI_P160",100
"60292",0.00196162829524837,"NRI_P160",25
"60293",0.00196162829524837,"NRI_P160",50
"60294",0.00196162829524837,"NRI_P160",100
"60295",0.00196162829524837,"NRI_P160",25
"60296",0.00196162829524837,"NRI_P160",50
"60297",0.00196162829524837,"NRI_P160",100
"60298",0.00196162829524837,"NRI_P160",25
"60299",0.00196162829524837,"NRI_P160",50
"60300",0.00196162829524837,"NRI_P160",100
"60301",-1219.33027282998,"NRI_P161",25
"60302",6782.47939717001,"NRI_P161",50
"60303",1665.48276717,"NRI_P161",100
"60304",453.712847170013,"NRI_P161",25
"60305",-1313.27261282998,"NRI_P161",50
"60306",-3265.33257283003,"NRI_P161",100
"60307",-1199.99293283001,"NRI_P161",25
"60308",-789.099422829982,"NRI_P161",50
"60309",-2964.79907283001,"NRI_P161",100
"60310",-187.82659283001,"NRI_P161",25
"60311",-750.666152830003,"NRI_P161",50
"60312",892.727967170009,"NRI_P161",100
"60313",-507.800812829984,"NRI_P161",25
"60314",6786.80221717001,"NRI_P161",50
"60315",1536.08763716999,"NRI_P161",100
"60316",166.147547169996,"NRI_P161",25
"60317",-827.165182830009,"NRI_P161",50
"60318",4118.57433716999,"NRI_P161",100
"60319",-1257.85915282997,"NRI_P161",25
"60320",2830.97260717,"NRI_P161",50
"60321",-2741.56264283002,"NRI_P161",100
"60322",-1080.03956283,"NRI_P161",25
"60323",462.439147169993,"NRI_P161",50
"60324",13128.09057717,"NRI_P161",100
"60325",1271.78688716999,"NRI_P161",25
"60326",-1805.03281283,"NRI_P161",50
"60327",-1791.27540282998,"NRI_P161",100
"60328",-814.497512830014,"NRI_P161",25
"60329",-1026.16500282998,"NRI_P161",50
"60330",-2686.82108283002,"NRI_P161",100
"60331",-915.816452829982,"NRI_P161",25
"60332",2314.12559716997,"NRI_P161",50
"60333",-3941.96325283003,"NRI_P161",100
"60334",-582.850412830012,"NRI_P161",25
"60335",1135.99769717001,"NRI_P161",50
"60336",2873.11474717001,"NRI_P161",100
"60337",-1692.56804282998,"NRI_P161",25
"60338",-967.437872830022,"NRI_P161",50
"60339",-2888.67437283002,"NRI_P161",100
"60340",-842.485752829991,"NRI_P161",25
"60341",-340.394472829998,"NRI_P161",50
"60342",-978.118342829985,"NRI_P161",100
"60343",-461.952222829976,"NRI_P161",25
"60344",-2019.16421283002,"NRI_P161",50
"60345",906.935947170015,"NRI_P161",100
"60346",5667.27854716999,"NRI_P161",25
"60347",-723.405632829992,"NRI_P161",50
"60348",-1883.80384283001,"NRI_P161",100
"60349",1596.46130716999,"NRI_P161",25
"60350",-357.53614282998,"NRI_P161",50
"60351",-182.094002829981,"NRI_P161",100
"60352",42.4432071699994,"NRI_P161",25
"60353",-948.469902830024,"NRI_P161",50
"60354",14757.62631717,"NRI_P161",100
"60355",-1113.50495283003,"NRI_P161",25
"60356",-1135.41083283001,"NRI_P161",50
"60357",-2258.76678283,"NRI_P161",100
"60358",-225.614452829992,"NRI_P161",25
"60359",6032.48110717,"NRI_P161",50
"60360",3444.40642716998,"NRI_P161",100
"60361",-1032.06978283002,"NRI_P161",25
"60362",-1772.02212282998,"NRI_P161",50
"60363",8067.92370717,"NRI_P161",100
"60364",-1250.04229283001,"NRI_P161",25
"60365",-1996.73877282999,"NRI_P161",50
"60366",-4195.45287282998,"NRI_P161",100
"60367",1877.97754717001,"NRI_P161",25
"60368",-1375.36055282998,"NRI_P161",50
"60369",-2187.99994283001,"NRI_P161",100
"60370",-936.131512829976,"NRI_P161",25
"60371",1562.79503717,"NRI_P161",50
"60372",3036.57596717001,"NRI_P161",100
"60373",-1720.00920283003,"NRI_P161",25
"60374",-1055.61573283002,"NRI_P161",50
"60375",-1233.29663283,"NRI_P161",100
"60376",-1037.78218282998,"NRI_P161",25
"60377",-906.65266283002,"NRI_P161",50
"60378",-1386.96599283,"NRI_P161",100
"60379",-897.748152829998,"NRI_P161",25
"60380",2079.24104717001,"NRI_P161",50
"60381",-3421.43815283,"NRI_P161",100
"60382",8.63937717000954,"NRI_P161",25
"60383",2798.40084716998,"NRI_P161",50
"60384",896.232347170007,"NRI_P161",100
"60385",-1099.80219283001,"NRI_P161",25
"60386",1124.04664716998,"NRI_P161",50
"60387",-243.673082829977,"NRI_P161",100
"60388",-357.083472830011,"NRI_P161",25
"60389",-2623.43899282999,"NRI_P161",50
"60390",-3684.07591283001,"NRI_P161",100
"60391",-1011.27523283003,"NRI_P161",25
"60392",6891.35097716999,"NRI_P161",50
"60393",7683.61653717002,"NRI_P161",100
"60394",-656.513842830027,"NRI_P161",25
"60395",-1724.32773283002,"NRI_P161",50
"60396",4708.15780717001,"NRI_P161",100
"60397",-263.382252830022,"NRI_P161",25
"60398",-2109.74908282998,"NRI_P161",50
"60399",-216.007152830018,"NRI_P161",100
"60400",-1119.04761283001,"NRI_P161",25
"60401",-288.958052830014,"NRI_P161",50
"60402",-726.765242829977,"NRI_P161",100
"60403",369.024247170018,"NRI_P161",25
"60404",-1520.95332283003,"NRI_P161",50
"60405",-3572.41899282997,"NRI_P161",100
"60406",1741.81040716998,"NRI_P161",25
"60407",-506.831742829992,"NRI_P161",50
"60408",-3995.98049282999,"NRI_P161",100
"60409",-1525.61757283,"NRI_P161",25
"60410",3131.19674717,"NRI_P161",50
"60411",11725.84574717,"NRI_P161",100
"60412",-1283.49111283,"NRI_P161",25
"60413",3486.01436716999,"NRI_P161",50
"60414",-2868.16009283002,"NRI_P161",100
"60415",499.203357169987,"NRI_P161",25
"60416",-714.65577283001,"NRI_P161",50
"60417",3359.21119717002,"NRI_P161",100
"60418",-1578.02725282998,"NRI_P161",25
"60419",-1911.30537283001,"NRI_P161",50
"60420",-3547.45380283002,"NRI_P161",100
"60421",-744.78455282998,"NRI_P161",25
"60422",4292.80037716997,"NRI_P161",50
"60423",-932.389512830006,"NRI_P161",100
"60424",8342.61714717001,"NRI_P161",25
"60425",-2564.35965283,"NRI_P161",50
"60426",-2447.96297282999,"NRI_P161",100
"60427",-532.780192830018,"NRI_P161",25
"60428",-2016.47730283003,"NRI_P161",50
"60429",-822.864362830005,"NRI_P161",100
"60430",502.428747170023,"NRI_P161",25
"60431",-1527.15532283002,"NRI_P161",50
"60432",-3545.47829283,"NRI_P161",100
"60433",-1729.03457283002,"NRI_P161",25
"60434",-847.268052830012,"NRI_P161",50
"60435",-2913.27189282997,"NRI_P161",100
"60436",-1174.96866283001,"NRI_P161",25
"60437",-2248.72839283,"NRI_P161",50
"60438",-678.405032830022,"NRI_P161",100
"60439",-252.206982830015,"NRI_P161",25
"60440",8147.35964717,"NRI_P161",50
"60441",-1377.29583283002,"NRI_P161",100
"60442",-1954.82883283001,"NRI_P161",25
"60443",-777.610152830021,"NRI_P161",50
"60444",-2071.09124282998,"NRI_P161",100
"60445",763.362767170009,"NRI_P161",25
"60446",781.56913716998,"NRI_P161",50
"60447",-3022.44733282999,"NRI_P161",100
"60448",496.547647170024,"NRI_P161",25
"60449",-1832.57750283001,"NRI_P161",50
"60450",292.74821717001,"NRI_P161",100
"60451",-687.547352830006,"NRI_P161",25
"60452",-906.378532829985,"NRI_P161",50
"60453",630.743477170006,"NRI_P161",100
"60454",1297.88994716998,"NRI_P161",25
"60455",-1241.04873282998,"NRI_P161",50
"60456",-823.737892829988,"NRI_P161",100
"60457",-1049.19009282999,"NRI_P161",25
"60458",-781.353852830012,"NRI_P161",50
"60459",-2745.79980282998,"NRI_P161",100
"60460",26.4553971699788,"NRI_P161",25
"60461",-1971.52744282997,"NRI_P161",50
"60462",-2464.93656283,"NRI_P161",100
"60463",536.698467170005,"NRI_P161",25
"60464",-1917.94245283003,"NRI_P161",50
"60465",-1710.08487283002,"NRI_P161",100
"60466",-341.323302829987,"NRI_P161",25
"60467",3850.37457717001,"NRI_P161",50
"60468",8784.19054717,"NRI_P161",100
"60469",-101.531912830018,"NRI_P161",25
"60470",-645.184632830031,"NRI_P161",50
"60471",-1577.57842282997,"NRI_P161",100
"60472",-140.743452830007,"NRI_P161",25
"60473",-1658.75609282998,"NRI_P161",50
"60474",4811.08349717001,"NRI_P161",100
"60475",239.743947169976,"NRI_P161",25
"60476",-877.997452830023,"NRI_P161",50
"60477",-1923.85520282999,"NRI_P161",100
"60478",535.333547169983,"NRI_P161",25
"60479",-1838.87315283,"NRI_P161",50
"60480",-3163.14328283002,"NRI_P161",100
"60481",-614.251272830006,"NRI_P161",25
"60482",-1946.75715283002,"NRI_P161",50
"60483",-3912.01485282998,"NRI_P161",100
"60484",-1548.30175282998,"NRI_P161",25
"60485",-1545.20863283001,"NRI_P161",50
"60486",-2873.37925283,"NRI_P161",100
"60487",-214.324152829999,"NRI_P161",25
"60488",-763.22669282998,"NRI_P161",50
"60489",104.959147170011,"NRI_P161",100
"60490",-628.152262830001,"NRI_P161",25
"60491",14717.91411717,"NRI_P161",50
"60492",-2507.20181283,"NRI_P161",100
"60493",-903.406652830017,"NRI_P161",25
"60494",-1694.03323283,"NRI_P161",50
"60495",-3894.09364282998,"NRI_P161",100
"60496",-55.0879528300138,"NRI_P161",25
"60497",4996.86916717002,"NRI_P161",50
"60498",-2164.46643283003,"NRI_P161",100
"60499",-249.173852830019,"NRI_P161",25
"60500",261.378067169979,"NRI_P161",50
"60501",5296.84375717002,"NRI_P161",100
"60502",-1428.92281283002,"NRI_P161",25
"60503",-292.064232830016,"NRI_P161",50
"60504",5152.85989716998,"NRI_P161",100
"60505",-7.48415282997303,"NRI_P161",25
"60506",-2668.99840282998,"NRI_P161",50
"60507",-2432.29862283001,"NRI_P161",100
"60508",-1629.54342283,"NRI_P161",25
"60509",-739.008792829991,"NRI_P161",50
"60510",619.139107169991,"NRI_P161",100
"60511",-478.153942829987,"NRI_P161",25
"60512",-2243.95847283001,"NRI_P161",50
"60513",836.696027169994,"NRI_P161",100
"60514",-106.794952830009,"NRI_P161",25
"60515",4568.82944717002,"NRI_P161",50
"60516",5285.68456716998,"NRI_P161",100
"60517",174.666847169981,"NRI_P161",25
"60518",-937.262442830019,"NRI_P161",50
"60519",-1105.82639283,"NRI_P161",100
"60520",-1270.66733283002,"NRI_P161",25
"60521",672.633277170011,"NRI_P161",50
"60522",1054.37474717002,"NRI_P161",100
"60523",-188.446552829992,"NRI_P161",25
"60524",-97.7080828300095,"NRI_P161",50
"60525",-2589.63884283003,"NRI_P161",100
"60526",-1713.42113283003,"NRI_P161",25
"60527",2677.55304716999,"NRI_P161",50
"60528",-1174.66142283002,"NRI_P161",100
"60529",-104.684352829994,"NRI_P161",25
"60530",-1848.14202283003,"NRI_P161",50
"60531",-2248.40779283002,"NRI_P161",100
"60532",-1145.73511283001,"NRI_P161",25
"60533",13265.66563717,"NRI_P161",50
"60534",-2987.31712283002,"NRI_P161",100
"60535",281.789447169984,"NRI_P161",25
"60536",-444.23045283003,"NRI_P161",50
"60537",12624.76464717,"NRI_P161",100
"60538",55.8532471699873,"NRI_P161",25
"60539",-812.278292829986,"NRI_P161",50
"60540",-2152.80818282999,"NRI_P161",100
"60541",-988.233952830022,"NRI_P161",25
"60542",-1617.45463282999,"NRI_P161",50
"60543",523.587897169986,"NRI_P161",100
"60544",7958.41744717001,"NRI_P161",25
"60545",-1918.71285283001,"NRI_P161",50
"60546",-793.242952829984,"NRI_P161",100
"60547",212.401947169972,"NRI_P161",25
"60548",-2104.39432283002,"NRI_P161",50
"60549",-176.503222830012,"NRI_P161",100
"60550",1887.93544716999,"NRI_P161",25
"60551",1044.74814717,"NRI_P161",50
"60552",-1236.98717282998,"NRI_P161",100
"60553",-582.800482829974,"NRI_P161",25
"60554",1701.17527717003,"NRI_P161",50
"60555",-2761.44682283001,"NRI_P161",100
"60556",-1061.55932283,"NRI_P161",25
"60557",-1492.33308283001,"NRI_P161",50
"60558",-3507.79719283001,"NRI_P161",100
"60559",-741.959212829999,"NRI_P161",25
"60560",26423.41010717,"NRI_P161",50
"60561",-2203.48499283002,"NRI_P161",100
"60562",953.106747169979,"NRI_P161",25
"60563",-1161.38779283001,"NRI_P161",50
"60564",-3698.82538282999,"NRI_P161",100
"60565",-1133.45425283001,"NRI_P161",25
"60566",-1463.06384283002,"NRI_P161",50
"60567",-1863.06390283001,"NRI_P161",100
"60568",1016.58692716999,"NRI_P161",25
"60569",-2086.66903282999,"NRI_P161",50
"60570",-2573.80694282998,"NRI_P161",100
"60571",-492.028452829982,"NRI_P161",25
"60572",-425.953532829997,"NRI_P161",50
"60573",-3406.40730283002,"NRI_P161",100
"60574",56.5674971700064,"NRI_P161",25
"60575",39.1402071699849,"NRI_P161",50
"60576",3299.96782716998,"NRI_P161",100
"60577",-1374.59563282999,"NRI_P161",25
"60578",8970.75384716998,"NRI_P161",50
"60579",-2733.98916283,"NRI_P161",100
"60580",-1044.94815283001,"NRI_P161",25
"60581",424.267147169972,"NRI_P161",50
"60582",-2440.59254282998,"NRI_P161",100
"60583",-1880.78690283,"NRI_P161",25
"60584",-1007.15762283001,"NRI_P161",50
"60585",834.294537169975,"NRI_P161",100
"60586",-71.5766928300145,"NRI_P161",25
"60587",-1347.72359283001,"NRI_P161",50
"60588",-3886.30805282999,"NRI_P161",100
"60589",196.630947170022,"NRI_P161",25
"60590",-1970.06839283003,"NRI_P161",50
"60591",-4015.25736282999,"NRI_P161",100
"60592",766.550247169973,"NRI_P161",25
"60593",4897.09072717,"NRI_P161",50
"60594",-2727.53985283,"NRI_P161",100
"60595",-552.147532830015,"NRI_P161",25
"60596",-1348.02535283001,"NRI_P161",50
"60597",3140.07964716997,"NRI_P161",100
"60598",-1317.90645283001,"NRI_P161",25
"60599",5202.65814716998,"NRI_P161",50
"60600",-3671.33247283002,"NRI_P161",100
"60601",-2464.30471212103,"NRI_P162",25
"60602",3061.44131787901,"NRI_P162",50
"60603",-5352.15629212098,"NRI_P162",100
"60604",3842.15109787899,"NRI_P162",25
"60605",4.36007787898416,"NRI_P162",50
"60606",12923.989917879,"NRI_P162",100
"60607",-562.563282121031,"NRI_P162",25
"60608",-1535.77686212101,"NRI_P162",50
"60609",-5143.35196212103,"NRI_P162",100
"60610",-744.660282120982,"NRI_P162",25
"60611",1977.49473787902,"NRI_P162",50
"60612",-3325.63687212102,"NRI_P162",100
"60613",3163.03663787898,"NRI_P162",25
"60614",1755.53720787901,"NRI_P162",50
"60615",-5445.12499212101,"NRI_P162",100
"60616",-495.649062120996,"NRI_P162",25
"60617",-2494.73987212102,"NRI_P162",50
"60618",5138.17989787902,"NRI_P162",100
"60619",-1542.31472212099,"NRI_P162",25
"60620",2899.33251787903,"NRI_P162",50
"60621",66.6544778789976,"NRI_P162",100
"60622",-3016.15778212098,"NRI_P162",25
"60623",-6240.35117212101,"NRI_P162",50
"60624",5570.74074787897,"NRI_P162",100
"60625",3143.77133787901,"NRI_P162",25
"60626",-643.066812121018,"NRI_P162",50
"60627",-2467.80216212099,"NRI_P162",100
"60628",-494.083982121025,"NRI_P162",25
"60629",1439.50522787898,"NRI_P162",50
"60630",-2414.69376212102,"NRI_P162",100
"60631",-1335.43918212102,"NRI_P162",25
"60632",-1488.28871212102,"NRI_P162",50
"60633",-371.957062121015,"NRI_P162",100
"60634",-3974.038992121,"NRI_P162",25
"60635",-370.283162121021,"NRI_P162",50
"60636",16714.028937879,"NRI_P162",100
"60637",-2382.696282121,"NRI_P162",25
"60638",722.81687787897,"NRI_P162",50
"60639",-3273.45346212102,"NRI_P162",100
"60640",60347.342437879,"NRI_P162",25
"60641",-266.877412120986,"NRI_P162",50
"60642",-4729.14982212102,"NRI_P162",100
"60643",33.9332178789773,"NRI_P162",25
"60644",262.552137879014,"NRI_P162",50
"60645",-4731.01694212103,"NRI_P162",100
"60646",7093.665317879,"NRI_P162",25
"60647",4887.62233787897,"NRI_P162",50
"60648",3273.035127879,"NRI_P162",100
"60649",4789.41131787898,"NRI_P162",25
"60650",61207.636237879,"NRI_P162",50
"60651",-3638.10792212101,"NRI_P162",100
"60652",62174.069917879,"NRI_P162",25
"60653",5109.59630787902,"NRI_P162",50
"60654",528.031017879024,"NRI_P162",100
"60655",-1444.45512212103,"NRI_P162",25
"60656",-3053.50710212102,"NRI_P162",50
"60657",-2328.06372212101,"NRI_P162",100
"60658",-664.887342120986,"NRI_P162",25
"60659",9161.57971787901,"NRI_P162",50
"60660",13831.025007879,"NRI_P162",100
"60661",-12.5361821210245,"NRI_P162",25
"60662",1724.548817879,"NRI_P162",50
"60663",-4702.77755212103,"NRI_P162",100
"60664",-2229.36228212103,"NRI_P162",25
"60665",814.693227879005,"NRI_P162",50
"60666",-4467.47522212099,"NRI_P162",100
"60667",-2107.82084212103,"NRI_P162",25
"60668",-3973.260662121,"NRI_P162",50
"60669",-957.052232121001,"NRI_P162",100
"60670",-2540.546812121,"NRI_P162",25
"60671",-3044.37830212101,"NRI_P162",50
"60672",23697.924367879,"NRI_P162",100
"60673",60114.673417879,"NRI_P162",25
"60674",5719.48183787899,"NRI_P162",50
"60675",-2057.97599212098,"NRI_P162",100
"60676",-1376.48368212098,"NRI_P162",25
"60677",7431.899447879,"NRI_P162",50
"60678",-2094.45515212102,"NRI_P162",100
"60679",-1022.51788212103,"NRI_P162",25
"60680",4768.03740787902,"NRI_P162",50
"60681",159.494807878975,"NRI_P162",100
"60682",-1965.750082121,"NRI_P162",25
"60683",-1548.19650212099,"NRI_P162",50
"60684",-3247.82922212098,"NRI_P162",100
"60685",-2543.21720212098,"NRI_P162",25
"60686",-1169.51412212098,"NRI_P162",50
"60687",3015.06910787901,"NRI_P162",100
"60688",-753.089152120985,"NRI_P162",25
"60689",2172.66413787898,"NRI_P162",50
"60690",10250.436777879,"NRI_P162",100
"60691",-50.6667321210261,"NRI_P162",25
"60692",-2209.10127212101,"NRI_P162",50
"60693",-4225.81319212099,"NRI_P162",100
"60694",-2199.37048212101,"NRI_P162",25
"60695",8093.34176787897,"NRI_P162",50
"60696",-3522.94639212103,"NRI_P162",100
"60697",3002.592917879,"NRI_P162",25
"60698",-2327.53676212102,"NRI_P162",50
"60699",1031.84490787901,"NRI_P162",100
"60700",-804.010052121012,"NRI_P162",25
"60701",61491.324517879,"NRI_P162",50
"60702",63.3051178790047,"NRI_P162",100
"60703",-4195.58248212101,"NRI_P162",25
"60704",-2454.67557212099,"NRI_P162",50
"60705",-832.429422121029,"NRI_P162",100
"60706",-1201.38160212099,"NRI_P162",25
"60707",-2023.55828212103,"NRI_P162",50
"60708",8922.68094787898,"NRI_P162",100
"60709",-502.644682120997,"NRI_P162",25
"60710",-935.257302121026,"NRI_P162",50
"60711",-2491.91060212097,"NRI_P162",100
"60712",1064.03361787897,"NRI_P162",25
"60713",-3784.07578212098,"NRI_P162",50
"60714",13456.056817879,"NRI_P162",100
"60715",386.785717879015,"NRI_P162",25
"60716",2013.99971787899,"NRI_P162",50
"60717",-5262.47287212103,"NRI_P162",100
"60718",58488.570647879,"NRI_P162",25
"60719",-1548.082832121,"NRI_P162",50
"60720",-3441.022442121,"NRI_P162",100
"60721",-874.692392121011,"NRI_P162",25
"60722",-515.613442121015,"NRI_P162",50
"60723",10109.567297879,"NRI_P162",100
"60724",-2267.25509212102,"NRI_P162",25
"60725",-1048.98728212103,"NRI_P162",50
"60726",2953.41639787902,"NRI_P162",100
"60727",-1638.40888212097,"NRI_P162",25
"60728",-1503.94436212099,"NRI_P162",50
"60729",983.122767878987,"NRI_P162",100
"60730",-1176.42014212103,"NRI_P162",25
"60731",4624.32801787899,"NRI_P162",50
"60732",420.980367878976,"NRI_P162",100
"60733",-242.336162120977,"NRI_P162",25
"60734",-1717.396892121,"NRI_P162",50
"60735",11000.087647879,"NRI_P162",100
"60736",-1400.07499212102,"NRI_P162",25
"60737",-1188.46918212099,"NRI_P162",50
"60738",-1260.30909212102,"NRI_P162",100
"60739",-405.532882120984,"NRI_P162",25
"60740",15692.465317879,"NRI_P162",50
"60741",4367.77933787898,"NRI_P162",100
"60742",-274.822382120998,"NRI_P162",25
"60743",-2083.76231212099,"NRI_P162",50
"60744",-4180.68465212098,"NRI_P162",100
"60745",829.882027879008,"NRI_P162",25
"60746",-2387.53313212103,"NRI_P162",50
"60747",16486.135137879,"NRI_P162",100
"60748",-111.917082121014,"NRI_P162",25
"60749",4004.69170787901,"NRI_P162",50
"60750",-2024.13199212099,"NRI_P162",100
"60751",-731.387362121022,"NRI_P162",25
"60752",-210.739592120983,"NRI_P162",50
"60753",473.472937878978,"NRI_P162",100
"60754",-1119.247582121,"NRI_P162",25
"60755",-3151.991162121,"NRI_P162",50
"60756",2700.76893787901,"NRI_P162",100
"60757",5150.73623787897,"NRI_P162",25
"60758",2638.77831787901,"NRI_P162",50
"60759",-1494.67305212101,"NRI_P162",100
"60760",711.963617879024,"NRI_P162",25
"60761",-2512.49098212103,"NRI_P162",50
"60762",24296.501867879,"NRI_P162",100
"60763",-47.5904421210289,"NRI_P162",25
"60764",6415.84770787897,"NRI_P162",50
"60765",-4201.25361212099,"NRI_P162",100
"60766",-1574.45058212098,"NRI_P162",25
"60767",-4328.74991212098,"NRI_P162",50
"60768",-2875.03134212102,"NRI_P162",100
"60769",-118.921682120999,"NRI_P162",25
"60770",-229.52641212102,"NRI_P162",50
"60771",3129.55314787902,"NRI_P162",100
"60772",-191.391072120983,"NRI_P162",25
"60773",11678.953657879,"NRI_P162",50
"60774",1787.22649787902,"NRI_P162",100
"60775",-1002.33488212101,"NRI_P162",25
"60776",-1329.87588212098,"NRI_P162",50
"60777",-1107.448192121,"NRI_P162",100
"60778",-260.21848212101,"NRI_P162",25
"60779",748.263317878998,"NRI_P162",50
"60780",12090.604827879,"NRI_P162",100
"60781",494.823467878974,"NRI_P162",25
"60782",-3590.53774212103,"NRI_P162",50
"60783",-1846.26119212102,"NRI_P162",100
"60784",-2935.05088212102,"NRI_P162",25
"60785",3034.11508787901,"NRI_P162",50
"60786",-1259.70007212099,"NRI_P162",100
"60787",21.4867178790155,"NRI_P162",25
"60788",-4064.36517212098,"NRI_P162",50
"60789",-1403.32054212102,"NRI_P162",100
"60790",-1571.87591212103,"NRI_P162",25
"60791",-4543.81809212099,"NRI_P162",50
"60792",1499.33049787901,"NRI_P162",100
"60793",-150.132082120981,"NRI_P162",25
"60794",-765.653652121022,"NRI_P162",50
"60795",48.4916378789931,"NRI_P162",100
"60796",-2222.542982121,"NRI_P162",25
"60797",-1892.12186212098,"NRI_P162",50
"60798",-5046.00148212101,"NRI_P162",100
"60799",3668.115667879,"NRI_P162",25
"60800",-3903.20142212103,"NRI_P162",50
"60801",974.108007878996,"NRI_P162",100
"60802",-2914.18615212099,"NRI_P162",25
"60803",-1834.35125212098,"NRI_P162",50
"60804",3904.42877787899,"NRI_P162",100
"60805",-665.132182120986,"NRI_P162",25
"60806",375.990247879003,"NRI_P162",50
"60807",11993.472137879,"NRI_P162",100
"60808",-1847.049862121,"NRI_P162",25
"60809",-1624.448552121,"NRI_P162",50
"60810",16184.519847879,"NRI_P162",100
"60811",3996.21171787899,"NRI_P162",25
"60812",4211.79835787899,"NRI_P162",50
"60813",13318.842847879,"NRI_P162",100
"60814",-350.534482121002,"NRI_P162",25
"60815",4003.58356787899,"NRI_P162",50
"60816",8194.65708787902,"NRI_P162",100
"60817",-200.18644212099,"NRI_P162",25
"60818",-2769.85208212101,"NRI_P162",50
"60819",-2302.92448212102,"NRI_P162",100
"60820",5813.62581787899,"NRI_P162",25
"60821",5794.01041787898,"NRI_P162",50
"60822",-4003.20682212099,"NRI_P162",100
"60823",-1514.43183212099,"NRI_P162",25
"60824",59370.603927879,"NRI_P162",50
"60825",55864.487487879,"NRI_P162",100
"60826",-1204.84838212101,"NRI_P162",25
"60827",-2675.40611212101,"NRI_P162",50
"60828",-5286.89797212102,"NRI_P162",100
"60829",-1889.07788212103,"NRI_P162",25
"60830",3160.19355787901,"NRI_P162",50
"60831",2770.91460787901,"NRI_P162",100
"60832",9994.85163787898,"NRI_P162",25
"60833",11249.348557879,"NRI_P162",50
"60834",-666.337782121031,"NRI_P162",100
"60835",-217.85838212102,"NRI_P162",25
"60836",4927.00573787902,"NRI_P162",50
"60837",-3935.75672212098,"NRI_P162",100
"60838",2026.07011787902,"NRI_P162",25
"60839",3003.00290787901,"NRI_P162",50
"60840",-3460.28665212099,"NRI_P162",100
"60841",-1875.41010212101,"NRI_P162",25
"60842",-1156.79312212102,"NRI_P162",50
"60843",3207.177097879,"NRI_P162",100
"60844",-544.352042120998,"NRI_P162",25
"60845",-5474.436672121,"NRI_P162",50
"60846",6123.35884787899,"NRI_P162",100
"60847",-2316.87717212102,"NRI_P162",25
"60848",-799.181502120977,"NRI_P162",50
"60849",1338.00352787902,"NRI_P162",100
"60850",-1059.04588212102,"NRI_P162",25
"60851",-2467.72698212101,"NRI_P162",50
"60852",-3072.25898212101,"NRI_P162",100
"60853",8408.53691787901,"NRI_P162",25
"60854",-2831.49750212103,"NRI_P162",50
"60855",14547.140097879,"NRI_P162",100
"60856",-716.798882120987,"NRI_P162",25
"60857",3884.86053787899,"NRI_P162",50
"60858",4747.58508787898,"NRI_P162",100
"60859",-2529.99188212102,"NRI_P162",25
"60860",2806.94720787898,"NRI_P162",50
"60861",56542.084137879,"NRI_P162",100
"60862",-760.596982121002,"NRI_P162",25
"60863",-1132.75032212102,"NRI_P162",50
"60864",23520.830627879,"NRI_P162",100
"60865",2829.48733787902,"NRI_P162",25
"60866",8689.37023787899,"NRI_P162",50
"60867",-5008.01139212103,"NRI_P162",100
"60868",1260.829617879,"NRI_P162",25
"60869",-2754.97806212102,"NRI_P162",50
"60870",-3285.81385212101,"NRI_P162",100
"60871",-1515.170872121,"NRI_P162",25
"60872",-1401.91766212101,"NRI_P162",50
"60873",-5552.16111212102,"NRI_P162",100
"60874",2871.94361787901,"NRI_P162",25
"60875",-1857.00655212102,"NRI_P162",50
"60876",63446.128297879,"NRI_P162",100
"60877",-969.694682120986,"NRI_P162",25
"60878",-1511.977662121,"NRI_P162",50
"60879",315.518717879022,"NRI_P162",100
"60880",164.626547879016,"NRI_P162",25
"60881",-1895.68938212103,"NRI_P162",50
"60882",20031.164337879,"NRI_P162",100
"60883",2670.814917879,"NRI_P162",25
"60884",-246.418982120987,"NRI_P162",50
"60885",7142.09785787901,"NRI_P162",100
"60886",-1616.53290212102,"NRI_P162",25
"60887",-1497.93118212098,"NRI_P162",50
"60888",-2750.33545212098,"NRI_P162",100
"60889",-1092.06118212099,"NRI_P162",25
"60890",155.607237879012,"NRI_P162",50
"60891",-504.451712121023,"NRI_P162",100
"60892",81.940817878989,"NRI_P162",25
"60893",11363.845237879,"NRI_P162",50
"60894",878.815377879015,"NRI_P162",100
"60895",-682.405472121027,"NRI_P162",25
"60896",-3099.119922121,"NRI_P162",50
"60897",-1861.23056212103,"NRI_P162",100
"60898",7088.80103787902,"NRI_P162",25
"60899",-2370.16659212101,"NRI_P162",50
"60900",419.713047878991,"NRI_P162",100
"60901",-0.00152803701348603,"NRI_P164",25
"60902",-0.00152803701348603,"NRI_P164",50
"60903",-0.00152803701348603,"NRI_P164",100
"60904",-0.00152803701348603,"NRI_P164",25
"60905",-0.00152803701348603,"NRI_P164",50
"60906",-0.00152803701348603,"NRI_P164",100
"60907",-0.00152803701348603,"NRI_P164",25
"60908",-0.00152803701348603,"NRI_P164",50
"60909",-0.00152803701348603,"NRI_P164",100
"60910",-0.00152803701348603,"NRI_P164",25
"60911",-0.00152803701348603,"NRI_P164",50
"60912",-0.00152803701348603,"NRI_P164",100
"60913",-0.00152803701348603,"NRI_P164",25
"60914",-0.00152803701348603,"NRI_P164",50
"60915",-0.00152803701348603,"NRI_P164",100
"60916",-0.00152803701348603,"NRI_P164",25
"60917",-0.00152803701348603,"NRI_P164",50
"60918",-0.00152803701348603,"NRI_P164",100
"60919",-0.00152803701348603,"NRI_P164",25
"60920",-0.00152803701348603,"NRI_P164",50
"60921",-0.00152803701348603,"NRI_P164",100
"60922",-0.00152803701348603,"NRI_P164",25
"60923",-0.00152803701348603,"NRI_P164",50
"60924",-0.00152803701348603,"NRI_P164",100
"60925",-0.00152803701348603,"NRI_P164",25
"60926",-0.00152803701348603,"NRI_P164",50
"60927",-0.00152803701348603,"NRI_P164",100
"60928",-0.00152803701348603,"NRI_P164",25
"60929",-0.00152803701348603,"NRI_P164",50
"60930",-0.00152803701348603,"NRI_P164",100
"60931",-0.00152803701348603,"NRI_P164",25
"60932",-0.00152803701348603,"NRI_P164",50
"60933",-0.00152803701348603,"NRI_P164",100
"60934",-0.00152803701348603,"NRI_P164",25
"60935",-0.00152803701348603,"NRI_P164",50
"60936",-0.00152803701348603,"NRI_P164",100
"60937",-0.00152803701348603,"NRI_P164",25
"60938",-0.00152803701348603,"NRI_P164",50
"60939",-0.00152803701348603,"NRI_P164",100
"60940",-0.00152803701348603,"NRI_P164",25
"60941",-0.00152803701348603,"NRI_P164",50
"60942",-0.00152803701348603,"NRI_P164",100
"60943",-0.00152803701348603,"NRI_P164",25
"60944",-0.00152803701348603,"NRI_P164",50
"60945",-0.00152803701348603,"NRI_P164",100
"60946",-0.00152803701348603,"NRI_P164",25
"60947",-0.00152803701348603,"NRI_P164",50
"60948",-0.00152803701348603,"NRI_P164",100
"60949",-0.00152803701348603,"NRI_P164",25
"60950",-0.00152803701348603,"NRI_P164",50
"60951",-0.00152803701348603,"NRI_P164",100
"60952",-0.00152803701348603,"NRI_P164",25
"60953",-0.00152803701348603,"NRI_P164",50
"60954",-0.00152803701348603,"NRI_P164",100
"60955",-0.00152803701348603,"NRI_P164",25
"60956",-0.00152803701348603,"NRI_P164",50
"60957",-0.00152803701348603,"NRI_P164",100
"60958",-0.00152803701348603,"NRI_P164",25
"60959",-0.00152803701348603,"NRI_P164",50
"60960",-0.00152803701348603,"NRI_P164",100
"60961",-0.00152803701348603,"NRI_P164",25
"60962",-0.00152803701348603,"NRI_P164",50
"60963",-0.00152803701348603,"NRI_P164",100
"60964",-0.00152803701348603,"NRI_P164",25
"60965",-0.00152803701348603,"NRI_P164",50
"60966",-0.00152803701348603,"NRI_P164",100
"60967",-0.00152803701348603,"NRI_P164",25
"60968",-0.00152803701348603,"NRI_P164",50
"60969",-0.00152803701348603,"NRI_P164",100
"60970",-0.00152803701348603,"NRI_P164",25
"60971",-0.00152803701348603,"NRI_P164",50
"60972",-0.00152803701348603,"NRI_P164",100
"60973",-0.00152803701348603,"NRI_P164",25
"60974",-0.00152803701348603,"NRI_P164",50
"60975",-0.00152803701348603,"NRI_P164",100
"60976",-0.00152803701348603,"NRI_P164",25
"60977",-0.00152803701348603,"NRI_P164",50
"60978",-0.00152803701348603,"NRI_P164",100
"60979",-0.00152803701348603,"NRI_P164",25
"60980",-0.00152803701348603,"NRI_P164",50
"60981",-0.00152803701348603,"NRI_P164",100
"60982",-0.00152803701348603,"NRI_P164",25
"60983",-0.00152803701348603,"NRI_P164",50
"60984",-0.00152803701348603,"NRI_P164",100
"60985",-0.00152803701348603,"NRI_P164",25
"60986",-0.00152803701348603,"NRI_P164",50
"60987",-0.00152803701348603,"NRI_P164",100
"60988",-0.00152803701348603,"NRI_P164",25
"60989",-0.00152803701348603,"NRI_P164",50
"60990",-0.00152803701348603,"NRI_P164",100
"60991",-0.00152803701348603,"NRI_P164",25
"60992",-0.00152803701348603,"NRI_P164",50
"60993",-0.00152803701348603,"NRI_P164",100
"60994",-0.00152803701348603,"NRI_P164",25
"60995",-0.00152803701348603,"NRI_P164",50
"60996",-0.00152803701348603,"NRI_P164",100
"60997",-0.00152803701348603,"NRI_P164",25
"60998",-0.00152803701348603,"NRI_P164",50
"60999",-0.00152803701348603,"NRI_P164",100
"61000",-0.00152803701348603,"NRI_P164",25
"61001",-0.00152803701348603,"NRI_P164",50
"61002",-0.00152803701348603,"NRI_P164",100
"61003",-0.00152803701348603,"NRI_P164",25
"61004",-0.00152803701348603,"NRI_P164",50
"61005",-0.00152803701348603,"NRI_P164",100
"61006",-0.00152803701348603,"NRI_P164",25
"61007",-0.00152803701348603,"NRI_P164",50
"61008",-0.00152803701348603,"NRI_P164",100
"61009",-0.00152803701348603,"NRI_P164",25
"61010",-0.00152803701348603,"NRI_P164",50
"61011",-0.00152803701348603,"NRI_P164",100
"61012",-0.00152803701348603,"NRI_P164",25
"61013",-0.00152803701348603,"NRI_P164",50
"61014",-0.00152803701348603,"NRI_P164",100
"61015",-0.00152803701348603,"NRI_P164",25
"61016",-0.00152803701348603,"NRI_P164",50
"61017",-0.00152803701348603,"NRI_P164",100
"61018",-0.00152803701348603,"NRI_P164",25
"61019",-0.00152803701348603,"NRI_P164",50
"61020",-0.00152803701348603,"NRI_P164",100
"61021",-0.00152803701348603,"NRI_P164",25
"61022",-0.00152803701348603,"NRI_P164",50
"61023",-0.00152803701348603,"NRI_P164",100
"61024",-0.00152803701348603,"NRI_P164",25
"61025",-0.00152803701348603,"NRI_P164",50
"61026",-0.00152803701348603,"NRI_P164",100
"61027",-0.00152803701348603,"NRI_P164",25
"61028",-0.00152803701348603,"NRI_P164",50
"61029",-0.00152803701348603,"NRI_P164",100
"61030",-0.00152803701348603,"NRI_P164",25
"61031",-0.00152803701348603,"NRI_P164",50
"61032",-0.00152803701348603,"NRI_P164",100
"61033",-0.00152803701348603,"NRI_P164",25
"61034",-0.00152803701348603,"NRI_P164",50
"61035",-0.00152803701348603,"NRI_P164",100
"61036",-0.00152803701348603,"NRI_P164",25
"61037",-0.00152803701348603,"NRI_P164",50
"61038",-0.00152803701348603,"NRI_P164",100
"61039",-0.00152803701348603,"NRI_P164",25
"61040",-0.00152803701348603,"NRI_P164",50
"61041",-0.00152803701348603,"NRI_P164",100
"61042",-0.00152803701348603,"NRI_P164",25
"61043",-0.00152803701348603,"NRI_P164",50
"61044",-0.00152803701348603,"NRI_P164",100
"61045",-0.00152803701348603,"NRI_P164",25
"61046",-0.00152803701348603,"NRI_P164",50
"61047",-0.00152803701348603,"NRI_P164",100
"61048",-0.00152803701348603,"NRI_P164",25
"61049",-0.00152803701348603,"NRI_P164",50
"61050",-0.00152803701348603,"NRI_P164",100
"61051",-0.00152803701348603,"NRI_P164",25
"61052",-0.00152803701348603,"NRI_P164",50
"61053",-0.00152803701348603,"NRI_P164",100
"61054",-0.00152803701348603,"NRI_P164",25
"61055",-0.00152803701348603,"NRI_P164",50
"61056",-0.00152803701348603,"NRI_P164",100
"61057",-0.00152803701348603,"NRI_P164",25
"61058",-0.00152803701348603,"NRI_P164",50
"61059",-0.00152803701348603,"NRI_P164",100
"61060",-0.00152803701348603,"NRI_P164",25
"61061",-0.00152803701348603,"NRI_P164",50
"61062",-0.00152803701348603,"NRI_P164",100
"61063",-0.00152803701348603,"NRI_P164",25
"61064",-0.00152803701348603,"NRI_P164",50
"61065",-0.00152803701348603,"NRI_P164",100
"61066",-0.00152803701348603,"NRI_P164",25
"61067",-0.00152803701348603,"NRI_P164",50
"61068",-0.00152803701348603,"NRI_P164",100
"61069",-0.00152803701348603,"NRI_P164",25
"61070",-0.00152803701348603,"NRI_P164",50
"61071",-0.00152803701348603,"NRI_P164",100
"61072",-0.00152803701348603,"NRI_P164",25
"61073",-0.00152803701348603,"NRI_P164",50
"61074",-0.00152803701348603,"NRI_P164",100
"61075",-0.00152803701348603,"NRI_P164",25
"61076",-0.00152803701348603,"NRI_P164",50
"61077",-0.00152803701348603,"NRI_P164",100
"61078",-0.00152803701348603,"NRI_P164",25
"61079",-0.00152803701348603,"NRI_P164",50
"61080",-0.00152803701348603,"NRI_P164",100
"61081",-0.00152803701348603,"NRI_P164",25
"61082",-0.00152803701348603,"NRI_P164",50
"61083",-0.00152803701348603,"NRI_P164",100
"61084",-0.00152803701348603,"NRI_P164",25
"61085",-0.00152803701348603,"NRI_P164",50
"61086",-0.00152803701348603,"NRI_P164",100
"61087",-0.00152803701348603,"NRI_P164",25
"61088",-0.00152803701348603,"NRI_P164",50
"61089",-0.00152803701348603,"NRI_P164",100
"61090",-0.00152803701348603,"NRI_P164",25
"61091",-0.00152803701348603,"NRI_P164",50
"61092",-0.00152803701348603,"NRI_P164",100
"61093",-0.00152803701348603,"NRI_P164",25
"61094",-0.00152803701348603,"NRI_P164",50
"61095",-0.00152803701348603,"NRI_P164",100
"61096",-0.00152803701348603,"NRI_P164",25
"61097",-0.00152803701348603,"NRI_P164",50
"61098",-0.00152803701348603,"NRI_P164",100
"61099",-0.00152803701348603,"NRI_P164",25
"61100",-0.00152803701348603,"NRI_P164",50
"61101",-0.00152803701348603,"NRI_P164",100
"61102",-0.00152803701348603,"NRI_P164",25
"61103",-0.00152803701348603,"NRI_P164",50
"61104",-0.00152803701348603,"NRI_P164",100
"61105",-0.00152803701348603,"NRI_P164",25
"61106",-0.00152803701348603,"NRI_P164",50
"61107",-0.00152803701348603,"NRI_P164",100
"61108",-0.00152803701348603,"NRI_P164",25
"61109",-0.00152803701348603,"NRI_P164",50
"61110",-0.00152803701348603,"NRI_P164",100
"61111",-0.00152803701348603,"NRI_P164",25
"61112",-0.00152803701348603,"NRI_P164",50
"61113",-0.00152803701348603,"NRI_P164",100
"61114",-0.00152803701348603,"NRI_P164",25
"61115",-0.00152803701348603,"NRI_P164",50
"61116",-0.00152803701348603,"NRI_P164",100
"61117",-0.00152803701348603,"NRI_P164",25
"61118",-0.00152803701348603,"NRI_P164",50
"61119",-0.00152803701348603,"NRI_P164",100
"61120",-0.00152803701348603,"NRI_P164",25
"61121",-0.00152803701348603,"NRI_P164",50
"61122",-0.00152803701348603,"NRI_P164",100
"61123",-0.00152803701348603,"NRI_P164",25
"61124",-0.00152803701348603,"NRI_P164",50
"61125",-0.00152803701348603,"NRI_P164",100
"61126",-0.00152803701348603,"NRI_P164",25
"61127",-0.00152803701348603,"NRI_P164",50
"61128",-0.00152803701348603,"NRI_P164",100
"61129",-0.00152803701348603,"NRI_P164",25
"61130",-0.00152803701348603,"NRI_P164",50
"61131",-0.00152803701348603,"NRI_P164",100
"61132",-0.00152803701348603,"NRI_P164",25
"61133",-0.00152803701348603,"NRI_P164",50
"61134",-0.00152803701348603,"NRI_P164",100
"61135",-0.00152803701348603,"NRI_P164",25
"61136",-0.00152803701348603,"NRI_P164",50
"61137",-0.00152803701348603,"NRI_P164",100
"61138",-0.00152803701348603,"NRI_P164",25
"61139",-0.00152803701348603,"NRI_P164",50
"61140",-0.00152803701348603,"NRI_P164",100
"61141",-0.00152803701348603,"NRI_P164",25
"61142",-0.00152803701348603,"NRI_P164",50
"61143",-0.00152803701348603,"NRI_P164",100
"61144",-0.00152803701348603,"NRI_P164",25
"61145",-0.00152803701348603,"NRI_P164",50
"61146",-0.00152803701348603,"NRI_P164",100
"61147",-0.00152803701348603,"NRI_P164",25
"61148",-0.00152803701348603,"NRI_P164",50
"61149",-0.00152803701348603,"NRI_P164",100
"61150",-0.00152803701348603,"NRI_P164",25
"61151",-0.00152803701348603,"NRI_P164",50
"61152",-0.00152803701348603,"NRI_P164",100
"61153",-0.00152803701348603,"NRI_P164",25
"61154",-0.00152803701348603,"NRI_P164",50
"61155",-0.00152803701348603,"NRI_P164",100
"61156",-0.00152803701348603,"NRI_P164",25
"61157",-0.00152803701348603,"NRI_P164",50
"61158",-0.00152803701348603,"NRI_P164",100
"61159",-0.00152803701348603,"NRI_P164",25
"61160",-0.00152803701348603,"NRI_P164",50
"61161",-0.00152803701348603,"NRI_P164",100
"61162",-0.00152803701348603,"NRI_P164",25
"61163",-0.00152803701348603,"NRI_P164",50
"61164",-0.00152803701348603,"NRI_P164",100
"61165",-0.00152803701348603,"NRI_P164",25
"61166",-0.00152803701348603,"NRI_P164",50
"61167",-0.00152803701348603,"NRI_P164",100
"61168",-0.00152803701348603,"NRI_P164",25
"61169",-0.00152803701348603,"NRI_P164",50
"61170",-0.00152803701348603,"NRI_P164",100
"61171",-0.00152803701348603,"NRI_P164",25
"61172",-0.00152803701348603,"NRI_P164",50
"61173",-0.00152803701348603,"NRI_P164",100
"61174",-0.00152803701348603,"NRI_P164",25
"61175",-0.00152803701348603,"NRI_P164",50
"61176",-0.00152803701348603,"NRI_P164",100
"61177",-0.00152803701348603,"NRI_P164",25
"61178",-0.00152803701348603,"NRI_P164",50
"61179",-0.00152803701348603,"NRI_P164",100
"61180",-0.00152803701348603,"NRI_P164",25
"61181",-0.00152803701348603,"NRI_P164",50
"61182",-0.00152803701348603,"NRI_P164",100
"61183",-0.00152803701348603,"NRI_P164",25
"61184",-0.00152803701348603,"NRI_P164",50
"61185",-0.00152803701348603,"NRI_P164",100
"61186",-0.00152803701348603,"NRI_P164",25
"61187",-0.00152803701348603,"NRI_P164",50
"61188",-0.00152803701348603,"NRI_P164",100
"61189",-0.00152803701348603,"NRI_P164",25
"61190",-0.00152803701348603,"NRI_P164",50
"61191",-0.00152803701348603,"NRI_P164",100
"61192",-0.00152803701348603,"NRI_P164",25
"61193",-0.00152803701348603,"NRI_P164",50
"61194",-0.00152803701348603,"NRI_P164",100
"61195",-0.00152803701348603,"NRI_P164",25
"61196",-0.00152803701348603,"NRI_P164",50
"61197",-0.00152803701348603,"NRI_P164",100
"61198",-0.00152803701348603,"NRI_P164",25
"61199",-0.00152803701348603,"NRI_P164",50
"61200",-0.00152803701348603,"NRI_P164",100
"61201",415.937953783025,"NRI_P166",25
"61202",-478.918846216984,"NRI_P166",50
"61203",6274.88341378301,"NRI_P166",100
"61204",-1003.73864621698,"NRI_P166",25
"61205",-400.783776216995,"NRI_P166",50
"61206",-1462.25871621698,"NRI_P166",100
"61207",-8.84684621699853,"NRI_P166",25
"61208",-1011.579646217,"NRI_P166",50
"61209",-1564.65276621698,"NRI_P166",100
"61210",-1068.89494621698,"NRI_P166",25
"61211",665.417953783006,"NRI_P166",50
"61212",-442.656346217002,"NRI_P166",100
"61213",-174.070366216998,"NRI_P166",25
"61214",-167.419446216983,"NRI_P166",50
"61215",-1086.921126217,"NRI_P166",100
"61216",-210.090846216975,"NRI_P166",25
"61217",-1277.02823621698,"NRI_P166",50
"61218",339.551953782997,"NRI_P166",100
"61219",-952.530846216978,"NRI_P166",25
"61220",395.105053783016,"NRI_P166",50
"61221",368.289853783004,"NRI_P166",100
"61222",66.8501537830161,"NRI_P166",25
"61223",-1101.329046217,"NRI_P166",50
"61224",60.876053783024,"NRI_P166",100
"61225",-1082.34704621698,"NRI_P166",25
"61226",-1276.51970621699,"NRI_P166",50
"61227",2272.776723783,"NRI_P166",100
"61228",-58.5934062169981,"NRI_P166",25
"61229",-240.616646216979,"NRI_P166",50
"61230",-771.367876217002,"NRI_P166",100
"61231",162.947553783015,"NRI_P166",25
"61232",212.827453783015,"NRI_P166",50
"61233",-1489.38892621698,"NRI_P166",100
"61234",-812.169446216983,"NRI_P166",25
"61235",-301.183146216994,"NRI_P166",50
"61236",2743.411103783,"NRI_P166",100
"61237",-60.1923462169943,"NRI_P166",25
"61238",-917.980036216992,"NRI_P166",50
"61239",-1473.535126217,"NRI_P166",100
"61240",-81.951366216992,"NRI_P166",25
"61241",195.798953783,"NRI_P166",50
"61242",-1172.29762621698,"NRI_P166",100
"61243",191.537453783007,"NRI_P166",25
"61244",-1085.646236217,"NRI_P166",50
"61245",-746.702926216996,"NRI_P166",100
"61246",-940.803746216989,"NRI_P166",25
"61247",-247.76103621698,"NRI_P166",50
"61248",984.340433783014,"NRI_P166",100
"61249",187.584253783018,"NRI_P166",25
"61250",-201.950676216977,"NRI_P166",50
"61251",-1088.15021621698,"NRI_P166",100
"61252",-141.923706217,"NRI_P166",25
"61253",-975.726096216997,"NRI_P166",50
"61254",67.4295637830219,"NRI_P166",100
"61255",-42.291246216977,"NRI_P166",25
"61256",-164.763906216976,"NRI_P166",50
"61257",2697.958593783,"NRI_P166",100
"61258",113.887953783007,"NRI_P166",25
"61259",-1273.64603621699,"NRI_P166",50
"61260",4548.31140378301,"NRI_P166",100
"61261",371.474753782997,"NRI_P166",25
"61262",-281.214946216991,"NRI_P166",50
"61263",1223.66645378302,"NRI_P166",100
"61264",43.5429537830059,"NRI_P166",25
"61265",1444.669053783,"NRI_P166",50
"61266",-1012.10766621699,"NRI_P166",100
"61267",-973.49434621699,"NRI_P166",25
"61268",74.5859937830246,"NRI_P166",50
"61269",1620.668893783,"NRI_P166",100
"61270",1761.87595378302,"NRI_P166",25
"61271",-376.227346216998,"NRI_P166",50
"61272",-416.163286216994,"NRI_P166",100
"61273",-335.24653621699,"NRI_P166",25
"61274",-1435.54092621699,"NRI_P166",50
"61275",528.405593783013,"NRI_P166",100
"61276",-721.004846216994,"NRI_P166",25
"61277",417.927833783004,"NRI_P166",50
"61278",-911.157786216994,"NRI_P166",100
"61279",-32.3130662170006,"NRI_P166",25
"61280",-171.194706216978,"NRI_P166",50
"61281",-1315.671176217,"NRI_P166",100
"61282",367.913553783001,"NRI_P166",25
"61283",1957.30375378302,"NRI_P166",50
"61284",-1147.189136217,"NRI_P166",100
"61285",1069.40755378301,"NRI_P166",25
"61286",-965.775746216998,"NRI_P166",50
"61287",-920.069186216977,"NRI_P166",100
"61288",38.1769537829969,"NRI_P166",25
"61289",-96.1012462169747,"NRI_P166",50
"61290",-851.604216216976,"NRI_P166",100
"61291",467.367053783004,"NRI_P166",25
"61292",-1062.687366217,"NRI_P166",50
"61293",-1072.439186217,"NRI_P166",100
"61294",-244.710246217001,"NRI_P166",25
"61295",-1188.86419621698,"NRI_P166",50
"61296",-1153.19344621699,"NRI_P166",100
"61297",-1054.12914621699,"NRI_P166",25
"61298",111.289153783,"NRI_P166",50
"61299",-833.472336216975,"NRI_P166",100
"61300",221.746853782999,"NRI_P166",25
"61301",-807.411946216977,"NRI_P166",50
"61302",-615.100646216975,"NRI_P166",100
"61303",-14.1324462170014,"NRI_P166",25
"61304",1403.16935378301,"NRI_P166",50
"61305",-509.560286216991,"NRI_P166",100
"61306",-10.2002462169912,"NRI_P166",25
"61307",1089.804553783,"NRI_P166",50
"61308",-1572.621446217,"NRI_P166",100
"61309",-210.090846216975,"NRI_P166",25
"61310",-322.666546216991,"NRI_P166",50
"61311",-1385.06265621699,"NRI_P166",100
"61312",-25.3245462169871,"NRI_P166",25
"61313",742.243353783007,"NRI_P166",50
"61314",35.2934337830229,"NRI_P166",100
"61315",-100.940646217001,"NRI_P166",25
"61316",151.902953783021,"NRI_P166",50
"61317",-773.368036216998,"NRI_P166",100
"61318",-987.080946217,"NRI_P166",25
"61319",2047.58465378301,"NRI_P166",50
"61320",-1319.547796217,"NRI_P166",100
"61321",-76.3961862169963,"NRI_P166",25
"61322",-1090.38911621697,"NRI_P166",50
"61323",1006.822803783,"NRI_P166",100
"61324",-129.169946216978,"NRI_P166",25
"61325",-949.89384621699,"NRI_P166",50
"61326",-104.04744621698,"NRI_P166",100
"61327",-108.847446216998,"NRI_P166",25
"61328",-472.524906216975,"NRI_P166",50
"61329",-1095.84964621699,"NRI_P166",100
"61330",-868.426846216986,"NRI_P166",25
"61331",2039.23995378302,"NRI_P166",50
"61332",-788.73309621698,"NRI_P166",100
"61333",154.072853783,"NRI_P166",25
"61334",701.194453783013,"NRI_P166",50
"61335",367.841813783016,"NRI_P166",100
"61336",-68.850126217003,"NRI_P166",25
"61337",-670.329346216982,"NRI_P166",50
"61338",-621.394386216998,"NRI_P166",100
"61339",-175.902796216978,"NRI_P166",25
"61340",-722.525346216979,"NRI_P166",50
"61341",7204.62995378301,"NRI_P166",100
"61342",-51.9406662169786,"NRI_P166",25
"61343",-214.988146216987,"NRI_P166",50
"61344",20.9874337830115,"NRI_P166",100
"61345",133.889753783005,"NRI_P166",25
"61346",-1246.860506217,"NRI_P166",50
"61347",1799.84025378301,"NRI_P166",100
"61348",-229.436046216986,"NRI_P166",25
"61349",-973.015516216983,"NRI_P166",50
"61350",-1155.41707621698,"NRI_P166",100
"61351",184.436353783007,"NRI_P166",25
"61352",-268.550746216992,"NRI_P166",50
"61353",-200.481646216998,"NRI_P166",100
"61354",355.246353783004,"NRI_P166",25
"61355",-176.405276217003,"NRI_P166",50
"61356",-659.099436216988,"NRI_P166",100
"61357",-285.00454621698,"NRI_P166",25
"61358",54.0188537830254,"NRI_P166",50
"61359",-964.538346216985,"NRI_P166",100
"61360",95.1495537830051,"NRI_P166",25
"61361",-269.324826216995,"NRI_P166",50
"61362",38.8143637830217,"NRI_P166",100
"61363",123.943453783024,"NRI_P166",25
"61364",-150.662206216977,"NRI_P166",50
"61365",-367.625346216984,"NRI_P166",100
"61366",85.8230537830095,"NRI_P166",25
"61367",-202.886916216987,"NRI_P166",50
"61368",1595.83670378302,"NRI_P166",100
"61369",-245.401446217002,"NRI_P166",25
"61370",-1459.37352621698,"NRI_P166",50
"61371",-1121.640446217,"NRI_P166",100
"61372",-131.503446216986,"NRI_P166",25
"61373",-147.661846217001,"NRI_P166",50
"61374",-496.421246216982,"NRI_P166",100
"61375",-235.20614621698,"NRI_P166",25
"61376",-1061.89600621699,"NRI_P166",50
"61377",-1362.73968621698,"NRI_P166",100
"61378",-885.722946216993,"NRI_P166",25
"61379",-218.738746216986,"NRI_P166",50
"61380",-454.767866216978,"NRI_P166",100
"61381",-49.5879462169833,"NRI_P166",25
"61382",-320.492506216979,"NRI_P166",50
"61383",-1080.84398621699,"NRI_P166",100
"61384",-74.1919462169753,"NRI_P166",25
"61385",-1021.47848621698,"NRI_P166",50
"61386",-101.476446216984,"NRI_P166",100
"61387",35.2471537830133,"NRI_P166",25
"61388",-166.575546216976,"NRI_P166",50
"61389",905.861233783013,"NRI_P166",100
"61390",-499.696446216985,"NRI_P166",25
"61391",51.1678537830012,"NRI_P166",50
"61392",-820.092356216977,"NRI_P166",100
"61393",-80.4213362169976,"NRI_P166",25
"61394",-69.7303462169948,"NRI_P166",50
"61395",-1101.81944621698,"NRI_P166",100
"61396",-1116.76446621699,"NRI_P166",25
"61397",-956.980546216975,"NRI_P166",50
"61398",-1211.13076621699,"NRI_P166",100
"61399",-84.6028862169769,"NRI_P166",25
"61400",-162.814546216978,"NRI_P166",50
"61401",539.192953783,"NRI_P166",100
"61402",122.755353783024,"NRI_P166",25
"61403",4615.92505378302,"NRI_P166",50
"61404",-1245.83744621699,"NRI_P166",100
"61405",226.726053783001,"NRI_P166",25
"61406",-239.426746216981,"NRI_P166",50
"61407",-1506.22990621699,"NRI_P166",100
"61408",-15.6585462169896,"NRI_P166",25
"61409",-1198.099846217,"NRI_P166",50
"61410",1530.02535378301,"NRI_P166",100
"61411",2274.84695378301,"NRI_P166",25
"61412",-203.483966216998,"NRI_P166",50
"61413",-936.731776216999,"NRI_P166",100
"61414",-66.6832662169763,"NRI_P166",25
"61415",1424.73075378302,"NRI_P166",50
"61416",-1041.14314621699,"NRI_P166",100
"61417",31.9266537830117,"NRI_P166",25
"61418",425.371453783009,"NRI_P166",50
"61419",-948.976846217003,"NRI_P166",100
"61420",-308.848746217001,"NRI_P166",25
"61421",4.75415378299658,"NRI_P166",50
"61422",-181.886146217003,"NRI_P166",100
"61423",173.896553783008,"NRI_P166",25
"61424",-695.030946216983,"NRI_P166",50
"61425",-843.609806216991,"NRI_P166",100
"61426",-880.506046216993,"NRI_P166",25
"61427",-833.314326216991,"NRI_P166",50
"61428",1028.341853783,"NRI_P166",100
"61429",1384.083353783,"NRI_P166",25
"61430",558.254853783001,"NRI_P166",50
"61431",-925.470776217,"NRI_P166",100
"61432",-32.3130662170006,"NRI_P166",25
"61433",-199.836546216975,"NRI_P166",50
"61434",-994.637386216986,"NRI_P166",100
"61435",464.635953782999,"NRI_P166",25
"61436",-586.203146216983,"NRI_P166",50
"61437",-1036.63044621699,"NRI_P166",100
"61438",-1132.720206217,"NRI_P166",25
"61439",-416.98183621699,"NRI_P166",50
"61440",-1545.439446217,"NRI_P166",100
"61441",-1037.30474621698,"NRI_P166",25
"61442",-279.967246216984,"NRI_P166",50
"61443",-821.797396216978,"NRI_P166",100
"61444",-82.5879462169833,"NRI_P166",25
"61445",-1215.109776217,"NRI_P166",50
"61446",-945.751636216999,"NRI_P166",100
"61447",-325.066716216999,"NRI_P166",25
"61448",-368.013846216985,"NRI_P166",50
"61449",-328.464746216981,"NRI_P166",100
"61450",-152.422836216982,"NRI_P166",25
"61451",-1316.44094621699,"NRI_P166",50
"61452",-886.659346216999,"NRI_P166",100
"61453",-1134.68408621699,"NRI_P166",25
"61454",-419.730296216992,"NRI_P166",50
"61455",1193.37715378302,"NRI_P166",100
"61456",301.378653783002,"NRI_P166",25
"61457",-1004.737796217,"NRI_P166",50
"61458",-65.5725962169818,"NRI_P166",100
"61459",-85.4334462169791,"NRI_P166",25
"61460",1060.78901378301,"NRI_P166",50
"61461",1271.93895378301,"NRI_P166",100
"61462",-1123.63719621699,"NRI_P166",25
"61463",-543.670446217002,"NRI_P166",50
"61464",-558.112706216983,"NRI_P166",100
"61465",392.790353782999,"NRI_P166",25
"61466",-63.3490462169866,"NRI_P166",50
"61467",786.521553783008,"NRI_P166",100
"61468",530.091553783015,"NRI_P166",25
"61469",170.249953783001,"NRI_P166",50
"61470",-903.274766216986,"NRI_P166",100
"61471",-484.613546216977,"NRI_P166",25
"61472",2290.11425378302,"NRI_P166",50
"61473",2271.63773378302,"NRI_P166",100
"61474",-240.23024621699,"NRI_P166",25
"61475",172.659963783022,"NRI_P166",50
"61476",-1013.93534621698,"NRI_P166",100
"61477",-168.515186217002,"NRI_P166",25
"61478",1577.42565378302,"NRI_P166",50
"61479",-1113.36965621699,"NRI_P166",100
"61480",16.9185537830053,"NRI_P166",25
"61481",357.647853783012,"NRI_P166",50
"61482",-516.077296217001,"NRI_P166",100
"61483",-106.893746216985,"NRI_P166",25
"61484",-83.1188462169957,"NRI_P166",50
"61485",875.78544378301,"NRI_P166",100
"61486",-61.7563262170006,"NRI_P166",25
"61487",-879.555406216998,"NRI_P166",50
"61488",-1593.532336217,"NRI_P166",100
"61489",-320.898946216999,"NRI_P166",25
"61490",752.035153783014,"NRI_P166",50
"61491",-963.763776216976,"NRI_P166",100
"61492",421.534953783004,"NRI_P166",25
"61493",-108.034946216998,"NRI_P166",50
"61494",-1186.01554621698,"NRI_P166",100
"61495",50.1579537829966,"NRI_P166",25
"61496",-512.853766216984,"NRI_P166",50
"61497",-1226.390006217,"NRI_P166",100
"61498",-1114.624706217,"NRI_P166",25
"61499",41.4287537830241,"NRI_P166",50
"61500",-561.325746216986,"NRI_P166",100
"61501",0.00166430498939008,"NRI_P167",25
"61502",0.00166430498939008,"NRI_P167",50
"61503",0.00166430498939008,"NRI_P167",100
"61504",0.00166430498939008,"NRI_P167",25
"61505",0.00166430498939008,"NRI_P167",50
"61506",0.00166430498939008,"NRI_P167",100
"61507",0.00166430498939008,"NRI_P167",25
"61508",0.00166430498939008,"NRI_P167",50
"61509",0.00166430498939008,"NRI_P167",100
"61510",0.00166430498939008,"NRI_P167",25
"61511",0.00166430498939008,"NRI_P167",50
"61512",0.00166430498939008,"NRI_P167",100
"61513",0.00166430498939008,"NRI_P167",25
"61514",0.00166430498939008,"NRI_P167",50
"61515",0.00166430498939008,"NRI_P167",100
"61516",0.00166430498939008,"NRI_P167",25
"61517",0.00166430498939008,"NRI_P167",50
"61518",0.00166430498939008,"NRI_P167",100
"61519",0.00166430498939008,"NRI_P167",25
"61520",0.00166430498939008,"NRI_P167",50
"61521",0.00166430498939008,"NRI_P167",100
"61522",0.00166430498939008,"NRI_P167",25
"61523",0.00166430498939008,"NRI_P167",50
"61524",0.00166430498939008,"NRI_P167",100
"61525",0.00166430498939008,"NRI_P167",25
"61526",0.00166430498939008,"NRI_P167",50
"61527",0.00166430498939008,"NRI_P167",100
"61528",0.00166430498939008,"NRI_P167",25
"61529",0.00166430498939008,"NRI_P167",50
"61530",0.00166430498939008,"NRI_P167",100
"61531",0.00166430498939008,"NRI_P167",25
"61532",0.00166430498939008,"NRI_P167",50
"61533",0.00166430498939008,"NRI_P167",100
"61534",0.00166430498939008,"NRI_P167",25
"61535",0.00166430498939008,"NRI_P167",50
"61536",0.00166430498939008,"NRI_P167",100
"61537",0.00166430498939008,"NRI_P167",25
"61538",0.00166430498939008,"NRI_P167",50
"61539",0.00166430498939008,"NRI_P167",100
"61540",0.00166430498939008,"NRI_P167",25
"61541",0.00166430498939008,"NRI_P167",50
"61542",0.00166430498939008,"NRI_P167",100
"61543",0.00166430498939008,"NRI_P167",25
"61544",0.00166430498939008,"NRI_P167",50
"61545",0.00166430498939008,"NRI_P167",100
"61546",0.00166430498939008,"NRI_P167",25
"61547",0.00166430498939008,"NRI_P167",50
"61548",0.00166430498939008,"NRI_P167",100
"61549",0.00166430498939008,"NRI_P167",25
"61550",0.00166430498939008,"NRI_P167",50
"61551",0.00166430498939008,"NRI_P167",100
"61552",0.00166430498939008,"NRI_P167",25
"61553",0.00166430498939008,"NRI_P167",50
"61554",0.00166430498939008,"NRI_P167",100
"61555",0.00166430498939008,"NRI_P167",25
"61556",0.00166430498939008,"NRI_P167",50
"61557",0.00166430498939008,"NRI_P167",100
"61558",0.00166430498939008,"NRI_P167",25
"61559",0.00166430498939008,"NRI_P167",50
"61560",0.00166430498939008,"NRI_P167",100
"61561",0.00166430498939008,"NRI_P167",25
"61562",0.00166430498939008,"NRI_P167",50
"61563",0.00166430498939008,"NRI_P167",100
"61564",0.00166430498939008,"NRI_P167",25
"61565",0.00166430498939008,"NRI_P167",50
"61566",0.00166430498939008,"NRI_P167",100
"61567",0.00166430498939008,"NRI_P167",25
"61568",0.00166430498939008,"NRI_P167",50
"61569",0.00166430498939008,"NRI_P167",100
"61570",0.00166430498939008,"NRI_P167",25
"61571",0.00166430498939008,"NRI_P167",50
"61572",0.00166430498939008,"NRI_P167",100
"61573",0.00166430498939008,"NRI_P167",25
"61574",0.00166430498939008,"NRI_P167",50
"61575",0.00166430498939008,"NRI_P167",100
"61576",0.00166430498939008,"NRI_P167",25
"61577",0.00166430498939008,"NRI_P167",50
"61578",0.00166430498939008,"NRI_P167",100
"61579",0.00166430498939008,"NRI_P167",25
"61580",0.00166430498939008,"NRI_P167",50
"61581",0.00166430498939008,"NRI_P167",100
"61582",0.00166430498939008,"NRI_P167",25
"61583",0.00166430498939008,"NRI_P167",50
"61584",0.00166430498939008,"NRI_P167",100
"61585",0.00166430498939008,"NRI_P167",25
"61586",0.00166430498939008,"NRI_P167",50
"61587",0.00166430498939008,"NRI_P167",100
"61588",0.00166430498939008,"NRI_P167",25
"61589",0.00166430498939008,"NRI_P167",50
"61590",0.00166430498939008,"NRI_P167",100
"61591",0.00166430498939008,"NRI_P167",25
"61592",0.00166430498939008,"NRI_P167",50
"61593",0.00166430498939008,"NRI_P167",100
"61594",0.00166430498939008,"NRI_P167",25
"61595",0.00166430498939008,"NRI_P167",50
"61596",0.00166430498939008,"NRI_P167",100
"61597",0.00166430498939008,"NRI_P167",25
"61598",0.00166430498939008,"NRI_P167",50
"61599",0.00166430498939008,"NRI_P167",100
"61600",0.00166430498939008,"NRI_P167",25
"61601",0.00166430498939008,"NRI_P167",50
"61602",0.00166430498939008,"NRI_P167",100
"61603",0.00166430498939008,"NRI_P167",25
"61604",0.00166430498939008,"NRI_P167",50
"61605",0.00166430498939008,"NRI_P167",100
"61606",0.00166430498939008,"NRI_P167",25
"61607",0.00166430498939008,"NRI_P167",50
"61608",0.00166430498939008,"NRI_P167",100
"61609",0.00166430498939008,"NRI_P167",25
"61610",0.00166430498939008,"NRI_P167",50
"61611",0.00166430498939008,"NRI_P167",100
"61612",0.00166430498939008,"NRI_P167",25
"61613",0.00166430498939008,"NRI_P167",50
"61614",0.00166430498939008,"NRI_P167",100
"61615",0.00166430498939008,"NRI_P167",25
"61616",0.00166430498939008,"NRI_P167",50
"61617",0.00166430498939008,"NRI_P167",100
"61618",0.00166430498939008,"NRI_P167",25
"61619",0.00166430498939008,"NRI_P167",50
"61620",0.00166430498939008,"NRI_P167",100
"61621",0.00166430498939008,"NRI_P167",25
"61622",0.00166430498939008,"NRI_P167",50
"61623",0.00166430498939008,"NRI_P167",100
"61624",0.00166430498939008,"NRI_P167",25
"61625",0.00166430498939008,"NRI_P167",50
"61626",0.00166430498939008,"NRI_P167",100
"61627",0.00166430498939008,"NRI_P167",25
"61628",0.00166430498939008,"NRI_P167",50
"61629",0.00166430498939008,"NRI_P167",100
"61630",0.00166430498939008,"NRI_P167",25
"61631",0.00166430498939008,"NRI_P167",50
"61632",0.00166430498939008,"NRI_P167",100
"61633",0.00166430498939008,"NRI_P167",25
"61634",0.00166430498939008,"NRI_P167",50
"61635",0.00166430498939008,"NRI_P167",100
"61636",0.00166430498939008,"NRI_P167",25
"61637",0.00166430498939008,"NRI_P167",50
"61638",0.00166430498939008,"NRI_P167",100
"61639",0.00166430498939008,"NRI_P167",25
"61640",0.00166430498939008,"NRI_P167",50
"61641",0.00166430498939008,"NRI_P167",100
"61642",0.00166430498939008,"NRI_P167",25
"61643",0.00166430498939008,"NRI_P167",50
"61644",0.00166430498939008,"NRI_P167",100
"61645",0.00166430498939008,"NRI_P167",25
"61646",0.00166430498939008,"NRI_P167",50
"61647",0.00166430498939008,"NRI_P167",100
"61648",0.00166430498939008,"NRI_P167",25
"61649",0.00166430498939008,"NRI_P167",50
"61650",0.00166430498939008,"NRI_P167",100
"61651",0.00166430498939008,"NRI_P167",25
"61652",0.00166430498939008,"NRI_P167",50
"61653",0.00166430498939008,"NRI_P167",100
"61654",0.00166430498939008,"NRI_P167",25
"61655",0.00166430498939008,"NRI_P167",50
"61656",0.00166430498939008,"NRI_P167",100
"61657",0.00166430498939008,"NRI_P167",25
"61658",0.00166430498939008,"NRI_P167",50
"61659",0.00166430498939008,"NRI_P167",100
"61660",0.00166430498939008,"NRI_P167",25
"61661",0.00166430498939008,"NRI_P167",50
"61662",0.00166430498939008,"NRI_P167",100
"61663",0.00166430498939008,"NRI_P167",25
"61664",0.00166430498939008,"NRI_P167",50
"61665",0.00166430498939008,"NRI_P167",100
"61666",0.00166430498939008,"NRI_P167",25
"61667",0.00166430498939008,"NRI_P167",50
"61668",0.00166430498939008,"NRI_P167",100
"61669",0.00166430498939008,"NRI_P167",25
"61670",0.00166430498939008,"NRI_P167",50
"61671",0.00166430498939008,"NRI_P167",100
"61672",0.00166430498939008,"NRI_P167",25
"61673",0.00166430498939008,"NRI_P167",50
"61674",0.00166430498939008,"NRI_P167",100
"61675",0.00166430498939008,"NRI_P167",25
"61676",0.00166430498939008,"NRI_P167",50
"61677",0.00166430498939008,"NRI_P167",100
"61678",0.00166430498939008,"NRI_P167",25
"61679",0.00166430498939008,"NRI_P167",50
"61680",0.00166430498939008,"NRI_P167",100
"61681",0.00166430498939008,"NRI_P167",25
"61682",0.00166430498939008,"NRI_P167",50
"61683",0.00166430498939008,"NRI_P167",100
"61684",0.00166430498939008,"NRI_P167",25
"61685",0.00166430498939008,"NRI_P167",50
"61686",0.00166430498939008,"NRI_P167",100
"61687",0.00166430498939008,"NRI_P167",25
"61688",0.00166430498939008,"NRI_P167",50
"61689",0.00166430498939008,"NRI_P167",100
"61690",0.00166430498939008,"NRI_P167",25
"61691",0.00166430498939008,"NRI_P167",50
"61692",0.00166430498939008,"NRI_P167",100
"61693",0.00166430498939008,"NRI_P167",25
"61694",0.00166430498939008,"NRI_P167",50
"61695",0.00166430498939008,"NRI_P167",100
"61696",0.00166430498939008,"NRI_P167",25
"61697",0.00166430498939008,"NRI_P167",50
"61698",0.00166430498939008,"NRI_P167",100
"61699",0.00166430498939008,"NRI_P167",25
"61700",0.00166430498939008,"NRI_P167",50
"61701",0.00166430498939008,"NRI_P167",100
"61702",0.00166430498939008,"NRI_P167",25
"61703",0.00166430498939008,"NRI_P167",50
"61704",0.00166430498939008,"NRI_P167",100
"61705",0.00166430498939008,"NRI_P167",25
"61706",0.00166430498939008,"NRI_P167",50
"61707",0.00166430498939008,"NRI_P167",100
"61708",0.00166430498939008,"NRI_P167",25
"61709",0.00166430498939008,"NRI_P167",50
"61710",0.00166430498939008,"NRI_P167",100
"61711",0.00166430498939008,"NRI_P167",25
"61712",0.00166430498939008,"NRI_P167",50
"61713",0.00166430498939008,"NRI_P167",100
"61714",0.00166430498939008,"NRI_P167",25
"61715",0.00166430498939008,"NRI_P167",50
"61716",0.00166430498939008,"NRI_P167",100
"61717",0.00166430498939008,"NRI_P167",25
"61718",0.00166430498939008,"NRI_P167",50
"61719",0.00166430498939008,"NRI_P167",100
"61720",0.00166430498939008,"NRI_P167",25
"61721",0.00166430498939008,"NRI_P167",50
"61722",0.00166430498939008,"NRI_P167",100
"61723",0.00166430498939008,"NRI_P167",25
"61724",0.00166430498939008,"NRI_P167",50
"61725",0.00166430498939008,"NRI_P167",100
"61726",0.00166430498939008,"NRI_P167",25
"61727",0.00166430498939008,"NRI_P167",50
"61728",0.00166430498939008,"NRI_P167",100
"61729",0.00166430498939008,"NRI_P167",25
"61730",0.00166430498939008,"NRI_P167",50
"61731",0.00166430498939008,"NRI_P167",100
"61732",0.00166430498939008,"NRI_P167",25
"61733",0.00166430498939008,"NRI_P167",50
"61734",0.00166430498939008,"NRI_P167",100
"61735",0.00166430498939008,"NRI_P167",25
"61736",0.00166430498939008,"NRI_P167",50
"61737",0.00166430498939008,"NRI_P167",100
"61738",0.00166430498939008,"NRI_P167",25
"61739",0.00166430498939008,"NRI_P167",50
"61740",0.00166430498939008,"NRI_P167",100
"61741",0.00166430498939008,"NRI_P167",25
"61742",0.00166430498939008,"NRI_P167",50
"61743",0.00166430498939008,"NRI_P167",100
"61744",0.00166430498939008,"NRI_P167",25
"61745",0.00166430498939008,"NRI_P167",50
"61746",0.00166430498939008,"NRI_P167",100
"61747",0.00166430498939008,"NRI_P167",25
"61748",0.00166430498939008,"NRI_P167",50
"61749",0.00166430498939008,"NRI_P167",100
"61750",0.00166430498939008,"NRI_P167",25
"61751",0.00166430498939008,"NRI_P167",50
"61752",0.00166430498939008,"NRI_P167",100
"61753",0.00166430498939008,"NRI_P167",25
"61754",0.00166430498939008,"NRI_P167",50
"61755",0.00166430498939008,"NRI_P167",100
"61756",0.00166430498939008,"NRI_P167",25
"61757",0.00166430498939008,"NRI_P167",50
"61758",0.00166430498939008,"NRI_P167",100
"61759",0.00166430498939008,"NRI_P167",25
"61760",0.00166430498939008,"NRI_P167",50
"61761",0.00166430498939008,"NRI_P167",100
"61762",0.00166430498939008,"NRI_P167",25
"61763",0.00166430498939008,"NRI_P167",50
"61764",0.00166430498939008,"NRI_P167",100
"61765",0.00166430498939008,"NRI_P167",25
"61766",0.00166430498939008,"NRI_P167",50
"61767",0.00166430498939008,"NRI_P167",100
"61768",0.00166430498939008,"NRI_P167",25
"61769",0.00166430498939008,"NRI_P167",50
"61770",0.00166430498939008,"NRI_P167",100
"61771",0.00166430498939008,"NRI_P167",25
"61772",0.00166430498939008,"NRI_P167",50
"61773",0.00166430498939008,"NRI_P167",100
"61774",0.00166430498939008,"NRI_P167",25
"61775",0.00166430498939008,"NRI_P167",50
"61776",0.00166430498939008,"NRI_P167",100
"61777",0.00166430498939008,"NRI_P167",25
"61778",0.00166430498939008,"NRI_P167",50
"61779",0.00166430498939008,"NRI_P167",100
"61780",0.00166430498939008,"NRI_P167",25
"61781",0.00166430498939008,"NRI_P167",50
"61782",0.00166430498939008,"NRI_P167",100
"61783",0.00166430498939008,"NRI_P167",25
"61784",0.00166430498939008,"NRI_P167",50
"61785",0.00166430498939008,"NRI_P167",100
"61786",0.00166430498939008,"NRI_P167",25
"61787",0.00166430498939008,"NRI_P167",50
"61788",0.00166430498939008,"NRI_P167",100
"61789",0.00166430498939008,"NRI_P167",25
"61790",0.00166430498939008,"NRI_P167",50
"61791",0.00166430498939008,"NRI_P167",100
"61792",0.00166430498939008,"NRI_P167",25
"61793",0.00166430498939008,"NRI_P167",50
"61794",0.00166430498939008,"NRI_P167",100
"61795",0.00166430498939008,"NRI_P167",25
"61796",0.00166430498939008,"NRI_P167",50
"61797",0.00166430498939008,"NRI_P167",100
"61798",0.00166430498939008,"NRI_P167",25
"61799",0.00166430498939008,"NRI_P167",50
"61800",0.00166430498939008,"NRI_P167",100
"61801",89.3677638510126,"NRI_P168",25
"61802",-7679.935136149,"NRI_P168",50
"61803",-5044.29237614898,"NRI_P168",100
"61804",-7422.27357614896,"NRI_P168",25
"61805",-7585.21352614899,"NRI_P168",50
"61806",-5902.31203614897,"NRI_P168",100
"61807",1661.97836385103,"NRI_P168",25
"61808",-7027.81063614896,"NRI_P168",50
"61809",-8235.49846614897,"NRI_P168",100
"61810",-208.60189614899,"NRI_P168",25
"61811",-1597.08329614898,"NRI_P168",50
"61812",-6373.50798614899,"NRI_P168",100
"61813",-146.902536148962,"NRI_P168",25
"61814",-35.8104361490114,"NRI_P168",50
"61815",-9214.27218614897,"NRI_P168",100
"61816",42.7335638510413,"NRI_P168",25
"61817",316.202463851019,"NRI_P168",50
"61818",-6367.62812614901,"NRI_P168",100
"61819",-172.389836148999,"NRI_P168",25
"61820",-8668.02370614899,"NRI_P168",50
"61821",-2507.39940614899,"NRI_P168",100
"61822",-437.375336149009,"NRI_P168",25
"61823",-8404.07343614899,"NRI_P168",50
"61824",-4958.94973614899,"NRI_P168",100
"61825",-239.131336149003,"NRI_P168",25
"61826",-7127.42273614899,"NRI_P168",50
"61827",-8245.153366149,"NRI_P168",100
"61828",-474.928136148956,"NRI_P168",25
"61829",-8266.18873614899,"NRI_P168",50
"61830",-4354.242736149,"NRI_P168",100
"61831",-7296.80683614896,"NRI_P168",25
"61832",-8549.01629614897,"NRI_P168",50
"61833",-8701.02733614898,"NRI_P168",100
"61834",376.340363850992,"NRI_P168",25
"61835",-8072.52810614899,"NRI_P168",50
"61836",-3809.59964614897,"NRI_P168",100
"61837",-228.431036148977,"NRI_P168",25
"61838",837.385163851024,"NRI_P168",50
"61839",-8687.25258614897,"NRI_P168",100
"61840",252.591463851044,"NRI_P168",25
"61841",4624.62086385104,"NRI_P168",50
"61842",-9079.36249614897,"NRI_P168",100
"61843",-968.72153614898,"NRI_P168",25
"61844",-6187.88588614896,"NRI_P168",50
"61845",-9126.73581614898,"NRI_P168",100
"61846",-7265.22233614896,"NRI_P168",25
"61847",1617.78226385103,"NRI_P168",50
"61848",-8111.83091614899,"NRI_P168",100
"61849",-210.583126148966,"NRI_P168",25
"61850",-7524.63969614898,"NRI_P168",50
"61851",-8533.81531614898,"NRI_P168",100
"61852",2260.56636385102,"NRI_P168",25
"61853",1904.10547385103,"NRI_P168",50
"61854",-8506.74230614898,"NRI_P168",100
"61855",-481.676326148969,"NRI_P168",25
"61856",-305.991956148995,"NRI_P168",50
"61857",-8986.69841614898,"NRI_P168",100
"61858",-146.59653614898,"NRI_P168",25
"61859",-7123.54148614896,"NRI_P168",50
"61860",-7339.74357614899,"NRI_P168",100
"61861",590.640763850999,"NRI_P168",25
"61862",-8470.70373614898,"NRI_P168",50
"61863",-9214.76473614899,"NRI_P168",100
"61864",-440.256236148998,"NRI_P168",25
"61865",-7158.288236149,"NRI_P168",50
"61866",-9195.33535614898,"NRI_P168",100
"61867",-7254.98873614898,"NRI_P168",25
"61868",-6911.33783614897,"NRI_P168",50
"61869",-7585.59263614897,"NRI_P168",100
"61870",-1167.72863614897,"NRI_P168",25
"61871",-576.170636149007,"NRI_P168",50
"61872",-8677.39367614899,"NRI_P168",100
"61873",-982.425936148968,"NRI_P168",25
"61874",717.298363851034,"NRI_P168",50
"61875",-9229.88862614898,"NRI_P168",100
"61876",-7407.12043614901,"NRI_P168",25
"61877",-7127.43663614901,"NRI_P168",50
"61878",-8717.36077614897,"NRI_P168",100
"61879",-408.780336148979,"NRI_P168",25
"61880",-1065.92343614897,"NRI_P168",50
"61881",-8298.06633614897,"NRI_P168",100
"61882",-63.8272361489944,"NRI_P168",25
"61883",1608.97186385101,"NRI_P168",50
"61884",-7808.893926149,"NRI_P168",100
"61885",-247.586836148985,"NRI_P168",25
"61886",-6359.071236149,"NRI_P168",50
"61887",-8832.70095614897,"NRI_P168",100
"61888",-179.289536149008,"NRI_P168",25
"61889",-6099.09593614901,"NRI_P168",50
"61890",-9088.82370614898,"NRI_P168",100
"61891",-140.689836148988,"NRI_P168",25
"61892",-7899.840576149,"NRI_P168",50
"61893",-8912.93925614899,"NRI_P168",100
"61894",-7434.71673614898,"NRI_P168",25
"61895",-3536.68998614897,"NRI_P168",50
"61896",-7533.44048614899,"NRI_P168",100
"61897",115.745463851024,"NRI_P168",25
"61898",-7614.84713614901,"NRI_P168",50
"61899",-8695.47763614898,"NRI_P168",100
"61900",1216.56306385103,"NRI_P168",25
"61901",-7614.48437614896,"NRI_P168",50
"61902",-8751.41598614899,"NRI_P168",100
"61903",-54.8422361490084,"NRI_P168",25
"61904",-610.152556148998,"NRI_P168",50
"61905",-5917.97733614896,"NRI_P168",100
"61906",1222.35836385103,"NRI_P168",25
"61907",-308.507436148997,"NRI_P168",50
"61908",-8630.26283614899,"NRI_P168",100
"61909",-2.71633614896564,"NRI_P168",25
"61910",-6010.49083614897,"NRI_P168",50
"61911",-9477.50203614897,"NRI_P168",100
"61912",-943.057236148976,"NRI_P168",25
"61913",-7594.84313614899,"NRI_P168",50
"61914",-5362.73743614898,"NRI_P168",100
"61915",-1021.20093614899,"NRI_P168",25
"61916",-7932.78306614899,"NRI_P168",50
"61917",-5767.00833614898,"NRI_P168",100
"61918",-176.614736148971,"NRI_P168",25
"61919",-8320.88893614899,"NRI_P168",50
"61920",-9168.04705614899,"NRI_P168",100
"61921",-120.959136148973,"NRI_P168",25
"61922",-1046.196106149,"NRI_P168",50
"61923",-8697.21721614897,"NRI_P168",100
"61924",-7432.22995614901,"NRI_P168",25
"61925",-695.103776148986,"NRI_P168",50
"61926",-9180.36129614897,"NRI_P168",100
"61927",-7187.97273614898,"NRI_P168",25
"61928",248.916763851012,"NRI_P168",50
"61929",-7772.67558614898,"NRI_P168",100
"61930",271.057363850996,"NRI_P168",25
"61931",-7394.36713614897,"NRI_P168",50
"61932",-8654.96754614898,"NRI_P168",100
"61933",-0.575336148962379,"NRI_P168",25
"61934",-124.265386148996,"NRI_P168",50
"61935",-9182.82388614898,"NRI_P168",100
"61936",-365.398136148986,"NRI_P168",25
"61937",-594.898586148978,"NRI_P168",50
"61938",-8677.34640614898,"NRI_P168",100
"61939",-7244.11953614897,"NRI_P168",25
"61940",253.517963851045,"NRI_P168",50
"61941",-9179.79864614899,"NRI_P168",100
"61942",-152.677536148985,"NRI_P168",25
"61943",-7865.245786149,"NRI_P168",50
"61944",-8221.35798614897,"NRI_P168",100
"61945",-209.064226148999,"NRI_P168",25
"61946",1030.51526385103,"NRI_P168",50
"61947",-8786.047236149,"NRI_P168",100
"61948",64.0410638510366,"NRI_P168",25
"61949",-333.246536149003,"NRI_P168",50
"61950",-6559.62546614901,"NRI_P168",100
"61951",-7293.845736149,"NRI_P168",25
"61952",-7284.55763614899,"NRI_P168",50
"61953",-8248.62734614898,"NRI_P168",100
"61954",-1049.67493614898,"NRI_P168",25
"61955",-1101.96283614897,"NRI_P168",50
"61956",-6326.47953614901,"NRI_P168",100
"61957",-1006.10873614898,"NRI_P168",25
"61958",-950.499836148985,"NRI_P168",50
"61959",-8505.69242614898,"NRI_P168",100
"61960",-223.249216148979,"NRI_P168",25
"61961",-663.418536148965,"NRI_P168",50
"61962",-8504.61127614899,"NRI_P168",100
"61963",-0.281036148953717,"NRI_P168",25
"61964",-1000.032036149,"NRI_P168",50
"61965",-7611.683936149,"NRI_P168",100
"61966",-1047.83163614897,"NRI_P168",25
"61967",863.34996385104,"NRI_P168",50
"61968",-9336.68842614899,"NRI_P168",100
"61969",-7395.94903614896,"NRI_P168",25
"61970",-380.306536149001,"NRI_P168",50
"61971",-4570.02240614896,"NRI_P168",100
"61972",-1139.533136149,"NRI_P168",25
"61973",-900.226636148989,"NRI_P168",50
"61974",-7552.72833614895,"NRI_P168",100
"61975",-20.7687361490098,"NRI_P168",25
"61976",-7818.74453614897,"NRI_P168",50
"61977",-9257.88885614899,"NRI_P168",100
"61978",275.250163851015,"NRI_P168",25
"61979",-718.156536148977,"NRI_P168",50
"61980",-5847.84863614896,"NRI_P168",100
"61981",-1113.57683614898,"NRI_P168",25
"61982",-7688.75929614896,"NRI_P168",50
"61983",-9171.11126614898,"NRI_P168",100
"61984",-190.878236148972,"NRI_P168",25
"61985",-945.380486148992,"NRI_P168",50
"61986",-8933.01811614897,"NRI_P168",100
"61987",-7372.17723614897,"NRI_P168",25
"61988",-7821.464636149,"NRI_P168",50
"61989",-8034.21959614899,"NRI_P168",100
"61990",-7347.38803614897,"NRI_P168",25
"61991",-7813.34890614898,"NRI_P168",50
"61992",-8134.70391614898,"NRI_P168",100
"61993",434.941363851016,"NRI_P168",25
"61994",-6378.75603614899,"NRI_P168",50
"61995",-8086.76326614898,"NRI_P168",100
"61996",-228.296566148987,"NRI_P168",25
"61997",-322.73285614897,"NRI_P168",50
"61998",-8470.10444614899,"NRI_P168",100
"61999",-268.266236149007,"NRI_P168",25
"62000",-1254.34371614899,"NRI_P168",50
"62001",-8655.89092614898,"NRI_P168",100
"62002",-95.2279361489927,"NRI_P168",25
"62003",377.506163851009,"NRI_P168",50
"62004",-4800.40162614896,"NRI_P168",100
"62005",192.467363851028,"NRI_P168",25
"62006",2501.367463851,"NRI_P168",50
"62007",-9454.58825614897,"NRI_P168",100
"62008",-172.473736148968,"NRI_P168",25
"62009",-1326.23703614896,"NRI_P168",50
"62010",-8776.49880614897,"NRI_P168",100
"62011",-418.536036148958,"NRI_P168",25
"62012",-7555.85640614899,"NRI_P168",50
"62013",-7932.29521614898,"NRI_P168",100
"62014",-157.144636148994,"NRI_P168",25
"62015",-6754.60283614899,"NRI_P168",50
"62016",-9256.114636149,"NRI_P168",100
"62017",-6891.25893614901,"NRI_P168",25
"62018",-7364.44083614898,"NRI_P168",50
"62019",-8075.32063614897,"NRI_P168",100
"62020",-1104.98633614898,"NRI_P168",25
"62021",70.0571938510402,"NRI_P168",50
"62022",-8993.04477614898,"NRI_P168",100
"62023",-1078.218236149,"NRI_P168",25
"62024",1324.646833851,"NRI_P168",50
"62025",-8531.58817614897,"NRI_P168",100
"62026",-7412.943736149,"NRI_P168",25
"62027",-390.94783614896,"NRI_P168",50
"62028",-7440.02863614896,"NRI_P168",100
"62029",-14.5214361489634,"NRI_P168",25
"62030",758.787213850999,"NRI_P168",50
"62031",-8199.02143614899,"NRI_P168",100
"62032",-464.848766148963,"NRI_P168",25
"62033",-1207.439066149,"NRI_P168",50
"62034",-9130.77198614899,"NRI_P168",100
"62035",-444.240386148973,"NRI_P168",25
"62036",-359.093236148998,"NRI_P168",50
"62037",-8489.90543614898,"NRI_P168",100
"62038",-72.0376361489762,"NRI_P168",25
"62039",-7418.96973614901,"NRI_P168",50
"62040",-9044.18193614899,"NRI_P168",100
"62041",-151.795236148988,"NRI_P168",25
"62042",-7777.93003614899,"NRI_P168",50
"62043",-7529.62418614898,"NRI_P168",100
"62044",66.9698638510308,"NRI_P168",25
"62045",4744.66746385104,"NRI_P168",50
"62046",-5522.11320614896,"NRI_P168",100
"62047",-175.970036148967,"NRI_P168",25
"62048",-7671.631986149,"NRI_P168",50
"62049",-8845.93367614897,"NRI_P168",100
"62050",-160.569336148968,"NRI_P168",25
"62051",-972.994336148957,"NRI_P168",50
"62052",-7900.60552614898,"NRI_P168",100
"62053",-1108.90143614897,"NRI_P168",25
"62054",-1277.30000614899,"NRI_P168",50
"62055",-8692.003736149,"NRI_P168",100
"62056",-254.068436148984,"NRI_P168",25
"62057",-6125.93847614899,"NRI_P168",50
"62058",-9421.15008614899,"NRI_P168",100
"62059",-97.8983361489954,"NRI_P168",25
"62060",-7606.00073614897,"NRI_P168",50
"62061",-5920.41053614899,"NRI_P168",100
"62062",-188.919336149003,"NRI_P168",25
"62063",-88.6068361490034,"NRI_P168",50
"62064",-6928.037456149,"NRI_P168",100
"62065",-216.62573614897,"NRI_P168",25
"62066",4387.48356385104,"NRI_P168",50
"62067",-8780.83337614898,"NRI_P168",100
"62068",-455.098996148969,"NRI_P168",25
"62069",-465.520906149002,"NRI_P168",50
"62070",-8287.06856614898,"NRI_P168",100
"62071",-223.720816148969,"NRI_P168",25
"62072",-7231.49913614901,"NRI_P168",50
"62073",-8946.51550614898,"NRI_P168",100
"62074",-363.051636149001,"NRI_P168",25
"62075",1835.56056385103,"NRI_P168",50
"62076",-9141.08081614898,"NRI_P168",100
"62077",-222.903786148992,"NRI_P168",25
"62078",-7052.11675614899,"NRI_P168",50
"62079",-3884.59779614897,"NRI_P168",100
"62080",957.028063851001,"NRI_P168",25
"62081",76.959263850993,"NRI_P168",50
"62082",-8769.57273614898,"NRI_P168",100
"62083",-7430.288786149,"NRI_P168",25
"62084",-6007.39193614898,"NRI_P168",50
"62085",-9438.90235614899,"NRI_P168",100
"62086",-7340.822436149,"NRI_P168",25
"62087",-7362.67803614901,"NRI_P168",50
"62088",-7405.09523614898,"NRI_P168",100
"62089",-161.289936148969,"NRI_P168",25
"62090",-346.915936148958,"NRI_P168",50
"62091",-8619.09361614898,"NRI_P168",100
"62092",-7427.94150614896,"NRI_P168",25
"62093",1440.71046385099,"NRI_P168",50
"62094",-8857.48390614899,"NRI_P168",100
"62095",-76.8043361489545,"NRI_P168",25
"62096",-8429.43903614898,"NRI_P168",50
"62097",-5768.36402614898,"NRI_P168",100
"62098",-402.054036148998,"NRI_P168",25
"62099",-690.407666148967,"NRI_P168",50
"62100",-8665.54081614898,"NRI_P168",100
"62101",202.421783695987,"NRI_P170",25
"62102",5137.38620369602,"NRI_P170",50
"62103",9559.613573696,"NRI_P170",100
"62104",-990.595696303993,"NRI_P170",25
"62105",1617.79070369602,"NRI_P170",50
"62106",2109.54692369601,"NRI_P170",100
"62107",766.894313696015,"NRI_P170",25
"62108",-1188.86548630398,"NRI_P170",50
"62109",-160.496776303975,"NRI_P170",100
"62110",-546.089996304014,"NRI_P170",25
"62111",8878.45300369599,"NRI_P170",50
"62112",2959.99023369601,"NRI_P170",100
"62113",-670.340496303979,"NRI_P170",25
"62114",-368.106096303964,"NRI_P170",50
"62115",-411.471026304003,"NRI_P170",100
"62116",279.149503696011,"NRI_P170",25
"62117",279.302303695993,"NRI_P170",50
"62118",296.748653696035,"NRI_P170",100
"62119",-319.543596303964,"NRI_P170",25
"62120",-672.774216304009,"NRI_P170",50
"62121",-1989.87001630396,"NRI_P170",100
"62122",1072.70860369602,"NRI_P170",25
"62123",-395.932486303966,"NRI_P170",50
"62124",-1711.35905630398,"NRI_P170",100
"62125",168.808983695984,"NRI_P170",25
"62126",-230.523096303979,"NRI_P170",50
"62127",1059.06890369602,"NRI_P170",100
"62128",1349.73720369599,"NRI_P170",25
"62129",175.712303696026,"NRI_P170",50
"62130",3321.50110369601,"NRI_P170",100
"62131",-578.095796303998,"NRI_P170",25
"62132",-133.232896303991,"NRI_P170",50
"62133",7893.83792369603,"NRI_P170",100
"62134",-590.647186303977,"NRI_P170",25
"62135",493.040203696,"NRI_P170",50
"62136",-425.616966303962,"NRI_P170",100
"62137",434.296203695994,"NRI_P170",25
"62138",-734.616806303966,"NRI_P170",50
"62139",3155.722703696,"NRI_P170",100
"62140",-419.873696303985,"NRI_P170",25
"62141",9032.87070369604,"NRI_P170",50
"62142",7223.96246369602,"NRI_P170",100
"62143",-349.457836303976,"NRI_P170",25
"62144",5487.54770369601,"NRI_P170",50
"62145",-1521.91697630397,"NRI_P170",100
"62146",1707.31890369602,"NRI_P170",25
"62147",-358.947196303983,"NRI_P170",50
"62148",2957.38751369598,"NRI_P170",100
"62149",-282.505776303995,"NRI_P170",25
"62150",2257.128503696,"NRI_P170",50
"62151",250.690573695989,"NRI_P170",100
"62152",2213.92590369598,"NRI_P170",25
"62153",3865.79470369604,"NRI_P170",50
"62154",10284.676293696,"NRI_P170",100
"62155",-898.035716303973,"NRI_P170",25
"62156",1530.99040369602,"NRI_P170",50
"62157",6806.94770369603,"NRI_P170",100
"62158",-305.807696303993,"NRI_P170",25
"62159",-1153.71639630396,"NRI_P170",50
"62160",932.370633696031,"NRI_P170",100
"62161",-399.482296303962,"NRI_P170",25
"62162",2768.26630369603,"NRI_P170",50
"62163",-566.580186303996,"NRI_P170",100
"62164",-554.236496303987,"NRI_P170",25
"62165",-1206.52387630398,"NRI_P170",50
"62166",8845.810583696,"NRI_P170",100
"62167",-66.6760963039706,"NRI_P170",25
"62168",612.788703695987,"NRI_P170",50
"62169",-1591.98662630399,"NRI_P170",100
"62170",-95.2598163039656,"NRI_P170",25
"62171",-222.890766303986,"NRI_P170",50
"62172",4359.51097369601,"NRI_P170",100
"62173",141.659303696011,"NRI_P170",25
"62174",-535.514666303992,"NRI_P170",50
"62175",5355.76516369602,"NRI_P170",100
"62176",-404.072226303979,"NRI_P170",25
"62177",689.605103695998,"NRI_P170",50
"62178",-1580.98444630398,"NRI_P170",100
"62179",519.660003695986,"NRI_P170",25
"62180",-843.543586304004,"NRI_P170",50
"62181",-1695.12393630401,"NRI_P170",100
"62182",-509.629266303964,"NRI_P170",25
"62183",-165.740896303963,"NRI_P170",50
"62184",-572.356226303964,"NRI_P170",100
"62185",221.766003696015,"NRI_P170",25
"62186",-937.535106303985,"NRI_P170",50
"62187",-129.657076303964,"NRI_P170",100
"62188",-19.3220463040052,"NRI_P170",25
"62189",1208.15330369602,"NRI_P170",50
"62190",2517.77130369603,"NRI_P170",100
"62191",207.083003695996,"NRI_P170",25
"62192",555.904503696016,"NRI_P170",50
"62193",1288.63665369601,"NRI_P170",100
"62194",7887.03930369602,"NRI_P170",25
"62195",-726.086596303969,"NRI_P170",50
"62196",-1653.95446630399,"NRI_P170",100
"62197",-1112.33501630399,"NRI_P170",25
"62198",1807.753503696,"NRI_P170",50
"62199",468.181123696035,"NRI_P170",100
"62200",-1052.24126630399,"NRI_P170",25
"62201",8845.26822369604,"NRI_P170",50
"62202",5003.45928369602,"NRI_P170",100
"62203",-306.934146303975,"NRI_P170",25
"62204",2959.69790369604,"NRI_P170",50
"62205",12240.387603696,"NRI_P170",100
"62206",-1108.97124630399,"NRI_P170",25
"62207",-696.511896303971,"NRI_P170",50
"62208",1927.92496369599,"NRI_P170",100
"62209",107.510003696021,"NRI_P170",25
"62210",3624.58213369601,"NRI_P170",50
"62211",1194.72522369603,"NRI_P170",100
"62212",-325.899586303975,"NRI_P170",25
"62213",1089.80630369601,"NRI_P170",50
"62214",-1323.40109630401,"NRI_P170",100
"62215",-442.091616304009,"NRI_P170",25
"62216",824.116903696035,"NRI_P170",50
"62217",-745.060066303995,"NRI_P170",100
"62218",1959.10758369602,"NRI_P170",25
"62219",-482.045626303996,"NRI_P170",50
"62220",-456.881586303993,"NRI_P170",100
"62221",-224.309696303972,"NRI_P170",25
"62222",-880.588026303973,"NRI_P170",50
"62223",-1696.923486304,"NRI_P170",100
"62224",1432.41450369603,"NRI_P170",25
"62225",910.57939369604,"NRI_P170",50
"62226",2336.88401369599,"NRI_P170",100
"62227",2542.02390369604,"NRI_P170",25
"62228",-370.58472630399,"NRI_P170",50
"62229",7869.48641369602,"NRI_P170",100
"62230",195.997943695984,"NRI_P170",25
"62231",-745.789346303965,"NRI_P170",50
"62232",2390.59463369602,"NRI_P170",100
"62233",-326.984376303968,"NRI_P170",25
"62234",1573.23200369603,"NRI_P170",50
"62235",53.8232336959918,"NRI_P170",100
"62236",-505.964886303991,"NRI_P170",25
"62237",2705.991203696,"NRI_P170",50
"62238",509.369493696024,"NRI_P170",100
"62239",-304.936496303999,"NRI_P170",25
"62240",3660.96520369599,"NRI_P170",50
"62241",9688.729423696,"NRI_P170",100
"62242",-707.28109630401,"NRI_P170",25
"62243",-1303.39659630397,"NRI_P170",50
"62244",7206.22893369599,"NRI_P170",100
"62245",-245.282896303979,"NRI_P170",25
"62246",-474.597606303985,"NRI_P170",50
"62247",-1099.07399630401,"NRI_P170",100
"62248",-736.191886304005,"NRI_P170",25
"62249",-1490.59453630401,"NRI_P170",50
"62250",-1132.73265630397,"NRI_P170",100
"62251",-227.253966304008,"NRI_P170",25
"62252",8597.28630369599,"NRI_P170",50
"62253",-311.645276303985,"NRI_P170",100
"62254",490.698203695996,"NRI_P170",25
"62255",-1149.05576630397,"NRI_P170",50
"62256",3976.35178369604,"NRI_P170",100
"62257",-167.735396303993,"NRI_P170",25
"62258",-712.059626303962,"NRI_P170",50
"62259",-172.732396303967,"NRI_P170",100
"62260",897.485103696003,"NRI_P170",25
"62261",739.008933696023,"NRI_P170",50
"62262",-1276.27726630401,"NRI_P170",100
"62263",-920.755576303985,"NRI_P170",25
"62264",-649.579196303966,"NRI_P170",50
"62265",608.852403695986,"NRI_P170",100
"62266",-333.425796304015,"NRI_P170",25
"62267",328.456403696036,"NRI_P170",50
"62268",4618.88101369602,"NRI_P170",100
"62269",-851.775586303964,"NRI_P170",25
"62270",-912.934116303979,"NRI_P170",50
"62271",1477.42580369604,"NRI_P170",100
"62272",3335.86430369603,"NRI_P170",25
"62273",-1302.68158630398,"NRI_P170",50
"62274",1325.88211369602,"NRI_P170",100
"62275",-177.354976303992,"NRI_P170",25
"62276",-825.526896303985,"NRI_P170",50
"62277",751.363243695989,"NRI_P170",100
"62278",-865.963296303991,"NRI_P170",25
"62279",2125.29291369603,"NRI_P170",50
"62280",1393.85940369603,"NRI_P170",100
"62281",56.6033136959886,"NRI_P170",25
"62282",-592.707736303972,"NRI_P170",50
"62283",3401.955603696,"NRI_P170",100
"62284",-451.478496304015,"NRI_P170",25
"62285",-111.746286303969,"NRI_P170",50
"62286",4121.60268369602,"NRI_P170",100
"62287",-775.532966303988,"NRI_P170",25
"62288",3667.18061369599,"NRI_P170",50
"62289",1610.41210369603,"NRI_P170",100
"62290",-944.119046303967,"NRI_P170",25
"62291",-868.446096303989,"NRI_P170",50
"62292",773.596863696002,"NRI_P170",100
"62293",967.417523696029,"NRI_P170",25
"62294",-449.883556303976,"NRI_P170",50
"62295",10845.285403696,"NRI_P170",100
"62296",6537.84120369604,"NRI_P170",25
"62297",-768.637796304014,"NRI_P170",50
"62298",-148.072896304016,"NRI_P170",100
"62299",6859.98520369601,"NRI_P170",25
"62300",-209.445796303975,"NRI_P170",50
"62301",678.042203696037,"NRI_P170",100
"62302",66.7513636960066,"NRI_P170",25
"62303",3624.01600369602,"NRI_P170",50
"62304",7214.689603696,"NRI_P170",100
"62305",-909.870186303975,"NRI_P170",25
"62306",-1365.61706630397,"NRI_P170",50
"62307",-1493.900186304,"NRI_P170",100
"62308",9360.78210369602,"NRI_P170",25
"62309",3754.708103696,"NRI_P170",50
"62310",22271.610303696,"NRI_P170",100
"62311",6570.51660369599,"NRI_P170",25
"62312",6186.67540369602,"NRI_P170",50
"62313",3466.08090369601,"NRI_P170",100
"62314",2220.02210369601,"NRI_P170",25
"62315",-789.486696303997,"NRI_P170",50
"62316",-1973.28947630397,"NRI_P170",100
"62317",-621.015096304007,"NRI_P170",25
"62318",6209.470433696,"NRI_P170",50
"62319",1168.12070369604,"NRI_P170",100
"62320",-472.604596304009,"NRI_P170",25
"62321",1318.38680369599,"NRI_P170",50
"62322",496.767723696015,"NRI_P170",100
"62323",1094.03450369602,"NRI_P170",25
"62324",-1190.96649630397,"NRI_P170",50
"62325",1998.65482369601,"NRI_P170",100
"62326",953.56800369604,"NRI_P170",25
"62327",-819.224136303994,"NRI_P170",50
"62328",-1346.78522630397,"NRI_P170",100
"62329",-219.464096303971,"NRI_P170",25
"62330",223.882103696,"NRI_P170",50
"62331",9782.10840369604,"NRI_P170",100
"62332",55.2298036959837,"NRI_P170",25
"62333",-371.312586303975,"NRI_P170",50
"62334",3317.45220369601,"NRI_P170",100
"62335",4769.67540369602,"NRI_P170",25
"62336",349.866363695997,"NRI_P170",50
"62337",5876.80680369603,"NRI_P170",100
"62338",-4.0528863039799,"NRI_P170",25
"62339",2337.762003696,"NRI_P170",50
"62340",1258.37727369601,"NRI_P170",100
"62341",-345.486076303991,"NRI_P170",25
"62342",4103.33195369603,"NRI_P170",50
"62343",11137.916113696,"NRI_P170",100
"62344",417.090903696022,"NRI_P170",25
"62345",3978.14510369604,"NRI_P170",50
"62346",4856.59450369602,"NRI_P170",100
"62347",-1006.39483630401,"NRI_P170",25
"62348",-1002.06593630399,"NRI_P170",50
"62349",146.244423696015,"NRI_P170",100
"62350",-265.343796303961,"NRI_P170",25
"62351",814.662303696037,"NRI_P170",50
"62352",15662.165703696,"NRI_P170",100
"62353",-404.779686303984,"NRI_P170",25
"62354",-721.752596303995,"NRI_P170",50
"62355",5337.25730369601,"NRI_P170",100
"62356",-272.039736303966,"NRI_P170",25
"62357",-1255.10329630401,"NRI_P170",50
"62358",337.703263695992,"NRI_P170",100
"62359",2444.00150369602,"NRI_P170",25
"62360",-202.659096303978,"NRI_P170",50
"62361",9718.74176369602,"NRI_P170",100
"62362",406.052103695984,"NRI_P170",25
"62363",-1209.32409630402,"NRI_P170",50
"62364",8955.70430369599,"NRI_P170",100
"62365",-609.715396303975,"NRI_P170",25
"62366",5037.46100369602,"NRI_P170",50
"62367",-558.846196303959,"NRI_P170",100
"62368",3944.58140369604,"NRI_P170",25
"62369",-606.690296304005,"NRI_P170",50
"62370",-44.8654963040026,"NRI_P170",100
"62371",-860.974976303987,"NRI_P170",25
"62372",-1017.31343630399,"NRI_P170",50
"62373",-1871.18423630396,"NRI_P170",100
"62374",18.9551036960329,"NRI_P170",25
"62375",3330.11963369598,"NRI_P170",50
"62376",4663.59233369603,"NRI_P170",100
"62377",186.529833696026,"NRI_P170",25
"62378",889.603323696007,"NRI_P170",50
"62379",2557.65363369603,"NRI_P170",100
"62380",4063.12430369604,"NRI_P170",25
"62381",-524.462986303959,"NRI_P170",50
"62382",1760.67760369601,"NRI_P170",100
"62383",2711.316003696,"NRI_P170",25
"62384",2218.17880369601,"NRI_P170",50
"62385",427.553003696026,"NRI_P170",100
"62386",16.2547736960114,"NRI_P170",25
"62387",4075.921463696,"NRI_P170",50
"62388",1561.09750369599,"NRI_P170",100
"62389",-903.847366303962,"NRI_P170",25
"62390",-497.058266303968,"NRI_P170",50
"62391",5251.04430369602,"NRI_P170",100
"62392",-217.907996303984,"NRI_P170",25
"62393",-835.817796304007,"NRI_P170",50
"62394",12565.738903696,"NRI_P170",100
"62395",948.175303696014,"NRI_P170",25
"62396",1827.99822369602,"NRI_P170",50
"62397",9518.69760369603,"NRI_P170",100
"62398",-521.672866303998,"NRI_P170",25
"62399",671.124903696007,"NRI_P170",50
"62400",-1278.84397630399,"NRI_P170",100
"62401",54.4087593470031,"NRI_P171",25
"62402",-98.3271006529976,"NRI_P171",50
"62403",110.780719347,"NRI_P171",100
"62404",-43.4465906530022,"NRI_P171",25
"62405",86.7534193469983,"NRI_P171",50
"62406",112.375499346999,"NRI_P171",100
"62407",465.136659347001,"NRI_P171",25
"62408",-66.3975006530018,"NRI_P171",50
"62409",-43.072750653002,"NRI_P171",100
"62410",6.87268934700114,"NRI_P171",25
"62411",307.218329347001,"NRI_P171",50
"62412",182.104669346998,"NRI_P171",100
"62413",-45.1775706530025,"NRI_P171",25
"62414",-32.5774506529997,"NRI_P171",50
"62415",592.327279347002,"NRI_P171",100
"62416",-54.9419806529986,"NRI_P171",25
"62417",162.034329347,"NRI_P171",50
"62418",209.240449347002,"NRI_P171",100
"62419",-68.7634706530007,"NRI_P171",25
"62420",-71.2861006530002,"NRI_P171",50
"62421",-92.4337406529958,"NRI_P171",100
"62422",465.136659347001,"NRI_P171",25
"62423",437.187459346998,"NRI_P171",50
"62424",-10.2899806529967,"NRI_P171",100
"62425",-131.510330653,"NRI_P171",25
"62426",61.5768893470013,"NRI_P171",50
"62427",1365.119709347,"NRI_P171",100
"62428",-9.48121065300074,"NRI_P171",25
"62429",-177.083090653003,"NRI_P171",50
"62430",141.196219347003,"NRI_P171",100
"62431",-139.629320653003,"NRI_P171",25
"62432",3.74334934700164,"NRI_P171",50
"62433",340.424059347002,"NRI_P171",100
"62434",-25.6690506529994,"NRI_P171",25
"62435",-120.814840653002,"NRI_P171",50
"62436",-62.904090652999,"NRI_P171",100
"62437",-31.8692106529998,"NRI_P171",25
"62438",73.7910593470006,"NRI_P171",50
"62439",1257.856959347,"NRI_P171",100
"62440",58.3424593470045,"NRI_P171",25
"62441",22.7220393469979,"NRI_P171",50
"62442",261.167659347004,"NRI_P171",100
"62443",-44.9532606529974,"NRI_P171",25
"62444",-81.963670653,"NRI_P171",50
"62445",1723.817629347,"NRI_P171",100
"62446",335.858189347004,"NRI_P171",25
"62447",36.095989346999,"NRI_P171",50
"62448",50.537609347004,"NRI_P171",100
"62449",-41.4108106529966,"NRI_P171",25
"62450",-35.1705706529974,"NRI_P171",50
"62451",-236.377610652999,"NRI_P171",100
"62452",-52.0566606529974,"NRI_P171",25
"62453",198.110759347001,"NRI_P171",50
"62454",-194.103410652999,"NRI_P171",100
"62455",-60.6710106530008,"NRI_P171",25
"62456",-63.1508706530003,"NRI_P171",50
"62457",2945.031539347,"NRI_P171",100
"62458",-53.9850506529983,"NRI_P171",25
"62459",58.117159346999,"NRI_P171",50
"62460",-27.8229806529998,"NRI_P171",100
"62461",-33.4609906530022,"NRI_P171",25
"62462",433.721469347001,"NRI_P171",50
"62463",-173.665200652998,"NRI_P171",100
"62464",7.9240193470032,"NRI_P171",25
"62465",1184.396439347,"NRI_P171",50
"62466",166.370029347003,"NRI_P171",100
"62467",9.87938934699923,"NRI_P171",25
"62468",-97.9754406529973,"NRI_P171",50
"62469",-229.577690653001,"NRI_P171",100
"62470",-19.3682906530012,"NRI_P171",25
"62471",-58.8685806529975,"NRI_P171",50
"62472",1216.114539347,"NRI_P171",100
"62473",-118.796940652996,"NRI_P171",25
"62474",-47.5707906530006,"NRI_P171",50
"62475",-166.004350652998,"NRI_P171",100
"62476",-102.506740653,"NRI_P171",25
"62477",-0.513150653001503,"NRI_P171",50
"62478",425.044339346998,"NRI_P171",100
"62479",67.6523893470003,"NRI_P171",25
"62480",930.320529347002,"NRI_P171",50
"62481",324.891789346999,"NRI_P171",100
"62482",-120.652250653002,"NRI_P171",25
"62483",150.317729347,"NRI_P171",50
"62484",484.344629347004,"NRI_P171",100
"62485",-107.599180653,"NRI_P171",25
"62486",-128.001720652996,"NRI_P171",50
"62487",87.7676393470028,"NRI_P171",100
"62488",-22.8104406529965,"NRI_P171",25
"62489",-93.0499906530022,"NRI_P171",50
"62490",-157.295330652996,"NRI_P171",100
"62491",-51.1249006529979,"NRI_P171",25
"62492",179.093869347002,"NRI_P171",50
"62493",-145.209260652999,"NRI_P171",100
"62494",139.226589347003,"NRI_P171",25
"62495",-179.041410653001,"NRI_P171",50
"62496",50.731919347003,"NRI_P171",100
"62497",321.793489347001,"NRI_P171",25
"62498",2032.820889347,"NRI_P171",50
"62499",1165.932619347,"NRI_P171",100
"62500",46.9764993470017,"NRI_P171",25
"62501",50.7731593470016,"NRI_P171",50
"62502",380.880559347002,"NRI_P171",100
"62503",-9.20085065299645,"NRI_P171",25
"62504",-40.1070606529975,"NRI_P171",50
"62505",93.6831993470041,"NRI_P171",100
"62506",64.1381593469996,"NRI_P171",25
"62507",-172.718720653,"NRI_P171",50
"62508",-86.6659806530006,"NRI_P171",100
"62509",-26.6961106529998,"NRI_P171",25
"62510",-71.2674606529981,"NRI_P171",50
"62511",-78.5568506529962,"NRI_P171",100
"62512",-46.6151106530015,"NRI_P171",25
"62513",400.839999347001,"NRI_P171",50
"62514",-46.2409206529992,"NRI_P171",100
"62515",18.6290593470039,"NRI_P171",25
"62516",149.535689347002,"NRI_P171",50
"62517",-144.382550652997,"NRI_P171",100
"62518",-54.9220106529974,"NRI_P171",25
"62519",-105.628200653002,"NRI_P171",50
"62520",-187.379210653002,"NRI_P171",100
"62521",-56.5295106529957,"NRI_P171",25
"62522",-89.8725606529988,"NRI_P171",50
"62523",157.883109347,"NRI_P171",100
"62524",321.793489347001,"NRI_P171",25
"62525",623.621889347,"NRI_P171",50
"62526",-187.778680652998,"NRI_P171",100
"62527",-94.8012506529994,"NRI_P171",25
"62528",317.997789346999,"NRI_P171",50
"62529",-101.420090653002,"NRI_P171",100
"62530",485.390989347005,"NRI_P171",25
"62531",12.0413693470036,"NRI_P171",50
"62532",-1.02092065299803,"NRI_P171",100
"62533",-67.1165006529991,"NRI_P171",25
"62534",-167.304580652999,"NRI_P171",50
"62535",800.247519347002,"NRI_P171",100
"62536",-27.8283906529978,"NRI_P171",25
"62537",-193.955870653001,"NRI_P171",50
"62538",42.2443593470016,"NRI_P171",100
"62539",-75.4936806530022,"NRI_P171",25
"62540",992.255169347001,"NRI_P171",50
"62541",15.540529347003,"NRI_P171",100
"62542",-4.06417065300047,"NRI_P171",25
"62543",-5.04895065299934,"NRI_P171",50
"62544",-213.056110653,"NRI_P171",100
"62545",184.503959346999,"NRI_P171",25
"62546",-57.9262606529956,"NRI_P171",50
"62547",-73.0843806529956,"NRI_P171",100
"62548",256.419359347005,"NRI_P171",25
"62549",1785.770229347,"NRI_P171",50
"62550",-188.767650652997,"NRI_P171",100
"62551",-34.188770652996,"NRI_P171",25
"62552",421.350559347004,"NRI_P171",50
"62553",184.661949346999,"NRI_P171",100
"62554",77.5541593470043,"NRI_P171",25
"62555",17.6613893469985,"NRI_P171",50
"62556",4.11108934700314,"NRI_P171",100
"62557",35.2547893470037,"NRI_P171",25
"62558",1491.981439347,"NRI_P171",50
"62559",53.1413793469983,"NRI_P171",100
"62560",-11.508890653,"NRI_P171",25
"62561",-194.570090652996,"NRI_P171",50
"62562",516.026859347003,"NRI_P171",100
"62563",-39.6386106529972,"NRI_P171",25
"62564",98.6212293470016,"NRI_P171",50
"62565",407.460029346999,"NRI_P171",100
"62566",67.6523893470003,"NRI_P171",25
"62567",128.914109347003,"NRI_P171",50
"62568",-97.4915406529981,"NRI_P171",100
"62569",-89.9897706529955,"NRI_P171",25
"62570",-115.822080653001,"NRI_P171",50
"62571",-105.944870653002,"NRI_P171",100
"62572",52.1361593469992,"NRI_P171",25
"62573",-15.5385706529996,"NRI_P171",50
"62574",-75.4303506529977,"NRI_P171",100
"62575",-23.543100652998,"NRI_P171",25
"62576",1134.748129347,"NRI_P171",50
"62577",-40.2523006529955,"NRI_P171",100
"62578",-22.8216106530017,"NRI_P171",25
"62579",-53.0206606529973,"NRI_P171",50
"62580",216.499579347001,"NRI_P171",100
"62581",-9.20085065299645,"NRI_P171",25
"62582",-65.7538106529973,"NRI_P171",50
"62583",-161.288520652997,"NRI_P171",100
"62584",17.2516793469986,"NRI_P171",25
"62585",-71.6203106530011,"NRI_P171",50
"62586",-81.7526306529981,"NRI_P171",100
"62587",-24.7688106529968,"NRI_P171",25
"62588",-6.49271065300127,"NRI_P171",50
"62589",1257.159819347,"NRI_P171",100
"62590",48.4292993470008,"NRI_P171",25
"62591",200.417259346999,"NRI_P171",50
"62592",362.317099346998,"NRI_P171",100
"62593",11.1578893469996,"NRI_P171",25
"62594",-32.0596106529993,"NRI_P171",50
"62595",1220.906599347,"NRI_P171",100
"62596",-61.0307406529973,"NRI_P171",25
"62597",-142.399800653002,"NRI_P171",50
"62598",-95.9635506529958,"NRI_P171",100
"62599",-38.7444406529976,"NRI_P171",25
"62600",342.029209346998,"NRI_P171",50
"62601",-2.68377065299865,"NRI_P171",100
"62602",-19.2587406530001,"NRI_P171",25
"62603",133.574029347001,"NRI_P171",50
"62604",1.92269934700016,"NRI_P171",100
"62605",33.672889346999,"NRI_P171",25
"62606",-144.194140653002,"NRI_P171",50
"62607",318.022559347002,"NRI_P171",100
"62608",365.001859347001,"NRI_P171",25
"62609",156.204879347002,"NRI_P171",50
"62610",795.020299347001,"NRI_P171",100
"62611",38.6038793469997,"NRI_P171",25
"62612",145.884829347,"NRI_P171",50
"62613",60.4342693470026,"NRI_P171",100
"62614",-53.0491306530021,"NRI_P171",25
"62615",-60.4020706529991,"NRI_P171",50
"62616",-234.051360653,"NRI_P171",100
"62617",-136.451510653002,"NRI_P171",25
"62618",-76.3681406530013,"NRI_P171",50
"62619",-55.5347806529971,"NRI_P171",100
"62620",-22.8216106530017,"NRI_P171",25
"62621",-165.360750653002,"NRI_P171",50
"62622",141.615239347004,"NRI_P171",100
"62623",186.187759346998,"NRI_P171",25
"62624",-175.593020652996,"NRI_P171",50
"62625",348.071309347004,"NRI_P171",100
"62626",-131.510330653,"NRI_P171",25
"62627",13.0961893470012,"NRI_P171",50
"62628",-180.338590653002,"NRI_P171",100
"62629",91.7492893470044,"NRI_P171",25
"62630",-114.539990653,"NRI_P171",50
"62631",-30.3839906529975,"NRI_P171",100
"62632",-77.2338406529962,"NRI_P171",25
"62633",-89.6953906529961,"NRI_P171",50
"62634",-19.5082806529972,"NRI_P171",100
"62635",55.9462893470045,"NRI_P171",25
"62636",52.6807593470003,"NRI_P171",50
"62637",635.606319347004,"NRI_P171",100
"62638",-104.757670653002,"NRI_P171",25
"62639",-143.259980652998,"NRI_P171",50
"62640",149.737689346999,"NRI_P171",100
"62641",-94.8012506529994,"NRI_P171",25
"62642",-113.604770653001,"NRI_P171",50
"62643",1475.310809347,"NRI_P171",100
"62644",-54.9220106529974,"NRI_P171",25
"62645",-17.3846506530026,"NRI_P171",50
"62646",163.609329347004,"NRI_P171",100
"62647",62.2707593470041,"NRI_P171",25
"62648",-106.997530652996,"NRI_P171",50
"62649",240.759369347004,"NRI_P171",100
"62650",-75.9656706530004,"NRI_P171",25
"62651",-76.6239306529969,"NRI_P171",50
"62652",696.270919347,"NRI_P171",100
"62653",9.5935893470014,"NRI_P171",25
"62654",-109.829720652997,"NRI_P171",50
"62655",188.551029347,"NRI_P171",100
"62656",-133.841400653,"NRI_P171",25
"62657",-130.432360653002,"NRI_P171",50
"62658",1905.389379347,"NRI_P171",100
"62659",32.0645093470011,"NRI_P171",25
"62660",-85.8137506529965,"NRI_P171",50
"62661",1689.448499347,"NRI_P171",100
"62662",92.4239593469974,"NRI_P171",25
"62663",-21.3684506529971,"NRI_P171",50
"62664",21.1711193470037,"NRI_P171",100
"62665",111.411759347,"NRI_P171",25
"62666",393.404399347004,"NRI_P171",50
"62667",-19.1919506529957,"NRI_P171",100
"62668",-39.3044006529963,"NRI_P171",25
"62669",-89.7469006530009,"NRI_P171",50
"62670",284.439909346998,"NRI_P171",100
"62671",7.64913934699871,"NRI_P171",25
"62672",123.318609346999,"NRI_P171",50
"62673",352.953029347002,"NRI_P171",100
"62674",-24.5684806529971,"NRI_P171",25
"62675",171.262209346998,"NRI_P171",50
"62676",-184.107180653002,"NRI_P171",100
"62677",-53.2967106529977,"NRI_P171",25
"62678",-134.799150653002,"NRI_P171",50
"62679",1117.014199347,"NRI_P171",100
"62680",1785.010589347,"NRI_P171",25
"62681",-120.469090653001,"NRI_P171",50
"62682",1221.706939347,"NRI_P171",100
"62683",-11.508890653,"NRI_P171",25
"62684",-12.3427006529964,"NRI_P171",50
"62685",427.167469346998,"NRI_P171",100
"62686",3.40309934700053,"NRI_P171",25
"62687",73.9819693469981,"NRI_P171",50
"62688",480.785559347001,"NRI_P171",100
"62689",-23.1792706529959,"NRI_P171",25
"62690",1359.868559347,"NRI_P171",50
"62691",-94.0635506530016,"NRI_P171",100
"62692",-52.0834106530019,"NRI_P171",25
"62693",904.630469347001,"NRI_P171",50
"62694",810.018079346999,"NRI_P171",100
"62695",977.089859346997,"NRI_P171",25
"62696",-170.852390653003,"NRI_P171",50
"62697",282.366549347003,"NRI_P171",100
"62698",-83.134820653002,"NRI_P171",25
"62699",-176.505200653002,"NRI_P171",50
"62700",138.139189346999,"NRI_P171",100
"62701",0.00657378201140091,"NRI_P172",25
"62702",0.00657378201140091,"NRI_P172",50
"62703",-1512.15852621797,"NRI_P172",100
"62704",0.00657378201140091,"NRI_P172",25
"62705",0.00657378201140091,"NRI_P172",50
"62706",1.90547378204064,"NRI_P172",100
"62707",0.00657378201140091,"NRI_P172",25
"62708",0.00657378201140091,"NRI_P172",50
"62709",-39.1425962179783,"NRI_P172",100
"62710",0.00657378201140091,"NRI_P172",25
"62711",0.00657378201140091,"NRI_P172",50
"62712",373.807773781999,"NRI_P172",100
"62713",0.00657378201140091,"NRI_P172",25
"62714",0.00657378201140091,"NRI_P172",50
"62715",926.180553782033,"NRI_P172",100
"62716",0.00657378201140091,"NRI_P172",25
"62717",0.00657378201140091,"NRI_P172",50
"62718",-329.514926217962,"NRI_P172",100
"62719",0.00657378201140091,"NRI_P172",25
"62720",0.00657378201140091,"NRI_P172",50
"62721",-51.9040462179692,"NRI_P172",100
"62722",0.00657378201140091,"NRI_P172",25
"62723",0.00657378201140091,"NRI_P172",50
"62724",-55.7777662180015,"NRI_P172",100
"62725",0.00657378201140091,"NRI_P172",25
"62726",0.00657378201140091,"NRI_P172",50
"62727",2749.83775378205,"NRI_P172",100
"62728",0.00657378201140091,"NRI_P172",25
"62729",0.00657378201140091,"NRI_P172",50
"62730",-740.39132621797,"NRI_P172",100
"62731",0.00657378201140091,"NRI_P172",25
"62732",0.00657378201140091,"NRI_P172",50
"62733",851.330873782048,"NRI_P172",100
"62734",0.00657378201140091,"NRI_P172",25
"62735",0.00657378201140091,"NRI_P172",50
"62736",108.728333782055,"NRI_P172",100
"62737",0.00657378201140091,"NRI_P172",25
"62738",0.00657378201140091,"NRI_P172",50
"62739",-282.989726217987,"NRI_P172",100
"62740",0.00657378201140091,"NRI_P172",25
"62741",0.00657378201140091,"NRI_P172",50
"62742",-108.656426217989,"NRI_P172",100
"62743",0.00657378201140091,"NRI_P172",25
"62744",0.00657378201140091,"NRI_P172",50
"62745",34.2253137820517,"NRI_P172",100
"62746",0.00657378201140091,"NRI_P172",25
"62747",0.00657378201140091,"NRI_P172",50
"62748",1010.76301378204,"NRI_P172",100
"62749",0.00657378201140091,"NRI_P172",25
"62750",0.00657378201140091,"NRI_P172",50
"62751",-126.664426217962,"NRI_P172",100
"62752",0.00657378201140091,"NRI_P172",25
"62753",0.00657378201140091,"NRI_P172",50
"62754",-193.47812621796,"NRI_P172",100
"62755",0.00657378201140091,"NRI_P172",25
"62756",0.00657378201140091,"NRI_P172",50
"62757",6058.39797378203,"NRI_P172",100
"62758",0.00657378201140091,"NRI_P172",25
"62759",0.00657378201140091,"NRI_P172",50
"62760",-316.116316217987,"NRI_P172",100
"62761",0.00657378201140091,"NRI_P172",25
"62762",0.00657378201140091,"NRI_P172",50
"62763",-33.4311262179981,"NRI_P172",100
"62764",0.00657378201140091,"NRI_P172",25
"62765",0.00657378201140091,"NRI_P172",50
"62766",99.7994737820118,"NRI_P172",100
"62767",0.00657378201140091,"NRI_P172",25
"62768",0.00657378201140091,"NRI_P172",50
"62769",203.643673782004,"NRI_P172",100
"62770",0.00657378201140091,"NRI_P172",25
"62771",0.00657378201140091,"NRI_P172",50
"62772",20.4460537820123,"NRI_P172",100
"62773",0.00657378201140091,"NRI_P172",25
"62774",0.00657378201140091,"NRI_P172",50
"62775",-569.158826217987,"NRI_P172",100
"62776",0.00657378201140091,"NRI_P172",25
"62777",0.00657378201140091,"NRI_P172",50
"62778",-7.96320621797349,"NRI_P172",100
"62779",0.00657378201140091,"NRI_P172",25
"62780",0.00657378201140091,"NRI_P172",50
"62781",-149.685996217944,"NRI_P172",100
"62782",0.00657378201140091,"NRI_P172",25
"62783",0.00657378201140091,"NRI_P172",50
"62784",47.3211737820529,"NRI_P172",100
"62785",0.00657378201140091,"NRI_P172",25
"62786",0.00657378201140091,"NRI_P172",50
"62787",-107.693426218,"NRI_P172",100
"62788",0.00657378201140091,"NRI_P172",25
"62789",0.00657378201140091,"NRI_P172",50
"62790",68.7396737820236,"NRI_P172",100
"62791",0.00657378201140091,"NRI_P172",25
"62792",0.00657378201140091,"NRI_P172",50
"62793",52.065873782034,"NRI_P172",100
"62794",0.00657378201140091,"NRI_P172",25
"62795",0.00657378201140091,"NRI_P172",50
"62796",-88.0940262179938,"NRI_P172",100
"62797",0.00657378201140091,"NRI_P172",25
"62798",0.00657378201140091,"NRI_P172",50
"62799",-419.444716217986,"NRI_P172",100
"62800",0.00657378201140091,"NRI_P172",25
"62801",0.00657378201140091,"NRI_P172",50
"62802",19.8004737820011,"NRI_P172",100
"62803",0.00657378201140091,"NRI_P172",25
"62804",0.00657378201140091,"NRI_P172",50
"62805",-377.353816217976,"NRI_P172",100
"62806",0.00657378201140091,"NRI_P172",25
"62807",0.00657378201140091,"NRI_P172",50
"62808",-222.725926217972,"NRI_P172",100
"62809",0.00657378201140091,"NRI_P172",25
"62810",0.00657378201140091,"NRI_P172",50
"62811",-1872.68672621797,"NRI_P172",100
"62812",0.00657378201140091,"NRI_P172",25
"62813",0.00657378201140091,"NRI_P172",50
"62814",225.841173782013,"NRI_P172",100
"62815",0.00657378201140091,"NRI_P172",25
"62816",0.00657378201140091,"NRI_P172",50
"62817",264.279173782037,"NRI_P172",100
"62818",0.00657378201140091,"NRI_P172",25
"62819",0.00657378201140091,"NRI_P172",50
"62820",6104.05517378205,"NRI_P172",100
"62821",0.00657378201140091,"NRI_P172",25
"62822",0.00657378201140091,"NRI_P172",50
"62823",-855.495746217959,"NRI_P172",100
"62824",0.00657378201140091,"NRI_P172",25
"62825",0.00657378201140091,"NRI_P172",50
"62826",-171.998576217971,"NRI_P172",100
"62827",0.00657378201140091,"NRI_P172",25
"62828",0.00657378201140091,"NRI_P172",50
"62829",130.233753781999,"NRI_P172",100
"62830",0.00657378201140091,"NRI_P172",25
"62831",0.00657378201140091,"NRI_P172",50
"62832",-38.6567262179451,"NRI_P172",100
"62833",0.00657378201140091,"NRI_P172",25
"62834",0.00657378201140091,"NRI_P172",50
"62835",1961.89327378204,"NRI_P172",100
"62836",0.00657378201140091,"NRI_P172",25
"62837",0.00657378201140091,"NRI_P172",50
"62838",304.07285378204,"NRI_P172",100
"62839",0.00657378201140091,"NRI_P172",25
"62840",0.00657378201140091,"NRI_P172",50
"62841",6.31110378203448,"NRI_P172",100
"62842",0.00657378201140091,"NRI_P172",25
"62843",0.00657378201140091,"NRI_P172",50
"62844",6127.39417378203,"NRI_P172",100
"62845",0.00657378201140091,"NRI_P172",25
"62846",0.00657378201140091,"NRI_P172",50
"62847",-4.76394621795043,"NRI_P172",100
"62848",0.00657378201140091,"NRI_P172",25
"62849",0.00657378201140091,"NRI_P172",50
"62850",-315.550926217984,"NRI_P172",100
"62851",0.00657378201140091,"NRI_P172",25
"62852",0.00657378201140091,"NRI_P172",50
"62853",-20.1992862179759,"NRI_P172",100
"62854",0.00657378201140091,"NRI_P172",25
"62855",0.00657378201140091,"NRI_P172",50
"62856",-105.757926217979,"NRI_P172",100
"62857",0.00657378201140091,"NRI_P172",25
"62858",0.00657378201140091,"NRI_P172",50
"62859",-51.4819262179662,"NRI_P172",100
"62860",0.00657378201140091,"NRI_P172",25
"62861",0.00657378201140091,"NRI_P172",50
"62862",358.116173782037,"NRI_P172",100
"62863",0.00657378201140091,"NRI_P172",25
"62864",0.00657378201140091,"NRI_P172",50
"62865",50.7047337820404,"NRI_P172",100
"62866",0.00657378201140091,"NRI_P172",25
"62867",0.00657378201140091,"NRI_P172",50
"62868",-812.445826217998,"NRI_P172",100
"62869",0.00657378201140091,"NRI_P172",25
"62870",0.00657378201140091,"NRI_P172",50
"62871",-1691.18052621797,"NRI_P172",100
"62872",0.00657378201140091,"NRI_P172",25
"62873",0.00657378201140091,"NRI_P172",50
"62874",123.745173782052,"NRI_P172",100
"62875",0.00657378201140091,"NRI_P172",25
"62876",0.00657378201140091,"NRI_P172",50
"62877",-6230.58220621798,"NRI_P172",100
"62878",0.00657378201140091,"NRI_P172",25
"62879",0.00657378201140091,"NRI_P172",50
"62880",872.05517378205,"NRI_P172",100
"62881",0.00657378201140091,"NRI_P172",25
"62882",0.00657378201140091,"NRI_P172",50
"62883",7.07825378200505,"NRI_P172",100
"62884",0.00657378201140091,"NRI_P172",25
"62885",0.00657378201140091,"NRI_P172",50
"62886",-119.258046217961,"NRI_P172",100
"62887",0.00657378201140091,"NRI_P172",25
"62888",0.00657378201140091,"NRI_P172",50
"62889",1281.08647378202,"NRI_P172",100
"62890",0.00657378201140091,"NRI_P172",25
"62891",0.00657378201140091,"NRI_P172",50
"62892",-525.261026217951,"NRI_P172",100
"62893",0.00657378201140091,"NRI_P172",25
"62894",0.00657378201140091,"NRI_P172",50
"62895",725.89177378203,"NRI_P172",100
"62896",0.00657378201140091,"NRI_P172",25
"62897",0.00657378201140091,"NRI_P172",50
"62898",198.856573782046,"NRI_P172",100
"62899",0.00657378201140091,"NRI_P172",25
"62900",0.00657378201140091,"NRI_P172",50
"62901",-208.118926217954,"NRI_P172",100
"62902",0.00657378201140091,"NRI_P172",25
"62903",0.00657378201140091,"NRI_P172",50
"62904",-67.8118262179778,"NRI_P172",100
"62905",0.00657378201140091,"NRI_P172",25
"62906",0.00657378201140091,"NRI_P172",50
"62907",88.9984737820341,"NRI_P172",100
"62908",0.00657378201140091,"NRI_P172",25
"62909",0.00657378201140091,"NRI_P172",50
"62910",2799.08527378202,"NRI_P172",100
"62911",0.00657378201140091,"NRI_P172",25
"62912",0.00657378201140091,"NRI_P172",50
"62913",-1751.70032621798,"NRI_P172",100
"62914",0.00657378201140091,"NRI_P172",25
"62915",0.00657378201140091,"NRI_P172",50
"62916",-157.939676217968,"NRI_P172",100
"62917",0.00657378201140091,"NRI_P172",25
"62918",0.00657378201140091,"NRI_P172",50
"62919",-1557.34022621799,"NRI_P172",100
"62920",0.00657378201140091,"NRI_P172",25
"62921",0.00657378201140091,"NRI_P172",50
"62922",26.5150337820523,"NRI_P172",100
"62923",0.00657378201140091,"NRI_P172",25
"62924",0.00657378201140091,"NRI_P172",50
"62925",-331.697526217962,"NRI_P172",100
"62926",0.00657378201140091,"NRI_P172",25
"62927",0.00657378201140091,"NRI_P172",50
"62928",543.323073782027,"NRI_P172",100
"62929",0.00657378201140091,"NRI_P172",25
"62930",0.00657378201140091,"NRI_P172",50
"62931",-167.605946217955,"NRI_P172",100
"62932",0.00657378201140091,"NRI_P172",25
"62933",0.00657378201140091,"NRI_P172",50
"62934",-176.25692621799,"NRI_P172",100
"62935",0.00657378201140091,"NRI_P172",25
"62936",0.00657378201140091,"NRI_P172",50
"62937",49.3047737820307,"NRI_P172",100
"62938",0.00657378201140091,"NRI_P172",25
"62939",0.00657378201140091,"NRI_P172",50
"62940",-546.019926217967,"NRI_P172",100
"62941",0.00657378201140091,"NRI_P172",25
"62942",0.00657378201140091,"NRI_P172",50
"62943",-37.9172762179514,"NRI_P172",100
"62944",0.00657378201140091,"NRI_P172",25
"62945",0.00657378201140091,"NRI_P172",50
"62946",-29.366336217965,"NRI_P172",100
"62947",0.00657378201140091,"NRI_P172",25
"62948",0.00657378201140091,"NRI_P172",50
"62949",-359.143276217976,"NRI_P172",100
"62950",0.00657378201140091,"NRI_P172",25
"62951",0.00657378201140091,"NRI_P172",50
"62952",2500.05567378202,"NRI_P172",100
"62953",0.00657378201140091,"NRI_P172",25
"62954",0.00657378201140091,"NRI_P172",50
"62955",10674.665373782,"NRI_P172",100
"62956",0.00657378201140091,"NRI_P172",25
"62957",0.00657378201140091,"NRI_P172",50
"62958",972.807073782024,"NRI_P172",100
"62959",0.00657378201140091,"NRI_P172",25
"62960",0.00657378201140091,"NRI_P172",50
"62961",-159.302116217965,"NRI_P172",100
"62962",0.00657378201140091,"NRI_P172",25
"62963",0.00657378201140091,"NRI_P172",50
"62964",146.479163782031,"NRI_P172",100
"62965",0.00657378201140091,"NRI_P172",25
"62966",0.00657378201140091,"NRI_P172",50
"62967",342.282573782024,"NRI_P172",100
"62968",0.00657378201140091,"NRI_P172",25
"62969",0.00657378201140091,"NRI_P172",50
"62970",-104.221526217996,"NRI_P172",100
"62971",0.00657378201140091,"NRI_P172",25
"62972",0.00657378201140091,"NRI_P172",50
"62973",-9.48150621796958,"NRI_P172",100
"62974",0.00657378201140091,"NRI_P172",25
"62975",0.00657378201140091,"NRI_P172",50
"62976",186.729423782032,"NRI_P172",100
"62977",0.00657378201140091,"NRI_P172",25
"62978",0.00657378201140091,"NRI_P172",50
"62979",894.358373782015,"NRI_P172",100
"62980",0.00657378201140091,"NRI_P172",25
"62981",0.00657378201140091,"NRI_P172",50
"62982",14.3287637820467,"NRI_P172",100
"62983",0.00657378201140091,"NRI_P172",25
"62984",0.00657378201140091,"NRI_P172",50
"62985",0.00657378201140091,"NRI_P172",100
"62986",0.00657378201140091,"NRI_P172",25
"62987",0.00657378201140091,"NRI_P172",50
"62988",-105.363626217993,"NRI_P172",100
"62989",0.00657378201140091,"NRI_P172",25
"62990",0.00657378201140091,"NRI_P172",50
"62991",1063.59917378204,"NRI_P172",100
"62992",0.00657378201140091,"NRI_P172",25
"62993",0.00657378201140091,"NRI_P172",50
"62994",-81.2874162179651,"NRI_P172",100
"62995",0.00657378201140091,"NRI_P172",25
"62996",0.00657378201140091,"NRI_P172",50
"62997",276.325773782039,"NRI_P172",100
"62998",0.00657378201140091,"NRI_P172",25
"62999",0.00657378201140091,"NRI_P172",50
"63000",-667.822626217967,"NRI_P172",100
"63001",-11342.271857473,"NRI_P173",25
"63002",-513.407037472993,"NRI_P173",50
"63003",-11180.722627473,"NRI_P173",100
"63004",-425.348267472989,"NRI_P173",25
"63005",-11363.090647473,"NRI_P173",50
"63006",-6875.49739747302,"NRI_P173",100
"63007",-11301.621987473,"NRI_P173",25
"63008",-151.971177473024,"NRI_P173",50
"63009",-11104.559717473,"NRI_P173",100
"63010",922.664402526978,"NRI_P173",25
"63011",-11351.586217473,"NRI_P173",50
"63012",-8289.68299747299,"NRI_P173",100
"63013",-11334.493477473,"NRI_P173",25
"63014",-9764.48211747303,"NRI_P173",50
"63015",-11811.470657473,"NRI_P173",100
"63016",-7.64445747301215,"NRI_P173",25
"63017",-423.651327472995,"NRI_P173",50
"63018",-11070.638657473,"NRI_P173",100
"63019",-11062.123347473,"NRI_P173",25
"63020",4710.72312252701,"NRI_P173",50
"63021",-9130.34308747301,"NRI_P173",100
"63022",-62.8259474730003,"NRI_P173",25
"63023",12736.311672527,"NRI_P173",50
"63024",-9488.838017473,"NRI_P173",100
"63025",-422.676997472998,"NRI_P173",25
"63026",-11324.507037473,"NRI_P173",50
"63027",-7089.22774747299,"NRI_P173",100
"63028",-11191.411447473,"NRI_P173",25
"63029",-182.363787473005,"NRI_P173",50
"63030",-339.068507472984,"NRI_P173",100
"63031",-340.068647473003,"NRI_P173",25
"63032",-11551.836527473,"NRI_P173",50
"63033",-10757.046447473,"NRI_P173",100
"63034",458.097202526988,"NRI_P173",25
"63035",-474.997697473038,"NRI_P173",50
"63036",-6519.40550747298,"NRI_P173",100
"63037",-8973.63494747301,"NRI_P173",25
"63038",105.85222252697,"NRI_P173",50
"63039",-6760.49651747302,"NRI_P173",100
"63040",565.300322527008,"NRI_P173",25
"63041",-10955.841377473,"NRI_P173",50
"63042",-11625.917807473,"NRI_P173",100
"63043",-11330.579597473,"NRI_P173",25
"63044",-10996.218117473,"NRI_P173",50
"63045",-8272.98338747304,"NRI_P173",100
"63046",-10812.525947473,"NRI_P173",25
"63047",5.69347252696753,"NRI_P173",50
"63048",-10831.827047473,"NRI_P173",100
"63049",-442.616377472994,"NRI_P173",25
"63050",4132.062322527,"NRI_P173",50
"63051",-10517.928157473,"NRI_P173",100
"63052",-11309.980557473,"NRI_P173",25
"63053",-319.541227473004,"NRI_P173",50
"63054",-11793.561827473,"NRI_P173",100
"63055",-11064.737947473,"NRI_P173",25
"63056",4738.36957252701,"NRI_P173",50
"63057",-8025.14848747302,"NRI_P173",100
"63058",638.433552526985,"NRI_P173",25
"63059",-10435.846877473,"NRI_P173",50
"63060",-11832.480157473,"NRI_P173",100
"63061",-37.1887074729893,"NRI_P173",25
"63062",-11373.007917473,"NRI_P173",50
"63063",-11597.431067473,"NRI_P173",100
"63064",4006.39255252696,"NRI_P173",25
"63065",892.660772526986,"NRI_P173",50
"63066",-10663.725727473,"NRI_P173",100
"63067",208.361852527014,"NRI_P173",25
"63068",-10.6259974730201,"NRI_P173",50
"63069",-2783.79292747303,"NRI_P173",100
"63070",10.9081925270148,"NRI_P173",25
"63071",-442.643627473037,"NRI_P173",50
"63072",-7002.787817473,"NRI_P173",100
"63073",124.554752526979,"NRI_P173",25
"63074",1510.51997252699,"NRI_P173",50
"63075",-11621.378047473,"NRI_P173",100
"63076",62.3927225269726,"NRI_P173",25
"63077",-11004.092847473,"NRI_P173",50
"63078",-10619.953397473,"NRI_P173",100
"63079",-13.8403474729857,"NRI_P173",25
"63080",-11015.265897473,"NRI_P173",50
"63081",-11155.022097473,"NRI_P173",100
"63082",-11247.721847473,"NRI_P173",25
"63083",-8890.36534747301,"NRI_P173",50
"63084",-7737.84286747302,"NRI_P173",100
"63085",-17.9165874730097,"NRI_P173",25
"63086",336.084272526961,"NRI_P173",50
"63087",-11228.426227473,"NRI_P173",100
"63088",-1.49465747299837,"NRI_P173",25
"63089",-11302.369797473,"NRI_P173",50
"63090",-11226.659727473,"NRI_P173",100
"63091",-11323.435737473,"NRI_P173",25
"63092",-9300.76137747301,"NRI_P173",50
"63093",-9319.456107473,"NRI_P173",100
"63094",3.50760252698092,"NRI_P173",25
"63095",-11267.997347473,"NRI_P173",50
"63096",13053.821672527,"NRI_P173",100
"63097",-52.3618874730309,"NRI_P173",25
"63098",-187.337937473028,"NRI_P173",50
"63099",-10920.658047473,"NRI_P173",100
"63100",13.8269525269861,"NRI_P173",25
"63101",-918.830777472991,"NRI_P173",50
"63102",-11693.218407473,"NRI_P173",100
"63103",-22.012437472993,"NRI_P173",25
"63104",-9519.20874747302,"NRI_P173",50
"63105",-7604.95058747299,"NRI_P173",100
"63106",-430.535687473021,"NRI_P173",25
"63107",-277.231497473025,"NRI_P173",50
"63108",-8956.314397473,"NRI_P173",100
"63109",-324.306047472986,"NRI_P173",25
"63110",79.5737425269908,"NRI_P173",50
"63111",160.861732526973,"NRI_P173",100
"63112",43.3016225270112,"NRI_P173",25
"63113",-429.066917472985,"NRI_P173",50
"63114",-10553.919977473,"NRI_P173",100
"63115",504.896552526974,"NRI_P173",25
"63116",-487.691737473011,"NRI_P173",50
"63117",-10435.161327473,"NRI_P173",100
"63118",-50.5694474730408,"NRI_P173",25
"63119",-9922.24943747302,"NRI_P173",50
"63120",-9235.19051747303,"NRI_P173",100
"63121",-26.8610774730332,"NRI_P173",25
"63122",-11269.785697473,"NRI_P173",50
"63123",-11179.210207473,"NRI_P173",100
"63124",292.066702526994,"NRI_P173",25
"63125",-177.289877473027,"NRI_P173",50
"63126",-8996.17746747303,"NRI_P173",100
"63127",14.6742025269778,"NRI_P173",25
"63128",-6872.06918747304,"NRI_P173",50
"63129",-9633.98270747304,"NRI_P173",100
"63130",25.9047025269829,"NRI_P173",25
"63131",-11729.801457473,"NRI_P173",50
"63132",-7196.13006747299,"NRI_P173",100
"63133",-0.428007473004982,"NRI_P173",25
"63134",-11507.656347473,"NRI_P173",50
"63135",-8300.56531747303,"NRI_P173",100
"63136",6.22629252698971,"NRI_P173",25
"63137",-8269.59969747299,"NRI_P173",50
"63138",5494.15439252701,"NRI_P173",100
"63139",-467.533147473005,"NRI_P173",25
"63140",-7323.49954747304,"NRI_P173",50
"63141",-11458.394057473,"NRI_P173",100
"63142",127.252722526959,"NRI_P173",25
"63143",-11129.611377473,"NRI_P173",50
"63144",-10900.188107473,"NRI_P173",100
"63145",-11267.997347473,"NRI_P173",25
"63146",-7144.20022747299,"NRI_P173",50
"63147",-9171.46145747299,"NRI_P173",100
"63148",90.2491225269623,"NRI_P173",25
"63149",-440.410737472994,"NRI_P173",50
"63150",-9054.19833747303,"NRI_P173",100
"63151",-246.394047473033,"NRI_P173",25
"63152",-452.001287473016,"NRI_P173",50
"63153",-11784.013957473,"NRI_P173",100
"63154",242.736322526995,"NRI_P173",25
"63155",1306.78592252696,"NRI_P173",50
"63156",-11215.360207473,"NRI_P173",100
"63157",-7249.23994747299,"NRI_P173",25
"63158",-9160.26654747303,"NRI_P173",50
"63159",-9135.45164747303,"NRI_P173",100
"63160",-11322.256217473,"NRI_P173",25
"63161",-99.6510174730211,"NRI_P173",50
"63162",-11461.675097473,"NRI_P173",100
"63163",-51.361877473013,"NRI_P173",25
"63164",-10371.032937473,"NRI_P173",50
"63165",-210.69558747299,"NRI_P173",100
"63166",-19.8575974730193,"NRI_P173",25
"63167",-11769.871527473,"NRI_P173",50
"63168",-11543.726617473,"NRI_P173",100
"63169",338.849522526958,"NRI_P173",25
"63170",-11239.090427473,"NRI_P173",50
"63171",-6401.01787747303,"NRI_P173",100
"63172",292.066702526994,"NRI_P173",25
"63173",363.816272526979,"NRI_P173",50
"63174",-11398.416997473,"NRI_P173",100
"63175",-38.1051474729902,"NRI_P173",25
"63176",-11300.797247473,"NRI_P173",50
"63177",-10285.647867473,"NRI_P173",100
"63178",-6059.048947473,"NRI_P173",25
"63179",-477.489087473019,"NRI_P173",50
"63180",-7109.998227473,"NRI_P173",100
"63181",-183.428447473038,"NRI_P173",25
"63182",-467.159647473018,"NRI_P173",50
"63183",-11782.845437473,"NRI_P173",100
"63184",-11304.113457473,"NRI_P173",25
"63185",-11290.680547473,"NRI_P173",50
"63186",-11023.022777473,"NRI_P173",100
"63187",-11299.079607473,"NRI_P173",25
"63188",-40.7878774729907,"NRI_P173",50
"63189",-10939.292817473,"NRI_P173",100
"63190",-469.837237472995,"NRI_P173",25
"63191",-11736.074847473,"NRI_P173",50
"63192",-11276.028447473,"NRI_P173",100
"63193",-876.287947473,"NRI_P173",25
"63194",-11529.528947473,"NRI_P173",50
"63195",-10530.202597473,"NRI_P173",100
"63196",-418.798197472992,"NRI_P173",25
"63197",55.2494025269989,"NRI_P173",50
"63198",-10909.586337473,"NRI_P173",100
"63199",-11286.586877473,"NRI_P173",25
"63200",-364.820247473021,"NRI_P173",50
"63201",-11789.854267473,"NRI_P173",100
"63202",-11209.890147473,"NRI_P173",25
"63203",-408.903977473034,"NRI_P173",50
"63204",-11097.808177473,"NRI_P173",100
"63205",22.1782325269887,"NRI_P173",25
"63206",-11214.665567473,"NRI_P173",50
"63207",-8007.52293747303,"NRI_P173",100
"63208",116.457652526966,"NRI_P173",25
"63209",-359.138317473,"NRI_P173",50
"63210",-8952.38959747303,"NRI_P173",100
"63211",-11312.437877473,"NRI_P173",25
"63212",-314.349897473003,"NRI_P173",50
"63213",-10799.809037473,"NRI_P173",100
"63214",322.740152526996,"NRI_P173",25
"63215",-10910.372097473,"NRI_P173",50
"63216",-6034.17729747301,"NRI_P173",100
"63217",-4099.27594747301,"NRI_P173",25
"63218",1725.95506252698,"NRI_P173",50
"63219",-10288.647297473,"NRI_P173",100
"63220",-11305.413467473,"NRI_P173",25
"63221",-173.944477473036,"NRI_P173",50
"63222",-6492.94992747303,"NRI_P173",100
"63223",17.0421825269586,"NRI_P173",25
"63224",-11271.940947473,"NRI_P173",50
"63225",-8645.04653747304,"NRI_P173",100
"63226",-10855.994547473,"NRI_P173",25
"63227",-40.2201574729988,"NRI_P173",50
"63228",-8374.575817473,"NRI_P173",100
"63229",-10.682587473013,"NRI_P173",25
"63230",-10917.790107473,"NRI_P173",50
"63231",-11167.506407473,"NRI_P173",100
"63232",913.644402526959,"NRI_P173",25
"63233",10476.851722527,"NRI_P173",50
"63234",-7965.77067747299,"NRI_P173",100
"63235",-47.7392774730106,"NRI_P173",25
"63236",-10881.010677473,"NRI_P173",50
"63237",-9861.90322747303,"NRI_P173",100
"63238",-37.1887074729893,"NRI_P173",25
"63239",-11207.901917473,"NRI_P173",50
"63240",-11773.404127473,"NRI_P173",100
"63241",506.138222526992,"NRI_P173",25
"63242",-139.88454747299,"NRI_P173",50
"63243",-10532.395427473,"NRI_P173",100
"63244",-11016.696047473,"NRI_P173",25
"63245",1668.146372527,"NRI_P173",50
"63246",-8611.69772747299,"NRI_P173",100
"63247",1052.36040252697,"NRI_P173",25
"63248",-11206.613477473,"NRI_P173",50
"63249",-9353.04562747304,"NRI_P173",100
"63250",-11.9154274730245,"NRI_P173",25
"63251",-10487.220097473,"NRI_P173",50
"63252",-10109.189437473,"NRI_P173",100
"63253",-11318.013487473,"NRI_P173",25
"63254",-11727.501537473,"NRI_P173",50
"63255",-11169.318327473,"NRI_P173",100
"63256",-426.66512747301,"NRI_P173",25
"63257",-11203.050147473,"NRI_P173",50
"63258",-9496.43668747303,"NRI_P173",100
"63259",164.202502526983,"NRI_P173",25
"63260",-11361.702027473,"NRI_P173",50
"63261",-11144.391427473,"NRI_P173",100
"63262",22.1782325269887,"NRI_P173",25
"63263",-11623.383857473,"NRI_P173",50
"63264",-11819.806937473,"NRI_P173",100
"63265",-340.070247473021,"NRI_P173",25
"63266",-11631.778327473,"NRI_P173",50
"63267",-10609.598967473,"NRI_P173",100
"63268",-23.6076874730061,"NRI_P173",25
"63269",-280.308307473024,"NRI_P173",50
"63270",-11444.465307473,"NRI_P173",100
"63271",9158.52522252698,"NRI_P173",25
"63272",10802.138132527,"NRI_P173",50
"63273",-11336.468997473,"NRI_P173",100
"63274",-2.67067747301189,"NRI_P173",25
"63275",-220.012967473012,"NRI_P173",50
"63276",2218.72579252697,"NRI_P173",100
"63277",102.944022526965,"NRI_P173",25
"63278",-9479.32304747304,"NRI_P173",50
"63279",-11518.605667473,"NRI_P173",100
"63280",-341.526047473017,"NRI_P173",25
"63281",-9229.76627747301,"NRI_P173",50
"63282",-1416.06794747303,"NRI_P173",100
"63283",-11236.602847473,"NRI_P173",25
"63284",3115.09715252701,"NRI_P173",50
"63285",-11720.687357473,"NRI_P173",100
"63286",569.031122526969,"NRI_P173",25
"63287",-11042.946097473,"NRI_P173",50
"63288",-11563.852377473,"NRI_P173",100
"63289",-446.045297473029,"NRI_P173",25
"63290",-10880.185557473,"NRI_P173",50
"63291",-10814.950627473,"NRI_P173",100
"63292",448.117222526984,"NRI_P173",25
"63293",930.246552527009,"NRI_P173",50
"63294",-9993.98488747299,"NRI_P173",100
"63295",-2.71867747302167,"NRI_P173",25
"63296",-7871.47499747301,"NRI_P173",50
"63297",-11691.212997473,"NRI_P173",100
"63298",-40.5228274730034,"NRI_P173",25
"63299",-424.695827473013,"NRI_P173",50
"63300",-10624.526467473,"NRI_P173",100
"63301",-74.3152866679593,"NRI_P174",25
"63302",3977.42296333204,"NRI_P174",50
"63303",3656.04188333201,"NRI_P174",100
"63304",-285.54362666799,"NRI_P174",25
"63305",1789.95443333202,"NRI_P174",50
"63306",2371.64157333202,"NRI_P174",100
"63307",877.929843332036,"NRI_P174",25
"63308",647.737283332041,"NRI_P174",50
"63309",1193.353953332,"NRI_P174",100
"63310",-180.446356667962,"NRI_P174",25
"63311",-198.261066667968,"NRI_P174",50
"63312",2872.02286333201,"NRI_P174",100
"63313",3418.90319333202,"NRI_P174",25
"63314",4648.731973332,"NRI_P174",50
"63315",4542.94064333203,"NRI_P174",100
"63316",433.57488333201,"NRI_P174",25
"63317",341.38235333201,"NRI_P174",50
"63318",77.2998733320273,"NRI_P174",100
"63319",-447.472066667979,"NRI_P174",25
"63320",-258.94782666798,"NRI_P174",50
"63321",7192.61720333202,"NRI_P174",100
"63322",117.965273332025,"NRI_P174",25
"63323",1106.34080333204,"NRI_P174",50
"63324",918.813173332019,"NRI_P174",100
"63325",-149.049306667992,"NRI_P174",25
"63326",3871.84822333202,"NRI_P174",50
"63327",4025.694913332,"NRI_P174",100
"63328",-510.768766667985,"NRI_P174",25
"63329",2582.32167333202,"NRI_P174",50
"63330",6908.57845333201,"NRI_P174",100
"63331",-354.718496667978,"NRI_P174",25
"63332",663.810423332034,"NRI_P174",50
"63333",1926.833413332,"NRI_P174",100
"63334",4754.695203332,"NRI_P174",25
"63335",-36.7260866679717,"NRI_P174",50
"63336",11059.844133332,"NRI_P174",100
"63337",385.920293332019,"NRI_P174",25
"63338",2753.59886333201,"NRI_P174",50
"63339",4586.115603332,"NRI_P174",100
"63340",-513.098586667969,"NRI_P174",25
"63341",2903.272793332,"NRI_P174",50
"63342",783.640233332,"NRI_P174",100
"63343",-107.928956667951,"NRI_P174",25
"63344",2632.64439333201,"NRI_P174",50
"63345",1354.65696333203,"NRI_P174",100
"63346",44.4040233319975,"NRI_P174",25
"63347",28.6789633320295,"NRI_P174",50
"63348",2339.62669333204,"NRI_P174",100
"63349",10.6834633320104,"NRI_P174",25
"63350",1009.98597333202,"NRI_P174",50
"63351",1813.093633332,"NRI_P174",100
"63352",1084.27725333202,"NRI_P174",25
"63353",2225.84504333202,"NRI_P174",50
"63354",7816.139163332,"NRI_P174",100
"63355",841.554653332045,"NRI_P174",25
"63356",-38.3165766680031,"NRI_P174",50
"63357",1135.14274333202,"NRI_P174",100
"63358",284.948453332006,"NRI_P174",25
"63359",75.1054633320309,"NRI_P174",50
"63360",4928.66089333204,"NRI_P174",100
"63361",-95.6714866679977,"NRI_P174",25
"63362",1384.64612333203,"NRI_P174",50
"63363",308.646803332027,"NRI_P174",100
"63364",106.594523332024,"NRI_P174",25
"63365",-19.5082066679606,"NRI_P174",50
"63366",3584.155453332,"NRI_P174",100
"63367",234.49503333203,"NRI_P174",25
"63368",1781.54799333203,"NRI_P174",50
"63369",5804.55251333205,"NRI_P174",100
"63370",-137.896716667979,"NRI_P174",25
"63371",2825.52190333203,"NRI_P174",50
"63372",4542.55459333205,"NRI_P174",100
"63373",-711.383006667951,"NRI_P174",25
"63374",-96.8999066679971,"NRI_P174",50
"63375",2678.10345333203,"NRI_P174",100
"63376",1955.32565333205,"NRI_P174",25
"63377",3429.86552333203,"NRI_P174",50
"63378",1322.04707333201,"NRI_P174",100
"63379",129.095003332011,"NRI_P174",25
"63380",622.548913332052,"NRI_P174",50
"63381",1653.63239333202,"NRI_P174",100
"63382",292.490813332028,"NRI_P174",25
"63383",1883.54284333205,"NRI_P174",50
"63384",2151.25323333201,"NRI_P174",100
"63385",2050.756763332,"NRI_P174",25
"63386",1687.80895333202,"NRI_P174",50
"63387",2742.62541333202,"NRI_P174",100
"63388",-146.51078666799,"NRI_P174",25
"63389",639.437473332044,"NRI_P174",50
"63390",4370.33008333202,"NRI_P174",100
"63391",687.771303332003,"NRI_P174",25
"63392",-483.046136667952,"NRI_P174",50
"63393",560.914443332003,"NRI_P174",100
"63394",2576.73360333202,"NRI_P174",25
"63395",-132.957816667971,"NRI_P174",50
"63396",5561.09274333203,"NRI_P174",100
"63397",-164.170106667967,"NRI_P174",25
"63398",-351.877086667984,"NRI_P174",50
"63399",3171.74039333203,"NRI_P174",100
"63400",275.567413331999,"NRI_P174",25
"63401",174.28416333202,"NRI_P174",50
"63402",5660.39503333205,"NRI_P174",100
"63403",-98.1560866679647,"NRI_P174",25
"63404",446.067653332022,"NRI_P174",50
"63405",1925.60431333201,"NRI_P174",100
"63406",2703.73675333202,"NRI_P174",25
"63407",2560.81178333203,"NRI_P174",50
"63408",5639.69870333205,"NRI_P174",100
"63409",4417.80185333203,"NRI_P174",25
"63410",4309.75287333201,"NRI_P174",50
"63411",5661.48322333203,"NRI_P174",100
"63412",1456.571663332,"NRI_P174",25
"63413",190.51827333204,"NRI_P174",50
"63414",5692.77149333205,"NRI_P174",100
"63415",-25.4723066680017,"NRI_P174",25
"63416",2845.92591333203,"NRI_P174",50
"63417",3018.68864333205,"NRI_P174",100
"63418",-102.511136667978,"NRI_P174",25
"63419",4092.38910333201,"NRI_P174",50
"63420",2400.60326333204,"NRI_P174",100
"63421",3461.54123333201,"NRI_P174",25
"63422",3949.34367333201,"NRI_P174",50
"63423",5448.243623332,"NRI_P174",100
"63424",243.379053332028,"NRI_P174",25
"63425",92.3588133320445,"NRI_P174",50
"63426",4724.076923332,"NRI_P174",100
"63427",514.455803332035,"NRI_P174",25
"63428",1814.06801333203,"NRI_P174",50
"63429",2996.999073332,"NRI_P174",100
"63430",-499.118636667961,"NRI_P174",25
"63431",1544.92591333203,"NRI_P174",50
"63432",2443.203543332,"NRI_P174",100
"63433",-7.8368266679463,"NRI_P174",25
"63434",2491.84820333205,"NRI_P174",50
"63435",5827.76548333204,"NRI_P174",100
"63436",425.433113332023,"NRI_P174",25
"63437",558.941783332033,"NRI_P174",50
"63438",-28.6887266679551,"NRI_P174",100
"63439",-64.3783066679607,"NRI_P174",25
"63440",4292.90010333201,"NRI_P174",50
"63441",4537.84432333201,"NRI_P174",100
"63442",-543.904786667961,"NRI_P174",25
"63443",2054.87984333205,"NRI_P174",50
"63444",2678.23731333204,"NRI_P174",100
"63445",7.1946533320006,"NRI_P174",25
"63446",-451.520906667982,"NRI_P174",50
"63447",1521.52170333202,"NRI_P174",100
"63448",637.524793332035,"NRI_P174",25
"63449",3637.61701333203,"NRI_P174",50
"63450",1203.80462333205,"NRI_P174",100
"63451",-55.0411966679967,"NRI_P174",25
"63452",645.124063332041,"NRI_P174",50
"63453",2410.81094333204,"NRI_P174",100
"63454",3797.29719333205,"NRI_P174",25
"63455",251.918273332005,"NRI_P174",50
"63456",628.20147333201,"NRI_P174",100
"63457",1880.34379333205,"NRI_P174",25
"63458",1307.23903333204,"NRI_P174",50
"63459",2716.43403333204,"NRI_P174",100
"63460",-257.779876667948,"NRI_P174",25
"63461",-493.596946667996,"NRI_P174",50
"63462",1620.95352333202,"NRI_P174",100
"63463",169.465663332026,"NRI_P174",25
"63464",3534.61020333203,"NRI_P174",50
"63465",-90.5948766679503,"NRI_P174",100
"63466",2035.51999333204,"NRI_P174",25
"63467",4531.98636333202,"NRI_P174",50
"63468",678.924263332039,"NRI_P174",100
"63469",830.542613332043,"NRI_P174",25
"63470",-485.203926667979,"NRI_P174",50
"63471",4776.49990333203,"NRI_P174",100
"63472",615.231633332034,"NRI_P174",25
"63473",1944.23592333205,"NRI_P174",50
"63474",2210.67052333202,"NRI_P174",100
"63475",246.522993332008,"NRI_P174",25
"63476",171.994473332015,"NRI_P174",50
"63477",5279.97756333201,"NRI_P174",100
"63478",-253.528406667989,"NRI_P174",25
"63479",932.463483332016,"NRI_P174",50
"63480",3386.46302333201,"NRI_P174",100
"63481",921.444963332033,"NRI_P174",25
"63482",5648.347303332,"NRI_P174",50
"63483",4454.000273332,"NRI_P174",100
"63484",80.8411133320187,"NRI_P174",25
"63485",129.121883332031,"NRI_P174",50
"63486",1431.56594333204,"NRI_P174",100
"63487",-142.559406667948,"NRI_P174",25
"63488",194.968333332043,"NRI_P174",50
"63489",5272.01596333203,"NRI_P174",100
"63490",459.074023332039,"NRI_P174",25
"63491",3846.79022333201,"NRI_P174",50
"63492",5747.49130333203,"NRI_P174",100
"63493",98.2279233320151,"NRI_P174",25
"63494",1319.12499333202,"NRI_P174",50
"63495",3208.40101333201,"NRI_P174",100
"63496",-61.5715066679986,"NRI_P174",25
"63497",937.128623332013,"NRI_P174",50
"63498",11137.950423332,"NRI_P174",100
"63499",372.359963332012,"NRI_P174",25
"63500",733.156013332016,"NRI_P174",50
"63501",8447.22582333203,"NRI_P174",100
"63502",4162.314333332,"NRI_P174",25
"63503",533.986223332002,"NRI_P174",50
"63504",8694.062743332,"NRI_P174",100
"63505",-187.871386667946,"NRI_P174",25
"63506",3464.671613332,"NRI_P174",50
"63507",3777.65738333203,"NRI_P174",100
"63508",3644.70356333203,"NRI_P174",25
"63509",982.356743331999,"NRI_P174",50
"63510",10706.861093332,"NRI_P174",100
"63511",311.939793332014,"NRI_P174",25
"63512",3736.58900333202,"NRI_P174",50
"63513",2484.10944333201,"NRI_P174",100
"63514",-33.6786866679904,"NRI_P174",25
"63515",-76.1642666679691,"NRI_P174",50
"63516",4214.61622333201,"NRI_P174",100
"63517",2677.97608333203,"NRI_P174",25
"63518",2119.03077333205,"NRI_P174",50
"63519",45.8453533319989,"NRI_P174",100
"63520",479.251433332043,"NRI_P174",25
"63521",6175.16967333201,"NRI_P174",50
"63522",10266.799723332,"NRI_P174",100
"63523",42.0001333320397,"NRI_P174",25
"63524",-89.4257166679599,"NRI_P174",50
"63525",1489.53807333205,"NRI_P174",100
"63526",2085.35565333202,"NRI_P174",25
"63527",3210.97880333202,"NRI_P174",50
"63528",2067.05569333205,"NRI_P174",100
"63529",1208.28821333201,"NRI_P174",25
"63530",3921.17929333204,"NRI_P174",50
"63531",868.878753332014,"NRI_P174",100
"63532",464.62242333201,"NRI_P174",25
"63533",6486.73276333202,"NRI_P174",50
"63534",6984.32884333201,"NRI_P174",100
"63535",364.403993332002,"NRI_P174",25
"63536",3920.66159333201,"NRI_P174",50
"63537",3340.99594333203,"NRI_P174",100
"63538",1922.32250333205,"NRI_P174",25
"63539",-182.312426667952,"NRI_P174",50
"63540",1982.00258333201,"NRI_P174",100
"63541",225.503123332048,"NRI_P174",25
"63542",427.045053332055,"NRI_P174",50
"63543",4094.86515333201,"NRI_P174",100
"63544",484.283763332001,"NRI_P174",25
"63545",1798.03760333202,"NRI_P174",50
"63546",5097.10923333204,"NRI_P174",100
"63547",-754.282026667963,"NRI_P174",25
"63548",497.776843332045,"NRI_P174",50
"63549",2584.744723332,"NRI_P174",100
"63550",423.444993332028,"NRI_P174",25
"63551",-299.959576667985,"NRI_P174",50
"63552",-588.64538666798,"NRI_P174",100
"63553",749.47630333202,"NRI_P174",25
"63554",5937.509163332,"NRI_P174",50
"63555",2364.79652333201,"NRI_P174",100
"63556",3869.17451333202,"NRI_P174",25
"63557",884.615143332048,"NRI_P174",50
"63558",3702.42595333204,"NRI_P174",100
"63559",80.2323633320048,"NRI_P174",25
"63560",-408.784206667973,"NRI_P174",50
"63561",2347.38951333205,"NRI_P174",100
"63562",45.2614733320079,"NRI_P174",25
"63563",2643.23461333202,"NRI_P174",50
"63564",4745.87638333201,"NRI_P174",100
"63565",-513.826216667949,"NRI_P174",25
"63566",2208.82616333204,"NRI_P174",50
"63567",3935.15216333204,"NRI_P174",100
"63568",1822.80464333203,"NRI_P174",25
"63569",-449.537446667964,"NRI_P174",50
"63570",3360.86592333205,"NRI_P174",100
"63571",3421.76029333204,"NRI_P174",25
"63572",444.278343332,"NRI_P174",50
"63573",368.098303332052,"NRI_P174",100
"63574",113.821023332013,"NRI_P174",25
"63575",1811.28384333203,"NRI_P174",50
"63576",3866.20236333204,"NRI_P174",100
"63577",1192.62371333205,"NRI_P174",25
"63578",4231.30394333205,"NRI_P174",50
"63579",137.251623332035,"NRI_P174",100
"63580",3310.94331333204,"NRI_P174",25
"63581",180.188393332006,"NRI_P174",50
"63582",1458.446633332,"NRI_P174",100
"63583",-211.20378666796,"NRI_P174",25
"63584",2155.48950333201,"NRI_P174",50
"63585",-647.627066667948,"NRI_P174",100
"63586",381.311553332023,"NRI_P174",25
"63587",-54.153616667958,"NRI_P174",50
"63588",3927.53991333203,"NRI_P174",100
"63589",-179.203176667972,"NRI_P174",25
"63590",2146.53901333205,"NRI_P174",50
"63591",3678.37299333204,"NRI_P174",100
"63592",-35.7837366680033,"NRI_P174",25
"63593",1148.61077333201,"NRI_P174",50
"63594",7114.90267333202,"NRI_P174",100
"63595",9.76334333204431,"NRI_P174",25
"63596",693.989643332025,"NRI_P174",50
"63597",9272.89745333203,"NRI_P174",100
"63598",140.542103332002,"NRI_P174",25
"63599",413.417683332053,"NRI_P174",50
"63600",1395.14058333205,"NRI_P174",100
"63601",-13.399640342046,"NRI_P175",25
"63602",-5227.898900342,"NRI_P175",50
"63603",-5413.75522034202,"NRI_P175",100
"63604",-3200.690600342,"NRI_P175",25
"63605",-3950.64907034201,"NRI_P175",50
"63606",-2276.06740034203,"NRI_P175",100
"63607",-4188.27940034203,"NRI_P175",25
"63608",-5979.42427034205,"NRI_P175",50
"63609",406.873599657963,"NRI_P175",100
"63610",-15.6284303420107,"NRI_P175",25
"63611",-3967.63130034204,"NRI_P175",50
"63612",-5402.66827034199,"NRI_P175",100
"63613",-2077.63940034201,"NRI_P175",25
"63614",-1728.685700342,"NRI_P175",50
"63615",-5982.486160342,"NRI_P175",100
"63616",-739.706600342004,"NRI_P175",25
"63617",-2132.055120342,"NRI_P175",50
"63618",1929.56729965797,"NRI_P175",100
"63619",-31.7928503419971,"NRI_P175",25
"63620",-1890.85658034199,"NRI_P175",50
"63621",-5187.521370342,"NRI_P175",100
"63622",-3528.32620034204,"NRI_P175",25
"63623",-1458.25860034203,"NRI_P175",50
"63624",-6228.49263034202,"NRI_P175",100
"63625",-16.9483003420173,"NRI_P175",25
"63626",3154.72339965799,"NRI_P175",50
"63627",-5561.97638034204,"NRI_P175",100
"63628",-1602.78200034203,"NRI_P175",25
"63629",-3535.50407034199,"NRI_P175",50
"63630",2156.48545965797,"NRI_P175",100
"63631",1978.84319965797,"NRI_P175",25
"63632",-6297.51508034201,"NRI_P175",50
"63633",-1186.67760034202,"NRI_P175",100
"63634",110.867299657955,"NRI_P175",25
"63635",21.0324996580021,"NRI_P175",50
"63636",-1425.08607034199,"NRI_P175",100
"63637",4071.93039965798,"NRI_P175",25
"63638",-1611.67930034205,"NRI_P175",50
"63639",5971.900649658,"NRI_P175",100
"63640",-4178.58540034201,"NRI_P175",25
"63641",8.90119965799386,"NRI_P175",50
"63642",-2843.277500342,"NRI_P175",100
"63643",179.320099657984,"NRI_P175",25
"63644",-4495.952800342,"NRI_P175",50
"63645",-6006.65400034201,"NRI_P175",100
"63646",-1554.86370034202,"NRI_P175",25
"63647",6203.64956965798,"NRI_P175",50
"63648",-6239.79560034204,"NRI_P175",100
"63649",-4154.97870034201,"NRI_P175",25
"63650",1787.91579965799,"NRI_P175",50
"63651",-5698.523350342,"NRI_P175",100
"63652",-4087.24650034204,"NRI_P175",25
"63653",-1691.03460034204,"NRI_P175",50
"63654",-731.770400342008,"NRI_P175",100
"63655",1004.900199658,"NRI_P175",25
"63656",-5782.43230034201,"NRI_P175",50
"63657",-3342.47006034199,"NRI_P175",100
"63658",-4152.37850034202,"NRI_P175",25
"63659",-3207.77727034199,"NRI_P175",50
"63660",-6176.611940342,"NRI_P175",100
"63661",-4014.873100342,"NRI_P175",25
"63662",-1974.13583034201,"NRI_P175",50
"63663",-6026.022600342,"NRI_P175",100
"63664",-9.51350034202915,"NRI_P175",25
"63665",-1915.04640034202,"NRI_P175",50
"63666",-6263.66567034204,"NRI_P175",100
"63667",-41.1009303420433,"NRI_P175",25
"63668",-1367.591300342,"NRI_P175",50
"63669",-4248.229800342,"NRI_P175",100
"63670",-1118.85660034203,"NRI_P175",25
"63671",-1017.47910034203,"NRI_P175",50
"63672",-6279.51295034203,"NRI_P175",100
"63673",-57.805490342027,"NRI_P175",25
"63674",262.477499658009,"NRI_P175",50
"63675",-5061.90123034205,"NRI_P175",100
"63676",-4176.80890034203,"NRI_P175",25
"63677",-4283.811120342,"NRI_P175",50
"63678",-3425.17670034204,"NRI_P175",100
"63679",-3671.728500342,"NRI_P175",25
"63680",-4355.214450342,"NRI_P175",50
"63681",-3840.35264034203,"NRI_P175",100
"63682",-3142.581600342,"NRI_P175",25
"63683",-3891.89850034204,"NRI_P175",50
"63684",-434.56507034204,"NRI_P175",100
"63685",35.5473996579531,"NRI_P175",25
"63686",-203.407780342037,"NRI_P175",50
"63687",-4769.45983034204,"NRI_P175",100
"63688",8834.53839965799,"NRI_P175",25
"63689",-2533.21793034201,"NRI_P175",50
"63690",-4901.79660034203,"NRI_P175",100
"63691",-2040.95240034204,"NRI_P175",25
"63692",1290.73619965796,"NRI_P175",50
"63693",-2565.499500342,"NRI_P175",100
"63694",-4154.25340034202,"NRI_P175",25
"63695",-6246.86044034205,"NRI_P175",50
"63696",-1888.302780342,"NRI_P175",100
"63697",-58.365070342028,"NRI_P175",25
"63698",-1281.95509034203,"NRI_P175",50
"63699",-3111.94943034201,"NRI_P175",100
"63700",-1668.59320034203,"NRI_P175",25
"63701",-2853.608140342,"NRI_P175",50
"63702",-3336.28638034203,"NRI_P175",100
"63703",-2016.39790034201,"NRI_P175",25
"63704",2466.536099658,"NRI_P175",50
"63705",-1653.66880034201,"NRI_P175",100
"63706",20.9178996579722,"NRI_P175",25
"63707",-5916.64120034204,"NRI_P175",50
"63708",7119.08069965796,"NRI_P175",100
"63709",-1989.73780034203,"NRI_P175",25
"63710",-2175.08045034204,"NRI_P175",50
"63711",-4004.29820034199,"NRI_P175",100
"63712",-135.415600342036,"NRI_P175",25
"63713",118.240199657972,"NRI_P175",50
"63714",-6165.263290342,"NRI_P175",100
"63715",-1882.32320034201,"NRI_P175",25
"63716",-6317.890560342,"NRI_P175",50
"63717",-4376.45930034202,"NRI_P175",100
"63718",-1946.45550034201,"NRI_P175",25
"63719",-6169.78705034201,"NRI_P175",50
"63720",-1093.13358034199,"NRI_P175",100
"63721",-1821.07840034203,"NRI_P175",25
"63722",-1851.57080034201,"NRI_P175",50
"63723",-6221.88147034199,"NRI_P175",100
"63724",-62.4654703420238,"NRI_P175",25
"63725",-3775.77681034204,"NRI_P175",50
"63726",-5456.48890034202,"NRI_P175",100
"63727",436.344799657993,"NRI_P175",25
"63728",-3381.48614034202,"NRI_P175",50
"63729",-6350.29053034203,"NRI_P175",100
"63730",-4221.10521034204,"NRI_P175",25
"63731",-2083.45618034201,"NRI_P175",50
"63732",-3465.30900034204,"NRI_P175",100
"63733",-1099.55660034204,"NRI_P175",25
"63734",-4289.869600342,"NRI_P175",50
"63735",-5944.046650342,"NRI_P175",100
"63736",-4154.90640034201,"NRI_P175",25
"63737",-4062.92820034199,"NRI_P175",50
"63738",-5238.05470034201,"NRI_P175",100
"63739",3641.373199658,"NRI_P175",25
"63740",-1414.98560034204,"NRI_P175",50
"63741",-6155.74748034199,"NRI_P175",100
"63742",-4217.503130342,"NRI_P175",25
"63743",-6159.933200342,"NRI_P175",50
"63744",1542.65543965797,"NRI_P175",100
"63745",-6.55040034203557,"NRI_P175",25
"63746",-1524.994400342,"NRI_P175",50
"63747",-1875.47420034203,"NRI_P175",100
"63748",59.2325996579602,"NRI_P175",25
"63749",-3460.12663034204,"NRI_P175",50
"63750",-4741.537300342,"NRI_P175",100
"63751",-2064.47393034201,"NRI_P175",25
"63752",-6225.36628034204,"NRI_P175",50
"63753",-2735.091720342,"NRI_P175",100
"63754",145.255199657986,"NRI_P175",25
"63755",-3775.39870034199,"NRI_P175",50
"63756",1937.55366965797,"NRI_P175",100
"63757",-3975.91030034202,"NRI_P175",25
"63758",-4086.47157034202,"NRI_P175",50
"63759",-2355.23910034203,"NRI_P175",100
"63760",-3656.32880034205,"NRI_P175",25
"63761",-1868.542400342,"NRI_P175",50
"63762",-5214.82940034202,"NRI_P175",100
"63763",1186.25719965796,"NRI_P175",25
"63764",-5722.64740034204,"NRI_P175",50
"63765",3163.454099658,"NRI_P175",100
"63766",-2086.07698034204,"NRI_P175",25
"63767",-4738.95150034199,"NRI_P175",50
"63768",-6205.275070342,"NRI_P175",100
"63769",-16.9994603419909,"NRI_P175",25
"63770",-3724.626800342,"NRI_P175",50
"63771",6830.988299658,"NRI_P175",100
"63772",-2093.03694034199,"NRI_P175",25
"63773",-4423.15213034203,"NRI_P175",50
"63774",-5649.56720034202,"NRI_P175",100
"63775",-4207.98133034201,"NRI_P175",25
"63776",-6164.20642034203,"NRI_P175",50
"63777",-3817.473700342,"NRI_P175",100
"63778",-1249.38110034203,"NRI_P175",25
"63779",1022.32619965798,"NRI_P175",50
"63780",-2212.85734034202,"NRI_P175",100
"63781",1186.25719965796,"NRI_P175",25
"63782",-3125.14203034202,"NRI_P175",50
"63783",-5217.87871034199,"NRI_P175",100
"63784",-2088.94127034204,"NRI_P175",25
"63785",-6244.99880034203,"NRI_P175",50
"63786",-3535.286980342,"NRI_P175",100
"63787",-31.7928503419971,"NRI_P175",25
"63788",-4963.71363034204,"NRI_P175",50
"63789",-3204.83210034203,"NRI_P175",100
"63790",-4194.256700342,"NRI_P175",25
"63791",-4108.67940034199,"NRI_P175",50
"63792",-3754.40970034205,"NRI_P175",100
"63793",1568.80119965796,"NRI_P175",25
"63794",-5514.28190034203,"NRI_P175",50
"63795",-4721.39448034205,"NRI_P175",100
"63796",-57.0101903420291,"NRI_P175",25
"63797",-295.008800342039,"NRI_P175",50
"63798",10232.391199658,"NRI_P175",100
"63799",-4185.73120034201,"NRI_P175",25
"63800",-3151.68380034203,"NRI_P175",50
"63801",-5821.75859034201,"NRI_P175",100
"63802",-1845.58800034202,"NRI_P175",25
"63803",7213.72759965796,"NRI_P175",50
"63804",-5885.66930034204,"NRI_P175",100
"63805",-347.988600342011,"NRI_P175",25
"63806",3331.21219965798,"NRI_P175",50
"63807",-4474.37920034199,"NRI_P175",100
"63808",-1845.58800034202,"NRI_P175",25
"63809",-1869.88640034205,"NRI_P175",50
"63810",-6173.674180342,"NRI_P175",100
"63811",-23.8200603420264,"NRI_P175",25
"63812",2200.67159965797,"NRI_P175",50
"63813",-5482.09949034202,"NRI_P175",100
"63814",169.412399658002,"NRI_P175",25
"63815",-2095.17837034201,"NRI_P175",50
"63816",-4614.95302034204,"NRI_P175",100
"63817",-2048.044700342,"NRI_P175",25
"63818",8021.732199658,"NRI_P175",50
"63819",-6104.614500342,"NRI_P175",100
"63820",-1966.06720034202,"NRI_P175",25
"63821",-6197.719900342,"NRI_P175",50
"63822",-3738.93667034199,"NRI_P175",100
"63823",49.5336996580008,"NRI_P175",25
"63824",-6229.961140342,"NRI_P175",50
"63825",-3787.27740034199,"NRI_P175",100
"63826",-4176.50760034204,"NRI_P175",25
"63827",2235.485899658,"NRI_P175",50
"63828",-5997.448680342,"NRI_P175",100
"63829",-673.073600342032,"NRI_P175",25
"63830",-3804.36040034203,"NRI_P175",50
"63831",-5404.08110034204,"NRI_P175",100
"63832",27.5180996579584,"NRI_P175",25
"63833",-3358.63863034203,"NRI_P175",50
"63834",-5006.07678034203,"NRI_P175",100
"63835",-2101.491870342,"NRI_P175",25
"63836",-6337.969090342,"NRI_P175",50
"63837",2561.44749965798,"NRI_P175",100
"63838",-1013.81160034204,"NRI_P175",25
"63839",-23.0013003420318,"NRI_P175",50
"63840",6416.47689965798,"NRI_P175",100
"63841",-2097.86601034203,"NRI_P175",25
"63842",-6229.35304034204,"NRI_P175",50
"63843",-5302.70230034203,"NRI_P175",100
"63844",534.124999657972,"NRI_P175",25
"63845",-2489.663700342,"NRI_P175",50
"63846",-5836.31038034201,"NRI_P175",100
"63847",-1667.17310034204,"NRI_P175",25
"63848",-632.45570034202,"NRI_P175",50
"63849",-5812.30380034202,"NRI_P175",100
"63850",52.6220996580087,"NRI_P175",25
"63851",7004.919669658,"NRI_P175",50
"63852",-5804.18620034202,"NRI_P175",100
"63853",-1668.59320034203,"NRI_P175",25
"63854",-6248.45150034199,"NRI_P175",50
"63855",-1900.90340034204,"NRI_P175",100
"63856",-3671.728500342,"NRI_P175",25
"63857",-2160.39592034201,"NRI_P175",50
"63858",-5693.30995034199,"NRI_P175",100
"63859",-2000.65780034201,"NRI_P175",25
"63860",-5401.74000034202,"NRI_P175",50
"63861",-6175.50783034205,"NRI_P175",100
"63862",-4.91790034202859,"NRI_P175",25
"63863",-4158.59840034205,"NRI_P175",50
"63864",-6322.51137034199,"NRI_P175",100
"63865",-1682.057000342,"NRI_P175",25
"63866",-1641.73770034203,"NRI_P175",50
"63867",13234.591999658,"NRI_P175",100
"63868",1598.24639965798,"NRI_P175",25
"63869",-5226.48540034203,"NRI_P175",50
"63870",-3758.724900342,"NRI_P175",100
"63871",9.69199965795269,"NRI_P175",25
"63872",-1906.201600342,"NRI_P175",50
"63873",-1261.982950342,"NRI_P175",100
"63874",-1917.79620034201,"NRI_P175",25
"63875",-4107.089970342,"NRI_P175",50
"63876",-5606.11507034203,"NRI_P175",100
"63877",38.0752996579977,"NRI_P175",25
"63878",-6341.45618034201,"NRI_P175",50
"63879",-6270.34863034199,"NRI_P175",100
"63880",-1641.35280034202,"NRI_P175",25
"63881",-3601.98182034201,"NRI_P175",50
"63882",-5428.65520034201,"NRI_P175",100
"63883",-2088.94127034204,"NRI_P175",25
"63884",-1219.39930034202,"NRI_P175",50
"63885",-4412.92516034201,"NRI_P175",100
"63886",-4231.68263034202,"NRI_P175",25
"63887",6528.497259658,"NRI_P175",50
"63888",-5178.44160034199,"NRI_P175",100
"63889",-4016.87230034202,"NRI_P175",25
"63890",-1781.41494034202,"NRI_P175",50
"63891",-6228.88661034202,"NRI_P175",100
"63892",-4057.146400342,"NRI_P175",25
"63893",-3893.20430034201,"NRI_P175",50
"63894",-4974.61110034201,"NRI_P175",100
"63895",318.363199657993,"NRI_P175",25
"63896",-1593.11060034204,"NRI_P175",50
"63897",-1981.35390034202,"NRI_P175",100
"63898",-3872.09060034202,"NRI_P175",25
"63899",-2075.53551034204,"NRI_P175",50
"63900",-5884.51613034203,"NRI_P175",100
"63901",0.00150557901361026,"NRI_P176",25
"63902",-2481.38555442099,"NRI_P176",50
"63903",-1734.603124421,"NRI_P176",100
"63904",0.00150557901361026,"NRI_P176",25
"63905",-1861.30239442099,"NRI_P176",50
"63906",-2476.51869442099,"NRI_P176",100
"63907",0.00150557901361026,"NRI_P176",25
"63908",-380.824764421006,"NRI_P176",50
"63909",-548.046984421002,"NRI_P176",100
"63910",0.00150557901361026,"NRI_P176",25
"63911",-362.873464420991,"NRI_P176",50
"63912",-2762.69832442101,"NRI_P176",100
"63913",0.00150557901361026,"NRI_P176",25
"63914",-1524.225494421,"NRI_P176",50
"63915",267.987255579006,"NRI_P176",100
"63916",0.00150557901361026,"NRI_P176",25
"63917",-1850.441194421,"NRI_P176",50
"63918",927.584505578998,"NRI_P176",100
"63919",0.00150557901361026,"NRI_P176",25
"63920",-2536.74237442101,"NRI_P176",50
"63921",-2889.368664421,"NRI_P176",100
"63922",0.00150557901361026,"NRI_P176",25
"63923",-414.332934420992,"NRI_P176",50
"63924",-2835.23491442099,"NRI_P176",100
"63925",0.00150557901361026,"NRI_P176",25
"63926",2816.94680557901,"NRI_P176",50
"63927",-1534.509611421,"NRI_P176",100
"63928",0.00150557901361026,"NRI_P176",25
"63929",-2277.45999442099,"NRI_P176",50
"63930",-2340.99239442099,"NRI_P176",100
"63931",0.00150557901361026,"NRI_P176",25
"63932",-913.942494421004,"NRI_P176",50
"63933",-2867.45721442101,"NRI_P176",100
"63934",0.00150557901361026,"NRI_P176",25
"63935",-2393.28709442099,"NRI_P176",50
"63936",-2413.863994421,"NRI_P176",100
"63937",0.00150557901361026,"NRI_P176",25
"63938",-2531.83841442098,"NRI_P176",50
"63939",-1033.45619442099,"NRI_P176",100
"63940",0.00150557901361026,"NRI_P176",25
"63941",-1962.53049442099,"NRI_P176",50
"63942",-2815.43768442099,"NRI_P176",100
"63943",0.00150557901361026,"NRI_P176",25
"63944",-333.684994420997,"NRI_P176",50
"63945",-343.905694421002,"NRI_P176",100
"63946",0.00150557901361026,"NRI_P176",25
"63947",-2525.51689442099,"NRI_P176",50
"63948",-2230.09626442101,"NRI_P176",100
"63949",0.00150557901361026,"NRI_P176",25
"63950",98.9839055789926,"NRI_P176",50
"63951",-2738.81269442101,"NRI_P176",100
"63952",0.00150557901361026,"NRI_P176",25
"63953",-283.938194421004,"NRI_P176",50
"63954",-2335.90719442099,"NRI_P176",100
"63955",0.00150557901361026,"NRI_P176",25
"63956",-367.221254420991,"NRI_P176",50
"63957",-2033.290494421,"NRI_P176",100
"63958",0.00150557901361026,"NRI_P176",25
"63959",-2437.90369442099,"NRI_P176",50
"63960",-2923.708084421,"NRI_P176",100
"63961",0.00150557901361026,"NRI_P176",25
"63962",-2065.46599442099,"NRI_P176",50
"63963",-1160.465984421,"NRI_P176",100
"63964",0.00150557901361026,"NRI_P176",25
"63965",-1849.26999442099,"NRI_P176",50
"63966",83.5038755789865,"NRI_P176",100
"63967",0.00150557901361026,"NRI_P176",25
"63968",-2405.79769442099,"NRI_P176",50
"63969",-2929.368534421,"NRI_P176",100
"63970",0.00150557901361026,"NRI_P176",25
"63971",-380.171694421006,"NRI_P176",50
"63972",-1585.45979442101,"NRI_P176",100
"63973",0.00150557901361026,"NRI_P176",25
"63974",-79.2924944210099,"NRI_P176",50
"63975",-1751.17759442099,"NRI_P176",100
"63976",0.00150557901361026,"NRI_P176",25
"63977",46.4127055789868,"NRI_P176",50
"63978",-814.754794420995,"NRI_P176",100
"63979",0.00150557901361026,"NRI_P176",25
"63980",3156.27680557899,"NRI_P176",50
"63981",-2334.519564421,"NRI_P176",100
"63982",0.00150557901361026,"NRI_P176",25
"63983",140.357505579013,"NRI_P176",50
"63984",-2765.39369442099,"NRI_P176",100
"63985",0.00150557901361026,"NRI_P176",25
"63986",589.938805579004,"NRI_P176",50
"63987",-2582.93729442099,"NRI_P176",100
"63988",0.00150557901361026,"NRI_P176",25
"63989",-317.542894421,"NRI_P176",50
"63990",-2758.03518442099,"NRI_P176",100
"63991",0.00150557901361026,"NRI_P176",25
"63992",1978.289805579,"NRI_P176",50
"63993",-2472.73674442101,"NRI_P176",100
"63994",0.00150557901361026,"NRI_P176",25
"63995",-265.830894421,"NRI_P176",50
"63996",-465.321194421005,"NRI_P176",100
"63997",0.00150557901361026,"NRI_P176",25
"63998",102.477005579014,"NRI_P176",50
"63999",-1902.58327442099,"NRI_P176",100
"64000",0.00150557901361026,"NRI_P176",25
"64001",63.872605579003,"NRI_P176",50
"64002",-1699.05713442099,"NRI_P176",100
"64003",0.00150557901361026,"NRI_P176",25
"64004",307.411005578993,"NRI_P176",50
"64005",-2621.107014421,"NRI_P176",100
"64006",0.00150557901361026,"NRI_P176",25
"64007",-1769.98429442101,"NRI_P176",50
"64008",-2621.51089442099,"NRI_P176",100
"64009",0.00150557901361026,"NRI_P176",25
"64010",-2077.66199442101,"NRI_P176",50
"64011",-1940.283304421,"NRI_P176",100
"64012",0.00150557901361026,"NRI_P176",25
"64013",-154.069094420993,"NRI_P176",50
"64014",-2922.527472421,"NRI_P176",100
"64015",0.00150557901361026,"NRI_P176",25
"64016",-418.553594421013,"NRI_P176",50
"64017",-2600.15526442099,"NRI_P176",100
"64018",0.00150557901361026,"NRI_P176",25
"64019",-1015.14349442101,"NRI_P176",50
"64020",-2550.88326442099,"NRI_P176",100
"64021",0.00150557901361026,"NRI_P176",25
"64022",-2431.838294421,"NRI_P176",50
"64023",-1365.931814421,"NRI_P176",100
"64024",0.00150557901361026,"NRI_P176",25
"64025",-2140.764194421,"NRI_P176",50
"64026",-2337.95754442099,"NRI_P176",100
"64027",0.00150557901361026,"NRI_P176",25
"64028",-2332.10689442101,"NRI_P176",50
"64029",-2659.71036442099,"NRI_P176",100
"64030",0.00150557901361026,"NRI_P176",25
"64031",-392.040474420995,"NRI_P176",50
"64032",-2302.85199442101,"NRI_P176",100
"64033",0.00150557901361026,"NRI_P176",25
"64034",702.782505579002,"NRI_P176",50
"64035",-1548.44469442099,"NRI_P176",100
"64036",0.00150557901361026,"NRI_P176",25
"64037",-2521.322424421,"NRI_P176",50
"64038",-2561.10298442101,"NRI_P176",100
"64039",0.00150557901361026,"NRI_P176",25
"64040",-376.183864421007,"NRI_P176",50
"64041",-2902.593694421,"NRI_P176",100
"64042",0.00150557901361026,"NRI_P176",25
"64043",-2419.020794421,"NRI_P176",50
"64044",-649.17749442099,"NRI_P176",100
"64045",0.00150557901361026,"NRI_P176",25
"64046",-2526.33528442099,"NRI_P176",50
"64047",-2824.85704442099,"NRI_P176",100
"64048",0.00150557901361026,"NRI_P176",25
"64049",874.990505579015,"NRI_P176",50
"64050",-2809.21674442099,"NRI_P176",100
"64051",0.00150557901361026,"NRI_P176",25
"64052",1984.482805579,"NRI_P176",50
"64053",-1328.152464421,"NRI_P176",100
"64054",0.00150557901361026,"NRI_P176",25
"64055",15.2571055789886,"NRI_P176",50
"64056",673.307235579006,"NRI_P176",100
"64057",0.00150557901361026,"NRI_P176",25
"64058",-1164.53849442099,"NRI_P176",50
"64059",-1342.35139442101,"NRI_P176",100
"64060",0.00150557901361026,"NRI_P176",25
"64061",-360.711264420999,"NRI_P176",50
"64062",-2793.72152442101,"NRI_P176",100
"64063",0.00150557901361026,"NRI_P176",25
"64064",344.180005578994,"NRI_P176",50
"64065",-234.585194421001,"NRI_P176",100
"64066",0.00150557901361026,"NRI_P176",25
"64067",-2421.731094421,"NRI_P176",50
"64068",-672.467394420994,"NRI_P176",100
"64069",0.00150557901361026,"NRI_P176",25
"64070",-2104.683794421,"NRI_P176",50
"64071",-1876.84819442101,"NRI_P176",100
"64072",0.00150557901361026,"NRI_P176",25
"64073",48.6983055789897,"NRI_P176",50
"64074",-2407.50049442099,"NRI_P176",100
"64075",0.00150557901361026,"NRI_P176",25
"64076",-2225.107294421,"NRI_P176",50
"64077",-298.280594420998,"NRI_P176",100
"64078",0.00150557901361026,"NRI_P176",25
"64079",-364.643634420994,"NRI_P176",50
"64080",-2090.86369442099,"NRI_P176",100
"64081",0.00150557901361026,"NRI_P176",25
"64082",-110.942994420999,"NRI_P176",50
"64083",1483.00580557901,"NRI_P176",100
"64084",0.00150557901361026,"NRI_P176",25
"64085",258.281005578989,"NRI_P176",50
"64086",-2800.446724421,"NRI_P176",100
"64087",0.00150557901361026,"NRI_P176",25
"64088",-965.277494420996,"NRI_P176",50
"64089",-1009.322994421,"NRI_P176",100
"64090",0.00150557901361026,"NRI_P176",25
"64091",-657.692494421004,"NRI_P176",50
"64092",-2058.453394421,"NRI_P176",100
"64093",0.00150557901361026,"NRI_P176",25
"64094",-2065.46599442099,"NRI_P176",50
"64095",-2579.93979442099,"NRI_P176",100
"64096",0.00150557901361026,"NRI_P176",25
"64097",-2486.80202442099,"NRI_P176",50
"64098",-2752.06006442101,"NRI_P176",100
"64099",0.00150557901361026,"NRI_P176",25
"64100",-259.060894421011,"NRI_P176",50
"64101",-856.327464420989,"NRI_P176",100
"64102",0.00150557901361026,"NRI_P176",25
"64103",-1140.187494421,"NRI_P176",50
"64104",-1631.779994421,"NRI_P176",100
"64105",0.00150557901361026,"NRI_P176",25
"64106",-1555.31849442099,"NRI_P176",50
"64107",-2825.090874421,"NRI_P176",100
"64108",0.00150557901361026,"NRI_P176",25
"64109",-2490.613474421,"NRI_P176",50
"64110",-1048.121474421,"NRI_P176",100
"64111",0.00150557901361026,"NRI_P176",25
"64112",-79.2924944210099,"NRI_P176",50
"64113",-2604.06779442099,"NRI_P176",100
"64114",0.00150557901361026,"NRI_P176",25
"64115",-256.462494420994,"NRI_P176",50
"64116",-1964.25149442101,"NRI_P176",100
"64117",0.00150557901361026,"NRI_P176",25
"64118",-1309.948494421,"NRI_P176",50
"64119",-2774.760444421,"NRI_P176",100
"64120",0.00150557901361026,"NRI_P176",25
"64121",220.830605578987,"NRI_P176",50
"64122",-2886.78431442101,"NRI_P176",100
"64123",0.00150557901361026,"NRI_P176",25
"64124",2097.60980557901,"NRI_P176",50
"64125",-2617.38679442101,"NRI_P176",100
"64126",0.00150557901361026,"NRI_P176",25
"64127",-2519.12927442099,"NRI_P176",50
"64128",-2459.78977442099,"NRI_P176",100
"64129",0.00150557901361026,"NRI_P176",25
"64130",-59.7369944209931,"NRI_P176",50
"64131",-1405.54429442101,"NRI_P176",100
"64132",0.00150557901361026,"NRI_P176",25
"64133",-945.058494421013,"NRI_P176",50
"64134",-2765.94413442101,"NRI_P176",100
"64135",0.00150557901361026,"NRI_P176",25
"64136",-283.938194421004,"NRI_P176",50
"64137",-2790.14447442099,"NRI_P176",100
"64138",0.00150557901361026,"NRI_P176",25
"64139",-417.67411442101,"NRI_P176",50
"64140",-2834.54687442101,"NRI_P176",100
"64141",0.00150557901361026,"NRI_P176",25
"64142",-127.459894420987,"NRI_P176",50
"64143",-1635.05419442101,"NRI_P176",100
"64144",0.00150557901361026,"NRI_P176",25
"64145",-2077.144694421,"NRI_P176",50
"64146",-2186.279494421,"NRI_P176",100
"64147",0.00150557901361026,"NRI_P176",25
"64148",220.830605578987,"NRI_P176",50
"64149",-2537.255494421,"NRI_P176",100
"64150",0.00150557901361026,"NRI_P176",25
"64151",-2225.107294421,"NRI_P176",50
"64152",-1829.14869442099,"NRI_P176",100
"64153",0.00150557901361026,"NRI_P176",25
"64154",-1242.605494421,"NRI_P176",50
"64155",-2538.92989442099,"NRI_P176",100
"64156",0.00150557901361026,"NRI_P176",25
"64157",487.708905578998,"NRI_P176",50
"64158",-2764.200654421,"NRI_P176",100
"64159",0.00150557901361026,"NRI_P176",25
"64160",-2481.38555442099,"NRI_P176",50
"64161",-1228.391124421,"NRI_P176",100
"64162",0.00150557901361026,"NRI_P176",25
"64163",-390.434284421004,"NRI_P176",50
"64164",-2475.127394421,"NRI_P176",100
"64165",0.00150557901361026,"NRI_P176",25
"64166",-331.733894420991,"NRI_P176",50
"64167",-2263.70359442101,"NRI_P176",100
"64168",0.00150557901361026,"NRI_P176",25
"64169",-217.942594421009,"NRI_P176",50
"64170",-1650.74082442099,"NRI_P176",100
"64171",0.00150557901361026,"NRI_P176",25
"64172",-2494.33599442101,"NRI_P176",50
"64173",471.662925579003,"NRI_P176",100
"64174",0.00150557901361026,"NRI_P176",25
"64175",2554.56880557901,"NRI_P176",50
"64176",-2269.76632442101,"NRI_P176",100
"64177",0.00150557901361026,"NRI_P176",25
"64178",-411.352594421012,"NRI_P176",50
"64179",3.0198055790097,"NRI_P176",100
"64180",0.00150557901361026,"NRI_P176",25
"64181",550.983805578988,"NRI_P176",50
"64182",-1727.19981442101,"NRI_P176",100
"64183",0.00150557901361026,"NRI_P176",25
"64184",-279.122794421011,"NRI_P176",50
"64185",-2502.48632442101,"NRI_P176",100
"64186",0.00150557901361026,"NRI_P176",25
"64187",-412.170984421013,"NRI_P176",50
"64188",-2479.59909442099,"NRI_P176",100
"64189",0.00150557901361026,"NRI_P176",25
"64190",508.709105579008,"NRI_P176",50
"64191",-2535.29879442099,"NRI_P176",100
"64192",0.00150557901361026,"NRI_P176",25
"64193",-309.806994421,"NRI_P176",50
"64194",-2724.274724421,"NRI_P176",100
"64195",0.00150557901361026,"NRI_P176",25
"64196",-321.692994420999,"NRI_P176",50
"64197",-2847.51410442099,"NRI_P176",100
"64198",0.00150557901361026,"NRI_P176",25
"64199",59.3410055789864,"NRI_P176",50
"64200",-2918.41592442099,"NRI_P176",100
"64201",-0.000110103203041945,"NRI_P177",25
"64202",-0.000110103203041945,"NRI_P177",50
"64203",-0.000110103203041945,"NRI_P177",100
"64204",-0.000110103203041945,"NRI_P177",25
"64205",-0.000110103203041945,"NRI_P177",50
"64206",-0.000110103203041945,"NRI_P177",100
"64207",-0.000110103203041945,"NRI_P177",25
"64208",-0.000110103203041945,"NRI_P177",50
"64209",-0.000110103203041945,"NRI_P177",100
"64210",-0.000110103203041945,"NRI_P177",25
"64211",-0.000110103203041945,"NRI_P177",50
"64212",-0.000110103203041945,"NRI_P177",100
"64213",-0.000110103203041945,"NRI_P177",25
"64214",-0.000110103203041945,"NRI_P177",50
"64215",-0.000110103203041945,"NRI_P177",100
"64216",-0.000110103203041945,"NRI_P177",25
"64217",-0.000110103203041945,"NRI_P177",50
"64218",-0.000110103203041945,"NRI_P177",100
"64219",-0.000110103203041945,"NRI_P177",25
"64220",-0.000110103203041945,"NRI_P177",50
"64221",-0.000110103203041945,"NRI_P177",100
"64222",-0.000110103203041945,"NRI_P177",25
"64223",-0.000110103203041945,"NRI_P177",50
"64224",-0.000110103203041945,"NRI_P177",100
"64225",-0.000110103203041945,"NRI_P177",25
"64226",-0.000110103203041945,"NRI_P177",50
"64227",-0.000110103203041945,"NRI_P177",100
"64228",-0.000110103203041945,"NRI_P177",25
"64229",-0.000110103203041945,"NRI_P177",50
"64230",-0.000110103203041945,"NRI_P177",100
"64231",-0.000110103203041945,"NRI_P177",25
"64232",-0.000110103203041945,"NRI_P177",50
"64233",-0.000110103203041945,"NRI_P177",100
"64234",-0.000110103203041945,"NRI_P177",25
"64235",-0.000110103203041945,"NRI_P177",50
"64236",-0.000110103203041945,"NRI_P177",100
"64237",-0.000110103203041945,"NRI_P177",25
"64238",-0.000110103203041945,"NRI_P177",50
"64239",-0.000110103203041945,"NRI_P177",100
"64240",-0.000110103203041945,"NRI_P177",25
"64241",-0.000110103203041945,"NRI_P177",50
"64242",-0.000110103203041945,"NRI_P177",100
"64243",-0.000110103203041945,"NRI_P177",25
"64244",-0.000110103203041945,"NRI_P177",50
"64245",-0.000110103203041945,"NRI_P177",100
"64246",-0.000110103203041945,"NRI_P177",25
"64247",-0.000110103203041945,"NRI_P177",50
"64248",-0.000110103203041945,"NRI_P177",100
"64249",-0.000110103203041945,"NRI_P177",25
"64250",-0.000110103203041945,"NRI_P177",50
"64251",-0.000110103203041945,"NRI_P177",100
"64252",-0.000110103203041945,"NRI_P177",25
"64253",-0.000110103203041945,"NRI_P177",50
"64254",-0.000110103203041945,"NRI_P177",100
"64255",-0.000110103203041945,"NRI_P177",25
"64256",-0.000110103203041945,"NRI_P177",50
"64257",-0.000110103203041945,"NRI_P177",100
"64258",-0.000110103203041945,"NRI_P177",25
"64259",-0.000110103203041945,"NRI_P177",50
"64260",-0.000110103203041945,"NRI_P177",100
"64261",-0.000110103203041945,"NRI_P177",25
"64262",-0.000110103203041945,"NRI_P177",50
"64263",-0.000110103203041945,"NRI_P177",100
"64264",-0.000110103203041945,"NRI_P177",25
"64265",-0.000110103203041945,"NRI_P177",50
"64266",-0.000110103203041945,"NRI_P177",100
"64267",-0.000110103203041945,"NRI_P177",25
"64268",-0.000110103203041945,"NRI_P177",50
"64269",-0.000110103203041945,"NRI_P177",100
"64270",-0.000110103203041945,"NRI_P177",25
"64271",-0.000110103203041945,"NRI_P177",50
"64272",-0.000110103203041945,"NRI_P177",100
"64273",-0.000110103203041945,"NRI_P177",25
"64274",-0.000110103203041945,"NRI_P177",50
"64275",-0.000110103203041945,"NRI_P177",100
"64276",-0.000110103203041945,"NRI_P177",25
"64277",-0.000110103203041945,"NRI_P177",50
"64278",-0.000110103203041945,"NRI_P177",100
"64279",-0.000110103203041945,"NRI_P177",25
"64280",-0.000110103203041945,"NRI_P177",50
"64281",-0.000110103203041945,"NRI_P177",100
"64282",-0.000110103203041945,"NRI_P177",25
"64283",-0.000110103203041945,"NRI_P177",50
"64284",-0.000110103203041945,"NRI_P177",100
"64285",-0.000110103203041945,"NRI_P177",25
"64286",-0.000110103203041945,"NRI_P177",50
"64287",-0.000110103203041945,"NRI_P177",100
"64288",-0.000110103203041945,"NRI_P177",25
"64289",-0.000110103203041945,"NRI_P177",50
"64290",-0.000110103203041945,"NRI_P177",100
"64291",-0.000110103203041945,"NRI_P177",25
"64292",-0.000110103203041945,"NRI_P177",50
"64293",-0.000110103203041945,"NRI_P177",100
"64294",-0.000110103203041945,"NRI_P177",25
"64295",-0.000110103203041945,"NRI_P177",50
"64296",-0.000110103203041945,"NRI_P177",100
"64297",-0.000110103203041945,"NRI_P177",25
"64298",-0.000110103203041945,"NRI_P177",50
"64299",-0.000110103203041945,"NRI_P177",100
"64300",-0.000110103203041945,"NRI_P177",25
"64301",-0.000110103203041945,"NRI_P177",50
"64302",-0.000110103203041945,"NRI_P177",100
"64303",-0.000110103203041945,"NRI_P177",25
"64304",-0.000110103203041945,"NRI_P177",50
"64305",-0.000110103203041945,"NRI_P177",100
"64306",-0.000110103203041945,"NRI_P177",25
"64307",-0.000110103203041945,"NRI_P177",50
"64308",-0.000110103203041945,"NRI_P177",100
"64309",-0.000110103203041945,"NRI_P177",25
"64310",-0.000110103203041945,"NRI_P177",50
"64311",-0.000110103203041945,"NRI_P177",100
"64312",-0.000110103203041945,"NRI_P177",25
"64313",-0.000110103203041945,"NRI_P177",50
"64314",-0.000110103203041945,"NRI_P177",100
"64315",-0.000110103203041945,"NRI_P177",25
"64316",-0.000110103203041945,"NRI_P177",50
"64317",-0.000110103203041945,"NRI_P177",100
"64318",-0.000110103203041945,"NRI_P177",25
"64319",-0.000110103203041945,"NRI_P177",50
"64320",-0.000110103203041945,"NRI_P177",100
"64321",-0.000110103203041945,"NRI_P177",25
"64322",-0.000110103203041945,"NRI_P177",50
"64323",-0.000110103203041945,"NRI_P177",100
"64324",-0.000110103203041945,"NRI_P177",25
"64325",-0.000110103203041945,"NRI_P177",50
"64326",-0.000110103203041945,"NRI_P177",100
"64327",-0.000110103203041945,"NRI_P177",25
"64328",-0.000110103203041945,"NRI_P177",50
"64329",-0.000110103203041945,"NRI_P177",100
"64330",-0.000110103203041945,"NRI_P177",25
"64331",-0.000110103203041945,"NRI_P177",50
"64332",-0.000110103203041945,"NRI_P177",100
"64333",-0.000110103203041945,"NRI_P177",25
"64334",-0.000110103203041945,"NRI_P177",50
"64335",-0.000110103203041945,"NRI_P177",100
"64336",-0.000110103203041945,"NRI_P177",25
"64337",-0.000110103203041945,"NRI_P177",50
"64338",-0.000110103203041945,"NRI_P177",100
"64339",-0.000110103203041945,"NRI_P177",25
"64340",-0.000110103203041945,"NRI_P177",50
"64341",-0.000110103203041945,"NRI_P177",100
"64342",-0.000110103203041945,"NRI_P177",25
"64343",-0.000110103203041945,"NRI_P177",50
"64344",-0.000110103203041945,"NRI_P177",100
"64345",-0.000110103203041945,"NRI_P177",25
"64346",-0.000110103203041945,"NRI_P177",50
"64347",-0.000110103203041945,"NRI_P177",100
"64348",-0.000110103203041945,"NRI_P177",25
"64349",-0.000110103203041945,"NRI_P177",50
"64350",-0.000110103203041945,"NRI_P177",100
"64351",-0.000110103203041945,"NRI_P177",25
"64352",-0.000110103203041945,"NRI_P177",50
"64353",-0.000110103203041945,"NRI_P177",100
"64354",-0.000110103203041945,"NRI_P177",25
"64355",-0.000110103203041945,"NRI_P177",50
"64356",-0.000110103203041945,"NRI_P177",100
"64357",-0.000110103203041945,"NRI_P177",25
"64358",-0.000110103203041945,"NRI_P177",50
"64359",-0.000110103203041945,"NRI_P177",100
"64360",-0.000110103203041945,"NRI_P177",25
"64361",-0.000110103203041945,"NRI_P177",50
"64362",-0.000110103203041945,"NRI_P177",100
"64363",-0.000110103203041945,"NRI_P177",25
"64364",-0.000110103203041945,"NRI_P177",50
"64365",-0.000110103203041945,"NRI_P177",100
"64366",-0.000110103203041945,"NRI_P177",25
"64367",-0.000110103203041945,"NRI_P177",50
"64368",-0.000110103203041945,"NRI_P177",100
"64369",-0.000110103203041945,"NRI_P177",25
"64370",-0.000110103203041945,"NRI_P177",50
"64371",-0.000110103203041945,"NRI_P177",100
"64372",-0.000110103203041945,"NRI_P177",25
"64373",-0.000110103203041945,"NRI_P177",50
"64374",-0.000110103203041945,"NRI_P177",100
"64375",-0.000110103203041945,"NRI_P177",25
"64376",-0.000110103203041945,"NRI_P177",50
"64377",-0.000110103203041945,"NRI_P177",100
"64378",-0.000110103203041945,"NRI_P177",25
"64379",-0.000110103203041945,"NRI_P177",50
"64380",-0.000110103203041945,"NRI_P177",100
"64381",-0.000110103203041945,"NRI_P177",25
"64382",-0.000110103203041945,"NRI_P177",50
"64383",-0.000110103203041945,"NRI_P177",100
"64384",-0.000110103203041945,"NRI_P177",25
"64385",-0.000110103203041945,"NRI_P177",50
"64386",-0.000110103203041945,"NRI_P177",100
"64387",-0.000110103203041945,"NRI_P177",25
"64388",-0.000110103203041945,"NRI_P177",50
"64389",-0.000110103203041945,"NRI_P177",100
"64390",-0.000110103203041945,"NRI_P177",25
"64391",-0.000110103203041945,"NRI_P177",50
"64392",-0.000110103203041945,"NRI_P177",100
"64393",-0.000110103203041945,"NRI_P177",25
"64394",-0.000110103203041945,"NRI_P177",50
"64395",-0.000110103203041945,"NRI_P177",100
"64396",-0.000110103203041945,"NRI_P177",25
"64397",-0.000110103203041945,"NRI_P177",50
"64398",-0.000110103203041945,"NRI_P177",100
"64399",-0.000110103203041945,"NRI_P177",25
"64400",-0.000110103203041945,"NRI_P177",50
"64401",-0.000110103203041945,"NRI_P177",100
"64402",-0.000110103203041945,"NRI_P177",25
"64403",-0.000110103203041945,"NRI_P177",50
"64404",-0.000110103203041945,"NRI_P177",100
"64405",-0.000110103203041945,"NRI_P177",25
"64406",-0.000110103203041945,"NRI_P177",50
"64407",-0.000110103203041945,"NRI_P177",100
"64408",-0.000110103203041945,"NRI_P177",25
"64409",-0.000110103203041945,"NRI_P177",50
"64410",-0.000110103203041945,"NRI_P177",100
"64411",-0.000110103203041945,"NRI_P177",25
"64412",-0.000110103203041945,"NRI_P177",50
"64413",-0.000110103203041945,"NRI_P177",100
"64414",-0.000110103203041945,"NRI_P177",25
"64415",-0.000110103203041945,"NRI_P177",50
"64416",-0.000110103203041945,"NRI_P177",100
"64417",-0.000110103203041945,"NRI_P177",25
"64418",-0.000110103203041945,"NRI_P177",50
"64419",-0.000110103203041945,"NRI_P177",100
"64420",-0.000110103203041945,"NRI_P177",25
"64421",-0.000110103203041945,"NRI_P177",50
"64422",-0.000110103203041945,"NRI_P177",100
"64423",-0.000110103203041945,"NRI_P177",25
"64424",-0.000110103203041945,"NRI_P177",50
"64425",-0.000110103203041945,"NRI_P177",100
"64426",-0.000110103203041945,"NRI_P177",25
"64427",-0.000110103203041945,"NRI_P177",50
"64428",-0.000110103203041945,"NRI_P177",100
"64429",-0.000110103203041945,"NRI_P177",25
"64430",-0.000110103203041945,"NRI_P177",50
"64431",-0.000110103203041945,"NRI_P177",100
"64432",-0.000110103203041945,"NRI_P177",25
"64433",-0.000110103203041945,"NRI_P177",50
"64434",-0.000110103203041945,"NRI_P177",100
"64435",-0.000110103203041945,"NRI_P177",25
"64436",-0.000110103203041945,"NRI_P177",50
"64437",-0.000110103203041945,"NRI_P177",100
"64438",-0.000110103203041945,"NRI_P177",25
"64439",-0.000110103203041945,"NRI_P177",50
"64440",-0.000110103203041945,"NRI_P177",100
"64441",-0.000110103203041945,"NRI_P177",25
"64442",-0.000110103203041945,"NRI_P177",50
"64443",-0.000110103203041945,"NRI_P177",100
"64444",-0.000110103203041945,"NRI_P177",25
"64445",-0.000110103203041945,"NRI_P177",50
"64446",-0.000110103203041945,"NRI_P177",100
"64447",-0.000110103203041945,"NRI_P177",25
"64448",-0.000110103203041945,"NRI_P177",50
"64449",-0.000110103203041945,"NRI_P177",100
"64450",-0.000110103203041945,"NRI_P177",25
"64451",-0.000110103203041945,"NRI_P177",50
"64452",-0.000110103203041945,"NRI_P177",100
"64453",-0.000110103203041945,"NRI_P177",25
"64454",-0.000110103203041945,"NRI_P177",50
"64455",-0.000110103203041945,"NRI_P177",100
"64456",-0.000110103203041945,"NRI_P177",25
"64457",-0.000110103203041945,"NRI_P177",50
"64458",-0.000110103203041945,"NRI_P177",100
"64459",-0.000110103203041945,"NRI_P177",25
"64460",-0.000110103203041945,"NRI_P177",50
"64461",-0.000110103203041945,"NRI_P177",100
"64462",-0.000110103203041945,"NRI_P177",25
"64463",-0.000110103203041945,"NRI_P177",50
"64464",-0.000110103203041945,"NRI_P177",100
"64465",-0.000110103203041945,"NRI_P177",25
"64466",-0.000110103203041945,"NRI_P177",50
"64467",-0.000110103203041945,"NRI_P177",100
"64468",-0.000110103203041945,"NRI_P177",25
"64469",-0.000110103203041945,"NRI_P177",50
"64470",-0.000110103203041945,"NRI_P177",100
"64471",-0.000110103203041945,"NRI_P177",25
"64472",-0.000110103203041945,"NRI_P177",50
"64473",-0.000110103203041945,"NRI_P177",100
"64474",-0.000110103203041945,"NRI_P177",25
"64475",-0.000110103203041945,"NRI_P177",50
"64476",-0.000110103203041945,"NRI_P177",100
"64477",-0.000110103203041945,"NRI_P177",25
"64478",-0.000110103203041945,"NRI_P177",50
"64479",-0.000110103203041945,"NRI_P177",100
"64480",-0.000110103203041945,"NRI_P177",25
"64481",-0.000110103203041945,"NRI_P177",50
"64482",-0.000110103203041945,"NRI_P177",100
"64483",-0.000110103203041945,"NRI_P177",25
"64484",-0.000110103203041945,"NRI_P177",50
"64485",-0.000110103203041945,"NRI_P177",100
"64486",-0.000110103203041945,"NRI_P177",25
"64487",-0.000110103203041945,"NRI_P177",50
"64488",-0.000110103203041945,"NRI_P177",100
"64489",-0.000110103203041945,"NRI_P177",25
"64490",-0.000110103203041945,"NRI_P177",50
"64491",-0.000110103203041945,"NRI_P177",100
"64492",-0.000110103203041945,"NRI_P177",25
"64493",-0.000110103203041945,"NRI_P177",50
"64494",-0.000110103203041945,"NRI_P177",100
"64495",-0.000110103203041945,"NRI_P177",25
"64496",-0.000110103203041945,"NRI_P177",50
"64497",-0.000110103203041945,"NRI_P177",100
"64498",-0.000110103203041945,"NRI_P177",25
"64499",-0.000110103203041945,"NRI_P177",50
"64500",-0.000110103203041945,"NRI_P177",100
"64501",1432.586529244,"NRI_P178",25
"64502",223.301249243988,"NRI_P178",50
"64503",2177.529289244,"NRI_P178",100
"64504",-395.107570755994,"NRI_P178",25
"64505",1425.12094924398,"NRI_P178",50
"64506",808.45940924398,"NRI_P178",100
"64507",15.0382892439957,"NRI_P178",25
"64508",2129.51689924399,"NRI_P178",50
"64509",11178.551459244,"NRI_P178",100
"64510",-17.0917207559978,"NRI_P178",25
"64511",-1.42107075601234,"NRI_P178",50
"64512",-302.034750756022,"NRI_P178",100
"64513",-453.523760756012,"NRI_P178",25
"64514",16056.558189244,"NRI_P178",50
"64515",368.663609243988,"NRI_P178",100
"64516",645.339129244006,"NRI_P178",25
"64517",1830.38144924399,"NRI_P178",50
"64518",-39.1143007560167,"NRI_P178",100
"64519",-20.4339607559959,"NRI_P178",25
"64520",914.326019244007,"NRI_P178",50
"64521",76.6503292440029,"NRI_P178",100
"64522",-11.7166707559954,"NRI_P178",25
"64523",8018.468279244,"NRI_P178",50
"64524",7407.81556924401,"NRI_P178",100
"64525",848.844529244001,"NRI_P178",25
"64526",-182.260680756008,"NRI_P178",50
"64527",-367.403590756003,"NRI_P178",100
"64528",-3.46111075600493,"NRI_P178",25
"64529",3521.74044924401,"NRI_P178",50
"64530",1481.35344924399,"NRI_P178",100
"64531",-26.2742007560155,"NRI_P178",25
"64532",1163.23244924398,"NRI_P178",50
"64533",4054.17619924402,"NRI_P178",100
"64534",118.141589243984,"NRI_P178",25
"64535",168.087329243979,"NRI_P178",50
"64536",1272.732949244,"NRI_P178",100
"64537",-426.591130756016,"NRI_P178",25
"64538",2132.388159244,"NRI_P178",50
"64539",1365.28831924399,"NRI_P178",100
"64540",-6.73979075599345,"NRI_P178",25
"64541",-45.5949207560043,"NRI_P178",50
"64542",284.656809243985,"NRI_P178",100
"64543",485.044789243984,"NRI_P178",25
"64544",-327.152540756011,"NRI_P178",50
"64545",2122.28298924401,"NRI_P178",100
"64546",24.4971192439843,"NRI_P178",25
"64547",498.85128924399,"NRI_P178",50
"64548",2558.985609244,"NRI_P178",100
"64549",12.5667192440014,"NRI_P178",25
"64550",3041.17808924397,"NRI_P178",50
"64551",1403.95940924398,"NRI_P178",100
"64552",341.763389244006,"NRI_P178",25
"64553",356.547349243978,"NRI_P178",50
"64554",261.163909244002,"NRI_P178",100
"64555",7906.21542924401,"NRI_P178",25
"64556",-270.162660756003,"NRI_P178",50
"64557",-143.094070756022,"NRI_P178",100
"64558",50.1931292439986,"NRI_P178",25
"64559",225.370809243992,"NRI_P178",50
"64560",514.029609243997,"NRI_P178",100
"64561",-1.07133075600723,"NRI_P178",25
"64562",1998.351829244,"NRI_P178",50
"64563",706.811299244,"NRI_P178",100
"64564",2731.95942924402,"NRI_P178",25
"64565",-84.2855707560084,"NRI_P178",50
"64566",-88.5758107560105,"NRI_P178",100
"64567",316.850489243981,"NRI_P178",25
"64568",74.9178792439925,"NRI_P178",50
"64569",325.168289244,"NRI_P178",100
"64570",2995.23814924402,"NRI_P178",25
"64571",-20.9341707559943,"NRI_P178",50
"64572",-55.4950707560056,"NRI_P178",100
"64573",-35.3683907560189,"NRI_P178",25
"64574",24.8451092439936,"NRI_P178",50
"64575",-167.053650756017,"NRI_P178",100
"64576",3334.283149244,"NRI_P178",25
"64577",2219.34008924398,"NRI_P178",50
"64578",465.106679243996,"NRI_P178",100
"64579",67.6922492439917,"NRI_P178",25
"64580",-381.993990756018,"NRI_P178",50
"64581",134.076109243993,"NRI_P178",100
"64582",1340.70228924399,"NRI_P178",25
"64583",613.949949243979,"NRI_P178",50
"64584",1221.96390924399,"NRI_P178",100
"64585",58.4560492439778,"NRI_P178",25
"64586",935.049689243984,"NRI_P178",50
"64587",-146.258360756008,"NRI_P178",100
"64588",17.5215292439971,"NRI_P178",25
"64589",5032.76324924399,"NRI_P178",50
"64590",140.33069924399,"NRI_P178",100
"64591",403.77104924398,"NRI_P178",25
"64592",3125.07368924402,"NRI_P178",50
"64593",2425.73765924398,"NRI_P178",100
"64594",297.360289243981,"NRI_P178",25
"64595",-236.227860756015,"NRI_P178",50
"64596",1977.70711924401,"NRI_P178",100
"64597",69.6280292439915,"NRI_P178",25
"64598",-331.178120755998,"NRI_P178",50
"64599",4759.24880924399,"NRI_P178",100
"64600",45.8163292440004,"NRI_P178",25
"64601",1150.28188924398,"NRI_P178",50
"64602",634.537809243979,"NRI_P178",100
"64603",182.098749244004,"NRI_P178",25
"64604",-20.9145607560058,"NRI_P178",50
"64605",2082.53552924399,"NRI_P178",100
"64606",275.718549243989,"NRI_P178",25
"64607",2806.07965924402,"NRI_P178",50
"64608",1711.84613924398,"NRI_P178",100
"64609",934.593589244003,"NRI_P178",25
"64610",-92.6822007560113,"NRI_P178",50
"64611",789.288969243993,"NRI_P178",100
"64612",-237.548170755996,"NRI_P178",25
"64613",493.435689243983,"NRI_P178",50
"64614",69.3827692439954,"NRI_P178",100
"64615",-431.303090756002,"NRI_P178",25
"64616",187.690529243991,"NRI_P178",50
"64617",-122.114370755997,"NRI_P178",100
"64618",307.043189243996,"NRI_P178",25
"64619",97.8216092439834,"NRI_P178",50
"64620",556.547689244006,"NRI_P178",100
"64621",1783.22014924398,"NRI_P178",25
"64622",205.697789244005,"NRI_P178",50
"64623",6394.43456924401,"NRI_P178",100
"64624",1004.95728924399,"NRI_P178",25
"64625",1070.244969244,"NRI_P178",50
"64626",-151.104130755994,"NRI_P178",100
"64627",146.425429244002,"NRI_P178",25
"64628",-55.3850707560196,"NRI_P178",50
"64629",-80.2008807560196,"NRI_P178",100
"64630",-35.4695307560032,"NRI_P178",25
"64631",945.427749244001,"NRI_P178",50
"64632",3666.85261924399,"NRI_P178",100
"64633",202.116029244004,"NRI_P178",25
"64634",-69.3723707559984,"NRI_P178",50
"64635",-291.519170756015,"NRI_P178",100
"64636",12.3430692440015,"NRI_P178",25
"64637",1906.915189244,"NRI_P178",50
"64638",-299.075470756012,"NRI_P178",100
"64639",-29.5264007560036,"NRI_P178",25
"64640",775.530169243983,"NRI_P178",50
"64641",491.952879243996,"NRI_P178",100
"64642",485.586749243987,"NRI_P178",25
"64643",-27.9510607560223,"NRI_P178",50
"64644",494.114259244001,"NRI_P178",100
"64645",-396.769470756,"NRI_P178",25
"64646",488.142109243985,"NRI_P178",50
"64647",4825.43753924398,"NRI_P178",100
"64648",-42.1401907560066,"NRI_P178",25
"64649",1320.47659924399,"NRI_P178",50
"64650",988.735979243997,"NRI_P178",100
"64651",526.52382924399,"NRI_P178",25
"64652",415.666309243999,"NRI_P178",50
"64653",9031.44250924399,"NRI_P178",100
"64654",7.47002924399567,"NRI_P178",25
"64655",-320.49517075601,"NRI_P178",50
"64656",-441.081260756007,"NRI_P178",100
"64657",358.083949243999,"NRI_P178",25
"64658",1389.864909244,"NRI_P178",50
"64659",1095.29524924399,"NRI_P178",100
"64660",355.556529244001,"NRI_P178",25
"64661",22.8643592440058,"NRI_P178",50
"64662",1643.322269244,"NRI_P178",100
"64663",167.346049243992,"NRI_P178",25
"64664",1426.20280924399,"NRI_P178",50
"64665",414.464959243982,"NRI_P178",100
"64666",9.19960924398038,"NRI_P178",25
"64667",538.510309243982,"NRI_P178",50
"64668",4166.36330924401,"NRI_P178",100
"64669",-4.84517075601616,"NRI_P178",25
"64670",340.317049243982,"NRI_P178",50
"64671",878.833409243991,"NRI_P178",100
"64672",-28.2876207560184,"NRI_P178",25
"64673",1389.317449244,"NRI_P178",50
"64674",1512.06685924399,"NRI_P178",100
"64675",-476.292290756013,"NRI_P178",25
"64676",204.915989243978,"NRI_P178",50
"64677",1834.38980924399,"NRI_P178",100
"64678",96.1303892440046,"NRI_P178",25
"64679",-23.0546107560222,"NRI_P178",50
"64680",-180.634950756008,"NRI_P178",100
"64681",182.098749244004,"NRI_P178",25
"64682",358.899269243993,"NRI_P178",50
"64683",1605.204209244,"NRI_P178",100
"64684",5688.19742924397,"NRI_P178",25
"64685",13707.892209244,"NRI_P178",50
"64686",7744.57730924399,"NRI_P178",100
"64687",252.240189243981,"NRI_P178",25
"64688",-222.842520756007,"NRI_P178",50
"64689",999.03832924398,"NRI_P178",100
"64690",-12.7227807560121,"NRI_P178",25
"64691",-245.898350756004,"NRI_P178",50
"64692",411.308729243989,"NRI_P178",100
"64693",699.767529243982,"NRI_P178",25
"64694",281.341909243987,"NRI_P178",50
"64695",3292.31284924402,"NRI_P178",100
"64696",-368.800170756003,"NRI_P178",25
"64697",1617.337129244,"NRI_P178",50
"64698",-60.7345207559993,"NRI_P178",100
"64699",21.1371392440051,"NRI_P178",25
"64700",675.253049243998,"NRI_P178",50
"64701",6871.29332924398,"NRI_P178",100
"64702",-462.961710756004,"NRI_P178",25
"64703",1223.81680924399,"NRI_P178",50
"64704",-310.438960756001,"NRI_P178",100
"64705",-412.71637075601,"NRI_P178",25
"64706",422.169189243985,"NRI_P178",50
"64707",2829.087569244,"NRI_P178",100
"64708",2452.81742924399,"NRI_P178",25
"64709",1188.871509244,"NRI_P178",50
"64710",740.558689244004,"NRI_P178",100
"64711",654.423349243996,"NRI_P178",25
"64712",4795.05798924397,"NRI_P178",50
"64713",651.817249243992,"NRI_P178",100
"64714",-239.651670756022,"NRI_P178",25
"64715",703.15643924399,"NRI_P178",50
"64716",1600.48100924399,"NRI_P178",100
"64717",-421.087870756019,"NRI_P178",25
"64718",765.531699243991,"NRI_P178",50
"64719",2470.94740924399,"NRI_P178",100
"64720",185.163389244,"NRI_P178",25
"64721",20.5250292439887,"NRI_P178",50
"64722",1129.57399924399,"NRI_P178",100
"64723",253.049889243994,"NRI_P178",25
"64724",2000.90944924401,"NRI_P178",50
"64725",-468.381370756018,"NRI_P178",100
"64726",13458.184429244,"NRI_P178",25
"64727",20.8408292439999,"NRI_P178",50
"64728",1432.413389244,"NRI_P178",100
"64729",404.127029244002,"NRI_P178",25
"64730",1310.661409244,"NRI_P178",50
"64731",717.981309244002,"NRI_P178",100
"64732",-459.911400756013,"NRI_P178",25
"64733",471.172629243985,"NRI_P178",50
"64734",247.975589243986,"NRI_P178",100
"64735",331.815989244002,"NRI_P178",25
"64736",456.683449243981,"NRI_P178",50
"64737",98.3107292439963,"NRI_P178",100
"64738",557.803649243986,"NRI_P178",25
"64739",-276.128230756003,"NRI_P178",50
"64740",1714.36525924399,"NRI_P178",100
"64741",896.024829243979,"NRI_P178",25
"64742",116.348079243995,"NRI_P178",50
"64743",3527.95780924402,"NRI_P178",100
"64744",-313.586270756001,"NRI_P178",25
"64745",-366.819240756013,"NRI_P178",50
"64746",-381.501670755999,"NRI_P178",100
"64747",344.385889244004,"NRI_P178",25
"64748",453.057149243978,"NRI_P178",50
"64749",2421.49095924399,"NRI_P178",100
"64750",-468.969860756013,"NRI_P178",25
"64751",4180.70470924399,"NRI_P178",50
"64752",2268.466119244,"NRI_P178",100
"64753",455.100929243985,"NRI_P178",25
"64754",276.354249244003,"NRI_P178",50
"64755",12832.009809244,"NRI_P178",100
"64756",13458.184429244,"NRI_P178",25
"64757",-219.491770755994,"NRI_P178",50
"64758",2552.74890924399,"NRI_P178",100
"64759",317.46172924398,"NRI_P178",25
"64760",42.895589243999,"NRI_P178",50
"64761",1888.355739244,"NRI_P178",100
"64762",11.127749243984,"NRI_P178",25
"64763",4778.94304924397,"NRI_P178",50
"64764",819.205589243997,"NRI_P178",100
"64765",1501.38214924399,"NRI_P178",25
"64766",466.530249243981,"NRI_P178",50
"64767",5551.39670924397,"NRI_P178",100
"64768",11.127749243984,"NRI_P178",25
"64769",791.285849243985,"NRI_P178",50
"64770",495.374749243987,"NRI_P178",100
"64771",2334.121529244,"NRI_P178",25
"64772",533.330929243995,"NRI_P178",50
"64773",2518.219009244,"NRI_P178",100
"64774",1924.18352924398,"NRI_P178",25
"64775",928.777429243986,"NRI_P178",50
"64776",2946.15990924402,"NRI_P178",100
"64777",651.603849243984,"NRI_P178",25
"64778",-481.608210756007,"NRI_P178",50
"64779",1460.76734924398,"NRI_P178",100
"64780",58.4560492439778,"NRI_P178",25
"64781",-446.101760756021,"NRI_P178",50
"64782",555.355439243984,"NRI_P178",100
"64783",848.844529244001,"NRI_P178",25
"64784",2109.44170924398,"NRI_P178",50
"64785",865.782509243989,"NRI_P178",100
"64786",204.415229243983,"NRI_P178",25
"64787",233.740079243988,"NRI_P178",50
"64788",2881.05860924398,"NRI_P178",100
"64789",1.27632924399222,"NRI_P178",25
"64790",-323.03397075602,"NRI_P178",50
"64791",390.491779243981,"NRI_P178",100
"64792",526.184529243998,"NRI_P178",25
"64793",-232.498470756022,"NRI_P178",50
"64794",2479.03008924398,"NRI_P178",100
"64795",3940.13128924402,"NRI_P178",25
"64796",2743.69718924401,"NRI_P178",50
"64797",992.566169244004,"NRI_P178",100
"64798",409.07222924399,"NRI_P178",25
"64799",6915.11228924399,"NRI_P178",50
"64800",385.076579243992,"NRI_P178",100
"64801",194.830569839018,"NRI_P179",25
"64802",987.870369839016,"NRI_P179",50
"64803",3974.699169839,"NRI_P179",100
"64804",-13.5012301609968,"NRI_P179",25
"64805",274.107159839012,"NRI_P179",50
"64806",531.275069839001,"NRI_P179",100
"64807",218.951069839008,"NRI_P179",25
"64808",687.386339838995,"NRI_P179",50
"64809",1342.17256983902,"NRI_P179",100
"64810",176.309769839019,"NRI_P179",25
"64811",-157.322040161001,"NRI_P179",50
"64812",2626.75696983901,"NRI_P179",100
"64813",695.968169839005,"NRI_P179",25
"64814",495.276819838997,"NRI_P179",50
"64815",3898.912479839,"NRI_P179",100
"64816",-16.6417301610054,"NRI_P179",25
"64817",594.257359839015,"NRI_P179",50
"64818",155.378619839001,"NRI_P179",100
"64819",-45.6282301610045,"NRI_P179",25
"64820",937.258969839022,"NRI_P179",50
"64821",855.49964983901,"NRI_P179",100
"64822",231.814569839014,"NRI_P179",25
"64823",-21.2747401609959,"NRI_P179",50
"64824",476.283069839003,"NRI_P179",100
"64825",9.21426983899437,"NRI_P179",25
"64826",264.332719839003,"NRI_P179",50
"64827",1153.61708983901,"NRI_P179",100
"64828",149.19608983901,"NRI_P179",25
"64829",1501.30515983902,"NRI_P179",50
"64830",3136.48975983899,"NRI_P179",100
"64831",-189.867880160979,"NRI_P179",25
"64832",57.4801198390196,"NRI_P179",50
"64833",3400.10037983902,"NRI_P179",100
"64834",-114.364440160978,"NRI_P179",25
"64835",-111.381530160987,"NRI_P179",50
"64836",2911.374419839,"NRI_P179",100
"64837",898.67966983901,"NRI_P179",25
"64838",970.861669839011,"NRI_P179",50
"64839",1887.81532983901,"NRI_P179",100
"64840",58.6574698390032,"NRI_P179",25
"64841",31.6359798390185,"NRI_P179",50
"64842",39.2412998390209,"NRI_P179",100
"64843",-41.748370160989,"NRI_P179",25
"64844",139.337149839004,"NRI_P179",50
"64845",47.225669839012,"NRI_P179",100
"64846",238.786169839004,"NRI_P179",25
"64847",15.5145398390014,"NRI_P179",50
"64848",-201.57159016098,"NRI_P179",100
"64849",78.9162698390137,"NRI_P179",25
"64850",351.607909839018,"NRI_P179",50
"64851",1932.32186983901,"NRI_P179",100
"64852",216.889769839006,"NRI_P179",25
"64853",56.6688798390096,"NRI_P179",50
"64854",82.8870198390214,"NRI_P179",100
"64855",711.117069839005,"NRI_P179",25
"64856",267.972719839017,"NRI_P179",50
"64857",773.163309839001,"NRI_P179",100
"64858",-80.0030901609862,"NRI_P179",25
"64859",184.457369839016,"NRI_P179",50
"64860",2170.90690983902,"NRI_P179",100
"64861",-107.418570160982,"NRI_P179",25
"64862",2702.210769839,"NRI_P179",50
"64863",648.359279839002,"NRI_P179",100
"64864",-140.548590160994,"NRI_P179",25
"64865",121.78566983901,"NRI_P179",50
"64866",270.292279839021,"NRI_P179",100
"64867",383.057469838997,"NRI_P179",25
"64868",251.708669839019,"NRI_P179",50
"64869",88.0200698389963,"NRI_P179",100
"64870",515.500069839007,"NRI_P179",25
"64871",-170.347690160997,"NRI_P179",50
"64872",1262.34785983901,"NRI_P179",100
"64873",688.690909839002,"NRI_P179",25
"64874",846.52526983901,"NRI_P179",50
"64875",392.937759838998,"NRI_P179",100
"64876",577.462469838996,"NRI_P179",25
"64877",3950.22811983901,"NRI_P179",50
"64878",427.248379839002,"NRI_P179",100
"64879",-37.0775001609873,"NRI_P179",25
"64880",532.159069839021,"NRI_P179",50
"64881",257.923069839017,"NRI_P179",100
"64882",293.361369838996,"NRI_P179",25
"64883",1319.335669839,"NRI_P179",50
"64884",2711.71601983902,"NRI_P179",100
"64885",225.580269839003,"NRI_P179",25
"64886",939.685169839009,"NRI_P179",50
"64887",238.040759839001,"NRI_P179",100
"64888",-60.917720161,"NRI_P179",25
"64889",2694.709439839,"NRI_P179",50
"64890",660.286569838994,"NRI_P179",100
"64891",-85.6275601609959,"NRI_P179",25
"64892",646.509869839007,"NRI_P179",50
"64893",4418.39144983902,"NRI_P179",100
"64894",2190.76816983899,"NRI_P179",25
"64895",91.3101698390092,"NRI_P179",50
"64896",1549.260369839,"NRI_P179",100
"64897",-86.8677001610049,"NRI_P179",25
"64898",2164.169669839,"NRI_P179",50
"64899",490.480869838997,"NRI_P179",100
"64900",915.73686983902,"NRI_P179",25
"64901",-107.105280160991,"NRI_P179",50
"64902",304.320009838993,"NRI_P179",100
"64903",70.4064798390027,"NRI_P179",25
"64904",953.808169839001,"NRI_P179",50
"64905",1751.991239839,"NRI_P179",100
"64906",591.144969839021,"NRI_P179",25
"64907",78.758569839003,"NRI_P179",50
"64908",742.137669838994,"NRI_P179",100
"64909",1256.721169839,"NRI_P179",25
"64910",347.985369839007,"NRI_P179",50
"64911",1279.469219839,"NRI_P179",100
"64912",-10.5257301609963,"NRI_P179",25
"64913",256.863869838999,"NRI_P179",50
"64914",202.97461983902,"NRI_P179",100
"64915",-172.482430161006,"NRI_P179",25
"64916",-245.683370160987,"NRI_P179",50
"64917",46.9397698389948,"NRI_P179",100
"64918",-129.378840160993,"NRI_P179",25
"64919",-180.964960160985,"NRI_P179",50
"64920",576.632169838995,"NRI_P179",100
"64921",68.127969838999,"NRI_P179",25
"64922",1390.607799839,"NRI_P179",50
"64923",709.52917983901,"NRI_P179",100
"64924",68.8053198390116,"NRI_P179",25
"64925",1188.02637983899,"NRI_P179",50
"64926",2342.68816983901,"NRI_P179",100
"64927",392.705469839013,"NRI_P179",25
"64928",629.904069839016,"NRI_P179",50
"64929",3275.493089839,"NRI_P179",100
"64930",127.186569839017,"NRI_P179",25
"64931",168.330639838998,"NRI_P179",50
"64932",491.580309839017,"NRI_P179",100
"64933",152.774369838997,"NRI_P179",25
"64934",327.009369839012,"NRI_P179",50
"64935",-75.0157501609938,"NRI_P179",100
"64936",-181.327430160978,"NRI_P179",25
"64937",-311.992570161005,"NRI_P179",50
"64938",2262.166519839,"NRI_P179",100
"64939",-17.4423901609844,"NRI_P179",25
"64940",256.668759838998,"NRI_P179",50
"64941",5923.79313983902,"NRI_P179",100
"64942",47.2048698390136,"NRI_P179",25
"64943",273.660869839019,"NRI_P179",50
"64944",105.511529839016,"NRI_P179",100
"64945",71.9443998390052,"NRI_P179",25
"64946",-195.992900160985,"NRI_P179",50
"64947",-41.5337701609824,"NRI_P179",100
"64948",5.55766983900685,"NRI_P179",25
"64949",1537.90396983901,"NRI_P179",50
"64950",974.949889839016,"NRI_P179",100
"64951",-128.415880160988,"NRI_P179",25
"64952",-187.862780160998,"NRI_P179",50
"64953",1.39368983899476,"NRI_P179",100
"64954",1257.425169839,"NRI_P179",25
"64955",-194.746250160999,"NRI_P179",50
"64956",621.140519839013,"NRI_P179",100
"64957",701.821869839012,"NRI_P179",25
"64958",2268.68036983901,"NRI_P179",50
"64959",1870.54426983901,"NRI_P179",100
"64960",31534.203869839,"NRI_P179",25
"64961",243.432969839021,"NRI_P179",50
"64962",4735.06865983902,"NRI_P179",100
"64963",423.001249838999,"NRI_P179",25
"64964",-15.8935401609924,"NRI_P179",50
"64965",-82.3776501609827,"NRI_P179",100
"64966",-73.835730160994,"NRI_P179",25
"64967",-21.2231401609897,"NRI_P179",50
"64968",1093.90576983901,"NRI_P179",100
"64969",-193.005510160991,"NRI_P179",25
"64970",306.562499838998,"NRI_P179",50
"64971",2100.71396983901,"NRI_P179",100
"64972",-240.844080160983,"NRI_P179",25
"64973",433.489069839008,"NRI_P179",50
"64974",2064.92076983899,"NRI_P179",100
"64975",401.692069839017,"NRI_P179",25
"64976",1022.31466983902,"NRI_P179",50
"64977",418.217509839014,"NRI_P179",100
"64978",2733.18776983902,"NRI_P179",25
"64979",1028.035179839,"NRI_P179",50
"64980",792.079699839,"NRI_P179",100
"64981",498.762369839009,"NRI_P179",25
"64982",-317.431980160996,"NRI_P179",50
"64983",812.01897983902,"NRI_P179",100
"64984",177.161969839013,"NRI_P179",25
"64985",93.117789839016,"NRI_P179",50
"64986",-118.718650160998,"NRI_P179",100
"64987",46.3790498390154,"NRI_P179",25
"64988",1777.079569839,"NRI_P179",50
"64989",-152.996900161001,"NRI_P179",100
"64990",13.9289698390057,"NRI_P179",25
"64991",-246.180570160999,"NRI_P179",50
"64992",1629.17233983902,"NRI_P179",100
"64993",103.964529838995,"NRI_P179",25
"64994",104.211019839015,"NRI_P179",50
"64995",-336.963720161002,"NRI_P179",100
"64996",-205.821070160979,"NRI_P179",25
"64997",834.535299839015,"NRI_P179",50
"64998",2130.70976983901,"NRI_P179",100
"64999",1501.81076983901,"NRI_P179",25
"65000",1370.32146983902,"NRI_P179",50
"65001",3197.824799839,"NRI_P179",100
"65002",-229.335990160995,"NRI_P179",25
"65003",2309.872389839,"NRI_P179",50
"65004",1019.93396983901,"NRI_P179",100
"65005",1381.351069839,"NRI_P179",25
"65006",-53.3099301609909,"NRI_P179",50
"65007",2314.996659839,"NRI_P179",100
"65008",661.546169839014,"NRI_P179",25
"65009",85.8936798390059,"NRI_P179",50
"65010",2598.677329839,"NRI_P179",100
"65011",-16.3421301609778,"NRI_P179",25
"65012",29.8249698390136,"NRI_P179",50
"65013",2880.132269839,"NRI_P179",100
"65014",-19.598040160985,"NRI_P179",25
"65015",-23.223440161004,"NRI_P179",50
"65016",958.037969839002,"NRI_P179",100
"65017",221.407259839005,"NRI_P179",25
"65018",777.323149839009,"NRI_P179",50
"65019",619.636119839008,"NRI_P179",100
"65020",164.359769839008,"NRI_P179",25
"65021",-48.0991301609902,"NRI_P179",50
"65022",4.24070983901038,"NRI_P179",100
"65023",2113.16916983901,"NRI_P179",25
"65024",197.374769839022,"NRI_P179",50
"65025",5194.28316983901,"NRI_P179",100
"65026",280.988869838999,"NRI_P179",25
"65027",-18.1390101609868,"NRI_P179",50
"65028",731.346339839016,"NRI_P179",100
"65029",270.602269839001,"NRI_P179",25
"65030",15.6008698390215,"NRI_P179",50
"65031",1200.01879983902,"NRI_P179",100
"65032",1622.656169839,"NRI_P179",25
"65033",1640.164199839,"NRI_P179",50
"65034",2367.58656983901,"NRI_P179",100
"65035",451.019729838998,"NRI_P179",25
"65036",66.332669839001,"NRI_P179",50
"65037",-340.688460160978,"NRI_P179",100
"65038",-73.8429301609867,"NRI_P179",25
"65039",564.960069838999,"NRI_P179",50
"65040",1162.26017983901,"NRI_P179",100
"65041",-96.7936901609937,"NRI_P179",25
"65042",1008.32726983901,"NRI_P179",50
"65043",1808.540419839,"NRI_P179",100
"65044",1709.39406983901,"NRI_P179",25
"65045",641.316269839008,"NRI_P179",50
"65046",179.372859839001,"NRI_P179",100
"65047",-123.471920160984,"NRI_P179",25
"65048",1646.47276983902,"NRI_P179",50
"65049",1307.75709983901,"NRI_P179",100
"65050",93.4521098390105,"NRI_P179",25
"65051",-127.712830161006,"NRI_P179",50
"65052",32516.420419839,"NRI_P179",100
"65053",-255.787750160991,"NRI_P179",25
"65054",-32.5029301609902,"NRI_P179",50
"65055",491.155209838995,"NRI_P179",100
"65056",383.060469838994,"NRI_P179",25
"65057",-241.433690160979,"NRI_P179",50
"65058",2190.65180983901,"NRI_P179",100
"65059",216.546269839018,"NRI_P179",25
"65060",313.508409839007,"NRI_P179",50
"65061",-33.3234501609986,"NRI_P179",100
"65062",-102.156910160993,"NRI_P179",25
"65063",335.673339839006,"NRI_P179",50
"65064",2837.03216983902,"NRI_P179",100
"65065",-1.98343016099534,"NRI_P179",25
"65066",335.205579839007,"NRI_P179",50
"65067",-180.279380160995,"NRI_P179",100
"65068",117.529609838995,"NRI_P179",25
"65069",201.030269839015,"NRI_P179",50
"65070",967.946519838995,"NRI_P179",100
"65071",-95.5839301609958,"NRI_P179",25
"65072",-66.9072501609917,"NRI_P179",50
"65073",453.560839839018,"NRI_P179",100
"65074",619.649369838997,"NRI_P179",25
"65075",226.164369839011,"NRI_P179",50
"65076",77.5672598390083,"NRI_P179",100
"65077",982.78996983901,"NRI_P179",25
"65078",-87.0032901609957,"NRI_P179",50
"65079",256.826749839005,"NRI_P179",100
"65080",-87.258000161004,"NRI_P179",25
"65081",403.297769839002,"NRI_P179",50
"65082",1084.35569983901,"NRI_P179",100
"65083",1378.113969839,"NRI_P179",25
"65084",885.95978983902,"NRI_P179",50
"65085",3642.97746983901,"NRI_P179",100
"65086",-122.058730160992,"NRI_P179",25
"65087",23.0951698390127,"NRI_P179",50
"65088",298.660229839006,"NRI_P179",100
"65089",122.718609839008,"NRI_P179",25
"65090",-124.724560161005,"NRI_P179",50
"65091",1812.67507983901,"NRI_P179",100
"65092",763.223799839005,"NRI_P179",25
"65093",2085.51856983901,"NRI_P179",50
"65094",3549.88506983902,"NRI_P179",100
"65095",13.3645798390207,"NRI_P179",25
"65096",1277.898269839,"NRI_P179",50
"65097",1617.04746983902,"NRI_P179",100
"65098",29.2143698389991,"NRI_P179",25
"65099",2225.69636983902,"NRI_P179",50
"65100",18.9227998389979,"NRI_P179",100
"65101",0.00520120200235397,"NRI_P180",25
"65102",0.00520120200235397,"NRI_P180",50
"65103",0.00520120200235397,"NRI_P180",100
"65104",0.00520120200235397,"NRI_P180",25
"65105",0.00520120200235397,"NRI_P180",50
"65106",0.00520120200235397,"NRI_P180",100
"65107",0.00520120200235397,"NRI_P180",25
"65108",0.00520120200235397,"NRI_P180",50
"65109",0.00520120200235397,"NRI_P180",100
"65110",0.00520120200235397,"NRI_P180",25
"65111",0.00520120200235397,"NRI_P180",50
"65112",0.00520120200235397,"NRI_P180",100
"65113",0.00520120200235397,"NRI_P180",25
"65114",0.00520120200235397,"NRI_P180",50
"65115",0.00520120200235397,"NRI_P180",100
"65116",0.00520120200235397,"NRI_P180",25
"65117",0.00520120200235397,"NRI_P180",50
"65118",0.00520120200235397,"NRI_P180",100
"65119",0.00520120200235397,"NRI_P180",25
"65120",0.00520120200235397,"NRI_P180",50
"65121",0.00520120200235397,"NRI_P180",100
"65122",0.00520120200235397,"NRI_P180",25
"65123",0.00520120200235397,"NRI_P180",50
"65124",0.00520120200235397,"NRI_P180",100
"65125",0.00520120200235397,"NRI_P180",25
"65126",0.00520120200235397,"NRI_P180",50
"65127",0.00520120200235397,"NRI_P180",100
"65128",0.00520120200235397,"NRI_P180",25
"65129",0.00520120200235397,"NRI_P180",50
"65130",0.00520120200235397,"NRI_P180",100
"65131",0.00520120200235397,"NRI_P180",25
"65132",0.00520120200235397,"NRI_P180",50
"65133",0.00520120200235397,"NRI_P180",100
"65134",0.00520120200235397,"NRI_P180",25
"65135",0.00520120200235397,"NRI_P180",50
"65136",0.00520120200235397,"NRI_P180",100
"65137",0.00520120200235397,"NRI_P180",25
"65138",0.00520120200235397,"NRI_P180",50
"65139",0.00520120200235397,"NRI_P180",100
"65140",0.00520120200235397,"NRI_P180",25
"65141",0.00520120200235397,"NRI_P180",50
"65142",0.00520120200235397,"NRI_P180",100
"65143",0.00520120200235397,"NRI_P180",25
"65144",0.00520120200235397,"NRI_P180",50
"65145",0.00520120200235397,"NRI_P180",100
"65146",0.00520120200235397,"NRI_P180",25
"65147",0.00520120200235397,"NRI_P180",50
"65148",0.00520120200235397,"NRI_P180",100
"65149",0.00520120200235397,"NRI_P180",25
"65150",0.00520120200235397,"NRI_P180",50
"65151",0.00520120200235397,"NRI_P180",100
"65152",0.00520120200235397,"NRI_P180",25
"65153",0.00520120200235397,"NRI_P180",50
"65154",0.00520120200235397,"NRI_P180",100
"65155",0.00520120200235397,"NRI_P180",25
"65156",0.00520120200235397,"NRI_P180",50
"65157",0.00520120200235397,"NRI_P180",100
"65158",0.00520120200235397,"NRI_P180",25
"65159",0.00520120200235397,"NRI_P180",50
"65160",0.00520120200235397,"NRI_P180",100
"65161",0.00520120200235397,"NRI_P180",25
"65162",0.00520120200235397,"NRI_P180",50
"65163",0.00520120200235397,"NRI_P180",100
"65164",0.00520120200235397,"NRI_P180",25
"65165",0.00520120200235397,"NRI_P180",50
"65166",0.00520120200235397,"NRI_P180",100
"65167",0.00520120200235397,"NRI_P180",25
"65168",0.00520120200235397,"NRI_P180",50
"65169",0.00520120200235397,"NRI_P180",100
"65170",0.00520120200235397,"NRI_P180",25
"65171",0.00520120200235397,"NRI_P180",50
"65172",0.00520120200235397,"NRI_P180",100
"65173",0.00520120200235397,"NRI_P180",25
"65174",0.00520120200235397,"NRI_P180",50
"65175",0.00520120200235397,"NRI_P180",100
"65176",0.00520120200235397,"NRI_P180",25
"65177",0.00520120200235397,"NRI_P180",50
"65178",0.00520120200235397,"NRI_P180",100
"65179",0.00520120200235397,"NRI_P180",25
"65180",0.00520120200235397,"NRI_P180",50
"65181",0.00520120200235397,"NRI_P180",100
"65182",0.00520120200235397,"NRI_P180",25
"65183",0.00520120200235397,"NRI_P180",50
"65184",0.00520120200235397,"NRI_P180",100
"65185",0.00520120200235397,"NRI_P180",25
"65186",0.00520120200235397,"NRI_P180",50
"65187",0.00520120200235397,"NRI_P180",100
"65188",0.00520120200235397,"NRI_P180",25
"65189",0.00520120200235397,"NRI_P180",50
"65190",0.00520120200235397,"NRI_P180",100
"65191",0.00520120200235397,"NRI_P180",25
"65192",0.00520120200235397,"NRI_P180",50
"65193",0.00520120200235397,"NRI_P180",100
"65194",0.00520120200235397,"NRI_P180",25
"65195",0.00520120200235397,"NRI_P180",50
"65196",0.00520120200235397,"NRI_P180",100
"65197",0.00520120200235397,"NRI_P180",25
"65198",0.00520120200235397,"NRI_P180",50
"65199",0.00520120200235397,"NRI_P180",100
"65200",0.00520120200235397,"NRI_P180",25
"65201",0.00520120200235397,"NRI_P180",50
"65202",0.00520120200235397,"NRI_P180",100
"65203",0.00520120200235397,"NRI_P180",25
"65204",0.00520120200235397,"NRI_P180",50
"65205",0.00520120200235397,"NRI_P180",100
"65206",0.00520120200235397,"NRI_P180",25
"65207",0.00520120200235397,"NRI_P180",50
"65208",0.00520120200235397,"NRI_P180",100
"65209",0.00520120200235397,"NRI_P180",25
"65210",0.00520120200235397,"NRI_P180",50
"65211",0.00520120200235397,"NRI_P180",100
"65212",0.00520120200235397,"NRI_P180",25
"65213",0.00520120200235397,"NRI_P180",50
"65214",0.00520120200235397,"NRI_P180",100
"65215",0.00520120200235397,"NRI_P180",25
"65216",0.00520120200235397,"NRI_P180",50
"65217",0.00520120200235397,"NRI_P180",100
"65218",0.00520120200235397,"NRI_P180",25
"65219",0.00520120200235397,"NRI_P180",50
"65220",0.00520120200235397,"NRI_P180",100
"65221",0.00520120200235397,"NRI_P180",25
"65222",0.00520120200235397,"NRI_P180",50
"65223",0.00520120200235397,"NRI_P180",100
"65224",0.00520120200235397,"NRI_P180",25
"65225",0.00520120200235397,"NRI_P180",50
"65226",0.00520120200235397,"NRI_P180",100
"65227",0.00520120200235397,"NRI_P180",25
"65228",0.00520120200235397,"NRI_P180",50
"65229",0.00520120200235397,"NRI_P180",100
"65230",0.00520120200235397,"NRI_P180",25
"65231",0.00520120200235397,"NRI_P180",50
"65232",0.00520120200235397,"NRI_P180",100
"65233",0.00520120200235397,"NRI_P180",25
"65234",0.00520120200235397,"NRI_P180",50
"65235",0.00520120200235397,"NRI_P180",100
"65236",0.00520120200235397,"NRI_P180",25
"65237",0.00520120200235397,"NRI_P180",50
"65238",0.00520120200235397,"NRI_P180",100
"65239",0.00520120200235397,"NRI_P180",25
"65240",0.00520120200235397,"NRI_P180",50
"65241",0.00520120200235397,"NRI_P180",100
"65242",0.00520120200235397,"NRI_P180",25
"65243",0.00520120200235397,"NRI_P180",50
"65244",0.00520120200235397,"NRI_P180",100
"65245",0.00520120200235397,"NRI_P180",25
"65246",0.00520120200235397,"NRI_P180",50
"65247",0.00520120200235397,"NRI_P180",100
"65248",0.00520120200235397,"NRI_P180",25
"65249",0.00520120200235397,"NRI_P180",50
"65250",0.00520120200235397,"NRI_P180",100
"65251",0.00520120200235397,"NRI_P180",25
"65252",0.00520120200235397,"NRI_P180",50
"65253",0.00520120200235397,"NRI_P180",100
"65254",0.00520120200235397,"NRI_P180",25
"65255",0.00520120200235397,"NRI_P180",50
"65256",0.00520120200235397,"NRI_P180",100
"65257",0.00520120200235397,"NRI_P180",25
"65258",0.00520120200235397,"NRI_P180",50
"65259",0.00520120200235397,"NRI_P180",100
"65260",0.00520120200235397,"NRI_P180",25
"65261",0.00520120200235397,"NRI_P180",50
"65262",0.00520120200235397,"NRI_P180",100
"65263",0.00520120200235397,"NRI_P180",25
"65264",0.00520120200235397,"NRI_P180",50
"65265",0.00520120200235397,"NRI_P180",100
"65266",0.00520120200235397,"NRI_P180",25
"65267",0.00520120200235397,"NRI_P180",50
"65268",0.00520120200235397,"NRI_P180",100
"65269",0.00520120200235397,"NRI_P180",25
"65270",0.00520120200235397,"NRI_P180",50
"65271",0.00520120200235397,"NRI_P180",100
"65272",0.00520120200235397,"NRI_P180",25
"65273",0.00520120200235397,"NRI_P180",50
"65274",0.00520120200235397,"NRI_P180",100
"65275",0.00520120200235397,"NRI_P180",25
"65276",0.00520120200235397,"NRI_P180",50
"65277",0.00520120200235397,"NRI_P180",100
"65278",0.00520120200235397,"NRI_P180",25
"65279",0.00520120200235397,"NRI_P180",50
"65280",0.00520120200235397,"NRI_P180",100
"65281",0.00520120200235397,"NRI_P180",25
"65282",0.00520120200235397,"NRI_P180",50
"65283",0.00520120200235397,"NRI_P180",100
"65284",0.00520120200235397,"NRI_P180",25
"65285",0.00520120200235397,"NRI_P180",50
"65286",0.00520120200235397,"NRI_P180",100
"65287",0.00520120200235397,"NRI_P180",25
"65288",0.00520120200235397,"NRI_P180",50
"65289",0.00520120200235397,"NRI_P180",100
"65290",0.00520120200235397,"NRI_P180",25
"65291",0.00520120200235397,"NRI_P180",50
"65292",0.00520120200235397,"NRI_P180",100
"65293",0.00520120200235397,"NRI_P180",25
"65294",0.00520120200235397,"NRI_P180",50
"65295",0.00520120200235397,"NRI_P180",100
"65296",0.00520120200235397,"NRI_P180",25
"65297",0.00520120200235397,"NRI_P180",50
"65298",0.00520120200235397,"NRI_P180",100
"65299",0.00520120200235397,"NRI_P180",25
"65300",0.00520120200235397,"NRI_P180",50
"65301",0.00520120200235397,"NRI_P180",100
"65302",0.00520120200235397,"NRI_P180",25
"65303",0.00520120200235397,"NRI_P180",50
"65304",0.00520120200235397,"NRI_P180",100
"65305",0.00520120200235397,"NRI_P180",25
"65306",0.00520120200235397,"NRI_P180",50
"65307",0.00520120200235397,"NRI_P180",100
"65308",0.00520120200235397,"NRI_P180",25
"65309",0.00520120200235397,"NRI_P180",50
"65310",0.00520120200235397,"NRI_P180",100
"65311",0.00520120200235397,"NRI_P180",25
"65312",0.00520120200235397,"NRI_P180",50
"65313",0.00520120200235397,"NRI_P180",100
"65314",0.00520120200235397,"NRI_P180",25
"65315",0.00520120200235397,"NRI_P180",50
"65316",0.00520120200235397,"NRI_P180",100
"65317",0.00520120200235397,"NRI_P180",25
"65318",0.00520120200235397,"NRI_P180",50
"65319",0.00520120200235397,"NRI_P180",100
"65320",0.00520120200235397,"NRI_P180",25
"65321",0.00520120200235397,"NRI_P180",50
"65322",0.00520120200235397,"NRI_P180",100
"65323",0.00520120200235397,"NRI_P180",25
"65324",0.00520120200235397,"NRI_P180",50
"65325",0.00520120200235397,"NRI_P180",100
"65326",0.00520120200235397,"NRI_P180",25
"65327",0.00520120200235397,"NRI_P180",50
"65328",0.00520120200235397,"NRI_P180",100
"65329",0.00520120200235397,"NRI_P180",25
"65330",0.00520120200235397,"NRI_P180",50
"65331",0.00520120200235397,"NRI_P180",100
"65332",0.00520120200235397,"NRI_P180",25
"65333",0.00520120200235397,"NRI_P180",50
"65334",0.00520120200235397,"NRI_P180",100
"65335",0.00520120200235397,"NRI_P180",25
"65336",0.00520120200235397,"NRI_P180",50
"65337",0.00520120200235397,"NRI_P180",100
"65338",0.00520120200235397,"NRI_P180",25
"65339",0.00520120200235397,"NRI_P180",50
"65340",0.00520120200235397,"NRI_P180",100
"65341",0.00520120200235397,"NRI_P180",25
"65342",0.00520120200235397,"NRI_P180",50
"65343",0.00520120200235397,"NRI_P180",100
"65344",0.00520120200235397,"NRI_P180",25
"65345",0.00520120200235397,"NRI_P180",50
"65346",0.00520120200235397,"NRI_P180",100
"65347",0.00520120200235397,"NRI_P180",25
"65348",0.00520120200235397,"NRI_P180",50
"65349",0.00520120200235397,"NRI_P180",100
"65350",0.00520120200235397,"NRI_P180",25
"65351",0.00520120200235397,"NRI_P180",50
"65352",0.00520120200235397,"NRI_P180",100
"65353",0.00520120200235397,"NRI_P180",25
"65354",0.00520120200235397,"NRI_P180",50
"65355",0.00520120200235397,"NRI_P180",100
"65356",0.00520120200235397,"NRI_P180",25
"65357",0.00520120200235397,"NRI_P180",50
"65358",0.00520120200235397,"NRI_P180",100
"65359",0.00520120200235397,"NRI_P180",25
"65360",0.00520120200235397,"NRI_P180",50
"65361",0.00520120200235397,"NRI_P180",100
"65362",0.00520120200235397,"NRI_P180",25
"65363",0.00520120200235397,"NRI_P180",50
"65364",0.00520120200235397,"NRI_P180",100
"65365",0.00520120200235397,"NRI_P180",25
"65366",0.00520120200235397,"NRI_P180",50
"65367",0.00520120200235397,"NRI_P180",100
"65368",0.00520120200235397,"NRI_P180",25
"65369",0.00520120200235397,"NRI_P180",50
"65370",0.00520120200235397,"NRI_P180",100
"65371",0.00520120200235397,"NRI_P180",25
"65372",0.00520120200235397,"NRI_P180",50
"65373",0.00520120200235397,"NRI_P180",100
"65374",0.00520120200235397,"NRI_P180",25
"65375",0.00520120200235397,"NRI_P180",50
"65376",0.00520120200235397,"NRI_P180",100
"65377",0.00520120200235397,"NRI_P180",25
"65378",0.00520120200235397,"NRI_P180",50
"65379",0.00520120200235397,"NRI_P180",100
"65380",0.00520120200235397,"NRI_P180",25
"65381",0.00520120200235397,"NRI_P180",50
"65382",0.00520120200235397,"NRI_P180",100
"65383",0.00520120200235397,"NRI_P180",25
"65384",0.00520120200235397,"NRI_P180",50
"65385",0.00520120200235397,"NRI_P180",100
"65386",0.00520120200235397,"NRI_P180",25
"65387",0.00520120200235397,"NRI_P180",50
"65388",0.00520120200235397,"NRI_P180",100
"65389",0.00520120200235397,"NRI_P180",25
"65390",0.00520120200235397,"NRI_P180",50
"65391",0.00520120200235397,"NRI_P180",100
"65392",0.00520120200235397,"NRI_P180",25
"65393",0.00520120200235397,"NRI_P180",50
"65394",0.00520120200235397,"NRI_P180",100
"65395",0.00520120200235397,"NRI_P180",25
"65396",0.00520120200235397,"NRI_P180",50
"65397",0.00520120200235397,"NRI_P180",100
"65398",0.00520120200235397,"NRI_P180",25
"65399",0.00520120200235397,"NRI_P180",50
"65400",0.00520120200235397,"NRI_P180",100
"65401",0.000333066011080518,"NRI_P181",25
"65402",0.000333066011080518,"NRI_P181",50
"65403",0.000333066011080518,"NRI_P181",100
"65404",0.000333066011080518,"NRI_P181",25
"65405",0.000333066011080518,"NRI_P181",50
"65406",0.000333066011080518,"NRI_P181",100
"65407",0.000333066011080518,"NRI_P181",25
"65408",0.000333066011080518,"NRI_P181",50
"65409",0.000333066011080518,"NRI_P181",100
"65410",0.000333066011080518,"NRI_P181",25
"65411",0.000333066011080518,"NRI_P181",50
"65412",0.000333066011080518,"NRI_P181",100
"65413",0.000333066011080518,"NRI_P181",25
"65414",0.000333066011080518,"NRI_P181",50
"65415",0.000333066011080518,"NRI_P181",100
"65416",0.000333066011080518,"NRI_P181",25
"65417",0.000333066011080518,"NRI_P181",50
"65418",0.000333066011080518,"NRI_P181",100
"65419",0.000333066011080518,"NRI_P181",25
"65420",0.000333066011080518,"NRI_P181",50
"65421",0.000333066011080518,"NRI_P181",100
"65422",0.000333066011080518,"NRI_P181",25
"65423",0.000333066011080518,"NRI_P181",50
"65424",0.000333066011080518,"NRI_P181",100
"65425",0.000333066011080518,"NRI_P181",25
"65426",0.000333066011080518,"NRI_P181",50
"65427",0.000333066011080518,"NRI_P181",100
"65428",0.000333066011080518,"NRI_P181",25
"65429",0.000333066011080518,"NRI_P181",50
"65430",0.000333066011080518,"NRI_P181",100
"65431",0.000333066011080518,"NRI_P181",25
"65432",0.000333066011080518,"NRI_P181",50
"65433",0.000333066011080518,"NRI_P181",100
"65434",0.000333066011080518,"NRI_P181",25
"65435",0.000333066011080518,"NRI_P181",50
"65436",0.000333066011080518,"NRI_P181",100
"65437",0.000333066011080518,"NRI_P181",25
"65438",0.000333066011080518,"NRI_P181",50
"65439",0.000333066011080518,"NRI_P181",100
"65440",0.000333066011080518,"NRI_P181",25
"65441",0.000333066011080518,"NRI_P181",50
"65442",0.000333066011080518,"NRI_P181",100
"65443",0.000333066011080518,"NRI_P181",25
"65444",0.000333066011080518,"NRI_P181",50
"65445",0.000333066011080518,"NRI_P181",100
"65446",0.000333066011080518,"NRI_P181",25
"65447",0.000333066011080518,"NRI_P181",50
"65448",0.000333066011080518,"NRI_P181",100
"65449",0.000333066011080518,"NRI_P181",25
"65450",0.000333066011080518,"NRI_P181",50
"65451",0.000333066011080518,"NRI_P181",100
"65452",0.000333066011080518,"NRI_P181",25
"65453",0.000333066011080518,"NRI_P181",50
"65454",0.000333066011080518,"NRI_P181",100
"65455",0.000333066011080518,"NRI_P181",25
"65456",0.000333066011080518,"NRI_P181",50
"65457",0.000333066011080518,"NRI_P181",100
"65458",0.000333066011080518,"NRI_P181",25
"65459",0.000333066011080518,"NRI_P181",50
"65460",0.000333066011080518,"NRI_P181",100
"65461",0.000333066011080518,"NRI_P181",25
"65462",0.000333066011080518,"NRI_P181",50
"65463",0.000333066011080518,"NRI_P181",100
"65464",0.000333066011080518,"NRI_P181",25
"65465",0.000333066011080518,"NRI_P181",50
"65466",0.000333066011080518,"NRI_P181",100
"65467",0.000333066011080518,"NRI_P181",25
"65468",0.000333066011080518,"NRI_P181",50
"65469",0.000333066011080518,"NRI_P181",100
"65470",0.000333066011080518,"NRI_P181",25
"65471",0.000333066011080518,"NRI_P181",50
"65472",0.000333066011080518,"NRI_P181",100
"65473",0.000333066011080518,"NRI_P181",25
"65474",0.000333066011080518,"NRI_P181",50
"65475",0.000333066011080518,"NRI_P181",100
"65476",0.000333066011080518,"NRI_P181",25
"65477",0.000333066011080518,"NRI_P181",50
"65478",0.000333066011080518,"NRI_P181",100
"65479",0.000333066011080518,"NRI_P181",25
"65480",0.000333066011080518,"NRI_P181",50
"65481",0.000333066011080518,"NRI_P181",100
"65482",0.000333066011080518,"NRI_P181",25
"65483",0.000333066011080518,"NRI_P181",50
"65484",0.000333066011080518,"NRI_P181",100
"65485",0.000333066011080518,"NRI_P181",25
"65486",0.000333066011080518,"NRI_P181",50
"65487",0.000333066011080518,"NRI_P181",100
"65488",0.000333066011080518,"NRI_P181",25
"65489",0.000333066011080518,"NRI_P181",50
"65490",0.000333066011080518,"NRI_P181",100
"65491",0.000333066011080518,"NRI_P181",25
"65492",0.000333066011080518,"NRI_P181",50
"65493",0.000333066011080518,"NRI_P181",100
"65494",0.000333066011080518,"NRI_P181",25
"65495",0.000333066011080518,"NRI_P181",50
"65496",0.000333066011080518,"NRI_P181",100
"65497",0.000333066011080518,"NRI_P181",25
"65498",0.000333066011080518,"NRI_P181",50
"65499",0.000333066011080518,"NRI_P181",100
"65500",0.000333066011080518,"NRI_P181",25
"65501",0.000333066011080518,"NRI_P181",50
"65502",0.000333066011080518,"NRI_P181",100
"65503",0.000333066011080518,"NRI_P181",25
"65504",0.000333066011080518,"NRI_P181",50
"65505",0.000333066011080518,"NRI_P181",100
"65506",0.000333066011080518,"NRI_P181",25
"65507",0.000333066011080518,"NRI_P181",50
"65508",0.000333066011080518,"NRI_P181",100
"65509",0.000333066011080518,"NRI_P181",25
"65510",0.000333066011080518,"NRI_P181",50
"65511",0.000333066011080518,"NRI_P181",100
"65512",0.000333066011080518,"NRI_P181",25
"65513",0.000333066011080518,"NRI_P181",50
"65514",0.000333066011080518,"NRI_P181",100
"65515",0.000333066011080518,"NRI_P181",25
"65516",0.000333066011080518,"NRI_P181",50
"65517",0.000333066011080518,"NRI_P181",100
"65518",0.000333066011080518,"NRI_P181",25
"65519",0.000333066011080518,"NRI_P181",50
"65520",0.000333066011080518,"NRI_P181",100
"65521",0.000333066011080518,"NRI_P181",25
"65522",0.000333066011080518,"NRI_P181",50
"65523",0.000333066011080518,"NRI_P181",100
"65524",0.000333066011080518,"NRI_P181",25
"65525",0.000333066011080518,"NRI_P181",50
"65526",0.000333066011080518,"NRI_P181",100
"65527",0.000333066011080518,"NRI_P181",25
"65528",0.000333066011080518,"NRI_P181",50
"65529",0.000333066011080518,"NRI_P181",100
"65530",0.000333066011080518,"NRI_P181",25
"65531",0.000333066011080518,"NRI_P181",50
"65532",0.000333066011080518,"NRI_P181",100
"65533",0.000333066011080518,"NRI_P181",25
"65534",0.000333066011080518,"NRI_P181",50
"65535",0.000333066011080518,"NRI_P181",100
"65536",0.000333066011080518,"NRI_P181",25
"65537",0.000333066011080518,"NRI_P181",50
"65538",0.000333066011080518,"NRI_P181",100
"65539",0.000333066011080518,"NRI_P181",25
"65540",0.000333066011080518,"NRI_P181",50
"65541",0.000333066011080518,"NRI_P181",100
"65542",0.000333066011080518,"NRI_P181",25
"65543",0.000333066011080518,"NRI_P181",50
"65544",0.000333066011080518,"NRI_P181",100
"65545",0.000333066011080518,"NRI_P181",25
"65546",0.000333066011080518,"NRI_P181",50
"65547",0.000333066011080518,"NRI_P181",100
"65548",0.000333066011080518,"NRI_P181",25
"65549",0.000333066011080518,"NRI_P181",50
"65550",0.000333066011080518,"NRI_P181",100
"65551",0.000333066011080518,"NRI_P181",25
"65552",0.000333066011080518,"NRI_P181",50
"65553",0.000333066011080518,"NRI_P181",100
"65554",0.000333066011080518,"NRI_P181",25
"65555",0.000333066011080518,"NRI_P181",50
"65556",0.000333066011080518,"NRI_P181",100
"65557",0.000333066011080518,"NRI_P181",25
"65558",0.000333066011080518,"NRI_P181",50
"65559",0.000333066011080518,"NRI_P181",100
"65560",0.000333066011080518,"NRI_P181",25
"65561",0.000333066011080518,"NRI_P181",50
"65562",0.000333066011080518,"NRI_P181",100
"65563",0.000333066011080518,"NRI_P181",25
"65564",0.000333066011080518,"NRI_P181",50
"65565",0.000333066011080518,"NRI_P181",100
"65566",0.000333066011080518,"NRI_P181",25
"65567",0.000333066011080518,"NRI_P181",50
"65568",0.000333066011080518,"NRI_P181",100
"65569",0.000333066011080518,"NRI_P181",25
"65570",0.000333066011080518,"NRI_P181",50
"65571",0.000333066011080518,"NRI_P181",100
"65572",0.000333066011080518,"NRI_P181",25
"65573",0.000333066011080518,"NRI_P181",50
"65574",0.000333066011080518,"NRI_P181",100
"65575",0.000333066011080518,"NRI_P181",25
"65576",0.000333066011080518,"NRI_P181",50
"65577",0.000333066011080518,"NRI_P181",100
"65578",0.000333066011080518,"NRI_P181",25
"65579",0.000333066011080518,"NRI_P181",50
"65580",0.000333066011080518,"NRI_P181",100
"65581",0.000333066011080518,"NRI_P181",25
"65582",0.000333066011080518,"NRI_P181",50
"65583",0.000333066011080518,"NRI_P181",100
"65584",0.000333066011080518,"NRI_P181",25
"65585",0.000333066011080518,"NRI_P181",50
"65586",0.000333066011080518,"NRI_P181",100
"65587",0.000333066011080518,"NRI_P181",25
"65588",0.000333066011080518,"NRI_P181",50
"65589",0.000333066011080518,"NRI_P181",100
"65590",0.000333066011080518,"NRI_P181",25
"65591",0.000333066011080518,"NRI_P181",50
"65592",0.000333066011080518,"NRI_P181",100
"65593",0.000333066011080518,"NRI_P181",25
"65594",0.000333066011080518,"NRI_P181",50
"65595",0.000333066011080518,"NRI_P181",100
"65596",0.000333066011080518,"NRI_P181",25
"65597",0.000333066011080518,"NRI_P181",50
"65598",0.000333066011080518,"NRI_P181",100
"65599",0.000333066011080518,"NRI_P181",25
"65600",0.000333066011080518,"NRI_P181",50
"65601",0.000333066011080518,"NRI_P181",100
"65602",0.000333066011080518,"NRI_P181",25
"65603",0.000333066011080518,"NRI_P181",50
"65604",0.000333066011080518,"NRI_P181",100
"65605",0.000333066011080518,"NRI_P181",25
"65606",0.000333066011080518,"NRI_P181",50
"65607",0.000333066011080518,"NRI_P181",100
"65608",0.000333066011080518,"NRI_P181",25
"65609",0.000333066011080518,"NRI_P181",50
"65610",0.000333066011080518,"NRI_P181",100
"65611",0.000333066011080518,"NRI_P181",25
"65612",0.000333066011080518,"NRI_P181",50
"65613",0.000333066011080518,"NRI_P181",100
"65614",0.000333066011080518,"NRI_P181",25
"65615",0.000333066011080518,"NRI_P181",50
"65616",0.000333066011080518,"NRI_P181",100
"65617",0.000333066011080518,"NRI_P181",25
"65618",0.000333066011080518,"NRI_P181",50
"65619",0.000333066011080518,"NRI_P181",100
"65620",0.000333066011080518,"NRI_P181",25
"65621",0.000333066011080518,"NRI_P181",50
"65622",0.000333066011080518,"NRI_P181",100
"65623",0.000333066011080518,"NRI_P181",25
"65624",0.000333066011080518,"NRI_P181",50
"65625",0.000333066011080518,"NRI_P181",100
"65626",0.000333066011080518,"NRI_P181",25
"65627",0.000333066011080518,"NRI_P181",50
"65628",0.000333066011080518,"NRI_P181",100
"65629",0.000333066011080518,"NRI_P181",25
"65630",0.000333066011080518,"NRI_P181",50
"65631",0.000333066011080518,"NRI_P181",100
"65632",0.000333066011080518,"NRI_P181",25
"65633",0.000333066011080518,"NRI_P181",50
"65634",0.000333066011080518,"NRI_P181",100
"65635",0.000333066011080518,"NRI_P181",25
"65636",0.000333066011080518,"NRI_P181",50
"65637",0.000333066011080518,"NRI_P181",100
"65638",0.000333066011080518,"NRI_P181",25
"65639",0.000333066011080518,"NRI_P181",50
"65640",0.000333066011080518,"NRI_P181",100
"65641",0.000333066011080518,"NRI_P181",25
"65642",0.000333066011080518,"NRI_P181",50
"65643",0.000333066011080518,"NRI_P181",100
"65644",0.000333066011080518,"NRI_P181",25
"65645",0.000333066011080518,"NRI_P181",50
"65646",0.000333066011080518,"NRI_P181",100
"65647",0.000333066011080518,"NRI_P181",25
"65648",0.000333066011080518,"NRI_P181",50
"65649",0.000333066011080518,"NRI_P181",100
"65650",0.000333066011080518,"NRI_P181",25
"65651",0.000333066011080518,"NRI_P181",50
"65652",0.000333066011080518,"NRI_P181",100
"65653",0.000333066011080518,"NRI_P181",25
"65654",0.000333066011080518,"NRI_P181",50
"65655",0.000333066011080518,"NRI_P181",100
"65656",0.000333066011080518,"NRI_P181",25
"65657",0.000333066011080518,"NRI_P181",50
"65658",0.000333066011080518,"NRI_P181",100
"65659",0.000333066011080518,"NRI_P181",25
"65660",0.000333066011080518,"NRI_P181",50
"65661",0.000333066011080518,"NRI_P181",100
"65662",0.000333066011080518,"NRI_P181",25
"65663",0.000333066011080518,"NRI_P181",50
"65664",0.000333066011080518,"NRI_P181",100
"65665",0.000333066011080518,"NRI_P181",25
"65666",0.000333066011080518,"NRI_P181",50
"65667",0.000333066011080518,"NRI_P181",100
"65668",0.000333066011080518,"NRI_P181",25
"65669",0.000333066011080518,"NRI_P181",50
"65670",0.000333066011080518,"NRI_P181",100
"65671",0.000333066011080518,"NRI_P181",25
"65672",0.000333066011080518,"NRI_P181",50
"65673",0.000333066011080518,"NRI_P181",100
"65674",0.000333066011080518,"NRI_P181",25
"65675",0.000333066011080518,"NRI_P181",50
"65676",0.000333066011080518,"NRI_P181",100
"65677",0.000333066011080518,"NRI_P181",25
"65678",0.000333066011080518,"NRI_P181",50
"65679",0.000333066011080518,"NRI_P181",100
"65680",0.000333066011080518,"NRI_P181",25
"65681",0.000333066011080518,"NRI_P181",50
"65682",0.000333066011080518,"NRI_P181",100
"65683",0.000333066011080518,"NRI_P181",25
"65684",0.000333066011080518,"NRI_P181",50
"65685",0.000333066011080518,"NRI_P181",100
"65686",0.000333066011080518,"NRI_P181",25
"65687",0.000333066011080518,"NRI_P181",50
"65688",0.000333066011080518,"NRI_P181",100
"65689",0.000333066011080518,"NRI_P181",25
"65690",0.000333066011080518,"NRI_P181",50
"65691",0.000333066011080518,"NRI_P181",100
"65692",0.000333066011080518,"NRI_P181",25
"65693",0.000333066011080518,"NRI_P181",50
"65694",0.000333066011080518,"NRI_P181",100
"65695",0.000333066011080518,"NRI_P181",25
"65696",0.000333066011080518,"NRI_P181",50
"65697",0.000333066011080518,"NRI_P181",100
"65698",0.000333066011080518,"NRI_P181",25
"65699",0.000333066011080518,"NRI_P181",50
"65700",0.000333066011080518,"NRI_P181",100
"65701",0.00681564697879367,"NRI_P182",25
"65702",0.00681564697879367,"NRI_P182",50
"65703",0.00681564697879367,"NRI_P182",100
"65704",0.00681564697879367,"NRI_P182",25
"65705",0.00681564697879367,"NRI_P182",50
"65706",0.00681564697879367,"NRI_P182",100
"65707",0.00681564697879367,"NRI_P182",25
"65708",0.00681564697879367,"NRI_P182",50
"65709",0.00681564697879367,"NRI_P182",100
"65710",0.00681564697879367,"NRI_P182",25
"65711",0.00681564697879367,"NRI_P182",50
"65712",0.00681564697879367,"NRI_P182",100
"65713",0.00681564697879367,"NRI_P182",25
"65714",0.00681564697879367,"NRI_P182",50
"65715",0.00681564697879367,"NRI_P182",100
"65716",0.00681564697879367,"NRI_P182",25
"65717",0.00681564697879367,"NRI_P182",50
"65718",0.00681564697879367,"NRI_P182",100
"65719",0.00681564697879367,"NRI_P182",25
"65720",0.00681564697879367,"NRI_P182",50
"65721",0.00681564697879367,"NRI_P182",100
"65722",0.00681564697879367,"NRI_P182",25
"65723",0.00681564697879367,"NRI_P182",50
"65724",0.00681564697879367,"NRI_P182",100
"65725",0.00681564697879367,"NRI_P182",25
"65726",0.00681564697879367,"NRI_P182",50
"65727",0.00681564697879367,"NRI_P182",100
"65728",0.00681564697879367,"NRI_P182",25
"65729",0.00681564697879367,"NRI_P182",50
"65730",0.00681564697879367,"NRI_P182",100
"65731",0.00681564697879367,"NRI_P182",25
"65732",0.00681564697879367,"NRI_P182",50
"65733",0.00681564697879367,"NRI_P182",100
"65734",0.00681564697879367,"NRI_P182",25
"65735",0.00681564697879367,"NRI_P182",50
"65736",0.00681564697879367,"NRI_P182",100
"65737",0.00681564697879367,"NRI_P182",25
"65738",0.00681564697879367,"NRI_P182",50
"65739",0.00681564697879367,"NRI_P182",100
"65740",0.00681564697879367,"NRI_P182",25
"65741",0.00681564697879367,"NRI_P182",50
"65742",0.00681564697879367,"NRI_P182",100
"65743",0.00681564697879367,"NRI_P182",25
"65744",0.00681564697879367,"NRI_P182",50
"65745",0.00681564697879367,"NRI_P182",100
"65746",0.00681564697879367,"NRI_P182",25
"65747",0.00681564697879367,"NRI_P182",50
"65748",0.00681564697879367,"NRI_P182",100
"65749",0.00681564697879367,"NRI_P182",25
"65750",0.00681564697879367,"NRI_P182",50
"65751",0.00681564697879367,"NRI_P182",100
"65752",0.00681564697879367,"NRI_P182",25
"65753",0.00681564697879367,"NRI_P182",50
"65754",0.00681564697879367,"NRI_P182",100
"65755",0.00681564697879367,"NRI_P182",25
"65756",0.00681564697879367,"NRI_P182",50
"65757",0.00681564697879367,"NRI_P182",100
"65758",0.00681564697879367,"NRI_P182",25
"65759",0.00681564697879367,"NRI_P182",50
"65760",0.00681564697879367,"NRI_P182",100
"65761",0.00681564697879367,"NRI_P182",25
"65762",0.00681564697879367,"NRI_P182",50
"65763",0.00681564697879367,"NRI_P182",100
"65764",0.00681564697879367,"NRI_P182",25
"65765",0.00681564697879367,"NRI_P182",50
"65766",0.00681564697879367,"NRI_P182",100
"65767",0.00681564697879367,"NRI_P182",25
"65768",0.00681564697879367,"NRI_P182",50
"65769",0.00681564697879367,"NRI_P182",100
"65770",0.00681564697879367,"NRI_P182",25
"65771",0.00681564697879367,"NRI_P182",50
"65772",0.00681564697879367,"NRI_P182",100
"65773",0.00681564697879367,"NRI_P182",25
"65774",0.00681564697879367,"NRI_P182",50
"65775",0.00681564697879367,"NRI_P182",100
"65776",0.00681564697879367,"NRI_P182",25
"65777",0.00681564697879367,"NRI_P182",50
"65778",0.00681564697879367,"NRI_P182",100
"65779",0.00681564697879367,"NRI_P182",25
"65780",0.00681564697879367,"NRI_P182",50
"65781",0.00681564697879367,"NRI_P182",100
"65782",0.00681564697879367,"NRI_P182",25
"65783",0.00681564697879367,"NRI_P182",50
"65784",0.00681564697879367,"NRI_P182",100
"65785",0.00681564697879367,"NRI_P182",25
"65786",0.00681564697879367,"NRI_P182",50
"65787",0.00681564697879367,"NRI_P182",100
"65788",0.00681564697879367,"NRI_P182",25
"65789",0.00681564697879367,"NRI_P182",50
"65790",0.00681564697879367,"NRI_P182",100
"65791",0.00681564697879367,"NRI_P182",25
"65792",0.00681564697879367,"NRI_P182",50
"65793",0.00681564697879367,"NRI_P182",100
"65794",0.00681564697879367,"NRI_P182",25
"65795",0.00681564697879367,"NRI_P182",50
"65796",0.00681564697879367,"NRI_P182",100
"65797",0.00681564697879367,"NRI_P182",25
"65798",0.00681564697879367,"NRI_P182",50
"65799",0.00681564697879367,"NRI_P182",100
"65800",0.00681564697879367,"NRI_P182",25
"65801",0.00681564697879367,"NRI_P182",50
"65802",0.00681564697879367,"NRI_P182",100
"65803",0.00681564697879367,"NRI_P182",25
"65804",0.00681564697879367,"NRI_P182",50
"65805",0.00681564697879367,"NRI_P182",100
"65806",0.00681564697879367,"NRI_P182",25
"65807",0.00681564697879367,"NRI_P182",50
"65808",0.00681564697879367,"NRI_P182",100
"65809",0.00681564697879367,"NRI_P182",25
"65810",0.00681564697879367,"NRI_P182",50
"65811",0.00681564697879367,"NRI_P182",100
"65812",0.00681564697879367,"NRI_P182",25
"65813",0.00681564697879367,"NRI_P182",50
"65814",0.00681564697879367,"NRI_P182",100
"65815",0.00681564697879367,"NRI_P182",25
"65816",0.00681564697879367,"NRI_P182",50
"65817",0.00681564697879367,"NRI_P182",100
"65818",0.00681564697879367,"NRI_P182",25
"65819",0.00681564697879367,"NRI_P182",50
"65820",0.00681564697879367,"NRI_P182",100
"65821",0.00681564697879367,"NRI_P182",25
"65822",0.00681564697879367,"NRI_P182",50
"65823",0.00681564697879367,"NRI_P182",100
"65824",0.00681564697879367,"NRI_P182",25
"65825",0.00681564697879367,"NRI_P182",50
"65826",0.00681564697879367,"NRI_P182",100
"65827",0.00681564697879367,"NRI_P182",25
"65828",0.00681564697879367,"NRI_P182",50
"65829",0.00681564697879367,"NRI_P182",100
"65830",0.00681564697879367,"NRI_P182",25
"65831",0.00681564697879367,"NRI_P182",50
"65832",0.00681564697879367,"NRI_P182",100
"65833",0.00681564697879367,"NRI_P182",25
"65834",0.00681564697879367,"NRI_P182",50
"65835",0.00681564697879367,"NRI_P182",100
"65836",0.00681564697879367,"NRI_P182",25
"65837",0.00681564697879367,"NRI_P182",50
"65838",0.00681564697879367,"NRI_P182",100
"65839",0.00681564697879367,"NRI_P182",25
"65840",0.00681564697879367,"NRI_P182",50
"65841",0.00681564697879367,"NRI_P182",100
"65842",0.00681564697879367,"NRI_P182",25
"65843",0.00681564697879367,"NRI_P182",50
"65844",0.00681564697879367,"NRI_P182",100
"65845",0.00681564697879367,"NRI_P182",25
"65846",0.00681564697879367,"NRI_P182",50
"65847",0.00681564697879367,"NRI_P182",100
"65848",0.00681564697879367,"NRI_P182",25
"65849",0.00681564697879367,"NRI_P182",50
"65850",0.00681564697879367,"NRI_P182",100
"65851",0.00681564697879367,"NRI_P182",25
"65852",0.00681564697879367,"NRI_P182",50
"65853",0.00681564697879367,"NRI_P182",100
"65854",0.00681564697879367,"NRI_P182",25
"65855",0.00681564697879367,"NRI_P182",50
"65856",0.00681564697879367,"NRI_P182",100
"65857",0.00681564697879367,"NRI_P182",25
"65858",0.00681564697879367,"NRI_P182",50
"65859",0.00681564697879367,"NRI_P182",100
"65860",0.00681564697879367,"NRI_P182",25
"65861",0.00681564697879367,"NRI_P182",50
"65862",0.00681564697879367,"NRI_P182",100
"65863",0.00681564697879367,"NRI_P182",25
"65864",0.00681564697879367,"NRI_P182",50
"65865",0.00681564697879367,"NRI_P182",100
"65866",0.00681564697879367,"NRI_P182",25
"65867",0.00681564697879367,"NRI_P182",50
"65868",0.00681564697879367,"NRI_P182",100
"65869",0.00681564697879367,"NRI_P182",25
"65870",0.00681564697879367,"NRI_P182",50
"65871",0.00681564697879367,"NRI_P182",100
"65872",0.00681564697879367,"NRI_P182",25
"65873",0.00681564697879367,"NRI_P182",50
"65874",0.00681564697879367,"NRI_P182",100
"65875",0.00681564697879367,"NRI_P182",25
"65876",0.00681564697879367,"NRI_P182",50
"65877",0.00681564697879367,"NRI_P182",100
"65878",0.00681564697879367,"NRI_P182",25
"65879",0.00681564697879367,"NRI_P182",50
"65880",0.00681564697879367,"NRI_P182",100
"65881",0.00681564697879367,"NRI_P182",25
"65882",0.00681564697879367,"NRI_P182",50
"65883",0.00681564697879367,"NRI_P182",100
"65884",0.00681564697879367,"NRI_P182",25
"65885",0.00681564697879367,"NRI_P182",50
"65886",0.00681564697879367,"NRI_P182",100
"65887",0.00681564697879367,"NRI_P182",25
"65888",0.00681564697879367,"NRI_P182",50
"65889",0.00681564697879367,"NRI_P182",100
"65890",0.00681564697879367,"NRI_P182",25
"65891",0.00681564697879367,"NRI_P182",50
"65892",0.00681564697879367,"NRI_P182",100
"65893",0.00681564697879367,"NRI_P182",25
"65894",0.00681564697879367,"NRI_P182",50
"65895",0.00681564697879367,"NRI_P182",100
"65896",0.00681564697879367,"NRI_P182",25
"65897",0.00681564697879367,"NRI_P182",50
"65898",0.00681564697879367,"NRI_P182",100
"65899",0.00681564697879367,"NRI_P182",25
"65900",0.00681564697879367,"NRI_P182",50
"65901",0.00681564697879367,"NRI_P182",100
"65902",0.00681564697879367,"NRI_P182",25
"65903",0.00681564697879367,"NRI_P182",50
"65904",0.00681564697879367,"NRI_P182",100
"65905",0.00681564697879367,"NRI_P182",25
"65906",0.00681564697879367,"NRI_P182",50
"65907",0.00681564697879367,"NRI_P182",100
"65908",0.00681564697879367,"NRI_P182",25
"65909",0.00681564697879367,"NRI_P182",50
"65910",0.00681564697879367,"NRI_P182",100
"65911",0.00681564697879367,"NRI_P182",25
"65912",0.00681564697879367,"NRI_P182",50
"65913",0.00681564697879367,"NRI_P182",100
"65914",0.00681564697879367,"NRI_P182",25
"65915",0.00681564697879367,"NRI_P182",50
"65916",0.00681564697879367,"NRI_P182",100
"65917",0.00681564697879367,"NRI_P182",25
"65918",0.00681564697879367,"NRI_P182",50
"65919",0.00681564697879367,"NRI_P182",100
"65920",0.00681564697879367,"NRI_P182",25
"65921",0.00681564697879367,"NRI_P182",50
"65922",0.00681564697879367,"NRI_P182",100
"65923",0.00681564697879367,"NRI_P182",25
"65924",0.00681564697879367,"NRI_P182",50
"65925",0.00681564697879367,"NRI_P182",100
"65926",0.00681564697879367,"NRI_P182",25
"65927",0.00681564697879367,"NRI_P182",50
"65928",0.00681564697879367,"NRI_P182",100
"65929",0.00681564697879367,"NRI_P182",25
"65930",0.00681564697879367,"NRI_P182",50
"65931",0.00681564697879367,"NRI_P182",100
"65932",0.00681564697879367,"NRI_P182",25
"65933",0.00681564697879367,"NRI_P182",50
"65934",0.00681564697879367,"NRI_P182",100
"65935",0.00681564697879367,"NRI_P182",25
"65936",0.00681564697879367,"NRI_P182",50
"65937",0.00681564697879367,"NRI_P182",100
"65938",0.00681564697879367,"NRI_P182",25
"65939",0.00681564697879367,"NRI_P182",50
"65940",0.00681564697879367,"NRI_P182",100
"65941",0.00681564697879367,"NRI_P182",25
"65942",0.00681564697879367,"NRI_P182",50
"65943",0.00681564697879367,"NRI_P182",100
"65944",0.00681564697879367,"NRI_P182",25
"65945",0.00681564697879367,"NRI_P182",50
"65946",0.00681564697879367,"NRI_P182",100
"65947",0.00681564697879367,"NRI_P182",25
"65948",0.00681564697879367,"NRI_P182",50
"65949",0.00681564697879367,"NRI_P182",100
"65950",0.00681564697879367,"NRI_P182",25
"65951",0.00681564697879367,"NRI_P182",50
"65952",0.00681564697879367,"NRI_P182",100
"65953",0.00681564697879367,"NRI_P182",25
"65954",0.00681564697879367,"NRI_P182",50
"65955",0.00681564697879367,"NRI_P182",100
"65956",0.00681564697879367,"NRI_P182",25
"65957",0.00681564697879367,"NRI_P182",50
"65958",0.00681564697879367,"NRI_P182",100
"65959",0.00681564697879367,"NRI_P182",25
"65960",0.00681564697879367,"NRI_P182",50
"65961",0.00681564697879367,"NRI_P182",100
"65962",0.00681564697879367,"NRI_P182",25
"65963",0.00681564697879367,"NRI_P182",50
"65964",0.00681564697879367,"NRI_P182",100
"65965",0.00681564697879367,"NRI_P182",25
"65966",0.00681564697879367,"NRI_P182",50
"65967",0.00681564697879367,"NRI_P182",100
"65968",0.00681564697879367,"NRI_P182",25
"65969",0.00681564697879367,"NRI_P182",50
"65970",0.00681564697879367,"NRI_P182",100
"65971",0.00681564697879367,"NRI_P182",25
"65972",0.00681564697879367,"NRI_P182",50
"65973",0.00681564697879367,"NRI_P182",100
"65974",0.00681564697879367,"NRI_P182",25
"65975",0.00681564697879367,"NRI_P182",50
"65976",0.00681564697879367,"NRI_P182",100
"65977",0.00681564697879367,"NRI_P182",25
"65978",0.00681564697879367,"NRI_P182",50
"65979",0.00681564697879367,"NRI_P182",100
"65980",0.00681564697879367,"NRI_P182",25
"65981",0.00681564697879367,"NRI_P182",50
"65982",0.00681564697879367,"NRI_P182",100
"65983",0.00681564697879367,"NRI_P182",25
"65984",0.00681564697879367,"NRI_P182",50
"65985",0.00681564697879367,"NRI_P182",100
"65986",0.00681564697879367,"NRI_P182",25
"65987",0.00681564697879367,"NRI_P182",50
"65988",0.00681564697879367,"NRI_P182",100
"65989",0.00681564697879367,"NRI_P182",25
"65990",0.00681564697879367,"NRI_P182",50
"65991",0.00681564697879367,"NRI_P182",100
"65992",0.00681564697879367,"NRI_P182",25
"65993",0.00681564697879367,"NRI_P182",50
"65994",0.00681564697879367,"NRI_P182",100
"65995",0.00681564697879367,"NRI_P182",25
"65996",0.00681564697879367,"NRI_P182",50
"65997",0.00681564697879367,"NRI_P182",100
"65998",0.00681564697879367,"NRI_P182",25
"65999",0.00681564697879367,"NRI_P182",50
"66000",0.00681564697879367,"NRI_P182",100
"66001",275.326808498998,"NRI_P183",25
"66002",-1382.23428150098,"NRI_P183",50
"66003",-3612.62583150098,"NRI_P183",100
"66004",-928.447261500987,"NRI_P183",25
"66005",-499.585991500993,"NRI_P183",50
"66006",-4127.790531501,"NRI_P183",100
"66007",-1587.68920150097,"NRI_P183",25
"66008",-2192.04509150097,"NRI_P183",50
"66009",-2021.63979150099,"NRI_P183",100
"66010",-475.957891500962,"NRI_P183",25
"66011",-985.222511500993,"NRI_P183",50
"66012",8119.24854849902,"NRI_P183",100
"66013",76.3691084990278,"NRI_P183",25
"66014",-1411.98279150098,"NRI_P183",50
"66015",9161.82100849901,"NRI_P183",100
"66016",-1364.06647150096,"NRI_P183",25
"66017",-1268.00849150098,"NRI_P183",50
"66018",-4139.41110150097,"NRI_P183",100
"66019",-1463.30369150097,"NRI_P183",25
"66020",-2723.38872150099,"NRI_P183",50
"66021",-3280.88778150099,"NRI_P183",100
"66022",-900.022531501018,"NRI_P183",25
"66023",-1559.17578150099,"NRI_P183",50
"66024",-3147.62759150099,"NRI_P183",100
"66025",-354.278091500979,"NRI_P183",25
"66026",-1610.416991501,"NRI_P183",50
"66027",5506.18500849901,"NRI_P183",100
"66028",-1325.425591501,"NRI_P183",25
"66029",-2142.927441501,"NRI_P183",50
"66030",-4337.34246150102,"NRI_P183",100
"66031",-1210.701291501,"NRI_P183",25
"66032",-909.605391500983,"NRI_P183",50
"66033",-3439.26355150098,"NRI_P183",100
"66034",8410.05450849899,"NRI_P183",25
"66035",117.471008499037,"NRI_P183",50
"66036",-3964.92334150098,"NRI_P183",100
"66037",-846.535391500976,"NRI_P183",25
"66038",-2128.69595150097,"NRI_P183",50
"66039",-4183.68241150101,"NRI_P183",100
"66040",-758.815191500995,"NRI_P183",25
"66041",-2466.12400150101,"NRI_P183",50
"66042",-3636.29406150099,"NRI_P183",100
"66043",-1311.22899150098,"NRI_P183",25
"66044",-1154.81699150096,"NRI_P183",50
"66045",-3792.678871501,"NRI_P183",100
"66046",-1225.93849150097,"NRI_P183",25
"66047",-519.386691501015,"NRI_P183",50
"66048",-2340.22239150101,"NRI_P183",100
"66049",-28.7906915009953,"NRI_P183",25
"66050",-2502.75301150099,"NRI_P183",50
"66051",-4409.90913150099,"NRI_P183",100
"66052",-932.887821501005,"NRI_P183",25
"66053",-2386.19609150098,"NRI_P183",50
"66054",9842.384538499,"NRI_P183",100
"66055",-1141.30759150098,"NRI_P183",25
"66056",-2045.35639150097,"NRI_P183",50
"66057",-3575.64214150101,"NRI_P183",100
"66058",-862.341091501003,"NRI_P183",25
"66059",-2962.22588150098,"NRI_P183",50
"66060",-357.372191500966,"NRI_P183",100
"66061",-1088.50169150101,"NRI_P183",25
"66062",-447.098091500986,"NRI_P183",50
"66063",-3344.64146150101,"NRI_P183",100
"66064",-1376.181821501,"NRI_P183",25
"66065",-1295.268791501,"NRI_P183",50
"66066",-3392.87549150101,"NRI_P183",100
"66067",-1336.74339150102,"NRI_P183",25
"66068",-489.273591500998,"NRI_P183",50
"66069",-4141.79245150101,"NRI_P183",100
"66070",-1592.65272150101,"NRI_P183",25
"66071",-1993.892721501,"NRI_P183",50
"66072",-4415.41546150099,"NRI_P183",100
"66073",8799.11750849901,"NRI_P183",25
"66074",-1568.75569150096,"NRI_P183",50
"66075",-4151.20649150101,"NRI_P183",100
"66076",814.297508499003,"NRI_P183",25
"66077",-1722.17449150101,"NRI_P183",50
"66078",-2015.17639150098,"NRI_P183",100
"66079",-1350.40909150097,"NRI_P183",25
"66080",-1191.26089150098,"NRI_P183",50
"66081",-2476.49469150096,"NRI_P183",100
"66082",-452.343491501,"NRI_P183",25
"66083",-1088.26209150098,"NRI_P183",50
"66084",-3298.780891501,"NRI_P183",100
"66085",-1542.832391501,"NRI_P183",25
"66086",9489.06480849901,"NRI_P183",50
"66087",-2429.244191501,"NRI_P183",100
"66088",-1347.39659150096,"NRI_P183",25
"66089",-757.50669150101,"NRI_P183",50
"66090",-2870.55878150096,"NRI_P183",100
"66091",-143.450791500974,"NRI_P183",25
"66092",-103.46869150101,"NRI_P183",50
"66093",-2452.15809150098,"NRI_P183",100
"66094",-547.158591501007,"NRI_P183",25
"66095",-1122.095891501,"NRI_P183",50
"66096",-4400.85859150096,"NRI_P183",100
"66097",-1568.317561501,"NRI_P183",25
"66098",-1676.15909150097,"NRI_P183",50
"66099",-3383.52354150097,"NRI_P183",100
"66100",-1574.86856150097,"NRI_P183",25
"66101",-663.010541500989,"NRI_P183",50
"66102",-4113.04395150096,"NRI_P183",100
"66103",-921.33959150099,"NRI_P183",25
"66104",1085.99860849901,"NRI_P183",50
"66105",-4371.754901501,"NRI_P183",100
"66106",-893.374851500965,"NRI_P183",25
"66107",-1351.61579150101,"NRI_P183",50
"66108",-3413.68869150098,"NRI_P183",100
"66109",-336.842391501006,"NRI_P183",25
"66110",-1928.04609150096,"NRI_P183",50
"66111",-3829.48127150099,"NRI_P183",100
"66112",-860.149391500978,"NRI_P183",25
"66113",-2839.38089150097,"NRI_P183",50
"66114",-4302.23418150097,"NRI_P183",100
"66115",-1267.12129150098,"NRI_P183",25
"66116",-2037.68269150099,"NRI_P183",50
"66117",-4221.78479150101,"NRI_P183",100
"66118",-1578.02558150102,"NRI_P183",25
"66119",-1474.92299150099,"NRI_P183",50
"66120",-4081.96770150098,"NRI_P183",100
"66121",-455.995791501016,"NRI_P183",25
"66122",-1335.61369150097,"NRI_P183",50
"66123",-4142.126981501,"NRI_P183",100
"66124",-869.250291500997,"NRI_P183",25
"66125",-1691.64239150099,"NRI_P183",50
"66126",-4403.76135150099,"NRI_P183",100
"66127",-1334.76709150098,"NRI_P183",25
"66128",-1420.66426150099,"NRI_P183",50
"66129",-3578.201971501,"NRI_P183",100
"66130",531.35850849899,"NRI_P183",25
"66131",-1325.35059150099,"NRI_P183",50
"66132",-3208.53733150096,"NRI_P183",100
"66133",-1559.67768150097,"NRI_P183",25
"66134",-1824.25419150101,"NRI_P183",50
"66135",-4264.693631501,"NRI_P183",100
"66136",-1418.10509150097,"NRI_P183",25
"66137",-1142.84516150097,"NRI_P183",50
"66138",-3749.445291501,"NRI_P183",100
"66139",-1380.94171150099,"NRI_P183",25
"66140",-397.414691501006,"NRI_P183",50
"66141",-4118.40559150098,"NRI_P183",100
"66142",-827.660191500967,"NRI_P183",25
"66143",-829.526591500966,"NRI_P183",50
"66144",-3876.38989150099,"NRI_P183",100
"66145",-451.902591501013,"NRI_P183",25
"66146",875.156908499019,"NRI_P183",50
"66147",-2592.99899150099,"NRI_P183",100
"66148",-932.377791501,"NRI_P183",25
"66149",-2926.78614150098,"NRI_P183",50
"66150",-4128.87098150101,"NRI_P183",100
"66151",-801.120391500997,"NRI_P183",25
"66152",51948.611508499,"NRI_P183",50
"66153",1046.56010849902,"NRI_P183",100
"66154",-878.429591501015,"NRI_P183",25
"66155",-2672.88199150097,"NRI_P183",50
"66156",-4355.44637150096,"NRI_P183",100
"66157",-915.103661500965,"NRI_P183",25
"66158",-1485.65209150099,"NRI_P183",50
"66159",-4158.17101150099,"NRI_P183",100
"66160",-1399.54638150102,"NRI_P183",25
"66161",-986.725791500998,"NRI_P183",50
"66162",-2988.38067150099,"NRI_P183",100
"66163",187.871208499011,"NRI_P183",25
"66164",-1424.48179150099,"NRI_P183",50
"66165",-2506.41945150099,"NRI_P183",100
"66166",-1257.21469150099,"NRI_P183",25
"66167",-1005.205091501,"NRI_P183",50
"66168",-3980.96159150096,"NRI_P183",100
"66169",-905.157351500995,"NRI_P183",25
"66170",-2092.76979150099,"NRI_P183",50
"66171",-3637.44989150099,"NRI_P183",100
"66172",-35.1851915009902,"NRI_P183",25
"66173",-543.688291500963,"NRI_P183",50
"66174",-4325.29546150099,"NRI_P183",100
"66175",-303.794791501015,"NRI_P183",25
"66176",-1600.73716150096,"NRI_P183",50
"66177",-4136.81069150101,"NRI_P183",100
"66178",-792.445991500979,"NRI_P183",25
"66179",-1228.141261501,"NRI_P183",50
"66180",-4212.23424150096,"NRI_P183",100
"66181",-1368.779561501,"NRI_P183",25
"66182",-2250.60508150101,"NRI_P183",50
"66183",-3543.77027150098,"NRI_P183",100
"66184",-8.64119150099577,"NRI_P183",25
"66185",-2043.10269150097,"NRI_P183",50
"66186",-3296.04739150096,"NRI_P183",100
"66187",-1519.91429150099,"NRI_P183",25
"66188",-2158.65731150098,"NRI_P183",50
"66189",1920.88140849903,"NRI_P183",100
"66190",435.635208499036,"NRI_P183",25
"66191",-2199.44309150102,"NRI_P183",50
"66192",-1849.70574150101,"NRI_P183",100
"66193",-465.519491500978,"NRI_P183",25
"66194",10224.728508499,"NRI_P183",50
"66195",-4208.40149150096,"NRI_P183",100
"66196",-1552.398591501,"NRI_P183",25
"66197",-1782.50499150099,"NRI_P183",50
"66198",-1134.031151501,"NRI_P183",100
"66199",-879.09369150101,"NRI_P183",25
"66200",-1672.69019150099,"NRI_P183",50
"66201",-4218.14165150101,"NRI_P183",100
"66202",-1257.21469150099,"NRI_P183",25
"66203",-2293.38612150098,"NRI_P183",50
"66204",-2835.266321501,"NRI_P183",100
"66205",-1355.35719150101,"NRI_P183",25
"66206",-2467.57258150098,"NRI_P183",50
"66207",-3925.84019150102,"NRI_P183",100
"66208",-11.843591501005,"NRI_P183",25
"66209",-1467.08656150097,"NRI_P183",50
"66210",8683.50600849901,"NRI_P183",100
"66211",-635.067511500965,"NRI_P183",25
"66212",-1548.136161501,"NRI_P183",50
"66213",-1537.36485150101,"NRI_P183",100
"66214",-1231.72029150097,"NRI_P183",25
"66215",-1580.12399150099,"NRI_P183",50
"66216",-4358.44348150102,"NRI_P183",100
"66217",-1363.89614150097,"NRI_P183",25
"66218",-2772.597061501,"NRI_P183",50
"66219",-4252.31476150098,"NRI_P183",100
"66220",-1548.63489150099,"NRI_P183",25
"66221",7314.06380849902,"NRI_P183",50
"66222",-3761.62559150101,"NRI_P183",100
"66223",-460.831791500968,"NRI_P183",25
"66224",-2015.92499150097,"NRI_P183",50
"66225",-1836.334991501,"NRI_P183",100
"66226",-624.522521501,"NRI_P183",25
"66227",-1658.98879150097,"NRI_P183",50
"66228",-4219.96652150102,"NRI_P183",100
"66229",-918.041141500988,"NRI_P183",25
"66230",-2226.24689150101,"NRI_P183",50
"66231",-2307.08049150096,"NRI_P183",100
"66232",-222.471491500968,"NRI_P183",25
"66233",-1768.11249150097,"NRI_P183",50
"66234",-2093.83819150098,"NRI_P183",100
"66235",-507.519191500964,"NRI_P183",25
"66236",-2409.548871501,"NRI_P183",50
"66237",6021.57770849898,"NRI_P183",100
"66238",-442.974791501008,"NRI_P183",25
"66239",-1301.22499150102,"NRI_P183",50
"66240",-2337.04116150097,"NRI_P183",100
"66241",-1364.67483150098,"NRI_P183",25
"66242",-1432.63799150102,"NRI_P183",50
"66243",-3096.86248150101,"NRI_P183",100
"66244",-861.957191500987,"NRI_P183",25
"66245",-2502.037191501,"NRI_P183",50
"66246",-3436.361501501,"NRI_P183",100
"66247",-932.377791501,"NRI_P183",25
"66248",-2240.27731150098,"NRI_P183",50
"66249",-3525.824311501,"NRI_P183",100
"66250",-249.175191500981,"NRI_P183",25
"66251",-2772.17398150096,"NRI_P183",50
"66252",-4356.52696150099,"NRI_P183",100
"66253",-1254.47689150099,"NRI_P183",25
"66254",-2010.09603150102,"NRI_P183",50
"66255",-2206.02207150101,"NRI_P183",100
"66256",-1307.117991501,"NRI_P183",25
"66257",-2038.58122150099,"NRI_P183",50
"66258",-3954.99615150096,"NRI_P183",100
"66259",-508.125791500963,"NRI_P183",25
"66260",-1482.44049150101,"NRI_P183",50
"66261",-1314.61745150096,"NRI_P183",100
"66262",-1360.07208150101,"NRI_P183",25
"66263",-2483.40415150102,"NRI_P183",50
"66264",-3730.39649150101,"NRI_P183",100
"66265",412.28620849899,"NRI_P183",25
"66266",-2177.76299150102,"NRI_P183",50
"66267",-4158.13864150096,"NRI_P183",100
"66268",-1498.74099150096,"NRI_P183",25
"66269",-2106.43945150101,"NRI_P183",50
"66270",-3162.776511501,"NRI_P183",100
"66271",-545.803391501016,"NRI_P183",25
"66272",-1851.21747150098,"NRI_P183",50
"66273",1081.74906849902,"NRI_P183",100
"66274",-253.30529150099,"NRI_P183",25
"66275",-2649.95309150097,"NRI_P183",50
"66276",-3720.72101150098,"NRI_P183",100
"66277",-1052.092291501,"NRI_P183",25
"66278",-1125.22499150102,"NRI_P183",50
"66279",-3487.03901150101,"NRI_P183",100
"66280",-1390.40713150101,"NRI_P183",25
"66281",-2641.12268150097,"NRI_P183",50
"66282",-3298.89569150098,"NRI_P183",100
"66283",423.316508499032,"NRI_P183",25
"66284",-2117.09009150101,"NRI_P183",50
"66285",-3771.10068150098,"NRI_P183",100
"66286",-1544.78759150096,"NRI_P183",25
"66287",-2564.77009150101,"NRI_P183",50
"66288",-2011.37479150097,"NRI_P183",100
"66289",-1570.155471501,"NRI_P183",25
"66290",-2020.09329150099,"NRI_P183",50
"66291",-4011.03752150101,"NRI_P183",100
"66292",-1358.50414150098,"NRI_P183",25
"66293",-1368.030891501,"NRI_P183",50
"66294",-3450.360301501,"NRI_P183",100
"66295",-1360.07208150101,"NRI_P183",25
"66296",-1423.68579150102,"NRI_P183",50
"66297",11862.489608499,"NRI_P183",100
"66298",-585.084091500961,"NRI_P183",25
"66299",-1420.58709150099,"NRI_P183",50
"66300",-4006.87197150098,"NRI_P183",100
"66301",0.0116619059117511,"NRI_P184",25
"66302",0.0116619059117511,"NRI_P184",50
"66303",0.0116619059117511,"NRI_P184",100
"66304",0.0116619059117511,"NRI_P184",25
"66305",0.0116619059117511,"NRI_P184",50
"66306",0.0116619059117511,"NRI_P184",100
"66307",0.0116619059117511,"NRI_P184",25
"66308",0.0116619059117511,"NRI_P184",50
"66309",0.0116619059117511,"NRI_P184",100
"66310",0.0116619059117511,"NRI_P184",25
"66311",0.0116619059117511,"NRI_P184",50
"66312",0.0116619059117511,"NRI_P184",100
"66313",0.0116619059117511,"NRI_P184",25
"66314",0.0116619059117511,"NRI_P184",50
"66315",0.0116619059117511,"NRI_P184",100
"66316",0.0116619059117511,"NRI_P184",25
"66317",0.0116619059117511,"NRI_P184",50
"66318",0.0116619059117511,"NRI_P184",100
"66319",0.0116619059117511,"NRI_P184",25
"66320",0.0116619059117511,"NRI_P184",50
"66321",0.0116619059117511,"NRI_P184",100
"66322",0.0116619059117511,"NRI_P184",25
"66323",0.0116619059117511,"NRI_P184",50
"66324",0.0116619059117511,"NRI_P184",100
"66325",0.0116619059117511,"NRI_P184",25
"66326",0.0116619059117511,"NRI_P184",50
"66327",0.0116619059117511,"NRI_P184",100
"66328",0.0116619059117511,"NRI_P184",25
"66329",0.0116619059117511,"NRI_P184",50
"66330",0.0116619059117511,"NRI_P184",100
"66331",0.0116619059117511,"NRI_P184",25
"66332",0.0116619059117511,"NRI_P184",50
"66333",0.0116619059117511,"NRI_P184",100
"66334",0.0116619059117511,"NRI_P184",25
"66335",0.0116619059117511,"NRI_P184",50
"66336",0.0116619059117511,"NRI_P184",100
"66337",0.0116619059117511,"NRI_P184",25
"66338",0.0116619059117511,"NRI_P184",50
"66339",0.0116619059117511,"NRI_P184",100
"66340",0.0116619059117511,"NRI_P184",25
"66341",0.0116619059117511,"NRI_P184",50
"66342",0.0116619059117511,"NRI_P184",100
"66343",0.0116619059117511,"NRI_P184",25
"66344",0.0116619059117511,"NRI_P184",50
"66345",0.0116619059117511,"NRI_P184",100
"66346",0.0116619059117511,"NRI_P184",25
"66347",0.0116619059117511,"NRI_P184",50
"66348",0.0116619059117511,"NRI_P184",100
"66349",0.0116619059117511,"NRI_P184",25
"66350",0.0116619059117511,"NRI_P184",50
"66351",0.0116619059117511,"NRI_P184",100
"66352",0.0116619059117511,"NRI_P184",25
"66353",0.0116619059117511,"NRI_P184",50
"66354",0.0116619059117511,"NRI_P184",100
"66355",0.0116619059117511,"NRI_P184",25
"66356",0.0116619059117511,"NRI_P184",50
"66357",0.0116619059117511,"NRI_P184",100
"66358",0.0116619059117511,"NRI_P184",25
"66359",0.0116619059117511,"NRI_P184",50
"66360",0.0116619059117511,"NRI_P184",100
"66361",0.0116619059117511,"NRI_P184",25
"66362",0.0116619059117511,"NRI_P184",50
"66363",0.0116619059117511,"NRI_P184",100
"66364",0.0116619059117511,"NRI_P184",25
"66365",0.0116619059117511,"NRI_P184",50
"66366",0.0116619059117511,"NRI_P184",100
"66367",0.0116619059117511,"NRI_P184",25
"66368",0.0116619059117511,"NRI_P184",50
"66369",0.0116619059117511,"NRI_P184",100
"66370",0.0116619059117511,"NRI_P184",25
"66371",0.0116619059117511,"NRI_P184",50
"66372",0.0116619059117511,"NRI_P184",100
"66373",0.0116619059117511,"NRI_P184",25
"66374",0.0116619059117511,"NRI_P184",50
"66375",0.0116619059117511,"NRI_P184",100
"66376",0.0116619059117511,"NRI_P184",25
"66377",0.0116619059117511,"NRI_P184",50
"66378",0.0116619059117511,"NRI_P184",100
"66379",0.0116619059117511,"NRI_P184",25
"66380",0.0116619059117511,"NRI_P184",50
"66381",0.0116619059117511,"NRI_P184",100
"66382",0.0116619059117511,"NRI_P184",25
"66383",0.0116619059117511,"NRI_P184",50
"66384",0.0116619059117511,"NRI_P184",100
"66385",0.0116619059117511,"NRI_P184",25
"66386",0.0116619059117511,"NRI_P184",50
"66387",0.0116619059117511,"NRI_P184",100
"66388",0.0116619059117511,"NRI_P184",25
"66389",0.0116619059117511,"NRI_P184",50
"66390",0.0116619059117511,"NRI_P184",100
"66391",0.0116619059117511,"NRI_P184",25
"66392",0.0116619059117511,"NRI_P184",50
"66393",0.0116619059117511,"NRI_P184",100
"66394",0.0116619059117511,"NRI_P184",25
"66395",0.0116619059117511,"NRI_P184",50
"66396",0.0116619059117511,"NRI_P184",100
"66397",0.0116619059117511,"NRI_P184",25
"66398",0.0116619059117511,"NRI_P184",50
"66399",0.0116619059117511,"NRI_P184",100
"66400",0.0116619059117511,"NRI_P184",25
"66401",0.0116619059117511,"NRI_P184",50
"66402",0.0116619059117511,"NRI_P184",100
"66403",0.0116619059117511,"NRI_P184",25
"66404",0.0116619059117511,"NRI_P184",50
"66405",0.0116619059117511,"NRI_P184",100
"66406",0.0116619059117511,"NRI_P184",25
"66407",0.0116619059117511,"NRI_P184",50
"66408",0.0116619059117511,"NRI_P184",100
"66409",0.0116619059117511,"NRI_P184",25
"66410",0.0116619059117511,"NRI_P184",50
"66411",0.0116619059117511,"NRI_P184",100
"66412",0.0116619059117511,"NRI_P184",25
"66413",0.0116619059117511,"NRI_P184",50
"66414",0.0116619059117511,"NRI_P184",100
"66415",0.0116619059117511,"NRI_P184",25
"66416",0.0116619059117511,"NRI_P184",50
"66417",0.0116619059117511,"NRI_P184",100
"66418",0.0116619059117511,"NRI_P184",25
"66419",0.0116619059117511,"NRI_P184",50
"66420",0.0116619059117511,"NRI_P184",100
"66421",0.0116619059117511,"NRI_P184",25
"66422",0.0116619059117511,"NRI_P184",50
"66423",0.0116619059117511,"NRI_P184",100
"66424",0.0116619059117511,"NRI_P184",25
"66425",0.0116619059117511,"NRI_P184",50
"66426",0.0116619059117511,"NRI_P184",100
"66427",0.0116619059117511,"NRI_P184",25
"66428",0.0116619059117511,"NRI_P184",50
"66429",0.0116619059117511,"NRI_P184",100
"66430",0.0116619059117511,"NRI_P184",25
"66431",0.0116619059117511,"NRI_P184",50
"66432",0.0116619059117511,"NRI_P184",100
"66433",0.0116619059117511,"NRI_P184",25
"66434",0.0116619059117511,"NRI_P184",50
"66435",0.0116619059117511,"NRI_P184",100
"66436",0.0116619059117511,"NRI_P184",25
"66437",0.0116619059117511,"NRI_P184",50
"66438",0.0116619059117511,"NRI_P184",100
"66439",0.0116619059117511,"NRI_P184",25
"66440",0.0116619059117511,"NRI_P184",50
"66441",0.0116619059117511,"NRI_P184",100
"66442",0.0116619059117511,"NRI_P184",25
"66443",0.0116619059117511,"NRI_P184",50
"66444",0.0116619059117511,"NRI_P184",100
"66445",0.0116619059117511,"NRI_P184",25
"66446",0.0116619059117511,"NRI_P184",50
"66447",0.0116619059117511,"NRI_P184",100
"66448",0.0116619059117511,"NRI_P184",25
"66449",0.0116619059117511,"NRI_P184",50
"66450",0.0116619059117511,"NRI_P184",100
"66451",0.0116619059117511,"NRI_P184",25
"66452",0.0116619059117511,"NRI_P184",50
"66453",0.0116619059117511,"NRI_P184",100
"66454",0.0116619059117511,"NRI_P184",25
"66455",0.0116619059117511,"NRI_P184",50
"66456",0.0116619059117511,"NRI_P184",100
"66457",0.0116619059117511,"NRI_P184",25
"66458",0.0116619059117511,"NRI_P184",50
"66459",0.0116619059117511,"NRI_P184",100
"66460",0.0116619059117511,"NRI_P184",25
"66461",0.0116619059117511,"NRI_P184",50
"66462",0.0116619059117511,"NRI_P184",100
"66463",0.0116619059117511,"NRI_P184",25
"66464",0.0116619059117511,"NRI_P184",50
"66465",0.0116619059117511,"NRI_P184",100
"66466",0.0116619059117511,"NRI_P184",25
"66467",0.0116619059117511,"NRI_P184",50
"66468",0.0116619059117511,"NRI_P184",100
"66469",0.0116619059117511,"NRI_P184",25
"66470",0.0116619059117511,"NRI_P184",50
"66471",0.0116619059117511,"NRI_P184",100
"66472",0.0116619059117511,"NRI_P184",25
"66473",0.0116619059117511,"NRI_P184",50
"66474",0.0116619059117511,"NRI_P184",100
"66475",0.0116619059117511,"NRI_P184",25
"66476",0.0116619059117511,"NRI_P184",50
"66477",0.0116619059117511,"NRI_P184",100
"66478",0.0116619059117511,"NRI_P184",25
"66479",0.0116619059117511,"NRI_P184",50
"66480",0.0116619059117511,"NRI_P184",100
"66481",0.0116619059117511,"NRI_P184",25
"66482",0.0116619059117511,"NRI_P184",50
"66483",0.0116619059117511,"NRI_P184",100
"66484",0.0116619059117511,"NRI_P184",25
"66485",0.0116619059117511,"NRI_P184",50
"66486",0.0116619059117511,"NRI_P184",100
"66487",0.0116619059117511,"NRI_P184",25
"66488",0.0116619059117511,"NRI_P184",50
"66489",0.0116619059117511,"NRI_P184",100
"66490",0.0116619059117511,"NRI_P184",25
"66491",0.0116619059117511,"NRI_P184",50
"66492",0.0116619059117511,"NRI_P184",100
"66493",0.0116619059117511,"NRI_P184",25
"66494",0.0116619059117511,"NRI_P184",50
"66495",0.0116619059117511,"NRI_P184",100
"66496",0.0116619059117511,"NRI_P184",25
"66497",0.0116619059117511,"NRI_P184",50
"66498",0.0116619059117511,"NRI_P184",100
"66499",0.0116619059117511,"NRI_P184",25
"66500",0.0116619059117511,"NRI_P184",50
"66501",0.0116619059117511,"NRI_P184",100
"66502",0.0116619059117511,"NRI_P184",25
"66503",0.0116619059117511,"NRI_P184",50
"66504",0.0116619059117511,"NRI_P184",100
"66505",0.0116619059117511,"NRI_P184",25
"66506",0.0116619059117511,"NRI_P184",50
"66507",0.0116619059117511,"NRI_P184",100
"66508",0.0116619059117511,"NRI_P184",25
"66509",0.0116619059117511,"NRI_P184",50
"66510",0.0116619059117511,"NRI_P184",100
"66511",0.0116619059117511,"NRI_P184",25
"66512",0.0116619059117511,"NRI_P184",50
"66513",0.0116619059117511,"NRI_P184",100
"66514",0.0116619059117511,"NRI_P184",25
"66515",0.0116619059117511,"NRI_P184",50
"66516",0.0116619059117511,"NRI_P184",100
"66517",0.0116619059117511,"NRI_P184",25
"66518",0.0116619059117511,"NRI_P184",50
"66519",0.0116619059117511,"NRI_P184",100
"66520",0.0116619059117511,"NRI_P184",25
"66521",0.0116619059117511,"NRI_P184",50
"66522",0.0116619059117511,"NRI_P184",100
"66523",0.0116619059117511,"NRI_P184",25
"66524",0.0116619059117511,"NRI_P184",50
"66525",0.0116619059117511,"NRI_P184",100
"66526",0.0116619059117511,"NRI_P184",25
"66527",0.0116619059117511,"NRI_P184",50
"66528",0.0116619059117511,"NRI_P184",100
"66529",0.0116619059117511,"NRI_P184",25
"66530",0.0116619059117511,"NRI_P184",50
"66531",0.0116619059117511,"NRI_P184",100
"66532",0.0116619059117511,"NRI_P184",25
"66533",0.0116619059117511,"NRI_P184",50
"66534",0.0116619059117511,"NRI_P184",100
"66535",0.0116619059117511,"NRI_P184",25
"66536",0.0116619059117511,"NRI_P184",50
"66537",0.0116619059117511,"NRI_P184",100
"66538",0.0116619059117511,"NRI_P184",25
"66539",0.0116619059117511,"NRI_P184",50
"66540",0.0116619059117511,"NRI_P184",100
"66541",0.0116619059117511,"NRI_P184",25
"66542",0.0116619059117511,"NRI_P184",50
"66543",0.0116619059117511,"NRI_P184",100
"66544",0.0116619059117511,"NRI_P184",25
"66545",0.0116619059117511,"NRI_P184",50
"66546",0.0116619059117511,"NRI_P184",100
"66547",0.0116619059117511,"NRI_P184",25
"66548",0.0116619059117511,"NRI_P184",50
"66549",0.0116619059117511,"NRI_P184",100
"66550",0.0116619059117511,"NRI_P184",25
"66551",0.0116619059117511,"NRI_P184",50
"66552",0.0116619059117511,"NRI_P184",100
"66553",0.0116619059117511,"NRI_P184",25
"66554",0.0116619059117511,"NRI_P184",50
"66555",0.0116619059117511,"NRI_P184",100
"66556",0.0116619059117511,"NRI_P184",25
"66557",0.0116619059117511,"NRI_P184",50
"66558",0.0116619059117511,"NRI_P184",100
"66559",0.0116619059117511,"NRI_P184",25
"66560",0.0116619059117511,"NRI_P184",50
"66561",0.0116619059117511,"NRI_P184",100
"66562",0.0116619059117511,"NRI_P184",25
"66563",0.0116619059117511,"NRI_P184",50
"66564",0.0116619059117511,"NRI_P184",100
"66565",0.0116619059117511,"NRI_P184",25
"66566",0.0116619059117511,"NRI_P184",50
"66567",0.0116619059117511,"NRI_P184",100
"66568",0.0116619059117511,"NRI_P184",25
"66569",0.0116619059117511,"NRI_P184",50
"66570",0.0116619059117511,"NRI_P184",100
"66571",0.0116619059117511,"NRI_P184",25
"66572",0.0116619059117511,"NRI_P184",50
"66573",0.0116619059117511,"NRI_P184",100
"66574",0.0116619059117511,"NRI_P184",25
"66575",0.0116619059117511,"NRI_P184",50
"66576",0.0116619059117511,"NRI_P184",100
"66577",0.0116619059117511,"NRI_P184",25
"66578",0.0116619059117511,"NRI_P184",50
"66579",0.0116619059117511,"NRI_P184",100
"66580",0.0116619059117511,"NRI_P184",25
"66581",0.0116619059117511,"NRI_P184",50
"66582",0.0116619059117511,"NRI_P184",100
"66583",0.0116619059117511,"NRI_P184",25
"66584",0.0116619059117511,"NRI_P184",50
"66585",0.0116619059117511,"NRI_P184",100
"66586",0.0116619059117511,"NRI_P184",25
"66587",0.0116619059117511,"NRI_P184",50
"66588",0.0116619059117511,"NRI_P184",100
"66589",0.0116619059117511,"NRI_P184",25
"66590",0.0116619059117511,"NRI_P184",50
"66591",0.0116619059117511,"NRI_P184",100
"66592",0.0116619059117511,"NRI_P184",25
"66593",0.0116619059117511,"NRI_P184",50
"66594",0.0116619059117511,"NRI_P184",100
"66595",0.0116619059117511,"NRI_P184",25
"66596",0.0116619059117511,"NRI_P184",50
"66597",0.0116619059117511,"NRI_P184",100
"66598",0.0116619059117511,"NRI_P184",25
"66599",0.0116619059117511,"NRI_P184",50
"66600",0.0116619059117511,"NRI_P184",100
"66601",304.391042141797,"NRI_P186",25
"66602",608.841802141789,"NRI_P186",50
"66603",1350.20804214179,"NRI_P186",100
"66604",169.061352141798,"NRI_P186",25
"66605",43.5076321417873,"NRI_P186",50
"66606",358.085032141797,"NRI_P186",100
"66607",167.080652141798,"NRI_P186",25
"66608",472.348592141789,"NRI_P186",50
"66609",-74.2851878582005,"NRI_P186",100
"66610",58.3998421417928,"NRI_P186",25
"66611",144.155042141792,"NRI_P186",50
"66612",218.709722141793,"NRI_P186",100
"66613",299.780832141798,"NRI_P186",25
"66614",349.563982141801,"NRI_P186",50
"66615",304.520512141797,"NRI_P186",100
"66616",-76.0978278582043,"NRI_P186",25
"66617",-47.8232178582111,"NRI_P186",50
"66618",376.97110214179,"NRI_P186",100
"66619",19.5219421418005,"NRI_P186",25
"66620",602.715272141795,"NRI_P186",50
"66621",608.470422141792,"NRI_P186",100
"66622",68.8252321417967,"NRI_P186",25
"66623",229.277282141789,"NRI_P186",50
"66624",460.465392141792,"NRI_P186",100
"66625",-12.7428278582083,"NRI_P186",25
"66626",88.2437321417965,"NRI_P186",50
"66627",177.784342141793,"NRI_P186",100
"66628",-15.1726678582054,"NRI_P186",25
"66629",128.1862721418,"NRI_P186",50
"66630",597.304032141794,"NRI_P186",100
"66631",65.6112321417895,"NRI_P186",25
"66632",460.124252141788,"NRI_P186",50
"66633",221.004812141793,"NRI_P186",100
"66634",390.221682141797,"NRI_P186",25
"66635",3479.74303214179,"NRI_P186",50
"66636",781.445372141796,"NRI_P186",100
"66637",390.542432141796,"NRI_P186",25
"66638",-82.5301678582036,"NRI_P186",50
"66639",-4.52836785820546,"NRI_P186",100
"66640",1393.8432921418,"NRI_P186",25
"66641",188.628702141796,"NRI_P186",50
"66642",659.100442141789,"NRI_P186",100
"66643",-7.27615785819944,"NRI_P186",25
"66644",144.039722141795,"NRI_P186",50
"66645",125.703272141793,"NRI_P186",100
"66646",-44.4380078582035,"NRI_P186",25
"66647",112.757162141788,"NRI_P186",50
"66648",172.164372141793,"NRI_P186",100
"66649",-69.7169678581995,"NRI_P186",25
"66650",346.782462141797,"NRI_P186",50
"66651",309.686392141797,"NRI_P186",100
"66652",-50.5238078582042,"NRI_P186",25
"66653",551.196692141792,"NRI_P186",50
"66654",951.7250021418,"NRI_P186",100
"66655",-94.8748678582051,"NRI_P186",25
"66656",13.4176221417874,"NRI_P186",50
"66657",179.673922141796,"NRI_P186",100
"66658",30.1091621417872,"NRI_P186",25
"66659",194.468712141796,"NRI_P186",50
"66660",-40.2170778582076,"NRI_P186",100
"66661",165.664782141801,"NRI_P186",25
"66662",181.431992141792,"NRI_P186",50
"66663",2165.42979214179,"NRI_P186",100
"66664",453.766942141796,"NRI_P186",25
"66665",-88.808157858206,"NRI_P186",50
"66666",472.128462141787,"NRI_P186",100
"66667",-94.8748678582051,"NRI_P186",25
"66668",463.324572141792,"NRI_P186",50
"66669",1237.12044214179,"NRI_P186",100
"66670",107.301392141788,"NRI_P186",25
"66671",52.2404621417954,"NRI_P186",50
"66672",233.852922141799,"NRI_P186",100
"66673",159.922542141794,"NRI_P186",25
"66674",279.05462214179,"NRI_P186",50
"66675",215.366412141797,"NRI_P186",100
"66676",32.0797321417922,"NRI_P186",25
"66677",560.145052141801,"NRI_P186",50
"66678",3729.6296621418,"NRI_P186",100
"66679",26.5161121417914,"NRI_P186",25
"66680",11.4432021417888,"NRI_P186",50
"66681",245.3803921418,"NRI_P186",100
"66682",36.39966214179,"NRI_P186",25
"66683",66.5780421417876,"NRI_P186",50
"66684",111.007702141796,"NRI_P186",100
"66685",152.385682141801,"NRI_P186",25
"66686",375.207832141794,"NRI_P186",50
"66687",191.5072821418,"NRI_P186",100
"66688",-37.1263678582036,"NRI_P186",25
"66689",296.709812141795,"NRI_P186",50
"66690",554.841512141793,"NRI_P186",100
"66691",385.214282141795,"NRI_P186",25
"66692",152.16780214179,"NRI_P186",50
"66693",1597.4640421418,"NRI_P186",100
"66694",520.825282141799,"NRI_P186",25
"66695",76.6650921417895,"NRI_P186",50
"66696",1661.99135214179,"NRI_P186",100
"66697",152.385682141801,"NRI_P186",25
"66698",131.582232141795,"NRI_P186",50
"66699",635.057212141794,"NRI_P186",100
"66700",29.3349321417918,"NRI_P186",25
"66701",641.97123214179,"NRI_P186",50
"66702",87.5402321417932,"NRI_P186",100
"66703",27.071622141797,"NRI_P186",25
"66704",2177.15087214179,"NRI_P186",50
"66705",671.188832141794,"NRI_P186",100
"66706",-55.2794578582107,"NRI_P186",25
"66707",170.36785214179,"NRI_P186",50
"66708",31.8359921417868,"NRI_P186",100
"66709",40.7214621417952,"NRI_P186",25
"66710",72.8102721417963,"NRI_P186",50
"66711",220.187192141791,"NRI_P186",100
"66712",235.147492141798,"NRI_P186",25
"66713",70.481972141788,"NRI_P186",50
"66714",345.066612141789,"NRI_P186",100
"66715",-1.60174785820709,"NRI_P186",25
"66716",331.943842141787,"NRI_P186",50
"66717",636.821592141787,"NRI_P186",100
"66718",-69.0881678582082,"NRI_P186",25
"66719",-99.8203578582034,"NRI_P186",50
"66720",781.303672141788,"NRI_P186",100
"66721",730.607542141792,"NRI_P186",25
"66722",332.0547821418,"NRI_P186",50
"66723",488.606402141799,"NRI_P186",100
"66724",356.480432141791,"NRI_P186",25
"66725",49.6486521417974,"NRI_P186",50
"66726",214.372952141799,"NRI_P186",100
"66727",20.5199921417952,"NRI_P186",25
"66728",152.038392141796,"NRI_P186",50
"66729",99.8036121417972,"NRI_P186",100
"66730",391.072642141793,"NRI_P186",25
"66731",-149.865957858201,"NRI_P186",50
"66732",684.711642141789,"NRI_P186",100
"66733",8.7816121418,"NRI_P186",25
"66734",105.91406214179,"NRI_P186",50
"66735",828.780312141796,"NRI_P186",100
"66736",-6.04535785820917,"NRI_P186",25
"66737",305.156452141789,"NRI_P186",50
"66738",954.718032141798,"NRI_P186",100
"66739",116.497042141797,"NRI_P186",25
"66740",84.7577821417945,"NRI_P186",50
"66741",-42.0851178582088,"NRI_P186",100
"66742",32.5545521417953,"NRI_P186",25
"66743",228.527532141801,"NRI_P186",50
"66744",523.068912141796,"NRI_P186",100
"66745",212.282382141799,"NRI_P186",25
"66746",329.827242141793,"NRI_P186",50
"66747",198.318022141801,"NRI_P186",100
"66748",-19.3662078582129,"NRI_P186",25
"66749",257.794152141796,"NRI_P186",50
"66750",496.012342141796,"NRI_P186",100
"66751",144.767782141789,"NRI_P186",25
"66752",-95.8659678582044,"NRI_P186",50
"66753",333.940102141787,"NRI_P186",100
"66754",-51.7509778582025,"NRI_P186",25
"66755",-9.74051785821212,"NRI_P186",50
"66756",1369.23285214179,"NRI_P186",100
"66757",34.8516521417914,"NRI_P186",25
"66758",125.148262141796,"NRI_P186",50
"66759",189.573032141794,"NRI_P186",100
"66760",-89.8843978582008,"NRI_P186",25
"66761",316.095132141796,"NRI_P186",50
"66762",672.781942141795,"NRI_P186",100
"66763",163.757652141794,"NRI_P186",25
"66764",73.0237521417876,"NRI_P186",50
"66765",63.0478621418006,"NRI_P186",100
"66766",391.072642141793,"NRI_P186",25
"66767",-28.4718678581994,"NRI_P186",50
"66768",34.1037021417869,"NRI_P186",100
"66769",17.047152141793,"NRI_P186",25
"66770",113.4526921418,"NRI_P186",50
"66771",819.561762141791,"NRI_P186",100
"66772",316.652182141799,"NRI_P186",25
"66773",-18.0727278582053,"NRI_P186",50
"66774",829.24642214179,"NRI_P186",100
"66775",25.9517421417986,"NRI_P186",25
"66776",123.871102141798,"NRI_P186",50
"66777",566.477002141793,"NRI_P186",100
"66778",-93.0895078582107,"NRI_P186",25
"66779",80.0882821417908,"NRI_P186",50
"66780",844.499782141793,"NRI_P186",100
"66781",-18.1095978582016,"NRI_P186",25
"66782",525.3648321418,"NRI_P186",50
"66783",502.223722141789,"NRI_P186",100
"66784",520.825282141799,"NRI_P186",25
"66785",911.767402141792,"NRI_P186",50
"66786",224.635372141798,"NRI_P186",100
"66787",268.935882141799,"NRI_P186",25
"66788",357.720482141798,"NRI_P186",50
"66789",167.631112141797,"NRI_P186",100
"66790",7.43533214178751,"NRI_P186",25
"66791",-36.1624078582099,"NRI_P186",50
"66792",754.64837214179,"NRI_P186",100
"66793",-105.991667858209,"NRI_P186",25
"66794",-88.0749178582046,"NRI_P186",50
"66795",-60.4661178582028,"NRI_P186",100
"66796",180.885632141799,"NRI_P186",25
"66797",-6.93301785820222,"NRI_P186",50
"66798",1021.2714121418,"NRI_P186",100
"66799",60.899622141791,"NRI_P186",25
"66800",750.962242141788,"NRI_P186",50
"66801",128.563802141798,"NRI_P186",100
"66802",195.466782141797,"NRI_P186",25
"66803",14.5204321417987,"NRI_P186",50
"66804",35.6842621417891,"NRI_P186",100
"66805",1354.20068214179,"NRI_P186",25
"66806",-115.508547858204,"NRI_P186",50
"66807",59.3965421417961,"NRI_P186",100
"66808",161.171352141799,"NRI_P186",25
"66809",880.856092141796,"NRI_P186",50
"66810",554.878022141798,"NRI_P186",100
"66811",-104.595677858204,"NRI_P186",25
"66812",22.9738821417995,"NRI_P186",50
"66813",625.897872141795,"NRI_P186",100
"66814",191.141982141795,"NRI_P186",25
"66815",115.612082141801,"NRI_P186",50
"66816",827.912462141787,"NRI_P186",100
"66817",-22.5826578582055,"NRI_P186",25
"66818",-38.3723078582116,"NRI_P186",50
"66819",103.704352141795,"NRI_P186",100
"66820",-18.1095978582016,"NRI_P186",25
"66821",6.29565214179456,"NRI_P186",50
"66822",1714.40228214179,"NRI_P186",100
"66823",493.875982141792,"NRI_P186",25
"66824",73.1678821417881,"NRI_P186",50
"66825",1566.0392121418,"NRI_P186",100
"66826",2.60530214179016,"NRI_P186",25
"66827",646.528932141795,"NRI_P186",50
"66828",759.025252141801,"NRI_P186",100
"66829",356.480432141791,"NRI_P186",25
"66830",425.653462141796,"NRI_P186",50
"66831",358.633412141789,"NRI_P186",100
"66832",-100.131007858203,"NRI_P186",25
"66833",-35.9061278582085,"NRI_P186",50
"66834",685.730912141793,"NRI_P186",100
"66835",51.7153821417887,"NRI_P186",25
"66836",373.205182141799,"NRI_P186",50
"66837",350.250872141798,"NRI_P186",100
"66838",47.2320621417894,"NRI_P186",25
"66839",41.768392141792,"NRI_P186",50
"66840",635.623322141793,"NRI_P186",100
"66841",528.643382141789,"NRI_P186",25
"66842",60.3122921417962,"NRI_P186",50
"66843",1664.8709221418,"NRI_P186",100
"66844",2399.1921521418,"NRI_P186",25
"66845",845.969632141787,"NRI_P186",50
"66846",1236.5647421418,"NRI_P186",100
"66847",117.748032141797,"NRI_P186",25
"66848",-145.793637858209,"NRI_P186",50
"66849",145.993862141797,"NRI_P186",100
"66850",14.9847021417954,"NRI_P186",25
"66851",391.017602141801,"NRI_P186",50
"66852",724.563962141794,"NRI_P186",100
"66853",-18.4695978582022,"NRI_P186",25
"66854",-23.6770078582049,"NRI_P186",50
"66855",894.693472141793,"NRI_P186",100
"66856",19.1448021417891,"NRI_P186",25
"66857",65.1071621417941,"NRI_P186",50
"66858",1145.3174221418,"NRI_P186",100
"66859",192.058642141797,"NRI_P186",25
"66860",157.997542141791,"NRI_P186",50
"66861",1252.2360021418,"NRI_P186",100
"66862",9.8444721417909,"NRI_P186",25
"66863",636.00063214179,"NRI_P186",50
"66864",272.564302141793,"NRI_P186",100
"66865",205.363032141788,"NRI_P186",25
"66866",234.332832141794,"NRI_P186",50
"66867",335.234762141801,"NRI_P186",100
"66868",235.147492141798,"NRI_P186",25
"66869",823.56988214179,"NRI_P186",50
"66870",549.491562141789,"NRI_P186",100
"66871",-98.1999478582002,"NRI_P186",25
"66872",49.3258121417894,"NRI_P186",50
"66873",289.254952141797,"NRI_P186",100
"66874",47.9942521417979,"NRI_P186",25
"66875",15.2022821417922,"NRI_P186",50
"66876",57.1190321417962,"NRI_P186",100
"66877",-109.4086378582,"NRI_P186",25
"66878",26.6321721417917,"NRI_P186",50
"66879",78.4228421417938,"NRI_P186",100
"66880",493.677742141794,"NRI_P186",25
"66881",98.4792921417975,"NRI_P186",50
"66882",462.998912141789,"NRI_P186",100
"66883",217.608332141797,"NRI_P186",25
"66884",-17.3014778582001,"NRI_P186",50
"66885",89.9289221418003,"NRI_P186",100
"66886",4.57919214179856,"NRI_P186",25
"66887",45.4881421417958,"NRI_P186",50
"66888",266.753302141791,"NRI_P186",100
"66889",24.500952141796,"NRI_P186",25
"66890",156.416492141798,"NRI_P186",50
"66891",131.139692141791,"NRI_P186",100
"66892",198.8969821418,"NRI_P186",25
"66893",356.547292141797,"NRI_P186",50
"66894",589.830092141798,"NRI_P186",100
"66895",44.1563221417891,"NRI_P186",25
"66896",-65.1928978582,"NRI_P186",50
"66897",453.652042141795,"NRI_P186",100
"66898",-17.5523878582026,"NRI_P186",25
"66899",-21.5594378582027,"NRI_P186",50
"66900",669.240222141787,"NRI_P186",100
"66901",-509.853465443011,"NRI_P187",25
"66902",-38.93596544303,"NRI_P187",50
"66903",1361.78547455696,"NRI_P187",100
"66904",-1106.69286544301,"NRI_P187",25
"66905",3023.94460455695,"NRI_P187",50
"66906",-1541.32906544302,"NRI_P187",100
"66907",1059.52373455698,"NRI_P187",25
"66908",1542.55790455698,"NRI_P187",50
"66909",-8.36510544305202,"NRI_P187",100
"66910",-185.899565443047,"NRI_P187",25
"66911",399.338524556952,"NRI_P187",50
"66912",-264.245635443018,"NRI_P187",100
"66913",-351.026625443017,"NRI_P187",25
"66914",-451.941205442999,"NRI_P187",50
"66915",-431.182585443021,"NRI_P187",100
"66916",-166.993535443034,"NRI_P187",25
"66917",-17.6427454430377,"NRI_P187",50
"66918",3174.94467455696,"NRI_P187",100
"66919",-1660.09464544302,"NRI_P187",25
"66920",1632.880674557,"NRI_P187",50
"66921",2763.44663455698,"NRI_P187",100
"66922",-692.607135443017,"NRI_P187",25
"66923",2771.76663455699,"NRI_P187",50
"66924",5450.27539455699,"NRI_P187",100
"66925",-697.130345443031,"NRI_P187",25
"66926",-1044.74297544302,"NRI_P187",50
"66927",-1341.52513544302,"NRI_P187",100
"66928",-773.96860544302,"NRI_P187",25
"66929",-1485.05678544304,"NRI_P187",50
"66930",-1544.33742544305,"NRI_P187",100
"66931",-1189.48641544301,"NRI_P187",25
"66932",3335.50573455699,"NRI_P187",50
"66933",-1395.45802544302,"NRI_P187",100
"66934",-1612.35029544303,"NRI_P187",25
"66935",3324.07447455695,"NRI_P187",50
"66936",827.43433455698,"NRI_P187",100
"66937",952.196144556976,"NRI_P187",25
"66938",-405.479595443001,"NRI_P187",50
"66939",1039.12613455695,"NRI_P187",100
"66940",-255.378845443018,"NRI_P187",25
"66941",-1258.76394544303,"NRI_P187",50
"66942",5994.15323455696,"NRI_P187",100
"66943",3226.79403455695,"NRI_P187",25
"66944",440.071834556991,"NRI_P187",50
"66945",-289.573255443014,"NRI_P187",100
"66946",1012.45441455697,"NRI_P187",25
"66947",-877.643265443039,"NRI_P187",50
"66948",-893.282325442997,"NRI_P187",100
"66949",-670.543965443037,"NRI_P187",25
"66950",-1678.36237544304,"NRI_P187",50
"66951",881.508524556994,"NRI_P187",100
"66952",3493.39823455695,"NRI_P187",25
"66953",1072.73083455698,"NRI_P187",50
"66954",-976.051065443025,"NRI_P187",100
"66955",-454.95146544301,"NRI_P187",25
"66956",497.90493455698,"NRI_P187",50
"66957",3726.92673455697,"NRI_P187",100
"66958",-220.823565443046,"NRI_P187",25
"66959",9987.96671455697,"NRI_P187",50
"66960",1125.31517455698,"NRI_P187",100
"66961",-498.755065443052,"NRI_P187",25
"66962",342.59210455697,"NRI_P187",50
"66963",12142.447944557,"NRI_P187",100
"66964",-756.045895443007,"NRI_P187",25
"66965",-260.056365443044,"NRI_P187",50
"66966",-155.936595442996,"NRI_P187",100
"66967",424.042734556948,"NRI_P187",25
"66968",-1039.07624544302,"NRI_P187",50
"66969",-673.981695443043,"NRI_P187",100
"66970",-219.741955443053,"NRI_P187",25
"66971",-551.495685443049,"NRI_P187",50
"66972",-2146.57830544305,"NRI_P187",100
"66973",675.295134557004,"NRI_P187",25
"66974",-295.740465442999,"NRI_P187",50
"66975",4156.54895455699,"NRI_P187",100
"66976",-215.765765443037,"NRI_P187",25
"66977",-639.723225443042,"NRI_P187",50
"66978",-1081.83923544304,"NRI_P187",100
"66979",124.742834556964,"NRI_P187",25
"66980",457.96015455696,"NRI_P187",50
"66981",1956.08163455699,"NRI_P187",100
"66982",-407.269285443006,"NRI_P187",25
"66983",7.57667455699993,"NRI_P187",50
"66984",1516.827974557,"NRI_P187",100
"66985",-219.346145443036,"NRI_P187",25
"66986",26.6511345569743,"NRI_P187",50
"66987",4574.00540455699,"NRI_P187",100
"66988",240.23763455695,"NRI_P187",25
"66989",-1628.47127544304,"NRI_P187",50
"66990",388.360834556981,"NRI_P187",100
"66991",-632.767525443051,"NRI_P187",25
"66992",-157.69351544301,"NRI_P187",50
"66993",3556.68443455698,"NRI_P187",100
"66994",-936.561565443,"NRI_P187",25
"66995",-58.145955443033,"NRI_P187",50
"66996",-590.638475443004,"NRI_P187",100
"66997",-857.821065443044,"NRI_P187",25
"66998",-162.333565442997,"NRI_P187",50
"66999",-420.964765443001,"NRI_P187",100
"67000",-97.6285754429991,"NRI_P187",25
"67001",-642.026605443039,"NRI_P187",50
"67002",-1647.08651544305,"NRI_P187",100
"67003",169.366504556965,"NRI_P187",25
"67004",1273.50533455698,"NRI_P187",50
"67005",-969.988855443022,"NRI_P187",100
"67006",-353.345325443021,"NRI_P187",25
"67007",1263.42903455696,"NRI_P187",50
"67008",8302.744994557,"NRI_P187",100
"67009",-39.8080654430087,"NRI_P187",25
"67010",-1359.34250544303,"NRI_P187",50
"67011",654.534074556956,"NRI_P187",100
"67012",-1350.77136544301,"NRI_P187",25
"67013",-1092.71396544302,"NRI_P187",50
"67014",17571.287234557,"NRI_P187",100
"67015",-562.228965443035,"NRI_P187",25
"67016",3175.42703455698,"NRI_P187",50
"67017",-1541.05216544302,"NRI_P187",100
"67018",-1211.72301544301,"NRI_P187",25
"67019",482.923734557,"NRI_P187",50
"67020",387.006924556976,"NRI_P187",100
"67021",-469.057865442999,"NRI_P187",25
"67022",-658.831865443033,"NRI_P187",50
"67023",-370.037355442997,"NRI_P187",100
"67024",-841.085165443015,"NRI_P187",25
"67025",147.628514556971,"NRI_P187",50
"67026",-1698.19001544302,"NRI_P187",100
"67027",-458.808165443013,"NRI_P187",25
"67028",511.978234556969,"NRI_P187",50
"67029",-1316.027005443,"NRI_P187",100
"67030",-677.658285443031,"NRI_P187",25
"67031",-273.045885443047,"NRI_P187",50
"67032",2212.99380455696,"NRI_P187",100
"67033",3742.828234557,"NRI_P187",25
"67034",1299.25813455699,"NRI_P187",50
"67035",-499.412995443039,"NRI_P187",100
"67036",4488.34173455695,"NRI_P187",25
"67037",-967.687455443025,"NRI_P187",50
"67038",-2271.78319544304,"NRI_P187",100
"67039",588.162234556978,"NRI_P187",25
"67040",4529.90843455697,"NRI_P187",50
"67041",-1190.07065544301,"NRI_P187",100
"67042",-360.51806544303,"NRI_P187",25
"67043",1778.723934557,"NRI_P187",50
"67044",-541.519565443043,"NRI_P187",100
"67045",3101.02713455696,"NRI_P187",25
"67046",305.957734556985,"NRI_P187",50
"67047",1992.186424557,"NRI_P187",100
"67048",470.306834556977,"NRI_P187",25
"67049",-565.945215443033,"NRI_P187",50
"67050",1315.93773455697,"NRI_P187",100
"67051",-199.114055443031,"NRI_P187",25
"67052",-77.9791654430446,"NRI_P187",50
"67053",-1445.00131544302,"NRI_P187",100
"67054",-1137.38077544305,"NRI_P187",25
"67055",1225.34693455696,"NRI_P187",50
"67056",-1210.634545443,"NRI_P187",100
"67057",306.096934556961,"NRI_P187",25
"67058",-450.20503544301,"NRI_P187",50
"67059",133.717294556962,"NRI_P187",100
"67060",-140.185765443021,"NRI_P187",25
"67061",6636.70743455697,"NRI_P187",50
"67062",2238.33344455698,"NRI_P187",100
"67063",-0.15496544301277,"NRI_P187",25
"67064",-740.104685443046,"NRI_P187",50
"67065",-767.087125443039,"NRI_P187",100
"67066",805.678234556981,"NRI_P187",25
"67067",1623.89663455699,"NRI_P187",50
"67068",-850.827835443022,"NRI_P187",100
"67069",-314.649435443047,"NRI_P187",25
"67070",-232.411765443045,"NRI_P187",50
"67071",-403.630635443027,"NRI_P187",100
"67072",456.366134557,"NRI_P187",25
"67073",-1331.02839544305,"NRI_P187",50
"67074",4582.62225455698,"NRI_P187",100
"67075",-40.8178654430085,"NRI_P187",25
"67076",5027.80208455696,"NRI_P187",50
"67077",4495.16133455699,"NRI_P187",100
"67078",691.055134556955,"NRI_P187",25
"67079",407.455834556953,"NRI_P187",50
"67080",-434.787395443011,"NRI_P187",100
"67081",-690.900075443031,"NRI_P187",25
"67082",-785.953785443038,"NRI_P187",50
"67083",2688.40222455695,"NRI_P187",100
"67084",-367.475285443012,"NRI_P187",25
"67085",-819.332485443039,"NRI_P187",50
"67086",-1097.50390544301,"NRI_P187",100
"67087",1501.63153455697,"NRI_P187",25
"67088",-1175.82255544304,"NRI_P187",50
"67089",-22.2726954430109,"NRI_P187",100
"67090",1954.258234557,"NRI_P187",25
"67091",3348.76453455695,"NRI_P187",50
"67092",-613.154265443038,"NRI_P187",100
"67093",338.78483455698,"NRI_P187",25
"67094",-349.28746544302,"NRI_P187",50
"67095",11460.674954557,"NRI_P187",100
"67096",150.960134556983,"NRI_P187",25
"67097",-638.610535443004,"NRI_P187",50
"67098",5348.558794557,"NRI_P187",100
"67099",361.446034556953,"NRI_P187",25
"67100",131.665344556968,"NRI_P187",50
"67101",1607.96988455695,"NRI_P187",100
"67102",6788.32773455698,"NRI_P187",25
"67103",84.0806245569838,"NRI_P187",50
"67104",-1820.21692544303,"NRI_P187",100
"67105",1693.911434557,"NRI_P187",25
"67106",351.618334556988,"NRI_P187",50
"67107",52.7983845569543,"NRI_P187",100
"67108",-752.010255443049,"NRI_P187",25
"67109",1512.24994455697,"NRI_P187",50
"67110",8085.654134557,"NRI_P187",100
"67111",797.709834556968,"NRI_P187",25
"67112",-1432.67552544305,"NRI_P187",50
"67113",5859.65628455696,"NRI_P187",100
"67114",533.530954556947,"NRI_P187",25
"67115",68.0152345569804,"NRI_P187",50
"67116",155.810034556955,"NRI_P187",100
"67117",-326.200475443038,"NRI_P187",25
"67118",401.195334556978,"NRI_P187",50
"67119",3618.787054557,"NRI_P187",100
"67120",2292.82593455695,"NRI_P187",25
"67121",-1173.516005443,"NRI_P187",50
"67122",-491.292985443026,"NRI_P187",100
"67123",984.394264556991,"NRI_P187",25
"67124",-72.2410654430278,"NRI_P187",50
"67125",2631.54394455696,"NRI_P187",100
"67126",665.290034556994,"NRI_P187",25
"67127",-649.238965443044,"NRI_P187",50
"67128",-110.504215443041,"NRI_P187",100
"67129",4303.672534557,"NRI_P187",25
"67130",-1242.87626544305,"NRI_P187",50
"67131",-791.306815443037,"NRI_P187",100
"67132",3705.985034557,"NRI_P187",25
"67133",-156.270085443044,"NRI_P187",50
"67134",894.601334556995,"NRI_P187",100
"67135",749.509934556962,"NRI_P187",25
"67136",-471.926055443007,"NRI_P187",50
"67137",5415.38325455697,"NRI_P187",100
"67138",-448.615285443026,"NRI_P187",25
"67139",-1403.12543544301,"NRI_P187",50
"67140",-1348.61456544301,"NRI_P187",100
"67141",-945.465565443039,"NRI_P187",25
"67142",-534.151965443045,"NRI_P187",50
"67143",877.683434556995,"NRI_P187",100
"67144",580.236134556995,"NRI_P187",25
"67145",647.990834556986,"NRI_P187",50
"67146",-844.415075443045,"NRI_P187",100
"67147",-42.7533054430387,"NRI_P187",25
"67148",1514.68373455695,"NRI_P187",50
"67149",5543.13633455697,"NRI_P187",100
"67150",-715.474425443041,"NRI_P187",25
"67151",2715.353934557,"NRI_P187",50
"67152",-2167.00937544304,"NRI_P187",100
"67153",-726.693465443037,"NRI_P187",25
"67154",-795.815415443038,"NRI_P187",50
"67155",1744.617044557,"NRI_P187",100
"67156",-1042.60736544302,"NRI_P187",25
"67157",-1484.616145443,"NRI_P187",50
"67158",8981.46103455697,"NRI_P187",100
"67159",-80.3926954430062,"NRI_P187",25
"67160",-273.920365443046,"NRI_P187",50
"67161",946.661674556963,"NRI_P187",100
"67162",1357.25303455698,"NRI_P187",25
"67163",-1660.30428544304,"NRI_P187",50
"67164",-1957.03081544302,"NRI_P187",100
"67165",-265.504525443015,"NRI_P187",25
"67166",1203.16673455696,"NRI_P187",50
"67167",-366.54474544304,"NRI_P187",100
"67168",-253.233255443047,"NRI_P187",25
"67169",971.69373455696,"NRI_P187",50
"67170",4399.836894557,"NRI_P187",100
"67171",-766.941865443019,"NRI_P187",25
"67172",733.209544556972,"NRI_P187",50
"67173",2206.31401455699,"NRI_P187",100
"67174",-606.938565443037,"NRI_P187",25
"67175",5538.17633455695,"NRI_P187",50
"67176",-358.33777544304,"NRI_P187",100
"67177",-293.931905443023,"NRI_P187",25
"67178",405.556534556963,"NRI_P187",50
"67179",-2171.48454544303,"NRI_P187",100
"67180",-651.971065443009,"NRI_P187",25
"67181",1209.82053455699,"NRI_P187",50
"67182",-1604.07095544302,"NRI_P187",100
"67183",2812.343644557,"NRI_P187",25
"67184",-782.923465443018,"NRI_P187",50
"67185",685.120494556963,"NRI_P187",100
"67186",355.039834556985,"NRI_P187",25
"67187",-514.220585443021,"NRI_P187",50
"67188",-1999.391685443,"NRI_P187",100
"67189",-1373.65286544303,"NRI_P187",25
"67190",-68.318065443018,"NRI_P187",50
"67191",-684.555025443027,"NRI_P187",100
"67192",-723.020265443018,"NRI_P187",25
"67193",-851.208385443024,"NRI_P187",50
"67194",-1335.270385443,"NRI_P187",100
"67195",-31.7503654430038,"NRI_P187",25
"67196",-937.20145544305,"NRI_P187",50
"67197",3991.93995455699,"NRI_P187",100
"67198",76.5964345569955,"NRI_P187",25
"67199",-1161.279765443,"NRI_P187",50
"67200",-113.484005443053,"NRI_P187",100
"67201",-0.0079606999643147,"NRI_P188",25
"67202",-0.0079606999643147,"NRI_P188",50
"67203",1321.94516930002,"NRI_P188",100
"67204",-0.0079606999643147,"NRI_P188",25
"67205",-0.0079606999643147,"NRI_P188",50
"67206",1617.3364193,"NRI_P188",100
"67207",-0.0079606999643147,"NRI_P188",25
"67208",-0.0079606999643147,"NRI_P188",50
"67209",-1288.20011069998,"NRI_P188",100
"67210",-0.0079606999643147,"NRI_P188",25
"67211",-0.0079606999643147,"NRI_P188",50
"67212",-1968.64732069999,"NRI_P188",100
"67213",-0.0079606999643147,"NRI_P188",25
"67214",-0.0079606999643147,"NRI_P188",50
"67215",-1959.16949070001,"NRI_P188",100
"67216",-0.0079606999643147,"NRI_P188",25
"67217",-0.0079606999643147,"NRI_P188",50
"67218",-16799.5156607,"NRI_P188",100
"67219",-0.0079606999643147,"NRI_P188",25
"67220",-0.0079606999643147,"NRI_P188",50
"67221",1136.4251693,"NRI_P188",100
"67222",-0.0079606999643147,"NRI_P188",25
"67223",-0.0079606999643147,"NRI_P188",50
"67224",165.294159300043,"NRI_P188",100
"67225",-0.0079606999643147,"NRI_P188",25
"67226",-0.0079606999643147,"NRI_P188",50
"67227",-17.5654306999641,"NRI_P188",100
"67228",-0.0079606999643147,"NRI_P188",25
"67229",-0.0079606999643147,"NRI_P188",50
"67230",1475.73905930005,"NRI_P188",100
"67231",-0.0079606999643147,"NRI_P188",25
"67232",-0.0079606999643147,"NRI_P188",50
"67233",-1179.04096069996,"NRI_P188",100
"67234",-0.0079606999643147,"NRI_P188",25
"67235",-0.0079606999643147,"NRI_P188",50
"67236",21.945379300043,"NRI_P188",100
"67237",-0.0079606999643147,"NRI_P188",25
"67238",-0.0079606999643147,"NRI_P188",50
"67239",-0.0079606999643147,"NRI_P188",100
"67240",-0.0079606999643147,"NRI_P188",25
"67241",-0.0079606999643147,"NRI_P188",50
"67242",700.597539300041,"NRI_P188",100
"67243",-0.0079606999643147,"NRI_P188",25
"67244",-0.0079606999643147,"NRI_P188",50
"67245",592.031639299996,"NRI_P188",100
"67246",-0.0079606999643147,"NRI_P188",25
"67247",-0.0079606999643147,"NRI_P188",50
"67248",135.201039300009,"NRI_P188",100
"67249",-0.0079606999643147,"NRI_P188",25
"67250",-0.0079606999643147,"NRI_P188",50
"67251",2.27353930001846,"NRI_P188",100
"67252",-0.0079606999643147,"NRI_P188",25
"67253",-0.0079606999643147,"NRI_P188",50
"67254",-1148.62216069998,"NRI_P188",100
"67255",-0.0079606999643147,"NRI_P188",25
"67256",-0.0079606999643147,"NRI_P188",50
"67257",-23.9593906999798,"NRI_P188",100
"67258",-0.0079606999643147,"NRI_P188",25
"67259",-0.0079606999643147,"NRI_P188",50
"67260",-81.6488206999493,"NRI_P188",100
"67261",-0.0079606999643147,"NRI_P188",25
"67262",-0.0079606999643147,"NRI_P188",50
"67263",-91.6052707000053,"NRI_P188",100
"67264",-0.0079606999643147,"NRI_P188",25
"67265",-0.0079606999643147,"NRI_P188",50
"67266",-365.930130699999,"NRI_P188",100
"67267",-0.0079606999643147,"NRI_P188",25
"67268",-0.0079606999643147,"NRI_P188",50
"67269",-57.1261606999906,"NRI_P188",100
"67270",-0.0079606999643147,"NRI_P188",25
"67271",-0.0079606999643147,"NRI_P188",50
"67272",-970.295660699951,"NRI_P188",100
"67273",-0.0079606999643147,"NRI_P188",25
"67274",-0.0079606999643147,"NRI_P188",50
"67275",-1999.45627069997,"NRI_P188",100
"67276",-0.0079606999643147,"NRI_P188",25
"67277",-0.0079606999643147,"NRI_P188",50
"67278",630.473769300035,"NRI_P188",100
"67279",-0.0079606999643147,"NRI_P188",25
"67280",-0.0079606999643147,"NRI_P188",50
"67281",-1491.44488069997,"NRI_P188",100
"67282",-0.0079606999643147,"NRI_P188",25
"67283",-0.0079606999643147,"NRI_P188",50
"67284",1361.23443930002,"NRI_P188",100
"67285",-0.0079606999643147,"NRI_P188",25
"67286",-0.0079606999643147,"NRI_P188",50
"67287",269.201639300038,"NRI_P188",100
"67288",-0.0079606999643147,"NRI_P188",25
"67289",-0.0079606999643147,"NRI_P188",50
"67290",23.1721192999976,"NRI_P188",100
"67291",-0.0079606999643147,"NRI_P188",25
"67292",-0.0079606999643147,"NRI_P188",50
"67293",4603.80341930001,"NRI_P188",100
"67294",-0.0079606999643147,"NRI_P188",25
"67295",-0.0079606999643147,"NRI_P188",50
"67296",21.6265892999945,"NRI_P188",100
"67297",-0.0079606999643147,"NRI_P188",25
"67298",-0.0079606999643147,"NRI_P188",50
"67299",-1461.1280507,"NRI_P188",100
"67300",-0.0079606999643147,"NRI_P188",25
"67301",-0.0079606999643147,"NRI_P188",50
"67302",79.4664393000421,"NRI_P188",100
"67303",-0.0079606999643147,"NRI_P188",25
"67304",-0.0079606999643147,"NRI_P188",50
"67305",-1333.59298069996,"NRI_P188",100
"67306",-0.0079606999643147,"NRI_P188",25
"67307",-0.0079606999643147,"NRI_P188",50
"67308",23.7647193000303,"NRI_P188",100
"67309",-0.0079606999643147,"NRI_P188",25
"67310",-0.0079606999643147,"NRI_P188",50
"67311",282.586339300033,"NRI_P188",100
"67312",-0.0079606999643147,"NRI_P188",25
"67313",-0.0079606999643147,"NRI_P188",50
"67314",111.789619300049,"NRI_P188",100
"67315",-0.0079606999643147,"NRI_P188",25
"67316",-0.0079606999643147,"NRI_P188",50
"67317",-339.641960699984,"NRI_P188",100
"67318",-0.0079606999643147,"NRI_P188",25
"67319",-0.0079606999643147,"NRI_P188",50
"67320",6.30101930000819,"NRI_P188",100
"67321",-0.0079606999643147,"NRI_P188",25
"67322",-0.0079606999643147,"NRI_P188",50
"67323",-13708.0795807,"NRI_P188",100
"67324",-0.0079606999643147,"NRI_P188",25
"67325",-0.0079606999643147,"NRI_P188",50
"67326",171.581619300006,"NRI_P188",100
"67327",-0.0079606999643147,"NRI_P188",25
"67328",-0.0079606999643147,"NRI_P188",50
"67329",13.4790692999959,"NRI_P188",100
"67330",-0.0079606999643147,"NRI_P188",25
"67331",-0.0079606999643147,"NRI_P188",50
"67332",2678.93763930001,"NRI_P188",100
"67333",-0.0079606999643147,"NRI_P188",25
"67334",-0.0079606999643147,"NRI_P188",50
"67335",-40.8127806999837,"NRI_P188",100
"67336",-0.0079606999643147,"NRI_P188",25
"67337",-0.0079606999643147,"NRI_P188",50
"67338",-8062.13426069997,"NRI_P188",100
"67339",-0.0079606999643147,"NRI_P188",25
"67340",-0.0079606999643147,"NRI_P188",50
"67341",16.3161992999958,"NRI_P188",100
"67342",-0.0079606999643147,"NRI_P188",25
"67343",-0.0079606999643147,"NRI_P188",50
"67344",116.850159300026,"NRI_P188",100
"67345",-0.0079606999643147,"NRI_P188",25
"67346",-0.0079606999643147,"NRI_P188",50
"67347",-29.6030006999499,"NRI_P188",100
"67348",-0.0079606999643147,"NRI_P188",25
"67349",-0.0079606999643147,"NRI_P188",50
"67350",4756.64405930002,"NRI_P188",100
"67351",-0.0079606999643147,"NRI_P188",25
"67352",-0.0079606999643147,"NRI_P188",50
"67353",-16879.3819407,"NRI_P188",100
"67354",-0.0079606999643147,"NRI_P188",25
"67355",-0.0079606999643147,"NRI_P188",50
"67356",-1287.45492069999,"NRI_P188",100
"67357",-0.0079606999643147,"NRI_P188",25
"67358",-0.0079606999643147,"NRI_P188",50
"67359",119.22876930004,"NRI_P188",100
"67360",-0.0079606999643147,"NRI_P188",25
"67361",-0.0079606999643147,"NRI_P188",50
"67362",-61.0708106999518,"NRI_P188",100
"67363",-0.0079606999643147,"NRI_P188",25
"67364",-0.0079606999643147,"NRI_P188",50
"67365",5456.48929930001,"NRI_P188",100
"67366",-0.0079606999643147,"NRI_P188",25
"67367",-0.0079606999643147,"NRI_P188",50
"67368",-34.7913606999791,"NRI_P188",100
"67369",-0.0079606999643147,"NRI_P188",25
"67370",-0.0079606999643147,"NRI_P188",50
"67371",-2734.49972069997,"NRI_P188",100
"67372",-0.0079606999643147,"NRI_P188",25
"67373",-0.0079606999643147,"NRI_P188",50
"67374",2698.87780930003,"NRI_P188",100
"67375",-0.0079606999643147,"NRI_P188",25
"67376",-0.0079606999643147,"NRI_P188",50
"67377",-371.207310699974,"NRI_P188",100
"67378",-0.0079606999643147,"NRI_P188",25
"67379",-0.0079606999643147,"NRI_P188",50
"67380",-1969.41219069995,"NRI_P188",100
"67381",-0.0079606999643147,"NRI_P188",25
"67382",-0.0079606999643147,"NRI_P188",50
"67383",19.44023930002,"NRI_P188",100
"67384",-0.0079606999643147,"NRI_P188",25
"67385",-0.0079606999643147,"NRI_P188",50
"67386",-1882.89176069997,"NRI_P188",100
"67387",-0.0079606999643147,"NRI_P188",25
"67388",-0.0079606999643147,"NRI_P188",50
"67389",-202.835140699986,"NRI_P188",100
"67390",-0.0079606999643147,"NRI_P188",25
"67391",-0.0079606999643147,"NRI_P188",50
"67392",26.3201093000243,"NRI_P188",100
"67393",-0.0079606999643147,"NRI_P188",25
"67394",-0.0079606999643147,"NRI_P188",50
"67395",-1423.93165069999,"NRI_P188",100
"67396",-0.0079606999643147,"NRI_P188",25
"67397",-0.0079606999643147,"NRI_P188",50
"67398",8334.34349930001,"NRI_P188",100
"67399",-0.0079606999643147,"NRI_P188",25
"67400",-0.0079606999643147,"NRI_P188",50
"67401",-559.117660699994,"NRI_P188",100
"67402",-0.0079606999643147,"NRI_P188",25
"67403",-0.0079606999643147,"NRI_P188",50
"67404",54.5934393000207,"NRI_P188",100
"67405",-0.0079606999643147,"NRI_P188",25
"67406",-0.0079606999643147,"NRI_P188",50
"67407",6697.58491930005,"NRI_P188",100
"67408",-0.0079606999643147,"NRI_P188",25
"67409",-0.0079606999643147,"NRI_P188",50
"67410",-1470.36994069995,"NRI_P188",100
"67411",-0.0079606999643147,"NRI_P188",25
"67412",-0.0079606999643147,"NRI_P188",50
"67413",-2720.39686069998,"NRI_P188",100
"67414",-0.0079606999643147,"NRI_P188",25
"67415",-0.0079606999643147,"NRI_P188",50
"67416",-90.4953506999882,"NRI_P188",100
"67417",-0.0079606999643147,"NRI_P188",25
"67418",-0.0079606999643147,"NRI_P188",50
"67419",148.803509300051,"NRI_P188",100
"67420",-0.0079606999643147,"NRI_P188",25
"67421",-0.0079606999643147,"NRI_P188",50
"67422",887.044039300003,"NRI_P188",100
"67423",-0.0079606999643147,"NRI_P188",25
"67424",-0.0079606999643147,"NRI_P188",50
"67425",-14.4480506999535,"NRI_P188",100
"67426",-0.0079606999643147,"NRI_P188",25
"67427",-0.0079606999643147,"NRI_P188",50
"67428",-5858.96026069997,"NRI_P188",100
"67429",-0.0079606999643147,"NRI_P188",25
"67430",-0.0079606999643147,"NRI_P188",50
"67431",-12341.8909607,"NRI_P188",100
"67432",-0.0079606999643147,"NRI_P188",25
"67433",-0.0079606999643147,"NRI_P188",50
"67434",-16161.2303607,"NRI_P188",100
"67435",-0.0079606999643147,"NRI_P188",25
"67436",-0.0079606999643147,"NRI_P188",50
"67437",-16470.5383607,"NRI_P188",100
"67438",-0.0079606999643147,"NRI_P188",25
"67439",-0.0079606999643147,"NRI_P188",50
"67440",1573.32641930005,"NRI_P188",100
"67441",-0.0079606999643147,"NRI_P188",25
"67442",-0.0079606999643147,"NRI_P188",50
"67443",5447.67180930002,"NRI_P188",100
"67444",-0.0079606999643147,"NRI_P188",25
"67445",-0.0079606999643147,"NRI_P188",50
"67446",735.702359300049,"NRI_P188",100
"67447",-0.0079606999643147,"NRI_P188",25
"67448",-0.0079606999643147,"NRI_P188",50
"67449",-106.915860699955,"NRI_P188",100
"67450",-0.0079606999643147,"NRI_P188",25
"67451",-0.0079606999643147,"NRI_P188",50
"67452",-400.199480699957,"NRI_P188",100
"67453",-0.0079606999643147,"NRI_P188",25
"67454",-0.0079606999643147,"NRI_P188",50
"67455",150.275829300052,"NRI_P188",100
"67456",-0.0079606999643147,"NRI_P188",25
"67457",-0.0079606999643147,"NRI_P188",50
"67458",-1998.50416069996,"NRI_P188",100
"67459",-0.0079606999643147,"NRI_P188",25
"67460",-0.0079606999643147,"NRI_P188",50
"67461",-11.4869706999743,"NRI_P188",100
"67462",-0.0079606999643147,"NRI_P188",25
"67463",-0.0079606999643147,"NRI_P188",50
"67464",-8178.46382069998,"NRI_P188",100
"67465",-0.0079606999643147,"NRI_P188",25
"67466",-0.0079606999643147,"NRI_P188",50
"67467",-69.1407606999855,"NRI_P188",100
"67468",-0.0079606999643147,"NRI_P188",25
"67469",-0.0079606999643147,"NRI_P188",50
"67470",-14931.5789607,"NRI_P188",100
"67471",-0.0079606999643147,"NRI_P188",25
"67472",-0.0079606999643147,"NRI_P188",50
"67473",419.375759300019,"NRI_P188",100
"67474",-0.0079606999643147,"NRI_P188",25
"67475",-0.0079606999643147,"NRI_P188",50
"67476",106.916899300006,"NRI_P188",100
"67477",-0.0079606999643147,"NRI_P188",25
"67478",-0.0079606999643147,"NRI_P188",50
"67479",675.127239299996,"NRI_P188",100
"67480",-0.0079606999643147,"NRI_P188",25
"67481",-0.0079606999643147,"NRI_P188",50
"67482",-17.9794606999494,"NRI_P188",100
"67483",-0.0079606999643147,"NRI_P188",25
"67484",-0.0079606999643147,"NRI_P188",50
"67485",-150.600640699966,"NRI_P188",100
"67486",-0.0079606999643147,"NRI_P188",25
"67487",-0.0079606999643147,"NRI_P188",50
"67488",-1321.16646069998,"NRI_P188",100
"67489",-0.0079606999643147,"NRI_P188",25
"67490",-0.0079606999643147,"NRI_P188",50
"67491",113.025969300012,"NRI_P188",100
"67492",-0.0079606999643147,"NRI_P188",25
"67493",-0.0079606999643147,"NRI_P188",50
"67494",-652.058060699957,"NRI_P188",100
"67495",-0.0079606999643147,"NRI_P188",25
"67496",-0.0079606999643147,"NRI_P188",50
"67497",1922.05725930003,"NRI_P188",100
"67498",-0.0079606999643147,"NRI_P188",25
"67499",-0.0079606999643147,"NRI_P188",50
"67500",4866.5579593,"NRI_P188",100
"67501",-0.00992426602169871,"OLAM_P001",25
"67502",-0.00992426602169871,"OLAM_P001",50
"67503",-0.00992426602169871,"OLAM_P001",100
"67504",-0.00992426602169871,"OLAM_P001",25
"67505",-0.00992426602169871,"OLAM_P001",50
"67506",-0.00992426602169871,"OLAM_P001",100
"67507",-0.00992426602169871,"OLAM_P001",25
"67508",-0.00992426602169871,"OLAM_P001",50
"67509",-0.00992426602169871,"OLAM_P001",100
"67510",-0.00992426602169871,"OLAM_P001",25
"67511",-0.00992426602169871,"OLAM_P001",50
"67512",-0.00992426602169871,"OLAM_P001",100
"67513",-0.00992426602169871,"OLAM_P001",25
"67514",-0.00992426602169871,"OLAM_P001",50
"67515",-0.00992426602169871,"OLAM_P001",100
"67516",-0.00992426602169871,"OLAM_P001",25
"67517",-0.00992426602169871,"OLAM_P001",50
"67518",-0.00992426602169871,"OLAM_P001",100
"67519",-0.00992426602169871,"OLAM_P001",25
"67520",-0.00992426602169871,"OLAM_P001",50
"67521",-0.00992426602169871,"OLAM_P001",100
"67522",-0.00992426602169871,"OLAM_P001",25
"67523",-0.00992426602169871,"OLAM_P001",50
"67524",-0.00992426602169871,"OLAM_P001",100
"67525",-0.00992426602169871,"OLAM_P001",25
"67526",-0.00992426602169871,"OLAM_P001",50
"67527",-0.00992426602169871,"OLAM_P001",100
"67528",-0.00992426602169871,"OLAM_P001",25
"67529",-0.00992426602169871,"OLAM_P001",50
"67530",-0.00992426602169871,"OLAM_P001",100
"67531",-0.00992426602169871,"OLAM_P001",25
"67532",-0.00992426602169871,"OLAM_P001",50
"67533",-0.00992426602169871,"OLAM_P001",100
"67534",-0.00992426602169871,"OLAM_P001",25
"67535",-0.00992426602169871,"OLAM_P001",50
"67536",-0.00992426602169871,"OLAM_P001",100
"67537",-0.00992426602169871,"OLAM_P001",25
"67538",-0.00992426602169871,"OLAM_P001",50
"67539",-0.00992426602169871,"OLAM_P001",100
"67540",-0.00992426602169871,"OLAM_P001",25
"67541",-0.00992426602169871,"OLAM_P001",50
"67542",-0.00992426602169871,"OLAM_P001",100
"67543",-0.00992426602169871,"OLAM_P001",25
"67544",-0.00992426602169871,"OLAM_P001",50
"67545",-0.00992426602169871,"OLAM_P001",100
"67546",-0.00992426602169871,"OLAM_P001",25
"67547",-0.00992426602169871,"OLAM_P001",50
"67548",-0.00992426602169871,"OLAM_P001",100
"67549",-0.00992426602169871,"OLAM_P001",25
"67550",-0.00992426602169871,"OLAM_P001",50
"67551",-0.00992426602169871,"OLAM_P001",100
"67552",-0.00992426602169871,"OLAM_P001",25
"67553",-0.00992426602169871,"OLAM_P001",50
"67554",-0.00992426602169871,"OLAM_P001",100
"67555",-0.00992426602169871,"OLAM_P001",25
"67556",-0.00992426602169871,"OLAM_P001",50
"67557",-0.00992426602169871,"OLAM_P001",100
"67558",-0.00992426602169871,"OLAM_P001",25
"67559",-0.00992426602169871,"OLAM_P001",50
"67560",-0.00992426602169871,"OLAM_P001",100
"67561",-0.00992426602169871,"OLAM_P001",25
"67562",-0.00992426602169871,"OLAM_P001",50
"67563",-0.00992426602169871,"OLAM_P001",100
"67564",-0.00992426602169871,"OLAM_P001",25
"67565",-0.00992426602169871,"OLAM_P001",50
"67566",-0.00992426602169871,"OLAM_P001",100
"67567",-0.00992426602169871,"OLAM_P001",25
"67568",-0.00992426602169871,"OLAM_P001",50
"67569",-0.00992426602169871,"OLAM_P001",100
"67570",-0.00992426602169871,"OLAM_P001",25
"67571",-0.00992426602169871,"OLAM_P001",50
"67572",-0.00992426602169871,"OLAM_P001",100
"67573",-0.00992426602169871,"OLAM_P001",25
"67574",-0.00992426602169871,"OLAM_P001",50
"67575",-0.00992426602169871,"OLAM_P001",100
"67576",-0.00992426602169871,"OLAM_P001",25
"67577",-0.00992426602169871,"OLAM_P001",50
"67578",-0.00992426602169871,"OLAM_P001",100
"67579",-0.00992426602169871,"OLAM_P001",25
"67580",-0.00992426602169871,"OLAM_P001",50
"67581",-0.00992426602169871,"OLAM_P001",100
"67582",-0.00992426602169871,"OLAM_P001",25
"67583",-0.00992426602169871,"OLAM_P001",50
"67584",-0.00992426602169871,"OLAM_P001",100
"67585",-0.00992426602169871,"OLAM_P001",25
"67586",-0.00992426602169871,"OLAM_P001",50
"67587",-0.00992426602169871,"OLAM_P001",100
"67588",-0.00992426602169871,"OLAM_P001",25
"67589",-0.00992426602169871,"OLAM_P001",50
"67590",-0.00992426602169871,"OLAM_P001",100
"67591",-0.00992426602169871,"OLAM_P001",25
"67592",-0.00992426602169871,"OLAM_P001",50
"67593",-0.00992426602169871,"OLAM_P001",100
"67594",-0.00992426602169871,"OLAM_P001",25
"67595",-0.00992426602169871,"OLAM_P001",50
"67596",-0.00992426602169871,"OLAM_P001",100
"67597",-0.00992426602169871,"OLAM_P001",25
"67598",-0.00992426602169871,"OLAM_P001",50
"67599",-0.00992426602169871,"OLAM_P001",100
"67600",-0.00992426602169871,"OLAM_P001",25
"67601",-0.00992426602169871,"OLAM_P001",50
"67602",-0.00992426602169871,"OLAM_P001",100
"67603",-0.00992426602169871,"OLAM_P001",25
"67604",-0.00992426602169871,"OLAM_P001",50
"67605",-0.00992426602169871,"OLAM_P001",100
"67606",-0.00992426602169871,"OLAM_P001",25
"67607",-0.00992426602169871,"OLAM_P001",50
"67608",-0.00992426602169871,"OLAM_P001",100
"67609",-0.00992426602169871,"OLAM_P001",25
"67610",-0.00992426602169871,"OLAM_P001",50
"67611",-0.00992426602169871,"OLAM_P001",100
"67612",-0.00992426602169871,"OLAM_P001",25
"67613",-0.00992426602169871,"OLAM_P001",50
"67614",-0.00992426602169871,"OLAM_P001",100
"67615",-0.00992426602169871,"OLAM_P001",25
"67616",-0.00992426602169871,"OLAM_P001",50
"67617",-0.00992426602169871,"OLAM_P001",100
"67618",-0.00992426602169871,"OLAM_P001",25
"67619",-0.00992426602169871,"OLAM_P001",50
"67620",-0.00992426602169871,"OLAM_P001",100
"67621",-0.00992426602169871,"OLAM_P001",25
"67622",-0.00992426602169871,"OLAM_P001",50
"67623",-0.00992426602169871,"OLAM_P001",100
"67624",-0.00992426602169871,"OLAM_P001",25
"67625",-0.00992426602169871,"OLAM_P001",50
"67626",-0.00992426602169871,"OLAM_P001",100
"67627",-0.00992426602169871,"OLAM_P001",25
"67628",-0.00992426602169871,"OLAM_P001",50
"67629",-0.00992426602169871,"OLAM_P001",100
"67630",-0.00992426602169871,"OLAM_P001",25
"67631",-0.00992426602169871,"OLAM_P001",50
"67632",-0.00992426602169871,"OLAM_P001",100
"67633",-0.00992426602169871,"OLAM_P001",25
"67634",-0.00992426602169871,"OLAM_P001",50
"67635",-0.00992426602169871,"OLAM_P001",100
"67636",-0.00992426602169871,"OLAM_P001",25
"67637",-0.00992426602169871,"OLAM_P001",50
"67638",-0.00992426602169871,"OLAM_P001",100
"67639",-0.00992426602169871,"OLAM_P001",25
"67640",-0.00992426602169871,"OLAM_P001",50
"67641",-0.00992426602169871,"OLAM_P001",100
"67642",-0.00992426602169871,"OLAM_P001",25
"67643",-0.00992426602169871,"OLAM_P001",50
"67644",-0.00992426602169871,"OLAM_P001",100
"67645",-0.00992426602169871,"OLAM_P001",25
"67646",-0.00992426602169871,"OLAM_P001",50
"67647",-0.00992426602169871,"OLAM_P001",100
"67648",-0.00992426602169871,"OLAM_P001",25
"67649",-0.00992426602169871,"OLAM_P001",50
"67650",-0.00992426602169871,"OLAM_P001",100
"67651",-0.00992426602169871,"OLAM_P001",25
"67652",-0.00992426602169871,"OLAM_P001",50
"67653",-0.00992426602169871,"OLAM_P001",100
"67654",-0.00992426602169871,"OLAM_P001",25
"67655",-0.00992426602169871,"OLAM_P001",50
"67656",-0.00992426602169871,"OLAM_P001",100
"67657",-0.00992426602169871,"OLAM_P001",25
"67658",-0.00992426602169871,"OLAM_P001",50
"67659",-0.00992426602169871,"OLAM_P001",100
"67660",-0.00992426602169871,"OLAM_P001",25
"67661",-0.00992426602169871,"OLAM_P001",50
"67662",-0.00992426602169871,"OLAM_P001",100
"67663",-0.00992426602169871,"OLAM_P001",25
"67664",-0.00992426602169871,"OLAM_P001",50
"67665",-0.00992426602169871,"OLAM_P001",100
"67666",-0.00992426602169871,"OLAM_P001",25
"67667",-0.00992426602169871,"OLAM_P001",50
"67668",-0.00992426602169871,"OLAM_P001",100
"67669",-0.00992426602169871,"OLAM_P001",25
"67670",-0.00992426602169871,"OLAM_P001",50
"67671",-0.00992426602169871,"OLAM_P001",100
"67672",-0.00992426602169871,"OLAM_P001",25
"67673",-0.00992426602169871,"OLAM_P001",50
"67674",-0.00992426602169871,"OLAM_P001",100
"67675",-0.00992426602169871,"OLAM_P001",25
"67676",-0.00992426602169871,"OLAM_P001",50
"67677",-0.00992426602169871,"OLAM_P001",100
"67678",-0.00992426602169871,"OLAM_P001",25
"67679",-0.00992426602169871,"OLAM_P001",50
"67680",-0.00992426602169871,"OLAM_P001",100
"67681",-0.00992426602169871,"OLAM_P001",25
"67682",-0.00992426602169871,"OLAM_P001",50
"67683",-0.00992426602169871,"OLAM_P001",100
"67684",-0.00992426602169871,"OLAM_P001",25
"67685",-0.00992426602169871,"OLAM_P001",50
"67686",-0.00992426602169871,"OLAM_P001",100
"67687",-0.00992426602169871,"OLAM_P001",25
"67688",-0.00992426602169871,"OLAM_P001",50
"67689",-0.00992426602169871,"OLAM_P001",100
"67690",-0.00992426602169871,"OLAM_P001",25
"67691",-0.00992426602169871,"OLAM_P001",50
"67692",-0.00992426602169871,"OLAM_P001",100
"67693",-0.00992426602169871,"OLAM_P001",25
"67694",-0.00992426602169871,"OLAM_P001",50
"67695",-0.00992426602169871,"OLAM_P001",100
"67696",-0.00992426602169871,"OLAM_P001",25
"67697",-0.00992426602169871,"OLAM_P001",50
"67698",-0.00992426602169871,"OLAM_P001",100
"67699",-0.00992426602169871,"OLAM_P001",25
"67700",-0.00992426602169871,"OLAM_P001",50
"67701",-0.00992426602169871,"OLAM_P001",100
"67702",-0.00992426602169871,"OLAM_P001",25
"67703",-0.00992426602169871,"OLAM_P001",50
"67704",-0.00992426602169871,"OLAM_P001",100
"67705",-0.00992426602169871,"OLAM_P001",25
"67706",-0.00992426602169871,"OLAM_P001",50
"67707",-0.00992426602169871,"OLAM_P001",100
"67708",-0.00992426602169871,"OLAM_P001",25
"67709",-0.00992426602169871,"OLAM_P001",50
"67710",-0.00992426602169871,"OLAM_P001",100
"67711",-0.00992426602169871,"OLAM_P001",25
"67712",-0.00992426602169871,"OLAM_P001",50
"67713",-0.00992426602169871,"OLAM_P001",100
"67714",-0.00992426602169871,"OLAM_P001",25
"67715",-0.00992426602169871,"OLAM_P001",50
"67716",-0.00992426602169871,"OLAM_P001",100
"67717",-0.00992426602169871,"OLAM_P001",25
"67718",-0.00992426602169871,"OLAM_P001",50
"67719",-0.00992426602169871,"OLAM_P001",100
"67720",-0.00992426602169871,"OLAM_P001",25
"67721",-0.00992426602169871,"OLAM_P001",50
"67722",-0.00992426602169871,"OLAM_P001",100
"67723",-0.00992426602169871,"OLAM_P001",25
"67724",-0.00992426602169871,"OLAM_P001",50
"67725",-0.00992426602169871,"OLAM_P001",100
"67726",-0.00992426602169871,"OLAM_P001",25
"67727",-0.00992426602169871,"OLAM_P001",50
"67728",-0.00992426602169871,"OLAM_P001",100
"67729",-0.00992426602169871,"OLAM_P001",25
"67730",-0.00992426602169871,"OLAM_P001",50
"67731",-0.00992426602169871,"OLAM_P001",100
"67732",-0.00992426602169871,"OLAM_P001",25
"67733",-0.00992426602169871,"OLAM_P001",50
"67734",-0.00992426602169871,"OLAM_P001",100
"67735",-0.00992426602169871,"OLAM_P001",25
"67736",-0.00992426602169871,"OLAM_P001",50
"67737",-0.00992426602169871,"OLAM_P001",100
"67738",-0.00992426602169871,"OLAM_P001",25
"67739",-0.00992426602169871,"OLAM_P001",50
"67740",-0.00992426602169871,"OLAM_P001",100
"67741",-0.00992426602169871,"OLAM_P001",25
"67742",-0.00992426602169871,"OLAM_P001",50
"67743",-0.00992426602169871,"OLAM_P001",100
"67744",-0.00992426602169871,"OLAM_P001",25
"67745",-0.00992426602169871,"OLAM_P001",50
"67746",-0.00992426602169871,"OLAM_P001",100
"67747",-0.00992426602169871,"OLAM_P001",25
"67748",-0.00992426602169871,"OLAM_P001",50
"67749",-0.00992426602169871,"OLAM_P001",100
"67750",-0.00992426602169871,"OLAM_P001",25
"67751",-0.00992426602169871,"OLAM_P001",50
"67752",-0.00992426602169871,"OLAM_P001",100
"67753",-0.00992426602169871,"OLAM_P001",25
"67754",-0.00992426602169871,"OLAM_P001",50
"67755",-0.00992426602169871,"OLAM_P001",100
"67756",-0.00992426602169871,"OLAM_P001",25
"67757",-0.00992426602169871,"OLAM_P001",50
"67758",-0.00992426602169871,"OLAM_P001",100
"67759",-0.00992426602169871,"OLAM_P001",25
"67760",-0.00992426602169871,"OLAM_P001",50
"67761",-0.00992426602169871,"OLAM_P001",100
"67762",-0.00992426602169871,"OLAM_P001",25
"67763",-0.00992426602169871,"OLAM_P001",50
"67764",-0.00992426602169871,"OLAM_P001",100
"67765",-0.00992426602169871,"OLAM_P001",25
"67766",-0.00992426602169871,"OLAM_P001",50
"67767",-0.00992426602169871,"OLAM_P001",100
"67768",-0.00992426602169871,"OLAM_P001",25
"67769",-0.00992426602169871,"OLAM_P001",50
"67770",-0.00992426602169871,"OLAM_P001",100
"67771",-0.00992426602169871,"OLAM_P001",25
"67772",-0.00992426602169871,"OLAM_P001",50
"67773",-0.00992426602169871,"OLAM_P001",100
"67774",-0.00992426602169871,"OLAM_P001",25
"67775",-0.00992426602169871,"OLAM_P001",50
"67776",-0.00992426602169871,"OLAM_P001",100
"67777",-0.00992426602169871,"OLAM_P001",25
"67778",-0.00992426602169871,"OLAM_P001",50
"67779",-0.00992426602169871,"OLAM_P001",100
"67780",-0.00992426602169871,"OLAM_P001",25
"67781",-0.00992426602169871,"OLAM_P001",50
"67782",-0.00992426602169871,"OLAM_P001",100
"67783",-0.00992426602169871,"OLAM_P001",25
"67784",-0.00992426602169871,"OLAM_P001",50
"67785",-0.00992426602169871,"OLAM_P001",100
"67786",-0.00992426602169871,"OLAM_P001",25
"67787",-0.00992426602169871,"OLAM_P001",50
"67788",-0.00992426602169871,"OLAM_P001",100
"67789",-0.00992426602169871,"OLAM_P001",25
"67790",-0.00992426602169871,"OLAM_P001",50
"67791",-0.00992426602169871,"OLAM_P001",100
"67792",-0.00992426602169871,"OLAM_P001",25
"67793",-0.00992426602169871,"OLAM_P001",50
"67794",-0.00992426602169871,"OLAM_P001",100
"67795",-0.00992426602169871,"OLAM_P001",25
"67796",-0.00992426602169871,"OLAM_P001",50
"67797",-0.00992426602169871,"OLAM_P001",100
"67798",-0.00992426602169871,"OLAM_P001",25
"67799",-0.00992426602169871,"OLAM_P001",50
"67800",-0.00992426602169871,"OLAM_P001",100
"67801",-0.0002559416971053,"OLAM_P002",25
"67802",-0.0002559416971053,"OLAM_P002",50
"67803",-0.0002559416971053,"OLAM_P002",100
"67804",-0.0002559416971053,"OLAM_P002",25
"67805",-0.0002559416971053,"OLAM_P002",50
"67806",-0.0002559416971053,"OLAM_P002",100
"67807",-0.0002559416971053,"OLAM_P002",25
"67808",-0.0002559416971053,"OLAM_P002",50
"67809",-0.0002559416971053,"OLAM_P002",100
"67810",-0.0002559416971053,"OLAM_P002",25
"67811",-0.0002559416971053,"OLAM_P002",50
"67812",-0.0002559416971053,"OLAM_P002",100
"67813",-0.0002559416971053,"OLAM_P002",25
"67814",-0.0002559416971053,"OLAM_P002",50
"67815",-0.0002559416971053,"OLAM_P002",100
"67816",-0.0002559416971053,"OLAM_P002",25
"67817",-0.0002559416971053,"OLAM_P002",50
"67818",-0.0002559416971053,"OLAM_P002",100
"67819",-0.0002559416971053,"OLAM_P002",25
"67820",-0.0002559416971053,"OLAM_P002",50
"67821",-0.0002559416971053,"OLAM_P002",100
"67822",-0.0002559416971053,"OLAM_P002",25
"67823",-0.0002559416971053,"OLAM_P002",50
"67824",-0.0002559416971053,"OLAM_P002",100
"67825",-0.0002559416971053,"OLAM_P002",25
"67826",-0.0002559416971053,"OLAM_P002",50
"67827",-0.0002559416971053,"OLAM_P002",100
"67828",-0.0002559416971053,"OLAM_P002",25
"67829",-0.0002559416971053,"OLAM_P002",50
"67830",-0.0002559416971053,"OLAM_P002",100
"67831",-0.0002559416971053,"OLAM_P002",25
"67832",-0.0002559416971053,"OLAM_P002",50
"67833",-0.0002559416971053,"OLAM_P002",100
"67834",-0.0002559416971053,"OLAM_P002",25
"67835",-0.0002559416971053,"OLAM_P002",50
"67836",-0.0002559416971053,"OLAM_P002",100
"67837",-0.0002559416971053,"OLAM_P002",25
"67838",-0.0002559416971053,"OLAM_P002",50
"67839",-0.0002559416971053,"OLAM_P002",100
"67840",-0.0002559416971053,"OLAM_P002",25
"67841",-0.0002559416971053,"OLAM_P002",50
"67842",-0.0002559416971053,"OLAM_P002",100
"67843",-0.0002559416971053,"OLAM_P002",25
"67844",-0.0002559416971053,"OLAM_P002",50
"67845",-0.0002559416971053,"OLAM_P002",100
"67846",-0.0002559416971053,"OLAM_P002",25
"67847",-0.0002559416971053,"OLAM_P002",50
"67848",-0.0002559416971053,"OLAM_P002",100
"67849",-0.0002559416971053,"OLAM_P002",25
"67850",-0.0002559416971053,"OLAM_P002",50
"67851",-0.0002559416971053,"OLAM_P002",100
"67852",-0.0002559416971053,"OLAM_P002",25
"67853",-0.0002559416971053,"OLAM_P002",50
"67854",-0.0002559416971053,"OLAM_P002",100
"67855",-0.0002559416971053,"OLAM_P002",25
"67856",-0.0002559416971053,"OLAM_P002",50
"67857",-0.0002559416971053,"OLAM_P002",100
"67858",-0.0002559416971053,"OLAM_P002",25
"67859",-0.0002559416971053,"OLAM_P002",50
"67860",-0.0002559416971053,"OLAM_P002",100
"67861",-0.0002559416971053,"OLAM_P002",25
"67862",-0.0002559416971053,"OLAM_P002",50
"67863",-0.0002559416971053,"OLAM_P002",100
"67864",-0.0002559416971053,"OLAM_P002",25
"67865",-0.0002559416971053,"OLAM_P002",50
"67866",-0.0002559416971053,"OLAM_P002",100
"67867",-0.0002559416971053,"OLAM_P002",25
"67868",-0.0002559416971053,"OLAM_P002",50
"67869",-0.0002559416971053,"OLAM_P002",100
"67870",-0.0002559416971053,"OLAM_P002",25
"67871",-0.0002559416971053,"OLAM_P002",50
"67872",-0.0002559416971053,"OLAM_P002",100
"67873",-0.0002559416971053,"OLAM_P002",25
"67874",-0.0002559416971053,"OLAM_P002",50
"67875",-0.0002559416971053,"OLAM_P002",100
"67876",-0.0002559416971053,"OLAM_P002",25
"67877",-0.0002559416971053,"OLAM_P002",50
"67878",-0.0002559416971053,"OLAM_P002",100
"67879",-0.0002559416971053,"OLAM_P002",25
"67880",-0.0002559416971053,"OLAM_P002",50
"67881",-0.0002559416971053,"OLAM_P002",100
"67882",-0.0002559416971053,"OLAM_P002",25
"67883",-0.0002559416971053,"OLAM_P002",50
"67884",-0.0002559416971053,"OLAM_P002",100
"67885",-0.0002559416971053,"OLAM_P002",25
"67886",-0.0002559416971053,"OLAM_P002",50
"67887",-0.0002559416971053,"OLAM_P002",100
"67888",-0.0002559416971053,"OLAM_P002",25
"67889",-0.0002559416971053,"OLAM_P002",50
"67890",-0.0002559416971053,"OLAM_P002",100
"67891",-0.0002559416971053,"OLAM_P002",25
"67892",-0.0002559416971053,"OLAM_P002",50
"67893",-0.0002559416971053,"OLAM_P002",100
"67894",-0.0002559416971053,"OLAM_P002",25
"67895",-0.0002559416971053,"OLAM_P002",50
"67896",-0.0002559416971053,"OLAM_P002",100
"67897",-0.0002559416971053,"OLAM_P002",25
"67898",-0.0002559416971053,"OLAM_P002",50
"67899",-0.0002559416971053,"OLAM_P002",100
"67900",-0.0002559416971053,"OLAM_P002",25
"67901",-0.0002559416971053,"OLAM_P002",50
"67902",-0.0002559416971053,"OLAM_P002",100
"67903",-0.0002559416971053,"OLAM_P002",25
"67904",-0.0002559416971053,"OLAM_P002",50
"67905",-0.0002559416971053,"OLAM_P002",100
"67906",-0.0002559416971053,"OLAM_P002",25
"67907",-0.0002559416971053,"OLAM_P002",50
"67908",-0.0002559416971053,"OLAM_P002",100
"67909",-0.0002559416971053,"OLAM_P002",25
"67910",-0.0002559416971053,"OLAM_P002",50
"67911",-0.0002559416971053,"OLAM_P002",100
"67912",-0.0002559416971053,"OLAM_P002",25
"67913",-0.0002559416971053,"OLAM_P002",50
"67914",-0.0002559416971053,"OLAM_P002",100
"67915",-0.0002559416971053,"OLAM_P002",25
"67916",-0.0002559416971053,"OLAM_P002",50
"67917",-0.0002559416971053,"OLAM_P002",100
"67918",-0.0002559416971053,"OLAM_P002",25
"67919",-0.0002559416971053,"OLAM_P002",50
"67920",-0.0002559416971053,"OLAM_P002",100
"67921",-0.0002559416971053,"OLAM_P002",25
"67922",-0.0002559416971053,"OLAM_P002",50
"67923",-0.0002559416971053,"OLAM_P002",100
"67924",-0.0002559416971053,"OLAM_P002",25
"67925",-0.0002559416971053,"OLAM_P002",50
"67926",-0.0002559416971053,"OLAM_P002",100
"67927",-0.0002559416971053,"OLAM_P002",25
"67928",-0.0002559416971053,"OLAM_P002",50
"67929",-0.0002559416971053,"OLAM_P002",100
"67930",-0.0002559416971053,"OLAM_P002",25
"67931",-0.0002559416971053,"OLAM_P002",50
"67932",-0.0002559416971053,"OLAM_P002",100
"67933",-0.0002559416971053,"OLAM_P002",25
"67934",-0.0002559416971053,"OLAM_P002",50
"67935",-0.0002559416971053,"OLAM_P002",100
"67936",-0.0002559416971053,"OLAM_P002",25
"67937",-0.0002559416971053,"OLAM_P002",50
"67938",-0.0002559416971053,"OLAM_P002",100
"67939",-0.0002559416971053,"OLAM_P002",25
"67940",-0.0002559416971053,"OLAM_P002",50
"67941",-0.0002559416971053,"OLAM_P002",100
"67942",-0.0002559416971053,"OLAM_P002",25
"67943",-0.0002559416971053,"OLAM_P002",50
"67944",-0.0002559416971053,"OLAM_P002",100
"67945",-0.0002559416971053,"OLAM_P002",25
"67946",-0.0002559416971053,"OLAM_P002",50
"67947",-0.0002559416971053,"OLAM_P002",100
"67948",-0.0002559416971053,"OLAM_P002",25
"67949",-0.0002559416971053,"OLAM_P002",50
"67950",-0.0002559416971053,"OLAM_P002",100
"67951",-0.0002559416971053,"OLAM_P002",25
"67952",-0.0002559416971053,"OLAM_P002",50
"67953",-0.0002559416971053,"OLAM_P002",100
"67954",-0.0002559416971053,"OLAM_P002",25
"67955",-0.0002559416971053,"OLAM_P002",50
"67956",-0.0002559416971053,"OLAM_P002",100
"67957",-0.0002559416971053,"OLAM_P002",25
"67958",-0.0002559416971053,"OLAM_P002",50
"67959",-0.0002559416971053,"OLAM_P002",100
"67960",-0.0002559416971053,"OLAM_P002",25
"67961",-0.0002559416971053,"OLAM_P002",50
"67962",-0.0002559416971053,"OLAM_P002",100
"67963",-0.0002559416971053,"OLAM_P002",25
"67964",-0.0002559416971053,"OLAM_P002",50
"67965",-0.0002559416971053,"OLAM_P002",100
"67966",-0.0002559416971053,"OLAM_P002",25
"67967",-0.0002559416971053,"OLAM_P002",50
"67968",-0.0002559416971053,"OLAM_P002",100
"67969",-0.0002559416971053,"OLAM_P002",25
"67970",-0.0002559416971053,"OLAM_P002",50
"67971",-0.0002559416971053,"OLAM_P002",100
"67972",-0.0002559416971053,"OLAM_P002",25
"67973",-0.0002559416971053,"OLAM_P002",50
"67974",-0.0002559416971053,"OLAM_P002",100
"67975",-0.0002559416971053,"OLAM_P002",25
"67976",-0.0002559416971053,"OLAM_P002",50
"67977",-0.0002559416971053,"OLAM_P002",100
"67978",-0.0002559416971053,"OLAM_P002",25
"67979",-0.0002559416971053,"OLAM_P002",50
"67980",-0.0002559416971053,"OLAM_P002",100
"67981",-0.0002559416971053,"OLAM_P002",25
"67982",-0.0002559416971053,"OLAM_P002",50
"67983",-0.0002559416971053,"OLAM_P002",100
"67984",-0.0002559416971053,"OLAM_P002",25
"67985",-0.0002559416971053,"OLAM_P002",50
"67986",-0.0002559416971053,"OLAM_P002",100
"67987",-0.0002559416971053,"OLAM_P002",25
"67988",-0.0002559416971053,"OLAM_P002",50
"67989",-0.0002559416971053,"OLAM_P002",100
"67990",-0.0002559416971053,"OLAM_P002",25
"67991",-0.0002559416971053,"OLAM_P002",50
"67992",-0.0002559416971053,"OLAM_P002",100
"67993",-0.0002559416971053,"OLAM_P002",25
"67994",-0.0002559416971053,"OLAM_P002",50
"67995",-0.0002559416971053,"OLAM_P002",100
"67996",-0.0002559416971053,"OLAM_P002",25
"67997",-0.0002559416971053,"OLAM_P002",50
"67998",-0.0002559416971053,"OLAM_P002",100
"67999",-0.0002559416971053,"OLAM_P002",25
"68000",-0.0002559416971053,"OLAM_P002",50
"68001",-0.0002559416971053,"OLAM_P002",100
"68002",-0.0002559416971053,"OLAM_P002",25
"68003",-0.0002559416971053,"OLAM_P002",50
"68004",-0.0002559416971053,"OLAM_P002",100
"68005",-0.0002559416971053,"OLAM_P002",25
"68006",-0.0002559416971053,"OLAM_P002",50
"68007",-0.0002559416971053,"OLAM_P002",100
"68008",-0.0002559416971053,"OLAM_P002",25
"68009",-0.0002559416971053,"OLAM_P002",50
"68010",-0.0002559416971053,"OLAM_P002",100
"68011",-0.0002559416971053,"OLAM_P002",25
"68012",-0.0002559416971053,"OLAM_P002",50
"68013",-0.0002559416971053,"OLAM_P002",100
"68014",-0.0002559416971053,"OLAM_P002",25
"68015",-0.0002559416971053,"OLAM_P002",50
"68016",-0.0002559416971053,"OLAM_P002",100
"68017",-0.0002559416971053,"OLAM_P002",25
"68018",-0.0002559416971053,"OLAM_P002",50
"68019",-0.0002559416971053,"OLAM_P002",100
"68020",-0.0002559416971053,"OLAM_P002",25
"68021",-0.0002559416971053,"OLAM_P002",50
"68022",-0.0002559416971053,"OLAM_P002",100
"68023",-0.0002559416971053,"OLAM_P002",25
"68024",-0.0002559416971053,"OLAM_P002",50
"68025",-0.0002559416971053,"OLAM_P002",100
"68026",-0.0002559416971053,"OLAM_P002",25
"68027",-0.0002559416971053,"OLAM_P002",50
"68028",-0.0002559416971053,"OLAM_P002",100
"68029",-0.0002559416971053,"OLAM_P002",25
"68030",-0.0002559416971053,"OLAM_P002",50
"68031",-0.0002559416971053,"OLAM_P002",100
"68032",-0.0002559416971053,"OLAM_P002",25
"68033",-0.0002559416971053,"OLAM_P002",50
"68034",-0.0002559416971053,"OLAM_P002",100
"68035",-0.0002559416971053,"OLAM_P002",25
"68036",-0.0002559416971053,"OLAM_P002",50
"68037",-0.0002559416971053,"OLAM_P002",100
"68038",-0.0002559416971053,"OLAM_P002",25
"68039",-0.0002559416971053,"OLAM_P002",50
"68040",-0.0002559416971053,"OLAM_P002",100
"68041",-0.0002559416971053,"OLAM_P002",25
"68042",-0.0002559416971053,"OLAM_P002",50
"68043",-0.0002559416971053,"OLAM_P002",100
"68044",-0.0002559416971053,"OLAM_P002",25
"68045",-0.0002559416971053,"OLAM_P002",50
"68046",-0.0002559416971053,"OLAM_P002",100
"68047",-0.0002559416971053,"OLAM_P002",25
"68048",-0.0002559416971053,"OLAM_P002",50
"68049",-0.0002559416971053,"OLAM_P002",100
"68050",-0.0002559416971053,"OLAM_P002",25
"68051",-0.0002559416971053,"OLAM_P002",50
"68052",-0.0002559416971053,"OLAM_P002",100
"68053",-0.0002559416971053,"OLAM_P002",25
"68054",-0.0002559416971053,"OLAM_P002",50
"68055",-0.0002559416971053,"OLAM_P002",100
"68056",-0.0002559416971053,"OLAM_P002",25
"68057",-0.0002559416971053,"OLAM_P002",50
"68058",-0.0002559416971053,"OLAM_P002",100
"68059",-0.0002559416971053,"OLAM_P002",25
"68060",-0.0002559416971053,"OLAM_P002",50
"68061",-0.0002559416971053,"OLAM_P002",100
"68062",-0.0002559416971053,"OLAM_P002",25
"68063",-0.0002559416971053,"OLAM_P002",50
"68064",-0.0002559416971053,"OLAM_P002",100
"68065",-0.0002559416971053,"OLAM_P002",25
"68066",-0.0002559416971053,"OLAM_P002",50
"68067",-0.0002559416971053,"OLAM_P002",100
"68068",-0.0002559416971053,"OLAM_P002",25
"68069",-0.0002559416971053,"OLAM_P002",50
"68070",-0.0002559416971053,"OLAM_P002",100
"68071",-0.0002559416971053,"OLAM_P002",25
"68072",-0.0002559416971053,"OLAM_P002",50
"68073",-0.0002559416971053,"OLAM_P002",100
"68074",-0.0002559416971053,"OLAM_P002",25
"68075",-0.0002559416971053,"OLAM_P002",50
"68076",-0.0002559416971053,"OLAM_P002",100
"68077",-0.0002559416971053,"OLAM_P002",25
"68078",-0.0002559416971053,"OLAM_P002",50
"68079",-0.0002559416971053,"OLAM_P002",100
"68080",-0.0002559416971053,"OLAM_P002",25
"68081",-0.0002559416971053,"OLAM_P002",50
"68082",-0.0002559416971053,"OLAM_P002",100
"68083",-0.0002559416971053,"OLAM_P002",25
"68084",-0.0002559416971053,"OLAM_P002",50
"68085",-0.0002559416971053,"OLAM_P002",100
"68086",-0.0002559416971053,"OLAM_P002",25
"68087",-0.0002559416971053,"OLAM_P002",50
"68088",-0.0002559416971053,"OLAM_P002",100
"68089",-0.0002559416971053,"OLAM_P002",25
"68090",-0.0002559416971053,"OLAM_P002",50
"68091",-0.0002559416971053,"OLAM_P002",100
"68092",-0.0002559416971053,"OLAM_P002",25
"68093",-0.0002559416971053,"OLAM_P002",50
"68094",-0.0002559416971053,"OLAM_P002",100
"68095",-0.0002559416971053,"OLAM_P002",25
"68096",-0.0002559416971053,"OLAM_P002",50
"68097",-0.0002559416971053,"OLAM_P002",100
"68098",-0.0002559416971053,"OLAM_P002",25
"68099",-0.0002559416971053,"OLAM_P002",50
"68100",-0.0002559416971053,"OLAM_P002",100
"68101",21.3963350750273,"OLAM_P003",25
"68102",-8010.07125492499,"OLAM_P003",50
"68103",-11286.940794925,"OLAM_P003",100
"68104",659.471305075043,"OLAM_P003",25
"68105",-12449.814344925,"OLAM_P003",50
"68106",-11285.252594925,"OLAM_P003",100
"68107",-12436.260544925,"OLAM_P003",25
"68108",20642.167885075,"OLAM_P003",50
"68109",-8953.12687492499,"OLAM_P003",100
"68110",-53.3859349249979,"OLAM_P003",25
"68111",-135.425464925007,"OLAM_P003",50
"68112",-11252.949794925,"OLAM_P003",100
"68113",-35.667164924962,"OLAM_P003",25
"68114",-12371.227824925,"OLAM_P003",50
"68115",-10713.480604925,"OLAM_P003",100
"68116",139.273745075043,"OLAM_P003",25
"68117",395.616195075039,"OLAM_P003",50
"68118",-7726.80531492498,"OLAM_P003",100
"68119",-223.011184924981,"OLAM_P003",25
"68120",-9388.10800492496,"OLAM_P003",50
"68121",162.639555075031,"OLAM_P003",100
"68122",557.57448507502,"OLAM_P003",25
"68123",341.276445074996,"OLAM_P003",50
"68124",-11799.977124925,"OLAM_P003",100
"68125",-11464.691144925,"OLAM_P003",25
"68126",-11937.607814925,"OLAM_P003",50
"68127",-5135.487374925,"OLAM_P003",100
"68128",-12318.507354925,"OLAM_P003",25
"68129",368.644035075034,"OLAM_P003",50
"68130",-10652.842694925,"OLAM_P003",100
"68131",-11660.995294925,"OLAM_P003",25
"68132",-150.475394924986,"OLAM_P003",50
"68133",34786.616925075,"OLAM_P003",100
"68134",-12196.687454925,"OLAM_P003",25
"68135",-11850.791104925,"OLAM_P003",50
"68136",-10438.522494925,"OLAM_P003",100
"68137",-12480.267714925,"OLAM_P003",25
"68138",-10496.581464925,"OLAM_P003",50
"68139",-10166.727364925,"OLAM_P003",100
"68140",668.838335075008,"OLAM_P003",25
"68141",39.128125075018,"OLAM_P003",50
"68142",-8051.64471492497,"OLAM_P003",100
"68143",5.53615507500945,"OLAM_P003",25
"68144",33.2146450750297,"OLAM_P003",50
"68145",-7890.42545492499,"OLAM_P003",100
"68146",-11512.559064925,"OLAM_P003",25
"68147",1982.57179507503,"OLAM_P003",50
"68148",-10775.005784925,"OLAM_P003",100
"68149",-8239.92874492495,"OLAM_P003",25
"68150",-12400.098734925,"OLAM_P003",50
"68151",-8953.69647492497,"OLAM_P003",100
"68152",-12299.107844925,"OLAM_P003",25
"68153",-10462.272054925,"OLAM_P003",50
"68154",-964.401364924968,"OLAM_P003",100
"68155",-32.8822149249609,"OLAM_P003",25
"68156",7998.48983507504,"OLAM_P003",50
"68157",-4490.158004925,"OLAM_P003",100
"68158",544.964625074994,"OLAM_P003",25
"68159",-12137.726094925,"OLAM_P003",50
"68160",-10494.234824925,"OLAM_P003",100
"68161",959.251275075017,"OLAM_P003",25
"68162",-43.712544924987,"OLAM_P003",50
"68163",-12099.984144925,"OLAM_P003",100
"68164",-12544.887094925,"OLAM_P003",25
"68165",2132.23621507501,"OLAM_P003",50
"68166",45114.625155075,"OLAM_P003",100
"68167",79.6981450750027,"OLAM_P003",25
"68168",-12375.157204925,"OLAM_P003",50
"68169",-11934.313964925,"OLAM_P003",100
"68170",3965.34515507502,"OLAM_P003",25
"68171",-12360.549504925,"OLAM_P003",50
"68172",-5769.87660492497,"OLAM_P003",100
"68173",146.628025075013,"OLAM_P003",25
"68174",-10454.211964925,"OLAM_P003",50
"68175",-5251.56716492499,"OLAM_P003",100
"68176",-12513.785344925,"OLAM_P003",25
"68177",3995.71954507503,"OLAM_P003",50
"68178",-12359.533544925,"OLAM_P003",100
"68179",373.552345075004,"OLAM_P003",25
"68180",1611.48498507502,"OLAM_P003",50
"68181",-608.389744924963,"OLAM_P003",100
"68182",-81.2879149249638,"OLAM_P003",25
"68183",1303.31270507502,"OLAM_P003",50
"68184",-12396.476094925,"OLAM_P003",100
"68185",256.954925074999,"OLAM_P003",25
"68186",-8800.32273492496,"OLAM_P003",50
"68187",-1283.36570492497,"OLAM_P003",100
"68188",-8256.702944925,"OLAM_P003",25
"68189",3978.98729507503,"OLAM_P003",50
"68190",17836.303405075,"OLAM_P003",100
"68191",-11677.963644925,"OLAM_P003",25
"68192",-11812.751964925,"OLAM_P003",50
"68193",-8727.59905492497,"OLAM_P003",100
"68194",-12396.486864925,"OLAM_P003",25
"68195",4972.41412507504,"OLAM_P003",50
"68196",-6447.26016492496,"OLAM_P003",100
"68197",-12598.945754925,"OLAM_P003",25
"68198",8251.399145075,"OLAM_P003",50
"68199",-10846.101504925,"OLAM_P003",100
"68200",2324.96293507505,"OLAM_P003",25
"68201",-180.117654924979,"OLAM_P003",50
"68202",-7677.54057492496,"OLAM_P003",100
"68203",-10449.204084925,"OLAM_P003",25
"68204",3516.68204507499,"OLAM_P003",50
"68205",-12465.628874925,"OLAM_P003",100
"68206",4396.052245075,"OLAM_P003",25
"68207",-11876.255984925,"OLAM_P003",50
"68208",-11465.938674925,"OLAM_P003",100
"68209",-12149.123394925,"OLAM_P003",25
"68210",24362.810245075,"OLAM_P003",50
"68211",21326.529165075,"OLAM_P003",100
"68212",-11412.144254925,"OLAM_P003",25
"68213",-12260.747864925,"OLAM_P003",50
"68214",-9096.82023492496,"OLAM_P003",100
"68215",-9471.087194925,"OLAM_P003",25
"68216",-12324.494894925,"OLAM_P003",50
"68217",15270.406445075,"OLAM_P003",100
"68218",101.935535075027,"OLAM_P003",25
"68219",28.9239550750353,"OLAM_P003",50
"68220",-12133.653874925,"OLAM_P003",100
"68221",-12533.766154925,"OLAM_P003",25
"68222",326.525585075025,"OLAM_P003",50
"68223",-8584.84327492496,"OLAM_P003",100
"68224",260.101015074993,"OLAM_P003",25
"68225",-12242.296174925,"OLAM_P003",50
"68226",-11686.883184925,"OLAM_P003",100
"68227",811.215145074995,"OLAM_P003",25
"68228",1299.22737507505,"OLAM_P003",50
"68229",-11087.122304925,"OLAM_P003",100
"68230",1461.48183507501,"OLAM_P003",25
"68231",-11976.957244925,"OLAM_P003",50
"68232",-12061.995404925,"OLAM_P003",100
"68233",3316.25802507502,"OLAM_P003",25
"68234",39.706735075044,"OLAM_P003",50
"68235",-11611.859524925,"OLAM_P003",100
"68236",140.893885074998,"OLAM_P003",25
"68237",-10921.137864925,"OLAM_P003",50
"68238",-12319.704514925,"OLAM_P003",100
"68239",-59.7202949249768,"OLAM_P003",25
"68240",-12612.918664925,"OLAM_P003",50
"68241",-3286.68277492496,"OLAM_P003",100
"68242",116.356535075,"OLAM_P003",25
"68243",-11585.482344925,"OLAM_P003",50
"68244",-11164.258494925,"OLAM_P003",100
"68245",27.6778250749921,"OLAM_P003",25
"68246",-11979.759904925,"OLAM_P003",50
"68247",-11989.404284925,"OLAM_P003",100
"68248",-10772.577844925,"OLAM_P003",25
"68249",-9949.57916492497,"OLAM_P003",50
"68250",-10953.782784925,"OLAM_P003",100
"68251",10844.428935075,"OLAM_P003",25
"68252",-11686.141924925,"OLAM_P003",50
"68253",-7916.13914492499,"OLAM_P003",100
"68254",468.626245075022,"OLAM_P003",25
"68255",-12555.561174925,"OLAM_P003",50
"68256",1328.54885507503,"OLAM_P003",100
"68257",-12127.433094925,"OLAM_P003",25
"68258",1233.04840507504,"OLAM_P003",50
"68259",-3916.89526492497,"OLAM_P003",100
"68260",-44.9651649249718,"OLAM_P003",25
"68261",276.509255075012,"OLAM_P003",50
"68262",-12052.682564925,"OLAM_P003",100
"68263",-143.090404924995,"OLAM_P003",25
"68264",-12170.540994925,"OLAM_P003",50
"68265",-12134.454174925,"OLAM_P003",100
"68266",782.882425075048,"OLAM_P003",25
"68267",167.766785075015,"OLAM_P003",50
"68268",568.021075075027,"OLAM_P003",100
"68269",-22.34408492496,"OLAM_P003",25
"68270",-12519.284014925,"OLAM_P003",50
"68271",-658.553964924999,"OLAM_P003",100
"68272",200.930455074995,"OLAM_P003",25
"68273",-244.427374924999,"OLAM_P003",50
"68274",-11927.375014925,"OLAM_P003",100
"68275",3702.88644507504,"OLAM_P003",25
"68276",408.042725075036,"OLAM_P003",50
"68277",-6941.431594925,"OLAM_P003",100
"68278",196.609855075018,"OLAM_P003",25
"68279",-12280.761344925,"OLAM_P003",50
"68280",-6646.24807492498,"OLAM_P003",100
"68281",1578.154045075,"OLAM_P003",25
"68282",-12558.062404925,"OLAM_P003",50
"68283",-8315.06403492496,"OLAM_P003",100
"68284",150.267945075,"OLAM_P003",25
"68285",144.999775075004,"OLAM_P003",50
"68286",-11512.486504925,"OLAM_P003",100
"68287",70.8412350750295,"OLAM_P003",25
"68288",-11269.947154925,"OLAM_P003",50
"68289",-10942.315694925,"OLAM_P003",100
"68290",2923.75445507502,"OLAM_P003",25
"68291",-11339.233344925,"OLAM_P003",50
"68292",-10244.135874925,"OLAM_P003",100
"68293",-12512.409594925,"OLAM_P003",25
"68294",1096.55391507503,"OLAM_P003",50
"68295",-11622.226974925,"OLAM_P003",100
"68296",-11472.779444925,"OLAM_P003",25
"68297",-86.2737449249835,"OLAM_P003",50
"68298",-12482.224334925,"OLAM_P003",100
"68299",-12496.236754925,"OLAM_P003",25
"68300",-12500.558074925,"OLAM_P003",50
"68301",-607.886474924977,"OLAM_P003",100
"68302",-12243.671674925,"OLAM_P003",25
"68303",1519.07059507503,"OLAM_P003",50
"68304",-11384.539844925,"OLAM_P003",100
"68305",464.076135075011,"OLAM_P003",25
"68306",-53.2215649249847,"OLAM_P003",50
"68307",-10645.598374925,"OLAM_P003",100
"68308",7369.43958507502,"OLAM_P003",25
"68309",-11461.359394925,"OLAM_P003",50
"68310",-6947.67331492499,"OLAM_P003",100
"68311",-11357.768844925,"OLAM_P003",25
"68312",-12298.248974925,"OLAM_P003",50
"68313",-9765.18061492499,"OLAM_P003",100
"68314",-12565.967304925,"OLAM_P003",25
"68315",-12288.633534925,"OLAM_P003",50
"68316",-10126.010744925,"OLAM_P003",100
"68317",21.8019350750255,"OLAM_P003",25
"68318",1012.624675075,"OLAM_P003",50
"68319",-5689.66024492501,"OLAM_P003",100
"68320",-11267.906034925,"OLAM_P003",25
"68321",-9771.46318492497,"OLAM_P003",50
"68322",-12107.836794925,"OLAM_P003",100
"68323",-176.473884924955,"OLAM_P003",25
"68324",1141.85597507504,"OLAM_P003",50
"68325",-9810.50292492501,"OLAM_P003",100
"68326",-32.0677849249914,"OLAM_P003",25
"68327",-11003.029454925,"OLAM_P003",50
"68328",-12169.907274925,"OLAM_P003",100
"68329",232.338955075014,"OLAM_P003",25
"68330",-11345.446354925,"OLAM_P003",50
"68331",-7787.55613492499,"OLAM_P003",100
"68332",2079.115135075,"OLAM_P003",25
"68333",443.759525075031,"OLAM_P003",50
"68334",-5799.16298492497,"OLAM_P003",100
"68335",-11817.528854925,"OLAM_P003",25
"68336",-10677.589684925,"OLAM_P003",50
"68337",-9916.466314925,"OLAM_P003",100
"68338",3770.054355075,"OLAM_P003",25
"68339",3489.687855075,"OLAM_P003",50
"68340",-10468.410804925,"OLAM_P003",100
"68341",-123.743384925008,"OLAM_P003",25
"68342",-2971.69807492499,"OLAM_P003",50
"68343",-11781.563734925,"OLAM_P003",100
"68344",-188.610674924974,"OLAM_P003",25
"68345",-12451.892904925,"OLAM_P003",50
"68346",-8389.41588492499,"OLAM_P003",100
"68347",1212.93994507502,"OLAM_P003",25
"68348",-12177.194724925,"OLAM_P003",50
"68349",-8375.63454492501,"OLAM_P003",100
"68350",630.934255075001,"OLAM_P003",25
"68351",34317.812005075,"OLAM_P003",50
"68352",-8235.74784492498,"OLAM_P003",100
"68353",81.8248450750252,"OLAM_P003",25
"68354",151.733805074997,"OLAM_P003",50
"68355",-10736.038374925,"OLAM_P003",100
"68356",459.130645074998,"OLAM_P003",25
"68357",-12521.771094925,"OLAM_P003",50
"68358",-12658.546064925,"OLAM_P003",100
"68359",-12423.931954925,"OLAM_P003",25
"68360",-11972.527674925,"OLAM_P003",50
"68361",-4046.23801492498,"OLAM_P003",100
"68362",49.7137250750093,"OLAM_P003",25
"68363",4065.55504507502,"OLAM_P003",50
"68364",-10747.152914925,"OLAM_P003",100
"68365",1348.74020507501,"OLAM_P003",25
"68366",52.1281150750001,"OLAM_P003",50
"68367",-9599.82176492497,"OLAM_P003",100
"68368",671.408175075019,"OLAM_P003",25
"68369",36739.091045075,"OLAM_P003",50
"68370",-10592.672174925,"OLAM_P003",100
"68371",-83.1462049249676,"OLAM_P003",25
"68372",39.9247850750107,"OLAM_P003",50
"68373",-6129.60610492498,"OLAM_P003",100
"68374",51.3858550750301,"OLAM_P003",25
"68375",1693.649015075,"OLAM_P003",50
"68376",-4392.88322492497,"OLAM_P003",100
"68377",46671.409155075,"OLAM_P003",25
"68378",-12636.671624925,"OLAM_P003",50
"68379",-3417.78881492501,"OLAM_P003",100
"68380",-12457.762824925,"OLAM_P003",25
"68381",-22.3407649250003,"OLAM_P003",50
"68382",-1919.28546492499,"OLAM_P003",100
"68383",-8712.73225492501,"OLAM_P003",25
"68384",33897.883415075,"OLAM_P003",50
"68385",-2976.317074925,"OLAM_P003",100
"68386",1025.34334507503,"OLAM_P003",25
"68387",467.480835075025,"OLAM_P003",50
"68388",-10907.941164925,"OLAM_P003",100
"68389",1257.872925075,"OLAM_P003",25
"68390",221.817025075026,"OLAM_P003",50
"68391",-10358.047174925,"OLAM_P003",100
"68392",-54.4483649249887,"OLAM_P003",25
"68393",-12065.777664925,"OLAM_P003",50
"68394",-10796.068774925,"OLAM_P003",100
"68395",-195.033394925005,"OLAM_P003",25
"68396",-12249.215544925,"OLAM_P003",50
"68397",-11138.694324925,"OLAM_P003",100
"68398",5.76264507503947,"OLAM_P003",25
"68399",-3910.42684492498,"OLAM_P003",50
"68400",-7566.49509492499,"OLAM_P003",100
"68401",-0.00259585899766535,"OLAM_P004",25
"68402",-0.00259585899766535,"OLAM_P004",50
"68403",-0.00259585899766535,"OLAM_P004",100
"68404",-0.00259585899766535,"OLAM_P004",25
"68405",-0.00259585899766535,"OLAM_P004",50
"68406",-0.00259585899766535,"OLAM_P004",100
"68407",-0.00259585899766535,"OLAM_P004",25
"68408",-0.00259585899766535,"OLAM_P004",50
"68409",-0.00259585899766535,"OLAM_P004",100
"68410",-0.00259585899766535,"OLAM_P004",25
"68411",-0.00259585899766535,"OLAM_P004",50
"68412",-0.00259585899766535,"OLAM_P004",100
"68413",-0.00259585899766535,"OLAM_P004",25
"68414",-0.00259585899766535,"OLAM_P004",50
"68415",-0.00259585899766535,"OLAM_P004",100
"68416",-0.00259585899766535,"OLAM_P004",25
"68417",-0.00259585899766535,"OLAM_P004",50
"68418",-0.00259585899766535,"OLAM_P004",100
"68419",-0.00259585899766535,"OLAM_P004",25
"68420",-0.00259585899766535,"OLAM_P004",50
"68421",-0.00259585899766535,"OLAM_P004",100
"68422",-0.00259585899766535,"OLAM_P004",25
"68423",-0.00259585899766535,"OLAM_P004",50
"68424",-0.00259585899766535,"OLAM_P004",100
"68425",-0.00259585899766535,"OLAM_P004",25
"68426",-0.00259585899766535,"OLAM_P004",50
"68427",-0.00259585899766535,"OLAM_P004",100
"68428",-0.00259585899766535,"OLAM_P004",25
"68429",-0.00259585899766535,"OLAM_P004",50
"68430",-0.00259585899766535,"OLAM_P004",100
"68431",-0.00259585899766535,"OLAM_P004",25
"68432",-0.00259585899766535,"OLAM_P004",50
"68433",-0.00259585899766535,"OLAM_P004",100
"68434",-0.00259585899766535,"OLAM_P004",25
"68435",-0.00259585899766535,"OLAM_P004",50
"68436",-0.00259585899766535,"OLAM_P004",100
"68437",-0.00259585899766535,"OLAM_P004",25
"68438",-0.00259585899766535,"OLAM_P004",50
"68439",-0.00259585899766535,"OLAM_P004",100
"68440",-0.00259585899766535,"OLAM_P004",25
"68441",-0.00259585899766535,"OLAM_P004",50
"68442",-0.00259585899766535,"OLAM_P004",100
"68443",-0.00259585899766535,"OLAM_P004",25
"68444",-0.00259585899766535,"OLAM_P004",50
"68445",-0.00259585899766535,"OLAM_P004",100
"68446",-0.00259585899766535,"OLAM_P004",25
"68447",-0.00259585899766535,"OLAM_P004",50
"68448",-0.00259585899766535,"OLAM_P004",100
"68449",-0.00259585899766535,"OLAM_P004",25
"68450",-0.00259585899766535,"OLAM_P004",50
"68451",-0.00259585899766535,"OLAM_P004",100
"68452",-0.00259585899766535,"OLAM_P004",25
"68453",-0.00259585899766535,"OLAM_P004",50
"68454",-0.00259585899766535,"OLAM_P004",100
"68455",-0.00259585899766535,"OLAM_P004",25
"68456",-0.00259585899766535,"OLAM_P004",50
"68457",-0.00259585899766535,"OLAM_P004",100
"68458",-0.00259585899766535,"OLAM_P004",25
"68459",-0.00259585899766535,"OLAM_P004",50
"68460",-0.00259585899766535,"OLAM_P004",100
"68461",-0.00259585899766535,"OLAM_P004",25
"68462",-0.00259585899766535,"OLAM_P004",50
"68463",-0.00259585899766535,"OLAM_P004",100
"68464",-0.00259585899766535,"OLAM_P004",25
"68465",-0.00259585899766535,"OLAM_P004",50
"68466",-0.00259585899766535,"OLAM_P004",100
"68467",-0.00259585899766535,"OLAM_P004",25
"68468",-0.00259585899766535,"OLAM_P004",50
"68469",-0.00259585899766535,"OLAM_P004",100
"68470",-0.00259585899766535,"OLAM_P004",25
"68471",-0.00259585899766535,"OLAM_P004",50
"68472",-0.00259585899766535,"OLAM_P004",100
"68473",-0.00259585899766535,"OLAM_P004",25
"68474",-0.00259585899766535,"OLAM_P004",50
"68475",-0.00259585899766535,"OLAM_P004",100
"68476",-0.00259585899766535,"OLAM_P004",25
"68477",-0.00259585899766535,"OLAM_P004",50
"68478",-0.00259585899766535,"OLAM_P004",100
"68479",-0.00259585899766535,"OLAM_P004",25
"68480",-0.00259585899766535,"OLAM_P004",50
"68481",-0.00259585899766535,"OLAM_P004",100
"68482",-0.00259585899766535,"OLAM_P004",25
"68483",-0.00259585899766535,"OLAM_P004",50
"68484",-0.00259585899766535,"OLAM_P004",100
"68485",-0.00259585899766535,"OLAM_P004",25
"68486",-0.00259585899766535,"OLAM_P004",50
"68487",-0.00259585899766535,"OLAM_P004",100
"68488",-0.00259585899766535,"OLAM_P004",25
"68489",-0.00259585899766535,"OLAM_P004",50
"68490",-0.00259585899766535,"OLAM_P004",100
"68491",-0.00259585899766535,"OLAM_P004",25
"68492",-0.00259585899766535,"OLAM_P004",50
"68493",-0.00259585899766535,"OLAM_P004",100
"68494",-0.00259585899766535,"OLAM_P004",25
"68495",-0.00259585899766535,"OLAM_P004",50
"68496",-0.00259585899766535,"OLAM_P004",100
"68497",-0.00259585899766535,"OLAM_P004",25
"68498",-0.00259585899766535,"OLAM_P004",50
"68499",-0.00259585899766535,"OLAM_P004",100
"68500",-0.00259585899766535,"OLAM_P004",25
"68501",-0.00259585899766535,"OLAM_P004",50
"68502",-0.00259585899766535,"OLAM_P004",100
"68503",-0.00259585899766535,"OLAM_P004",25
"68504",-0.00259585899766535,"OLAM_P004",50
"68505",-0.00259585899766535,"OLAM_P004",100
"68506",-0.00259585899766535,"OLAM_P004",25
"68507",-0.00259585899766535,"OLAM_P004",50
"68508",-0.00259585899766535,"OLAM_P004",100
"68509",-0.00259585899766535,"OLAM_P004",25
"68510",-0.00259585899766535,"OLAM_P004",50
"68511",-0.00259585899766535,"OLAM_P004",100
"68512",-0.00259585899766535,"OLAM_P004",25
"68513",-0.00259585899766535,"OLAM_P004",50
"68514",-0.00259585899766535,"OLAM_P004",100
"68515",-0.00259585899766535,"OLAM_P004",25
"68516",-0.00259585899766535,"OLAM_P004",50
"68517",-0.00259585899766535,"OLAM_P004",100
"68518",-0.00259585899766535,"OLAM_P004",25
"68519",-0.00259585899766535,"OLAM_P004",50
"68520",-0.00259585899766535,"OLAM_P004",100
"68521",-0.00259585899766535,"OLAM_P004",25
"68522",-0.00259585899766535,"OLAM_P004",50
"68523",-0.00259585899766535,"OLAM_P004",100
"68524",-0.00259585899766535,"OLAM_P004",25
"68525",-0.00259585899766535,"OLAM_P004",50
"68526",-0.00259585899766535,"OLAM_P004",100
"68527",-0.00259585899766535,"OLAM_P004",25
"68528",-0.00259585899766535,"OLAM_P004",50
"68529",-0.00259585899766535,"OLAM_P004",100
"68530",-0.00259585899766535,"OLAM_P004",25
"68531",-0.00259585899766535,"OLAM_P004",50
"68532",-0.00259585899766535,"OLAM_P004",100
"68533",-0.00259585899766535,"OLAM_P004",25
"68534",-0.00259585899766535,"OLAM_P004",50
"68535",-0.00259585899766535,"OLAM_P004",100
"68536",-0.00259585899766535,"OLAM_P004",25
"68537",-0.00259585899766535,"OLAM_P004",50
"68538",-0.00259585899766535,"OLAM_P004",100
"68539",-0.00259585899766535,"OLAM_P004",25
"68540",-0.00259585899766535,"OLAM_P004",50
"68541",-0.00259585899766535,"OLAM_P004",100
"68542",-0.00259585899766535,"OLAM_P004",25
"68543",-0.00259585899766535,"OLAM_P004",50
"68544",-0.00259585899766535,"OLAM_P004",100
"68545",-0.00259585899766535,"OLAM_P004",25
"68546",-0.00259585899766535,"OLAM_P004",50
"68547",-0.00259585899766535,"OLAM_P004",100
"68548",-0.00259585899766535,"OLAM_P004",25
"68549",-0.00259585899766535,"OLAM_P004",50
"68550",-0.00259585899766535,"OLAM_P004",100
"68551",-0.00259585899766535,"OLAM_P004",25
"68552",-0.00259585899766535,"OLAM_P004",50
"68553",-0.00259585899766535,"OLAM_P004",100
"68554",-0.00259585899766535,"OLAM_P004",25
"68555",-0.00259585899766535,"OLAM_P004",50
"68556",-0.00259585899766535,"OLAM_P004",100
"68557",-0.00259585899766535,"OLAM_P004",25
"68558",-0.00259585899766535,"OLAM_P004",50
"68559",-0.00259585899766535,"OLAM_P004",100
"68560",-0.00259585899766535,"OLAM_P004",25
"68561",-0.00259585899766535,"OLAM_P004",50
"68562",-0.00259585899766535,"OLAM_P004",100
"68563",-0.00259585899766535,"OLAM_P004",25
"68564",-0.00259585899766535,"OLAM_P004",50
"68565",-0.00259585899766535,"OLAM_P004",100
"68566",-0.00259585899766535,"OLAM_P004",25
"68567",-0.00259585899766535,"OLAM_P004",50
"68568",-0.00259585899766535,"OLAM_P004",100
"68569",-0.00259585899766535,"OLAM_P004",25
"68570",-0.00259585899766535,"OLAM_P004",50
"68571",-0.00259585899766535,"OLAM_P004",100
"68572",-0.00259585899766535,"OLAM_P004",25
"68573",-0.00259585899766535,"OLAM_P004",50
"68574",-0.00259585899766535,"OLAM_P004",100
"68575",-0.00259585899766535,"OLAM_P004",25
"68576",-0.00259585899766535,"OLAM_P004",50
"68577",-0.00259585899766535,"OLAM_P004",100
"68578",-0.00259585899766535,"OLAM_P004",25
"68579",-0.00259585899766535,"OLAM_P004",50
"68580",-0.00259585899766535,"OLAM_P004",100
"68581",-0.00259585899766535,"OLAM_P004",25
"68582",-0.00259585899766535,"OLAM_P004",50
"68583",-0.00259585899766535,"OLAM_P004",100
"68584",-0.00259585899766535,"OLAM_P004",25
"68585",-0.00259585899766535,"OLAM_P004",50
"68586",-0.00259585899766535,"OLAM_P004",100
"68587",-0.00259585899766535,"OLAM_P004",25
"68588",-0.00259585899766535,"OLAM_P004",50
"68589",-0.00259585899766535,"OLAM_P004",100
"68590",-0.00259585899766535,"OLAM_P004",25
"68591",-0.00259585899766535,"OLAM_P004",50
"68592",-0.00259585899766535,"OLAM_P004",100
"68593",-0.00259585899766535,"OLAM_P004",25
"68594",-0.00259585899766535,"OLAM_P004",50
"68595",-0.00259585899766535,"OLAM_P004",100
"68596",-0.00259585899766535,"OLAM_P004",25
"68597",-0.00259585899766535,"OLAM_P004",50
"68598",-0.00259585899766535,"OLAM_P004",100
"68599",-0.00259585899766535,"OLAM_P004",25
"68600",-0.00259585899766535,"OLAM_P004",50
"68601",-0.00259585899766535,"OLAM_P004",100
"68602",-0.00259585899766535,"OLAM_P004",25
"68603",-0.00259585899766535,"OLAM_P004",50
"68604",-0.00259585899766535,"OLAM_P004",100
"68605",-0.00259585899766535,"OLAM_P004",25
"68606",-0.00259585899766535,"OLAM_P004",50
"68607",-0.00259585899766535,"OLAM_P004",100
"68608",-0.00259585899766535,"OLAM_P004",25
"68609",-0.00259585899766535,"OLAM_P004",50
"68610",-0.00259585899766535,"OLAM_P004",100
"68611",-0.00259585899766535,"OLAM_P004",25
"68612",-0.00259585899766535,"OLAM_P004",50
"68613",-0.00259585899766535,"OLAM_P004",100
"68614",-0.00259585899766535,"OLAM_P004",25
"68615",-0.00259585899766535,"OLAM_P004",50
"68616",-0.00259585899766535,"OLAM_P004",100
"68617",-0.00259585899766535,"OLAM_P004",25
"68618",-0.00259585899766535,"OLAM_P004",50
"68619",-0.00259585899766535,"OLAM_P004",100
"68620",-0.00259585899766535,"OLAM_P004",25
"68621",-0.00259585899766535,"OLAM_P004",50
"68622",-0.00259585899766535,"OLAM_P004",100
"68623",-0.00259585899766535,"OLAM_P004",25
"68624",-0.00259585899766535,"OLAM_P004",50
"68625",-0.00259585899766535,"OLAM_P004",100
"68626",-0.00259585899766535,"OLAM_P004",25
"68627",-0.00259585899766535,"OLAM_P004",50
"68628",-0.00259585899766535,"OLAM_P004",100
"68629",-0.00259585899766535,"OLAM_P004",25
"68630",-0.00259585899766535,"OLAM_P004",50
"68631",-0.00259585899766535,"OLAM_P004",100
"68632",-0.00259585899766535,"OLAM_P004",25
"68633",-0.00259585899766535,"OLAM_P004",50
"68634",-0.00259585899766535,"OLAM_P004",100
"68635",-0.00259585899766535,"OLAM_P004",25
"68636",-0.00259585899766535,"OLAM_P004",50
"68637",-0.00259585899766535,"OLAM_P004",100
"68638",-0.00259585899766535,"OLAM_P004",25
"68639",-0.00259585899766535,"OLAM_P004",50
"68640",-0.00259585899766535,"OLAM_P004",100
"68641",-0.00259585899766535,"OLAM_P004",25
"68642",-0.00259585899766535,"OLAM_P004",50
"68643",-0.00259585899766535,"OLAM_P004",100
"68644",-0.00259585899766535,"OLAM_P004",25
"68645",-0.00259585899766535,"OLAM_P004",50
"68646",-0.00259585899766535,"OLAM_P004",100
"68647",-0.00259585899766535,"OLAM_P004",25
"68648",-0.00259585899766535,"OLAM_P004",50
"68649",-0.00259585899766535,"OLAM_P004",100
"68650",-0.00259585899766535,"OLAM_P004",25
"68651",-0.00259585899766535,"OLAM_P004",50
"68652",-0.00259585899766535,"OLAM_P004",100
"68653",-0.00259585899766535,"OLAM_P004",25
"68654",-0.00259585899766535,"OLAM_P004",50
"68655",-0.00259585899766535,"OLAM_P004",100
"68656",-0.00259585899766535,"OLAM_P004",25
"68657",-0.00259585899766535,"OLAM_P004",50
"68658",-0.00259585899766535,"OLAM_P004",100
"68659",-0.00259585899766535,"OLAM_P004",25
"68660",-0.00259585899766535,"OLAM_P004",50
"68661",-0.00259585899766535,"OLAM_P004",100
"68662",-0.00259585899766535,"OLAM_P004",25
"68663",-0.00259585899766535,"OLAM_P004",50
"68664",-0.00259585899766535,"OLAM_P004",100
"68665",-0.00259585899766535,"OLAM_P004",25
"68666",-0.00259585899766535,"OLAM_P004",50
"68667",-0.00259585899766535,"OLAM_P004",100
"68668",-0.00259585899766535,"OLAM_P004",25
"68669",-0.00259585899766535,"OLAM_P004",50
"68670",-0.00259585899766535,"OLAM_P004",100
"68671",-0.00259585899766535,"OLAM_P004",25
"68672",-0.00259585899766535,"OLAM_P004",50
"68673",-0.00259585899766535,"OLAM_P004",100
"68674",-0.00259585899766535,"OLAM_P004",25
"68675",-0.00259585899766535,"OLAM_P004",50
"68676",-0.00259585899766535,"OLAM_P004",100
"68677",-0.00259585899766535,"OLAM_P004",25
"68678",-0.00259585899766535,"OLAM_P004",50
"68679",-0.00259585899766535,"OLAM_P004",100
"68680",-0.00259585899766535,"OLAM_P004",25
"68681",-0.00259585899766535,"OLAM_P004",50
"68682",-0.00259585899766535,"OLAM_P004",100
"68683",-0.00259585899766535,"OLAM_P004",25
"68684",-0.00259585899766535,"OLAM_P004",50
"68685",-0.00259585899766535,"OLAM_P004",100
"68686",-0.00259585899766535,"OLAM_P004",25
"68687",-0.00259585899766535,"OLAM_P004",50
"68688",-0.00259585899766535,"OLAM_P004",100
"68689",-0.00259585899766535,"OLAM_P004",25
"68690",-0.00259585899766535,"OLAM_P004",50
"68691",-0.00259585899766535,"OLAM_P004",100
"68692",-0.00259585899766535,"OLAM_P004",25
"68693",-0.00259585899766535,"OLAM_P004",50
"68694",-0.00259585899766535,"OLAM_P004",100
"68695",-0.00259585899766535,"OLAM_P004",25
"68696",-0.00259585899766535,"OLAM_P004",50
"68697",-0.00259585899766535,"OLAM_P004",100
"68698",-0.00259585899766535,"OLAM_P004",25
"68699",-0.00259585899766535,"OLAM_P004",50
"68700",-0.00259585899766535,"OLAM_P004",100
"68701",116.299412745982,"OLAM_P005",25
"68702",-2992.28098725402,"OLAM_P005",50
"68703",-12518.914897254,"OLAM_P005",100
"68704",-46.489537254005,"OLAM_P005",25
"68705",-5154.691687254,"OLAM_P005",50
"68706",-12748.762187254,"OLAM_P005",100
"68707",-60.1036372540111,"OLAM_P005",25
"68708",-6759.60258725402,"OLAM_P005",50
"68709",-5897.23128725402,"OLAM_P005",100
"68710",-7165.818387254,"OLAM_P005",25
"68711",-9321.39968725402,"OLAM_P005",50
"68712",-6107.644487254,"OLAM_P005",100
"68713",-6822.422687254,"OLAM_P005",25
"68714",-5594.31528725402,"OLAM_P005",50
"68715",-12614.926887254,"OLAM_P005",100
"68716",2102.72461274598,"OLAM_P005",25
"68717",-5368.138287254,"OLAM_P005",50
"68718",-6214.814607254,"OLAM_P005",100
"68719",26.6530127459846,"OLAM_P005",25
"68720",-6167.14368725402,"OLAM_P005",50
"68721",-9860.724687254,"OLAM_P005",100
"68722",-6829.604087254,"OLAM_P005",25
"68723",-4871.850287254,"OLAM_P005",50
"68724",-9928.97858725401,"OLAM_P005",100
"68725",-7225.383987254,"OLAM_P005",25
"68726",-8514.506587254,"OLAM_P005",50
"68727",-11868.155437254,"OLAM_P005",100
"68728",-6747.74968725402,"OLAM_P005",25
"68729",-6999.84258725401,"OLAM_P005",50
"68730",-13651.218127254,"OLAM_P005",100
"68731",-60.1036372540111,"OLAM_P005",25
"68732",-4402.78938725402,"OLAM_P005",50
"68733",-13485.486377254,"OLAM_P005",100
"68734",498.390412745997,"OLAM_P005",25
"68735",2659.12371274599,"OLAM_P005",50
"68736",-9716.33338725401,"OLAM_P005",100
"68737",30.0515127459948,"OLAM_P005",25
"68738",-6417.686787254,"OLAM_P005",50
"68739",-7505.79308725402,"OLAM_P005",100
"68740",-6858.016987254,"OLAM_P005",25
"68741",357.617812746001,"OLAM_P005",50
"68742",-9626.156087254,"OLAM_P005",100
"68743",97.8956127459824,"OLAM_P005",25
"68744",230.754112745984,"OLAM_P005",50
"68745",-10596.068287254,"OLAM_P005",100
"68746",208.312912745983,"OLAM_P005",25
"68747",-5846.961787254,"OLAM_P005",50
"68748",-4492.29538725401,"OLAM_P005",100
"68749",361.003812745999,"OLAM_P005",25
"68750",-14228.206287254,"OLAM_P005",50
"68751",-14080.674687254,"OLAM_P005",100
"68752",149.308312745998,"OLAM_P005",25
"68753",-7019.037187254,"OLAM_P005",50
"68754",-11182.628457254,"OLAM_P005",100
"68755",149.308312745998,"OLAM_P005",25
"68756",-6231.57258725402,"OLAM_P005",50
"68757",-12022.122487254,"OLAM_P005",100
"68758",-6964.96998725401,"OLAM_P005",25
"68759",-4884.70098725401,"OLAM_P005",50
"68760",-10128.549487254,"OLAM_P005",100
"68761",-6738.00798725401,"OLAM_P005",25
"68762",-4482.960087254,"OLAM_P005",50
"68763",-5738.58295725402,"OLAM_P005",100
"68764",-7035.91148725402,"OLAM_P005",25
"68765",-14359.670537254,"OLAM_P005",50
"68766",-13555.454487254,"OLAM_P005",100
"68767",-7161.20158725401,"OLAM_P005",25
"68768",-6126.11368725402,"OLAM_P005",50
"68769",-8617.14895725402,"OLAM_P005",100
"68770",-52.709937253996,"OLAM_P005",25
"68771",-5313.96448725401,"OLAM_P005",50
"68772",-8362.595987254,"OLAM_P005",100
"68773",-7147.55048725402,"OLAM_P005",25
"68774",1251.12341274598,"OLAM_P005",50
"68775",-3371.28858725401,"OLAM_P005",100
"68776",692.802312746004,"OLAM_P005",25
"68777",-14213.016707254,"OLAM_P005",50
"68778",-9810.168387254,"OLAM_P005",100
"68779",404.241512745997,"OLAM_P005",25
"68780",-6892.519857254,"OLAM_P005",50
"68781",-11463.804687254,"OLAM_P005",100
"68782",43.1252127460029,"OLAM_P005",25
"68783",-10063.201187254,"OLAM_P005",50
"68784",-11549.910887254,"OLAM_P005",100
"68785",892.222612746002,"OLAM_P005",25
"68786",-7915.89458725401,"OLAM_P005",50
"68787",-3179.73488725402,"OLAM_P005",100
"68788",-6978.964887254,"OLAM_P005",25
"68789",3397.36431274598,"OLAM_P005",50
"68790",-2212.42978725402,"OLAM_P005",100
"68791",1123.518612746,"OLAM_P005",25
"68792",-2180.90388725401,"OLAM_P005",50
"68793",-13165.438787254,"OLAM_P005",100
"68794",-7195.356147254,"OLAM_P005",25
"68795",-10899.039587254,"OLAM_P005",50
"68796",-12774.765587254,"OLAM_P005",100
"68797",-6913.75828725402,"OLAM_P005",25
"68798",-7120.81098725402,"OLAM_P005",50
"68799",-13146.618037254,"OLAM_P005",100
"68800",58.0529127460031,"OLAM_P005",25
"68801",-5398.73158725401,"OLAM_P005",50
"68802",-13180.757237254,"OLAM_P005",100
"68803",-5576.86358725402,"OLAM_P005",25
"68804",-6594.393837254,"OLAM_P005",50
"68805",-9846.53868725401,"OLAM_P005",100
"68806",292.449912746,"OLAM_P005",25
"68807",-7200.256587254,"OLAM_P005",50
"68808",-13110.920287254,"OLAM_P005",100
"68809",52.1848127459816,"OLAM_P005",25
"68810",-1508.225987254,"OLAM_P005",50
"68811",-9738.17108725401,"OLAM_P005",100
"68812",-7040.08518725401,"OLAM_P005",25
"68813",-12068.304887254,"OLAM_P005",50
"68814",-10133.691787254,"OLAM_P005",100
"68815",-6739.51378725402,"OLAM_P005",25
"68816",-6798.689477254,"OLAM_P005",50
"68817",-10534.684587254,"OLAM_P005",100
"68818",493.997012745996,"OLAM_P005",25
"68819",301.446312746004,"OLAM_P005",50
"68820",-12089.006887254,"OLAM_P005",100
"68821",498.390412745997,"OLAM_P005",25
"68822",-4345.16368725401,"OLAM_P005",50
"68823",-12321.922787254,"OLAM_P005",100
"68824",4.44071274599992,"OLAM_P005",25
"68825",-6767.811057254,"OLAM_P005",50
"68826",-13667.260637254,"OLAM_P005",100
"68827",-65.6446872540109,"OLAM_P005",25
"68828",-7134.262477254,"OLAM_P005",50
"68829",-7573.400487254,"OLAM_P005",100
"68830",-6028.47258725401,"OLAM_P005",25
"68831",4717.84966274598,"OLAM_P005",50
"68832",-9946.14788725402,"OLAM_P005",100
"68833",-7023.27358725402,"OLAM_P005",25
"68834",-6198.899547254,"OLAM_P005",50
"68835",-10420.768637254,"OLAM_P005",100
"68836",1588.28901274598,"OLAM_P005",25
"68837",-14085.475287254,"OLAM_P005",50
"68838",-12155.432287254,"OLAM_P005",100
"68839",97.8956127459824,"OLAM_P005",25
"68840",5999.188702746,"OLAM_P005",50
"68841",-13755.147017254,"OLAM_P005",100
"68842",149.308312745998,"OLAM_P005",25
"68843",-6209.368787254,"OLAM_P005",50
"68844",-13117.216357254,"OLAM_P005",100
"68845",-5651.536587254,"OLAM_P005",25
"68846",75.9493627460033,"OLAM_P005",50
"68847",3215.85161274599,"OLAM_P005",100
"68848",-6343.421487254,"OLAM_P005",25
"68849",-6887.885787254,"OLAM_P005",50
"68850",-13595.994187254,"OLAM_P005",100
"68851",149.308312745998,"OLAM_P005",25
"68852",-4469.74075725401,"OLAM_P005",50
"68853",-13289.214477254,"OLAM_P005",100
"68854",-7262.458137254,"OLAM_P005",25
"68855",-6746.67968725401,"OLAM_P005",50
"68856",-9560.87008725401,"OLAM_P005",100
"68857",-7070.72258725401,"OLAM_P005",25
"68858",-3094.595387254,"OLAM_P005",50
"68859",-10854.321487254,"OLAM_P005",100
"68860",64.8098127459816,"OLAM_P005",25
"68861",-435.539807254012,"OLAM_P005",50
"68862",-11202.397257254,"OLAM_P005",100
"68863",216.081112746004,"OLAM_P005",25
"68864",-7352.266257254,"OLAM_P005",50
"68865",-12192.498687254,"OLAM_P005",100
"68866",-6681.019387254,"OLAM_P005",25
"68867",-6806.14415725402,"OLAM_P005",50
"68868",-10330.427387254,"OLAM_P005",100
"68869",-2387.64858725402,"OLAM_P005",25
"68870",-6938.76898725401,"OLAM_P005",50
"68871",-12056.618187254,"OLAM_P005",100
"68872",47.5186127460038,"OLAM_P005",25
"68873",6026.11744274598,"OLAM_P005",50
"68874",-8197.49828725401,"OLAM_P005",100
"68875",212.706312745984,"OLAM_P005",25
"68876",-14265.728087254,"OLAM_P005",50
"68877",-10492.410957254,"OLAM_P005",100
"68878",-6839.08528725401,"OLAM_P005",25
"68879",-6980.88608725401,"OLAM_P005",50
"68880",-12281.752287254,"OLAM_P005",100
"68881",2944.728012746,"OLAM_P005",25
"68882",-7210.29287725402,"OLAM_P005",50
"68883",-13175.419157254,"OLAM_P005",100
"68884",-6957.81248725401,"OLAM_P005",25
"68885",-5516.879787254,"OLAM_P005",50
"68886",-9052.741937254,"OLAM_P005",100
"68887",83.367712745996,"OLAM_P005",25
"68888",-4675.87638725401,"OLAM_P005",50
"68889",-9929.98598725401,"OLAM_P005",100
"68890",-7214.69662725402,"OLAM_P005",25
"68891",952.256612745987,"OLAM_P005",50
"68892",2686.72821274598,"OLAM_P005",100
"68893",-6943.65988725401,"OLAM_P005",25
"68894",-6097.65718725402,"OLAM_P005",50
"68895",-12365.908687254,"OLAM_P005",100
"68896",2165.646612746,"OLAM_P005",25
"68897",-5266.53398725402,"OLAM_P005",50
"68898",-11380.947847254,"OLAM_P005",100
"68899",-7283.767537254,"OLAM_P005",25
"68900",-12289.548087254,"OLAM_P005",50
"68901",-12317.435387254,"OLAM_P005",100
"68902",-6829.604087254,"OLAM_P005",25
"68903",-5743.77093725401,"OLAM_P005",50
"68904",-8537.445387254,"OLAM_P005",100
"68905",-7161.85438725402,"OLAM_P005",25
"68906",-6516.58948725401,"OLAM_P005",50
"68907",-14010.020187254,"OLAM_P005",100
"68908",-397.240587253997,"OLAM_P005",25
"68909",-5551.622387254,"OLAM_P005",50
"68910",-12925.859287254,"OLAM_P005",100
"68911",1957.68061274599,"OLAM_P005",25
"68912",3603.654012746,"OLAM_P005",50
"68913",-13126.866387254,"OLAM_P005",100
"68914",-6925.78738725401,"OLAM_P005",25
"68915",4208.13761274598,"OLAM_P005",50
"68916",-9915.86538725402,"OLAM_P005",100
"68917",-7116.526187254,"OLAM_P005",25
"68918",-6251.07728725401,"OLAM_P005",50
"68919",-13000.031587254,"OLAM_P005",100
"68920",43.1252127460029,"OLAM_P005",25
"68921",-6544.78065725401,"OLAM_P005",50
"68922",-11871.346397254,"OLAM_P005",100
"68923",-5101.438587254,"OLAM_P005",25
"68924",-2244.07097725401,"OLAM_P005",50
"68925",-14043.987987254,"OLAM_P005",100
"68926",-32.5691872540046,"OLAM_P005",25
"68927",-5496.25368725401,"OLAM_P005",50
"68928",-9008.65888725402,"OLAM_P005",100
"68929",-6159.92458725401,"OLAM_P005",25
"68930",-6753.53018725401,"OLAM_P005",50
"68931",-10124.562737254,"OLAM_P005",100
"68932",-7231.44909725402,"OLAM_P005",25
"68933",736.22031274598,"OLAM_P005",50
"68934",-13946.490637254,"OLAM_P005",100
"68935",2573.03161274598,"OLAM_P005",25
"68936",-6291.00318725401,"OLAM_P005",50
"68937",-8108.02998725401,"OLAM_P005",100
"68938",50.7785127459792,"OLAM_P005",25
"68939",-5287.31748725401,"OLAM_P005",50
"68940",-7033.772487254,"OLAM_P005",100
"68941",-6846.790387254,"OLAM_P005",25
"68942",-6131.437207254,"OLAM_P005",50
"68943",-11917.227957254,"OLAM_P005",100
"68944",-7028.78218725402,"OLAM_P005",25
"68945",9240.43421274601,"OLAM_P005",50
"68946",-11342.697287254,"OLAM_P005",100
"68947",-2102.40158725402,"OLAM_P005",25
"68948",-7090.140687254,"OLAM_P005",50
"68949",-8891.35658725401,"OLAM_P005",100
"68950",789.060112745996,"OLAM_P005",25
"68951",-14081.298187254,"OLAM_P005",50
"68952",-14105.831447254,"OLAM_P005",100
"68953",532.937812745979,"OLAM_P005",25
"68954",-6563.54908725401,"OLAM_P005",50
"68955",-7639.389587254,"OLAM_P005",100
"68956",2557.709612746,"OLAM_P005",25
"68957",-6390.94758725402,"OLAM_P005",50
"68958",-11533.825497254,"OLAM_P005",100
"68959",-6681.019387254,"OLAM_P005",25
"68960",-764.883987253997,"OLAM_P005",50
"68961",-12717.835907254,"OLAM_P005",100
"68962",-6515.990087254,"OLAM_P005",25
"68963",-6984.925187254,"OLAM_P005",50
"68964",-6745.769387254,"OLAM_P005",100
"68965",3230.494612746,"OLAM_P005",25
"68966",-4440.91128725401,"OLAM_P005",50
"68967",-12891.827217254,"OLAM_P005",100
"68968",43.4214127459854,"OLAM_P005",25
"68969",-6330.70517725401,"OLAM_P005",50
"68970",-4836.452587254,"OLAM_P005",100
"68971",196.918712746003,"OLAM_P005",25
"68972",-13378.731687254,"OLAM_P005",50
"68973",-9165.69138725402,"OLAM_P005",100
"68974",-7256.359487254,"OLAM_P005",25
"68975",5859.51021274598,"OLAM_P005",50
"68976",-12682.667477254,"OLAM_P005",100
"68977",-77.8669572540093,"OLAM_P005",25
"68978",-6818.92728725402,"OLAM_P005",50
"68979",-13666.952187254,"OLAM_P005",100
"68980",4279.99261274599,"OLAM_P005",25
"68981",-4778.741987254,"OLAM_P005",50
"68982",-11250.523187254,"OLAM_P005",100
"68983",340.709712746,"OLAM_P005",25
"68984",-3216.05638725401,"OLAM_P005",50
"68985",-12348.842787254,"OLAM_P005",100
"68986",-7185.14098725401,"OLAM_P005",25
"68987",1724.995912746,"OLAM_P005",50
"68988",-10191.063687254,"OLAM_P005",100
"68989",133.05611274598,"OLAM_P005",25
"68990",-3916.342987254,"OLAM_P005",50
"68991",-10041.248397254,"OLAM_P005",100
"68992",212.724712745985,"OLAM_P005",25
"68993",-7105.67648725401,"OLAM_P005",50
"68994",1671.17444274598,"OLAM_P005",100
"68995",-7094.47378725401,"OLAM_P005",25
"68996",-2508.81453725402,"OLAM_P005",50
"68997",-12811.892787254,"OLAM_P005",100
"68998",-7075.64648725401,"OLAM_P005",25
"68999",-4501.51168725401,"OLAM_P005",50
"69000",-12360.841127254,"OLAM_P005",100
"69001",-585.658176750992,"OLAM_P006",25
"69002",203.581393249013,"OLAM_P006",50
"69003",32009.448813249,"OLAM_P006",100
"69004",-954.328636750986,"OLAM_P006",25
"69005",10556.211363249,"OLAM_P006",50
"69006",681.01613324901,"OLAM_P006",100
"69007",2432.86225324901,"OLAM_P006",25
"69008",16648.899013249,"OLAM_P006",50
"69009",1897.558783249,"OLAM_P006",100
"69010",1321.73336324902,"OLAM_P006",25
"69011",14249.641053249,"OLAM_P006",50
"69012",3434.18070324903,"OLAM_P006",100
"69013",637.747543249017,"OLAM_P006",25
"69014",11523.463283249,"OLAM_P006",50
"69015",3859.21342324899,"OLAM_P006",100
"69016",-664.245626750984,"OLAM_P006",25
"69017",649.082473249,"OLAM_P006",50
"69018",6845.78061324902,"OLAM_P006",100
"69019",-90.2348467510019,"OLAM_P006",25
"69020",368.942203248997,"OLAM_P006",50
"69021",525.565033249004,"OLAM_P006",100
"69022",2170.86246324901,"OLAM_P006",25
"69023",-608.579426751006,"OLAM_P006",50
"69024",1862.42194324901,"OLAM_P006",100
"69025",1870.60451324901,"OLAM_P006",25
"69026",1939.12930324901,"OLAM_P006",50
"69027",4259.47213324902,"OLAM_P006",100
"69028",2008.89589324899,"OLAM_P006",25
"69029",824.637533249013,"OLAM_P006",50
"69030",4008.87364324901,"OLAM_P006",100
"69031",3175.96954324903,"OLAM_P006",25
"69032",3919.87998324903,"OLAM_P006",50
"69033",2302.16609324902,"OLAM_P006",100
"69034",1308.77532324899,"OLAM_P006",25
"69035",-326.57225675098,"OLAM_P006",50
"69036",2678.63424324902,"OLAM_P006",100
"69037",477.766493249015,"OLAM_P006",25
"69038",4135.66726324902,"OLAM_P006",50
"69039",689.065913249011,"OLAM_P006",100
"69040",1170.32372324899,"OLAM_P006",25
"69041",-401.812626750994,"OLAM_P006",50
"69042",1886.95775324901,"OLAM_P006",100
"69043",7795.730043249,"OLAM_P006",25
"69044",29.2637332490121,"OLAM_P006",50
"69045",1449.47017324899,"OLAM_P006",100
"69046",1444.12870324901,"OLAM_P006",25
"69047",2672.63114324902,"OLAM_P006",50
"69048",484.416983249015,"OLAM_P006",100
"69049",439.27520324901,"OLAM_P006",25
"69050",2067.92962324902,"OLAM_P006",50
"69051",75.5776732490049,"OLAM_P006",100
"69052",167.754293249018,"OLAM_P006",25
"69053",719.834633249004,"OLAM_P006",50
"69054",12336.458543249,"OLAM_P006",100
"69055",2180.004493249,"OLAM_P006",25
"69056",601.732953249011,"OLAM_P006",50
"69057",3697.10962324901,"OLAM_P006",100
"69058",2393.946263249,"OLAM_P006",25
"69059",8086.95646324902,"OLAM_P006",50
"69060",7890.24984324901,"OLAM_P006",100
"69061",651.75461324901,"OLAM_P006",25
"69062",10427.285983249,"OLAM_P006",50
"69063",2799.516843249,"OLAM_P006",100
"69064",642.255143249,"OLAM_P006",25
"69065",-1089.59836675099,"OLAM_P006",50
"69066",2874.37038324901,"OLAM_P006",100
"69067",3297.936623249,"OLAM_P006",25
"69068",12879.054963249,"OLAM_P006",50
"69069",1121.97476324902,"OLAM_P006",100
"69070",-12.2069667509932,"OLAM_P006",25
"69071",1895.77003324899,"OLAM_P006",50
"69072",4924.38811324901,"OLAM_P006",100
"69073",-455.136226750998,"OLAM_P006",25
"69074",2379.06741324899,"OLAM_P006",50
"69075",2515.79620324902,"OLAM_P006",100
"69076",-249.821866751008,"OLAM_P006",25
"69077",3053.238723249,"OLAM_P006",50
"69078",-395.15865675098,"OLAM_P006",100
"69079",416.349873249012,"OLAM_P006",25
"69080",15293.622283249,"OLAM_P006",50
"69081",3954.16025324902,"OLAM_P006",100
"69082",232.431203248998,"OLAM_P006",25
"69083",-583.997346750984,"OLAM_P006",50
"69084",9214.39004324903,"OLAM_P006",100
"69085",891.717643248994,"OLAM_P006",25
"69086",5056.73947324898,"OLAM_P006",50
"69087",4029.57979324899,"OLAM_P006",100
"69088",-546.960676750983,"OLAM_P006",25
"69089",3631.91233324903,"OLAM_P006",50
"69090",9826.94682324902,"OLAM_P006",100
"69091",5090.54532324898,"OLAM_P006",25
"69092",2996.342323249,"OLAM_P006",50
"69093",1029.14441324901,"OLAM_P006",100
"69094",572.810243248998,"OLAM_P006",25
"69095",2552.44776324902,"OLAM_P006",50
"69096",5085.09210324902,"OLAM_P006",100
"69097",-301.499446750997,"OLAM_P006",25
"69098",3877.71302324903,"OLAM_P006",50
"69099",9391.247243249,"OLAM_P006",100
"69100",12825.657093249,"OLAM_P006",25
"69101",1125.724653249,"OLAM_P006",50
"69102",1689.379183249,"OLAM_P006",100
"69103",308.200483249006,"OLAM_P006",25
"69104",223.944533249014,"OLAM_P006",50
"69105",3794.31585324902,"OLAM_P006",100
"69106",2513.72932324902,"OLAM_P006",25
"69107",-63.8924367509899,"OLAM_P006",50
"69108",3528.33415324902,"OLAM_P006",100
"69109",322.176143249002,"OLAM_P006",25
"69110",1702.43121324902,"OLAM_P006",50
"69111",14382.157633249,"OLAM_P006",100
"69112",1455.58595324901,"OLAM_P006",25
"69113",1054.51560324902,"OLAM_P006",50
"69114",5519.45224324902,"OLAM_P006",100
"69115",29.7419932490156,"OLAM_P006",25
"69116",4257.95039324902,"OLAM_P006",50
"69117",1107.25013324901,"OLAM_P006",100
"69118",6201.88292324901,"OLAM_P006",25
"69119",-444.113096750982,"OLAM_P006",50
"69120",6407.16962324901,"OLAM_P006",100
"69121",1581.52163324901,"OLAM_P006",25
"69122",9804.31751324903,"OLAM_P006",50
"69123",9852.76598324903,"OLAM_P006",100
"69124",1266.92714324899,"OLAM_P006",25
"69125",4368.883793249,"OLAM_P006",50
"69126",2955.186103249,"OLAM_P006",100
"69127",6474.80976324898,"OLAM_P006",25
"69128",224.965783249005,"OLAM_P006",50
"69129",3557.89060324899,"OLAM_P006",100
"69130",-421.19308675098,"OLAM_P006",25
"69131",2947.98459324901,"OLAM_P006",50
"69132",7840.545463249,"OLAM_P006",100
"69133",16.125483248994,"OLAM_P006",25
"69134",3912.55106324903,"OLAM_P006",50
"69135",2174.33877324901,"OLAM_P006",100
"69136",-373.952466750983,"OLAM_P006",25
"69137",18368.953023249,"OLAM_P006",50
"69138",8383.45799324903,"OLAM_P006",100
"69139",119.73647324901,"OLAM_P006",25
"69140",-90.7208267509995,"OLAM_P006",50
"69141",2796.143723249,"OLAM_P006",100
"69142",667.951623249013,"OLAM_P006",25
"69143",5235.20507324903,"OLAM_P006",50
"69144",5022.65993324903,"OLAM_P006",100
"69145",-511.624646751006,"OLAM_P006",25
"69146",-1256.23138675099,"OLAM_P006",50
"69147",3859.59505324901,"OLAM_P006",100
"69148",-852.284366751002,"OLAM_P006",25
"69149",1021.65097324899,"OLAM_P006",50
"69150",5411.02103324901,"OLAM_P006",100
"69151",761.951673249016,"OLAM_P006",25
"69152",4845.76417324899,"OLAM_P006",50
"69153",4626.05434324898,"OLAM_P006",100
"69154",1162.747223249,"OLAM_P006",25
"69155",2708.66873324901,"OLAM_P006",50
"69156",7625.51621324898,"OLAM_P006",100
"69157",1879.46273324901,"OLAM_P006",25
"69158",2819.89092324901,"OLAM_P006",50
"69159",15639.557633249,"OLAM_P006",100
"69160",-195.530446750985,"OLAM_P006",25
"69161",-453.08152675099,"OLAM_P006",50
"69162",1206.70170324901,"OLAM_P006",100
"69163",1872.13915324901,"OLAM_P006",25
"69164",1665.779823249,"OLAM_P006",50
"69165",-225.650806750986,"OLAM_P006",100
"69166",255.266743248998,"OLAM_P006",25
"69167",3149.02883324903,"OLAM_P006",50
"69168",-691.765646750981,"OLAM_P006",100
"69169",2883.94992324902,"OLAM_P006",25
"69170",433.027123249019,"OLAM_P006",50
"69171",4799.80467324899,"OLAM_P006",100
"69172",-30.2686167509819,"OLAM_P006",25
"69173",-197.004186751001,"OLAM_P006",50
"69174",19351.954293249,"OLAM_P006",100
"69175",1563.32675324901,"OLAM_P006",25
"69176",-173.552306750993,"OLAM_P006",50
"69177",8830.82559324903,"OLAM_P006",100
"69178",1274.151153249,"OLAM_P006",25
"69179",2313.38880324899,"OLAM_P006",50
"69180",2753.913873249,"OLAM_P006",100
"69181",1296.67415324901,"OLAM_P006",25
"69182",418.335963249003,"OLAM_P006",50
"69183",24119.360773249,"OLAM_P006",100
"69184",213.766723248991,"OLAM_P006",25
"69185",-1102.550056751,"OLAM_P006",50
"69186",5948.96841324898,"OLAM_P006",100
"69187",3140.71777324899,"OLAM_P006",25
"69188",1381.991853249,"OLAM_P006",50
"69189",4736.60871324901,"OLAM_P006",100
"69190",468.587893249001,"OLAM_P006",25
"69191",1686.446633249,"OLAM_P006",50
"69192",5260.688733249,"OLAM_P006",100
"69193",527.205923249014,"OLAM_P006",25
"69194",6042.70767324898,"OLAM_P006",50
"69195",-152.169846751,"OLAM_P006",100
"69196",2056.675653249,"OLAM_P006",25
"69197",-13.4387267509883,"OLAM_P006",50
"69198",1822.79006324901,"OLAM_P006",100
"69199",1324.369223249,"OLAM_P006",25
"69200",367.360113249015,"OLAM_P006",50
"69201",-266.134836751007,"OLAM_P006",100
"69202",13975.632683249,"OLAM_P006",25
"69203",-359.075776751008,"OLAM_P006",50
"69204",-432.468966750981,"OLAM_P006",100
"69205",1092.94145324902,"OLAM_P006",25
"69206",697.82201324901,"OLAM_P006",50
"69207",7691.31411324898,"OLAM_P006",100
"69208",14009.090253249,"OLAM_P006",25
"69209",-580.118946750998,"OLAM_P006",50
"69210",22075.703723249,"OLAM_P006",100
"69211",215.127863249014,"OLAM_P006",25
"69212",2062.08279324899,"OLAM_P006",50
"69213",18735.752573249,"OLAM_P006",100
"69214",61.470343249006,"OLAM_P006",25
"69215",1971.742893249,"OLAM_P006",50
"69216",2713.78539324901,"OLAM_P006",100
"69217",-254.456776751002,"OLAM_P006",25
"69218",174.386633249,"OLAM_P006",50
"69219",14675.891623249,"OLAM_P006",100
"69220",801.198763249005,"OLAM_P006",25
"69221",3743.30293324901,"OLAM_P006",50
"69222",1674.07010324902,"OLAM_P006",100
"69223",-68.8967767510039,"OLAM_P006",25
"69224",1224.88253324901,"OLAM_P006",50
"69225",6728.73515324903,"OLAM_P006",100
"69226",98.9170932490088,"OLAM_P006",25
"69227",30488.889293249,"OLAM_P006",50
"69228",2282.93926324902,"OLAM_P006",100
"69229",1589.292413249,"OLAM_P006",25
"69230",11201.582853249,"OLAM_P006",50
"69231",10460.898223249,"OLAM_P006",100
"69232",1987.14645324901,"OLAM_P006",25
"69233",2403.36717324902,"OLAM_P006",50
"69234",5313.73681324898,"OLAM_P006",100
"69235",1525.19260324902,"OLAM_P006",25
"69236",1013.212793249,"OLAM_P006",50
"69237",3665.21838324898,"OLAM_P006",100
"69238",73.6811432490067,"OLAM_P006",25
"69239",3150.38175324901,"OLAM_P006",50
"69240",3775.90776324898,"OLAM_P006",100
"69241",-466.113686750992,"OLAM_P006",25
"69242",497.863803248998,"OLAM_P006",50
"69243",1747.216233249,"OLAM_P006",100
"69244",200.862953249016,"OLAM_P006",25
"69245",7526.092973249,"OLAM_P006",50
"69246",2.88923324900679,"OLAM_P006",100
"69247",164.904213249014,"OLAM_P006",25
"69248",-379.272276750999,"OLAM_P006",50
"69249",-972.908206750988,"OLAM_P006",100
"69250",-403.039466750983,"OLAM_P006",25
"69251",3834.24288324898,"OLAM_P006",50
"69252",-27.5072267509822,"OLAM_P006",100
"69253",3002.733593249,"OLAM_P006",25
"69254",774.277743248997,"OLAM_P006",50
"69255",164.899893249007,"OLAM_P006",100
"69256",13742.586083249,"OLAM_P006",25
"69257",713.233723248995,"OLAM_P006",50
"69258",2213.48091324902,"OLAM_P006",100
"69259",-452.26809675098,"OLAM_P006",25
"69260",1973.39714324899,"OLAM_P006",50
"69261",2426.78418324899,"OLAM_P006",100
"69262",1269.108593249,"OLAM_P006",25
"69263",2188.79595324901,"OLAM_P006",50
"69264",2102.565143249,"OLAM_P006",100
"69265",1333.28388324901,"OLAM_P006",25
"69266",3066.45610324902,"OLAM_P006",50
"69267",10312.649243249,"OLAM_P006",100
"69268",1681.07201324901,"OLAM_P006",25
"69269",3728.969073249,"OLAM_P006",50
"69270",12738.154963249,"OLAM_P006",100
"69271",18382.250243249,"OLAM_P006",25
"69272",330.374823249003,"OLAM_P006",50
"69273",22490.601253249,"OLAM_P006",100
"69274",-350.058586750994,"OLAM_P006",25
"69275",2783.80882324901,"OLAM_P006",50
"69276",424.992153249012,"OLAM_P006",100
"69277",723.851863249001,"OLAM_P006",25
"69278",-266.070906751003,"OLAM_P006",50
"69279",13586.883043249,"OLAM_P006",100
"69280",-323.601686751004,"OLAM_P006",25
"69281",468.462813249003,"OLAM_P006",50
"69282",3540.25434324899,"OLAM_P006",100
"69283",-1262.89142675098,"OLAM_P006",25
"69284",2525.91030324899,"OLAM_P006",50
"69285",-271.985016750987,"OLAM_P006",100
"69286",838.698523249011,"OLAM_P006",25
"69287",3649.29635324902,"OLAM_P006",50
"69288",4120.326583249,"OLAM_P006",100
"69289",-58.0283467510017,"OLAM_P006",25
"69290",-192.587066751003,"OLAM_P006",50
"69291",3514.06465324902,"OLAM_P006",100
"69292",3769.37044324903,"OLAM_P006",25
"69293",584.848903249018,"OLAM_P006",50
"69294",3495.84775324902,"OLAM_P006",100
"69295",-124.699036751001,"OLAM_P006",25
"69296",4130.19501324903,"OLAM_P006",50
"69297",1796.99192324901,"OLAM_P006",100
"69298",2727.160093249,"OLAM_P006",25
"69299",724.087793248997,"OLAM_P006",50
"69300",6451.13094324901,"OLAM_P006",100
"69301",457.369083966012,"OLAM_P007",25
"69302",-1381.80848603399,"OLAM_P007",50
"69303",-1647.43827603399,"OLAM_P007",100
"69304",306.085173966014,"OLAM_P007",25
"69305",-2575.327686034,"OLAM_P007",50
"69306",448.442803965998,"OLAM_P007",100
"69307",-2997.50837603401,"OLAM_P007",25
"69308",-2483.26928603399,"OLAM_P007",50
"69309",-1666.83186603399,"OLAM_P007",100
"69310",459.557173965994,"OLAM_P007",25
"69311",602.443673966016,"OLAM_P007",50
"69312",223.095643965993,"OLAM_P007",100
"69313",-147.564446033997,"OLAM_P007",25
"69314",986.728073965991,"OLAM_P007",50
"69315",-2019.47891603399,"OLAM_P007",100
"69316",37.843523966003,"OLAM_P007",25
"69317",-2682.371786034,"OLAM_P007",50
"69318",5991.82834396602,"OLAM_P007",100
"69319",3553.09959396601,"OLAM_P007",25
"69320",-551.693016033998,"OLAM_P007",50
"69321",-1468.895136034,"OLAM_P007",100
"69322",240.640673966001,"OLAM_P007",25
"69323",-121.174136034009,"OLAM_P007",50
"69324",3908.683393966,"OLAM_P007",100
"69325",-203.131116033997,"OLAM_P007",25
"69326",-2111.47395603399,"OLAM_P007",50
"69327",-139.278156034008,"OLAM_P007",100
"69328",352.797353966016,"OLAM_P007",25
"69329",-2360.53985603401,"OLAM_P007",50
"69330",-855.907366033993,"OLAM_P007",100
"69331",-236.292036033992,"OLAM_P007",25
"69332",-2.34619603399187,"OLAM_P007",50
"69333",1604.31194396599,"OLAM_P007",100
"69334",225.377353966003,"OLAM_P007",25
"69335",413.89644396599,"OLAM_P007",50
"69336",836.128573966009,"OLAM_P007",100
"69337",-159.858726033999,"OLAM_P007",25
"69338",-9.99316603399348,"OLAM_P007",50
"69339",-231.009616033989,"OLAM_P007",100
"69340",388.538963966013,"OLAM_P007",25
"69341",-172.621976033988,"OLAM_P007",50
"69342",-1083.899596034,"OLAM_P007",100
"69343",965.196613965993,"OLAM_P007",25
"69344",983.493703966,"OLAM_P007",50
"69345",-2403.395966034,"OLAM_P007",100
"69346",61.5199139660108,"OLAM_P007",25
"69347",-2314.94622603399,"OLAM_P007",50
"69348",-474.400606034003,"OLAM_P007",100
"69349",-2833.24027603399,"OLAM_P007",25
"69350",6780.04345396601,"OLAM_P007",50
"69351",3362.145993966,"OLAM_P007",100
"69352",119.742363966012,"OLAM_P007",25
"69353",-2387.221866034,"OLAM_P007",50
"69354",-1687.24103603399,"OLAM_P007",100
"69355",194.353723965993,"OLAM_P007",25
"69356",242.308113965992,"OLAM_P007",50
"69357",-2054.901706034,"OLAM_P007",100
"69358",-2085.35367603399,"OLAM_P007",25
"69359",1105.89300396599,"OLAM_P007",50
"69360",4812.109163966,"OLAM_P007",100
"69361",332.873563966015,"OLAM_P007",25
"69362",302.931653965992,"OLAM_P007",50
"69363",-614.426396033989,"OLAM_P007",100
"69364",122.897843965999,"OLAM_P007",25
"69365",1046.99480396599,"OLAM_P007",50
"69366",-1530.53094603401,"OLAM_P007",100
"69367",-55.171236033988,"OLAM_P007",25
"69368",523.354023966007,"OLAM_P007",50
"69369",3406.47357396601,"OLAM_P007",100
"69370",-53.2530360340024,"OLAM_P007",25
"69371",-608.817376033985,"OLAM_P007",50
"69372",7167.752123966,"OLAM_P007",100
"69373",5079.42780396601,"OLAM_P007",25
"69374",857.557543965988,"OLAM_P007",50
"69375",6249.242633966,"OLAM_P007",100
"69376",333.037173966004,"OLAM_P007",25
"69377",-623.45915603399,"OLAM_P007",50
"69378",-1507.71369603398,"OLAM_P007",100
"69379",661.871153966,"OLAM_P007",25
"69380",2943.696133966,"OLAM_P007",50
"69381",-3063.929926034,"OLAM_P007",100
"69382",546.015153966,"OLAM_P007",25
"69383",-2141.082766034,"OLAM_P007",50
"69384",-2333.22987603399,"OLAM_P007",100
"69385",-2100.501426034,"OLAM_P007",25
"69386",459.087113966001,"OLAM_P007",50
"69387",-1384.50776603399,"OLAM_P007",100
"69388",241.896393965988,"OLAM_P007",25
"69389",433.328633966012,"OLAM_P007",50
"69390",-1555.988466034,"OLAM_P007",100
"69391",287.508413965988,"OLAM_P007",25
"69392",363.814033966017,"OLAM_P007",50
"69393",-488.025926033995,"OLAM_P007",100
"69394",208.107813965995,"OLAM_P007",25
"69395",-146.313066033996,"OLAM_P007",50
"69396",6532.68371396599,"OLAM_P007",100
"69397",431.851413966011,"OLAM_P007",25
"69398",351.782503966009,"OLAM_P007",50
"69399",-2453.038306034,"OLAM_P007",100
"69400",80.566453965992,"OLAM_P007",25
"69401",-1364.46197603398,"OLAM_P007",50
"69402",-726.225496033992,"OLAM_P007",100
"69403",-2914.299146034,"OLAM_P007",25
"69404",1239.869853966,"OLAM_P007",50
"69405",-657.794726033986,"OLAM_P007",100
"69406",-2206.89517603398,"OLAM_P007",25
"69407",-78.1891160339874,"OLAM_P007",50
"69408",-2674.303996034,"OLAM_P007",100
"69409",-2553.05853603399,"OLAM_P007",25
"69410",-2188.62557603398,"OLAM_P007",50
"69411",32.5321839659882,"OLAM_P007",100
"69412",-2670.82365603399,"OLAM_P007",25
"69413",833.806073966,"OLAM_P007",50
"69414",-2542.528136034,"OLAM_P007",100
"69415",-74.8152260339994,"OLAM_P007",25
"69416",-1898.62873603401,"OLAM_P007",50
"69417",-1126.70529603399,"OLAM_P007",100
"69418",387.087393966009,"OLAM_P007",25
"69419",-1913.367486034,"OLAM_P007",50
"69420",4847.31638396601,"OLAM_P007",100
"69421",106.488313965994,"OLAM_P007",25
"69422",-2805.99906603401,"OLAM_P007",50
"69423",-1098.591756034,"OLAM_P007",100
"69424",314.289163965994,"OLAM_P007",25
"69425",492.629023966001,"OLAM_P007",50
"69426",-1937.817236034,"OLAM_P007",100
"69427",435.127193966007,"OLAM_P007",25
"69428",-3049.889846034,"OLAM_P007",50
"69429",3952.98613396601,"OLAM_P007",100
"69430",7525.96989396602,"OLAM_P007",25
"69431",-1693.30421603401,"OLAM_P007",50
"69432",-854.162196033983,"OLAM_P007",100
"69433",142.577263965999,"OLAM_P007",25
"69434",-1696.67816603399,"OLAM_P007",50
"69435",4271.076973966,"OLAM_P007",100
"69436",197.404793966009,"OLAM_P007",25
"69437",-2068.73288603401,"OLAM_P007",50
"69438",-2301.42511603399,"OLAM_P007",100
"69439",-173.522176033992,"OLAM_P007",25
"69440",-2904.81797603398,"OLAM_P007",50
"69441",-678.434166033985,"OLAM_P007",100
"69442",-265.578616034007,"OLAM_P007",25
"69443",-2584.68968603399,"OLAM_P007",50
"69444",-2316.73142603401,"OLAM_P007",100
"69445",-34.9626560340112,"OLAM_P007",25
"69446",51.6280539660074,"OLAM_P007",50
"69447",-1021.188196034,"OLAM_P007",100
"69448",401.018373966013,"OLAM_P007",25
"69449",-2740.184726034,"OLAM_P007",50
"69450",-2263.93150603399,"OLAM_P007",100
"69451",-2269.006866034,"OLAM_P007",25
"69452",-1968.77140603401,"OLAM_P007",50
"69453",-1585.47659603399,"OLAM_P007",100
"69454",640.521833965991,"OLAM_P007",25
"69455",117.858413965994,"OLAM_P007",50
"69456",5483.014583966,"OLAM_P007",100
"69457",25.7784339660138,"OLAM_P007",25
"69458",-2669.71585603399,"OLAM_P007",50
"69459",-2474.578516034,"OLAM_P007",100
"69460",-81.4502060340019,"OLAM_P007",25
"69461",1510.74324396599,"OLAM_P007",50
"69462",-589.714226034004,"OLAM_P007",100
"69463",457.900173966016,"OLAM_P007",25
"69464",470.64233396601,"OLAM_P007",50
"69465",429.325933966,"OLAM_P007",100
"69466",693.757923966012,"OLAM_P007",25
"69467",-933.68114603401,"OLAM_P007",50
"69468",-1417.249386034,"OLAM_P007",100
"69469",-2977.48654603399,"OLAM_P007",25
"69470",1628.43608396599,"OLAM_P007",50
"69471",-1365.81966603399,"OLAM_P007",100
"69472",504.621163965989,"OLAM_P007",25
"69473",2412.400943966,"OLAM_P007",50
"69474",2937.51334396601,"OLAM_P007",100
"69475",1297.559823966,"OLAM_P007",25
"69476",346.967423966009,"OLAM_P007",50
"69477",1493.900863966,"OLAM_P007",100
"69478",243.580163965991,"OLAM_P007",25
"69479",-2677.20593603401,"OLAM_P007",50
"69480",-2574.34168603399,"OLAM_P007",100
"69481",323.497873966,"OLAM_P007",25
"69482",-2647.91808603398,"OLAM_P007",50
"69483",-3195.919296034,"OLAM_P007",100
"69484",2413.566183966,"OLAM_P007",25
"69485",109.393713966012,"OLAM_P007",50
"69486",-1454.105076034,"OLAM_P007",100
"69487",310.894553966005,"OLAM_P007",25
"69488",-2037.13996603401,"OLAM_P007",50
"69489",3879.37009396599,"OLAM_P007",100
"69490",-2793.67326603399,"OLAM_P007",25
"69491",1685.22589396601,"OLAM_P007",50
"69492",2738.44588396599,"OLAM_P007",100
"69493",5616.327943966,"OLAM_P007",25
"69494",2746.412773966,"OLAM_P007",50
"69495",-1767.63964603399,"OLAM_P007",100
"69496",-14.9954160339839,"OLAM_P007",25
"69497",301.995463966014,"OLAM_P007",50
"69498",-1623.259636034,"OLAM_P007",100
"69499",852.93828396601,"OLAM_P007",25
"69500",1000.81735396601,"OLAM_P007",50
"69501",-3270.79646603399,"OLAM_P007",100
"69502",-2529.87682603399,"OLAM_P007",25
"69503",1100.39415396602,"OLAM_P007",50
"69504",3812.27499396601,"OLAM_P007",100
"69505",-2340.26269603398,"OLAM_P007",25
"69506",2572.60970396601,"OLAM_P007",50
"69507",1042.711823966,"OLAM_P007",100
"69508",755.966623966,"OLAM_P007",25
"69509",-1131.34086603401,"OLAM_P007",50
"69510",-1695.019826034,"OLAM_P007",100
"69511",1153.34937396599,"OLAM_P007",25
"69512",-2426.99453603401,"OLAM_P007",50
"69513",2618.034883966,"OLAM_P007",100
"69514",-472.663646033994,"OLAM_P007",25
"69515",-2792.10342603401,"OLAM_P007",50
"69516",-1889.28549603399,"OLAM_P007",100
"69517",175.799663965998,"OLAM_P007",25
"69518",5754.465943966,"OLAM_P007",50
"69519",4392.34307396601,"OLAM_P007",100
"69520",282.779563966003,"OLAM_P007",25
"69521",827.589053965989,"OLAM_P007",50
"69522",-1194.35592603401,"OLAM_P007",100
"69523",-7.1956260339939,"OLAM_P007",25
"69524",-846.456296034012,"OLAM_P007",50
"69525",-1322.66613603401,"OLAM_P007",100
"69526",-312.856036034005,"OLAM_P007",25
"69527",5287.70261396602,"OLAM_P007",50
"69528",2385.670983966,"OLAM_P007",100
"69529",29.6668039660144,"OLAM_P007",25
"69530",86.4825839659898,"OLAM_P007",50
"69531",7249.700413966,"OLAM_P007",100
"69532",3050.89133396599,"OLAM_P007",25
"69533",1751.83283396601,"OLAM_P007",50
"69534",-1171.49421603399,"OLAM_P007",100
"69535",-2487.18296603399,"OLAM_P007",25
"69536",126.826203965989,"OLAM_P007",50
"69537",1187.880773966,"OLAM_P007",100
"69538",-2691.74176603399,"OLAM_P007",25
"69539",-2908.897636034,"OLAM_P007",50
"69540",-2386.805036034,"OLAM_P007",100
"69541",751.734633966,"OLAM_P007",25
"69542",-2440.48733603398,"OLAM_P007",50
"69543",-2209.48225603401,"OLAM_P007",100
"69544",1008.866353966,"OLAM_P007",25
"69545",1474.71080396601,"OLAM_P007",50
"69546",3640.21346396601,"OLAM_P007",100
"69547",-2625.85969603399,"OLAM_P007",25
"69548",-3351.563716034,"OLAM_P007",50
"69549",448.712753966014,"OLAM_P007",100
"69550",81.581443965988,"OLAM_P007",25
"69551",71.6525339660002,"OLAM_P007",50
"69552",-1654.865896034,"OLAM_P007",100
"69553",467.747573966015,"OLAM_P007",25
"69554",204.393223966006,"OLAM_P007",50
"69555",-1497.915676034,"OLAM_P007",100
"69556",-2435.891436034,"OLAM_P007",25
"69557",73.5915639660088,"OLAM_P007",50
"69558",-2148.38284603399,"OLAM_P007",100
"69559",-106.062646033999,"OLAM_P007",25
"69560",-2958.37685603401,"OLAM_P007",50
"69561",-1399.419376034,"OLAM_P007",100
"69562",-2869.331046034,"OLAM_P007",25
"69563",5506.26227396601,"OLAM_P007",50
"69564",2987.47560396601,"OLAM_P007",100
"69565",2888.30520396601,"OLAM_P007",25
"69566",995.793693965999,"OLAM_P007",50
"69567",4714.56559396599,"OLAM_P007",100
"69568",879.654553966015,"OLAM_P007",25
"69569",907.145903966011,"OLAM_P007",50
"69570",-2125.54607603399,"OLAM_P007",100
"69571",113.989183966012,"OLAM_P007",25
"69572",-317.639196033997,"OLAM_P007",50
"69573",-1686.11712603399,"OLAM_P007",100
"69574",542.355953966005,"OLAM_P007",25
"69575",807.92107396599,"OLAM_P007",50
"69576",-1454.48610603399,"OLAM_P007",100
"69577",322.221423965995,"OLAM_P007",25
"69578",176.295643966005,"OLAM_P007",50
"69579",-2490.341916034,"OLAM_P007",100
"69580",368.40359396601,"OLAM_P007",25
"69581",-944.543426034012,"OLAM_P007",50
"69582",1633.67112396599,"OLAM_P007",100
"69583",43.2700039659976,"OLAM_P007",25
"69584",1432.455543966,"OLAM_P007",50
"69585",-141.466266033996,"OLAM_P007",100
"69586",1678.01183396601,"OLAM_P007",25
"69587",-2458.31338603399,"OLAM_P007",50
"69588",-1255.686916034,"OLAM_P007",100
"69589",528.159653965995,"OLAM_P007",25
"69590",3182.284703966,"OLAM_P007",50
"69591",-1383.92095603401,"OLAM_P007",100
"69592",-1170.87283603399,"OLAM_P007",25
"69593",626.519813966006,"OLAM_P007",50
"69594",-2195.790956034,"OLAM_P007",100
"69595",-105.688656034006,"OLAM_P007",25
"69596",14.2866639659915,"OLAM_P007",50
"69597",9868.604293966,"OLAM_P007",100
"69598",292.378323965997,"OLAM_P007",25
"69599",580.597873966006,"OLAM_P007",50
"69600",2168.959583966,"OLAM_P007",100
"69601",1175.52277186001,"OLAM_P008",25
"69602",1057.76477186003,"OLAM_P008",50
"69603",-7653.13276814,"OLAM_P008",100
"69604",485.070671860012,"OLAM_P008",25
"69605",319.959371860023,"OLAM_P008",50
"69606",-8279.08711813996,"OLAM_P008",100
"69607",230.847771860019,"OLAM_P008",25
"69608",2991.64482186001,"OLAM_P008",50
"69609",-6840.87006813998,"OLAM_P008",100
"69610",-6603.40257813997,"OLAM_P008",25
"69611",-370.922388139996,"OLAM_P008",50
"69612",-7851.75918813999,"OLAM_P008",100
"69613",-347.846388139995,"OLAM_P008",25
"69614",-8101.62129813997,"OLAM_P008",50
"69615",-7394.28571813996,"OLAM_P008",100
"69616",-85.2028781399713,"OLAM_P008",25
"69617",-8062.41525813995,"OLAM_P008",50
"69618",-4053.14638813998,"OLAM_P008",100
"69619",-1411.63142813998,"OLAM_P008",25
"69620",601.772871860012,"OLAM_P008",50
"69621",-3162.64087814,"OLAM_P008",100
"69622",-1568.89777813997,"OLAM_P008",25
"69623",-4634.59942813998,"OLAM_P008",50
"69624",-7313.62002813997,"OLAM_P008",100
"69625",7740.92057186004,"OLAM_P008",25
"69626",-4270.25062814,"OLAM_P008",50
"69627",-6799.35207813996,"OLAM_P008",100
"69628",-399.048118139966,"OLAM_P008",25
"69629",1487.78997186001,"OLAM_P008",50
"69630",-6511.81658813998,"OLAM_P008",100
"69631",-78.5477281399653,"OLAM_P008",25
"69632",-7646.54854813998,"OLAM_P008",50
"69633",-2213.55111813999,"OLAM_P008",100
"69634",-4232.24512813997,"OLAM_P008",25
"69635",-6103.65010813996,"OLAM_P008",50
"69636",-7312.90879813995,"OLAM_P008",100
"69637",385.467071860039,"OLAM_P008",25
"69638",-1318.66522813996,"OLAM_P008",50
"69639",-10034.15642814,"OLAM_P008",100
"69640",-1248.11662813998,"OLAM_P008",25
"69641",-1053.87217813998,"OLAM_P008",50
"69642",-8654.97549813997,"OLAM_P008",100
"69643",-7807.05549813999,"OLAM_P008",25
"69644",-1021.72332813998,"OLAM_P008",50
"69645",-8094.11843813997,"OLAM_P008",100
"69646",-6638.77769813995,"OLAM_P008",25
"69647",-7458.83152814,"OLAM_P008",50
"69648",-3824.00580813998,"OLAM_P008",100
"69649",-1247.13592813996,"OLAM_P008",25
"69650",-6398.94922814,"OLAM_P008",50
"69651",-5487.98097813997,"OLAM_P008",100
"69652",-6586.59032813995,"OLAM_P008",25
"69653",791.67231186002,"OLAM_P008",50
"69654",-210.513298139966,"OLAM_P008",100
"69655",-3207.45672813995,"OLAM_P008",25
"69656",-5035.03758814,"OLAM_P008",50
"69657",-8072.00746813999,"OLAM_P008",100
"69658",-1650.34115813999,"OLAM_P008",25
"69659",449.889461860002,"OLAM_P008",50
"69660",-7869.67152813997,"OLAM_P008",100
"69661",-118.566228139971,"OLAM_P008",25
"69662",1138.27997186,"OLAM_P008",50
"69663",-7511.41138814,"OLAM_P008",100
"69664",648.871971860004,"OLAM_P008",25
"69665",2949.14141186001,"OLAM_P008",50
"69666",-2834.15879813995,"OLAM_P008",100
"69667",-1546.65322813997,"OLAM_P008",25
"69668",-7061.43060813996,"OLAM_P008",50
"69669",-9153.32348813995,"OLAM_P008",100
"69670",-6757.64191814,"OLAM_P008",25
"69671",-4561.15342813998,"OLAM_P008",50
"69672",-9316.61169813998,"OLAM_P008",100
"69673",2667.13617186004,"OLAM_P008",25
"69674",816.058021860023,"OLAM_P008",50
"69675",-8492.01601813996,"OLAM_P008",100
"69676",-1329.30558813998,"OLAM_P008",25
"69677",6220.76080186001,"OLAM_P008",50
"69678",-939.184418139979,"OLAM_P008",100
"69679",205.357191860036,"OLAM_P008",25
"69680",-5383.44932814001,"OLAM_P008",50
"69681",-5695.58809813997,"OLAM_P008",100
"69682",-58.1407281399588,"OLAM_P008",25
"69683",-233.08602813998,"OLAM_P008",50
"69684",-4419.24780814,"OLAM_P008",100
"69685",-1513.43472813995,"OLAM_P008",25
"69686",-4598.61982813996,"OLAM_P008",50
"69687",-2871.12134814,"OLAM_P008",100
"69688",41.4308718600078,"OLAM_P008",25
"69689",-252.059358139988,"OLAM_P008",50
"69690",-8125.81039813999,"OLAM_P008",100
"69691",742.131611860008,"OLAM_P008",25
"69692",2089.45667186001,"OLAM_P008",50
"69693",-8147.97612814,"OLAM_P008",100
"69694",860.576991859998,"OLAM_P008",25
"69695",710.443941859994,"OLAM_P008",50
"69696",-8400.79494813998,"OLAM_P008",100
"69697",2109.31907185999,"OLAM_P008",25
"69698",-98.1380281400052,"OLAM_P008",50
"69699",-1563.90917813999,"OLAM_P008",100
"69700",-131.525128139998,"OLAM_P008",25
"69701",-6523.09312813997,"OLAM_P008",50
"69702",-7924.45877813996,"OLAM_P008",100
"69703",-40.1457281399635,"OLAM_P008",25
"69704",397.601501860016,"OLAM_P008",50
"69705",-9243.40869814,"OLAM_P008",100
"69706",4218.41997186001,"OLAM_P008",25
"69707",-6911.19312814,"OLAM_P008",50
"69708",-7583.80918813997,"OLAM_P008",100
"69709",128.958551860007,"OLAM_P008",25
"69710",756.398021860048,"OLAM_P008",50
"69711",424.395351860032,"OLAM_P008",100
"69712",-1345.96012814,"OLAM_P008",25
"69713",-5409.05887814,"OLAM_P008",50
"69714",10385.37514186,"OLAM_P008",100
"69715",-1568.84161814,"OLAM_P008",25
"69716",-2046.31367814,"OLAM_P008",50
"69717",7111.09110186005,"OLAM_P008",100
"69718",-300.381928140006,"OLAM_P008",25
"69719",-1124.19582813996,"OLAM_P008",50
"69720",-4977.90825813997,"OLAM_P008",100
"69721",246.165921860025,"OLAM_P008",25
"69722",-5984.41812813998,"OLAM_P008",50
"69723",-2930.94750814,"OLAM_P008",100
"69724",-855.013828139985,"OLAM_P008",25
"69725",-6273.07628813997,"OLAM_P008",50
"69726",-6579.04234813998,"OLAM_P008",100
"69727",-692.696738139959,"OLAM_P008",25
"69728",-1554.17499813996,"OLAM_P008",50
"69729",-5955.22902813996,"OLAM_P008",100
"69730",893.468971860013,"OLAM_P008",25
"69731",-1056.43245813996,"OLAM_P008",50
"69732",-6961.19457813998,"OLAM_P008",100
"69733",-6263.58939813997,"OLAM_P008",25
"69734",-7715.94632813998,"OLAM_P008",50
"69735",-4618.74107813998,"OLAM_P008",100
"69736",1186.90147186001,"OLAM_P008",25
"69737",-2304.21262814,"OLAM_P008",50
"69738",-5337.79562813998,"OLAM_P008",100
"69739",1845.57127186004,"OLAM_P008",25
"69740",-1213.27897813998,"OLAM_P008",50
"69741",5953.16187186004,"OLAM_P008",100
"69742",-1465.62302813999,"OLAM_P008",25
"69743",-7683.83622813999,"OLAM_P008",50
"69744",-7702.98492813995,"OLAM_P008",100
"69745",-612.290658139973,"OLAM_P008",25
"69746",2216.09327186004,"OLAM_P008",50
"69747",9725.98667186004,"OLAM_P008",100
"69748",-6707.10531814001,"OLAM_P008",25
"69749",15131.37437186,"OLAM_P008",50
"69750",-6437.91484813998,"OLAM_P008",100
"69751",-50.8626281399629,"OLAM_P008",25
"69752",-289.532828139956,"OLAM_P008",50
"69753",-7685.85730813997,"OLAM_P008",100
"69754",-916.707328139979,"OLAM_P008",25
"69755",2289.24747186003,"OLAM_P008",50
"69756",-497.917428140005,"OLAM_P008",100
"69757",-89.2610881399596,"OLAM_P008",25
"69758",-535.727288139984,"OLAM_P008",50
"69759",-5294.91607813997,"OLAM_P008",100
"69760",-4036.52612813999,"OLAM_P008",25
"69761",-2036.65003813995,"OLAM_P008",50
"69762",-9545.10606813995,"OLAM_P008",100
"69763",-5691.85542813997,"OLAM_P008",25
"69764",-4735.00508813997,"OLAM_P008",50
"69765",-8065.73279813997,"OLAM_P008",100
"69766",297.44647186005,"OLAM_P008",25
"69767",-2318.19802814,"OLAM_P008",50
"69768",-7591.91495814,"OLAM_P008",100
"69769",8322.95957186003,"OLAM_P008",25
"69770",-758.29669813998,"OLAM_P008",50
"69771",-5852.86415813997,"OLAM_P008",100
"69772",-1715.21937814,"OLAM_P008",25
"69773",-7916.98822813999,"OLAM_P008",50
"69774",-7113.06528813997,"OLAM_P008",100
"69775",-5658.98782813997,"OLAM_P008",25
"69776",1883.32298186002,"OLAM_P008",50
"69777",4982.52231186,"OLAM_P008",100
"69778",-762.075928139966,"OLAM_P008",25
"69779",-4841.45574814,"OLAM_P008",50
"69780",-9794.55910814001,"OLAM_P008",100
"69781",8474.18987186003,"OLAM_P008",25
"69782",-2881.04022813996,"OLAM_P008",50
"69783",-8864.20799813996,"OLAM_P008",100
"69784",-33.4262281399569,"OLAM_P008",25
"69785",6396.20813186001,"OLAM_P008",50
"69786",-896.458088140003,"OLAM_P008",100
"69787",-1123.53787813999,"OLAM_P008",25
"69788",-125.971508139977,"OLAM_P008",50
"69789",-6487.15999814001,"OLAM_P008",100
"69790",-308.41322813998,"OLAM_P008",25
"69791",-1429.93607813999,"OLAM_P008",50
"69792",-5690.11750813999,"OLAM_P008",100
"69793",-5065.79542813997,"OLAM_P008",25
"69794",-8428.44643814,"OLAM_P008",50
"69795",-6259.32009813999,"OLAM_P008",100
"69796",-5125.33347814,"OLAM_P008",25
"69797",-1645.83093813999,"OLAM_P008",50
"69798",-6389.34850813996,"OLAM_P008",100
"69799",-304.857128139993,"OLAM_P008",25
"69800",-3661.57058813999,"OLAM_P008",50
"69801",-4207.12998813996,"OLAM_P008",100
"69802",1469.54302186001,"OLAM_P008",25
"69803",-1844.44837813999,"OLAM_P008",50
"69804",-8651.63932813995,"OLAM_P008",100
"69805",-1423.18529813999,"OLAM_P008",25
"69806",179.397471859993,"OLAM_P008",50
"69807",-7274.48703813995,"OLAM_P008",100
"69808",1599.89197186002,"OLAM_P008",25
"69809",-800.884208139963,"OLAM_P008",50
"69810",7092.44657186,"OLAM_P008",100
"69811",32.1305218600319,"OLAM_P008",25
"69812",-5907.65542813996,"OLAM_P008",50
"69813",-6545.99748813995,"OLAM_P008",100
"69814",-83.0985281399917,"OLAM_P008",25
"69815",-7374.39112813998,"OLAM_P008",50
"69816",1506.05721186002,"OLAM_P008",100
"69817",-7714.57712813996,"OLAM_P008",25
"69818",-7199.55933813995,"OLAM_P008",50
"69819",-1250.94087813998,"OLAM_P008",100
"69820",390.414811860013,"OLAM_P008",25
"69821",1138.76659186004,"OLAM_P008",50
"69822",-2554.46139814,"OLAM_P008",100
"69823",594.739271860046,"OLAM_P008",25
"69824",144.362971860042,"OLAM_P008",50
"69825",-6849.05630813999,"OLAM_P008",100
"69826",-1378.58232813998,"OLAM_P008",25
"69827",-6870.80892813997,"OLAM_P008",50
"69828",-4138.58728813997,"OLAM_P008",100
"69829",-6020.40962813998,"OLAM_P008",25
"69830",10627.66925186,"OLAM_P008",50
"69831",-7674.93104813999,"OLAM_P008",100
"69832",-42.8048281399533,"OLAM_P008",25
"69833",-995.467948139994,"OLAM_P008",50
"69834",-7187.96063813998,"OLAM_P008",100
"69835",1287.59967185999,"OLAM_P008",25
"69836",-6494.67527814,"OLAM_P008",50
"69837",-7373.76224814,"OLAM_P008",100
"69838",-6634.45962813997,"OLAM_P008",25
"69839",2433.66610186,"OLAM_P008",50
"69840",-1143.15255813999,"OLAM_P008",100
"69841",-6023.87119813997,"OLAM_P008",25
"69842",-4283.79422813997,"OLAM_P008",50
"69843",-6308.29779813997,"OLAM_P008",100
"69844",-641.989228139981,"OLAM_P008",25
"69845",-2806.35637813999,"OLAM_P008",50
"69846",-4896.25425813999,"OLAM_P008",100
"69847",158.787771860021,"OLAM_P008",25
"69848",-8334.10695813998,"OLAM_P008",50
"69849",9026.03047186002,"OLAM_P008",100
"69850",188.346801860025,"OLAM_P008",25
"69851",-8455.48505813995,"OLAM_P008",50
"69852",3960.84718186001,"OLAM_P008",100
"69853",-863.867128140002,"OLAM_P008",25
"69854",-8008.47362814,"OLAM_P008",50
"69855",-737.333098139963,"OLAM_P008",100
"69856",-1655.11437813996,"OLAM_P008",25
"69857",-7681.45074813999,"OLAM_P008",50
"69858",-6029.82565814001,"OLAM_P008",100
"69859",-1199.19467813999,"OLAM_P008",25
"69860",9685.20057186001,"OLAM_P008",50
"69861",-6837.15262814,"OLAM_P008",100
"69862",-1341.75692814001,"OLAM_P008",25
"69863",-502.129028139985,"OLAM_P008",50
"69864",-40.8437281399965,"OLAM_P008",100
"69865",-194.953238139977,"OLAM_P008",25
"69866",-7909.65372813999,"OLAM_P008",50
"69867",-2952.81046814,"OLAM_P008",100
"69868",2726.17387186002,"OLAM_P008",25
"69869",-1038.63269813999,"OLAM_P008",50
"69870",-8319.15095813997,"OLAM_P008",100
"69871",146.779721860017,"OLAM_P008",25
"69872",-2904.57594814,"OLAM_P008",50
"69873",-1606.35662813997,"OLAM_P008",100
"69874",214.94270186004,"OLAM_P008",25
"69875",-7097.73618814,"OLAM_P008",50
"69876",-2057.99314813997,"OLAM_P008",100
"69877",4156.66157186002,"OLAM_P008",25
"69878",-4655.19082813995,"OLAM_P008",50
"69879",-8044.38591814,"OLAM_P008",100
"69880",-4997.40622814,"OLAM_P008",25
"69881",-1530.31943813997,"OLAM_P008",50
"69882",4693.88899186003,"OLAM_P008",100
"69883",-1412.38952813996,"OLAM_P008",25
"69884",-4001.19050813996,"OLAM_P008",50
"69885",2147.00351186004,"OLAM_P008",100
"69886",218.69317186001,"OLAM_P008",25
"69887",12346.99157186,"OLAM_P008",50
"69888",-6444.06505813997,"OLAM_P008",100
"69889",858.593071860028,"OLAM_P008",25
"69890",-311.200088139973,"OLAM_P008",50
"69891",-9635.65517813998,"OLAM_P008",100
"69892",114.676271860022,"OLAM_P008",25
"69893",-8279.92547813995,"OLAM_P008",50
"69894",-964.18818813999,"OLAM_P008",100
"69895",-115.251938139962,"OLAM_P008",25
"69896",-6496.97302813997,"OLAM_P008",50
"69897",-6258.87679814,"OLAM_P008",100
"69898",-142.442668139993,"OLAM_P008",25
"69899",-671.939298140001,"OLAM_P008",50
"69900",5662.28677186003,"OLAM_P008",100
"69901",58.6649501440115,"OLAM_P009",25
"69902",-38.3983598559862,"OLAM_P009",50
"69903",986.361530144,"OLAM_P009",100
"69904",-10.6534798560024,"OLAM_P009",25
"69905",69.8894801439892,"OLAM_P009",50
"69906",4302.15467014399,"OLAM_P009",100
"69907",-40.9232298560091,"OLAM_P009",25
"69908",3961.14469014399,"OLAM_P009",50
"69909",71.2914601440134,"OLAM_P009",100
"69910",177.372750144015,"OLAM_P009",25
"69911",-28.8885698560043,"OLAM_P009",50
"69912",1067.922570144,"OLAM_P009",100
"69913",66.9474501440127,"OLAM_P009",25
"69914",-233.962119856005,"OLAM_P009",50
"69915",1148.840990144,"OLAM_P009",100
"69916",-439.668229856004,"OLAM_P009",25
"69917",816.866730144015,"OLAM_P009",50
"69918",-55.0329098560032,"OLAM_P009",100
"69919",-25.7256298559951,"OLAM_P009",25
"69920",466.54440014399,"OLAM_P009",50
"69921",262.815070143988,"OLAM_P009",100
"69922",-409.93672985601,"OLAM_P009",25
"69923",173.169300144014,"OLAM_P009",50
"69924",-134.372199856007,"OLAM_P009",100
"69925",37.038720143988,"OLAM_P009",25
"69926",252.152500144002,"OLAM_P009",50
"69927",1175.344200144,"OLAM_P009",100
"69928",-79.2064998559945,"OLAM_P009",25
"69929",719.752460143995,"OLAM_P009",50
"69930",96.3300401440065,"OLAM_P009",100
"69931",47.0630601439916,"OLAM_P009",25
"69932",139.270450144017,"OLAM_P009",50
"69933",388.887690144009,"OLAM_P009",100
"69934",-438.485629856004,"OLAM_P009",25
"69935",28.0271901439992,"OLAM_P009",50
"69936",308.506130144,"OLAM_P009",100
"69937",361.142260143999,"OLAM_P009",25
"69938",888.661340143997,"OLAM_P009",50
"69939",6335.90309014401,"OLAM_P009",100
"69940",-21.6588798559969,"OLAM_P009",25
"69941",-53.3705298560089,"OLAM_P009",50
"69942",1256.53539014401,"OLAM_P009",100
"69943",17.4756801440089,"OLAM_P009",25
"69944",654.35610014401,"OLAM_P009",50
"69945",-397.906369856006,"OLAM_P009",100
"69946",119.163360144012,"OLAM_P009",25
"69947",1058.78242014401,"OLAM_P009",50
"69948",2668.86929014401,"OLAM_P009",100
"69949",188.686220144009,"OLAM_P009",25
"69950",-518.158199856,"OLAM_P009",50
"69951",667.751290143991,"OLAM_P009",100
"69952",295.132620143995,"OLAM_P009",25
"69953",951.497940144007,"OLAM_P009",50
"69954",2132.25919014399,"OLAM_P009",100
"69955",149.560350143991,"OLAM_P009",25
"69956",-537.260969855997,"OLAM_P009",50
"69957",-230.414699855988,"OLAM_P009",100
"69958",1289.21527014399,"OLAM_P009",25
"69959",124.593560144014,"OLAM_P009",50
"69960",-80.6766798559984,"OLAM_P009",100
"69961",-95.354109856009,"OLAM_P009",25
"69962",143.340460144012,"OLAM_P009",50
"69963",9493.13249014399,"OLAM_P009",100
"69964",101.314470143989,"OLAM_P009",25
"69965",-37.4383298559987,"OLAM_P009",50
"69966",676.051830144017,"OLAM_P009",100
"69967",-19.8022498560022,"OLAM_P009",25
"69968",-141.666679855989,"OLAM_P009",50
"69969",977.547800144006,"OLAM_P009",100
"69970",206.712020144012,"OLAM_P009",25
"69971",-153.040739855991,"OLAM_P009",50
"69972",5602.37269014399,"OLAM_P009",100
"69973",-58.0066298559832,"OLAM_P009",25
"69974",-178.680349856004,"OLAM_P009",50
"69975",164.127090144,"OLAM_P009",100
"69976",262.281170144008,"OLAM_P009",25
"69977",-11.0729198560002,"OLAM_P009",50
"69978",-305.575629856001,"OLAM_P009",100
"69979",-223.858229856007,"OLAM_P009",25
"69980",477.025540144008,"OLAM_P009",50
"69981",2529.71767014399,"OLAM_P009",100
"69982",-6.79208985599689,"OLAM_P009",25
"69983",378.086550144013,"OLAM_P009",50
"69984",4288.169860144,"OLAM_P009",100
"69985",16.5923601440154,"OLAM_P009",25
"69986",-495.508949856012,"OLAM_P009",50
"69987",5588.76034014401,"OLAM_P009",100
"69988",-24.4326798559923,"OLAM_P009",25
"69989",-311.741249855986,"OLAM_P009",50
"69990",1104.71113014402,"OLAM_P009",100
"69991",-20.2753698560118,"OLAM_P009",25
"69992",26.7655701439944,"OLAM_P009",50
"69993",468.320320144005,"OLAM_P009",100
"69994",-374.108629855997,"OLAM_P009",25
"69995",-322.987109856011,"OLAM_P009",50
"69996",1272.18948014401,"OLAM_P009",100
"69997",71.0031501440099,"OLAM_P009",25
"69998",-534.464769855986,"OLAM_P009",50
"69999",3564.220030144,"OLAM_P009",100
"70000",119.272160143999,"OLAM_P009",25
"70001",4503.537900144,"OLAM_P009",50
"70002",873.473330144014,"OLAM_P009",100
"70003",122.598660143994,"OLAM_P009",25
"70004",65.323920144001,"OLAM_P009",50
"70005",483.596200144006,"OLAM_P009",100
"70006",799.975060144003,"OLAM_P009",25
"70007",465.435420144,"OLAM_P009",50
"70008",-373.037809856003,"OLAM_P009",100
"70009",-91.6141198560072,"OLAM_P009",25
"70010",5205.331480144,"OLAM_P009",50
"70011",-492.064009855996,"OLAM_P009",100
"70012",-447.251629856008,"OLAM_P009",25
"70013",-45.4373098560027,"OLAM_P009",50
"70014",59.5481001439912,"OLAM_P009",100
"70015",30.4985201439995,"OLAM_P009",25
"70016",382.741430144,"OLAM_P009",50
"70017",1322.96624014401,"OLAM_P009",100
"70018",1269.354650144,"OLAM_P009",25
"70019",717.679000144009,"OLAM_P009",50
"70020",1540.06226014401,"OLAM_P009",100
"70021",8335.76165014401,"OLAM_P009",25
"70022",4789.39900014401,"OLAM_P009",50
"70023",883.640990143991,"OLAM_P009",100
"70024",64.7950501439918,"OLAM_P009",25
"70025",48.8990701439907,"OLAM_P009",50
"70026",1127.38852014401,"OLAM_P009",100
"70027",-217.419929855998,"OLAM_P009",25
"70028",328.360110144014,"OLAM_P009",50
"70029",-313.841399855999,"OLAM_P009",100
"70030",913.179450144002,"OLAM_P009",25
"70031",4890.099440144,"OLAM_P009",50
"70032",-363.241849855985,"OLAM_P009",100
"70033",119.515070144,"OLAM_P009",25
"70034",-106.091629856004,"OLAM_P009",50
"70035",-150.748899856,"OLAM_P009",100
"70036",465.241360143991,"OLAM_P009",25
"70037",104.826720143988,"OLAM_P009",50
"70038",75.6094601440127,"OLAM_P009",100
"70039",3.16097014400293,"OLAM_P009",25
"70040",849.797620144003,"OLAM_P009",50
"70041",2369.752510144,"OLAM_P009",100
"70042",-454.951329856005,"OLAM_P009",25
"70043",-60.9513498560118,"OLAM_P009",50
"70044",2992.506420144,"OLAM_P009",100
"70045",163.827850144007,"OLAM_P009",25
"70046",-270.418299855985,"OLAM_P009",50
"70047",404.967890144006,"OLAM_P009",100
"70048",175.799850144016,"OLAM_P009",25
"70049",208.330620143999,"OLAM_P009",50
"70050",34.3583901440143,"OLAM_P009",100
"70051",146.251620144001,"OLAM_P009",25
"70052",890.279180143989,"OLAM_P009",50
"70053",636.54029014401,"OLAM_P009",100
"70054",100.614320143999,"OLAM_P009",25
"70055",-493.535959856003,"OLAM_P009",50
"70056",1288.39269014401,"OLAM_P009",100
"70057",-8.65061985599459,"OLAM_P009",25
"70058",-440.736519856,"OLAM_P009",50
"70059",557.475260144012,"OLAM_P009",100
"70060",88.2538701439917,"OLAM_P009",25
"70061",302.251550143992,"OLAM_P009",50
"70062",-141.862719855999,"OLAM_P009",100
"70063",1308.94596014399,"OLAM_P009",25
"70064",-493.46559985599,"OLAM_P009",50
"70065",2015.87599014401,"OLAM_P009",100
"70066",146.251620144001,"OLAM_P009",25
"70067",162.571920143993,"OLAM_P009",50
"70068",5050.26294014399,"OLAM_P009",100
"70069",-80.3702798559971,"OLAM_P009",25
"70070",-46.6908198559831,"OLAM_P009",50
"70071",2761.10669014399,"OLAM_P009",100
"70072",345.288150144013,"OLAM_P009",25
"70073",4312.59249014402,"OLAM_P009",50
"70074",1288.36358014401,"OLAM_P009",100
"70075",242.417420143989,"OLAM_P009",25
"70076",978.469740144006,"OLAM_P009",50
"70077",2096.500240144,"OLAM_P009",100
"70078",63.150550143997,"OLAM_P009",25
"70079",-389.513749856007,"OLAM_P009",50
"70080",2016.40806014399,"OLAM_P009",100
"70081",-438.485629856004,"OLAM_P009",25
"70082",-125.513179856003,"OLAM_P009",50
"70083",100.842790144001,"OLAM_P009",100
"70084",0.990370143990731,"OLAM_P009",25
"70085",-534.003259855992,"OLAM_P009",50
"70086",88.7765601440042,"OLAM_P009",100
"70087",60.3478701440035,"OLAM_P009",25
"70088",-59.8150998560013,"OLAM_P009",50
"70089",298.024970144004,"OLAM_P009",100
"70090",140.587460144015,"OLAM_P009",25
"70091",-283.236779856001,"OLAM_P009",50
"70092",489.141300143994,"OLAM_P009",100
"70093",136.659050143993,"OLAM_P009",25
"70094",7691.631550144,"OLAM_P009",50
"70095",437.426360143989,"OLAM_P009",100
"70096",191.724860143993,"OLAM_P009",25
"70097",-77.6712198559835,"OLAM_P009",50
"70098",-238.697859856009,"OLAM_P009",100
"70099",-18.4912698559929,"OLAM_P009",25
"70100",-452.590379856003,"OLAM_P009",50
"70101",8539.94484014402,"OLAM_P009",100
"70102",-489.513859856001,"OLAM_P009",25
"70103",-480.156169855996,"OLAM_P009",50
"70104",557.578940144012,"OLAM_P009",100
"70105",-6.41780985600781,"OLAM_P009",25
"70106",2241.037850144,"OLAM_P009",50
"70107",251.168020143989,"OLAM_P009",100
"70108",0.990370143990731,"OLAM_P009",25
"70109",31.485540144,"OLAM_P009",50
"70110",-428.815359856002,"OLAM_P009",100
"70111",76.6585501439986,"OLAM_P009",25
"70112",4844.41434014399,"OLAM_P009",50
"70113",-470.495699855994,"OLAM_P009",100
"70114",82.3166201440035,"OLAM_P009",25
"70115",-504.992269856011,"OLAM_P009",50
"70116",43.5763901440077,"OLAM_P009",100
"70117",424.751470143994,"OLAM_P009",25
"70118",-510.403949856001,"OLAM_P009",50
"70119",404.080780143995,"OLAM_P009",100
"70120",-5.21846985598677,"OLAM_P009",25
"70121",291.391800143989,"OLAM_P009",50
"70122",2203.033990144,"OLAM_P009",100
"70123",-74.2423298560025,"OLAM_P009",25
"70124",-71.8963898560032,"OLAM_P009",50
"70125",3596.55592014399,"OLAM_P009",100
"70126",-20.8077298559947,"OLAM_P009",25
"70127",4052.823710144,"OLAM_P009",50
"70128",32.7024301440106,"OLAM_P009",100
"70129",-363.108129856002,"OLAM_P009",25
"70130",178.070450144005,"OLAM_P009",50
"70131",10160.020510144,"OLAM_P009",100
"70132",164.429920144001,"OLAM_P009",25
"70133",372.780350143992,"OLAM_P009",50
"70134",21.456260144012,"OLAM_P009",100
"70135",122.17086014399,"OLAM_P009",25
"70136",404.26560014399,"OLAM_P009",50
"70137",-86.5630098560068,"OLAM_P009",100
"70138",19.9691501439956,"OLAM_P009",25
"70139",176.569650143996,"OLAM_P009",50
"70140",-410.497069856006,"OLAM_P009",100
"70141",-364.132629856002,"OLAM_P009",25
"70142",-65.7816198559885,"OLAM_P009",50
"70143",2639.006290144,"OLAM_P009",100
"70144",94.524050144013,"OLAM_P009",25
"70145",-95.7961298559967,"OLAM_P009",50
"70146",1127.63270014399,"OLAM_P009",100
"70147",-382.131929855997,"OLAM_P009",25
"70148",448.310760143999,"OLAM_P009",50
"70149",120.704130144004,"OLAM_P009",100
"70150",-35.1599498559954,"OLAM_P009",25
"70151",130.493010144011,"OLAM_P009",50
"70152",-97.5286398559983,"OLAM_P009",100
"70153",-173.353529855987,"OLAM_P009",25
"70154",-345.530539856001,"OLAM_P009",50
"70155",447.746650143992,"OLAM_P009",100
"70156",3483.57396014401,"OLAM_P009",25
"70157",1419.65744014402,"OLAM_P009",50
"70158",1213.31439014399,"OLAM_P009",100
"70159",439.234860144003,"OLAM_P009",25
"70160",1421.71140014401,"OLAM_P009",50
"70161",63.6404001440096,"OLAM_P009",100
"70162",-12.1486798560072,"OLAM_P009",25
"70163",417.070940144011,"OLAM_P009",50
"70164",-368.637079856009,"OLAM_P009",100
"70165",-10.3473098560062,"OLAM_P009",25
"70166",-188.524939855997,"OLAM_P009",50
"70167",432.988590143999,"OLAM_P009",100
"70168",119.139570144005,"OLAM_P009",25
"70169",53.3559101439896,"OLAM_P009",50
"70170",-20.3180098560115,"OLAM_P009",100
"70171",51.8564201440022,"OLAM_P009",25
"70172",20.9427101440087,"OLAM_P009",50
"70173",810.305640144012,"OLAM_P009",100
"70174",-13.5880298560078,"OLAM_P009",25
"70175",275.209170143993,"OLAM_P009",50
"70176",677.037890144013,"OLAM_P009",100
"70177",-93.0163798560097,"OLAM_P009",25
"70178",100.707420143997,"OLAM_P009",50
"70179",-595.712079855992,"OLAM_P009",100
"70180",-460.744629855995,"OLAM_P009",25
"70181",718.695510143996,"OLAM_P009",50
"70182",-170.312209855998,"OLAM_P009",100
"70183",-492.47969985599,"OLAM_P009",25
"70184",-81.8967298560019,"OLAM_P009",50
"70185",-340.122369855992,"OLAM_P009",100
"70186",-94.4104598560079,"OLAM_P009",25
"70187",-363.087029855989,"OLAM_P009",50
"70188",1310.303900144,"OLAM_P009",100
"70189",444.02705014401,"OLAM_P009",25
"70190",-292.896289855998,"OLAM_P009",50
"70191",356.054700144014,"OLAM_P009",100
"70192",1220.17396014399,"OLAM_P009",25
"70193",814.965820143989,"OLAM_P009",50
"70194",14.1319601440046,"OLAM_P009",100
"70195",-46.8020298559859,"OLAM_P009",25
"70196",-105.217569856002,"OLAM_P009",50
"70197",43.004160143988,"OLAM_P009",100
"70198",841.510270144005,"OLAM_P009",25
"70199",37.3816001439991,"OLAM_P009",50
"70200",3003.78669014401,"OLAM_P009",100
"70201",0.00362269202014431,"OLAM_P010",25
"70202",0.00362269202014431,"OLAM_P010",50
"70203",-1822.76207730797,"OLAM_P010",100
"70204",0.00362269202014431,"OLAM_P010",25
"70205",0.00362269202014431,"OLAM_P010",50
"70206",10.5490226920228,"OLAM_P010",100
"70207",0.00362269202014431,"OLAM_P010",25
"70208",0.00362269202014431,"OLAM_P010",50
"70209",-94.8892773079569,"OLAM_P010",100
"70210",0.00362269202014431,"OLAM_P010",25
"70211",0.00362269202014431,"OLAM_P010",50
"70212",381.326102691994,"OLAM_P010",100
"70213",0.00362269202014431,"OLAM_P010",25
"70214",0.00362269202014431,"OLAM_P010",50
"70215",-1548.02584730799,"OLAM_P010",100
"70216",0.00362269202014431,"OLAM_P010",25
"70217",0.00362269202014431,"OLAM_P010",50
"70218",-90.9770573079586,"OLAM_P010",100
"70219",0.00362269202014431,"OLAM_P010",25
"70220",0.00362269202014431,"OLAM_P010",50
"70221",-262.461777307966,"OLAM_P010",100
"70222",0.00362269202014431,"OLAM_P010",25
"70223",0.00362269202014431,"OLAM_P010",50
"70224",1514.224342692,"OLAM_P010",100
"70225",0.00362269202014431,"OLAM_P010",25
"70226",0.00362269202014431,"OLAM_P010",50
"70227",-60.9036773080006,"OLAM_P010",100
"70228",0.00362269202014431,"OLAM_P010",25
"70229",0.00362269202014431,"OLAM_P010",50
"70230",-2.5251773079508,"OLAM_P010",100
"70231",0.00362269202014431,"OLAM_P010",25
"70232",0.00362269202014431,"OLAM_P010",50
"70233",-649.478207307984,"OLAM_P010",100
"70234",0.00362269202014431,"OLAM_P010",25
"70235",0.00362269202014431,"OLAM_P010",50
"70236",-539.171277307963,"OLAM_P010",100
"70237",0.00362269202014431,"OLAM_P010",25
"70238",0.00362269202014431,"OLAM_P010",50
"70239",492.608622692002,"OLAM_P010",100
"70240",0.00362269202014431,"OLAM_P010",25
"70241",0.00362269202014431,"OLAM_P010",50
"70242",8.46612269204343,"OLAM_P010",100
"70243",0.00362269202014431,"OLAM_P010",25
"70244",0.00362269202014431,"OLAM_P010",50
"70245",610.217022692028,"OLAM_P010",100
"70246",0.00362269202014431,"OLAM_P010",25
"70247",0.00362269202014431,"OLAM_P010",50
"70248",-282.227487307973,"OLAM_P010",100
"70249",0.00362269202014431,"OLAM_P010",25
"70250",0.00362269202014431,"OLAM_P010",50
"70251",-33.8141973079764,"OLAM_P010",100
"70252",0.00362269202014431,"OLAM_P010",25
"70253",0.00362269202014431,"OLAM_P010",50
"70254",2675.875822692,"OLAM_P010",100
"70255",0.00362269202014431,"OLAM_P010",25
"70256",0.00362269202014431,"OLAM_P010",50
"70257",-302.886277307989,"OLAM_P010",100
"70258",0.00362269202014431,"OLAM_P010",25
"70259",0.00362269202014431,"OLAM_P010",50
"70260",231.316222692025,"OLAM_P010",100
"70261",0.00362269202014431,"OLAM_P010",25
"70262",0.00362269202014431,"OLAM_P010",50
"70263",-236.830477307958,"OLAM_P010",100
"70264",0.00362269202014431,"OLAM_P010",25
"70265",0.00362269202014431,"OLAM_P010",50
"70266",-21.711177307996,"OLAM_P010",100
"70267",0.00362269202014431,"OLAM_P010",25
"70268",0.00362269202014431,"OLAM_P010",50
"70269",481.101022692048,"OLAM_P010",100
"70270",0.00362269202014431,"OLAM_P010",25
"70271",0.00362269202014431,"OLAM_P010",50
"70272",-610.232307308004,"OLAM_P010",100
"70273",0.00362269202014431,"OLAM_P010",25
"70274",0.00362269202014431,"OLAM_P010",50
"70275",-20864.617577308,"OLAM_P010",100
"70276",0.00362269202014431,"OLAM_P010",25
"70277",0.00362269202014431,"OLAM_P010",50
"70278",-529.014877307985,"OLAM_P010",100
"70279",0.00362269202014431,"OLAM_P010",25
"70280",0.00362269202014431,"OLAM_P010",50
"70281",690.786622692016,"OLAM_P010",100
"70282",0.00362269202014431,"OLAM_P010",25
"70283",0.00362269202014431,"OLAM_P010",50
"70284",-151.10747730796,"OLAM_P010",100
"70285",0.00362269202014431,"OLAM_P010",25
"70286",0.00362269202014431,"OLAM_P010",50
"70287",-821.525437307952,"OLAM_P010",100
"70288",0.00362269202014431,"OLAM_P010",25
"70289",0.00362269202014431,"OLAM_P010",50
"70290",1648.91468269203,"OLAM_P010",100
"70291",0.00362269202014431,"OLAM_P010",25
"70292",0.00362269202014431,"OLAM_P010",50
"70293",819.543352692039,"OLAM_P010",100
"70294",0.00362269202014431,"OLAM_P010",25
"70295",0.00362269202014431,"OLAM_P010",50
"70296",600.148522692034,"OLAM_P010",100
"70297",0.00362269202014431,"OLAM_P010",25
"70298",0.00362269202014431,"OLAM_P010",50
"70299",-6.8950773079996,"OLAM_P010",100
"70300",0.00362269202014431,"OLAM_P010",25
"70301",0.00362269202014431,"OLAM_P010",50
"70302",81.6862226920202,"OLAM_P010",100
"70303",0.00362269202014431,"OLAM_P010",25
"70304",0.00362269202014431,"OLAM_P010",50
"70305",29.9037726920214,"OLAM_P010",100
"70306",0.00362269202014431,"OLAM_P010",25
"70307",0.00362269202014431,"OLAM_P010",50
"70308",1377.918852692,"OLAM_P010",100
"70309",0.00362269202014431,"OLAM_P010",25
"70310",0.00362269202014431,"OLAM_P010",50
"70311",173.403522692039,"OLAM_P010",100
"70312",0.00362269202014431,"OLAM_P010",25
"70313",0.00362269202014431,"OLAM_P010",50
"70314",-1000.447777308,"OLAM_P010",100
"70315",0.00362269202014431,"OLAM_P010",25
"70316",0.00362269202014431,"OLAM_P010",50
"70317",27.6947226920165,"OLAM_P010",100
"70318",0.00362269202014431,"OLAM_P010",25
"70319",0.00362269202014431,"OLAM_P010",50
"70320",594.657922692015,"OLAM_P010",100
"70321",0.00362269202014431,"OLAM_P010",25
"70322",0.00362269202014431,"OLAM_P010",50
"70323",-1354.52933730796,"OLAM_P010",100
"70324",0.00362269202014431,"OLAM_P010",25
"70325",0.00362269202014431,"OLAM_P010",50
"70326",-2004.37457730796,"OLAM_P010",100
"70327",0.00362269202014431,"OLAM_P010",25
"70328",0.00362269202014431,"OLAM_P010",50
"70329",-190.765427307982,"OLAM_P010",100
"70330",0.00362269202014431,"OLAM_P010",25
"70331",0.00362269202014431,"OLAM_P010",50
"70332",-659.529077307961,"OLAM_P010",100
"70333",0.00362269202014431,"OLAM_P010",25
"70334",0.00362269202014431,"OLAM_P010",50
"70335",-11.7447473079665,"OLAM_P010",100
"70336",0.00362269202014431,"OLAM_P010",25
"70337",0.00362269202014431,"OLAM_P010",50
"70338",-59.6536373079871,"OLAM_P010",100
"70339",0.00362269202014431,"OLAM_P010",25
"70340",0.00362269202014431,"OLAM_P010",50
"70341",-478.161377307959,"OLAM_P010",100
"70342",0.00362269202014431,"OLAM_P010",25
"70343",0.00362269202014431,"OLAM_P010",50
"70344",203.419222692028,"OLAM_P010",100
"70345",0.00362269202014431,"OLAM_P010",25
"70346",0.00362269202014431,"OLAM_P010",50
"70347",-338.881697307981,"OLAM_P010",100
"70348",0.00362269202014431,"OLAM_P010",25
"70349",0.00362269202014431,"OLAM_P010",50
"70350",31.567562692042,"OLAM_P010",100
"70351",0.00362269202014431,"OLAM_P010",25
"70352",0.00362269202014431,"OLAM_P010",50
"70353",-1047.18077730795,"OLAM_P010",100
"70354",0.00362269202014431,"OLAM_P010",25
"70355",0.00362269202014431,"OLAM_P010",50
"70356",-64.6166473079938,"OLAM_P010",100
"70357",0.00362269202014431,"OLAM_P010",25
"70358",0.00362269202014431,"OLAM_P010",50
"70359",342.32433269202,"OLAM_P010",100
"70360",0.00362269202014431,"OLAM_P010",25
"70361",0.00362269202014431,"OLAM_P010",50
"70362",-198.418197307969,"OLAM_P010",100
"70363",0.00362269202014431,"OLAM_P010",25
"70364",0.00362269202014431,"OLAM_P010",50
"70365",50.7830426919973,"OLAM_P010",100
"70366",0.00362269202014431,"OLAM_P010",25
"70367",0.00362269202014431,"OLAM_P010",50
"70368",-1539.97147730796,"OLAM_P010",100
"70369",0.00362269202014431,"OLAM_P010",25
"70370",0.00362269202014431,"OLAM_P010",50
"70371",91.325062692049,"OLAM_P010",100
"70372",0.00362269202014431,"OLAM_P010",25
"70373",0.00362269202014431,"OLAM_P010",50
"70374",2374.51632269204,"OLAM_P010",100
"70375",0.00362269202014431,"OLAM_P010",25
"70376",0.00362269202014431,"OLAM_P010",50
"70377",76.6977926919935,"OLAM_P010",100
"70378",0.00362269202014431,"OLAM_P010",25
"70379",0.00362269202014431,"OLAM_P010",50
"70380",9868.93382269202,"OLAM_P010",100
"70381",0.00362269202014431,"OLAM_P010",25
"70382",0.00362269202014431,"OLAM_P010",50
"70383",-94.5259773079888,"OLAM_P010",100
"70384",0.00362269202014431,"OLAM_P010",25
"70385",0.00362269202014431,"OLAM_P010",50
"70386",-134.274377307971,"OLAM_P010",100
"70387",0.00362269202014431,"OLAM_P010",25
"70388",0.00362269202014431,"OLAM_P010",50
"70389",-107.533867307997,"OLAM_P010",100
"70390",0.00362269202014431,"OLAM_P010",25
"70391",0.00362269202014431,"OLAM_P010",50
"70392",-88.7889373079524,"OLAM_P010",100
"70393",0.00362269202014431,"OLAM_P010",25
"70394",0.00362269202014431,"OLAM_P010",50
"70395",1081.59312269202,"OLAM_P010",100
"70396",0.00362269202014431,"OLAM_P010",25
"70397",0.00362269202014431,"OLAM_P010",50
"70398",-9903.05426730798,"OLAM_P010",100
"70399",0.00362269202014431,"OLAM_P010",25
"70400",0.00362269202014431,"OLAM_P010",50
"70401",5127.77752269205,"OLAM_P010",100
"70402",0.00362269202014431,"OLAM_P010",25
"70403",0.00362269202014431,"OLAM_P010",50
"70404",-652.234577308001,"OLAM_P010",100
"70405",0.00362269202014431,"OLAM_P010",25
"70406",0.00362269202014431,"OLAM_P010",50
"70407",-71.1588673079968,"OLAM_P010",100
"70408",0.00362269202014431,"OLAM_P010",25
"70409",0.00362269202014431,"OLAM_P010",50
"70410",2281.606122692,"OLAM_P010",100
"70411",0.00362269202014431,"OLAM_P010",25
"70412",0.00362269202014431,"OLAM_P010",50
"70413",474.176522692025,"OLAM_P010",100
"70414",0.00362269202014431,"OLAM_P010",25
"70415",0.00362269202014431,"OLAM_P010",50
"70416",985.432122692,"OLAM_P010",100
"70417",0.00362269202014431,"OLAM_P010",25
"70418",0.00362269202014431,"OLAM_P010",50
"70419",161.480032692023,"OLAM_P010",100
"70420",0.00362269202014431,"OLAM_P010",25
"70421",0.00362269202014431,"OLAM_P010",50
"70422",-23.1426573079661,"OLAM_P010",100
"70423",0.00362269202014431,"OLAM_P010",25
"70424",0.00362269202014431,"OLAM_P010",50
"70425",-68.6566773079685,"OLAM_P010",100
"70426",0.00362269202014431,"OLAM_P010",25
"70427",0.00362269202014431,"OLAM_P010",50
"70428",4807.27112269204,"OLAM_P010",100
"70429",0.00362269202014431,"OLAM_P010",25
"70430",0.00362269202014431,"OLAM_P010",50
"70431",-1326.72421730799,"OLAM_P010",100
"70432",0.00362269202014431,"OLAM_P010",25
"70433",0.00362269202014431,"OLAM_P010",50
"70434",189.701322692039,"OLAM_P010",100
"70435",0.00362269202014431,"OLAM_P010",25
"70436",0.00362269202014431,"OLAM_P010",50
"70437",-9.30036730796564,"OLAM_P010",100
"70438",0.00362269202014431,"OLAM_P010",25
"70439",0.00362269202014431,"OLAM_P010",50
"70440",927.366622692032,"OLAM_P010",100
"70441",0.00362269202014431,"OLAM_P010",25
"70442",0.00362269202014431,"OLAM_P010",50
"70443",86.7178226920078,"OLAM_P010",100
"70444",0.00362269202014431,"OLAM_P010",25
"70445",0.00362269202014431,"OLAM_P010",50
"70446",9194.404022692,"OLAM_P010",100
"70447",0.00362269202014431,"OLAM_P010",25
"70448",0.00362269202014431,"OLAM_P010",50
"70449",159.448852692032,"OLAM_P010",100
"70450",0.00362269202014431,"OLAM_P010",25
"70451",0.00362269202014431,"OLAM_P010",50
"70452",6.82081269205082,"OLAM_P010",100
"70453",0.00362269202014431,"OLAM_P010",25
"70454",0.00362269202014431,"OLAM_P010",50
"70455",467.475822692038,"OLAM_P010",100
"70456",0.00362269202014431,"OLAM_P010",25
"70457",0.00362269202014431,"OLAM_P010",50
"70458",255.855622692034,"OLAM_P010",100
"70459",0.00362269202014431,"OLAM_P010",25
"70460",0.00362269202014431,"OLAM_P010",50
"70461",-1222.67537730798,"OLAM_P010",100
"70462",0.00362269202014431,"OLAM_P010",25
"70463",0.00362269202014431,"OLAM_P010",50
"70464",6177.04755269201,"OLAM_P010",100
"70465",0.00362269202014431,"OLAM_P010",25
"70466",0.00362269202014431,"OLAM_P010",50
"70467",33.2301226920099,"OLAM_P010",100
"70468",0.00362269202014431,"OLAM_P010",25
"70469",0.00362269202014431,"OLAM_P010",50
"70470",8339.16762269201,"OLAM_P010",100
"70471",0.00362269202014431,"OLAM_P010",25
"70472",0.00362269202014431,"OLAM_P010",50
"70473",-829.522227307956,"OLAM_P010",100
"70474",0.00362269202014431,"OLAM_P010",25
"70475",0.00362269202014431,"OLAM_P010",50
"70476",-429.203777307994,"OLAM_P010",100
"70477",0.00362269202014431,"OLAM_P010",25
"70478",0.00362269202014431,"OLAM_P010",50
"70479",36.4236226920038,"OLAM_P010",100
"70480",0.00362269202014431,"OLAM_P010",25
"70481",0.00362269202014431,"OLAM_P010",50
"70482",8839.50962269201,"OLAM_P010",100
"70483",0.00362269202014431,"OLAM_P010",25
"70484",0.00362269202014431,"OLAM_P010",50
"70485",1310.25320269202,"OLAM_P010",100
"70486",0.00362269202014431,"OLAM_P010",25
"70487",0.00362269202014431,"OLAM_P010",50
"70488",119.86002269201,"OLAM_P010",100
"70489",0.00362269202014431,"OLAM_P010",25
"70490",0.00362269202014431,"OLAM_P010",50
"70491",-20.7407773080049,"OLAM_P010",100
"70492",0.00362269202014431,"OLAM_P010",25
"70493",0.00362269202014431,"OLAM_P010",50
"70494",81.0926026920206,"OLAM_P010",100
"70495",0.00362269202014431,"OLAM_P010",25
"70496",0.00362269202014431,"OLAM_P010",50
"70497",-1532.94737730798,"OLAM_P010",100
"70498",0.00362269202014431,"OLAM_P010",25
"70499",0.00362269202014431,"OLAM_P010",50
"70500",-610.473677307949,"OLAM_P010",100
"70501",145.113157480024,"OLAM_P011",25
"70502",-87.9990625199862,"OLAM_P011",50
"70503",632.097187480016,"OLAM_P011",100
"70504",-347.273472519999,"OLAM_P011",25
"70505",-183.489012519974,"OLAM_P011",50
"70506",10741.17279748,"OLAM_P011",100
"70507",-220.876962519978,"OLAM_P011",25
"70508",512.662197480007,"OLAM_P011",50
"70509",277.397787480004,"OLAM_P011",100
"70510",-18.8304825199884,"OLAM_P011",25
"70511",-193.122132519988,"OLAM_P011",50
"70512",392.395697480009,"OLAM_P011",100
"70513",1.285647480021,"OLAM_P011",25
"70514",-262.088422519999,"OLAM_P011",50
"70515",-422.876482519991,"OLAM_P011",100
"70516",-209.831772519974,"OLAM_P011",25
"70517",-115.195242519985,"OLAM_P011",50
"70518",-399.366352519981,"OLAM_P011",100
"70519",681.970947480004,"OLAM_P011",25
"70520",75.5503774800163,"OLAM_P011",50
"70521",11990.09596748,"OLAM_P011",100
"70522",-226.623662519996,"OLAM_P011",25
"70523",-75.4618425199878,"OLAM_P011",50
"70524",820.168637480005,"OLAM_P011",100
"70525",1006.71607748,"OLAM_P011",25
"70526",10.3380974800093,"OLAM_P011",50
"70527",888.627877480001,"OLAM_P011",100
"70528",269.285337480018,"OLAM_P011",25
"70529",-361.47745251999,"OLAM_P011",50
"70530",-115.484552519978,"OLAM_P011",100
"70531",-184.391352519975,"OLAM_P011",25
"70532",393.768097480002,"OLAM_P011",50
"70533",1222.56080748001,"OLAM_P011",100
"70534",-139.082612519996,"OLAM_P011",25
"70535",-234.262202519982,"OLAM_P011",50
"70536",337.735567480006,"OLAM_P011",100
"70537",-172.809102519997,"OLAM_P011",25
"70538",-358.83894252,"OLAM_P011",50
"70539",-76.0362425200001,"OLAM_P011",100
"70540",376.02486748001,"OLAM_P011",25
"70541",-122.622282519995,"OLAM_P011",50
"70542",10771.87907748,"OLAM_P011",100
"70543",57.5074174800247,"OLAM_P011",25
"70544",864.829467480013,"OLAM_P011",50
"70545",15176.68039748,"OLAM_P011",100
"70546",-150.375582519977,"OLAM_P011",25
"70547",12.0973874800256,"OLAM_P011",50
"70548",10216.80344748,"OLAM_P011",100
"70549",35.8993374800193,"OLAM_P011",25
"70550",94.9487074800127,"OLAM_P011",50
"70551",1027.87334748002,"OLAM_P011",100
"70552",1130.73717748001,"OLAM_P011",25
"70553",240.422697480011,"OLAM_P011",50
"70554",16143.95958748,"OLAM_P011",100
"70555",5.45350748000783,"OLAM_P011",25
"70556",1154.40496748002,"OLAM_P011",50
"70557",1964.69359748001,"OLAM_P011",100
"70558",-73.6826225199911,"OLAM_P011",25
"70559",226.002447480016,"OLAM_P011",50
"70560",34.3143574800051,"OLAM_P011",100
"70561",338.803287479997,"OLAM_P011",25
"70562",-266.841112519993,"OLAM_P011",50
"70563",-418.656482519989,"OLAM_P011",100
"70564",1701.31044748001,"OLAM_P011",25
"70565",-300.806282519974,"OLAM_P011",50
"70566",1231.93293748001,"OLAM_P011",100
"70567",-190.081352519977,"OLAM_P011",25
"70568",654.214837480016,"OLAM_P011",50
"70569",558.388357479998,"OLAM_P011",100
"70570",-113.861602519988,"OLAM_P011",25
"70571",-35.5764025199751,"OLAM_P011",50
"70572",-8.16902251998545,"OLAM_P011",100
"70573",93.2904674800229,"OLAM_P011",25
"70574",14.3387874800246,"OLAM_P011",50
"70575",1527.13186748,"OLAM_P011",100
"70576",-21.7597725199885,"OLAM_P011",25
"70577",793.207897480024,"OLAM_P011",50
"70578",350.748617480014,"OLAM_P011",100
"70579",747.568407480023,"OLAM_P011",25
"70580",-78.5501025199774,"OLAM_P011",50
"70581",-450.82239252,"OLAM_P011",100
"70582",-7.4548425199755,"OLAM_P011",25
"70583",141.920517480001,"OLAM_P011",50
"70584",327.052717480023,"OLAM_P011",100
"70585",116.610977480013,"OLAM_P011",25
"70586",1185.85619748003,"OLAM_P011",50
"70587",74.7199174800189,"OLAM_P011",100
"70588",7.82468748002429,"OLAM_P011",25
"70589",931.966327480011,"OLAM_P011",50
"70590",-64.1342525199871,"OLAM_P011",100
"70591",-114.445582519984,"OLAM_P011",25
"70592",29.0755974799977,"OLAM_P011",50
"70593",610.503467480012,"OLAM_P011",100
"70594",476.803687480016,"OLAM_P011",25
"70595",257.967367480014,"OLAM_P011",50
"70596",526.971347480023,"OLAM_P011",100
"70597",-59.8569125199865,"OLAM_P011",25
"70598",1925.40828748001,"OLAM_P011",50
"70599",962.651557480014,"OLAM_P011",100
"70600",91.2731274800026,"OLAM_P011",25
"70601",-325.78465252,"OLAM_P011",50
"70602",728.476437480014,"OLAM_P011",100
"70603",-277.93018251998,"OLAM_P011",25
"70604",308.802857480012,"OLAM_P011",50
"70605",-437.017062519997,"OLAM_P011",100
"70606",91.6784374800045,"OLAM_P011",25
"70607",-167.520572519978,"OLAM_P011",50
"70608",308.074407480017,"OLAM_P011",100
"70609",1085.27298748001,"OLAM_P011",25
"70610",348.789997480024,"OLAM_P011",50
"70611",372.650337480009,"OLAM_P011",100
"70612",-178.520972519997,"OLAM_P011",25
"70613",807.609007480001,"OLAM_P011",50
"70614",415.021467480023,"OLAM_P011",100
"70615",334.673327480006,"OLAM_P011",25
"70616",154.880607480009,"OLAM_P011",50
"70617",-218.876112519996,"OLAM_P011",100
"70618",99.7478674800077,"OLAM_P011",25
"70619",-10.6727425199933,"OLAM_P011",50
"70620",289.620397480001,"OLAM_P011",100
"70621",1824.26217748001,"OLAM_P011",25
"70622",92.325497480022,"OLAM_P011",50
"70623",817.868047480006,"OLAM_P011",100
"70624",-71.9637425199908,"OLAM_P011",25
"70625",145.183617480012,"OLAM_P011",50
"70626",2825.25260748001,"OLAM_P011",100
"70627",8593.59064748001,"OLAM_P011",25
"70628",-336.639772519993,"OLAM_P011",50
"70629",-185.631402519997,"OLAM_P011",100
"70630",304.749817480013,"OLAM_P011",25
"70631",10889.10144748,"OLAM_P011",50
"70632",2823.56474748001,"OLAM_P011",100
"70633",75.2459874800115,"OLAM_P011",25
"70634",770.086747480003,"OLAM_P011",50
"70635",640.42263748002,"OLAM_P011",100
"70636",-54.1123425199767,"OLAM_P011",25
"70637",534.71381748002,"OLAM_P011",50
"70638",1367.20801748001,"OLAM_P011",100
"70639",-181.819102519978,"OLAM_P011",25
"70640",492.420137480018,"OLAM_P011",50
"70641",-275.495652519981,"OLAM_P011",100
"70642",323.903397480026,"OLAM_P011",25
"70643",-194.798942519992,"OLAM_P011",50
"70644",823.198207480018,"OLAM_P011",100
"70645",717.705337480002,"OLAM_P011",25
"70646",3859.95978748001,"OLAM_P011",50
"70647",1289.76285748,"OLAM_P011",100
"70648",-137.832492519985,"OLAM_P011",25
"70649",432.896757480019,"OLAM_P011",50
"70650",-49.3540625199967,"OLAM_P011",100
"70651",11073.30432748,"OLAM_P011",25
"70652",-191.502312519995,"OLAM_P011",50
"70653",786.804437480023,"OLAM_P011",100
"70654",-132.124212519993,"OLAM_P011",25
"70655",-140.68415252,"OLAM_P011",50
"70656",3511.06650748002,"OLAM_P011",100
"70657",468.821087479999,"OLAM_P011",25
"70658",567.577907480008,"OLAM_P011",50
"70659",556.003537480021,"OLAM_P011",100
"70660",233.415607480012,"OLAM_P011",25
"70661",-305.199492519983,"OLAM_P011",50
"70662",3417.77385748,"OLAM_P011",100
"70663",724.097807480022,"OLAM_P011",25
"70664",95.0544774800073,"OLAM_P011",50
"70665",-427.960672519985,"OLAM_P011",100
"70666",546.497437480022,"OLAM_P011",25
"70667",-48.1725725199794,"OLAM_P011",50
"70668",-133.763682519988,"OLAM_P011",100
"70669",-146.779222519981,"OLAM_P011",25
"70670",11050.33260748,"OLAM_P011",50
"70671",-467.50049251999,"OLAM_P011",100
"70672",392.17879748001,"OLAM_P011",25
"70673",-340.875682519982,"OLAM_P011",50
"70674",-131.977482519986,"OLAM_P011",100
"70675",-139.557142519974,"OLAM_P011",25
"70676",923.709547480015,"OLAM_P011",50
"70677",1759.82042748001,"OLAM_P011",100
"70678",-67.7039825199754,"OLAM_P011",25
"70679",145.07087748,"OLAM_P011",50
"70680",316.325487480004,"OLAM_P011",100
"70681",-178.035642520001,"OLAM_P011",25
"70682",277.056427480013,"OLAM_P011",50
"70683",-298.764522519981,"OLAM_P011",100
"70684",318.591287479998,"OLAM_P011",25
"70685",824.426047480025,"OLAM_P011",50
"70686",1210.50467748,"OLAM_P011",100
"70687",541.084577480011,"OLAM_P011",25
"70688",-278.252652519994,"OLAM_P011",50
"70689",-364.857632519997,"OLAM_P011",100
"70690",-81.9103425199864,"OLAM_P011",25
"70691",938.931207480025,"OLAM_P011",50
"70692",1308.17294748002,"OLAM_P011",100
"70693",75.0857374800253,"OLAM_P011",25
"70694",24.669247480022,"OLAM_P011",50
"70695",1582.16023748001,"OLAM_P011",100
"70696",1648.76172748001,"OLAM_P011",25
"70697",14.681717480009,"OLAM_P011",50
"70698",9238.37515748001,"OLAM_P011",100
"70699",646.522607480001,"OLAM_P011",25
"70700",562.065757480013,"OLAM_P011",50
"70701",1075.46967748002,"OLAM_P011",100
"70702",2464.99823748,"OLAM_P011",25
"70703",187.328937480022,"OLAM_P011",50
"70704",119.836207480024,"OLAM_P011",100
"70705",116.955407480011,"OLAM_P011",25
"70706",4489.25429748002,"OLAM_P011",50
"70707",527.096957480011,"OLAM_P011",100
"70708",-327.459102519992,"OLAM_P011",25
"70709",-56.2666125199758,"OLAM_P011",50
"70710",809.262727480003,"OLAM_P011",100
"70711",472.858727480023,"OLAM_P011",25
"70712",1090.98208748002,"OLAM_P011",50
"70713",426.703737480013,"OLAM_P011",100
"70714",-158.483702519996,"OLAM_P011",25
"70715",-185.408892519976,"OLAM_P011",50
"70716",-157.514942519978,"OLAM_P011",100
"70717",-59.2826225199969,"OLAM_P011",25
"70718",10799.70255748,"OLAM_P011",50
"70719",8337.60664748002,"OLAM_P011",100
"70720",15.0190374800004,"OLAM_P011",25
"70721",-142.560932519991,"OLAM_P011",50
"70722",-407.163732519984,"OLAM_P011",100
"70723",542.322697480005,"OLAM_P011",25
"70724",939.724527480023,"OLAM_P011",50
"70725",2122.36161748003,"OLAM_P011",100
"70726",-9.24568251997698,"OLAM_P011",25
"70727",545.799977480026,"OLAM_P011",50
"70728",1977.91601748002,"OLAM_P011",100
"70729",-309.874372519989,"OLAM_P011",25
"70730",-32.9512025199947,"OLAM_P011",50
"70731",344.381307480013,"OLAM_P011",100
"70732",-93.9445225199743,"OLAM_P011",25
"70733",148.008267480007,"OLAM_P011",50
"70734",340.496577480022,"OLAM_P011",100
"70735",-89.8120625199808,"OLAM_P011",25
"70736",8665.01455748003,"OLAM_P011",50
"70737",11856.84885748,"OLAM_P011",100
"70738",-7.04023251999752,"OLAM_P011",25
"70739",-274.99169251998,"OLAM_P011",50
"70740",35.6114974800148,"OLAM_P011",100
"70741",-206.077352519991,"OLAM_P011",25
"70742",903.578447480017,"OLAM_P011",50
"70743",173.43899748,"OLAM_P011",100
"70744",-93.0684525199758,"OLAM_P011",25
"70745",-131.984492519987,"OLAM_P011",50
"70746",1101.64220748001,"OLAM_P011",100
"70747",-28.8168125199736,"OLAM_P011",25
"70748",2609.48222748001,"OLAM_P011",50
"70749",15945.91196748,"OLAM_P011",100
"70750",588.494787480013,"OLAM_P011",25
"70751",-46.7229825199756,"OLAM_P011",50
"70752",-453.282052519993,"OLAM_P011",100
"70753",19.8520874800161,"OLAM_P011",25
"70754",554.486197480001,"OLAM_P011",50
"70755",-310.922232519981,"OLAM_P011",100
"70756",-148.852012519987,"OLAM_P011",25
"70757",553.66151748001,"OLAM_P011",50
"70758",-299.058262519975,"OLAM_P011",100
"70759",-19.552502519975,"OLAM_P011",25
"70760",-124.462482520001,"OLAM_P011",50
"70761",71.8614374800236,"OLAM_P011",100
"70762",184.398947480018,"OLAM_P011",25
"70763",567.366187480016,"OLAM_P011",50
"70764",-441.466952519986,"OLAM_P011",100
"70765",528.872667479998,"OLAM_P011",25
"70766",4184.50613748,"OLAM_P011",50
"70767",455.758027480013,"OLAM_P011",100
"70768",589.755467480019,"OLAM_P011",25
"70769",-301.598552519979,"OLAM_P011",50
"70770",455.264117480023,"OLAM_P011",100
"70771",496.471407480014,"OLAM_P011",25
"70772",313.152947480005,"OLAM_P011",50
"70773",11548.24079748,"OLAM_P011",100
"70774",59.3117074800248,"OLAM_P011",25
"70775",1.9368874799984,"OLAM_P011",50
"70776",8649.98342748001,"OLAM_P011",100
"70777",1159.98689748,"OLAM_P011",25
"70778",136.793857480021,"OLAM_P011",50
"70779",159.494517480023,"OLAM_P011",100
"70780",244.180027480004,"OLAM_P011",25
"70781",-157.000512519997,"OLAM_P011",50
"70782",-218.799312519986,"OLAM_P011",100
"70783",-197.211772519979,"OLAM_P011",25
"70784",20900.87444748,"OLAM_P011",50
"70785",941.769787480007,"OLAM_P011",100
"70786",89.7020174800127,"OLAM_P011",25
"70787",-105.638622519997,"OLAM_P011",50
"70788",577.524877479998,"OLAM_P011",100
"70789",1709.42824748001,"OLAM_P011",25
"70790",385.883877480024,"OLAM_P011",50
"70791",14553.89523748,"OLAM_P011",100
"70792",724.009647480008,"OLAM_P011",25
"70793",88.0873274800251,"OLAM_P011",50
"70794",651.104767480021,"OLAM_P011",100
"70795",755.664987480006,"OLAM_P011",25
"70796",-453.654722519976,"OLAM_P011",50
"70797",1293.87420748002,"OLAM_P011",100
"70798",-151.576702519989,"OLAM_P011",25
"70799",384.563737479999,"OLAM_P011",50
"70800",808.630127480021,"OLAM_P011",100
"70801",-0.00548494000395294,"OLAM_P012",25
"70802",-0.00548494000395294,"OLAM_P012",50
"70803",232.484215060002,"OLAM_P012",100
"70804",-0.00548494000395294,"OLAM_P012",25
"70805",-0.00548494000395294,"OLAM_P012",50
"70806",240.162415059996,"OLAM_P012",100
"70807",-0.00548494000395294,"OLAM_P012",25
"70808",-0.00548494000395294,"OLAM_P012",50
"70809",-211.932644939996,"OLAM_P012",100
"70810",-0.00548494000395294,"OLAM_P012",25
"70811",-0.00548494000395294,"OLAM_P012",50
"70812",191.807615059995,"OLAM_P012",100
"70813",-0.00548494000395294,"OLAM_P012",25
"70814",-0.00548494000395294,"OLAM_P012",50
"70815",66.7964150600019,"OLAM_P012",100
"70816",-0.00548494000395294,"OLAM_P012",25
"70817",-0.00548494000395294,"OLAM_P012",50
"70818",281.576355059995,"OLAM_P012",100
"70819",-0.00548494000395294,"OLAM_P012",25
"70820",-0.00548494000395294,"OLAM_P012",50
"70821",-65.6649849399982,"OLAM_P012",100
"70822",-0.00548494000395294,"OLAM_P012",25
"70823",-0.00548494000395294,"OLAM_P012",50
"70824",-461.454384940007,"OLAM_P012",100
"70825",-0.00548494000395294,"OLAM_P012",25
"70826",-0.00548494000395294,"OLAM_P012",50
"70827",-441.003854940005,"OLAM_P012",100
"70828",-0.00548494000395294,"OLAM_P012",25
"70829",-0.00548494000395294,"OLAM_P012",50
"70830",397.184315060003,"OLAM_P012",100
"70831",-0.00548494000395294,"OLAM_P012",25
"70832",-0.00548494000395294,"OLAM_P012",50
"70833",530.080815059991,"OLAM_P012",100
"70834",-0.00548494000395294,"OLAM_P012",25
"70835",-0.00548494000395294,"OLAM_P012",50
"70836",182.263195060004,"OLAM_P012",100
"70837",-0.00548494000395294,"OLAM_P012",25
"70838",-0.00548494000395294,"OLAM_P012",50
"70839",417.014165059998,"OLAM_P012",100
"70840",-0.00548494000395294,"OLAM_P012",25
"70841",-0.00548494000395294,"OLAM_P012",50
"70842",-210.585084940001,"OLAM_P012",100
"70843",-0.00548494000395294,"OLAM_P012",25
"70844",-0.00548494000395294,"OLAM_P012",50
"70845",-53.9326849400095,"OLAM_P012",100
"70846",-0.00548494000395294,"OLAM_P012",25
"70847",-0.00548494000395294,"OLAM_P012",50
"70848",659.749715059996,"OLAM_P012",100
"70849",-0.00548494000395294,"OLAM_P012",25
"70850",-0.00548494000395294,"OLAM_P012",50
"70851",-104.841324940004,"OLAM_P012",100
"70852",-0.00548494000395294,"OLAM_P012",25
"70853",-0.00548494000395294,"OLAM_P012",50
"70854",6.50050506000116,"OLAM_P012",100
"70855",-0.00548494000395294,"OLAM_P012",25
"70856",-0.00548494000395294,"OLAM_P012",50
"70857",246.399595059993,"OLAM_P012",100
"70858",-0.00548494000395294,"OLAM_P012",25
"70859",-0.00548494000395294,"OLAM_P012",50
"70860",32.5192650599929,"OLAM_P012",100
"70861",-0.00548494000395294,"OLAM_P012",25
"70862",-0.00548494000395294,"OLAM_P012",50
"70863",-1040.26618494,"OLAM_P012",100
"70864",-0.00548494000395294,"OLAM_P012",25
"70865",-0.00548494000395294,"OLAM_P012",50
"70866",-186.297944940001,"OLAM_P012",100
"70867",-0.00548494000395294,"OLAM_P012",25
"70868",-0.00548494000395294,"OLAM_P012",50
"70869",-331.351584939999,"OLAM_P012",100
"70870",-0.00548494000395294,"OLAM_P012",25
"70871",-0.00548494000395294,"OLAM_P012",50
"70872",-96.989184940001,"OLAM_P012",100
"70873",-0.00548494000395294,"OLAM_P012",25
"70874",-0.00548494000395294,"OLAM_P012",50
"70875",2.77529505999701,"OLAM_P012",100
"70876",-0.00548494000395294,"OLAM_P012",25
"70877",-0.00548494000395294,"OLAM_P012",50
"70878",116.435315059993,"OLAM_P012",100
"70879",-0.00548494000395294,"OLAM_P012",25
"70880",-0.00548494000395294,"OLAM_P012",50
"70881",269.808815059994,"OLAM_P012",100
"70882",-0.00548494000395294,"OLAM_P012",25
"70883",-0.00548494000395294,"OLAM_P012",50
"70884",-1167.45637494,"OLAM_P012",100
"70885",-0.00548494000395294,"OLAM_P012",25
"70886",-0.00548494000395294,"OLAM_P012",50
"70887",-62.7047849399969,"OLAM_P012",100
"70888",-0.00548494000395294,"OLAM_P012",25
"70889",-0.00548494000395294,"OLAM_P012",50
"70890",385.96211506,"OLAM_P012",100
"70891",-0.00548494000395294,"OLAM_P012",25
"70892",-0.00548494000395294,"OLAM_P012",50
"70893",588.817715059995,"OLAM_P012",100
"70894",-0.00548494000395294,"OLAM_P012",25
"70895",-0.00548494000395294,"OLAM_P012",50
"70896",-121.499844940001,"OLAM_P012",100
"70897",-0.00548494000395294,"OLAM_P012",25
"70898",-0.00548494000395294,"OLAM_P012",50
"70899",-56.6569849399966,"OLAM_P012",100
"70900",-0.00548494000395294,"OLAM_P012",25
"70901",-0.00548494000395294,"OLAM_P012",50
"70902",39.0170150600024,"OLAM_P012",100
"70903",-0.00548494000395294,"OLAM_P012",25
"70904",-0.00548494000395294,"OLAM_P012",50
"70905",58.2066950599983,"OLAM_P012",100
"70906",-0.00548494000395294,"OLAM_P012",25
"70907",-0.00548494000395294,"OLAM_P012",50
"70908",-1018.16758494001,"OLAM_P012",100
"70909",-0.00548494000395294,"OLAM_P012",25
"70910",-0.00548494000395294,"OLAM_P012",50
"70911",2828.15761506,"OLAM_P012",100
"70912",-0.00548494000395294,"OLAM_P012",25
"70913",-0.00548494000395294,"OLAM_P012",50
"70914",-1159.72181494,"OLAM_P012",100
"70915",-0.00548494000395294,"OLAM_P012",25
"70916",-0.00548494000395294,"OLAM_P012",50
"70917",223.898315059996,"OLAM_P012",100
"70918",-0.00548494000395294,"OLAM_P012",25
"70919",-0.00548494000395294,"OLAM_P012",50
"70920",1247.94781506,"OLAM_P012",100
"70921",-0.00548494000395294,"OLAM_P012",25
"70922",-0.00548494000395294,"OLAM_P012",50
"70923",746.916115059998,"OLAM_P012",100
"70924",-0.00548494000395294,"OLAM_P012",25
"70925",-0.00548494000395294,"OLAM_P012",50
"70926",648.82701506,"OLAM_P012",100
"70927",-0.00548494000395294,"OLAM_P012",25
"70928",-0.00548494000395294,"OLAM_P012",50
"70929",57.9328150599904,"OLAM_P012",100
"70930",-0.00548494000395294,"OLAM_P012",25
"70931",-0.00548494000395294,"OLAM_P012",50
"70932",-220.546084939997,"OLAM_P012",100
"70933",-0.00548494000395294,"OLAM_P012",25
"70934",-0.00548494000395294,"OLAM_P012",50
"70935",-230.24885494,"OLAM_P012",100
"70936",-0.00548494000395294,"OLAM_P012",25
"70937",-0.00548494000395294,"OLAM_P012",50
"70938",-956.498684940001,"OLAM_P012",100
"70939",-0.00548494000395294,"OLAM_P012",25
"70940",-0.00548494000395294,"OLAM_P012",50
"70941",-265.409984940008,"OLAM_P012",100
"70942",-0.00548494000395294,"OLAM_P012",25
"70943",-0.00548494000395294,"OLAM_P012",50
"70944",23.7649150600046,"OLAM_P012",100
"70945",-0.00548494000395294,"OLAM_P012",25
"70946",-0.00548494000395294,"OLAM_P012",50
"70947",2411.16841505999,"OLAM_P012",100
"70948",-0.00548494000395294,"OLAM_P012",25
"70949",-0.00548494000395294,"OLAM_P012",50
"70950",399.595015059997,"OLAM_P012",100
"70951",-0.00548494000395294,"OLAM_P012",25
"70952",-0.00548494000395294,"OLAM_P012",50
"70953",-1060.37227494,"OLAM_P012",100
"70954",-0.00548494000395294,"OLAM_P012",25
"70955",-0.00548494000395294,"OLAM_P012",50
"70956",-477.094714940002,"OLAM_P012",100
"70957",-0.00548494000395294,"OLAM_P012",25
"70958",-0.00548494000395294,"OLAM_P012",50
"70959",-427.647184939997,"OLAM_P012",100
"70960",-0.00548494000395294,"OLAM_P012",25
"70961",-0.00548494000395294,"OLAM_P012",50
"70962",-898.99988494,"OLAM_P012",100
"70963",-0.00548494000395294,"OLAM_P012",25
"70964",-0.00548494000395294,"OLAM_P012",50
"70965",-57.1311449400091,"OLAM_P012",100
"70966",-0.00548494000395294,"OLAM_P012",25
"70967",-0.00548494000395294,"OLAM_P012",50
"70968",-232.561134939999,"OLAM_P012",100
"70969",-0.00548494000395294,"OLAM_P012",25
"70970",-0.00548494000395294,"OLAM_P012",50
"70971",-434.535384939998,"OLAM_P012",100
"70972",-0.00548494000395294,"OLAM_P012",25
"70973",-0.00548494000395294,"OLAM_P012",50
"70974",-1097.33617494001,"OLAM_P012",100
"70975",-0.00548494000395294,"OLAM_P012",25
"70976",-0.00548494000395294,"OLAM_P012",50
"70977",-1647.26703494,"OLAM_P012",100
"70978",-0.00548494000395294,"OLAM_P012",25
"70979",-0.00548494000395294,"OLAM_P012",50
"70980",-351.054484940003,"OLAM_P012",100
"70981",-0.00548494000395294,"OLAM_P012",25
"70982",-0.00548494000395294,"OLAM_P012",50
"70983",-72.1956849400012,"OLAM_P012",100
"70984",-0.00548494000395294,"OLAM_P012",25
"70985",-0.00548494000395294,"OLAM_P012",50
"70986",-43.689984940007,"OLAM_P012",100
"70987",-0.00548494000395294,"OLAM_P012",25
"70988",-0.00548494000395294,"OLAM_P012",50
"70989",1792.20271506,"OLAM_P012",100
"70990",-0.00548494000395294,"OLAM_P012",25
"70991",-0.00548494000395294,"OLAM_P012",50
"70992",32.7293250599905,"OLAM_P012",100
"70993",-0.00548494000395294,"OLAM_P012",25
"70994",-0.00548494000395294,"OLAM_P012",50
"70995",-656.583684940008,"OLAM_P012",100
"70996",-0.00548494000395294,"OLAM_P012",25
"70997",-0.00548494000395294,"OLAM_P012",50
"70998",199.723815060002,"OLAM_P012",100
"70999",-0.00548494000395294,"OLAM_P012",25
"71000",-0.00548494000395294,"OLAM_P012",50
"71001",17.6786950599926,"OLAM_P012",100
"71002",-0.00548494000395294,"OLAM_P012",25
"71003",-0.00548494000395294,"OLAM_P012",50
"71004",173.54391506,"OLAM_P012",100
"71005",-0.00548494000395294,"OLAM_P012",25
"71006",-0.00548494000395294,"OLAM_P012",50
"71007",92.9089150599902,"OLAM_P012",100
"71008",-0.00548494000395294,"OLAM_P012",25
"71009",-0.00548494000395294,"OLAM_P012",50
"71010",475.758575059997,"OLAM_P012",100
"71011",-0.00548494000395294,"OLAM_P012",25
"71012",-0.00548494000395294,"OLAM_P012",50
"71013",-190.299784939998,"OLAM_P012",100
"71014",-0.00548494000395294,"OLAM_P012",25
"71015",-0.00548494000395294,"OLAM_P012",50
"71016",964.201815059991,"OLAM_P012",100
"71017",-0.00548494000395294,"OLAM_P012",25
"71018",-0.00548494000395294,"OLAM_P012",50
"71019",70.4486150599987,"OLAM_P012",100
"71020",-0.00548494000395294,"OLAM_P012",25
"71021",-0.00548494000395294,"OLAM_P012",50
"71022",-317.031454940006,"OLAM_P012",100
"71023",-0.00548494000395294,"OLAM_P012",25
"71024",-0.00548494000395294,"OLAM_P012",50
"71025",-20.572004939997,"OLAM_P012",100
"71026",-0.00548494000395294,"OLAM_P012",25
"71027",-0.00548494000395294,"OLAM_P012",50
"71028",-104.398934940007,"OLAM_P012",100
"71029",-0.00548494000395294,"OLAM_P012",25
"71030",-0.00548494000395294,"OLAM_P012",50
"71031",864.479515059997,"OLAM_P012",100
"71032",-0.00548494000395294,"OLAM_P012",25
"71033",-0.00548494000395294,"OLAM_P012",50
"71034",-834.99958494,"OLAM_P012",100
"71035",-0.00548494000395294,"OLAM_P012",25
"71036",-0.00548494000395294,"OLAM_P012",50
"71037",2204.50521505999,"OLAM_P012",100
"71038",-0.00548494000395294,"OLAM_P012",25
"71039",-0.00548494000395294,"OLAM_P012",50
"71040",234.022655059991,"OLAM_P012",100
"71041",-0.00548494000395294,"OLAM_P012",25
"71042",-0.00548494000395294,"OLAM_P012",50
"71043",950.505415060004,"OLAM_P012",100
"71044",-0.00548494000395294,"OLAM_P012",25
"71045",-0.00548494000395294,"OLAM_P012",50
"71046",-6.24588493999909,"OLAM_P012",100
"71047",-0.00548494000395294,"OLAM_P012",25
"71048",-0.00548494000395294,"OLAM_P012",50
"71049",303.512175059994,"OLAM_P012",100
"71050",-0.00548494000395294,"OLAM_P012",25
"71051",-0.00548494000395294,"OLAM_P012",50
"71052",5.70221505999507,"OLAM_P012",100
"71053",-0.00548494000395294,"OLAM_P012",25
"71054",-0.00548494000395294,"OLAM_P012",50
"71055",553.405015059994,"OLAM_P012",100
"71056",-0.00548494000395294,"OLAM_P012",25
"71057",-0.00548494000395294,"OLAM_P012",50
"71058",160.897045060003,"OLAM_P012",100
"71059",-0.00548494000395294,"OLAM_P012",25
"71060",-0.00548494000395294,"OLAM_P012",50
"71061",156.995115059995,"OLAM_P012",100
"71062",-0.00548494000395294,"OLAM_P012",25
"71063",-0.00548494000395294,"OLAM_P012",50
"71064",-834.841444940001,"OLAM_P012",100
"71065",-0.00548494000395294,"OLAM_P012",25
"71066",-0.00548494000395294,"OLAM_P012",50
"71067",298.454415059998,"OLAM_P012",100
"71068",-0.00548494000395294,"OLAM_P012",25
"71069",-0.00548494000395294,"OLAM_P012",50
"71070",134.200815060001,"OLAM_P012",100
"71071",-0.00548494000395294,"OLAM_P012",25
"71072",-0.00548494000395294,"OLAM_P012",50
"71073",-40.4868849400082,"OLAM_P012",100
"71074",-0.00548494000395294,"OLAM_P012",25
"71075",-0.00548494000395294,"OLAM_P012",50
"71076",1428.58927506,"OLAM_P012",100
"71077",-0.00548494000395294,"OLAM_P012",25
"71078",-0.00548494000395294,"OLAM_P012",50
"71079",-57.6414849400026,"OLAM_P012",100
"71080",-0.00548494000395294,"OLAM_P012",25
"71081",-0.00548494000395294,"OLAM_P012",50
"71082",359.317615060005,"OLAM_P012",100
"71083",-0.00548494000395294,"OLAM_P012",25
"71084",-0.00548494000395294,"OLAM_P012",50
"71085",296.288865059993,"OLAM_P012",100
"71086",-0.00548494000395294,"OLAM_P012",25
"71087",-0.00548494000395294,"OLAM_P012",50
"71088",-137.998444940007,"OLAM_P012",100
"71089",-0.00548494000395294,"OLAM_P012",25
"71090",-0.00548494000395294,"OLAM_P012",50
"71091",120.270475059995,"OLAM_P012",100
"71092",-0.00548494000395294,"OLAM_P012",25
"71093",-0.00548494000395294,"OLAM_P012",50
"71094",334.598015059993,"OLAM_P012",100
"71095",-0.00548494000395294,"OLAM_P012",25
"71096",-0.00548494000395294,"OLAM_P012",50
"71097",1178.61671505999,"OLAM_P012",100
"71098",-0.00548494000395294,"OLAM_P012",25
"71099",-0.00548494000395294,"OLAM_P012",50
"71100",85.3448150600016,"OLAM_P012",100
"71101",-0.00514603097690269,"OLAM_P013",25
"71102",-0.00514603097690269,"OLAM_P013",50
"71103",-90.213006031001,"OLAM_P013",100
"71104",-0.00514603097690269,"OLAM_P013",25
"71105",-0.00514603097690269,"OLAM_P013",50
"71106",-65.0315860309638,"OLAM_P013",100
"71107",-0.00514603097690269,"OLAM_P013",25
"71108",-0.00514603097690269,"OLAM_P013",50
"71109",-0.00514603097690269,"OLAM_P013",100
"71110",-0.00514603097690269,"OLAM_P013",25
"71111",-0.00514603097690269,"OLAM_P013",50
"71112",-469.585446031007,"OLAM_P013",100
"71113",-0.00514603097690269,"OLAM_P013",25
"71114",-0.00514603097690269,"OLAM_P013",50
"71115",-109.02730603097,"OLAM_P013",100
"71116",-0.00514603097690269,"OLAM_P013",25
"71117",-0.00514603097690269,"OLAM_P013",50
"71118",466.571853969013,"OLAM_P013",100
"71119",-0.00514603097690269,"OLAM_P013",25
"71120",-0.00514603097690269,"OLAM_P013",50
"71121",980.360853969003,"OLAM_P013",100
"71122",-0.00514603097690269,"OLAM_P013",25
"71123",-0.00514603097690269,"OLAM_P013",50
"71124",-981.675946030999,"OLAM_P013",100
"71125",-0.00514603097690269,"OLAM_P013",25
"71126",-0.00514603097690269,"OLAM_P013",50
"71127",-1.75784603098873,"OLAM_P013",100
"71128",-0.00514603097690269,"OLAM_P013",25
"71129",-0.00514603097690269,"OLAM_P013",50
"71130",-7435.372176031,"OLAM_P013",100
"71131",-0.00514603097690269,"OLAM_P013",25
"71132",-0.00514603097690269,"OLAM_P013",50
"71133",-101.895446031005,"OLAM_P013",100
"71134",-0.00514603097690269,"OLAM_P013",25
"71135",-0.00514603097690269,"OLAM_P013",50
"71136",154.983993969043,"OLAM_P013",100
"71137",-0.00514603097690269,"OLAM_P013",25
"71138",-0.00514603097690269,"OLAM_P013",50
"71139",906.161853969039,"OLAM_P013",100
"71140",-0.00514603097690269,"OLAM_P013",25
"71141",-0.00514603097690269,"OLAM_P013",50
"71142",-2799.78943603096,"OLAM_P013",100
"71143",-0.00514603097690269,"OLAM_P013",25
"71144",-0.00514603097690269,"OLAM_P013",50
"71145",153.834053969011,"OLAM_P013",100
"71146",-0.00514603097690269,"OLAM_P013",25
"71147",-0.00514603097690269,"OLAM_P013",50
"71148",3954.85555396904,"OLAM_P013",100
"71149",-0.00514603097690269,"OLAM_P013",25
"71150",-0.00514603097690269,"OLAM_P013",50
"71151",-7070.57244603097,"OLAM_P013",100
"71152",-0.00514603097690269,"OLAM_P013",25
"71153",-0.00514603097690269,"OLAM_P013",50
"71154",-2836.63724603096,"OLAM_P013",100
"71155",-0.00514603097690269,"OLAM_P013",25
"71156",-0.00514603097690269,"OLAM_P013",50
"71157",-757.180056030978,"OLAM_P013",100
"71158",-0.00514603097690269,"OLAM_P013",25
"71159",-0.00514603097690269,"OLAM_P013",50
"71160",75.8262539689895,"OLAM_P013",100
"71161",-0.00514603097690269,"OLAM_P013",25
"71162",-0.00514603097690269,"OLAM_P013",50
"71163",1071.11385396903,"OLAM_P013",100
"71164",-0.00514603097690269,"OLAM_P013",25
"71165",-0.00514603097690269,"OLAM_P013",50
"71166",-380.609746030997,"OLAM_P013",100
"71167",-0.00514603097690269,"OLAM_P013",25
"71168",-0.00514603097690269,"OLAM_P013",50
"71169",-125.862446031009,"OLAM_P013",100
"71170",-0.00514603097690269,"OLAM_P013",25
"71171",-0.00514603097690269,"OLAM_P013",50
"71172",-735.490746030991,"OLAM_P013",100
"71173",-0.00514603097690269,"OLAM_P013",25
"71174",-0.00514603097690269,"OLAM_P013",50
"71175",-323.412246030988,"OLAM_P013",100
"71176",-0.00514603097690269,"OLAM_P013",25
"71177",-0.00514603097690269,"OLAM_P013",50
"71178",17556.412953969,"OLAM_P013",100
"71179",-0.00514603097690269,"OLAM_P013",25
"71180",-0.00514603097690269,"OLAM_P013",50
"71181",-7083.84656603099,"OLAM_P013",100
"71182",-0.00514603097690269,"OLAM_P013",25
"71183",-0.00514603097690269,"OLAM_P013",50
"71184",2079.28715396899,"OLAM_P013",100
"71185",-0.00514603097690269,"OLAM_P013",25
"71186",-0.00514603097690269,"OLAM_P013",50
"71187",-222.540446030966,"OLAM_P013",100
"71188",-0.00514603097690269,"OLAM_P013",25
"71189",-0.00514603097690269,"OLAM_P013",50
"71190",-977.510446030996,"OLAM_P013",100
"71191",-0.00514603097690269,"OLAM_P013",25
"71192",-0.00514603097690269,"OLAM_P013",50
"71193",-20.0866460310062,"OLAM_P013",100
"71194",-0.00514603097690269,"OLAM_P013",25
"71195",-0.00514603097690269,"OLAM_P013",50
"71196",489.02195396903,"OLAM_P013",100
"71197",-0.00514603097690269,"OLAM_P013",25
"71198",-0.00514603097690269,"OLAM_P013",50
"71199",-409.491976030986,"OLAM_P013",100
"71200",-0.00514603097690269,"OLAM_P013",25
"71201",-0.00514603097690269,"OLAM_P013",50
"71202",192.417853969033,"OLAM_P013",100
"71203",-0.00514603097690269,"OLAM_P013",25
"71204",-0.00514603097690269,"OLAM_P013",50
"71205",1094.40195396903,"OLAM_P013",100
"71206",-0.00514603097690269,"OLAM_P013",25
"71207",-0.00514603097690269,"OLAM_P013",50
"71208",382.781913969025,"OLAM_P013",100
"71209",-0.00514603097690269,"OLAM_P013",25
"71210",-0.00514603097690269,"OLAM_P013",50
"71211",415.926093969028,"OLAM_P013",100
"71212",-0.00514603097690269,"OLAM_P013",25
"71213",-0.00514603097690269,"OLAM_P013",50
"71214",-3094.36244603101,"OLAM_P013",100
"71215",-0.00514603097690269,"OLAM_P013",25
"71216",-0.00514603097690269,"OLAM_P013",50
"71217",-129.148546030978,"OLAM_P013",100
"71218",-0.00514603097690269,"OLAM_P013",25
"71219",-0.00514603097690269,"OLAM_P013",50
"71220",-3422.34444603097,"OLAM_P013",100
"71221",-0.00514603097690269,"OLAM_P013",25
"71222",-0.00514603097690269,"OLAM_P013",50
"71223",86.3448539689998,"OLAM_P013",100
"71224",-0.00514603097690269,"OLAM_P013",25
"71225",-0.00514603097690269,"OLAM_P013",50
"71226",513.805953969015,"OLAM_P013",100
"71227",-0.00514603097690269,"OLAM_P013",25
"71228",-0.00514603097690269,"OLAM_P013",50
"71229",-52.0326260309666,"OLAM_P013",100
"71230",-0.00514603097690269,"OLAM_P013",25
"71231",-0.00514603097690269,"OLAM_P013",50
"71232",66.2243239690433,"OLAM_P013",100
"71233",-0.00514603097690269,"OLAM_P013",25
"71234",-0.00514603097690269,"OLAM_P013",50
"71235",-5289.40914603096,"OLAM_P013",100
"71236",-0.00514603097690269,"OLAM_P013",25
"71237",-0.00514603097690269,"OLAM_P013",50
"71238",-31.3887960310094,"OLAM_P013",100
"71239",-0.00514603097690269,"OLAM_P013",25
"71240",-0.00514603097690269,"OLAM_P013",50
"71241",2.09805396903539,"OLAM_P013",100
"71242",-0.00514603097690269,"OLAM_P013",25
"71243",-0.00514603097690269,"OLAM_P013",50
"71244",40.0252839690074,"OLAM_P013",100
"71245",-0.00514603097690269,"OLAM_P013",25
"71246",-0.00514603097690269,"OLAM_P013",50
"71247",4586.24588396901,"OLAM_P013",100
"71248",-0.00514603097690269,"OLAM_P013",25
"71249",-0.00514603097690269,"OLAM_P013",50
"71250",-74.1335660309996,"OLAM_P013",100
"71251",-0.00514603097690269,"OLAM_P013",25
"71252",-0.00514603097690269,"OLAM_P013",50
"71253",950.840153969009,"OLAM_P013",100
"71254",-0.00514603097690269,"OLAM_P013",25
"71255",-0.00514603097690269,"OLAM_P013",50
"71256",-576.639746030967,"OLAM_P013",100
"71257",-0.00514603097690269,"OLAM_P013",25
"71258",-0.00514603097690269,"OLAM_P013",50
"71259",1949.545693969,"OLAM_P013",100
"71260",-0.00514603097690269,"OLAM_P013",25
"71261",-0.00514603097690269,"OLAM_P013",50
"71262",722.798953969032,"OLAM_P013",100
"71263",-0.00514603097690269,"OLAM_P013",25
"71264",-0.00514603097690269,"OLAM_P013",50
"71265",-732.327446030977,"OLAM_P013",100
"71266",-0.00514603097690269,"OLAM_P013",25
"71267",-0.00514603097690269,"OLAM_P013",50
"71268",-31.0029560310068,"OLAM_P013",100
"71269",-0.00514603097690269,"OLAM_P013",25
"71270",-0.00514603097690269,"OLAM_P013",50
"71271",-6817.91414603096,"OLAM_P013",100
"71272",-0.00514603097690269,"OLAM_P013",25
"71273",-0.00514603097690269,"OLAM_P013",50
"71274",373.326553969004,"OLAM_P013",100
"71275",-0.00514603097690269,"OLAM_P013",25
"71276",-0.00514603097690269,"OLAM_P013",50
"71277",30.5025539690396,"OLAM_P013",100
"71278",-0.00514603097690269,"OLAM_P013",25
"71279",-0.00514603097690269,"OLAM_P013",50
"71280",2730.24545396899,"OLAM_P013",100
"71281",-0.00514603097690269,"OLAM_P013",25
"71282",-0.00514603097690269,"OLAM_P013",50
"71283",24.6788539690315,"OLAM_P013",100
"71284",-0.00514603097690269,"OLAM_P013",25
"71285",-0.00514603097690269,"OLAM_P013",50
"71286",-590.700646031008,"OLAM_P013",100
"71287",-0.00514603097690269,"OLAM_P013",25
"71288",-0.00514603097690269,"OLAM_P013",50
"71289",3163.534753969,"OLAM_P013",100
"71290",-0.00514603097690269,"OLAM_P013",25
"71291",-0.00514603097690269,"OLAM_P013",50
"71292",-20.3892460310017,"OLAM_P013",100
"71293",-0.00514603097690269,"OLAM_P013",25
"71294",-0.00514603097690269,"OLAM_P013",50
"71295",584.526053968992,"OLAM_P013",100
"71296",-0.00514603097690269,"OLAM_P013",25
"71297",-0.00514603097690269,"OLAM_P013",50
"71298",-164.375446030986,"OLAM_P013",100
"71299",-0.00514603097690269,"OLAM_P013",25
"71300",-0.00514603097690269,"OLAM_P013",50
"71301",33.4034439690295,"OLAM_P013",100
"71302",-0.00514603097690269,"OLAM_P013",25
"71303",-0.00514603097690269,"OLAM_P013",50
"71304",-741.124346030992,"OLAM_P013",100
"71305",-0.00514603097690269,"OLAM_P013",25
"71306",-0.00514603097690269,"OLAM_P013",50
"71307",285.758683969034,"OLAM_P013",100
"71308",-0.00514603097690269,"OLAM_P013",25
"71309",-0.00514603097690269,"OLAM_P013",50
"71310",-708.846346031001,"OLAM_P013",100
"71311",-0.00514603097690269,"OLAM_P013",25
"71312",-0.00514603097690269,"OLAM_P013",50
"71313",931.492643969017,"OLAM_P013",100
"71314",-0.00514603097690269,"OLAM_P013",25
"71315",-0.00514603097690269,"OLAM_P013",50
"71316",307.894553969032,"OLAM_P013",100
"71317",-0.00514603097690269,"OLAM_P013",25
"71318",-0.00514603097690269,"OLAM_P013",50
"71319",180.014053969004,"OLAM_P013",100
"71320",-0.00514603097690269,"OLAM_P013",25
"71321",-0.00514603097690269,"OLAM_P013",50
"71322",-5730.45694603096,"OLAM_P013",100
"71323",-0.00514603097690269,"OLAM_P013",25
"71324",-0.00514603097690269,"OLAM_P013",50
"71325",-2984.98514603096,"OLAM_P013",100
"71326",-0.00514603097690269,"OLAM_P013",25
"71327",-0.00514603097690269,"OLAM_P013",50
"71328",-15.160926031007,"OLAM_P013",100
"71329",-0.00514603097690269,"OLAM_P013",25
"71330",-0.00514603097690269,"OLAM_P013",50
"71331",5768.07665396901,"OLAM_P013",100
"71332",-0.00514603097690269,"OLAM_P013",25
"71333",-0.00514603097690269,"OLAM_P013",50
"71334",-7402.13675603096,"OLAM_P013",100
"71335",-0.00514603097690269,"OLAM_P013",25
"71336",-0.00514603097690269,"OLAM_P013",50
"71337",-3227.88014603098,"OLAM_P013",100
"71338",-0.00514603097690269,"OLAM_P013",25
"71339",-0.00514603097690269,"OLAM_P013",50
"71340",12.8584739690414,"OLAM_P013",100
"71341",-0.00514603097690269,"OLAM_P013",25
"71342",-0.00514603097690269,"OLAM_P013",50
"71343",-19458.231946031,"OLAM_P013",100
"71344",-0.00514603097690269,"OLAM_P013",25
"71345",-0.00514603097690269,"OLAM_P013",50
"71346",-5507.84484603099,"OLAM_P013",100
"71347",-0.00514603097690269,"OLAM_P013",25
"71348",-0.00514603097690269,"OLAM_P013",50
"71349",-15535.512946031,"OLAM_P013",100
"71350",-0.00514603097690269,"OLAM_P013",25
"71351",-0.00514603097690269,"OLAM_P013",50
"71352",206.654853968997,"OLAM_P013",100
"71353",-0.00514603097690269,"OLAM_P013",25
"71354",-0.00514603097690269,"OLAM_P013",50
"71355",-6516.21044603101,"OLAM_P013",100
"71356",-0.00514603097690269,"OLAM_P013",25
"71357",-0.00514603097690269,"OLAM_P013",50
"71358",-18.2035660310066,"OLAM_P013",100
"71359",-0.00514603097690269,"OLAM_P013",25
"71360",-0.00514603097690269,"OLAM_P013",50
"71361",647.203553969041,"OLAM_P013",100
"71362",-0.00514603097690269,"OLAM_P013",25
"71363",-0.00514603097690269,"OLAM_P013",50
"71364",16.0533539690077,"OLAM_P013",100
"71365",-0.00514603097690269,"OLAM_P013",25
"71366",-0.00514603097690269,"OLAM_P013",50
"71367",-329.798846030957,"OLAM_P013",100
"71368",-0.00514603097690269,"OLAM_P013",25
"71369",-0.00514603097690269,"OLAM_P013",50
"71370",-6268.86034603097,"OLAM_P013",100
"71371",-0.00514603097690269,"OLAM_P013",25
"71372",-0.00514603097690269,"OLAM_P013",50
"71373",-19.3883460309589,"OLAM_P013",100
"71374",-0.00514603097690269,"OLAM_P013",25
"71375",-0.00514603097690269,"OLAM_P013",50
"71376",271.742943969031,"OLAM_P013",100
"71377",-0.00514603097690269,"OLAM_P013",25
"71378",-0.00514603097690269,"OLAM_P013",50
"71379",-37556.029546031,"OLAM_P013",100
"71380",-0.00514603097690269,"OLAM_P013",25
"71381",-0.00514603097690269,"OLAM_P013",50
"71382",-1100.02714603097,"OLAM_P013",100
"71383",-0.00514603097690269,"OLAM_P013",25
"71384",-0.00514603097690269,"OLAM_P013",50
"71385",291.632073968998,"OLAM_P013",100
"71386",-0.00514603097690269,"OLAM_P013",25
"71387",-0.00514603097690269,"OLAM_P013",50
"71388",-222.433696030988,"OLAM_P013",100
"71389",-0.00514603097690269,"OLAM_P013",25
"71390",-0.00514603097690269,"OLAM_P013",50
"71391",-1038.048446031,"OLAM_P013",100
"71392",-0.00514603097690269,"OLAM_P013",25
"71393",-0.00514603097690269,"OLAM_P013",50
"71394",529.96335396904,"OLAM_P013",100
"71395",-0.00514603097690269,"OLAM_P013",25
"71396",-0.00514603097690269,"OLAM_P013",50
"71397",358.331153968989,"OLAM_P013",100
"71398",-0.00514603097690269,"OLAM_P013",25
"71399",-0.00514603097690269,"OLAM_P013",50
"71400",-4460.23444603098,"OLAM_P013",100
"71401",-0.00146643404150382,"OLAM_P014",25
"71402",-0.00146643404150382,"OLAM_P014",50
"71403",-0.00146643404150382,"OLAM_P014",100
"71404",-0.00146643404150382,"OLAM_P014",25
"71405",-0.00146643404150382,"OLAM_P014",50
"71406",-0.00146643404150382,"OLAM_P014",100
"71407",-0.00146643404150382,"OLAM_P014",25
"71408",-0.00146643404150382,"OLAM_P014",50
"71409",-0.00146643404150382,"OLAM_P014",100
"71410",-0.00146643404150382,"OLAM_P014",25
"71411",-0.00146643404150382,"OLAM_P014",50
"71412",-0.00146643404150382,"OLAM_P014",100
"71413",-0.00146643404150382,"OLAM_P014",25
"71414",-0.00146643404150382,"OLAM_P014",50
"71415",-0.00146643404150382,"OLAM_P014",100
"71416",-0.00146643404150382,"OLAM_P014",25
"71417",-0.00146643404150382,"OLAM_P014",50
"71418",-0.00146643404150382,"OLAM_P014",100
"71419",-0.00146643404150382,"OLAM_P014",25
"71420",-0.00146643404150382,"OLAM_P014",50
"71421",-0.00146643404150382,"OLAM_P014",100
"71422",-0.00146643404150382,"OLAM_P014",25
"71423",-0.00146643404150382,"OLAM_P014",50
"71424",-0.00146643404150382,"OLAM_P014",100
"71425",-0.00146643404150382,"OLAM_P014",25
"71426",-0.00146643404150382,"OLAM_P014",50
"71427",-0.00146643404150382,"OLAM_P014",100
"71428",-0.00146643404150382,"OLAM_P014",25
"71429",-0.00146643404150382,"OLAM_P014",50
"71430",-0.00146643404150382,"OLAM_P014",100
"71431",-0.00146643404150382,"OLAM_P014",25
"71432",-0.00146643404150382,"OLAM_P014",50
"71433",-0.00146643404150382,"OLAM_P014",100
"71434",-0.00146643404150382,"OLAM_P014",25
"71435",-0.00146643404150382,"OLAM_P014",50
"71436",-0.00146643404150382,"OLAM_P014",100
"71437",-0.00146643404150382,"OLAM_P014",25
"71438",-0.00146643404150382,"OLAM_P014",50
"71439",-0.00146643404150382,"OLAM_P014",100
"71440",-0.00146643404150382,"OLAM_P014",25
"71441",-0.00146643404150382,"OLAM_P014",50
"71442",-0.00146643404150382,"OLAM_P014",100
"71443",-0.00146643404150382,"OLAM_P014",25
"71444",-0.00146643404150382,"OLAM_P014",50
"71445",-0.00146643404150382,"OLAM_P014",100
"71446",-0.00146643404150382,"OLAM_P014",25
"71447",-0.00146643404150382,"OLAM_P014",50
"71448",-0.00146643404150382,"OLAM_P014",100
"71449",-0.00146643404150382,"OLAM_P014",25
"71450",-0.00146643404150382,"OLAM_P014",50
"71451",-0.00146643404150382,"OLAM_P014",100
"71452",-0.00146643404150382,"OLAM_P014",25
"71453",-0.00146643404150382,"OLAM_P014",50
"71454",-0.00146643404150382,"OLAM_P014",100
"71455",-0.00146643404150382,"OLAM_P014",25
"71456",-0.00146643404150382,"OLAM_P014",50
"71457",-0.00146643404150382,"OLAM_P014",100
"71458",-0.00146643404150382,"OLAM_P014",25
"71459",-0.00146643404150382,"OLAM_P014",50
"71460",-0.00146643404150382,"OLAM_P014",100
"71461",-0.00146643404150382,"OLAM_P014",25
"71462",-0.00146643404150382,"OLAM_P014",50
"71463",-0.00146643404150382,"OLAM_P014",100
"71464",-0.00146643404150382,"OLAM_P014",25
"71465",-0.00146643404150382,"OLAM_P014",50
"71466",-0.00146643404150382,"OLAM_P014",100
"71467",-0.00146643404150382,"OLAM_P014",25
"71468",-0.00146643404150382,"OLAM_P014",50
"71469",-0.00146643404150382,"OLAM_P014",100
"71470",-0.00146643404150382,"OLAM_P014",25
"71471",-0.00146643404150382,"OLAM_P014",50
"71472",-0.00146643404150382,"OLAM_P014",100
"71473",-0.00146643404150382,"OLAM_P014",25
"71474",-0.00146643404150382,"OLAM_P014",50
"71475",-0.00146643404150382,"OLAM_P014",100
"71476",-0.00146643404150382,"OLAM_P014",25
"71477",-0.00146643404150382,"OLAM_P014",50
"71478",-0.00146643404150382,"OLAM_P014",100
"71479",-0.00146643404150382,"OLAM_P014",25
"71480",-0.00146643404150382,"OLAM_P014",50
"71481",-0.00146643404150382,"OLAM_P014",100
"71482",-0.00146643404150382,"OLAM_P014",25
"71483",-0.00146643404150382,"OLAM_P014",50
"71484",-0.00146643404150382,"OLAM_P014",100
"71485",-0.00146643404150382,"OLAM_P014",25
"71486",-0.00146643404150382,"OLAM_P014",50
"71487",-0.00146643404150382,"OLAM_P014",100
"71488",-0.00146643404150382,"OLAM_P014",25
"71489",-0.00146643404150382,"OLAM_P014",50
"71490",-0.00146643404150382,"OLAM_P014",100
"71491",-0.00146643404150382,"OLAM_P014",25
"71492",-0.00146643404150382,"OLAM_P014",50
"71493",-0.00146643404150382,"OLAM_P014",100
"71494",-0.00146643404150382,"OLAM_P014",25
"71495",-0.00146643404150382,"OLAM_P014",50
"71496",-0.00146643404150382,"OLAM_P014",100
"71497",-0.00146643404150382,"OLAM_P014",25
"71498",-0.00146643404150382,"OLAM_P014",50
"71499",-0.00146643404150382,"OLAM_P014",100
"71500",-0.00146643404150382,"OLAM_P014",25
"71501",-0.00146643404150382,"OLAM_P014",50
"71502",-0.00146643404150382,"OLAM_P014",100
"71503",-0.00146643404150382,"OLAM_P014",25
"71504",-0.00146643404150382,"OLAM_P014",50
"71505",-0.00146643404150382,"OLAM_P014",100
"71506",-0.00146643404150382,"OLAM_P014",25
"71507",-0.00146643404150382,"OLAM_P014",50
"71508",-0.00146643404150382,"OLAM_P014",100
"71509",-0.00146643404150382,"OLAM_P014",25
"71510",-0.00146643404150382,"OLAM_P014",50
"71511",-0.00146643404150382,"OLAM_P014",100
"71512",-0.00146643404150382,"OLAM_P014",25
"71513",-0.00146643404150382,"OLAM_P014",50
"71514",-0.00146643404150382,"OLAM_P014",100
"71515",-0.00146643404150382,"OLAM_P014",25
"71516",-0.00146643404150382,"OLAM_P014",50
"71517",-0.00146643404150382,"OLAM_P014",100
"71518",-0.00146643404150382,"OLAM_P014",25
"71519",-0.00146643404150382,"OLAM_P014",50
"71520",-0.00146643404150382,"OLAM_P014",100
"71521",-0.00146643404150382,"OLAM_P014",25
"71522",-0.00146643404150382,"OLAM_P014",50
"71523",-0.00146643404150382,"OLAM_P014",100
"71524",-0.00146643404150382,"OLAM_P014",25
"71525",-0.00146643404150382,"OLAM_P014",50
"71526",-0.00146643404150382,"OLAM_P014",100
"71527",-0.00146643404150382,"OLAM_P014",25
"71528",-0.00146643404150382,"OLAM_P014",50
"71529",-0.00146643404150382,"OLAM_P014",100
"71530",-0.00146643404150382,"OLAM_P014",25
"71531",-0.00146643404150382,"OLAM_P014",50
"71532",-0.00146643404150382,"OLAM_P014",100
"71533",-0.00146643404150382,"OLAM_P014",25
"71534",-0.00146643404150382,"OLAM_P014",50
"71535",-0.00146643404150382,"OLAM_P014",100
"71536",-0.00146643404150382,"OLAM_P014",25
"71537",-0.00146643404150382,"OLAM_P014",50
"71538",-0.00146643404150382,"OLAM_P014",100
"71539",-0.00146643404150382,"OLAM_P014",25
"71540",-0.00146643404150382,"OLAM_P014",50
"71541",-0.00146643404150382,"OLAM_P014",100
"71542",-0.00146643404150382,"OLAM_P014",25
"71543",-0.00146643404150382,"OLAM_P014",50
"71544",-0.00146643404150382,"OLAM_P014",100
"71545",-0.00146643404150382,"OLAM_P014",25
"71546",-0.00146643404150382,"OLAM_P014",50
"71547",-0.00146643404150382,"OLAM_P014",100
"71548",-0.00146643404150382,"OLAM_P014",25
"71549",-0.00146643404150382,"OLAM_P014",50
"71550",-0.00146643404150382,"OLAM_P014",100
"71551",-0.00146643404150382,"OLAM_P014",25
"71552",-0.00146643404150382,"OLAM_P014",50
"71553",-0.00146643404150382,"OLAM_P014",100
"71554",-0.00146643404150382,"OLAM_P014",25
"71555",-0.00146643404150382,"OLAM_P014",50
"71556",-0.00146643404150382,"OLAM_P014",100
"71557",-0.00146643404150382,"OLAM_P014",25
"71558",-0.00146643404150382,"OLAM_P014",50
"71559",-0.00146643404150382,"OLAM_P014",100
"71560",-0.00146643404150382,"OLAM_P014",25
"71561",-0.00146643404150382,"OLAM_P014",50
"71562",-0.00146643404150382,"OLAM_P014",100
"71563",-0.00146643404150382,"OLAM_P014",25
"71564",-0.00146643404150382,"OLAM_P014",50
"71565",-0.00146643404150382,"OLAM_P014",100
"71566",-0.00146643404150382,"OLAM_P014",25
"71567",-0.00146643404150382,"OLAM_P014",50
"71568",-0.00146643404150382,"OLAM_P014",100
"71569",-0.00146643404150382,"OLAM_P014",25
"71570",-0.00146643404150382,"OLAM_P014",50
"71571",-0.00146643404150382,"OLAM_P014",100
"71572",-0.00146643404150382,"OLAM_P014",25
"71573",-0.00146643404150382,"OLAM_P014",50
"71574",-0.00146643404150382,"OLAM_P014",100
"71575",-0.00146643404150382,"OLAM_P014",25
"71576",-0.00146643404150382,"OLAM_P014",50
"71577",-0.00146643404150382,"OLAM_P014",100
"71578",-0.00146643404150382,"OLAM_P014",25
"71579",-0.00146643404150382,"OLAM_P014",50
"71580",-0.00146643404150382,"OLAM_P014",100
"71581",-0.00146643404150382,"OLAM_P014",25
"71582",-0.00146643404150382,"OLAM_P014",50
"71583",-0.00146643404150382,"OLAM_P014",100
"71584",-0.00146643404150382,"OLAM_P014",25
"71585",-0.00146643404150382,"OLAM_P014",50
"71586",-0.00146643404150382,"OLAM_P014",100
"71587",-0.00146643404150382,"OLAM_P014",25
"71588",-0.00146643404150382,"OLAM_P014",50
"71589",-0.00146643404150382,"OLAM_P014",100
"71590",-0.00146643404150382,"OLAM_P014",25
"71591",-0.00146643404150382,"OLAM_P014",50
"71592",-0.00146643404150382,"OLAM_P014",100
"71593",-0.00146643404150382,"OLAM_P014",25
"71594",-0.00146643404150382,"OLAM_P014",50
"71595",-0.00146643404150382,"OLAM_P014",100
"71596",-0.00146643404150382,"OLAM_P014",25
"71597",-0.00146643404150382,"OLAM_P014",50
"71598",-0.00146643404150382,"OLAM_P014",100
"71599",-0.00146643404150382,"OLAM_P014",25
"71600",-0.00146643404150382,"OLAM_P014",50
"71601",-0.00146643404150382,"OLAM_P014",100
"71602",-0.00146643404150382,"OLAM_P014",25
"71603",-0.00146643404150382,"OLAM_P014",50
"71604",-0.00146643404150382,"OLAM_P014",100
"71605",-0.00146643404150382,"OLAM_P014",25
"71606",-0.00146643404150382,"OLAM_P014",50
"71607",-0.00146643404150382,"OLAM_P014",100
"71608",-0.00146643404150382,"OLAM_P014",25
"71609",-0.00146643404150382,"OLAM_P014",50
"71610",-0.00146643404150382,"OLAM_P014",100
"71611",-0.00146643404150382,"OLAM_P014",25
"71612",-0.00146643404150382,"OLAM_P014",50
"71613",-0.00146643404150382,"OLAM_P014",100
"71614",-0.00146643404150382,"OLAM_P014",25
"71615",-0.00146643404150382,"OLAM_P014",50
"71616",-0.00146643404150382,"OLAM_P014",100
"71617",-0.00146643404150382,"OLAM_P014",25
"71618",-0.00146643404150382,"OLAM_P014",50
"71619",-0.00146643404150382,"OLAM_P014",100
"71620",-0.00146643404150382,"OLAM_P014",25
"71621",-0.00146643404150382,"OLAM_P014",50
"71622",-0.00146643404150382,"OLAM_P014",100
"71623",-0.00146643404150382,"OLAM_P014",25
"71624",-0.00146643404150382,"OLAM_P014",50
"71625",-0.00146643404150382,"OLAM_P014",100
"71626",-0.00146643404150382,"OLAM_P014",25
"71627",-0.00146643404150382,"OLAM_P014",50
"71628",-0.00146643404150382,"OLAM_P014",100
"71629",-0.00146643404150382,"OLAM_P014",25
"71630",-0.00146643404150382,"OLAM_P014",50
"71631",-0.00146643404150382,"OLAM_P014",100
"71632",-0.00146643404150382,"OLAM_P014",25
"71633",-0.00146643404150382,"OLAM_P014",50
"71634",-0.00146643404150382,"OLAM_P014",100
"71635",-0.00146643404150382,"OLAM_P014",25
"71636",-0.00146643404150382,"OLAM_P014",50
"71637",-0.00146643404150382,"OLAM_P014",100
"71638",-0.00146643404150382,"OLAM_P014",25
"71639",-0.00146643404150382,"OLAM_P014",50
"71640",-0.00146643404150382,"OLAM_P014",100
"71641",-0.00146643404150382,"OLAM_P014",25
"71642",-0.00146643404150382,"OLAM_P014",50
"71643",-0.00146643404150382,"OLAM_P014",100
"71644",-0.00146643404150382,"OLAM_P014",25
"71645",-0.00146643404150382,"OLAM_P014",50
"71646",-0.00146643404150382,"OLAM_P014",100
"71647",-0.00146643404150382,"OLAM_P014",25
"71648",-0.00146643404150382,"OLAM_P014",50
"71649",-0.00146643404150382,"OLAM_P014",100
"71650",-0.00146643404150382,"OLAM_P014",25
"71651",-0.00146643404150382,"OLAM_P014",50
"71652",-0.00146643404150382,"OLAM_P014",100
"71653",-0.00146643404150382,"OLAM_P014",25
"71654",-0.00146643404150382,"OLAM_P014",50
"71655",-0.00146643404150382,"OLAM_P014",100
"71656",-0.00146643404150382,"OLAM_P014",25
"71657",-0.00146643404150382,"OLAM_P014",50
"71658",-0.00146643404150382,"OLAM_P014",100
"71659",-0.00146643404150382,"OLAM_P014",25
"71660",-0.00146643404150382,"OLAM_P014",50
"71661",-0.00146643404150382,"OLAM_P014",100
"71662",-0.00146643404150382,"OLAM_P014",25
"71663",-0.00146643404150382,"OLAM_P014",50
"71664",-0.00146643404150382,"OLAM_P014",100
"71665",-0.00146643404150382,"OLAM_P014",25
"71666",-0.00146643404150382,"OLAM_P014",50
"71667",-0.00146643404150382,"OLAM_P014",100
"71668",-0.00146643404150382,"OLAM_P014",25
"71669",-0.00146643404150382,"OLAM_P014",50
"71670",-0.00146643404150382,"OLAM_P014",100
"71671",-0.00146643404150382,"OLAM_P014",25
"71672",-0.00146643404150382,"OLAM_P014",50
"71673",-0.00146643404150382,"OLAM_P014",100
"71674",-0.00146643404150382,"OLAM_P014",25
"71675",-0.00146643404150382,"OLAM_P014",50
"71676",-0.00146643404150382,"OLAM_P014",100
"71677",-0.00146643404150382,"OLAM_P014",25
"71678",-0.00146643404150382,"OLAM_P014",50
"71679",-0.00146643404150382,"OLAM_P014",100
"71680",-0.00146643404150382,"OLAM_P014",25
"71681",-0.00146643404150382,"OLAM_P014",50
"71682",-0.00146643404150382,"OLAM_P014",100
"71683",-0.00146643404150382,"OLAM_P014",25
"71684",-0.00146643404150382,"OLAM_P014",50
"71685",-0.00146643404150382,"OLAM_P014",100
"71686",-0.00146643404150382,"OLAM_P014",25
"71687",-0.00146643404150382,"OLAM_P014",50
"71688",-0.00146643404150382,"OLAM_P014",100
"71689",-0.00146643404150382,"OLAM_P014",25
"71690",-0.00146643404150382,"OLAM_P014",50
"71691",-0.00146643404150382,"OLAM_P014",100
"71692",-0.00146643404150382,"OLAM_P014",25
"71693",-0.00146643404150382,"OLAM_P014",50
"71694",-0.00146643404150382,"OLAM_P014",100
"71695",-0.00146643404150382,"OLAM_P014",25
"71696",-0.00146643404150382,"OLAM_P014",50
"71697",-0.00146643404150382,"OLAM_P014",100
"71698",-0.00146643404150382,"OLAM_P014",25
"71699",-0.00146643404150382,"OLAM_P014",50
"71700",-0.00146643404150382,"OLAM_P014",100
"71701",-0.00350995897315443,"OLAM_P015",25
"71702",-48.9118199590011,"OLAM_P015",50
"71703",-12.7327999589616,"OLAM_P015",100
"71704",-0.00350995897315443,"OLAM_P015",25
"71705",39.0131400410319,"OLAM_P015",50
"71706",190.63895004103,"OLAM_P015",100
"71707",-0.00350995897315443,"OLAM_P015",25
"71708",544.788230041042,"OLAM_P015",50
"71709",116.060050041007,"OLAM_P015",100
"71710",-0.00350995897315443,"OLAM_P015",25
"71711",1193.35643004102,"OLAM_P015",50
"71712",416.799450041028,"OLAM_P015",100
"71713",-0.00350995897315443,"OLAM_P015",25
"71714",-19.1663199589821,"OLAM_P015",50
"71715",-16.7239899589913,"OLAM_P015",100
"71716",-0.00350995897315443,"OLAM_P015",25
"71717",123.227410041029,"OLAM_P015",50
"71718",248.127200041024,"OLAM_P015",100
"71719",-0.00350995897315443,"OLAM_P015",25
"71720",704.714730041043,"OLAM_P015",50
"71721",4248.18405004102,"OLAM_P015",100
"71722",-0.00350995897315443,"OLAM_P015",25
"71723",207.090510041045,"OLAM_P015",50
"71724",133.923530041007,"OLAM_P015",100
"71725",-0.00350995897315443,"OLAM_P015",25
"71726",-36.7733599589556,"OLAM_P015",50
"71727",5701.56195004104,"OLAM_P015",100
"71728",-0.00350995897315443,"OLAM_P015",25
"71729",-35.2406399589963,"OLAM_P015",50
"71730",25.5606600409956,"OLAM_P015",100
"71731",-0.00350995897315443,"OLAM_P015",25
"71732",1400.883610041,"OLAM_P015",50
"71733",134.441580041021,"OLAM_P015",100
"71734",-0.00350995897315443,"OLAM_P015",25
"71735",199.965810041002,"OLAM_P015",50
"71736",1207.06545004103,"OLAM_P015",100
"71737",-0.00350995897315443,"OLAM_P015",25
"71738",35.7486600410193,"OLAM_P015",50
"71739",252.586650041048,"OLAM_P015",100
"71740",-0.00350995897315443,"OLAM_P015",25
"71741",169.553630041017,"OLAM_P015",50
"71742",126.535550041008,"OLAM_P015",100
"71743",-0.00350995897315443,"OLAM_P015",25
"71744",100.211630041013,"OLAM_P015",50
"71745",144.481890041032,"OLAM_P015",100
"71746",-0.00350995897315443,"OLAM_P015",25
"71747",7.63896004104754,"OLAM_P015",50
"71748",102.148290041019,"OLAM_P015",100
"71749",-0.00350995897315443,"OLAM_P015",25
"71750",40.1787800409948,"OLAM_P015",50
"71751",32.5645900410018,"OLAM_P015",100
"71752",-0.00350995897315443,"OLAM_P015",25
"71753",40.1787800409948,"OLAM_P015",50
"71754",239.554640041024,"OLAM_P015",100
"71755",-0.00350995897315443,"OLAM_P015",25
"71756",1100.24261004099,"OLAM_P015",50
"71757",29.1019500410184,"OLAM_P015",100
"71758",-0.00350995897315443,"OLAM_P015",25
"71759",54.0302100410336,"OLAM_P015",50
"71760",402.163550041034,"OLAM_P015",100
"71761",-0.00350995897315443,"OLAM_P015",25
"71762",188.718010041048,"OLAM_P015",50
"71763",1128.76015004102,"OLAM_P015",100
"71764",-0.00350995897315443,"OLAM_P015",25
"71765",67.2437300410238,"OLAM_P015",50
"71766",42.7008100410458,"OLAM_P015",100
"71767",-0.00350995897315443,"OLAM_P015",25
"71768",40.1787800409948,"OLAM_P015",50
"71769",421.511730041006,"OLAM_P015",100
"71770",-0.00350995897315443,"OLAM_P015",25
"71771",2.27851004101103,"OLAM_P015",50
"71772",-39.5119199589826,"OLAM_P015",100
"71773",-0.00350995897315443,"OLAM_P015",25
"71774",22.0102500410285,"OLAM_P015",50
"71775",41.1872600410134,"OLAM_P015",100
"71776",-0.00350995897315443,"OLAM_P015",25
"71777",85.4856100410107,"OLAM_P015",50
"71778",911.026650040993,"OLAM_P015",100
"71779",-0.00350995897315443,"OLAM_P015",25
"71780",7.63896004104754,"OLAM_P015",50
"71781",76.3050600410206,"OLAM_P015",100
"71782",-0.00350995897315443,"OLAM_P015",25
"71783",-13.6586799589568,"OLAM_P015",50
"71784",2.40971004101448,"OLAM_P015",100
"71785",-0.00350995897315443,"OLAM_P015",25
"71786",340.881710041023,"OLAM_P015",50
"71787",1846.312250041,"OLAM_P015",100
"71788",-0.00350995897315443,"OLAM_P015",25
"71789",-32.3998099589953,"OLAM_P015",50
"71790",252.686850041035,"OLAM_P015",100
"71791",-0.00350995897315443,"OLAM_P015",25
"71792",31.9436000410351,"OLAM_P015",50
"71793",72.2587600410334,"OLAM_P015",100
"71794",-0.00350995897315443,"OLAM_P015",25
"71795",56.0772100409959,"OLAM_P015",50
"71796",2262.58515004104,"OLAM_P015",100
"71797",-0.00350995897315443,"OLAM_P015",25
"71798",53.6181300409953,"OLAM_P015",50
"71799",509.308040041011,"OLAM_P015",100
"71800",-0.00350995897315443,"OLAM_P015",25
"71801",1057.274610041,"OLAM_P015",50
"71802",757.366050041048,"OLAM_P015",100
"71803",-0.00350995897315443,"OLAM_P015",25
"71804",62.0500300410204,"OLAM_P015",50
"71805",4441.720480041,"OLAM_P015",100
"71806",-0.00350995897315443,"OLAM_P015",25
"71807",-35.648969959002,"OLAM_P015",50
"71808",1109.18246004102,"OLAM_P015",100
"71809",-0.00350995897315443,"OLAM_P015",25
"71810",340.881710041023,"OLAM_P015",50
"71811",672.130280041019,"OLAM_P015",100
"71812",-0.00350995897315443,"OLAM_P015",25
"71813",78.9792100409977,"OLAM_P015",50
"71814",846.31255004101,"OLAM_P015",100
"71815",-0.00350995897315443,"OLAM_P015",25
"71816",100.211630041013,"OLAM_P015",50
"71817",244.642220041016,"OLAM_P015",100
"71818",-0.00350995897315443,"OLAM_P015",25
"71819",-3.86645995895378,"OLAM_P015",50
"71820",2393.49475004105,"OLAM_P015",100
"71821",-0.00350995897315443,"OLAM_P015",25
"71822",0.717470041010529,"OLAM_P015",50
"71823",174.538350041024,"OLAM_P015",100
"71824",-0.00350995897315443,"OLAM_P015",25
"71825",37.5881300410256,"OLAM_P015",50
"71826",2412.01345004101,"OLAM_P015",100
"71827",-0.00350995897315443,"OLAM_P015",25
"71828",4445.58343004104,"OLAM_P015",50
"71829",192.742750041012,"OLAM_P015",100
"71830",-0.00350995897315443,"OLAM_P015",25
"71831",106.167210041021,"OLAM_P015",50
"71832",1103.31915004103,"OLAM_P015",100
"71833",-0.00350995897315443,"OLAM_P015",25
"71834",-14.3507099589915,"OLAM_P015",50
"71835",5289.89535004104,"OLAM_P015",100
"71836",-0.00350995897315443,"OLAM_P015",25
"71837",42.9648300410481,"OLAM_P015",50
"71838",319.666000041005,"OLAM_P015",100
"71839",-0.00350995897315443,"OLAM_P015",25
"71840",1053.13161004102,"OLAM_P015",50
"71841",37729.909350041,"OLAM_P015",100
"71842",-0.00350995897315443,"OLAM_P015",25
"71843",9.24191004101885,"OLAM_P015",50
"71844",374.857210041024,"OLAM_P015",100
"71845",-0.00350995897315443,"OLAM_P015",25
"71846",-4.79369995900197,"OLAM_P015",50
"71847",4149.58655004104,"OLAM_P015",100
"71848",-0.00350995897315443,"OLAM_P015",25
"71849",1641.71561004105,"OLAM_P015",50
"71850",46.5829100410338,"OLAM_P015",100
"71851",-0.00350995897315443,"OLAM_P015",25
"71852",31.9436000410351,"OLAM_P015",50
"71853",199.933550040994,"OLAM_P015",100
"71854",-0.00350995897315443,"OLAM_P015",25
"71855",1014.595610041,"OLAM_P015",50
"71856",64636.654510041,"OLAM_P015",100
"71857",-0.00350995897315443,"OLAM_P015",25
"71858",84.9923100410379,"OLAM_P015",50
"71859",219.940150041017,"OLAM_P015",100
"71860",-0.00350995897315443,"OLAM_P015",25
"71861",33.6526900409954,"OLAM_P015",50
"71862",4386.17855004105,"OLAM_P015",100
"71863",-0.00350995897315443,"OLAM_P015",25
"71864",8.80460004101042,"OLAM_P015",50
"71865",5551.68755004101,"OLAM_P015",100
"71866",-0.00350995897315443,"OLAM_P015",25
"71867",97.4435100410483,"OLAM_P015",50
"71868",409.754320041044,"OLAM_P015",100
"71869",-0.00350995897315443,"OLAM_P015",25
"71870",54.0302100410336,"OLAM_P015",50
"71871",10653.688550041,"OLAM_P015",100
"71872",-0.00350995897315443,"OLAM_P015",25
"71873",206.009110041021,"OLAM_P015",50
"71874",95.5345900410321,"OLAM_P015",100
"71875",-0.00350995897315443,"OLAM_P015",25
"71876",-17.8127299589687,"OLAM_P015",50
"71877",2055.82135004102,"OLAM_P015",100
"71878",-0.00350995897315443,"OLAM_P015",25
"71879",52.1930300410022,"OLAM_P015",50
"71880",135.906380041037,"OLAM_P015",100
"71881",-0.00350995897315443,"OLAM_P015",25
"71882",174.634930041037,"OLAM_P015",50
"71883",519.839850041026,"OLAM_P015",100
"71884",-0.00350995897315443,"OLAM_P015",25
"71885",10.8966800410417,"OLAM_P015",50
"71886",7507.27495004103,"OLAM_P015",100
"71887",-0.00350995897315443,"OLAM_P015",25
"71888",67.1548100410146,"OLAM_P015",50
"71889",169.602410041029,"OLAM_P015",100
"71890",-0.00350995897315443,"OLAM_P015",25
"71891",67.2437300410238,"OLAM_P015",50
"71892",-44.0356899589533,"OLAM_P015",100
"71893",-0.00350995897315443,"OLAM_P015",25
"71894",1053.13161004102,"OLAM_P015",50
"71895",1065.00548004103,"OLAM_P015",100
"71896",-0.00350995897315443,"OLAM_P015",25
"71897",31.4228300410323,"OLAM_P015",50
"71898",181.824490041006,"OLAM_P015",100
"71899",-0.00350995897315443,"OLAM_P015",25
"71900",23.3191700410098,"OLAM_P015",50
"71901",271.174150041013,"OLAM_P015",100
"71902",-0.00350995897315443,"OLAM_P015",25
"71903",14.9305700410041,"OLAM_P015",50
"71904",1176.853950041,"OLAM_P015",100
"71905",-0.00350995897315443,"OLAM_P015",25
"71906",77.1296300410177,"OLAM_P015",50
"71907",1036.21935004101,"OLAM_P015",100
"71908",-0.00350995897315443,"OLAM_P015",25
"71909",19.0811900410336,"OLAM_P015",50
"71910",20.3171800410491,"OLAM_P015",100
"71911",-0.00350995897315443,"OLAM_P015",25
"71912",56.0772100409959,"OLAM_P015",50
"71913",67.4689700410236,"OLAM_P015",100
"71914",-0.00350995897315443,"OLAM_P015",25
"71915",18.3879300410044,"OLAM_P015",50
"71916",85.4392400410143,"OLAM_P015",100
"71917",-0.00350995897315443,"OLAM_P015",25
"71918",1943.228430041,"OLAM_P015",50
"71919",109.583550041018,"OLAM_P015",100
"71920",-0.00350995897315443,"OLAM_P015",25
"71921",100.211630041013,"OLAM_P015",50
"71922",403.451950040995,"OLAM_P015",100
"71923",-0.00350995897315443,"OLAM_P015",25
"71924",-36.1678799589863,"OLAM_P015",50
"71925",1121.13101004105,"OLAM_P015",100
"71926",-0.00350995897315443,"OLAM_P015",25
"71927",165.620110040996,"OLAM_P015",50
"71928",28.6262400410487,"OLAM_P015",100
"71929",-0.00350995897315443,"OLAM_P015",25
"71930",201.509230041003,"OLAM_P015",50
"71931",3167.96255004103,"OLAM_P015",100
"71932",-0.00350995897315443,"OLAM_P015",25
"71933",8.80460004101042,"OLAM_P015",50
"71934",0.203470041044056,"OLAM_P015",100
"71935",-0.00350995897315443,"OLAM_P015",25
"71936",217.741110041039,"OLAM_P015",50
"71937",728.084930041048,"OLAM_P015",100
"71938",-0.00350995897315443,"OLAM_P015",25
"71939",-8.40474995895056,"OLAM_P015",50
"71940",-36.9056899590068,"OLAM_P015",100
"71941",-0.00350995897315443,"OLAM_P015",25
"71942",65.2701100410195,"OLAM_P015",50
"71943",8026.738750041,"OLAM_P015",100
"71944",-0.00350995897315443,"OLAM_P015",25
"71945",914.825230040995,"OLAM_P015",50
"71946",743.964110041037,"OLAM_P015",100
"71947",-0.00350995897315443,"OLAM_P015",25
"71948",79.7576300410437,"OLAM_P015",50
"71949",43.1226100409986,"OLAM_P015",100
"71950",-0.00350995897315443,"OLAM_P015",25
"71951",41.5349300410016,"OLAM_P015",50
"71952",278.856850041018,"OLAM_P015",100
"71953",-0.00350995897315443,"OLAM_P015",25
"71954",175.716330041003,"OLAM_P015",50
"71955",439.22038004105,"OLAM_P015",100
"71956",-0.00350995897315443,"OLAM_P015",25
"71957",40.1787800409948,"OLAM_P015",50
"71958",676.377550041012,"OLAM_P015",100
"71959",-0.00350995897315443,"OLAM_P015",25
"71960",442.115410041006,"OLAM_P015",50
"71961",425.675310040999,"OLAM_P015",100
"71962",-0.00350995897315443,"OLAM_P015",25
"71963",101.249330040999,"OLAM_P015",50
"71964",25291.679550041,"OLAM_P015",100
"71965",-0.00350995897315443,"OLAM_P015",25
"71966",-3.86645995895378,"OLAM_P015",50
"71967",221.585480041045,"OLAM_P015",100
"71968",-0.00350995897315443,"OLAM_P015",25
"71969",1617.23361004103,"OLAM_P015",50
"71970",185.700750040996,"OLAM_P015",100
"71971",-0.00350995897315443,"OLAM_P015",25
"71972",97.4435100410483,"OLAM_P015",50
"71973",730.316350041016,"OLAM_P015",100
"71974",-0.00350995897315443,"OLAM_P015",25
"71975",206.009110041021,"OLAM_P015",50
"71976",4.74595004104776,"OLAM_P015",100
"71977",-0.00350995897315443,"OLAM_P015",25
"71978",-11.8601499589859,"OLAM_P015",50
"71979",1472.82445004099,"OLAM_P015",100
"71980",-0.00350995897315443,"OLAM_P015",25
"71981",31.0258500410127,"OLAM_P015",50
"71982",37749.469750041,"OLAM_P015",100
"71983",-0.00350995897315443,"OLAM_P015",25
"71984",79.7576300410437,"OLAM_P015",50
"71985",10858.746650041,"OLAM_P015",100
"71986",-0.00350995897315443,"OLAM_P015",25
"71987",206.009110041021,"OLAM_P015",50
"71988",385.726190040994,"OLAM_P015",100
"71989",-0.00350995897315443,"OLAM_P015",25
"71990",33.8959300410352,"OLAM_P015",50
"71991",73.1279800410266,"OLAM_P015",100
"71992",-0.00350995897315443,"OLAM_P015",25
"71993",9442.14843004104,"OLAM_P015",50
"71994",2968.49705004104,"OLAM_P015",100
"71995",-0.00350995897315443,"OLAM_P015",25
"71996",106.463830041001,"OLAM_P015",50
"71997",82.0298500410281,"OLAM_P015",100
"71998",-0.00350995897315443,"OLAM_P015",25
"71999",57.5363100410323,"OLAM_P015",50
"72000",85.1407900410122,"OLAM_P015",100
"72001",148.048748900997,"OLAM_P016",25
"72002",-298.83130109901,"OLAM_P016",50
"72003",894.588888900995,"OLAM_P016",100
"72004",10577.372398901,"OLAM_P016",25
"72005",1177.82817890099,"OLAM_P016",50
"72006",1946.252668901,"OLAM_P016",100
"72007",-394.914601099008,"OLAM_P016",25
"72008",-201.088761099003,"OLAM_P016",50
"72009",870.992028900975,"OLAM_P016",100
"72010",10261.489198901,"OLAM_P016",25
"72011",-628.262361099012,"OLAM_P016",50
"72012",980.134958900977,"OLAM_P016",100
"72013",37.2192489009758,"OLAM_P016",25
"72014",1490.76790890098,"OLAM_P016",50
"72015",-214.417951099022,"OLAM_P016",100
"72016",36.8167489009793,"OLAM_P016",25
"72017",245.162288900989,"OLAM_P016",50
"72018",226.776448900986,"OLAM_P016",100
"72019",33.8207489009947,"OLAM_P016",25
"72020",-134.241781099001,"OLAM_P016",50
"72021",10175.087468901,"OLAM_P016",100
"72022",-29.4992310990056,"OLAM_P016",25
"72023",500.531148900976,"OLAM_P016",50
"72024",69.4677889009763,"OLAM_P016",100
"72025",124.799248900992,"OLAM_P016",25
"72026",-597.119101099001,"OLAM_P016",50
"72027",3108.266868901,"OLAM_P016",100
"72028",-54.7495010990242,"OLAM_P016",25
"72029",-752.312051098997,"OLAM_P016",50
"72030",-481.068721099,"OLAM_P016",100
"72031",-34.1605910990038,"OLAM_P016",25
"72032",5339.73429890099,"OLAM_P016",50
"72033",-628.346881099016,"OLAM_P016",100
"72034",52.175748900976,"OLAM_P016",25
"72035",1296.89495890099,"OLAM_P016",50
"72036",914.24344890099,"OLAM_P016",100
"72037",-527.176481099013,"OLAM_P016",25
"72038",4462.660898901,"OLAM_P016",50
"72039",-742.315721099003,"OLAM_P016",100
"72040",1239.783398901,"OLAM_P016",25
"72041",-641.024621099001,"OLAM_P016",50
"72042",-623.28237109902,"OLAM_P016",100
"72043",156.288248900993,"OLAM_P016",25
"72044",-228.065251099004,"OLAM_P016",50
"72045",-675.288891099015,"OLAM_P016",100
"72046",-480.034131099004,"OLAM_P016",25
"72047",-672.445281099004,"OLAM_P016",50
"72048",-661.745781099016,"OLAM_P016",100
"72049",-429.674601099017,"OLAM_P016",25
"72050",-126.776091099018,"OLAM_P016",50
"72051",2051.94226890098,"OLAM_P016",100
"72052",-22.5117910990084,"OLAM_P016",25
"72053",3203.70399890098,"OLAM_P016",50
"72054",469.966528900986,"OLAM_P016",100
"72055",44.8192489009816,"OLAM_P016",25
"72056",103.640468900994,"OLAM_P016",50
"72057",-659.274591099005,"OLAM_P016",100
"72058",-16.7229310990078,"OLAM_P016",25
"72059",-209.216951099021,"OLAM_P016",50
"72060",951.99311890098,"OLAM_P016",100
"72061",-527.176481099013,"OLAM_P016",25
"72062",6591.96334890099,"OLAM_P016",50
"72063",1245.61185890099,"OLAM_P016",100
"72064",-219.378341099015,"OLAM_P016",25
"72065",-298.396871099016,"OLAM_P016",50
"72066",-641.084431099007,"OLAM_P016",100
"72067",1629.32719890098,"OLAM_P016",25
"72068",6944.698248901,"OLAM_P016",50
"72069",724.899128900986,"OLAM_P016",100
"72070",-321.901001099002,"OLAM_P016",25
"72071",-689.741421099025,"OLAM_P016",50
"72072",-659.672141098999,"OLAM_P016",100
"72073",-47.3019010990101,"OLAM_P016",25
"72074",-82.6631510989973,"OLAM_P016",50
"72075",6709.68444890098,"OLAM_P016",100
"72076",1814.36339890098,"OLAM_P016",25
"72077",-549.025801099022,"OLAM_P016",50
"72078",-618.624101099005,"OLAM_P016",100
"72079",-133.042001099006,"OLAM_P016",25
"72080",-522.558791099,"OLAM_P016",50
"72081",-603.791131099017,"OLAM_P016",100
"72082",25.6647989009798,"OLAM_P016",25
"72083",-551.523751099012,"OLAM_P016",50
"72084",4451.42476890099,"OLAM_P016",100
"72085",-467.007101099007,"OLAM_P016",25
"72086",-454.545831099007,"OLAM_P016",50
"72087",-546.14062109901,"OLAM_P016",100
"72088",266.096598901,"OLAM_P016",25
"72089",-369.643301099015,"OLAM_P016",50
"72090",88.3034289009811,"OLAM_P016",100
"72091",-60.4185010990186,"OLAM_P016",25
"72092",332.910148900992,"OLAM_P016",50
"72093",-512.206721099006,"OLAM_P016",100
"72094",408.52019890098,"OLAM_P016",25
"72095",-489.821691099001,"OLAM_P016",50
"72096",-554.412251099013,"OLAM_P016",100
"72097",695.527648900985,"OLAM_P016",25
"72098",180.545398900984,"OLAM_P016",50
"72099",-452.719411099009,"OLAM_P016",100
"72100",-523.612741099001,"OLAM_P016",25
"72101",6203.062298901,"OLAM_P016",50
"72102",-676.64161109901,"OLAM_P016",100
"72103",-374.674201098998,"OLAM_P016",25
"72104",209.656848900981,"OLAM_P016",50
"72105",-441.95643109901,"OLAM_P016",100
"72106",8.04201890100376,"OLAM_P016",25
"72107",1052.64054890099,"OLAM_P016",50
"72108",637.677588900988,"OLAM_P016",100
"72109",1425.00114890098,"OLAM_P016",25
"72110",-517.494441098999,"OLAM_P016",50
"72111",-279.840281099023,"OLAM_P016",100
"72112",1429.579398901,"OLAM_P016",25
"72113",12198.684248901,"OLAM_P016",50
"72114",168.549148900987,"OLAM_P016",100
"72115",-508.221501099004,"OLAM_P016",25
"72116",1909.26474890098,"OLAM_P016",50
"72117",4108.48304890099,"OLAM_P016",100
"72118",-536.359291099012,"OLAM_P016",25
"72119",-123.825861099001,"OLAM_P016",50
"72120",1402.889658901,"OLAM_P016",100
"72121",1049.695148901,"OLAM_P016",25
"72122",-515.915501099022,"OLAM_P016",50
"72123",2767.26004890099,"OLAM_P016",100
"72124",-467.280201098998,"OLAM_P016",25
"72125",-703.046491098998,"OLAM_P016",50
"72126",-610.465871099004,"OLAM_P016",100
"72127",932.532398900978,"OLAM_P016",25
"72128",-578.011241099011,"OLAM_P016",50
"72129",752.132308900997,"OLAM_P016",100
"72130",-392.780401099008,"OLAM_P016",25
"72131",616.025468901003,"OLAM_P016",50
"72132",-651.458531099022,"OLAM_P016",100
"72133",-413.495101099019,"OLAM_P016",25
"72134",-511.566641099023,"OLAM_P016",50
"72135",405.745188900997,"OLAM_P016",100
"72136",-408.622001099022,"OLAM_P016",25
"72137",944.499598900991,"OLAM_P016",50
"72138",-383.328731098998,"OLAM_P016",100
"72139",-23.7153610990208,"OLAM_P016",25
"72140",-687.170631098998,"OLAM_P016",50
"72141",13157.590748901,"OLAM_P016",100
"72142",-456.281701099011,"OLAM_P016",25
"72143",-499.379761099,"OLAM_P016",50
"72144",3078.49068890099,"OLAM_P016",100
"72145",1451.38539890098,"OLAM_P016",25
"72146",4761.76599890098,"OLAM_P016",50
"72147",438.838488900976,"OLAM_P016",100
"72148",-497.694481099024,"OLAM_P016",25
"72149",-193.955851099017,"OLAM_P016",50
"72150",-572.377351099014,"OLAM_P016",100
"72151",-26.0755310990207,"OLAM_P016",25
"72152",1100.905348901,"OLAM_P016",50
"72153",6153.491248901,"OLAM_P016",100
"72154",225.572098901001,"OLAM_P016",25
"72155",2599.84204890099,"OLAM_P016",50
"72156",-251.041041099001,"OLAM_P016",100
"72157",-447.714101099002,"OLAM_P016",25
"72158",-106.309951099014,"OLAM_P016",50
"72159",694.686148900975,"OLAM_P016",100
"72160",-225.944571099011,"OLAM_P016",25
"72161",567.636538900988,"OLAM_P016",50
"72162",3951.218368901,"OLAM_P016",100
"72163",11.7999289009895,"OLAM_P016",25
"72164",155.103848900995,"OLAM_P016",50
"72165",-528.343851099024,"OLAM_P016",100
"72166",-290.218401099002,"OLAM_P016",25
"72167",-58.7649510990013,"OLAM_P016",50
"72168",-374.208371098997,"OLAM_P016",100
"72169",777.391148900992,"OLAM_P016",25
"72170",-443.867601099017,"OLAM_P016",50
"72171",16.3613389009843,"OLAM_P016",100
"72172",573.681198901002,"OLAM_P016",25
"72173",-434.355961099005,"OLAM_P016",50
"72174",-374.35996109902,"OLAM_P016",100
"72175",1814.36339890098,"OLAM_P016",25
"72176",-334.342901099008,"OLAM_P016",50
"72177",-396.439131099003,"OLAM_P016",100
"72178",-450.716801099014,"OLAM_P016",25
"72179",484.831058900978,"OLAM_P016",50
"72180",1000.54424890099,"OLAM_P016",100
"72181",-505.856911099021,"OLAM_P016",25
"72182",-317.425981099019,"OLAM_P016",50
"72183",4411.13554890099,"OLAM_P016",100
"72184",-412.367701099021,"OLAM_P016",25
"72185",-653.749411099008,"OLAM_P016",50
"72186",405.453148900997,"OLAM_P016",100
"72187",779.054398900975,"OLAM_P016",25
"72188",357.338338900998,"OLAM_P016",50
"72189",1778.72114890098,"OLAM_P016",100
"72190",-21.2925010990002,"OLAM_P016",25
"72191",183.297448900994,"OLAM_P016",50
"72192",2781.45454890098,"OLAM_P016",100
"72193",-321.901001099002,"OLAM_P016",25
"72194",-661.191711099003,"OLAM_P016",50
"72195",-753.169731099013,"OLAM_P016",100
"72196",-203.014281099022,"OLAM_P016",25
"72197",-262.426011099014,"OLAM_P016",50
"72198",12538.614148901,"OLAM_P016",100
"72199",485.125448901003,"OLAM_P016",25
"72200",-159.828111099021,"OLAM_P016",50
"72201",-472.719791099022,"OLAM_P016",100
"72202",-458.101301098999,"OLAM_P016",25
"72203",4471.59269890099,"OLAM_P016",50
"72204",1534.523748901,"OLAM_P016",100
"72205",-17.7965310990112,"OLAM_P016",25
"72206",-653.14121109902,"OLAM_P016",50
"72207",-553.665051099,"OLAM_P016",100
"72208",-456.526601099002,"OLAM_P016",25
"72209",-438.618641099019,"OLAM_P016",50
"72210",-234.04303109902,"OLAM_P016",100
"72211",1117.75014890099,"OLAM_P016",25
"72212",-121.037651099003,"OLAM_P016",50
"72213",13208.164148901,"OLAM_P016",100
"72214",-494.787221099017,"OLAM_P016",25
"72215",435.933648901002,"OLAM_P016",50
"72216",-426.435671099025,"OLAM_P016",100
"72217",-464.284201099013,"OLAM_P016",25
"72218",521.202688900987,"OLAM_P016",50
"72219",4493.100068901,"OLAM_P016",100
"72220",4027.88119890098,"OLAM_P016",25
"72221",2047.992188901,"OLAM_P016",50
"72222",-87.7800510990201,"OLAM_P016",100
"72223",126.075748900999,"OLAM_P016",25
"72224",362.114648900984,"OLAM_P016",50
"72225",364.741508901003,"OLAM_P016",100
"72226",-28.7742810990021,"OLAM_P016",25
"72227",1178.43614890098,"OLAM_P016",50
"72228",-602.504551099002,"OLAM_P016",100
"72229",-180.577111099003,"OLAM_P016",25
"72230",2133.603948901,"OLAM_P016",50
"72231",223.271748900996,"OLAM_P016",100
"72232",1999.58114890099,"OLAM_P016",25
"72233",-66.3649510990072,"OLAM_P016",50
"72234",438.198668900994,"OLAM_P016",100
"72235",1228.094198901,"OLAM_P016",25
"72236",1520.14005890099,"OLAM_P016",50
"72237",3577.933468901,"OLAM_P016",100
"72238",-213.273881099012,"OLAM_P016",25
"72239",-175.341381099017,"OLAM_P016",50
"72240",-599.170101099007,"OLAM_P016",100
"72241",-28.9295010990172,"OLAM_P016",25
"72242",-449.552841099008,"OLAM_P016",50
"72243",-553.665531099017,"OLAM_P016",100
"72244",41.9348489010008,"OLAM_P016",25
"72245",-115.229751099017,"OLAM_P016",50
"72246",747.313238900999,"OLAM_P016",100
"72247",-4.57771109900204,"OLAM_P016",25
"72248",-486.801291099022,"OLAM_P016",50
"72249",-300.887341099005,"OLAM_P016",100
"72250",-8.68120109901065,"OLAM_P016",25
"72251",5584.813368901,"OLAM_P016",50
"72252",167.712558900996,"OLAM_P016",100
"72253",-214.087301099004,"OLAM_P016",25
"72254",1254.23747890099,"OLAM_P016",50
"72255",-61.8462210989965,"OLAM_P016",100
"72256",408.52019890098,"OLAM_P016",25
"72257",1795.32964890098,"OLAM_P016",50
"72258",-584.902901099005,"OLAM_P016",100
"72259",106.186348900985,"OLAM_P016",25
"72260",-166.286961099016,"OLAM_P016",50
"72261",969.308958900976,"OLAM_P016",100
"72262",-528.333201099013,"OLAM_P016",25
"72263",-98.9968510990147,"OLAM_P016",50
"72264",-537.000361099024,"OLAM_P016",100
"72265",-181.148181099008,"OLAM_P016",25
"72266",208.658298900991,"OLAM_P016",50
"72267",2740.78113890099,"OLAM_P016",100
"72268",-394.914601099008,"OLAM_P016",25
"72269",-632.482421099005,"OLAM_P016",50
"72270",-588.196661099006,"OLAM_P016",100
"72271",-113.791401099006,"OLAM_P016",25
"72272",-378.860351099021,"OLAM_P016",50
"72273",-514.470851099002,"OLAM_P016",100
"72274",-188.218961099017,"OLAM_P016",25
"72275",-184.213161099004,"OLAM_P016",50
"72276",945.622308900987,"OLAM_P016",100
"72277",44.8192489009816,"OLAM_P016",25
"72278",-5.00599109902396,"OLAM_P016",50
"72279",-358.900691098999,"OLAM_P016",100
"72280",-447.714101099002,"OLAM_P016",25
"72281",-153.359551099013,"OLAM_P016",50
"72282",5837.31914890098,"OLAM_P016",100
"72283",70.3842489009839,"OLAM_P016",25
"72284",-0.270051099010743,"OLAM_P016",50
"72285",-298.387781099009,"OLAM_P016",100
"72286",-26.0755310990207,"OLAM_P016",25
"72287",-287.846521099011,"OLAM_P016",50
"72288",880.162128900993,"OLAM_P016",100
"72289",4864.378398901,"OLAM_P016",25
"72290",-134.148551099002,"OLAM_P016",50
"72291",-444.967691099009,"OLAM_P016",100
"72292",-383.443801098998,"OLAM_P016",25
"72293",94.8334789009823,"OLAM_P016",50
"72294",1433.61534890099,"OLAM_P016",100
"72295",-508.807941099018,"OLAM_P016",25
"72296",-536.501901099022,"OLAM_P016",50
"72297",-425.345111099014,"OLAM_P016",100
"72298",-29.4992310990056,"OLAM_P016",25
"72299",7.13021890100208,"OLAM_P016",50
"72300",-588.642461099022,"OLAM_P016",100
"72301",-9.78737059701234,"OLAM_P017",25
"72302",25005.287779403,"OLAM_P017",50
"72303",-874.043850596994,"OLAM_P017",100
"72304",-400.189670596999,"OLAM_P017",25
"72305",5041.93383940301,"OLAM_P017",50
"72306",-2231.61008059699,"OLAM_P017",100
"72307",329.549639403005,"OLAM_P017",25
"72308",-1622.88245059701,"OLAM_P017",50
"72309",21927.629239403,"OLAM_P017",100
"72310",-1704.45509059701,"OLAM_P017",25
"72311",2269.348039403,"OLAM_P017",50
"72312",205.256729403016,"OLAM_P017",100
"72313",-27.9377905970032,"OLAM_P017",25
"72314",185.752209402999,"OLAM_P017",50
"72315",2236.36874940299,"OLAM_P017",100
"72316",1643.078339403,"OLAM_P017",25
"72317",1176.03090940299,"OLAM_P017",50
"72318",-492.148230596998,"OLAM_P017",100
"72319",22909.232979403,"OLAM_P017",25
"72320",-1846.50643059699,"OLAM_P017",50
"72321",2996.49892940299,"OLAM_P017",100
"72322",285.782409403007,"OLAM_P017",25
"72323",222.180859403015,"OLAM_P017",50
"72324",8744.857299403,"OLAM_P017",100
"72325",376.245609403006,"OLAM_P017",25
"72326",-2231.04211059699,"OLAM_P017",50
"72327",14481.513629403,"OLAM_P017",100
"72328",1152.17350940302,"OLAM_P017",25
"72329",-275.733370597009,"OLAM_P017",50
"72330",5270.78748940301,"OLAM_P017",100
"72331",1339.68173940299,"OLAM_P017",25
"72332",2810.35540940301,"OLAM_P017",50
"72333",5230.441349403,"OLAM_P017",100
"72334",-120.540490596992,"OLAM_P017",25
"72335",-312.661780597002,"OLAM_P017",50
"72336",3278.40768940301,"OLAM_P017",100
"72337",-372.506860597001,"OLAM_P017",25
"72338",15825.300839403,"OLAM_P017",50
"72339",23313.355239403,"OLAM_P017",100
"72340",-255.642200597009,"OLAM_P017",25
"72341",-478.015670597,"OLAM_P017",50
"72342",-1585.13080059699,"OLAM_P017",100
"72343",8271.37690940301,"OLAM_P017",25
"72344",8702.756689403,"OLAM_P017",50
"72345",98.9947394029878,"OLAM_P017",100
"72346",3390.928609403,"OLAM_P017",25
"72347",553.398119402991,"OLAM_P017",50
"72348",2080.842879403,"OLAM_P017",100
"72349",5113.488209403,"OLAM_P017",25
"72350",1606.18171940302,"OLAM_P017",50
"72351",4391.828029403,"OLAM_P017",100
"72352",-1102.915200597,"OLAM_P017",25
"72353",974.727479402995,"OLAM_P017",50
"72354",23324.308259403,"OLAM_P017",100
"72355",-1128.61710059701,"OLAM_P017",25
"72356",-1114.274450597,"OLAM_P017",50
"72357",3768.01811940302,"OLAM_P017",100
"72358",23366.214819403,"OLAM_P017",25
"72359",-399.615550596995,"OLAM_P017",50
"72360",3741.22443940301,"OLAM_P017",100
"72361",-575.287240597012,"OLAM_P017",25
"72362",-166.220580597001,"OLAM_P017",50
"72363",6308.068179403,"OLAM_P017",100
"72364",-630.222430597001,"OLAM_P017",25
"72365",-473.333990596991,"OLAM_P017",50
"72366",14706.856429403,"OLAM_P017",100
"72367",-288.066580596991,"OLAM_P017",25
"72368",490.498749402992,"OLAM_P017",50
"72369",4188.360369403,"OLAM_P017",100
"72370",1356.39610940299,"OLAM_P017",25
"72371",23259.715989403,"OLAM_P017",50
"72372",2796.45459940299,"OLAM_P017",100
"72373",18.9762494030001,"OLAM_P017",25
"72374",7506.253169403,"OLAM_P017",50
"72375",-81.9372605969838,"OLAM_P017",100
"72376",3509.58460940301,"OLAM_P017",25
"72377",8709.78490940301,"OLAM_P017",50
"72378",-1059.00327059699,"OLAM_P017",100
"72379",371.995939403016,"OLAM_P017",25
"72380",6802.25305940301,"OLAM_P017",50
"72381",6613.750439403,"OLAM_P017",100
"72382",591.937729402998,"OLAM_P017",25
"72383",1741.54339940299,"OLAM_P017",50
"72384",2205.96380940301,"OLAM_P017",100
"72385",-300.217020596989,"OLAM_P017",25
"72386",328.958759403002,"OLAM_P017",50
"72387",707.622719403007,"OLAM_P017",100
"72388",-1168.41706059698,"OLAM_P017",25
"72389",-385.803890596988,"OLAM_P017",50
"72390",162.226019402995,"OLAM_P017",100
"72391",2304.86983940299,"OLAM_P017",25
"72392",-854.925900597009,"OLAM_P017",50
"72393",4498.293939403,"OLAM_P017",100
"72394",73.1676094029972,"OLAM_P017",25
"72395",83.4305094029987,"OLAM_P017",50
"72396",-1109.061720597,"OLAM_P017",100
"72397",71.7515194030129,"OLAM_P017",25
"72398",84.5461394030135,"OLAM_P017",50
"72399",4306.35235940301,"OLAM_P017",100
"72400",1090.54029940302,"OLAM_P017",25
"72401",-552.758070596989,"OLAM_P017",50
"72402",1543.03235940301,"OLAM_P017",100
"72403",-585.404890597012,"OLAM_P017",25
"72404",-877.156320596987,"OLAM_P017",50
"72405",3259.39343940301,"OLAM_P017",100
"72406",875.324339403014,"OLAM_P017",25
"72407",-162.509560597013,"OLAM_P017",50
"72408",747.473699402995,"OLAM_P017",100
"72409",-678.445060597005,"OLAM_P017",25
"72410",-1004.600060597,"OLAM_P017",50
"72411",1815.52922940301,"OLAM_P017",100
"72412",2249.286459403,"OLAM_P017",25
"72413",-1040.06371059699,"OLAM_P017",50
"72414",12033.236569403,"OLAM_P017",100
"72415",1876.07743940302,"OLAM_P017",25
"72416",508.536909402988,"OLAM_P017",50
"72417",-769.808570597001,"OLAM_P017",100
"72418",-504.107260596997,"OLAM_P017",25
"72419",22445.846979403,"OLAM_P017",50
"72420",1307.494259403,"OLAM_P017",100
"72421",617.757839402999,"OLAM_P017",25
"72422",-1013.02545059699,"OLAM_P017",50
"72423",3827.02505940301,"OLAM_P017",100
"72424",-1049.49241059698,"OLAM_P017",25
"72425",-1266.217820597,"OLAM_P017",50
"72426",-5.69893059699098,"OLAM_P017",100
"72427",-956.841100596997,"OLAM_P017",25
"72428",-1357.93733059699,"OLAM_P017",50
"72429",475.827169402997,"OLAM_P017",100
"72430",-1250.59697059699,"OLAM_P017",25
"72431",267.631189403008,"OLAM_P017",50
"72432",-1885.36238059701,"OLAM_P017",100
"72433",326.561139402998,"OLAM_P017",25
"72434",5742.40370940301,"OLAM_P017",50
"72435",-241.237800597009,"OLAM_P017",100
"72436",930.063699402992,"OLAM_P017",25
"72437",-767.433420596994,"OLAM_P017",50
"72438",2161.40419940301,"OLAM_P017",100
"72439",23746.823439403,"OLAM_P017",25
"72440",374.171819403011,"OLAM_P017",50
"72441",13081.659399403,"OLAM_P017",100
"72442",-1158.454890597,"OLAM_P017",25
"72443",-872.198240597005,"OLAM_P017",50
"72444",2066.59085940299,"OLAM_P017",100
"72445",-1329.60909059699,"OLAM_P017",25
"72446",3242.80658940302,"OLAM_P017",50
"72447",573.644639403006,"OLAM_P017",100
"72448",-653.302190596994,"OLAM_P017",25
"72449",-195.486020596989,"OLAM_P017",50
"72450",623.573329403007,"OLAM_P017",100
"72451",53.1221094029897,"OLAM_P017",25
"72452",4762.82342940301,"OLAM_P017",50
"72453",4307.23207940301,"OLAM_P017",100
"72454",-1039.84130059701,"OLAM_P017",25
"72455",43.6894394030096,"OLAM_P017",50
"72456",3625.46859940302,"OLAM_P017",100
"72457",-664.608920597006,"OLAM_P017",25
"72458",86.5646494030079,"OLAM_P017",50
"72459",142.764079403016,"OLAM_P017",100
"72460",-530.592010597,"OLAM_P017",25
"72461",-880.543790597003,"OLAM_P017",50
"72462",2950.93637940299,"OLAM_P017",100
"72463",230.750939402991,"OLAM_P017",25
"72464",-205.709490596986,"OLAM_P017",50
"72465",4617.64129940301,"OLAM_P017",100
"72466",-718.707490597008,"OLAM_P017",25
"72467",21496.896389403,"OLAM_P017",50
"72468",16684.680319403,"OLAM_P017",100
"72469",-343.838400596986,"OLAM_P017",25
"72470",-1434.74723059699,"OLAM_P017",50
"72471",4741.99604940301,"OLAM_P017",100
"72472",-3.86174059699988,"OLAM_P017",25
"72473",1253.313539403,"OLAM_P017",50
"72474",-70.5825205970032,"OLAM_P017",100
"72475",-3.51195059699239,"OLAM_P017",25
"72476",-782.527180597011,"OLAM_P017",50
"72477",9913.28179940299,"OLAM_P017",100
"72478",557.820239402994,"OLAM_P017",25
"72479",-201.521380596998,"OLAM_P017",50
"72480",3310.91242940299,"OLAM_P017",100
"72481",7559.412839403,"OLAM_P017",25
"72482",994.488769402989,"OLAM_P017",50
"72483",-677.259570597002,"OLAM_P017",100
"72484",130.385109402996,"OLAM_P017",25
"72485",2228.330009403,"OLAM_P017",50
"72486",-763.96655059699,"OLAM_P017",100
"72487",15.0911094030016,"OLAM_P017",25
"72488",4545.638159403,"OLAM_P017",50
"72489",2185.234899403,"OLAM_P017",100
"72490",4578.97330940299,"OLAM_P017",25
"72491",-376.991860596987,"OLAM_P017",50
"72492",1576.99492940301,"OLAM_P017",100
"72493",-974.751800597005,"OLAM_P017",25
"72494",7567.225909403,"OLAM_P017",50
"72495",-1121.758350597,"OLAM_P017",100
"72496",1011.21728940299,"OLAM_P017",25
"72497",1562.94059940299,"OLAM_P017",50
"72498",3389.46215940299,"OLAM_P017",100
"72499",-825.111110597005,"OLAM_P017",25
"72500",2576.996139403,"OLAM_P017",50
"72501",1281.67722940299,"OLAM_P017",100
"72502",2218.724609403,"OLAM_P017",25
"72503",7268.903169403,"OLAM_P017",50
"72504",-2150.35673059701,"OLAM_P017",100
"72505",236.186109403003,"OLAM_P017",25
"72506",640.188969403011,"OLAM_P017",50
"72507",-937.921780597011,"OLAM_P017",100
"72508",-643.037980597001,"OLAM_P017",25
"72509",3634.453889403,"OLAM_P017",50
"72510",9378.797269403,"OLAM_P017",100
"72511",5257.73353940301,"OLAM_P017",25
"72512",1066.77867940301,"OLAM_P017",50
"72513",-435.130420597008,"OLAM_P017",100
"72514",-43.8090205969929,"OLAM_P017",25
"72515",3269.569319403,"OLAM_P017",50
"72516",1018.67115940299,"OLAM_P017",100
"72517",677.894049402996,"OLAM_P017",25
"72518",-820.662960596994,"OLAM_P017",50
"72519",3655.858209403,"OLAM_P017",100
"72520",-206.171660597,"OLAM_P017",25
"72521",1159.16360940301,"OLAM_P017",50
"72522",3806.79306940301,"OLAM_P017",100
"72523",-972.706790597003,"OLAM_P017",25
"72524",357.530339402991,"OLAM_P017",50
"72525",4152.76214940299,"OLAM_P017",100
"72526",-1767.89731059701,"OLAM_P017",25
"72527",-1347.854830597,"OLAM_P017",50
"72528",9137.835819403,"OLAM_P017",100
"72529",6770.80713940301,"OLAM_P017",25
"72530",1309.699589403,"OLAM_P017",50
"72531",-1178.88401059699,"OLAM_P017",100
"72532",8236.08645940301,"OLAM_P017",25
"72533",9218.58936940299,"OLAM_P017",50
"72534",25408.123569403,"OLAM_P017",100
"72535",1030.64003940299,"OLAM_P017",25
"72536",-791.012590597005,"OLAM_P017",50
"72537",4058.59985940301,"OLAM_P017",100
"72538",3980.145139403,"OLAM_P017",25
"72539",-425.446640596987,"OLAM_P017",50
"72540",-709.138070596993,"OLAM_P017",100
"72541",-209.388090597,"OLAM_P017",25
"72542",1052.32659940299,"OLAM_P017",50
"72543",12636.707859403,"OLAM_P017",100
"72544",-558.329290597001,"OLAM_P017",25
"72545",8217.40466940301,"OLAM_P017",50
"72546",540.248269403004,"OLAM_P017",100
"72547",-994.528040597012,"OLAM_P017",25
"72548",-614.660530597001,"OLAM_P017",50
"72549",-2771.92167059699,"OLAM_P017",100
"72550",573.429389402998,"OLAM_P017",25
"72551",1135.10031940299,"OLAM_P017",50
"72552",1291.72755940299,"OLAM_P017",100
"72553",-637.872290597006,"OLAM_P017",25
"72554",6674.722469403,"OLAM_P017",50
"72555",24800.761229403,"OLAM_P017",100
"72556",783.893039402989,"OLAM_P017",25
"72557",709.26934940301,"OLAM_P017",50
"72558",-2062.37891059701,"OLAM_P017",100
"72559",-112.820750596991,"OLAM_P017",25
"72560",-224.092570596986,"OLAM_P017",50
"72561",3382.53951940301,"OLAM_P017",100
"72562",284.612979402998,"OLAM_P017",25
"72563",67.6156794030103,"OLAM_P017",50
"72564",-1878.934800597,"OLAM_P017",100
"72565",460.235139402997,"OLAM_P017",25
"72566",2619.52956940301,"OLAM_P017",50
"72567",14419.568789403,"OLAM_P017",100
"72568",-401.882490596996,"OLAM_P017",25
"72569",1296.74375940301,"OLAM_P017",50
"72570",-2274.61151059699,"OLAM_P017",100
"72571",-1021.00249059699,"OLAM_P017",25
"72572",-137.801180596987,"OLAM_P017",50
"72573",-1780.47317059699,"OLAM_P017",100
"72574",-1066.98668059701,"OLAM_P017",25
"72575",1071.18530940299,"OLAM_P017",50
"72576",6707.39100940301,"OLAM_P017",100
"72577",883.286809403013,"OLAM_P017",25
"72578",1458.14072940301,"OLAM_P017",50
"72579",1398.965559403,"OLAM_P017",100
"72580",808.950149403012,"OLAM_P017",25
"72581",1650.27671940299,"OLAM_P017",50
"72582",9012.60831940299,"OLAM_P017",100
"72583",-1228.468420597,"OLAM_P017",25
"72584",3873.77257940301,"OLAM_P017",50
"72585",5572.975729403,"OLAM_P017",100
"72586",-325.819390596997,"OLAM_P017",25
"72587",1446.19657940301,"OLAM_P017",50
"72588",2187.03461940301,"OLAM_P017",100
"72589",-542.646650596987,"OLAM_P017",25
"72590",3314.922789403,"OLAM_P017",50
"72591",5327.768549403,"OLAM_P017",100
"72592",-1080.73375059699,"OLAM_P017",25
"72593",393.02272940299,"OLAM_P017",50
"72594",-1622.62960059699,"OLAM_P017",100
"72595",-216.007560597005,"OLAM_P017",25
"72596",5551.71890940299,"OLAM_P017",50
"72597",558.437679402996,"OLAM_P017",100
"72598",-1408.50064059699,"OLAM_P017",25
"72599",-1248.258030597,"OLAM_P017",50
"72600",3896.556449403,"OLAM_P017",100
"72601",0.000722658005543053,"OLAM_P018",25
"72602",0.000722658005543053,"OLAM_P018",50
"72603",0.000722658005543053,"OLAM_P018",100
"72604",0.000722658005543053,"OLAM_P018",25
"72605",0.000722658005543053,"OLAM_P018",50
"72606",0.000722658005543053,"OLAM_P018",100
"72607",0.000722658005543053,"OLAM_P018",25
"72608",0.000722658005543053,"OLAM_P018",50
"72609",0.000722658005543053,"OLAM_P018",100
"72610",0.000722658005543053,"OLAM_P018",25
"72611",0.000722658005543053,"OLAM_P018",50
"72612",0.000722658005543053,"OLAM_P018",100
"72613",0.000722658005543053,"OLAM_P018",25
"72614",0.000722658005543053,"OLAM_P018",50
"72615",0.000722658005543053,"OLAM_P018",100
"72616",0.000722658005543053,"OLAM_P018",25
"72617",0.000722658005543053,"OLAM_P018",50
"72618",0.000722658005543053,"OLAM_P018",100
"72619",0.000722658005543053,"OLAM_P018",25
"72620",0.000722658005543053,"OLAM_P018",50
"72621",0.000722658005543053,"OLAM_P018",100
"72622",0.000722658005543053,"OLAM_P018",25
"72623",0.000722658005543053,"OLAM_P018",50
"72624",0.000722658005543053,"OLAM_P018",100
"72625",0.000722658005543053,"OLAM_P018",25
"72626",0.000722658005543053,"OLAM_P018",50
"72627",0.000722658005543053,"OLAM_P018",100
"72628",0.000722658005543053,"OLAM_P018",25
"72629",0.000722658005543053,"OLAM_P018",50
"72630",0.000722658005543053,"OLAM_P018",100
"72631",0.000722658005543053,"OLAM_P018",25
"72632",0.000722658005543053,"OLAM_P018",50
"72633",0.000722658005543053,"OLAM_P018",100
"72634",0.000722658005543053,"OLAM_P018",25
"72635",0.000722658005543053,"OLAM_P018",50
"72636",0.000722658005543053,"OLAM_P018",100
"72637",0.000722658005543053,"OLAM_P018",25
"72638",0.000722658005543053,"OLAM_P018",50
"72639",0.000722658005543053,"OLAM_P018",100
"72640",0.000722658005543053,"OLAM_P018",25
"72641",0.000722658005543053,"OLAM_P018",50
"72642",0.000722658005543053,"OLAM_P018",100
"72643",0.000722658005543053,"OLAM_P018",25
"72644",0.000722658005543053,"OLAM_P018",50
"72645",0.000722658005543053,"OLAM_P018",100
"72646",0.000722658005543053,"OLAM_P018",25
"72647",0.000722658005543053,"OLAM_P018",50
"72648",0.000722658005543053,"OLAM_P018",100
"72649",0.000722658005543053,"OLAM_P018",25
"72650",0.000722658005543053,"OLAM_P018",50
"72651",0.000722658005543053,"OLAM_P018",100
"72652",0.000722658005543053,"OLAM_P018",25
"72653",0.000722658005543053,"OLAM_P018",50
"72654",0.000722658005543053,"OLAM_P018",100
"72655",0.000722658005543053,"OLAM_P018",25
"72656",0.000722658005543053,"OLAM_P018",50
"72657",0.000722658005543053,"OLAM_P018",100
"72658",0.000722658005543053,"OLAM_P018",25
"72659",0.000722658005543053,"OLAM_P018",50
"72660",0.000722658005543053,"OLAM_P018",100
"72661",0.000722658005543053,"OLAM_P018",25
"72662",0.000722658005543053,"OLAM_P018",50
"72663",0.000722658005543053,"OLAM_P018",100
"72664",0.000722658005543053,"OLAM_P018",25
"72665",0.000722658005543053,"OLAM_P018",50
"72666",0.000722658005543053,"OLAM_P018",100
"72667",0.000722658005543053,"OLAM_P018",25
"72668",0.000722658005543053,"OLAM_P018",50
"72669",0.000722658005543053,"OLAM_P018",100
"72670",0.000722658005543053,"OLAM_P018",25
"72671",0.000722658005543053,"OLAM_P018",50
"72672",0.000722658005543053,"OLAM_P018",100
"72673",0.000722658005543053,"OLAM_P018",25
"72674",0.000722658005543053,"OLAM_P018",50
"72675",0.000722658005543053,"OLAM_P018",100
"72676",0.000722658005543053,"OLAM_P018",25
"72677",0.000722658005543053,"OLAM_P018",50
"72678",0.000722658005543053,"OLAM_P018",100
"72679",0.000722658005543053,"OLAM_P018",25
"72680",0.000722658005543053,"OLAM_P018",50
"72681",0.000722658005543053,"OLAM_P018",100
"72682",0.000722658005543053,"OLAM_P018",25
"72683",0.000722658005543053,"OLAM_P018",50
"72684",0.000722658005543053,"OLAM_P018",100
"72685",0.000722658005543053,"OLAM_P018",25
"72686",0.000722658005543053,"OLAM_P018",50
"72687",0.000722658005543053,"OLAM_P018",100
"72688",0.000722658005543053,"OLAM_P018",25
"72689",0.000722658005543053,"OLAM_P018",50
"72690",0.000722658005543053,"OLAM_P018",100
"72691",0.000722658005543053,"OLAM_P018",25
"72692",0.000722658005543053,"OLAM_P018",50
"72693",0.000722658005543053,"OLAM_P018",100
"72694",0.000722658005543053,"OLAM_P018",25
"72695",0.000722658005543053,"OLAM_P018",50
"72696",0.000722658005543053,"OLAM_P018",100
"72697",0.000722658005543053,"OLAM_P018",25
"72698",0.000722658005543053,"OLAM_P018",50
"72699",0.000722658005543053,"OLAM_P018",100
"72700",0.000722658005543053,"OLAM_P018",25
"72701",0.000722658005543053,"OLAM_P018",50
"72702",0.000722658005543053,"OLAM_P018",100
"72703",0.000722658005543053,"OLAM_P018",25
"72704",0.000722658005543053,"OLAM_P018",50
"72705",0.000722658005543053,"OLAM_P018",100
"72706",0.000722658005543053,"OLAM_P018",25
"72707",0.000722658005543053,"OLAM_P018",50
"72708",0.000722658005543053,"OLAM_P018",100
"72709",0.000722658005543053,"OLAM_P018",25
"72710",0.000722658005543053,"OLAM_P018",50
"72711",0.000722658005543053,"OLAM_P018",100
"72712",0.000722658005543053,"OLAM_P018",25
"72713",0.000722658005543053,"OLAM_P018",50
"72714",0.000722658005543053,"OLAM_P018",100
"72715",0.000722658005543053,"OLAM_P018",25
"72716",0.000722658005543053,"OLAM_P018",50
"72717",0.000722658005543053,"OLAM_P018",100
"72718",0.000722658005543053,"OLAM_P018",25
"72719",0.000722658005543053,"OLAM_P018",50
"72720",0.000722658005543053,"OLAM_P018",100
"72721",0.000722658005543053,"OLAM_P018",25
"72722",0.000722658005543053,"OLAM_P018",50
"72723",0.000722658005543053,"OLAM_P018",100
"72724",0.000722658005543053,"OLAM_P018",25
"72725",0.000722658005543053,"OLAM_P018",50
"72726",0.000722658005543053,"OLAM_P018",100
"72727",0.000722658005543053,"OLAM_P018",25
"72728",0.000722658005543053,"OLAM_P018",50
"72729",0.000722658005543053,"OLAM_P018",100
"72730",0.000722658005543053,"OLAM_P018",25
"72731",0.000722658005543053,"OLAM_P018",50
"72732",0.000722658005543053,"OLAM_P018",100
"72733",0.000722658005543053,"OLAM_P018",25
"72734",0.000722658005543053,"OLAM_P018",50
"72735",0.000722658005543053,"OLAM_P018",100
"72736",0.000722658005543053,"OLAM_P018",25
"72737",0.000722658005543053,"OLAM_P018",50
"72738",0.000722658005543053,"OLAM_P018",100
"72739",0.000722658005543053,"OLAM_P018",25
"72740",0.000722658005543053,"OLAM_P018",50
"72741",0.000722658005543053,"OLAM_P018",100
"72742",0.000722658005543053,"OLAM_P018",25
"72743",0.000722658005543053,"OLAM_P018",50
"72744",0.000722658005543053,"OLAM_P018",100
"72745",0.000722658005543053,"OLAM_P018",25
"72746",0.000722658005543053,"OLAM_P018",50
"72747",0.000722658005543053,"OLAM_P018",100
"72748",0.000722658005543053,"OLAM_P018",25
"72749",0.000722658005543053,"OLAM_P018",50
"72750",0.000722658005543053,"OLAM_P018",100
"72751",0.000722658005543053,"OLAM_P018",25
"72752",0.000722658005543053,"OLAM_P018",50
"72753",0.000722658005543053,"OLAM_P018",100
"72754",0.000722658005543053,"OLAM_P018",25
"72755",0.000722658005543053,"OLAM_P018",50
"72756",0.000722658005543053,"OLAM_P018",100
"72757",0.000722658005543053,"OLAM_P018",25
"72758",0.000722658005543053,"OLAM_P018",50
"72759",0.000722658005543053,"OLAM_P018",100
"72760",0.000722658005543053,"OLAM_P018",25
"72761",0.000722658005543053,"OLAM_P018",50
"72762",0.000722658005543053,"OLAM_P018",100
"72763",0.000722658005543053,"OLAM_P018",25
"72764",0.000722658005543053,"OLAM_P018",50
"72765",0.000722658005543053,"OLAM_P018",100
"72766",0.000722658005543053,"OLAM_P018",25
"72767",0.000722658005543053,"OLAM_P018",50
"72768",0.000722658005543053,"OLAM_P018",100
"72769",0.000722658005543053,"OLAM_P018",25
"72770",0.000722658005543053,"OLAM_P018",50
"72771",0.000722658005543053,"OLAM_P018",100
"72772",0.000722658005543053,"OLAM_P018",25
"72773",0.000722658005543053,"OLAM_P018",50
"72774",0.000722658005543053,"OLAM_P018",100
"72775",0.000722658005543053,"OLAM_P018",25
"72776",0.000722658005543053,"OLAM_P018",50
"72777",0.000722658005543053,"OLAM_P018",100
"72778",0.000722658005543053,"OLAM_P018",25
"72779",0.000722658005543053,"OLAM_P018",50
"72780",0.000722658005543053,"OLAM_P018",100
"72781",0.000722658005543053,"OLAM_P018",25
"72782",0.000722658005543053,"OLAM_P018",50
"72783",0.000722658005543053,"OLAM_P018",100
"72784",0.000722658005543053,"OLAM_P018",25
"72785",0.000722658005543053,"OLAM_P018",50
"72786",0.000722658005543053,"OLAM_P018",100
"72787",0.000722658005543053,"OLAM_P018",25
"72788",0.000722658005543053,"OLAM_P018",50
"72789",0.000722658005543053,"OLAM_P018",100
"72790",0.000722658005543053,"OLAM_P018",25
"72791",0.000722658005543053,"OLAM_P018",50
"72792",0.000722658005543053,"OLAM_P018",100
"72793",0.000722658005543053,"OLAM_P018",25
"72794",0.000722658005543053,"OLAM_P018",50
"72795",0.000722658005543053,"OLAM_P018",100
"72796",0.000722658005543053,"OLAM_P018",25
"72797",0.000722658005543053,"OLAM_P018",50
"72798",0.000722658005543053,"OLAM_P018",100
"72799",0.000722658005543053,"OLAM_P018",25
"72800",0.000722658005543053,"OLAM_P018",50
"72801",0.000722658005543053,"OLAM_P018",100
"72802",0.000722658005543053,"OLAM_P018",25
"72803",0.000722658005543053,"OLAM_P018",50
"72804",0.000722658005543053,"OLAM_P018",100
"72805",0.000722658005543053,"OLAM_P018",25
"72806",0.000722658005543053,"OLAM_P018",50
"72807",0.000722658005543053,"OLAM_P018",100
"72808",0.000722658005543053,"OLAM_P018",25
"72809",0.000722658005543053,"OLAM_P018",50
"72810",0.000722658005543053,"OLAM_P018",100
"72811",0.000722658005543053,"OLAM_P018",25
"72812",0.000722658005543053,"OLAM_P018",50
"72813",0.000722658005543053,"OLAM_P018",100
"72814",0.000722658005543053,"OLAM_P018",25
"72815",0.000722658005543053,"OLAM_P018",50
"72816",0.000722658005543053,"OLAM_P018",100
"72817",0.000722658005543053,"OLAM_P018",25
"72818",0.000722658005543053,"OLAM_P018",50
"72819",0.000722658005543053,"OLAM_P018",100
"72820",0.000722658005543053,"OLAM_P018",25
"72821",0.000722658005543053,"OLAM_P018",50
"72822",0.000722658005543053,"OLAM_P018",100
"72823",0.000722658005543053,"OLAM_P018",25
"72824",0.000722658005543053,"OLAM_P018",50
"72825",0.000722658005543053,"OLAM_P018",100
"72826",0.000722658005543053,"OLAM_P018",25
"72827",0.000722658005543053,"OLAM_P018",50
"72828",0.000722658005543053,"OLAM_P018",100
"72829",0.000722658005543053,"OLAM_P018",25
"72830",0.000722658005543053,"OLAM_P018",50
"72831",0.000722658005543053,"OLAM_P018",100
"72832",0.000722658005543053,"OLAM_P018",25
"72833",0.000722658005543053,"OLAM_P018",50
"72834",0.000722658005543053,"OLAM_P018",100
"72835",0.000722658005543053,"OLAM_P018",25
"72836",0.000722658005543053,"OLAM_P018",50
"72837",0.000722658005543053,"OLAM_P018",100
"72838",0.000722658005543053,"OLAM_P018",25
"72839",0.000722658005543053,"OLAM_P018",50
"72840",0.000722658005543053,"OLAM_P018",100
"72841",0.000722658005543053,"OLAM_P018",25
"72842",0.000722658005543053,"OLAM_P018",50
"72843",0.000722658005543053,"OLAM_P018",100
"72844",0.000722658005543053,"OLAM_P018",25
"72845",0.000722658005543053,"OLAM_P018",50
"72846",0.000722658005543053,"OLAM_P018",100
"72847",0.000722658005543053,"OLAM_P018",25
"72848",0.000722658005543053,"OLAM_P018",50
"72849",0.000722658005543053,"OLAM_P018",100
"72850",0.000722658005543053,"OLAM_P018",25
"72851",0.000722658005543053,"OLAM_P018",50
"72852",0.000722658005543053,"OLAM_P018",100
"72853",0.000722658005543053,"OLAM_P018",25
"72854",0.000722658005543053,"OLAM_P018",50
"72855",0.000722658005543053,"OLAM_P018",100
"72856",0.000722658005543053,"OLAM_P018",25
"72857",0.000722658005543053,"OLAM_P018",50
"72858",0.000722658005543053,"OLAM_P018",100
"72859",0.000722658005543053,"OLAM_P018",25
"72860",0.000722658005543053,"OLAM_P018",50
"72861",0.000722658005543053,"OLAM_P018",100
"72862",0.000722658005543053,"OLAM_P018",25
"72863",0.000722658005543053,"OLAM_P018",50
"72864",0.000722658005543053,"OLAM_P018",100
"72865",0.000722658005543053,"OLAM_P018",25
"72866",0.000722658005543053,"OLAM_P018",50
"72867",0.000722658005543053,"OLAM_P018",100
"72868",0.000722658005543053,"OLAM_P018",25
"72869",0.000722658005543053,"OLAM_P018",50
"72870",0.000722658005543053,"OLAM_P018",100
"72871",0.000722658005543053,"OLAM_P018",25
"72872",0.000722658005543053,"OLAM_P018",50
"72873",0.000722658005543053,"OLAM_P018",100
"72874",0.000722658005543053,"OLAM_P018",25
"72875",0.000722658005543053,"OLAM_P018",50
"72876",0.000722658005543053,"OLAM_P018",100
"72877",0.000722658005543053,"OLAM_P018",25
"72878",0.000722658005543053,"OLAM_P018",50
"72879",0.000722658005543053,"OLAM_P018",100
"72880",0.000722658005543053,"OLAM_P018",25
"72881",0.000722658005543053,"OLAM_P018",50
"72882",0.000722658005543053,"OLAM_P018",100
"72883",0.000722658005543053,"OLAM_P018",25
"72884",0.000722658005543053,"OLAM_P018",50
"72885",0.000722658005543053,"OLAM_P018",100
"72886",0.000722658005543053,"OLAM_P018",25
"72887",0.000722658005543053,"OLAM_P018",50
"72888",0.000722658005543053,"OLAM_P018",100
"72889",0.000722658005543053,"OLAM_P018",25
"72890",0.000722658005543053,"OLAM_P018",50
"72891",0.000722658005543053,"OLAM_P018",100
"72892",0.000722658005543053,"OLAM_P018",25
"72893",0.000722658005543053,"OLAM_P018",50
"72894",0.000722658005543053,"OLAM_P018",100
"72895",0.000722658005543053,"OLAM_P018",25
"72896",0.000722658005543053,"OLAM_P018",50
"72897",0.000722658005543053,"OLAM_P018",100
"72898",0.000722658005543053,"OLAM_P018",25
"72899",0.000722658005543053,"OLAM_P018",50
"72900",0.000722658005543053,"OLAM_P018",100
"72901",-0.00318031301139854,"OLAM_P019",25
"72902",-0.00318031301139854,"OLAM_P019",50
"72903",41.7145296869858,"OLAM_P019",100
"72904",-0.00318031301139854,"OLAM_P019",25
"72905",-0.00318031301139854,"OLAM_P019",50
"72906",77.6221196870029,"OLAM_P019",100
"72907",-0.00318031301139854,"OLAM_P019",25
"72908",-0.00318031301139854,"OLAM_P019",50
"72909",-247.243940312997,"OLAM_P019",100
"72910",-0.00318031301139854,"OLAM_P019",25
"72911",-0.00318031301139854,"OLAM_P019",50
"72912",1204.335239687,"OLAM_P019",100
"72913",-0.00318031301139854,"OLAM_P019",25
"72914",-0.00318031301139854,"OLAM_P019",50
"72915",195.470639687002,"OLAM_P019",100
"72916",-0.00318031301139854,"OLAM_P019",25
"72917",-0.00318031301139854,"OLAM_P019",50
"72918",-98.2533803130209,"OLAM_P019",100
"72919",-0.00318031301139854,"OLAM_P019",25
"72920",-0.00318031301139854,"OLAM_P019",50
"72921",-3014.10436031301,"OLAM_P019",100
"72922",-0.00318031301139854,"OLAM_P019",25
"72923",-0.00318031301139854,"OLAM_P019",50
"72924",-60.4828803130076,"OLAM_P019",100
"72925",-0.00318031301139854,"OLAM_P019",25
"72926",-0.00318031301139854,"OLAM_P019",50
"72927",-184.200710313016,"OLAM_P019",100
"72928",-0.00318031301139854,"OLAM_P019",25
"72929",-0.00318031301139854,"OLAM_P019",50
"72930",154.181259687,"OLAM_P019",100
"72931",-0.00318031301139854,"OLAM_P019",25
"72932",-0.00318031301139854,"OLAM_P019",50
"72933",4.40591968697845,"OLAM_P019",100
"72934",-0.00318031301139854,"OLAM_P019",25
"72935",-0.00318031301139854,"OLAM_P019",50
"72936",55.1522396869841,"OLAM_P019",100
"72937",-0.00318031301139854,"OLAM_P019",25
"72938",-0.00318031301139854,"OLAM_P019",50
"72939",23.5467196870013,"OLAM_P019",100
"72940",-0.00318031301139854,"OLAM_P019",25
"72941",-0.00318031301139854,"OLAM_P019",50
"72942",-25.3951503130083,"OLAM_P019",100
"72943",-0.00318031301139854,"OLAM_P019",25
"72944",-0.00318031301139854,"OLAM_P019",50
"72945",-8.74888031301089,"OLAM_P019",100
"72946",-0.00318031301139854,"OLAM_P019",25
"72947",-0.00318031301139854,"OLAM_P019",50
"72948",-162.290300313005,"OLAM_P019",100
"72949",-0.00318031301139854,"OLAM_P019",25
"72950",-0.00318031301139854,"OLAM_P019",50
"72951",-102.959390313015,"OLAM_P019",100
"72952",-0.00318031301139854,"OLAM_P019",25
"72953",-0.00318031301139854,"OLAM_P019",50
"72954",448.380119686975,"OLAM_P019",100
"72955",-0.00318031301139854,"OLAM_P019",25
"72956",-0.00318031301139854,"OLAM_P019",50
"72957",-19.3529803130077,"OLAM_P019",100
"72958",-0.00318031301139854,"OLAM_P019",25
"72959",-0.00318031301139854,"OLAM_P019",50
"72960",-716.157730313018,"OLAM_P019",100
"72961",-0.00318031301139854,"OLAM_P019",25
"72962",-0.00318031301139854,"OLAM_P019",50
"72963",-304.190390313015,"OLAM_P019",100
"72964",-0.00318031301139854,"OLAM_P019",25
"72965",-0.00318031301139854,"OLAM_P019",50
"72966",-19.6244403129967,"OLAM_P019",100
"72967",-0.00318031301139854,"OLAM_P019",25
"72968",-0.00318031301139854,"OLAM_P019",50
"72969",147.352819686988,"OLAM_P019",100
"72970",-0.00318031301139854,"OLAM_P019",25
"72971",-0.00318031301139854,"OLAM_P019",50
"72972",-4.74527031299658,"OLAM_P019",100
"72973",-0.00318031301139854,"OLAM_P019",25
"72974",-0.00318031301139854,"OLAM_P019",50
"72975",-30.5303703130048,"OLAM_P019",100
"72976",-0.00318031301139854,"OLAM_P019",25
"72977",-0.00318031301139854,"OLAM_P019",50
"72978",300.901769686985,"OLAM_P019",100
"72979",-0.00318031301139854,"OLAM_P019",25
"72980",-0.00318031301139854,"OLAM_P019",50
"72981",-362.864580313006,"OLAM_P019",100
"72982",-0.00318031301139854,"OLAM_P019",25
"72983",-0.00318031301139854,"OLAM_P019",50
"72984",-21.3897503130138,"OLAM_P019",100
"72985",-0.00318031301139854,"OLAM_P019",25
"72986",-0.00318031301139854,"OLAM_P019",50
"72987",375.848259686987,"OLAM_P019",100
"72988",-0.00318031301139854,"OLAM_P019",25
"72989",-0.00318031301139854,"OLAM_P019",50
"72990",-92.0206903130165,"OLAM_P019",100
"72991",-0.00318031301139854,"OLAM_P019",25
"72992",-0.00318031301139854,"OLAM_P019",50
"72993",-360.702720313013,"OLAM_P019",100
"72994",-0.00318031301139854,"OLAM_P019",25
"72995",-0.00318031301139854,"OLAM_P019",50
"72996",-670.064180312998,"OLAM_P019",100
"72997",-0.00318031301139854,"OLAM_P019",25
"72998",-0.00318031301139854,"OLAM_P019",50
"72999",69.6148696869786,"OLAM_P019",100
"73000",-0.00318031301139854,"OLAM_P019",25
"73001",-0.00318031301139854,"OLAM_P019",50
"73002",273.801919686986,"OLAM_P019",100
"73003",-0.00318031301139854,"OLAM_P019",25
"73004",-0.00318031301139854,"OLAM_P019",50
"73005",-45.2333503130067,"OLAM_P019",100
"73006",-0.00318031301139854,"OLAM_P019",25
"73007",-0.00318031301139854,"OLAM_P019",50
"73008",-148.833180312999,"OLAM_P019",100
"73009",-0.00318031301139854,"OLAM_P019",25
"73010",-0.00318031301139854,"OLAM_P019",50
"73011",-8.74888031301089,"OLAM_P019",100
"73012",-0.00318031301139854,"OLAM_P019",25
"73013",-0.00318031301139854,"OLAM_P019",50
"73014",138.435609687003,"OLAM_P019",100
"73015",-0.00318031301139854,"OLAM_P019",25
"73016",-0.00318031301139854,"OLAM_P019",50
"73017",-86.9966703130049,"OLAM_P019",100
"73018",-0.00318031301139854,"OLAM_P019",25
"73019",-0.00318031301139854,"OLAM_P019",50
"73020",-5213.55218031301,"OLAM_P019",100
"73021",-0.00318031301139854,"OLAM_P019",25
"73022",-0.00318031301139854,"OLAM_P019",50
"73023",54.0699496869929,"OLAM_P019",100
"73024",-0.00318031301139854,"OLAM_P019",25
"73025",-0.00318031301139854,"OLAM_P019",50
"73026",25.7175896870031,"OLAM_P019",100
"73027",-0.00318031301139854,"OLAM_P019",25
"73028",-0.00318031301139854,"OLAM_P019",50
"73029",108.641529686982,"OLAM_P019",100
"73030",-0.00318031301139854,"OLAM_P019",25
"73031",-0.00318031301139854,"OLAM_P019",50
"73032",10.2103196870012,"OLAM_P019",100
"73033",-0.00318031301139854,"OLAM_P019",25
"73034",-0.00318031301139854,"OLAM_P019",50
"73035",-79.5463203130057,"OLAM_P019",100
"73036",-0.00318031301139854,"OLAM_P019",25
"73037",-0.00318031301139854,"OLAM_P019",50
"73038",495.405219687003,"OLAM_P019",100
"73039",-0.00318031301139854,"OLAM_P019",25
"73040",-0.00318031301139854,"OLAM_P019",50
"73041",-440.467470313015,"OLAM_P019",100
"73042",-0.00318031301139854,"OLAM_P019",25
"73043",-0.00318031301139854,"OLAM_P019",50
"73044",171.572169686988,"OLAM_P019",100
"73045",-0.00318031301139854,"OLAM_P019",25
"73046",-0.00318031301139854,"OLAM_P019",50
"73047",458.85532968698,"OLAM_P019",100
"73048",-0.00318031301139854,"OLAM_P019",25
"73049",-0.00318031301139854,"OLAM_P019",50
"73050",-101.013330312999,"OLAM_P019",100
"73051",-0.00318031301139854,"OLAM_P019",25
"73052",-0.00318031301139854,"OLAM_P019",50
"73053",-467.058450313023,"OLAM_P019",100
"73054",-0.00318031301139854,"OLAM_P019",25
"73055",-0.00318031301139854,"OLAM_P019",50
"73056",1785.69867968699,"OLAM_P019",100
"73057",-0.00318031301139854,"OLAM_P019",25
"73058",-0.00318031301139854,"OLAM_P019",50
"73059",121.920569686976,"OLAM_P019",100
"73060",-0.00318031301139854,"OLAM_P019",25
"73061",-0.00318031301139854,"OLAM_P019",50
"73062",195.909429686988,"OLAM_P019",100
"73063",-0.00318031301139854,"OLAM_P019",25
"73064",-0.00318031301139854,"OLAM_P019",50
"73065",30.7088596870017,"OLAM_P019",100
"73066",-0.00318031301139854,"OLAM_P019",25
"73067",-0.00318031301139854,"OLAM_P019",50
"73068",-127.053380313009,"OLAM_P019",100
"73069",-0.00318031301139854,"OLAM_P019",25
"73070",-0.00318031301139854,"OLAM_P019",50
"73071",106.62001968699,"OLAM_P019",100
"73072",-0.00318031301139854,"OLAM_P019",25
"73073",-0.00318031301139854,"OLAM_P019",50
"73074",-219.097670313,"OLAM_P019",100
"73075",-0.00318031301139854,"OLAM_P019",25
"73076",-0.00318031301139854,"OLAM_P019",50
"73077",414.148339687003,"OLAM_P019",100
"73078",-0.00318031301139854,"OLAM_P019",25
"73079",-0.00318031301139854,"OLAM_P019",50
"73080",2986.94797968699,"OLAM_P019",100
"73081",-0.00318031301139854,"OLAM_P019",25
"73082",-0.00318031301139854,"OLAM_P019",50
"73083",-483.804030313011,"OLAM_P019",100
"73084",-0.00318031301139854,"OLAM_P019",25
"73085",-0.00318031301139854,"OLAM_P019",50
"73086",30.6239696870034,"OLAM_P019",100
"73087",-0.00318031301139854,"OLAM_P019",25
"73088",-0.00318031301139854,"OLAM_P019",50
"73089",-177.054080313013,"OLAM_P019",100
"73090",-0.00318031301139854,"OLAM_P019",25
"73091",-0.00318031301139854,"OLAM_P019",50
"73092",15.8765696869814,"OLAM_P019",100
"73093",-0.00318031301139854,"OLAM_P019",25
"73094",-0.00318031301139854,"OLAM_P019",50
"73095",-1.42356031300733,"OLAM_P019",100
"73096",-0.00318031301139854,"OLAM_P019",25
"73097",-0.00318031301139854,"OLAM_P019",50
"73098",258.959849687002,"OLAM_P019",100
"73099",-0.00318031301139854,"OLAM_P019",25
"73100",-0.00318031301139854,"OLAM_P019",50
"73101",7.91409968698281,"OLAM_P019",100
"73102",-0.00318031301139854,"OLAM_P019",25
"73103",-0.00318031301139854,"OLAM_P019",50
"73104",101.65431968699,"OLAM_P019",100
"73105",-0.00318031301139854,"OLAM_P019",25
"73106",-0.00318031301139854,"OLAM_P019",50
"73107",-78.9283503130137,"OLAM_P019",100
"73108",-0.00318031301139854,"OLAM_P019",25
"73109",-0.00318031301139854,"OLAM_P019",50
"73110",21.4391196869838,"OLAM_P019",100
"73111",-0.00318031301139854,"OLAM_P019",25
"73112",-0.00318031301139854,"OLAM_P019",50
"73113",104.900669686991,"OLAM_P019",100
"73114",-0.00318031301139854,"OLAM_P019",25
"73115",-0.00318031301139854,"OLAM_P019",50
"73116",-330.400680313003,"OLAM_P019",100
"73117",-0.00318031301139854,"OLAM_P019",25
"73118",-0.00318031301139854,"OLAM_P019",50
"73119",15.4049796869804,"OLAM_P019",100
"73120",-0.00318031301139854,"OLAM_P019",25
"73121",-0.00318031301139854,"OLAM_P019",50
"73122",-346.700680313021,"OLAM_P019",100
"73123",-0.00318031301139854,"OLAM_P019",25
"73124",-0.00318031301139854,"OLAM_P019",50
"73125",388.446159686981,"OLAM_P019",100
"73126",-0.00318031301139854,"OLAM_P019",25
"73127",-0.00318031301139854,"OLAM_P019",50
"73128",327.369139686984,"OLAM_P019",100
"73129",-0.00318031301139854,"OLAM_P019",25
"73130",-0.00318031301139854,"OLAM_P019",50
"73131",-346.482730313001,"OLAM_P019",100
"73132",-0.00318031301139854,"OLAM_P019",25
"73133",-0.00318031301139854,"OLAM_P019",50
"73134",206.932319686981,"OLAM_P019",100
"73135",-0.00318031301139854,"OLAM_P019",25
"73136",-0.00318031301139854,"OLAM_P019",50
"73137",-2398.871990313,"OLAM_P019",100
"73138",-0.00318031301139854,"OLAM_P019",25
"73139",-0.00318031301139854,"OLAM_P019",50
"73140",-589.504460313008,"OLAM_P019",100
"73141",-0.00318031301139854,"OLAM_P019",25
"73142",-0.00318031301139854,"OLAM_P019",50
"73143",50.3475396869762,"OLAM_P019",100
"73144",-0.00318031301139854,"OLAM_P019",25
"73145",-0.00318031301139854,"OLAM_P019",50
"73146",51.856399686978,"OLAM_P019",100
"73147",-0.00318031301139854,"OLAM_P019",25
"73148",-0.00318031301139854,"OLAM_P019",50
"73149",300.127789686987,"OLAM_P019",100
"73150",-0.00318031301139854,"OLAM_P019",25
"73151",-0.00318031301139854,"OLAM_P019",50
"73152",684.632279686979,"OLAM_P019",100
"73153",-0.00318031301139854,"OLAM_P019",25
"73154",-0.00318031301139854,"OLAM_P019",50
"73155",78.2395596869756,"OLAM_P019",100
"73156",-0.00318031301139854,"OLAM_P019",25
"73157",-0.00318031301139854,"OLAM_P019",50
"73158",31.434129686997,"OLAM_P019",100
"73159",-0.00318031301139854,"OLAM_P019",25
"73160",-0.00318031301139854,"OLAM_P019",50
"73161",-23.8879303130088,"OLAM_P019",100
"73162",-0.00318031301139854,"OLAM_P019",25
"73163",-0.00318031301139854,"OLAM_P019",50
"73164",418.855719686981,"OLAM_P019",100
"73165",-0.00318031301139854,"OLAM_P019",25
"73166",-0.00318031301139854,"OLAM_P019",50
"73167",-2009.015700313,"OLAM_P019",100
"73168",-0.00318031301139854,"OLAM_P019",25
"73169",-0.00318031301139854,"OLAM_P019",50
"73170",-2.46808031300316,"OLAM_P019",100
"73171",-0.00318031301139854,"OLAM_P019",25
"73172",-0.00318031301139854,"OLAM_P019",50
"73173",-15.695210313017,"OLAM_P019",100
"73174",-0.00318031301139854,"OLAM_P019",25
"73175",-0.00318031301139854,"OLAM_P019",50
"73176",22.0622196869808,"OLAM_P019",100
"73177",-0.00318031301139854,"OLAM_P019",25
"73178",-0.00318031301139854,"OLAM_P019",50
"73179",292.47237968698,"OLAM_P019",100
"73180",-0.00318031301139854,"OLAM_P019",25
"73181",-0.00318031301139854,"OLAM_P019",50
"73182",-21.2359403129958,"OLAM_P019",100
"73183",-0.00318031301139854,"OLAM_P019",25
"73184",-0.00318031301139854,"OLAM_P019",50
"73185",-439.164100313006,"OLAM_P019",100
"73186",-0.00318031301139854,"OLAM_P019",25
"73187",-0.00318031301139854,"OLAM_P019",50
"73188",249.347019687004,"OLAM_P019",100
"73189",-0.00318031301139854,"OLAM_P019",25
"73190",-0.00318031301139854,"OLAM_P019",50
"73191",211.936219686992,"OLAM_P019",100
"73192",-0.00318031301139854,"OLAM_P019",25
"73193",-0.00318031301139854,"OLAM_P019",50
"73194",78.48336968699,"OLAM_P019",100
"73195",-0.00318031301139854,"OLAM_P019",25
"73196",-0.00318031301139854,"OLAM_P019",50
"73197",111.021179686999,"OLAM_P019",100
"73198",-0.00318031301139854,"OLAM_P019",25
"73199",-0.00318031301139854,"OLAM_P019",50
"73200",-111.728780313017,"OLAM_P019",100
"73201",-1527.60883350699,"OLAM_P020",25
"73202",3202.50959649304,"OLAM_P020",50
"73203",-3189.64337350702,"OLAM_P020",100
"73204",-3302.25523350696,"OLAM_P020",25
"73205",3167.095506493,"OLAM_P020",50
"73206",1427.68540649302,"OLAM_P020",100
"73207",-6360.28407350701,"OLAM_P020",25
"73208",3883.07446649304,"OLAM_P020",50
"73209",43165.320466493,"OLAM_P020",100
"73210",1730.35511649301,"OLAM_P020",25
"73211",-5832.00984350697,"OLAM_P020",50
"73212",6064.59866649302,"OLAM_P020",100
"73213",8890.49456649303,"OLAM_P020",25
"73214",8102.85512649303,"OLAM_P020",50
"73215",-3049.38169350696,"OLAM_P020",100
"73216",837.36227649299,"OLAM_P020",25
"73217",82.0599864930264,"OLAM_P020",50
"73218",1597.03005649301,"OLAM_P020",100
"73219",689.217846493004,"OLAM_P020",25
"73220",8154.080186493,"OLAM_P020",50
"73221",19489.252166493,"OLAM_P020",100
"73222",-4154.75185350701,"OLAM_P020",25
"73223",9149.68661649304,"OLAM_P020",50
"73224",15517.751086493,"OLAM_P020",100
"73225",3377.49204649299,"OLAM_P020",25
"73226",24517.532886493,"OLAM_P020",50
"73227",3652.11637649301,"OLAM_P020",100
"73228",11035.806076493,"OLAM_P020",25
"73229",6895.30405649298,"OLAM_P020",50
"73230",4462.52424649301,"OLAM_P020",100
"73231",10897.717446493,"OLAM_P020",25
"73232",6566.32790649304,"OLAM_P020",50
"73233",-5791.71059350698,"OLAM_P020",100
"73234",-730.888223506976,"OLAM_P020",25
"73235",21636.075026493,"OLAM_P020",50
"73236",1212.66786649299,"OLAM_P020",100
"73237",-537.643043507007,"OLAM_P020",25
"73238",-4062.09546350699,"OLAM_P020",50
"73239",5471.54011649301,"OLAM_P020",100
"73240",-5089.34548350697,"OLAM_P020",25
"73241",-5514.000353507,"OLAM_P020",50
"73242",2479.95970649301,"OLAM_P020",100
"73243",28063.496826493,"OLAM_P020",25
"73244",-3159.11408350698,"OLAM_P020",50
"73245",2009.43767649302,"OLAM_P020",100
"73246",14665.570346493,"OLAM_P020",25
"73247",31496.507986493,"OLAM_P020",50
"73248",10576.929486493,"OLAM_P020",100
"73249",227.511386492988,"OLAM_P020",25
"73250",-3846.088003507,"OLAM_P020",50
"73251",8299.06627649302,"OLAM_P020",100
"73252",-1998.25227350701,"OLAM_P020",25
"73253",-3935.00306350697,"OLAM_P020",50
"73254",11846.042096493,"OLAM_P020",100
"73255",876.055206493009,"OLAM_P020",25
"73256",1085.55756649299,"OLAM_P020",50
"73257",12086.416116493,"OLAM_P020",100
"73258",12679.694676493,"OLAM_P020",25
"73259",44612.130016493,"OLAM_P020",50
"73260",2188.188866493,"OLAM_P020",100
"73261",-854.456023506995,"OLAM_P020",25
"73262",-1106.59485350701,"OLAM_P020",50
"73263",3364.40643649304,"OLAM_P020",100
"73264",-2746.50732350699,"OLAM_P020",25
"73265",4586.37060649303,"OLAM_P020",50
"73266",9625.14819649298,"OLAM_P020",100
"73267",-3071.04334350699,"OLAM_P020",25
"73268",-5816.66777350701,"OLAM_P020",50
"73269",9441.155796493,"OLAM_P020",100
"73270",-2079.388593507,"OLAM_P020",25
"73271",6558.00998649304,"OLAM_P020",50
"73272",280.874936492997,"OLAM_P020",100
"73273",1489.76377649303,"OLAM_P020",25
"73274",1096.05668649299,"OLAM_P020",50
"73275",2456.104496493,"OLAM_P020",100
"73276",2754.69343649299,"OLAM_P020",25
"73277",2266.90886649303,"OLAM_P020",50
"73278",3153.94183649303,"OLAM_P020",100
"73279",347.825116492982,"OLAM_P020",25
"73280",-4942.47011350701,"OLAM_P020",50
"73281",35287.712036493,"OLAM_P020",100
"73282",469.675616492983,"OLAM_P020",25
"73283",1150.15652649303,"OLAM_P020",50
"73284",56759.714496493,"OLAM_P020",100
"73285",-5436.19691350701,"OLAM_P020",25
"73286",-3341.19096350699,"OLAM_P020",50
"73287",2967.37288649299,"OLAM_P020",100
"73288",3735.461486493,"OLAM_P020",25
"73289",1165.67057649302,"OLAM_P020",50
"73290",22286.357176493,"OLAM_P020",100
"73291",-115.288993506983,"OLAM_P020",25
"73292",232.024056493014,"OLAM_P020",50
"73293",3435.33892649302,"OLAM_P020",100
"73294",1288.49625649303,"OLAM_P020",25
"73295",3110.08829649299,"OLAM_P020",50
"73296",12265.909146493,"OLAM_P020",100
"73297",2292.32842649304,"OLAM_P020",25
"73298",7894.26615649299,"OLAM_P020",50
"73299",13822.621806493,"OLAM_P020",100
"73300",2790.71489649301,"OLAM_P020",25
"73301",-1139.40940350702,"OLAM_P020",50
"73302",1548.43514649302,"OLAM_P020",100
"73303",607.538986493018,"OLAM_P020",25
"73304",-1827.67483350699,"OLAM_P020",50
"73305",17137.730396493,"OLAM_P020",100
"73306",-3084.24946350697,"OLAM_P020",25
"73307",-6353.966213507,"OLAM_P020",50
"73308",18847.274836493,"OLAM_P020",100
"73309",38.8402364930371,"OLAM_P020",25
"73310",6198.14276649302,"OLAM_P020",50
"73311",-189.051803506969,"OLAM_P020",100
"73312",5263.65490649303,"OLAM_P020",25
"73313",5467.62011649302,"OLAM_P020",50
"73314",3162.878346493,"OLAM_P020",100
"73315",1009.76299649302,"OLAM_P020",25
"73316",-2948.86186350702,"OLAM_P020",50
"73317",10551.738656493,"OLAM_P020",100
"73318",711.182306492992,"OLAM_P020",25
"73319",2741.76222649304,"OLAM_P020",50
"73320",-6692.452033507,"OLAM_P020",100
"73321",2589.21157649299,"OLAM_P020",25
"73322",-3693.734743507,"OLAM_P020",50
"73323",3275.43108649302,"OLAM_P020",100
"73324",784.997286493017,"OLAM_P020",25
"73325",-6275.30590350699,"OLAM_P020",50
"73326",-4236.76834350696,"OLAM_P020",100
"73327",669.54420649301,"OLAM_P020",25
"73328",81.2247964930139,"OLAM_P020",50
"73329",-216.324793506996,"OLAM_P020",100
"73330",-993.734053506982,"OLAM_P020",25
"73331",-1749.50744350697,"OLAM_P020",50
"73332",275.534306493006,"OLAM_P020",100
"73333",13930.303836493,"OLAM_P020",25
"73334",-5131.89435350697,"OLAM_P020",50
"73335",4231.277876493,"OLAM_P020",100
"73336",45504.511076493,"OLAM_P020",25
"73337",498.974756493,"OLAM_P020",50
"73338",23958.621926493,"OLAM_P020",100
"73339",-5235.73269350699,"OLAM_P020",25
"73340",-3026.03129350697,"OLAM_P020",50
"73341",3320.13305649301,"OLAM_P020",100
"73342",1806.133506493,"OLAM_P020",25
"73343",7401.23057649302,"OLAM_P020",50
"73344",-579.810743506998,"OLAM_P020",100
"73345",-14.9271335069789,"OLAM_P020",25
"73346",-4110.94767350698,"OLAM_P020",50
"73347",-3.92821350699523,"OLAM_P020",100
"73348",-1543.71792350698,"OLAM_P020",25
"73349",8778.26906649303,"OLAM_P020",50
"73350",9997.31683649303,"OLAM_P020",100
"73351",4469.47205649299,"OLAM_P020",25
"73352",3172.57094649301,"OLAM_P020",50
"73353",2198.19845649303,"OLAM_P020",100
"73354",1658.21085649304,"OLAM_P020",25
"73355",2959.56835649302,"OLAM_P020",50
"73356",46442.033536493,"OLAM_P020",100
"73357",9529.19023649301,"OLAM_P020",25
"73358",-2702.09640350699,"OLAM_P020",50
"73359",20103.180036493,"OLAM_P020",100
"73360",-1130.93667350698,"OLAM_P020",25
"73361",4006.31722649303,"OLAM_P020",50
"73362",10706.742456493,"OLAM_P020",100
"73363",1855.86307649303,"OLAM_P020",25
"73364",14792.755036493,"OLAM_P020",50
"73365",17253.872946493,"OLAM_P020",100
"73366",-1135.803343507,"OLAM_P020",25
"73367",-3480.43208350701,"OLAM_P020",50
"73368",54550.217026493,"OLAM_P020",100
"73369",6680.42427649302,"OLAM_P020",25
"73370",43197.995966493,"OLAM_P020",50
"73371",6850.05068649299,"OLAM_P020",100
"73372",4551.65562649304,"OLAM_P020",25
"73373",-7059.48320350697,"OLAM_P020",50
"73374",29345.761276493,"OLAM_P020",100
"73375",4619.12579649303,"OLAM_P020",25
"73376",1714.04691649304,"OLAM_P020",50
"73377",736.544816492999,"OLAM_P020",100
"73378",-1587.13028350699,"OLAM_P020",25
"73379",1701.949866493,"OLAM_P020",50
"73380",1827.45919649303,"OLAM_P020",100
"73381",-1482.84169350698,"OLAM_P020",25
"73382",7123.669426493,"OLAM_P020",50
"73383",4660.80709649302,"OLAM_P020",100
"73384",-1545.045203507,"OLAM_P020",25
"73385",1420.23553649301,"OLAM_P020",50
"73386",-218.634143506992,"OLAM_P020",100
"73387",-2472.011323507,"OLAM_P020",25
"73388",13618.011136493,"OLAM_P020",50
"73389",15204.444966493,"OLAM_P020",100
"73390",1660.66833649302,"OLAM_P020",25
"73391",6902.79895649303,"OLAM_P020",50
"73392",4005.138176493,"OLAM_P020",100
"73393",3779.57015649299,"OLAM_P020",25
"73394",-1618.13104350696,"OLAM_P020",50
"73395",-1727.01776350697,"OLAM_P020",100
"73396",-1104.63946350699,"OLAM_P020",25
"73397",8918.12920649303,"OLAM_P020",50
"73398",7250.55871649302,"OLAM_P020",100
"73399",5222.80585649301,"OLAM_P020",25
"73400",4825.75306649302,"OLAM_P020",50
"73401",13738.354076493,"OLAM_P020",100
"73402",-310.204013506998,"OLAM_P020",25
"73403",9062.996336493,"OLAM_P020",50
"73404",3172.79833649303,"OLAM_P020",100
"73405",2823.77587649302,"OLAM_P020",25
"73406",5684.95852649299,"OLAM_P020",50
"73407",2150.91026649304,"OLAM_P020",100
"73408",-946.598453507002,"OLAM_P020",25
"73409",-2891.23339350696,"OLAM_P020",50
"73410",3053.10687649302,"OLAM_P020",100
"73411",-307.434453507012,"OLAM_P020",25
"73412",13238.202176493,"OLAM_P020",50
"73413",1529.84400649299,"OLAM_P020",100
"73414",2938.08040649298,"OLAM_P020",25
"73415",3079.16591649299,"OLAM_P020",50
"73416",20799.674066493,"OLAM_P020",100
"73417",7143.56917649304,"OLAM_P020",25
"73418",-2205.98603350698,"OLAM_P020",50
"73419",21785.542746493,"OLAM_P020",100
"73420",-4197.46893350699,"OLAM_P020",25
"73421",10192.404566493,"OLAM_P020",50
"73422",5230.54183649301,"OLAM_P020",100
"73423",-248.980543506972,"OLAM_P020",25
"73424",-2451.09271350701,"OLAM_P020",50
"73425",25134.930866493,"OLAM_P020",100
"73426",-2897.62560350698,"OLAM_P020",25
"73427",-200.125433506968,"OLAM_P020",50
"73428",-36.5698535069823,"OLAM_P020",100
"73429",915.094976492983,"OLAM_P020",25
"73430",705.561716492986,"OLAM_P020",50
"73431",8135.95806649304,"OLAM_P020",100
"73432",40768.417156493,"OLAM_P020",25
"73433",-5245.36874350702,"OLAM_P020",50
"73434",5266.18148649303,"OLAM_P020",100
"73435",-2850.98398350697,"OLAM_P020",25
"73436",-4944.04764350702,"OLAM_P020",50
"73437",2360.04407649301,"OLAM_P020",100
"73438",510.406616493012,"OLAM_P020",25
"73439",4081.08562649303,"OLAM_P020",50
"73440",989.084286493016,"OLAM_P020",100
"73441",485.24375649303,"OLAM_P020",25
"73442",6449.84759649303,"OLAM_P020",50
"73443",37197.435956493,"OLAM_P020",100
"73444",-3204.54887350701,"OLAM_P020",25
"73445",6574.84921649302,"OLAM_P020",50
"73446",9698.66328649299,"OLAM_P020",100
"73447",571.362456493021,"OLAM_P020",25
"73448",3834.67372649303,"OLAM_P020",50
"73449",2955.22752649302,"OLAM_P020",100
"73450",-1002.59352350701,"OLAM_P020",25
"73451",-1642.718553507,"OLAM_P020",50
"73452",-2649.120063507,"OLAM_P020",100
"73453",-4436.02620350698,"OLAM_P020",25
"73454",8343.47811649303,"OLAM_P020",50
"73455",-114.864593506965,"OLAM_P020",100
"73456",2350.04643649299,"OLAM_P020",25
"73457",-1342.35152350698,"OLAM_P020",50
"73458",15539.733006493,"OLAM_P020",100
"73459",5461.76647649304,"OLAM_P020",25
"73460",274.296426493034,"OLAM_P020",50
"73461",1985.86954649299,"OLAM_P020",100
"73462",896.198986492993,"OLAM_P020",25
"73463",-1660.21630350698,"OLAM_P020",50
"73464",-5292.27408350701,"OLAM_P020",100
"73465",-1870.61124350701,"OLAM_P020",25
"73466",-3411.86939350696,"OLAM_P020",50
"73467",2179.90436649299,"OLAM_P020",100
"73468",-2647.45472350699,"OLAM_P020",25
"73469",-6374.38948350697,"OLAM_P020",50
"73470",5310.21762649302,"OLAM_P020",100
"73471",-5387.01282350702,"OLAM_P020",25
"73472",-2271.41274350701,"OLAM_P020",50
"73473",15114.255966493,"OLAM_P020",100
"73474",1717.226636493,"OLAM_P020",25
"73475",-6782.24324350699,"OLAM_P020",50
"73476",8908.10052649298,"OLAM_P020",100
"73477",-1011.36045350699,"OLAM_P020",25
"73478",5842.52871649299,"OLAM_P020",50
"73479",2940.67875649303,"OLAM_P020",100
"73480",3775.923356493,"OLAM_P020",25
"73481",3658.668096493,"OLAM_P020",50
"73482",879.707206493011,"OLAM_P020",100
"73483",1596.944056493,"OLAM_P020",25
"73484",3062.94532649301,"OLAM_P020",50
"73485",-2099.55619350699,"OLAM_P020",100
"73486",1774.048676493,"OLAM_P020",25
"73487",731.848846492998,"OLAM_P020",50
"73488",9088.192046493,"OLAM_P020",100
"73489",1607.05295649299,"OLAM_P020",25
"73490",186.103046493023,"OLAM_P020",50
"73491",4515.07191649301,"OLAM_P020",100
"73492",3268.594696493,"OLAM_P020",25
"73493",697.573316493013,"OLAM_P020",50
"73494",-2197.97317350697,"OLAM_P020",100
"73495",-1447.71046350698,"OLAM_P020",25
"73496",-4959.67822350701,"OLAM_P020",50
"73497",-3166.50059350696,"OLAM_P020",100
"73498",-3093.11042350699,"OLAM_P020",25
"73499",7858.84982649301,"OLAM_P020",50
"73500",6270.87573649304,"OLAM_P020",100
"73501",-0.00105110200820491,"OLAM_P021",25
"73502",-0.00105110200820491,"OLAM_P021",50
"73503",-0.00105110200820491,"OLAM_P021",100
"73504",-0.00105110200820491,"OLAM_P021",25
"73505",-0.00105110200820491,"OLAM_P021",50
"73506",-0.00105110200820491,"OLAM_P021",100
"73507",-0.00105110200820491,"OLAM_P021",25
"73508",-0.00105110200820491,"OLAM_P021",50
"73509",-0.00105110200820491,"OLAM_P021",100
"73510",-0.00105110200820491,"OLAM_P021",25
"73511",-0.00105110200820491,"OLAM_P021",50
"73512",-0.00105110200820491,"OLAM_P021",100
"73513",-0.00105110200820491,"OLAM_P021",25
"73514",-0.00105110200820491,"OLAM_P021",50
"73515",-0.00105110200820491,"OLAM_P021",100
"73516",-0.00105110200820491,"OLAM_P021",25
"73517",-0.00105110200820491,"OLAM_P021",50
"73518",-0.00105110200820491,"OLAM_P021",100
"73519",-0.00105110200820491,"OLAM_P021",25
"73520",-0.00105110200820491,"OLAM_P021",50
"73521",-0.00105110200820491,"OLAM_P021",100
"73522",-0.00105110200820491,"OLAM_P021",25
"73523",-0.00105110200820491,"OLAM_P021",50
"73524",-0.00105110200820491,"OLAM_P021",100
"73525",-0.00105110200820491,"OLAM_P021",25
"73526",-0.00105110200820491,"OLAM_P021",50
"73527",-0.00105110200820491,"OLAM_P021",100
"73528",-0.00105110200820491,"OLAM_P021",25
"73529",-0.00105110200820491,"OLAM_P021",50
"73530",-0.00105110200820491,"OLAM_P021",100
"73531",-0.00105110200820491,"OLAM_P021",25
"73532",-0.00105110200820491,"OLAM_P021",50
"73533",-0.00105110200820491,"OLAM_P021",100
"73534",-0.00105110200820491,"OLAM_P021",25
"73535",-0.00105110200820491,"OLAM_P021",50
"73536",-0.00105110200820491,"OLAM_P021",100
"73537",-0.00105110200820491,"OLAM_P021",25
"73538",-0.00105110200820491,"OLAM_P021",50
"73539",-0.00105110200820491,"OLAM_P021",100
"73540",-0.00105110200820491,"OLAM_P021",25
"73541",-0.00105110200820491,"OLAM_P021",50
"73542",-0.00105110200820491,"OLAM_P021",100
"73543",-0.00105110200820491,"OLAM_P021",25
"73544",-0.00105110200820491,"OLAM_P021",50
"73545",-0.00105110200820491,"OLAM_P021",100
"73546",-0.00105110200820491,"OLAM_P021",25
"73547",-0.00105110200820491,"OLAM_P021",50
"73548",-0.00105110200820491,"OLAM_P021",100
"73549",-0.00105110200820491,"OLAM_P021",25
"73550",-0.00105110200820491,"OLAM_P021",50
"73551",-0.00105110200820491,"OLAM_P021",100
"73552",-0.00105110200820491,"OLAM_P021",25
"73553",-0.00105110200820491,"OLAM_P021",50
"73554",-0.00105110200820491,"OLAM_P021",100
"73555",-0.00105110200820491,"OLAM_P021",25
"73556",-0.00105110200820491,"OLAM_P021",50
"73557",-0.00105110200820491,"OLAM_P021",100
"73558",-0.00105110200820491,"OLAM_P021",25
"73559",-0.00105110200820491,"OLAM_P021",50
"73560",-0.00105110200820491,"OLAM_P021",100
"73561",-0.00105110200820491,"OLAM_P021",25
"73562",-0.00105110200820491,"OLAM_P021",50
"73563",-0.00105110200820491,"OLAM_P021",100
"73564",-0.00105110200820491,"OLAM_P021",25
"73565",-0.00105110200820491,"OLAM_P021",50
"73566",-0.00105110200820491,"OLAM_P021",100
"73567",-0.00105110200820491,"OLAM_P021",25
"73568",-0.00105110200820491,"OLAM_P021",50
"73569",-0.00105110200820491,"OLAM_P021",100
"73570",-0.00105110200820491,"OLAM_P021",25
"73571",-0.00105110200820491,"OLAM_P021",50
"73572",-0.00105110200820491,"OLAM_P021",100
"73573",-0.00105110200820491,"OLAM_P021",25
"73574",-0.00105110200820491,"OLAM_P021",50
"73575",-0.00105110200820491,"OLAM_P021",100
"73576",-0.00105110200820491,"OLAM_P021",25
"73577",-0.00105110200820491,"OLAM_P021",50
"73578",-0.00105110200820491,"OLAM_P021",100
"73579",-0.00105110200820491,"OLAM_P021",25
"73580",-0.00105110200820491,"OLAM_P021",50
"73581",-0.00105110200820491,"OLAM_P021",100
"73582",-0.00105110200820491,"OLAM_P021",25
"73583",-0.00105110200820491,"OLAM_P021",50
"73584",-0.00105110200820491,"OLAM_P021",100
"73585",-0.00105110200820491,"OLAM_P021",25
"73586",-0.00105110200820491,"OLAM_P021",50
"73587",-0.00105110200820491,"OLAM_P021",100
"73588",-0.00105110200820491,"OLAM_P021",25
"73589",-0.00105110200820491,"OLAM_P021",50
"73590",-0.00105110200820491,"OLAM_P021",100
"73591",-0.00105110200820491,"OLAM_P021",25
"73592",-0.00105110200820491,"OLAM_P021",50
"73593",-0.00105110200820491,"OLAM_P021",100
"73594",-0.00105110200820491,"OLAM_P021",25
"73595",-0.00105110200820491,"OLAM_P021",50
"73596",-0.00105110200820491,"OLAM_P021",100
"73597",-0.00105110200820491,"OLAM_P021",25
"73598",-0.00105110200820491,"OLAM_P021",50
"73599",-0.00105110200820491,"OLAM_P021",100
"73600",-0.00105110200820491,"OLAM_P021",25
"73601",-0.00105110200820491,"OLAM_P021",50
"73602",-0.00105110200820491,"OLAM_P021",100
"73603",-0.00105110200820491,"OLAM_P021",25
"73604",-0.00105110200820491,"OLAM_P021",50
"73605",-0.00105110200820491,"OLAM_P021",100
"73606",-0.00105110200820491,"OLAM_P021",25
"73607",-0.00105110200820491,"OLAM_P021",50
"73608",-0.00105110200820491,"OLAM_P021",100
"73609",-0.00105110200820491,"OLAM_P021",25
"73610",-0.00105110200820491,"OLAM_P021",50
"73611",-0.00105110200820491,"OLAM_P021",100
"73612",-0.00105110200820491,"OLAM_P021",25
"73613",-0.00105110200820491,"OLAM_P021",50
"73614",-0.00105110200820491,"OLAM_P021",100
"73615",-0.00105110200820491,"OLAM_P021",25
"73616",-0.00105110200820491,"OLAM_P021",50
"73617",-0.00105110200820491,"OLAM_P021",100
"73618",-0.00105110200820491,"OLAM_P021",25
"73619",-0.00105110200820491,"OLAM_P021",50
"73620",-0.00105110200820491,"OLAM_P021",100
"73621",-0.00105110200820491,"OLAM_P021",25
"73622",-0.00105110200820491,"OLAM_P021",50
"73623",-0.00105110200820491,"OLAM_P021",100
"73624",-0.00105110200820491,"OLAM_P021",25
"73625",-0.00105110200820491,"OLAM_P021",50
"73626",-0.00105110200820491,"OLAM_P021",100
"73627",-0.00105110200820491,"OLAM_P021",25
"73628",-0.00105110200820491,"OLAM_P021",50
"73629",-0.00105110200820491,"OLAM_P021",100
"73630",-0.00105110200820491,"OLAM_P021",25
"73631",-0.00105110200820491,"OLAM_P021",50
"73632",-0.00105110200820491,"OLAM_P021",100
"73633",-0.00105110200820491,"OLAM_P021",25
"73634",-0.00105110200820491,"OLAM_P021",50
"73635",-0.00105110200820491,"OLAM_P021",100
"73636",-0.00105110200820491,"OLAM_P021",25
"73637",-0.00105110200820491,"OLAM_P021",50
"73638",-0.00105110200820491,"OLAM_P021",100
"73639",-0.00105110200820491,"OLAM_P021",25
"73640",-0.00105110200820491,"OLAM_P021",50
"73641",-0.00105110200820491,"OLAM_P021",100
"73642",-0.00105110200820491,"OLAM_P021",25
"73643",-0.00105110200820491,"OLAM_P021",50
"73644",-0.00105110200820491,"OLAM_P021",100
"73645",-0.00105110200820491,"OLAM_P021",25
"73646",-0.00105110200820491,"OLAM_P021",50
"73647",-0.00105110200820491,"OLAM_P021",100
"73648",-0.00105110200820491,"OLAM_P021",25
"73649",-0.00105110200820491,"OLAM_P021",50
"73650",-0.00105110200820491,"OLAM_P021",100
"73651",-0.00105110200820491,"OLAM_P021",25
"73652",-0.00105110200820491,"OLAM_P021",50
"73653",-0.00105110200820491,"OLAM_P021",100
"73654",-0.00105110200820491,"OLAM_P021",25
"73655",-0.00105110200820491,"OLAM_P021",50
"73656",-0.00105110200820491,"OLAM_P021",100
"73657",-0.00105110200820491,"OLAM_P021",25
"73658",-0.00105110200820491,"OLAM_P021",50
"73659",-0.00105110200820491,"OLAM_P021",100
"73660",-0.00105110200820491,"OLAM_P021",25
"73661",-0.00105110200820491,"OLAM_P021",50
"73662",-0.00105110200820491,"OLAM_P021",100
"73663",-0.00105110200820491,"OLAM_P021",25
"73664",-0.00105110200820491,"OLAM_P021",50
"73665",-0.00105110200820491,"OLAM_P021",100
"73666",-0.00105110200820491,"OLAM_P021",25
"73667",-0.00105110200820491,"OLAM_P021",50
"73668",-0.00105110200820491,"OLAM_P021",100
"73669",-0.00105110200820491,"OLAM_P021",25
"73670",-0.00105110200820491,"OLAM_P021",50
"73671",-0.00105110200820491,"OLAM_P021",100
"73672",-0.00105110200820491,"OLAM_P021",25
"73673",-0.00105110200820491,"OLAM_P021",50
"73674",-0.00105110200820491,"OLAM_P021",100
"73675",-0.00105110200820491,"OLAM_P021",25
"73676",-0.00105110200820491,"OLAM_P021",50
"73677",-0.00105110200820491,"OLAM_P021",100
"73678",-0.00105110200820491,"OLAM_P021",25
"73679",-0.00105110200820491,"OLAM_P021",50
"73680",-0.00105110200820491,"OLAM_P021",100
"73681",-0.00105110200820491,"OLAM_P021",25
"73682",-0.00105110200820491,"OLAM_P021",50
"73683",-0.00105110200820491,"OLAM_P021",100
"73684",-0.00105110200820491,"OLAM_P021",25
"73685",-0.00105110200820491,"OLAM_P021",50
"73686",-0.00105110200820491,"OLAM_P021",100
"73687",-0.00105110200820491,"OLAM_P021",25
"73688",-0.00105110200820491,"OLAM_P021",50
"73689",-0.00105110200820491,"OLAM_P021",100
"73690",-0.00105110200820491,"OLAM_P021",25
"73691",-0.00105110200820491,"OLAM_P021",50
"73692",-0.00105110200820491,"OLAM_P021",100
"73693",-0.00105110200820491,"OLAM_P021",25
"73694",-0.00105110200820491,"OLAM_P021",50
"73695",-0.00105110200820491,"OLAM_P021",100
"73696",-0.00105110200820491,"OLAM_P021",25
"73697",-0.00105110200820491,"OLAM_P021",50
"73698",-0.00105110200820491,"OLAM_P021",100
"73699",-0.00105110200820491,"OLAM_P021",25
"73700",-0.00105110200820491,"OLAM_P021",50
"73701",-0.00105110200820491,"OLAM_P021",100
"73702",-0.00105110200820491,"OLAM_P021",25
"73703",-0.00105110200820491,"OLAM_P021",50
"73704",-0.00105110200820491,"OLAM_P021",100
"73705",-0.00105110200820491,"OLAM_P021",25
"73706",-0.00105110200820491,"OLAM_P021",50
"73707",-0.00105110200820491,"OLAM_P021",100
"73708",-0.00105110200820491,"OLAM_P021",25
"73709",-0.00105110200820491,"OLAM_P021",50
"73710",-0.00105110200820491,"OLAM_P021",100
"73711",-0.00105110200820491,"OLAM_P021",25
"73712",-0.00105110200820491,"OLAM_P021",50
"73713",-0.00105110200820491,"OLAM_P021",100
"73714",-0.00105110200820491,"OLAM_P021",25
"73715",-0.00105110200820491,"OLAM_P021",50
"73716",-0.00105110200820491,"OLAM_P021",100
"73717",-0.00105110200820491,"OLAM_P021",25
"73718",-0.00105110200820491,"OLAM_P021",50
"73719",-0.00105110200820491,"OLAM_P021",100
"73720",-0.00105110200820491,"OLAM_P021",25
"73721",-0.00105110200820491,"OLAM_P021",50
"73722",-0.00105110200820491,"OLAM_P021",100
"73723",-0.00105110200820491,"OLAM_P021",25
"73724",-0.00105110200820491,"OLAM_P021",50
"73725",-0.00105110200820491,"OLAM_P021",100
"73726",-0.00105110200820491,"OLAM_P021",25
"73727",-0.00105110200820491,"OLAM_P021",50
"73728",-0.00105110200820491,"OLAM_P021",100
"73729",-0.00105110200820491,"OLAM_P021",25
"73730",-0.00105110200820491,"OLAM_P021",50
"73731",-0.00105110200820491,"OLAM_P021",100
"73732",-0.00105110200820491,"OLAM_P021",25
"73733",-0.00105110200820491,"OLAM_P021",50
"73734",-0.00105110200820491,"OLAM_P021",100
"73735",-0.00105110200820491,"OLAM_P021",25
"73736",-0.00105110200820491,"OLAM_P021",50
"73737",-0.00105110200820491,"OLAM_P021",100
"73738",-0.00105110200820491,"OLAM_P021",25
"73739",-0.00105110200820491,"OLAM_P021",50
"73740",-0.00105110200820491,"OLAM_P021",100
"73741",-0.00105110200820491,"OLAM_P021",25
"73742",-0.00105110200820491,"OLAM_P021",50
"73743",-0.00105110200820491,"OLAM_P021",100
"73744",-0.00105110200820491,"OLAM_P021",25
"73745",-0.00105110200820491,"OLAM_P021",50
"73746",-0.00105110200820491,"OLAM_P021",100
"73747",-0.00105110200820491,"OLAM_P021",25
"73748",-0.00105110200820491,"OLAM_P021",50
"73749",-0.00105110200820491,"OLAM_P021",100
"73750",-0.00105110200820491,"OLAM_P021",25
"73751",-0.00105110200820491,"OLAM_P021",50
"73752",-0.00105110200820491,"OLAM_P021",100
"73753",-0.00105110200820491,"OLAM_P021",25
"73754",-0.00105110200820491,"OLAM_P021",50
"73755",-0.00105110200820491,"OLAM_P021",100
"73756",-0.00105110200820491,"OLAM_P021",25
"73757",-0.00105110200820491,"OLAM_P021",50
"73758",-0.00105110200820491,"OLAM_P021",100
"73759",-0.00105110200820491,"OLAM_P021",25
"73760",-0.00105110200820491,"OLAM_P021",50
"73761",-0.00105110200820491,"OLAM_P021",100
"73762",-0.00105110200820491,"OLAM_P021",25
"73763",-0.00105110200820491,"OLAM_P021",50
"73764",-0.00105110200820491,"OLAM_P021",100
"73765",-0.00105110200820491,"OLAM_P021",25
"73766",-0.00105110200820491,"OLAM_P021",50
"73767",-0.00105110200820491,"OLAM_P021",100
"73768",-0.00105110200820491,"OLAM_P021",25
"73769",-0.00105110200820491,"OLAM_P021",50
"73770",-0.00105110200820491,"OLAM_P021",100
"73771",-0.00105110200820491,"OLAM_P021",25
"73772",-0.00105110200820491,"OLAM_P021",50
"73773",-0.00105110200820491,"OLAM_P021",100
"73774",-0.00105110200820491,"OLAM_P021",25
"73775",-0.00105110200820491,"OLAM_P021",50
"73776",-0.00105110200820491,"OLAM_P021",100
"73777",-0.00105110200820491,"OLAM_P021",25
"73778",-0.00105110200820491,"OLAM_P021",50
"73779",-0.00105110200820491,"OLAM_P021",100
"73780",-0.00105110200820491,"OLAM_P021",25
"73781",-0.00105110200820491,"OLAM_P021",50
"73782",-0.00105110200820491,"OLAM_P021",100
"73783",-0.00105110200820491,"OLAM_P021",25
"73784",-0.00105110200820491,"OLAM_P021",50
"73785",-0.00105110200820491,"OLAM_P021",100
"73786",-0.00105110200820491,"OLAM_P021",25
"73787",-0.00105110200820491,"OLAM_P021",50
"73788",-0.00105110200820491,"OLAM_P021",100
"73789",-0.00105110200820491,"OLAM_P021",25
"73790",-0.00105110200820491,"OLAM_P021",50
"73791",-0.00105110200820491,"OLAM_P021",100
"73792",-0.00105110200820491,"OLAM_P021",25
"73793",-0.00105110200820491,"OLAM_P021",50
"73794",-0.00105110200820491,"OLAM_P021",100
"73795",-0.00105110200820491,"OLAM_P021",25
"73796",-0.00105110200820491,"OLAM_P021",50
"73797",-0.00105110200820491,"OLAM_P021",100
"73798",-0.00105110200820491,"OLAM_P021",25
"73799",-0.00105110200820491,"OLAM_P021",50
"73800",-0.00105110200820491,"OLAM_P021",100
"73801",0.00156773501657881,"OLAM_P022",25
"73802",0.00156773501657881,"OLAM_P022",50
"73803",197.913507735007,"OLAM_P022",100
"73804",0.00156773501657881,"OLAM_P022",25
"73805",0.00156773501657881,"OLAM_P022",50
"73806",1481.704147735,"OLAM_P022",100
"73807",0.00156773501657881,"OLAM_P022",25
"73808",0.00156773501657881,"OLAM_P022",50
"73809",-61.4939422649913,"OLAM_P022",100
"73810",0.00156773501657881,"OLAM_P022",25
"73811",0.00156773501657881,"OLAM_P022",50
"73812",-167.132712264982,"OLAM_P022",100
"73813",0.00156773501657881,"OLAM_P022",25
"73814",0.00156773501657881,"OLAM_P022",50
"73815",94.6490877350152,"OLAM_P022",100
"73816",0.00156773501657881,"OLAM_P022",25
"73817",0.00156773501657881,"OLAM_P022",50
"73818",951.324367735011,"OLAM_P022",100
"73819",0.00156773501657881,"OLAM_P022",25
"73820",0.00156773501657881,"OLAM_P022",50
"73821",-25.0904322649876,"OLAM_P022",100
"73822",0.00156773501657881,"OLAM_P022",25
"73823",0.00156773501657881,"OLAM_P022",50
"73824",459.310387735022,"OLAM_P022",100
"73825",0.00156773501657881,"OLAM_P022",25
"73826",0.00156773501657881,"OLAM_P022",50
"73827",3234.49489773501,"OLAM_P022",100
"73828",0.00156773501657881,"OLAM_P022",25
"73829",0.00156773501657881,"OLAM_P022",50
"73830",183.561607734999,"OLAM_P022",100
"73831",0.00156773501657881,"OLAM_P022",25
"73832",0.00156773501657881,"OLAM_P022",50
"73833",865.95486773501,"OLAM_P022",100
"73834",0.00156773501657881,"OLAM_P022",25
"73835",0.00156773501657881,"OLAM_P022",50
"73836",3071.87836773501,"OLAM_P022",100
"73837",0.00156773501657881,"OLAM_P022",25
"73838",0.00156773501657881,"OLAM_P022",50
"73839",99.83549773501,"OLAM_P022",100
"73840",0.00156773501657881,"OLAM_P022",25
"73841",0.00156773501657881,"OLAM_P022",50
"73842",-577.823532265,"OLAM_P022",100
"73843",0.00156773501657881,"OLAM_P022",25
"73844",0.00156773501657881,"OLAM_P022",50
"73845",105.888147735008,"OLAM_P022",100
"73846",0.00156773501657881,"OLAM_P022",25
"73847",0.00156773501657881,"OLAM_P022",50
"73848",1136.999107735,"OLAM_P022",100
"73849",0.00156773501657881,"OLAM_P022",25
"73850",0.00156773501657881,"OLAM_P022",50
"73851",599.509867735003,"OLAM_P022",100
"73852",0.00156773501657881,"OLAM_P022",25
"73853",0.00156773501657881,"OLAM_P022",50
"73854",-200.540432264999,"OLAM_P022",100
"73855",0.00156773501657881,"OLAM_P022",25
"73856",0.00156773501657881,"OLAM_P022",50
"73857",-1697.71111226498,"OLAM_P022",100
"73858",0.00156773501657881,"OLAM_P022",25
"73859",0.00156773501657881,"OLAM_P022",50
"73860",716.663797735004,"OLAM_P022",100
"73861",0.00156773501657881,"OLAM_P022",25
"73862",0.00156773501657881,"OLAM_P022",50
"73863",1096.17460773501,"OLAM_P022",100
"73864",0.00156773501657881,"OLAM_P022",25
"73865",0.00156773501657881,"OLAM_P022",50
"73866",556.945567735005,"OLAM_P022",100
"73867",0.00156773501657881,"OLAM_P022",25
"73868",0.00156773501657881,"OLAM_P022",50
"73869",768.658767735003,"OLAM_P022",100
"73870",0.00156773501657881,"OLAM_P022",25
"73871",0.00156773501657881,"OLAM_P022",50
"73872",-6.65865226500318,"OLAM_P022",100
"73873",0.00156773501657881,"OLAM_P022",25
"73874",0.00156773501657881,"OLAM_P022",50
"73875",67.8506677350088,"OLAM_P022",100
"73876",0.00156773501657881,"OLAM_P022",25
"73877",0.00156773501657881,"OLAM_P022",50
"73878",44.1985677350021,"OLAM_P022",100
"73879",0.00156773501657881,"OLAM_P022",25
"73880",0.00156773501657881,"OLAM_P022",50
"73881",134.801427735016,"OLAM_P022",100
"73882",0.00156773501657881,"OLAM_P022",25
"73883",0.00156773501657881,"OLAM_P022",50
"73884",43.3095677350066,"OLAM_P022",100
"73885",0.00156773501657881,"OLAM_P022",25
"73886",0.00156773501657881,"OLAM_P022",50
"73887",-177.718562264985,"OLAM_P022",100
"73888",0.00156773501657881,"OLAM_P022",25
"73889",0.00156773501657881,"OLAM_P022",50
"73890",-4.31045226499555,"OLAM_P022",100
"73891",0.00156773501657881,"OLAM_P022",25
"73892",0.00156773501657881,"OLAM_P022",50
"73893",-254.308332264976,"OLAM_P022",100
"73894",0.00156773501657881,"OLAM_P022",25
"73895",0.00156773501657881,"OLAM_P022",50
"73896",-143.822252265003,"OLAM_P022",100
"73897",0.00156773501657881,"OLAM_P022",25
"73898",0.00156773501657881,"OLAM_P022",50
"73899",-9.27779226499842,"OLAM_P022",100
"73900",0.00156773501657881,"OLAM_P022",25
"73901",0.00156773501657881,"OLAM_P022",50
"73902",-578.669432264986,"OLAM_P022",100
"73903",0.00156773501657881,"OLAM_P022",25
"73904",0.00156773501657881,"OLAM_P022",50
"73905",-81.129312264995,"OLAM_P022",100
"73906",0.00156773501657881,"OLAM_P022",25
"73907",0.00156773501657881,"OLAM_P022",50
"73908",-8777.41343226499,"OLAM_P022",100
"73909",0.00156773501657881,"OLAM_P022",25
"73910",0.00156773501657881,"OLAM_P022",50
"73911",-2452.44597226498,"OLAM_P022",100
"73912",0.00156773501657881,"OLAM_P022",25
"73913",0.00156773501657881,"OLAM_P022",50
"73914",-115.097762264981,"OLAM_P022",100
"73915",0.00156773501657881,"OLAM_P022",25
"73916",0.00156773501657881,"OLAM_P022",50
"73917",-256.572652264993,"OLAM_P022",100
"73918",0.00156773501657881,"OLAM_P022",25
"73919",0.00156773501657881,"OLAM_P022",50
"73920",1252.66358773501,"OLAM_P022",100
"73921",0.00156773501657881,"OLAM_P022",25
"73922",0.00156773501657881,"OLAM_P022",50
"73923",-1126.342112265,"OLAM_P022",100
"73924",0.00156773501657881,"OLAM_P022",25
"73925",0.00156773501657881,"OLAM_P022",50
"73926",-134.410562264995,"OLAM_P022",100
"73927",0.00156773501657881,"OLAM_P022",25
"73928",0.00156773501657881,"OLAM_P022",50
"73929",-547.072032264987,"OLAM_P022",100
"73930",0.00156773501657881,"OLAM_P022",25
"73931",0.00156773501657881,"OLAM_P022",50
"73932",65.4027477350028,"OLAM_P022",100
"73933",0.00156773501657881,"OLAM_P022",25
"73934",0.00156773501657881,"OLAM_P022",50
"73935",214.347027734999,"OLAM_P022",100
"73936",0.00156773501657881,"OLAM_P022",25
"73937",0.00156773501657881,"OLAM_P022",50
"73938",836.864567735,"OLAM_P022",100
"73939",0.00156773501657881,"OLAM_P022",25
"73940",0.00156773501657881,"OLAM_P022",50
"73941",493.662627735001,"OLAM_P022",100
"73942",0.00156773501657881,"OLAM_P022",25
"73943",0.00156773501657881,"OLAM_P022",50
"73944",76.5315677350154,"OLAM_P022",100
"73945",0.00156773501657881,"OLAM_P022",25
"73946",0.00156773501657881,"OLAM_P022",50
"73947",77.595287735021,"OLAM_P022",100
"73948",0.00156773501657881,"OLAM_P022",25
"73949",0.00156773501657881,"OLAM_P022",50
"73950",638.909167735022,"OLAM_P022",100
"73951",0.00156773501657881,"OLAM_P022",25
"73952",0.00156773501657881,"OLAM_P022",50
"73953",1116.67337773502,"OLAM_P022",100
"73954",0.00156773501657881,"OLAM_P022",25
"73955",0.00156773501657881,"OLAM_P022",50
"73956",1196.85646773502,"OLAM_P022",100
"73957",0.00156773501657881,"OLAM_P022",25
"73958",0.00156773501657881,"OLAM_P022",50
"73959",-336.891582265001,"OLAM_P022",100
"73960",0.00156773501657881,"OLAM_P022",25
"73961",0.00156773501657881,"OLAM_P022",50
"73962",-2.60348226499627,"OLAM_P022",100
"73963",0.00156773501657881,"OLAM_P022",25
"73964",0.00156773501657881,"OLAM_P022",50
"73965",-113.886532264994,"OLAM_P022",100
"73966",0.00156773501657881,"OLAM_P022",25
"73967",0.00156773501657881,"OLAM_P022",50
"73968",-9704.605332265,"OLAM_P022",100
"73969",0.00156773501657881,"OLAM_P022",25
"73970",0.00156773501657881,"OLAM_P022",50
"73971",-208.911552264995,"OLAM_P022",100
"73972",0.00156773501657881,"OLAM_P022",25
"73973",0.00156773501657881,"OLAM_P022",50
"73974",106.624367734999,"OLAM_P022",100
"73975",0.00156773501657881,"OLAM_P022",25
"73976",0.00156773501657881,"OLAM_P022",50
"73977",-341.532232264988,"OLAM_P022",100
"73978",0.00156773501657881,"OLAM_P022",25
"73979",0.00156773501657881,"OLAM_P022",50
"73980",-5.77256226498866,"OLAM_P022",100
"73981",0.00156773501657881,"OLAM_P022",25
"73982",0.00156773501657881,"OLAM_P022",50
"73983",-391.580072265002,"OLAM_P022",100
"73984",0.00156773501657881,"OLAM_P022",25
"73985",0.00156773501657881,"OLAM_P022",50
"73986",-66.842062265001,"OLAM_P022",100
"73987",0.00156773501657881,"OLAM_P022",25
"73988",0.00156773501657881,"OLAM_P022",50
"73989",815.500067735004,"OLAM_P022",100
"73990",0.00156773501657881,"OLAM_P022",25
"73991",0.00156773501657881,"OLAM_P022",50
"73992",547.463867735001,"OLAM_P022",100
"73993",0.00156773501657881,"OLAM_P022",25
"73994",0.00156773501657881,"OLAM_P022",50
"73995",-2158.272732265,"OLAM_P022",100
"73996",0.00156773501657881,"OLAM_P022",25
"73997",0.00156773501657881,"OLAM_P022",50
"73998",-13.7000322649837,"OLAM_P022",100
"73999",0.00156773501657881,"OLAM_P022",25
"74000",0.00156773501657881,"OLAM_P022",50
"74001",-18.237342264998,"OLAM_P022",100
"74002",0.00156773501657881,"OLAM_P022",25
"74003",0.00156773501657881,"OLAM_P022",50
"74004",302.526617735013,"OLAM_P022",100
"74005",0.00156773501657881,"OLAM_P022",25
"74006",0.00156773501657881,"OLAM_P022",50
"74007",-101.583162264986,"OLAM_P022",100
"74008",0.00156773501657881,"OLAM_P022",25
"74009",0.00156773501657881,"OLAM_P022",50
"74010",107.620067734999,"OLAM_P022",100
"74011",0.00156773501657881,"OLAM_P022",25
"74012",0.00156773501657881,"OLAM_P022",50
"74013",-9.59253226500005,"OLAM_P022",100
"74014",0.00156773501657881,"OLAM_P022",25
"74015",0.00156773501657881,"OLAM_P022",50
"74016",-765.541612264991,"OLAM_P022",100
"74017",0.00156773501657881,"OLAM_P022",25
"74018",0.00156773501657881,"OLAM_P022",50
"74019",23.9652077350183,"OLAM_P022",100
"74020",0.00156773501657881,"OLAM_P022",25
"74021",0.00156773501657881,"OLAM_P022",50
"74022",730.740297734999,"OLAM_P022",100
"74023",0.00156773501657881,"OLAM_P022",25
"74024",0.00156773501657881,"OLAM_P022",50
"74025",18.8657677349984,"OLAM_P022",100
"74026",0.00156773501657881,"OLAM_P022",25
"74027",0.00156773501657881,"OLAM_P022",50
"74028",272.61866773502,"OLAM_P022",100
"74029",0.00156773501657881,"OLAM_P022",25
"74030",0.00156773501657881,"OLAM_P022",50
"74031",-20.9564322649967,"OLAM_P022",100
"74032",0.00156773501657881,"OLAM_P022",25
"74033",0.00156773501657881,"OLAM_P022",50
"74034",-414.701612264995,"OLAM_P022",100
"74035",0.00156773501657881,"OLAM_P022",25
"74036",0.00156773501657881,"OLAM_P022",50
"74037",22.396887734998,"OLAM_P022",100
"74038",0.00156773501657881,"OLAM_P022",25
"74039",0.00156773501657881,"OLAM_P022",50
"74040",-186.766692264995,"OLAM_P022",100
"74041",0.00156773501657881,"OLAM_P022",25
"74042",0.00156773501657881,"OLAM_P022",50
"74043",-6.64947226498043,"OLAM_P022",100
"74044",0.00156773501657881,"OLAM_P022",25
"74045",0.00156773501657881,"OLAM_P022",50
"74046",437.153597735014,"OLAM_P022",100
"74047",0.00156773501657881,"OLAM_P022",25
"74048",0.00156773501657881,"OLAM_P022",50
"74049",329.331967735023,"OLAM_P022",100
"74050",0.00156773501657881,"OLAM_P022",25
"74051",0.00156773501657881,"OLAM_P022",50
"74052",11.0912977350235,"OLAM_P022",100
"74053",0.00156773501657881,"OLAM_P022",25
"74054",0.00156773501657881,"OLAM_P022",50
"74055",278.880867735017,"OLAM_P022",100
"74056",0.00156773501657881,"OLAM_P022",25
"74057",0.00156773501657881,"OLAM_P022",50
"74058",-296.540532265004,"OLAM_P022",100
"74059",0.00156773501657881,"OLAM_P022",25
"74060",0.00156773501657881,"OLAM_P022",50
"74061",-3.96252226497745,"OLAM_P022",100
"74062",0.00156773501657881,"OLAM_P022",25
"74063",0.00156773501657881,"OLAM_P022",50
"74064",1668.74809773502,"OLAM_P022",100
"74065",0.00156773501657881,"OLAM_P022",25
"74066",0.00156773501657881,"OLAM_P022",50
"74067",-4.10783226499916,"OLAM_P022",100
"74068",0.00156773501657881,"OLAM_P022",25
"74069",0.00156773501657881,"OLAM_P022",50
"74070",1104.86166773501,"OLAM_P022",100
"74071",0.00156773501657881,"OLAM_P022",25
"74072",0.00156773501657881,"OLAM_P022",50
"74073",722.179817735014,"OLAM_P022",100
"74074",0.00156773501657881,"OLAM_P022",25
"74075",0.00156773501657881,"OLAM_P022",50
"74076",475.001797735022,"OLAM_P022",100
"74077",0.00156773501657881,"OLAM_P022",25
"74078",0.00156773501657881,"OLAM_P022",50
"74079",-209.322512265004,"OLAM_P022",100
"74080",0.00156773501657881,"OLAM_P022",25
"74081",0.00156773501657881,"OLAM_P022",50
"74082",77.0535677350126,"OLAM_P022",100
"74083",0.00156773501657881,"OLAM_P022",25
"74084",0.00156773501657881,"OLAM_P022",50
"74085",-301.943862264976,"OLAM_P022",100
"74086",0.00156773501657881,"OLAM_P022",25
"74087",0.00156773501657881,"OLAM_P022",50
"74088",13.4374377350032,"OLAM_P022",100
"74089",0.00156773501657881,"OLAM_P022",25
"74090",0.00156773501657881,"OLAM_P022",50
"74091",19.7773677350197,"OLAM_P022",100
"74092",0.00156773501657881,"OLAM_P022",25
"74093",0.00156773501657881,"OLAM_P022",50
"74094",-113.318912264978,"OLAM_P022",100
"74095",0.00156773501657881,"OLAM_P022",25
"74096",0.00156773501657881,"OLAM_P022",50
"74097",1411.22158773502,"OLAM_P022",100
"74098",0.00156773501657881,"OLAM_P022",25
"74099",0.00156773501657881,"OLAM_P022",50
"74100",-51.2029222649871,"OLAM_P022",100
"74101",699.625558051979,"OLAM_P023",25
"74102",1860.23663805198,"OLAM_P023",50
"74103",6381.89209805202,"OLAM_P023",100
"74104",426.058168051997,"OLAM_P023",25
"74105",111.388468052028,"OLAM_P023",50
"74106",38.0352280520019,"OLAM_P023",100
"74107",315.60826805199,"OLAM_P023",25
"74108",5155.81377805199,"OLAM_P023",50
"74109",5669.283378052,"OLAM_P023",100
"74110",2355.488238052,"OLAM_P023",25
"74111",217.729508051998,"OLAM_P023",50
"74112",938.511508052005,"OLAM_P023",100
"74113",1417.493268052,"OLAM_P023",25
"74114",1401.10965805198,"OLAM_P023",50
"74115",11790.205878052,"OLAM_P023",100
"74116",-2613.96378194803,"OLAM_P023",25
"74117",3663.68418805202,"OLAM_P023",50
"74118",7556.302978052,"OLAM_P023",100
"74119",394.850508051983,"OLAM_P023",25
"74120",5.51322805200471,"OLAM_P023",50
"74121",22597.862938052,"OLAM_P023",100
"74122",-1967.03163194802,"OLAM_P023",25
"74123",2382.60574805201,"OLAM_P023",50
"74124",7908.92352805199,"OLAM_P023",100
"74125",1353.971298052,"OLAM_P023",25
"74126",-2889.18035194802,"OLAM_P023",50
"74127",3610.41828805202,"OLAM_P023",100
"74128",2116.081568052,"OLAM_P023",25
"74129",4705.31477805198,"OLAM_P023",50
"74130",5544.07701805199,"OLAM_P023",100
"74131",-2653.68382194801,"OLAM_P023",25
"74132",2399.37058805203,"OLAM_P023",50
"74133",-285.784021947999,"OLAM_P023",100
"74134",-2558.73026194802,"OLAM_P023",25
"74135",-1457.04524194798,"OLAM_P023",50
"74136",10997.704028052,"OLAM_P023",100
"74137",646.432568052027,"OLAM_P023",25
"74138",4745.25966805202,"OLAM_P023",50
"74139",-1043.14103194798,"OLAM_P023",100
"74140",288.314038051991,"OLAM_P023",25
"74141",5497.12088805198,"OLAM_P023",50
"74142",-36.6212919480167,"OLAM_P023",100
"74143",-713.121571947995,"OLAM_P023",25
"74144",35187.662768052,"OLAM_P023",50
"74145",1514.950598052,"OLAM_P023",100
"74146",3390.11306805199,"OLAM_P023",25
"74147",345.722068051982,"OLAM_P023",50
"74148",683.477808051975,"OLAM_P023",100
"74149",419.890798052016,"OLAM_P023",25
"74150",1449.46082805202,"OLAM_P023",50
"74151",2830.75165805197,"OLAM_P023",100
"74152",-2283.80843194801,"OLAM_P023",25
"74153",-1134.51345194801,"OLAM_P023",50
"74154",3383.36816805199,"OLAM_P023",100
"74155",564.440318052017,"OLAM_P023",25
"74156",818.621548052004,"OLAM_P023",50
"74157",10875.753088052,"OLAM_P023",100
"74158",1126.95793805202,"OLAM_P023",25
"74159",1292.28345805203,"OLAM_P023",50
"74160",4362.46008805197,"OLAM_P023",100
"74161",2967.66436805198,"OLAM_P023",25
"74162",-741.051631947979,"OLAM_P023",50
"74163",8433.29029805202,"OLAM_P023",100
"74164",-67.2861819479731,"OLAM_P023",25
"74165",1656.00602805201,"OLAM_P023",50
"74166",5795.49213805201,"OLAM_P023",100
"74167",-1404.62104194798,"OLAM_P023",25
"74168",1694.364538052,"OLAM_P023",50
"74169",-901.281201948004,"OLAM_P023",100
"74170",16.8052780519938,"OLAM_P023",25
"74171",592.136248052004,"OLAM_P023",50
"74172",-1239.45580194797,"OLAM_P023",100
"74173",2118.97836805199,"OLAM_P023",25
"74174",60.0272680519847,"OLAM_P023",50
"74175",2713.68199805199,"OLAM_P023",100
"74176",-2575.479731948,"OLAM_P023",25
"74177",597.518088051991,"OLAM_P023",50
"74178",-601.872781948012,"OLAM_P023",100
"74179",-2544.585131948,"OLAM_P023",25
"74180",-881.079131948005,"OLAM_P023",50
"74181",3443.71659805201,"OLAM_P023",100
"74182",1918.42565805197,"OLAM_P023",25
"74183",-2193.18299194798,"OLAM_P023",50
"74184",6969.57650805201,"OLAM_P023",100
"74185",885.501668051991,"OLAM_P023",25
"74186",-2140.16487194801,"OLAM_P023",50
"74187",3870.89455805201,"OLAM_P023",100
"74188",404.727668052015,"OLAM_P023",25
"74189",604.383738051984,"OLAM_P023",50
"74190",4659.09438805201,"OLAM_P023",100
"74191",-2557.09969194798,"OLAM_P023",25
"74192",528.653448052006,"OLAM_P023",50
"74193",1940.88517805201,"OLAM_P023",100
"74194",-162.082931948011,"OLAM_P023",25
"74195",-138.386761948001,"OLAM_P023",50
"74196",789.548518051975,"OLAM_P023",100
"74197",1371.874888052,"OLAM_P023",25
"74198",465.064128051978,"OLAM_P023",50
"74199",1825.09301805199,"OLAM_P023",100
"74200",1891.24266805197,"OLAM_P023",25
"74201",1214.08528805198,"OLAM_P023",50
"74202",1662.52160805202,"OLAM_P023",100
"74203",-17.7133219480165,"OLAM_P023",25
"74204",-795.508341947978,"OLAM_P023",50
"74205",-1191.957441948,"OLAM_P023",100
"74206",1575.93796805199,"OLAM_P023",25
"74207",-1621.277111948,"OLAM_P023",50
"74208",3096.39077805198,"OLAM_P023",100
"74209",1557.10607805202,"OLAM_P023",25
"74210",-271.111231948016,"OLAM_P023",50
"74211",5228.14774805203,"OLAM_P023",100
"74212",-1834.19998194801,"OLAM_P023",25
"74213",4352.95638805197,"OLAM_P023",50
"74214",-2417.02777194802,"OLAM_P023",100
"74215",1033.05796805199,"OLAM_P023",25
"74216",4233.63923805201,"OLAM_P023",50
"74217",34757.325728052,"OLAM_P023",100
"74218",-2850.11747194797,"OLAM_P023",25
"74219",-266.376921947987,"OLAM_P023",50
"74220",-871.477701948024,"OLAM_P023",100
"74221",-88.0345119480044,"OLAM_P023",25
"74222",13456.831258052,"OLAM_P023",50
"74223",2291.694238052,"OLAM_P023",100
"74224",-526.622511947993,"OLAM_P023",25
"74225",-1509.769191948,"OLAM_P023",50
"74226",2758.08303805202,"OLAM_P023",100
"74227",1830.22998805199,"OLAM_P023",25
"74228",-1236.66413194803,"OLAM_P023",50
"74229",31491.966148052,"OLAM_P023",100
"74230",-94.7117619480123,"OLAM_P023",25
"74231",3591.24189805199,"OLAM_P023",50
"74232",41412.171128052,"OLAM_P023",100
"74233",4377.58905805199,"OLAM_P023",25
"74234",-71.1015919480124,"OLAM_P023",50
"74235",-1093.51728194801,"OLAM_P023",100
"74236",-763.567521948018,"OLAM_P023",25
"74237",3194.12617805199,"OLAM_P023",50
"74238",35287.386018052,"OLAM_P023",100
"74239",287.578738051991,"OLAM_P023",25
"74240",868.447688052023,"OLAM_P023",50
"74241",-546.103011947998,"OLAM_P023",100
"74242",-119.894401948026,"OLAM_P023",25
"74243",-551.587011947995,"OLAM_P023",50
"74244",6012.760858052,"OLAM_P023",100
"74245",1516.11675805203,"OLAM_P023",25
"74246",2692.75346805202,"OLAM_P023",50
"74247",4940.12685805198,"OLAM_P023",100
"74248",-1845.27371194802,"OLAM_P023",25
"74249",-351.988161947986,"OLAM_P023",50
"74250",932.162068051985,"OLAM_P023",100
"74251",1942.544348052,"OLAM_P023",25
"74252",-397.470761947974,"OLAM_P023",50
"74253",61846.142278052,"OLAM_P023",100
"74254",-1173.278731948,"OLAM_P023",25
"74255",31.2228680520202,"OLAM_P023",50
"74256",1831.213638052,"OLAM_P023",100
"74257",-1426.60731194803,"OLAM_P023",25
"74258",6458.77733805199,"OLAM_P023",50
"74259",2291.09890805202,"OLAM_P023",100
"74260",1265.78334805201,"OLAM_P023",25
"74261",-1659.92856194801,"OLAM_P023",50
"74262",6006.96520805202,"OLAM_P023",100
"74263",1394.256928052,"OLAM_P023",25
"74264",-2359.45730194799,"OLAM_P023",50
"74265",4447.49983805203,"OLAM_P023",100
"74266",-31.5730419480242,"OLAM_P023",25
"74267",-133.755931948021,"OLAM_P023",50
"74268",7295.20593805198,"OLAM_P023",100
"74269",147.780068052001,"OLAM_P023",25
"74270",1799.36306805199,"OLAM_P023",50
"74271",-499.794181948004,"OLAM_P023",100
"74272",4790.249468052,"OLAM_P023",25
"74273",5503.37685805198,"OLAM_P023",50
"74274",3865.42548805202,"OLAM_P023",100
"74275",-78.2123719480005,"OLAM_P023",25
"74276",723.44320805202,"OLAM_P023",50
"74277",880.491878052009,"OLAM_P023",100
"74278",-2372.63686194801,"OLAM_P023",25
"74279",1889.26967805199,"OLAM_P023",50
"74280",37907.193478052,"OLAM_P023",100
"74281",30.428768052021,"OLAM_P023",25
"74282",932.682738051983,"OLAM_P023",50
"74283",1192.31724805199,"OLAM_P023",100
"74284",223.780668051972,"OLAM_P023",25
"74285",744.261488052027,"OLAM_P023",50
"74286",6821.81535805197,"OLAM_P023",100
"74287",518.306268052023,"OLAM_P023",25
"74288",3866.159478052,"OLAM_P023",50
"74289",841.503418051987,"OLAM_P023",100
"74290",2514.47391805198,"OLAM_P023",25
"74291",-27.7982219479745,"OLAM_P023",50
"74292",5243.14895805198,"OLAM_P023",100
"74293",1047.639948052,"OLAM_P023",25
"74294",-1644.236711948,"OLAM_P023",50
"74295",7924.58460805198,"OLAM_P023",100
"74296",1473.71223805199,"OLAM_P023",25
"74297",1339.952868052,"OLAM_P023",50
"74298",6265.15690805198,"OLAM_P023",100
"74299",-1392.954031948,"OLAM_P023",25
"74300",34801.891878052,"OLAM_P023",50
"74301",718.35117805202,"OLAM_P023",100
"74302",879.216368052003,"OLAM_P023",25
"74303",-351.749031947984,"OLAM_P023",50
"74304",37426.020618052,"OLAM_P023",100
"74305",-784.853661948,"OLAM_P023",25
"74306",3379.239568052,"OLAM_P023",50
"74307",10708.863528052,"OLAM_P023",100
"74308",3.0906780519872,"OLAM_P023",25
"74309",355.035108052019,"OLAM_P023",50
"74310",5296.177038052,"OLAM_P023",100
"74311",1935.29373805202,"OLAM_P023",25
"74312",487.330968051974,"OLAM_P023",50
"74313",7524.66191805201,"OLAM_P023",100
"74314",1083.83673805202,"OLAM_P023",25
"74315",710.698888052022,"OLAM_P023",50
"74316",39074.666808052,"OLAM_P023",100
"74317",-400.731941948005,"OLAM_P023",25
"74318",3429.36713805201,"OLAM_P023",50
"74319",7479.38245805202,"OLAM_P023",100
"74320",677.963038052025,"OLAM_P023",25
"74321",1054.07216805202,"OLAM_P023",50
"74322",206.873558052001,"OLAM_P023",100
"74323",425.404998051992,"OLAM_P023",25
"74324",-248.575101947994,"OLAM_P023",50
"74325",5623.998298052,"OLAM_P023",100
"74326",3170.98736805201,"OLAM_P023",25
"74327",3437.98248805199,"OLAM_P023",50
"74328",6602.07999805198,"OLAM_P023",100
"74329",2854.93036805198,"OLAM_P023",25
"74330",-589.657371948007,"OLAM_P023",50
"74331",2810.60521805199,"OLAM_P023",100
"74332",99.1910580520052,"OLAM_P023",25
"74333",40490.122568052,"OLAM_P023",50
"74334",3136.08505805198,"OLAM_P023",100
"74335",13000.005138052,"OLAM_P023",25
"74336",10037.679938052,"OLAM_P023",50
"74337",1841.68880805199,"OLAM_P023",100
"74338",-1523.18964194797,"OLAM_P023",25
"74339",-1821.74354194797,"OLAM_P023",50
"74340",722.152588051977,"OLAM_P023",100
"74341",1806.21255805198,"OLAM_P023",25
"74342",-1442.110441948,"OLAM_P023",50
"74343",1907.07912805199,"OLAM_P023",100
"74344",1315.15145805199,"OLAM_P023",25
"74345",5799.60880805203,"OLAM_P023",50
"74346",9139.23972805199,"OLAM_P023",100
"74347",-518.454941948003,"OLAM_P023",25
"74348",151.54060805199,"OLAM_P023",50
"74349",1207.17897805199,"OLAM_P023",100
"74350",-355.12121194799,"OLAM_P023",25
"74351",311.238938051974,"OLAM_P023",50
"74352",2698.045938052,"OLAM_P023",100
"74353",-1813.44433194801,"OLAM_P023",25
"74354",996.075988052005,"OLAM_P023",50
"74355",24.4472580520087,"OLAM_P023",100
"74356",-276.367781948007,"OLAM_P023",25
"74357",4016.208998052,"OLAM_P023",50
"74358",499.562318051991,"OLAM_P023",100
"74359",221.935258052021,"OLAM_P023",25
"74360",2602.041068052,"OLAM_P023",50
"74361",36560.355438052,"OLAM_P023",100
"74362",4231.38965805201,"OLAM_P023",25
"74363",13345.078728052,"OLAM_P023",50
"74364",-1615.60685194802,"OLAM_P023",100
"74365",1286.83613805199,"OLAM_P023",25
"74366",-2614.547001948,"OLAM_P023",50
"74367",6564.08297805197,"OLAM_P023",100
"74368",1873.84778805199,"OLAM_P023",25
"74369",5878.51634805201,"OLAM_P023",50
"74370",9810.80111805198,"OLAM_P023",100
"74371",1126.25446805201,"OLAM_P023",25
"74372",-2009.79916194797,"OLAM_P023",50
"74373",18822.068588052,"OLAM_P023",100
"74374",37.3738680519746,"OLAM_P023",25
"74375",7952.14235805202,"OLAM_P023",50
"74376",-569.414551948023,"OLAM_P023",100
"74377",10.3338080520043,"OLAM_P023",25
"74378",-238.618661948014,"OLAM_P023",50
"74379",706.570018052007,"OLAM_P023",100
"74380",10.7961380520137,"OLAM_P023",25
"74381",-292.217581947974,"OLAM_P023",50
"74382",-153.609811947972,"OLAM_P023",100
"74383",-1607.07551194797,"OLAM_P023",25
"74384",3211.83407805202,"OLAM_P023",50
"74385",9766.230128052,"OLAM_P023",100
"74386",-688.439211948018,"OLAM_P023",25
"74387",1497.36196805199,"OLAM_P023",50
"74388",41156.030528052,"OLAM_P023",100
"74389",1114.52903805202,"OLAM_P023",25
"74390",2220.00898805202,"OLAM_P023",50
"74391",3863.40631805197,"OLAM_P023",100
"74392",1274.23825805198,"OLAM_P023",25
"74393",2126.27177805197,"OLAM_P023",50
"74394",4404.45991805202,"OLAM_P023",100
"74395",2398.34636805201,"OLAM_P023",25
"74396",995.870388052019,"OLAM_P023",50
"74397",45684.032128052,"OLAM_P023",100
"74398",680.028838052007,"OLAM_P023",25
"74399",1492.10810805199,"OLAM_P023",50
"74400",3716.038278052,"OLAM_P023",100
"74401",269.317251385015,"OLAM_P024",25
"74402",1583.50077138498,"OLAM_P024",50
"74403",641.150931384997,"OLAM_P024",100
"74404",304.206951385015,"OLAM_P024",25
"74405",18.84542138502,"OLAM_P024",50
"74406",432.385401384963,"OLAM_P024",100
"74407",105.907351384987,"OLAM_P024",25
"74408",344.224051385012,"OLAM_P024",50
"74409",471.154921384994,"OLAM_P024",100
"74410",1445.98095138499,"OLAM_P024",25
"74411",-222.821208615031,"OLAM_P024",50
"74412",2880.13863138499,"OLAM_P024",100
"74413",491.463951384998,"OLAM_P024",25
"74414",1192.94877138501,"OLAM_P024",50
"74415",49.8088513849652,"OLAM_P024",100
"74416",-493.938328614982,"OLAM_P024",25
"74417",14332.677351385,"OLAM_P024",50
"74418",3808.22053138498,"OLAM_P024",100
"74419",149.282971384993,"OLAM_P024",25
"74420",153.416451385012,"OLAM_P024",50
"74421",-32.9444486150169,"OLAM_P024",100
"74422",2583.48687138502,"OLAM_P024",25
"74423",734.263951384986,"OLAM_P024",50
"74424",1101.91463138501,"OLAM_P024",100
"74425",510.90475138498,"OLAM_P024",25
"74426",135.910331384977,"OLAM_P024",50
"74427",4514.67753138498,"OLAM_P024",100
"74428",-239.060028615,"OLAM_P024",25
"74429",92.3789113849634,"OLAM_P024",50
"74430",15218.759631385,"OLAM_P024",100
"74431",-19.8326486150036,"OLAM_P024",25
"74432",1199.99804138497,"OLAM_P024",50
"74433",5111.94618138496,"OLAM_P024",100
"74434",18210.810471385,"OLAM_P024",25
"74435",3173.673391385,"OLAM_P024",50
"74436",6306.590931385,"OLAM_P024",100
"74437",71.8220513850101,"OLAM_P024",25
"74438",-298.635088615003,"OLAM_P024",50
"74439",1463.61073138501,"OLAM_P024",100
"74440",14.6553713849862,"OLAM_P024",25
"74441",1078.521551385,"OLAM_P024",50
"74442",7812.03233138501,"OLAM_P024",100
"74443",-7.49812861502869,"OLAM_P024",25
"74444",13297.109751385,"OLAM_P024",50
"74445",147.173641384987,"OLAM_P024",100
"74446",215.517951385002,"OLAM_P024",25
"74447",88.3695113849826,"OLAM_P024",50
"74448",-117.220958615013,"OLAM_P024",100
"74449",68.217651384999,"OLAM_P024",25
"74450",1715.27097138501,"OLAM_P024",50
"74451",4199.31969138497,"OLAM_P024",100
"74452",-343.173328615027,"OLAM_P024",25
"74453",775.166751384968,"OLAM_P024",50
"74454",3764.95043138502,"OLAM_P024",100
"74455",66.2433513849974,"OLAM_P024",25
"74456",3140.63155138498,"OLAM_P024",50
"74457",369.081221384986,"OLAM_P024",100
"74458",36.4788713849848,"OLAM_P024",25
"74459",528.558831384988,"OLAM_P024",50
"74460",8379.49201138498,"OLAM_P024",100
"74461",1523.49915138498,"OLAM_P024",25
"74462",536.140431384963,"OLAM_P024",50
"74463",1577.48843138502,"OLAM_P024",100
"74464",499.212471385021,"OLAM_P024",25
"74465",46.7612713850103,"OLAM_P024",50
"74466",2282.07601138501,"OLAM_P024",100
"74467",1733.32815138501,"OLAM_P024",25
"74468",-306.147378614987,"OLAM_P024",50
"74469",6190.10353138502,"OLAM_P024",100
"74470",-161.757928615029,"OLAM_P024",25
"74471",1445.41045138502,"OLAM_P024",50
"74472",2084.33653138496,"OLAM_P024",100
"74473",2430.99247138499,"OLAM_P024",25
"74474",823.609251384973,"OLAM_P024",50
"74475",939.298531384964,"OLAM_P024",100
"74476",20.3835413850029,"OLAM_P024",25
"74477",2064.49395138497,"OLAM_P024",50
"74478",13248.029831385,"OLAM_P024",100
"74479",-468.064728614991,"OLAM_P024",25
"74480",1378.83195138501,"OLAM_P024",50
"74481",119.348131384992,"OLAM_P024",100
"74482",728.611051385,"OLAM_P024",25
"74483",238.384951384971,"OLAM_P024",50
"74484",14978.263231385,"OLAM_P024",100
"74485",-359.143628615013,"OLAM_P024",25
"74486",-567.543988614983,"OLAM_P024",50
"74487",1150.81285138498,"OLAM_P024",100
"74488",287.42607138498,"OLAM_P024",25
"74489",-270.304138615029,"OLAM_P024",50
"74490",18393.128201385,"OLAM_P024",100
"74491",3223.04595138499,"OLAM_P024",25
"74492",517.451541384973,"OLAM_P024",50
"74493",5862.83693138498,"OLAM_P024",100
"74494",259.501171384996,"OLAM_P024",25
"74495",541.232351384999,"OLAM_P024",50
"74496",2291.51916138502,"OLAM_P024",100
"74497",54.7244713850087,"OLAM_P024",25
"74498",703.049231384997,"OLAM_P024",50
"74499",8314.00741138501,"OLAM_P024",100
"74500",4277.702951385,"OLAM_P024",25
"74501",468.300141385,"OLAM_P024",50
"74502",910.261431385006,"OLAM_P024",100
"74503",906.622651384969,"OLAM_P024",25
"74504",255.743621385016,"OLAM_P024",50
"74505",12774.088161385,"OLAM_P024",100
"74506",850.273571385012,"OLAM_P024",25
"74507",10950.740431385,"OLAM_P024",50
"74508",13316.506261385,"OLAM_P024",100
"74509",10430.508951385,"OLAM_P024",25
"74510",873.612171384972,"OLAM_P024",50
"74511",16281.425381385,"OLAM_P024",100
"74512",485.869351384987,"OLAM_P024",25
"74513",-524.401208614989,"OLAM_P024",50
"74514",372.168051384971,"OLAM_P024",100
"74515",192.393251385016,"OLAM_P024",25
"74516",4923.60325138498,"OLAM_P024",50
"74517",10205.897381385,"OLAM_P024",100
"74518",23.0544113849755,"OLAM_P024",25
"74519",1921.07933138497,"OLAM_P024",50
"74520",948.170541385014,"OLAM_P024",100
"74521",215.517951385002,"OLAM_P024",25
"74522",200.083951384993,"OLAM_P024",50
"74523",1834.49248138501,"OLAM_P024",100
"74524",1530.99195138499,"OLAM_P024",25
"74525",366.106871385011,"OLAM_P024",50
"74526",1034.475831385,"OLAM_P024",100
"74527",5133.24487138499,"OLAM_P024",25
"74528",420.123451385007,"OLAM_P024",50
"74529",4462.61697138497,"OLAM_P024",100
"74530",-12.180548614997,"OLAM_P024",25
"74531",1876.66487138497,"OLAM_P024",50
"74532",3524.68722138501,"OLAM_P024",100
"74533",-521.236568615015,"OLAM_P024",25
"74534",5144.44305138499,"OLAM_P024",50
"74535",3459.43769138498,"OLAM_P024",100
"74536",-9.21412861498538,"OLAM_P024",25
"74537",-536.303058615013,"OLAM_P024",50
"74538",95.539931384963,"OLAM_P024",100
"74539",12599.343871385,"OLAM_P024",25
"74540",-463.570168615028,"OLAM_P024",50
"74541",3321.76872138499,"OLAM_P024",100
"74542",43.8731713849702,"OLAM_P024",25
"74543",1324.54837138497,"OLAM_P024",50
"74544",12482.786021385,"OLAM_P024",100
"74545",707.660871385015,"OLAM_P024",25
"74546",205.757851384988,"OLAM_P024",50
"74547",1116.53079138498,"OLAM_P024",100
"74548",-283.176728615013,"OLAM_P024",25
"74549",414.968431385001,"OLAM_P024",50
"74550",2746.61683138501,"OLAM_P024",100
"74551",607.557051384996,"OLAM_P024",25
"74552",1741.67325138499,"OLAM_P024",50
"74553",2030.21511138498,"OLAM_P024",100
"74554",2166.30515138496,"OLAM_P024",25
"74555",948.886231384997,"OLAM_P024",50
"74556",3880.99673138501,"OLAM_P024",100
"74557",14.4882713849656,"OLAM_P024",25
"74558",170.655051384994,"OLAM_P024",50
"74559",194.795231384982,"OLAM_P024",100
"74560",20.9093913849792,"OLAM_P024",25
"74561",3578.21945138497,"OLAM_P024",50
"74562",10633.872331385,"OLAM_P024",100
"74563",76.5910513849813,"OLAM_P024",25
"74564",1377.150351385,"OLAM_P024",50
"74565",13669.961931385,"OLAM_P024",100
"74566",1607.31995138497,"OLAM_P024",25
"74567",-18.8468086150242,"OLAM_P024",50
"74568",1165.625781385,"OLAM_P024",100
"74569",1029.46487138502,"OLAM_P024",25
"74570",1044.34087138501,"OLAM_P024",50
"74571",680.526071385015,"OLAM_P024",100
"74572",147.285551384964,"OLAM_P024",25
"74573",643.233731384971,"OLAM_P024",50
"74574",2435.03007138497,"OLAM_P024",100
"74575",534.576151384972,"OLAM_P024",25
"74576",325.669211385015,"OLAM_P024",50
"74577",176.450431385019,"OLAM_P024",100
"74578",424.218871384976,"OLAM_P024",25
"74579",1414.642531385,"OLAM_P024",50
"74580",696.40773138497,"OLAM_P024",100
"74581",-502.144628615002,"OLAM_P024",25
"74582",224.768651384977,"OLAM_P024",50
"74583",75.709451385017,"OLAM_P024",100
"74584",269.366571385006,"OLAM_P024",25
"74585",7986.17629138497,"OLAM_P024",50
"74586",3871.82473138499,"OLAM_P024",100
"74587",36.1307513850043,"OLAM_P024",25
"74588",-315.173348615004,"OLAM_P024",50
"74589",4785.41001138499,"OLAM_P024",100
"74590",69.4231513849809,"OLAM_P024",25
"74591",6296.16543138499,"OLAM_P024",50
"74592",1221.12915138499,"OLAM_P024",100
"74593",-469.957028614997,"OLAM_P024",25
"74594",1511.221251385,"OLAM_P024",50
"74595",355.818531384983,"OLAM_P024",100
"74596",-40.0840286150342,"OLAM_P024",25
"74597",877.886521384993,"OLAM_P024",50
"74598",6370.42810138501,"OLAM_P024",100
"74599",312.260471384972,"OLAM_P024",25
"74600",3299.36680138501,"OLAM_P024",50
"74601",3807.68275138497,"OLAM_P024",100
"74602",702.802251385001,"OLAM_P024",25
"74603",475.123951384972,"OLAM_P024",50
"74604",288.142271385004,"OLAM_P024",100
"74605",356.854551384982,"OLAM_P024",25
"74606",401.290051385004,"OLAM_P024",50
"74607",-458.129328615032,"OLAM_P024",100
"74608",3845.98095138499,"OLAM_P024",25
"74609",1078.18935138499,"OLAM_P024",50
"74610",4838.06563138502,"OLAM_P024",100
"74611",192.393251385016,"OLAM_P024",25
"74612",-233.623008614988,"OLAM_P024",50
"74613",5003.03903138498,"OLAM_P024",100
"74614",19.8189113849658,"OLAM_P024",25
"74615",5125.97170138499,"OLAM_P024",50
"74616",471.583521384979,"OLAM_P024",100
"74617",805.417051384982,"OLAM_P024",25
"74618",2881.47575138498,"OLAM_P024",50
"74619",1409.239361385,"OLAM_P024",100
"74620",234.681751384982,"OLAM_P024",25
"74621",7803.40542138502,"OLAM_P024",50
"74622",473.414321384975,"OLAM_P024",100
"74623",335.295371385,"OLAM_P024",25
"74624",700.096941385011,"OLAM_P024",50
"74625",4979.80483138497,"OLAM_P024",100
"74626",296.714151385007,"OLAM_P024",25
"74627",37.29743138497,"OLAM_P024",50
"74628",-535.323348615027,"OLAM_P024",100
"74629",84.1689713849919,"OLAM_P024",25
"74630",4103.861571385,"OLAM_P024",50
"74631",13004.572231385,"OLAM_P024",100
"74632",-455.286028615024,"OLAM_P024",25
"74633",112.10569138499,"OLAM_P024",50
"74634",8193.46109138499,"OLAM_P024",100
"74635",341.846971385006,"OLAM_P024",25
"74636",5809.519831385,"OLAM_P024",50
"74637",398.501101384987,"OLAM_P024",100
"74638",31.2196513849776,"OLAM_P024",25
"74639",2701.39338138502,"OLAM_P024",50
"74640",209.18567138497,"OLAM_P024",100
"74641",173.308571384987,"OLAM_P024",25
"74642",775.668351384986,"OLAM_P024",50
"74643",376.682781384967,"OLAM_P024",100
"74644",-41.9874786150176,"OLAM_P024",25
"74645",565.609551384987,"OLAM_P024",50
"74646",2986.25913138501,"OLAM_P024",100
"74647",760.71897138498,"OLAM_P024",25
"74648",2638.32635138498,"OLAM_P024",50
"74649",727.559781385004,"OLAM_P024",100
"74650",1533.45387138502,"OLAM_P024",25
"74651",-69.292608615011,"OLAM_P024",50
"74652",-261.960978614981,"OLAM_P024",100
"74653",-381.028328615008,"OLAM_P024",25
"74654",-47.2370686149807,"OLAM_P024",50
"74655",1185.37946138502,"OLAM_P024",100
"74656",-41.0262886150158,"OLAM_P024",25
"74657",274.955851385021,"OLAM_P024",50
"74658",5580.44733138499,"OLAM_P024",100
"74659",365.825651385006,"OLAM_P024",25
"74660",-490.958508615033,"OLAM_P024",50
"74661",4915.69095138501,"OLAM_P024",100
"74662",822.654651384975,"OLAM_P024",25
"74663",12799.941671385,"OLAM_P024",50
"74664",725.411131385015,"OLAM_P024",100
"74665",416.09715138498,"OLAM_P024",25
"74666",1779.29585138499,"OLAM_P024",50
"74667",5023.07103138498,"OLAM_P024",100
"74668",252.292371384974,"OLAM_P024",25
"74669",2404.11135138501,"OLAM_P024",50
"74670",81.8561213850044,"OLAM_P024",100
"74671",638.581871384988,"OLAM_P024",25
"74672",568.243381384993,"OLAM_P024",50
"74673",4790.99723138497,"OLAM_P024",100
"74674",50.8477713849861,"OLAM_P024",25
"74675",312.322751384985,"OLAM_P024",50
"74676",4887.97387138498,"OLAM_P024",100
"74677",573.976551385014,"OLAM_P024",25
"74678",473.963371385005,"OLAM_P024",50
"74679",-134.463388614997,"OLAM_P024",100
"74680",926.277451384987,"OLAM_P024",25
"74681",1642.37655138498,"OLAM_P024",50
"74682",12100.253811385,"OLAM_P024",100
"74683",-2.19212861498818,"OLAM_P024",25
"74684",812.806151385012,"OLAM_P024",50
"74685",6751.24693138502,"OLAM_P024",100
"74686",4245.30787138501,"OLAM_P024",25
"74687",785.586841384997,"OLAM_P024",50
"74688",2112.15712138498,"OLAM_P024",100
"74689",3153.61747138499,"OLAM_P024",25
"74690",270.899751384975,"OLAM_P024",50
"74691",12966.138261385,"OLAM_P024",100
"74692",-46.5057686149958,"OLAM_P024",25
"74693",736.427031385014,"OLAM_P024",50
"74694",4968.714991385,"OLAM_P024",100
"74695",-36.6038086150074,"OLAM_P024",25
"74696",4063.39968138497,"OLAM_P024",50
"74697",3412.80943138502,"OLAM_P024",100
"74698",-550.746428615006,"OLAM_P024",25
"74699",832.632351384964,"OLAM_P024",50
"74700",2029.99713138497,"OLAM_P024",100
"74701",-0.00718915398465469,"OLAM_P025",25
"74702",-0.00718915398465469,"OLAM_P025",50
"74703",-0.00718915398465469,"OLAM_P025",100
"74704",-0.00718915398465469,"OLAM_P025",25
"74705",-0.00718915398465469,"OLAM_P025",50
"74706",-0.00718915398465469,"OLAM_P025",100
"74707",-0.00718915398465469,"OLAM_P025",25
"74708",-0.00718915398465469,"OLAM_P025",50
"74709",-0.00718915398465469,"OLAM_P025",100
"74710",-0.00718915398465469,"OLAM_P025",25
"74711",-0.00718915398465469,"OLAM_P025",50
"74712",-0.00718915398465469,"OLAM_P025",100
"74713",-0.00718915398465469,"OLAM_P025",25
"74714",-0.00718915398465469,"OLAM_P025",50
"74715",-0.00718915398465469,"OLAM_P025",100
"74716",-0.00718915398465469,"OLAM_P025",25
"74717",-0.00718915398465469,"OLAM_P025",50
"74718",-0.00718915398465469,"OLAM_P025",100
"74719",-0.00718915398465469,"OLAM_P025",25
"74720",-0.00718915398465469,"OLAM_P025",50
"74721",-0.00718915398465469,"OLAM_P025",100
"74722",-0.00718915398465469,"OLAM_P025",25
"74723",-0.00718915398465469,"OLAM_P025",50
"74724",-0.00718915398465469,"OLAM_P025",100
"74725",-0.00718915398465469,"OLAM_P025",25
"74726",-0.00718915398465469,"OLAM_P025",50
"74727",-0.00718915398465469,"OLAM_P025",100
"74728",-0.00718915398465469,"OLAM_P025",25
"74729",-0.00718915398465469,"OLAM_P025",50
"74730",-0.00718915398465469,"OLAM_P025",100
"74731",-0.00718915398465469,"OLAM_P025",25
"74732",-0.00718915398465469,"OLAM_P025",50
"74733",-0.00718915398465469,"OLAM_P025",100
"74734",-0.00718915398465469,"OLAM_P025",25
"74735",-0.00718915398465469,"OLAM_P025",50
"74736",-0.00718915398465469,"OLAM_P025",100
"74737",-0.00718915398465469,"OLAM_P025",25
"74738",-0.00718915398465469,"OLAM_P025",50
"74739",-0.00718915398465469,"OLAM_P025",100
"74740",-0.00718915398465469,"OLAM_P025",25
"74741",-0.00718915398465469,"OLAM_P025",50
"74742",-0.00718915398465469,"OLAM_P025",100
"74743",-0.00718915398465469,"OLAM_P025",25
"74744",-0.00718915398465469,"OLAM_P025",50
"74745",-0.00718915398465469,"OLAM_P025",100
"74746",-0.00718915398465469,"OLAM_P025",25
"74747",-0.00718915398465469,"OLAM_P025",50
"74748",-0.00718915398465469,"OLAM_P025",100
"74749",-0.00718915398465469,"OLAM_P025",25
"74750",-0.00718915398465469,"OLAM_P025",50
"74751",-0.00718915398465469,"OLAM_P025",100
"74752",-0.00718915398465469,"OLAM_P025",25
"74753",-0.00718915398465469,"OLAM_P025",50
"74754",-0.00718915398465469,"OLAM_P025",100
"74755",-0.00718915398465469,"OLAM_P025",25
"74756",-0.00718915398465469,"OLAM_P025",50
"74757",-0.00718915398465469,"OLAM_P025",100
"74758",-0.00718915398465469,"OLAM_P025",25
"74759",-0.00718915398465469,"OLAM_P025",50
"74760",-0.00718915398465469,"OLAM_P025",100
"74761",-0.00718915398465469,"OLAM_P025",25
"74762",-0.00718915398465469,"OLAM_P025",50
"74763",-0.00718915398465469,"OLAM_P025",100
"74764",-0.00718915398465469,"OLAM_P025",25
"74765",-0.00718915398465469,"OLAM_P025",50
"74766",-0.00718915398465469,"OLAM_P025",100
"74767",-0.00718915398465469,"OLAM_P025",25
"74768",-0.00718915398465469,"OLAM_P025",50
"74769",-0.00718915398465469,"OLAM_P025",100
"74770",-0.00718915398465469,"OLAM_P025",25
"74771",-0.00718915398465469,"OLAM_P025",50
"74772",-0.00718915398465469,"OLAM_P025",100
"74773",-0.00718915398465469,"OLAM_P025",25
"74774",-0.00718915398465469,"OLAM_P025",50
"74775",-0.00718915398465469,"OLAM_P025",100
"74776",-0.00718915398465469,"OLAM_P025",25
"74777",-0.00718915398465469,"OLAM_P025",50
"74778",-0.00718915398465469,"OLAM_P025",100
"74779",-0.00718915398465469,"OLAM_P025",25
"74780",-0.00718915398465469,"OLAM_P025",50
"74781",-0.00718915398465469,"OLAM_P025",100
"74782",-0.00718915398465469,"OLAM_P025",25
"74783",-0.00718915398465469,"OLAM_P025",50
"74784",-0.00718915398465469,"OLAM_P025",100
"74785",-0.00718915398465469,"OLAM_P025",25
"74786",-0.00718915398465469,"OLAM_P025",50
"74787",-0.00718915398465469,"OLAM_P025",100
"74788",-0.00718915398465469,"OLAM_P025",25
"74789",-0.00718915398465469,"OLAM_P025",50
"74790",-0.00718915398465469,"OLAM_P025",100
"74791",-0.00718915398465469,"OLAM_P025",25
"74792",-0.00718915398465469,"OLAM_P025",50
"74793",-0.00718915398465469,"OLAM_P025",100
"74794",-0.00718915398465469,"OLAM_P025",25
"74795",-0.00718915398465469,"OLAM_P025",50
"74796",-0.00718915398465469,"OLAM_P025",100
"74797",-0.00718915398465469,"OLAM_P025",25
"74798",-0.00718915398465469,"OLAM_P025",50
"74799",-0.00718915398465469,"OLAM_P025",100
"74800",-0.00718915398465469,"OLAM_P025",25
"74801",-0.00718915398465469,"OLAM_P025",50
"74802",-0.00718915398465469,"OLAM_P025",100
"74803",-0.00718915398465469,"OLAM_P025",25
"74804",-0.00718915398465469,"OLAM_P025",50
"74805",-0.00718915398465469,"OLAM_P025",100
"74806",-0.00718915398465469,"OLAM_P025",25
"74807",-0.00718915398465469,"OLAM_P025",50
"74808",-0.00718915398465469,"OLAM_P025",100
"74809",-0.00718915398465469,"OLAM_P025",25
"74810",-0.00718915398465469,"OLAM_P025",50
"74811",-0.00718915398465469,"OLAM_P025",100
"74812",-0.00718915398465469,"OLAM_P025",25
"74813",-0.00718915398465469,"OLAM_P025",50
"74814",-0.00718915398465469,"OLAM_P025",100
"74815",-0.00718915398465469,"OLAM_P025",25
"74816",-0.00718915398465469,"OLAM_P025",50
"74817",-0.00718915398465469,"OLAM_P025",100
"74818",-0.00718915398465469,"OLAM_P025",25
"74819",-0.00718915398465469,"OLAM_P025",50
"74820",-0.00718915398465469,"OLAM_P025",100
"74821",-0.00718915398465469,"OLAM_P025",25
"74822",-0.00718915398465469,"OLAM_P025",50
"74823",-0.00718915398465469,"OLAM_P025",100
"74824",-0.00718915398465469,"OLAM_P025",25
"74825",-0.00718915398465469,"OLAM_P025",50
"74826",-0.00718915398465469,"OLAM_P025",100
"74827",-0.00718915398465469,"OLAM_P025",25
"74828",-0.00718915398465469,"OLAM_P025",50
"74829",-0.00718915398465469,"OLAM_P025",100
"74830",-0.00718915398465469,"OLAM_P025",25
"74831",-0.00718915398465469,"OLAM_P025",50
"74832",-0.00718915398465469,"OLAM_P025",100
"74833",-0.00718915398465469,"OLAM_P025",25
"74834",-0.00718915398465469,"OLAM_P025",50
"74835",-0.00718915398465469,"OLAM_P025",100
"74836",-0.00718915398465469,"OLAM_P025",25
"74837",-0.00718915398465469,"OLAM_P025",50
"74838",-0.00718915398465469,"OLAM_P025",100
"74839",-0.00718915398465469,"OLAM_P025",25
"74840",-0.00718915398465469,"OLAM_P025",50
"74841",-0.00718915398465469,"OLAM_P025",100
"74842",-0.00718915398465469,"OLAM_P025",25
"74843",-0.00718915398465469,"OLAM_P025",50
"74844",-0.00718915398465469,"OLAM_P025",100
"74845",-0.00718915398465469,"OLAM_P025",25
"74846",-0.00718915398465469,"OLAM_P025",50
"74847",-0.00718915398465469,"OLAM_P025",100
"74848",-0.00718915398465469,"OLAM_P025",25
"74849",-0.00718915398465469,"OLAM_P025",50
"74850",-0.00718915398465469,"OLAM_P025",100
"74851",-0.00718915398465469,"OLAM_P025",25
"74852",-0.00718915398465469,"OLAM_P025",50
"74853",-0.00718915398465469,"OLAM_P025",100
"74854",-0.00718915398465469,"OLAM_P025",25
"74855",-0.00718915398465469,"OLAM_P025",50
"74856",-0.00718915398465469,"OLAM_P025",100
"74857",-0.00718915398465469,"OLAM_P025",25
"74858",-0.00718915398465469,"OLAM_P025",50
"74859",-0.00718915398465469,"OLAM_P025",100
"74860",-0.00718915398465469,"OLAM_P025",25
"74861",-0.00718915398465469,"OLAM_P025",50
"74862",-0.00718915398465469,"OLAM_P025",100
"74863",-0.00718915398465469,"OLAM_P025",25
"74864",-0.00718915398465469,"OLAM_P025",50
"74865",-0.00718915398465469,"OLAM_P025",100
"74866",-0.00718915398465469,"OLAM_P025",25
"74867",-0.00718915398465469,"OLAM_P025",50
"74868",-0.00718915398465469,"OLAM_P025",100
"74869",-0.00718915398465469,"OLAM_P025",25
"74870",-0.00718915398465469,"OLAM_P025",50
"74871",-0.00718915398465469,"OLAM_P025",100
"74872",-0.00718915398465469,"OLAM_P025",25
"74873",-0.00718915398465469,"OLAM_P025",50
"74874",-0.00718915398465469,"OLAM_P025",100
"74875",-0.00718915398465469,"OLAM_P025",25
"74876",-0.00718915398465469,"OLAM_P025",50
"74877",-0.00718915398465469,"OLAM_P025",100
"74878",-0.00718915398465469,"OLAM_P025",25
"74879",-0.00718915398465469,"OLAM_P025",50
"74880",-0.00718915398465469,"OLAM_P025",100
"74881",-0.00718915398465469,"OLAM_P025",25
"74882",-0.00718915398465469,"OLAM_P025",50
"74883",-0.00718915398465469,"OLAM_P025",100
"74884",-0.00718915398465469,"OLAM_P025",25
"74885",-0.00718915398465469,"OLAM_P025",50
"74886",-0.00718915398465469,"OLAM_P025",100
"74887",-0.00718915398465469,"OLAM_P025",25
"74888",-0.00718915398465469,"OLAM_P025",50
"74889",-0.00718915398465469,"OLAM_P025",100
"74890",-0.00718915398465469,"OLAM_P025",25
"74891",-0.00718915398465469,"OLAM_P025",50
"74892",-0.00718915398465469,"OLAM_P025",100
"74893",-0.00718915398465469,"OLAM_P025",25
"74894",-0.00718915398465469,"OLAM_P025",50
"74895",-0.00718915398465469,"OLAM_P025",100
"74896",-0.00718915398465469,"OLAM_P025",25
"74897",-0.00718915398465469,"OLAM_P025",50
"74898",-0.00718915398465469,"OLAM_P025",100
"74899",-0.00718915398465469,"OLAM_P025",25
"74900",-0.00718915398465469,"OLAM_P025",50
"74901",-0.00718915398465469,"OLAM_P025",100
"74902",-0.00718915398465469,"OLAM_P025",25
"74903",-0.00718915398465469,"OLAM_P025",50
"74904",-0.00718915398465469,"OLAM_P025",100
"74905",-0.00718915398465469,"OLAM_P025",25
"74906",-0.00718915398465469,"OLAM_P025",50
"74907",-0.00718915398465469,"OLAM_P025",100
"74908",-0.00718915398465469,"OLAM_P025",25
"74909",-0.00718915398465469,"OLAM_P025",50
"74910",-0.00718915398465469,"OLAM_P025",100
"74911",-0.00718915398465469,"OLAM_P025",25
"74912",-0.00718915398465469,"OLAM_P025",50
"74913",-0.00718915398465469,"OLAM_P025",100
"74914",-0.00718915398465469,"OLAM_P025",25
"74915",-0.00718915398465469,"OLAM_P025",50
"74916",-0.00718915398465469,"OLAM_P025",100
"74917",-0.00718915398465469,"OLAM_P025",25
"74918",-0.00718915398465469,"OLAM_P025",50
"74919",-0.00718915398465469,"OLAM_P025",100
"74920",-0.00718915398465469,"OLAM_P025",25
"74921",-0.00718915398465469,"OLAM_P025",50
"74922",-0.00718915398465469,"OLAM_P025",100
"74923",-0.00718915398465469,"OLAM_P025",25
"74924",-0.00718915398465469,"OLAM_P025",50
"74925",-0.00718915398465469,"OLAM_P025",100
"74926",-0.00718915398465469,"OLAM_P025",25
"74927",-0.00718915398465469,"OLAM_P025",50
"74928",-0.00718915398465469,"OLAM_P025",100
"74929",-0.00718915398465469,"OLAM_P025",25
"74930",-0.00718915398465469,"OLAM_P025",50
"74931",-0.00718915398465469,"OLAM_P025",100
"74932",-0.00718915398465469,"OLAM_P025",25
"74933",-0.00718915398465469,"OLAM_P025",50
"74934",-0.00718915398465469,"OLAM_P025",100
"74935",-0.00718915398465469,"OLAM_P025",25
"74936",-0.00718915398465469,"OLAM_P025",50
"74937",-0.00718915398465469,"OLAM_P025",100
"74938",-0.00718915398465469,"OLAM_P025",25
"74939",-0.00718915398465469,"OLAM_P025",50
"74940",-0.00718915398465469,"OLAM_P025",100
"74941",-0.00718915398465469,"OLAM_P025",25
"74942",-0.00718915398465469,"OLAM_P025",50
"74943",-0.00718915398465469,"OLAM_P025",100
"74944",-0.00718915398465469,"OLAM_P025",25
"74945",-0.00718915398465469,"OLAM_P025",50
"74946",-0.00718915398465469,"OLAM_P025",100
"74947",-0.00718915398465469,"OLAM_P025",25
"74948",-0.00718915398465469,"OLAM_P025",50
"74949",-0.00718915398465469,"OLAM_P025",100
"74950",-0.00718915398465469,"OLAM_P025",25
"74951",-0.00718915398465469,"OLAM_P025",50
"74952",-0.00718915398465469,"OLAM_P025",100
"74953",-0.00718915398465469,"OLAM_P025",25
"74954",-0.00718915398465469,"OLAM_P025",50
"74955",-0.00718915398465469,"OLAM_P025",100
"74956",-0.00718915398465469,"OLAM_P025",25
"74957",-0.00718915398465469,"OLAM_P025",50
"74958",-0.00718915398465469,"OLAM_P025",100
"74959",-0.00718915398465469,"OLAM_P025",25
"74960",-0.00718915398465469,"OLAM_P025",50
"74961",-0.00718915398465469,"OLAM_P025",100
"74962",-0.00718915398465469,"OLAM_P025",25
"74963",-0.00718915398465469,"OLAM_P025",50
"74964",-0.00718915398465469,"OLAM_P025",100
"74965",-0.00718915398465469,"OLAM_P025",25
"74966",-0.00718915398465469,"OLAM_P025",50
"74967",-0.00718915398465469,"OLAM_P025",100
"74968",-0.00718915398465469,"OLAM_P025",25
"74969",-0.00718915398465469,"OLAM_P025",50
"74970",-0.00718915398465469,"OLAM_P025",100
"74971",-0.00718915398465469,"OLAM_P025",25
"74972",-0.00718915398465469,"OLAM_P025",50
"74973",-0.00718915398465469,"OLAM_P025",100
"74974",-0.00718915398465469,"OLAM_P025",25
"74975",-0.00718915398465469,"OLAM_P025",50
"74976",-0.00718915398465469,"OLAM_P025",100
"74977",-0.00718915398465469,"OLAM_P025",25
"74978",-0.00718915398465469,"OLAM_P025",50
"74979",-0.00718915398465469,"OLAM_P025",100
"74980",-0.00718915398465469,"OLAM_P025",25
"74981",-0.00718915398465469,"OLAM_P025",50
"74982",-0.00718915398465469,"OLAM_P025",100
"74983",-0.00718915398465469,"OLAM_P025",25
"74984",-0.00718915398465469,"OLAM_P025",50
"74985",-0.00718915398465469,"OLAM_P025",100
"74986",-0.00718915398465469,"OLAM_P025",25
"74987",-0.00718915398465469,"OLAM_P025",50
"74988",-0.00718915398465469,"OLAM_P025",100
"74989",-0.00718915398465469,"OLAM_P025",25
"74990",-0.00718915398465469,"OLAM_P025",50
"74991",-0.00718915398465469,"OLAM_P025",100
"74992",-0.00718915398465469,"OLAM_P025",25
"74993",-0.00718915398465469,"OLAM_P025",50
"74994",-0.00718915398465469,"OLAM_P025",100
"74995",-0.00718915398465469,"OLAM_P025",25
"74996",-0.00718915398465469,"OLAM_P025",50
"74997",-0.00718915398465469,"OLAM_P025",100
"74998",-0.00718915398465469,"OLAM_P025",25
"74999",-0.00718915398465469,"OLAM_P025",50
"75000",-0.00718915398465469,"OLAM_P025",100
"75001",-1847.13150738901,"OLAM_P026",25
"75002",-1923.26335738902,"OLAM_P026",50
"75003",4870.37378261099,"OLAM_P026",100
"75004",385.332332610997,"OLAM_P026",25
"75005",-680.145047389,"OLAM_P026",50
"75006",13744.998892611,"OLAM_P026",100
"75007",166.75207261098,"OLAM_P026",25
"75008",1872.58407261097,"OLAM_P026",50
"75009",4905.91223261098,"OLAM_P026",100
"75010",7616.65342261098,"OLAM_P026",25
"75011",226.172852610995,"OLAM_P026",50
"75012",11945.351332611,"OLAM_P026",100
"75013",785.26471261098,"OLAM_P026",25
"75014",1795.762662611,"OLAM_P026",50
"75015",33.3967226109817,"OLAM_P026",100
"75016",-397.624367389013,"OLAM_P026",25
"75017",5569.515792611,"OLAM_P026",50
"75018",-148.606107389001,"OLAM_P026",100
"75019",57.3997326109966,"OLAM_P026",25
"75020",4490.52279261098,"OLAM_P026",50
"75021",-2027.19684738902,"OLAM_P026",100
"75022",-286.446467389003,"OLAM_P026",25
"75023",-2245.86919738902,"OLAM_P026",50
"75024",13133.489522611,"OLAM_P026",100
"75025",-2759.11902738901,"OLAM_P026",25
"75026",3775.503252611,"OLAM_P026",50
"75027",3507.35471261098,"OLAM_P026",100
"75028",-159.35200738901,"OLAM_P026",25
"75029",-837.437447389006,"OLAM_P026",50
"75030",6944.46145261099,"OLAM_P026",100
"75031",-667.901477389009,"OLAM_P026",25
"75032",-2610.57114738901,"OLAM_P026",50
"75033",-2418.43827738901,"OLAM_P026",100
"75034",-430.505407389021,"OLAM_P026",25
"75035",224.233882610977,"OLAM_P026",50
"75036",-323.04771738901,"OLAM_P026",100
"75037",378.111122610979,"OLAM_P026",25
"75038",2948.04961261098,"OLAM_P026",50
"75039",1648.24745261099,"OLAM_P026",100
"75040",715.050742610998,"OLAM_P026",25
"75041",-36.4432873890037,"OLAM_P026",50
"75042",-2203.33493738901,"OLAM_P026",100
"75043",525.923662610992,"OLAM_P026",25
"75044",-924.30625738902,"OLAM_P026",50
"75045",-1380.03220738901,"OLAM_P026",100
"75046",-364.190687389026,"OLAM_P026",25
"75047",-951.545737389009,"OLAM_P026",50
"75048",-2634.681847389,"OLAM_P026",100
"75049",1799.72355261099,"OLAM_P026",25
"75050",865.595732610993,"OLAM_P026",50
"75051",7788.927692611,"OLAM_P026",100
"75052",7276.549492611,"OLAM_P026",25
"75053",7317.778612611,"OLAM_P026",50
"75054",-3025.798927389,"OLAM_P026",100
"75055",-152.692387389019,"OLAM_P026",25
"75056",3912.79812261098,"OLAM_P026",50
"75057",-2973.282427389,"OLAM_P026",100
"75058",80.2810326109757,"OLAM_P026",25
"75059",-2745.18062738903,"OLAM_P026",50
"75060",-106.605267389008,"OLAM_P026",100
"75061",-1798.50232738903,"OLAM_P026",25
"75062",-1241.13598738902,"OLAM_P026",50
"75063",5825.275092611,"OLAM_P026",100
"75064",11.0791226110014,"OLAM_P026",25
"75065",9293.62714261099,"OLAM_P026",50
"75066",-3330.97763738901,"OLAM_P026",100
"75067",3416.37366261097,"OLAM_P026",25
"75068",-1809.59614738901,"OLAM_P026",50
"75069",3733.54585261099,"OLAM_P026",100
"75070",-101.146937389014,"OLAM_P026",25
"75071",-598.424667389016,"OLAM_P026",50
"75072",5883.56543261098,"OLAM_P026",100
"75073",-748.332137389021,"OLAM_P026",25
"75074",845.788892610988,"OLAM_P026",50
"75075",-1026.95722738901,"OLAM_P026",100
"75076",-232.743447389017,"OLAM_P026",25
"75077",2543.37002261099,"OLAM_P026",50
"75078",3524.89816261097,"OLAM_P026",100
"75079",168.86581261098,"OLAM_P026",25
"75080",-2899.87824738902,"OLAM_P026",50
"75081",1377.24404261098,"OLAM_P026",100
"75082",864.941672610992,"OLAM_P026",25
"75083",-241.557957389014,"OLAM_P026",50
"75084",-1625.082807389,"OLAM_P026",100
"75085",-1915.57043738902,"OLAM_P026",25
"75086",5683.28322261097,"OLAM_P026",50
"75087",-745.17205738902,"OLAM_P026",100
"75088",-155.582237389026,"OLAM_P026",25
"75089",-817.049377389019,"OLAM_P026",50
"75090",3205.861362611,"OLAM_P026",100
"75091",-250.189067389001,"OLAM_P026",25
"75092",23.7555726110004,"OLAM_P026",50
"75093",503.34608261098,"OLAM_P026",100
"75094",-1569.979597389,"OLAM_P026",25
"75095",-1734.734107389,"OLAM_P026",50
"75096",-1673.096437389,"OLAM_P026",100
"75097",218.21625261099,"OLAM_P026",25
"75098",8518.20414261098,"OLAM_P026",50
"75099",2297.38936261099,"OLAM_P026",100
"75100",-1128.59428738902,"OLAM_P026",25
"75101",6150.00412261099,"OLAM_P026",50
"75102",12628.955152611,"OLAM_P026",100
"75103",41.1137326109747,"OLAM_P026",25
"75104",-1932.04611738902,"OLAM_P026",50
"75105",205.726782610989,"OLAM_P026",100
"75106",-175.272147389012,"OLAM_P026",25
"75107",-653.495107389026,"OLAM_P026",50
"75108",1865.00371261098,"OLAM_P026",100
"75109",900.32549261098,"OLAM_P026",25
"75110",-1291.65001738901,"OLAM_P026",50
"75111",5402.194532611,"OLAM_P026",100
"75112",-1149.70533738902,"OLAM_P026",25
"75113",-1942.23740738901,"OLAM_P026",50
"75114",-3240.150987389,"OLAM_P026",100
"75115",86.7453526109748,"OLAM_P026",25
"75116",1353.226642611,"OLAM_P026",50
"75117",2216.15492261099,"OLAM_P026",100
"75118",669.232812610979,"OLAM_P026",25
"75119",385.039832610986,"OLAM_P026",50
"75120",-2395.42229738901,"OLAM_P026",100
"75121",-88.3548673890182,"OLAM_P026",25
"75122",-405.013407389022,"OLAM_P026",50
"75123",5731.67680261098,"OLAM_P026",100
"75124",12489.615482611,"OLAM_P026",25
"75125",2042.29629261099,"OLAM_P026",50
"75126",1499.40681261098,"OLAM_P026",100
"75127",807.601392610988,"OLAM_P026",25
"75128",3168.01715261099,"OLAM_P026",50
"75129",-1038.25814738902,"OLAM_P026",100
"75130",695.686862610979,"OLAM_P026",25
"75131",-54.6536673890078,"OLAM_P026",50
"75132",1032.223122611,"OLAM_P026",100
"75133",-1.88757738901768,"OLAM_P026",25
"75134",-1997.229857389,"OLAM_P026",50
"75135",-826.297307389003,"OLAM_P026",100
"75136",212.648022610985,"OLAM_P026",25
"75137",1830.210352611,"OLAM_P026",50
"75138",-1689.819097389,"OLAM_P026",100
"75139",551.657222610986,"OLAM_P026",25
"75140",2813.414192611,"OLAM_P026",50
"75141",4638.914042611,"OLAM_P026",100
"75142",-637.609537389013,"OLAM_P026",25
"75143",237.070852610981,"OLAM_P026",50
"75144",12753.799382611,"OLAM_P026",100
"75145",1658.12432261099,"OLAM_P026",25
"75146",-2239.54155738902,"OLAM_P026",50
"75147",2993.28126261098,"OLAM_P026",100
"75148",647.224152610986,"OLAM_P026",25
"75149",1255.25753261099,"OLAM_P026",50
"75150",-984.769137388997,"OLAM_P026",100
"75151",-471.765337389021,"OLAM_P026",25
"75152",-1343.01550738901,"OLAM_P026",50
"75153",1738.72100261098,"OLAM_P026",100
"75154",1634.79505261098,"OLAM_P026",25
"75155",-1339.05365738901,"OLAM_P026",50
"75156",951.105542610982,"OLAM_P026",100
"75157",86.4331226109935,"OLAM_P026",25
"75158",213.767262610985,"OLAM_P026",50
"75159",-1190.173687389,"OLAM_P026",100
"75160",443.345162610989,"OLAM_P026",25
"75161",631.909162611002,"OLAM_P026",50
"75162",16217.239572611,"OLAM_P026",100
"75163",146.119152610976,"OLAM_P026",25
"75164",-1392.31210738901,"OLAM_P026",50
"75165",-434.265897389007,"OLAM_P026",100
"75166",-763.808917389018,"OLAM_P026",25
"75167",2068.615822611,"OLAM_P026",50
"75168",3031.70852261098,"OLAM_P026",100
"75169",1732.433822611,"OLAM_P026",25
"75170",-1971.08683738901,"OLAM_P026",50
"75171",4338.196542611,"OLAM_P026",100
"75172",827.646942610998,"OLAM_P026",25
"75173",177.58516261098,"OLAM_P026",50
"75174",8205.50209261099,"OLAM_P026",100
"75175",418.247122610977,"OLAM_P026",25
"75176",-2189.98700738902,"OLAM_P026",50
"75177",205.45559261099,"OLAM_P026",100
"75178",5096.972892611,"OLAM_P026",25
"75179",-1399.99384738901,"OLAM_P026",50
"75180",10182.067212611,"OLAM_P026",100
"75181",-315.920777389023,"OLAM_P026",25
"75182",-682.140687389008,"OLAM_P026",50
"75183",-633.013597389014,"OLAM_P026",100
"75184",-2011.18164738902,"OLAM_P026",25
"75185",1514.33506261098,"OLAM_P026",50
"75186",-2688.17406738902,"OLAM_P026",100
"75187",791.22843261098,"OLAM_P026",25
"75188",-910.476697389007,"OLAM_P026",50
"75189",4688.44583261097,"OLAM_P026",100
"75190",4127.01643261098,"OLAM_P026",25
"75191",-1035.26377738902,"OLAM_P026",50
"75192",1459.623692611,"OLAM_P026",100
"75193",261.675012610998,"OLAM_P026",25
"75194",-296.390167389007,"OLAM_P026",50
"75195",-2013.43793738901,"OLAM_P026",100
"75196",1202.21470261097,"OLAM_P026",25
"75197",-425.052957389009,"OLAM_P026",50
"75198",2514.02393261099,"OLAM_P026",100
"75199",-958.703167389001,"OLAM_P026",25
"75200",1848.18506261098,"OLAM_P026",50
"75201",2681.03138261099,"OLAM_P026",100
"75202",-696.614377389022,"OLAM_P026",25
"75203",-1991.573477389,"OLAM_P026",50
"75204",30966.318222611,"OLAM_P026",100
"75205",-2081.04594738901,"OLAM_P026",25
"75206",-551.383507389022,"OLAM_P026",50
"75207",-1837.45549738902,"OLAM_P026",100
"75208",-1155.22180738903,"OLAM_P026",25
"75209",2743.62280261097,"OLAM_P026",50
"75210",-1888.269367389,"OLAM_P026",100
"75211",-325.96753738902,"OLAM_P026",25
"75212",1801.754142611,"OLAM_P026",50
"75213",6333.921392611,"OLAM_P026",100
"75214",663.605392610974,"OLAM_P026",25
"75215",5333.74613261098,"OLAM_P026",50
"75216",2824.01333261098,"OLAM_P026",100
"75217",1189.99552261099,"OLAM_P026",25
"75218",3155.44696261099,"OLAM_P026",50
"75219",-2837.28689738901,"OLAM_P026",100
"75220",309.264702610992,"OLAM_P026",25
"75221",2065.34019261098,"OLAM_P026",50
"75222",-1467.50963738901,"OLAM_P026",100
"75223",-3129.46321738901,"OLAM_P026",25
"75224",1970.63863261099,"OLAM_P026",50
"75225",568.270932610991,"OLAM_P026",100
"75226",-1244.94853738902,"OLAM_P026",25
"75227",7823.02563261098,"OLAM_P026",50
"75228",-71.174167389021,"OLAM_P026",100
"75229",78.1112526109791,"OLAM_P026",25
"75230",1792.821122611,"OLAM_P026",50
"75231",585.531492610986,"OLAM_P026",100
"75232",279.303392610978,"OLAM_P026",25
"75233",-2673.86176738903,"OLAM_P026",50
"75234",-638.281817389012,"OLAM_P026",100
"75235",-47.2688773890259,"OLAM_P026",25
"75236",-127.863747388998,"OLAM_P026",50
"75237",-1311.89030738903,"OLAM_P026",100
"75238",-13.6145373890176,"OLAM_P026",25
"75239",-2031.464817389,"OLAM_P026",50
"75240",21318.928622611,"OLAM_P026",100
"75241",-1284.237157389,"OLAM_P026",25
"75242",-1255.914747389,"OLAM_P026",50
"75243",-2065.86620738902,"OLAM_P026",100
"75244",5184.938562611,"OLAM_P026",25
"75245",-147.813937389001,"OLAM_P026",50
"75246",135.105512610986,"OLAM_P026",100
"75247",7278.87363261098,"OLAM_P026",25
"75248",-411.106217389024,"OLAM_P026",50
"75249",-3052.30429738903,"OLAM_P026",100
"75250",452.828212610999,"OLAM_P026",25
"75251",-2701.69635738901,"OLAM_P026",50
"75252",2538.50970261099,"OLAM_P026",100
"75253",-674.854207388998,"OLAM_P026",25
"75254",-1152.04495738901,"OLAM_P026",50
"75255",-1511.670617389,"OLAM_P026",100
"75256",330.768522610975,"OLAM_P026",25
"75257",879.488552611001,"OLAM_P026",50
"75258",438.414022610988,"OLAM_P026",100
"75259",-1955.028337389,"OLAM_P026",25
"75260",-1107.122087389,"OLAM_P026",50
"75261",12240.013652611,"OLAM_P026",100
"75262",-98.6392273890087,"OLAM_P026",25
"75263",-1679.27758738902,"OLAM_P026",50
"75264",1049.734902611,"OLAM_P026",100
"75265",-944.282177389017,"OLAM_P026",25
"75266",383.092042610981,"OLAM_P026",50
"75267",6761.39552261098,"OLAM_P026",100
"75268",-2314.29297738901,"OLAM_P026",25
"75269",1932.89116261099,"OLAM_P026",50
"75270",9836.76444261099,"OLAM_P026",100
"75271",1484.60603261099,"OLAM_P026",25
"75272",-279.119507388998,"OLAM_P026",50
"75273",-995.701697389013,"OLAM_P026",100
"75274",416.126062611002,"OLAM_P026",25
"75275",-766.641147389018,"OLAM_P026",50
"75276",4355.44033261098,"OLAM_P026",100
"75277",8409.45259261099,"OLAM_P026",25
"75278",-271.804847389023,"OLAM_P026",50
"75279",-2954.76160738902,"OLAM_P026",100
"75280",2820.09246261098,"OLAM_P026",25
"75281",662.742752610997,"OLAM_P026",50
"75282",11955.619632611,"OLAM_P026",100
"75283",1091.89326261097,"OLAM_P026",25
"75284",-292.997177389014,"OLAM_P026",50
"75285",-1575.39313738901,"OLAM_P026",100
"75286",201.484292610985,"OLAM_P026",25
"75287",362.52610261098,"OLAM_P026",50
"75288",-2081.23219738901,"OLAM_P026",100
"75289",543.545992610976,"OLAM_P026",25
"75290",988.080042610993,"OLAM_P026",50
"75291",1281.64599261098,"OLAM_P026",100
"75292",-574.424737389025,"OLAM_P026",25
"75293",-781.554197389021,"OLAM_P026",50
"75294",-236.858187389007,"OLAM_P026",100
"75295",273.60793261099,"OLAM_P026",25
"75296",5037.64732261098,"OLAM_P026",50
"75297",-557.032737389003,"OLAM_P026",100
"75298",-38.6072673890158,"OLAM_P026",25
"75299",-96.6393073890067,"OLAM_P026",50
"75300",6078.85480261099,"OLAM_P026",100
"75301",0.00583917100448161,"OLAM_P027",25
"75302",0.00583917100448161,"OLAM_P027",50
"75303",0.00583917100448161,"OLAM_P027",100
"75304",0.00583917100448161,"OLAM_P027",25
"75305",0.00583917100448161,"OLAM_P027",50
"75306",0.00583917100448161,"OLAM_P027",100
"75307",0.00583917100448161,"OLAM_P027",25
"75308",0.00583917100448161,"OLAM_P027",50
"75309",0.00583917100448161,"OLAM_P027",100
"75310",0.00583917100448161,"OLAM_P027",25
"75311",0.00583917100448161,"OLAM_P027",50
"75312",0.00583917100448161,"OLAM_P027",100
"75313",0.00583917100448161,"OLAM_P027",25
"75314",0.00583917100448161,"OLAM_P027",50
"75315",0.00583917100448161,"OLAM_P027",100
"75316",0.00583917100448161,"OLAM_P027",25
"75317",0.00583917100448161,"OLAM_P027",50
"75318",0.00583917100448161,"OLAM_P027",100
"75319",0.00583917100448161,"OLAM_P027",25
"75320",0.00583917100448161,"OLAM_P027",50
"75321",0.00583917100448161,"OLAM_P027",100
"75322",0.00583917100448161,"OLAM_P027",25
"75323",0.00583917100448161,"OLAM_P027",50
"75324",0.00583917100448161,"OLAM_P027",100
"75325",0.00583917100448161,"OLAM_P027",25
"75326",0.00583917100448161,"OLAM_P027",50
"75327",0.00583917100448161,"OLAM_P027",100
"75328",0.00583917100448161,"OLAM_P027",25
"75329",0.00583917100448161,"OLAM_P027",50
"75330",0.00583917100448161,"OLAM_P027",100
"75331",0.00583917100448161,"OLAM_P027",25
"75332",0.00583917100448161,"OLAM_P027",50
"75333",0.00583917100448161,"OLAM_P027",100
"75334",0.00583917100448161,"OLAM_P027",25
"75335",0.00583917100448161,"OLAM_P027",50
"75336",0.00583917100448161,"OLAM_P027",100
"75337",0.00583917100448161,"OLAM_P027",25
"75338",0.00583917100448161,"OLAM_P027",50
"75339",0.00583917100448161,"OLAM_P027",100
"75340",0.00583917100448161,"OLAM_P027",25
"75341",0.00583917100448161,"OLAM_P027",50
"75342",0.00583917100448161,"OLAM_P027",100
"75343",0.00583917100448161,"OLAM_P027",25
"75344",0.00583917100448161,"OLAM_P027",50
"75345",0.00583917100448161,"OLAM_P027",100
"75346",0.00583917100448161,"OLAM_P027",25
"75347",0.00583917100448161,"OLAM_P027",50
"75348",0.00583917100448161,"OLAM_P027",100
"75349",0.00583917100448161,"OLAM_P027",25
"75350",0.00583917100448161,"OLAM_P027",50
"75351",0.00583917100448161,"OLAM_P027",100
"75352",0.00583917100448161,"OLAM_P027",25
"75353",0.00583917100448161,"OLAM_P027",50
"75354",0.00583917100448161,"OLAM_P027",100
"75355",0.00583917100448161,"OLAM_P027",25
"75356",0.00583917100448161,"OLAM_P027",50
"75357",0.00583917100448161,"OLAM_P027",100
"75358",0.00583917100448161,"OLAM_P027",25
"75359",0.00583917100448161,"OLAM_P027",50
"75360",0.00583917100448161,"OLAM_P027",100
"75361",0.00583917100448161,"OLAM_P027",25
"75362",0.00583917100448161,"OLAM_P027",50
"75363",0.00583917100448161,"OLAM_P027",100
"75364",0.00583917100448161,"OLAM_P027",25
"75365",0.00583917100448161,"OLAM_P027",50
"75366",0.00583917100448161,"OLAM_P027",100
"75367",0.00583917100448161,"OLAM_P027",25
"75368",0.00583917100448161,"OLAM_P027",50
"75369",0.00583917100448161,"OLAM_P027",100
"75370",0.00583917100448161,"OLAM_P027",25
"75371",0.00583917100448161,"OLAM_P027",50
"75372",0.00583917100448161,"OLAM_P027",100
"75373",0.00583917100448161,"OLAM_P027",25
"75374",0.00583917100448161,"OLAM_P027",50
"75375",0.00583917100448161,"OLAM_P027",100
"75376",0.00583917100448161,"OLAM_P027",25
"75377",0.00583917100448161,"OLAM_P027",50
"75378",0.00583917100448161,"OLAM_P027",100
"75379",0.00583917100448161,"OLAM_P027",25
"75380",0.00583917100448161,"OLAM_P027",50
"75381",0.00583917100448161,"OLAM_P027",100
"75382",0.00583917100448161,"OLAM_P027",25
"75383",0.00583917100448161,"OLAM_P027",50
"75384",0.00583917100448161,"OLAM_P027",100
"75385",0.00583917100448161,"OLAM_P027",25
"75386",0.00583917100448161,"OLAM_P027",50
"75387",0.00583917100448161,"OLAM_P027",100
"75388",0.00583917100448161,"OLAM_P027",25
"75389",0.00583917100448161,"OLAM_P027",50
"75390",0.00583917100448161,"OLAM_P027",100
"75391",0.00583917100448161,"OLAM_P027",25
"75392",0.00583917100448161,"OLAM_P027",50
"75393",0.00583917100448161,"OLAM_P027",100
"75394",0.00583917100448161,"OLAM_P027",25
"75395",0.00583917100448161,"OLAM_P027",50
"75396",0.00583917100448161,"OLAM_P027",100
"75397",0.00583917100448161,"OLAM_P027",25
"75398",0.00583917100448161,"OLAM_P027",50
"75399",0.00583917100448161,"OLAM_P027",100
"75400",0.00583917100448161,"OLAM_P027",25
"75401",0.00583917100448161,"OLAM_P027",50
"75402",0.00583917100448161,"OLAM_P027",100
"75403",0.00583917100448161,"OLAM_P027",25
"75404",0.00583917100448161,"OLAM_P027",50
"75405",0.00583917100448161,"OLAM_P027",100
"75406",0.00583917100448161,"OLAM_P027",25
"75407",0.00583917100448161,"OLAM_P027",50
"75408",0.00583917100448161,"OLAM_P027",100
"75409",0.00583917100448161,"OLAM_P027",25
"75410",0.00583917100448161,"OLAM_P027",50
"75411",0.00583917100448161,"OLAM_P027",100
"75412",0.00583917100448161,"OLAM_P027",25
"75413",0.00583917100448161,"OLAM_P027",50
"75414",0.00583917100448161,"OLAM_P027",100
"75415",0.00583917100448161,"OLAM_P027",25
"75416",0.00583917100448161,"OLAM_P027",50
"75417",0.00583917100448161,"OLAM_P027",100
"75418",0.00583917100448161,"OLAM_P027",25
"75419",0.00583917100448161,"OLAM_P027",50
"75420",0.00583917100448161,"OLAM_P027",100
"75421",0.00583917100448161,"OLAM_P027",25
"75422",0.00583917100448161,"OLAM_P027",50
"75423",0.00583917100448161,"OLAM_P027",100
"75424",0.00583917100448161,"OLAM_P027",25
"75425",0.00583917100448161,"OLAM_P027",50
"75426",0.00583917100448161,"OLAM_P027",100
"75427",0.00583917100448161,"OLAM_P027",25
"75428",0.00583917100448161,"OLAM_P027",50
"75429",0.00583917100448161,"OLAM_P027",100
"75430",0.00583917100448161,"OLAM_P027",25
"75431",0.00583917100448161,"OLAM_P027",50
"75432",0.00583917100448161,"OLAM_P027",100
"75433",0.00583917100448161,"OLAM_P027",25
"75434",0.00583917100448161,"OLAM_P027",50
"75435",0.00583917100448161,"OLAM_P027",100
"75436",0.00583917100448161,"OLAM_P027",25
"75437",0.00583917100448161,"OLAM_P027",50
"75438",0.00583917100448161,"OLAM_P027",100
"75439",0.00583917100448161,"OLAM_P027",25
"75440",0.00583917100448161,"OLAM_P027",50
"75441",0.00583917100448161,"OLAM_P027",100
"75442",0.00583917100448161,"OLAM_P027",25
"75443",0.00583917100448161,"OLAM_P027",50
"75444",0.00583917100448161,"OLAM_P027",100
"75445",0.00583917100448161,"OLAM_P027",25
"75446",0.00583917100448161,"OLAM_P027",50
"75447",0.00583917100448161,"OLAM_P027",100
"75448",0.00583917100448161,"OLAM_P027",25
"75449",0.00583917100448161,"OLAM_P027",50
"75450",0.00583917100448161,"OLAM_P027",100
"75451",0.00583917100448161,"OLAM_P027",25
"75452",0.00583917100448161,"OLAM_P027",50
"75453",0.00583917100448161,"OLAM_P027",100
"75454",0.00583917100448161,"OLAM_P027",25
"75455",0.00583917100448161,"OLAM_P027",50
"75456",0.00583917100448161,"OLAM_P027",100
"75457",0.00583917100448161,"OLAM_P027",25
"75458",0.00583917100448161,"OLAM_P027",50
"75459",0.00583917100448161,"OLAM_P027",100
"75460",0.00583917100448161,"OLAM_P027",25
"75461",0.00583917100448161,"OLAM_P027",50
"75462",0.00583917100448161,"OLAM_P027",100
"75463",0.00583917100448161,"OLAM_P027",25
"75464",0.00583917100448161,"OLAM_P027",50
"75465",0.00583917100448161,"OLAM_P027",100
"75466",0.00583917100448161,"OLAM_P027",25
"75467",0.00583917100448161,"OLAM_P027",50
"75468",0.00583917100448161,"OLAM_P027",100
"75469",0.00583917100448161,"OLAM_P027",25
"75470",0.00583917100448161,"OLAM_P027",50
"75471",0.00583917100448161,"OLAM_P027",100
"75472",0.00583917100448161,"OLAM_P027",25
"75473",0.00583917100448161,"OLAM_P027",50
"75474",0.00583917100448161,"OLAM_P027",100
"75475",0.00583917100448161,"OLAM_P027",25
"75476",0.00583917100448161,"OLAM_P027",50
"75477",0.00583917100448161,"OLAM_P027",100
"75478",0.00583917100448161,"OLAM_P027",25
"75479",0.00583917100448161,"OLAM_P027",50
"75480",0.00583917100448161,"OLAM_P027",100
"75481",0.00583917100448161,"OLAM_P027",25
"75482",0.00583917100448161,"OLAM_P027",50
"75483",0.00583917100448161,"OLAM_P027",100
"75484",0.00583917100448161,"OLAM_P027",25
"75485",0.00583917100448161,"OLAM_P027",50
"75486",0.00583917100448161,"OLAM_P027",100
"75487",0.00583917100448161,"OLAM_P027",25
"75488",0.00583917100448161,"OLAM_P027",50
"75489",0.00583917100448161,"OLAM_P027",100
"75490",0.00583917100448161,"OLAM_P027",25
"75491",0.00583917100448161,"OLAM_P027",50
"75492",0.00583917100448161,"OLAM_P027",100
"75493",0.00583917100448161,"OLAM_P027",25
"75494",0.00583917100448161,"OLAM_P027",50
"75495",0.00583917100448161,"OLAM_P027",100
"75496",0.00583917100448161,"OLAM_P027",25
"75497",0.00583917100448161,"OLAM_P027",50
"75498",0.00583917100448161,"OLAM_P027",100
"75499",0.00583917100448161,"OLAM_P027",25
"75500",0.00583917100448161,"OLAM_P027",50
"75501",0.00583917100448161,"OLAM_P027",100
"75502",0.00583917100448161,"OLAM_P027",25
"75503",0.00583917100448161,"OLAM_P027",50
"75504",0.00583917100448161,"OLAM_P027",100
"75505",0.00583917100448161,"OLAM_P027",25
"75506",0.00583917100448161,"OLAM_P027",50
"75507",0.00583917100448161,"OLAM_P027",100
"75508",0.00583917100448161,"OLAM_P027",25
"75509",0.00583917100448161,"OLAM_P027",50
"75510",0.00583917100448161,"OLAM_P027",100
"75511",0.00583917100448161,"OLAM_P027",25
"75512",0.00583917100448161,"OLAM_P027",50
"75513",0.00583917100448161,"OLAM_P027",100
"75514",0.00583917100448161,"OLAM_P027",25
"75515",0.00583917100448161,"OLAM_P027",50
"75516",0.00583917100448161,"OLAM_P027",100
"75517",0.00583917100448161,"OLAM_P027",25
"75518",0.00583917100448161,"OLAM_P027",50
"75519",0.00583917100448161,"OLAM_P027",100
"75520",0.00583917100448161,"OLAM_P027",25
"75521",0.00583917100448161,"OLAM_P027",50
"75522",0.00583917100448161,"OLAM_P027",100
"75523",0.00583917100448161,"OLAM_P027",25
"75524",0.00583917100448161,"OLAM_P027",50
"75525",0.00583917100448161,"OLAM_P027",100
"75526",0.00583917100448161,"OLAM_P027",25
"75527",0.00583917100448161,"OLAM_P027",50
"75528",0.00583917100448161,"OLAM_P027",100
"75529",0.00583917100448161,"OLAM_P027",25
"75530",0.00583917100448161,"OLAM_P027",50
"75531",0.00583917100448161,"OLAM_P027",100
"75532",0.00583917100448161,"OLAM_P027",25
"75533",0.00583917100448161,"OLAM_P027",50
"75534",0.00583917100448161,"OLAM_P027",100
"75535",0.00583917100448161,"OLAM_P027",25
"75536",0.00583917100448161,"OLAM_P027",50
"75537",0.00583917100448161,"OLAM_P027",100
"75538",0.00583917100448161,"OLAM_P027",25
"75539",0.00583917100448161,"OLAM_P027",50
"75540",0.00583917100448161,"OLAM_P027",100
"75541",0.00583917100448161,"OLAM_P027",25
"75542",0.00583917100448161,"OLAM_P027",50
"75543",0.00583917100448161,"OLAM_P027",100
"75544",0.00583917100448161,"OLAM_P027",25
"75545",0.00583917100448161,"OLAM_P027",50
"75546",0.00583917100448161,"OLAM_P027",100
"75547",0.00583917100448161,"OLAM_P027",25
"75548",0.00583917100448161,"OLAM_P027",50
"75549",0.00583917100448161,"OLAM_P027",100
"75550",0.00583917100448161,"OLAM_P027",25
"75551",0.00583917100448161,"OLAM_P027",50
"75552",0.00583917100448161,"OLAM_P027",100
"75553",0.00583917100448161,"OLAM_P027",25
"75554",0.00583917100448161,"OLAM_P027",50
"75555",0.00583917100448161,"OLAM_P027",100
"75556",0.00583917100448161,"OLAM_P027",25
"75557",0.00583917100448161,"OLAM_P027",50
"75558",0.00583917100448161,"OLAM_P027",100
"75559",0.00583917100448161,"OLAM_P027",25
"75560",0.00583917100448161,"OLAM_P027",50
"75561",0.00583917100448161,"OLAM_P027",100
"75562",0.00583917100448161,"OLAM_P027",25
"75563",0.00583917100448161,"OLAM_P027",50
"75564",0.00583917100448161,"OLAM_P027",100
"75565",0.00583917100448161,"OLAM_P027",25
"75566",0.00583917100448161,"OLAM_P027",50
"75567",0.00583917100448161,"OLAM_P027",100
"75568",0.00583917100448161,"OLAM_P027",25
"75569",0.00583917100448161,"OLAM_P027",50
"75570",0.00583917100448161,"OLAM_P027",100
"75571",0.00583917100448161,"OLAM_P027",25
"75572",0.00583917100448161,"OLAM_P027",50
"75573",0.00583917100448161,"OLAM_P027",100
"75574",0.00583917100448161,"OLAM_P027",25
"75575",0.00583917100448161,"OLAM_P027",50
"75576",0.00583917100448161,"OLAM_P027",100
"75577",0.00583917100448161,"OLAM_P027",25
"75578",0.00583917100448161,"OLAM_P027",50
"75579",0.00583917100448161,"OLAM_P027",100
"75580",0.00583917100448161,"OLAM_P027",25
"75581",0.00583917100448161,"OLAM_P027",50
"75582",0.00583917100448161,"OLAM_P027",100
"75583",0.00583917100448161,"OLAM_P027",25
"75584",0.00583917100448161,"OLAM_P027",50
"75585",0.00583917100448161,"OLAM_P027",100
"75586",0.00583917100448161,"OLAM_P027",25
"75587",0.00583917100448161,"OLAM_P027",50
"75588",0.00583917100448161,"OLAM_P027",100
"75589",0.00583917100448161,"OLAM_P027",25
"75590",0.00583917100448161,"OLAM_P027",50
"75591",0.00583917100448161,"OLAM_P027",100
"75592",0.00583917100448161,"OLAM_P027",25
"75593",0.00583917100448161,"OLAM_P027",50
"75594",0.00583917100448161,"OLAM_P027",100
"75595",0.00583917100448161,"OLAM_P027",25
"75596",0.00583917100448161,"OLAM_P027",50
"75597",0.00583917100448161,"OLAM_P027",100
"75598",0.00583917100448161,"OLAM_P027",25
"75599",0.00583917100448161,"OLAM_P027",50
"75600",0.00583917100448161,"OLAM_P027",100
"75601",23.1976258899958,"OLAM_P028",25
"75602",119.689905890002,"OLAM_P028",50
"75603",80.0789058899973,"OLAM_P028",100
"75604",460.88370589001,"OLAM_P028",25
"75605",-277.014194110001,"OLAM_P028",50
"75606",-136.79499410998,"OLAM_P028",100
"75607",-14.2800841099815,"OLAM_P028",25
"75608",-193.068614110001,"OLAM_P028",50
"75609",338.824045890011,"OLAM_P028",100
"75610",-19.7041241099942,"OLAM_P028",25
"75611",526.438995889999,"OLAM_P028",50
"75612",-226.372984109999,"OLAM_P028",100
"75613",-246.485474109999,"OLAM_P028",25
"75614",15.3359858900076,"OLAM_P028",50
"75615",-80.0503841099853,"OLAM_P028",100
"75616",-11.3820041099971,"OLAM_P028",25
"75617",-257.287564109982,"OLAM_P028",50
"75618",-142.838854109985,"OLAM_P028",100
"75619",11.7049158900045,"OLAM_P028",25
"75620",92.5877858900058,"OLAM_P028",50
"75621",127.634925890015,"OLAM_P028",100
"75622",-12.1306341099844,"OLAM_P028",25
"75623",-162.430634110002,"OLAM_P028",50
"75624",-213.380454109982,"OLAM_P028",100
"75625",5514.29310589001,"OLAM_P028",25
"75626",-9.36852411000291,"OLAM_P028",50
"75627",-209.089914109994,"OLAM_P028",100
"75628",-39.9425441100029,"OLAM_P028",25
"75629",-43.3870741099818,"OLAM_P028",50
"75630",-91.6151341100049,"OLAM_P028",100
"75631",-2.43440410998301,"OLAM_P028",25
"75632",11.4106758900161,"OLAM_P028",50
"75633",-166.433804109984,"OLAM_P028",100
"75634",76.9750058900099,"OLAM_P028",25
"75635",-39.7259041100042,"OLAM_P028",50
"75636",591.774485889997,"OLAM_P028",100
"75637",-92.2467741099827,"OLAM_P028",25
"75638",-228.573204109998,"OLAM_P028",50
"75639",-116.253294109978,"OLAM_P028",100
"75640",-208.876374109997,"OLAM_P028",25
"75641",126.843135889998,"OLAM_P028",50
"75642",-62.7585541099834,"OLAM_P028",100
"75643",-26.4118741099956,"OLAM_P028",25
"75644",75.2232858900097,"OLAM_P028",50
"75645",-66.6497341099894,"OLAM_P028",100
"75646",127.075625890022,"OLAM_P028",25
"75647",253.931805889995,"OLAM_P028",50
"75648",-322.717444109992,"OLAM_P028",100
"75649",-161.272774109995,"OLAM_P028",25
"75650",54.8606658900098,"OLAM_P028",50
"75651",-184.36417411,"OLAM_P028",100
"75652",28.5569258900068,"OLAM_P028",25
"75653",677.135205890023,"OLAM_P028",50
"75654",166.317475890013,"OLAM_P028",100
"75655",325.688705890003,"OLAM_P028",25
"75656",-297.74070410998,"OLAM_P028",50
"75657",9812.57000589001,"OLAM_P028",100
"75658",12.6398258900153,"OLAM_P028",25
"75659",-64.0099541099917,"OLAM_P028",50
"75660",-167.860144109989,"OLAM_P028",100
"75661",-247.066344110004,"OLAM_P028",25
"75662",684.675725890003,"OLAM_P028",50
"75663",-313.621424109995,"OLAM_P028",100
"75664",-40.4142441099975,"OLAM_P028",25
"75665",-260.623214110004,"OLAM_P028",50
"75666",1358.14600589001,"OLAM_P028",100
"75667",566.100325890002,"OLAM_P028",25
"75668",-204.612104109983,"OLAM_P028",50
"75669",-120.453524109995,"OLAM_P028",100
"75670",-55.0032541099936,"OLAM_P028",25
"75671",-15.9079341100005,"OLAM_P028",50
"75672",-169.833144109987,"OLAM_P028",100
"75673",27.9574258899956,"OLAM_P028",25
"75674",424.725605890009,"OLAM_P028",50
"75675",-240.370774109993,"OLAM_P028",100
"75676",37.1751058899972,"OLAM_P028",25
"75677",24.3429158900108,"OLAM_P028",50
"75678",103.994955889997,"OLAM_P028",100
"75679",143.651025890023,"OLAM_P028",25
"75680",337.814805889997,"OLAM_P028",50
"75681",868.615635890019,"OLAM_P028",100
"75682",-278.897864109982,"OLAM_P028",25
"75683",9916.43820589001,"OLAM_P028",50
"75684",-252.873704109981,"OLAM_P028",100
"75685",-83.0832741099875,"OLAM_P028",25
"75686",2191.82990589002,"OLAM_P028",50
"75687",96.0045858900121,"OLAM_P028",100
"75688",7.8211258900119,"OLAM_P028",25
"75689",-244.47368410998,"OLAM_P028",50
"75690",32.6752158900199,"OLAM_P028",100
"75691",-229.805564109993,"OLAM_P028",25
"75692",-255.154774109978,"OLAM_P028",50
"75693",-154.921014110005,"OLAM_P028",100
"75694",-28.1889341099886,"OLAM_P028",25
"75695",-240.181744109985,"OLAM_P028",50
"75696",-78.3964741099917,"OLAM_P028",100
"75697",-137.28777410998,"OLAM_P028",25
"75698",3.49400589001016,"OLAM_P028",50
"75699",1102.46974589,"OLAM_P028",100
"75700",-21.2515341099934,"OLAM_P028",25
"75701",25.2620358900167,"OLAM_P028",50
"75702",-14.2980341099901,"OLAM_P028",100
"75703",455.364725890016,"OLAM_P028",25
"75704",445.065485890023,"OLAM_P028",50
"75705",-234.468174109992,"OLAM_P028",100
"75706",-35.145034109999,"OLAM_P028",25
"75707",-266.454754109989,"OLAM_P028",50
"75708",-269.779904109979,"OLAM_P028",100
"75709",321.048225890001,"OLAM_P028",25
"75710",-159.220674109994,"OLAM_P028",50
"75711",-102.228154109995,"OLAM_P028",100
"75712",-7.073694110004,"OLAM_P028",25
"75713",-104.521974109986,"OLAM_P028",50
"75714",-171.114714109979,"OLAM_P028",100
"75715",654.138325890002,"OLAM_P028",25
"75716",479.817925890005,"OLAM_P028",50
"75717",-217.894354110002,"OLAM_P028",100
"75718",-241.448824110004,"OLAM_P028",25
"75719",415.851405890018,"OLAM_P028",50
"75720",1013.89095589,"OLAM_P028",100
"75721",-40.8602641100006,"OLAM_P028",25
"75722",307.874805889995,"OLAM_P028",50
"75723",-35.525794109999,"OLAM_P028",100
"75724",119.269905890018,"OLAM_P028",25
"75725",2031.95556589001,"OLAM_P028",50
"75726",-216.588934109983,"OLAM_P028",100
"75727",675.948405889998,"OLAM_P028",25
"75728",-242.443964109989,"OLAM_P028",50
"75729",-2.40560410998296,"OLAM_P028",100
"75730",32.1320258900232,"OLAM_P028",25
"75731",7305.85712589,"OLAM_P028",50
"75732",-262.747924109979,"OLAM_P028",100
"75733",-269.891644110001,"OLAM_P028",25
"75734",8.65652589002275,"OLAM_P028",50
"75735",-154.285104109993,"OLAM_P028",100
"75736",1850.91582589,"OLAM_P028",25
"75737",75.8643258899974,"OLAM_P028",50
"75738",155.125435890019,"OLAM_P028",100
"75739",-264.224984109984,"OLAM_P028",25
"75740",588.009725890006,"OLAM_P028",50
"75741",-234.096534109995,"OLAM_P028",100
"75742",0.377715890004765,"OLAM_P028",25
"75743",107.211915890017,"OLAM_P028",50
"75744",-30.8579141100054,"OLAM_P028",100
"75745",-32.9897341099859,"OLAM_P028",25
"75746",20.512405890011,"OLAM_P028",50
"75747",278.539605890022,"OLAM_P028",100
"75748",-7.92757410998456,"OLAM_P028",25
"75749",214.350175889995,"OLAM_P028",50
"75750",384.712015890022,"OLAM_P028",100
"75751",41.7599258900154,"OLAM_P028",25
"75752",1449.09983589,"OLAM_P028",50
"75753",-105.264164110005,"OLAM_P028",100
"75754",-233.510484109982,"OLAM_P028",25
"75755",47.877225889999,"OLAM_P028",50
"75756",-75.9962441099924,"OLAM_P028",100
"75757",70.3032058899989,"OLAM_P028",25
"75758",-201.177364109986,"OLAM_P028",50
"75759",-261.358264109993,"OLAM_P028",100
"75760",-152.747274109977,"OLAM_P028",25
"75761",-228.034024109977,"OLAM_P028",50
"75762",-180.638894109987,"OLAM_P028",100
"75763",175.102405890008,"OLAM_P028",25
"75764",-227.829404110002,"OLAM_P028",50
"75765",45.2071358899993,"OLAM_P028",100
"75766",91.3624258899945,"OLAM_P028",25
"75767",95.6144558899978,"OLAM_P028",50
"75768",23.1342458900181,"OLAM_P028",100
"75769",-0.0429541099874768,"OLAM_P028",25
"75770",7368.66524589001,"OLAM_P028",50
"75771",-189.981314109988,"OLAM_P028",100
"75772",-75.8500341099862,"OLAM_P028",25
"75773",-145.830044109985,"OLAM_P028",50
"75774",-284.011124109995,"OLAM_P028",100
"75775",-47.8769841099856,"OLAM_P028",25
"75776",-257.232704109978,"OLAM_P028",50
"75777",-235.19958411,"OLAM_P028",100
"75778",-231.988234110002,"OLAM_P028",25
"75779",945.539605890022,"OLAM_P028",50
"75780",206.159705890022,"OLAM_P028",100
"75781",7444.51710589,"OLAM_P028",25
"75782",-289.688304109994,"OLAM_P028",50
"75783",93.3249158899998,"OLAM_P028",100
"75784",-10.0515341099817,"OLAM_P028",25
"75785",-79.7911941100028,"OLAM_P028",50
"75786",-304.040604109992,"OLAM_P028",100
"75787",70.5948058899958,"OLAM_P028",25
"75788",-175.261194110004,"OLAM_P028",50
"75789",-305.868824109988,"OLAM_P028",100
"75790",2188.33810589,"OLAM_P028",25
"75791",-134.263294109987,"OLAM_P028",50
"75792",554.240425890021,"OLAM_P028",100
"75793",-19.7041241099942,"OLAM_P028",25
"75794",861.645135890023,"OLAM_P028",50
"75795",-266.431664109987,"OLAM_P028",100
"75796",-5.2778941099823,"OLAM_P028",25
"75797",-321.000914109987,"OLAM_P028",50
"75798",-75.065724109998,"OLAM_P028",100
"75799",90.7266258900054,"OLAM_P028",25
"75800",34.4166158900189,"OLAM_P028",50
"75801",-148.477444110002,"OLAM_P028",100
"75802",-264.224984109984,"OLAM_P028",25
"75803",637.922645890008,"OLAM_P028",50
"75804",-52.0371041100007,"OLAM_P028",100
"75805",-243.656624109979,"OLAM_P028",25
"75806",-178.887524110003,"OLAM_P028",50
"75807",-267.849724109983,"OLAM_P028",100
"75808",24.1133258900081,"OLAM_P028",25
"75809",2076.70972589002,"OLAM_P028",50
"75810",183.210445889999,"OLAM_P028",100
"75811",-23.0642641099985,"OLAM_P028",25
"75812",-248.854604110005,"OLAM_P028",50
"75813",-187.999764109991,"OLAM_P028",100
"75814",121.613025890023,"OLAM_P028",25
"75815",-118.408674109989,"OLAM_P028",50
"75816",-123.630224109977,"OLAM_P028",100
"75817",35.1708258900035,"OLAM_P028",25
"75818",-301.959354110004,"OLAM_P028",50
"75819",488.963065890013,"OLAM_P028",100
"75820",119.200425890012,"OLAM_P028",25
"75821",-132.265024110005,"OLAM_P028",50
"75822",33.172675890004,"OLAM_P028",100
"75823",-73.5568741099851,"OLAM_P028",25
"75824",-271.237744109996,"OLAM_P028",50
"75825",310.198805890017,"OLAM_P028",100
"75826",-267.655734109983,"OLAM_P028",25
"75827",104.724935890001,"OLAM_P028",50
"75828",-266.377364109998,"OLAM_P028",100
"75829",50.8225058900134,"OLAM_P028",25
"75830",-270.076944109984,"OLAM_P028",50
"75831",-166.861654109991,"OLAM_P028",100
"75832",-285.457534109999,"OLAM_P028",25
"75833",-158.721394110005,"OLAM_P028",50
"75834",148.443905890017,"OLAM_P028",100
"75835",-34.9109741099819,"OLAM_P028",25
"75836",-227.898494109977,"OLAM_P028",50
"75837",-264.305454109999,"OLAM_P028",100
"75838",-13.5720041099994,"OLAM_P028",25
"75839",-71.9466841099784,"OLAM_P028",50
"75840",505.553335889999,"OLAM_P028",100
"75841",-30.9132141099835,"OLAM_P028",25
"75842",-81.0741941099986,"OLAM_P028",50
"75843",-273.472284110001,"OLAM_P028",100
"75844",79.8330058900174,"OLAM_P028",25
"75845",-84.6604641099984,"OLAM_P028",50
"75846",-180.302704109985,"OLAM_P028",100
"75847",254.438205890008,"OLAM_P028",25
"75848",840.622805890016,"OLAM_P028",50
"75849",-130.276024110004,"OLAM_P028",100
"75850",138.257605890016,"OLAM_P028",25
"75851",306.006505890022,"OLAM_P028",50
"75852",-287.681844109989,"OLAM_P028",100
"75853",-15.3171041099995,"OLAM_P028",25
"75854",1903.57060589001,"OLAM_P028",50
"75855",-102.802334109991,"OLAM_P028",100
"75856",24.1133258900081,"OLAM_P028",25
"75857",340.650405890017,"OLAM_P028",50
"75858",-64.3481441100012,"OLAM_P028",100
"75859",9887.88310589001,"OLAM_P028",25
"75860",94.6788058899983,"OLAM_P028",50
"75861",-97.0594541099854,"OLAM_P028",100
"75862",-228.571364109986,"OLAM_P028",25
"75863",-89.3818141100055,"OLAM_P028",50
"75864",-207.978594109998,"OLAM_P028",100
"75865",-126.68667410998,"OLAM_P028",25
"75866",80.8770258900186,"OLAM_P028",50
"75867",-85.2963241099787,"OLAM_P028",100
"75868",318.622425890004,"OLAM_P028",25
"75869",99.4672258899955,"OLAM_P028",50
"75870",-15.0553141099808,"OLAM_P028",100
"75871",397.343725890008,"OLAM_P028",25
"75872",180.882805889996,"OLAM_P028",50
"75873",107.307905890018,"OLAM_P028",100
"75874",591.501005890022,"OLAM_P028",25
"75875",95.2293058900104,"OLAM_P028",50
"75876",-334.359324110002,"OLAM_P028",100
"75877",-152.546474109986,"OLAM_P028",25
"75878",-61.4820941099897,"OLAM_P028",50
"75879",-156.290374109987,"OLAM_P028",100
"75880",48.4317258899973,"OLAM_P028",25
"75881",90.1500458900118,"OLAM_P028",50
"75882",12650.38230589,"OLAM_P028",100
"75883",-243.685274110001,"OLAM_P028",25
"75884",-154.222654109995,"OLAM_P028",50
"75885",-254.197844109993,"OLAM_P028",100
"75886",-24.8644341100007,"OLAM_P028",25
"75887",741.962725890015,"OLAM_P028",50
"75888",208.233295890008,"OLAM_P028",100
"75889",39.4181258900207,"OLAM_P028",25
"75890",-321.288794110005,"OLAM_P028",50
"75891",-93.2800941099995,"OLAM_P028",100
"75892",-26.3866841099807,"OLAM_P028",25
"75893",-109.787194109987,"OLAM_P028",50
"75894",7387.97970589,"OLAM_P028",100
"75895",-145.510274109984,"OLAM_P028",25
"75896",-289.906254109985,"OLAM_P028",50
"75897",596.856505889999,"OLAM_P028",100
"75898",-253.556794109987,"OLAM_P028",25
"75899",-121.510704109998,"OLAM_P028",50
"75900",7232.15468589001,"OLAM_P028",100
"75901",0.00569685999653302,"OLAM_P029",25
"75902",0.00569685999653302,"OLAM_P029",50
"75903",-20.4573031400068,"OLAM_P029",100
"75904",0.00569685999653302,"OLAM_P029",25
"75905",0.00569685999653302,"OLAM_P029",50
"75906",255.320876859987,"OLAM_P029",100
"75907",0.00569685999653302,"OLAM_P029",25
"75908",0.00569685999653302,"OLAM_P029",50
"75909",-496.183603140002,"OLAM_P029",100
"75910",0.00569685999653302,"OLAM_P029",25
"75911",0.00569685999653302,"OLAM_P029",50
"75912",-93.0915031400073,"OLAM_P029",100
"75913",0.00569685999653302,"OLAM_P029",25
"75914",0.00569685999653302,"OLAM_P029",50
"75915",428.982726859991,"OLAM_P029",100
"75916",0.00569685999653302,"OLAM_P029",25
"75917",0.00569685999653302,"OLAM_P029",50
"75918",-187.392603140004,"OLAM_P029",100
"75919",0.00569685999653302,"OLAM_P029",25
"75920",0.00569685999653302,"OLAM_P029",50
"75921",-30.2211231400142,"OLAM_P029",100
"75922",0.00569685999653302,"OLAM_P029",25
"75923",0.00569685999653302,"OLAM_P029",50
"75924",-99.0820631400129,"OLAM_P029",100
"75925",0.00569685999653302,"OLAM_P029",25
"75926",0.00569685999653302,"OLAM_P029",50
"75927",-81.93010314001,"OLAM_P029",100
"75928",0.00569685999653302,"OLAM_P029",25
"75929",0.00569685999653302,"OLAM_P029",50
"75930",73.5404968599905,"OLAM_P029",100
"75931",0.00569685999653302,"OLAM_P029",25
"75932",0.00569685999653302,"OLAM_P029",50
"75933",-309.933603140002,"OLAM_P029",100
"75934",0.00569685999653302,"OLAM_P029",25
"75935",0.00569685999653302,"OLAM_P029",50
"75936",119.067796859992,"OLAM_P029",100
"75937",0.00569685999653302,"OLAM_P029",25
"75938",0.00569685999653302,"OLAM_P029",50
"75939",-78.9307531400118,"OLAM_P029",100
"75940",0.00569685999653302,"OLAM_P029",25
"75941",0.00569685999653302,"OLAM_P029",50
"75942",39.2327268599911,"OLAM_P029",100
"75943",0.00569685999653302,"OLAM_P029",25
"75944",0.00569685999653302,"OLAM_P029",50
"75945",-149.278693140004,"OLAM_P029",100
"75946",0.00569685999653302,"OLAM_P029",25
"75947",0.00569685999653302,"OLAM_P029",50
"75948",605.066096859999,"OLAM_P029",100
"75949",0.00569685999653302,"OLAM_P029",25
"75950",0.00569685999653302,"OLAM_P029",50
"75951",117.601376859995,"OLAM_P029",100
"75952",0.00569685999653302,"OLAM_P029",25
"75953",0.00569685999653302,"OLAM_P029",50
"75954",87.2645968599973,"OLAM_P029",100
"75955",0.00569685999653302,"OLAM_P029",25
"75956",0.00569685999653302,"OLAM_P029",50
"75957",-67.0444031400111,"OLAM_P029",100
"75958",0.00569685999653302,"OLAM_P029",25
"75959",0.00569685999653302,"OLAM_P029",50
"75960",-26.1619031400041,"OLAM_P029",100
"75961",0.00569685999653302,"OLAM_P029",25
"75962",0.00569685999653302,"OLAM_P029",50
"75963",173.10458685999,"OLAM_P029",100
"75964",0.00569685999653302,"OLAM_P029",25
"75965",0.00569685999653302,"OLAM_P029",50
"75966",22.2469668599952,"OLAM_P029",100
"75967",0.00569685999653302,"OLAM_P029",25
"75968",0.00569685999653302,"OLAM_P029",50
"75969",95.0829268599919,"OLAM_P029",100
"75970",0.00569685999653302,"OLAM_P029",25
"75971",0.00569685999653302,"OLAM_P029",50
"75972",-477.587123140009,"OLAM_P029",100
"75973",0.00569685999653302,"OLAM_P029",25
"75974",0.00569685999653302,"OLAM_P029",50
"75975",-596.440183140003,"OLAM_P029",100
"75976",0.00569685999653302,"OLAM_P029",25
"75977",0.00569685999653302,"OLAM_P029",50
"75978",2306.60569685999,"OLAM_P029",100
"75979",0.00569685999653302,"OLAM_P029",25
"75980",0.00569685999653302,"OLAM_P029",50
"75981",-41.7600331400026,"OLAM_P029",100
"75982",0.00569685999653302,"OLAM_P029",25
"75983",0.00569685999653302,"OLAM_P029",50
"75984",67.7815168599918,"OLAM_P029",100
"75985",0.00569685999653302,"OLAM_P029",25
"75986",0.00569685999653302,"OLAM_P029",50
"75987",163.471556859993,"OLAM_P029",100
"75988",0.00569685999653302,"OLAM_P029",25
"75989",0.00569685999653302,"OLAM_P029",50
"75990",-110.383153140006,"OLAM_P029",100
"75991",0.00569685999653302,"OLAM_P029",25
"75992",0.00569685999653302,"OLAM_P029",50
"75993",-611.707503140002,"OLAM_P029",100
"75994",0.00569685999653302,"OLAM_P029",25
"75995",0.00569685999653302,"OLAM_P029",50
"75996",-30.5942031400045,"OLAM_P029",100
"75997",0.00569685999653302,"OLAM_P029",25
"75998",0.00569685999653302,"OLAM_P029",50
"75999",86.8122468599904,"OLAM_P029",100
"76000",0.00569685999653302,"OLAM_P029",25
"76001",0.00569685999653302,"OLAM_P029",50
"76002",70.886296859986,"OLAM_P029",100
"76003",0.00569685999653302,"OLAM_P029",25
"76004",0.00569685999653302,"OLAM_P029",50
"76005",-159.237793140011,"OLAM_P029",100
"76006",0.00569685999653302,"OLAM_P029",25
"76007",0.00569685999653302,"OLAM_P029",50
"76008",-116.348123140007,"OLAM_P029",100
"76009",0.00569685999653302,"OLAM_P029",25
"76010",0.00569685999653302,"OLAM_P029",50
"76011",-293.244243140012,"OLAM_P029",100
"76012",0.00569685999653302,"OLAM_P029",25
"76013",0.00569685999653302,"OLAM_P029",50
"76014",30.538056859994,"OLAM_P029",100
"76015",0.00569685999653302,"OLAM_P029",25
"76016",0.00569685999653302,"OLAM_P029",50
"76017",114.909076859985,"OLAM_P029",100
"76018",0.00569685999653302,"OLAM_P029",25
"76019",0.00569685999653302,"OLAM_P029",50
"76020",-178.505263140003,"OLAM_P029",100
"76021",0.00569685999653302,"OLAM_P029",25
"76022",0.00569685999653302,"OLAM_P029",50
"76023",-318.220483140001,"OLAM_P029",100
"76024",0.00569685999653302,"OLAM_P029",25
"76025",0.00569685999653302,"OLAM_P029",50
"76026",-11.9144431400055,"OLAM_P029",100
"76027",0.00569685999653302,"OLAM_P029",25
"76028",0.00569685999653302,"OLAM_P029",50
"76029",1327.25105686,"OLAM_P029",100
"76030",0.00569685999653302,"OLAM_P029",25
"76031",0.00569685999653302,"OLAM_P029",50
"76032",-6.90614314000413,"OLAM_P029",100
"76033",0.00569685999653302,"OLAM_P029",25
"76034",0.00569685999653302,"OLAM_P029",50
"76035",-350.41729314001,"OLAM_P029",100
"76036",0.00569685999653302,"OLAM_P029",25
"76037",0.00569685999653302,"OLAM_P029",50
"76038",83.7240468599921,"OLAM_P029",100
"76039",0.00569685999653302,"OLAM_P029",25
"76040",0.00569685999653302,"OLAM_P029",50
"76041",-109.337903140011,"OLAM_P029",100
"76042",0.00569685999653302,"OLAM_P029",25
"76043",0.00569685999653302,"OLAM_P029",50
"76044",304.496196859996,"OLAM_P029",100
"76045",0.00569685999653302,"OLAM_P029",25
"76046",0.00569685999653302,"OLAM_P029",50
"76047",244.984886859995,"OLAM_P029",100
"76048",0.00569685999653302,"OLAM_P029",25
"76049",0.00569685999653302,"OLAM_P029",50
"76050",-230.198523140003,"OLAM_P029",100
"76051",0.00569685999653302,"OLAM_P029",25
"76052",0.00569685999653302,"OLAM_P029",50
"76053",-498.043403140007,"OLAM_P029",100
"76054",0.00569685999653302,"OLAM_P029",25
"76055",0.00569685999653302,"OLAM_P029",50
"76056",-31.7636031400034,"OLAM_P029",100
"76057",0.00569685999653302,"OLAM_P029",25
"76058",0.00569685999653302,"OLAM_P029",50
"76059",-513.697923140004,"OLAM_P029",100
"76060",0.00569685999653302,"OLAM_P029",25
"76061",0.00569685999653302,"OLAM_P029",50
"76062",305.498226859985,"OLAM_P029",100
"76063",0.00569685999653302,"OLAM_P029",25
"76064",0.00569685999653302,"OLAM_P029",50
"76065",74.0445968599961,"OLAM_P029",100
"76066",0.00569685999653302,"OLAM_P029",25
"76067",0.00569685999653302,"OLAM_P029",50
"76068",819.143096859989,"OLAM_P029",100
"76069",0.00569685999653302,"OLAM_P029",25
"76070",0.00569685999653302,"OLAM_P029",50
"76071",404.500796859997,"OLAM_P029",100
"76072",0.00569685999653302,"OLAM_P029",25
"76073",0.00569685999653302,"OLAM_P029",50
"76074",985.146896859995,"OLAM_P029",100
"76075",0.00569685999653302,"OLAM_P029",25
"76076",0.00569685999653302,"OLAM_P029",50
"76077",546.038846859985,"OLAM_P029",100
"76078",0.00569685999653302,"OLAM_P029",25
"76079",0.00569685999653302,"OLAM_P029",50
"76080",538.451626859998,"OLAM_P029",100
"76081",0.00569685999653302,"OLAM_P029",25
"76082",0.00569685999653302,"OLAM_P029",50
"76083",-183.019973140006,"OLAM_P029",100
"76084",0.00569685999653302,"OLAM_P029",25
"76085",0.00569685999653302,"OLAM_P029",50
"76086",-7.68030314000498,"OLAM_P029",100
"76087",0.00569685999653302,"OLAM_P029",25
"76088",0.00569685999653302,"OLAM_P029",50
"76089",-73.4804031400126,"OLAM_P029",100
"76090",0.00569685999653302,"OLAM_P029",25
"76091",0.00569685999653302,"OLAM_P029",50
"76092",-456.087403140002,"OLAM_P029",100
"76093",0.00569685999653302,"OLAM_P029",25
"76094",0.00569685999653302,"OLAM_P029",50
"76095",-117.246763140007,"OLAM_P029",100
"76096",0.00569685999653302,"OLAM_P029",25
"76097",0.00569685999653302,"OLAM_P029",50
"76098",-221.056203140004,"OLAM_P029",100
"76099",0.00569685999653302,"OLAM_P029",25
"76100",0.00569685999653302,"OLAM_P029",50
"76101",-297.041283140003,"OLAM_P029",100
"76102",0.00569685999653302,"OLAM_P029",25
"76103",0.00569685999653302,"OLAM_P029",50
"76104",-1.03770314001304,"OLAM_P029",100
"76105",0.00569685999653302,"OLAM_P029",25
"76106",0.00569685999653302,"OLAM_P029",50
"76107",31.1217568599968,"OLAM_P029",100
"76108",0.00569685999653302,"OLAM_P029",25
"76109",0.00569685999653302,"OLAM_P029",50
"76110",5.30260685998655,"OLAM_P029",100
"76111",0.00569685999653302,"OLAM_P029",25
"76112",0.00569685999653302,"OLAM_P029",50
"76113",-125.394173140012,"OLAM_P029",100
"76114",0.00569685999653302,"OLAM_P029",25
"76115",0.00569685999653302,"OLAM_P029",50
"76116",-15412.68830314,"OLAM_P029",100
"76117",0.00569685999653302,"OLAM_P029",25
"76118",0.00569685999653302,"OLAM_P029",50
"76119",1175.84959685999,"OLAM_P029",100
"76120",0.00569685999653302,"OLAM_P029",25
"76121",0.00569685999653302,"OLAM_P029",50
"76122",237.861716859989,"OLAM_P029",100
"76123",0.00569685999653302,"OLAM_P029",25
"76124",0.00569685999653302,"OLAM_P029",50
"76125",-96.0109331400017,"OLAM_P029",100
"76126",0.00569685999653302,"OLAM_P029",25
"76127",0.00569685999653302,"OLAM_P029",50
"76128",418.752656859986,"OLAM_P029",100
"76129",0.00569685999653302,"OLAM_P029",25
"76130",0.00569685999653302,"OLAM_P029",50
"76131",265.38699685999,"OLAM_P029",100
"76132",0.00569685999653302,"OLAM_P029",25
"76133",0.00569685999653302,"OLAM_P029",50
"76134",821.232796859986,"OLAM_P029",100
"76135",0.00569685999653302,"OLAM_P029",25
"76136",0.00569685999653302,"OLAM_P029",50
"76137",-448.491003140007,"OLAM_P029",100
"76138",0.00569685999653302,"OLAM_P029",25
"76139",0.00569685999653302,"OLAM_P029",50
"76140",-24.8943031400122,"OLAM_P029",100
"76141",0.00569685999653302,"OLAM_P029",25
"76142",0.00569685999653302,"OLAM_P029",50
"76143",336.855296859998,"OLAM_P029",100
"76144",0.00569685999653302,"OLAM_P029",25
"76145",0.00569685999653302,"OLAM_P029",50
"76146",-198.140403140002,"OLAM_P029",100
"76147",0.00569685999653302,"OLAM_P029",25
"76148",0.00569685999653302,"OLAM_P029",50
"76149",-110.748733140004,"OLAM_P029",100
"76150",0.00569685999653302,"OLAM_P029",25
"76151",0.00569685999653302,"OLAM_P029",50
"76152",-30.129203140008,"OLAM_P029",100
"76153",0.00569685999653302,"OLAM_P029",25
"76154",0.00569685999653302,"OLAM_P029",50
"76155",428.982726859991,"OLAM_P029",100
"76156",0.00569685999653302,"OLAM_P029",25
"76157",0.00569685999653302,"OLAM_P029",50
"76158",192.109796859993,"OLAM_P029",100
"76159",0.00569685999653302,"OLAM_P029",25
"76160",0.00569685999653302,"OLAM_P029",50
"76161",-44.1681831400056,"OLAM_P029",100
"76162",0.00569685999653302,"OLAM_P029",25
"76163",0.00569685999653302,"OLAM_P029",50
"76164",98.3404368599877,"OLAM_P029",100
"76165",0.00569685999653302,"OLAM_P029",25
"76166",0.00569685999653302,"OLAM_P029",50
"76167",1121.97164685999,"OLAM_P029",100
"76168",0.00569685999653302,"OLAM_P029",25
"76169",0.00569685999653302,"OLAM_P029",50
"76170",-109.298803140002,"OLAM_P029",100
"76171",0.00569685999653302,"OLAM_P029",25
"76172",0.00569685999653302,"OLAM_P029",50
"76173",-72.1540031400073,"OLAM_P029",100
"76174",0.00569685999653302,"OLAM_P029",25
"76175",0.00569685999653302,"OLAM_P029",50
"76176",-271.188093140008,"OLAM_P029",100
"76177",0.00569685999653302,"OLAM_P029",25
"76178",0.00569685999653302,"OLAM_P029",50
"76179",412.403396859998,"OLAM_P029",100
"76180",0.00569685999653302,"OLAM_P029",25
"76181",0.00569685999653302,"OLAM_P029",50
"76182",-82.5024531400122,"OLAM_P029",100
"76183",0.00569685999653302,"OLAM_P029",25
"76184",0.00569685999653302,"OLAM_P029",50
"76185",345.034696859992,"OLAM_P029",100
"76186",0.00569685999653302,"OLAM_P029",25
"76187",0.00569685999653302,"OLAM_P029",50
"76188",23.8122968599928,"OLAM_P029",100
"76189",0.00569685999653302,"OLAM_P029",25
"76190",0.00569685999653302,"OLAM_P029",50
"76191",234.273296859988,"OLAM_P029",100
"76192",0.00569685999653302,"OLAM_P029",25
"76193",0.00569685999653302,"OLAM_P029",50
"76194",214.957096859987,"OLAM_P029",100
"76195",0.00569685999653302,"OLAM_P029",25
"76196",0.00569685999653302,"OLAM_P029",50
"76197",92.7899568599969,"OLAM_P029",100
"76198",0.00569685999653302,"OLAM_P029",25
"76199",0.00569685999653302,"OLAM_P029",50
"76200",559.226306859986,"OLAM_P029",100
"76201",-4857.56043456,"OLAM_P030",25
"76202",5527.67037544004,"OLAM_P030",50
"76203",-1472.70013456,"OLAM_P030",100
"76204",1363.67378544004,"OLAM_P030",25
"76205",-6382.91653455998,"OLAM_P030",50
"76206",2925.72580544004,"OLAM_P030",100
"76207",1420.51096544001,"OLAM_P030",25
"76208",-7303.34054455999,"OLAM_P030",50
"76209",3764.28551544005,"OLAM_P030",100
"76210",276.049615440017,"OLAM_P030",25
"76211",-10744.61693456,"OLAM_P030",50
"76212",10932.37599544,"OLAM_P030",100
"76213",1202.95768544002,"OLAM_P030",25
"76214",-1289.98746455996,"OLAM_P030",50
"76215",-1242.23569455999,"OLAM_P030",100
"76216",5877.23995543999,"OLAM_P030",25
"76217",3840.83245544002,"OLAM_P030",50
"76218",8525.07445544004,"OLAM_P030",100
"76219",978.172365439998,"OLAM_P030",25
"76220",-3117.16363455995,"OLAM_P030",50
"76221",-819.511614559975,"OLAM_P030",100
"76222",2701.55451544002,"OLAM_P030",25
"76223",-7.71908455999801,"OLAM_P030",50
"76224",17852.96035544,"OLAM_P030",100
"76225",6735.94270544004,"OLAM_P030",25
"76226",2649.71081543999,"OLAM_P030",50
"76227",455.427125440037,"OLAM_P030",100
"76228",-3772.74274456,"OLAM_P030",25
"76229",-10376.52377456,"OLAM_P030",50
"76230",7003.52437544003,"OLAM_P030",100
"76231",-4557.35523455997,"OLAM_P030",25
"76232",-4365.49572455999,"OLAM_P030",50
"76233",6291.90430544002,"OLAM_P030",100
"76234",257.976415440033,"OLAM_P030",25
"76235",-2293.16140455997,"OLAM_P030",50
"76236",8366.51966544002,"OLAM_P030",100
"76237",1765.92936544004,"OLAM_P030",25
"76238",-10254.19851456,"OLAM_P030",50
"76239",-4647.96902456001,"OLAM_P030",100
"76240",411.117365440005,"OLAM_P030",25
"76241",3854.80628543999,"OLAM_P030",50
"76242",7896.16816544003,"OLAM_P030",100
"76243",921.102755439992,"OLAM_P030",25
"76244",5605.13187544001,"OLAM_P030",50
"76245",-3100.95424455998,"OLAM_P030",100
"76246",-5444.75563455996,"OLAM_P030",25
"76247",-3687.73923455999,"OLAM_P030",50
"76248",-5640.04004455998,"OLAM_P030",100
"76249",3314.23300544004,"OLAM_P030",25
"76250",-5728.17674455995,"OLAM_P030",50
"76251",-2127.39952455997,"OLAM_P030",100
"76252",-6841.93848456,"OLAM_P030",25
"76253",4390.91040544002,"OLAM_P030",50
"76254",-3590.24893455999,"OLAM_P030",100
"76255",3326.55337544001,"OLAM_P030",25
"76256",-3772.84743455995,"OLAM_P030",50
"76257",5320.99448544002,"OLAM_P030",100
"76258",9460.99586544,"OLAM_P030",25
"76259",12676.78735544,"OLAM_P030",50
"76260",195.121215440042,"OLAM_P030",100
"76261",957.60891544004,"OLAM_P030",25
"76262",2680.89336544002,"OLAM_P030",50
"76263",2956.08601544,"OLAM_P030",100
"76264",2957.52116544003,"OLAM_P030",25
"76265",-6974.96148455999,"OLAM_P030",50
"76266",5449.85364544002,"OLAM_P030",100
"76267",1806.68461544003,"OLAM_P030",25
"76268",6446.05838544003,"OLAM_P030",50
"76269",5421.99562544003,"OLAM_P030",100
"76270",2328.48475544003,"OLAM_P030",25
"76271",340.068265440001,"OLAM_P030",50
"76272",12090.51106544,"OLAM_P030",100
"76273",5314.99681544001,"OLAM_P030",25
"76274",9191.68085544003,"OLAM_P030",50
"76275",10115.74405544,"OLAM_P030",100
"76276",2558.79116543999,"OLAM_P030",25
"76277",4217.67931544001,"OLAM_P030",50
"76278",6583.54660544003,"OLAM_P030",100
"76279",14.5145154400379,"OLAM_P030",25
"76280",-7162.32043456001,"OLAM_P030",50
"76281",133.97471544001,"OLAM_P030",100
"76282",-3047.22639455996,"OLAM_P030",25
"76283",-4386.37800455996,"OLAM_P030",50
"76284",376.078225439996,"OLAM_P030",100
"76285",570.18445544003,"OLAM_P030",25
"76286",-4284.15185455995,"OLAM_P030",50
"76287",-2177.94989455998,"OLAM_P030",100
"76288",10402.91278544,"OLAM_P030",25
"76289",13859.83609544,"OLAM_P030",50
"76290",10291.00874544,"OLAM_P030",100
"76291",834.127505440032,"OLAM_P030",25
"76292",2532.63947544002,"OLAM_P030",50
"76293",15523.88329544,"OLAM_P030",100
"76294",-2030.83023456001,"OLAM_P030",25
"76295",6482.13599544001,"OLAM_P030",50
"76296",-3129.70448456,"OLAM_P030",100
"76297",6128.49511543999,"OLAM_P030",25
"76298",6827.85970544,"OLAM_P030",50
"76299",3625.01162544003,"OLAM_P030",100
"76300",-4305.00868455996,"OLAM_P030",25
"76301",12996.88051544,"OLAM_P030",50
"76302",-989.50191455998,"OLAM_P030",100
"76303",190.430945440021,"OLAM_P030",25
"76304",3365.35484544002,"OLAM_P030",50
"76305",-3542.82113455998,"OLAM_P030",100
"76306",265.882515439996,"OLAM_P030",25
"76307",5916.35650544002,"OLAM_P030",50
"76308",8628.51039544004,"OLAM_P030",100
"76309",11145.24881544,"OLAM_P030",25
"76310",7576.16870544001,"OLAM_P030",50
"76311",-678.832644559967,"OLAM_P030",100
"76312",-7176.71892456,"OLAM_P030",25
"76313",-2034.98683456,"OLAM_P030",50
"76314",-7047.76017456001,"OLAM_P030",100
"76315",-623.571224559972,"OLAM_P030",25
"76316",5835.36740544002,"OLAM_P030",50
"76317",13502.20483544,"OLAM_P030",100
"76318",4214.83741544001,"OLAM_P030",25
"76319",4146.26190544001,"OLAM_P030",50
"76320",24274.48882544,"OLAM_P030",100
"76321",12532.96866544,"OLAM_P030",25
"76322",1613.95756544004,"OLAM_P030",50
"76323",12176.99897544,"OLAM_P030",100
"76324",10210.18606544,"OLAM_P030",25
"76325",-248.372234559967,"OLAM_P030",50
"76326",-6111.07245455997,"OLAM_P030",100
"76327",1665.86417544005,"OLAM_P030",25
"76328",7377.44350544002,"OLAM_P030",50
"76329",1644.41800544003,"OLAM_P030",100
"76330",-282.931054560002,"OLAM_P030",25
"76331",-463.995284559962,"OLAM_P030",50
"76332",18834.01109544,"OLAM_P030",100
"76333",1594.65960544004,"OLAM_P030",25
"76334",-523.278894560004,"OLAM_P030",50
"76335",1678.07824544003,"OLAM_P030",100
"76336",2559.44715543999,"OLAM_P030",25
"76337",8479.85421543999,"OLAM_P030",50
"76338",11998.82626544,"OLAM_P030",100
"76339",813.334305440017,"OLAM_P030",25
"76340",14449.16202544,"OLAM_P030",50
"76341",8542.85131544003,"OLAM_P030",100
"76342",-1752.75893456,"OLAM_P030",25
"76343",-2738.76473455998,"OLAM_P030",50
"76344",16339.51139544,"OLAM_P030",100
"76345",4059.14586544002,"OLAM_P030",25
"76346",1823.99332544004,"OLAM_P030",50
"76347",10118.21060544,"OLAM_P030",100
"76348",14831.63330544,"OLAM_P030",25
"76349",-4516.86734455999,"OLAM_P030",50
"76350",8463.54513544001,"OLAM_P030",100
"76351",1589.45217544003,"OLAM_P030",25
"76352",-1195.40422455996,"OLAM_P030",50
"76353",-5686.42173455999,"OLAM_P030",100
"76354",3849.27680544002,"OLAM_P030",25
"76355",1757.29831544001,"OLAM_P030",50
"76356",-1807.07483455999,"OLAM_P030",100
"76357",5957.60435544001,"OLAM_P030",25
"76358",65.4356054399977,"OLAM_P030",50
"76359",-2138.46467456,"OLAM_P030",100
"76360",7215.16222544003,"OLAM_P030",25
"76361",150.167705440021,"OLAM_P030",50
"76362",1759.89940544002,"OLAM_P030",100
"76363",527.142905440007,"OLAM_P030",25
"76364",3845.61782544001,"OLAM_P030",50
"76365",-1865.90517455997,"OLAM_P030",100
"76366",5796.55380544002,"OLAM_P030",25
"76367",6259.49966544,"OLAM_P030",50
"76368",-3179.86757455999,"OLAM_P030",100
"76369",5196.68287543999,"OLAM_P030",25
"76370",1033.40591544,"OLAM_P030",50
"76371",-1268.75273456,"OLAM_P030",100
"76372",-1141.11608456,"OLAM_P030",25
"76373",11738.97127544,"OLAM_P030",50
"76374",15319.81200544,"OLAM_P030",100
"76375",-4485.24172455998,"OLAM_P030",25
"76376",2912.10623544001,"OLAM_P030",50
"76377",6839.43424544,"OLAM_P030",100
"76378",7307.45073544001,"OLAM_P030",25
"76379",3768.69014543999,"OLAM_P030",50
"76380",10358.98728544,"OLAM_P030",100
"76381",-9661.93569456,"OLAM_P030",25
"76382",3623.54175544,"OLAM_P030",50
"76383",-8960.61134455999,"OLAM_P030",100
"76384",4850.12825544004,"OLAM_P030",25
"76385",-3282.97097455995,"OLAM_P030",50
"76386",3905.38199544,"OLAM_P030",100
"76387",-1260.05143455998,"OLAM_P030",25
"76388",1623.29307544004,"OLAM_P030",50
"76389",-7699.77574456,"OLAM_P030",100
"76390",5392.58575544,"OLAM_P030",25
"76391",-5795.85173455998,"OLAM_P030",50
"76392",-640.912694559956,"OLAM_P030",100
"76393",-8518.61077455996,"OLAM_P030",25
"76394",-663.903514559963,"OLAM_P030",50
"76395",-2637.21511455998,"OLAM_P030",100
"76396",823.200155440019,"OLAM_P030",25
"76397",7511.43375544,"OLAM_P030",50
"76398",19051.74094544,"OLAM_P030",100
"76399",6550.58803544001,"OLAM_P030",25
"76400",-5638.64279456,"OLAM_P030",50
"76401",2097.78067544004,"OLAM_P030",100
"76402",1030.34237544,"OLAM_P030",25
"76403",428.427215440024,"OLAM_P030",50
"76404",-4573.04765456001,"OLAM_P030",100
"76405",-1270.39033455995,"OLAM_P030",25
"76406",-6541.83892456,"OLAM_P030",50
"76407",3619.42114544002,"OLAM_P030",100
"76408",7454.79775544,"OLAM_P030",25
"76409",-9877.50426456,"OLAM_P030",50
"76410",17905.92281544,"OLAM_P030",100
"76411",1612.41217544,"OLAM_P030",25
"76412",-8000.66101455997,"OLAM_P030",50
"76413",4526.81820544001,"OLAM_P030",100
"76414",1466.01656543999,"OLAM_P030",25
"76415",-2713.24716455996,"OLAM_P030",50
"76416",-5784.67981455999,"OLAM_P030",100
"76417",358.914815440017,"OLAM_P030",25
"76418",1940.58767544001,"OLAM_P030",50
"76419",-6830.35040455998,"OLAM_P030",100
"76420",-623.845644560002,"OLAM_P030",25
"76421",-5206.44204455998,"OLAM_P030",50
"76422",18857.93644544,"OLAM_P030",100
"76423",1771.64176544,"OLAM_P030",25
"76424",15575.24658544,"OLAM_P030",50
"76425",8798.35366543999,"OLAM_P030",100
"76426",1497.89516544004,"OLAM_P030",25
"76427",-10710.05256456,"OLAM_P030",50
"76428",3870.81540543999,"OLAM_P030",100
"76429",-855.419634560007,"OLAM_P030",25
"76430",5018.72755544004,"OLAM_P030",50
"76431",-566.278574559954,"OLAM_P030",100
"76432",1001.03781544004,"OLAM_P030",25
"76433",-258.17948455998,"OLAM_P030",50
"76434",-2074.91877455998,"OLAM_P030",100
"76435",-895.379494560009,"OLAM_P030",25
"76436",8432.48640544002,"OLAM_P030",50
"76437",826.398255439999,"OLAM_P030",100
"76438",8873.73550544004,"OLAM_P030",25
"76439",-8593.68813455995,"OLAM_P030",50
"76440",17562.70112544,"OLAM_P030",100
"76441",-7141.43398455996,"OLAM_P030",25
"76442",4493.58975544001,"OLAM_P030",50
"76443",17820.44709544,"OLAM_P030",100
"76444",-507.284544560011,"OLAM_P030",25
"76445",-6824.70848455996,"OLAM_P030",50
"76446",-6956.82394455996,"OLAM_P030",100
"76447",-283.527014560008,"OLAM_P030",25
"76448",-3234.96485455998,"OLAM_P030",50
"76449",6898.10182544001,"OLAM_P030",100
"76450",3033.27405544004,"OLAM_P030",25
"76451",-8389.70919456001,"OLAM_P030",50
"76452",-2770.20336455997,"OLAM_P030",100
"76453",1759.60856543999,"OLAM_P030",25
"76454",11794.32770544,"OLAM_P030",50
"76455",13997.89443544,"OLAM_P030",100
"76456",7913.84922544,"OLAM_P030",25
"76457",3005.36511544004,"OLAM_P030",50
"76458",2663.60813544004,"OLAM_P030",100
"76459",3721.54805544001,"OLAM_P030",25
"76460",7644.15491544001,"OLAM_P030",50
"76461",-1073.22108455998,"OLAM_P030",100
"76462",-7147.24913456,"OLAM_P030",25
"76463",-1318.63893456,"OLAM_P030",50
"76464",10413.94104544,"OLAM_P030",100
"76465",-806.102104560006,"OLAM_P030",25
"76466",244.34786544001,"OLAM_P030",50
"76467",-5909.21457456,"OLAM_P030",100
"76468",6956.43061544001,"OLAM_P030",25
"76469",-5930.74204455997,"OLAM_P030",50
"76470",-8556.20358455996,"OLAM_P030",100
"76471",9428.65649543999,"OLAM_P030",25
"76472",278.385155440017,"OLAM_P030",50
"76473",-8139.39749455999,"OLAM_P030",100
"76474",1379.30349543999,"OLAM_P030",25
"76475",-4031.05004455999,"OLAM_P030",50
"76476",-322.957824559999,"OLAM_P030",100
"76477",-1087.19533456,"OLAM_P030",25
"76478",-5548.33348455996,"OLAM_P030",50
"76479",-549.797554560006,"OLAM_P030",100
"76480",5221.36736544,"OLAM_P030",25
"76481",-6303.53807456,"OLAM_P030",50
"76482",3854.08029544004,"OLAM_P030",100
"76483",171.473235440033,"OLAM_P030",25
"76484",4164.87995544,"OLAM_P030",50
"76485",-3060.93136455998,"OLAM_P030",100
"76486",-10462.97059456,"OLAM_P030",25
"76487",3859.00016544003,"OLAM_P030",50
"76488",29142.81900544,"OLAM_P030",100
"76489",5464.52786544,"OLAM_P030",25
"76490",-9087.51465455996,"OLAM_P030",50
"76491",7325.12725543999,"OLAM_P030",100
"76492",-2300.15993456001,"OLAM_P030",25
"76493",2126.40033544,"OLAM_P030",50
"76494",8051.00685544003,"OLAM_P030",100
"76495",9314.90485544002,"OLAM_P030",25
"76496",8948.91835544002,"OLAM_P030",50
"76497",-2762.03268455999,"OLAM_P030",100
"76498",1606.90806544002,"OLAM_P030",25
"76499",4209.96702544001,"OLAM_P030",50
"76500",-8333.66366456001,"OLAM_P030",100
"76501",-0.00769053501426242,"OLAM_P031",25
"76502",-1066.645420535,"OLAM_P031",50
"76503",-292.526180535002,"OLAM_P031",100
"76504",-0.00769053501426242,"OLAM_P031",25
"76505",119.473819464998,"OLAM_P031",50
"76506",-300.06128053501,"OLAM_P031",100
"76507",-0.00769053501426242,"OLAM_P031",25
"76508",-910.110890534997,"OLAM_P031",50
"76509",84.2066294649849,"OLAM_P031",100
"76510",-0.00769053501426242,"OLAM_P031",25
"76511",-633.154190535017,"OLAM_P031",50
"76512",9287.76794946499,"OLAM_P031",100
"76513",-0.00769053501426242,"OLAM_P031",25
"76514",-716.745790535002,"OLAM_P031",50
"76515",-190.733280535002,"OLAM_P031",100
"76516",-0.00769053501426242,"OLAM_P031",25
"76517",-849.610690535017,"OLAM_P031",50
"76518",-737.179550535016,"OLAM_P031",100
"76519",-0.00769053501426242,"OLAM_P031",25
"76520",635.349919464992,"OLAM_P031",50
"76521",-406.915580535016,"OLAM_P031",100
"76522",-0.00769053501426242,"OLAM_P031",25
"76523",-1.64265053501003,"OLAM_P031",50
"76524",-959.205560535018,"OLAM_P031",100
"76525",-0.00769053501426242,"OLAM_P031",25
"76526",25.0229894649819,"OLAM_P031",50
"76527",44.9752194650064,"OLAM_P031",100
"76528",-0.00769053501426242,"OLAM_P031",25
"76529",62.6561194649839,"OLAM_P031",50
"76530",-985.969230535004,"OLAM_P031",100
"76531",-0.00769053501426242,"OLAM_P031",25
"76532",-1028.770160535,"OLAM_P031",50
"76533",-997.944530534995,"OLAM_P031",100
"76534",-0.00769053501426242,"OLAM_P031",25
"76535",83.1868194649869,"OLAM_P031",50
"76536",-900.310980534996,"OLAM_P031",100
"76537",-0.00769053501426242,"OLAM_P031",25
"76538",-1066.15156053501,"OLAM_P031",50
"76539",-725.020080535003,"OLAM_P031",100
"76540",-0.00769053501426242,"OLAM_P031",25
"76541",208.075719465007,"OLAM_P031",50
"76542",-800.851880535018,"OLAM_P031",100
"76543",-0.00769053501426242,"OLAM_P031",25
"76544",135.614819465001,"OLAM_P031",50
"76545",-653.983910534997,"OLAM_P031",100
"76546",-0.00769053501426242,"OLAM_P031",25
"76547",-386.533190535003,"OLAM_P031",50
"76548",3219.327419465,"OLAM_P031",100
"76549",-0.00769053501426242,"OLAM_P031",25
"76550",6726.15530946499,"OLAM_P031",50
"76551",-1042.10780053501,"OLAM_P031",100
"76552",-0.00769053501426242,"OLAM_P031",25
"76553",147.38951946501,"OLAM_P031",50
"76554",-206.333980535012,"OLAM_P031",100
"76555",-0.00769053501426242,"OLAM_P031",25
"76556",105.520519465004,"OLAM_P031",50
"76557",-873.315920535009,"OLAM_P031",100
"76558",-0.00769053501426242,"OLAM_P031",25
"76559",305.386519464984,"OLAM_P031",50
"76560",-375.465330534993,"OLAM_P031",100
"76561",-0.00769053501426242,"OLAM_P031",25
"76562",1098.68321946499,"OLAM_P031",50
"76563",916.689789464988,"OLAM_P031",100
"76564",-0.00769053501426242,"OLAM_P031",25
"76565",-947.135490535002,"OLAM_P031",50
"76566",-4.89198053500149,"OLAM_P031",100
"76567",-0.00769053501426242,"OLAM_P031",25
"76568",284.173719465005,"OLAM_P031",50
"76569",1662.174219465,"OLAM_P031",100
"76570",-0.00769053501426242,"OLAM_P031",25
"76571",-795.704790535005,"OLAM_P031",50
"76572",-1042.97870053499,"OLAM_P031",100
"76573",-0.00769053501426242,"OLAM_P031",25
"76574",397.881519465009,"OLAM_P031",50
"76575",-1080.35641053499,"OLAM_P031",100
"76576",-0.00769053501426242,"OLAM_P031",25
"76577",-942.427590534993,"OLAM_P031",50
"76578",-936.862700535014,"OLAM_P031",100
"76579",-0.00769053501426242,"OLAM_P031",25
"76580",-1059.93416053499,"OLAM_P031",50
"76581",1172.94701946501,"OLAM_P031",100
"76582",-0.00769053501426242,"OLAM_P031",25
"76583",-830.100590535003,"OLAM_P031",50
"76584",-627.287680534995,"OLAM_P031",100
"76585",-0.00769053501426242,"OLAM_P031",25
"76586",31.5589294649835,"OLAM_P031",50
"76587",-797.384600535006,"OLAM_P031",100
"76588",-0.00769053501426242,"OLAM_P031",25
"76589",-874.763390534994,"OLAM_P031",50
"76590",-511.388780534995,"OLAM_P031",100
"76591",-0.00769053501426242,"OLAM_P031",25
"76592",10346.794219465,"OLAM_P031",50
"76593",-357.72058053501,"OLAM_P031",100
"76594",-0.00769053501426242,"OLAM_P031",25
"76595",148.043219465006,"OLAM_P031",50
"76596",-1067.915460535,"OLAM_P031",100
"76597",-0.00769053501426242,"OLAM_P031",25
"76598",-1051.03912053502,"OLAM_P031",50
"76599",-889.261880534992,"OLAM_P031",100
"76600",-0.00769053501426242,"OLAM_P031",25
"76601",153.138819465006,"OLAM_P031",50
"76602",-714.031980535015,"OLAM_P031",100
"76603",-0.00769053501426242,"OLAM_P031",25
"76604",-795.704790535005,"OLAM_P031",50
"76605",-1072.495840535,"OLAM_P031",100
"76606",-0.00769053501426242,"OLAM_P031",25
"76607",-804.544590534992,"OLAM_P031",50
"76608",-127.95608053499,"OLAM_P031",100
"76609",-0.00769053501426242,"OLAM_P031",25
"76610",-823.825990534999,"OLAM_P031",50
"76611",-312.916710535006,"OLAM_P031",100
"76612",-0.00769053501426242,"OLAM_P031",25
"76613",-1054.361020535,"OLAM_P031",50
"76614",-114.882980535011,"OLAM_P031",100
"76615",-0.00769053501426242,"OLAM_P031",25
"76616",107.02921946501,"OLAM_P031",50
"76617",-978.046720535,"OLAM_P031",100
"76618",-0.00769053501426242,"OLAM_P031",25
"76619",-978.966490535007,"OLAM_P031",50
"76620",-379.817370534991,"OLAM_P031",100
"76621",-0.00769053501426242,"OLAM_P031",25
"76622",-667.788090535003,"OLAM_P031",50
"76623",-331.220260535018,"OLAM_P031",100
"76624",-0.00769053501426242,"OLAM_P031",25
"76625",-795.704790535005,"OLAM_P031",50
"76626",-1093.08177053501,"OLAM_P031",100
"76627",-0.00769053501426242,"OLAM_P031",25
"76628",-1003.38019053501,"OLAM_P031",50
"76629",-1032.01848053501,"OLAM_P031",100
"76630",-0.00769053501426242,"OLAM_P031",25
"76631",238.316319464997,"OLAM_P031",50
"76632",-689.31440053499,"OLAM_P031",100
"76633",-0.00769053501426242,"OLAM_P031",25
"76634",89.4504194649926,"OLAM_P031",50
"76635",-1028.739770535,"OLAM_P031",100
"76636",-0.00769053501426242,"OLAM_P031",25
"76637",-26.9903905350075,"OLAM_P031",50
"76638",9618.67798946501,"OLAM_P031",100
"76639",-0.00769053501426242,"OLAM_P031",25
"76640",-986.414390535007,"OLAM_P031",50
"76641",174.722169465007,"OLAM_P031",100
"76642",-0.00769053501426242,"OLAM_P031",25
"76643",-25.1898005350085,"OLAM_P031",50
"76644",-356.140680534998,"OLAM_P031",100
"76645",-0.00769053501426242,"OLAM_P031",25
"76646",-980.249490535003,"OLAM_P031",50
"76647",-1046.97748053502,"OLAM_P031",100
"76648",-0.00769053501426242,"OLAM_P031",25
"76649",62.6561194649839,"OLAM_P031",50
"76650",8521.97221946501,"OLAM_P031",100
"76651",-0.00769053501426242,"OLAM_P031",25
"76652",250.14931946501,"OLAM_P031",50
"76653",-806.594680534996,"OLAM_P031",100
"76654",-0.00769053501426242,"OLAM_P031",25
"76655",-1054.693350535,"OLAM_P031",50
"76656",-296.024680535018,"OLAM_P031",100
"76657",-0.00769053501426242,"OLAM_P031",25
"76658",506.131519465009,"OLAM_P031",50
"76659",10826.961819465,"OLAM_P031",100
"76660",-0.00769053501426242,"OLAM_P031",25
"76661",2351.660219465,"OLAM_P031",50
"76662",-965.173810534994,"OLAM_P031",100
"76663",-0.00769053501426242,"OLAM_P031",25
"76664",-784.780290535011,"OLAM_P031",50
"76665",-961.248760535003,"OLAM_P031",100
"76666",-0.00769053501426242,"OLAM_P031",25
"76667",-1032.34776053499,"OLAM_P031",50
"76668",9638.580519465,"OLAM_P031",100
"76669",-0.00769053501426242,"OLAM_P031",25
"76670",-1067.89966053501,"OLAM_P031",50
"76671",-1073.81407053501,"OLAM_P031",100
"76672",-0.00769053501426242,"OLAM_P031",25
"76673",-1043.39392053502,"OLAM_P031",50
"76674",-532.663900535001,"OLAM_P031",100
"76675",-0.00769053501426242,"OLAM_P031",25
"76676",26.893099465,"OLAM_P031",50
"76677",39.5625194649911,"OLAM_P031",100
"76678",-0.00769053501426242,"OLAM_P031",25
"76679",-16.384680535004,"OLAM_P031",50
"76680",-908.929480535007,"OLAM_P031",100
"76681",-0.00769053501426242,"OLAM_P031",25
"76682",-1043.39392053502,"OLAM_P031",50
"76683",-1068.57603053501,"OLAM_P031",100
"76684",-0.00769053501426242,"OLAM_P031",25
"76685",-948.943090535002,"OLAM_P031",50
"76686",-394.560780535016,"OLAM_P031",100
"76687",-0.00769053501426242,"OLAM_P031",25
"76688",295.865919464995,"OLAM_P031",50
"76689",-985.217770535004,"OLAM_P031",100
"76690",-0.00769053501426242,"OLAM_P031",25
"76691",-779.26209053499,"OLAM_P031",50
"76692",-213.492970535008,"OLAM_P031",100
"76693",-0.00769053501426242,"OLAM_P031",25
"76694",-155.815090535005,"OLAM_P031",50
"76695",-80.1032805349969,"OLAM_P031",100
"76696",-0.00769053501426242,"OLAM_P031",25
"76697",-947.135490535002,"OLAM_P031",50
"76698",-959.534300535015,"OLAM_P031",100
"76699",-0.00769053501426242,"OLAM_P031",25
"76700",7410.154309465,"OLAM_P031",50
"76701",-1062.718840535,"OLAM_P031",100
"76702",-0.00769053501426242,"OLAM_P031",25
"76703",-616.654190535017,"OLAM_P031",50
"76704",-303.431400535017,"OLAM_P031",100
"76705",-0.00769053501426242,"OLAM_P031",25
"76706",112.074019464984,"OLAM_P031",50
"76707",-521.125490534992,"OLAM_P031",100
"76708",-0.00769053501426242,"OLAM_P031",25
"76709",244.590919465001,"OLAM_P031",50
"76710",-912.390780535003,"OLAM_P031",100
"76711",-0.00769053501426242,"OLAM_P031",25
"76712",102.719619465002,"OLAM_P031",50
"76713",-674.849480534991,"OLAM_P031",100
"76714",-0.00769053501426242,"OLAM_P031",25
"76715",19.4244994650071,"OLAM_P031",50
"76716",6751.18598946498,"OLAM_P031",100
"76717",-0.00769053501426242,"OLAM_P031",25
"76718",211.95201946501,"OLAM_P031",50
"76719",-788.927980534994,"OLAM_P031",100
"76720",-0.00769053501426242,"OLAM_P031",25
"76721",105.349419464997,"OLAM_P031",50
"76722",-1025.81565053499,"OLAM_P031",100
"76723",-0.00769053501426242,"OLAM_P031",25
"76724",-1018.01339053499,"OLAM_P031",50
"76725",-588.783380534995,"OLAM_P031",100
"76726",-0.00769053501426242,"OLAM_P031",25
"76727",3655.88521946501,"OLAM_P031",50
"76728",-1038.53779053502,"OLAM_P031",100
"76729",-0.00769053501426242,"OLAM_P031",25
"76730",198.802619464986,"OLAM_P031",50
"76731",-764.138170535007,"OLAM_P031",100
"76732",-0.00769053501426242,"OLAM_P031",25
"76733",13.3182094649819,"OLAM_P031",50
"76734",-866.516980535001,"OLAM_P031",100
"76735",-0.00769053501426242,"OLAM_P031",25
"76736",-1054.693350535,"OLAM_P031",50
"76737",-1116.172630535,"OLAM_P031",100
"76738",-0.00769053501426242,"OLAM_P031",25
"76739",9593.64730946498,"OLAM_P031",50
"76740",7923.62791946498,"OLAM_P031",100
"76741",-0.00769053501426242,"OLAM_P031",25
"76742",-1065.37654053501,"OLAM_P031",50
"76743",-338.923570535,"OLAM_P031",100
"76744",-0.00769053501426242,"OLAM_P031",25
"76745",-1069.13931053501,"OLAM_P031",50
"76746",-1044.67582053499,"OLAM_P031",100
"76747",-0.00769053501426242,"OLAM_P031",25
"76748",25.0229894649819,"OLAM_P031",50
"76749",-957.746070535009,"OLAM_P031",100
"76750",-0.00769053501426242,"OLAM_P031",25
"76751",-22.065950535005,"OLAM_P031",50
"76752",-279.808970534999,"OLAM_P031",100
"76753",-0.00769053501426242,"OLAM_P031",25
"76754",2527.85021946501,"OLAM_P031",50
"76755",-967.286090534995,"OLAM_P031",100
"76756",-0.00769053501426242,"OLAM_P031",25
"76757",240.87561946499,"OLAM_P031",50
"76758",-1002.07481053501,"OLAM_P031",100
"76759",-0.00769053501426242,"OLAM_P031",25
"76760",-1074.86414053501,"OLAM_P031",50
"76761",10297.296519465,"OLAM_P031",100
"76762",-0.00769053501426242,"OLAM_P031",25
"76763",-1066.15156053501,"OLAM_P031",50
"76764",-885.795450534992,"OLAM_P031",100
"76765",-0.00769053501426242,"OLAM_P031",25
"76766",-981.902190535009,"OLAM_P031",50
"76767",9819.36341946499,"OLAM_P031",100
"76768",-0.00769053501426242,"OLAM_P031",25
"76769",-0.722400535014458,"OLAM_P031",50
"76770",-1062.10407053502,"OLAM_P031",100
"76771",-0.00769053501426242,"OLAM_P031",25
"76772",11642.714219465,"OLAM_P031",50
"76773",-937.647380534996,"OLAM_P031",100
"76774",-0.00769053501426242,"OLAM_P031",25
"76775",105.349419464997,"OLAM_P031",50
"76776",-876.718180535012,"OLAM_P031",100
"76777",-0.00769053501426242,"OLAM_P031",25
"76778",267.10661946499,"OLAM_P031",50
"76779",-371.914480534993,"OLAM_P031",100
"76780",-0.00769053501426242,"OLAM_P031",25
"76781",-1003.97659053499,"OLAM_P031",50
"76782",150.303049465001,"OLAM_P031",100
"76783",-0.00769053501426242,"OLAM_P031",25
"76784",125.989319465007,"OLAM_P031",50
"76785",-512.058380535018,"OLAM_P031",100
"76786",-0.00769053501426242,"OLAM_P031",25
"76787",386.989819465001,"OLAM_P031",50
"76788",-1106.27520053499,"OLAM_P031",100
"76789",-0.00769053501426242,"OLAM_P031",25
"76790",1014.63330946499,"OLAM_P031",50
"76791",-830.065880534996,"OLAM_P031",100
"76792",-0.00769053501426242,"OLAM_P031",25
"76793",46.8735194650071,"OLAM_P031",50
"76794",-1044.80033053501,"OLAM_P031",100
"76795",-0.00769053501426242,"OLAM_P031",25
"76796",2363.234219465,"OLAM_P031",50
"76797",-828.172560534993,"OLAM_P031",100
"76798",-0.00769053501426242,"OLAM_P031",25
"76799",255.252119465003,"OLAM_P031",50
"76800",-820.379780535004,"OLAM_P031",100
"76801",1168.17020130903,"OLAM_P032",25
"76802",-10561.039398691,"OLAM_P032",50
"76803",-99401.104998691,"OLAM_P032",100
"76804",-10324.943998691,"OLAM_P032",25
"76805",-10055.851698691,"OLAM_P032",50
"76806",-96529.985298691,"OLAM_P032",100
"76807",1857.64620130905,"OLAM_P032",25
"76808",-99138.781888691,"OLAM_P032",50
"76809",-97166.017598691,"OLAM_P032",100
"76810",-213.559668691014,"OLAM_P032",25
"76811",-89106.420118691,"OLAM_P032",50
"76812",-98045.672608691,"OLAM_P032",100
"76813",1570.21720130905,"OLAM_P032",25
"76814",-88616.368798691,"OLAM_P032",50
"76815",-99567.433808691,"OLAM_P032",100
"76816",-88845.629598691,"OLAM_P032",25
"76817",-88328.591798691,"OLAM_P032",50
"76818",-85180.796298691,"OLAM_P032",100
"76819",-88823.891198691,"OLAM_P032",25
"76820",-97965.996998691,"OLAM_P032",50
"76821",-98874.386088691,"OLAM_P032",100
"76822",-88700.305798691,"OLAM_P032",25
"76823",-88964.673598691,"OLAM_P032",50
"76824",-99088.648198691,"OLAM_P032",100
"76825",-248.383438691031,"OLAM_P032",25
"76826",-88409.371558691,"OLAM_P032",50
"76827",-98609.605898691,"OLAM_P032",100
"76828",983.308201308944,"OLAM_P032",25
"76829",-10226.5521986909,"OLAM_P032",50
"76830",-97351.241998691,"OLAM_P032",100
"76831",-88906.950478691,"OLAM_P032",25
"76832",-9772.40766869101,"OLAM_P032",50
"76833",-99380.523638691,"OLAM_P032",100
"76834",565.35450130899,"OLAM_P032",25
"76835",-8186.37920869095,"OLAM_P032",50
"76836",-98605.523388691,"OLAM_P032",100
"76837",439.884201308945,"OLAM_P032",25
"76838",-98847.427398691,"OLAM_P032",50
"76839",-91769.619298691,"OLAM_P032",100
"76840",-10426.160498691,"OLAM_P032",25
"76841",-98445.202648691,"OLAM_P032",50
"76842",-98990.437058691,"OLAM_P032",100
"76843",2801.36220130895,"OLAM_P032",25
"76844",-87218.032298691,"OLAM_P032",50
"76845",-97083.867868691,"OLAM_P032",100
"76846",-10420.786998691,"OLAM_P032",25
"76847",-97902.031798691,"OLAM_P032",50
"76848",-99477.570698691,"OLAM_P032",100
"76849",-205.014098691056,"OLAM_P032",25
"76850",-89052.817148691,"OLAM_P032",50
"76851",-98219.809248691,"OLAM_P032",100
"76852",-88934.280918691,"OLAM_P032",25
"76853",-10070.709298691,"OLAM_P032",50
"76854",-92872.525638691,"OLAM_P032",100
"76855",-9100.22799869103,"OLAM_P032",25
"76856",-99369.636398691,"OLAM_P032",50
"76857",-94573.852798691,"OLAM_P032",100
"76858",-36.0934986909851,"OLAM_P032",25
"76859",-10716.847608691,"OLAM_P032",50
"76860",-98233.921378691,"OLAM_P032",100
"76861",-88929.785038691,"OLAM_P032",25
"76862",-87006.770958691,"OLAM_P032",50
"76863",-98841.326198691,"OLAM_P032",100
"76864",-88557.542698691,"OLAM_P032",25
"76865",-88510.478898691,"OLAM_P032",50
"76866",-98477.062798691,"OLAM_P032",100
"76867",-9069.64499869104,"OLAM_P032",25
"76868",-9906.42274869105,"OLAM_P032",50
"76869",-86605.569698691,"OLAM_P032",100
"76870",-129.882398691028,"OLAM_P032",25
"76871",-94759.980478691,"OLAM_P032",50
"76872",-99435.385248691,"OLAM_P032",100
"76873",2603.265201309,"OLAM_P032",25
"76874",-9867.97069869097,"OLAM_P032",50
"76875",-97958.846128691,"OLAM_P032",100
"76876",-9851.04029869102,"OLAM_P032",25
"76877",-87097.751238691,"OLAM_P032",50
"76878",-95420.129298691,"OLAM_P032",100
"76879",-9347.94399869104,"OLAM_P032",25
"76880",-94729.787178691,"OLAM_P032",50
"76881",-99474.153808691,"OLAM_P032",100
"76882",-66.6146986910608,"OLAM_P032",25
"76883",-81102.958798691,"OLAM_P032",50
"76884",-95546.370398691,"OLAM_P032",100
"76885",-9960.73679869098,"OLAM_P032",25
"76886",-9938.16511869105,"OLAM_P032",50
"76887",-99355.281698691,"OLAM_P032",100
"76888",-195.695098691038,"OLAM_P032",25
"76889",-10258.305098691,"OLAM_P032",50
"76890",-97905.103398691,"OLAM_P032",100
"76891",17.9325013089692,"OLAM_P032",25
"76892",-84301.975998691,"OLAM_P032",50
"76893",-98863.199798691,"OLAM_P032",100
"76894",-185.587198690977,"OLAM_P032",25
"76895",-9355.50709869096,"OLAM_P032",50
"76896",-99399.109438691,"OLAM_P032",100
"76897",6.30820130894426,"OLAM_P032",25
"76898",-9970.85640869103,"OLAM_P032",50
"76899",-96658.127298691,"OLAM_P032",100
"76900",-10551.823798691,"OLAM_P032",25
"76901",-87403.496008691,"OLAM_P032",50
"76902",-99049.458398691,"OLAM_P032",100
"76903",354.668801308959,"OLAM_P032",25
"76904",-9704.68739869096,"OLAM_P032",50
"76905",-98909.393518691,"OLAM_P032",100
"76906",-88318.272498691,"OLAM_P032",25
"76907",-7088.13809869101,"OLAM_P032",50
"76908",-96783.381698691,"OLAM_P032",100
"76909",-88475.149098691,"OLAM_P032",25
"76910",-95147.352698691,"OLAM_P032",50
"76911",-99421.232768691,"OLAM_P032",100
"76912",-7542.26599869097,"OLAM_P032",25
"76913",-89051.988398691,"OLAM_P032",50
"76914",-99554.032608691,"OLAM_P032",100
"76915",-10584.743088691,"OLAM_P032",25
"76916",-97176.779998691,"OLAM_P032",50
"76917",-94902.485818691,"OLAM_P032",100
"76918",-88872.173598691,"OLAM_P032",25
"76919",-86002.992198691,"OLAM_P032",50
"76920",-87875.517948691,"OLAM_P032",100
"76921",-88518.837498691,"OLAM_P032",25
"76922",-10564.980098691,"OLAM_P032",50
"76923",-96558.993298691,"OLAM_P032",100
"76924",-10568.240348691,"OLAM_P032",25
"76925",-98891.346968691,"OLAM_P032",50
"76926",-99159.081648691,"OLAM_P032",100
"76927",-184.491198690957,"OLAM_P032",25
"76928",-8312.62029869098,"OLAM_P032",50
"76929",-99505.311488691,"OLAM_P032",100
"76930",-246.410788691021,"OLAM_P032",25
"76931",-99425.780998691,"OLAM_P032",50
"76932",-99464.142608691,"OLAM_P032",100
"76933",293.443401308963,"OLAM_P032",25
"76934",-88361.472098691,"OLAM_P032",50
"76935",-95845.843218691,"OLAM_P032",100
"76936",-10555.628698691,"OLAM_P032",25
"76937",-88836.693818691,"OLAM_P032",50
"76938",-98669.432198691,"OLAM_P032",100
"76939",-88939.311748691,"OLAM_P032",25
"76940",-88574.279258691,"OLAM_P032",50
"76941",-96991.239798691,"OLAM_P032",100
"76942",-88930.083588691,"OLAM_P032",25
"76943",-99482.865568691,"OLAM_P032",50
"76944",-99388.419588691,"OLAM_P032",100
"76945",-88920.472458691,"OLAM_P032",25
"76946",-88943.547798691,"OLAM_P032",50
"76947",-99722.114018691,"OLAM_P032",100
"76948",11195.9822013089,"OLAM_P032",25
"76949",-98699.290698691,"OLAM_P032",50
"76950",-96577.068188691,"OLAM_P032",100
"76951",-10567.5193586909,"OLAM_P032",25
"76952",-10423.762898691,"OLAM_P032",50
"76953",-94787.570698691,"OLAM_P032",100
"76954",-3774.77499869105,"OLAM_P032",25
"76955",-89179.844668691,"OLAM_P032",50
"76956",-99655.049018691,"OLAM_P032",100
"76957",-10318.804398691,"OLAM_P032",25
"76958",-88905.432698691,"OLAM_P032",50
"76959",-92885.226488691,"OLAM_P032",100
"76960",707.048201309051,"OLAM_P032",25
"76961",-87081.029298691,"OLAM_P032",50
"76962",-98317.215558691,"OLAM_P032",100
"76963",-119.505298690987,"OLAM_P032",25
"76964",-77992.892498691,"OLAM_P032",50
"76965",-99433.036198691,"OLAM_P032",100
"76966",31210.490001309,"OLAM_P032",25
"76967",-88830.367298691,"OLAM_P032",50
"76968",-96691.295498691,"OLAM_P032",100
"76969",-252.45939869096,"OLAM_P032",25
"76970",-88370.708198691,"OLAM_P032",50
"76971",-99506.018898691,"OLAM_P032",100
"76972",-227.093148690998,"OLAM_P032",25
"76973",-88553.269198691,"OLAM_P032",50
"76974",-98486.649108691,"OLAM_P032",100
"76975",-10503.946498691,"OLAM_P032",25
"76976",-98837.874598691,"OLAM_P032",50
"76977",-99564.197088691,"OLAM_P032",100
"76978",-10514.734998691,"OLAM_P032",25
"76979",-98838.196698691,"OLAM_P032",50
"76980",-99462.967388691,"OLAM_P032",100
"76981",-8800.86299869104,"OLAM_P032",25
"76982",-99187.323098691,"OLAM_P032",50
"76983",-81164.419098691,"OLAM_P032",100
"76984",100.508201309014,"OLAM_P032",25
"76985",-10764.363088691,"OLAM_P032",50
"76986",-99165.347278691,"OLAM_P032",100
"76987",-88731.864698691,"OLAM_P032",25
"76988",-98555.617498691,"OLAM_P032",50
"76989",-99626.259488691,"OLAM_P032",100
"76990",-121.798998691025,"OLAM_P032",25
"76991",-10743.6907286911,"OLAM_P032",50
"76992",-87134.546498691,"OLAM_P032",100
"76993",-44.746998691,"OLAM_P032",25
"76994",-89088.378248691,"OLAM_P032",50
"76995",-99245.720998691,"OLAM_P032",100
"76996",690.690201309044,"OLAM_P032",25
"76997",-10345.0715986911,"OLAM_P032",50
"76998",-99674.617738691,"OLAM_P032",100
"76999",-236.988148691016,"OLAM_P032",25
"77000",-88630.795448691,"OLAM_P032",50
"77001",-97992.594418691,"OLAM_P032",100
"77002",-88935.306068691,"OLAM_P032",25
"77003",-86782.185898691,"OLAM_P032",50
"77004",-99199.224188691,"OLAM_P032",100
"77005",-41.5779986910056,"OLAM_P032",25
"77006",-89163.569718691,"OLAM_P032",50
"77007",-98822.333248691,"OLAM_P032",100
"77008",-88376.669098691,"OLAM_P032",25
"77009",-5972.41579869098,"OLAM_P032",50
"77010",-98734.555518691,"OLAM_P032",100
"77011",-10493.939998691,"OLAM_P032",25
"77012",-7571.80919869104,"OLAM_P032",50
"77013",-99168.144328691,"OLAM_P032",100
"77014",-10524.126598691,"OLAM_P032",25
"77015",-7400.841298691,"OLAM_P032",50
"77016",-91022.611198691,"OLAM_P032",100
"77017",-88589.633998691,"OLAM_P032",25
"77018",-6303.48379869096,"OLAM_P032",50
"77019",-98212.927998691,"OLAM_P032",100
"77020",-88756.756898691,"OLAM_P032",25
"77021",8363.18020130903,"OLAM_P032",50
"77022",-99014.552288691,"OLAM_P032",100
"77023",-66.0240986909484,"OLAM_P032",25
"77024",-84370.508318691,"OLAM_P032",50
"77025",-91215.342798691,"OLAM_P032",100
"77026",-10450.757498691,"OLAM_P032",25
"77027",-99286.850508691,"OLAM_P032",50
"77028",-96982.343798691,"OLAM_P032",100
"77029",-10281.617898691,"OLAM_P032",25
"77030",-10345.6625986909,"OLAM_P032",50
"77031",-98920.394998691,"OLAM_P032",100
"77032",-88749.397498691,"OLAM_P032",25
"77033",-10134.8607986911,"OLAM_P032",50
"77034",-98418.471998691,"OLAM_P032",100
"77035",-10591.1300486909,"OLAM_P032",25
"77036",-10618.4057486909,"OLAM_P032",50
"77037",-97914.008598691,"OLAM_P032",100
"77038",-10172.232498691,"OLAM_P032",25
"77039",-98780.555698691,"OLAM_P032",50
"77040",-99224.170898691,"OLAM_P032",100
"77041",1150.47320130898,"OLAM_P032",25
"77042",-99108.411998691,"OLAM_P032",50
"77043",-99285.862118691,"OLAM_P032",100
"77044",-88640.507898691,"OLAM_P032",25
"77045",-67504.095798691,"OLAM_P032",50
"77046",-98852.810098691,"OLAM_P032",100
"77047",-155.48739869101,"OLAM_P032",25
"77048",-98709.644698691,"OLAM_P032",50
"77049",-98501.055378691,"OLAM_P032",100
"77050",-258.295188691001,"OLAM_P032",25
"77051",-99268.848898691,"OLAM_P032",50
"77052",-98369.827798691,"OLAM_P032",100
"77053",-9765.897698691,"OLAM_P032",25
"77054",-10434.693698691,"OLAM_P032",50
"77055",-98883.602198691,"OLAM_P032",100
"77056",-10590.249888691,"OLAM_P032",25
"77057",5752.520201309,"OLAM_P032",50
"77058",-99481.922118691,"OLAM_P032",100
"77059",-66.5607986910036,"OLAM_P032",25
"77060",-84747.190298691,"OLAM_P032",50
"77061",-98726.465198691,"OLAM_P032",100
"77062",-88140.597598691,"OLAM_P032",25
"77063",-10780.630088691,"OLAM_P032",50
"77064",-99640.310918691,"OLAM_P032",100
"77065",-88851.375498691,"OLAM_P032",25
"77066",-89135.666338691,"OLAM_P032",50
"77067",-98672.286638691,"OLAM_P032",100
"77068",-88955.578248691,"OLAM_P032",25
"77069",-7816.96539869101,"OLAM_P032",50
"77070",-99592.437668691,"OLAM_P032",100
"77071",2838.44920130901,"OLAM_P032",25
"77072",-87324.201798691,"OLAM_P032",50
"77073",-98674.372598691,"OLAM_P032",100
"77074",1090.80920130899,"OLAM_P032",25
"77075",-87685.171998691,"OLAM_P032",50
"77076",-70181.388428691,"OLAM_P032",100
"77077",-88947.667498691,"OLAM_P032",25
"77078",-10378.040268691,"OLAM_P032",50
"77079",-95076.459298691,"OLAM_P032",100
"77080",-10308.342198691,"OLAM_P032",25
"77081",-99237.172318691,"OLAM_P032",50
"77082",-99161.705098691,"OLAM_P032",100
"77083",-88944.137238691,"OLAM_P032",25
"77084",-99431.458048691,"OLAM_P032",50
"77085",-98185.518598691,"OLAM_P032",100
"77086",-88351.956798691,"OLAM_P032",25
"77087",-99299.595268691,"OLAM_P032",50
"77088",-99535.885578691,"OLAM_P032",100
"77089",-161.061498690979,"OLAM_P032",25
"77090",-10081.770118691,"OLAM_P032",50
"77091",-96542.447608691,"OLAM_P032",100
"77092",-211.357288690982,"OLAM_P032",25
"77093",-10522.1599986911,"OLAM_P032",50
"77094",-98988.487818691,"OLAM_P032",100
"77095",3056.23520130897,"OLAM_P032",25
"77096",-10836.557188691,"OLAM_P032",50
"77097",-99557.355038691,"OLAM_P032",100
"77098",-155.48739869101,"OLAM_P032",25
"77099",-98844.432198691,"OLAM_P032",50
"77100",-97201.498898691,"OLAM_P032",100
"77101",-120.877140272001,"OLAM_P033",25
"77102",5550.24166972801,"OLAM_P033",50
"77103",327.944969728007,"OLAM_P033",100
"77104",768.979759728012,"OLAM_P033",25
"77105",322.225509728014,"OLAM_P033",50
"77106",3012.43622972799,"OLAM_P033",100
"77107",104.034029727976,"OLAM_P033",25
"77108",729.972439727979,"OLAM_P033",50
"77109",589.215899728006,"OLAM_P033",100
"77110",-233.45454027201,"OLAM_P033",25
"77111",-127.306710272038,"OLAM_P033",50
"77112",1092.569639728,"OLAM_P033",100
"77113",6.9531097279978,"OLAM_P033",25
"77114",237.913629727962,"OLAM_P033",50
"77115",432.606709728017,"OLAM_P033",100
"77116",-168.249650272017,"OLAM_P033",25
"77117",-273.247720271989,"OLAM_P033",50
"77118",5464.31412972801,"OLAM_P033",100
"77119",-223.62807027204,"OLAM_P033",25
"77120",-77.7422902720282,"OLAM_P033",50
"77121",487.348189727985,"OLAM_P033",100
"77122",195.383229727973,"OLAM_P033",25
"77123",88.6028297279845,"OLAM_P033",50
"77124",1953.25897972798,"OLAM_P033",100
"77125",10.9125597279635,"OLAM_P033",25
"77126",-367.940800271987,"OLAM_P033",50
"77127",981.796419727965,"OLAM_P033",100
"77128",-52.4745302720112,"OLAM_P033",25
"77129",-261.766520272009,"OLAM_P033",50
"77130",6559.04600972799,"OLAM_P033",100
"77131",153.534129727981,"OLAM_P033",25
"77132",1780.67060972797,"OLAM_P033",50
"77133",6034.25720972801,"OLAM_P033",100
"77134",-84.002240272006,"OLAM_P033",25
"77135",-190.72996027203,"OLAM_P033",50
"77136",1491.363449728,"OLAM_P033",100
"77137",2359.73775972798,"OLAM_P033",25
"77138",896.400279727997,"OLAM_P033",50
"77139",-271.327640272037,"OLAM_P033",100
"77140",-206.907440271985,"OLAM_P033",25
"77141",1733.71680972801,"OLAM_P033",50
"77142",754.00487972796,"OLAM_P033",100
"77143",-213.431230271992,"OLAM_P033",25
"77144",1467.59555972798,"OLAM_P033",50
"77145",2276.74456972798,"OLAM_P033",100
"77146",22.0995297280024,"OLAM_P033",25
"77147",-158.955850272032,"OLAM_P033",50
"77148",-464.075930271996,"OLAM_P033",100
"77149",-229.027250271989,"OLAM_P033",25
"77150",-64.0853602720308,"OLAM_P033",50
"77151",-59.761560272018,"OLAM_P033",100
"77152",4599.211709728,"OLAM_P033",25
"77153",442.723829727969,"OLAM_P033",50
"77154",-487.534840271983,"OLAM_P033",100
"77155",20.7599097279599,"OLAM_P033",25
"77156",-38.9238802720211,"OLAM_P033",50
"77157",6934.05359972798,"OLAM_P033",100
"77158",-22.9797002720297,"OLAM_P033",25
"77159",18.9367297280114,"OLAM_P033",50
"77160",-245.960400271986,"OLAM_P033",100
"77161",-176.615040272009,"OLAM_P033",25
"77162",3618.65460972796,"OLAM_P033",50
"77163",1491.21273972798,"OLAM_P033",100
"77164",-207.544350271986,"OLAM_P033",25
"77165",-267.739370272029,"OLAM_P033",50
"77166",-166.991940272041,"OLAM_P033",100
"77167",-39.9897202720167,"OLAM_P033",25
"77168",-458.842750272015,"OLAM_P033",50
"77169",591.334879727976,"OLAM_P033",100
"77170",-1.09007027203916,"OLAM_P033",25
"77171",1168.750649728,"OLAM_P033",50
"77172",-262.196470272029,"OLAM_P033",100
"77173",-214.047770272009,"OLAM_P033",25
"77174",8560.07005972799,"OLAM_P033",50
"77175",2364.50757972797,"OLAM_P033",100
"77176",-23.6122602720279,"OLAM_P033",25
"77177",-45.0313502720091,"OLAM_P033",50
"77178",-67.3797402720083,"OLAM_P033",100
"77179",-253.485290271987,"OLAM_P033",25
"77180",66.4110597280087,"OLAM_P033",50
"77181",700.155079727992,"OLAM_P033",100
"77182",110.639029728016,"OLAM_P033",25
"77183",-401.209800272016,"OLAM_P033",50
"77184",14148.755179728,"OLAM_P033",100
"77185",34.5784597279853,"OLAM_P033",25
"77186",2480.69010972796,"OLAM_P033",50
"77187",284.486709727964,"OLAM_P033",100
"77188",-18.4088402719935,"OLAM_P033",25
"77189",441.371409728017,"OLAM_P033",50
"77190",3486.649629728,"OLAM_P033",100
"77191",-214.047770272009,"OLAM_P033",25
"77192",616.396989727975,"OLAM_P033",50
"77193",677.431029727974,"OLAM_P033",100
"77194",100.507109728002,"OLAM_P033",25
"77195",-194.035240272002,"OLAM_P033",50
"77196",2554.33269972797,"OLAM_P033",100
"77197",210.27380972798,"OLAM_P033",25
"77198",4901.88672972796,"OLAM_P033",50
"77199",-431.136260272004,"OLAM_P033",100
"77200",1543.17475972796,"OLAM_P033",25
"77201",510.266549727996,"OLAM_P033",50
"77202",1323.62115972798,"OLAM_P033",100
"77203",-150.066140272014,"OLAM_P033",25
"77204",2041.76621972799,"OLAM_P033",50
"77205",-340.84298027202,"OLAM_P033",100
"77206",-48.3160902719828,"OLAM_P033",25
"77207",-59.8458602720057,"OLAM_P033",50
"77208",-428.933130272024,"OLAM_P033",100
"77209",2608.04725972802,"OLAM_P033",25
"77210",2531.465309728,"OLAM_P033",50
"77211",8100.45198972797,"OLAM_P033",100
"77212",-222.179040272022,"OLAM_P033",25
"77213",4422.29851972801,"OLAM_P033",50
"77214",2431.63472972799,"OLAM_P033",100
"77215",-31.1480902720359,"OLAM_P033",25
"77216",-94.6848302719882,"OLAM_P033",50
"77217",2510.06197972799,"OLAM_P033",100
"77218",72.9748097279808,"OLAM_P033",25
"77219",728.88225972798,"OLAM_P033",50
"77220",5354.45717972796,"OLAM_P033",100
"77221",1637.782259728,"OLAM_P033",25
"77222",5902.61126972799,"OLAM_P033",50
"77223",1475.52487972798,"OLAM_P033",100
"77224",-13.2675402720342,"OLAM_P033",25
"77225",235.819779728015,"OLAM_P033",50
"77226",2401.159629728,"OLAM_P033",100
"77227",-33.8208702720003,"OLAM_P033",25
"77228",-143.18514027202,"OLAM_P033",50
"77229",-472.743570271996,"OLAM_P033",100
"77230",6160.61625972798,"OLAM_P033",25
"77231",-203.92269027204,"OLAM_P033",50
"77232",38.9960197280161,"OLAM_P033",100
"77233",-60.0811402720283,"OLAM_P033",25
"77234",264.782409727981,"OLAM_P033",50
"77235",525.64026972797,"OLAM_P033",100
"77236",-224.394180272007,"OLAM_P033",25
"77237",-142.737950271985,"OLAM_P033",50
"77238",-240.073270271998,"OLAM_P033",100
"77239",-247.393820272002,"OLAM_P033",25
"77240",6317.093169728,"OLAM_P033",50
"77241",-104.812770272023,"OLAM_P033",100
"77242",-96.8678402720252,"OLAM_P033",25
"77243",136.131459728,"OLAM_P033",50
"77244",1033.89017972798,"OLAM_P033",100
"77245",-35.9330202720012,"OLAM_P033",25
"77246",989.077609727974,"OLAM_P033",50
"77247",461.977349727997,"OLAM_P033",100
"77248",-66.9240302719991,"OLAM_P033",25
"77249",99.705229728017,"OLAM_P033",50
"77250",5179.67692972801,"OLAM_P033",100
"77251",-143.193640272017,"OLAM_P033",25
"77252",241.045349727967,"OLAM_P033",50
"77253",1555.37215972797,"OLAM_P033",100
"77254",4.6644997280091,"OLAM_P033",25
"77255",75.1918597280164,"OLAM_P033",50
"77256",199.645939728012,"OLAM_P033",100
"77257",-89.2473402720061,"OLAM_P033",25
"77258",2226.61664972798,"OLAM_P033",50
"77259",1397.84373972798,"OLAM_P033",100
"77260",969.356429727981,"OLAM_P033",25
"77261",2371.24075972801,"OLAM_P033",50
"77262",-77.2786802719929,"OLAM_P033",100
"77263",1087.86842972797,"OLAM_P033",25
"77264",12.1992497280007,"OLAM_P033",50
"77265",125.203599728004,"OLAM_P033",100
"77266",-96.3426402719924,"OLAM_P033",25
"77267",-47.7780402720091,"OLAM_P033",50
"77268",-153.345810272032,"OLAM_P033",100
"77269",602.585129728017,"OLAM_P033",25
"77270",-367.300400272012,"OLAM_P033",50
"77271",1217.71279972797,"OLAM_P033",100
"77272",-44.0682302720379,"OLAM_P033",25
"77273",476.614289727993,"OLAM_P033",50
"77274",1155.87508972798,"OLAM_P033",100
"77275",-15.6286402720143,"OLAM_P033",25
"77276",1706.76467972796,"OLAM_P033",50
"77277",1014.15769972798,"OLAM_P033",100
"77278",256.230459727987,"OLAM_P033",25
"77279",99.911659727979,"OLAM_P033",50
"77280",809.26685972797,"OLAM_P033",100
"77281",-181.970620271983,"OLAM_P033",25
"77282",10.7443597280071,"OLAM_P033",50
"77283",4129.79645972798,"OLAM_P033",100
"77284",-245.69104027201,"OLAM_P033",25
"77285",31.1968097279896,"OLAM_P033",50
"77286",463.14370972797,"OLAM_P033",100
"77287",52.1999297279981,"OLAM_P033",25
"77288",821.706709727994,"OLAM_P033",50
"77289",6595.126979728,"OLAM_P033",100
"77290",-183.475670272019,"OLAM_P033",25
"77291",-238.370770271984,"OLAM_P033",50
"77292",958.548719728016,"OLAM_P033",100
"77293",-217.324300271983,"OLAM_P033",25
"77294",-444.705380272004,"OLAM_P033",50
"77295",-21.1541402720031,"OLAM_P033",100
"77296",28.7286297279643,"OLAM_P033",25
"77297",523.185059727984,"OLAM_P033",50
"77298",998.539399728004,"OLAM_P033",100
"77299",351.35272972798,"OLAM_P033",25
"77300",5619.85605972802,"OLAM_P033",50
"77301",6437.48937972798,"OLAM_P033",100
"77302",65.4560097279609,"OLAM_P033",25
"77303",83.1062797280028,"OLAM_P033",50
"77304",-192.047870272014,"OLAM_P033",100
"77305",65.4560097279609,"OLAM_P033",25
"77306",-195.211590272025,"OLAM_P033",50
"77307",237.385559727962,"OLAM_P033",100
"77308",-18.6990802719956,"OLAM_P033",25
"77309",-180.231970272027,"OLAM_P033",50
"77310",38.2617697279784,"OLAM_P033",100
"77311",44.9465297280112,"OLAM_P033",25
"77312",-198.822110272013,"OLAM_P033",50
"77313",74.7701197279966,"OLAM_P033",100
"77314",-198.776540271996,"OLAM_P033",25
"77315",-156.881820272014,"OLAM_P033",50
"77316",6439.84607972798,"OLAM_P033",100
"77317",-47.8446402720292,"OLAM_P033",25
"77318",-287.771930271992,"OLAM_P033",50
"77319",2876.32140972797,"OLAM_P033",100
"77320",2256.01425972796,"OLAM_P033",25
"77321",5360.04786972801,"OLAM_P033",50
"77322",6270.60563972796,"OLAM_P033",100
"77323",93.8635297279689,"OLAM_P033",25
"77324",-80.7590702720336,"OLAM_P033",50
"77325",-508.95461027202,"OLAM_P033",100
"77326",-168.249650272017,"OLAM_P033",25
"77327",761.186699728016,"OLAM_P033",50
"77328",-486.978230272012,"OLAM_P033",100
"77329",-233.45454027201,"OLAM_P033",25
"77330",-138.124300272029,"OLAM_P033",50
"77331",4105.24594972801,"OLAM_P033",100
"77332",101.032309727976,"OLAM_P033",25
"77333",5731.67722972797,"OLAM_P033",50
"77334",-300.434430272027,"OLAM_P033",100
"77335",-180.486150272016,"OLAM_P033",25
"77336",-175.575790272036,"OLAM_P033",50
"77337",8354.66070972796,"OLAM_P033",100
"77338",-173.55968027201,"OLAM_P033",25
"77339",272.011309727968,"OLAM_P033",50
"77340",4294.75459972798,"OLAM_P033",100
"77341",-140.017640272039,"OLAM_P033",25
"77342",-233.214440272015,"OLAM_P033",50
"77343",1760.29837972799,"OLAM_P033",100
"77344",-98.9286402720027,"OLAM_P033",25
"77345",453.297579728009,"OLAM_P033",50
"77346",3458.04877972801,"OLAM_P033",100
"77347",76.8030597280012,"OLAM_P033",25
"77348",-26.0973702720366,"OLAM_P033",50
"77349",-91.1985202720389,"OLAM_P033",100
"77350",-210.925280272029,"OLAM_P033",25
"77351",683.822269728,"OLAM_P033",50
"77352",2380.40047972801,"OLAM_P033",100
"77353",5398.68025972799,"OLAM_P033",25
"77354",-224.078560271999,"OLAM_P033",50
"77355",-246.369470272039,"OLAM_P033",100
"77356",-233.45454027201,"OLAM_P033",25
"77357",-193.776150271995,"OLAM_P033",50
"77358",4592.38247972797,"OLAM_P033",100
"77359",-77.7262402719934,"OLAM_P033",25
"77360",69.7568097279873,"OLAM_P033",50
"77361",3772.73817972798,"OLAM_P033",100
"77362",-214.565360272012,"OLAM_P033",25
"77363",-230.075020271994,"OLAM_P033",50
"77364",687.89436972799,"OLAM_P033",100
"77365",-168.249650272017,"OLAM_P033",25
"77366",-125.07769027201,"OLAM_P033",50
"77367",-256.594920272008,"OLAM_P033",100
"77368",-217.324300271983,"OLAM_P033",25
"77369",3520.47399972798,"OLAM_P033",50
"77370",6607.20890972798,"OLAM_P033",100
"77371",-209.862680272025,"OLAM_P033",25
"77372",-91.1733502720017,"OLAM_P033",50
"77373",1787.60199972801,"OLAM_P033",100
"77374",446.692159727972,"OLAM_P033",25
"77375",1882.35897972801,"OLAM_P033",50
"77376",5831.25826972799,"OLAM_P033",100
"77377",107.800329727994,"OLAM_P033",25
"77378",-287.11305027199,"OLAM_P033",50
"77379",401.365949728002,"OLAM_P033",100
"77380",-243.935170272016,"OLAM_P033",25
"77381",1624.48772972799,"OLAM_P033",50
"77382",6068.20072972798,"OLAM_P033",100
"77383",-264.298980272026,"OLAM_P033",25
"77384",-408.918980272021,"OLAM_P033",50
"77385",9296.53957972798,"OLAM_P033",100
"77386",20.7599097279599,"OLAM_P033",25
"77387",5552.98859972798,"OLAM_P033",50
"77388",3087.74937972799,"OLAM_P033",100
"77389",998.350429727987,"OLAM_P033",25
"77390",-163.45540027204,"OLAM_P033",50
"77391",3129.78473972797,"OLAM_P033",100
"77392",-236.371310272021,"OLAM_P033",25
"77393",478.628209727991,"OLAM_P033",50
"77394",2254.27226972801,"OLAM_P033",100
"77395",-39.9777202720288,"OLAM_P033",25
"77396",241.693459727976,"OLAM_P033",50
"77397",3789.34815972799,"OLAM_P033",100
"77398",-140.017640272039,"OLAM_P033",25
"77399",-19.5264702719869,"OLAM_P033",50
"77400",189.569119727996,"OLAM_P033",100
"77401",0.000745486002415419,"OLAM_P035",25
"77402",0.000745486002415419,"OLAM_P035",50
"77403",-291.745334514009,"OLAM_P035",100
"77404",0.000745486002415419,"OLAM_P035",25
"77405",0.000745486002415419,"OLAM_P035",50
"77406",-103.099094514007,"OLAM_P035",100
"77407",0.000745486002415419,"OLAM_P035",25
"77408",0.000745486002415419,"OLAM_P035",50
"77409",14.9397954860033,"OLAM_P035",100
"77410",0.000745486002415419,"OLAM_P035",25
"77411",0.000745486002415419,"OLAM_P035",50
"77412",-37.9679545140098,"OLAM_P035",100
"77413",0.000745486002415419,"OLAM_P035",25
"77414",0.000745486002415419,"OLAM_P035",50
"77415",266.912995485996,"OLAM_P035",100
"77416",0.000745486002415419,"OLAM_P035",25
"77417",0.000745486002415419,"OLAM_P035",50
"77418",-266.033854513997,"OLAM_P035",100
"77419",0.000745486002415419,"OLAM_P035",25
"77420",0.000745486002415419,"OLAM_P035",50
"77421",-18.6125545140094,"OLAM_P035",100
"77422",0.000745486002415419,"OLAM_P035",25
"77423",0.000745486002415419,"OLAM_P035",50
"77424",-36.4859245140105,"OLAM_P035",100
"77425",0.000745486002415419,"OLAM_P035",25
"77426",0.000745486002415419,"OLAM_P035",50
"77427",102.130745485993,"OLAM_P035",100
"77428",0.000745486002415419,"OLAM_P035",25
"77429",0.000745486002415419,"OLAM_P035",50
"77430",-10.9917545140052,"OLAM_P035",100
"77431",0.000745486002415419,"OLAM_P035",25
"77432",0.000745486002415419,"OLAM_P035",50
"77433",-74.3962645139982,"OLAM_P035",100
"77434",0.000745486002415419,"OLAM_P035",25
"77435",0.000745486002415419,"OLAM_P035",50
"77436",-8.93635451400769,"OLAM_P035",100
"77437",0.000745486002415419,"OLAM_P035",25
"77438",0.000745486002415419,"OLAM_P035",50
"77439",-31.0697245140036,"OLAM_P035",100
"77440",0.000745486002415419,"OLAM_P035",25
"77441",0.000745486002415419,"OLAM_P035",50
"77442",267.986945486002,"OLAM_P035",100
"77443",0.000745486002415419,"OLAM_P035",25
"77444",0.000745486002415419,"OLAM_P035",50
"77445",342.029905485993,"OLAM_P035",100
"77446",0.000745486002415419,"OLAM_P035",25
"77447",0.000745486002415419,"OLAM_P035",50
"77448",2621.09425548599,"OLAM_P035",100
"77449",0.000745486002415419,"OLAM_P035",25
"77450",0.000745486002415419,"OLAM_P035",50
"77451",-13.8232945140044,"OLAM_P035",100
"77452",0.000745486002415419,"OLAM_P035",25
"77453",0.000745486002415419,"OLAM_P035",50
"77454",78.6785454859928,"OLAM_P035",100
"77455",0.000745486002415419,"OLAM_P035",25
"77456",0.000745486002415419,"OLAM_P035",50
"77457",-1445.591074514,"OLAM_P035",100
"77458",0.000745486002415419,"OLAM_P035",25
"77459",0.000745486002415419,"OLAM_P035",50
"77460",754.877745485996,"OLAM_P035",100
"77461",0.000745486002415419,"OLAM_P035",25
"77462",0.000745486002415419,"OLAM_P035",50
"77463",267.819605486002,"OLAM_P035",100
"77464",0.000745486002415419,"OLAM_P035",25
"77465",0.000745486002415419,"OLAM_P035",50
"77466",252.883185486004,"OLAM_P035",100
"77467",0.000745486002415419,"OLAM_P035",25
"77468",0.000745486002415419,"OLAM_P035",50
"77469",-1214.64366451401,"OLAM_P035",100
"77470",0.000745486002415419,"OLAM_P035",25
"77471",0.000745486002415419,"OLAM_P035",50
"77472",-60.9784345140069,"OLAM_P035",100
"77473",0.000745486002415419,"OLAM_P035",25
"77474",0.000745486002415419,"OLAM_P035",50
"77475",8.72241548600141,"OLAM_P035",100
"77476",0.000745486002415419,"OLAM_P035",25
"77477",0.000745486002415419,"OLAM_P035",50
"77478",-813.343644514011,"OLAM_P035",100
"77479",0.000745486002415419,"OLAM_P035",25
"77480",0.000745486002415419,"OLAM_P035",50
"77481",-280.888234514001,"OLAM_P035",100
"77482",0.000745486002415419,"OLAM_P035",25
"77483",0.000745486002415419,"OLAM_P035",50
"77484",252.252435485992,"OLAM_P035",100
"77485",0.000745486002415419,"OLAM_P035",25
"77486",0.000745486002415419,"OLAM_P035",50
"77487",348.694965485993,"OLAM_P035",100
"77488",0.000745486002415419,"OLAM_P035",25
"77489",0.000745486002415419,"OLAM_P035",50
"77490",11.5949454859947,"OLAM_P035",100
"77491",0.000745486002415419,"OLAM_P035",25
"77492",0.000745486002415419,"OLAM_P035",50
"77493",79.8668954859895,"OLAM_P035",100
"77494",0.000745486002415419,"OLAM_P035",25
"77495",0.000745486002415419,"OLAM_P035",50
"77496",-116.345674513999,"OLAM_P035",100
"77497",0.000745486002415419,"OLAM_P035",25
"77498",0.000745486002415419,"OLAM_P035",50
"77499",-74.8422545140056,"OLAM_P035",100
"77500",0.000745486002415419,"OLAM_P035",25
"77501",0.000745486002415419,"OLAM_P035",50
"77502",-809.74112451401,"OLAM_P035",100
"77503",0.000745486002415419,"OLAM_P035",25
"77504",0.000745486002415419,"OLAM_P035",50
"77505",-821.428184514007,"OLAM_P035",100
"77506",0.000745486002415419,"OLAM_P035",25
"77507",0.000745486002415419,"OLAM_P035",50
"77508",-124.497704513997,"OLAM_P035",100
"77509",0.000745486002415419,"OLAM_P035",25
"77510",0.000745486002415419,"OLAM_P035",50
"77511",-11.5579445140029,"OLAM_P035",100
"77512",0.000745486002415419,"OLAM_P035",25
"77513",0.000745486002415419,"OLAM_P035",50
"77514",-122.800294514003,"OLAM_P035",100
"77515",0.000745486002415419,"OLAM_P035",25
"77516",0.000745486002415419,"OLAM_P035",50
"77517",2433.573845486,"OLAM_P035",100
"77518",0.000745486002415419,"OLAM_P035",25
"77519",0.000745486002415419,"OLAM_P035",50
"77520",12.7944454859971,"OLAM_P035",100
"77521",0.000745486002415419,"OLAM_P035",25
"77522",0.000745486002415419,"OLAM_P035",50
"77523",-70.9625945139996,"OLAM_P035",100
"77524",0.000745486002415419,"OLAM_P035",25
"77525",0.000745486002415419,"OLAM_P035",50
"77526",1564.286595486,"OLAM_P035",100
"77527",0.000745486002415419,"OLAM_P035",25
"77528",0.000745486002415419,"OLAM_P035",50
"77529",243.158405486,"OLAM_P035",100
"77530",0.000745486002415419,"OLAM_P035",25
"77531",0.000745486002415419,"OLAM_P035",50
"77532",426.447845485993,"OLAM_P035",100
"77533",0.000745486002415419,"OLAM_P035",25
"77534",0.000745486002415419,"OLAM_P035",50
"77535",-1626.41852451401,"OLAM_P035",100
"77536",0.000745486002415419,"OLAM_P035",25
"77537",0.000745486002415419,"OLAM_P035",50
"77538",85.571875485999,"OLAM_P035",100
"77539",0.000745486002415419,"OLAM_P035",25
"77540",0.000745486002415419,"OLAM_P035",50
"77541",-112.145384514006,"OLAM_P035",100
"77542",0.000745486002415419,"OLAM_P035",25
"77543",0.000745486002415419,"OLAM_P035",50
"77544",-202.737854514009,"OLAM_P035",100
"77545",0.000745486002415419,"OLAM_P035",25
"77546",0.000745486002415419,"OLAM_P035",50
"77547",143.910645486001,"OLAM_P035",100
"77548",0.000745486002415419,"OLAM_P035",25
"77549",0.000745486002415419,"OLAM_P035",50
"77550",-289.547104514,"OLAM_P035",100
"77551",0.000745486002415419,"OLAM_P035",25
"77552",0.000745486002415419,"OLAM_P035",50
"77553",-211.130534513999,"OLAM_P035",100
"77554",0.000745486002415419,"OLAM_P035",25
"77555",0.000745486002415419,"OLAM_P035",50
"77556",183.117645485996,"OLAM_P035",100
"77557",0.000745486002415419,"OLAM_P035",25
"77558",0.000745486002415419,"OLAM_P035",50
"77559",42.5755754860002,"OLAM_P035",100
"77560",0.000745486002415419,"OLAM_P035",25
"77561",0.000745486002415419,"OLAM_P035",50
"77562",32.2388254859979,"OLAM_P035",100
"77563",0.000745486002415419,"OLAM_P035",25
"77564",0.000745486002415419,"OLAM_P035",50
"77565",56.4809454859933,"OLAM_P035",100
"77566",0.000745486002415419,"OLAM_P035",25
"77567",0.000745486002415419,"OLAM_P035",50
"77568",24.8423654859944,"OLAM_P035",100
"77569",0.000745486002415419,"OLAM_P035",25
"77570",0.000745486002415419,"OLAM_P035",50
"77571",-416.112154514005,"OLAM_P035",100
"77572",0.000745486002415419,"OLAM_P035",25
"77573",0.000745486002415419,"OLAM_P035",50
"77574",-110.032554514008,"OLAM_P035",100
"77575",0.000745486002415419,"OLAM_P035",25
"77576",0.000745486002415419,"OLAM_P035",50
"77577",95.1219554859999,"OLAM_P035",100
"77578",0.000745486002415419,"OLAM_P035",25
"77579",0.000745486002415419,"OLAM_P035",50
"77580",126.087025485991,"OLAM_P035",100
"77581",0.000745486002415419,"OLAM_P035",25
"77582",0.000745486002415419,"OLAM_P035",50
"77583",-17.2398845139978,"OLAM_P035",100
"77584",0.000745486002415419,"OLAM_P035",25
"77585",0.000745486002415419,"OLAM_P035",50
"77586",358.995415486002,"OLAM_P035",100
"77587",0.000745486002415419,"OLAM_P035",25
"77588",0.000745486002415419,"OLAM_P035",50
"77589",42.5994854860037,"OLAM_P035",100
"77590",0.000745486002415419,"OLAM_P035",25
"77591",0.000745486002415419,"OLAM_P035",50
"77592",-80.7106845140079,"OLAM_P035",100
"77593",0.000745486002415419,"OLAM_P035",25
"77594",0.000745486002415419,"OLAM_P035",50
"77595",167.840345485994,"OLAM_P035",100
"77596",0.000745486002415419,"OLAM_P035",25
"77597",0.000745486002415419,"OLAM_P035",50
"77598",-136.959594514003,"OLAM_P035",100
"77599",0.000745486002415419,"OLAM_P035",25
"77600",0.000745486002415419,"OLAM_P035",50
"77601",1507.909295486,"OLAM_P035",100
"77602",0.000745486002415419,"OLAM_P035",25
"77603",0.000745486002415419,"OLAM_P035",50
"77604",19.4440454860014,"OLAM_P035",100
"77605",0.000745486002415419,"OLAM_P035",25
"77606",0.000745486002415419,"OLAM_P035",50
"77607",325.579015486001,"OLAM_P035",100
"77608",0.000745486002415419,"OLAM_P035",25
"77609",0.000745486002415419,"OLAM_P035",50
"77610",21.5171654860023,"OLAM_P035",100
"77611",0.000745486002415419,"OLAM_P035",25
"77612",0.000745486002415419,"OLAM_P035",50
"77613",-76.1133545140037,"OLAM_P035",100
"77614",0.000745486002415419,"OLAM_P035",25
"77615",0.000745486002415419,"OLAM_P035",50
"77616",43.8836454859993,"OLAM_P035",100
"77617",0.000745486002415419,"OLAM_P035",25
"77618",0.000745486002415419,"OLAM_P035",50
"77619",24.3332654859987,"OLAM_P035",100
"77620",0.000745486002415419,"OLAM_P035",25
"77621",0.000745486002415419,"OLAM_P035",50
"77622",3.24729548599862,"OLAM_P035",100
"77623",0.000745486002415419,"OLAM_P035",25
"77624",0.000745486002415419,"OLAM_P035",50
"77625",-104.400724514009,"OLAM_P035",100
"77626",0.000745486002415419,"OLAM_P035",25
"77627",0.000745486002415419,"OLAM_P035",50
"77628",-19.7829845140077,"OLAM_P035",100
"77629",0.000745486002415419,"OLAM_P035",25
"77630",0.000745486002415419,"OLAM_P035",50
"77631",22.5362154859904,"OLAM_P035",100
"77632",0.000745486002415419,"OLAM_P035",25
"77633",0.000745486002415419,"OLAM_P035",50
"77634",-64.8296145140048,"OLAM_P035",100
"77635",0.000745486002415419,"OLAM_P035",25
"77636",0.000745486002415419,"OLAM_P035",50
"77637",-64.7225145139964,"OLAM_P035",100
"77638",0.000745486002415419,"OLAM_P035",25
"77639",0.000745486002415419,"OLAM_P035",50
"77640",-1627.78165451401,"OLAM_P035",100
"77641",0.000745486002415419,"OLAM_P035",25
"77642",0.000745486002415419,"OLAM_P035",50
"77643",-128.444494513999,"OLAM_P035",100
"77644",0.000745486002415419,"OLAM_P035",25
"77645",0.000745486002415419,"OLAM_P035",50
"77646",-10.4883145140047,"OLAM_P035",100
"77647",0.000745486002415419,"OLAM_P035",25
"77648",0.000745486002415419,"OLAM_P035",50
"77649",42.199445485996,"OLAM_P035",100
"77650",0.000745486002415419,"OLAM_P035",25
"77651",0.000745486002415419,"OLAM_P035",50
"77652",-68.9531045140029,"OLAM_P035",100
"77653",0.000745486002415419,"OLAM_P035",25
"77654",0.000745486002415419,"OLAM_P035",50
"77655",-123.134904514009,"OLAM_P035",100
"77656",0.000745486002415419,"OLAM_P035",25
"77657",0.000745486002415419,"OLAM_P035",50
"77658",48.2408054859989,"OLAM_P035",100
"77659",0.000745486002415419,"OLAM_P035",25
"77660",0.000745486002415419,"OLAM_P035",50
"77661",-162.02009451401,"OLAM_P035",100
"77662",0.000745486002415419,"OLAM_P035",25
"77663",0.000745486002415419,"OLAM_P035",50
"77664",37.0262354860024,"OLAM_P035",100
"77665",0.000745486002415419,"OLAM_P035",25
"77666",0.000745486002415419,"OLAM_P035",50
"77667",25.9465054859902,"OLAM_P035",100
"77668",0.000745486002415419,"OLAM_P035",25
"77669",0.000745486002415419,"OLAM_P035",50
"77670",-127.094324514008,"OLAM_P035",100
"77671",0.000745486002415419,"OLAM_P035",25
"77672",0.000745486002415419,"OLAM_P035",50
"77673",1.69787548600289,"OLAM_P035",100
"77674",0.000745486002415419,"OLAM_P035",25
"77675",0.000745486002415419,"OLAM_P035",50
"77676",-212.224624513998,"OLAM_P035",100
"77677",0.000745486002415419,"OLAM_P035",25
"77678",0.000745486002415419,"OLAM_P035",50
"77679",-106.457674514008,"OLAM_P035",100
"77680",0.000745486002415419,"OLAM_P035",25
"77681",0.000745486002415419,"OLAM_P035",50
"77682",292.14724548599,"OLAM_P035",100
"77683",0.000745486002415419,"OLAM_P035",25
"77684",0.000745486002415419,"OLAM_P035",50
"77685",-40.533354514002,"OLAM_P035",100
"77686",0.000745486002415419,"OLAM_P035",25
"77687",0.000745486002415419,"OLAM_P035",50
"77688",72.8039954859996,"OLAM_P035",100
"77689",0.000745486002415419,"OLAM_P035",25
"77690",0.000745486002415419,"OLAM_P035",50
"77691",-109.073714514001,"OLAM_P035",100
"77692",0.000745486002415419,"OLAM_P035",25
"77693",0.000745486002415419,"OLAM_P035",50
"77694",91.8795054859947,"OLAM_P035",100
"77695",0.000745486002415419,"OLAM_P035",25
"77696",0.000745486002415419,"OLAM_P035",50
"77697",0.000745486002415419,"OLAM_P035",100
"77698",0.000745486002415419,"OLAM_P035",25
"77699",0.000745486002415419,"OLAM_P035",50
"77700",-187.277804514,"OLAM_P035",100
"77701",-0.00299562301370315,"OLAM_P036",25
"77702",-1636.27829562302,"OLAM_P036",50
"77703",-1875.639295623,"OLAM_P036",100
"77704",-0.00299562301370315,"OLAM_P036",25
"77705",-89.5101956230064,"OLAM_P036",50
"77706",-1747.81109562301,"OLAM_P036",100
"77707",-0.00299562301370315,"OLAM_P036",25
"77708",-1040.44229562301,"OLAM_P036",50
"77709",-1012.19810562301,"OLAM_P036",100
"77710",-0.00299562301370315,"OLAM_P036",25
"77711",-1821.920645623,"OLAM_P036",50
"77712",-660.249095623003,"OLAM_P036",100
"77713",-0.00299562301370315,"OLAM_P036",25
"77714",8704.516804377,"OLAM_P036",50
"77715",-2136.37818562301,"OLAM_P036",100
"77716",-0.00299562301370315,"OLAM_P036",25
"77717",-698.098995623004,"OLAM_P036",50
"77718",-1114.209325623,"OLAM_P036",100
"77719",-0.00299562301370315,"OLAM_P036",25
"77720",-1751.867895623,"OLAM_P036",50
"77721",-280.759995622997,"OLAM_P036",100
"77722",-0.00299562301370315,"OLAM_P036",25
"77723",-263.351745623018,"OLAM_P036",50
"77724",-1413.484395623,"OLAM_P036",100
"77725",-0.00299562301370315,"OLAM_P036",25
"77726",708.463804376981,"OLAM_P036",50
"77727",-720.777295623004,"OLAM_P036",100
"77728",-0.00299562301370315,"OLAM_P036",25
"77729",-84.1366956230195,"OLAM_P036",50
"77730",-2035.04307562302,"OLAM_P036",100
"77731",-0.00299562301370315,"OLAM_P036",25
"77732",-197.145995623025,"OLAM_P036",50
"77733",-1222.08118562301,"OLAM_P036",100
"77734",-0.00299562301370315,"OLAM_P036",25
"77735",-1523.45719562302,"OLAM_P036",50
"77736",-1117.39199562301,"OLAM_P036",100
"77737",-0.00299562301370315,"OLAM_P036",25
"77738",-1268.28429562302,"OLAM_P036",50
"77739",-2059.969305623,"OLAM_P036",100
"77740",-0.00299562301370315,"OLAM_P036",25
"77741",39.6351043769973,"OLAM_P036",50
"77742",-978.119505623006,"OLAM_P036",100
"77743",-0.00299562301370315,"OLAM_P036",25
"77744",-84.1366956230195,"OLAM_P036",50
"77745",-1818.37559562302,"OLAM_P036",100
"77746",-0.00299562301370315,"OLAM_P036",25
"77747",-204.01599562302,"OLAM_P036",50
"77748",-1961.745295623,"OLAM_P036",100
"77749",-0.00299562301370315,"OLAM_P036",25
"77750",-225.084395623009,"OLAM_P036",50
"77751",-92.566895623022,"OLAM_P036",100
"77752",-0.00299562301370315,"OLAM_P036",25
"77753",2307.494804377,"OLAM_P036",50
"77754",-1722.90989562302,"OLAM_P036",100
"77755",-0.00299562301370315,"OLAM_P036",25
"77756",-1787.03559562302,"OLAM_P036",50
"77757",-1968.68419562301,"OLAM_P036",100
"77758",-0.00299562301370315,"OLAM_P036",25
"77759",-144.905895623,"OLAM_P036",50
"77760",-1798.180395623,"OLAM_P036",100
"77761",-0.00299562301370315,"OLAM_P036",25
"77762",-300.895735623024,"OLAM_P036",50
"77763",4046.51180437699,"OLAM_P036",100
"77764",-0.00299562301370315,"OLAM_P036",25
"77765",4063.94800437699,"OLAM_P036",50
"77766",-1539.545385623,"OLAM_P036",100
"77767",-0.00299562301370315,"OLAM_P036",25
"77768",-1855.07214562301,"OLAM_P036",50
"77769",4001.934204377,"OLAM_P036",100
"77770",-0.00299562301370315,"OLAM_P036",25
"77771",-478.742995623004,"OLAM_P036",50
"77772",369.186494376976,"OLAM_P036",100
"77773",-0.00299562301370315,"OLAM_P036",25
"77774",268.110004376998,"OLAM_P036",50
"77775",-2053.277295623,"OLAM_P036",100
"77776",-0.00299562301370315,"OLAM_P036",25
"77777",621.98890437698,"OLAM_P036",50
"77778",-2056.533005623,"OLAM_P036",100
"77779",-0.00299562301370315,"OLAM_P036",25
"77780",1921.81980437698,"OLAM_P036",50
"77781",-1840.09779562301,"OLAM_P036",100
"77782",-0.00299562301370315,"OLAM_P036",25
"77783",-1816.83554562301,"OLAM_P036",50
"77784",-902.11199562301,"OLAM_P036",100
"77785",-0.00299562301370315,"OLAM_P036",25
"77786",-110.383595623018,"OLAM_P036",50
"77787",-1988.64939562301,"OLAM_P036",100
"77788",-0.00299562301370315,"OLAM_P036",25
"77789",39.6351043769973,"OLAM_P036",50
"77790",-1018.54910562301,"OLAM_P036",100
"77791",-0.00299562301370315,"OLAM_P036",25
"77792",-19.2264956230065,"OLAM_P036",50
"77793",-357.649395623012,"OLAM_P036",100
"77794",-0.00299562301370315,"OLAM_P036",25
"77795",-8.53399562300183,"OLAM_P036",50
"77796",4506.01980437699,"OLAM_P036",100
"77797",-0.00299562301370315,"OLAM_P036",25
"77798",-332.571995623002,"OLAM_P036",50
"77799",-1229.55449562302,"OLAM_P036",100
"77800",-0.00299562301370315,"OLAM_P036",25
"77801",-1827.50662562301,"OLAM_P036",50
"77802",-1575.51219562301,"OLAM_P036",100
"77803",-0.00299562301370315,"OLAM_P036",25
"77804",-159.939295623015,"OLAM_P036",50
"77805",-1745.57349562302,"OLAM_P036",100
"77806",-0.00299562301370315,"OLAM_P036",25
"77807",-1816.83554562301,"OLAM_P036",50
"77808",-1258.33779562303,"OLAM_P036",100
"77809",-0.00299562301370315,"OLAM_P036",25
"77810",19.3966043769906,"OLAM_P036",50
"77811",-1879.70149562301,"OLAM_P036",100
"77812",-0.00299562301370315,"OLAM_P036",25
"77813",-1546.312795623,"OLAM_P036",50
"77814",-1836.059045623,"OLAM_P036",100
"77815",-0.00299562301370315,"OLAM_P036",25
"77816",-1704.85399562301,"OLAM_P036",50
"77817",-1009.36329562301,"OLAM_P036",100
"77818",-0.00299562301370315,"OLAM_P036",25
"77819",-273.766465623019,"OLAM_P036",50
"77820",91.0637043769821,"OLAM_P036",100
"77821",-0.00299562301370315,"OLAM_P036",25
"77822",-82.7944956230058,"OLAM_P036",50
"77823",-1963.66794562302,"OLAM_P036",100
"77824",-0.00299562301370315,"OLAM_P036",25
"77825",-1828.703255623,"OLAM_P036",50
"77826",382.995804376988,"OLAM_P036",100
"77827",-0.00299562301370315,"OLAM_P036",25
"77828",-70.0715956230124,"OLAM_P036",50
"77829",6851.071954377,"OLAM_P036",100
"77830",-0.00299562301370315,"OLAM_P036",25
"77831",-839.108995623013,"OLAM_P036",50
"77832",-1374.59512562302,"OLAM_P036",100
"77833",-0.00299562301370315,"OLAM_P036",25
"77834",43613.728004377,"OLAM_P036",50
"77835",-566.721295623021,"OLAM_P036",100
"77836",-0.00299562301370315,"OLAM_P036",25
"77837",-1687.38909562302,"OLAM_P036",50
"77838",913.369494376995,"OLAM_P036",100
"77839",-0.00299562301370315,"OLAM_P036",25
"77840",1193.390004377,"OLAM_P036",50
"77841",-1022.13229562301,"OLAM_P036",100
"77842",-0.00299562301370315,"OLAM_P036",25
"77843",-101.821395623003,"OLAM_P036",50
"77844",-1612.96439562301,"OLAM_P036",100
"77845",-0.00299562301370315,"OLAM_P036",25
"77846",-176.779295623011,"OLAM_P036",50
"77847",-1973.28784562301,"OLAM_P036",100
"77848",-0.00299562301370315,"OLAM_P036",25
"77849",-165.326195622998,"OLAM_P036",50
"77850",-1188.25359562301,"OLAM_P036",100
"77851",-0.00299562301370315,"OLAM_P036",25
"77852",708.463804376981,"OLAM_P036",50
"77853",-1697.452495623,"OLAM_P036",100
"77854",-0.00299562301370315,"OLAM_P036",25
"77855",-301.588345623022,"OLAM_P036",50
"77856",2096.937804377,"OLAM_P036",100
"77857",-0.00299562301370315,"OLAM_P036",25
"77858",-250.107195623015,"OLAM_P036",50
"77859",-1022.35949562301,"OLAM_P036",100
"77860",-0.00299562301370315,"OLAM_P036",25
"77861",-263.351745623018,"OLAM_P036",50
"77862",2373.433604377,"OLAM_P036",100
"77863",-0.00299562301370315,"OLAM_P036",25
"77864",-1779.80929562301,"OLAM_P036",50
"77865",452.453304376977,"OLAM_P036",100
"77866",-0.00299562301370315,"OLAM_P036",25
"77867",-101.821395623003,"OLAM_P036",50
"77868",-1045.020285623,"OLAM_P036",100
"77869",-0.00299562301370315,"OLAM_P036",25
"77870",2307.494804377,"OLAM_P036",50
"77871",-1663.32149562301,"OLAM_P036",100
"77872",-0.00299562301370315,"OLAM_P036",25
"77873",1539.60180437699,"OLAM_P036",50
"77874",3775.328494377,"OLAM_P036",100
"77875",-0.00299562301370315,"OLAM_P036",25
"77876",-273.580785623024,"OLAM_P036",50
"77877",-1422.45459562301,"OLAM_P036",100
"77878",-0.00299562301370315,"OLAM_P036",25
"77879",1474.145004377,"OLAM_P036",50
"77880",-1718.03659562301,"OLAM_P036",100
"77881",-0.00299562301370315,"OLAM_P036",25
"77882",-289.419205623009,"OLAM_P036",50
"77883",-2000.47289562301,"OLAM_P036",100
"77884",-0.00299562301370315,"OLAM_P036",25
"77885",-1268.28429562302,"OLAM_P036",50
"77886",-1755.34049562301,"OLAM_P036",100
"77887",-0.00299562301370315,"OLAM_P036",25
"77888",-239.109895622998,"OLAM_P036",50
"77889",890.192204377003,"OLAM_P036",100
"77890",-0.00299562301370315,"OLAM_P036",25
"77891",-691.747995623009,"OLAM_P036",50
"77892",3741.237404377,"OLAM_P036",100
"77893",-0.00299562301370315,"OLAM_P036",25
"77894",-1776.512495623,"OLAM_P036",50
"77895",1596.94190437699,"OLAM_P036",100
"77896",-0.00299562301370315,"OLAM_P036",25
"77897",-1562.01779562302,"OLAM_P036",50
"77898",-2043.54909562302,"OLAM_P036",100
"77899",-0.00299562301370315,"OLAM_P036",25
"77900",-1751.867895623,"OLAM_P036",50
"77901",-1052.124595623,"OLAM_P036",100
"77902",-0.00299562301370315,"OLAM_P036",25
"77903",-1856.49710562301,"OLAM_P036",50
"77904",-1721.581355623,"OLAM_P036",100
"77905",-0.00299562301370315,"OLAM_P036",25
"77906",1109.73780437699,"OLAM_P036",50
"77907",604.998504376999,"OLAM_P036",100
"77908",-0.00299562301370315,"OLAM_P036",25
"77909",-1827.25026562301,"OLAM_P036",50
"77910",-2042.17114562303,"OLAM_P036",100
"77911",-0.00299562301370315,"OLAM_P036",25
"77912",142.573604376987,"OLAM_P036",50
"77913",4729.13380437699,"OLAM_P036",100
"77914",-0.00299562301370315,"OLAM_P036",25
"77915",-1555.75379562302,"OLAM_P036",50
"77916",-1868.36105562301,"OLAM_P036",100
"77917",-0.00299562301370315,"OLAM_P036",25
"77918",-181.938995623001,"OLAM_P036",50
"77919",3829.58570437698,"OLAM_P036",100
"77920",-0.00299562301370315,"OLAM_P036",25
"77921",180.459304377,"OLAM_P036",50
"77922",-2141.40106562301,"OLAM_P036",100
"77923",-0.00299562301370315,"OLAM_P036",25
"77924",-280.023505623016,"OLAM_P036",50
"77925",-1880.00129562302,"OLAM_P036",100
"77926",-0.00299562301370315,"OLAM_P036",25
"77927",-176.676795623003,"OLAM_P036",50
"77928",-2107.48570562302,"OLAM_P036",100
"77929",-0.00299562301370315,"OLAM_P036",25
"77930",-937.055495623004,"OLAM_P036",50
"77931",-898.787195623008,"OLAM_P036",100
"77932",-0.00299562301370315,"OLAM_P036",25
"77933",71.5705043769849,"OLAM_P036",50
"77934",-1721.581355623,"OLAM_P036",100
"77935",-0.00299562301370315,"OLAM_P036",25
"77936",-1853.44784562301,"OLAM_P036",50
"77937",-916.774105623015,"OLAM_P036",100
"77938",-0.00299562301370315,"OLAM_P036",25
"77939",-1828.703255623,"OLAM_P036",50
"77940",-1534.36719562302,"OLAM_P036",100
"77941",-0.00299562301370315,"OLAM_P036",25
"77942",-1417.30559562301,"OLAM_P036",50
"77943",2716.96630437698,"OLAM_P036",100
"77944",-0.00299562301370315,"OLAM_P036",25
"77945",-1715.01109562302,"OLAM_P036",50
"77946",-1077.71384562302,"OLAM_P036",100
"77947",-0.00299562301370315,"OLAM_P036",25
"77948",-1792.59369562301,"OLAM_P036",50
"77949",-1590.805995623,"OLAM_P036",100
"77950",-0.00299562301370315,"OLAM_P036",25
"77951",-1558.89389562301,"OLAM_P036",50
"77952",1379.26300437699,"OLAM_P036",100
"77953",-0.00299562301370315,"OLAM_P036",25
"77954",-1642.99399562302,"OLAM_P036",50
"77955",-2111.80751562302,"OLAM_P036",100
"77956",-0.00299562301370315,"OLAM_P036",25
"77957",-1767.49089562302,"OLAM_P036",50
"77958",-1318.99439562301,"OLAM_P036",100
"77959",-0.00299562301370315,"OLAM_P036",25
"77960",-163.073395623011,"OLAM_P036",50
"77961",-1143.29509562301,"OLAM_P036",100
"77962",-0.00299562301370315,"OLAM_P036",25
"77963",1220.91180437698,"OLAM_P036",50
"77964",-1632.32985562301,"OLAM_P036",100
"77965",-0.00299562301370315,"OLAM_P036",25
"77966",714.374804377003,"OLAM_P036",50
"77967",-807.058395623026,"OLAM_P036",100
"77968",-0.00299562301370315,"OLAM_P036",25
"77969",-1853.44784562301,"OLAM_P036",50
"77970",-1551.99934562301,"OLAM_P036",100
"77971",-0.00299562301370315,"OLAM_P036",25
"77972",-1704.85399562301,"OLAM_P036",50
"77973",-1487.37419562301,"OLAM_P036",100
"77974",-0.00299562301370315,"OLAM_P036",25
"77975",-1705.14769562302,"OLAM_P036",50
"77976",-857.758895623003,"OLAM_P036",100
"77977",-0.00299562301370315,"OLAM_P036",25
"77978",-62.0167956229998,"OLAM_P036",50
"77979",-1862.701895623,"OLAM_P036",100
"77980",-0.00299562301370315,"OLAM_P036",25
"77981",-226.464995623013,"OLAM_P036",50
"77982",-1615.66709562301,"OLAM_P036",100
"77983",-0.00299562301370315,"OLAM_P036",25
"77984",-1689.02499562301,"OLAM_P036",50
"77985",-2021.05722562302,"OLAM_P036",100
"77986",-0.00299562301370315,"OLAM_P036",25
"77987",-1754.89539562303,"OLAM_P036",50
"77988",-2099.272505623,"OLAM_P036",100
"77989",-0.00299562301370315,"OLAM_P036",25
"77990",-685.377995623014,"OLAM_P036",50
"77991",-1735.14878562302,"OLAM_P036",100
"77992",-0.00299562301370315,"OLAM_P036",25
"77993",-379.578995623015,"OLAM_P036",50
"77994",-2054.89736562301,"OLAM_P036",100
"77995",-0.00299562301370315,"OLAM_P036",25
"77996",136.178204376978,"OLAM_P036",50
"77997",-1941.27284562303,"OLAM_P036",100
"77998",-0.00299562301370315,"OLAM_P036",25
"77999",2698.38380437699,"OLAM_P036",50
"78000",-1777.19744562302,"OLAM_P036",100
